0.09600 4.22400 3 0 0 -1 0 0 0 0 0 0 0 1 0 0 0 0 0 0 0 
1.79200 6.14401 2 0 -1 0 0 0 0 0 0 0 1 0 0 0 0 0 0 0 0 
7.32801 3.93596 2 0 -1 0 0 0 0 0 0 0 1 0 0 0 0 0 0 0 0 
11.93596 3.87195 3 0 0 -1 0 0 0 0 0 0 0 1 0 0 0 0 0 0 0 
14.52792 3.48796 3 0 0 -1 0 0 0 0 0 0 0 1 0 0 0 0 0 0 0 
14.17594 4.41594 2 0 -1 0 0 0 0 0 0 0 1 0 0 0 0 0 0 0 0 
18.49588 3.71195 2 0 -1 0 0 0 0 0 0 0 1 0 0 0 0 0 0 0 0 
19.99986 5.43993 1 -1 0 0 0 0 0 0 0 1 0 0 0 0 0 0 0 0 0 
31.35971 4.03215 4 0 0 0 -1 0 0 0 0 0 0 0 1 0 0 0 0 0 0 
32.22371 4.03219 4 0 0 0 -1 0 0 0 0 0 0 0 1 0 0 0 0 0 0 
29.66373 10.72036 9 0 0 0 0 0 0 0 0 -1 -1 0 0 1 0 0 0 0 0 
41.21613 0.00000 15 0 1 0 0 0 0 0 0 1 0 0 0 -1 0 0 0 0 0 
37.82398 3.74417 2 0 -1 0 0 0 0 0 0 0 1 0 0 0 0 0 0 0 0 
43.87226 4.96023 2 0 -1 0 0 0 0 0 0 0 1 0 0 0 0 0 0 0 0 
49.37652 6.94432 10 0 0 0 0 0 0 0 0 0 0 -1 -1 0 1 0 0 0 0 
50.20855 7.61636 10 0 0 0 0 0 0 0 0 0 0 -1 -1 0 1 0 0 0 0 
70.56072 0.00000 16 0 0 0 1 0 0 0 0 0 0 1 0 0 1 0 0 0 0 
70.24075 9.66330 9 0 0 0 0 0 0 0 0 -1 -1 0 0 1 0 0 0 0 0 
76.22431 5.56760 4 0 0 0 -1 0 0 0 0 0 0 0 1 0 0 0 0 0 0 
79.93605 12.35110 13 0 0 0 0 0 0 0 0 0 -1 0 0 -1 0 0 0 1 0 
96.44685 5.88757 1 -1 0 0 0 0 0 0 0 1 0 0 0 0 0 0 0 0 0 
116.76537 4.99164 4 0 0 0 -1 0 0 0 0 0 0 0 1 0 0 0 0 0 0 
127.80457 4.67167 1 -1 0 0 0 0 0 0 0 1 0 0 0 0 0 0 0 0 0 
145.33931 9.47131 10 0 0 0 0 0 0 0 0 0 0 -1 -1 0 1 0 0 0 0 
161.81812 5.88757 2 0 -1 0 0 0 0 0 0 0 1 0 0 0 0 0 0 0 0 
168.88960 8.22340 9 0 0 0 0 0 0 0 0 -1 -1 0 0 1 0 0 0 0 0 
181.04872 0.00000 15 0 1 0 0 0 0 0 0 1 0 0 0 -1 0 0 0 0 0 
187.16028 11.19919 10 0 0 0 0 0 0 0 0 0 0 -1 -1 0 1 0 0 0 0 
187.89622 10.75122 9 0 0 0 0 0 0 0 0 -1 -1 0 0 1 0 0 0 0 0 
200.88728 3.71173 2 0 -1 0 0 0 0 0 0 0 1 0 0 0 0 0 0 0 0 
205.52695 11.19919 13 0 0 0 0 0 0 0 0 0 -1 0 0 -1 0 0 0 1 0 
239.12451 8.92735 9 0 0 0 0 0 0 0 0 -1 -1 0 0 1 0 0 0 0 0 
248.08386 11.52087 11 0 0 0 0 0 0 0 0 0 0 0 0 -1 -1 1 0 0 0 
260.24500 0.00000 16 0 0 0 1 0 0 0 0 0 0 1 0 0 1 0 0 0 0 
262.32584 0.00000 19 0 1 0 0 0 0 0 0 0 0 0 0 1 0 0 0 -1 0 
265.17499 4.64188 4 0 0 0 -1 0 0 0 0 0 0 0 1 0 0 0 0 0 0 
281.91776 0.00000 15 0 1 0 0 0 0 0 0 1 0 0 0 -1 0 0 0 0 0 
278.68445 10.24414 10 0 0 0 0 0 0 0 0 0 0 -1 -1 0 1 0 0 0 0 
284.83093 4.64188 2 0 -1 0 0 0 0 0 0 0 1 0 0 0 0 0 0 0 0 
293.82657 11.49265 9 0 0 0 0 0 0 0 0 -1 -1 0 0 1 0 0 0 0 0 
320.49335 0.00000 16 0 0 0 1 0 0 0 0 0 0 1 0 0 1 0 0 0 0 
334.73911 0.00000 16 0 0 0 1 0 0 0 0 0 0 1 0 0 1 0 0 0 0 
337.94040 0.00000 19 0 1 0 0 0 0 0 0 0 0 0 0 1 0 0 0 -1 0 
339.95721 0.00000 15 0 1 0 0 0 0 0 0 1 0 0 0 -1 0 0 0 0 0 
351.57791 3.52142 2 0 -1 0 0 0 0 0 0 0 1 0 0 0 0 0 0 0 0 
355.22739 3.74551 2 0 -1 0 0 0 0 0 0 0 1 0 0 0 0 0 0 0 0 
366.04776 2.56104 2 0 -1 0 0 0 0 0 0 0 1 0 0 0 0 0 0 0 0 
368.92892 9.47583 12 0 0 0 0 0 0 0 0 0 -1 0 0 0 0 -1 1 0 0 
394.92343 4.67389 4 0 0 0 -1 0 0 0 0 0 0 0 1 0 0 0 0 0 0 
398.22076 8.80356 9 0 0 0 0 0 0 0 0 -1 -1 0 0 1 0 0 0 0 0 
408.40088 0.00000 15 0 1 0 0 0 0 0 0 1 0 0 0 -1 0 0 0 0 0 
420.78989 0.00000 15 0 1 0 0 0 0 0 0 1 0 0 0 -1 0 0 0 0 0 
423.06281 0.00000 18 0 1 0 0 0 0 0 0 0 0 0 0 0 0 1 -1 0 0 
449.28140 4.38577 2 0 -1 0 0 0 0 0 0 0 1 0 0 0 0 0 0 0 0 
506.07236 10.62381 12 0 0 0 0 0 0 0 0 0 -1 0 0 0 0 -1 1 0 0 
539.24377 7.99561 10 0 0 0 0 0 0 0 0 0 0 -1 -1 0 1 0 0 0 0 
550.21375 0.00000 18 0 1 0 0 0 0 0 0 0 0 0 0 0 0 1 -1 0 0 
603.24060 3.90186 2 0 -1 0 0 0 0 0 0 0 1 0 0 0 0 0 0 0 0 
646.76868 0.00000 16 0 0 0 1 0 0 0 0 0 0 1 0 0 1 0 0 0 0 
646.80066 8.12354 12 0 0 0 0 0 0 0 0 0 -1 0 0 0 0 -1 1 0 0 
671.36316 0.00000 18 0 1 0 0 0 0 0 0 0 0 0 0 0 0 1 -1 0 0 
702.70593 6.23657 4 0 0 0 -1 0 0 0 0 0 0 0 1 0 0 0 0 0 0 
881.80750 7.41992 12 0 0 0 0 0 0 0 0 0 -1 0 0 0 0 -1 1 0 0 
909.40833 0.00000 18 0 1 0 0 0 0 0 0 0 0 0 0 0 0 1 -1 0 0 
912.60657 7.35596 10 0 0 0 0 0 0 0 0 0 0 -1 -1 0 1 0 0 0 0 
929.10950 5.14917 2 0 -1 0 0 0 0 0 0 0 1 0 0 0 0 0 0 0 0 
934.29065 9.94653 12 0 0 0 0 0 0 0 0 0 -1 0 0 0 0 -1 1 0 0 
939.27991 7.13208 9 0 0 0 0 0 0 0 0 -1 -1 0 0 1 0 0 0 0 0 
948.87463 0.00000 18 0 1 0 0 0 0 0 0 0 0 0 0 0 0 1 -1 0 0 
951.14539 5.43701 2 0 -1 0 0 0 0 0 0 0 1 0 0 0 0 0 0 0 0 
962.72302 9.05103 12 0 0 0 0 0 0 0 0 0 -1 0 0 0 0 -1 1 0 0 
1021.47473 0.00000 15 0 1 0 0 0 0 0 0 1 0 0 0 -1 0 0 0 0 0 
1030.62170 0.00000 18 0 1 0 0 0 0 0 0 0 0 0 0 0 0 1 -1 0 0 
1040.82410 5.62891 2 0 -1 0 0 0 0 0 0 0 1 0 0 0 0 0 0 0 0 
1047.79626 0.00000 17 0 0 0 0 1 0 0 0 0 0 0 0 0 1 -1 0 0 0 
1068.48889 8.02759 9 0 0 0 0 0 0 0 0 -1 -1 0 0 1 0 0 0 0 0 
1079.36292 4.12573 5 0 0 0 0 -1 0 0 0 0 0 0 0 1 0 0 0 0 0 
1087.96619 0.00000 15 0 1 0 0 0 0 0 0 1 0 0 0 -1 0 0 0 0 0 
1083.55261 5.27710 2 0 -1 0 0 0 0 0 0 0 1 0 0 0 0 0 0 0 0 
1096.08972 0.00000 15 0 1 0 0 0 0 0 0 1 0 0 0 -1 0 0 0 0 0 
1115.82288 5.53296 2 0 -1 0 0 0 0 0 0 0 1 0 0 0 0 0 0 0 0 
1136.80334 8.95508 9 0 0 0 0 0 0 0 0 -1 -1 0 0 1 0 0 0 0 0 
1145.79041 9.01904 11 0 0 0 0 0 0 0 0 0 0 0 0 -1 -1 1 0 0 0 
1191.78113 0.00000 16 0 0 0 1 0 0 0 0 0 0 1 0 0 1 0 0 0 0 
