0.09600 2.94400 1 -1 0 0 0 0 0 0 0 1 0 0 0 0 0 0 0 0 0 
0.80000 4.86401 4 0 0 0 -1 0 0 0 0 0 0 0 1 0 0 0 0 0 0 
1.60000 4.09601 3 0 0 -1 0 0 0 0 0 0 0 1 0 0 0 0 0 0 0 
0.67200 5.08801 2 0 -1 0 0 0 0 0 0 0 1 0 0 0 0 0 0 0 0 
0.73600 6.49601 2 0 -1 0 0 0 0 0 0 0 1 0 0 0 0 0 0 0 0 
3.10400 5.08801 4 0 0 0 -1 0 0 0 0 0 0 0 1 0 0 0 0 0 0 
6.68801 2.94398 3 0 0 -1 0 0 0 0 0 0 0 1 0 0 0 0 0 0 0 
14.62392 4.31995 4 0 0 0 -1 0 0 0 0 0 0 0 1 0 0 0 0 0 0 
17.95188 2.62397 2 0 -1 0 0 0 0 0 0 0 1 0 0 0 0 0 0 0 0 
28.86374 4.00000 2 0 -1 0 0 0 0 0 0 0 1 0 0 0 0 0 0 0 0 
44.35228 3.96819 3 0 0 -1 0 0 0 0 0 0 0 1 0 0 0 0 0 0 0 
39.74406 10.20848 9 0 0 0 0 0 0 0 0 -1 -1 0 0 1 0 0 0 0 0 
49.98454 5.98428 2 0 -1 0 0 0 0 0 0 0 1 0 0 0 0 0 0 0 0 
56.73686 7.80830 10 0 0 0 0 0 0 0 0 0 0 -1 -1 0 1 0 0 0 0 
56.03283 12.09607 13 0 0 0 0 0 0 0 0 0 -1 0 0 -1 0 0 0 1 0 
62.46513 9.85547 10 0 0 0 0 0 0 0 0 0 0 -1 -1 0 1 0 0 0 0 
69.53680 6.30354 1 -1 0 0 0 0 0 0 0 1 0 0 0 0 0 0 0 0 0 
75.39236 4.06371 2 0 -1 0 0 0 0 0 0 0 1 0 0 0 0 0 0 0 0 
75.90433 6.27155 9 0 0 0 0 0 0 0 0 -1 -1 0 0 1 0 0 0 0 0 
83.39179 0.00000 16 0 0 0 1 0 0 0 0 0 0 1 0 0 1 0 0 0 0 
88.06345 0.00000 19 0 1 0 0 0 0 0 0 0 0 0 0 1 0 0 0 -1 0 
88.22345 5.59959 4 0 0 0 -1 0 0 0 0 0 0 0 1 0 0 0 0 0 0 
82.23988 12.83107 13 0 0 0 0 0 0 0 0 0 -1 0 0 -1 0 0 0 1 0 
98.94267 4.73566 2 0 -1 0 0 0 0 0 0 0 1 0 0 0 0 0 0 0 0 
99.35863 7.99942 10 0 0 0 0 0 0 0 0 0 0 -1 -1 0 1 0 0 0 0 
111.58175 0.00000 19 0 1 0 0 0 0 0 0 0 0 0 0 1 0 0 0 -1 0 
119.03721 0.00000 15 0 1 0 0 0 0 0 0 1 0 0 0 -1 0 0 0 0 0 
111.64574 8.28740 13 0 0 0 0 0 0 0 0 0 -1 0 0 -1 0 0 0 1 0 
123.29290 3.61574 2 0 -1 0 0 0 0 0 0 0 1 0 0 0 0 0 0 0 0 
158.90633 7.58345 14 0 0 0 0 0 0 0 0 0 0 0 0 0 -1 0 0 -1 1 
163.22601 4.44768 2 0 -1 0 0 0 0 0 0 0 1 0 0 0 0 0 0 0 0 
184.60046 0.00000 16 0 0 0 1 0 0 0 0 0 0 1 0 0 1 0 0 0 0 
185.94437 7.87143 9 0 0 0 0 0 0 0 0 -1 -1 0 0 1 0 0 0 0 0 
205.59094 4.19170 1 -1 0 0 0 0 0 0 0 1 0 0 0 0 0 0 0 0 0 
215.44623 10.49524 10 0 0 0 0 0 0 0 0 0 0 -1 -1 0 1 0 0 0 0 
267.70401 3.87357 4 0 0 0 -1 0 0 0 0 0 0 0 1 0 0 0 0 0 0 
272.24985 0.00000 16 0 0 0 1 0 0 0 0 0 0 1 0 0 1 0 0 0 0 
271.60959 10.78836 10 0 0 0 0 0 0 0 0 0 0 -1 -1 0 1 0 0 0 0 
292.70612 7.65109 9 0 0 0 0 0 0 0 0 -1 -1 0 0 1 0 0 0 0 0 
300.42123 10.59628 11 0 0 0 0 0 0 0 0 0 0 0 0 -1 -1 1 0 0 0 
328.36853 7.87518 12 0 0 0 0 0 0 0 0 0 -1 0 0 0 0 -1 1 0 0 
335.15527 5.12207 4 0 0 0 -1 0 0 0 0 0 0 0 1 0 0 0 0 0 0 
372.13022 0.00000 18 0 1 0 0 0 0 0 0 0 0 0 0 0 0 1 -1 0 0 
393.35480 5.31415 2 0 -1 0 0 0 0 0 0 0 1 0 0 0 0 0 0 0 0 
409.23322 7.36298 12 0 0 0 0 0 0 0 0 0 -1 0 0 0 0 -1 1 0 0 
434.23532 0.00000 18 0 1 0 0 0 0 0 0 0 0 0 0 0 0 1 -1 0 0 
434.29935 10.37219 12 0 0 0 0 0 0 0 0 0 -1 0 0 0 0 -1 1 0 0 
444.70355 2.30493 2 0 -1 0 0 0 0 0 0 0 1 0 0 0 0 0 0 0 0 
458.94931 7.71512 10 0 0 0 0 0 0 0 0 0 0 -1 -1 0 1 0 0 0 0 
511.35449 0.00000 18 0 1 0 0 0 0 0 0 0 0 0 0 0 0 1 -1 0 0 
692.85535 0.00000 16 0 0 0 1 0 0 0 0 0 0 1 0 0 1 0 0 0 0 
710.02991 0.00000 17 0 0 0 0 1 0 0 0 0 0 0 0 0 1 -1 0 0 0 
718.05750 15.28760 5 0 0 0 0 -1 0 0 0 0 0 0 0 1 0 0 0 0 0 
729.21936 4.15771 5 0 0 0 0 -1 0 0 0 0 0 0 0 1 0 0 0 0 0 
744.82678 0.00000 16 0 0 0 1 0 0 0 0 0 0 1 0 0 1 0 0 0 0 
777.92859 4.79736 4 0 0 0 -1 0 0 0 0 0 0 0 1 0 0 0 0 0 0 
786.46790 6.62036 10 0 0 0 0 0 0 0 0 0 0 -1 -1 0 1 0 0 0 0 
805.01770 0.00000 16 0 0 0 1 0 0 0 0 0 0 1 0 0 1 0 0 0 0 
833.64197 5.37305 4 0 0 0 -1 0 0 0 0 0 0 0 1 0 0 0 0 0 0 
876.91418 2.87842 4 0 0 0 -1 0 0 0 0 0 0 0 1 0 0 0 0 0 0 
929.97302 9.81860 10 0 0 0 0 0 0 0 0 0 0 -1 -1 0 1 0 0 0 0 
1002.31726 9.43481 10 0 0 0 0 0 0 0 0 0 0 -1 -1 0 1 0 0 0 0 
1167.89026 0.00000 16 0 0 0 1 0 0 0 0 0 0 1 0 0 1 0 0 0 0 
1167.89026 3.32617 4 0 0 0 -1 0 0 0 0 0 0 0 1 0 0 0 0 0 0 
