0.09600 3.00800 3 0 0 -1 0 0 0 0 0 0 0 1 0 0 0 0 0 0 0 
0.64000 4.03200 3 0 0 -1 0 0 0 0 0 0 0 1 0 0 0 0 0 0 0 
0.09600 5.37601 2 0 -1 0 0 0 0 0 0 0 1 0 0 0 0 0 0 0 0 
0.09600 6.04801 2 0 -1 0 0 0 0 0 0 0 1 0 0 0 0 0 0 0 0 
2.14400 4.44801 2 0 -1 0 0 0 0 0 0 0 1 0 0 0 0 0 0 0 0 
5.76000 4.47998 4 0 0 0 -1 0 0 0 0 0 0 0 1 0 0 0 0 0 0 
7.42401 6.75192 4 0 0 0 -1 0 0 0 0 0 0 0 1 0 0 0 0 0 0 
15.16792 2.23997 2 0 -1 0 0 0 0 0 0 0 1 0 0 0 0 0 0 0 0 
14.20793 5.08794 1 -1 0 0 0 0 0 0 0 1 0 0 0 0 0 0 0 0 0 
17.34389 4.57594 1 -1 0 0 0 0 0 0 0 1 0 0 0 0 0 0 0 0 0 
25.56778 4.25595 2 0 -1 0 0 0 0 0 0 0 1 0 0 0 0 0 0 0 0 
19.35986 12.03185 9 0 0 0 0 0 0 0 0 -1 -1 0 0 1 0 0 0 0 0 
36.83193 4.73622 3 0 0 -1 0 0 0 0 0 0 0 1 0 0 0 0 0 0 0 
40.48010 8.35239 10 0 0 0 0 0 0 0 0 0 0 -1 -1 0 1 0 0 0 0 
47.90445 7.52035 9 0 0 0 0 0 0 0 0 -1 -1 0 0 1 0 0 0 0 0 
52.22465 9.50444 13 0 0 0 0 0 0 0 0 0 -1 0 0 -1 0 0 0 1 0 
68.54486 5.02364 4 0 0 0 -1 0 0 0 0 0 0 0 1 0 0 0 0 0 0 
87.42350 2.84779 2 0 -1 0 0 0 0 0 0 0 1 0 0 0 0 0 0 0 0 
84.57571 9.27933 10 0 0 0 0 0 0 0 0 0 0 -1 -1 0 1 0 0 0 0 
125.62873 6.87951 11 0 0 0 0 0 0 0 0 0 0 0 0 -1 -1 1 0 0 0 
152.92276 4.41568 1 -1 0 0 0 0 0 0 0 1 0 0 0 0 0 0 0 0 0 
157.37044 10.07927 9 0 0 0 0 0 0 0 0 -1 -1 0 0 1 0 0 0 0 0 
167.48170 8.83136 11 0 0 0 0 0 0 0 0 0 0 0 0 -1 -1 1 0 0 0 
236.21272 0.00000 17 0 0 0 0 1 0 0 0 0 0 0 0 0 1 -1 0 0 0 
232.56499 10.52724 12 0 0 0 0 0 0 0 0 0 -1 0 0 0 0 -1 1 0 0 
286.14346 3.90558 5 0 0 0 0 -1 0 0 0 0 0 0 0 1 0 0 0 0 0 
298.02026 9.09167 13 0 0 0 0 0 0 0 0 0 -1 0 0 -1 0 0 0 1 0 
342.61429 0.00000 16 0 0 0 1 0 0 0 0 0 0 1 0 0 -1 0 0 0 0 
349.17694 2.62506 4 0 0 0 -1 0 0 0 0 0 0 0 1 0 0 0 0 0 0 
347.03207 8.00323 10 0 0 0 0 0 0 0 0 0 0 -1 -1 0 1 0 0 0 0 
391.04987 9.66791 10 0 0 0 0 0 0 0 0 0 0 -1 -1 0 1 0 0 0 0 
440.28577 9.15570 14 0 0 0 0 0 0 0 0 0 0 0 0 0 -1 0 0 -1 1 
463.87930 6.69070 14 0 0 0 0 0 0 0 0 0 0 0 0 0 -1 0 0 -1 1 
508.21722 0.00000 20 0 0 0 0 0 1 0 0 0 0 0 0 0 0 0 0 1 -1 
532.78333 4.22168 6 0 0 0 0 0 -1 0 0 0 0 0 0 0 1 0 0 0 0 
543.62537 0.00000 20 0 0 0 0 0 1 0 0 0 0 0 0 0 0 0 0 1 -1 
545.03259 4.76538 6 0 0 0 0 0 -1 0 0 0 0 0 0 0 1 0 0 0 0 
545.28845 9.11499 14 0 0 0 0 0 0 0 0 0 0 0 0 0 -1 0 0 -1 1 
549.82996 10.20239 14 0 0 0 0 0 0 0 0 0 0 0 0 0 -1 0 0 -1 1 
660.42517 0.00000 20 0 0 0 0 0 1 0 0 0 0 0 0 0 0 0 0 1 -1 
707.08752 5.11719 6 0 0 0 0 0 -1 0 0 0 0 0 0 0 1 0 0 0 0 
758.54724 7.32397 14 0 0 0 0 0 0 0 0 0 0 0 0 0 -1 0 0 -1 1 
814.29260 0.00000 20 0 0 0 0 0 1 0 0 0 0 0 0 0 0 0 0 1 -1 
886.15710 3.80591 6 0 0 0 0 0 -1 0 0 0 0 0 0 0 1 0 0 0 0 
1153.11438 0.00000 19 0 1 0 0 0 0 0 0 0 0 0 0 1 0 0 0 -1 0 
1156.63245 0.00000 16 0 0 0 1 0 0 0 0 0 0 1 0 0 -1 0 0 0 0 
1163.25281 0.00000 15 0 1 0 0 0 0 0 0 1 0 0 0 -1 0 0 0 0 0 
1171.72815 4.12573 4 0 0 0 -1 0 0 0 0 0 0 0 1 0 0 0 0 0 0 
1177.45300 4.31763 2 0 -1 0 0 0 0 0 0 0 1 0 0 0 0 0 0 0 0 
1213.78503 2.59058 2 0 -1 0 0 0 0 0 0 0 1 0 0 0 0 0 0 0 0 
1238.44348 0.00000 20 0 0 0 0 0 1 0 0 0 0 0 0 0 0 0 0 1 -1 
1249.79724 4.86133 6 0 0 0 0 0 -1 0 0 0 0 0 0 0 1 0 0 0 0 
1278.90125 0.00000 16 0 0 0 1 0 0 0 0 0 0 1 0 0 -1 0 0 0 0 
1289.19958 8.25146 10 0 0 0 0 0 0 0 0 0 0 -1 -1 0 1 0 0 0 0 
1303.91150 4.44556 4 0 0 0 -1 0 0 0 0 0 0 0 1 0 0 0 0 0 0 
1318.49548 8.15552 9 0 0 0 0 0 0 0 0 -1 -1 0 0 1 0 0 0 0 0 
1343.31384 0.00000 16 0 0 0 1 0 0 0 0 0 0 1 0 0 -1 0 0 0 0 
1341.74670 8.02759 10 0 0 0 0 0 0 0 0 0 0 -1 -1 0 1 0 0 0 0 
1345.32874 9.75464 13 0 0 0 0 0 0 0 0 0 -1 0 0 -1 0 0 0 1 0 
1359.75281 4.25366 4 0 0 0 -1 0 0 0 0 0 0 0 1 0 0 0 0 0 0 
1358.82532 8.41138 14 0 0 0 0 0 0 0 0 0 0 0 0 0 -1 0 0 -1 1 
1367.10876 7.54785 10 0 0 0 0 0 0 0 0 0 0 -1 -1 0 1 0 0 0 0 
1375.36023 0.00000 16 0 0 0 1 0 0 0 0 0 0 1 0 0 -1 0 0 0 0 
1382.17249 0.00000 20 0 0 0 0 0 1 0 0 0 0 0 0 0 0 0 0 1 -1 
1392.05505 4.82935 4 0 0 0 -1 0 0 0 0 0 0 0 1 0 0 0 0 0 0 
1409.26160 4.09375 6 0 0 0 0 0 -1 0 0 0 0 0 0 0 1 0 0 0 0 
1455.31628 0.00000 19 0 1 0 0 0 0 0 0 0 0 0 0 1 0 0 0 -1 0 
1450.67883 7.80371 14 0 0 0 0 0 0 0 0 0 0 0 0 0 -1 0 0 -1 1 
1461.64880 0.00000 20 0 0 0 0 0 1 0 0 0 0 0 0 0 0 0 0 1 -1 
1470.63586 7.67578 10 0 0 0 0 0 0 0 0 0 0 -1 -1 0 1 0 0 0 0 
1508.40710 2.52661 2 0 -1 0 0 0 0 0 0 0 1 0 0 0 0 0 0 0 0 
1509.62244 9.05103 14 0 0 0 0 0 0 0 0 0 0 0 0 0 -1 0 0 -1 1 
1512.34094 7.99561 13 0 0 0 0 0 0 0 0 0 -1 0 0 -1 0 0 0 1 0 
1645.16394 0.00000 20 0 0 0 0 0 1 0 0 0 0 0 0 0 0 0 0 1 -1 
1705.03503 2.01489 6 0 0 0 0 0 -1 0 0 0 0 0 0 0 1 0 0 0 0 
1707.36975 0.00000 19 0 1 0 0 0 0 0 0 0 0 0 0 1 0 0 0 -1 0 
1720.99426 4.28564 2 0 -1 0 0 0 0 0 0 0 1 0 0 0 0 0 0 0 0 
