1.69600 4.38401 1 -1 0 0 0 0 0 0 0 1 0 0 0 0 0 0 0 0 0 
0.09600 6.20801 4 0 0 0 -1 0 0 0 0 0 0 0 1 0 0 0 0 0 0 
0.09600 6.46401 1 -1 0 0 0 0 0 0 0 1 0 0 0 0 0 0 0 0 0 
0.09600 6.68801 4 0 0 0 -1 0 0 0 0 0 0 0 1 0 0 0 0 0 0 
14.52793 4.83194 2 0 -1 0 0 0 0 0 0 0 1 0 0 0 0 0 0 0 0 
14.52793 5.31193 2 0 -1 0 0 0 0 0 0 0 1 0 0 0 0 0 0 0 0 
16.73590 4.86394 4 0 0 0 -1 0 0 0 0 0 0 0 1 0 0 0 0 0 0 
18.33588 4.47994 1 -1 0 0 0 0 0 0 0 1 0 0 0 0 0 0 0 0 0 
24.57580 6.11192 3 0 0 -1 0 0 0 0 0 0 0 1 0 0 0 0 0 0 0 
23.13582 8.99189 9 0 0 0 0 0 0 0 0 -1 -1 0 0 1 0 0 0 0 0 
27.51976 5.37598 2 0 -1 0 0 0 0 0 0 0 1 0 0 0 0 0 0 0 0 
29.82373 5.50413 2 0 -1 0 0 0 0 0 0 0 1 0 0 0 0 0 0 0 0 
37.85598 0.00000 15 0 1 0 0 0 0 0 0 1 0 0 0 -1 0 0 0 0 0 
34.62382 5.28025 2 0 -1 0 0 0 0 0 0 0 1 0 0 0 0 0 0 0 0 
40.25609 10.49649 10 0 0 0 0 0 0 0 0 0 0 -1 -1 0 1 0 0 0 0 
44.73629 6.11229 3 0 0 -1 0 0 0 0 0 0 0 1 0 0 0 0 0 0 0 
45.12031 7.64836 9 0 0 0 0 0 0 0 0 -1 -1 0 0 1 0 0 0 0 0 
47.23241 8.28839 9 0 0 0 0 0 0 0 0 -1 -1 0 0 1 0 0 0 0 0 
50.78458 5.37625 3 0 0 -1 0 0 0 0 0 0 0 1 0 0 0 0 0 0 0 
56.25684 0.00000 15 0 1 0 0 0 0 0 0 1 0 0 0 -1 0 0 0 0 0 
61.56908 0.00000 16 0 0 0 1 0 0 0 0 0 0 1 0 0 -1 0 0 0 0 
56.64085 10.49612 9 0 0 0 0 0 0 0 0 -1 -1 0 0 1 0 0 0 0 0 
70.52873 4.63966 2 0 -1 0 0 0 0 0 0 0 1 0 0 0 0 0 0 0 0 
80.95997 0.00000 15 0 1 0 0 0 0 0 0 1 0 0 0 -1 0 0 0 0 0 
74.43243 11.51917 10 0 0 0 0 0 0 0 0 0 0 -1 -1 0 1 0 0 0 0 
81.24795 4.83165 2 0 -1 0 0 0 0 0 0 0 1 0 0 0 0 0 0 0 0 
90.68727 4.76765 2 0 -1 0 0 0 0 0 0 0 1 0 0 0 0 0 0 0 0 
86.14359 10.36725 13 0 0 0 0 0 0 0 0 0 -1 0 0 -1 0 0 0 1 0 
107.90202 6.07956 4 0 0 0 -1 0 0 0 0 0 0 0 1 0 0 0 0 0 0 
109.78988 7.83943 10 0 0 0 0 0 0 0 0 0 0 -1 -1 0 1 0 0 0 0 
119.67716 0.00000 16 0 0 0 1 0 0 0 0 0 0 1 0 0 -1 0 0 0 0 
128.22055 0.00000 16 0 0 0 1 0 0 0 0 0 0 1 0 0 -1 0 0 0 0 
119.74115 8.99136 10 0 0 0 0 0 0 0 0 0 0 -1 -1 0 1 0 0 0 0 
126.36468 5.08764 2 0 -1 0 0 0 0 0 0 0 1 0 0 0 0 0 0 0 0 
131.48431 12.38310 9 0 0 0 0 0 0 0 0 -1 -1 0 0 1 0 0 0 0 0 
163.89796 0.00000 15 0 1 0 0 0 0 0 0 1 0 0 0 -1 0 0 0 0 0 
179.22485 4.63966 4 0 0 0 -1 0 0 0 0 0 0 0 1 0 0 0 0 0 0 
179.28885 10.27126 9 0 0 0 0 0 0 0 0 -1 -1 0 0 1 0 0 0 0 0 
196.40761 0.00000 16 0 0 0 1 0 0 0 0 0 0 1 0 0 -1 0 0 0 0 
198.58345 8.99135 10 0 0 0 0 0 0 0 0 0 0 -1 -1 0 1 0 0 0 0 
205.81493 4.25569 4 0 0 0 -1 0 0 0 0 0 0 0 1 0 0 0 0 0 0 
211.86249 10.75122 10 0 0 0 0 0 0 0 0 0 0 -1 -1 0 1 0 0 0 0 
224.94954 10.49524 11 0 0 0 0 0 0 0 0 0 0 0 0 -1 -1 1 0 0 0 
254.35541 4.28894 2 0 -1 0 0 0 0 0 0 0 1 0 0 0 0 0 0 0 0 
268.69641 4.64188 4 0 0 0 -1 0 0 0 0 0 0 0 1 0 0 0 0 0 0 
265.27103 11.81277 9 0 0 0 0 0 0 0 0 -1 -1 0 0 1 0 0 0 0 0 
286.84775 0.00000 16 0 0 0 1 0 0 0 0 0 0 1 0 0 -1 0 0 0 0 
310.76141 0.00000 15 0 1 0 0 0 0 0 0 1 0 0 0 -1 0 0 0 0 0 
332.75430 5.18610 2 0 -1 0 0 0 0 0 0 0 1 0 0 0 0 0 0 0 0 
333.77872 5.69830 4 0 0 0 -1 0 0 0 0 0 0 0 1 0 0 0 0 0 0 
362.55835 8.22733 12 0 0 0 0 0 0 0 0 0 -1 0 0 0 0 -1 1 0 0 
370.14542 7.36298 10 0 0 0 0 0 0 0 0 0 0 -1 -1 0 1 0 0 0 0 
375.87573 11.39661 9 0 0 0 0 0 0 0 0 -1 -1 0 0 1 0 0 0 0 0 
437.69272 0.00000 15 0 1 0 0 0 0 0 0 1 0 0 0 -1 0 0 0 0 0 
457.57275 4.06564 2 0 -1 0 0 0 0 0 0 0 1 0 0 0 0 0 0 0 0 
469.16144 0.00000 16 0 0 0 1 0 0 0 0 0 0 1 0 0 -1 0 0 0 0 
504.08755 9.25046 9 0 0 0 0 0 0 0 0 -1 -1 0 0 1 0 0 0 0 0 
562.94275 9.53076 13 0 0 0 0 0 0 0 0 0 -1 0 0 -1 0 0 0 1 0 
612.96326 4.22168 4 0 0 0 -1 0 0 0 0 0 0 0 1 0 0 0 0 0 0 
627.93103 11.00195 10 0 0 0 0 0 0 0 0 0 0 -1 -1 0 1 0 0 0 0 
650.67053 8.85913 14 0 0 0 0 0 0 0 0 0 0 0 0 0 -1 0 0 -1 1 
720.80798 0.00000 19 0 1 0 0 0 0 0 0 0 0 0 0 1 0 0 0 -1 0 
733.50500 4.60547 2 0 -1 0 0 0 0 0 0 0 1 0 0 0 0 0 0 0 0 
866.23206 0.00000 20 0 0 0 0 0 1 0 0 0 0 0 0 0 0 0 0 1 -1 
889.83508 0.00000 15 0 1 0 0 0 0 0 0 1 0 0 0 -1 0 0 0 0 0 
896.03967 4.31763 6 0 0 0 0 0 -1 0 0 0 0 0 0 0 1 0 0 0 0 
907.68127 7.51587 14 0 0 0 0 0 0 0 0 0 0 0 0 0 -1 0 0 -1 1 
944.74890 5.85278 2 0 -1 0 0 0 0 0 0 0 1 0 0 0 0 0 0 0 0 
964.67395 10.23438 9 0 0 0 0 0 0 0 0 -1 -1 0 0 1 0 0 0 0 0 
1051.12244 0.00000 15 0 1 0 0 0 0 0 0 1 0 0 0 -1 0 0 0 0 0 
1078.62732 3.67798 2 0 -1 0 0 0 0 0 0 0 1 0 0 0 0 0 0 0 0 
1279.86072 12.28125 9 0 0 0 0 0 0 0 0 -1 -1 0 0 1 0 0 0 0 0 
1322.62122 0.00000 20 0 0 0 0 0 1 0 0 0 0 0 0 0 0 0 0 1 -1 
1324.66809 11.28979 13 0 0 0 0 0 0 0 0 0 -1 0 0 -1 0 0 0 1 0 
1343.05798 1.82300 6 0 0 0 0 0 -1 0 0 0 0 0 0 0 1 0 0 0 0 
1427.81140 8.89111 14 0 0 0 0 0 0 0 0 0 0 0 0 0 -1 0 0 -1 1 
1765.44983 0.00000 20 0 0 0 0 0 1 0 0 0 0 0 0 0 0 0 0 1 -1 
