0.09600 3.55200 2 0 -1 0 0 0 0 0 0 0 1 0 0 0 0 0 0 0 0 
0.89600 4.64001 1 -1 0 0 0 0 0 0 0 1 0 0 0 0 0 0 0 0 0 
0.09600 6.59201 4 0 0 0 -1 0 0 0 0 0 0 0 1 0 0 0 0 0 0 
5.82401 4.06398 2 0 -1 0 0 0 0 0 0 0 1 0 0 0 0 0 0 0 0 
6.65601 6.20794 4 0 0 0 -1 0 0 0 0 0 0 0 1 0 0 0 0 0 0 
8.16000 5.82393 2 0 -1 0 0 0 0 0 0 0 1 0 0 0 0 0 0 0 0 
14.52792 2.78397 1 -1 0 0 0 0 0 0 0 1 0 0 0 0 0 0 0 0 0 
11.90396 5.50393 1 -1 0 0 0 0 0 0 0 1 0 0 0 0 0 0 0 0 0 
20.89585 5.24793 4 0 0 0 -1 0 0 0 0 0 0 0 1 0 0 0 0 0 0 
16.35190 10.27187 9 0 0 0 0 0 0 0 0 -1 -1 0 0 1 0 0 0 0 0 
29.53573 4.12805 2 0 -1 0 0 0 0 0 0 0 1 0 0 0 0 0 0 0 0 
28.99174 4.92805 3 0 0 -1 0 0 0 0 0 0 0 1 0 0 0 0 0 0 0 
43.45624 10.01647 13 0 0 0 0 0 0 0 0 0 -1 0 0 -1 0 0 0 1 0 
63.39317 4.38375 3 0 0 -1 0 0 0 0 0 0 0 1 0 0 0 0 0 0 0 
76.32031 5.72758 3 0 0 -1 0 0 0 0 0 0 0 1 0 0 0 0 0 0 0 
82.65585 2.59181 2 0 -1 0 0 0 0 0 0 0 1 0 0 0 0 0 0 0 0 
88.47942 8.57538 9 0 0 0 0 0 0 0 0 -1 -1 0 0 1 0 0 0 0 0 
89.15137 7.96742 9 0 0 0 0 0 0 0 0 -1 -1 0 0 1 0 0 0 0 0 
97.88674 7.19948 10 0 0 0 0 0 0 0 0 0 0 -1 -1 0 1 0 0 0 0 
97.11880 14.43095 13 0 0 0 0 0 0 0 0 0 -1 0 0 -1 0 0 0 1 0 
111.54975 8.73537 10 0 0 0 0 0 0 0 0 0 0 -1 -1 0 1 0 0 0 0 
118.84522 6.52753 11 0 0 0 0 0 0 0 0 0 0 0 0 -1 -1 1 0 0 0 
128.63652 2.43182 2 0 -1 0 0 0 0 0 0 0 1 0 0 0 0 0 0 0 0 
164.31393 5.59959 14 0 0 0 0 0 0 0 0 0 0 0 0 0 -1 0 0 -1 1 
243.34821 0.00000 20 0 0 0 0 0 1 0 0 0 0 0 0 0 0 0 0 1 -1 
262.87006 4.80194 6 0 0 0 0 0 -1 0 0 0 0 0 0 0 1 0 0 0 0 
267.70401 7.17090 14 0 0 0 0 0 0 0 0 0 0 0 0 0 -1 0 0 -1 1 
350.90564 8.57947 12 0 0 0 0 0 0 0 0 0 -1 0 0 0 0 -1 1 0 0 
376.29190 0.00000 19 0 1 0 0 0 0 0 0 0 0 0 0 1 0 0 0 -1 0 
433.78714 0.00000 20 0 0 0 0 0 1 0 0 0 0 0 0 0 0 0 0 1 -1 
441.24615 4.38577 2 0 -1 0 0 0 0 0 0 0 1 0 0 0 0 0 0 0 0 
514.96912 4.76538 6 0 0 0 0 0 -1 0 0 0 0 0 0 0 1 0 0 0 0 
511.80267 8.69940 13 0 0 0 0 0 0 0 0 0 -1 0 0 -1 0 0 0 1 0 
568.63562 7.38794 10 0 0 0 0 0 0 0 0 0 0 -1 -1 0 1 0 0 0 0 
580.53308 9.81860 14 0 0 0 0 0 0 0 0 0 0 0 0 0 -1 0 0 -1 1 
609.47717 0.00000 19 0 1 0 0 0 0 0 0 0 0 0 0 1 0 0 0 -1 0 
615.90564 4.66943 2 0 -1 0 0 0 0 0 0 0 1 0 0 0 0 0 0 0 0 
637.71765 0.00000 20 0 0 0 0 0 1 0 0 0 0 0 0 0 0 0 0 1 -1 
689.52917 3.03833 6 0 0 0 0 0 -1 0 0 0 0 0 0 0 1 0 0 0 0 
676.22449 18.13403 6 0 0 0 0 0 -1 0 0 0 0 0 0 0 1 0 0 0 0 
857.85266 0.00000 16 0 0 0 1 0 0 0 0 0 0 1 0 0 -1 0 0 0 0 
888.29993 1.98291 4 0 0 0 -1 0 0 0 0 0 0 0 1 0 0 0 0 0 0 
1174.60657 7.22803 10 0 0 0 0 0 0 0 0 0 0 -1 -1 0 1 0 0 0 0 
1477.38416 0.00000 16 0 0 0 1 0 0 0 0 0 0 1 0 0 -1 0 0 0 0 
1487.61853 4.63745 4 0 0 0 -1 0 0 0 0 0 0 0 1 0 0 0 0 0 0 
1533.16150 8.09155 10 0 0 0 0 0 0 0 0 0 0 -1 -1 0 1 0 0 0 0 
1581.67883 0.00000 16 0 0 0 1 0 0 0 0 0 0 1 0 0 -1 0 0 0 0 
1590.47400 4.66943 4 0 0 0 -1 0 0 0 0 0 0 0 1 0 0 0 0 0 0 
1633.20251 9.01904 10 0 0 0 0 0 0 0 0 0 0 -1 -1 0 1 0 0 0 0 
