0.09600 5.47201 4 0 0 0 -1 0 0 0 0 0 0 0 1 0 0 0 0 0 0 
0.92800 5.24801 2 0 -1 0 0 0 0 0 0 0 1 0 0 0 0 0 0 0 0 
2.72000 3.74401 1 -1 0 0 0 0 0 0 0 1 0 0 0 0 0 0 0 0 0 
2.75200 4.92801 3 0 0 -1 0 0 0 0 0 0 0 1 0 0 0 0 0 0 0 
4.44800 4.48000 1 -1 0 0 0 0 0 0 0 1 0 0 0 0 0 0 0 0 0 
5.82400 4.38398 2 0 -1 0 0 0 0 0 0 0 1 0 0 0 0 0 0 0 0 
8.03201 4.76794 2 0 -1 0 0 0 0 0 0 0 1 0 0 0 0 0 0 0 0 
14.20794 2.04797 2 0 -1 0 0 0 0 0 0 0 1 0 0 0 0 0 0 0 0 
17.21590 5.95192 4 0 0 0 -1 0 0 0 0 0 0 0 1 0 0 0 0 0 0 
24.99179 4.92794 2 0 -1 0 0 0 0 0 0 0 1 0 0 0 0 0 0 0 0 
30.04772 1.82398 2 0 -1 0 0 0 0 0 0 0 1 0 0 0 0 0 0 0 0 
27.48776 4.95996 1 -1 0 0 0 0 0 0 0 1 0 0 0 0 0 0 0 0 0 
41.82416 5.24825 3 0 0 -1 0 0 0 0 0 0 0 1 0 0 0 0 0 0 0 
41.66416 7.80836 9 0 0 0 0 0 0 0 0 -1 -1 0 0 1 0 0 0 0 0 
47.42443 7.96837 9 0 0 0 0 0 0 0 0 -1 -1 0 0 1 0 0 0 0 0 
58.72095 4.96023 4 0 0 0 -1 0 0 0 0 0 0 0 1 0 0 0 0 0 0 
71.55265 8.73537 9 0 0 0 0 0 0 0 0 -1 -1 0 0 1 0 0 0 0 0 
72.32059 8.41539 13 0 0 0 0 0 0 0 0 0 -1 0 0 -1 0 0 0 1 0 
83.29580 0.00000 19 0 1 0 0 0 0 0 0 0 0 0 0 1 0 0 0 -1 0 
91.13523 8.28740 13 0 0 0 0 0 0 0 0 0 -1 0 0 -1 0 0 0 1 0 
99.64661 6.27155 2 0 -1 0 0 0 0 0 0 0 1 0 0 0 0 0 0 0 0 
102.36642 10.65523 13 0 0 0 0 0 0 0 0 0 -1 0 0 -1 0 0 0 1 0 
116.09342 9.82329 13 0 0 0 0 0 0 0 0 0 -1 0 0 -1 0 0 0 1 0 
134.84407 4.79965 3 0 0 -1 0 0 0 0 0 0 0 1 0 0 0 0 0 0 0 
158.20238 6.55952 10 0 0 0 0 0 0 0 0 0 0 -1 -1 0 1 0 0 0 0 
191.03200 6.68752 14 0 0 0 0 0 0 0 0 0 0 0 0 0 -1 0 0 -1 1 
211.28653 0.00000 19 0 1 0 0 0 0 0 0 0 0 0 0 1 0 0 0 -1 0 
216.56615 9.79129 10 0 0 0 0 0 0 0 0 0 0 -1 -1 0 1 0 0 0 0 
230.00517 0.00000 16 0 0 0 1 0 0 0 0 0 0 1 0 0 -1 0 0 0 0 
233.10895 5.18362 2 0 -1 0 0 0 0 0 0 0 1 0 0 0 0 0 0 0 0 
233.23694 9.08734 10 0 0 0 0 0 0 0 0 0 0 -1 -1 0 1 0 0 0 0 
262.06973 5.28214 4 0 0 0 -1 0 0 0 0 0 0 0 1 0 0 0 0 0 0 
308.04031 8.96362 11 0 0 0 0 0 0 0 0 0 0 0 0 -1 -1 1 0 0 0 
343.15851 7.39499 12 0 0 0 0 0 0 0 0 0 -1 0 0 0 0 -1 1 0 0 
387.43240 10.30817 10 0 0 0 0 0 0 0 0 0 0 -1 -1 0 1 0 0 0 0 
482.79895 0.00000 16 0 0 0 1 0 0 0 0 0 0 1 0 0 -1 0 0 0 0 
482.79895 3.48941 4 0 0 0 -1 0 0 0 0 0 0 0 1 0 0 0 0 0 0 
486.35239 7.93921 10 0 0 0 0 0 0 0 0 0 0 -1 -1 0 1 0 0 0 0 
503.95950 10.08212 14 0 0 0 0 0 0 0 0 0 0 0 0 0 -1 0 0 -1 1 
516.82410 0.00000 20 0 0 0 0 0 1 0 0 0 0 0 0 0 0 0 0 1 -1 
516.82410 5.56494 6 0 0 0 0 0 -1 0 0 0 0 0 0 0 1 0 0 0 0 
523.28455 8.21948 14 0 0 0 0 0 0 0 0 0 0 0 0 0 -1 0 0 -1 1 
646.99255 0.00000 20 0 0 0 0 0 1 0 0 0 0 0 0 0 0 0 0 1 -1 
695.22205 4.22168 6 0 0 0 0 0 -1 0 0 0 0 0 0 0 1 0 0 0 0 
742.20422 0.00000 19 0 1 0 0 0 0 0 0 0 0 0 0 1 0 0 0 -1 0 
759.05896 0.00000 15 0 1 0 0 0 0 0 0 1 0 0 0 -1 0 0 0 0 0 
760.59412 4.86133 2 0 -1 0 0 0 0 0 0 0 1 0 0 0 0 0 0 0 0 
781.70251 4.41357 2 0 -1 0 0 0 0 0 0 0 1 0 0 0 0 0 0 0 0 
834.08972 9.88257 9 0 0 0 0 0 0 0 0 -1 -1 0 0 1 0 0 0 0 0 
876.33850 0.00000 20 0 0 0 0 0 1 0 0 0 0 0 0 0 0 0 0 1 -1 
893.51306 10.52222 11 0 0 0 0 0 0 0 0 0 0 0 0 -1 -1 1 0 0 0 
913.59802 4.54150 6 0 0 0 0 0 -1 0 0 0 0 0 0 0 1 0 0 0 0 
961.76355 0.00000 16 0 0 0 1 0 0 0 0 0 0 1 0 0 -1 0 0 0 0 
1003.98035 3.86987 4 0 0 0 -1 0 0 0 0 0 0 0 1 0 0 0 0 0 0 
1011.94397 10.13843 10 0 0 0 0 0 0 0 0 0 0 -1 -1 0 1 0 0 0 0 
1124.77795 7.48389 14 0 0 0 0 0 0 0 0 0 0 0 0 0 -1 0 0 -1 1 
1400.53040 0.00000 20 0 0 0 0 0 1 0 0 0 0 0 0 0 0 0 0 1 -1 
1412.52380 4.25366 6 0 0 0 0 0 -1 0 0 0 0 0 0 0 1 0 0 0 0 
1424.35730 0.00000 16 0 0 0 1 0 0 0 0 0 0 1 0 0 -1 0 0 0 0 
1481.06213 0.00000 19 0 1 0 0 0 0 0 0 0 0 0 0 1 0 0 0 -1 0 
1517.90588 2.91040 2 0 -1 0 0 0 0 0 0 0 1 0 0 0 0 0 0 0 0 
1525.48572 4.63745 4 0 0 0 -1 0 0 0 0 0 0 0 1 0 0 0 0 0 0 
1529.57947 10.45825 13 0 0 0 0 0 0 0 0 0 -1 0 0 -1 0 0 0 1 0 
1730.46106 0.00000 19 0 1 0 0 0 0 0 0 0 0 0 0 1 0 0 0 -1 0 
1735.67419 10.10645 10 0 0 0 0 0 0 0 0 0 0 -1 -1 0 1 0 0 0 0 
1753.42444 4.12573 2 0 -1 0 0 0 0 0 0 0 1 0 0 0 0 0 0 0 0 
1771.62244 0.00000 16 0 0 0 1 0 0 0 0 0 0 1 0 0 -1 0 0 0 0 
1776.73962 7.48389 13 0 0 0 0 0 0 0 0 0 -1 0 0 -1 0 0 0 1 0 
