0.09600 3.39200 4 0 0 0 -1 0 0 0 0 0 0 0 1 0 0 0 0 0 0 
1.05600 4.51201 3 0 0 -1 0 0 0 0 0 0 0 1 0 0 0 0 0 0 0 
9.02399 4.06395 2 0 -1 0 0 0 0 0 0 0 1 0 0 0 0 0 0 0 0 
15.03992 3.71195 2 0 -1 0 0 0 0 0 0 0 1 0 0 0 0 0 0 0 0 
20.15985 3.80795 4 0 0 0 -1 0 0 0 0 0 0 0 1 0 0 0 0 0 0 
19.51986 4.89594 1 -1 0 0 0 0 0 0 0 1 0 0 0 0 0 0 0 0 0 
22.97581 4.95994 2 0 -1 0 0 0 0 0 0 0 1 0 0 0 0 0 0 0 0 
26.33578 5.27993 1 -1 0 0 0 0 0 0 0 1 0 0 0 0 0 0 0 0 0 
30.20773 4.48010 2 0 -1 0 0 0 0 0 0 0 1 0 0 0 0 0 0 0 0 
30.71972 9.88839 9 0 0 0 0 0 0 0 0 -1 -1 0 0 1 0 0 0 0 0 
36.60791 8.92842 9 0 0 0 0 0 0 0 0 -1 -1 0 0 1 0 0 0 0 0 
42.56020 3.90418 2 0 -1 0 0 0 0 0 0 0 1 0 0 0 0 0 0 0 0 
40.64010 6.14429 2 0 -1 0 0 0 0 0 0 0 1 0 0 0 0 0 0 0 0 
40.09608 7.32834 10 0 0 0 0 0 0 0 0 0 0 -1 -1 0 1 0 0 0 0 
47.45643 6.04828 3 0 0 -1 0 0 0 0 0 0 0 1 0 0 0 0 0 0 0 
49.88853 4.67222 1 -1 0 0 0 0 0 0 0 1 0 0 0 0 0 0 0 0 0 
46.84840 11.93656 13 0 0 0 0 0 0 0 0 0 -1 0 0 -1 0 0 0 1 0 
69.40881 0.00000 19 0 1 0 0 0 0 0 0 0 0 0 0 1 0 0 0 -1 0 
77.56821 3.90372 3 0 0 -1 0 0 0 0 0 0 0 1 0 0 0 0 0 0 0 
93.59905 7.29547 9 0 0 0 0 0 0 0 0 -1 -1 0 0 1 0 0 0 0 0 
109.14993 0.00000 15 0 1 0 0 0 0 0 0 1 0 0 0 -1 0 0 0 0 0 
110.81380 7.58345 13 0 0 0 0 0 0 0 0 0 -1 0 0 -1 0 0 0 1 0 
120.15712 3.64774 2 0 -1 0 0 0 0 0 0 0 1 0 0 0 0 0 0 0 0 
132.31625 9.79129 10 0 0 0 0 0 0 0 0 0 0 -1 -1 0 1 0 0 0 0 
140.37967 4.79965 2 0 -1 0 0 0 0 0 0 0 1 0 0 0 0 0 0 0 0 
141.62758 8.79936 13 0 0 0 0 0 0 0 0 0 -1 0 0 -1 0 0 0 1 0 
165.17787 10.43124 9 0 0 0 0 0 0 0 0 -1 -1 0 0 1 0 0 0 0 0 
177.20900 4.67166 4 0 0 0 -1 0 0 0 0 0 0 0 1 0 0 0 0 0 0 
186.77631 0.00000 16 0 0 0 1 0 0 0 0 0 0 1 0 0 -1 0 0 0 0 
185.52840 8.51138 14 0 0 0 0 0 0 0 0 0 0 0 0 0 -1 0 0 -1 1 
215.09425 3.61574 4 0 0 0 -1 0 0 0 0 0 0 0 1 0 0 0 0 0 0 
218.74199 11.07120 10 0 0 0 0 0 0 0 0 0 0 -1 -1 0 1 0 0 0 0 
244.27614 0.00000 15 0 1 0 0 0 0 0 0 1 0 0 0 -1 0 0 0 0 0 
250.99565 5.69591 2 0 -1 0 0 0 0 0 0 0 1 0 0 0 0 0 0 0 0 
277.05179 11.52466 9 0 0 0 0 0 0 0 0 -1 -1 0 0 1 0 0 0 0 0 
361.27783 0.00000 15 0 1 0 0 0 0 0 0 1 0 0 0 -1 0 0 0 0 0 
377.63644 4.54584 2 0 -1 0 0 0 0 0 0 0 1 0 0 0 0 0 0 0 0 
389.00104 7.77914 9 0 0 0 0 0 0 0 0 -1 -1 0 0 1 0 0 0 0 0 
427.64066 9.18771 14 0 0 0 0 0 0 0 0 0 0 0 0 0 -1 0 0 -1 1 
521.78137 8.73120 13 0 0 0 0 0 0 0 0 0 -1 0 0 -1 0 0 0 1 0 
530.64050 0.00000 20 0 0 0 0 0 1 0 0 0 0 0 0 0 0 0 0 1 -1 
542.79382 0.00000 19 0 1 0 0 0 0 0 0 0 0 0 0 1 0 0 0 -1 0 
579.18982 4.50952 2 0 -1 0 0 0 0 0 0 0 1 0 0 0 0 0 0 0 0 
585.58630 4.50952 6 0 0 0 0 0 -1 0 0 0 0 0 0 0 1 0 0 0 0 
614.75427 0.00000 16 0 0 0 1 0 0 0 0 0 0 1 0 0 -1 0 0 0 0 
617.12097 4.57349 4 0 0 0 -1 0 0 0 0 0 0 0 1 0 0 0 0 0 0 
627.93103 0.00000 19 0 1 0 0 0 0 0 0 0 0 0 0 1 0 0 0 -1 0 
637.52576 11.22583 10 0 0 0 0 0 0 0 0 0 0 -1 -1 0 1 0 0 0 0 
641.81140 9.94653 13 0 0 0 0 0 0 0 0 0 -1 0 0 -1 0 0 0 1 0 
648.78357 12.98486 11 0 0 0 0 0 0 0 0 0 0 0 0 -1 -1 1 0 0 0 
662.75989 0.00000 20 0 0 0 0 0 1 0 0 0 0 0 0 0 0 0 0 1 -1 
690.93640 0.00000 19 0 1 0 0 0 0 0 0 0 0 0 0 1 0 0 0 -1 0 
714.21960 5.05322 6 0 0 0 0 0 -1 0 0 0 0 0 0 0 1 0 0 0 0 
734.46448 1.69507 2 0 -1 0 0 0 0 0 0 0 1 0 0 0 0 0 0 0 0 
793.34412 10.13843 12 0 0 0 0 0 0 0 0 0 -1 0 0 0 0 -1 1 0 0 
835.43298 0.00000 15 0 1 0 0 0 0 0 0 1 0 0 0 -1 0 0 0 0 0 
839.68665 6.04468 2 0 -1 0 0 0 0 0 0 0 1 0 0 0 0 0 0 0 0 
845.82727 10.10645 9 0 0 0 0 0 0 0 0 -1 -1 0 0 1 0 0 0 0 0 
867.47937 0.00000 15 0 1 0 0 0 0 0 0 1 0 0 0 -1 0 0 0 0 0 
868.27893 0.00000 19 0 1 0 0 0 0 0 0 0 0 0 0 1 0 0 0 -1 0 
882.38318 5.40503 2 0 -1 0 0 0 0 0 0 0 1 0 0 0 0 0 0 0 0 
897.51086 0.00000 16 0 0 0 1 0 0 0 0 0 0 1 0 0 -1 0 0 0 0 
898.75818 2.07886 2 0 -1 0 0 0 0 0 0 0 1 0 0 0 0 0 0 0 0 
897.51086 3.45410 4 0 0 0 -1 0 0 0 0 0 0 0 1 0 0 0 0 0 0 
897.25500 9.08301 9 0 0 0 0 0 0 0 0 -1 -1 0 0 1 0 0 0 0 0 
900.99695 8.89111 10 0 0 0 0 0 0 0 0 0 0 -1 -1 0 1 0 0 0 0 
911.13538 0.00000 16 0 0 0 1 0 0 0 0 0 0 1 0 0 -1 0 0 0 0 
908.70471 9.43481 13 0 0 0 0 0 0 0 0 0 -1 0 0 -1 0 0 0 1 0 
911.03943 10.39429 10 0 0 0 0 0 0 0 0 0 0 -1 -1 0 1 0 0 0 0 
943.02185 8.34741 14 0 0 0 0 0 0 0 0 0 0 0 0 0 -1 0 0 -1 1 
960.06848 3.90186 4 0 0 0 -1 0 0 0 0 0 0 0 1 0 0 0 0 0 0 
979.73767 0.00000 15 0 1 0 0 0 0 0 0 1 0 0 0 -1 0 0 0 0 0 
974.81238 7.29199 10 0 0 0 0 0 0 0 0 0 0 -1 -1 0 1 0 0 0 0 
986.32605 4.82935 2 0 -1 0 0 0 0 0 0 0 1 0 0 0 0 0 0 0 0 
1111.63318 0.00000 16 0 0 0 1 0 0 0 0 0 0 1 0 0 -1 0 0 0 0 
1145.95032 4.02979 4 0 0 0 -1 0 0 0 0 0 0 0 1 0 0 0 0 0 0 
1150.01208 7.03613 10 0 0 0 0 0 0 0 0 0 0 -1 -1 0 1 0 0 0 0 
1400.56238 0.00000 20 0 0 0 0 0 1 0 0 0 0 0 0 0 0 0 0 1 -1 
1423.55774 3.29419 6 0 0 0 0 0 -1 0 0 0 0 0 0 0 1 0 0 0 0 
1453.84509 0.00000 16 0 0 0 1 0 0 0 0 0 0 1 0 0 -1 0 0 0 0 
1462.00061 0.00000 19 0 1 0 0 0 0 0 0 0 0 0 0 1 0 0 0 -1 0 
1483.23694 4.47754 4 0 0 0 -1 0 0 0 0 0 0 0 1 0 0 0 0 0 0 
1483.84460 4.06177 2 0 -1 0 0 0 0 0 0 0 1 0 0 0 0 0 0 0 0 
1487.74646 7.35596 10 0 0 0 0 0 0 0 0 0 0 -1 -1 0 1 0 0 0 0 
1487.93835 8.98706 13 0 0 0 0 0 0 0 0 0 -1 0 0 -1 0 0 0 1 0 
1499.35608 0.00000 16 0 0 0 1 0 0 0 0 0 0 1 0 0 -1 0 0 0 0 
1512.14905 9.40283 14 0 0 0 0 0 0 0 0 0 0 0 0 0 -1 0 0 -1 1 
1543.01208 9.08301 9 0 0 0 0 0 0 0 0 -1 -1 0 0 1 0 0 0 0 0 
1550.08020 4.02979 4 0 0 0 -1 0 0 0 0 0 0 0 1 0 0 0 0 0 0 
1611.26257 7.06812 10 0 0 0 0 0 0 0 0 0 0 -1 -1 0 1 0 0 0 0 
1643.43689 8.85913 11 0 0 0 0 0 0 0 0 0 0 0 0 -1 -1 1 0 0 0 
