0.09600 3.29600 4 0 0 0 -1 0 0 0 0 0 0 0 1 0 0 0 0 0 0 
0.09600 6.11201 2 0 -1 0 0 0 0 0 0 0 1 0 0 0 0 0 0 0 0 
1.82400 4.83201 1 -1 0 0 0 0 0 0 0 1 0 0 0 0 0 0 0 0 0 
0.09600 6.81601 3 0 0 -1 0 0 0 0 0 0 0 1 0 0 0 0 0 0 0 
1.08800 5.92001 2 0 -1 0 0 0 0 0 0 0 1 0 0 0 0 0 0 0 0 
3.90400 4.12801 2 0 -1 0 0 0 0 0 0 0 1 0 0 0 0 0 0 0 0 
5.34401 4.47998 2 0 -1 0 0 0 0 0 0 0 1 0 0 0 0 0 0 0 0 
6.68801 3.87197 4 0 0 0 -1 0 0 0 0 0 0 0 1 0 0 0 0 0 0 
6.91201 4.38396 3 0 0 -1 0 0 0 0 0 0 0 1 0 0 0 0 0 0 0 
15.29592 4.86394 4 0 0 0 -1 0 0 0 0 0 0 0 1 0 0 0 0 0 0 
21.37584 4.57594 1 -1 0 0 0 0 0 0 0 1 0 0 0 0 0 0 0 0 0 
19.74386 7.29591 10 0 0 0 0 0 0 0 0 0 0 -1 -1 0 1 0 0 0 0 
23.87181 10.20799 9 0 0 0 0 0 0 0 0 -1 -1 0 0 1 0 0 0 0 0 
31.19972 4.96018 1 -1 0 0 0 0 0 0 0 1 0 0 0 0 0 0 0 0 0 
35.74387 8.67241 13 0 0 0 0 0 0 0 0 0 -1 0 0 -1 0 0 0 1 0 
42.08017 4.70422 2 0 -1 0 0 0 0 0 0 0 1 0 0 0 0 0 0 0 0 
48.86449 7.71236 14 0 0 0 0 0 0 0 0 0 0 0 0 0 -1 0 0 -1 1 
52.22464 5.50426 3 0 0 -1 0 0 0 0 0 0 0 1 0 0 0 0 0 0 0 
49.56852 8.80041 10 0 0 0 0 0 0 0 0 0 0 -1 -1 0 1 0 0 0 0 
74.01648 7.93542 9 0 0 0 0 0 0 0 0 -1 -1 0 0 1 0 0 0 0 0 
128.31654 0.00000 16 0 0 0 1 0 0 0 0 0 0 1 0 0 -1 0 0 0 0 
144.92334 0.00000 20 0 0 0 0 0 1 0 0 0 0 0 0 0 0 0 0 1 -1 
148.44308 7.03949 13 0 0 0 0 0 0 0 0 0 -1 0 0 -1 0 0 0 1 0 
159.57828 4.41568 2 0 -1 0 0 0 0 0 0 0 1 0 0 0 0 0 0 0 0 
159.19431 9.85529 9 0 0 0 0 0 0 0 0 -1 -1 0 0 1 0 0 0 0 0 
196.05563 4.44768 6 0 0 0 0 0 -1 0 0 0 0 0 0 0 1 0 0 0 0 
204.72701 0.00000 15 0 1 0 0 0 0 0 0 1 0 0 0 -1 0 0 0 0 0 
212.56644 0.00000 16 0 0 0 1 0 0 0 0 0 0 1 0 0 -1 0 0 0 0 
226.16545 4.73566 4 0 0 0 -1 0 0 0 0 0 0 0 1 0 0 0 0 0 0 
243.86017 2.87979 2 0 -1 0 0 0 0 0 0 0 1 0 0 0 0 0 0 0 0 
257.78000 8.38739 10 0 0 0 0 0 0 0 0 0 0 -1 -1 0 1 0 0 0 0 
278.58841 7.55505 14 0 0 0 0 0 0 0 0 0 0 0 0 0 -1 0 0 -1 1 
287.26392 8.32336 10 0 0 0 0 0 0 0 0 0 0 -1 -1 0 1 0 0 0 0 
299.65292 8.99564 14 0 0 0 0 0 0 0 0 0 0 0 0 0 -1 0 0 -1 1 
341.58987 4.80194 4 0 0 0 -1 0 0 0 0 0 0 0 1 0 0 0 0 0 0 
346.45584 9.92401 10 0 0 0 0 0 0 0 0 0 0 -1 -1 0 1 0 0 0 0 
361.72601 8.70752 9 0 0 0 0 0 0 0 0 -1 -1 0 0 1 0 0 0 0 0 
474.73169 8.80356 11 0 0 0 0 0 0 0 0 0 0 0 0 -1 -1 1 0 0 0 
575.06409 0.00000 17 0 0 0 0 1 0 0 0 0 0 0 0 0 1 -1 0 0 0 
588.33679 0.00000 16 0 0 0 1 0 0 0 0 0 0 1 0 0 -1 0 0 0 0 
595.85266 4.92529 4 0 0 0 -1 0 0 0 0 0 0 0 1 0 0 0 0 0 0 
603.84827 4.60547 5 0 0 0 0 -1 0 0 0 0 0 0 0 1 0 0 0 0 0 
657.41882 7.54785 10 0 0 0 0 0 0 0 0 0 0 -1 -1 0 1 0 0 0 0 
670.53162 9.11499 11 0 0 0 0 0 0 0 0 0 0 0 0 -1 -1 1 0 0 0 
689.33728 8.12354 12 0 0 0 0 0 0 0 0 0 -1 0 0 0 0 -1 1 0 0 
791.16931 0.00000 20 0 0 0 0 0 1 0 0 0 0 0 0 0 0 0 0 1 -1 
869.36633 5.27710 6 0 0 0 0 0 -1 0 0 0 0 0 0 0 1 0 0 0 0 
897.51086 0.00000 16 0 0 0 1 0 0 0 0 0 0 1 0 0 -1 0 0 0 0 
903.97131 5.53296 4 0 0 0 -1 0 0 0 0 0 0 0 1 0 0 0 0 0 0 
946.95569 0.00000 18 0 1 0 0 0 0 0 0 0 0 0 0 0 0 1 -1 0 0 
942.67004 7.48389 10 0 0 0 0 0 0 0 0 0 0 -1 -1 0 1 0 0 0 0 
1016.80530 4.06177 2 0 -1 0 0 0 0 0 0 0 1 0 0 0 0 0 0 0 0 
1030.55774 0.00000 19 0 1 0 0 0 0 0 0 0 0 0 0 1 0 0 0 -1 0 
1028.99060 8.21948 12 0 0 0 0 0 0 0 0 0 -1 0 0 0 0 -1 1 0 0 
1049.71521 0.00000 15 0 1 0 0 0 0 0 0 1 0 0 0 -1 0 0 0 0 0 
1049.71521 5.78882 2 0 -1 0 0 0 0 0 0 0 1 0 0 0 0 0 0 0 0 
1060.20544 4.54150 2 0 -1 0 0 0 0 0 0 0 1 0 0 0 0 0 0 0 0 
1106.48401 0.00000 16 0 0 0 1 0 0 0 0 0 0 1 0 0 -1 0 0 0 0 
1115.75891 3.80591 4 0 0 0 -1 0 0 0 0 0 0 0 1 0 0 0 0 0 0 
1119.59680 7.64380 10 0 0 0 0 0 0 0 0 0 0 -1 -1 0 1 0 0 0 0 
1129.76721 0.00000 16 0 0 0 1 0 0 0 0 0 0 1 0 0 -1 0 0 0 0 
1123.53064 9.01904 9 0 0 0 0 0 0 0 0 -1 -1 0 0 1 0 0 0 0 0 
1132.61365 12.47314 13 0 0 0 0 0 0 0 0 0 -1 0 0 -1 0 0 0 1 0 
1171.08850 6.71631 4 0 0 0 -1 0 0 0 0 0 0 0 1 0 0 0 0 0 0 
1248.64587 6.84424 10 0 0 0 0 0 0 0 0 0 0 -1 -1 0 1 0 0 0 0 
1265.18079 7.38794 14 0 0 0 0 0 0 0 0 0 0 0 0 0 -1 0 0 -1 1 
1452.40588 0.00000 20 0 0 0 0 0 1 0 0 0 0 0 0 0 0 0 0 1 -1 
1466.25427 4.06177 6 0 0 0 0 0 -1 0 0 0 0 0 0 0 1 0 0 0 0 
1470.82776 10.29834 14 0 0 0 0 0 0 0 0 0 0 0 0 0 -1 0 0 -1 1 
1524.94202 0.00000 20 0 0 0 0 0 1 0 0 0 0 0 0 0 0 0 0 1 -1 
1551.10364 4.66943 6 0 0 0 0 0 -1 0 0 0 0 0 0 0 1 0 0 0 0 
1556.54065 0.00000 20 0 0 0 0 0 1 0 0 0 0 0 0 0 0 0 0 1 -1 
1562.45740 4.18970 6 0 0 0 0 0 -1 0 0 0 0 0 0 0 1 0 0 0 0 
1566.67908 6.52441 14 0 0 0 0 0 0 0 0 0 0 0 0 0 -1 0 0 -1 1 
1674.68372 0.00000 16 0 0 0 1 0 0 0 0 0 0 1 0 0 -1 0 0 0 0 
1687.98840 4.47754 4 0 0 0 -1 0 0 0 0 0 0 0 1 0 0 0 0 0 0 
1710.08826 9.65869 10 0 0 0 0 0 0 0 0 0 0 -1 -1 0 1 0 0 0 0 
1722.91321 0.00000 20 0 0 0 0 0 1 0 0 0 0 0 0 0 0 0 0 1 -1 
1734.84265 8.41138 14 0 0 0 0 0 0 0 0 0 0 0 0 0 -1 0 0 -1 1 
1776.19592 3.86987 6 0 0 0 0 0 -1 0 0 0 0 0 0 0 1 0 0 0 0 
1787.48572 0.00000 20 0 0 0 0 0 1 0 0 0 0 0 0 0 0 0 0 1 -1 
