0.09600 3.87200 2 0 -1 0 0 0 0 0 0 0 1 0 0 0 0 0 0 0 0 
4.35200 4.28800 2 0 -1 0 0 0 0 0 0 0 1 0 0 0 0 0 0 0 0 
4.03200 5.66399 1 -1 0 0 0 0 0 0 0 1 0 0 0 0 0 0 0 0 0 
5.72800 5.05597 2 0 -1 0 0 0 0 0 0 0 1 0 0 0 0 0 0 0 0 
9.85598 4.92794 1 -1 0 0 0 0 0 0 0 1 0 0 0 0 0 0 0 0 0 
16.73590 4.41594 4 0 0 0 -1 0 0 0 0 0 0 0 1 0 0 0 0 0 0 
18.39988 3.03996 2 0 -1 0 0 0 0 0 0 0 1 0 0 0 0 0 0 0 0 
18.78387 5.63193 4 0 0 0 -1 0 0 0 0 0 0 0 1 0 0 0 0 0 0 
26.62378 3.64795 3 0 0 -1 0 0 0 0 0 0 0 1 0 0 0 0 0 0 0 
27.80776 4.47996 2 0 -1 0 0 0 0 0 0 0 1 0 0 0 0 0 0 0 0 
30.87972 11.48847 9 0 0 0 0 0 0 0 0 -1 -1 0 0 1 0 0 0 0 0 
37.69597 4.80022 3 0 0 -1 0 0 0 0 0 0 0 1 0 0 0 0 0 0 0 
52.83268 0.00000 15 0 1 0 0 0 0 0 0 1 0 0 0 -1 0 0 0 0 0 
44.35228 9.82446 10 0 0 0 0 0 0 0 0 0 0 -1 -1 0 1 0 0 0 0 
55.58480 3.64817 1 -1 0 0 0 0 0 0 0 1 0 0 0 0 0 0 0 0 0 
59.93700 9.75978 9 0 0 0 0 0 0 0 0 -1 -1 0 0 1 0 0 0 0 0 
66.62501 3.96771 4 0 0 0 -1 0 0 0 0 0 0 0 1 0 0 0 0 0 0 
101.85445 4.41568 3 0 0 -1 0 0 0 0 0 0 0 1 0 0 0 0 0 0 0 
102.20643 7.16748 9 0 0 0 0 0 0 0 0 -1 -1 0 0 1 0 0 0 0 0 
114.20556 0.00000 15 0 1 0 0 0 0 0 0 1 0 0 0 -1 0 0 0 0 0 
116.70138 4.28769 2 0 -1 0 0 0 0 0 0 0 1 0 0 0 0 0 0 0 0 
112.76566 8.89536 10 0 0 0 0 0 0 0 0 0 0 -1 -1 0 1 0 0 0 0 
114.01357 9.66330 13 0 0 0 0 0 0 0 0 0 -1 0 0 -1 0 0 0 1 0 
120.82908 4.86365 2 0 -1 0 0 0 0 0 0 0 1 0 0 0 0 0 0 0 0 
124.44482 13.31104 9 0 0 0 0 0 0 0 0 -1 -1 0 0 1 0 0 0 0 0 
129.82043 8.12741 14 0 0 0 0 0 0 0 0 0 0 0 0 0 -1 0 0 -1 1 
139.29175 4.22369 2 0 -1 0 0 0 0 0 0 0 1 0 0 0 0 0 0 0 0 
151.89883 0.00000 16 0 0 0 1 0 0 0 0 0 0 1 0 0 -1 0 0 0 0 
160.09024 7.07149 9 0 0 0 0 0 0 0 0 -1 -1 0 0 1 0 0 0 0 0 
164.63391 6.55952 4 0 0 0 -1 0 0 0 0 0 0 0 1 0 0 0 0 0 0 
189.72009 0.00000 15 0 1 0 0 0 0 0 0 1 0 0 0 -1 0 0 0 0 0 
198.96742 6.39954 10 0 0 0 0 0 0 0 0 0 0 -1 -1 0 1 0 0 0 0 
223.79762 0.00000 16 0 0 0 1 0 0 0 0 0 0 1 0 0 -1 0 0 0 0 
236.24472 4.15970 2 0 -1 0 0 0 0 0 0 0 1 0 0 0 0 0 0 0 0 
241.17236 8.86336 13 0 0 0 0 0 0 0 0 0 -1 0 0 -1 0 0 0 1 0 
284.67087 3.87357 4 0 0 0 -1 0 0 0 0 0 0 0 1 0 0 0 0 0 0 
305.92746 7.01083 10 0 0 0 0 0 0 0 0 0 0 -1 -1 0 1 0 0 0 0 
305.35123 8.86758 10 0 0 0 0 0 0 0 0 0 0 -1 -1 0 1 0 0 0 0 
306.43967 8.48343 9 0 0 0 0 0 0 0 0 -1 -1 0 0 1 0 0 0 0 0 
314.41089 8.09927 14 0 0 0 0 0 0 0 0 0 0 0 0 0 -1 0 0 -1 1 
347.64032 0.00000 16 0 0 0 1 0 0 0 0 0 0 1 0 0 -1 0 0 0 0 
380.80573 0.00000 15 0 1 0 0 0 0 0 0 1 0 0 0 -1 0 0 0 0 0 
389.16110 3.20129 4 0 0 0 -1 0 0 0 0 0 0 0 1 0 0 0 0 0 0 
397.99667 4.70590 2 0 -1 0 0 0 0 0 0 0 1 0 0 0 0 0 0 0 0 
406.80023 9.57187 9 0 0 0 0 0 0 0 0 -1 -1 0 0 1 0 0 0 0 0 
510.90631 10.01154 10 0 0 0 0 0 0 0 0 0 0 -1 -1 0 1 0 0 0 0 
537.54871 0.00000 20 0 0 0 0 0 1 0 0 0 0 0 0 0 0 0 0 1 -1 
569.21130 4.92529 6 0 0 0 0 0 -1 0 0 0 0 0 0 0 1 0 0 0 0 
594.15759 9.85059 14 0 0 0 0 0 0 0 0 0 0 0 0 0 -1 0 0 -1 1 
653.48499 7.99561 13 0 0 0 0 0 0 0 0 0 -1 0 0 -1 0 0 0 1 0 
667.74915 8.25146 14 0 0 0 0 0 0 0 0 0 0 0 0 0 -1 0 0 -1 1 
685.97913 0.00000 20 0 0 0 0 0 1 0 0 0 0 0 0 0 0 0 0 1 -1 
689.01746 5.78882 6 0 0 0 0 0 -1 0 0 0 0 0 0 0 1 0 0 0 0 
706.19202 0.00000 16 0 0 0 1 0 0 0 0 0 0 1 0 0 -1 0 0 0 0 
706.19202 5.14917 4 0 0 0 -1 0 0 0 0 0 0 0 1 0 0 0 0 0 0 
711.37317 11.57764 10 0 0 0 0 0 0 0 0 0 0 -1 -1 0 1 0 0 0 0 
766.06311 8.73120 14 0 0 0 0 0 0 0 0 0 0 0 0 0 -1 0 0 -1 1 
802.26721 0.00000 20 0 0 0 0 0 1 0 0 0 0 0 0 0 0 0 0 1 -1 
887.88416 3.99780 6 0 0 0 0 0 -1 0 0 0 0 0 0 0 1 0 0 0 0 
943.11780 0.00000 20 0 0 0 0 0 1 0 0 0 0 0 0 0 0 0 0 1 -1 
950.60168 4.76538 6 0 0 0 0 0 -1 0 0 0 0 0 0 0 1 0 0 0 0 
1002.76501 10.10645 14 0 0 0 0 0 0 0 0 0 0 0 0 0 -1 0 0 -1 1 
1013.89490 8.63525 14 0 0 0 0 0 0 0 0 0 0 0 0 0 -1 0 0 -1 1 
1140.92908 0.00000 20 0 0 0 0 0 1 0 0 0 0 0 0 0 0 0 0 1 -1 
1158.99915 4.98926 6 0 0 0 0 0 -1 0 0 0 0 0 0 0 1 0 0 0 0 
1207.10071 0.00000 20 0 0 0 0 0 1 0 0 0 0 0 0 0 0 0 0 1 -1 
1198.33752 9.11499 14 0 0 0 0 0 0 0 0 0 0 0 0 0 -1 0 0 -1 1 
1231.21545 0.00000 19 0 1 0 0 0 0 0 0 0 0 0 0 1 0 0 0 -1 0 
1251.10852 5.43701 2 0 -1 0 0 0 0 0 0 0 1 0 0 0 0 0 0 0 0 
1310.11609 0.00000 20 0 0 0 0 0 1 0 0 0 0 0 0 0 0 0 0 1 -1 
1328.15417 7.93164 13 0 0 0 0 0 0 0 0 0 -1 0 0 -1 0 0 0 1 0 
1339.98767 4.15771 6 0 0 0 0 0 -1 0 0 0 0 0 0 0 1 0 0 0 0 
1362.66321 4.12573 6 0 0 0 0 0 -1 0 0 0 0 0 0 0 1 0 0 0 0 
1373.31335 9.91455 14 0 0 0 0 0 0 0 0 0 0 0 0 0 -1 0 0 -1 1 
1416.84143 0.00000 16 0 0 0 1 0 0 0 0 0 0 1 0 0 -1 0 0 0 0 
1421.31897 0.00000 20 0 0 0 0 0 1 0 0 0 0 0 0 0 0 0 0 1 -1 
1429.31458 5.69287 4 0 0 0 -1 0 0 0 0 0 0 0 1 0 0 0 0 0 0 
1501.72278 3.96582 6 0 0 0 0 0 -1 0 0 0 0 0 0 0 1 0 0 0 0 
1503.80164 7.89966 10 0 0 0 0 0 0 0 0 0 0 -1 -1 0 1 0 0 0 0 
1559.38708 9.62671 14 0 0 0 0 0 0 0 0 0 0 0 0 0 -1 0 0 -1 1 
1641.19812 0.00000 20 0 0 0 0 0 1 0 0 0 0 0 0 0 0 0 0 1 -1 
1653.99109 8.02759 14 0 0 0 0 0 0 0 0 0 0 0 0 0 -1 0 0 -1 1 
1666.88000 4.50952 6 0 0 0 0 0 -1 0 0 0 0 0 0 0 1 0 0 0 0 
1671.42151 13.30469 14 0 0 0 0 0 0 0 0 0 0 0 0 0 -1 0 0 -1 1 
