0.09600 3.96800 4 0 0 0 -1 0 0 0 0 0 0 0 1 0 0 0 0 0 0 
0.09600 4.73600 3 0 0 -1 0 0 0 0 0 0 0 1 0 0 0 0 0 0 0 
2.24000 4.22401 4 0 0 0 -1 0 0 0 0 0 0 0 1 0 0 0 0 0 0 
3.77601 4.54400 2 0 -1 0 0 0 0 0 0 0 1 0 0 0 0 0 0 0 0 
4.09600 4.60800 3 0 0 -1 0 0 0 0 0 0 0 1 0 0 0 0 0 0 0 
11.67996 5.05594 1 -1 0 0 0 0 0 0 0 1 0 0 0 0 0 0 0 0 0 
16.83189 4.22395 2 0 -1 0 0 0 0 0 0 0 1 0 0 0 0 0 0 0 0 
19.99986 3.61595 2 0 -1 0 0 0 0 0 0 0 1 0 0 0 0 0 0 0 0 
16.83189 9.56788 10 0 0 0 0 0 0 0 0 0 0 -1 -1 0 1 0 0 0 0 
25.21579 4.67194 2 0 -1 0 0 0 0 0 0 0 1 0 0 0 0 0 0 0 0 
26.78377 8.54409 10 0 0 0 0 0 0 0 0 0 0 -1 -1 0 1 0 0 0 0 
30.52772 5.28016 4 0 0 0 -1 0 0 0 0 0 0 0 1 0 0 0 0 0 0 
31.93570 5.85627 2 0 -1 0 0 0 0 0 0 0 1 0 0 0 0 0 0 0 0 
33.79179 5.44025 1 -1 0 0 0 0 0 0 0 1 0 0 0 0 0 0 0 0 0 
31.23171 9.28039 9 0 0 0 0 0 0 0 0 -1 -1 0 0 1 0 0 0 0 0 
40.57610 9.60045 11 0 0 0 0 0 0 0 0 0 0 0 0 -1 -1 1 0 0 0 
42.08018 9.92046 9 0 0 0 0 0 0 0 0 -1 -1 0 0 1 0 0 0 0 0 
58.97697 3.93618 3 0 0 -1 0 0 0 0 0 0 0 1 0 0 0 0 0 0 0 
65.76107 0.00000 15 0 1 0 0 0 0 0 0 1 0 0 0 -1 0 0 0 0 0 
65.76107 8.25540 2 0 -1 0 0 0 0 0 0 0 1 0 0 0 0 0 0 0 0 
87.26351 8.95935 9 0 0 0 0 0 0 0 0 -1 -1 0 0 1 0 0 0 0 0 
101.08651 6.91150 10 0 0 0 0 0 0 0 0 0 0 -1 -1 0 1 0 0 0 0 
105.63018 7.90343 12 0 0 0 0 0 0 0 0 0 -1 0 0 0 0 -1 1 0 0 
114.62153 7.87143 13 0 0 0 0 0 0 0 0 0 -1 0 0 -1 0 0 0 1 0 
123.13291 4.67166 2 0 -1 0 0 0 0 0 0 0 1 0 0 0 0 0 0 0 0 
136.50795 4.54367 1 -1 0 0 0 0 0 0 0 1 0 0 0 0 0 0 0 0 0 
141.17961 9.91928 14 0 0 0 0 0 0 0 0 0 0 0 0 0 -1 0 0 -1 1 
177.78496 6.87950 9 0 0 0 0 0 0 0 0 -1 -1 0 0 1 0 0 0 0 0 
226.77341 0.00000 15 0 1 0 0 0 0 0 0 1 0 0 0 -1 0 0 0 0 0 
235.18880 9.69530 9 0 0 0 0 0 0 0 0 -1 -1 0 0 1 0 0 0 0 0 
253.87544 0.00000 15 0 1 0 0 0 0 0 0 1 0 0 0 -1 0 0 0 0 0 
296.64371 4.86597 2 0 -1 0 0 0 0 0 0 0 1 0 0 0 0 0 0 0 0 
340.91760 5.37817 2 0 -1 0 0 0 0 0 0 0 1 0 0 0 0 0 0 0 0 
389.80136 6.46661 9 0 0 0 0 0 0 0 0 -1 -1 0 0 1 0 0 0 0 0 
403.98309 9.18771 11 0 0 0 0 0 0 0 0 0 0 0 0 -1 -1 1 0 0 0 
419.02917 0.00000 17 0 0 0 0 1 0 0 0 0 0 0 0 0 1 -1 0 0 0 
438.17291 4.99402 5 0 0 0 0 -1 0 0 0 0 0 0 0 1 0 0 0 0 0 
450.36984 0.00000 15 0 1 0 0 0 0 0 0 1 0 0 0 -1 0 0 0 0 0 
535.24597 5.11719 2 0 -1 0 0 0 0 0 0 0 1 0 0 0 0 0 0 0 0 
545.54431 8.05957 9 0 0 0 0 0 0 0 0 -1 -1 0 0 1 0 0 0 0 0 
563.55042 8.57129 13 0 0 0 0 0 0 0 0 0 -1 0 0 -1 0 0 0 1 0 
829.19641 8.92310 14 0 0 0 0 0 0 0 0 0 0 0 0 0 -1 0 0 -1 1 
875.89075 0.00000 20 0 0 0 0 0 1 0 0 0 0 0 0 0 0 0 0 1 -1 
901.12488 3.90186 6 0 0 0 0 0 -1 0 0 0 0 0 0 0 1 0 0 0 0 
909.56824 0.00000 16 0 0 0 1 0 0 0 0 0 0 1 0 0 -1 0 0 0 0 
930.22888 4.50952 4 0 0 0 -1 0 0 0 0 0 0 0 1 0 0 0 0 0 0 
971.23035 9.33887 10 0 0 0 0 0 0 0 0 0 0 -1 -1 0 1 0 0 0 0 
1095.19421 0.00000 20 0 0 0 0 0 1 0 0 0 0 0 0 0 0 0 0 1 -1 
1106.51599 5.30908 6 0 0 0 0 0 -1 0 0 0 0 0 0 0 1 0 0 0 0 
1099.28796 12.56909 6 0 0 0 0 0 -1 0 0 0 0 0 0 0 1 0 0 0 0 
1128.71179 0.00000 19 0 1 0 0 0 0 0 0 0 0 0 0 1 0 0 0 -1 0 
1149.21252 6.87622 14 0 0 0 0 0 0 0 0 0 0 0 0 0 -1 0 0 -1 1 
1180.65125 7.38794 11 0 0 0 0 0 0 0 0 0 0 0 0 -1 -1 1 0 0 0 
1212.56970 0.00000 17 0 0 0 0 1 0 0 0 0 0 0 0 0 1 -1 0 0 0 
1224.37122 4.63745 5 0 0 0 0 -1 0 0 0 0 0 0 0 1 0 0 0 0 0 
1234.73352 0.00000 15 0 1 0 0 0 0 0 0 1 0 0 0 -1 0 0 0 0 0 
1280.56433 5.94873 2 0 -1 0 0 0 0 0 0 0 1 0 0 0 0 0 0 0 0 
1305.95837 0.00000 16 0 0 0 1 0 0 0 0 0 0 1 0 0 -1 0 0 0 0 
1305.95837 3.61401 4 0 0 0 -1 0 0 0 0 0 0 0 1 0 0 0 0 0 0 
1309.60437 11.51367 10 0 0 0 0 0 0 0 0 0 0 -1 -1 0 1 0 0 0 0 
1316.44861 6.33252 2 0 -1 0 0 0 0 0 0 0 1 0 0 0 0 0 0 0 0 
1319.26306 10.42627 9 0 0 0 0 0 0 0 0 -1 -1 0 0 1 0 0 0 0 0 
1340.49939 8.15552 11 0 0 0 0 0 0 0 0 0 0 0 0 -1 -1 1 0 0 0 
1388.60095 0.00000 17 0 0 0 0 1 0 0 0 0 0 0 0 0 1 -1 0 0 0 
1390.10413 0.00000 16 0 0 0 1 0 0 0 0 0 0 1 0 0 -1 0 0 0 0 
1395.25330 4.31763 5 0 0 0 0 -1 0 0 0 0 0 0 0 1 0 0 0 0 0 
1405.83948 5.24512 4 0 0 0 -1 0 0 0 0 0 0 0 1 0 0 0 0 0 0 
1423.71765 7.54785 10 0 0 0 0 0 0 0 0 0 0 -1 -1 0 1 0 0 0 0 
1439.93274 0.00000 20 0 0 0 0 0 1 0 0 0 0 0 0 0 0 0 0 1 -1 
1435.42322 7.70776 11 0 0 0 0 0 0 0 0 0 0 0 0 -1 -1 1 0 0 0 
1467.85339 10.90601 12 0 0 0 0 0 0 0 0 0 -1 0 0 0 0 -1 1 0 0 
1485.66760 4.18970 6 0 0 0 0 0 -1 0 0 0 0 0 0 0 1 0 0 0 0 
1504.21741 0.00000 19 0 1 0 0 0 0 0 0 0 0 0 0 1 0 0 0 -1 0 
1512.72473 4.86133 2 0 -1 0 0 0 0 0 0 0 1 0 0 0 0 0 0 0 0 
1519.44104 8.92310 13 0 0 0 0 0 0 0 0 0 -1 0 0 -1 0 0 0 1 0 
