0.09600 4.60800 3 0 0 -1 0 0 0 0 0 0 0 1 0 0 0 0 0 0 0 
0.09600 5.34401 1 -1 0 0 0 0 0 0 0 1 0 0 0 0 0 0 0 0 0 
0.03200 7.36001 4 0 0 0 -1 0 0 0 0 0 0 0 1 0 0 0 0 0 0 
3.04000 4.96001 2 0 -1 0 0 0 0 0 0 0 1 0 0 0 0 0 0 0 0 
4.32001 5.56798 1 -1 0 0 0 0 0 0 0 1 0 0 0 0 0 0 0 0 0 
13.53594 3.83995 2 0 -1 0 0 0 0 0 0 0 1 0 0 0 0 0 0 0 0 
7.45601 10.87987 10 0 0 0 0 0 0 0 0 0 0 -1 -1 0 1 0 0 0 0 
13.75993 5.08794 4 0 0 0 -1 0 0 0 0 0 0 0 1 0 0 0 0 0 0 
16.73590 4.86394 2 0 -1 0 0 0 0 0 0 0 1 0 0 0 0 0 0 0 0 
17.43989 5.95192 2 0 -1 0 0 0 0 0 0 0 1 0 0 0 0 0 0 0 0 
25.05579 5.47193 2 0 -1 0 0 0 0 0 0 0 1 0 0 0 0 0 0 0 0 
56.35284 6.08028 2 0 -1 0 0 0 0 0 0 0 1 0 0 0 0 0 0 0 0 
63.74519 8.83139 9 0 0 0 0 0 0 0 0 -1 -1 0 0 1 0 0 0 0 0 
69.47280 4.25569 3 0 0 -1 0 0 0 0 0 0 0 1 0 0 0 0 0 0 0 
74.59243 0.00000 15 0 1 0 0 0 0 0 0 1 0 0 0 -1 0 0 0 0 0 
77.98418 5.21562 2 0 -1 0 0 0 0 0 0 0 1 0 0 0 0 0 0 0 0 
83.77576 0.00000 16 0 0 0 1 0 0 0 0 0 0 1 0 0 -1 0 0 0 0 
88.47942 5.69559 3 0 0 -1 0 0 0 0 0 0 0 1 0 0 0 0 0 0 0 
83.26381 12.63908 9 0 0 0 0 0 0 0 0 -1 -1 0 0 1 0 0 0 0 0 
105.88616 0.00000 15 0 1 0 0 0 0 0 0 1 0 0 0 -1 0 0 0 0 0 
136.34796 4.51167 4 0 0 0 -1 0 0 0 0 0 0 0 1 0 0 0 0 0 0 
140.79564 4.73566 2 0 -1 0 0 0 0 0 0 0 1 0 0 0 0 0 0 0 0 
135.67601 10.91121 9 0 0 0 0 0 0 0 0 -1 -1 0 0 1 0 0 0 0 0 
146.71521 7.00749 10 0 0 0 0 0 0 0 0 0 0 -1 -1 0 1 0 0 0 0 
152.69878 4.57567 4 0 0 0 -1 0 0 0 0 0 0 0 1 0 0 0 0 0 0 
183.44855 10.49524 13 0 0 0 0 0 0 0 0 0 -1 0 0 -1 0 0 0 1 0 
191.54396 8.25540 10 0 0 0 0 0 0 0 0 0 0 -1 -1 0 1 0 0 0 0 
196.82358 7.32747 14 0 0 0 0 0 0 0 0 0 0 0 0 0 -1 0 0 -1 1 
222.54971 5.08763 1 -1 0 0 0 0 0 0 0 1 0 0 0 0 0 0 0 0 0 
223.25366 6.87950 10 0 0 0 0 0 0 0 0 0 0 -1 -1 0 1 0 0 0 0 
242.99623 6.87950 9 0 0 0 0 0 0 0 0 -1 -1 0 0 1 0 0 0 0 0 
292.35397 6.78674 9 0 0 0 0 0 0 0 0 -1 -1 0 0 1 0 0 0 0 0 
325.07120 0.00000 15 0 1 0 0 0 0 0 0 1 0 0 0 -1 0 0 0 0 0 
330.03320 0.00000 20 0 0 0 0 0 1 0 0 0 0 0 0 0 0 0 0 1 -1 
338.96481 4.16168 2 0 -1 0 0 0 0 0 0 0 1 0 0 0 0 0 0 0 0 
349.24097 4.22571 6 0 0 0 0 0 -1 0 0 0 0 0 0 0 1 0 0 0 0 
343.19052 12.48505 13 0 0 0 0 0 0 0 0 0 -1 0 0 -1 0 0 0 1 0 
376.19586 6.17850 14 0 0 0 0 0 0 0 0 0 0 0 0 0 -1 0 0 -1 1 
393.67493 0.00000 16 0 0 0 1 0 0 0 0 0 0 1 0 0 -1 0 0 0 0 
449.05731 8.29135 9 0 0 0 0 0 0 0 0 -1 -1 0 0 1 0 0 0 0 0 
500.05392 5.85837 4 0 0 0 -1 0 0 0 0 0 0 0 1 0 0 0 0 0 0 
534.79822 9.75464 14 0 0 0 0 0 0 0 0 0 0 0 0 0 -1 0 0 -1 1 
649.29529 0.00000 15 0 1 0 0 0 0 0 0 1 0 0 0 -1 0 0 0 0 0 
734.97620 6.10864 2 0 -1 0 0 0 0 0 0 0 1 0 0 0 0 0 0 0 0 
769.77307 10.07446 9 0 0 0 0 0 0 0 0 -1 -1 0 0 1 0 0 0 0 0 
821.00891 0.00000 20 0 0 0 0 0 1 0 0 0 0 0 0 0 0 0 0 1 -1 
821.39270 0.00000 15 0 1 0 0 0 0 0 0 1 0 0 0 -1 0 0 0 0 0 
837.25598 3.86987 6 0 0 0 0 0 -1 0 0 0 0 0 0 0 1 0 0 0 0 
847.87415 5.37305 2 0 -1 0 0 0 0 0 0 0 1 0 0 0 0 0 0 0 0 
853.27917 9.01904 9 0 0 0 0 0 0 0 0 -1 -1 0 0 1 0 0 0 0 0 
870.54968 0.00000 20 0 0 0 0 0 1 0 0 0 0 0 0 0 0 0 0 1 -1 
873.77991 8.28345 10 0 0 0 0 0 0 0 0 0 0 -1 -1 0 1 0 0 0 0 
883.05481 0.00000 19 0 1 0 0 0 0 0 0 0 0 0 0 1 0 0 0 -1 0 
883.95032 0.00000 16 0 0 0 1 0 0 0 0 0 0 1 0 0 -1 0 0 0 0 
889.32336 4.95728 2 0 -1 0 0 0 0 0 0 0 1 0 0 0 0 0 0 0 0 
905.89026 5.40503 4 0 0 0 -1 0 0 0 0 0 0 0 1 0 0 0 0 0 0 
922.64905 4.92529 6 0 0 0 0 0 -1 0 0 0 0 0 0 0 1 0 0 0 0 
921.72156 6.87622 13 0 0 0 0 0 0 0 0 0 -1 0 0 -1 0 0 0 1 0 
932.11584 0.00000 15 0 1 0 0 0 0 0 0 1 0 0 0 -1 0 0 0 0 0 
934.54651 5.98071 14 0 0 0 0 0 0 0 0 0 0 0 0 0 -1 0 0 -1 1 
941.48669 10.93799 10 0 0 0 0 0 0 0 0 0 0 -1 -1 0 1 0 0 0 0 
954.72742 4.25366 2 0 -1 0 0 0 0 0 0 0 1 0 0 0 0 0 0 0 0 
981.81653 0.00000 19 0 1 0 0 0 0 0 0 0 0 0 0 1 0 0 0 -1 0 
995.08923 8.95508 11 0 0 0 0 0 0 0 0 0 0 0 0 -1 -1 1 0 0 0 
1004.07629 3.23022 2 0 -1 0 0 0 0 0 0 0 1 0 0 0 0 0 0 0 0 
1022.65808 8.79517 12 0 0 0 0 0 0 0 0 0 -1 0 0 0 0 -1 1 0 0 
1050.96252 6.90820 9 0 0 0 0 0 0 0 0 -1 -1 0 0 1 0 0 0 0 0 
1095.80188 0.00000 15 0 1 0 0 0 0 0 0 1 0 0 0 -1 0 0 0 0 0 
1148.82874 4.89331 2 0 -1 0 0 0 0 0 0 0 1 0 0 0 0 0 0 0 0 
1237.67590 0.00000 16 0 0 0 1 0 0 0 0 0 0 1 0 0 -1 0 0 0 0 
1303.94348 4.60547 4 0 0 0 -1 0 0 0 0 0 0 0 1 0 0 0 0 0 0 
1320.19055 10.71411 10 0 0 0 0 0 0 0 0 0 0 -1 -1 0 1 0 0 0 0 
1367.14075 7.54785 9 0 0 0 0 0 0 0 0 -1 -1 0 0 1 0 0 0 0 0 
1426.08435 7.99561 11 0 0 0 0 0 0 0 0 0 0 0 0 -1 -1 1 0 0 0 
1460.30554 7.13208 12 0 0 0 0 0 0 0 0 0 -1 0 0 0 0 -1 1 0 0 
1647.40271 0.00000 18 0 1 0 0 0 0 0 0 0 0 0 0 0 0 1 -1 0 0 
1690.48303 3.93384 2 0 -1 0 0 0 0 0 0 0 1 0 0 0 0 0 0 0 0 
1753.39246 11.92944 12 0 0 0 0 0 0 0 0 0 -1 0 0 0 0 -1 1 0 0 
