0.09600 4.44800 2 0 -1 0 0 0 0 0 0 0 1 0 0 0 0 0 0 0 0 
1.08800 4.51201 1 -1 0 0 0 0 0 0 0 1 0 0 0 0 0 0 0 0 0 
1.85600 5.92001 1 -1 0 0 0 0 0 0 0 1 0 0 0 0 0 0 0 0 0 
6.17601 5.02396 3 0 0 -1 0 0 0 0 0 0 0 1 0 0 0 0 0 0 0 
7.96801 4.09595 4 0 0 0 -1 0 0 0 0 0 0 0 1 0 0 0 0 0 0 
14.36793 4.60794 3 0 0 -1 0 0 0 0 0 0 0 1 0 0 0 0 0 0 0 
19.39186 3.99995 2 0 -1 0 0 0 0 0 0 0 1 0 0 0 0 0 0 0 0 
23.42381 10.11196 9 0 0 0 0 0 0 0 0 -1 -1 0 0 1 0 0 0 0 0 
32.63973 4.28820 2 0 -1 0 0 0 0 0 0 0 1 0 0 0 0 0 0 0 0 
37.37595 4.41621 1 -1 0 0 0 0 0 0 0 1 0 0 0 0 0 0 0 0 0 
40.83212 5.18424 2 0 -1 0 0 0 0 0 0 0 1 0 0 0 0 0 0 0 0 
42.46420 8.60840 13 0 0 0 0 0 0 0 0 0 -1 0 0 -1 0 0 0 1 0 
46.40038 8.76841 10 0 0 0 0 0 0 0 0 0 0 -1 -1 0 1 0 0 0 0 
52.67267 4.54421 2 0 -1 0 0 0 0 0 0 0 1 0 0 0 0 0 0 0 0 
58.56094 7.07214 9 0 0 0 0 0 0 0 0 -1 -1 0 0 1 0 0 0 0 0 
70.40073 6.75151 9 0 0 0 0 0 0 0 0 -1 -1 0 0 1 0 0 0 0 0 
79.36008 2.65581 3 0 0 -1 0 0 0 0 0 0 0 1 0 0 0 0 0 0 0 
86.01560 3.99971 2 0 -1 0 0 0 0 0 0 0 1 0 0 0 0 0 0 0 0 
92.89510 3.71173 4 0 0 0 -1 0 0 0 0 0 0 0 1 0 0 0 0 0 0 
87.51949 10.65523 11 0 0 0 0 0 0 0 0 0 0 0 0 -1 -1 1 0 0 0 
122.04499 6.71952 10 0 0 0 0 0 0 0 0 0 0 -1 -1 0 1 0 0 0 0 
123.13291 8.35140 12 0 0 0 0 0 0 0 0 0 -1 0 0 0 0 -1 1 0 0 
128.82851 14.17497 11 0 0 0 0 0 0 0 0 0 0 0 0 -1 -1 1 0 0 0 
183.92851 4.54367 4 0 0 0 -1 0 0 0 0 0 0 0 1 0 0 0 0 0 0 
229.14124 9.02335 10 0 0 0 0 0 0 0 0 0 0 -1 -1 0 1 0 0 0 0 
245.01208 5.88757 14 0 0 0 0 0 0 0 0 0 0 0 0 0 -1 0 0 -1 1 
269.01654 0.00000 20 0 0 0 0 0 1 0 0 0 0 0 0 0 0 0 0 1 -1 
278.62042 3.96960 6 0 0 0 0 0 -1 0 0 0 0 0 0 0 1 0 0 0 0 
330.22528 0.00000 17 0 0 0 0 1 0 0 0 0 0 0 0 0 1 -1 0 0 0 
346.51987 3.77753 5 0 0 0 0 -1 0 0 0 0 0 0 0 1 0 0 0 0 0 
345.75156 6.65869 14 0 0 0 0 0 0 0 0 0 0 0 0 0 -1 0 0 -1 1 
424.40735 11.30057 13 0 0 0 0 0 0 0 0 0 -1 0 0 -1 0 0 0 1 0 
439.96564 0.00000 16 0 0 0 1 0 0 0 0 0 0 1 0 0 -1 0 0 0 0 
446.56030 4.19370 4 0 0 0 -1 0 0 0 0 0 0 0 1 0 0 0 0 0 0 
461.99054 11.74875 10 0 0 0 0 0 0 0 0 0 0 -1 -1 0 1 0 0 0 0 
502.45490 8.13129 14 0 0 0 0 0 0 0 0 0 0 0 0 0 -1 0 0 -1 1 
562.17517 0.00000 20 0 0 0 0 0 1 0 0 0 0 0 0 0 0 0 0 1 -1 
565.02161 4.50952 6 0 0 0 0 0 -1 0 0 0 0 0 0 0 1 0 0 0 0 
569.56311 9.53076 14 0 0 0 0 0 0 0 0 0 0 0 0 0 -1 0 0 -1 1 
779.30383 0.00000 20 0 0 0 0 0 1 0 0 0 0 0 0 0 0 0 0 1 -1 
786.05212 0.00000 20 0 0 0 0 0 1 0 0 0 0 0 0 0 0 0 0 1 -1 
811.19031 5.82080 6 0 0 0 0 0 -1 0 0 0 0 0 0 0 1 0 0 0 0 
892.48962 6.68433 14 0 0 0 0 0 0 0 0 0 0 0 0 0 -1 0 0 -1 1 
906.62585 5.40503 6 0 0 0 0 0 -1 0 0 0 0 0 0 0 1 0 0 0 0 
939.27991 6.81226 14 0 0 0 0 0 0 0 0 0 0 0 0 0 -1 0 0 -1 1 
1170.67273 0.00000 20 0 0 0 0 0 1 0 0 0 0 0 0 0 0 0 0 1 -1 
1179.05212 3.99780 6 0 0 0 0 0 -1 0 0 0 0 0 0 0 1 0 0 0 0 
1196.99426 7.13208 14 0 0 0 0 0 0 0 0 0 0 0 0 0 -1 0 0 -1 1 
1490.27307 0.00000 20 0 0 0 0 0 1 0 0 0 0 0 0 0 0 0 0 1 -1 
1543.93958 0.00000 20 0 0 0 0 0 1 0 0 0 0 0 0 0 0 0 0 1 -1 
1544.19543 4.34961 6 0 0 0 0 0 -1 0 0 0 0 0 0 0 1 0 0 0 0 
1549.15271 5.72485 6 0 0 0 0 0 -1 0 0 0 0 0 0 0 1 0 0 0 0 
1554.90955 12.56909 14 0 0 0 0 0 0 0 0 0 0 0 0 0 -1 0 0 -1 1 
1616.02795 0.00000 19 0 1 0 0 0 0 0 0 0 0 0 0 1 0 0 0 -1 0 
1639.75891 0.00000 18 0 1 0 0 0 0 0 0 0 0 0 0 0 0 1 -1 0 0 
1631.18762 9.49878 11 0 0 0 0 0 0 0 0 0 0 0 0 -1 -1 1 0 0 0 
1635.56921 5.14917 2 0 -1 0 0 0 0 0 0 0 1 0 0 0 0 0 0 0 0 
1639.75891 3.64600 2 0 -1 0 0 0 0 0 0 0 1 0 0 0 0 0 0 0 0 
1643.43689 10.10645 12 0 0 0 0 0 0 0 0 0 -1 0 0 0 0 -1 1 0 0 
1734.77869 10.07446 12 0 0 0 0 0 0 0 0 0 -1 0 0 0 0 -1 1 0 0 
