0.09600 3.68000 2 0 -1 0 0 0 0 0 0 0 1 0 0 0 0 0 0 0 0 
2.43200 4.00001 3 0 0 -1 0 0 0 0 0 0 0 1 0 0 0 0 0 0 0 
4.76800 5.43998 4 0 0 0 -1 0 0 0 0 0 0 0 1 0 0 0 0 0 0 
14.59193 2.11197 2 0 -1 0 0 0 0 0 0 0 1 0 0 0 0 0 0 0 0 
16.12791 4.38394 1 -1 0 0 0 0 0 0 0 1 0 0 0 0 0 0 0 0 0 
22.20783 4.70394 2 0 -1 0 0 0 0 0 0 0 1 0 0 0 0 0 0 0 0 
26.87977 4.54394 4 0 0 0 -1 0 0 0 0 0 0 0 1 0 0 0 0 0 0 
31.48771 9.28040 9 0 0 0 0 0 0 0 0 -1 -1 0 0 1 0 0 0 0 0 
36.19190 6.91232 2 0 -1 0 0 0 0 0 0 0 1 0 0 0 0 0 0 0 0 
54.30475 8.64040 13 0 0 0 0 0 0 0 0 0 -1 0 0 -1 0 0 0 1 0 
59.36098 3.71217 1 -1 0 0 0 0 0 0 0 1 0 0 0 0 0 0 0 0 0 
62.75314 2.84794 2 0 -1 0 0 0 0 0 0 0 1 0 0 0 0 0 0 0 0 
75.20038 4.89565 3 0 0 -1 0 0 0 0 0 0 0 1 0 0 0 0 0 0 0 
103.61433 9.27933 9 0 0 0 0 0 0 0 0 -1 -1 0 0 1 0 0 0 0 0 
112.98965 5.21562 1 -1 0 0 0 0 0 0 0 1 0 0 0 0 0 0 0 0 0 
118.78122 6.39954 10 0 0 0 0 0 0 0 0 0 0 -1 -1 0 1 0 0 0 0 
125.21277 3.35976 3 0 0 -1 0 0 0 0 0 0 0 1 0 0 0 0 0 0 0 
130.10841 10.36725 10 0 0 0 0 0 0 0 0 0 0 -1 -1 0 1 0 0 0 0 
136.50795 3.99971 4 0 0 0 -1 0 0 0 0 0 0 0 1 0 0 0 0 0 0 
146.84320 8.47939 10 0 0 0 0 0 0 0 0 0 0 -1 -1 0 1 0 0 0 0 
164.76190 0.00000 15 0 1 0 0 0 0 0 0 1 0 0 0 -1 0 0 0 0 0 
170.36150 5.82358 2 0 -1 0 0 0 0 0 0 0 1 0 0 0 0 0 0 0 0 
204.63101 7.51945 14 0 0 0 0 0 0 0 0 0 0 0 0 0 -1 0 0 -1 1 
211.95848 5.18362 2 0 -1 0 0 0 0 0 0 0 1 0 0 0 0 0 0 0 0 
212.75842 9.98328 9 0 0 0 0 0 0 0 0 -1 -1 0 0 1 0 0 0 0 0 
223.86162 7.74344 9 0 0 0 0 0 0 0 0 -1 -1 0 0 1 0 0 0 0 0 
240.05244 8.44739 13 0 0 0 0 0 0 0 0 0 -1 0 0 -1 0 0 0 1 0 
282.75009 0.00000 15 0 1 0 0 0 0 0 0 1 0 0 0 -1 0 0 0 0 0 
295.36319 0.00000 16 0 0 0 1 0 0 0 0 0 0 1 0 0 -1 0 0 0 0 
302.50208 4.92999 2 0 -1 0 0 0 0 0 0 0 1 0 0 0 0 0 0 0 0 
334.35495 4.16168 4 0 0 0 -1 0 0 0 0 0 0 0 1 0 0 0 0 0 0 
368.35269 7.33096 14 0 0 0 0 0 0 0 0 0 0 0 0 0 -1 0 0 -1 1 
376.13184 0.00000 20 0 0 0 0 0 1 0 0 0 0 0 0 0 0 0 0 1 -1 
368.06458 10.66031 10 0 0 0 0 0 0 0 0 0 0 -1 -1 0 1 0 0 0 0 
379.23709 0.00000 20 0 0 0 0 0 1 0 0 0 0 0 0 0 0 0 0 1 -1 
389.73734 7.97122 14 0 0 0 0 0 0 0 0 0 0 0 0 0 -1 0 0 -1 1 
425.81592 4.41779 6 0 0 0 0 0 -1 0 0 0 0 0 0 0 1 0 0 0 0 
434.74753 0.00000 16 0 0 0 1 0 0 0 0 0 0 1 0 0 -1 0 0 0 0 
450.14575 3.96960 4 0 0 0 -1 0 0 0 0 0 0 0 1 0 0 0 0 0 0 
505.07996 7.71436 9 0 0 0 0 0 0 0 0 -1 -1 0 0 1 0 0 0 0 0 
539.81946 4.60547 6 0 0 0 0 0 -1 0 0 0 0 0 0 0 1 0 0 0 0 
583.98718 0.00000 19 0 1 0 0 0 0 0 0 0 0 0 0 1 0 0 0 -1 0 
607.65417 0.00000 16 0 0 0 1 0 0 0 0 0 0 1 0 0 -1 0 0 0 0 
624.34900 2.71851 4 0 0 0 -1 0 0 0 0 0 0 0 1 0 0 0 0 0 0 
634.83923 9.33887 10 0 0 0 0 0 0 0 0 0 0 -1 -1 0 1 0 0 0 0 
634.39148 9.88257 13 0 0 0 0 0 0 0 0 0 -1 0 0 -1 0 0 0 1 0 
642.83484 9.43481 10 0 0 0 0 0 0 0 0 0 0 -1 -1 0 1 0 0 0 0 
662.40808 0.00000 20 0 0 0 0 0 1 0 0 0 0 0 0 0 0 0 0 1 -1 
669.50818 8.53931 14 0 0 0 0 0 0 0 0 0 0 0 0 0 -1 0 0 -1 1 
672.89832 5.98071 2 0 -1 0 0 0 0 0 0 0 1 0 0 0 0 0 0 0 0 
687.61023 5.02124 6 0 0 0 0 0 -1 0 0 0 0 0 0 0 1 0 0 0 0 
707.15149 0.00000 16 0 0 0 1 0 0 0 0 0 0 1 0 0 -1 0 0 0 0 
710.12585 0.00000 16 0 0 0 1 0 0 0 0 0 0 1 0 0 -1 0 0 0 0 
724.10217 5.88477 4 0 0 0 -1 0 0 0 0 0 0 0 1 0 0 0 0 0 0 
732.89734 6.62036 10 0 0 0 0 0 0 0 0 0 0 -1 -1 0 1 0 0 0 0 
742.04431 1.79102 4 0 0 0 -1 0 0 0 0 0 0 0 1 0 0 0 0 0 0 
740.79700 9.75464 13 0 0 0 0 0 0 0 0 0 -1 0 0 -1 0 0 0 1 0 
750.99939 0.00000 16 0 0 0 1 0 0 0 0 0 0 1 0 0 -1 0 0 0 0 
752.15076 10.29834 10 0 0 0 0 0 0 0 0 0 0 -1 -1 0 1 0 0 0 0 
759.47473 5.24512 4 0 0 0 -1 0 0 0 0 0 0 0 1 0 0 0 0 0 0 
770.70056 0.00000 20 0 0 0 0 0 1 0 0 0 0 0 0 0 0 0 0 1 -1 
781.51062 4.63745 6 0 0 0 0 0 -1 0 0 0 0 0 0 0 1 0 0 0 0 
788.45081 7.03613 14 0 0 0 0 0 0 0 0 0 0 0 0 0 -1 0 0 -1 1 
797.75769 0.00000 16 0 0 0 1 0 0 0 0 0 0 1 0 0 -1 0 0 0 0 
798.90906 8.92310 10 0 0 0 0 0 0 0 0 0 0 -1 -1 0 1 0 0 0 0 
810.55066 0.00000 16 0 0 0 1 0 0 0 0 0 0 1 0 0 -1 0 0 0 0 
818.61023 4.12573 4 0 0 0 -1 0 0 0 0 0 0 0 1 0 0 0 0 0 0 
823.72742 4.63745 4 0 0 0 -1 0 0 0 0 0 0 0 1 0 0 0 0 0 0 
828.42883 9.78662 10 0 0 0 0 0 0 0 0 0 0 -1 -1 0 1 0 0 0 0 
841.38171 0.00000 19 0 1 0 0 0 0 0 0 0 0 0 0 1 0 0 0 -1 0 
830.98743 11.35376 10 0 0 0 0 0 0 0 0 0 0 -1 -1 0 1 0 0 0 0 
849.28137 6.36450 14 0 0 0 0 0 0 0 0 0 0 0 0 0 -1 0 0 -1 1 
874.16370 3.61401 2 0 -1 0 0 0 0 0 0 0 1 0 0 0 0 0 0 0 0 
905.02673 0.00000 20 0 0 0 0 0 1 0 0 0 0 0 0 0 0 0 0 1 -1 
917.05212 3.99780 6 0 0 0 0 0 -1 0 0 0 0 0 0 0 1 0 0 0 0 
922.10535 7.03613 14 0 0 0 0 0 0 0 0 0 0 0 0 0 -1 0 0 -1 1 
968.03210 0.00000 20 0 0 0 0 0 1 0 0 0 0 0 0 0 0 0 0 1 -1 
976.09167 4.28564 6 0 0 0 0 0 -1 0 0 0 0 0 0 0 1 0 0 0 0 
1001.45374 0.00000 20 0 0 0 0 0 1 0 0 0 0 0 0 0 0 0 0 1 -1 
1010.34485 4.86133 6 0 0 0 0 0 -1 0 0 0 0 0 0 0 1 0 0 0 0 
1042.23132 5.82080 14 0 0 0 0 0 0 0 0 0 0 0 0 0 -1 0 0 -1 1 
1146.30212 0.00000 20 0 0 0 0 0 1 0 0 0 0 0 0 0 0 0 0 1 -1 
1166.22717 4.63745 6 0 0 0 0 0 -1 0 0 0 0 0 0 0 1 0 0 0 0 
1189.89417 7.80371 14 0 0 0 0 0 0 0 0 0 0 0 0 0 -1 0 0 -1 1 
1300.13757 0.00000 20 0 0 0 0 0 1 0 0 0 0 0 0 0 0 0 0 1 -1 
1334.64661 0.00000 19 0 1 0 0 0 0 0 0 0 0 0 0 1 0 0 0 -1 0 
1338.99622 2.78247 6 0 0 0 0 0 -1 0 0 0 0 0 0 0 1 0 0 0 0 
1363.36682 8.44336 11 0 0 0 0 0 0 0 0 0 0 0 0 -1 -1 1 0 0 0 
1392.79065 5.66089 2 0 -1 0 0 0 0 0 0 0 1 0 0 0 0 0 0 0 0 
1493.56726 0.00000 17 0 0 0 0 1 0 0 0 0 0 0 0 0 1 -1 0 0 0 
1498.52454 0.00000 16 0 0 0 1 0 0 0 0 0 0 1 0 0 -1 0 0 0 0 
1587.69153 4.70142 4 0 0 0 -1 0 0 0 0 0 0 0 1 0 0 0 0 0 0 
