1.53600 4.44801 1 -1 0 0 0 0 0 0 0 1 0 0 0 0 0 0 0 0 0 
6.65601 5.53595 2 0 -1 0 0 0 0 0 0 0 1 0 0 0 0 0 0 0 0 
9.82399 5.40793 4 0 0 0 -1 0 0 0 0 0 0 0 1 0 0 0 0 0 0 
14.27193 4.03195 2 0 -1 0 0 0 0 0 0 0 1 0 0 0 0 0 0 0 0 
16.12791 4.44794 2 0 -1 0 0 0 0 0 0 0 1 0 0 0 0 0 0 0 0 
20.83185 5.43993 4 0 0 0 -1 0 0 0 0 0 0 0 1 0 0 0 0 0 0 
21.24784 7.93590 2 0 -1 0 0 0 0 0 0 0 1 0 0 0 0 0 0 0 0 
26.52777 3.77595 2 0 -1 0 0 0 0 0 0 0 1 0 0 0 0 0 0 0 0 
30.78372 4.32013 4 0 0 0 -1 0 0 0 0 0 0 0 1 0 0 0 0 0 0 
36.63992 6.40030 1 -1 0 0 0 0 0 0 0 1 0 0 0 0 0 0 0 0 0 
39.90407 4.70422 3 0 0 -1 0 0 0 0 0 0 0 1 0 0 0 0 0 0 0 
40.28809 8.73641 9 0 0 0 0 0 0 0 0 -1 -1 0 0 1 0 0 0 0 0 
47.58443 11.04052 10 0 0 0 0 0 0 0 0 0 0 -1 -1 0 1 0 0 0 0 
57.31289 8.06421 13 0 0 0 0 0 0 0 0 0 -1 0 0 -1 0 0 0 1 0 
61.95310 4.38393 3 0 0 -1 0 0 0 0 0 0 0 1 0 0 0 0 0 0 0 
62.59313 4.25586 1 -1 0 0 0 0 0 0 0 1 0 0 0 0 0 0 0 0 0 
77.69621 7.80743 9 0 0 0 0 0 0 0 0 -1 -1 0 0 1 0 0 0 0 0 
83.07182 9.95128 14 0 0 0 0 0 0 0 0 0 0 0 0 0 -1 0 0 -1 1 
93.05509 2.49582 3 0 0 -1 0 0 0 0 0 0 0 1 0 0 0 0 0 0 0 
99.16665 0.00000 15 0 1 0 0 0 0 0 0 1 0 0 0 -1 0 0 0 0 0 
101.47048 3.77573 2 0 -1 0 0 0 0 0 0 0 1 0 0 0 0 0 0 0 0 
103.58233 7.03949 10 0 0 0 0 0 0 0 0 0 0 -1 -1 0 1 0 0 0 0 
105.27821 6.33554 9 0 0 0 0 0 0 0 0 -1 -1 0 0 1 0 0 0 0 0 
106.84610 5.59959 2 0 -1 0 0 0 0 0 0 0 1 0 0 0 0 0 0 0 0 
106.23814 11.55116 10 0 0 0 0 0 0 0 0 0 0 -1 -1 0 1 0 0 0 0 
124.57281 0.00000 16 0 0 0 1 0 0 0 0 0 0 1 0 0 -1 0 0 0 0 
145.75528 4.09570 4 0 0 0 -1 0 0 0 0 0 0 0 1 0 0 0 0 0 0 
155.86655 0.00000 15 0 1 0 0 0 0 0 0 1 0 0 0 -1 0 0 0 0 0 
162.81004 7.42346 9 0 0 0 0 0 0 0 0 -1 -1 0 0 1 0 0 0 0 0 
187.22427 9.18333 9 0 0 0 0 0 0 0 0 -1 -1 0 0 1 0 0 0 0 0 
197.01556 0.00000 15 0 1 0 0 0 0 0 0 1 0 0 0 -1 0 0 0 0 0 
207.25482 9.47131 13 0 0 0 0 0 0 0 0 0 -1 0 0 -1 0 0 0 1 0 
233.14095 8.57538 10 0 0 0 0 0 0 0 0 0 0 -1 -1 0 1 0 0 0 0 
238.58055 4.79965 2 0 -1 0 0 0 0 0 0 0 1 0 0 0 0 0 0 0 0 
247.63589 10.59229 9 0 0 0 0 0 0 0 0 -1 -1 0 0 1 0 0 0 0 0 
259.76480 9.41180 11 0 0 0 0 0 0 0 0 0 0 0 0 -1 -1 1 0 0 0 
267.73602 4.09766 2 0 -1 0 0 0 0 0 0 0 1 0 0 0 0 0 0 0 0 
277.17984 8.86758 14 0 0 0 0 0 0 0 0 0 0 0 0 0 -1 0 0 -1 1 
278.78049 8.29135 12 0 0 0 0 0 0 0 0 0 -1 0 0 0 0 -1 1 0 0 
288.48041 0.00000 20 0 0 0 0 0 1 0 0 0 0 0 0 0 0 0 0 1 -1 
302.27798 5.85837 6 0 0 0 0 0 -1 0 0 0 0 0 0 0 1 0 0 0 0 
310.50531 0.00000 16 0 0 0 1 0 0 0 0 0 0 1 0 0 -1 0 0 0 0 
333.87476 0.00000 19 0 1 0 0 0 0 0 0 0 0 0 0 1 0 0 0 -1 0 
333.87476 5.53824 2 0 -1 0 0 0 0 0 0 0 1 0 0 0 0 0 0 0 0 
347.22415 0.00000 20 0 0 0 0 0 1 0 0 0 0 0 0 0 0 0 0 1 -1 
339.47702 12.86920 13 0 0 0 0 0 0 0 0 0 -1 0 0 -1 0 0 0 1 0 
354.01089 5.53824 4 0 0 0 -1 0 0 0 0 0 0 0 1 0 0 0 0 0 0 
362.33426 9.53986 10 0 0 0 0 0 0 0 0 0 0 -1 -1 0 1 0 0 0 0 
386.53604 5.73032 6 0 0 0 0 0 -1 0 0 0 0 0 0 0 1 0 0 0 0 
407.69659 7.42700 14 0 0 0 0 0 0 0 0 0 0 0 0 0 -1 0 0 -1 1 
430.90598 9.69992 14 0 0 0 0 0 0 0 0 0 0 0 0 0 -1 0 0 -1 1 
624.79675 0.00000 20 0 0 0 0 0 1 0 0 0 0 0 0 0 0 0 0 1 -1 
645.52136 3.90186 6 0 0 0 0 0 -1 0 0 0 0 0 0 0 1 0 0 0 0 
683.06873 0.00000 16 0 0 0 1 0 0 0 0 0 0 1 0 0 -1 0 0 0 0 
696.91711 0.00000 20 0 0 0 0 0 1 0 0 0 0 0 0 0 0 0 0 1 -1 
701.10681 3.99780 4 0 0 0 -1 0 0 0 0 0 0 0 1 0 0 0 0 0 0 
708.84656 5.75684 6 0 0 0 0 0 -1 0 0 0 0 0 0 0 1 0 0 0 0 
718.05750 10.23438 14 0 0 0 0 0 0 0 0 0 0 0 0 0 -1 0 0 -1 1 
731.84192 9.11499 10 0 0 0 0 0 0 0 0 0 0 -1 -1 0 1 0 0 0 0 
783.01379 9.27490 14 0 0 0 0 0 0 0 0 0 0 0 0 0 -1 0 0 -1 1 
837.73572 0.00000 20 0 0 0 0 0 1 0 0 0 0 0 0 0 0 0 0 1 -1 
840.16638 0.00000 19 0 1 0 0 0 0 0 0 0 0 0 0 1 0 0 0 -1 0 
852.63953 6.78027 2 0 -1 0 0 0 0 0 0 0 1 0 0 0 0 0 0 0 0 
943.98132 0.00000 20 0 0 0 0 0 1 0 0 0 0 0 0 0 0 0 0 1 -1 
981.91248 4.28564 6 0 0 0 0 0 -1 0 0 0 0 0 0 0 1 0 0 0 0 
986.26208 9.62671 14 0 0 0 0 0 0 0 0 0 0 0 0 0 -1 0 0 -1 1 
1068.93665 0.00000 20 0 0 0 0 0 1 0 0 0 0 0 0 0 0 0 0 1 -1 
1074.43762 6.23657 6 0 0 0 0 0 -1 0 0 0 0 0 0 0 1 0 0 0 0 
1096.79333 10.49023 14 0 0 0 0 0 0 0 0 0 0 0 0 0 -1 0 0 -1 1 
1337.10925 0.00000 15 0 1 0 0 0 0 0 0 1 0 0 0 -1 0 0 0 0 0 
1355.88293 4.82935 2 0 -1 0 0 0 0 0 0 0 1 0 0 0 0 0 0 0 0 
1419.91174 7.03613 9 0 0 0 0 0 0 0 0 -1 -1 0 0 1 0 0 0 0 0 
1432.12903 0.00000 20 0 0 0 0 0 1 0 0 0 0 0 0 0 0 0 0 1 -1 
1433.34436 4.31763 6 0 0 0 0 0 -1 0 0 0 0 0 0 0 1 0 0 0 0 
1466.89392 7.41992 14 0 0 0 0 0 0 0 0 0 0 0 0 0 -1 0 0 -1 1 
1693.26550 0.00000 15 0 1 0 0 0 0 0 0 1 0 0 0 -1 0 0 0 0 0 
