0.09600 1.88800 2 0 -1 0 0 0 0 0 0 0 1 0 0 0 0 0 0 0 0 
0.09600 3.64800 4 0 0 0 -1 0 0 0 0 0 0 0 1 0 0 0 0 0 0 
3.52000 5.40800 2 0 -1 0 0 0 0 0 0 0 1 0 0 0 0 0 0 0 0 
4.83200 5.27998 3 0 0 -1 0 0 0 0 0 0 0 1 0 0 0 0 0 0 0 
8.32000 4.15995 2 0 -1 0 0 0 0 0 0 0 1 0 0 0 0 0 0 0 0 
14.52792 4.99194 4 0 0 0 -1 0 0 0 0 0 0 0 1 0 0 0 0 0 0 
17.50389 5.95192 2 0 -1 0 0 0 0 0 0 0 1 0 0 0 0 0 0 0 0 
20.09586 3.67995 1 -1 0 0 0 0 0 0 0 1 0 0 0 0 0 0 0 0 0 
22.55983 4.28794 2 0 -1 0 0 0 0 0 0 0 1 0 0 0 0 0 0 0 0 
31.77570 4.92822 3 0 0 -1 0 0 0 0 0 0 0 1 0 0 0 0 0 0 0 
26.91177 9.88816 9 0 0 0 0 0 0 0 0 -1 -1 0 0 1 0 0 0 0 0 
34.68782 5.08824 1 -1 0 0 0 0 0 0 0 1 0 0 0 0 0 0 0 0 0 
32.03170 9.37644 10 0 0 0 0 0 0 0 0 0 0 -1 -1 0 1 0 0 0 0 
42.68821 3.74417 1 -1 0 0 0 0 0 0 0 1 0 0 0 0 0 0 0 0 0 
36.83193 9.63245 13 0 0 0 0 0 0 0 0 0 -1 0 0 -1 0 0 0 1 0 
52.83268 6.30429 10 0 0 0 0 0 0 0 0 0 0 -1 -1 0 1 0 0 0 0 
63.55318 0.00000 16 0 0 0 1 0 0 0 0 0 0 1 0 0 -1 0 0 0 0 
60.06501 3.84018 2 0 -1 0 0 0 0 0 0 0 1 0 0 0 0 0 0 0 0 
72.67257 0.00000 16 0 0 0 1 0 0 0 0 0 0 1 0 0 -1 0 0 0 0 
76.96025 4.19170 4 0 0 0 -1 0 0 0 0 0 0 0 1 0 0 0 0 0 0 
73.05654 10.04727 9 0 0 0 0 0 0 0 0 -1 -1 0 0 1 0 0 0 0 0 
83.16781 12.51109 13 0 0 0 0 0 0 0 0 0 -1 0 0 -1 0 0 0 1 0 
95.26294 2.55981 4 0 0 0 -1 0 0 0 0 0 0 0 1 0 0 0 0 0 0 
89.88732 8.70337 10 0 0 0 0 0 0 0 0 0 0 -1 -1 0 1 0 0 0 0 
98.62270 5.31161 4 0 0 0 -1 0 0 0 0 0 0 0 1 0 0 0 0 0 0 
106.14214 7.99942 14 0 0 0 0 0 0 0 0 0 0 0 0 0 -1 0 0 -1 1 
109.62989 4.79965 3 0 0 -1 0 0 0 0 0 0 0 1 0 0 0 0 0 0 0 
114.46155 6.97549 10 0 0 0 0 0 0 0 0 0 0 -1 -1 0 1 0 0 0 0 
126.14069 10.27126 10 0 0 0 0 0 0 0 0 0 0 -1 -1 0 1 0 0 0 0 
152.69878 0.00000 16 0 0 0 1 0 0 0 0 0 0 1 0 0 -1 0 0 0 0 
170.61748 4.44768 4 0 0 0 -1 0 0 0 0 0 0 0 1 0 0 0 0 0 0 
225.74948 0.00000 16 0 0 0 1 0 0 0 0 0 0 1 0 0 -1 0 0 0 0 
252.75552 7.42545 9 0 0 0 0 0 0 0 0 -1 -1 0 0 1 0 0 0 0 0 
254.99536 5.72983 4 0 0 0 -1 0 0 0 0 0 0 0 1 0 0 0 0 0 0 
258.38824 9.89200 10 0 0 0 0 0 0 0 0 0 0 -1 -1 0 1 0 0 0 0 
306.08752 8.06726 13 0 0 0 0 0 0 0 0 0 -1 0 0 -1 0 0 0 1 0 
315.11517 0.00000 16 0 0 0 1 0 0 0 0 0 0 1 0 0 -1 0 0 0 0 
356.37985 7.10687 10 0 0 0 0 0 0 0 0 0 0 -1 -1 0 1 0 0 0 0 
402.22238 0.00000 20 0 0 0 0 0 1 0 0 0 0 0 0 0 0 0 0 1 -1 
406.12796 9.21973 14 0 0 0 0 0 0 0 0 0 0 0 0 0 -1 0 0 -1 1 
452.48270 0.00000 19 0 1 0 0 0 0 0 0 0 0 0 0 1 0 0 0 -1 0 
461.28625 5.18610 2 0 -1 0 0 0 0 0 0 0 1 0 0 0 0 0 0 0 0 
523.60437 8.63525 13 0 0 0 0 0 0 0 0 0 -1 0 0 -1 0 0 0 1 0 
534.89417 2.81445 4 0 0 0 -1 0 0 0 0 0 0 0 1 0 0 0 0 0 0 
537.74060 11.19385 10 0 0 0 0 0 0 0 0 0 0 -1 -1 0 1 0 0 0 0 
632.92029 0.00000 16 0 0 0 1 0 0 0 0 0 0 1 0 0 -1 0 0 0 0 
634.77527 4.18970 4 0 0 0 -1 0 0 0 0 0 0 0 1 0 0 0 0 0 0 
642.06726 11.28979 10 0 0 0 0 0 0 0 0 0 0 -1 -1 0 1 0 0 0 0 
693.94275 0.00000 19 0 1 0 0 0 0 0 0 0 0 0 0 1 0 0 0 -1 0 
754.70935 0.00000 15 0 1 0 0 0 0 0 0 1 0 0 0 -1 0 0 0 0 0 
769.83704 6.07666 2 0 -1 0 0 0 0 0 0 0 1 0 0 0 0 0 0 0 0 
792.00085 0.00000 20 0 0 0 0 0 1 0 0 0 0 0 0 0 0 0 0 1 -1 
784.19714 9.81860 9 0 0 0 0 0 0 0 0 -1 -1 0 0 1 0 0 0 0 0 
794.27161 8.82715 14 0 0 0 0 0 0 0 0 0 0 0 0 0 -1 0 0 -1 1 
844.77185 0.00000 20 0 0 0 0 0 1 0 0 0 0 0 0 0 0 0 0 1 -1 
844.61194 3.80591 2 0 -1 0 0 0 0 0 0 0 1 0 0 0 0 0 0 0 0 
906.65784 5.85278 6 0 0 0 0 0 -1 0 0 0 0 0 0 0 1 0 0 0 0 
900.13342 12.40918 6 0 0 0 0 0 -1 0 0 0 0 0 0 0 1 0 0 0 0 
915.35706 6.78027 13 0 0 0 0 0 0 0 0 0 -1 0 0 -1 0 0 0 1 0 
922.20129 13.43262 14 0 0 0 0 0 0 0 0 0 0 0 0 0 -1 0 0 -1 1 
1007.37048 0.00000 19 0 1 0 0 0 0 0 0 0 0 0 0 1 0 0 0 -1 0 
1007.37048 5.88477 2 0 -1 0 0 0 0 0 0 0 1 0 0 0 0 0 0 0 0 
1013.31921 12.34521 13 0 0 0 0 0 0 0 0 0 -1 0 0 -1 0 0 0 1 0 
1129.19153 0.00000 19 0 1 0 0 0 0 0 0 0 0 0 0 1 0 0 0 -1 0 
1138.53040 5.62891 2 0 -1 0 0 0 0 0 0 0 1 0 0 0 0 0 0 0 0 
1166.19519 0.00000 20 0 0 0 0 0 1 0 0 0 0 0 0 0 0 0 0 1 -1 
1176.65344 4.22168 6 0 0 0 0 0 -1 0 0 0 0 0 0 0 1 0 0 0 0 
1186.88782 0.00000 19 0 1 0 0 0 0 0 0 0 0 0 0 1 0 0 0 -1 0 
1190.24597 0.00000 16 0 0 0 1 0 0 0 0 0 0 1 0 0 -1 0 0 0 0 
1190.24597 3.51807 4 0 0 0 -1 0 0 0 0 0 0 0 1 0 0 0 0 0 0 
1188.07117 9.08301 13 0 0 0 0 0 0 0 0 0 -1 0 0 -1 0 0 0 1 0 
1196.77039 4.70142 2 0 -1 0 0 0 0 0 0 0 1 0 0 0 0 0 0 0 0 
1193.79602 8.53931 10 0 0 0 0 0 0 0 0 0 0 -1 -1 0 1 0 0 0 0 
1233.48621 9.30688 11 0 0 0 0 0 0 0 0 0 0 0 0 -1 -1 1 0 0 0 
1248.42200 0.00000 19 0 1 0 0 0 0 0 0 0 0 0 0 1 0 0 0 -1 0 
1248.67786 3.26221 2 0 -1 0 0 0 0 0 0 0 1 0 0 0 0 0 0 0 0 
1251.97205 7.48389 13 0 0 0 0 0 0 0 0 0 -1 0 0 -1 0 0 0 1 0 
1279.09314 0.00000 17 0 0 0 0 1 0 0 0 0 0 0 0 0 1 -1 0 0 0 
1305.31873 0.00000 16 0 0 0 1 0 0 0 0 0 0 1 0 0 -1 0 0 0 0 
1314.20984 3.86987 4 0 0 0 -1 0 0 0 0 0 0 0 1 0 0 0 0 0 0 
1451.47839 8.28345 14 0 0 0 0 0 0 0 0 0 0 0 0 0 -1 0 0 -1 1 
1504.15344 4.44556 5 0 0 0 0 -1 0 0 0 0 0 0 0 1 0 0 0 0 0 
1513.81213 4.57349 4 0 0 0 -1 0 0 0 0 0 0 0 1 0 0 0 0 0 0 
1561.46594 0.00000 20 0 0 0 0 0 1 0 0 0 0 0 0 0 0 0 0 1 -1 
1575.95398 5.69287 6 0 0 0 0 0 -1 0 0 0 0 0 0 0 1 0 0 0 0 
1636.27283 9.85059 13 0 0 0 0 0 0 0 0 0 -1 0 0 -1 0 0 0 1 0 
1675.29138 6.81226 14 0 0 0 0 0 0 0 0 0 0 0 0 0 -1 0 0 -1 1 
1796.66467 0.00000 20 0 0 0 0 0 1 0 0 0 0 0 0 0 0 0 0 1 -1 
