0 0 0 0 0 0 0 0 0 0 0 8 1 2 1 1 0 0 0 0
0.272764 0 0 1 0 0 0 0 0 0 0 7 1 2 0 1 0 0 0 0
1.41856 0 0 1 1 0 0 0 0 0 0 6 1 2 0 0 0 0 0 0
10.7227 0 1 1 1 0 0 0 0 0 0 5 1 1 0 0 0 0 0 0
20.4374 1 1 1 1 0 0 0 0 0 0 4 0 1 0 0 0 0 0 0
43.5433 1 1 0 0 0 1 0 0 0 0 5 0 1 0 0 0 0 0 0
68.7891 0 0 0 0 1 1 0 0 0 0 6 0 1 0 0 0 0 0 0
89.6421 0 1 0 0 1 1 0 0 0 0 5 0 0 0 0 0 0 0 0
110.629 0 1 1 0 1 0 0 0 0 0 5 0 0 0 1 0 0 0 0
125.579 0 1 1 1 1 0 0 0 0 0 4 0 0 0 0 0 0 0 0
130.014 0 0 1 1 0 0 0 1 0 0 5 0 0 0 0 0 0 0 0
358.507 0 0 1 1 1 0 0 0 0 0 5 0 1 0 0 0 0 0 0
365.617 0 1 1 1 1 0 0 0 0 0 4 0 0 0 0 0 0 0 0
379.498 0 1 0 0 1 1 0 0 0 0 5 0 0 0 0 0 0 0 0
388.414 1 1 0 0 0 1 0 0 0 0 5 0 1 0 0 0 0 0 0
391.234 0 0 0 0 1 1 0 0 0 0 6 0 1 0 0 0 0 0 0
391.557 0 1 0 0 1 1 0 0 0 0 5 0 0 0 0 0 0 0 0
395.606 1 1 0 0 0 1 0 0 0 0 5 0 1 0 0 0 0 0 0
405.258 1 2 0 0 0 1 0 0 0 0 4 0 0 0 0 0 0 0 0
435.813 1 2 1 0 0 0 0 0 0 0 4 0 0 0 1 0 0 0 0
455.943 1 2 1 1 0 0 0 0 0 0 3 0 0 0 0 0 0 0 0
503.605 0 1 1 1 1 0 0 0 0 0 4 0 0 0 0 0 0 0 0
512.174 0 1 0 0 1 1 0 0 0 0 5 0 0 0 0 0 0 0 0
534.084 0 1 1 0 1 0 0 0 0 0 5 0 0 0 1 0 0 0 0
552.775 0 1 1 1 1 0 0 0 0 0 4 0 0 0 0 0 0 0 0
564.236 0 1 0 0 1 1 0 0 0 0 5 0 0 0 0 0 0 0 0
598.581 1 1 0 0 0 1 0 0 0 0 5 0 1 0 0 0 0 0 0
600.923 1 2 0 0 0 1 0 0 0 0 4 0 0 0 0 0 0 0 0
654.946 0 1 0 0 1 1 0 0 0 0 5 0 0 0 0 0 0 0 0
656.75 1 1 0 0 0 1 0 0 0 0 5 0 1 0 0 0 0 0 0
657.045 1 2 0 0 0 1 0 0 0 0 4 0 0 0 0 0 0 0 0
661.877 1 2 1 0 0 0 0 0 0 0 4 0 0 0 1 0 0 0 0
673.849 1 2 1 1 0 0 0 0 0 0 3 0 0 0 0 0 0 0 0
684 1 2 0 0 0 1 0 0 0 0 4 0 0 0 0 0 0 0 0
697.424 1 2 1 0 0 0 0 0 0 0 4 0 0 0 1 0 0 0 0
702.142 1 2 1 1 0 0 0 0 0 0 3 0 0 0 0 0 0 0 0
719.783 1 2 0 0 0 1 0 0 0 0 4 0 0 0 0 0 0 0 0
759.238 0 1 0 0 1 1 0 0 0 0 5 0 0 0 0 0 0 0 0
812.273 1 1 0 0 0 1 0 0 0 0 5 0 1 0 0 0 0 0 0
840.983 1 1 1 0 0 0 0 0 0 0 5 0 1 0 1 0 0 0 0
857.557 1 1 1 1 0 0 0 0 0 0 4 0 1 0 0 0 0 0 0
874.717 1 1 0 0 0 1 0 0 0 0 5 0 1 0 0 0 0 0 0
891.3 0 0 0 0 1 1 0 0 0 0 6 0 1 0 0 0 0 0 0
936.874 0 1 0 0 1 1 0 0 0 0 5 0 0 0 0 0 0 0 0
950.254 0 1 1 0 1 0 0 0 0 0 5 0 0 0 1 0 0 0 0
971.266 0 1 1 1 1 0 0 0 0 0 4 0 0 0 0 0 0 0 0
980.848 0 1 0 0 1 1 0 0 0 0 5 0 0 0 0 0 0 0 0
997.396 0 1 0 0 0 0 1 0 0 0 6 0 0 0 0 0 0 0 0
1020.58 0 0 0 0 0 0 0 0 1 0 7 0 0 0 0 0 0 0 0
1108.09 0 0 0 0 0 0 1 0 0 0 7 0 1 0 0 0 0 0 0
1108.19 0 1 0 0 0 0 1 0 0 0 6 0 0 0 0 0 0 0 0
1240.39 0 0 0 0 0 0 0 0 1 0 7 0 0 0 0 0 0 0 0
3251.58 0 0 0 0 0 0 1 0 0 0 7 0 1 0 0 0 0 0 0
3259.21 0 1 0 0 0 0 1 0 0 0 6 0 0 0 0 0 0 0 0
3268.16 0 0 0 0 0 0 0 0 1 0 7 0 0 0 0 0 0 0 0
3783.18 0 0 0 0 0 0 1 0 0 0 7 0 1 0 0 0 0 0 0
3795.92 0 1 0 0 0 0 1 0 0 0 6 0 0 0 0 0 0 0 0
3862.03 0 0 0 0 0 0 0 0 1 0 7 0 0 0 0 0 0 0 0
3862.03 0 0 0 0 0 0 0 0 1 0 7 0 0 0 0 0 0 0 0
