0 0 0 0 0 0 0 0 0 0 0 8 1 2 1 1 0 0 0 0
4.61188 0 0 1 0 0 0 0 0 0 0 7 1 2 0 1 0 0 0 0
6.2764 0 0 1 1 0 0 0 0 0 0 6 1 2 0 0 0 0 0 0
8.59294 0 1 1 1 0 0 0 0 0 0 5 1 1 0 0 0 0 0 0
14.4734 0 2 1 1 0 0 0 0 0 0 4 1 0 0 0 0 0 0 0
25.2487 1 2 1 1 0 0 0 0 0 0 3 0 0 0 0 0 0 0 0
63.307 0 1 1 1 1 0 0 0 0 0 4 0 0 0 0 0 0 0 0
85.3853 0 1 0 0 1 1 0 0 0 0 5 0 0 0 0 0 0 0 0
109.596 0 0 0 0 0 1 0 1 0 0 6 0 0 0 0 0 0 0 0
114.267 0 0 1 0 0 0 0 1 0 0 6 0 0 0 1 0 0 0 0
116.525 0 0 1 0 1 0 0 0 0 0 6 0 1 0 1 0 0 0 0
131.344 0 1 1 0 1 0 0 0 0 0 5 0 0 0 1 0 0 0 0
143.305 0 1 1 1 1 0 0 0 0 0 4 0 0 0 0 0 0 0 0
161.627 0 0 1 1 0 0 0 1 0 0 5 0 0 0 0 0 0 0 0
309.45 0 0 1 1 1 0 0 0 0 0 5 0 1 0 0 0 0 0 0
316.509 1 0 1 1 0 0 0 0 0 0 5 0 2 0 0 0 0 0 0
317.252 1 1 1 1 0 0 0 0 0 0 4 0 1 0 0 0 0 0 0
356.554 1 2 1 1 0 0 0 0 0 0 3 0 0 0 0 0 0 0 0
368.649 1 2 0 0 0 1 0 0 0 0 4 0 0 0 0 0 0 0 0
392.513 0 1 0 0 1 1 0 0 0 0 5 0 0 0 0 0 0 0 0
407.151 0 1 1 0 1 0 0 0 0 0 5 0 0 0 1 0 0 0 0
419.04 0 1 1 1 1 0 0 0 0 0 4 0 0 0 0 0 0 0 0
439.751 1 1 1 1 0 0 0 0 0 0 4 0 1 0 0 0 0 0 0
442.909 1 2 1 1 0 0 0 0 0 0 3 0 0 0 0 0 0 0 0
476.401 0 1 1 1 1 0 0 0 0 0 4 0 0 0 0 0 0 0 0
512.502 0 1 0 0 1 1 0 0 0 0 5 0 0 0 0 0 0 0 0
519.851 0 0 0 0 0 1 0 1 0 0 6 0 0 0 0 0 0 0 0
535.895 0 0 0 0 0 0 0 0 0 1 7 0 0 0 0 0 0 0 0
544.391 0 0 0 0 0 1 0 0 0 0 7 0 0 0 0 0 0 0 1
551.663 0 0 0 0 0 1 0 1 0 0 6 0 0 0 0 0 0 0 0
562.841 0 0 0 0 0 0 0 0 0 1 7 0 0 0 0 0 0 0 0
655.253 0 0 0 0 0 1 0 0 0 0 7 0 0 0 0 0 0 0 1
658.065 0 0 0 0 0 1 0 1 0 0 6 0 0 0 0 0 0 0 0
717.824 0 0 0 0 0 0 0 0 0 1 7 0 0 0 0 0 0 0 0
959.698 0 0 0 0 0 1 0 0 0 0 7 0 0 0 0 0 0 0 1
969.663 0 0 0 0 0 1 0 1 0 0 6 0 0 0 0 0 0 0 0
991.234 0 0 0 0 1 1 0 0 0 0 6 0 1 0 0 0 0 0 0
1010.38 0 1 0 0 1 1 0 0 0 0 5 0 0 0 0 0 0 0 0
1021.86 0 1 1 0 1 0 0 0 0 0 5 0 0 0 1 0 0 0 0
1029.4 0 1 1 1 1 0 0 0 0 0 4 0 0 0 0 0 0 0 0
1040.46 1 1 1 1 0 0 0 0 0 0 4 0 1 0 0 0 0 0 0
1043.01 1 1 0 0 0 1 0 0 0 0 5 0 1 0 0 0 0 0 0
1094.96 1 2 0 0 0 1 0 0 0 0 4 0 0 0 0 0 0 0 0
1124.96 1 2 1 0 0 0 0 0 0 0 4 0 0 0 1 0 0 0 0
1136.27 1 2 1 1 0 0 0 0 0 0 3 0 0 0 0 0 0 0 0
1140.24 0 1 1 1 1 0 0 0 0 0 4 0 0 0 0 0 0 0 0
1140.59 0 1 0 0 1 1 0 0 0 0 5 0 0 0 0 0 0 0 0
1146.05 1 1 0 0 0 1 0 0 0 0 5 0 1 0 0 0 0 0 0
1155.79 1 2 0 0 0 1 0 0 0 0 4 0 0 0 0 0 0 0 0
1204.54 0 1 0 0 1 1 0 0 0 0 5 0 0 0 0 0 0 0 0
1220.07 1 1 0 0 0 1 0 0 0 0 5 0 1 0 0 0 0 0 0
1268.48 1 2 0 0 0 1 0 0 0 0 4 0 0 0 0 0 0 0 0
1290.88 0 1 0 0 1 1 0 0 0 0 5 0 0 0 0 0 0 0 0
1294.83 0 1 1 0 1 0 0 0 0 0 5 0 0 0 1 0 0 0 0
1321.45 1 1 1 0 0 0 0 0 0 0 5 0 1 0 1 0 0 0 0
1324.01 1 1 1 1 0 0 0 0 0 0 4 0 1 0 0 0 0 0 0
1363.08 1 2 1 1 0 0 0 0 0 0 3 0 0 0 0 0 0 0 0
1363.57 0 1 1 1 1 0 0 0 0 0 4 0 0 0 0 0 0 0 0
1363.65 0 1 0 0 1 1 0 0 0 0 5 0 0 0 0 0 0 0 0
1363.73 0 0 0 0 0 1 0 1 0 0 6 0 0 0 0 0 0 0 0
1417 0 0 0 0 1 1 0 0 0 0 6 0 1 0 0 0 0 0 0
1422.35 1 0 0 0 0 1 0 0 0 0 6 0 2 0 0 0 0 0 0
1422.66 1 1 0 0 0 1 0 0 0 0 5 0 1 0 0 0 0 0 0
1423.46 1 2 0 0 0 1 0 0 0 0 4 0 0 0 0 0 0 0 0
1463.12 0 1 0 0 1 1 0 0 0 0 5 0 0 0 0 0 0 0 0
1463.72 1 1 0 0 0 1 0 0 0 0 5 0 1 0 0 0 0 0 0
1468.37 1 2 0 0 0 1 0 0 0 0 4 0 0 0 0 0 0 0 0
1481.86 0 1 0 0 1 1 0 0 0 0 5 0 0 0 0 0 0 0 0
1516.07 0 0 0 0 0 1 0 1 0 0 6 0 0 0 0 0 0 0 0
1584.68 0 0 0 0 0 0 0 0 0 1 7 0 0 0 0 0 0 0 0
1605.94 0 0 0 0 0 1 0 0 0 0 7 0 0 0 0 0 0 0 1
1606.24 0 0 0 0 0 1 0 1 0 0 6 0 0 0 0 0 0 0 0
1633.34 0 0 0 0 1 1 0 0 0 0 6 0 1 0 0 0 0 0 0
1634.41 0 1 0 0 1 1 0 0 0 0 5 0 0 0 0 0 0 0 0
1660.54 0 1 1 0 1 0 0 0 0 0 5 0 0 0 1 0 0 0 0
1662.47 0 1 1 1 1 0 0 0 0 0 4 0 0 0 0 0 0 0 0
1669.36 0 0 1 1 0 0 0 1 0 0 5 0 0 0 0 0 0 0 0
1690.99 0 0 1 1 1 0 0 0 0 0 5 0 1 0 0 0 0 0 0
1694.22 0 1 1 1 1 0 0 0 0 0 4 0 0 0 0 0 0 0 0
1737.98 1 1 1 1 0 0 0 0 0 0 4 0 1 0 0 0 0 0 0
1744.41 0 0 1 1 1 0 0 0 0 0 5 0 1 0 0 0 0 0 0
1749.56 1 0 1 1 0 0 0 0 0 0 5 0 2 0 0 0 0 0 0
1769.58 1 1 1 1 0 0 0 0 0 0 4 0 1 0 0 0 0 0 0
1780.07 1 1 0 0 0 1 0 0 0 0 5 0 1 0 0 0 0 0 0
1785.77 1 2 0 0 0 1 0 0 0 0 4 0 0 0 0 0 0 0 0
1802.51 0 1 0 0 1 1 0 0 0 0 5 0 0 0 0 0 0 0 0
1818.79 1 1 0 0 0 1 0 0 0 0 5 0 1 0 0 0 0 0 0
1838.87 1 2 0 0 0 1 0 0 0 0 4 0 0 0 0 0 0 0 0
1859.35 0 1 0 0 1 1 0 0 0 0 5 0 0 0 0 0 0 0 0
1885.75 1 1 0 0 0 1 0 0 0 0 5 0 1 0 0 0 0 0 0
1942.99 0 0 0 0 1 1 0 0 0 0 6 0 1 0 0 0 0 0 0
1962.25 0 1 0 0 1 1 0 0 0 0 5 0 0 0 0 0 0 0 0
1974.34 1 1 0 0 0 1 0 0 0 0 5 0 1 0 0 0 0 0 0
1985.89 1 1 1 0 0 0 0 0 0 0 5 0 1 0 1 0 0 0 0
1997.21 1 2 1 0 0 0 0 0 0 0 4 0 0 0 1 0 0 0 0
2015.57 1 2 1 1 0 0 0 0 0 0 3 0 0 0 0 0 0 0 0
2025.1 1 2 0 0 0 1 0 0 0 0 4 0 0 0 0 0 0 0 0
2064.02 0 1 0 0 1 1 0 0 0 0 5 0 0 0 0 0 0 0 0
2099.58 1 1 0 0 0 1 0 0 0 0 5 0 1 0 0 0 0 0 0
2099.6 1 2 0 0 0 1 0 0 0 0 4 0 0 0 0 0 0 0 0
2133.24 0 1 0 0 1 1 0 0 0 0 5 0 0 0 0 0 0 0 0
2162.38 1 1 0 0 0 1 0 0 0 0 5 0 1 0 0 0 0 0 0
2207.56 1 2 0 0 0 1 0 0 0 0 4 0 0 0 0 0 0 0 0
2223.79 0 1 0 0 1 1 0 0 0 0 5 0 0 0 0 0 0 0 0
2234.79 1 1 0 0 0 1 0 0 0 0 5 0 1 0 0 0 0 0 0
2256.02 1 2 0 0 0 1 0 0 0 0 4 0 0 0 0 0 0 0 0
2259.17 0 1 0 0 1 1 0 0 0 0 5 0 0 0 0 0 0 0 0
2281.26 0 0 0 0 0 1 0 1 0 0 6 0 0 0 0 0 0 0 0
2361.02 0 0 0 0 1 1 0 0 0 0 6 0 1 0 0 0 0 0 0
2364.48 0 0 1 0 1 0 0 0 0 0 6 0 1 0 1 0 0 0 0
2373.23 0 0 1 1 1 0 0 0 0 0 5 0 1 0 0 0 0 0 0
2390.57 0 1 1 1 1 0 0 0 0 0 4 0 0 0 0 0 0 0 0
2393.29 0 0 1 1 0 0 0 1 0 0 5 0 0 0 0 0 0 0 0
2409.32 0 0 0 0 0 1 0 1 0 0 6 0 0 0 0 0 0 0 0
2466.74 0 0 1 0 0 0 0 1 0 0 6 0 0 0 1 0 0 0 0
2469.18 0 0 1 1 0 0 0 1 0 0 5 0 0 0 0 0 0 0 0
2534.37 0 0 0 0 0 1 0 1 0 0 6 0 0 0 0 0 0 0 0
2595.73 0 0 0 0 0 0 0 0 0 1 7 0 0 0 0 0 0 0 0
2649.16 0 0 0 0 0 1 0 0 0 0 7 0 0 0 0 0 0 0 1
2653.06 0 0 1 0 0 0 0 0 0 0 7 0 0 0 1 0 0 0 1
2658.34 0 0 1 0 0 0 0 1 0 0 6 0 0 0 1 0 0 0 0
2664.88 0 0 1 1 0 0 0 1 0 0 5 0 0 0 0 0 0 0 0
2716.57 0 0 1 1 1 0 0 0 0 0 5 0 1 0 0 0 0 0 0
2719.65 1 0 1 1 0 0 0 0 0 0 5 0 2 0 0 0 0 0 0
2723 1 1 1 1 0 0 0 0 0 0 4 0 1 0 0 0 0 0 0
2728.13 1 2 1 1 0 0 0 0 0 0 3 0 0 0 0 0 0 0 0
2746.2 1 2 0 0 0 1 0 0 0 0 4 0 0 0 0 0 0 0 0
2749.22 0 1 0 0 1 1 0 0 0 0 5 0 0 0 0 0 0 0 0
2767.89 1 1 0 0 0 1 0 0 0 0 5 0 1 0 0 0 0 0 0
2781.84 1 2 0 0 0 1 0 0 0 0 4 0 0 0 0 0 0 0 0
2819.27 0 1 0 0 1 1 0 0 0 0 5 0 0 0 0 0 0 0 0
2820.02 0 0 0 0 0 1 0 1 0 0 6 0 0 0 0 0 0 0 0
2862.94 0 0 0 0 0 0 0 0 0 1 7 0 0 0 0 0 0 0 0
2891.88 0 0 0 0 0 1 0 0 0 0 7 0 0 0 0 0 0 0 1
2895.09 0 0 0 0 0 1 0 1 0 0 6 0 0 0 0 0 0 0 0
2902.2 0 0 0 0 0 0 0 0 0 1 7 0 0 0 0 0 0 0 0
2981.54 0 0 0 0 0 1 0 0 0 0 7 0 0 0 0 0 0 0 1
2988.12 0 0 0 0 0 1 0 1 0 0 6 0 0 0 0 0 0 0 0
3019.73 0 0 0 0 0 0 0 0 0 1 7 0 0 0 0 0 0 0 0
3020.54 0 0 0 0 0 1 0 0 0 0 7 0 0 0 0 0 0 0 1
3022.89 0 0 0 0 0 1 0 1 0 0 6 0 0 0 0 0 0 0 0
3023.27 0 0 0 0 0 0 0 0 0 1 7 0 0 0 0 0 0 0 0
3061.84 0 0 0 0 0 1 0 0 0 0 7 0 0 0 0 0 0 0 1
3068.46 0 0 0 0 0 1 0 1 0 0 6 0 0 0 0 0 0 0 0
3093.25 0 0 0 0 1 1 0 0 0 0 6 0 1 0 0 0 0 0 0
3100.02 0 1 0 0 1 1 0 0 0 0 5 0 0 0 0 0 0 0 0
3137.95 0 0 0 0 0 1 0 1 0 0 6 0 0 0 0 0 0 0 0
3200.05 0 0 0 0 0 0 0 0 0 1 7 0 0 0 0 0 0 0 0
3243.88 0 0 0 0 0 1 0 0 0 0 7 0 0 0 0 0 0 0 1
3269.98 0 0 0 0 0 1 0 1 0 0 6 0 0 0 0 0 0 0 0
3315.45 0 0 0 0 1 1 0 0 0 0 6 0 1 0 0 0 0 0 0
3320.93 0 1 0 0 1 1 0 0 0 0 5 0 0 0 0 0 0 0 0
3341.53 0 1 0 0 0 0 1 0 0 0 6 0 0 0 0 0 0 0 0
3423.99 0 0 0 0 0 0 0 0 1 0 7 0 0 0 0 0 0 0 0
3423.99 0 0 0 0 0 0 0 0 1 0 7 0 0 0 0 0 0 0 0
