0 0 0 0 0 0 0 0 0 0 0 8 1 2 1 1 0 0 0 0
0.133792 1 0 0 0 0 0 0 0 0 0 7 0 2 1 1 0 0 0 0
0.789839 1 0 1 0 0 0 0 0 0 0 6 0 2 0 1 0 0 0 0
2.92988 1 1 1 0 0 0 0 0 0 0 5 0 1 0 1 0 0 0 0
9.56466 1 2 1 0 0 0 0 0 0 0 4 0 0 0 1 0 0 0 0
28.0249 0 1 1 0 1 0 0 0 0 0 5 0 0 0 1 0 0 0 0
29.4834 0 1 1 1 1 0 0 0 0 0 4 0 0 0 0 0 0 0 0
74.1169 0 0 1 1 0 0 0 1 0 0 5 0 0 0 0 0 0 0 0
145.477 0 0 0 0 0 1 0 1 0 0 6 0 0 0 0 0 0 0 0
180.295 0 0 1 0 0 0 0 1 0 0 6 0 0 0 1 0 0 0 0
312.158 0 0 1 1 0 0 0 1 0 0 5 0 0 0 0 0 0 0 0
348.049 0 0 0 0 0 1 0 1 0 0 6 0 0 0 0 0 0 0 0
388.406 0 0 1 0 0 0 0 1 0 0 6 0 0 0 1 0 0 0 0
388.869 0 0 1 1 0 0 0 1 0 0 5 0 0 0 0 0 0 0 0
403.271 0 0 1 1 1 0 0 0 0 0 5 0 1 0 0 0 0 0 0
435.061 0 0 0 0 1 1 0 0 0 0 6 0 1 0 0 0 0 0 0
436.662 0 0 0 0 0 0 1 0 0 0 7 0 1 0 0 0 0 0 0
468.809 0 1 0 0 0 0 1 0 0 0 6 0 0 0 0 0 0 0 0
495.114 0 0 0 0 0 0 0 0 1 0 7 0 0 0 0 0 0 0 0
1347.08 0 0 0 0 0 0 1 0 0 0 7 0 1 0 0 0 0 0 0
1374.68 0 0 0 0 0 1 0 0 0 0 7 0 1 0 0 1 0 0 0
1380.51 0 0 1 0 0 0 0 0 0 0 7 0 1 0 1 1 0 0 0
1404.07 0 0 1 1 0 0 0 0 0 0 6 0 1 0 0 1 0 0 0
1410.67 0 1 1 1 0 0 0 0 0 0 5 0 0 0 0 1 0 0 0
1416.14 0 1 1 1 1 0 0 0 0 0 4 0 0 0 0 0 0 0 0
1418.93 1 1 1 1 0 0 0 0 0 0 4 0 1 0 0 0 0 0 0
1426.67 1 1 0 0 0 1 0 0 0 0 5 0 1 0 0 0 0 0 0
1428.35 1 2 0 0 0 1 0 0 0 0 4 0 0 0 0 0 0 0 0
1431.47 1 2 1 0 0 0 0 0 0 0 4 0 0 0 1 0 0 0 0
1435.55 1 2 1 1 0 0 0 0 0 0 3 0 0 0 0 0 0 0 0
1450.74 1 2 0 0 0 1 0 0 0 0 4 0 0 0 0 0 0 0 0
1462.13 0 1 0 0 1 1 0 0 0 0 5 0 0 0 0 0 0 0 0
1465.82 1 1 0 0 0 1 0 0 0 0 5 0 1 0 0 0 0 0 0
1514.42 1 2 0 0 0 1 0 0 0 0 4 0 0 0 0 0 0 0 0
1533.11 0 1 0 0 1 1 0 0 0 0 5 0 0 0 0 0 0 0 0
1546.49 1 1 0 0 0 1 0 0 0 0 5 0 1 0 0 0 0 0 0
1549.54 1 2 0 0 0 1 0 0 0 0 4 0 0 0 0 0 0 0 0
1562.12 1 2 1 0 0 0 0 0 0 0 4 0 0 0 1 0 0 0 0
1573.6 0 1 1 0 1 0 0 0 0 0 5 0 0 0 1 0 0 0 0
1573.8 0 0 1 0 0 0 0 1 0 0 6 0 0 0 1 0 0 0 0
1578.01 0 0 1 1 0 0 0 1 0 0 5 0 0 0 0 0 0 0 0
1585.87 0 0 0 0 0 1 0 1 0 0 6 0 0 0 0 0 0 0 0
1643.51 0 0 1 0 0 0 0 1 0 0 6 0 0 0 1 0 0 0 0
1669.29 0 0 1 0 1 0 0 0 0 0 6 0 1 0 1 0 0 0 0
1673.39 0 0 1 1 1 0 0 0 0 0 5 0 1 0 0 0 0 0 0
1678.72 0 0 0 0 1 1 0 0 0 0 6 0 1 0 0 0 0 0 0
1682.01 1 0 0 0 0 1 0 0 0 0 6 0 2 0 0 0 0 0 0
1688.8 1 1 0 0 0 1 0 0 0 0 5 0 1 0 0 0 0 0 0
1742.71 1 2 0 0 0 1 0 0 0 0 4 0 0 0 0 0 0 0 0
1743.56 0 1 0 0 1 1 0 0 0 0 5 0 0 0 0 0 0 0 0
1772.78 0 0 0 0 0 1 0 1 0 0 6 0 0 0 0 0 0 0 0
1837.04 0 0 0 0 0 0 0 0 0 1 7 0 0 0 0 0 0 0 0
1913.05 0 0 0 0 0 1 0 0 0 0 7 0 0 0 0 0 0 0 1
1915.64 0 0 0 0 0 1 0 1 0 0 6 0 0 0 0 0 0 0 0
1923.94 0 0 0 0 1 1 0 0 0 0 6 0 1 0 0 0 0 0 0
1924.59 0 1 0 0 1 1 0 0 0 0 5 0 0 0 0 0 0 0 0
1932.57 1 1 0 0 0 1 0 0 0 0 5 0 1 0 0 0 0 0 0
1935.27 1 2 0 0 0 1 0 0 0 0 4 0 0 0 0 0 0 0 0
1955.3 1 2 1 0 0 0 0 0 0 0 4 0 0 0 1 0 0 0 0
1957.53 0 1 1 0 1 0 0 0 0 0 5 0 0 0 1 0 0 0 0
1959.08 0 1 1 1 1 0 0 0 0 0 4 0 0 0 0 0 0 0 0
2012.61 0 0 1 1 0 0 0 1 0 0 5 0 0 0 0 0 0 0 0
2023.4 0 0 0 0 0 1 0 1 0 0 6 0 0 0 0 0 0 0 0
2085.95 0 0 0 0 1 1 0 0 0 0 6 0 1 0 0 0 0 0 0
2086.72 0 0 0 0 0 0 1 0 0 0 7 0 1 0 0 0 0 0 0
2102.67 0 1 0 0 0 0 1 0 0 0 6 0 0 0 0 0 0 0 0
2133.26 0 0 0 0 0 0 0 0 1 0 7 0 0 0 0 0 0 0 0
2133.26 0 0 0 0 0 0 0 0 1 0 7 0 0 0 0 0 0 0 0
