0 0 0 0 0 0 0 0 0 0 0 8 1 2 1 1 0 0 0 0
3.13651 1 0 0 0 0 0 0 0 0 0 7 0 2 1 1 0 0 0 0
5.12279 1 0 1 0 0 0 0 0 0 0 6 0 2 0 1 0 0 0 0
6.82432 1 1 1 0 0 0 0 0 0 0 5 0 1 0 1 0 0 0 0
34.5957 1 2 1 0 0 0 0 0 0 0 4 0 0 0 1 0 0 0 0
52.8693 1 2 1 1 0 0 0 0 0 0 3 0 0 0 0 0 0 0 0
67.9027 1 2 0 0 0 1 0 0 0 0 4 0 0 0 0 0 0 0 0
84.5517 1 2 1 0 0 0 0 0 0 0 4 0 0 0 1 0 0 0 0
95.1289 0 1 1 0 1 0 0 0 0 0 5 0 0 0 1 0 0 0 0
95.3635 0 0 1 0 0 0 0 1 0 0 6 0 0 0 1 0 0 0 0
107.915 0 0 1 1 0 0 0 1 0 0 5 0 0 0 0 0 0 0 0
156.07 0 0 1 1 1 0 0 0 0 0 5 0 1 0 0 0 0 0 0
192.359 1 0 1 1 0 0 0 0 0 0 5 0 2 0 0 0 0 0 0
193.022 1 1 1 1 0 0 0 0 0 0 4 0 1 0 0 0 0 0 0
208.503 0 0 1 1 1 0 0 0 0 0 5 0 1 0 0 0 0 0 0
209.98 0 1 1 1 1 0 0 0 0 0 4 0 0 0 0 0 0 0 0
229.811 0 1 0 0 1 1 0 0 0 0 5 0 0 0 0 0 0 0 0
279.528 0 1 1 0 1 0 0 0 0 0 5 0 0 0 1 0 0 0 0
283.721 0 1 1 1 1 0 0 0 0 0 4 0 0 0 0 0 0 0 0
320.841 1 1 1 1 0 0 0 0 0 0 4 0 1 0 0 0 0 0 0
336.711 1 2 1 1 0 0 0 0 0 0 3 0 0 0 0 0 0 0 0
348.861 1 2 0 0 0 1 0 0 0 0 4 0 0 0 0 0 0 0 0
400.335 0 1 0 0 1 1 0 0 0 0 5 0 0 0 0 0 0 0 0
408.964 1 1 0 0 0 1 0 0 0 0 5 0 1 0 0 0 0 0 0
436.748 1 2 0 0 0 1 0 0 0 0 4 0 0 0 0 0 0 0 0
443.953 0 1 0 0 1 1 0 0 0 0 5 0 0 0 0 0 0 0 0
468.055 0 1 0 0 0 0 1 0 0 0 6 0 0 0 0 0 0 0 0
512.052 0 0 0 0 0 0 0 0 1 0 7 0 0 0 0 0 0 0 0
512.052 0 0 0 0 0 0 0 0 1 0 7 0 0 0 0 0 0 0 0
