0 0 0 0 0 0 0 0 0 0 0 8 1 2 1 1 0 0 0 0
1.65243 0 1 0 0 0 0 0 0 0 0 7 1 1 1 1 0 0 0 0
3.52127 0 1 1 0 0 0 0 0 0 0 6 1 1 0 1 0 0 0 0
6.25421 0 1 1 1 0 0 0 0 0 0 5 1 1 0 0 0 0 0 0
11.4975 0 2 1 1 0 0 0 0 0 0 4 1 0 0 0 0 0 0 0
12.9289 1 2 1 1 0 0 0 0 0 0 3 0 0 0 0 0 0 0 0
34.8451 1 2 0 0 0 1 0 0 0 0 4 0 0 0 0 0 0 0 0
49.2233 0 1 0 0 1 1 0 0 0 0 5 0 0 0 0 0 0 0 0
75.8511 0 0 0 0 0 1 0 1 0 0 6 0 0 0 0 0 0 0 0
107.385 0 0 0 0 0 0 0 0 0 1 7 0 0 0 0 0 0 0 0
174.108 0 0 0 0 0 1 0 0 0 0 7 0 0 0 0 0 0 0 1
183.033 0 0 1 0 0 0 0 0 0 0 7 0 0 0 1 0 0 0 1
204.305 0 0 1 1 0 0 0 0 0 0 6 0 0 0 0 0 0 0 1
216.062 0 0 1 1 0 0 0 1 0 0 5 0 0 0 0 0 0 0 0
295.487 0 0 0 0 0 1 0 1 0 0 6 0 0 0 0 0 0 0 0
300.317 0 0 1 0 0 0 0 1 0 0 6 0 0 0 1 0 0 0 0
308.003 0 0 1 1 0 0 0 1 0 0 5 0 0 0 0 0 0 0 0
503.129 0 0 0 0 0 1 0 1 0 0 6 0 0 0 0 0 0 0 0
504.855 0 0 1 0 0 0 0 1 0 0 6 0 0 0 1 0 0 0 0
505.306 0 0 1 1 0 0 0 1 0 0 5 0 0 0 0 0 0 0 0
566.445 0 0 1 1 1 0 0 0 0 0 5 0 1 0 0 0 0 0 0
575.135 0 1 1 1 1 0 0 0 0 0 4 0 0 0 0 0 0 0 0
584.516 0 1 0 0 1 1 0 0 0 0 5 0 0 0 0 0 0 0 0
616.749 0 1 1 0 1 0 0 0 0 0 5 0 0 0 1 0 0 0 0
628.799 0 1 1 1 1 0 0 0 0 0 4 0 0 0 0 0 0 0 0
663.907 1 1 1 1 0 0 0 0 0 0 4 0 1 0 0 0 0 0 0
678.751 1 2 1 1 0 0 0 0 0 0 3 0 0 0 0 0 0 0 0
682.88 0 1 1 1 1 0 0 0 0 0 4 0 0 0 0 0 0 0 0
685.712 0 1 0 0 1 1 0 0 0 0 5 0 0 0 0 0 0 0 0
757.237 0 1 0 0 0 0 1 0 0 0 6 0 0 0 0 0 0 0 0
769.495 0 1 0 0 0 1 0 0 0 0 6 0 0 0 0 1 0 0 0
775.9 0 1 0 0 1 1 0 0 0 0 5 0 0 0 0 0 0 0 0
803.236 1 1 0 0 0 1 0 0 0 0 5 0 1 0 0 0 0 0 0
811.803 0 0 0 0 1 1 0 0 0 0 6 0 1 0 0 0 0 0 0
825.113 0 1 0 0 1 1 0 0 0 0 5 0 0 0 0 0 0 0 0
832.875 0 0 0 0 0 1 0 1 0 0 6 0 0 0 0 0 0 0 0
862.099 0 0 0 0 0 0 0 0 0 1 7 0 0 0 0 0 0 0 0
1058.23 0 0 0 0 0 1 0 0 0 0 7 0 0 0 0 0 0 0 1
1078.77 0 0 0 0 0 1 0 1 0 0 6 0 0 0 0 0 0 0 0
1081.31 0 0 1 0 0 0 0 1 0 0 6 0 0 0 1 0 0 0 0
1084.46 0 0 1 0 1 0 0 0 0 0 6 0 1 0 1 0 0 0 0
1092.06 0 1 1 0 1 0 0 0 0 0 5 0 0 0 1 0 0 0 0
1094.78 1 1 1 0 0 0 0 0 0 0 5 0 1 0 1 0 0 0 0
1100.06 1 1 1 1 0 0 0 0 0 0 4 0 1 0 0 0 0 0 0
1112.92 1 2 1 1 0 0 0 0 0 0 3 0 0 0 0 0 0 0 0
1121.06 0 1 1 1 1 0 0 0 0 0 4 0 0 0 0 0 0 0 0
1138.86 0 0 1 1 0 0 0 1 0 0 5 0 0 0 0 0 0 0 0
1162.5 0 0 1 1 1 0 0 0 0 0 5 0 1 0 0 0 0 0 0
1162.75 0 0 0 0 1 1 0 0 0 0 6 0 1 0 0 0 0 0 0
1164.32 1 0 0 0 0 1 0 0 0 0 6 0 2 0 0 0 0 0 0
1168.38 1 1 0 0 0 1 0 0 0 0 5 0 1 0 0 0 0 0 0
1172.84 1 2 0 0 0 1 0 0 0 0 4 0 0 0 0 0 0 0 0
1183.99 0 1 0 0 1 1 0 0 0 0 5 0 0 0 0 0 0 0 0
1297.92 1 1 0 0 0 1 0 0 0 0 5 0 1 0 0 0 0 0 0
1338.31 1 2 0 0 0 1 0 0 0 0 4 0 0 0 0 0 0 0 0
1362.08 1 2 1 0 0 0 0 0 0 0 4 0 0 0 1 0 0 0 0
1408.01 1 2 1 1 0 0 0 0 0 0 3 0 0 0 0 0 0 0 0
1408.22 1 2 0 0 0 1 0 0 0 0 4 0 0 0 0 0 0 0 0
1410.76 0 1 0 0 1 1 0 0 0 0 5 0 0 0 0 0 0 0 0
1423.71 0 0 0 0 0 1 0 1 0 0 6 0 0 0 0 0 0 0 0
1500.89 0 0 0 0 0 0 0 0 0 1 7 0 0 0 0 0 0 0 0
1553.76 0 0 0 0 0 1 0 0 0 0 7 0 0 0 0 0 0 0 1
1561.78 0 0 1 0 0 0 0 0 0 0 7 0 0 0 1 0 0 0 1
1573.36 0 0 1 0 0 0 0 1 0 0 6 0 0 0 1 0 0 0 0
1600.2 0 0 1 0 1 0 0 0 0 0 6 0 1 0 1 0 0 0 0
1602.3 0 0 1 1 1 0 0 0 0 0 5 0 1 0 0 0 0 0 0
1609.17 0 1 1 1 1 0 0 0 0 0 4 0 0 0 0 0 0 0 0
1616.71 0 1 0 0 1 1 0 0 0 0 5 0 0 0 0 0 0 0 0
1642.94 1 1 0 0 0 1 0 0 0 0 5 0 1 0 0 0 0 0 0
1681.18 1 1 1 0 0 0 0 0 0 0 5 0 1 0 1 0 0 0 0
1685.09 1 2 1 0 0 0 0 0 0 0 4 0 0 0 1 0 0 0 0
1711.76 1 2 1 1 0 0 0 0 0 0 3 0 0 0 0 0 0 0 0
1746.5 0 1 1 1 1 0 0 0 0 0 4 0 0 0 0 0 0 0 0
1761.4 0 1 0 0 1 1 0 0 0 0 5 0 0 0 0 0 0 0 0
1769.2 0 1 0 0 0 0 1 0 0 0 6 0 0 0 0 0 0 0 0
1815.06 0 0 0 0 0 0 0 0 1 0 7 0 0 0 0 0 0 0 0
1815.06 0 0 0 0 0 0 0 0 1 0 7 0 0 0 0 0 0 0 0
