0 0 0 0 0 0 0 0 0 0 0 8 1 2 1 1 0 0 0 0
3.05414 0 0 0 1 0 0 0 0 0 0 7 1 2 1 0 0 0 0 0
6.46129 1 0 0 1 0 0 0 0 0 0 6 0 2 1 0 0 0 0 0
7.5514 1 0 1 1 0 0 0 0 0 0 5 0 2 0 0 0 0 0 0
16.1141 1 1 1 1 0 0 0 0 0 0 4 0 1 0 0 0 0 0 0
61.9687 1 2 1 1 0 0 0 0 0 0 3 0 0 0 0 0 0 0 0
73.829 0 1 1 1 1 0 0 0 0 0 4 0 0 0 0 0 0 0 0
75.4672 0 1 0 0 1 1 0 0 0 0 5 0 0 0 0 0 0 0 0
104.048 0 0 0 0 0 1 0 1 0 0 6 0 0 0 0 0 0 0 0
129.064 0 0 0 0 0 0 0 0 0 1 7 0 0 0 0 0 0 0 0
309.536 0 0 0 0 0 1 0 0 0 0 7 0 0 0 0 0 0 0 1
316.896 0 0 0 0 0 1 0 1 0 0 6 0 0 0 0 0 0 0 0
387.895 0 0 1 0 0 0 0 1 0 0 6 0 0 0 1 0 0 0 0
419.906 0 0 1 1 0 0 0 1 0 0 5 0 0 0 0 0 0 0 0
576.57 0 0 0 0 0 1 0 1 0 0 6 0 0 0 0 0 0 0 0
644.215 0 0 1 0 0 0 0 1 0 0 6 0 0 0 1 0 0 0 0
649.764 0 0 1 1 0 0 0 1 0 0 5 0 0 0 0 0 0 0 0
676.636 0 0 0 0 0 1 0 1 0 0 6 0 0 0 0 0 0 0 0
704.955 0 0 0 0 0 0 0 0 0 1 7 0 0 0 0 0 0 0 0
717.484 0 0 0 0 0 1 0 0 0 0 7 0 0 0 0 0 0 0 1
722.115 0 0 0 0 0 1 0 1 0 0 6 0 0 0 0 0 0 0 0
731.392 0 0 0 0 0 0 0 0 0 1 7 0 0 0 0 0 0 0 0
814.905 0 0 0 0 0 1 0 0 0 0 7 0 0 0 0 0 0 0 1
823.854 0 0 0 0 0 1 0 1 0 0 6 0 0 0 0 0 0 0 0
883.114 0 0 0 0 1 1 0 0 0 0 6 0 1 0 0 0 0 0 0
887 1 0 0 0 0 1 0 0 0 0 6 0 2 0 0 0 0 0 0
901.779 1 1 0 0 0 1 0 0 0 0 5 0 1 0 0 0 0 0 0
907.003 1 1 1 0 0 0 0 0 0 0 5 0 1 0 1 0 0 0 0
907.611 1 1 1 1 0 0 0 0 0 0 4 0 1 0 0 0 0 0 0
916.987 1 2 1 1 0 0 0 0 0 0 3 0 0 0 0 0 0 0 0
962.8 0 1 1 1 1 0 0 0 0 0 4 0 0 0 0 0 0 0 0
978.12 1 1 1 1 0 0 0 0 0 0 4 0 1 0 0 0 0 0 0
1037.48 0 0 1 1 1 0 0 0 0 0 5 0 1 0 0 0 0 0 0
1039.51 0 1 1 1 1 0 0 0 0 0 4 0 0 0 0 0 0 0 0
1062.52 1 1 1 1 0 0 0 0 0 0 4 0 1 0 0 0 0 0 0
1087.03 0 0 1 1 1 0 0 0 0 0 5 0 1 0 0 0 0 0 0
1093.54 0 1 1 1 1 0 0 0 0 0 4 0 0 0 0 0 0 0 0
1118.97 1 1 1 1 0 0 0 0 0 0 4 0 1 0 0 0 0 0 0
1126.62 1 2 1 1 0 0 0 0 0 0 3 0 0 0 0 0 0 0 0
1143.88 1 2 0 0 0 1 0 0 0 0 4 0 0 0 0 0 0 0 0
1152.41 0 1 0 0 1 1 0 0 0 0 5 0 0 0 0 0 0 0 0
1153.16 0 1 1 0 1 0 0 0 0 0 5 0 0 0 1 0 0 0 0
1165.5 0 1 1 1 1 0 0 0 0 0 4 0 0 0 0 0 0 0 0
1213.06 0 1 0 0 1 1 0 0 0 0 5 0 0 0 0 0 0 0 0
1229.64 1 1 0 0 0 1 0 0 0 0 5 0 1 0 0 0 0 0 0
1248.87 1 2 0 0 0 1 0 0 0 0 4 0 0 0 0 0 0 0 0
1286.51 0 1 0 0 1 1 0 0 0 0 5 0 0 0 0 0 0 0 0
1307.05 0 1 0 0 0 0 1 0 0 0 6 0 0 0 0 0 0 0 0
1323.53 0 0 0 0 0 0 0 0 1 0 7 0 0 0 0 0 0 0 0
2538.91 0 0 0 0 0 0 1 0 0 0 7 0 1 0 0 0 0 0 0
2540.78 0 1 0 0 0 0 1 0 0 0 6 0 0 0 0 0 0 0 0
2661.1 0 0 0 0 0 0 0 0 1 0 7 0 0 0 0 0 0 0 0
3518.65 0 0 0 0 0 0 1 0 0 0 7 0 1 0 0 0 0 0 0
3532.66 0 1 0 0 0 0 1 0 0 0 6 0 0 0 0 0 0 0 0
3618.17 0 0 0 0 0 0 0 0 1 0 7 0 0 0 0 0 0 0 0
3618.17 0 0 0 0 0 0 0 0 1 0 7 0 0 0 0 0 0 0 0
