0 0 0 0 0 0 0 0 0 0 0 8 1 2 1 1 0 0 0 0
1.47127 0 0 1 0 0 0 0 0 0 0 7 1 2 0 1 0 0 0 0
3.51019 1 0 1 0 0 0 0 0 0 0 6 0 2 0 1 0 0 0 0
5.84442 1 0 1 1 0 0 0 0 0 0 5 0 2 0 0 0 0 0 0
10.7025 1 1 1 1 0 0 0 0 0 0 4 0 1 0 0 0 0 0 0
45.3561 1 1 0 0 0 1 0 0 0 0 5 0 1 0 0 0 0 0 0
56.8399 1 2 0 0 0 1 0 0 0 0 4 0 0 0 0 0 0 0 0
72.019 0 1 0 0 1 1 0 0 0 0 5 0 0 0 0 0 0 0 0
76.2594 0 1 0 0 0 0 1 0 0 0 6 0 0 0 0 0 0 0 0
245.947 0 0 0 0 0 0 0 0 1 0 7 0 0 0 0 0 0 0 0
1948.34 0 0 0 0 0 0 1 0 0 0 7 0 1 0 0 0 0 0 0
1952.71 0 1 0 0 0 0 1 0 0 0 6 0 0 0 0 0 0 0 0
1975.32 0 0 0 0 0 0 0 0 1 0 7 0 0 0 0 0 0 0 0
1975.32 0 0 0 0 0 0 0 0 1 0 7 0 0 0 0 0 0 0 0
