0 0 0 0 0 0 0 0 0 0 0 8 1 2 1 1 0 0 0 0
2.93623 1 0 0 0 0 0 0 0 0 0 7 0 2 1 1 0 0 0 0
3.8838 1 1 0 0 0 0 0 0 0 0 6 0 1 1 1 0 0 0 0
10.5561 1 2 0 0 0 0 0 0 0 0 5 0 0 1 1 0 0 0 0
11.7415 1 2 1 0 0 0 0 0 0 0 4 0 0 0 1 0 0 0 0
17.7595 1 2 1 1 0 0 0 0 0 0 3 0 0 0 0 0 0 0 0
19.8292 1 2 0 0 0 1 0 0 0 0 4 0 0 0 0 0 0 0 0
23.0317 0 1 0 0 1 1 0 0 0 0 5 0 0 0 0 0 0 0 0
30.0883 1 1 0 0 0 1 0 0 0 0 5 0 1 0 0 0 0 0 0
49.3267 0 0 0 0 1 1 0 0 0 0 6 0 1 0 0 0 0 0 0
74.0948 0 1 0 0 1 1 0 0 0 0 5 0 0 0 0 0 0 0 0
81.1726 1 1 0 0 0 1 0 0 0 0 5 0 1 0 0 0 0 0 0
93.8569 1 2 0 0 0 1 0 0 0 0 4 0 0 0 0 0 0 0 0
112.471 0 1 0 0 1 1 0 0 0 0 5 0 0 0 0 0 0 0 0
118.11 1 1 0 0 0 1 0 0 0 0 5 0 1 0 0 0 0 0 0
123.712 1 2 0 0 0 1 0 0 0 0 4 0 0 0 0 0 0 0 0
126.678 1 2 1 0 0 0 0 0 0 0 4 0 0 0 1 0 0 0 0
136.355 1 2 1 1 0 0 0 0 0 0 3 0 0 0 0 0 0 0 0
175.434 1 2 0 0 0 1 0 0 0 0 4 0 0 0 0 0 0 0 0
178.67 0 1 0 0 1 1 0 0 0 0 5 0 0 0 0 0 0 0 0
249.128 1 1 0 0 0 1 0 0 0 0 5 0 1 0 0 0 0 0 0
250.004 1 2 0 0 0 1 0 0 0 0 4 0 0 0 0 0 0 0 0
288.704 1 2 1 0 0 0 0 0 0 0 4 0 0 0 1 0 0 0 0
322.116 1 2 1 1 0 0 0 0 0 0 3 0 0 0 0 0 0 0 0
342.748 0 1 1 1 1 0 0 0 0 0 4 0 0 0 0 0 0 0 0
407.096 0 0 1 1 0 0 0 1 0 0 5 0 0 0 0 0 0 0 0
412.651 0 0 1 1 1 0 0 0 0 0 5 0 1 0 0 0 0 0 0
437.098 1 0 1 1 0 0 0 0 0 0 5 0 2 0 0 0 0 0 0
456.351 1 1 1 1 0 0 0 0 0 0 4 0 1 0 0 0 0 0 0
462.721 1 2 1 1 0 0 0 0 0 0 3 0 0 0 0 0 0 0 0
493.762 0 1 1 1 1 0 0 0 0 0 4 0 0 0 0 0 0 0 0
522.883 0 1 0 0 1 1 0 0 0 0 5 0 0 0 0 0 0 0 0
549.424 1 1 0 0 0 1 0 0 0 0 5 0 1 0 0 0 0 0 0
552.574 1 2 0 0 0 1 0 0 0 0 4 0 0 0 0 0 0 0 0
570.138 0 1 0 0 1 1 0 0 0 0 5 0 0 0 0 0 0 0 0
585.776 1 1 0 0 0 1 0 0 0 0 5 0 1 0 0 0 0 0 0
606.805 1 2 0 0 0 1 0 0 0 0 4 0 0 0 0 0 0 0 0
626.574 0 1 0 0 1 1 0 0 0 0 5 0 0 0 0 0 0 0 0
657.334 1 1 0 0 0 1 0 0 0 0 5 0 1 0 0 0 0 0 0
671.109 1 2 0 0 0 1 0 0 0 0 4 0 0 0 0 0 0 0 0
674.129 0 1 0 0 1 1 0 0 0 0 5 0 0 0 0 0 0 0 0
727.354 1 1 0 0 0 1 0 0 0 0 5 0 1 0 0 0 0 0 0
753.302 0 0 0 0 1 1 0 0 0 0 6 0 1 0 0 0 0 0 0
789.124 1 0 0 0 0 1 0 0 0 0 6 0 2 0 0 0 0 0 0
790.819 1 1 0 0 0 1 0 0 0 0 5 0 1 0 0 0 0 0 0
823.027 0 0 0 0 1 1 0 0 0 0 6 0 1 0 0 0 0 0 0
823.518 0 0 1 0 1 0 0 0 0 0 6 0 1 0 1 0 0 0 0
835.444 0 1 1 0 1 0 0 0 0 0 5 0 0 0 1 0 0 0 0
862.911 0 1 1 1 1 0 0 0 0 0 4 0 0 0 0 0 0 0 0
873.349 1 1 1 1 0 0 0 0 0 0 4 0 1 0 0 0 0 0 0
879.423 0 0 1 1 1 0 0 0 0 0 5 0 1 0 0 0 0 0 0
901.413 0 1 1 1 1 0 0 0 0 0 4 0 0 0 0 0 0 0 0
919.615 1 1 1 1 0 0 0 0 0 0 4 0 1 0 0 0 0 0 0
936.685 1 2 1 1 0 0 0 0 0 0 3 0 0 0 0 0 0 0 0
973.579 0 1 1 1 1 0 0 0 0 0 4 0 0 0 0 0 0 0 0
1006.66 0 1 0 0 1 1 0 0 0 0 5 0 0 0 0 0 0 0 0
1060.24 0 0 0 0 0 1 0 1 0 0 6 0 0 0 0 0 0 0 0
1065.48 0 0 0 0 0 0 0 0 0 1 7 0 0 0 0 0 0 0 0
1124.87 0 0 0 0 0 1 0 0 0 0 7 0 0 0 0 0 0 0 1
1134.84 0 0 0 0 0 1 0 1 0 0 6 0 0 0 0 0 0 0 0
1154.46 0 0 1 0 0 0 0 1 0 0 6 0 0 0 1 0 0 0 0
1171.31 0 0 1 1 0 0 0 1 0 0 5 0 0 0 0 0 0 0 0
1176.24 0 0 0 0 0 1 0 1 0 0 6 0 0 0 0 0 0 0 0
1188.23 0 0 0 0 1 1 0 0 0 0 6 0 1 0 0 0 0 0 0
1196.01 1 0 0 0 0 1 0 0 0 0 6 0 2 0 0 0 0 0 0
1199.87 1 1 0 0 0 1 0 0 0 0 5 0 1 0 0 0 0 0 0
1214.27 1 2 0 0 0 1 0 0 0 0 4 0 0 0 0 0 0 0 0
1215.5 0 1 0 0 1 1 0 0 0 0 5 0 0 0 0 0 0 0 0
1233.98 0 1 0 0 0 0 1 0 0 0 6 0 0 0 0 0 0 0 0
1283.6 0 0 0 0 0 0 0 0 1 0 7 0 0 0 0 0 0 0 0
1596.88 0 0 0 0 0 0 1 0 0 0 7 0 1 0 0 0 0 0 0
1602.68 0 1 0 0 0 0 1 0 0 0 6 0 0 0 0 0 0 0 0
1609.67 0 0 0 0 0 0 0 0 1 0 7 0 0 0 0 0 0 0 0
1609.67 0 0 0 0 0 0 0 0 1 0 7 0 0 0 0 0 0 0 0
