0 0 0 0 0 0 0 0 0 0 0 8 1 2 1 1 0 0 0 0
4.12532 0 1 0 0 0 0 0 0 0 0 7 1 1 1 1 0 0 0 0
7.11199 0 1 0 1 0 0 0 0 0 0 6 1 1 1 0 0 0 0 0
9.49547 0 2 0 1 0 0 0 0 0 0 5 1 0 1 0 0 0 0 0
14.3908 0 2 1 1 0 0 0 0 0 0 4 1 0 0 0 0 0 0 0
38.653 1 2 1 1 0 0 0 0 0 0 3 0 0 0 0 0 0 0 0
53.4634 1 2 0 0 0 1 0 0 0 0 4 0 0 0 0 0 0 0 0
75.0909 0 1 0 0 1 1 0 0 0 0 5 0 0 0 0 0 0 0 0
75.1995 0 1 1 0 1 0 0 0 0 0 5 0 0 0 1 0 0 0 0
80.586 0 1 1 1 1 0 0 0 0 0 4 0 0 0 0 0 0 0 0
85.8108 1 1 1 1 0 0 0 0 0 0 4 0 1 0 0 0 0 0 0
98.3651 1 2 1 1 0 0 0 0 0 0 3 0 0 0 0 0 0 0 0
142.232 0 1 1 1 1 0 0 0 0 0 4 0 0 0 0 0 0 0 0
154.641 0 0 1 1 0 0 0 1 0 0 5 0 0 0 0 0 0 0 0
304.692 0 0 1 1 1 0 0 0 0 0 5 0 1 0 0 0 0 0 0
305.696 0 1 1 1 1 0 0 0 0 0 4 0 0 0 0 0 0 0 0
323.915 0 1 0 0 1 1 0 0 0 0 5 0 0 0 0 0 0 0 0
328.759 1 1 0 0 0 1 0 0 0 0 5 0 1 0 0 0 0 0 0
329.382 1 2 0 0 0 1 0 0 0 0 4 0 0 0 0 0 0 0 0
369.632 0 1 0 0 1 1 0 0 0 0 5 0 0 0 0 0 0 0 0
390.398 0 0 0 0 0 1 0 1 0 0 6 0 0 0 0 0 0 0 0
423.166 0 0 0 0 1 1 0 0 0 0 6 0 1 0 0 0 0 0 0
436.125 0 1 0 0 1 1 0 0 0 0 5 0 0 0 0 0 0 0 0
471.735 0 0 0 0 0 1 0 1 0 0 6 0 0 0 0 0 0 0 0
484.119 0 0 0 0 1 1 0 0 0 0 6 0 1 0 0 0 0 0 0
500.78 0 1 0 0 1 1 0 0 0 0 5 0 0 0 0 0 0 0 0
512.877 1 1 0 0 0 1 0 0 0 0 5 0 1 0 0 0 0 0 0
528.32 1 2 0 0 0 1 0 0 0 0 4 0 0 0 0 0 0 0 0
568.357 1 2 1 0 0 0 0 0 0 0 4 0 0 0 1 0 0 0 0
591.521 0 1 1 0 1 0 0 0 0 0 5 0 0 0 1 0 0 0 0
598.06 0 0 1 0 0 0 0 1 0 0 6 0 0 0 1 0 0 0 0
603.286 0 0 1 0 1 0 0 0 0 0 6 0 1 0 1 0 0 0 0
614.348 0 1 1 0 1 0 0 0 0 0 5 0 0 0 1 0 0 0 0
616.279 1 1 1 0 0 0 0 0 0 0 5 0 1 0 1 0 0 0 0
617.377 0 0 1 0 1 0 0 0 0 0 6 0 1 0 1 0 0 0 0
619.706 0 1 1 0 1 0 0 0 0 0 5 0 0 0 1 0 0 0 0
627.097 0 0 1 0 0 0 0 1 0 0 6 0 0 0 1 0 0 0 0
667.301 0 0 1 1 0 0 0 1 0 0 5 0 0 0 0 0 0 0 0
674.153 0 0 0 0 0 1 0 1 0 0 6 0 0 0 0 0 0 0 0
757.533 0 0 1 0 0 0 0 1 0 0 6 0 0 0 1 0 0 0 0
757.549 0 0 1 1 0 0 0 1 0 0 5 0 0 0 0 0 0 0 0
758.98 0 0 0 0 0 1 0 1 0 0 6 0 0 0 0 0 0 0 0
764.398 0 0 0 0 0 0 0 0 0 1 7 0 0 0 0 0 0 0 0
889.41 0 0 0 0 0 1 0 0 0 0 7 0 0 0 0 0 0 0 1
912.526 0 0 0 0 0 1 0 1 0 0 6 0 0 0 0 0 0 0 0
949.385 0 0 0 0 1 1 0 0 0 0 6 0 1 0 0 0 0 0 0
956.432 0 1 0 0 1 1 0 0 0 0 5 0 0 0 0 0 0 0 0
962.127 1 1 0 0 0 1 0 0 0 0 5 0 1 0 0 0 0 0 0
972.787 1 2 0 0 0 1 0 0 0 0 4 0 0 0 0 0 0 0 0
977.005 0 1 0 0 1 1 0 0 0 0 5 0 0 0 0 0 0 0 0
984.902 1 1 0 0 0 1 0 0 0 0 5 0 1 0 0 0 0 0 0
993.138 0 0 0 0 1 1 0 0 0 0 6 0 1 0 0 0 0 0 0
997.677 0 1 0 0 1 1 0 0 0 0 5 0 0 0 0 0 0 0 0
1103.74 0 0 0 0 0 1 0 1 0 0 6 0 0 0 0 0 0 0 0
1110.36 0 0 0 0 0 0 0 0 0 1 7 0 0 0 0 0 0 0 0
1111.18 0 0 0 0 0 1 0 0 0 0 7 0 0 0 0 0 0 0 1
1125.43 0 0 0 0 0 1 0 1 0 0 6 0 0 0 0 0 0 0 0
1159.34 0 0 0 0 0 0 0 0 0 1 7 0 0 0 0 0 0 0 0
1268.32 0 0 0 0 0 1 0 0 0 0 7 0 0 0 0 0 0 0 1
1287.5 0 0 0 0 0 1 0 1 0 0 6 0 0 0 0 0 0 0 0
1290.61 0 0 1 0 0 0 0 1 0 0 6 0 0 0 1 0 0 0 0
1319.18 0 0 1 1 0 0 0 1 0 0 5 0 0 0 0 0 0 0 0
1346.99 0 0 1 1 1 0 0 0 0 0 5 0 1 0 0 0 0 0 0
1375.94 0 1 1 1 1 0 0 0 0 0 4 0 0 0 0 0 0 0 0
1392.48 1 1 1 1 0 0 0 0 0 0 4 0 1 0 0 0 0 0 0
1409.88 0 0 1 1 1 0 0 0 0 0 5 0 1 0 0 0 0 0 0
1417.87 0 1 1 1 1 0 0 0 0 0 4 0 0 0 0 0 0 0 0
1442.31 0 1 0 0 1 1 0 0 0 0 5 0 0 0 0 0 0 0 0
1458.5 0 0 0 0 0 1 0 1 0 0 6 0 0 0 0 0 0 0 0
1473.77 0 0 0 0 0 0 0 0 0 1 7 0 0 0 0 0 0 0 0
1544.55 0 0 0 0 0 1 0 0 0 0 7 0 0 0 0 0 0 0 1
1585.8 0 0 0 0 0 1 0 1 0 0 6 0 0 0 0 0 0 0 0
1604.05 0 0 0 0 0 0 0 0 0 1 7 0 0 0 0 0 0 0 0
1614.63 0 0 0 0 0 1 0 0 0 0 7 0 0 0 0 0 0 0 1
1616.06 0 0 1 0 0 0 0 0 0 0 7 0 0 0 1 0 0 0 1
1627.78 0 0 1 0 0 0 0 1 0 0 6 0 0 0 1 0 0 0 0
1634.88 0 0 1 1 0 0 0 1 0 0 5 0 0 0 0 0 0 0 0
1703.38 0 0 0 0 0 1 0 1 0 0 6 0 0 0 0 0 0 0 0
1755.86 0 0 0 0 0 0 0 0 0 1 7 0 0 0 0 0 0 0 0
1961.72 0 0 0 0 0 1 0 0 0 0 7 0 0 0 0 0 0 0 1
1981.42 0 0 0 0 0 1 0 1 0 0 6 0 0 0 0 0 0 0 0
1989.76 0 0 0 0 1 1 0 0 0 0 6 0 1 0 0 0 0 0 0
2006.51 0 0 0 0 0 0 1 0 0 0 7 0 1 0 0 0 0 0 0
2008.73 0 1 0 0 0 0 1 0 0 0 6 0 0 0 0 0 0 0 0
2056.87 0 0 0 0 0 0 0 0 1 0 7 0 0 0 0 0 0 0 0
2584.02 0 0 0 0 0 0 1 0 0 0 7 0 1 0 0 0 0 0 0
2623.16 0 1 0 0 0 0 1 0 0 0 6 0 0 0 0 0 0 0 0
2659.2 0 0 0 0 0 0 0 0 1 0 7 0 0 0 0 0 0 0 0
2659.2 0 0 0 0 0 0 0 0 1 0 7 0 0 0 0 0 0 0 0
