0 0 0 0 0 0 0 0 0 0 0 8 1 2 1 1 0 0 0 0
1.66237 1 0 0 0 0 0 0 0 0 0 7 0 2 1 1 0 0 0 0
5.19144 1 1 0 0 0 0 0 0 0 0 6 0 1 1 1 0 0 0 0
11.8297 1 1 0 1 0 0 0 0 0 0 5 0 1 1 0 0 0 0 0
43.0302 1 2 0 1 0 0 0 0 0 0 4 0 0 1 0 0 0 0 0
101.796 1 2 1 1 0 0 0 0 0 0 3 0 0 0 0 0 0 0 0
120.169 0 1 1 1 1 0 0 0 0 0 4 0 0 0 0 0 0 0 0
138.415 1 1 1 1 0 0 0 0 0 0 4 0 1 0 0 0 0 0 0
141.504 1 1 0 0 0 1 0 0 0 0 5 0 1 0 0 0 0 0 0
153.36 1 1 1 0 0 0 0 0 0 0 5 0 1 0 1 0 0 0 0
169.327 1 1 1 1 0 0 0 0 0 0 4 0 1 0 0 0 0 0 0
187.543 0 0 1 1 1 0 0 0 0 0 5 0 1 0 0 0 0 0 0
188.647 0 1 1 1 1 0 0 0 0 0 4 0 0 0 0 0 0 0 0
191.632 1 1 1 1 0 0 0 0 0 0 4 0 1 0 0 0 0 0 0
212.491 1 2 1 1 0 0 0 0 0 0 3 0 0 0 0 0 0 0 0
264.002 0 1 1 1 1 0 0 0 0 0 4 0 0 0 0 0 0 0 0
264.991 1 1 1 1 0 0 0 0 0 0 4 0 1 0 0 0 0 0 0
274.992 1 1 0 0 0 1 0 0 0 0 5 0 1 0 0 0 0 0 0
280.7 1 2 0 0 0 1 0 0 0 0 4 0 0 0 0 0 0 0 0
317.757 0 1 0 0 1 1 0 0 0 0 5 0 0 0 0 0 0 0 0
319.252 0 0 0 0 0 1 0 1 0 0 6 0 0 0 0 0 0 0 0
369.488 0 0 0 0 0 0 0 0 0 1 7 0 0 0 0 0 0 0 0
422.693 0 0 0 0 0 1 0 0 0 0 7 0 0 0 0 0 0 0 1
422.712 0 0 0 0 0 1 0 1 0 0 6 0 0 0 0 0 0 0 0
428.109 0 0 0 0 0 0 0 0 0 1 7 0 0 0 0 0 0 0 0
469.441 0 0 0 0 0 1 0 0 0 0 7 0 0 0 0 0 0 0 1
486.697 0 0 0 0 0 1 0 1 0 0 6 0 0 0 0 0 0 0 0
536.308 0 0 0 0 0 0 0 0 0 1 7 0 0 0 0 0 0 0 0
553.134 0 0 0 0 0 1 0 0 0 0 7 0 0 0 0 0 0 0 1
555.976 0 0 1 0 0 0 0 0 0 0 7 0 0 0 1 0 0 0 1
557.977 0 0 1 0 0 0 0 1 0 0 6 0 0 0 1 0 0 0 0
567.529 0 0 1 1 0 0 0 1 0 0 5 0 0 0 0 0 0 0 0
596.617 0 0 1 1 1 0 0 0 0 0 5 0 1 0 0 0 0 0 0
644.408 0 0 0 0 1 1 0 0 0 0 6 0 1 0 0 0 0 0 0
647.321 1 0 0 0 0 1 0 0 0 0 6 0 2 0 0 0 0 0 0
648.807 1 1 0 0 0 1 0 0 0 0 5 0 1 0 0 0 0 0 0
657.539 0 0 0 0 1 1 0 0 0 0 6 0 1 0 0 0 0 0 0
693.694 0 0 0 0 0 0 1 0 0 0 7 0 1 0 0 0 0 0 0
699.584 0 0 0 0 0 1 0 0 0 0 7 0 1 0 0 1 0 0 0
707.212 0 1 0 0 0 1 0 0 0 0 6 0 0 0 0 1 0 0 0
719.149 0 1 0 0 1 1 0 0 0 0 5 0 0 0 0 0 0 0 0
733.618 1 1 0 0 0 1 0 0 0 0 5 0 1 0 0 0 0 0 0
737.646 1 2 0 0 0 1 0 0 0 0 4 0 0 0 0 0 0 0 0
742.031 0 1 0 0 1 1 0 0 0 0 5 0 0 0 0 0 0 0 0
747.889 1 1 0 0 0 1 0 0 0 0 5 0 1 0 0 0 0 0 0
755.533 1 2 0 0 0 1 0 0 0 0 4 0 0 0 0 0 0 0 0
771.981 0 1 0 0 1 1 0 0 0 0 5 0 0 0 0 0 0 0 0
803.96 0 1 0 0 0 0 1 0 0 0 6 0 0 0 0 0 0 0 0
950.369 0 0 0 0 0 0 0 0 1 0 7 0 0 0 0 0 0 0 0
950.369 0 0 0 0 0 0 0 0 1 0 7 0 0 0 0 0 0 0 0
