0 0 0 0 0 0 0 0 0 0 0 8 1 2 1 1 0 0 0 0
0.719902 0 0 0 1 0 0 0 0 0 0 7 1 2 1 0 0 0 0 0
8.81882 0 1 0 1 0 0 0 0 0 0 6 1 1 1 0 0 0 0 0
12.2033 0 1 1 1 0 0 0 0 0 0 5 1 1 0 0 0 0 0 0
16.2856 0 1 0 0 0 1 0 0 0 0 6 1 1 0 0 0 0 0 0
31.793 1 1 0 0 0 1 0 0 0 0 5 0 1 0 0 0 0 0 0
32.5846 1 2 0 0 0 1 0 0 0 0 4 0 0 0 0 0 0 0 0
71.9259 0 1 0 0 1 1 0 0 0 0 5 0 0 0 0 0 0 0 0
89.4959 1 1 0 0 0 1 0 0 0 0 5 0 1 0 0 0 0 0 0
96.295 1 2 0 0 0 1 0 0 0 0 4 0 0 0 0 0 0 0 0
99.7019 0 1 0 0 1 1 0 0 0 0 5 0 0 0 0 0 0 0 0
116.27 0 1 0 0 0 0 1 0 0 0 6 0 0 0 0 0 0 0 0
188.81 0 0 0 0 0 0 0 0 1 0 7 0 0 0 0 0 0 0 0
188.81 0 0 0 0 0 0 0 0 1 0 7 0 0 0 0 0 0 0 0
