0 0 0 0 0 0 0 0 0 0 0 8 1 2 1 1 0 0 0 0
0.0128791 1 0 0 0 0 0 0 0 0 0 7 0 2 1 1 0 0 0 0
5.79474 1 0 0 1 0 0 0 0 0 0 6 0 2 1 0 0 0 0 0
14.3458 1 1 0 1 0 0 0 0 0 0 5 0 1 1 0 0 0 0 0
14.8159 0 0 0 1 1 0 0 0 0 0 6 0 1 1 0 0 0 0 0
24.7543 1 0 0 1 0 0 0 0 0 0 6 0 2 1 0 0 0 0 0
28.7177 1 1 0 1 0 0 0 0 0 0 5 0 1 1 0 0 0 0 0
33.9375 0 0 0 1 1 0 0 0 0 0 6 0 1 1 0 0 0 0 0
38.2787 0 1 0 1 1 0 0 0 0 0 5 0 0 1 0 0 0 0 0
43.9289 0 1 1 1 1 0 0 0 0 0 4 0 0 0 0 0 0 0 0
111.101 0 1 0 0 1 1 0 0 0 0 5 0 0 0 0 0 0 0 0
129.263 1 1 0 0 0 1 0 0 0 0 5 0 1 0 0 0 0 0 0
148.584 1 2 0 0 0 1 0 0 0 0 4 0 0 0 0 0 0 0 0
186.707 0 1 0 0 1 1 0 0 0 0 5 0 0 0 0 0 0 0 0
188.975 0 0 0 0 0 1 0 1 0 0 6 0 0 0 0 0 0 0 0
211.926 0 0 0 0 0 0 0 0 0 1 7 0 0 0 0 0 0 0 0
243.382 0 0 0 0 0 1 0 0 0 0 7 0 0 0 0 0 0 0 1
263.172 0 0 0 0 0 1 0 1 0 0 6 0 0 0 0 0 0 0 0
288.918 0 0 0 0 0 0 0 0 0 1 7 0 0 0 0 0 0 0 0
362.626 0 0 0 0 0 1 0 0 0 0 7 0 0 0 0 0 0 0 1
373.688 0 0 0 0 0 1 0 1 0 0 6 0 0 0 0 0 0 0 0
398.23 0 0 0 0 1 1 0 0 0 0 6 0 1 0 0 0 0 0 0
398.769 0 1 0 0 1 1 0 0 0 0 5 0 0 0 0 0 0 0 0
400.236 0 0 0 0 0 1 0 1 0 0 6 0 0 0 0 0 0 0 0
432.796 0 0 1 0 0 0 0 1 0 0 6 0 0 0 1 0 0 0 0
464.521 0 0 1 1 0 0 0 1 0 0 5 0 0 0 0 0 0 0 0
476.142 0 0 0 0 0 1 0 1 0 0 6 0 0 0 0 0 0 0 0
537.224 0 0 0 0 1 1 0 0 0 0 6 0 1 0 0 0 0 0 0
551.903 0 0 1 0 1 0 0 0 0 0 6 0 1 0 1 0 0 0 0
557.924 1 0 1 0 0 0 0 0 0 0 6 0 2 0 1 0 0 0 0
558.943 1 0 1 1 0 0 0 0 0 0 5 0 2 0 0 0 0 0 0
569.914 1 1 1 1 0 0 0 0 0 0 4 0 1 0 0 0 0 0 0
583.968 1 2 1 1 0 0 0 0 0 0 3 0 0 0 0 0 0 0 0
608.175 1 2 0 0 0 1 0 0 0 0 4 0 0 0 0 0 0 0 0
611.406 0 1 0 0 1 1 0 0 0 0 5 0 0 0 0 0 0 0 0
644.256 0 0 0 0 0 1 0 1 0 0 6 0 0 0 0 0 0 0 0
678.542 0 0 1 0 0 0 0 1 0 0 6 0 0 0 1 0 0 0 0
701.982 0 0 1 1 0 0 0 1 0 0 5 0 0 0 0 0 0 0 0
721.863 0 0 0 0 0 1 0 1 0 0 6 0 0 0 0 0 0 0 0
730.379 0 0 0 0 1 1 0 0 0 0 6 0 1 0 0 0 0 0 0
734.438 0 1 0 0 1 1 0 0 0 0 5 0 0 0 0 0 0 0 0
754.243 0 0 0 0 0 1 0 1 0 0 6 0 0 0 0 0 0 0 0
786.724 0 0 1 0 0 0 0 1 0 0 6 0 0 0 1 0 0 0 0
799.423 0 0 1 1 0 0 0 1 0 0 5 0 0 0 0 0 0 0 0
805.518 0 0 1 1 1 0 0 0 0 0 5 0 1 0 0 0 0 0 0
809.976 0 1 1 1 1 0 0 0 0 0 4 0 0 0 0 0 0 0 0
816.956 1 1 1 1 0 0 0 0 0 0 4 0 1 0 0 0 0 0 0
841.275 0 0 1 1 1 0 0 0 0 0 5 0 1 0 0 0 0 0 0
851.088 0 1 1 1 1 0 0 0 0 0 4 0 0 0 0 0 0 0 0
853.716 0 1 0 0 1 1 0 0 0 0 5 0 0 0 0 0 0 0 0
882.608 0 1 0 0 0 0 1 0 0 0 6 0 0 0 0 0 0 0 0
908.509 0 0 0 0 0 0 0 0 1 0 7 0 0 0 0 0 0 0 0
2029.38 0 0 0 0 0 0 1 0 0 0 7 0 1 0 0 0 0 0 0
2031.97 0 1 0 0 0 0 1 0 0 0 6 0 0 0 0 0 0 0 0
2036.87 0 0 0 0 0 0 0 0 1 0 7 0 0 0 0 0 0 0 0
2036.87 0 0 0 0 0 0 0 0 1 0 7 0 0 0 0 0 0 0 0
