0 0 0 0 0 0 0 0 0 0 0 8 1 2 1 1 0 0 0 0
0.227861 1 0 0 0 0 0 0 0 0 0 7 0 2 1 1 0 0 0 0
6.32955 1 0 0 1 0 0 0 0 0 0 6 0 2 1 0 0 0 0 0
32.533 1 0 1 1 0 0 0 0 0 0 5 0 2 0 0 0 0 0 0
33.2794 1 1 1 1 0 0 0 0 0 0 4 0 1 0 0 0 0 0 0
41.9588 0 0 1 1 1 0 0 0 0 0 5 0 1 0 0 0 0 0 0
58.7426 0 0 0 0 1 1 0 0 0 0 6 0 1 0 0 0 0 0 0
60.1502 0 0 0 0 0 0 1 0 0 0 7 0 1 0 0 0 0 0 0
68.8593 0 1 0 0 0 0 1 0 0 0 6 0 0 0 0 0 0 0 0
195.585 0 0 0 0 0 0 0 0 1 0 7 0 0 0 0 0 0 0 0
1300.84 0 0 0 0 0 0 1 0 0 0 7 0 1 0 0 0 0 0 0
1324.03 0 1 0 0 0 0 1 0 0 0 6 0 0 0 0 0 0 0 0
1416.09 0 0 0 0 0 0 0 0 1 0 7 0 0 0 0 0 0 0 0
1416.09 0 0 0 0 0 0 0 0 1 0 7 0 0 0 0 0 0 0 0
