0 0 0 0 0 0 0 0 0 0 0 8 1 2 1 1 0 0 0 0
1.89058 1 0 0 0 0 0 0 0 0 0 7 0 2 1 1 0 0 0 0
11.6623 1 1 0 0 0 0 0 0 0 0 6 0 1 1 1 0 0 0 0
29.6099 1 1 0 1 0 0 0 0 0 0 5 0 1 1 0 0 0 0 0
34.3461 1 2 0 1 0 0 0 0 0 0 4 0 0 1 0 0 0 0 0
45.04 0 1 0 1 1 0 0 0 0 0 5 0 0 1 0 0 0 0 0
50.9723 0 1 1 1 1 0 0 0 0 0 4 0 0 0 0 0 0 0 0
60.4209 0 1 0 0 1 1 0 0 0 0 5 0 0 0 0 0 0 0 0
62.0452 1 1 0 0 0 1 0 0 0 0 5 0 1 0 0 0 0 0 0
73.612 1 2 0 0 0 1 0 0 0 0 4 0 0 0 0 0 0 0 0
84.34 0 1 0 0 1 1 0 0 0 0 5 0 0 0 0 0 0 0 0
87.5781 0 1 1 0 1 0 0 0 0 0 5 0 0 0 1 0 0 0 0
96.3369 0 1 1 1 1 0 0 0 0 0 4 0 0 0 0 0 0 0 0
128.655 0 1 0 0 1 1 0 0 0 0 5 0 0 0 0 0 0 0 0
133.283 0 0 0 0 0 1 0 1 0 0 6 0 0 0 0 0 0 0 0
141.786 0 0 0 0 0 0 0 0 0 1 7 0 0 0 0 0 0 0 0
150.673 0 0 0 0 0 1 0 0 0 0 7 0 0 0 0 0 0 0 1
168.699 0 0 0 0 0 1 0 1 0 0 6 0 0 0 0 0 0 0 0
180.454 0 0 0 0 0 0 0 0 0 1 7 0 0 0 0 0 0 0 0
197.154 0 0 0 0 0 1 0 0 0 0 7 0 0 0 0 0 0 0 1
203.233 0 0 0 0 0 1 0 1 0 0 6 0 0 0 0 0 0 0 0
221.951 0 0 0 0 0 0 0 0 0 1 7 0 0 0 0 0 0 0 0
501.179 0 0 0 0 0 1 0 0 0 0 7 0 0 0 0 0 0 0 1
515.99 0 0 0 0 0 1 0 1 0 0 6 0 0 0 0 0 0 0 0
524.252 0 0 0 0 1 1 0 0 0 0 6 0 1 0 0 0 0 0 0
531.359 0 1 0 0 1 1 0 0 0 0 5 0 0 0 0 0 0 0 0
581.891 0 0 0 0 0 1 0 1 0 0 6 0 0 0 0 0 0 0 0
612.585 0 0 1 0 0 0 0 1 0 0 6 0 0 0 1 0 0 0 0
613.154 0 0 1 1 0 0 0 1 0 0 5 0 0 0 0 0 0 0 0
621.699 0 0 1 1 1 0 0 0 0 0 5 0 1 0 0 0 0 0 0
668.748 0 1 1 1 1 0 0 0 0 0 4 0 0 0 0 0 0 0 0
670.299 1 1 1 1 0 0 0 0 0 0 4 0 1 0 0 0 0 0 0
673.677 0 0 1 1 1 0 0 0 0 0 5 0 1 0 0 0 0 0 0
675.511 0 1 1 1 1 0 0 0 0 0 4 0 0 0 0 0 0 0 0
693.59 1 1 1 1 0 0 0 0 0 0 4 0 1 0 0 0 0 0 0
698.188 0 0 1 1 1 0 0 0 0 0 5 0 1 0 0 0 0 0 0
699.138 1 0 1 1 0 0 0 0 0 0 5 0 2 0 0 0 0 0 0
710.274 1 1 1 1 0 0 0 0 0 0 4 0 1 0 0 0 0 0 0
721.42 1 2 1 1 0 0 0 0 0 0 3 0 0 0 0 0 0 0 0
724 0 1 1 1 1 0 0 0 0 0 4 0 0 0 0 0 0 0 0
749.738 0 0 1 1 0 0 0 1 0 0 5 0 0 0 0 0 0 0 0
767.715 0 0 0 0 0 1 0 1 0 0 6 0 0 0 0 0 0 0 0
778.643 0 0 0 0 0 0 0 0 0 1 7 0 0 0 0 0 0 0 0
785.021 0 0 0 0 0 1 0 0 0 0 7 0 0 0 0 0 0 0 1
791.37 0 0 0 0 0 1 0 1 0 0 6 0 0 0 0 0 0 0 0
819.217 0 0 1 0 0 0 0 1 0 0 6 0 0 0 1 0 0 0 0
836.018 0 0 1 1 0 0 0 1 0 0 5 0 0 0 0 0 0 0 0
862.284 0 0 0 0 0 1 0 1 0 0 6 0 0 0 0 0 0 0 0
883.59 0 0 0 0 0 0 0 0 0 1 7 0 0 0 0 0 0 0 0
928.452 0 0 0 0 0 1 0 0 0 0 7 0 0 0 0 0 0 0 1
969.699 0 0 0 0 0 1 0 1 0 0 6 0 0 0 0 0 0 0 0
970.569 0 0 0 0 1 1 0 0 0 0 6 0 1 0 0 0 0 0 0
976.704 1 0 0 0 0 1 0 0 0 0 6 0 2 0 0 0 0 0 0
977.459 1 1 0 0 0 1 0 0 0 0 5 0 1 0 0 0 0 0 0
980.272 1 2 0 0 0 1 0 0 0 0 4 0 0 0 0 0 0 0 0
1022.87 0 1 0 0 1 1 0 0 0 0 5 0 0 0 0 0 0 0 0
1056.64 1 1 0 0 0 1 0 0 0 0 5 0 1 0 0 0 0 0 0
1066.51 1 2 0 0 0 1 0 0 0 0 4 0 0 0 0 0 0 0 0
1070.62 0 1 0 0 1 1 0 0 0 0 5 0 0 0 0 0 0 0 0
1082.64 0 0 0 0 0 1 0 1 0 0 6 0 0 0 0 0 0 0 0
1145.7 0 0 0 0 1 1 0 0 0 0 6 0 1 0 0 0 0 0 0
1170.97 0 1 0 0 1 1 0 0 0 0 5 0 0 0 0 0 0 0 0
1195.86 1 1 0 0 0 1 0 0 0 0 5 0 1 0 0 0 0 0 0
1204.79 1 2 0 0 0 1 0 0 0 0 4 0 0 0 0 0 0 0 0
1205.26 0 1 0 0 1 1 0 0 0 0 5 0 0 0 0 0 0 0 0
1212.07 0 1 0 0 0 0 1 0 0 0 6 0 0 0 0 0 0 0 0
1269.44 0 0 0 0 0 0 0 0 1 0 7 0 0 0 0 0 0 0 0
1337.42 0 0 0 0 0 0 1 0 0 0 7 0 1 0 0 0 0 0 0
1338.67 0 1 0 0 0 0 1 0 0 0 6 0 0 0 0 0 0 0 0
1346.82 0 0 0 0 0 0 0 0 1 0 7 0 0 0 0 0 0 0 0
2513.32 0 0 0 0 0 0 1 0 0 0 7 0 1 0 0 0 0 0 0
2515.76 0 1 0 0 0 0 1 0 0 0 6 0 0 0 0 0 0 0 0
2521.41 0 0 0 0 0 0 0 0 1 0 7 0 0 0 0 0 0 0 0
3526.98 0 0 0 0 0 0 1 0 0 0 7 0 1 0 0 0 0 0 0
3531.51 0 1 0 0 0 0 1 0 0 0 6 0 0 0 0 0 0 0 0
3613.8 0 1 0 0 0 1 0 0 0 0 6 0 0 0 0 1 0 0 0
3638.44 0 1 0 0 1 1 0 0 0 0 5 0 0 0 0 0 0 0 0
3663.62 0 0 0 0 0 1 0 1 0 0 6 0 0 0 0 0 0 0 0
3667.24 0 0 0 0 1 1 0 0 0 0 6 0 1 0 0 0 0 0 0
3682.21 0 1 0 0 1 1 0 0 0 0 5 0 0 0 0 0 0 0 0
3685.39 0 1 1 0 1 0 0 0 0 0 5 0 0 0 1 0 0 0 0
3686.78 1 1 1 0 0 0 0 0 0 0 5 0 1 0 1 0 0 0 0
3691.29 1 1 1 1 0 0 0 0 0 0 4 0 1 0 0 0 0 0 0
3731.48 1 2 1 1 0 0 0 0 0 0 3 0 0 0 0 0 0 0 0
3737.8 1 2 0 0 0 1 0 0 0 0 4 0 0 0 0 0 0 0 0
3778.48 0 1 0 0 1 1 0 0 0 0 5 0 0 0 0 0 0 0 0
3779.07 0 1 0 0 0 0 1 0 0 0 6 0 0 0 0 0 0 0 0
3847.73 0 1 0 0 0 1 0 0 0 0 6 0 0 0 0 1 0 0 0
3862.68 0 1 0 0 1 1 0 0 0 0 5 0 0 0 0 0 0 0 0
3871.68 0 1 0 0 0 0 1 0 0 0 6 0 0 0 0 0 0 0 0
3948.83 0 1 0 0 0 1 0 0 0 0 6 0 0 0 0 1 0 0 0
3950.41 0 1 0 0 1 1 0 0 0 0 5 0 0 0 0 0 0 0 0
3990.61 0 1 0 0 0 0 1 0 0 0 6 0 0 0 0 0 0 0 0
3998.57 0 0 0 0 0 0 0 0 1 0 7 0 0 0 0 0 0 0 0
3998.57 0 0 0 0 0 0 0 0 1 0 7 0 0 0 0 0 0 0 0
