0 0 0 0 0 0 0 0 0 0 0 8 1 2 1 1 0 0 0 0
2.46726 0 0 0 1 0 0 0 0 0 0 7 1 2 1 0 0 0 0 0
4.00119 0 1 0 1 0 0 0 0 0 0 6 1 1 1 0 0 0 0 0
4.73466 0 2 0 1 0 0 0 0 0 0 5 1 0 1 0 0 0 0 0
5.91685 1 2 0 1 0 0 0 0 0 0 4 0 0 1 0 0 0 0 0
11.0987 1 2 1 1 0 0 0 0 0 0 3 0 0 0 0 0 0 0 0
18.0275 0 1 1 1 1 0 0 0 0 0 4 0 0 0 0 0 0 0 0
104.791 0 0 1 1 0 0 0 1 0 0 5 0 0 0 0 0 0 0 0
113.4 0 0 0 0 0 1 0 1 0 0 6 0 0 0 0 0 0 0 0
207.64 0 0 1 0 0 0 0 1 0 0 6 0 0 0 1 0 0 0 0
214.689 0 0 1 1 0 0 0 1 0 0 5 0 0 0 0 0 0 0 0
268.245 0 0 0 0 0 1 0 1 0 0 6 0 0 0 0 0 0 0 0
307.395 0 0 0 0 1 1 0 0 0 0 6 0 1 0 0 0 0 0 0
307.655 0 1 0 0 1 1 0 0 0 0 5 0 0 0 0 0 0 0 0
341.82 0 1 0 0 0 0 1 0 0 0 6 0 0 0 0 0 0 0 0
415.522 0 0 0 0 0 0 0 0 1 0 7 0 0 0 0 0 0 0 0
3527.23 0 0 0 0 0 0 1 0 0 0 7 0 1 0 0 0 0 0 0
3536.83 0 1 0 0 0 0 1 0 0 0 6 0 0 0 0 0 0 0 0
3659.95 0 0 0 0 0 0 0 0 1 0 7 0 0 0 0 0 0 0 0
3659.95 0 0 0 0 0 0 0 0 1 0 7 0 0 0 0 0 0 0 0
