0 0 0 0 0 0 0 0 0 0 0 8 1 2 1 1 0 0 0 0
1.34977 1 0 0 0 0 0 0 0 0 0 7 0 2 1 1 0 0 0 0
1.97644 1 0 0 1 0 0 0 0 0 0 6 0 2 1 0 0 0 0 0
4.74081 1 0 1 1 0 0 0 0 0 0 5 0 2 0 0 0 0 0 0
11.9126 1 1 1 1 0 0 0 0 0 0 4 0 1 0 0 0 0 0 0
12.6655 1 2 1 1 0 0 0 0 0 0 3 0 0 0 0 0 0 0 0
37.2595 0 1 1 1 1 0 0 0 0 0 4 0 0 0 0 0 0 0 0
48.2852 0 1 0 0 1 1 0 0 0 0 5 0 0 0 0 0 0 0 0
69.1577 0 1 0 0 0 0 1 0 0 0 6 0 0 0 0 0 0 0 0
176.832 0 1 0 0 0 1 0 0 0 0 6 0 0 0 0 1 0 0 0
177.44 0 1 1 0 0 0 0 0 0 0 6 0 0 0 1 1 0 0 0
185.749 0 1 1 1 0 0 0 0 0 0 5 0 0 0 0 1 0 0 0
189.777 0 1 1 1 1 0 0 0 0 0 4 0 0 0 0 0 0 0 0
203.928 0 0 1 1 0 0 0 1 0 0 5 0 0 0 0 0 0 0 0
244.216 0 0 0 0 0 1 0 1 0 0 6 0 0 0 0 0 0 0 0
257.177 0 0 0 0 0 0 0 0 0 1 7 0 0 0 0 0 0 0 0
334.841 0 0 0 0 0 1 0 0 0 0 7 0 0 0 0 0 0 0 1
342.908 0 0 0 0 0 1 0 1 0 0 6 0 0 0 0 0 0 0 0
459.262 0 0 0 0 0 0 0 0 0 1 7 0 0 0 0 0 0 0 0
701.649 0 0 0 0 0 1 0 0 0 0 7 0 0 0 0 0 0 0 1
701.75 0 0 0 0 0 1 0 1 0 0 6 0 0 0 0 0 0 0 0
733.166 0 0 0 0 0 0 0 0 0 1 7 0 0 0 0 0 0 0 0
810.864 0 0 0 0 0 1 0 0 0 0 7 0 0 0 0 0 0 0 1
822.629 0 0 0 0 0 1 0 1 0 0 6 0 0 0 0 0 0 0 0
877.542 0 0 1 0 0 0 0 1 0 0 6 0 0 0 1 0 0 0 0
885.555 0 0 1 0 1 0 0 0 0 0 6 0 1 0 1 0 0 0 0
889.599 0 0 1 1 1 0 0 0 0 0 5 0 1 0 0 0 0 0 0
904.864 1 0 1 1 0 0 0 0 0 0 5 0 2 0 0 0 0 0 0
920.232 1 1 1 1 0 0 0 0 0 0 4 0 1 0 0 0 0 0 0
925.953 1 2 1 1 0 0 0 0 0 0 3 0 0 0 0 0 0 0 0
946.893 0 1 1 1 1 0 0 0 0 0 4 0 0 0 0 0 0 0 0
947.254 1 1 1 1 0 0 0 0 0 0 4 0 1 0 0 0 0 0 0
955.665 1 2 1 1 0 0 0 0 0 0 3 0 0 0 0 0 0 0 0
957.128 0 1 1 1 1 0 0 0 0 0 4 0 0 0 0 0 0 0 0
967.045 1 1 1 1 0 0 0 0 0 0 4 0 1 0 0 0 0 0 0
1021.94 1 2 1 1 0 0 0 0 0 0 3 0 0 0 0 0 0 0 0
1022.75 0 1 1 1 1 0 0 0 0 0 4 0 0 0 0 0 0 0 0
1024.09 0 0 1 1 0 0 0 1 0 0 5 0 0 0 0 0 0 0 0
1068.64 0 0 0 0 0 1 0 1 0 0 6 0 0 0 0 0 0 0 0
1204.85 0 0 1 0 0 0 0 1 0 0 6 0 0 0 1 0 0 0 0
1207.13 0 0 1 1 0 0 0 1 0 0 5 0 0 0 0 0 0 0 0
1226.01 0 0 0 0 0 1 0 1 0 0 6 0 0 0 0 0 0 0 0
1247.67 0 0 0 0 1 1 0 0 0 0 6 0 1 0 0 0 0 0 0
1250.71 0 1 0 0 1 1 0 0 0 0 5 0 0 0 0 0 0 0 0
1257.85 0 0 0 0 0 1 0 1 0 0 6 0 0 0 0 0 0 0 0
1308.88 0 0 0 0 0 0 0 0 0 1 7 0 0 0 0 0 0 0 0
1334.05 0 0 0 0 0 1 0 0 0 0 7 0 0 0 0 0 0 0 1
1336.59 0 0 0 0 0 1 0 1 0 0 6 0 0 0 0 0 0 0 0
1348.41 0 0 0 0 1 1 0 0 0 0 6 0 1 0 0 0 0 0 0
1350.19 1 0 0 0 0 1 0 0 0 0 6 0 2 0 0 0 0 0 0
1352.6 1 1 0 0 0 1 0 0 0 0 5 0 1 0 0 0 0 0 0
1353.58 1 2 0 0 0 1 0 0 0 0 4 0 0 0 0 0 0 0 0
1391.98 1 2 1 0 0 0 0 0 0 0 4 0 0 0 1 0 0 0 0
1451.59 1 2 1 1 0 0 0 0 0 0 3 0 0 0 0 0 0 0 0
1487.26 0 1 1 1 1 0 0 0 0 0 4 0 0 0 0 0 0 0 0
1543.12 0 1 0 0 1 1 0 0 0 0 5 0 0 0 0 0 0 0 0
1552.77 1 1 0 0 0 1 0 0 0 0 5 0 1 0 0 0 0 0 0
1563.29 0 0 0 0 1 1 0 0 0 0 6 0 1 0 0 0 0 0 0
1568.24 1 0 0 0 0 1 0 0 0 0 6 0 2 0 0 0 0 0 0
1570.41 1 1 0 0 0 1 0 0 0 0 5 0 1 0 0 0 0 0 0
1577.54 1 2 0 0 0 1 0 0 0 0 4 0 0 0 0 0 0 0 0
1604.35 0 1 0 0 1 1 0 0 0 0 5 0 0 0 0 0 0 0 0
1645.34 0 1 0 0 0 0 1 0 0 0 6 0 0 0 0 0 0 0 0
1675.25 0 0 0 0 0 0 0 0 1 0 7 0 0 0 0 0 0 0 0
1894.27 0 0 0 0 0 0 1 0 0 0 7 0 1 0 0 0 0 0 0
1923.82 0 1 0 0 0 0 1 0 0 0 6 0 0 0 0 0 0 0 0
1996.05 0 0 0 0 0 0 0 0 1 0 7 0 0 0 0 0 0 0 0
1996.05 0 0 0 0 0 0 0 0 1 0 7 0 0 0 0 0 0 0 0
