0 0 0 0 0 0 0 0 0 0 0 8 1 2 1 1 0 0 0 0
0.0208942 0 0 1 0 0 0 0 0 0 0 7 1 2 0 1 0 0 0 0
8.17576 1 0 1 0 0 0 0 0 0 0 6 0 2 0 1 0 0 0 0
13.5849 1 0 1 1 0 0 0 0 0 0 5 0 2 0 0 0 0 0 0
16.2609 1 1 1 1 0 0 0 0 0 0 4 0 1 0 0 0 0 0 0
18.959 0 0 1 1 1 0 0 0 0 0 5 0 1 0 0 0 0 0 0
33.8326 0 1 1 1 1 0 0 0 0 0 4 0 0 0 0 0 0 0 0
63.9864 1 1 1 1 0 0 0 0 0 0 4 0 1 0 0 0 0 0 0
91.1652 1 1 0 0 0 1 0 0 0 0 5 0 1 0 0 0 0 0 0
95.9507 1 2 0 0 0 1 0 0 0 0 4 0 0 0 0 0 0 0 0
104.303 0 1 0 0 1 1 0 0 0 0 5 0 0 0 0 0 0 0 0
177.107 0 1 0 0 0 0 1 0 0 0 6 0 0 0 0 0 0 0 0
374.464 0 1 0 0 0 1 0 0 0 0 6 0 0 0 0 1 0 0 0
399.846 0 1 0 0 1 1 0 0 0 0 5 0 0 0 0 0 0 0 0
407.519 1 1 0 0 0 1 0 0 0 0 5 0 1 0 0 0 0 0 0
417.842 0 0 0 0 1 1 0 0 0 0 6 0 1 0 0 0 0 0 0
437.407 0 1 0 0 1 1 0 0 0 0 5 0 0 0 0 0 0 0 0
437.88 0 1 0 0 0 0 1 0 0 0 6 0 0 0 0 0 0 0 0
456.56 0 0 0 0 0 0 0 0 1 0 7 0 0 0 0 0 0 0 0
523.47 0 0 0 0 0 0 1 0 0 0 7 0 1 0 0 0 0 0 0
529.518 0 1 0 0 0 0 1 0 0 0 6 0 0 0 0 0 0 0 0
565.293 0 1 0 0 0 1 0 0 0 0 6 0 0 0 0 1 0 0 0
570.429 0 1 0 0 1 1 0 0 0 0 5 0 0 0 0 0 0 0 0
577.575 1 1 0 0 0 1 0 0 0 0 5 0 1 0 0 0 0 0 0
578.009 1 2 0 0 0 1 0 0 0 0 4 0 0 0 0 0 0 0 0
589.245 0 1 0 0 1 1 0 0 0 0 5 0 0 0 0 0 0 0 0
593.921 1 1 0 0 0 1 0 0 0 0 5 0 1 0 0 0 0 0 0
595.092 1 2 0 0 0 1 0 0 0 0 4 0 0 0 0 0 0 0 0
606.632 0 1 0 0 1 1 0 0 0 0 5 0 0 0 0 0 0 0 0
611.781 0 0 0 0 0 1 0 1 0 0 6 0 0 0 0 0 0 0 0
619.559 0 0 0 0 0 0 0 0 0 1 7 0 0 0 0 0 0 0 0
670.928 0 0 0 0 0 1 0 0 0 0 7 0 0 0 0 0 0 0 1
675.748 0 0 0 0 0 1 0 1 0 0 6 0 0 0 0 0 0 0 0
735.755 0 0 0 0 0 0 0 0 0 1 7 0 0 0 0 0 0 0 0
750.564 0 0 0 0 0 1 0 0 0 0 7 0 0 0 0 0 0 0 1
753.157 0 0 0 0 0 1 0 1 0 0 6 0 0 0 0 0 0 0 0
755.654 0 0 0 0 0 0 0 0 0 1 7 0 0 0 0 0 0 0 0
832.442 0 0 0 0 0 1 0 0 0 0 7 0 0 0 0 0 0 0 1
865.163 0 0 1 0 0 0 0 0 0 0 7 0 0 0 1 0 0 0 1
870.479 0 0 1 1 0 0 0 0 0 0 6 0 0 0 0 0 0 0 1
881.3 0 0 0 0 0 1 0 0 0 0 7 0 0 0 0 0 0 0 1
885.103 0 0 0 0 0 1 0 1 0 0 6 0 0 0 0 0 0 0 0
892.37 0 0 1 0 0 0 0 1 0 0 6 0 0 0 1 0 0 0 0
946.848 0 0 1 1 0 0 0 1 0 0 5 0 0 0 0 0 0 0 0
959.13 0 0 1 1 1 0 0 0 0 0 5 0 1 0 0 0 0 0 0
962.528 0 1 1 1 1 0 0 0 0 0 4 0 0 0 0 0 0 0 0
1067.01 0 1 0 0 1 1 0 0 0 0 5 0 0 0 0 0 0 0 0
1083.03 1 1 0 0 0 1 0 0 0 0 5 0 1 0 0 0 0 0 0
1087.13 1 2 0 0 0 1 0 0 0 0 4 0 0 0 0 0 0 0 0
1157.45 0 1 0 0 1 1 0 0 0 0 5 0 0 0 0 0 0 0 0
1164.43 0 1 1 0 1 0 0 0 0 0 5 0 0 0 1 0 0 0 0
1218.57 0 1 1 1 1 0 0 0 0 0 4 0 0 0 0 0 0 0 0
1252.64 0 0 1 1 0 0 0 1 0 0 5 0 0 0 0 0 0 0 0
1311.92 0 0 0 0 0 1 0 1 0 0 6 0 0 0 0 0 0 0 0
1338.54 0 0 1 0 0 0 0 1 0 0 6 0 0 0 1 0 0 0 0
1354.62 0 0 1 1 0 0 0 1 0 0 5 0 0 0 0 0 0 0 0
1363.12 0 0 0 0 0 1 0 1 0 0 6 0 0 0 0 0 0 0 0
1445.22 0 0 1 0 0 0 0 1 0 0 6 0 0 0 1 0 0 0 0
1450.05 0 0 1 0 1 0 0 0 0 0 6 0 1 0 1 0 0 0 0
1473.15 0 1 1 0 1 0 0 0 0 0 5 0 0 0 1 0 0 0 0
1474.79 0 1 1 1 1 0 0 0 0 0 4 0 0 0 0 0 0 0 0
1475.55 1 1 1 1 0 0 0 0 0 0 4 0 1 0 0 0 0 0 0
1521.12 1 1 0 0 0 1 0 0 0 0 5 0 1 0 0 0 0 0 0
1528.75 1 2 0 0 0 1 0 0 0 0 4 0 0 0 0 0 0 0 0
1529.66 0 1 0 0 1 1 0 0 0 0 5 0 0 0 0 0 0 0 0
1550.5 1 1 0 0 0 1 0 0 0 0 5 0 1 0 0 0 0 0 0
1559.33 1 2 0 0 0 1 0 0 0 0 4 0 0 0 0 0 0 0 0
1593.76 0 1 0 0 1 1 0 0 0 0 5 0 0 0 0 0 0 0 0
1600.08 1 1 0 0 0 1 0 0 0 0 5 0 1 0 0 0 0 0 0
1600.13 0 0 0 0 1 1 0 0 0 0 6 0 1 0 0 0 0 0 0
1615.81 1 0 0 0 0 1 0 0 0 0 6 0 2 0 0 0 0 0 0
1615.87 1 0 1 0 0 0 0 0 0 0 6 0 2 0 1 0 0 0 0
1621.26 1 1 1 0 0 0 0 0 0 0 5 0 1 0 1 0 0 0 0
1625.34 0 0 1 0 1 0 0 0 0 0 6 0 1 0 1 0 0 0 0
1638.56 0 0 1 1 1 0 0 0 0 0 5 0 1 0 0 0 0 0 0
1646.16 0 0 0 0 1 1 0 0 0 0 6 0 1 0 0 0 0 0 0
1654.29 0 1 0 0 1 1 0 0 0 0 5 0 0 0 0 0 0 0 0
1656.26 0 0 0 0 0 1 0 1 0 0 6 0 0 0 0 0 0 0 0
1660.18 0 0 0 0 0 0 0 0 0 1 7 0 0 0 0 0 0 0 0
1765.3 0 0 0 0 0 1 0 0 0 0 7 0 0 0 0 0 0 0 1
1793.57 0 0 0 0 0 1 0 1 0 0 6 0 0 0 0 0 0 0 0
1814.69 0 0 1 0 0 0 0 1 0 0 6 0 0 0 1 0 0 0 0
1815.77 0 0 1 1 0 0 0 1 0 0 5 0 0 0 0 0 0 0 0
1859.62 0 0 1 1 1 0 0 0 0 0 5 0 1 0 0 0 0 0 0
1874.5 1 0 1 1 0 0 0 0 0 0 5 0 2 0 0 0 0 0 0
1876.6 1 1 1 1 0 0 0 0 0 0 4 0 1 0 0 0 0 0 0
1882.61 1 2 1 1 0 0 0 0 0 0 3 0 0 0 0 0 0 0 0
1898.06 0 1 1 1 1 0 0 0 0 0 4 0 0 0 0 0 0 0 0
1901.98 0 1 0 0 1 1 0 0 0 0 5 0 0 0 0 0 0 0 0
1947.85 0 1 1 0 1 0 0 0 0 0 5 0 0 0 1 0 0 0 0
1951.07 0 1 1 1 1 0 0 0 0 0 4 0 0 0 0 0 0 0 0
2063.27 0 1 0 0 1 1 0 0 0 0 5 0 0 0 0 0 0 0 0
2107.71 0 1 1 0 1 0 0 0 0 0 5 0 0 0 1 0 0 0 0
2112.42 0 1 1 1 1 0 0 0 0 0 4 0 0 0 0 0 0 0 0
2133.36 1 1 1 1 0 0 0 0 0 0 4 0 1 0 0 0 0 0 0
2136.1 1 2 1 1 0 0 0 0 0 0 3 0 0 0 0 0 0 0 0
2151.12 0 1 1 1 1 0 0 0 0 0 4 0 0 0 0 0 0 0 0
2200.15 0 0 1 1 0 0 0 1 0 0 5 0 0 0 0 0 0 0 0
2294.66 0 0 0 0 0 1 0 1 0 0 6 0 0 0 0 0 0 0 0
2375.22 0 0 0 0 0 0 0 0 0 1 7 0 0 0 0 0 0 0 0
2393.97 0 0 0 0 0 1 0 0 0 0 7 0 0 0 0 0 0 0 1
2395.85 0 0 0 0 0 1 0 1 0 0 6 0 0 0 0 0 0 0 0
2410.38 0 0 0 0 0 0 0 0 0 1 7 0 0 0 0 0 0 0 0
2471.44 0 0 0 0 0 1 0 0 0 0 7 0 0 0 0 0 0 0 1
2480.96 0 0 0 0 0 1 0 1 0 0 6 0 0 0 0 0 0 0 0
2506.29 0 0 0 0 0 0 0 0 0 1 7 0 0 0 0 0 0 0 0
2652.48 0 0 0 0 0 1 0 0 0 0 7 0 0 0 0 0 0 0 1
2663 0 0 0 0 0 1 0 1 0 0 6 0 0 0 0 0 0 0 0
2695.22 0 0 0 0 0 0 0 0 0 1 7 0 0 0 0 0 0 0 0
2810.93 0 0 0 0 0 1 0 0 0 0 7 0 0 0 0 0 0 0 1
2855.36 0 0 1 0 0 0 0 0 0 0 7 0 0 0 1 0 0 0 1
2866.29 0 0 1 0 0 0 0 1 0 0 6 0 0 0 1 0 0 0 0
2880.43 0 0 1 1 0 0 0 1 0 0 5 0 0 0 0 0 0 0 0
2881.91 0 0 0 0 0 1 0 1 0 0 6 0 0 0 0 0 0 0 0
2890.85 0 0 0 0 0 0 0 0 0 1 7 0 0 0 0 0 0 0 0
2903.98 0 0 0 0 0 1 0 0 0 0 7 0 0 0 0 0 0 0 1
2905.44 0 0 0 0 0 1 0 1 0 0 6 0 0 0 0 0 0 0 0
2906.75 0 0 1 0 0 0 0 1 0 0 6 0 0 0 1 0 0 0 0
2947.18 0 0 1 1 0 0 0 1 0 0 5 0 0 0 0 0 0 0 0
2948.46 0 0 0 0 0 1 0 1 0 0 6 0 0 0 0 0 0 0 0
2950.4 0 0 0 0 0 0 0 0 0 1 7 0 0 0 0 0 0 0 0
2971.94 0 0 0 0 0 1 0 0 0 0 7 0 0 0 0 0 0 0 1
2973.94 0 0 0 0 0 1 0 1 0 0 6 0 0 0 0 0 0 0 0
3008.62 0 0 0 0 0 0 0 0 0 1 7 0 0 0 0 0 0 0 0
3102.84 0 0 0 0 0 1 0 0 0 0 7 0 0 0 0 0 0 0 1
3103.77 0 0 0 0 0 1 0 1 0 0 6 0 0 0 0 0 0 0 0
3120.61 0 0 0 0 0 0 0 0 0 1 7 0 0 0 0 0 0 0 0
3132.91 0 0 0 0 0 1 0 0 0 0 7 0 0 0 0 0 0 0 1
3143.22 0 0 0 0 0 1 0 1 0 0 6 0 0 0 0 0 0 0 0
3171.1 0 0 0 0 0 0 0 0 0 1 7 0 0 0 0 0 0 0 0
3183.24 0 0 0 0 0 1 0 0 0 0 7 0 0 0 0 0 0 0 1
3187.44 0 0 0 0 0 1 0 1 0 0 6 0 0 0 0 0 0 0 0
3189.2 0 0 1 0 0 0 0 1 0 0 6 0 0 0 1 0 0 0 0
3208.3 0 0 1 1 0 0 0 1 0 0 5 0 0 0 0 0 0 0 0
3313.45 0 0 0 0 0 1 0 1 0 0 6 0 0 0 0 0 0 0 0
3333.46 0 0 0 0 0 0 0 0 0 1 7 0 0 0 0 0 0 0 0
3368.18 0 0 0 0 0 1 0 0 0 0 7 0 0 0 0 0 0 0 1
3397.11 0 0 0 0 0 1 0 1 0 0 6 0 0 0 0 0 0 0 0
3421.24 0 0 0 0 0 0 0 0 0 1 7 0 0 0 0 0 0 0 0
3449.71 0 0 0 0 0 1 0 0 0 0 7 0 0 0 0 0 0 0 1
3450.19 0 0 0 0 0 1 0 1 0 0 6 0 0 0 0 0 0 0 0
3536.84 0 0 1 0 0 0 0 1 0 0 6 0 0 0 1 0 0 0 0
3540.91 0 0 1 1 0 0 0 1 0 0 5 0 0 0 0 0 0 0 0
3570.69 0 0 0 0 0 1 0 1 0 0 6 0 0 0 0 0 0 0 0
3580.63 0 0 0 0 1 1 0 0 0 0 6 0 1 0 0 0 0 0 0
3590.34 0 1 0 0 1 1 0 0 0 0 5 0 0 0 0 0 0 0 0
3628.87 0 1 0 0 0 0 1 0 0 0 6 0 0 0 0 0 0 0 0
3689.65 0 0 0 0 0 0 0 0 1 0 7 0 0 0 0 0 0 0 0
3689.65 0 0 0 0 0 0 0 0 1 0 7 0 0 0 0 0 0 0 0
