0 0 0 0 0 0 0 0 0 0 0 8 1 2 1 1 0 0 0 0
0.345542 0 0 0 1 0 0 0 0 0 0 7 1 2 1 0 0 0 0 0
0.367645 0 1 0 1 0 0 0 0 0 0 6 1 1 1 0 0 0 0 0
0.857549 0 1 1 1 0 0 0 0 0 0 5 1 1 0 0 0 0 0 0
1.19341 0 2 1 1 0 0 0 0 0 0 4 1 0 0 0 0 0 0 0
5.7368 0 2 0 0 0 1 0 0 0 0 5 1 0 0 0 0 0 0 0
16.2431 1 2 0 0 0 1 0 0 0 0 4 0 0 0 0 0 0 0 0
21.3723 0 1 0 0 1 1 0 0 0 0 5 0 0 0 0 0 0 0 0
25.064 0 0 0 0 0 1 0 1 0 0 6 0 0 0 0 0 0 0 0
34.9222 0 0 0 0 1 1 0 0 0 0 6 0 1 0 0 0 0 0 0
50.4944 0 1 0 0 1 1 0 0 0 0 5 0 0 0 0 0 0 0 0
54.1305 0 0 0 0 0 1 0 1 0 0 6 0 0 0 0 0 0 0 0
82.43 0 0 0 0 1 1 0 0 0 0 6 0 1 0 0 0 0 0 0
99.0954 1 0 0 0 0 1 0 0 0 0 6 0 2 0 0 0 0 0 0
99.3212 1 1 0 0 0 1 0 0 0 0 5 0 1 0 0 0 0 0 0
106.99 1 1 1 0 0 0 0 0 0 0 5 0 1 0 1 0 0 0 0
111.835 1 2 1 0 0 0 0 0 0 0 4 0 0 0 1 0 0 0 0
136.226 1 2 1 1 0 0 0 0 0 0 3 0 0 0 0 0 0 0 0
139.775 0 1 1 1 1 0 0 0 0 0 4 0 0 0 0 0 0 0 0
154.299 1 1 1 1 0 0 0 0 0 0 4 0 1 0 0 0 0 0 0
157.975 1 1 0 0 0 1 0 0 0 0 5 0 1 0 0 0 0 0 0
201.587 1 1 1 0 0 0 0 0 0 0 5 0 1 0 1 0 0 0 0
201.609 1 1 1 1 0 0 0 0 0 0 4 0 1 0 0 0 0 0 0
233.091 1 2 1 1 0 0 0 0 0 0 3 0 0 0 0 0 0 0 0
270.413 1 2 0 0 0 1 0 0 0 0 4 0 0 0 0 0 0 0 0
279.721 0 1 0 0 1 1 0 0 0 0 5 0 0 0 0 0 0 0 0
303.844 1 1 0 0 0 1 0 0 0 0 5 0 1 0 0 0 0 0 0
309.17 1 2 0 0 0 1 0 0 0 0 4 0 0 0 0 0 0 0 0
344.914 1 2 1 0 0 0 0 0 0 0 4 0 0 0 1 0 0 0 0
347.299 0 1 1 0 1 0 0 0 0 0 5 0 0 0 1 0 0 0 0
358.361 0 1 1 1 1 0 0 0 0 0 4 0 0 0 0 0 0 0 0
373.125 1 1 1 1 0 0 0 0 0 0 4 0 1 0 0 0 0 0 0
375.591 1 2 1 1 0 0 0 0 0 0 3 0 0 0 0 0 0 0 0
390.212 1 2 0 0 0 1 0 0 0 0 4 0 0 0 0 0 0 0 0
397.447 0 1 0 0 1 1 0 0 0 0 5 0 0 0 0 0 0 0 0
410.544 1 1 0 0 0 1 0 0 0 0 5 0 1 0 0 0 0 0 0
426.648 1 2 0 0 0 1 0 0 0 0 4 0 0 0 0 0 0 0 0
431.479 0 1 0 0 1 1 0 0 0 0 5 0 0 0 0 0 0 0 0
448.77 0 1 1 0 1 0 0 0 0 0 5 0 0 0 1 0 0 0 0
474.269 0 1 1 1 1 0 0 0 0 0 4 0 0 0 0 0 0 0 0
479.917 1 1 1 1 0 0 0 0 0 0 4 0 1 0 0 0 0 0 0
480.306 0 0 1 1 1 0 0 0 0 0 5 0 1 0 0 0 0 0 0
492.594 0 1 1 1 1 0 0 0 0 0 4 0 0 0 0 0 0 0 0
499.432 1 1 1 1 0 0 0 0 0 0 4 0 1 0 0 0 0 0 0
509.11 1 2 1 1 0 0 0 0 0 0 3 0 0 0 0 0 0 0 0
513.088 1 2 0 0 0 1 0 0 0 0 4 0 0 0 0 0 0 0 0
513.749 0 1 0 0 1 1 0 0 0 0 5 0 0 0 0 0 0 0 0
516.722 1 1 0 0 0 1 0 0 0 0 5 0 1 0 0 0 0 0 0
579.381 1 2 0 0 0 1 0 0 0 0 4 0 0 0 0 0 0 0 0
597.531 0 1 0 0 1 1 0 0 0 0 5 0 0 0 0 0 0 0 0
615.36 0 1 0 0 0 0 1 0 0 0 6 0 0 0 0 0 0 0 0
679.474 0 0 0 0 0 0 0 0 1 0 7 0 0 0 0 0 0 0 0
2508.03 0 0 0 0 0 0 1 0 0 0 7 0 1 0 0 0 0 0 0
2508.17 0 1 0 0 0 0 1 0 0 0 6 0 0 0 0 0 0 0 0
2651.04 0 0 0 0 0 0 0 0 1 0 7 0 0 0 0 0 0 0 0
2651.04 0 0 0 0 0 0 0 0 1 0 7 0 0 0 0 0 0 0 0
