0 0 0 0 0 0 0 0 0 0 0 8 1 2 1 1 0 0 0 0
3.54225 0 1 0 0 0 0 0 0 0 0 7 1 1 1 1 0 0 0 0
3.94946 0 1 0 1 0 0 0 0 0 0 6 1 1 1 0 0 0 0 0
9.0152 0 1 1 1 0 0 0 0 0 0 5 1 1 0 0 0 0 0 0
15.9499 1 1 1 1 0 0 0 0 0 0 4 0 1 0 0 0 0 0 0
20.6777 1 2 1 1 0 0 0 0 0 0 3 0 0 0 0 0 0 0 0
90.6317 1 2 0 0 0 1 0 0 0 0 4 0 0 0 0 0 0 0 0
94.2651 0 1 0 0 1 1 0 0 0 0 5 0 0 0 0 0 0 0 0
113.743 1 1 0 0 0 1 0 0 0 0 5 0 1 0 0 0 0 0 0
136.777 1 2 0 0 0 1 0 0 0 0 4 0 0 0 0 0 0 0 0
143.493 0 1 0 0 1 1 0 0 0 0 5 0 0 0 0 0 0 0 0
186.728 0 1 0 0 0 0 1 0 0 0 6 0 0 0 0 0 0 0 0
201.278 0 0 0 0 0 0 0 0 1 0 7 0 0 0 0 0 0 0 0
2459.61 0 0 0 0 0 0 1 0 0 0 7 0 1 0 0 0 0 0 0
2487.51 0 1 0 0 0 0 1 0 0 0 6 0 0 0 0 0 0 0 0
2580.43 0 0 0 0 0 0 0 0 1 0 7 0 0 0 0 0 0 0 0
3924.66 0 0 0 0 0 0 1 0 0 0 7 0 1 0 0 0 0 0 0
3935.63 0 1 0 0 0 0 1 0 0 0 6 0 0 0 0 0 0 0 0
3999.84 0 1 0 0 0 1 0 0 0 0 6 0 0 0 0 1 0 0 0
3999.84 0 1 0 0 0 1 0 0 0 0 6 0 0 0 0 1 0 0 0
