0 0 0 0 0 0 0 0 0 0 0 8 1 2 1 1 0 0 0 0
1.21044 0 1 0 0 0 0 0 0 0 0 7 1 1 1 1 0 0 0 0
2.09411 0 1 1 0 0 0 0 0 0 0 6 1 1 0 1 0 0 0 0
2.48833 0 2 1 0 0 0 0 0 0 0 5 1 0 0 1 0 0 0 0
13.3599 0 2 1 1 0 0 0 0 0 0 4 1 0 0 0 0 0 0 0
14.7133 1 2 1 1 0 0 0 0 0 0 3 0 0 0 0 0 0 0 0
71.7169 1 2 0 0 0 1 0 0 0 0 4 0 0 0 0 0 0 0 0
115.325 0 1 0 0 1 1 0 0 0 0 5 0 0 0 0 0 0 0 0
118.119 0 1 0 0 0 0 1 0 0 0 6 0 0 0 0 0 0 0 0
210.225 0 0 0 0 0 0 0 0 1 0 7 0 0 0 0 0 0 0 0
1961.55 0 0 0 0 0 0 1 0 0 0 7 0 1 0 0 0 0 0 0
1972.37 0 1 0 0 0 0 1 0 0 0 6 0 0 0 0 0 0 0 0
2003.3 0 0 0 0 0 0 0 0 1 0 7 0 0 0 0 0 0 0 0
3950.05 0 0 0 0 0 0 1 0 0 0 7 0 1 0 0 0 0 0 0
3963.49 0 1 0 0 0 0 1 0 0 0 6 0 0 0 0 0 0 0 0
3963.53 0 1 0 0 0 1 0 0 0 0 6 0 0 0 0 1 0 0 0
3967.24 0 1 0 0 1 1 0 0 0 0 5 0 0 0 0 0 0 0 0
3994.21 1 1 0 0 0 1 0 0 0 0 5 0 1 0 0 0 0 0 0
3994.21 1 1 0 0 0 1 0 0 0 0 5 0 1 0 0 0 0 0 0
