0 0 0 0 0 0 0 0 0 0 0 8 1 2 1 1 0 0 0 0
1.52083 0 1 0 0 0 0 0 0 0 0 7 1 1 1 1 0 0 0 0
1.60906 0 1 0 1 0 0 0 0 0 0 6 1 1 1 0 0 0 0 0
3.95118 1 1 0 1 0 0 0 0 0 0 5 0 1 1 0 0 0 0 0
7.4736 1 1 1 1 0 0 0 0 0 0 4 0 1 0 0 0 0 0 0
17.1098 1 2 1 1 0 0 0 0 0 0 3 0 0 0 0 0 0 0 0
21.0541 0 1 1 1 1 0 0 0 0 0 4 0 0 0 0 0 0 0 0
27.4643 0 1 0 0 1 1 0 0 0 0 5 0 0 0 0 0 0 0 0
89.7075 1 1 0 0 0 1 0 0 0 0 5 0 1 0 0 0 0 0 0
104.336 1 2 0 0 0 1 0 0 0 0 4 0 0 0 0 0 0 0 0
122.95 0 1 0 0 1 1 0 0 0 0 5 0 0 0 0 0 0 0 0
154.976 1 1 0 0 0 1 0 0 0 0 5 0 1 0 0 0 0 0 0
176.86 1 1 1 0 0 0 0 0 0 0 5 0 1 0 1 0 0 0 0
187.022 1 1 1 1 0 0 0 0 0 0 4 0 1 0 0 0 0 0 0
187.61 1 1 0 0 0 1 0 0 0 0 5 0 1 0 0 0 0 0 0
188.307 1 1 1 0 0 0 0 0 0 0 5 0 1 0 1 0 0 0 0
189.668 1 2 1 0 0 0 0 0 0 0 4 0 0 0 1 0 0 0 0
194.487 1 2 1 1 0 0 0 0 0 0 3 0 0 0 0 0 0 0 0
217.352 0 1 1 1 1 0 0 0 0 0 4 0 0 0 0 0 0 0 0
217.421 0 1 0 0 1 1 0 0 0 0 5 0 0 0 0 0 0 0 0
318.394 0 0 0 0 0 1 0 1 0 0 6 0 0 0 0 0 0 0 0
337.668 0 0 0 0 1 1 0 0 0 0 6 0 1 0 0 0 0 0 0
339.214 1 0 0 0 0 1 0 0 0 0 6 0 2 0 0 0 0 0 0
339.349 1 1 0 0 0 1 0 0 0 0 5 0 1 0 0 0 0 0 0
396.572 1 2 0 0 0 1 0 0 0 0 4 0 0 0 0 0 0 0 0
401.662 0 1 0 0 1 1 0 0 0 0 5 0 0 0 0 0 0 0 0
464.186 0 1 0 0 0 0 1 0 0 0 6 0 0 0 0 0 0 0 0
625.528 0 0 0 0 0 0 0 0 1 0 7 0 0 0 0 0 0 0 0
625.528 0 0 0 0 0 0 0 0 1 0 7 0 0 0 0 0 0 0 0
