0 0 0 0 0 0 0 0 0 0 0 8 1 2 1 1 0 0 0 0
1.32178 0 0 1 0 0 0 0 0 0 0 7 1 2 0 1 0 0 0 0
1.99425 1 0 1 0 0 0 0 0 0 0 6 0 2 0 1 0 0 0 0
6.22943 1 1 1 0 0 0 0 0 0 0 5 0 1 0 1 0 0 0 0
13.2964 1 2 1 0 0 0 0 0 0 0 4 0 0 0 1 0 0 0 0
25.2425 1 2 1 1 0 0 0 0 0 0 3 0 0 0 0 0 0 0 0
78.7038 0 1 1 1 1 0 0 0 0 0 4 0 0 0 0 0 0 0 0
88.3636 0 1 0 0 1 1 0 0 0 0 5 0 0 0 0 0 0 0 0
93.2077 0 1 0 0 0 0 1 0 0 0 6 0 0 0 0 0 0 0 0
239.052 0 0 0 0 0 0 0 0 1 0 7 0 0 0 0 0 0 0 0
1175.42 0 0 0 0 0 0 1 0 0 0 7 0 1 0 0 0 0 0 0
1183.76 0 0 0 0 0 1 0 0 0 0 7 0 1 0 0 1 0 0 0
1188.4 0 0 1 0 0 0 0 0 0 0 7 0 1 0 1 1 0 0 0
1201.84 0 0 1 1 0 0 0 0 0 0 6 0 1 0 0 1 0 0 0
1206.85 0 0 0 0 0 1 0 0 0 0 7 0 1 0 0 1 0 0 0
1210.14 0 1 0 0 0 1 0 0 0 0 6 0 0 0 0 1 0 0 0
1227.49 0 1 0 0 1 1 0 0 0 0 5 0 0 0 0 0 0 0 0
1228.02 0 1 0 0 0 0 1 0 0 0 6 0 0 0 0 0 0 0 0
1290.29 0 0 0 0 0 0 0 0 1 0 7 0 0 0 0 0 0 0 0
1290.29 0 0 0 0 0 0 0 0 1 0 7 0 0 0 0 0 0 0 0
