0 0 0 0 0 0 0 0 0 0 0 8 1 2 1 1 0 0 0 0
0.209004 0 1 0 0 0 0 0 0 0 0 7 1 1 1 1 0 0 0 0
1.32104 0 1 0 1 0 0 0 0 0 0 6 1 1 1 0 0 0 0 0
5.65135 1 1 0 1 0 0 0 0 0 0 5 0 1 1 0 0 0 0 0
23.4379 1 2 0 1 0 0 0 0 0 0 4 0 0 1 0 0 0 0 0
23.8578 1 2 1 1 0 0 0 0 0 0 3 0 0 0 0 0 0 0 0
94.9565 0 1 1 1 1 0 0 0 0 0 4 0 0 0 0 0 0 0 0
107.559 0 1 0 0 1 1 0 0 0 0 5 0 0 0 0 0 0 0 0
114.888 0 0 0 0 0 1 0 1 0 0 6 0 0 0 0 0 0 0 0
151.19 0 0 0 0 1 1 0 0 0 0 6 0 1 0 0 0 0 0 0
152.367 0 1 0 0 1 1 0 0 0 0 5 0 0 0 0 0 0 0 0
191.61 1 1 0 0 0 1 0 0 0 0 5 0 1 0 0 0 0 0 0
191.923 1 1 1 0 0 0 0 0 0 0 5 0 1 0 1 0 0 0 0
217.233 0 0 1 0 1 0 0 0 0 0 6 0 1 0 1 0 0 0 0
217.767 1 0 1 0 0 0 0 0 0 0 6 0 2 0 1 0 0 0 0
221.362 1 0 1 1 0 0 0 0 0 0 5 0 2 0 0 0 0 0 0
233.048 1 1 1 1 0 0 0 0 0 0 4 0 1 0 0 0 0 0 0
234.067 1 2 1 1 0 0 0 0 0 0 3 0 0 0 0 0 0 0 0
254.07 0 1 1 1 1 0 0 0 0 0 4 0 0 0 0 0 0 0 0
288.089 0 0 1 1 0 0 0 1 0 0 5 0 0 0 0 0 0 0 0
294.26 0 0 0 0 0 1 0 1 0 0 6 0 0 0 0 0 0 0 0
324.395 0 0 0 0 1 1 0 0 0 0 6 0 1 0 0 0 0 0 0
329.368 0 1 0 0 1 1 0 0 0 0 5 0 0 0 0 0 0 0 0
365.467 0 0 0 0 0 1 0 1 0 0 6 0 0 0 0 0 0 0 0
416.804 0 0 0 0 0 0 0 0 0 1 7 0 0 0 0 0 0 0 0
518.543 0 0 0 0 0 1 0 0 0 0 7 0 0 0 0 0 0 0 1
537.071 0 0 0 0 0 1 0 1 0 0 6 0 0 0 0 0 0 0 0
551.429 0 0 0 0 0 0 0 0 0 1 7 0 0 0 0 0 0 0 0
583.961 0 0 0 0 0 1 0 0 0 0 7 0 0 0 0 0 0 0 1
599.21 0 0 0 0 0 1 0 1 0 0 6 0 0 0 0 0 0 0 0
608.966 0 0 0 0 1 1 0 0 0 0 6 0 1 0 0 0 0 0 0
622.685 0 1 0 0 1 1 0 0 0 0 5 0 0 0 0 0 0 0 0
650.166 0 1 0 0 0 0 1 0 0 0 6 0 0 0 0 0 0 0 0
652.77 0 0 0 0 0 0 0 0 1 0 7 0 0 0 0 0 0 0 0
2433.23 0 0 0 0 0 0 1 0 0 0 7 0 1 0 0 0 0 0 0
2457.16 0 1 0 0 0 0 1 0 0 0 6 0 0 0 0 0 0 0 0
2516.02 0 0 0 0 0 0 0 0 1 0 7 0 0 0 0 0 0 0 0
2516.02 0 0 0 0 0 0 0 0 1 0 7 0 0 0 0 0 0 0 0
