0 0 0 0 0 0 0 0 0 0 0 8 1 2 1 1 0 0 0 0
1.11413 1 0 0 0 0 0 0 0 0 0 7 0 2 1 1 0 0 0 0
1.95789 1 1 0 0 0 0 0 0 0 0 6 0 1 1 1 0 0 0 0
5.12944 1 1 0 1 0 0 0 0 0 0 5 0 1 1 0 0 0 0 0
14.6866 1 2 0 1 0 0 0 0 0 0 4 0 0 1 0 0 0 0 0
27.9649 1 2 1 1 0 0 0 0 0 0 3 0 0 0 0 0 0 0 0
41.5857 1 2 0 0 0 1 0 0 0 0 4 0 0 0 0 0 0 0 0
57.2001 1 2 1 0 0 0 0 0 0 0 4 0 0 0 1 0 0 0 0
71.1794 1 2 1 1 0 0 0 0 0 0 3 0 0 0 0 0 0 0 0
93.7363 0 1 1 1 1 0 0 0 0 0 4 0 0 0 0 0 0 0 0
102.582 0 1 0 0 1 1 0 0 0 0 5 0 0 0 0 0 0 0 0
116.86 0 0 0 0 0 1 0 1 0 0 6 0 0 0 0 0 0 0 0
134.84 0 0 0 0 0 0 0 0 0 1 7 0 0 0 0 0 0 0 0
150.739 0 0 0 0 0 1 0 0 0 0 7 0 0 0 0 0 0 0 1
159.596 0 0 0 0 0 1 0 1 0 0 6 0 0 0 0 0 0 0 0
198.991 0 0 1 0 0 0 0 1 0 0 6 0 0 0 1 0 0 0 0
207.626 0 0 1 1 0 0 0 1 0 0 5 0 0 0 0 0 0 0 0
225.832 0 0 0 0 0 1 0 1 0 0 6 0 0 0 0 0 0 0 0
312.596 0 0 0 0 0 0 0 0 0 1 7 0 0 0 0 0 0 0 0
414.74 0 0 0 0 0 1 0 0 0 0 7 0 0 0 0 0 0 0 1
421.692 0 0 0 0 0 1 0 1 0 0 6 0 0 0 0 0 0 0 0
422.498 0 0 0 0 0 0 0 0 0 1 7 0 0 0 0 0 0 0 0
462.88 0 0 0 0 0 1 0 0 0 0 7 0 0 0 0 0 0 0 1
541.088 0 0 0 0 0 1 0 1 0 0 6 0 0 0 0 0 0 0 0
611.199 0 0 0 0 0 0 0 0 0 1 7 0 0 0 0 0 0 0 0
667.616 0 0 0 0 0 1 0 0 0 0 7 0 0 0 0 0 0 0 1
677.654 0 0 0 0 0 1 0 1 0 0 6 0 0 0 0 0 0 0 0
753.192 0 0 0 0 0 0 0 0 0 1 7 0 0 0 0 0 0 0 0
872.043 0 0 0 0 0 1 0 0 0 0 7 0 0 0 0 0 0 0 1
876.905 0 0 0 0 0 1 0 1 0 0 6 0 0 0 0 0 0 0 0
1035.17 0 0 0 0 1 1 0 0 0 0 6 0 1 0 0 0 0 0 0
1048.69 0 1 0 0 1 1 0 0 0 0 5 0 0 0 0 0 0 0 0
1051.48 0 1 1 0 1 0 0 0 0 0 5 0 0 0 1 0 0 0 0
1053.2 0 1 1 1 1 0 0 0 0 0 4 0 0 0 0 0 0 0 0
1113.21 0 1 0 0 1 1 0 0 0 0 5 0 0 0 0 0 0 0 0
1135.81 1 1 0 0 0 1 0 0 0 0 5 0 1 0 0 0 0 0 0
1139.33 1 1 1 0 0 0 0 0 0 0 5 0 1 0 1 0 0 0 0
1141.81 1 2 1 0 0 0 0 0 0 0 4 0 0 0 1 0 0 0 0
1144.84 1 2 1 1 0 0 0 0 0 0 3 0 0 0 0 0 0 0 0
1170.78 1 2 0 0 0 1 0 0 0 0 4 0 0 0 0 0 0 0 0
1229.65 0 1 0 0 1 1 0 0 0 0 5 0 0 0 0 0 0 0 0
1237.24 1 1 0 0 0 1 0 0 0 0 5 0 1 0 0 0 0 0 0
1241.52 1 2 0 0 0 1 0 0 0 0 4 0 0 0 0 0 0 0 0
1256.83 1 2 1 0 0 0 0 0 0 0 4 0 0 0 1 0 0 0 0
1262.78 0 1 1 0 1 0 0 0 0 0 5 0 0 0 1 0 0 0 0
1268.24 0 1 1 1 1 0 0 0 0 0 4 0 0 0 0 0 0 0 0
1303.44 1 1 1 1 0 0 0 0 0 0 4 0 1 0 0 0 0 0 0
1325.74 0 0 1 1 1 0 0 0 0 0 5 0 1 0 0 0 0 0 0
1328.67 0 0 0 0 1 1 0 0 0 0 6 0 1 0 0 0 0 0 0
1328.89 0 1 0 0 1 1 0 0 0 0 5 0 0 0 0 0 0 0 0
1360 0 0 0 0 0 1 0 1 0 0 6 0 0 0 0 0 0 0 0
1383.17 0 0 0 0 1 1 0 0 0 0 6 0 1 0 0 0 0 0 0
1388.88 1 0 0 0 0 1 0 0 0 0 6 0 2 0 0 0 0 0 0
1397.56 1 1 0 0 0 1 0 0 0 0 5 0 1 0 0 0 0 0 0
1398.09 1 2 0 0 0 1 0 0 0 0 4 0 0 0 0 0 0 0 0
1432.59 0 1 0 0 1 1 0 0 0 0 5 0 0 0 0 0 0 0 0
1449.61 0 1 1 0 1 0 0 0 0 0 5 0 0 0 1 0 0 0 0
1455.25 0 0 1 0 0 0 0 1 0 0 6 0 0 0 1 0 0 0 0
1460.33 0 0 1 1 0 0 0 1 0 0 5 0 0 0 0 0 0 0 0
1570.33 0 0 0 0 0 1 0 1 0 0 6 0 0 0 0 0 0 0 0
1597 0 0 1 0 0 0 0 1 0 0 6 0 0 0 1 0 0 0 0
1671.68 0 0 1 1 0 0 0 1 0 0 5 0 0 0 0 0 0 0 0
1693.49 0 0 0 0 0 1 0 1 0 0 6 0 0 0 0 0 0 0 0
1705.92 0 0 0 0 0 0 0 0 0 1 7 0 0 0 0 0 0 0 0
1803.39 0 0 0 0 0 1 0 0 0 0 7 0 0 0 0 0 0 0 1
1823.38 0 0 0 0 0 1 0 1 0 0 6 0 0 0 0 0 0 0 0
1825.72 0 0 1 0 0 0 0 1 0 0 6 0 0 0 1 0 0 0 0
1837.45 0 0 1 1 0 0 0 1 0 0 5 0 0 0 0 0 0 0 0
1842.32 0 0 1 1 1 0 0 0 0 0 5 0 1 0 0 0 0 0 0
1844.24 0 1 1 1 1 0 0 0 0 0 4 0 0 0 0 0 0 0 0
1865.14 0 1 0 0 1 1 0 0 0 0 5 0 0 0 0 0 0 0 0
1866.75 1 1 0 0 0 1 0 0 0 0 5 0 1 0 0 0 0 0 0
1904.84 1 2 0 0 0 1 0 0 0 0 4 0 0 0 0 0 0 0 0
1907.13 0 1 0 0 1 1 0 0 0 0 5 0 0 0 0 0 0 0 0
1913.22 0 1 1 0 1 0 0 0 0 0 5 0 0 0 1 0 0 0 0
1940.62 0 0 1 0 0 0 0 1 0 0 6 0 0 0 1 0 0 0 0
1945.89 0 0 1 0 1 0 0 0 0 0 6 0 1 0 1 0 0 0 0
1947.83 0 1 1 0 1 0 0 0 0 0 5 0 0 0 1 0 0 0 0
1961.72 0 1 1 1 1 0 0 0 0 0 4 0 0 0 0 0 0 0 0
1971.37 0 0 1 1 0 0 0 1 0 0 5 0 0 0 0 0 0 0 0
2079.72 0 0 1 1 1 0 0 0 0 0 5 0 1 0 0 0 0 0 0
2113.08 0 1 1 1 1 0 0 0 0 0 4 0 0 0 0 0 0 0 0
2127.45 0 0 1 1 0 0 0 1 0 0 5 0 0 0 0 0 0 0 0
2157.21 0 0 0 0 0 1 0 1 0 0 6 0 0 0 0 0 0 0 0
2201.22 0 0 0 0 0 0 0 0 0 1 7 0 0 0 0 0 0 0 0
2306.89 0 0 0 0 0 1 0 0 0 0 7 0 0 0 0 0 0 0 1
2316.87 0 0 0 0 0 1 0 1 0 0 6 0 0 0 0 0 0 0 0
2345.21 0 0 1 0 0 0 0 1 0 0 6 0 0 0 1 0 0 0 0
2350.05 0 0 1 1 0 0 0 1 0 0 5 0 0 0 0 0 0 0 0
2404.78 0 0 0 0 0 1 0 1 0 0 6 0 0 0 0 0 0 0 0
2441.89 0 0 0 0 0 0 0 0 0 1 7 0 0 0 0 0 0 0 0
2483.38 0 0 0 0 0 1 0 0 0 0 7 0 0 0 0 0 0 0 1
2492.83 0 0 0 0 0 1 0 1 0 0 6 0 0 0 0 0 0 0 0
2534.56 0 0 0 0 1 1 0 0 0 0 6 0 1 0 0 0 0 0 0
2537.25 0 1 0 0 1 1 0 0 0 0 5 0 0 0 0 0 0 0 0
2556.08 1 1 0 0 0 1 0 0 0 0 5 0 1 0 0 0 0 0 0
2560.28 1 2 0 0 0 1 0 0 0 0 4 0 0 0 0 0 0 0 0
2565.25 0 1 0 0 1 1 0 0 0 0 5 0 0 0 0 0 0 0 0
2566.9 0 0 0 0 0 1 0 1 0 0 6 0 0 0 0 0 0 0 0
2580.65 0 0 0 0 0 0 0 0 0 1 7 0 0 0 0 0 0 0 0
2614.15 0 0 0 0 0 1 0 0 0 0 7 0 0 0 0 0 0 0 1
2617.41 0 0 1 0 0 0 0 0 0 0 7 0 0 0 1 0 0 0 1
2637.79 0 0 1 1 0 0 0 0 0 0 6 0 0 0 0 0 0 0 1
2644.41 0 0 1 1 0 0 0 1 0 0 5 0 0 0 0 0 0 0 0
2674.15 0 0 1 1 1 0 0 0 0 0 5 0 1 0 0 0 0 0 0
2693.42 0 1 1 1 1 0 0 0 0 0 4 0 0 0 0 0 0 0 0
2725.24 1 1 1 1 0 0 0 0 0 0 4 0 1 0 0 0 0 0 0
2728.94 1 2 1 1 0 0 0 0 0 0 3 0 0 0 0 0 0 0 0
2778.68 0 1 1 1 1 0 0 0 0 0 4 0 0 0 0 0 0 0 0
2794.51 1 1 1 1 0 0 0 0 0 0 4 0 1 0 0 0 0 0 0
2795.7 1 2 1 1 0 0 0 0 0 0 3 0 0 0 0 0 0 0 0
2803.7 0 1 1 1 1 0 0 0 0 0 4 0 0 0 0 0 0 0 0
2831.36 0 0 1 1 0 0 0 1 0 0 5 0 0 0 0 0 0 0 0
2836.04 0 0 0 0 0 1 0 1 0 0 6 0 0 0 0 0 0 0 0
2841.63 0 0 1 0 0 0 0 1 0 0 6 0 0 0 1 0 0 0 0
2856.45 0 0 1 1 0 0 0 1 0 0 5 0 0 0 0 0 0 0 0
2892.12 0 0 0 0 0 1 0 1 0 0 6 0 0 0 0 0 0 0 0
2909.53 0 0 0 0 0 0 0 0 0 1 7 0 0 0 0 0 0 0 0
3004.5 0 0 0 0 0 1 0 0 0 0 7 0 0 0 0 0 0 0 1
3022.9 0 0 0 0 0 1 0 1 0 0 6 0 0 0 0 0 0 0 0
3131.1 0 0 0 0 0 0 0 0 0 1 7 0 0 0 0 0 0 0 0
3176.31 0 0 0 0 0 1 0 0 0 0 7 0 0 0 0 0 0 0 1
3197.05 0 0 0 0 0 1 0 1 0 0 6 0 0 0 0 0 0 0 0
3198.65 0 0 0 0 0 0 0 0 0 1 7 0 0 0 0 0 0 0 0
3279.78 0 0 0 0 0 1 0 0 0 0 7 0 0 0 0 0 0 0 1
3302.76 0 0 0 0 0 1 0 1 0 0 6 0 0 0 0 0 0 0 0
3342.85 0 0 0 0 1 1 0 0 0 0 6 0 1 0 0 0 0 0 0
3343.77 0 1 0 0 1 1 0 0 0 0 5 0 0 0 0 0 0 0 0
3362.26 1 1 0 0 0 1 0 0 0 0 5 0 1 0 0 0 0 0 0
3366.38 1 1 1 0 0 0 0 0 0 0 5 0 1 0 1 0 0 0 0
3375.61 0 0 1 0 1 0 0 0 0 0 6 0 1 0 1 0 0 0 0
3378.24 0 0 1 1 1 0 0 0 0 0 5 0 1 0 0 0 0 0 0
3397.16 1 0 1 1 0 0 0 0 0 0 5 0 2 0 0 0 0 0 0
3409.86 1 1 1 1 0 0 0 0 0 0 4 0 1 0 0 0 0 0 0
3421.89 1 2 1 1 0 0 0 0 0 0 3 0 0 0 0 0 0 0 0
3452.41 0 1 1 1 1 0 0 0 0 0 4 0 0 0 0 0 0 0 0
3455.35 1 1 1 1 0 0 0 0 0 0 4 0 1 0 0 0 0 0 0
3460.2 0 0 1 1 1 0 0 0 0 0 5 0 1 0 0 0 0 0 0
3485.24 0 1 1 1 1 0 0 0 0 0 4 0 0 0 0 0 0 0 0
3507.33 0 0 1 1 0 0 0 1 0 0 5 0 0 0 0 0 0 0 0
3609.98 0 0 0 0 0 1 0 1 0 0 6 0 0 0 0 0 0 0 0
3620.12 0 0 0 0 0 0 0 0 0 1 7 0 0 0 0 0 0 0 0
3695.74 0 0 0 0 0 1 0 0 0 0 7 0 0 0 0 0 0 0 1
3697.09 0 0 0 0 0 1 0 1 0 0 6 0 0 0 0 0 0 0 0
3722.9 0 0 1 0 0 0 0 1 0 0 6 0 0 0 1 0 0 0 0
3723.53 0 0 1 1 0 0 0 1 0 0 5 0 0 0 0 0 0 0 0
3737.28 0 0 1 1 1 0 0 0 0 0 5 0 1 0 0 0 0 0 0
3744.97 0 1 1 1 1 0 0 0 0 0 4 0 0 0 0 0 0 0 0
3747.29 1 1 1 1 0 0 0 0 0 0 4 0 1 0 0 0 0 0 0
3760.27 1 1 0 0 0 1 0 0 0 0 5 0 1 0 0 0 0 0 0
3782.61 1 2 0 0 0 1 0 0 0 0 4 0 0 0 0 0 0 0 0
3789.47 0 1 0 0 1 1 0 0 0 0 5 0 0 0 0 0 0 0 0
3804.87 0 0 0 0 0 1 0 1 0 0 6 0 0 0 0 0 0 0 0
3869.81 0 0 1 0 0 0 0 1 0 0 6 0 0 0 1 0 0 0 0
3897.92 0 0 1 1 0 0 0 1 0 0 5 0 0 0 0 0 0 0 0
3897.92 0 0 1 1 0 0 0 1 0 0 5 0 0 0 0 0 0 0 0
