0 0 0 0 0 0 0 0 0 0 0 8 1 2 1 1 0 0 0 0
1.67878 0 0 1 0 0 0 0 0 0 0 7 1 2 0 1 0 0 0 0
2.17439 0 1 1 0 0 0 0 0 0 0 6 1 1 0 1 0 0 0 0
5.25244 0 1 1 1 0 0 0 0 0 0 5 1 1 0 0 0 0 0 0
5.40288 0 2 1 1 0 0 0 0 0 0 4 1 0 0 0 0 0 0 0
19.2472 1 2 1 1 0 0 0 0 0 0 3 0 0 0 0 0 0 0 0
54.4801 0 1 1 1 1 0 0 0 0 0 4 0 0 0 0 0 0 0 0
70.9381 0 0 1 1 0 0 0 1 0 0 5 0 0 0 0 0 0 0 0
104.917 0 0 0 0 0 1 0 1 0 0 6 0 0 0 0 0 0 0 0
115.682 0 0 0 0 0 0 0 0 0 1 7 0 0 0 0 0 0 0 0
200.034 0 0 0 0 0 1 0 0 0 0 7 0 0 0 0 0 0 0 1
251.317 0 0 0 0 0 1 0 1 0 0 6 0 0 0 0 0 0 0 0
276.972 0 0 0 0 0 0 0 0 0 1 7 0 0 0 0 0 0 0 0
294.822 0 0 0 0 0 1 0 0 0 0 7 0 0 0 0 0 0 0 1
301.752 0 0 0 0 0 1 0 1 0 0 6 0 0 0 0 0 0 0 0
362.106 0 0 0 0 0 0 0 0 0 1 7 0 0 0 0 0 0 0 0
374.433 0 0 0 0 0 1 0 0 0 0 7 0 0 0 0 0 0 0 1
375.716 0 0 0 0 0 1 0 1 0 0 6 0 0 0 0 0 0 0 0
415.132 0 0 0 0 0 0 0 0 0 1 7 0 0 0 0 0 0 0 0
461.412 0 0 0 0 0 1 0 0 0 0 7 0 0 0 0 0 0 0 1
478.708 0 0 0 0 0 1 0 1 0 0 6 0 0 0 0 0 0 0 0
488.276 0 0 0 0 0 0 0 0 0 1 7 0 0 0 0 0 0 0 0
578.962 0 0 0 0 0 1 0 0 0 0 7 0 0 0 0 0 0 0 1
650.199 0 0 0 0 0 1 0 1 0 0 6 0 0 0 0 0 0 0 0
699.467 0 0 1 0 0 0 0 1 0 0 6 0 0 0 1 0 0 0 0
702.243 0 0 1 1 0 0 0 1 0 0 5 0 0 0 0 0 0 0 0
722.887 0 0 1 1 1 0 0 0 0 0 5 0 1 0 0 0 0 0 0
723.863 0 0 0 0 1 1 0 0 0 0 6 0 1 0 0 0 0 0 0
757.264 0 1 0 0 1 1 0 0 0 0 5 0 0 0 0 0 0 0 0
767.11 1 1 0 0 0 1 0 0 0 0 5 0 1 0 0 0 0 0 0
793.648 1 2 0 0 0 1 0 0 0 0 4 0 0 0 0 0 0 0 0
799.781 1 2 1 0 0 0 0 0 0 0 4 0 0 0 1 0 0 0 0
813.454 1 2 1 1 0 0 0 0 0 0 3 0 0 0 0 0 0 0 0
821.198 0 1 1 1 1 0 0 0 0 0 4 0 0 0 0 0 0 0 0
860.296 0 1 0 0 1 1 0 0 0 0 5 0 0 0 0 0 0 0 0
862.045 0 0 0 0 0 1 0 1 0 0 6 0 0 0 0 0 0 0 0
905.31 0 0 1 0 0 0 0 1 0 0 6 0 0 0 1 0 0 0 0
907.379 0 0 1 1 0 0 0 1 0 0 5 0 0 0 0 0 0 0 0
914.523 0 0 1 1 1 0 0 0 0 0 5 0 1 0 0 0 0 0 0
929.252 0 0 0 0 1 1 0 0 0 0 6 0 1 0 0 0 0 0 0
934.701 0 0 0 0 0 0 1 0 0 0 7 0 1 0 0 0 0 0 0
942.059 0 1 0 0 0 0 1 0 0 0 6 0 0 0 0 0 0 0 0
945.402 0 0 0 0 0 0 0 0 1 0 7 0 0 0 0 0 0 0 0
945.402 0 0 0 0 0 0 0 0 1 0 7 0 0 0 0 0 0 0 0
