0 0 0 0 0 0 0 0 0 0 0 8 1 2 1 1 0 0 0 0
0.0659712 0 1 0 0 0 0 0 0 0 0 7 1 1 1 1 0 0 0 0
2.79822 0 1 1 0 0 0 0 0 0 0 6 1 1 0 1 0 0 0 0
6.51263 0 2 1 0 0 0 0 0 0 0 5 1 0 0 1 0 0 0 0
31.7735 1 2 1 0 0 0 0 0 0 0 4 0 0 0 1 0 0 0 0
38.2675 0 1 1 0 1 0 0 0 0 0 5 0 0 0 1 0 0 0 0
38.634 0 1 1 1 1 0 0 0 0 0 4 0 0 0 0 0 0 0 0
40.3312 0 0 1 1 0 0 0 1 0 0 5 0 0 0 0 0 0 0 0
52.0149 0 0 1 1 1 0 0 0 0 0 5 0 1 0 0 0 0 0 0
72.3874 1 0 1 1 0 0 0 0 0 0 5 0 2 0 0 0 0 0 0
91.0875 1 1 1 1 0 0 0 0 0 0 4 0 1 0 0 0 0 0 0
111.713 1 1 0 0 0 1 0 0 0 0 5 0 1 0 0 0 0 0 0
120.172 1 1 1 0 0 0 0 0 0 0 5 0 1 0 1 0 0 0 0
120.647 1 2 1 0 0 0 0 0 0 0 4 0 0 0 1 0 0 0 0
129.879 1 2 1 1 0 0 0 0 0 0 3 0 0 0 0 0 0 0 0
146.984 0 1 1 1 1 0 0 0 0 0 4 0 0 0 0 0 0 0 0
176.974 0 0 1 1 0 0 0 1 0 0 5 0 0 0 0 0 0 0 0
191.674 0 0 1 1 1 0 0 0 0 0 5 0 1 0 0 0 0 0 0
232.472 1 0 1 1 0 0 0 0 0 0 5 0 2 0 0 0 0 0 0
258.533 1 0 0 0 0 1 0 0 0 0 6 0 2 0 0 0 0 0 0
263.344 1 1 0 0 0 1 0 0 0 0 5 0 1 0 0 0 0 0 0
288.176 1 2 0 0 0 1 0 0 0 0 4 0 0 0 0 0 0 0 0
310.655 0 1 0 0 1 1 0 0 0 0 5 0 0 0 0 0 0 0 0
363.614 0 1 0 0 0 0 1 0 0 0 6 0 0 0 0 0 0 0 0
369.976 0 0 0 0 0 0 0 0 1 0 7 0 0 0 0 0 0 0 0
2569.05 0 0 0 0 0 0 1 0 0 0 7 0 1 0 0 0 0 0 0
2571.8 0 1 0 0 0 0 1 0 0 0 6 0 0 0 0 0 0 0 0
2618.87 0 0 0 0 0 0 0 0 1 0 7 0 0 0 0 0 0 0 0
2856.52 0 0 0 0 0 0 1 0 0 0 7 0 1 0 0 0 0 0 0
2861.96 0 1 0 0 0 0 1 0 0 0 6 0 0 0 0 0 0 0 0
2919.26 0 0 0 0 0 0 0 0 1 0 7 0 0 0 0 0 0 0 0
2919.26 0 0 0 0 0 0 0 0 1 0 7 0 0 0 0 0 0 0 0
