0 0 0 0 0 0 0 0 0 0 0 8 1 2 1 1 0 0 0 0
2.81579 0 0 0 1 0 0 0 0 0 0 7 1 2 1 0 0 0 0 0
3.86216 0 0 1 1 0 0 0 0 0 0 6 1 2 0 0 0 0 0 0
7.49079 0 1 1 1 0 0 0 0 0 0 5 1 1 0 0 0 0 0 0
7.80145 1 1 1 1 0 0 0 0 0 0 4 0 1 0 0 0 0 0 0
26.7236 0 0 1 1 1 0 0 0 0 0 5 0 1 0 0 0 0 0 0
33.62 0 1 1 1 1 0 0 0 0 0 4 0 0 0 0 0 0 0 0
36.6061 1 1 1 1 0 0 0 0 0 0 4 0 1 0 0 0 0 0 0
76.8997 1 1 0 0 0 1 0 0 0 0 5 0 1 0 0 0 0 0 0
78.3845 1 2 0 0 0 1 0 0 0 0 4 0 0 0 0 0 0 0 0
126.423 0 1 0 0 1 1 0 0 0 0 5 0 0 0 0 0 0 0 0
139.92 0 1 1 0 1 0 0 0 0 0 5 0 0 0 1 0 0 0 0
151.594 0 1 1 1 1 0 0 0 0 0 4 0 0 0 0 0 0 0 0
162.642 0 0 1 1 0 0 0 1 0 0 5 0 0 0 0 0 0 0 0
165.369 0 0 1 1 1 0 0 0 0 0 5 0 1 0 0 0 0 0 0
178.986 0 1 1 1 1 0 0 0 0 0 4 0 0 0 0 0 0 0 0
206.437 1 1 1 1 0 0 0 0 0 0 4 0 1 0 0 0 0 0 0
220.894 0 0 1 1 1 0 0 0 0 0 5 0 1 0 0 0 0 0 0
231.056 0 1 1 1 1 0 0 0 0 0 4 0 0 0 0 0 0 0 0
234.079 0 0 1 1 0 0 0 1 0 0 5 0 0 0 0 0 0 0 0
277.589 0 0 0 0 0 1 0 1 0 0 6 0 0 0 0 0 0 0 0
305.719 0 0 0 0 1 1 0 0 0 0 6 0 1 0 0 0 0 0 0
305.836 1 0 0 0 0 1 0 0 0 0 6 0 2 0 0 0 0 0 0
310.519 1 0 1 0 0 0 0 0 0 0 6 0 2 0 1 0 0 0 0
313.403 1 1 1 0 0 0 0 0 0 0 5 0 1 0 1 0 0 0 0
319.145 1 1 1 1 0 0 0 0 0 0 4 0 1 0 0 0 0 0 0
329.872 1 2 1 1 0 0 0 0 0 0 3 0 0 0 0 0 0 0 0
337.195 1 2 0 0 0 1 0 0 0 0 4 0 0 0 0 0 0 0 0
338.815 0 1 0 0 1 1 0 0 0 0 5 0 0 0 0 0 0 0 0
359.74 0 1 1 0 1 0 0 0 0 0 5 0 0 0 1 0 0 0 0
377.527 0 1 1 1 1 0 0 0 0 0 4 0 0 0 0 0 0 0 0
396.365 0 0 1 1 0 0 0 1 0 0 5 0 0 0 0 0 0 0 0
450.638 0 0 1 1 1 0 0 0 0 0 5 0 1 0 0 0 0 0 0
458.34 0 1 1 1 1 0 0 0 0 0 4 0 0 0 0 0 0 0 0
469.097 0 0 1 1 0 0 0 1 0 0 5 0 0 0 0 0 0 0 0
580.294 0 0 1 1 1 0 0 0 0 0 5 0 1 0 0 0 0 0 0
588.146 0 1 1 1 1 0 0 0 0 0 4 0 0 0 0 0 0 0 0
591.676 0 0 1 1 0 0 0 1 0 0 5 0 0 0 0 0 0 0 0
604.171 0 0 0 0 0 1 0 1 0 0 6 0 0 0 0 0 0 0 0
623.003 0 0 0 0 0 0 0 0 0 1 7 0 0 0 0 0 0 0 0
637.917 0 0 0 0 0 1 0 0 0 0 7 0 0 0 0 0 0 0 1
671.859 0 0 0 0 0 1 0 1 0 0 6 0 0 0 0 0 0 0 0
768.349 0 0 0 0 1 1 0 0 0 0 6 0 1 0 0 0 0 0 0
788.778 0 1 0 0 1 1 0 0 0 0 5 0 0 0 0 0 0 0 0
833.237 0 0 0 0 0 1 0 1 0 0 6 0 0 0 0 0 0 0 0
837.89 0 0 0 0 0 0 0 0 0 1 7 0 0 0 0 0 0 0 0
1013.07 0 0 0 0 0 1 0 0 0 0 7 0 0 0 0 0 0 0 1
1015.49 0 0 0 0 0 1 0 1 0 0 6 0 0 0 0 0 0 0 0
1113.21 0 0 0 0 0 0 0 0 0 1 7 0 0 0 0 0 0 0 0
1344.21 0 0 0 0 0 1 0 0 0 0 7 0 0 0 0 0 0 0 1
1348.22 0 0 0 0 0 1 0 1 0 0 6 0 0 0 0 0 0 0 0
1364.2 0 0 0 0 0 0 0 0 0 1 7 0 0 0 0 0 0 0 0
1405.45 0 0 0 0 0 1 0 0 0 0 7 0 0 0 0 0 0 0 1
1409.31 0 0 0 0 0 1 0 1 0 0 6 0 0 0 0 0 0 0 0
1415.08 0 0 0 0 0 0 0 0 0 1 7 0 0 0 0 0 0 0 0
1449.23 0 0 0 0 0 1 0 0 0 0 7 0 0 0 0 0 0 0 1
1463.32 0 0 0 0 0 1 0 1 0 0 6 0 0 0 0 0 0 0 0
1465.41 0 0 0 0 0 0 0 0 0 1 7 0 0 0 0 0 0 0 0
1520.06 0 0 0 0 0 1 0 0 0 0 7 0 0 0 0 0 0 0 1
1533.15 0 0 0 0 0 1 0 1 0 0 6 0 0 0 0 0 0 0 0
1553.57 0 0 0 0 0 0 0 0 0 1 7 0 0 0 0 0 0 0 0
1561.31 0 0 0 0 0 1 0 0 0 0 7 0 0 0 0 0 0 0 1
1570.39 0 0 0 0 0 1 0 1 0 0 6 0 0 0 0 0 0 0 0
1571.11 0 0 1 0 0 0 0 1 0 0 6 0 0 0 1 0 0 0 0
1608.81 0 0 1 0 1 0 0 0 0 0 6 0 1 0 1 0 0 0 0
1621.14 0 0 1 1 1 0 0 0 0 0 5 0 1 0 0 0 0 0 0
1644.35 0 1 1 1 1 0 0 0 0 0 4 0 0 0 0 0 0 0 0
1720.62 1 1 1 1 0 0 0 0 0 0 4 0 1 0 0 0 0 0 0
1742.5 1 2 1 1 0 0 0 0 0 0 3 0 0 0 0 0 0 0 0
1818.15 0 1 1 1 1 0 0 0 0 0 4 0 0 0 0 0 0 0 0
1888.1 1 1 1 1 0 0 0 0 0 0 4 0 1 0 0 0 0 0 0
1893.32 1 1 0 0 0 1 0 0 0 0 5 0 1 0 0 0 0 0 0
1906.62 1 2 0 0 0 1 0 0 0 0 4 0 0 0 0 0 0 0 0
1914.99 1 2 1 0 0 0 0 0 0 0 4 0 0 0 1 0 0 0 0
1920.34 0 1 1 0 1 0 0 0 0 0 5 0 0 0 1 0 0 0 0
1930.22 1 1 1 0 0 0 0 0 0 0 5 0 1 0 1 0 0 0 0
1940.68 1 2 1 0 0 0 0 0 0 0 4 0 0 0 1 0 0 0 0
1943.63 1 2 1 1 0 0 0 0 0 0 3 0 0 0 0 0 0 0 0
2003.25 1 2 0 0 0 1 0 0 0 0 4 0 0 0 0 0 0 0 0
2035.23 0 1 0 0 1 1 0 0 0 0 5 0 0 0 0 0 0 0 0
2039.23 0 0 0 0 0 1 0 1 0 0 6 0 0 0 0 0 0 0 0
2041.59 0 0 0 0 1 1 0 0 0 0 6 0 1 0 0 0 0 0 0
2055.82 0 1 0 0 1 1 0 0 0 0 5 0 0 0 0 0 0 0 0
2063.63 0 0 0 0 0 1 0 1 0 0 6 0 0 0 0 0 0 0 0
2073.89 0 0 1 0 0 0 0 1 0 0 6 0 0 0 1 0 0 0 0
2084.14 0 0 1 1 0 0 0 1 0 0 5 0 0 0 0 0 0 0 0
2125.55 0 0 0 0 0 1 0 1 0 0 6 0 0 0 0 0 0 0 0
2192.04 0 0 0 0 1 1 0 0 0 0 6 0 1 0 0 0 0 0 0
2194.35 0 1 0 0 1 1 0 0 0 0 5 0 0 0 0 0 0 0 0
2204.34 0 0 0 0 0 1 0 1 0 0 6 0 0 0 0 0 0 0 0
2206.85 0 0 0 0 0 0 0 0 0 1 7 0 0 0 0 0 0 0 0
2237.61 0 0 0 0 0 1 0 0 0 0 7 0 0 0 0 0 0 0 1
2250.1 0 0 0 0 0 1 0 1 0 0 6 0 0 0 0 0 0 0 0
2250.66 0 0 0 0 0 0 0 0 0 1 7 0 0 0 0 0 0 0 0
2352.47 0 0 0 0 0 1 0 0 0 0 7 0 0 0 0 0 0 0 1
2359.53 0 0 1 0 0 0 0 0 0 0 7 0 0 0 1 0 0 0 1
2361.54 0 0 1 1 0 0 0 0 0 0 6 0 0 0 0 0 0 0 1
2415.43 0 0 1 1 0 0 0 1 0 0 5 0 0 0 0 0 0 0 0
2448.16 0 0 1 1 1 0 0 0 0 0 5 0 1 0 0 0 0 0 0
2458.17 0 0 0 0 1 1 0 0 0 0 6 0 1 0 0 0 0 0 0
2467.85 0 1 0 0 1 1 0 0 0 0 5 0 0 0 0 0 0 0 0
2469.45 1 1 0 0 0 1 0 0 0 0 5 0 1 0 0 0 0 0 0
2504.82 0 0 0 0 1 1 0 0 0 0 6 0 1 0 0 0 0 0 0
2512.23 0 1 0 0 1 1 0 0 0 0 5 0 0 0 0 0 0 0 0
2514.71 0 1 0 0 0 0 1 0 0 0 6 0 0 0 0 0 0 0 0
2573.17 0 0 0 0 0 0 0 0 1 0 7 0 0 0 0 0 0 0 0
2573.17 0 0 0 0 0 0 0 0 1 0 7 0 0 0 0 0 0 0 0
