0.09600 4.99200 1 -1 0 0 0 1 0 0 0 0 0 0 0 
0.60800 5.21601 4 0 0 0 -1 0 0 0 1 0 0 0 0 
3.04000 3.90401 1 -1 0 0 0 1 0 0 0 0 0 0 0 
2.65600 4.32001 2 0 -1 0 0 0 1 0 0 0 0 0 0 
5.08800 4.38399 2 0 -1 0 0 0 1 0 0 0 0 0 0 
5.15201 4.79998 4 0 0 0 -1 0 0 0 1 0 0 0 0 
23.48781 4.70394 1 -1 0 0 0 1 0 0 0 0 0 0 0 
25.08779 4.22395 2 0 -1 0 0 0 1 0 0 0 0 0 0 
22.39983 8.19189 5 0 0 0 0 -1 -1 0 0 1 0 0 0 
27.10376 4.79994 3 0 0 -1 0 0 0 1 0 0 0 0 0 
30.75172 5.72819 3 0 0 -1 0 0 0 1 0 0 0 0 0 
41.56815 8.70441 6 0 0 0 0 0 0 -1 -1 0 1 0 0 
43.84026 9.05642 6 0 0 0 0 0 0 -1 -1 0 1 0 0 
50.75258 10.46449 5 0 0 0 0 -1 -1 0 0 1 0 0 0 
73.47251 5.05563 4 0 0 0 -1 0 0 0 1 0 0 0 0 
79.13610 4.28769 3 0 0 -1 0 0 0 1 0 0 0 0 0 
82.68784 9.63130 5 0 0 0 0 -1 -1 0 0 1 0 0 0 
115.26148 8.03142 7 0 0 0 0 0 0 0 0 -1 -1 1 0 
131.35632 3.96771 2 0 -1 0 0 0 1 0 0 0 0 0 0 
135.06805 4.31969 2 0 -1 0 0 0 1 0 0 0 0 0 0 
157.01846 9.15134 6 0 0 0 0 0 0 -1 -1 0 1 0 0 
166.32979 2.94379 2 0 -1 0 0 0 1 0 0 0 0 0 0 
194.13577 8.22340 8 0 0 0 0 0 -1 0 0 0 0 -1 1 
213.49437 7.58345 7 0 0 0 0 0 0 0 0 -1 -1 1 0 
290.52924 8.93161 8 0 0 0 0 0 -1 0 0 0 0 -1 1 
547.91101 9.05103 7 0 0 0 0 0 0 0 0 -1 -1 1 0 
619.45569 10.17041 8 0 0 0 0 0 -1 0 0 0 0 -1 1 
