0.09600 4.32000 2 0 -1 0 0 0 1 0 0 0 0 0 0 
0.09600 5.95201 2 0 -1 0 0 0 1 0 0 0 0 0 0 
4.48000 4.22400 2 0 -1 0 0 0 1 0 0 0 0 0 0 
10.62398 3.96795 2 0 -1 0 0 0 1 0 0 0 0 0 0 
17.66389 4.79994 1 -1 0 0 0 1 0 0 0 0 0 0 0 
18.97587 3.83995 1 -1 0 0 0 1 0 0 0 0 0 0 0 
24.38380 2.46397 1 -1 0 0 0 1 0 0 0 0 0 0 0 
24.70380 4.51194 3 0 0 -1 0 0 0 1 0 0 0 0 0 
30.23973 4.03208 3 0 0 -1 0 0 0 1 0 0 0 0 0 
38.20799 3.96819 4 0 0 0 -1 0 0 0 1 0 0 0 0 
37.11994 7.87237 5 0 0 0 0 -1 -1 0 0 1 0 0 0 
51.61662 4.92823 3 0 0 -1 0 0 0 1 0 0 0 0 0 
56.99287 3.20015 2 0 -1 0 0 0 1 0 0 0 0 0 0 
64.28918 7.48746 6 0 0 0 0 0 0 -1 -1 0 1 0 0 
68.64086 4.15970 4 0 0 0 -1 0 0 0 1 0 0 0 0 
106.23814 3.90372 2 0 -1 0 0 0 1 0 0 0 0 0 0 
109.82188 7.58345 5 0 0 0 0 -1 -1 0 0 1 0 0 0 
199.15941 4.51167 4 0 0 0 -1 0 0 0 1 0 0 0 0 
212.50244 8.73537 6 0 0 0 0 0 0 -1 -1 0 1 0 0 
244.62811 7.45546 7 0 0 0 0 0 0 0 0 -1 -1 1 0 
245.90802 11.23172 5 0 0 0 0 -1 -1 0 0 1 0 0 0 
252.72353 9.73036 7 0 0 0 0 0 0 0 0 -1 -1 1 0 
282.91016 6.01843 8 0 0 0 0 0 -1 0 0 0 0 -1 1 
338.96481 10.62830 8 0 0 0 0 0 -1 0 0 0 0 -1 1 
372.45035 9.73193 6 0 0 0 0 0 0 -1 -1 0 1 0 0 
