0.09600 1.44000 1 -1 0 0 0 1 0 0 0 0 0 0 0 
0.09600 2.36800 2 0 -1 0 0 0 1 0 0 0 0 0 0 
0.09600 3.74400 2 0 -1 0 0 0 1 0 0 0 0 0 0 
0.57600 5.24801 3 0 0 -1 0 0 0 1 0 0 0 0 0 
0.09600 6.14401 3 0 0 -1 0 0 0 1 0 0 0 0 0 
1.76000 4.80001 4 0 0 0 -1 0 0 0 1 0 0 0 0 
6.68800 4.86396 2 0 -1 0 0 0 1 0 0 0 0 0 0 
14.91192 1.91998 2 0 -1 0 0 0 1 0 0 0 0 0 0 
18.14388 3.03996 1 -1 0 0 0 1 0 0 0 0 0 0 0 
25.15179 4.03195 2 0 -1 0 0 0 1 0 0 0 0 0 0 
24.51180 7.10391 5 0 0 0 0 -1 -1 0 0 1 0 0 0 
28.83175 4.96004 4 0 0 0 -1 0 0 0 1 0 0 0 0 
32.89574 10.20848 6 0 0 0 0 0 0 -1 -1 0 1 0 0 
34.52782 8.64040 5 0 0 0 0 -1 -1 0 0 1 0 0 0 
64.54516 5.37561 4 0 0 0 -1 0 0 0 1 0 0 0 0 
67.16897 3.83972 3 0 0 -1 0 0 0 1 0 0 0 0 0 
71.04069 8.95935 6 0 0 0 0 0 0 -1 -1 0 1 0 0 
85.50364 5.88757 2 0 -1 0 0 0 1 0 0 0 0 0 0 
163.09802 9.02335 7 0 0 0 0 0 0 0 0 -1 -1 1 0 
184.44048 7.87143 8 0 0 0 0 0 -1 0 0 0 0 -1 1 
216.27817 6.33554 7 0 0 0 0 0 0 0 0 -1 -1 1 0 
255.05936 9.82751 8 0 0 0 0 0 -1 0 0 0 0 -1 1 
259.86084 6.08246 1 -1 0 0 0 1 0 0 0 0 0 0 0 
342.99844 8.51544 5 0 0 0 0 -1 -1 0 0 1 0 0 0 
431.48221 8.73953 6 0 0 0 0 0 0 -1 -1 0 1 0 0 
602.05725 10.33032 7 0 0 0 0 0 0 0 0 -1 -1 1 0 
878.92908 9.85059 8 0 0 0 0 0 -1 0 0 0 0 -1 1 
