1.66400 4.19201 2 0 -1 0 0 0 1 0 0 0 0 0 0 
0.09600 5.82401 2 0 -1 0 0 0 1 0 0 0 0 0 0 
0.09600 5.92001 2 0 -1 0 0 0 1 0 0 0 0 0 0 
0.54400 6.81601 2 0 -1 0 0 0 1 0 0 0 0 0 0 
6.40001 4.92796 4 0 0 0 -1 0 0 0 1 0 0 0 0 
6.72001 4.76796 1 -1 0 0 0 1 0 0 0 0 0 0 0 
8.22401 5.91992 4 0 0 0 -1 0 0 0 1 0 0 0 0 
11.55196 6.65592 5 0 0 0 0 -1 -1 0 0 1 0 0 0 
16.95990 5.95192 3 0 0 -1 0 0 0 1 0 0 0 0 0 
23.23181 4.09595 1 -1 0 0 0 1 0 0 0 0 0 0 0 
25.21579 4.60794 2 0 -1 0 0 0 1 0 0 0 0 0 0 
39.10403 5.37625 2 0 -1 0 0 0 1 0 0 0 0 0 0 
67.68092 4.19170 4 0 0 0 -1 0 0 0 1 0 0 0 0 
91.51920 9.56731 5 0 0 0 0 -1 -1 0 0 1 0 0 0 
110.17386 8.63937 6 0 0 0 0 0 0 -1 -1 0 1 0 0 
136.25197 5.02364 3 0 0 -1 0 0 0 1 0 0 0 0 0 
168.79361 3.87172 3 0 0 -1 0 0 0 1 0 0 0 0 0 
197.33554 7.00749 7 0 0 0 0 0 0 0 0 -1 -1 1 0 
213.87834 9.34332 8 0 0 0 0 0 -1 0 0 0 0 -1 1 
238.67654 7.71144 6 0 0 0 0 0 0 -1 -1 0 1 0 0 
247.60390 4.03171 1 -1 0 0 0 1 0 0 0 0 0 0 0 
266.67960 7.84317 7 0 0 0 0 0 0 0 0 -1 -1 1 0 
276.82770 9.31577 8 0 0 0 0 0 -1 0 0 0 0 -1 1 
363.83887 9.31577 5 0 0 0 0 -1 -1 0 0 1 0 0 0 
699.41174 10.87402 6 0 0 0 0 0 0 -1 -1 0 1 0 0 
930.00500 11.22583 7 0 0 0 0 0 0 0 0 -1 -1 1 0 
1016.77332 7.77173 8 0 0 0 0 0 -1 0 0 0 0 -1 1 
