0.09600 2.97600 1 -1 0 0 0 1 0 0 0 0 0 0 0 
0.09600 4.96000 2 0 -1 0 0 0 1 0 0 0 0 0 0 
0.09600 6.81601 2 0 -1 0 0 0 1 0 0 0 0 0 0 
6.36801 4.92796 2 0 -1 0 0 0 1 0 0 0 0 0 0 
6.91201 4.83195 3 0 0 -1 0 0 0 1 0 0 0 0 0 
9.08800 4.31994 1 -1 0 0 0 1 0 0 0 0 0 0 0 
14.52793 3.58395 4 0 0 0 -1 0 0 0 1 0 0 0 0 
14.87992 3.80795 2 0 -1 0 0 0 1 0 0 0 0 0 0 
16.41590 3.96795 4 0 0 0 -1 0 0 0 1 0 0 0 0 
11.35996 13.66383 5 0 0 0 0 -1 -1 0 0 1 0 0 0 
26.36778 7.42401 6 0 0 0 0 0 0 -1 -1 0 1 0 0 
29.75973 5.44012 1 -1 0 0 0 1 0 0 0 0 0 0 0 
17.24789 20.16006 2 0 -1 0 0 0 1 0 0 0 0 0 0 
34.94384 2.49612 2 0 -1 0 0 0 1 0 0 0 0 0 0 
38.04798 4.19220 3 0 0 -1 0 0 0 1 0 0 0 0 0 
37.31195 10.01647 5 0 0 0 0 -1 -1 0 0 1 0 0 0 
58.27293 4.28820 3 0 0 -1 0 0 0 1 0 0 0 0 0 
98.11073 3.90372 4 0 0 0 -1 0 0 0 1 0 0 0 0 
126.58866 10.17527 5 0 0 0 0 -1 -1 0 0 1 0 0 0 
145.53130 9.95128 6 0 0 0 0 0 0 -1 -1 0 1 0 0 
155.54657 10.62323 7 0 0 0 0 0 0 0 0 -1 -1 1 0 
210.58258 11.35918 8 0 0 0 0 0 -1 0 0 0 0 -1 1 
335.73151 7.93921 7 0 0 0 0 0 0 0 0 -1 -1 1 0 
622.23816 9.17896 8 0 0 0 0 0 -1 0 0 0 0 -1 1 
715.85071 6.39648 6 0 0 0 0 0 0 -1 -1 0 1 0 0 
903.61951 8.95508 7 0 0 0 0 0 0 0 0 -1 -1 1 0 
948.90662 8.47534 8 0 0 0 0 0 -1 0 0 0 0 -1 1 
