1.98400 4.19201 2 0 -1 0 0 0 1 0 0 0 0 0 0 
2.75200 4.22401 2 0 -1 0 0 0 1 0 0 0 0 0 0 
2.65600 4.86401 1 -1 0 0 0 1 0 0 0 0 0 0 0 
3.52000 4.38401 4 0 0 0 -1 0 0 0 1 0 0 0 0 
2.68800 5.37601 2 0 -1 0 0 0 1 0 0 0 0 0 0 
4.60800 4.09600 2 0 -1 0 0 0 1 0 0 0 0 0 0 
5.88801 3.80798 4 0 0 0 -1 0 0 0 1 0 0 0 0 
11.90396 4.09595 1 -1 0 0 0 1 0 0 0 0 0 0 0 
17.50389 4.15995 4 0 0 0 -1 0 0 0 1 0 0 0 0 
22.62382 4.99194 3 0 0 -1 0 0 0 1 0 0 0 0 0 
23.64781 4.41594 3 0 0 -1 0 0 0 1 0 0 0 0 0 
23.00782 5.27993 2 0 -1 0 0 0 1 0 0 0 0 0 0 
23.80781 8.95993 5 0 0 0 0 -1 -1 0 0 1 0 0 0 
30.11172 6.24018 6 0 0 0 0 0 0 -1 -1 0 1 0 0 
30.62372 8.89633 5 0 0 0 0 -1 -1 0 0 1 0 0 0 
38.33600 5.02423 1 -1 0 0 0 1 0 0 0 0 0 0 0 
36.83193 10.59249 6 0 0 0 0 0 0 -1 -1 0 1 0 0 
70.36874 6.17555 2 0 -1 0 0 0 1 0 0 0 0 0 0 
81.50393 9.82329 7 0 0 0 0 0 0 0 0 -1 -1 1 0 
85.11967 10.07927 5 0 0 0 0 -1 -1 0 0 1 0 0 0 
95.51891 11.45517 7 0 0 0 0 0 0 0 0 -1 -1 1 0 
111.26176 10.27126 8 0 0 0 0 0 -1 0 0 0 0 -1 1 
173.08130 5.56760 3 0 0 -1 0 0 0 1 0 0 0 0 0 
350.10532 9.53986 8 0 0 0 0 0 -1 0 0 0 0 -1 1 
