0.09600 3.87200 2 0 -1 0 0 0 1 0 0 0 0 0 0 
0.09600 4.70400 2 0 -1 0 0 0 1 0 0 0 0 0 0 
0.09600 5.12000 4 0 0 0 -1 0 0 0 1 0 0 0 0 
1.69600 4.38401 4 0 0 0 -1 0 0 0 1 0 0 0 0 
4.19200 4.41600 3 0 0 -1 0 0 0 1 0 0 0 0 0 
13.18394 1.88798 3 0 0 -1 0 0 0 1 0 0 0 0 0 
10.81598 5.21593 1 -1 0 0 0 1 0 0 0 0 0 0 0 
14.81592 4.83194 2 0 -1 0 0 0 1 0 0 0 0 0 0 
18.04788 5.43993 4 0 0 0 -1 0 0 0 1 0 0 0 0 
19.26386 8.86389 6 0 0 0 0 0 0 -1 -1 0 1 0 0 
28.70374 4.76803 1 -1 0 0 0 1 0 0 0 0 0 0 0 
28.25575 6.01606 3 0 0 -1 0 0 0 1 0 0 0 0 0 
41.08813 5.53626 2 0 -1 0 0 0 1 0 0 0 0 0 0 
51.90463 8.25639 6 0 0 0 0 0 0 -1 -1 0 1 0 0 
76.00033 9.15134 5 0 0 0 0 -1 -1 0 0 1 0 0 0 
85.59963 5.69559 1 -1 0 0 0 1 0 0 0 0 0 0 0 
86.20759 8.86336 7 0 0 0 0 0 0 0 0 -1 -1 1 0 
91.35922 5.59959 5 0 0 0 0 -1 -1 0 0 1 0 0 0 
149.05104 4.09570 2 0 -1 0 0 0 1 0 0 0 0 0 0 
207.25482 7.71144 7 0 0 0 0 0 0 0 0 -1 -1 1 0 
245.84402 11.07162 8 0 0 0 0 0 -1 0 0 0 0 -1 1 
317.83627 9.02765 6 0 0 0 0 0 0 -1 -1 0 1 0 0 
461.70242 4.44980 2 0 -1 0 0 0 1 0 0 0 0 0 0 
728.09998 11.99341 8 0 0 0 0 0 -1 0 0 0 0 -1 1 
