0.09600 4.76800 1 -1 0 0 0 1 0 0 0 0 0 0 0 
0.09600 5.63201 1 -1 0 0 0 1 0 0 0 0 0 0 0 
0.92800 4.89601 3 0 0 -1 0 0 0 1 0 0 0 0 0 
2.65600 4.51201 2 0 -1 0 0 0 1 0 0 0 0 0 0 
6.84801 4.57596 2 0 -1 0 0 0 1 0 0 0 0 0 0 
7.07201 5.05595 4 0 0 0 -1 0 0 0 1 0 0 0 0 
13.72794 3.99995 4 0 0 0 -1 0 0 0 1 0 0 0 0 
14.52792 5.08794 4 0 0 0 -1 0 0 0 1 0 0 0 0 
16.03191 4.47994 2 0 -1 0 0 0 1 0 0 0 0 0 0 
18.07988 2.52797 1 -1 0 0 0 1 0 0 0 0 0 0 0 
21.15184 10.84786 5 0 0 0 0 -1 -1 0 0 1 0 0 0 
30.81572 3.16808 3 0 0 -1 0 0 0 1 0 0 0 0 0 
30.23973 4.60811 2 0 -1 0 0 0 1 0 0 0 0 0 0 
27.42376 7.74409 6 0 0 0 0 0 0 -1 -1 0 1 0 0 
39.96808 4.76822 2 0 -1 0 0 0 1 0 0 0 0 0 0 
53.56871 3.96819 2 0 -1 0 0 0 1 0 0 0 0 0 0 
56.64085 7.39234 6 0 0 0 0 0 0 -1 -1 0 1 0 0 
72.06461 3.71173 3 0 0 -1 0 0 0 1 0 0 0 0 0 
70.78471 10.46324 7 0 0 0 0 0 0 0 0 -1 -1 1 0 
74.40044 9.02335 5 0 0 0 0 -1 -1 0 0 1 0 0 0 
125.72472 10.49525 5 0 0 0 0 -1 -1 0 0 1 0 0 0 
152.76277 9.85529 7 0 0 0 0 0 0 0 0 -1 -1 1 0 
205.11098 7.48746 8 0 0 0 0 0 -1 0 0 0 0 -1 1 
212.66243 8.63937 8 0 0 0 0 0 -1 0 0 0 0 -1 1 
521.42957 8.57129 6 0 0 0 0 0 0 -1 -1 0 1 0 0 
616.89709 10.10645 7 0 0 0 0 0 0 0 0 -1 -1 1 0 
689.88098 7.61182 8 0 0 0 0 0 -1 0 0 0 0 -1 1 
