0.09600 4.38400 2 0 -1 0 0 0 1 0 0 0 0 0 0 
0.54400 5.15201 2 0 -1 0 0 0 1 0 0 0 0 0 0 
0.09600 5.66401 1 -1 0 0 0 1 0 0 0 0 0 0 0 
3.13600 5.60000 2 0 -1 0 0 0 1 0 0 0 0 0 0 
3.58400 5.28000 4 0 0 0 -1 0 0 0 1 0 0 0 0 
7.45601 4.31995 1 -1 0 0 0 1 0 0 0 0 0 0 0 
7.29601 5.69594 3 0 0 -1 0 0 0 1 0 0 0 0 0 
11.16797 5.34393 3 0 0 -1 0 0 0 1 0 0 0 0 0 
18.75188 5.08793 3 0 0 -1 0 0 0 1 0 0 0 0 0 
23.93580 4.22395 2 0 -1 0 0 0 1 0 0 0 0 0 0 
19.51986 9.27988 5 0 0 0 0 -1 -1 0 0 1 0 0 0 
34.43181 4.83223 4 0 0 0 -1 0 0 0 1 0 0 0 0 
36.38391 5.15224 2 0 -1 0 0 0 1 0 0 0 0 0 0 
37.18394 5.53626 1 -1 0 0 0 1 0 0 0 0 0 0 0 
45.76034 11.71255 6 0 0 0 0 0 0 -1 -1 0 1 0 0 
61.18506 7.71178 5 0 0 0 0 -1 -1 0 0 1 0 0 0 
83.10381 2.87979 2 0 -1 0 0 0 1 0 0 0 0 0 0 
79.64806 7.03949 6 0 0 0 0 0 0 -1 -1 0 1 0 0 
87.42351 5.18362 4 0 0 0 -1 0 0 0 1 0 0 0 0 
119.99714 7.96742 6 0 0 0 0 0 0 -1 -1 0 1 0 0 
134.49210 9.02335 7 0 0 0 0 0 0 0 0 -1 -1 1 0 
143.57944 9.43932 8 0 0 0 0 0 -1 0 0 0 0 -1 1 
150.29895 7.96742 5 0 0 0 0 -1 -1 0 0 1 0 0 0 
169.91353 7.87143 7 0 0 0 0 0 0 0 0 -1 -1 1 0 
182.96858 10.52724 8 0 0 0 0 0 -1 0 0 0 0 -1 1 
195.28769 11.29518 7 0 0 0 0 0 0 0 0 -1 -1 1 0 
597.89954 8.85913 8 0 0 0 0 0 -1 0 0 0 0 -1 1 
