0.09600 2.40000 2 0 -1 0 0 0 1 0 0 0 0 0 0 
0.09600 3.04000 1 -1 0 0 0 1 0 0 0 0 0 0 0 
0.09600 3.55200 3 0 0 -1 0 0 0 1 0 0 0 0 0 
0.44800 4.00000 1 -1 0 0 0 1 0 0 0 0 0 0 0 
0.09600 5.69601 1 -1 0 0 0 1 0 0 0 0 0 0 0 
2.97600 5.88800 3 0 0 -1 0 0 0 1 0 0 0 0 0 
6.56001 3.99997 2 0 -1 0 0 0 1 0 0 0 0 0 0 
6.72000 4.19197 2 0 -1 0 0 0 1 0 0 0 0 0 0 
9.40799 6.23992 4 0 0 0 -1 0 0 0 1 0 0 0 0 
12.09596 6.20792 2 0 -1 0 0 0 1 0 0 0 0 0 0 
17.56789 8.51189 5 0 0 0 0 -1 -1 0 0 1 0 0 0 
22.07983 4.44794 4 0 0 0 -1 0 0 0 1 0 0 0 0 
17.88789 9.85587 5 0 0 0 0 -1 -1 0 0 1 0 0 0 
35.07185 5.40825 4 0 0 0 -1 0 0 0 1 0 0 0 0 
40.51210 10.30448 6 0 0 0 0 0 0 -1 -1 0 1 0 0 
59.90501 3.48816 2 0 -1 0 0 0 1 0 0 0 0 0 0 
63.71318 5.31165 2 0 -1 0 0 0 1 0 0 0 0 0 0 
64.60915 9.75929 7 0 0 0 0 0 0 0 0 -1 -1 1 0 
74.94440 7.74344 6 0 0 0 0 0 0 -1 -1 0 1 0 0 
89.75933 6.94350 8 0 0 0 0 0 -1 0 0 0 0 -1 1 
94.36699 7.64745 5 0 0 0 0 -1 -1 0 0 1 0 0 0 
138.29982 4.63966 3 0 0 -1 0 0 0 1 0 0 0 0 0 
313.22641 9.60388 7 0 0 0 0 0 0 0 0 -1 -1 1 0 
323.66263 10.30817 6 0 0 0 0 0 0 -1 -1 0 1 0 0 
353.72278 8.13129 7 0 0 0 0 0 0 0 0 -1 -1 1 0 
361.88608 9.95602 8 0 0 0 0 0 -1 0 0 0 0 -1 1 
598.92297 9.85059 8 0 0 0 0 0 -1 0 0 0 0 -1 1 
