0.09600 1.31200 3 0 0 -1 0 0 0 1 0 0 0 0 0 
0.09600 3.26400 1 -1 0 0 0 1 0 0 0 0 0 0 0 
0.09600 3.68000 2 0 -1 0 0 0 1 0 0 0 0 0 0 
0.09600 4.00000 2 0 -1 0 0 0 1 0 0 0 0 0 0 
0.09599 5.21601 2 0 -1 0 0 0 1 0 0 0 0 0 0 
0.09600 6.46401 3 0 0 -1 0 0 0 1 0 0 0 0 0 
3.55200 4.16001 3 0 0 -1 0 0 0 1 0 0 0 0 0 
4.16001 5.63198 1 -1 0 0 0 1 0 0 0 0 0 0 0 
7.04000 5.27995 2 0 -1 0 0 0 1 0 0 0 0 0 0 
7.36000 4.99195 4 0 0 0 -1 0 0 0 1 0 0 0 0 
9.75998 4.09595 4 0 0 0 -1 0 0 0 1 0 0 0 0 
15.16792 4.73594 2 0 -1 0 0 0 1 0 0 0 0 0 0 
30.49572 7.29625 6 0 0 0 0 0 0 -1 -1 0 1 0 0 
34.65582 5.69627 2 0 -1 0 0 0 1 0 0 0 0 0 0 
37.40796 8.86441 5 0 0 0 0 -1 -1 0 0 1 0 0 0 
43.00822 5.60026 1 -1 0 0 0 1 0 0 0 0 0 0 0 
66.59301 9.69530 5 0 0 0 0 -1 -1 0 0 1 0 0 0 
75.04041 4.22369 4 0 0 0 -1 0 0 0 1 0 0 0 0 
88.89539 7.77544 6 0 0 0 0 0 0 -1 -1 0 1 0 0 
88.67140 10.81522 5 0 0 0 0 -1 -1 0 0 1 0 0 0 
106.52612 10.20726 7 0 0 0 0 0 0 0 0 -1 -1 1 0 
190.77602 8.31940 7 0 0 0 0 0 0 0 0 -1 -1 1 0 
205.23897 10.30325 8 0 0 0 0 0 -1 0 0 0 0 -1 1 
244.59612 12.44759 8 0 0 0 0 0 -1 0 0 0 0 -1 1 
616.25745 7.41992 6 0 0 0 0 0 0 -1 -1 0 1 0 0 
629.59412 7.00415 7 0 0 0 0 0 0 0 0 -1 -1 1 0 
775.24207 7.45190 8 0 0 0 0 0 -1 0 0 0 0 -1 1 
