0.09600 6.52801 1 -1 0 0 0 1 0 0 0 0 0 0 0 
0.09600 6.75201 2 0 -1 0 0 0 1 0 0 0 0 0 0 
0.09600 6.78401 4 0 0 0 -1 0 0 0 1 0 0 0 0 
6.94401 4.25596 3 0 0 -1 0 0 0 1 0 0 0 0 0 
7.10401 4.22396 4 0 0 0 -1 0 0 0 1 0 0 0 0 
7.93601 5.08794 2 0 -1 0 0 0 1 0 0 0 0 0 0 
8.80000 4.51194 1 -1 0 0 0 1 0 0 0 0 0 0 0 
10.55998 5.50393 2 0 -1 0 0 0 1 0 0 0 0 0 0 
7.93601 8.79989 5 0 0 0 0 -1 -1 0 0 1 0 0 0 
16.86390 4.67194 2 0 -1 0 0 0 1 0 0 0 0 0 0 
24.92779 8.09596 5 0 0 0 0 -1 -1 0 0 1 0 0 0 
24.76779 8.92799 6 0 0 0 0 0 0 -1 -1 0 1 0 0 
46.36838 5.60026 4 0 0 0 -1 0 0 0 1 0 0 0 0 
58.88096 4.09619 2 0 -1 0 0 0 1 0 0 0 0 0 0 
81.95189 4.47968 3 0 0 -1 0 0 0 1 0 0 0 0 0 
87.71148 7.83943 7 0 0 0 0 0 0 0 0 -1 -1 1 0 
98.49470 4.92764 1 -1 0 0 0 1 0 0 0 0 0 0 0 
103.07037 4.25569 3 0 0 -1 0 0 0 1 0 0 0 0 0 
102.75039 7.42346 8 0 0 0 0 0 -1 0 0 0 0 -1 1 
112.06171 7.23148 6 0 0 0 0 0 0 -1 -1 0 1 0 0 
136.92392 4.99164 2 0 -1 0 0 0 1 0 0 0 0 0 0 
143.25946 9.53531 5 0 0 0 0 -1 -1 0 0 1 0 0 0 
238.35657 9.91928 6 0 0 0 0 0 0 -1 -1 0 1 0 0 
276.05939 8.32336 7 0 0 0 0 0 0 0 0 -1 -1 1 0 
296.06747 9.53986 7 0 0 0 0 0 0 0 0 -1 -1 1 0 
317.22803 10.91641 8 0 0 0 0 0 -1 0 0 0 0 -1 1 
601.86536 9.78662 8 0 0 0 0 0 -1 0 0 0 0 -1 1 
