0.09600 5.85601 1 -1 0 0 0 1 0 0 0 0 0 0 0 
2.01600 4.12801 3 0 0 -1 0 0 0 1 0 0 0 0 0 
3.20000 5.34400 2 0 -1 0 0 0 1 0 0 0 0 0 0 
4.89601 4.86398 1 -1 0 0 0 1 0 0 0 0 0 0 0 
5.98401 4.70397 4 0 0 0 -1 0 0 0 1 0 0 0 0 
9.79198 4.95994 5 0 0 0 0 -1 -1 0 0 1 0 0 0 
12.19195 4.15995 1 -1 0 0 0 1 0 0 0 0 0 0 0 
12.44795 4.12795 4 0 0 0 -1 0 0 0 1 0 0 0 0 
16.70390 2.81596 2 0 -1 0 0 0 1 0 0 0 0 0 0 
16.28791 5.24793 4 0 0 0 -1 0 0 0 1 0 0 0 0 
16.95989 5.59993 2 0 -1 0 0 0 1 0 0 0 0 0 0 
21.24784 5.27993 2 0 -1 0 0 0 1 0 0 0 0 0 0 
22.62382 8.12790 5 0 0 0 0 -1 -1 0 0 1 0 0 0 
34.39982 4.57621 2 0 -1 0 0 0 1 0 0 0 0 0 0 
45.47233 6.36830 6 0 0 0 0 0 0 -1 -1 0 1 0 0 
54.20874 6.59231 5 0 0 0 0 -1 -1 0 0 1 0 0 0 
76.96026 6.91150 7 0 0 0 0 0 0 0 0 -1 -1 1 0 
89.43935 5.75958 2 0 -1 0 0 0 1 0 0 0 0 0 0 
96.19086 10.33525 8 0 0 0 0 0 -1 0 0 0 0 -1 1 
112.38169 4.73566 3 0 0 -1 0 0 0 1 0 0 0 0 0 
120.57310 4.44768 3 0 0 -1 0 0 0 1 0 0 0 0 0 
148.76306 8.54338 6 0 0 0 0 0 0 -1 -1 0 1 0 0 
270.64920 8.35538 7 0 0 0 0 0 0 0 0 -1 -1 1 0 
299.58890 8.13129 8 0 0 0 0 0 -1 0 0 0 0 -1 1 
374.01898 9.25174 6 0 0 0 0 0 0 -1 -1 0 1 0 0 
385.79974 8.29135 7 0 0 0 0 0 0 0 0 -1 -1 1 0 
667.46130 7.80371 8 0 0 0 0 0 -1 0 0 0 0 -1 1 
