0.09600 4.38400 3 0 0 -1 0 0 0 1 0 0 0 0 0 
0.57600 4.92801 4 0 0 0 -1 0 0 0 1 0 0 0 0 
0.09600 5.76001 2 0 -1 0 0 0 1 0 0 0 0 0 0 
6.72001 5.79194 2 0 -1 0 0 0 1 0 0 0 0 0 0 
10.46398 7.32791 6 0 0 0 0 0 0 -1 -1 0 1 0 0 
20.57585 4.67194 2 0 -1 0 0 0 1 0 0 0 0 0 0 
19.83986 5.69593 2 0 -1 0 0 0 1 0 0 0 0 0 0 
25.21579 2.84796 4 0 0 0 -1 0 0 0 1 0 0 0 0 
30.46372 2.72004 1 -1 0 0 0 1 0 0 0 0 0 0 0 
31.93570 4.92823 3 0 0 -1 0 0 0 1 0 0 0 0 0 
45.82435 4.44821 1 -1 0 0 0 1 0 0 0 0 0 0 0 
48.06445 4.96023 1 -1 0 0 0 1 0 0 0 0 0 0 0 
53.08869 5.37625 2 0 -1 0 0 0 1 0 0 0 0 0 0 
54.81677 4.16019 3 0 0 -1 0 0 0 1 0 0 0 0 0 
55.04078 6.91232 6 0 0 0 0 0 0 -1 -1 0 1 0 0 
53.08869 11.42447 5 0 0 0 0 -1 -1 0 0 1 0 0 0 
74.84840 3.10378 2 0 -1 0 0 0 1 0 0 0 0 0 0 
86.94353 9.02335 7 0 0 0 0 0 0 0 0 -1 -1 1 0 
106.27013 9.24733 5 0 0 0 0 -1 -1 0 0 1 0 0 0 
123.19691 8.89536 8 0 0 0 0 0 -1 0 0 0 0 -1 1 
152.60278 4.73566 4 0 0 0 -1 0 0 0 1 0 0 0 0 
194.90372 10.17526 6 0 0 0 0 0 0 -1 -1 0 1 0 0 
200.08869 11.42447 5 0 0 0 0 -1 -1 0 0 1 0 0 0 
221.97375 10.49524 7 0 0 0 0 0 0 0 0 -1 -1 1 0 
251.92358 9.24979 7 0 0 0 0 0 0 0 0 -1 -1 1 0 
316.61978 11.81277 8 0 0 0 0 0 -1 0 0 0 0 -1 1 
