0.09600 2.81600 3 0 0 -1 0 0 0 1 0 0 0 0 0 
0.09600 3.64800 1 -1 0 0 0 1 0 0 0 0 0 0 0 
0.09600 4.70400 2 0 -1 0 0 0 1 0 0 0 0 0 0 
0.09600 5.12000 2 0 -1 0 0 0 1 0 0 0 0 0 0 
1.15200 5.31201 2 0 -1 0 0 0 1 0 0 0 0 0 0 
2.14400 4.38401 2 0 -1 0 0 0 1 0 0 0 0 0 0 
1.85600 4.76801 3 0 0 -1 0 0 0 1 0 0 0 0 0 
1.72800 5.31201 2 0 -1 0 0 0 1 0 0 0 0 0 0 
3.45600 5.18400 4 0 0 0 -1 0 0 0 1 0 0 0 0 
19.96786 10.11187 5 0 0 0 0 -1 -1 0 0 1 0 0 0 
30.59172 4.00010 4 0 0 0 -1 0 0 0 1 0 0 0 0 
32.28772 4.54421 3 0 0 -1 0 0 0 1 0 0 0 0 0 
33.21576 3.84018 1 -1 0 0 0 1 0 0 0 0 0 0 0 
38.36800 8.25639 6 0 0 0 0 0 0 -1 -1 0 1 0 0 
34.65582 14.88070 6 0 0 0 0 0 0 -1 -1 0 1 0 0 
41.98417 10.04847 5 0 0 0 0 -1 -1 0 0 1 0 0 0 
61.15306 2.08010 4 0 0 0 -1 0 0 0 1 0 0 0 0 
79.36008 8.06342 7 0 0 0 0 0 0 0 0 -1 -1 1 0 
110.14185 8.51138 7 0 0 0 0 0 0 0 0 -1 -1 1 0 
145.43530 4.67166 2 0 -1 0 0 0 1 0 0 0 0 0 0 
144.57137 6.04756 1 -1 0 0 0 1 0 0 0 0 0 0 0 
159.80226 9.88728 5 0 0 0 0 -1 -1 0 0 1 0 0 0 
181.11272 8.73537 8 0 0 0 0 0 -1 0 0 0 0 -1 1 
244.27614 9.37532 6 0 0 0 0 0 0 -1 -1 0 1 0 0 
285.69528 8.29135 8 0 0 0 0 0 -1 0 0 0 0 -1 1 
407.37646 9.05966 7 0 0 0 0 0 0 0 0 -1 -1 1 0 
493.68335 9.66791 8 0 0 0 0 0 -1 0 0 0 0 -1 1 
