0.09600 3.93600 3 0 0 -1 0 0 0 1 0 0 0 0 0 
4.16000 4.51200 1 -1 0 0 0 1 0 0 0 0 0 0 0 
5.08801 3.93599 4 0 0 0 -1 0 0 0 1 0 0 0 0 
4.28800 4.99199 2 0 -1 0 0 0 1 0 0 0 0 0 0 
7.45601 4.12795 1 -1 0 0 0 1 0 0 0 0 0 0 0 
6.72000 4.89596 4 0 0 0 -1 0 0 0 1 0 0 0 0 
8.41601 3.80795 1 -1 0 0 0 1 0 0 0 0 0 0 0 
8.54401 6.07992 3 0 0 -1 0 0 0 1 0 0 0 0 0 
11.99996 4.95994 4 0 0 0 -1 0 0 0 1 0 0 0 0 
22.33582 7.99990 6 0 0 0 0 0 0 -1 -1 0 1 0 0 
32.89574 8.96042 6 0 0 0 0 0 0 -1 -1 0 1 0 0 
36.31990 5.69627 2 0 -1 0 0 0 1 0 0 0 0 0 0 
46.88039 5.92028 2 0 -1 0 0 0 1 0 0 0 0 0 0 
53.98473 3.90418 3 0 0 -1 0 0 0 1 0 0 0 0 0 
50.56057 7.77636 5 0 0 0 0 -1 -1 0 0 1 0 0 0 
57.08887 6.14429 2 0 -1 0 0 0 1 0 0 0 0 0 0 
65.98505 6.27155 2 0 -1 0 0 0 1 0 0 0 0 0 0 
80.99197 9.37532 5 0 0 0 0 -1 -1 0 0 1 0 0 0 
97.11880 3.99971 2 0 -1 0 0 0 1 0 0 0 0 0 0 
118.90922 8.79936 5 0 0 0 0 -1 -1 0 0 1 0 0 0 
174.84117 7.87143 7 0 0 0 0 0 0 0 0 -1 -1 1 0 
174.93716 10.65523 7 0 0 0 0 0 0 0 0 -1 -1 1 0 
186.16835 8.47939 6 0 0 0 0 0 0 -1 -1 0 1 0 0 
185.65639 12.15912 8 0 0 0 0 0 -1 0 0 0 0 -1 1 
205.87892 9.47131 8 0 0 0 0 0 -1 0 0 0 0 -1 1 
348.69675 10.82037 7 0 0 0 0 0 0 0 0 -1 -1 1 0 
476.84454 10.59628 8 0 0 0 0 0 -1 0 0 0 0 -1 1 
