0.09600 3.96800 2 0 -1 0 0 0 1 0 0 0 0 0 0 
0.99200 4.06400 2 0 -1 0 0 0 1 0 0 0 0 0 0 
0.09599 5.21601 2 0 -1 0 0 0 1 0 0 0 0 0 0 
0.64000 4.70401 3 0 0 -1 0 0 0 1 0 0 0 0 0 
0.09600 5.31201 1 -1 0 0 0 1 0 0 0 0 0 0 0 
0.09600 5.37601 2 0 -1 0 0 0 1 0 0 0 0 0 0 
6.49601 4.76796 3 0 0 -1 0 0 0 1 0 0 0 0 0 
9.31199 4.60794 4 0 0 0 -1 0 0 0 1 0 0 0 0 
5.50400 9.15192 5 0 0 0 0 -1 -1 0 0 1 0 0 0 
21.53583 2.59197 4 0 0 0 -1 0 0 0 1 0 0 0 0 
21.11984 9.66388 6 0 0 0 0 0 0 -1 -1 0 1 0 0 
29.24774 5.88811 3 0 0 -1 0 0 0 1 0 0 0 0 0 
35.99989 5.44025 2 0 -1 0 0 0 1 0 0 0 0 0 0 
45.31232 2.72013 1 -1 0 0 0 1 0 0 0 0 0 0 0 
57.31289 9.18413 5 0 0 0 0 -1 -1 0 0 1 0 0 0 
87.61549 3.61574 4 0 0 0 -1 0 0 0 1 0 0 0 0 
99.90260 7.90343 6 0 0 0 0 0 0 -1 -1 0 1 0 0 
117.88528 10.36726 6 0 0 0 0 0 0 -1 -1 0 1 0 0 
123.83687 6.81551 7 0 0 0 0 0 0 0 0 -1 -1 1 0 
137.59587 4.22369 2 0 -1 0 0 0 1 0 0 0 0 0 0 
165.08188 4.83165 1 -1 0 0 0 1 0 0 0 0 0 0 0 
166.29779 8.86336 8 0 0 0 0 0 -1 0 0 0 0 -1 1 
197.78351 6.87950 7 0 0 0 0 0 0 0 0 -1 -1 1 0 
204.72701 12.67108 8 0 0 0 0 0 -1 0 0 0 0 -1 1 
230.42114 9.21533 5 0 0 0 0 -1 -1 0 0 1 0 0 0 
255.18735 9.44342 7 0 0 0 0 0 0 0 0 -1 -1 1 0 
557.15393 10.52222 8 0 0 0 0 0 -1 0 0 0 0 -1 1 
