0.09600 1.37600 2 0 -1 0 0 0 1 0 0 0 0 0 0 
0.09600 5.05600 3 0 0 -1 0 0 0 1 0 0 0 0 0 
0.09600 5.40801 4 0 0 0 -1 0 0 0 1 0 0 0 0 
6.62400 4.25597 2 0 -1 0 0 0 1 0 0 0 0 0 0 
8.32001 3.93595 2 0 -1 0 0 0 1 0 0 0 0 0 0 
13.05594 4.86394 1 -1 0 0 0 1 0 0 0 0 0 0 0 
12.83195 5.50393 2 0 -1 0 0 0 1 0 0 0 0 0 0 
17.75989 3.61595 4 0 0 0 -1 0 0 0 1 0 0 0 0 
23.71181 4.60794 1 -1 0 0 0 1 0 0 0 0 0 0 0 
28.44774 4.22399 2 0 -1 0 0 0 1 0 0 0 0 0 0 
30.49572 9.85637 5 0 0 0 0 -1 -1 0 0 1 0 0 0 
41.76016 4.76822 2 0 -1 0 0 0 1 0 0 0 0 0 0 
54.30474 4.51221 3 0 0 -1 0 0 0 1 0 0 0 0 0 
60.54504 7.19989 6 0 0 0 0 0 0 -1 -1 0 1 0 0 
63.00916 4.76777 3 0 0 -1 0 0 0 1 0 0 0 0 0 
76.70428 6.30354 1 -1 0 0 0 1 0 0 0 0 0 0 0 
83.07182 11.42317 5 0 0 0 0 -1 -1 0 0 1 0 0 0 
88.95939 9.37532 6 0 0 0 0 0 0 -1 -1 0 1 0 0 
99.13465 7.55145 7 0 0 0 0 0 0 0 0 -1 -1 1 0 
107.26206 7.07149 7 0 0 0 0 0 0 0 0 -1 -1 1 0 
119.64516 7.29547 8 0 0 0 0 0 -1 0 0 0 0 -1 1 
114.39754 13.24704 8 0 0 0 0 0 -1 0 0 0 0 -1 1 
