0.09600 1.95200 4 0 0 0 -1 0 0 0 1 0 0 0 0 
0.09600 3.42400 1 -1 0 0 0 1 0 0 0 0 0 0 0 
0.09600 4.76800 3 0 0 -1 0 0 0 1 0 0 0 0 0 
3.20000 4.28801 4 0 0 0 -1 0 0 0 1 0 0 0 0 
7.87201 4.25595 2 0 -1 0 0 0 1 0 0 0 0 0 0 
7.16801 5.27994 2 0 -1 0 0 0 1 0 0 0 0 0 0 
11.87196 4.67194 2 0 -1 0 0 0 1 0 0 0 0 0 0 
9.95199 7.00791 6 0 0 0 0 0 0 -1 -1 0 1 0 0 
14.81592 5.02394 1 -1 0 0 0 1 0 0 0 0 0 0 0 
17.82388 4.12795 2 0 -1 0 0 0 1 0 0 0 0 0 0 
12.47995 10.94386 5 0 0 0 0 -1 -1 0 0 1 0 0 0 
22.75183 5.18393 2 0 -1 0 0 0 1 0 0 0 0 0 0 
30.49573 9.92037 7 0 0 0 0 0 0 0 0 -1 -1 1 0 
36.51192 4.99223 1 -1 0 0 0 1 0 0 0 0 0 0 0 
41.69616 7.29634 5 0 0 0 0 -1 -1 0 0 1 0 0 0 
45.92035 5.69627 3 0 0 -1 0 0 0 1 0 0 0 0 0 
76.96025 5.02364 4 0 0 0 -1 0 0 0 1 0 0 0 0 
95.80689 6.30354 6 0 0 0 0 0 0 -1 -1 0 1 0 0 
103.00637 6.49553 8 0 0 0 0 0 -1 0 0 0 0 -1 1 
134.52409 4.57567 3 0 0 -1 0 0 0 1 0 0 0 0 0 
160.66620 3.48775 2 0 -1 0 0 0 1 0 0 0 0 0 0 
159.73827 7.32747 7 0 0 0 0 0 0 0 0 -1 -1 1 0 
164.18594 6.36754 5 0 0 0 0 -1 -1 0 0 1 0 0 0 
169.88153 11.26318 8 0 0 0 0 0 -1 0 0 0 0 -1 1 
