0.09600 2.56000 3 0 0 -1 0 0 0 1 0 0 0 0 0 
0.09600 4.73600 1 -1 0 0 0 1 0 0 0 0 0 0 0 
0.09600 4.86400 4 0 0 0 -1 0 0 0 1 0 0 0 0 
0.79999 4.57601 4 0 0 0 -1 0 0 0 1 0 0 0 0 
0.09600 6.65601 4 0 0 0 -1 0 0 0 1 0 0 0 0 
3.93600 5.40799 1 -1 0 0 0 1 0 0 0 0 0 0 0 
12.09596 3.90395 2 0 -1 0 0 0 1 0 0 0 0 0 0 
7.48801 9.82388 6 0 0 0 0 0 0 -1 -1 0 1 0 0 
17.69589 5.91992 1 -1 0 0 0 1 0 0 0 0 0 0 0 
23.96781 3.87195 2 0 -1 0 0 0 1 0 0 0 0 0 0 
27.67976 3.96795 2 0 -1 0 0 0 1 0 0 0 0 0 0 
38.40000 5.53626 3 0 0 -1 0 0 0 1 0 0 0 0 0 
39.90407 4.28820 2 0 -1 0 0 0 1 0 0 0 0 0 0 
35.80788 8.99242 5 0 0 0 0 -1 -1 0 0 1 0 0 0 
42.88021 7.45635 5 0 0 0 0 -1 -1 0 0 1 0 0 0 
43.96826 11.29653 6 0 0 0 0 0 0 -1 -1 0 1 0 0 
61.02506 7.07184 7 0 0 0 0 0 0 0 0 -1 -1 1 0 
91.71119 10.36725 5 0 0 0 0 -1 -1 0 0 1 0 0 0 
102.11043 3.23177 2 0 -1 0 0 0 1 0 0 0 0 0 0 
125.82072 8.67138 8 0 0 0 0 0 -1 0 0 0 0 -1 1 
192.59988 3.93571 3 0 0 -1 0 0 0 1 0 0 0 0 0 
295.10709 7.93921 7 0 0 0 0 0 0 0 0 -1 -1 1 0 
338.26053 9.31577 6 0 0 0 0 0 0 -1 -1 0 1 0 0 
409.10516 9.50784 7 0 0 0 0 0 0 0 0 -1 -1 1 0 
418.32489 6.62668 2 0 -1 0 0 0 1 0 0 0 0 0 0 
424.98358 11.23654 8 0 0 0 0 0 -1 0 0 0 0 -1 1 
430.74591 9.95602 8 0 0 0 0 0 -1 0 0 0 0 -1 1 
