0.09600 2.75200 2 0 -1 0 0 0 1 0 0 0 0 0 0 
1.56800 3.84001 2 0 -1 0 0 0 1 0 0 0 0 0 0 
0.86400 4.57601 2 0 -1 0 0 0 1 0 0 0 0 0 0 
0.09600 6.52801 3 0 0 -1 0 0 0 1 0 0 0 0 0 
4.48000 5.02399 4 0 0 0 -1 0 0 0 1 0 0 0 0 
10.78397 5.53593 3 0 0 -1 0 0 0 1 0 0 0 0 0 
12.73595 7.71190 6 0 0 0 0 0 0 -1 -1 0 1 0 0 
17.15189 3.87195 4 0 0 0 -1 0 0 0 1 0 0 0 0 
20.47985 5.08793 2 0 -1 0 0 0 1 0 0 0 0 0 0 
20.79984 4.99194 1 -1 0 0 0 1 0 0 0 0 0 0 0 
22.07983 4.22395 4 0 0 0 -1 0 0 0 1 0 0 0 0 
28.73575 3.80798 1 -1 0 0 0 1 0 0 0 0 0 0 0 
32.09571 5.40825 2 0 -1 0 0 0 1 0 0 0 0 0 0 
35.48786 8.70441 6 0 0 0 0 0 0 -1 -1 0 1 0 0 
57.79291 7.16822 5 0 0 0 0 -1 -1 0 0 1 0 0 0 
67.93692 5.31161 2 0 -1 0 0 0 1 0 0 0 0 0 0 
67.71293 9.08734 5 0 0 0 0 -1 -1 0 0 1 0 0 0 
81.21595 4.73566 3 0 0 -1 0 0 0 1 0 0 0 0 0 
81.37595 8.76736 7 0 0 0 0 0 0 0 0 -1 -1 1 0 
93.21508 8.54338 8 0 0 0 0 0 -1 0 0 0 0 -1 1 
102.87837 4.47968 1 -1 0 0 0 1 0 0 0 0 0 0 0 
125.11677 8.95936 6 0 0 0 0 0 0 -1 -1 0 1 0 0 
126.49266 9.53532 5 0 0 0 0 -1 -1 0 0 1 0 0 0 
182.64861 9.11934 7 0 0 0 0 0 0 0 0 -1 -1 1 0 
236.69269 10.27126 8 0 0 0 0 0 -1 0 0 0 0 -1 1 
292.38599 9.47583 7 0 0 0 0 0 0 0 0 -1 -1 1 0 
424.72748 10.46823 8 0 0 0 0 0 -1 0 0 0 0 -1 1 
