0.09600 3.96800 2 0 -1 0 0 0 1 0 0 0 0 0 0 
0.09600 4.96000 1 -1 0 0 0 1 0 0 0 0 0 0 0 
0.09600 7.00801 2 0 -1 0 0 0 1 0 0 0 0 0 0 
2.56000 4.73601 1 -1 0 0 0 1 0 0 0 0 0 0 0 
2.56000 4.76801 4 0 0 0 -1 0 0 0 1 0 0 0 0 
6.30401 5.53595 2 0 -1 0 0 0 1 0 0 0 0 0 0 
5.08800 7.42395 5 0 0 0 0 -1 -1 0 0 1 0 0 0 
7.45601 5.56794 1 -1 0 0 0 1 0 0 0 0 0 0 0 
16.31991 4.51194 2 0 -1 0 0 0 1 0 0 0 0 0 0 
19.48787 3.77595 3 0 0 -1 0 0 0 1 0 0 0 0 0 
18.68787 6.23992 2 0 -1 0 0 0 1 0 0 0 0 0 0 
29.27974 5.28008 3 0 0 -1 0 0 0 1 0 0 0 0 0 
30.62372 8.57632 5 0 0 0 0 -1 -1 0 0 1 0 0 0 
53.92073 4.12819 4 0 0 0 -1 0 0 0 1 0 0 0 0 
78.81612 10.62323 5 0 0 0 0 -1 -1 0 0 1 0 0 0 
87.26352 6.55952 6 0 0 0 0 0 0 -1 -1 0 1 0 0 
95.99889 4.63966 2 0 -1 0 0 0 1 0 0 0 0 0 0 
93.88703 9.66330 7 0 0 0 0 0 0 0 0 -1 -1 1 0 
107.87002 5.40761 4 0 0 0 -1 0 0 0 1 0 0 0 0 
111.03779 8.09541 8 0 0 0 0 0 -1 0 0 0 0 -1 1 
116.50940 5.18362 3 0 0 -1 0 0 0 1 0 0 0 0 0 
119.80516 9.98328 6 0 0 0 0 0 0 -1 -1 0 1 0 0 
245.42805 7.42346 7 0 0 0 0 0 0 0 0 -1 -1 1 0 
248.46783 8.38379 6 0 0 0 0 0 0 -1 -1 0 1 0 0 
272.56998 10.56427 7 0 0 0 0 0 0 0 0 -1 -1 1 0 
283.35834 10.56427 8 0 0 0 0 0 -1 0 0 0 0 -1 1 
294.85098 9.50784 8 0 0 0 0 0 -1 0 0 0 0 -1 1 
