0.09600 1.40800 4 0 0 0 -1 0 0 0 1 0 0 0 0 
0.09600 3.74400 1 -1 0 0 0 1 0 0 0 0 0 0 0 
0.09600 3.93600 2 0 -1 0 0 0 1 0 0 0 0 0 0 
0.09600 4.28800 1 -1 0 0 0 1 0 0 0 0 0 0 0 
0.09600 4.35200 2 0 -1 0 0 0 1 0 0 0 0 0 0 
0.09600 6.08001 2 0 -1 0 0 0 1 0 0 0 0 0 0 
6.20800 4.70397 3 0 0 -1 0 0 0 1 0 0 0 0 0 
10.71997 4.89594 2 0 -1 0 0 0 1 0 0 0 0 0 0 
13.21595 5.34393 3 0 0 -1 0 0 0 1 0 0 0 0 0 
10.94397 9.24788 6 0 0 0 0 0 0 -1 -1 0 1 0 0 
22.23983 3.61595 3 0 0 -1 0 0 0 1 0 0 0 0 0 
22.62382 4.09595 1 -1 0 0 0 1 0 0 0 0 0 0 0 
18.04788 9.21588 5 0 0 0 0 -1 -1 0 0 1 0 0 0 
31.61571 3.90416 2 0 -1 0 0 0 1 0 0 0 0 0 0 
32.54373 7.96837 5 0 0 0 0 -1 -1 0 0 1 0 0 0 
55.04078 2.27211 4 0 0 0 -1 0 0 0 1 0 0 0 0 
71.00869 9.24733 5 0 0 0 0 -1 -1 0 0 1 0 0 0 
73.02454 8.44739 6 0 0 0 0 0 0 -1 -1 0 1 0 0 
105.40619 10.81522 7 0 0 0 0 0 0 0 0 -1 -1 1 0 
157.65842 5.18362 4 0 0 0 -1 0 0 0 1 0 0 0 0 
159.19431 5.27962 2 0 -1 0 0 0 1 0 0 0 0 0 0 
186.71231 6.68752 7 0 0 0 0 0 0 0 0 -1 -1 1 0 
218.77399 10.23926 8 0 0 0 0 0 -1 0 0 0 0 -1 1 
262.74200 8.77155 8 0 0 0 0 0 -1 0 0 0 0 -1 1 
540.84290 9.43481 6 0 0 0 0 0 0 -1 -1 0 1 0 0 
593.58191 9.17896 7 0 0 0 0 0 0 0 0 -1 -1 1 0 
602.79285 12.88892 8 0 0 0 0 0 -1 0 0 0 0 -1 1 
