0.09600 1.95200 2 0 -1 0 0 0 1 0 0 0 0 0 0 
0.09600 3.20000 2 0 -1 0 0 0 1 0 0 0 0 0 0 
0.09600 4.86400 2 0 -1 0 0 0 1 0 0 0 0 0 0 
3.48800 4.76801 3 0 0 -1 0 0 0 1 0 0 0 0 0 
5.63200 4.60798 1 -1 0 0 0 1 0 0 0 0 0 0 0 
5.21600 6.46396 4 0 0 0 -1 0 0 0 1 0 0 0 0 
9.59999 3.99995 3 0 0 -1 0 0 0 1 0 0 0 0 0 
14.84792 5.02394 1 -1 0 0 0 1 0 0 0 0 0 0 0 
16.67190 4.35194 4 0 0 0 -1 0 0 0 1 0 0 0 0 
18.84787 5.47193 4 0 0 0 -1 0 0 0 1 0 0 0 0 
23.74381 3.71195 3 0 0 -1 0 0 0 1 0 0 0 0 0 
26.36778 4.35194 2 0 -1 0 0 0 1 0 0 0 0 0 0 
19.90386 10.84786 5 0 0 0 0 -1 -1 0 0 1 0 0 0 
32.54372 7.84037 6 0 0 0 0 0 0 -1 -1 0 1 0 0 
33.02375 7.68036 5 0 0 0 0 -1 -1 0 0 1 0 0 0 
40.73611 3.77618 1 -1 0 0 0 1 0 0 0 0 0 0 0 
41.50415 9.63245 7 0 0 0 0 0 0 0 0 -1 -1 1 0 
45.08832 7.10433 6 0 0 0 0 0 0 -1 -1 0 1 0 0 
44.83231 10.52849 6 0 0 0 0 0 0 -1 -1 0 1 0 0 
51.16859 9.95247 8 0 0 0 0 0 -1 0 0 0 0 -1 1 
66.43303 2.01585 2 0 -1 0 0 0 1 0 0 0 0 0 0 
58.81696 10.17588 5 0 0 0 0 -1 -1 0 0 1 0 0 0 
70.17675 5.88757 2 0 -1 0 0 0 1 0 0 0 0 0 0 
93.75904 8.54338 7 0 0 0 0 0 0 0 0 -1 -1 1 0 
163.29001 9.18333 7 0 0 0 0 0 0 0 0 -1 -1 1 0 
171.80139 9.98328 8 0 0 0 0 0 -1 0 0 0 0 -1 1 
459.58957 9.37979 8 0 0 0 0 0 -1 0 0 0 0 -1 1 
