0.09599 5.24801 2 0 -1 0 0 0 1 0 0 0 0 0 0 
0.09600 5.47201 1 -1 0 0 0 1 0 0 0 0 0 0 0 
0.09600 6.04801 4 0 0 0 -1 0 0 0 1 0 0 0 0 
3.77600 4.41601 2 0 -1 0 0 0 1 0 0 0 0 0 0 
5.05600 5.88797 2 0 -1 0 0 0 1 0 0 0 0 0 0 
8.25601 3.99995 3 0 0 -1 0 0 0 1 0 0 0 0 0 
8.00001 5.59993 3 0 0 -1 0 0 0 1 0 0 0 0 0 
9.05600 5.08793 3 0 0 -1 0 0 0 1 0 0 0 0 0 
12.44795 5.40793 2 0 -1 0 0 0 1 0 0 0 0 0 0 
18.97587 4.92794 1 -1 0 0 0 1 0 0 0 0 0 0 0 
17.11989 9.43988 6 0 0 0 0 0 0 -1 -1 0 1 0 0 
23.93581 9.08794 5 0 0 0 0 -1 -1 0 0 1 0 0 0 
29.27974 4.16003 4 0 0 0 -1 0 0 0 1 0 0 0 0 
66.04905 4.57567 2 0 -1 0 0 0 1 0 0 0 0 0 0 
72.67257 3.83972 4 0 0 0 -1 0 0 0 1 0 0 0 0 
74.91241 5.15163 1 -1 0 0 0 1 0 0 0 0 0 0 0 
73.47251 10.30325 5 0 0 0 0 -1 -1 0 0 1 0 0 0 
82.75184 8.51138 5 0 0 0 0 -1 -1 0 0 1 0 0 0 
98.23872 6.94350 7 0 0 0 0 0 0 0 0 -1 -1 1 0 
132.12427 4.06371 2 0 -1 0 0 0 1 0 0 0 0 0 0 
137.65987 9.05534 8 0 0 0 0 0 -1 0 0 0 0 -1 1 
211.60651 10.68723 6 0 0 0 0 0 0 -1 -1 0 1 0 0 
419.44534 9.05966 7 0 0 0 0 0 0 0 0 -1 -1 1 0 
445.75998 8.89960 8 0 0 0 0 0 -1 0 0 0 0 -1 1 
455.61996 8.73953 6 0 0 0 0 0 0 -1 -1 0 1 0 0 
480.14188 7.55505 7 0 0 0 0 0 0 0 0 -1 -1 1 0 
507.86508 10.07840 8 0 0 0 0 0 -1 0 0 0 0 -1 1 
