0.41600 3.96800 4 0 0 0 -1 0 0 0 1 0 0 0 0 
3.20000 4.60801 1 -1 0 0 0 1 0 0 0 0 0 0 0 
12.47995 4.06395 1 -1 0 0 0 1 0 0 0 0 0 0 0 
13.43994 3.80795 4 0 0 0 -1 0 0 0 1 0 0 0 0 
15.93591 1.69598 4 0 0 0 -1 0 0 0 1 0 0 0 0 
15.51991 4.09595 2 0 -1 0 0 0 1 0 0 0 0 0 0 
16.73590 5.11993 3 0 0 -1 0 0 0 1 0 0 0 0 0 
21.11984 3.96795 3 0 0 -1 0 0 0 1 0 0 0 0 0 
22.36782 4.22395 2 0 -1 0 0 0 1 0 0 0 0 0 0 
24.51180 8.28794 6 0 0 0 0 0 0 -1 -1 0 1 0 0 
32.83174 4.41621 2 0 -1 0 0 0 1 0 0 0 0 0 0 
33.56777 5.88828 3 0 0 -1 0 0 0 1 0 0 0 0 0 
38.46400 3.55217 1 -1 0 0 0 1 0 0 0 0 0 0 0 
35.07184 9.12043 6 0 0 0 0 0 0 -1 -1 0 1 0 0 
36.19189 9.53645 5 0 0 0 0 -1 -1 0 0 1 0 0 0 
44.96031 4.92823 2 0 -1 0 0 0 1 0 0 0 0 0 0 
51.36061 3.93618 2 0 -1 0 0 0 1 0 0 0 0 0 0 
51.20060 9.08842 5 0 0 0 0 -1 -1 0 0 1 0 0 0 
59.80900 10.11177 5 0 0 0 0 -1 -1 0 0 1 0 0 0 
82.62385 10.91121 6 0 0 0 0 0 0 -1 -1 0 1 0 0 
92.09515 6.27155 7 0 0 0 0 0 0 0 0 -1 -1 1 0 
104.28628 7.45546 7 0 0 0 0 0 0 0 0 -1 -1 1 0 
105.31020 7.87143 7 0 0 0 0 0 0 0 0 -1 -1 1 0 
130.62038 2.01585 2 0 -1 0 0 0 1 0 0 0 0 0 0 
158.90633 7.87143 8 0 0 0 0 0 -1 0 0 0 0 -1 1 
220.78984 9.15134 8 0 0 0 0 0 -1 0 0 0 0 -1 1 
340.82156 7.39499 8 0 0 0 0 0 -1 0 0 0 0 -1 1 
