0.09600 3.04000 2 0 -1 0 0 0 1 0 0 0 0 0 0 
0.92800 5.47201 2 0 -1 0 0 0 1 0 0 0 0 0 0 
1.34400 5.15201 2 0 -1 0 0 0 1 0 0 0 0 0 0 
1.69600 5.05601 2 0 -1 0 0 0 1 0 0 0 0 0 0 
2.84800 4.16001 4 0 0 0 -1 0 0 0 1 0 0 0 0 
5.31200 4.09599 2 0 -1 0 0 0 1 0 0 0 0 0 0 
7.04001 4.67195 1 -1 0 0 0 1 0 0 0 0 0 0 0 
8.38401 5.40793 3 0 0 -1 0 0 0 1 0 0 0 0 0 
11.80796 4.28795 3 0 0 -1 0 0 0 1 0 0 0 0 0 
15.61591 5.08794 1 -1 0 0 0 1 0 0 0 0 0 0 0 
11.74396 11.00786 5 0 0 0 0 -1 -1 0 0 1 0 0 0 
33.69578 4.22420 1 -1 0 0 0 1 0 0 0 0 0 0 0 
34.97584 4.19220 2 0 -1 0 0 0 1 0 0 0 0 0 0 
42.52819 4.03219 4 0 0 0 -1 0 0 0 1 0 0 0 0 
49.92054 9.98447 5 0 0 0 0 -1 -1 0 0 1 0 0 0 
88.95939 10.62323 6 0 0 0 0 0 0 -1 -1 0 1 0 0 
126.26868 6.01557 4 0 0 0 -1 0 0 0 1 0 0 0 0 
213.94234 9.91928 7 0 0 0 0 0 0 0 0 -1 -1 1 0 
226.83740 8.70337 5 0 0 0 0 -1 -1 0 0 1 0 0 0 
263.73441 4.22571 3 0 0 -1 0 0 0 1 0 0 0 0 0 
319.11679 10.98044 8 0 0 0 0 0 -1 0 0 0 0 -1 1 
356.57193 6.97882 6 0 0 0 0 0 0 -1 -1 0 1 0 0 
424.50339 6.62668 6 0 0 0 0 0 0 -1 -1 0 1 0 0 
434.10727 8.83557 7 0 0 0 0 0 0 0 0 -1 -1 1 0 
435.70792 8.13129 7 0 0 0 0 0 0 0 0 -1 -1 1 0 
456.35626 11.49265 8 0 0 0 0 0 -1 0 0 0 0 -1 1 
504.69580 10.78503 8 0 0 0 0 0 -1 0 0 0 0 -1 1 
