0.09600 3.42400 2 0 -1 0 0 0 1 0 0 0 0 0 0 
0.09600 5.02400 2 0 -1 0 0 0 1 0 0 0 0 0 0 
1.92000 5.12001 1 -1 0 0 0 1 0 0 0 0 0 0 0 
8.28801 5.24793 1 -1 0 0 0 1 0 0 0 0 0 0 0 
9.05600 5.21593 4 0 0 0 -1 0 0 0 1 0 0 0 0 
14.20793 1.91998 4 0 0 0 -1 0 0 0 1 0 0 0 0 
10.62398 5.59993 2 0 -1 0 0 0 1 0 0 0 0 0 0 
12.35195 4.15995 2 0 -1 0 0 0 1 0 0 0 0 0 0 
13.05595 4.41594 3 0 0 -1 0 0 0 1 0 0 0 0 0 
10.30398 7.67990 5 0 0 0 0 -1 -1 0 0 1 0 0 0 
16.63990 4.95994 4 0 0 0 -1 0 0 0 1 0 0 0 0 
35.74388 8.83241 6 0 0 0 0 0 0 -1 -1 0 1 0 0 
42.36819 5.18424 2 0 -1 0 0 0 1 0 0 0 0 0 0 
49.18451 4.54421 1 -1 0 0 0 1 0 0 0 0 0 0 0 
53.15269 4.60822 3 0 0 -1 0 0 0 1 0 0 0 0 0 
56.16083 9.85622 5 0 0 0 0 -1 -1 0 0 1 0 0 0 
103.16636 3.55174 3 0 0 -1 0 0 0 1 0 0 0 0 0 
111.74174 5.47160 2 0 -1 0 0 0 1 0 0 0 0 0 0 
117.27734 4.22369 5 0 0 0 0 -1 -1 0 0 1 0 0 0 
121.08506 9.88729 6 0 0 0 0 0 0 -1 -1 0 1 0 0 
131.03635 9.47131 7 0 0 0 0 0 0 0 0 -1 -1 1 0 
141.88356 7.90343 8 0 0 0 0 0 -1 0 0 0 0 -1 1 
141.43559 11.45517 6 0 0 0 0 0 0 -1 -1 0 1 0 0 
158.90633 6.78351 7 0 0 0 0 0 0 0 0 -1 -1 1 0 
222.93369 7.90343 7 0 0 0 0 0 0 0 0 -1 -1 1 0 
308.45648 8.38739 8 0 0 0 0 0 -1 0 0 0 0 -1 1 
606.72668 8.15552 8 0 0 0 0 0 -1 0 0 0 0 -1 1 
