0.09600 3.07200 1 -1 0 0 0 1 0 0 0 0 0 0 0 
0.09600 4.60800 4 0 0 0 -1 0 0 0 1 0 0 0 0 
0.09600 4.99200 2 0 -1 0 0 0 1 0 0 0 0 0 0 
0.09600 5.37601 2 0 -1 0 0 0 1 0 0 0 0 0 0 
1.47200 5.63201 4 0 0 0 -1 0 0 0 1 0 0 0 0 
6.08001 6.04795 2 0 -1 0 0 0 1 0 0 0 0 0 0 
7.71201 5.85593 3 0 0 -1 0 0 0 1 0 0 0 0 0 
9.56799 7.99990 5 0 0 0 0 -1 -1 0 0 1 0 0 0 
22.97582 4.79994 2 0 -1 0 0 0 1 0 0 0 0 0 0 
28.70374 5.28005 3 0 0 -1 0 0 0 1 0 0 0 0 0 
45.15231 3.77618 1 -1 0 0 0 1 0 0 0 0 0 0 0 
41.34414 7.87237 6 0 0 0 0 0 0 -1 -1 0 1 0 0 
57.63290 5.24825 2 0 -1 0 0 0 1 0 0 0 0 0 0 
57.31288 8.28820 7 0 0 0 0 0 0 0 0 -1 -1 1 0 
86.23959 7.45546 5 0 0 0 0 -1 -1 0 0 1 0 0 0 
91.58320 5.47160 2 0 -1 0 0 0 1 0 0 0 0 0 0 
105.69418 7.87143 8 0 0 0 0 0 -1 0 0 0 0 -1 1 
115.74144 8.19141 6 0 0 0 0 0 0 -1 -1 0 1 0 0 
123.96485 9.05535 7 0 0 0 0 0 0 0 0 -1 -1 1 0 
139.06776 4.89565 3 0 0 -1 0 0 0 1 0 0 0 0 0 
137.49988 8.76736 8 0 0 0 0 0 -1 0 0 0 0 -1 1 
146.29924 4.95964 4 0 0 0 -1 0 0 0 1 0 0 0 0 
211.99048 3.80772 1 -1 0 0 0 1 0 0 0 0 0 0 0 
254.19542 10.88353 6 0 0 0 0 0 0 -1 -1 0 1 0 0 
275.73926 9.60388 5 0 0 0 0 -1 -1 0 0 1 0 0 0 
373.41074 9.09167 7 0 0 0 0 0 0 0 0 -1 -1 1 0 
396.90823 9.57187 8 0 0 0 0 0 -1 0 0 0 0 -1 1 
