0.09600 3.77600 1 -1 0 0 0 1 0 0 0 0 0 0 0 
0.09600 5.69601 2 0 -1 0 0 0 1 0 0 0 0 0 0 
5.56800 4.44798 1 -1 0 0 0 1 0 0 0 0 0 0 0 
5.21600 5.05598 2 0 -1 0 0 0 1 0 0 0 0 0 0 
11.74396 5.56793 2 0 -1 0 0 0 1 0 0 0 0 0 0 
13.37594 5.79193 1 -1 0 0 0 1 0 0 0 0 0 0 0 
17.95189 4.41594 2 0 -1 0 0 0 1 0 0 0 0 0 0 
21.88783 3.77595 3 0 0 -1 0 0 0 1 0 0 0 0 0 
21.59984 4.31994 2 0 -1 0 0 0 1 0 0 0 0 0 0 
23.13582 4.54394 4 0 0 0 -1 0 0 0 1 0 0 0 0 
30.23973 5.98417 4 0 0 0 -1 0 0 0 1 0 0 0 0 
28.54374 8.83221 5 0 0 0 0 -1 -1 0 0 1 0 0 0 
46.72039 7.71236 5 0 0 0 0 -1 -1 0 0 1 0 0 0 
54.52876 6.84832 6 0 0 0 0 0 0 -1 -1 0 1 0 0 
49.72853 12.16057 5 0 0 0 0 -1 -1 0 0 1 0 0 0 
59.93701 4.83213 3 0 0 -1 0 0 0 1 0 0 0 0 0 
61.92110 6.49578 3 0 0 -1 0 0 0 1 0 0 0 0 0 
63.58518 5.31166 2 0 -1 0 0 0 1 0 0 0 0 0 0 
77.50423 8.76736 6 0 0 0 0 0 0 -1 -1 0 1 0 0 
79.90405 8.51138 7 0 0 0 0 0 0 0 0 -1 -1 1 0 
91.48720 9.31133 8 0 0 0 0 0 -1 0 0 0 0 -1 1 
122.97292 9.72730 7 0 0 0 0 0 0 0 0 -1 -1 1 0 
144.98734 3.87172 4 0 0 0 -1 0 0 0 1 0 0 0 0 
155.32259 7.32747 6 0 0 0 0 0 0 -1 -1 0 1 0 0 
177.33699 10.14326 8 0 0 0 0 0 -1 0 0 0 0 -1 1 
360.34946 10.08408 7 0 0 0 0 0 0 0 0 -1 -1 1 0 
680.25427 11.70557 8 0 0 0 0 0 -1 0 0 0 0 -1 1 
