0.09600 4.22400 4 0 0 0 -1 0 0 0 1 0 0 0 0 
0.09600 6.08001 4 0 0 0 -1 0 0 0 1 0 0 0 0 
0.09600 6.30401 2 0 -1 0 0 0 1 0 0 0 0 0 0 
0.09600 6.49601 4 0 0 0 -1 0 0 0 1 0 0 0 0 
4.09600 4.86400 2 0 -1 0 0 0 1 0 0 0 0 0 0 
6.81601 4.25596 2 0 -1 0 0 0 1 0 0 0 0 0 0 
6.46401 5.63195 3 0 0 -1 0 0 0 1 0 0 0 0 0 
14.59192 4.86394 1 -1 0 0 0 1 0 0 0 0 0 0 0 
15.51992 8.25589 6 0 0 0 0 0 0 -1 -1 0 1 0 0 
24.12780 5.69593 2 0 -1 0 0 0 1 0 0 0 0 0 0 
40.09608 4.19220 1 -1 0 0 0 1 0 0 0 0 0 0 0 
43.13622 4.00019 3 0 0 -1 0 0 0 1 0 0 0 0 0 
48.09645 5.24825 3 0 0 -1 0 0 0 1 0 0 0 0 0 
68.32089 10.43124 5 0 0 0 0 -1 -1 0 0 1 0 0 0 
100.63854 4.09570 2 0 -1 0 0 0 1 0 0 0 0 0 0 
161.81812 10.39925 6 0 0 0 0 0 0 -1 -1 0 1 0 0 
194.13577 4.06371 2 0 -1 0 0 0 1 0 0 0 0 0 0 
196.40761 7.90343 7 0 0 0 0 0 0 0 0 -1 -1 1 0 
223.12567 9.66330 6 0 0 0 0 0 0 -1 -1 0 1 0 0 
224.27759 10.36725 8 0 0 0 0 0 -1 0 0 0 0 -1 1 
242.00430 7.29547 5 0 0 0 0 -1 -1 0 0 1 0 0 0 
269.46472 9.31577 7 0 0 0 0 0 0 0 0 -1 -1 1 0 
282.87814 5.02603 1 -1 0 0 0 1 0 0 0 0 0 0 0 
384.26312 9.44382 8 0 0 0 0 0 -1 0 0 0 0 -1 1 
664.90271 6.58838 5 0 0 0 0 -1 -1 0 0 1 0 0 0 
1190.72571 7.48389 7 0 0 0 0 0 0 0 0 -1 -1 1 0 
