0 60 120 60 60 0 0 0 0 0 0
0.00508412 59 119 60 60 1 0 0 0 0 0
0.010972 58 118 60 60 2 0 0 0 0 0
0.0198488 58 118 59 59 2 1 0 0 0 0
0.0249489 57 117 59 59 3 1 0 0 0 0
0.0601971 56 116 59 59 4 1 0 0 0 0
0.0971371 56 116 58 58 4 2 0 0 0 0
0.102142 56 116 57 57 4 3 0 0 0 0
0.115687 55 115 57 57 5 3 0 0 0 0
0.136227 54 114 57 57 6 3 0 0 0 0
0.147474 53 113 57 57 7 3 0 0 0 0
0.171351 53 113 56 56 7 4 0 0 0 0
0.188045 53 113 55 55 7 5 0 0 0 0
0.192031 52 112 55 55 8 5 0 0 0 0
0.197675 51 111 55 55 9 5 0 0 0 0
0.205731 51 110 55 55 8 5 0 1 0 0
0.2146 50 109 55 55 9 5 0 1 0 0
0.225202 49 108 55 55 10 5 0 1 0 0
0.238056 49 107 55 55 9 5 0 2 0 0
0.240107 48 106 55 55 10 5 0 2 0 0
0.249972 48 105 55 55 9 5 0 3 0 0
0.263154 48 105 54 54 9 6 0 3 0 0
0.269228 47 104 54 54 10 6 0 3 0 0
0.290315 46 103 54 54 11 6 0 3 0 0
0.303289 45 102 54 54 12 6 0 3 0 0
0.318277 45 102 54 54 11 5 1 3 0 0
0.322015 45 102 53 53 11 6 1 3 0 0
0.328317 44 101 53 53 12 6 1 3 0 0
0.34799 43 100 53 53 13 6 1 3 0 0
0.364834 43 99 53 53 12 6 1 4 0 0
0.374727 43 98 53 53 11 6 1 5 0 0
0.376885 42 97 53 53 12 6 1 5 0 0
0.40849 41 96 53 53 13 6 1 5 0 0
0.431553 41 96 52 52 13 7 1 5 0 0
0.44997 40 95 52 52 14 7 1 5 0 0
0.457245 40 94 52 52 13 7 1 6 0 0
0.505343 39 93 52 52 14 7 1 6 0 0
0.520077 39 93 51 51 14 8 1 6 0 0
0.550592 39 93 50 50 14 9 1 6 0 0
0.555197 39 93 49 49 14 10 1 6 0 0
0.588172 38 92 49 49 15 10 1 6 0 0
0.601362 38 91 49 49 14 10 1 7 0 0
0.607532 37 90 49 49 15 10 1 7 0 0
0.668594 36 89 49 49 16 10 1 7 0 0
0.678792 35 88 49 49 17 10 1 7 0 0
0.679319 34 87 49 49 18 10 1 7 0 0
0.70195 34 86 49 49 17 10 1 8 0 0
0.731823 34 86 48 48 17 11 1 8 0 0
0.762592 34 86 47 47 17 12 1 8 0 0
0.834521 34 86 46 46 17 13 1 8 0 0
0.844842 34 86 45 45 17 14 1 8 0 0
0.863071 34 86 44 44 17 15 1 8 0 0
0.868768 34 85 44 44 16 15 1 9 0 0
0.887903 34 84 44 44 15 15 1 10 0 0
0.90136 33 83 44 44 16 15 1 10 0 0
0.914041 33 83 43 43 16 16 1 10 0 0
0.937767 32 82 43 43 17 16 1 10 0 0
0.947249 31 81 43 43 18 16 1 10 0 0
0.982499 31 81 42 42 18 17 1 10 0 0
1.04321 31 80 42 42 17 17 1 11 0 0
1.10109 30 79 42 42 18 17 1 11 0 0
1.10309 29 78 42 42 19 17 1 11 0 0
1.10578 28 77 42 42 20 17 1 11 0 0
1.10964 27 76 42 42 21 17 1 11 0 0
1.12127 27 75 42 42 20 17 1 12 0 0
1.13142 26 74 42 42 21 17 1 12 0 0
1.14541 25 73 42 42 22 17 1 12 0 0
1.14874 24 72 42 42 23 17 1 12 0 0
1.15119 23 71 42 42 24 17 1 12 0 0
1.18461 23 71 41 41 24 18 1 12 0 0
1.20434 23 70 41 41 23 18 1 13 0 0
1.25492 23 69 41 41 22 18 1 14 0 0
1.25905 23 68 41 41 21 18 1 15 0 0
1.26366 22 67 41 41 22 18 1 15 0 0
1.28353 22 66 41 41 21 18 1 16 0 0
1.28824 22 66 40 40 21 19 1 16 0 0
1.28988 22 65 40 40 20 19 1 17 0 0
1.29181 22 64 40 40 19 19 1 18 0 0
1.29513 22 63 40 40 18 19 1 19 0 0
1.29718 22 63 39 39 18 20 1 19 0 0
1.30947 22 63 38 38 18 21 1 19 0 0
1.31974 21 62 38 38 19 21 1 19 0 0
1.3326 21 62 37 37 19 22 1 19 0 0
1.35161 21 62 36 36 19 23 1 19 0 0
1.35662 21 61 36 36 18 23 1 20 0 0
1.35713 21 61 35 35 18 24 1 20 0 0
1.37338 20 60 35 35 19 24 1 20 0 0
1.45213 20 60 34 34 19 25 1 20 0 0
1.45547 20 60 34 34 19 24 1 19 0 1
1.47781 20 60 33 33 19 25 1 19 0 1
1.48417 20 60 32 32 19 26 1 19 0 1
1.48711 20 59 32 32 18 26 1 20 0 1
1.56801 20 58 32 32 17 26 1 21 0 1
1.58549 20 58 32 32 17 25 1 20 0 2
1.60141 20 58 31 31 17 26 1 20 0 2
1.62718 19 57 31 31 18 26 1 20 0 2
1.70472 18 56 31 31 19 26 1 20 0 2
1.72948 18 55 31 31 18 26 1 21 0 2
1.73996 17 54 31 31 19 26 1 21 0 2
1.78292 17 54 31 31 18 25 2 21 0 2
1.79152 17 54 30 30 18 26 2 21 0 2
1.79624 17 54 29 29 18 27 2 21 0 2
1.82981 17 54 29 29 18 26 2 20 0 3
1.83762 17 54 28 28 18 27 2 20 0 3
1.84289 17 54 27 27 18 28 2 20 0 3
1.85854 17 53 27 27 17 28 2 21 0 3
1.87628 17 53 27 27 16 27 3 21 0 3
1.90746 17 52 27 27 15 27 3 22 0 3
1.94243 16 51 27 27 16 27 3 22 0 3
1.95783 15 50 27 27 17 27 3 22 0 3
1.98145 14 49 27 27 18 27 3 22 0 3
2.02862 14 48 27 27 17 27 3 23 0 3
2.07624 14 48 27 27 17 26 3 22 0 4
2.11458 13 47 27 27 18 26 3 22 0 4
2.12428 13 46 27 27 17 26 3 23 0 4
2.14385 13 45 27 27 16 26 3 24 0 4
2.14573 13 45 27 27 15 25 4 24 0 4
2.14828 13 45 26 26 15 26 4 24 0 4
2.18285 13 44 26 26 14 26 4 25 0 4
2.20318 13 44 25 25 14 27 4 25 0 4
2.34234 13 44 24 24 14 28 4 25 0 4
2.61617 13 43 24 24 13 28 4 26 0 4
2.6236 13 43 24 24 12 27 5 26 0 4
2.67007 13 43 23 23 12 28 5 26 0 4
2.70551 12 42 23 23 13 28 5 26 0 4
2.76476 11 41 23 23 14 28 5 26 0 4
2.84483 11 40 23 23 13 28 5 27 0 4
2.86448 11 39 23 23 13 28 4 27 1 4
2.91371 10 38 23 23 14 28 4 27 1 4
2.94488 10 38 22 22 14 29 4 27 1 4
2.95979 10 38 21 21 14 30 4 27 1 4
2.97522 10 38 21 21 14 29 4 26 1 5
2.99618 10 38 21 21 14 28 4 25 1 6
3.15797 9 37 21 21 15 28 4 25 1 6
3.2027 9 37 21 21 15 27 4 24 1 7
3.24724 9 36 21 21 15 27 3 24 2 7
3.24905 9 36 21 21 14 26 4 24 2 7
3.36067 9 36 21 21 14 25 4 23 2 8
3.36796 9 35 21 21 14 25 3 23 3 8
3.52142 9 35 21 21 13 24 4 23 3 8
3.55725 9 35 21 21 12 23 5 23 3 8
3.61924 9 35 21 21 12 22 5 22 3 9
3.62272 8 34 21 21 13 22 5 22 3 9
3.7176 8 34 20 20 13 23 5 22 3 9
3.86989 8 34 20 20 13 22 5 21 3 10
3.91909 8 34 20 20 13 21 5 20 3 11
3.92456 8 34 19 19 13 22 5 20 3 11
3.96761 8 33 19 19 12 22 5 21 3 11
3.97612 8 32 19 19 11 22 5 22 3 11
4.00152 8 32 18 18 11 23 5 22 3 11
4.09907 8 32 17 17 11 24 5 22 3 11
4.11677 8 32 16 16 11 25 5 22 3 11
4.15623 8 32 16 16 11 24 5 21 3 12
4.38693 8 31 16 16 11 24 4 21 4 12
4.45139 7 30 16 16 12 24 4 21 4 12
4.46722 7 31 16 16 13 24 4 20 4 12
4.52184 7 31 15 15 13 25 4 20 4 12
4.54562 7 30 15 15 13 25 3 20 5 12
4.6616 8 31 15 15 12 25 3 20 5 12
4.68408 8 31 15 15 11 24 4 20 5 12
4.71015 8 31 14 14 11 25 4 20 5 12
4.85932 8 31 14 14 11 24 4 19 5 13
4.92775 8 31 14 14 11 23 4 18 5 14
5.0525 8 31 14 14 10 22 5 18 5 14
5.16849 8 31 14 14 10 21 5 17 5 15
5.2099 8 30 14 14 9 21 5 18 5 15
5.45465 8 29 14 14 9 21 4 18 6 15
5.48237 8 28 14 14 8 21 4 19 6 15
5.59052 8 28 14 14 8 20 4 18 6 16
5.81554 8 28 14 14 8 19 4 17 6 17
5.82491 8 28 14 14 8 18 4 16 6 18
5.85588 8 28 14 14 7 17 5 16 6 18
6.10586 8 27 14 14 7 17 4 16 7 18
6.1282 8 27 13 13 7 18 4 16 7 18
6.22539 8 26 13 13 6 18 4 17 7 18
6.27835 7 25 13 13 7 18 4 17 7 18
6.30606 7 25 13 13 7 17 4 16 7 19
6.33423 7 25 12 12 7 18 4 16 7 19
6.4263 6 24 12 12 8 18 4 16 7 19
6.50265 6 24 12 12 8 17 4 15 7 20
6.50789 6 24 11 11 8 18 4 15 7 20
6.6809 5 23 11 11 9 18 4 15 7 20
6.75015 4 22 11 11 10 18 4 15 7 20
6.80095 4 22 12 12 10 17 4 15 7 20
6.82831 4 22 12 12 10 16 4 14 7 21
6.87887 4 22 12 12 10 15 4 13 7 22
6.92672 4 21 12 12 10 15 3 13 8 22
7.23753 4 21 12 12 10 14 3 12 8 23
7.24878 4 21 12 12 10 15 3 13 8 22
7.52525 4 21 12 12 9 14 4 13 8 22
7.6253 4 21 12 12 9 13 4 12 8 23
7.72956 4 21 12 12 8 12 5 12 8 23
7.81398 4 21 12 12 7 11 6 12 8 23
7.9173 3 20 12 12 8 11 6 12 8 23
8.09905 3 20 11 11 8 12 6 12 8 23
8.12964 3 20 11 11 7 11 7 12 8 23
8.36156 3 20 10 10 7 12 7 12 8 23
8.55478 4 21 10 10 6 12 7 12 8 23
8.92515 3 20 10 10 7 12 7 12 8 23
8.9646 3 20 10 10 7 13 7 13 8 22
8.99779 3 19 10 10 6 13 7 14 8 22
9.06981 3 18 10 10 5 13 7 15 8 22
9.07916 3 18 10 10 5 12 7 14 8 23
9.27732 4 19 10 10 4 12 7 14 8 23
9.33259 4 18 10 10 3 12 7 15 8 23
9.62205 4 18 10 10 2 11 8 15 8 23
9.85696 4 18 10 10 2 10 8 14 8 24
9.96941 4 18 10 10 2 11 8 15 8 23
10.4523 4 18 9 9 2 12 8 15 8 23
11.1285 4 17 9 9 2 12 7 15 9 23
11.4269 4 17 10 10 2 11 7 15 9 23
11.4809 4 16 10 10 1 11 7 16 9 23
12.892 4 16 9 9 1 12 7 16 9 23
13.0897 4 16 8 8 1 13 7 16 9 23
13.5028 4 15 8 8 1 13 6 16 10 23
14.1301 3 14 8 8 2 13 6 16 10 23
14.2012 3 14 8 8 2 12 6 15 10 24
14.3577 3 14 8 8 2 11 6 14 10 25
14.519 3 14 8 8 2 12 6 15 10 24
14.6603 3 13 8 8 2 12 5 15 11 24
14.8723 3 13 9 9 2 11 5 15 11 24
15.0087 3 13 9 9 2 10 5 14 11 25
15.149 3 13 8 8 2 11 5 14 11 25
15.227 3 13 8 8 2 10 5 13 11 26
15.5173 3 13 9 9 2 9 5 13 11 26
16.0137 3 13 9 9 2 8 5 12 11 27
16.1309 2 12 9 9 3 8 5 12 11 27
16.6092 2 12 9 9 3 7 5 11 11 28
17.2905 2 12 9 9 3 6 5 10 11 29
17.3533 2 12 9 9 2 5 6 10 11 29
17.3768 2 12 9 9 2 6 6 11 11 28
17.7818 2 12 9 9 2 5 6 10 11 29
17.9269 2 12 9 9 2 6 6 11 11 28
18.2696 2 12 8 8 2 7 6 11 11 28
18.334 1 11 8 8 3 7 6 11 11 28
18.5332 1 10 8 8 3 7 5 11 12 28
18.6007 1 10 7 7 3 8 5 11 12 28
19.4121 1 10 7 7 3 7 5 10 12 29
19.7617 1 10 7 7 3 8 5 11 12 28
20.3879 1 10 7 7 3 9 5 12 12 27
20.5079 1 9 7 7 2 9 5 13 12 27
20.7551 1 9 7 7 2 8 5 12 12 28
21.113 1 10 7 7 2 8 6 12 11 28
21.8838 1 10 7 7 2 7 6 11 11 29
22.2066 0 9 7 7 3 7 6 11 11 29
22.24 0 8 7 7 2 7 6 12 11 29
22.2703 0 7 7 7 2 7 5 12 12 29
23.2966 0 7 7 7 2 6 5 11 12 30
24.1947 0 7 7 7 2 5 5 10 12 31
24.2518 0 7 6 6 2 6 5 10 12 31
24.6091 0 7 6 6 2 5 5 9 12 32
25.2553 0 6 6 6 1 5 5 10 12 32
25.4668 0 6 6 6 1 4 5 9 12 33
25.5711 0 6 5 5 1 5 5 9 12 33
26.2113 0 6 4 4 1 6 5 9 12 33
28.5233 0 5 4 4 1 6 4 9 13 33
29.0154 0 5 5 5 1 5 4 9 13 33
29.4268 0 5 5 5 1 6 4 10 13 32
30.1145 0 5 5 5 1 7 4 11 13 31
30.494 0 5 5 5 1 8 4 12 13 30
30.6711 0 5 5 5 1 7 4 11 13 31
31.4898 0 5 5 5 2 8 3 11 13 31
31.6549 0 5 5 5 2 7 3 10 13 32
32.3937 0 5 5 5 2 8 3 11 13 31
32.4362 0 4 5 5 2 8 2 11 14 31
32.4583 0 4 5 5 2 7 2 10 14 32
32.6757 0 4 5 5 2 6 2 9 14 33
32.7938 0 4 5 5 2 5 2 8 14 34
32.9628 0 4 5 5 2 6 2 9 14 33
33.3078 0 3 5 5 2 6 1 9 15 33
33.4798 0 4 5 5 3 6 1 8 15 33
34.2385 0 4 5 5 3 5 1 7 15 34
35.3842 0 4 5 5 3 6 1 8 15 33
36.3422 0 4 6 6 3 5 1 8 15 33
36.6439 0 4 6 6 3 6 1 9 15 32
37.1722 0 4 6 6 3 5 1 8 15 33
38.0813 0 4 6 6 3 6 1 9 15 32
39.8985 0 4 5 5 3 7 1 9 15 32
41.3043 0 4 5 5 3 6 1 8 15 33
41.3286 0 4 4 4 3 7 1 8 15 33
41.7105 0 4 4 4 3 8 1 9 15 32
42.1451 0 4 4 4 3 7 1 8 15 33
43.141 0 4 4 4 3 6 1 7 15 34
43.3745 0 4 3 3 3 7 1 7 15 34
45.4209 0 4 3 3 3 6 1 6 15 35
46.5423 0 4 3 3 3 7 1 7 15 34
49.7624 0 5 3 3 4 7 1 6 15 34
51.0465 0 4 3 3 3 7 1 7 15 34
51.5176 0 4 3 3 3 6 1 6 15 35
51.6533 0 3 3 3 2 6 1 7 15 35
52.8777 0 3 3 3 2 5 1 6 15 36
53.3856 0 4 3 3 3 5 1 5 15 36
56.8671 0 4 3 3 3 6 1 6 15 35
57.3459 0 4 3 3 2 5 2 6 15 35
60.7068 0 5 3 3 3 5 2 5 15 35
62.189 0 5 3 3 3 6 2 6 15 34
62.8086 0 5 3 3 3 7 2 7 15 33
62.8769 0 5 3 3 3 8 2 8 15 32
64.8536 0 5 4 4 3 7 2 8 15 32
65.0406 0 5 4 4 2 6 3 8 15 32
68.3754 0 5 3 3 2 7 3 8 15 32
68.3885 0 5 2 2 2 8 3 8 15 32
68.7111 0 4 2 2 2 8 2 8 16 32
69.6774 0 3 2 2 1 8 2 9 16 32
70.086 0 3 2 2 1 7 2 8 16 33
70.9367 0 3 2 2 1 8 2 9 16 32
71.597 0 3 2 2 1 9 2 10 16 31
72.29 0 3 2 2 1 8 2 9 16 32
72.6599 0 3 2 2 1 9 2 10 16 31
73.0273 0 4 2 2 2 9 2 9 16 31
73.5393 0 4 2 2 2 10 2 10 16 30
74.3635 0 4 2 2 2 11 2 11 16 29
74.7789 0 4 2 2 2 10 2 10 16 30
75.0509 0 4 2 2 2 9 2 9 16 31
75.1832 0 4 2 2 2 8 2 8 16 32
75.5153 0 4 2 2 2 9 2 9 16 31
76.094 0 4 3 3 2 8 2 9 16 31
76.199 0 4 3 3 1 7 3 9 16 31
76.3938 0 3 3 3 1 7 2 9 17 31
77.5673 0 3 3 3 1 6 2 8 17 32
78.7773 0 4 3 3 2 6 2 7 17 32
80.1366 0 4 3 3 2 7 2 8 17 31
80.5688 0 4 4 4 2 6 2 8 17 31
82.1436 0 3 4 4 2 6 1 8 18 31
82.6998 0 3 4 4 2 7 1 9 18 30
82.8267 0 3 4 4 2 8 1 10 18 29
83.289 0 3 4 4 1 7 2 10 18 29
83.3565 0 3 4 4 1 8 2 11 18 28
84.2419 0 3 4 4 1 7 2 10 18 29
84.7693 0 3 4 4 0 6 3 10 18 29
84.8076 0 2 4 4 0 6 2 10 19 29
84.8712 0 2 4 4 0 5 2 9 19 30
85.133 0 2 4 4 0 6 2 10 19 29
85.853 0 2 5 5 0 5 2 10 19 29
85.9204 0 2 5 5 0 6 2 11 19 28
85.9923 0 2 5 5 0 5 2 10 19 29
87.1048 0 2 4 4 0 6 2 10 19 29
87.2178 0 2 4 4 0 7 2 11 19 28
87.4982 0 2 3 3 0 8 2 11 19 28
89.6406 0 2 3 3 0 7 2 10 19 29
89.8863 0 2 3 3 0 8 2 11 19 28
91.1228 0 2 3 3 0 7 2 10 19 29
95.0602 0 2 3 3 0 6 2 9 19 30
96.4486 0 2 3 3 0 5 2 8 19 31
96.8792 0 2 3 3 0 6 2 9 19 30
97.806 0 2 3 3 0 7 2 10 19 29
97.9195 0 2 3 3 0 6 2 9 19 30
102.915 0 2 3 3 0 7 2 10 19 29
104.871 0 2 3 3 0 6 2 9 19 30
106.481 0 2 2 2 0 7 2 9 19 30
108.404 0 2 2 2 0 6 2 8 19 31
109.977 0 2 2 2 0 5 2 7 19 32
111.712 0 2 2 2 0 4 2 6 19 33
113.365 0 2 2 2 0 5 2 7 19 32
115.836 0 2 2 2 0 4 2 6 19 33
118.37 0 2 2 2 0 5 2 7 19 32
120.005 0 2 2 2 0 4 2 6 19 33
122.666 0 2 2 2 0 3 2 5 19 34
123.791 0 3 2 2 1 3 2 4 19 34
124.624 0 2 2 2 1 3 1 4 20 34
127.943 0 2 2 2 1 4 1 5 20 33
128.321 0 2 2 2 1 5 1 6 20 32
130.03 0 2 2 2 1 6 1 7 20 31
130.537 0 2 2 2 1 5 1 6 20 32
132.414 0 2 2 2 1 6 1 7 20 31
133.474 0 2 2 2 1 5 1 6 20 32
133.595 0 2 2 2 1 6 1 7 20 31
133.913 0 2 2 2 1 5 1 6 20 32
134.363 0 2 1 1 1 6 1 6 20 32
137.719 0 2 1 1 1 7 1 7 20 31
138.758 0 2 1 1 1 6 1 6 20 32
139.211 0 2 1 1 1 7 1 7 20 31
139.846 0 2 1 1 1 8 1 8 20 30
139.991 0 2 1 1 1 9 1 9 20 29
141.466 0 2 1 1 1 8 1 8 20 30
143.501 0 2 1 1 1 7 1 7 20 31
144.679 0 2 1 1 1 8 1 8 20 30
146.011 0 2 2 2 1 7 1 8 20 30
146.489 0 2 2 2 1 8 1 9 20 29
146.609 0 2 2 2 1 9 1 10 20 28
146.943 0 2 2 2 1 8 1 9 20 29
148.705 0 2 2 2 1 7 1 8 20 30
148.906 0 2 2 2 1 8 1 9 20 29
149.249 0 2 2 2 1 7 1 8 20 30
149.38 0 2 2 2 1 8 1 9 20 29
150.434 0 2 2 2 1 7 1 8 20 30
150.533 0 2 2 2 1 8 1 9 20 29
150.703 0 2 2 2 1 7 1 8 20 30
150.985 0 2 2 2 1 8 1 9 20 29
151.734 0 2 2 2 1 9 1 10 20 28
153.946 0 2 2 2 1 8 1 9 20 29
155.569 0 2 2 2 1 7 1 8 20 30
156.541 0 2 2 2 1 6 1 7 20 31
156.663 0 2 2 2 1 7 1 8 20 30
158.167 0 2 2 2 1 8 1 9 20 29
158.412 0 2 2 2 1 9 1 10 20 28
158.427 0 2 2 2 1 10 1 11 20 27
159.084 0 2 2 2 1 11 1 12 20 26
159.28 0 2 2 2 0 10 2 12 20 26
160.153 0 2 2 2 0 9 2 11 20 27
160.375 0 2 2 2 0 8 2 10 20 28
160.557 0 3 2 2 1 8 2 9 20 28
161.13 0 3 3 3 1 7 2 9 20 28
163.427 0 3 3 3 1 6 2 8 20 29
164.615 0 3 3 3 1 5 2 7 20 30
166.827 0 3 3 3 1 4 2 6 20 31
166.858 0 3 3 3 1 3 2 5 20 32
167.336 0 3 3 3 1 2 2 4 20 33
167.99 0 3 3 3 1 3 2 5 20 32
169.642 0 3 3 3 1 4 2 6 20 31
170.924 0 3 2 2 1 5 2 6 20 31
171.404 0 3 2 2 1 4 2 5 20 32
171.567 0 3 1 1 1 5 2 5 20 32
174.402 0 3 1 1 1 6 2 6 20 31
177.568 0 3 1 1 1 5 2 5 20 32
179.633 0 3 1 1 1 6 2 6 20 31
179.736 0 3 1 1 1 7 2 7 20 30
180.544 0 3 1 1 1 6 2 6 20 31
181.092 0 4 1 1 2 6 2 5 20 31
181.565 0 4 1 1 2 7 2 6 20 30
181.595 0 4 1 1 2 8 2 7 20 29
182.873 0 4 1 1 2 9 2 8 20 28
186.221 0 4 1 1 2 10 2 9 20 27
187.104 1 5 1 1 1 10 2 9 20 27
187.619 1 5 1 1 1 9 2 8 20 28
188.228 1 5 1 1 1 10 2 9 20 27
188.636 1 4 1 1 1 10 1 9 21 27
190.199 1 4 1 1 1 9 1 8 21 28
191.855 1 4 1 1 1 8 1 7 21 29
195.145 1 4 1 1 1 7 1 6 21 30
195.709 1 4 1 1 1 6 1 5 21 31
195.736 1 5 1 1 1 6 2 5 20 31
197.49 1 5 1 1 1 5 2 4 20 32
197.635 1 5 1 1 1 6 2 5 20 31
197.735 1 6 1 1 1 6 3 5 19 31
198.12 1 6 1 1 1 7 3 6 19 30
199.301 1 6 1 1 1 8 3 7 19 29
199.461 1 6 1 1 1 7 3 6 19 30
199.672 1 6 1 1 0 6 4 6 19 30
199.765 1 6 1 1 0 5 4 5 19 31
200.269 1 6 1 1 0 4 4 4 19 32
203.343 1 5 1 1 0 4 3 4 20 32
204.307 1 4 1 1 0 4 2 4 21 32
204.987 1 4 1 1 0 5 2 5 21 31
206.155 1 4 1 1 0 6 2 6 21 30
206.435 1 4 1 1 0 7 2 7 21 29
206.608 1 4 1 1 0 8 2 8 21 28
207.337 1 4 0 0 0 9 2 8 21 28
208.875 1 4 0 0 0 8 2 7 21 29
209.062 1 3 0 0 0 8 1 7 22 29
209.232 1 3 1 1 0 7 1 7 22 29
209.283 1 3 1 1 0 6 1 6 22 30
210.426 1 3 1 1 0 7 1 7 22 29
211.446 1 3 1 1 0 6 1 6 22 30
211.629 1 3 1 1 0 5 1 5 22 31
212.729 1 3 1 1 0 6 1 6 22 30
213.232 1 4 1 1 1 6 1 5 22 30
213.7 1 3 1 1 0 6 1 6 22 30
214.133 1 3 1 1 0 5 1 5 22 31
214.563 1 3 1 1 0 4 1 4 22 32
214.696 1 3 1 1 0 5 1 5 22 31
218.445 1 3 1 1 0 6 1 6 22 30
220.04 1 4 1 1 1 6 1 5 22 30
220.308 1 4 2 2 1 5 1 5 22 30
220.511 1 4 2 2 1 6 1 6 22 29
221.228 1 4 2 2 1 7 1 7 22 28
223.324 1 4 2 2 1 6 1 6 22 29
223.564 1 4 3 3 1 5 1 6 22 29
225.138 1 3 3 3 0 5 1 7 22 29
225.593 1 3 2 2 0 6 1 7 22 29
226.416 1 3 2 2 0 5 1 6 22 30
227.098 1 3 2 2 0 4 1 5 22 31
227.752 1 3 2 2 0 3 1 4 22 32
229.775 1 4 2 2 1 3 1 3 22 32
230.708 1 4 2 2 1 4 1 4 22 31
231.858 1 5 2 2 2 4 1 3 22 31
232.705 1 6 2 2 3 4 1 2 22 31
234.56 1 6 2 2 3 5 1 3 22 30
234.576 1 6 2 2 3 6 1 4 22 29
236.114 1 6 2 2 3 7 1 5 22 28
236.559 1 6 2 2 3 8 1 6 22 27
237.074 1 7 2 2 4 8 1 5 22 27
238.375 1 6 2 2 3 8 1 6 22 27
239.611 1 6 2 2 3 7 1 5 22 28
240.21 1 6 2 2 3 8 1 6 22 27
240.747 1 6 2 2 3 9 1 7 22 26
240.756 1 6 2 2 2 8 2 7 22 26
242.462 2 7 2 2 1 8 2 7 22 26
243.365 2 7 2 2 1 7 2 6 22 27
243.428 2 7 2 2 1 8 2 7 22 26
244.229 2 7 2 2 1 7 2 6 22 27
245.371 2 7 2 2 1 8 2 7 22 26
245.53 2 7 2 2 1 7 2 6 22 27
245.943 2 7 2 2 1 8 2 7 22 26
246.593 2 7 2 2 1 9 2 8 22 25
246.925 1 6 2 2 2 9 2 8 22 25
247.38 1 5 2 2 2 9 1 8 23 25
247.601 1 5 2 2 3 10 0 8 23 25
248.12 1 5 2 2 3 11 0 9 23 24
249.518 1 5 2 2 3 12 0 10 23 23
249.625 1 5 2 2 3 11 0 9 23 24
249.669 1 6 2 2 4 11 0 8 23 24
249.896 1 6 1 1 4 12 0 8 23 24
250.38 1 6 1 1 4 13 0 9 23 23
250.82 1 6 1 1 4 12 0 8 23 24
250.919 1 7 1 1 4 12 1 8 22 24
251.113 1 7 1 1 3 11 2 8 22 24
251.37 1 7 1 1 3 10 2 7 22 25
251.731 1 6 1 1 2 10 2 8 22 25
252.51 0 5 1 1 3 10 2 8 22 25
254.124 0 5 1 1 3 11 2 9 22 24
255.927 0 5 1 1 3 10 2 8 22 25
257.498 0 5 1 1 3 11 2 9 22 24
258.208 0 5 1 1 3 10 2 8 22 25
258.411 0 5 1 1 3 9 2 7 22 26
258.91 0 5 1 1 3 8 2 6 22 27
258.915 0 5 1 1 3 7 2 5 22 28
259.83 0 5 1 1 3 8 2 6 22 27
260.434 0 5 1 1 3 9 2 7 22 26
260.729 0 5 1 1 3 10 2 8 22 25
262.091 0 5 1 1 3 9 2 7 22 26
262.382 0 5 1 1 3 10 2 8 22 25
262.705 0 5 1 1 3 9 2 7 22 26
263.513 0 4 1 1 3 9 1 7 23 26
263.929 0 4 2 2 3 8 1 7 23 26
265.252 0 4 2 2 4 9 0 7 23 26
265.629 0 3 2 2 3 9 0 8 23 26
266.586 0 3 3 3 3 8 0 8 23 26
269.347 0 3 3 3 3 7 0 7 23 27
270.604 0 3 3 3 3 8 0 8 23 26
270.627 0 4 3 3 4 8 0 7 23 26
271.486 0 4 3 3 4 9 0 8 23 25
272.682 1 5 3 3 3 9 0 8 23 25
272.996 2 6 3 3 2 9 0 8 23 25
273.563 2 6 3 3 2 8 0 7 23 26
274.063 2 6 3 3 2 7 0 6 23 27
274.255 2 6 3 3 1 6 1 6 23 27
275.157 2 6 3 3 1 5 1 5 23 28
275.865 2 6 3 3 1 6 1 6 23 27
276.37 2 6 2 2 1 7 1 6 23 27
277.319 2 6 2 2 1 8 1 7 23 26
277.556 2 6 2 2 1 9 1 8 23 25
280.468 1 5 2 2 2 9 1 8 23 25
280.802 1 5 2 2 1 8 2 8 23 25
281.221 1 5 2 2 1 9 2 9 23 24
281.378 1 5 2 2 1 8 2 8 23 25
281.8 1 4 2 2 1 8 1 8 24 25
282.342 1 4 2 2 1 9 1 9 24 24
282.519 1 4 2 2 1 8 1 8 24 25
283.304 1 4 2 2 1 7 1 7 24 26
284.042 1 4 2 2 1 8 1 8 24 25
284.214 1 4 2 2 1 7 1 7 24 26
286.163 1 4 2 2 1 6 1 6 24 27
286.577 1 4 2 2 1 7 1 7 24 26
286.642 1 4 2 2 1 6 1 6 24 27
286.969 1 4 2 2 1 5 1 5 24 28
290.371 1 5 2 2 2 5 1 4 24 28
291.913 1 5 2 2 1 4 2 4 24 28
292.719 1 5 2 2 1 5 2 5 24 27
295.039 1 4 2 2 1 5 1 5 25 27
295.374 1 4 2 2 1 6 1 6 25 26
295.76 1 4 2 2 1 5 1 5 25 27
299.108 1 4 2 2 1 4 1 4 25 28
301.899 1 4 2 2 1 5 1 5 25 27
302.987 1 5 2 2 2 5 1 4 25 27
305.543 1 5 2 2 2 6 1 5 25 26
306.323 1 5 2 2 2 7 1 6 25 25
308.057 1 5 3 3 2 6 1 6 25 25
309.92 1 5 3 3 2 7 1 7 25 24
311.092 1 5 2 2 2 8 1 7 25 24
312.876 0 4 2 2 3 8 1 7 25 24
313.657 0 3 2 2 2 8 1 8 25 24
314.243 0 3 3 3 2 7 1 8 25 24
315.412 0 3 2 2 2 8 1 8 25 24
315.937 0 3 2 2 2 7 1 7 25 25
317.671 0 3 2 2 2 6 1 6 25 26
318.818 0 3 2 2 2 7 1 7 25 25
319.207 0 3 2 2 2 6 1 6 25 26
321.546 0 3 2 2 2 7 1 7 25 25
322.783 1 4 2 2 1 7 1 7 25 25
323.871 1 4 2 2 1 6 1 6 25 26
324.852 1 4 2 2 1 7 1 7 25 25
325.998 1 4 3 3 1 6 1 7 25 25
326.887 1 4 3 3 1 5 1 6 25 26
327.891 1 4 3 3 1 6 1 7 25 25
328.516 2 5 3 3 0 6 1 7 25 25
328.922 2 5 3 3 0 7 1 8 25 24
329.236 2 5 3 3 0 6 1 7 25 25
329.831 2 5 3 3 0 7 1 8 25 24
331.3 2 5 2 2 0 8 1 8 25 24
332.185 2 5 2 2 0 7 1 7 25 25
333.105 2 5 2 2 0 8 1 8 25 24
334.408 2 5 1 1 0 9 1 8 25 24
336.18 2 5 1 1 0 8 1 7 25 25
336.317 2 5 1 1 0 7 1 6 25 26
336.456 2 5 1 1 0 6 1 5 25 27
336.748 2 5 1 1 0 5 1 4 25 28
342.774 2 5 0 0 0 6 1 4 25 28
342.961 2 5 1 1 0 5 1 4 25 28
343.747 2 5 1 1 0 4 1 3 25 29
347.067 1 4 1 1 1 4 1 3 25 29
347.363 1 4 1 1 1 5 1 4 25 28
351.88 1 4 1 1 1 6 1 5 25 27
351.911 1 4 1 1 1 7 1 6 25 26
352.614 1 4 1 1 1 6 1 5 25 27
353.022 1 4 1 1 1 7 1 6 25 26
353.639 1 3 1 1 0 7 1 7 25 26
354.165 1 3 1 1 0 8 1 8 25 25
355.779 1 3 1 1 0 9 1 9 25 24
357.392 1 3 1 1 0 8 1 8 25 25
359.17 1 2 1 1 0 8 0 8 26 25
360.505 1 2 1 1 0 9 0 9 26 24
361.485 1 2 1 1 0 8 0 8 26 25
364.343 1 2 1 1 0 7 0 7 26 26
364.733 1 2 1 1 0 8 0 8 26 25
365.468 1 2 1 1 0 9 0 9 26 24
365.747 1 2 1 1 0 8 0 8 26 25
366.239 1 2 1 1 0 9 0 9 26 24
366.397 1 2 2 2 0 8 0 9 26 24
367.338 1 2 2 2 0 7 0 8 26 25
367.606 1 2 2 2 0 6 0 7 26 26
369.259 1 2 2 2 0 5 0 6 26 27
371.461 1 2 2 2 0 6 0 7 26 26
373.825 1 2 2 2 0 5 0 6 26 27
374.441 1 2 2 2 0 4 0 5 26 28
375.63 1 2 2 2 0 5 0 6 26 27
377.105 1 2 2 2 0 6 0 7 26 26
377.44 1 2 2 2 0 7 0 8 26 25
382.008 1 2 2 2 0 8 0 9 26 24
382.127 1 2 2 2 0 9 0 10 26 23
382.802 1 2 2 2 0 8 0 9 26 24
383.361 1 2 2 2 0 7 0 8 26 25
383.786 1 2 2 2 0 6 0 7 26 26
383.854 1 3 2 2 1 6 0 6 26 26
384.17 1 3 2 2 1 5 0 5 26 27
384.357 1 3 2 2 1 6 0 6 26 26
385.444 1 2 2 2 0 6 0 7 26 26
385.598 1 2 2 2 0 7 0 8 26 25
391.751 1 2 1 1 0 8 0 8 26 25
391.761 1 3 1 1 1 8 0 7 26 25
392.882 1 3 1 1 1 7 0 6 26 26
393.793 1 3 1 1 1 8 0 7 26 25
395.476 1 3 1 1 1 7 0 6 26 26
396.683 1 3 1 1 1 6 0 5 26 27
401.467 1 3 1 1 1 5 0 4 26 28
401.576 1 4 1 1 2 5 0 3 26 28
402.281 1 5 1 1 3 5 0 2 26 28
402.822 1 4 1 1 2 5 0 3 26 28
403.397 1 4 1 1 2 6 0 4 26 27
403.705 1 4 1 1 2 5 0 3 26 28
403.834 1 4 1 1 2 6 0 4 26 27
403.89 1 4 1 1 2 5 0 3 26 28
404.248 1 4 1 1 2 6 0 4 26 27
404.376 1 4 1 1 2 7 0 5 26 26
404.539 1 4 1 1 2 8 0 6 26 25
405.393 1 3 1 1 1 8 0 7 26 25
406.457 1 3 1 1 1 9 0 8 26 24
406.605 1 3 1 1 1 8 0 7 26 25
409.463 1 3 1 1 1 7 0 6 26 26
409.826 1 3 1 1 0 6 1 6 26 26
410.973 1 3 1 1 0 7 1 7 26 25
411.655 1 3 1 1 0 8 1 8 26 24
413.707 1 3 1 1 0 7 1 7 26 25
415.228 1 3 1 1 0 8 1 8 26 24
415.467 1 2 1 1 0 8 0 8 27 24
417.174 1 2 1 1 0 9 0 9 27 23
417.53 1 2 1 1 0 8 0 8 27 24
417.53 1 2 1 1 0 7 0 7 27 25
417.552 1 2 1 1 0 8 0 8 27 24
419.17 1 2 1 1 0 9 0 9 27 23
419.386 1 2 2 2 0 8 0 9 27 23
423.03 1 2 2 2 0 7 0 8 27 24
423.846 1 2 2 2 0 8 0 9 27 23
424.249 1 2 2 2 0 7 0 8 27 24
427.42 1 2 2 2 0 6 0 7 27 25
428.036 1 2 3 3 0 5 0 7 27 25
432.519 1 2 3 3 0 4 0 6 27 26
433.624 1 2 3 3 0 3 0 5 27 27
435.297 1 2 3 3 0 4 0 6 27 26
435.39 1 2 3 3 0 3 0 5 27 27
435.833 1 2 3 3 0 2 0 4 27 28
436.153 1 2 3 3 0 3 0 5 27 27
438.203 1 2 3 3 0 4 0 6 27 26
438.395 1 2 3 3 0 3 0 5 27 27
438.894 1 2 2 2 0 4 0 5 27 27
442.543 1 2 2 2 0 5 0 6 27 26
443.037 1 2 2 2 0 4 0 5 27 27
443.712 1 2 2 2 0 3 0 4 27 28
443.734 1 3 2 2 1 3 0 3 27 28
444.321 1 3 1 1 1 4 0 3 27 28
444.925 1 3 2 2 1 3 0 3 27 28
446.057 1 3 2 2 1 4 0 4 27 27
447.213 1 3 2 2 1 5 0 5 27 26
447.393 1 3 2 2 1 6 0 6 27 25
447.841 1 3 2 2 1 7 0 7 27 24
447.899 1 3 2 2 1 6 0 6 27 25
447.974 1 3 2 2 1 7 0 7 27 24
448.113 1 3 2 2 1 6 0 6 27 25
448.699 1 3 2 2 1 7 0 7 27 24
449.492 1 3 2 2 1 6 0 6 27 25
449.709 1 4 2 2 2 6 0 5 27 25
449.879 1 4 3 3 2 5 0 5 27 25
450.313 1 4 4 4 2 4 0 5 27 25
450.717 1 4 4 4 2 5 0 6 27 24
450.931 1 4 4 4 2 4 0 5 27 25
451.322 2 5 4 4 1 4 0 5 27 25
451.723 2 5 3 3 1 5 0 5 27 25
453.536 2 5 3 3 0 4 1 5 27 25
455.8 1 4 3 3 1 4 1 5 27 25
455.818 1 4 3 3 1 5 1 6 27 24
455.937 1 4 3 3 1 6 1 7 27 23
457.154 1 4 3 3 1 7 1 8 27 22
457.473 1 4 3 3 1 6 1 7 27 23
460.485 1 4 3 3 1 5 1 6 27 24
460.558 1 4 4 4 1 4 1 6 27 24
461.043 1 4 4 4 1 5 1 7 27 23
463.548 1 4 4 4 1 4 1 6 27 24
464.94 1 4 4 4 1 5 1 7 27 23
468.532 0 3 4 4 2 5 1 7 27 23
469.341 0 3 4 4 2 6 1 8 27 22
470.132 0 3 4 4 1 5 2 8 27 22
471.217 0 3 4 4 0 4 3 8 27 22
472.323 0 4 4 4 1 4 3 7 27 22
473.607 0 4 4 4 2 5 2 7 27 22
474.007 0 4 4 4 2 4 2 6 27 23
474.894 0 4 5 5 2 3 2 6 27 23
476.489 0 4 5 5 2 4 2 7 27 22
477.369 0 4 5 5 2 5 2 8 27 21
477.414 0 4 5 5 2 4 2 7 27 22
478.726 0 4 5 5 2 5 2 8 27 21
486.25 0 4 5 5 2 6 2 9 27 20
486.582 0 4 4 4 2 7 2 9 27 20
487.206 0 4 4 4 2 8 2 10 27 19
487.298 0 4 4 4 2 7 2 9 27 20
487.305 0 4 4 4 2 6 2 8 27 21
488.257 0 4 4 4 2 5 2 7 27 22
488.922 0 5 4 4 3 5 2 6 27 22
489.467 0 5 4 4 3 6 2 7 27 21
490.559 0 5 4 4 3 7 2 8 27 20
491.111 0 5 4 4 3 8 2 9 27 19
492.289 0 5 4 4 3 9 2 10 27 18
492.698 0 5 4 4 3 8 2 9 27 19
492.946 0 5 4 4 3 9 2 10 27 18
493.572 0 5 4 4 3 8 2 9 27 19
494.191 0 5 4 4 3 7 2 8 27 20
494.661 0 5 4 4 3 6 2 7 27 21
495.137 0 4 4 4 3 6 1 7 28 21
495.755 0 4 3 3 3 7 1 7 28 21
497.25 0 4 3 3 3 6 1 6 28 22
497.887 0 4 3 3 2 5 2 6 28 22
498.249 0 4 3 3 2 6 2 7 28 21
498.769 0 3 3 3 1 6 2 8 28 21
499.358 0 2 3 3 1 6 1 8 29 21
501.478 0 2 3 3 1 7 1 9 29 20
504.97 0 2 4 4 1 6 1 9 29 20
505.206 0 2 4 4 1 5 1 8 29 21
505.846 0 2 4 4 1 4 1 7 29 22
506.437 0 2 4 4 1 3 1 6 29 23
508.447 0 2 4 4 1 4 1 7 29 22
508.569 0 2 4 4 1 5 1 8 29 21
509.093 0 2 4 4 1 4 1 7 29 22
512.826 0 1 4 4 1 4 0 7 30 22
513.372 0 2 4 4 2 4 0 6 30 22
515.255 0 2 4 4 2 5 0 7 30 21
515.33 0 2 4 4 2 6 0 8 30 20
520.007 0 2 5 5 2 5 0 8 30 20
520.502 1 3 5 5 1 5 0 8 30 20
520.625 1 3 4 4 1 6 0 8 30 20
520.923 1 3 3 3 1 7 0 8 30 20
524.926 1 3 3 3 1 8 0 9 30 19
525.3 1 3 3 3 1 9 0 10 30 18
525.315 1 3 3 3 1 8 0 9 30 19
527.281 1 3 3 3 1 7 0 8 30 20
528.026 1 3 3 3 1 6 0 7 30 21
528.623 1 3 3 3 1 5 0 6 30 22
528.635 1 3 3 3 1 4 0 5 30 23
528.901 1 3 2 2 1 5 0 5 30 23
530.168 1 3 3 3 1 4 0 5 30 23
530.919 1 3 3 3 1 5 0 6 30 22
532.374 1 3 4 4 1 4 0 6 30 22
533.655 1 3 4 4 1 3 0 5 30 23
536.1 1 3 4 4 1 4 0 6 30 22
536.195 1 3 3 3 1 5 0 6 30 22
538.558 1 3 3 3 1 6 0 7 30 21
541.161 1 3 3 3 1 5 0 6 30 22
542.178 1 3 3 3 1 6 0 7 30 21
542.199 1 3 3 3 1 5 0 6 30 22
542.232 1 3 2 2 1 6 0 6 30 22
546.373 1 3 2 2 1 5 0 5 30 23
547.537 1 3 2 2 1 6 0 6 30 22
547.763 1 3 2 2 1 5 0 5 30 23
548.007 1 3 2 2 1 6 0 6 30 22
548.949 1 3 2 2 1 5 0 5 30 23
551.609 1 3 1 1 1 6 0 5 30 23
551.786 1 3 2 2 1 5 0 5 30 23
552.526 1 3 2 2 1 4 0 4 30 24
552.873 1 3 2 2 1 5 0 5 30 23
554.936 1 3 2 2 1 6 0 6 30 22
555.142 1 3 2 2 1 5 0 5 30 23
556.395 1 3 2 2 1 6 0 6 30 22
557.102 1 3 2 2 1 7 0 7 30 21
557.485 2 4 2 2 0 7 0 7 30 21
558.891 2 4 2 2 0 8 0 8 30 20
559.345 2 4 2 2 0 7 0 7 30 21
561.7 2 4 1 1 0 8 0 7 30 21
561.746 2 4 1 1 0 9 0 8 30 20
562.407 2 4 1 1 0 10 0 9 30 19
562.803 2 4 1 1 0 11 0 10 30 18
565.083 2 5 1 1 1 11 0 9 30 18
567.449 2 5 1 1 1 12 0 10 30 17
568.339 2 5 1 1 1 11 0 9 30 18
569.611 2 5 0 0 1 12 0 9 30 18
570.236 2 5 0 0 1 11 0 8 30 19
570.419 2 5 0 0 1 10 0 7 30 20
570.618 2 5 0 0 1 9 0 6 30 21
572.214 2 5 0 0 1 8 0 5 30 22
575.266 2 5 0 0 1 9 0 6 30 21
575.355 2 5 0 0 1 8 0 5 30 22
575.956 2 5 1 1 1 7 0 5 30 22
576.386 2 5 1 1 1 8 0 6 30 21
576.867 2 6 1 1 2 8 0 5 30 21
577.245 2 6 1 1 1 7 1 5 30 21
578.119 2 6 1 1 1 6 1 4 30 22
580.795 3 7 1 1 0 6 1 4 30 22
583.8 2 6 1 1 1 6 1 4 30 22
584.843 2 6 1 1 1 5 1 3 30 23
585.173 2 6 1 1 1 6 1 4 30 22
586.284 2 5 1 1 1 6 0 4 31 22
591.922 2 4 1 1 0 6 0 5 31 22
593.095 2 4 1 1 0 7 0 6 31 21
594.255 2 4 1 1 0 8 0 7 31 20
596.193 2 4 1 1 0 7 0 6 31 21
596.943 2 4 1 1 0 6 0 5 31 22
597.206 2 4 1 1 0 5 0 4 31 23
597.924 2 4 1 1 0 6 0 5 31 22
598.14 2 4 1 1 0 5 0 4 31 23
600.905 2 4 1 1 0 6 0 5 31 22
602.172 2 4 1 1 0 7 0 6 31 21
602.367 2 4 2 2 0 6 0 6 31 21
604.91 2 4 2 2 0 7 0 7 31 20
605.344 2 4 3 3 0 6 0 7 31 20
606.78 2 4 3 3 0 5 0 6 31 21
609.053 2 4 3 3 0 6 0 7 31 20
609.534 2 4 3 3 0 5 0 6 31 21
609.655 2 4 2 2 0 6 0 6 31 21
615.001 2 4 2 2 0 5 0 5 31 22
615.399 2 4 2 2 0 4 0 4 31 23
615.796 2 4 2 2 0 3 0 3 31 24
618.119 2 4 2 2 0 4 0 4 31 23
619.399 2 4 2 2 0 5 0 5 31 22
622.199 2 4 2 2 0 4 0 4 31 23
624.798 2 4 2 2 0 3 0 3 31 24
625.044 2 4 2 2 0 4 0 4 31 23
625.068 2 4 2 2 0 5 0 5 31 22
627.741 2 4 2 2 0 4 0 4 31 23
628.369 2 4 2 2 0 5 0 5 31 22
628.875 2 4 2 2 0 6 0 6 31 21
630.316 2 4 2 2 0 7 0 7 31 20
630.721 1 3 2 2 1 7 0 7 31 20
633.193 1 4 2 2 1 7 1 7 30 20
635.352 1 3 2 2 1 7 0 7 31 20
635.418 1 3 2 2 1 8 0 8 31 19
636.524 1 4 2 2 2 8 0 7 31 19
637.937 2 5 2 2 1 8 0 7 31 19
638.946 2 6 2 2 2 8 0 6 31 19
639.506 2 6 2 2 2 7 0 5 31 20
643.394 2 6 2 2 2 8 0 6 31 19
643.536 2 6 2 2 2 9 0 7 31 18
644.303 2 6 2 2 2 10 0 8 31 17
644.638 2 6 2 2 2 9 0 7 31 18
644.656 2 6 2 2 2 8 0 6 31 19
645.445 2 6 3 3 2 7 0 6 31 19
646.534 2 6 3 3 2 8 0 7 31 18
646.975 1 5 3 3 3 8 0 7 31 18
647.182 1 5 4 4 3 7 0 7 31 18
647.546 1 5 4 4 3 8 0 8 31 17
647.685 1 5 4 4 3 7 0 7 31 18
647.866 1 5 4 4 2 6 1 7 31 18
648.931 0 4 4 4 3 6 1 7 31 18
649.176 0 4 5 5 3 5 1 7 31 18
649.482 0 3 5 5 2 5 1 8 31 18
651.066 0 4 5 5 3 5 1 7 31 18
653.472 0 4 4 4 3 6 1 7 31 18
653.876 0 4 4 4 3 5 1 6 31 19
653.982 0 3 4 4 2 5 1 7 31 19
657.47 0 3 4 4 2 6 1 8 31 18
657.951 0 3 4 4 2 5 1 7 31 19
658.56 0 3 4 4 2 6 1 8 31 18
659.96 0 3 4 4 1 5 2 8 31 18
660.007 0 3 3 3 1 6 2 8 31 18
660.15 0 3 4 4 1 5 2 8 31 18
660.235 0 4 4 4 2 5 2 7 31 18
661.905 0 5 4 4 3 5 2 6 31 18
662.048 0 5 4 4 3 4 2 5 31 19
662.341 0 5 5 5 3 3 2 5 31 19
664.004 0 5 5 5 3 2 2 4 31 20
664.067 0 4 5 5 2 2 2 5 31 20
665.937 0 4 4 4 2 3 2 5 31 20
666.9 0 4 4 4 2 4 2 6 31 19
667.711 0 4 4 4 2 3 2 5 31 20
670.044 0 4 5 5 2 2 2 5 31 20
671.778 0 4 5 5 2 3 2 6 31 19
676.977 0 4 5 5 2 4 2 7 31 18
677.343 0 3 5 5 2 4 1 7 32 18
683.3 0 4 5 5 3 4 1 6 32 18
684.707 0 4 5 5 3 5 1 7 32 17
685.935 0 4 5 5 2 4 2 7 32 17
686.501 0 4 5 5 2 3 2 6 32 18
686.594 0 4 5 5 2 2 2 5 32 19
692.485 0 4 5 5 2 3 2 6 32 18
695.379 0 4 5 5 1 2 3 6 32 18
697.69 0 4 4 4 1 3 3 6 32 18
698.275 0 4 4 4 1 2 3 5 32 19
702.397 0 4 3 3 1 3 3 5 32 19
704.214 0 5 3 3 2 3 3 4 32 19
705.138 0 5 3 3 2 2 3 3 32 20
708.458 0 5 3 3 2 3 3 4 32 19
710.401 0 5 3 3 1 2 4 4 32 19
711.168 0 5 3 3 1 3 4 5 32 18
712.544 0 6 3 3 1 3 5 5 31 18
713.151 0 6 3 3 2 4 4 5 31 18
713.953 0 6 3 3 2 5 4 6 31 17
714.149 0 6 3 3 1 4 5 6 31 17
715.276 0 6 3 3 1 5 5 7 31 16
715.918 0 6 3 3 1 4 5 6 31 17
716.844 0 6 4 4 1 3 5 6 31 17
717.412 1 7 4 4 0 3 5 6 31 17
717.883 1 6 4 4 0 3 4 6 32 17
722.395 1 7 4 4 1 3 4 5 32 17
723.487 1 6 4 4 1 3 3 5 33 17
725.071 1 6 4 4 1 4 3 6 33 16
725.352 1 5 4 4 0 4 3 7 33 16
725.889 0 4 4 4 1 4 3 7 33 16
726.727 0 3 4 4 1 4 2 7 34 16
726.775 0 3 4 4 1 5 2 8 34 15
726.959 0 3 4 4 1 4 2 7 34 16
727.857 0 3 4 4 1 3 2 6 34 17
729.001 0 3 4 4 1 2 2 5 34 18
730.447 0 3 4 4 1 3 2 6 34 17
734.23 0 3 4 4 1 4 2 7 34 16
736.307 0 3 4 4 1 3 2 6 34 17
737.143 0 3 4 4 1 4 2 7 34 16
739.81 0 2 4 4 1 4 1 7 35 16
743.584 0 2 3 3 1 5 1 7 35 16
743.664 0 2 3 3 1 4 1 6 35 17
744.806 0 2 3 3 1 3 1 5 35 18
746.775 0 2 3 3 1 2 1 4 35 19
747.748 0 2 3 3 1 3 1 5 35 18
749.999 0 2 3 3 0 2 2 5 35 18
753.045 0 2 3 3 0 1 2 4 35 19
753.072 0 2 2 2 0 2 2 4 35 19
753.529 0 2 2 2 0 3 2 5 35 18
755.276 0 2 2 2 0 2 2 4 35 19
755.724 0 2 2 2 0 3 2 5 35 18
760.224 0 2 2 2 0 4 2 6 35 17
760.654 0 2 2 2 0 3 2 5 35 18
762.426 0 2 3 3 0 2 2 5 35 18
766.704 0 2 3 3 0 3 2 6 35 17
767.704 0 2 3 3 0 2 2 5 35 18
768.427 0 2 3 3 0 3 2 6 35 17
769.256 0 2 3 3 0 2 2 5 35 18
769.865 0 2 3 3 0 3 2 6 35 17
771.347 0 2 3 3 0 2 2 5 35 18
771.485 0 2 3 3 0 3 2 6 35 17
772.846 0 1 3 3 0 3 1 6 36 17
772.92 0 2 3 3 0 3 2 6 35 17
775.514 0 2 3 3 0 4 2 7 35 16
775.594 0 3 3 3 1 4 2 6 35 16
779.864 0 3 3 3 1 5 2 7 35 15
780.794 0 2 3 3 1 5 1 7 36 15
781.349 0 2 3 3 1 4 1 6 36 16
782.529 0 2 2 2 1 5 1 6 36 16
783.247 0 3 2 2 2 5 1 5 36 16
783.925 0 2 2 2 1 5 1 6 36 16
784.294 0 2 2 2 1 4 1 5 36 17
784.879 1 3 2 2 0 4 1 5 36 17
786.13 1 3 3 3 0 3 1 5 36 17
787.969 1 3 3 3 0 4 1 6 36 16
788.312 1 3 3 3 0 3 1 5 36 17
789.075 1 3 3 3 0 2 1 4 36 18
790.664 1 3 3 3 0 3 1 5 36 17
791.224 1 3 3 3 0 4 1 6 36 16
792.716 1 3 3 3 0 5 1 7 36 15
794.184 1 3 3 3 0 4 1 6 36 16
795.456 1 3 3 3 0 5 1 7 36 15
796.136 1 2 3 3 0 5 0 7 37 15
799.273 1 2 2 2 0 6 0 7 37 15
801.541 1 2 2 2 0 7 0 8 37 14
802 1 2 2 2 0 8 0 9 37 13
802.056 1 2 2 2 0 7 0 8 37 14
804.33 1 3 2 2 0 7 1 8 36 14
804.462 1 4 2 2 0 7 2 8 35 14
806.844 1 4 2 2 0 6 2 7 35 15
807.472 1 4 2 2 0 7 2 8 35 14
808.093 1 4 2 2 0 6 2 7 35 15
810.072 1 4 1 1 0 7 2 7 35 15
810.187 1 4 1 1 0 8 2 8 35 14
810.49 1 4 1 1 0 7 2 7 35 15
811.019 1 3 1 1 0 7 1 7 36 15
811.348 1 3 1 1 0 6 1 6 36 16
811.391 1 3 1 1 0 5 1 5 36 17
813.849 1 3 1 1 0 4 1 4 36 18
815.237 1 4 1 1 1 4 1 3 36 18
815.539 1 3 1 1 0 4 1 4 36 18
817.98 1 3 1 1 0 5 1 5 36 17
818.661 1 3 2 2 0 4 1 5 36 17
820.068 1 4 2 2 1 4 1 4 36 17
823.455 1 5 2 2 2 4 1 3 36 17
823.707 1 5 2 2 2 5 1 4 36 16
824.589 1 5 2 2 2 4 1 3 36 17
829.513 1 5 2 2 2 5 1 4 36 16
830.524 1 5 2 2 2 6 1 5 36 15
830.94 1 4 2 2 1 6 1 6 36 15
832.656 1 4 2 2 1 5 1 5 36 16
834.199 1 4 1 1 1 6 1 5 36 16
835.241 1 4 1 1 1 5 1 4 36 17
836.523 1 4 1 1 1 6 1 5 36 16
837.741 1 4 1 1 1 7 1 6 36 15
839.791 1 4 1 1 1 6 1 5 36 16
842.417 1 4 1 1 1 5 1 4 36 17
846.594 1 4 1 1 1 6 1 5 36 16
846.653 1 4 2 2 1 5 1 5 36 16
847.961 1 4 2 2 0 4 2 5 36 16
851.42 1 4 2 2 0 3 2 4 36 17
851.731 1 4 2 2 0 4 2 5 36 16
852.349 1 4 2 2 0 5 2 6 36 15
853.69 1 4 2 2 0 4 2 5 36 16
853.974 1 3 2 2 0 4 1 5 37 16
855.607 1 2 2 2 0 4 0 5 38 16
857.028 1 2 2 2 0 5 0 6 38 15
860.074 1 2 2 2 0 6 0 7 38 14
863.375 1 3 2 2 1 6 0 6 38 14
863.859 1 3 2 2 1 5 0 5 38 15
864.724 1 3 2 2 1 6 0 6 38 14
865.012 1 3 2 2 1 7 0 7 38 13
866.137 1 3 2 2 1 8 0 8 38 12
866.696 1 3 2 2 1 7 0 7 38 13
867.712 0 2 2 2 2 7 0 7 38 13
868.621 0 2 2 2 2 6 0 6 38 14
870.328 0 2 2 2 2 5 0 5 38 15
872.543 0 2 2 2 2 6 0 6 38 14
874.673 0 2 3 3 2 5 0 6 38 14
877.205 0 2 2 2 2 6 0 6 38 14
877.534 1 3 2 2 1 6 0 6 38 14
880.021 1 3 2 2 1 5 0 5 38 15
881.681 1 3 2 2 1 4 0 4 38 16
884.26 1 3 3 3 1 3 0 4 38 16
884.3 1 3 3 3 1 4 0 5 38 15
891.534 1 4 3 3 1 4 1 5 37 15
891.74 1 4 3 3 1 5 1 6 37 14
893.296 1 4 3 3 1 4 1 5 37 15
893.796 1 4 3 3 1 5 1 6 37 14
894.407 1 4 3 3 0 4 2 6 37 14
894.518 1 4 2 2 0 5 2 6 37 14
894.979 1 4 2 2 0 4 2 5 37 15
896.545 1 4 2 2 0 5 2 6 37 14
899.068 1 5 2 2 0 5 3 6 36 14
899.699 1 5 2 2 0 4 3 5 36 15
900.328 1 5 2 2 0 3 3 4 36 16
900.422 1 5 2 2 0 4 3 5 36 15
900.987 1 5 2 2 0 3 3 4 36 16
903.858 1 5 2 2 0 4 3 5 36 15
904.236 1 4 2 2 0 4 2 5 37 15
904.37 1 4 2 2 0 5 2 6 37 14
904.817 1 4 2 2 0 6 2 7 37 13
905.434 1 4 1 1 0 7 2 7 37 13
908.619 1 4 1 1 0 6 2 6 37 14
908.628 1 4 1 1 0 7 2 7 37 13
909.449 1 4 1 1 0 8 2 8 37 12
909.659 1 4 1 1 0 7 2 7 37 13
912.174 1 4 1 1 0 6 2 6 37 14
914.189 1 4 1 1 0 5 2 5 37 15
914.441 1 4 1 1 0 6 2 6 37 14
914.966 1 4 1 1 0 5 2 5 37 15
916.892 1 5 1 1 1 5 2 4 37 15
918.362 0 4 1 1 2 5 2 4 37 15
918.417 0 4 2 2 2 4 2 4 37 15
918.444 0 4 2 2 2 5 2 5 37 14
918.816 0 4 2 2 2 6 2 6 37 13
919.53 0 4 2 2 2 5 2 5 37 14
919.998 0 3 2 2 2 5 1 5 38 14
920.788 0 3 2 2 2 6 1 6 38 13
921.56 1 4 2 2 1 6 1 6 38 13
922.436 1 4 2 2 0 5 2 6 38 13
923.498 1 4 2 2 0 4 2 5 38 14
925.38 1 5 2 2 1 4 2 4 38 14
926.223 1 5 2 2 2 5 1 4 38 14
926.232 1 5 2 2 2 4 1 3 38 15
927.32 1 5 2 2 2 5 1 4 38 14
927.323 1 5 2 2 2 6 1 5 38 13
928.67 1 5 2 2 2 5 1 4 38 14
928.891 1 4 2 2 1 5 1 5 38 14
928.936 1 4 2 2 1 6 1 6 38 13
932.688 1 5 2 2 2 6 1 5 38 13
933.052 2 6 2 2 1 6 1 5 38 13
934.855 2 6 2 2 1 5 1 4 38 14
935.16 2 6 2 2 1 6 1 5 38 13
936.903 2 6 2 2 1 5 1 4 38 14
938.155 2 6 2 2 1 6 1 5 38 13
939.204 2 6 2 2 1 7 1 6 38 12
941.432 2 7 2 2 2 7 1 5 38 12
941.987 2 7 3 3 2 6 1 5 38 12
942.946 2 7 3 3 2 5 1 4 38 13
944.868 2 7 3 3 2 6 1 5 38 12
946.245 2 7 3 3 1 5 2 5 38 12
946.584 2 7 3 3 1 4 2 4 38 13
947.301 2 7 3 3 1 3 2 3 38 14
947.395 2 7 3 3 1 2 2 2 38 15
948.644 1 6 3 3 2 2 2 2 38 15
950.608 1 6 3 3 1 1 3 2 38 15
951.438 2 7 3 3 0 1 3 2 38 15
952.119 2 6 3 3 0 1 2 2 39 15
953.989 2 6 3 3 0 2 2 3 39 14
954.398 2 6 3 3 0 3 2 4 39 13
954.949 2 6 2 2 0 4 2 4 39 13
955.422 2 6 2 2 0 5 2 5 39 12
959.849 2 6 2 2 0 4 2 4 39 13
960.681 2 6 2 2 0 3 2 3 39 14
960.801 2 6 2 2 0 4 2 4 39 13
962.391 2 5 2 2 0 4 1 4 40 13
969.889 2 5 1 1 0 5 1 4 40 13
970.196 2 6 1 1 1 5 1 3 40 13
970.643 2 6 1 1 1 6 1 4 40 12
973.289 2 5 1 1 1 6 0 4 41 12
973.679 2 5 1 1 1 5 0 3 41 13
975.291 2 5 1 1 1 4 0 2 41 14
984.887 1 4 1 1 2 4 0 2 41 14
985.223 1 4 1 1 2 3 0 1 41 15
993.28 1 4 1 1 2 4 0 2 41 14
996.401 1 4 1 1 2 5 0 3 41 13
996.583 1 4 1 1 2 6 0 4 41 12
997.317 1 4 1 1 2 7 0 5 41 11
998.825 1 3 1 1 1 7 0 6 41 11
1000.05 1 3 1 1 1 6 0 5 41 12
1004.83 1 3 1 1 1 7 0 6 41 11
1005.86 1 3 1 1 0 6 1 6 41 11
1005.91 1 3 1 1 0 5 1 5 41 12
1006.66 1 3 1 1 0 6 1 6 41 11
1010.23 1 3 1 1 0 7 1 7 41 10
1010.29 1 3 1 1 0 8 1 8 41 9
1011.71 1 3 1 1 0 7 1 7 41 10
1013.34 1 3 1 1 0 6 1 6 41 11
1014.59 1 3 1 1 0 5 1 5 41 12
1015.21 1 3 2 2 0 4 1 5 41 12
1015.61 1 3 2 2 0 5 1 6 41 11
1017.98 1 4 2 2 1 5 1 5 41 11
1018.1 1 4 2 2 1 6 1 6 41 10
1018.64 1 4 2 2 1 5 1 5 41 11
1022.01 1 4 2 2 0 4 2 5 41 11
1023.28 1 3 2 2 0 4 1 5 42 11
1023.42 0 2 2 2 1 4 1 5 42 11
1026.1 0 2 2 2 1 5 1 6 42 10
1027.94 0 2 2 2 1 6 1 7 42 9
1028.59 0 2 2 2 1 5 1 6 42 10
1028.96 0 2 3 3 1 4 1 6 42 10
1030.69 0 2 3 3 0 3 2 6 42 10
1030.73 0 3 3 3 1 3 2 5 42 10
1032.3 0 3 3 3 1 2 2 4 42 11
1032.58 0 2 3 3 1 2 1 4 43 11
1032.64 0 2 3 3 1 3 1 5 43 10
1036.95 0 2 3 3 1 2 1 4 43 11
1038.98 0 2 2 2 1 3 1 4 43 11
1043.84 0 1 2 2 1 3 0 4 44 11
1046.81 0 1 2 2 1 2 0 3 44 12
1051.03 0 1 2 2 1 3 0 4 44 11
1053.07 0 1 2 2 1 2 0 3 44 12
1053.56 0 1 2 2 1 3 0 4 44 11
1059.72 0 1 2 2 1 2 0 3 44 12
1060.9 0 1 2 2 1 3 0 4 44 11
1061.96 0 1 3 3 1 2 0 4 44 11
1064.83 0 1 2 2 1 3 0 4 44 11
1066.11 0 1 2 2 1 2 0 3 44 12
1066.98 0 1 1 1 1 3 0 3 44 12
1067.67 0 1 1 1 1 4 0 4 44 11
1071.09 0 1 1 1 1 5 0 5 44 10
1073.29 0 1 1 1 1 4 0 4 44 11
1084.3 0 1 1 1 1 5 0 5 44 10
1085.96 0 1 1 1 1 4 0 4 44 11
1086.17 0 1 1 1 1 5 0 5 44 10
1087.98 0 1 1 1 1 4 0 4 44 11
1089.2 0 1 1 1 1 5 0 5 44 10
1091.35 0 1 1 1 1 4 0 4 44 11
1092.62 0 1 2 2 1 3 0 4 44 11
1093.72 0 1 2 2 1 2 0 3 44 12
1098.88 1 2 2 2 0 2 0 3 44 12
1099.77 1 2 2 2 0 3 0 4 44 11
1102.63 1 2 2 2 0 2 0 3 44 12
1103.17 1 2 1 1 0 3 0 3 44 12
1105.82 1 2 1 1 0 4 0 4 44 11
1106.61 1 2 1 1 0 5 0 5 44 10
1108.66 1 2 1 1 0 4 0 4 44 11
1116 1 2 2 2 0 3 0 4 44 11
1116.37 1 3 2 2 1 3 0 3 44 11
1117.85 1 3 2 2 1 4 0 4 44 10
1120.7 1 3 2 2 1 5 0 5 44 9
1120.77 1 3 2 2 1 6 0 6 44 8
1121.03 1 3 2 2 1 5 0 5 44 9
1123.05 1 3 2 2 1 4 0 4 44 10
1123.67 1 3 2 2 1 5 0 5 44 9
1124.27 1 3 2 2 1 6 0 6 44 8
1126.12 1 3 2 2 1 5 0 5 44 9
1127.58 1 4 2 2 1 5 1 5 43 9
1127.85 1 4 2 2 1 4 1 4 43 10
1128.32 1 4 2 2 1 3 1 3 43 11
1128.44 1 4 3 3 1 2 1 3 43 11
1128.5 1 3 3 3 0 2 1 4 43 11
1129.7 0 2 3 3 1 2 1 4 43 11
1130.37 0 2 3 3 2 3 0 4 43 11
1131.6 0 2 3 3 2 2 0 3 43 12
1134.52 0 2 3 3 2 3 0 4 43 11
1136.98 0 1 3 3 1 3 0 5 43 11
1137.71 0 1 3 3 0 2 1 5 43 11
1139.21 0 1 2 2 0 3 1 5 43 11
1140.5 0 1 2 2 0 2 1 4 43 12
1149.19 0 1 3 3 0 1 1 4 43 12
1153.23 0 2 3 3 0 1 2 4 42 12
1153.78 0 2 3 3 0 2 2 5 42 11
1161.16 0 2 3 3 0 3 2 6 42 10
1168.03 0 2 3 3 0 4 2 7 42 9
1168.07 0 2 3 3 0 5 2 8 42 8
1169.59 0 2 3 3 0 6 2 9 42 7
1171.04 0 2 2 2 0 7 2 9 42 7
1171.04 0 2 2 2 0 6 2 8 42 8
1172.05 0 2 2 2 0 5 2 7 42 9
1173.52 0 2 2 2 0 6 2 8 42 8
1174.96 0 3 2 2 1 6 2 7 42 8
1178.8 0 2 2 2 1 6 1 7 43 8
1178.95 1 3 2 2 0 6 1 7 43 8
1181.88 1 3 2 2 0 5 1 6 43 9
1181.95 1 3 2 2 0 4 1 5 43 10
1182.31 1 3 2 2 0 3 1 4 43 11
1183.65 1 3 2 2 0 4 1 5 43 10
1183.73 1 4 2 2 1 4 1 4 43 10
1185.8 0 3 2 2 2 4 1 4 43 10
1187.18 0 3 2 2 2 3 1 3 43 11
1187.19 0 3 2 2 2 4 1 4 43 10
1189.59 0 3 2 2 2 3 1 3 43 11
1189.88 0 2 2 2 1 3 1 4 43 11
1191.91 0 2 2 2 1 2 1 3 43 12
1192.42 0 2 2 2 1 3 1 4 43 11
1196.35 0 2 2 2 1 2 1 3 43 12
1197.75 0 2 2 2 1 1 1 2 43 13
1201.41 0 2 2 2 1 2 1 3 43 12
1201.7 0 3 2 2 2 2 1 2 43 12
1211.03 0 3 2 2 2 3 1 3 43 11
1211.83 0 3 2 2 2 4 1 4 43 10
1216.25 0 3 2 2 2 3 1 3 43 11
1217.58 0 3 2 2 1 2 2 3 43 11
1217.76 0 3 2 2 1 3 2 4 43 10
1223.76 0 3 2 2 1 2 2 3 43 11
1227.48 0 3 1 1 1 3 2 3 43 11
1230.58 0 4 1 1 1 3 3 3 42 11
1232.62 0 3 1 1 1 3 2 3 43 11
1233.13 0 3 1 1 1 4 2 4 43 10
1234.39 0 4 1 1 2 4 2 3 43 10
1235.08 0 4 1 1 2 5 2 4 43 9
1235.31 0 4 1 1 2 4 2 3 43 10
1242.32 0 3 1 1 2 4 1 3 44 10
1242.73 0 3 1 1 2 5 1 4 44 9
1243.5 0 3 1 1 2 6 1 5 44 8
1243.86 0 3 1 1 2 5 1 4 44 9
1244.45 0 3 1 1 2 6 1 5 44 8
1245.13 0 3 1 1 2 5 1 4 44 9
1245.19 1 4 1 1 1 5 1 4 44 9
1248.48 0 3 1 1 2 5 1 4 44 9
1257.22 0 3 1 1 2 4 1 3 44 10
1262.09 0 3 1 1 2 3 1 2 44 11
1262.17 0 3 2 2 2 2 1 2 44 11
1264.13 0 3 2 2 2 3 1 3 44 10
1266.57 0 3 1 1 2 4 1 3 44 10
1268.39 0 3 1 1 1 3 2 3 44 10
1268.98 0 3 1 1 1 2 2 2 44 11
1271.97 0 3 1 1 1 3 2 3 44 10
1273.82 0 2 1 1 0 3 2 4 44 10
1274.62 0 2 1 1 0 2 2 3 44 11
1284.78 0 2 1 1 0 3 2 4 44 10
1286.68 0 2 1 1 0 4 2 5 44 9
1288.6 0 2 1 1 0 3 2 4 44 10
1296.73 0 2 2 2 0 2 2 4 44 10
1297.58 0 2 2 2 0 1 2 3 44 11
1300.25 0 2 2 2 0 2 2 4 44 10
1301.41 0 3 2 2 1 2 2 3 44 10
1308.62 0 3 2 2 1 3 2 4 44 9
1314.49 0 3 3 3 1 2 2 4 44 9
1316.5 0 3 3 3 1 1 2 3 44 10
1317.97 0 3 3 3 1 2 2 4 44 9
1319.74 0 3 3 3 1 1 2 3 44 10
1324.47 0 3 3 3 1 2 2 4 44 9
1328.21 0 4 3 3 2 2 2 3 44 9
1334.88 0 4 3 3 2 3 2 4 44 8
1335.23 0 4 2 2 2 4 2 4 44 8
1336.4 0 4 2 2 2 3 2 3 44 9
1336.68 0 4 2 2 2 4 2 4 44 8
1337.86 0 4 2 2 2 5 2 5 44 7
1339.26 0 3 2 2 1 5 2 6 44 7
1342.13 0 3 2 2 1 6 2 7 44 6
1346.51 0 4 2 2 2 6 2 6 44 6
1347.58 0 4 2 2 1 5 3 6 44 6
1348.62 0 4 2 2 1 4 3 5 44 7
1349.38 0 4 2 2 1 5 3 6 44 6
1349.43 0 3 2 2 0 5 3 7 44 6
1349.76 0 3 2 2 0 4 3 6 44 7
1350.7 0 3 1 1 0 5 3 6 44 7
1353.07 0 3 1 1 0 6 3 7 44 6
1353.72 0 3 1 1 0 5 3 6 44 7
1354.11 0 3 1 1 0 4 3 5 44 8
1356.02 0 3 1 1 0 3 3 4 44 9
1356.44 0 3 1 1 0 2 3 3 44 10
1359.86 0 3 2 2 0 1 3 3 44 10
1364.29 0 3 2 2 0 2 3 4 44 9
1365.44 0 3 3 3 0 1 3 4 44 9
1366.75 0 3 3 3 0 2 3 5 44 8
1369.64 0 3 2 2 0 3 3 5 44 8
1370.07 0 3 2 2 0 4 3 6 44 7
1371.03 0 3 2 2 0 3 3 5 44 8
1371.59 0 4 2 2 0 3 4 5 43 8
1372.18 0 4 2 2 1 4 3 5 43 8
1377.72 0 4 2 2 1 3 3 4 43 9
1378.7 0 4 2 2 1 2 3 3 43 10
1382.06 0 3 2 2 1 2 2 3 44 10
1383.08 0 3 1 1 1 3 2 3 44 10
1383.65 0 2 1 1 1 3 1 3 45 10
1386.27 0 2 1 1 1 4 1 4 45 9
1388.32 0 2 1 1 1 5 1 5 45 8
1394.81 0 3 1 1 2 5 1 4 45 8
1396.18 0 4 1 1 2 5 2 4 44 8
1399.76 0 4 1 1 1 4 3 4 44 8
1401.52 0 4 1 1 1 3 3 3 44 9
1405.22 0 3 1 1 1 3 2 3 45 9
1408.67 0 3 1 1 1 4 2 4 45 8
1409.27 0 3 1 1 0 3 3 4 45 8
1411.6 0 3 1 1 1 4 2 4 45 8
1412.43 0 3 1 1 1 3 2 3 45 9
1412.64 0 3 1 1 1 2 2 2 45 10
1413.22 0 2 1 1 1 2 1 2 46 10
1414.89 0 3 1 1 2 2 1 1 46 10
1419.47 1 4 1 1 1 2 1 1 46 10
1420.88 1 4 1 1 1 3 1 2 46 9
1427.69 0 3 1 1 2 3 1 2 46 9
1430.33 0 2 1 1 2 3 0 2 47 9
1431.13 0 2 1 1 2 4 0 3 47 8
1431.58 0 2 1 1 2 5 0 4 47 7
1431.59 0 2 1 1 2 4 0 3 47 8
1434.37 0 1 1 1 1 4 0 4 47 8
1436.1 0 2 1 1 2 4 0 3 47 8
1444.33 0 2 1 1 2 3 0 2 47 9
1445.44 0 2 2 2 2 2 0 2 47 9
1446.03 1 3 2 2 1 2 0 2 47 9
1446.16 1 3 2 2 1 3 0 3 47 8
1447.13 1 3 2 2 1 4 0 4 47 7
1447.32 1 3 2 2 1 3 0 3 47 8
1450.67 1 3 2 2 0 2 1 3 47 8
1451.6 1 3 2 2 0 3 1 4 47 7
1452.31 1 3 2 2 0 4 1 5 47 6
1460.91 1 2 2 2 0 4 0 5 48 6
1460.95 1 2 2 2 0 5 0 6 48 5
1468.33 1 3 2 2 1 5 0 5 48 5
1469.1 0 2 2 2 2 5 0 5 48 5
1473.73 0 2 1 1 2 6 0 5 48 5
1476.4 1 3 1 1 1 6 0 5 48 5
1477.27 1 3 1 1 1 5 0 4 48 6
1477.47 1 3 1 1 1 4 0 3 48 7
1478.3 1 3 1 1 1 5 0 4 48 6
1479.07 1 4 1 1 1 5 1 4 47 6
1480.52 1 4 1 1 1 4 1 3 47 7
1482.26 1 4 1 1 1 3 1 2 47 8
1483 1 4 1 1 1 4 1 3 47 7
1484.37 2 5 1 1 0 4 1 3 47 7
1485.08 2 5 1 1 0 3 1 2 47 8
1487.89 2 5 1 1 0 4 1 3 47 7
1489.54 2 5 1 1 0 3 1 2 47 8
1491.11 2 5 1 1 1 4 0 2 47 8
1495.13 2 4 1 1 0 4 0 3 47 8
1496.64 2 4 1 1 0 3 0 2 47 9
1500.65 2 4 1 1 0 4 0 3 47 8
1500.88 2 4 1 1 0 5 0 4 47 7
1506.59 2 4 1 1 0 6 0 5 47 6
1509.15 2 4 1 1 0 7 0 6 47 5
1510.04 1 3 1 1 1 7 0 6 47 5
1510.98 1 3 1 1 0 6 1 6 47 5
1512.52 1 3 0 0 0 7 1 6 47 5
1513.65 1 3 0 0 0 6 1 5 47 6
1513.95 1 3 0 0 0 5 1 4 47 7
1514.63 1 4 0 0 0 5 2 4 46 7
1516.31 1 3 0 0 0 5 1 4 47 7
1518.5 0 2 0 0 1 5 1 4 47 7
1519.94 0 2 0 0 0 4 2 4 47 7
1521.49 0 2 0 0 0 5 2 5 47 6
1524.35 0 2 0 0 0 4 2 4 47 7
1532.61 0 3 0 0 1 4 2 3 47 7
1542.16 0 3 0 0 1 5 2 4 47 6
1543.36 0 2 0 0 1 5 1 4 48 6
1543.79 0 2 0 0 1 6 1 5 48 5
1543.84 0 2 0 0 1 5 1 4 48 6
1544.1 1 3 0 0 0 5 1 4 48 6
1545.75 1 3 0 0 0 4 1 3 48 7
1547.49 1 2 0 0 0 4 0 3 49 7
1549.44 1 2 1 1 0 3 0 3 49 7
1555.97 1 2 1 1 0 2 0 2 49 8
1567.48 1 2 1 1 0 3 0 3 49 7
1570.05 1 3 1 1 1 3 0 2 49 7
1571.3 0 2 1 1 2 3 0 2 49 7
1573.26 0 2 1 1 2 2 0 1 49 8
1573.95 0 2 1 1 2 3 0 2 49 7
1576.26 0 2 1 1 2 4 0 3 49 6
1578.18 1 3 1 1 1 4 0 3 49 6
1578.53 1 3 0 0 1 5 0 3 49 6
1579.69 1 4 0 0 2 5 0 2 49 6
1579.78 1 4 1 1 2 4 0 2 49 6
1584.5 1 4 1 1 2 5 0 3 49 5
1588.52 1 4 2 2 2 4 0 3 49 5
1592.06 1 5 2 2 2 4 1 3 48 5
1592.55 1 6 2 2 2 4 2 3 47 5
1595.33 1 6 2 2 2 5 2 4 47 4
1598.15 1 5 2 2 2 5 1 4 48 4
1598.87 2 6 2 2 1 5 1 4 48 4
1599.23 2 5 2 2 0 5 1 5 48 4
1599.78 2 5 2 2 0 4 1 4 48 5
1600.75 2 5 2 2 0 3 1 3 48 6
1604.8 1 4 2 2 1 3 1 3 48 6
1606.66 1 5 2 2 2 3 1 2 48 6
1607.54 1 4 2 2 1 3 1 3 48 6
1608.11 1 3 2 2 0 3 1 4 48 6
1614.71 1 3 2 2 0 4 1 5 48 5
1614.79 1 3 2 2 0 3 1 4 48 6
1616.18 1 3 1 1 0 4 1 4 48 6
1616.2 1 3 1 1 0 5 1 5 48 5
1616.51 1 4 1 1 1 5 1 4 48 5
1617.42 1 4 1 1 0 4 2 4 48 5
1618.14 1 4 1 1 0 5 2 5 48 4
1620.26 1 4 1 1 0 4 2 4 48 5
1622.05 1 3 1 1 0 4 1 4 49 5
1622.73 1 3 1 1 0 3 1 3 49 6
1624.75 1 3 2 2 0 2 1 3 49 6
1625.23 1 3 2 2 0 3 1 4 49 5
1626.72 1 3 2 2 0 2 1 3 49 6
1629.04 1 3 2 2 0 1 1 2 49 7
1630.16 1 3 2 2 0 0 1 1 49 8
1632.19 1 3 2 2 0 1 1 2 49 7
1641.12 1 3 2 2 0 2 1 3 49 6
1647.75 1 3 2 2 0 3 1 4 49 5
1648.66 1 2 2 2 0 3 0 4 50 5
1650.35 1 3 2 2 1 3 0 3 50 5
1650.52 1 2 2 2 0 3 0 4 50 5
1651.67 1 3 2 2 1 3 0 3 50 5
1658.88 1 3 1 1 1 4 0 3 50 5
1664.77 1 3 2 2 1 3 0 3 50 5
1668.41 1 3 2 2 1 4 0 4 50 4
1668.7 1 3 2 2 1 5 0 5 50 3
1670.63 1 4 2 2 1 5 1 5 49 3
1671.3 0 3 2 2 2 5 1 5 49 3
1674.75 0 2 2 2 1 5 1 6 49 3
1676.82 0 2 2 2 1 6 1 7 49 2
1677.64 0 2 1 1 1 7 1 7 49 2
1677.93 0 2 2 2 1 6 1 7 49 2
1678.68 0 2 1 1 1 7 1 7 49 2
1679.72 0 2 1 1 1 6 1 6 49 3
1683.01 0 2 1 1 1 5 1 5 49 4
1690.9 0 1 1 1 0 5 1 6 49 4
1692.98 0 2 1 1 1 5 1 5 49 4
1693.38 0 2 1 1 1 4 1 4 49 5
1693.76 0 2 1 1 1 5 1 5 49 4
1698.1 0 2 1 1 1 4 1 4 49 5
1698.27 0 2 1 1 0 3 2 4 49 5
1706.63 0 2 1 1 0 2 2 3 49 6
1707.43 0 2 1 1 0 3 2 4 49 5
1710.69 0 2 1 1 0 4 2 5 49 4
1718.13 0 3 1 1 1 4 2 4 49 4
1718.31 0 3 2 2 1 3 2 4 49 4
1718.97 0 4 2 2 2 3 2 3 49 4
1720.93 0 3 2 2 1 3 2 4 49 4
1721.65 0 3 2 2 1 4 2 5 49 3
1722.1 0 3 2 2 1 5 2 6 49 2
1726.38 0 4 2 2 2 5 2 5 49 2
1730.96 0 4 2 2 2 4 2 4 49 3
1731.96 0 4 2 2 2 5 2 5 49 2
1736.65 0 4 2 2 2 4 2 4 49 3
1736.85 0 3 2 2 2 4 1 4 50 3
1737.72 0 4 2 2 3 4 1 3 50 3
1740.41 0 4 3 3 3 3 1 3 50 3
1743.81 0 4 2 2 3 4 1 3 50 3
1744.88 0 4 2 2 3 3 1 2 50 4
1750.41 1 5 2 2 2 3 1 2 50 4
1752.81 0 4 2 2 3 3 1 2 50 4
1755.19 0 4 2 2 2 2 2 2 50 4
1755.83 0 5 2 2 3 2 2 1 50 4
1757.08 0 4 2 2 2 2 2 2 50 4
1757.76 0 3 2 2 1 2 2 3 50 4
1760 0 3 2 2 1 3 2 4 50 3
1763.64 1 4 2 2 0 3 2 4 50 3
1766.1 1 4 2 2 0 4 2 5 50 2
1767.77 1 4 2 2 0 3 2 4 50 3
1770.56 1 4 2 2 0 2 2 3 50 4
1771.65 0 3 2 2 1 2 2 3 50 4
1776.11 0 3 1 1 1 3 2 3 50 4
1776.57 0 3 1 1 1 2 2 2 50 5
1784.83 1 4 1 1 0 2 2 2 50 5
1794.38 1 3 1 1 0 2 1 2 51 5
1803.65 1 3 2 2 0 1 1 2 51 5
1810.31 1 4 2 2 0 1 2 2 50 5
1812.1 0 3 2 2 1 1 2 2 50 5
1816.22 0 2 2 2 1 1 1 2 51 5
1818.36 0 2 2 2 0 0 2 2 51 5
1820.8 0 2 1 1 0 1 2 2 51 5
1837.91 0 2 1 1 0 2 2 3 51 4
1839.28 0 2 1 1 1 3 1 3 51 4
1839.88 0 2 1 1 1 2 1 2 51 5
1861.99 0 2 1 1 1 1 1 1 51 6
1863.93 0 2 1 1 1 2 1 2 51 5
1869.01 0 2 1 1 1 3 1 3 51 4
1870.06 0 1 1 1 0 3 1 4 51 4
1873.37 0 1 1 1 0 4 1 5 51 3
1874.67 0 1 2 2 0 3 1 5 51 3
1882.9 0 2 2 2 1 3 1 4 51 3
1896.03 0 2 2 2 1 2 1 3 51 4
1900.14 0 3 2 2 1 2 2 3 50 4
1903.1 0 4 2 2 1 2 3 3 49 4
1903.42 0 4 1 1 1 3 3 3 49 4
1903.82 0 4 1 1 1 2 3 2 49 5
1908.71 0 4 1 1 1 3 3 3 49 4
1910.58 0 4 1 1 1 4 3 4 49 3
1912.65 0 4 1 1 1 3 3 3 49 4
1916.53 0 4 1 1 1 2 3 2 49 5
1918.11 0 4 1 1 1 3 3 3 49 4
1923.04 0 4 1 1 1 4 3 4 49 3
1923.23 0 4 1 1 1 5 3 5 49 2
1927.09 0 4 1 1 1 4 3 4 49 3
1927.61 0 5 1 1 2 4 3 3 49 3
1927.78 0 6 1 1 3 4 3 2 49 3
1928.56 0 6 1 1 3 5 3 3 49 2
1930.64 0 6 0 0 3 6 3 3 49 2
1931.4 0 6 0 0 3 5 3 2 49 3
1931.96 0 5 0 0 2 5 3 3 49 3
1932.52 0 5 0 0 2 4 3 2 49 4
1938.84 0 5 0 0 2 5 3 3 49 3
1940.14 0 5 0 0 2 4 3 2 49 4
1940.28 0 5 0 0 2 5 3 3 49 3
1940.41 0 4 0 0 2 5 2 3 50 3
1942.7 0 4 0 0 2 4 2 2 50 4
1947.85 0 4 0 0 2 3 2 1 50 5
1950 0 4 0 0 1 2 3 1 50 5
1952.87 0 4 0 0 2 3 2 1 50 5
1955.4 0 3 0 0 2 3 1 1 51 5
1958.23 0 2 0 0 1 3 1 2 51 5
1966.01 0 1 0 0 1 3 0 2 52 5
1971.76 0 1 1 1 1 2 0 2 52 5
1983.67 0 1 1 1 1 3 0 3 52 4
1992.96 0 1 1 1 1 4 0 4 52 3
1996.13 0 2 1 1 2 4 0 3 52 3
1998.92 0 2 1 1 2 3 0 2 52 4
1999.67 0 2 1 1 2 4 0 3 52 3
2014.51 0 3 1 1 2 4 1 3 51 3
2015.02 0 3 1 1 2 5 1 4 51 2
2015.13 0 2 1 1 2 5 0 4 52 2
2016.9 0 2 1 1 1 4 1 4 52 2
2018.01 0 2 1 1 1 5 1 5 52 1
2022.88 0 1 1 1 0 5 1 6 52 1
2024.19 0 1 1 1 0 4 1 5 52 2
2027.28 0 1 1 1 0 3 1 4 52 3
2027.6 0 1 2 2 0 2 1 4 52 3
2036 0 1 2 2 0 1 1 3 52 4
2036.11 0 1 2 2 0 0 1 2 52 5
2051.67 0 1 1 1 0 1 1 2 52 5
2068.67 0 2 1 1 1 1 1 1 52 5
2069.01 0 3 1 1 1 1 2 1 51 5
2069.36 0 3 1 1 1 2 2 2 51 4
2073.21 0 3 1 1 1 3 2 3 51 3
2075.42 0 2 1 1 1 3 1 3 52 3
2075.93 0 2 1 1 1 2 1 2 52 4
2080.37 0 2 1 1 1 1 1 1 52 5
2083.68 0 1 1 1 1 1 0 1 53 5
2090.92 0 1 1 1 1 2 0 2 53 4
2098.34 0 1 1 1 1 3 0 3 53 3
2103.72 0 2 1 1 1 3 1 3 52 3
2117.45 0 2 1 1 1 2 1 2 52 4
2124.57 0 1 1 1 0 2 1 3 52 4
2129.12 0 1 1 1 0 1 1 2 52 5
2134.35 0 1 1 1 0 2 1 3 52 4
2141.07 0 2 1 1 1 2 1 2 52 4
2156.21 0 2 1 1 1 1 1 1 52 5
2174.04 0 2 1 1 1 2 1 2 52 4
2196.72 1 3 1 1 0 2 1 2 52 4
2197.22 1 4 1 1 0 2 2 2 51 4
2198.97 1 4 1 1 0 3 2 3 51 3
2214.99 0 3 1 1 1 3 2 3 51 3
2221.41 1 4 1 1 0 3 2 3 51 3
2227.72 1 4 1 1 0 2 2 2 51 4
2232.92 1 4 1 1 0 1 2 1 51 5
2236.62 1 5 1 1 0 1 3 1 50 5
2244.89 1 4 1 1 0 1 2 1 51 5
2245.89 1 3 1 1 0 1 1 1 52 5
2248.16 1 2 1 1 0 1 0 1 53 5
2252.71 1 2 0 0 0 2 0 1 53 5
2254.23 1 2 0 0 0 3 0 2 53 4
2256.11 1 2 0 0 0 4 0 3 53 3
2266.39 1 3 0 0 1 4 0 2 53 3
2267.13 1 3 0 0 0 3 1 2 53 3
2275.27 1 4 0 0 1 3 1 1 53 3
2277.1 1 4 0 0 1 4 1 2 53 2
2279.32 2 5 0 0 0 4 1 2 53 2
2279.58 2 5 1 1 0 3 1 2 53 2
2285.29 1 4 1 1 1 3 1 2 53 2
2291.75 1 4 1 1 1 2 1 1 53 3
2294.49 1 4 2 2 1 1 1 1 53 3
2304.23 2 5 2 2 0 1 1 1 53 3
2313.32 2 5 2 2 0 2 1 2 53 2
2313.39 2 6 2 2 1 2 1 1 53 2
2318.81 2 5 2 2 1 2 0 1 54 2
2318.87 2 5 2 2 1 3 0 2 54 1
2322.09 3 6 2 2 0 3 0 2 54 1
2322.7 3 6 1 1 0 4 0 2 54 1
2325.33 3 6 1 1 0 3 0 1 54 2
2327.41 3 6 2 2 0 2 0 1 54 2
2331 2 5 2 2 1 2 0 1 54 2
2333.33 2 5 2 2 1 3 0 2 54 1
2333.64 2 4 2 2 0 3 0 3 54 1
2335.6 1 3 2 2 1 3 0 3 54 1
2337.59 1 4 2 2 1 3 1 3 53 1
2338.87 1 4 1 1 1 4 1 3 53 1
2341.38 1 4 2 2 1 3 1 3 53 1
2342.17 1 4 2 2 1 2 1 2 53 2
2343.49 1 5 2 2 1 2 2 2 52 2
2346.4 1 6 2 2 2 2 2 1 52 2
2349.43 1 5 2 2 2 2 1 1 53 2
2349.84 2 6 2 2 1 2 1 1 53 2
2357.46 3 7 2 2 0 2 1 1 53 2
2362.57 3 7 1 1 0 3 1 1 53 2
2365.51 3 7 2 2 0 2 1 1 53 2
2369.75 3 7 3 3 0 1 1 1 53 2
2378.24 3 7 4 4 0 0 1 1 53 2
2378.98 3 7 4 4 0 1 1 2 53 1
2381.97 2 6 4 4 1 1 1 2 53 1
2387.5 2 7 4 4 1 1 2 2 52 1
2391.06 2 7 4 4 1 0 2 1 52 2
2398.14 2 6 4 4 1 0 1 1 53 2
2399.62 3 7 4 4 0 0 1 1 53 2
2403.72 2 6 4 4 1 0 1 1 53 2
2405.14 2 5 4 4 1 0 0 1 54 2
2410.85 2 6 4 4 2 0 0 0 54 2
2410.88 1 5 4 4 3 0 0 0 54 2
2412.35 0 4 4 4 4 0 0 0 54 2
2413.07 1 5 4 4 3 0 0 0 54 2
2414.34 1 5 3 3 3 1 0 0 54 2
2415.96 1 6 3 3 3 1 1 0 53 2
2415.99 1 5 3 3 2 1 1 1 53 2
2417.05 2 6 3 3 1 1 1 1 53 2
2418.53 1 5 3 3 2 1 1 1 53 2
2425.02 2 6 3 3 1 1 1 1 53 2
2425.28 2 6 2 2 1 2 1 1 53 2
2427.33 2 6 2 2 1 3 1 2 53 1
2427.49 1 5 2 2 2 3 1 2 53 1
2428.16 1 5 1 1 2 4 1 2 53 1
2430.57 1 4 1 1 1 4 1 3 53 1
2431.43 1 4 1 1 1 3 1 2 53 2
2436.19 1 4 2 2 1 2 1 2 53 2
2437.86 1 5 2 2 2 2 1 1 53 2
2438.48 1 4 2 2 1 2 1 2 53 2
2440.02 1 3 2 2 0 2 1 3 53 2
2442.32 1 2 2 2 0 2 0 3 54 2
2448.07 1 3 2 2 0 2 1 3 53 2
2448.54 0 2 2 2 1 2 1 3 53 2
2453.22 1 3 2 2 0 2 1 3 53 2
2465.12 1 3 2 2 0 1 1 2 53 3
2473.15 1 3 2 2 0 2 1 3 53 2
2474.34 1 4 2 2 1 2 1 2 53 2
2474.52 1 4 3 3 1 1 1 2 53 2
2475.05 1 4 4 4 1 0 1 2 53 2
2475.52 1 4 3 3 1 1 1 2 53 2
2483.45 1 4 3 3 1 0 1 1 53 3
2484.08 1 3 3 3 1 0 0 1 54 3
2489.11 1 2 3 3 0 0 0 2 54 3
2497 1 2 2 2 0 1 0 2 54 3
2497.38 1 2 2 2 0 2 0 3 54 2
2499.66 1 2 3 3 0 1 0 3 54 2
2507.81 0 1 3 3 1 1 0 3 54 2
2516.61 0 1 2 2 1 2 0 3 54 2
2528.18 1 2 2 2 0 2 0 3 54 2
2530.64 1 2 1 1 0 3 0 3 54 2
2530.69 1 2 1 1 0 4 0 4 54 1
2537.82 1 3 1 1 0 4 1 4 53 1
2539.36 1 2 1 1 0 4 0 4 54 1
2542.31 1 2 1 1 0 3 0 3 54 2
2543.03 1 2 1 1 0 2 0 2 54 3
2544.62 1 2 1 1 0 3 0 3 54 2
2544.65 1 3 1 1 0 3 1 3 53 2
2548.8 1 3 1 1 0 2 1 2 53 3
2558.97 1 4 1 1 1 2 1 1 53 3
2561.42 0 3 1 1 2 2 1 1 53 3
2563.24 0 2 1 1 1 2 1 2 53 3
2565.26 0 2 1 1 1 3 1 3 53 2
2570.67 0 3 1 1 2 3 1 2 53 2
2586.83 0 2 1 1 1 3 1 3 53 2
2590.97 0 2 2 2 1 2 1 3 53 2
2593.6 0 2 2 2 1 1 1 2 53 3
2596.86 0 3 2 2 2 1 1 1 53 3
2605.88 0 2 2 2 2 1 0 1 54 3
2606.65 0 2 3 3 2 0 0 1 54 3
2608.28 0 3 3 3 2 0 1 1 53 3
2608.35 0 2 3 3 1 0 1 2 53 3
2609.94 0 2 3 3 1 1 1 3 53 2
2617.63 0 2 2 2 1 2 1 3 53 2
2622.24 0 2 2 2 1 1 1 2 53 3
2623.22 0 2 2 2 1 2 1 3 53 2
2626.7 0 2 2 2 1 1 1 2 53 3
2636.05 0 2 1 1 1 2 1 2 53 3
2641.22 1 3 1 1 0 2 1 2 53 3
2641.3 1 3 1 1 0 1 1 1 53 4
2642.58 1 3 1 1 0 0 1 0 53 5
2665.69 1 3 1 1 1 1 0 0 53 5
2667.7 1 4 1 1 1 1 1 0 52 5
2678.19 1 4 1 1 1 2 1 1 52 4
2679.18 1 4 1 1 1 3 1 2 52 3
2681.9 1 4 1 1 1 2 1 1 52 4
2683.33 1 4 1 1 1 1 1 0 52 5
2698.36 1 3 1 1 0 1 1 1 52 5
2703.47 1 2 1 1 0 1 0 1 53 5
2707.51 1 2 1 1 0 2 0 2 53 4
2711.18 1 2 2 2 0 1 0 2 53 4
2713.26 0 1 2 2 1 1 0 2 53 4
2713.77 0 1 2 2 1 2 0 3 53 3
2722.5 0 1 2 2 1 1 0 2 53 4
2728.52 0 1 1 1 1 2 0 2 53 4
2730.76 0 1 1 1 1 1 0 1 53 5
2735.49 0 1 1 1 1 2 0 2 53 4
2738.77 0 1 1 1 1 1 0 1 53 5
2747 0 1 1 1 1 2 0 2 53 4
2762.11 0 1 1 1 0 1 1 2 53 4
2765.56 0 2 1 1 1 1 1 1 53 4
2768.7 1 3 1 1 0 1 1 1 53 4
2768.76 1 3 1 1 0 2 1 2 53 3
2770.03 1 3 1 1 0 1 1 1 53 4
2770.97 1 3 1 1 0 0 1 0 53 5
2782.04 1 4 1 1 0 0 2 0 52 5
2783.14 1 4 1 1 0 1 2 1 52 4
2787.16 1 5 1 1 1 1 2 0 52 4
2787.84 2 6 1 1 0 1 2 0 52 4
2803.26 1 5 1 1 1 1 2 0 52 4
2804.38 1 5 2 2 1 0 2 0 52 4
2808.12 1 5 1 1 1 1 2 0 52 4
2811.71 1 5 1 1 1 2 2 1 52 3
2814.42 1 5 2 2 1 1 2 1 52 3
2816.3 1 4 2 2 0 1 2 2 52 3
2817.42 1 4 1 1 0 2 2 2 52 3
2829.68 1 3 1 1 0 2 1 2 53 3
2832.84 0 2 1 1 1 2 1 2 53 3
2850.15 0 2 1 1 1 1 1 1 53 4
2854.77 0 2 1 1 1 2 1 2 53 3
2856.2 0 3 1 1 2 2 1 1 53 3
2860.9 1 4 1 1 1 2 1 1 53 3
2862.95 1 5 1 1 2 2 1 0 53 3
2867.17 1 4 1 1 1 2 1 1 53 3
2871.31 1 3 1 1 1 2 0 1 54 3
2873.66 1 3 0 0 1 3 0 1 54 3
2904.46 0 2 0 0 2 3 0 1 54 3
2908.87 0 2 0 0 2 2 0 0 54 4
2909.16 0 2 0 0 2 3 0 1 54 3
2920.6 1 3 0 0 1 3 0 1 54 3
2925.67 1 3 0 0 1 4 0 2 54 2
2926.83 1 3 0 0 1 3 0 1 54 3
2934.01 1 3 0 0 1 2 0 0 54 4
2938.4 1 2 0 0 0 2 0 1 54 4
2941.26 1 2 0 0 0 3 0 2 54 3
2951.57 1 2 1 1 0 2 0 2 54 3
2954.33 1 3 1 1 0 2 1 2 53 3
2973.87 1 3 1 1 0 1 1 1 53 4
2981.47 1 2 1 1 0 1 0 1 54 4
2983.67 1 2 1 1 0 2 0 2 54 3
2986.63 1 2 2 2 0 1 0 2 54 3
2987.7 1 3 2 2 1 1 0 1 54 3
2992.09 1 3 1 1 1 2 0 1 54 3
2992.09 1 3 1 1 1 2 0 1 54 3
