0 60 120 60 60 0 0 0 0 0 0
0.0137083 59 119 60 60 1 0 0 0 0 0
0.0178986 58 118 60 60 2 0 0 0 0 0
0.0321516 58 118 59 59 2 1 0 0 0 0
0.0383221 57 117 59 59 3 1 0 0 0 0
0.0456542 56 116 59 59 4 1 0 0 0 0
0.0487742 56 116 58 58 4 2 0 0 0 0
0.0615073 56 116 57 57 4 3 0 0 0 0
0.078544 55 115 57 57 5 3 0 0 0 0
0.104156 55 115 56 56 5 4 0 0 0 0
0.132825 54 114 56 56 6 4 0 0 0 0
0.138851 54 114 55 55 6 5 0 0 0 0
0.162241 54 114 54 54 6 6 0 0 0 0
0.16822 53 113 54 54 7 6 0 0 0 0
0.184205 52 112 54 54 8 6 0 0 0 0
0.196093 51 111 54 54 9 6 0 0 0 0
0.206517 51 111 53 53 9 7 0 0 0 0
0.218463 50 110 53 53 10 7 0 0 0 0
0.218514 50 110 52 52 10 8 0 0 0 0
0.248493 50 110 51 51 10 9 0 0 0 0
0.280862 50 110 50 50 10 10 0 0 0 0
0.28457 50 109 50 50 9 10 0 1 0 0
0.30077 49 108 50 50 10 10 0 1 0 0
0.306819 49 108 49 49 10 11 0 1 0 0
0.327035 49 108 48 48 10 12 0 1 0 0
0.336454 48 107 48 48 11 12 0 1 0 0
0.357392 47 106 48 48 12 12 0 1 0 0
0.40493 46 105 48 48 13 12 0 1 0 0
0.407054 46 105 47 47 13 13 0 1 0 0
0.412456 45 104 47 47 14 13 0 1 0 0
0.461128 44 103 47 47 15 13 0 1 0 0
0.487406 43 102 47 47 16 13 0 1 0 0
0.488792 43 102 46 46 16 14 0 1 0 0
0.493931 43 101 46 46 15 14 0 2 0 0
0.509269 43 100 46 46 14 14 0 3 0 0
0.520141 42 99 46 46 15 14 0 3 0 0
0.530079 41 98 46 46 16 14 0 3 0 0
0.545288 41 97 46 46 15 14 0 4 0 0
0.558465 40 96 46 46 16 14 0 4 0 0
0.569629 40 96 45 45 16 15 0 4 0 0
0.571169 39 95 45 45 17 15 0 4 0 0
0.606598 38 94 45 45 18 15 0 4 0 0
0.630093 37 93 45 45 19 15 0 4 0 0
0.6385 36 92 45 45 20 15 0 4 0 0
0.640531 35 91 45 45 21 15 0 4 0 0
0.660112 35 90 45 45 20 15 0 5 0 0
0.673352 35 90 44 44 20 16 0 5 0 0
0.687494 34 89 44 44 21 16 0 5 0 0
0.719466 33 88 44 44 22 16 0 5 0 0
0.740817 33 88 43 43 22 17 0 5 0 0
0.790685 33 87 43 43 21 17 0 6 0 0
0.834051 33 87 42 42 21 18 0 6 0 0
0.868571 33 87 41 41 21 19 0 6 0 0
0.880602 33 87 40 40 21 20 0 6 0 0
0.890152 32 86 40 40 22 20 0 6 0 0
0.908705 32 86 39 39 22 21 0 6 0 0
0.944905 32 86 38 38 22 22 0 6 0 0
0.951488 32 86 37 37 22 23 0 6 0 0
0.957714 31 85 37 37 23 23 0 6 0 0
0.968295 31 85 37 37 22 22 1 6 0 0
0.975441 31 84 37 37 21 22 1 7 0 0
0.987016 30 83 37 37 22 22 1 7 0 0
1.00165 29 82 37 37 23 22 1 7 0 0
1.01168 29 81 37 37 22 22 1 8 0 0
1.04014 29 81 37 37 22 21 1 7 0 1
1.06725 28 80 37 37 23 21 1 7 0 1
1.07127 28 80 36 36 23 22 1 7 0 1
1.18321 27 79 36 36 24 22 1 7 0 1
1.1843 27 79 35 35 24 23 1 7 0 1
1.19332 27 79 35 35 23 22 2 7 0 1
1.20333 26 78 35 35 24 22 2 7 0 1
1.25166 26 77 35 35 23 22 2 8 0 1
1.26244 26 76 35 35 22 22 2 9 0 1
1.29336 26 76 34 34 22 23 2 9 0 1
1.33012 26 75 34 34 21 23 2 10 0 1
1.42015 26 75 34 34 21 22 2 9 0 2
1.42413 26 75 34 34 20 21 3 9 0 2
1.47114 25 74 34 34 21 21 3 9 0 2
1.48089 25 73 34 34 20 21 3 10 0 2
1.54859 25 73 34 34 20 20 3 9 0 3
1.55561 25 73 33 33 20 21 3 9 0 3
1.58515 25 73 33 33 19 20 4 9 0 3
1.59115 24 72 33 33 20 20 4 9 0 3
1.6038 24 71 33 33 19 20 4 10 0 3
1.60658 23 70 33 33 20 20 4 10 0 3
1.63703 23 70 33 33 19 19 5 10 0 3
1.66309 23 70 32 32 19 20 5 10 0 3
1.68998 22 69 32 32 20 20 5 10 0 3
1.72174 22 68 32 32 20 20 4 10 1 3
1.74687 22 68 32 32 19 19 5 10 1 3
1.76349 22 68 31 31 19 20 5 10 1 3
1.78393 22 68 30 30 19 21 5 10 1 3
1.86254 22 67 30 30 19 21 4 10 2 3
1.86946 22 66 30 30 18 21 4 11 2 3
1.89364 22 65 30 30 17 21 4 12 2 3
1.9037 21 64 30 30 18 21 4 12 2 3
1.94761 20 63 30 30 19 21 4 12 2 3
1.95315 19 62 30 30 20 21 4 12 2 3
1.98255 19 62 29 29 20 22 4 12 2 3
1.9892 19 62 28 28 20 23 4 12 2 3
1.99727 18 61 28 28 21 23 4 12 2 3
2.00169 17 60 28 28 22 23 4 12 2 3
2.01744 17 60 27 27 22 24 4 12 2 3
2.06814 17 60 27 27 22 23 4 11 2 4
2.07008 17 59 27 27 21 23 4 12 2 4
2.09309 17 59 27 27 20 22 5 12 2 4
2.1722 16 58 27 27 21 22 5 12 2 4
2.17415 15 57 27 27 22 22 5 12 2 4
2.18728 15 56 27 27 21 22 5 13 2 4
2.18933 14 55 27 27 22 22 5 13 2 4
2.2069 14 54 27 27 21 22 5 14 2 4
2.24207 14 54 27 27 21 21 5 13 2 5
2.25336 14 54 26 26 21 22 5 13 2 5
2.25542 13 53 26 26 22 22 5 13 2 5
2.26837 13 52 26 26 21 22 5 14 2 5
2.29823 13 52 26 26 20 21 6 14 2 5
2.30134 13 52 25 25 20 22 6 14 2 5
2.31648 13 51 25 25 20 22 5 14 3 5
2.3365 13 51 25 25 20 21 5 13 3 6
2.3648 13 50 25 25 20 21 4 13 4 6
2.38941 12 49 25 25 21 21 4 13 4 6
2.49821 12 48 25 25 20 21 4 14 4 6
2.62022 11 47 25 25 21 21 4 14 4 6
2.62673 11 46 25 25 20 21 4 15 4 6
2.63833 11 45 25 25 19 21 4 16 4 6
2.64188 11 45 25 25 18 20 5 16 4 6
2.67643 11 45 24 24 18 21 5 16 4 6
2.73682 11 45 23 23 18 22 5 16 4 6
2.76436 11 45 22 22 18 23 5 16 4 6
2.80967 11 45 21 21 18 24 5 16 4 6
3.04118 11 45 21 21 18 23 5 15 4 7
3.05261 11 45 21 21 18 22 5 14 4 8
3.12836 11 44 21 21 18 22 4 14 5 8
3.16626 11 44 21 21 18 21 4 13 5 9
3.21499 10 43 21 21 19 21 4 13 5 9
3.26223 10 43 22 22 19 20 4 13 5 9
3.42675 10 42 22 22 19 20 3 13 6 9
3.44973 9 41 22 22 20 20 3 13 6 9
3.4843 9 40 22 22 20 20 2 13 7 9
3.49154 9 40 21 21 20 21 2 13 7 9
3.55374 9 39 21 21 19 21 2 14 7 9
3.57261 9 39 21 21 19 20 2 13 7 10
3.69346 8 38 21 21 20 20 2 13 7 10
3.84918 8 37 21 21 19 20 2 14 7 10
3.93356 8 37 21 21 18 19 3 14 7 10
4.26817 8 37 20 20 18 20 3 14 7 10
4.33482 8 36 20 20 17 20 3 15 7 10
4.43914 8 35 20 20 16 20 3 16 7 10
4.5232 8 34 20 20 15 20 3 17 7 10
4.58015 8 33 20 20 14 20 3 18 7 10
4.6048 8 33 20 20 14 19 3 17 7 11
4.63291 8 32 20 20 13 19 3 18 7 11
4.70728 8 32 19 19 13 20 3 18 7 11
4.71718 8 32 19 19 13 19 3 17 7 12
4.72704 8 32 19 19 13 18 3 16 7 13
4.84124 8 32 18 18 13 19 3 16 7 13
4.88662 8 33 18 18 14 19 3 15 7 13
5.10026 8 32 18 18 13 19 3 16 7 13
5.65652 7 31 18 18 14 19 3 16 7 13
5.7263 7 31 17 17 14 20 3 16 7 13
5.7643 7 31 17 17 13 19 4 16 7 13
5.81643 7 31 17 17 13 20 4 17 7 12
5.93439 7 31 17 17 13 19 4 16 7 13
5.98008 7 30 17 17 12 19 4 17 7 13
6.04891 6 29 17 17 13 19 4 17 7 13
6.1748 6 29 16 16 13 20 4 17 7 13
6.18397 6 29 16 16 13 19 4 16 7 14
6.19066 6 29 15 15 13 20 4 16 7 14
6.30782 6 29 15 15 13 19 4 15 7 15
6.45753 6 29 14 14 13 20 4 15 7 15
6.51017 6 28 14 14 13 20 3 15 8 15
6.60232 6 28 13 13 13 21 3 15 8 15
6.68496 6 27 13 13 13 21 2 15 9 15
6.69998 6 26 13 13 13 21 1 15 10 15
6.75222 6 26 13 13 12 20 2 15 10 15
6.79145 6 26 12 12 12 21 2 15 10 15
6.82616 6 26 11 11 12 22 2 15 10 15
6.98455 6 26 11 11 13 23 1 15 10 15
6.98579 6 26 11 11 13 22 1 14 10 16
7.06103 6 25 11 11 12 22 1 15 10 16
7.07997 6 25 11 11 12 21 1 14 10 17
7.13695 6 25 11 11 12 20 1 13 10 18
7.18691 6 24 11 11 11 20 1 14 10 18
7.64726 6 24 12 12 11 19 1 14 10 18
7.77865 6 24 11 11 11 20 1 14 10 18
8.07191 7 25 11 11 10 20 1 14 10 18
8.12025 7 24 11 11 9 20 1 15 10 18
8.47149 6 23 11 11 10 20 1 15 10 18
8.47966 7 24 11 11 9 20 1 15 10 18
8.56028 7 23 11 11 8 20 1 16 10 18
8.76336 7 23 10 10 8 21 1 16 10 18
8.79605 7 23 11 11 8 20 1 16 10 18
8.89773 6 22 11 11 9 20 1 16 10 18
8.91119 6 21 11 11 8 20 1 17 10 18
8.93807 6 20 11 11 8 20 0 17 11 18
8.95368 6 20 11 11 8 19 0 16 11 19
9.24984 6 19 11 11 7 19 0 17 11 19
9.38665 6 19 11 11 7 18 0 16 11 20
9.88361 6 18 11 11 6 18 0 17 11 20
9.93561 6 18 11 11 5 17 1 17 11 20
10.0077 6 18 11 11 5 16 1 16 11 21
10.2206 6 18 11 11 4 15 2 16 11 21
10.4471 6 18 11 11 3 14 3 16 11 21
10.6108 6 18 10 10 3 15 3 16 11 21
10.8513 6 18 10 10 3 16 3 17 11 20
10.8966 6 18 10 10 3 15 3 16 11 21
11.216 6 18 10 10 3 14 3 15 11 22
11.3811 6 18 10 10 3 13 3 14 11 23
11.5031 6 18 10 10 2 12 4 14 11 23
11.9969 6 17 10 10 2 12 3 14 12 23
12.0638 5 16 10 10 3 12 3 14 12 23
12.742 5 17 10 10 4 12 3 13 12 23
12.8951 5 16 10 10 4 12 2 13 13 23
12.9861 5 16 10 10 4 11 2 12 13 24
13.0125 5 15 10 10 4 11 1 12 14 24
13.0239 5 15 10 10 4 10 1 11 14 25
13.4298 5 15 9 9 4 11 1 11 14 25
13.46 5 14 9 9 3 11 1 12 14 25
13.5932 5 14 9 9 2 10 2 12 14 25
13.6665 5 14 9 9 2 11 2 13 14 24
14.0142 5 14 9 9 2 10 2 12 14 25
14.2607 5 13 9 9 1 10 2 13 14 25
14.8942 5 13 9 9 1 11 2 14 14 24
15.4208 5 13 9 9 1 10 2 13 14 25
15.8455 5 13 8 8 1 11 2 13 14 25
16.5364 4 12 8 8 2 11 2 13 14 25
16.914 4 12 7 7 2 12 2 13 14 25
16.9334 4 13 7 7 3 12 2 12 14 25
17.0646 4 13 7 7 3 11 2 11 14 26
17.3671 4 13 7 7 3 10 2 10 14 27
18.4165 4 12 7 7 3 10 1 10 15 27
19.2011 4 12 7 7 2 9 2 10 15 27
19.3834 3 11 7 7 3 9 2 10 15 27
19.4477 3 11 7 7 2 8 3 10 15 27
19.8787 3 11 7 7 2 7 3 9 15 28
20.5546 3 11 7 7 2 6 3 8 15 29
21.278 3 11 7 7 2 5 3 7 15 30
22.0873 3 10 7 7 2 5 2 7 16 30
22.3528 3 9 7 7 2 5 1 7 17 30
23.6386 3 9 7 7 2 6 1 8 17 29
23.8253 3 9 6 6 2 7 1 8 17 29
23.8463 2 8 6 6 3 7 1 8 17 29
24.3061 2 8 6 6 3 8 1 9 17 28
24.3619 2 8 5 5 3 9 1 9 17 28
24.6843 2 7 5 5 2 9 1 10 17 28
24.8925 2 7 5 5 2 8 1 9 17 29
25.1167 2 7 5 5 2 9 1 10 17 28
25.1718 2 7 5 5 2 8 1 9 17 29
25.2665 2 8 5 5 3 8 1 8 17 29
25.5347 2 8 5 5 2 7 2 8 17 29
26.0861 2 8 5 5 2 8 2 9 17 28
26.1269 2 8 5 5 2 7 2 8 17 29
26.4739 2 8 4 4 2 8 2 8 17 29
28.3712 2 8 4 4 1 7 3 8 17 29
28.7575 2 8 4 4 0 6 4 8 17 29
30.2958 2 7 4 4 0 6 3 8 18 29
30.9664 2 7 3 3 0 7 3 8 18 29
31.8093 2 7 3 3 0 8 3 9 18 28
31.811 2 7 3 3 0 7 3 8 18 29
31.811 2 7 3 3 0 6 3 7 18 30
32.3104 2 7 3 3 0 7 3 8 18 29
33.831 2 6 3 3 0 7 2 8 19 29
34.3998 1 5 3 3 1 7 2 8 19 29
34.8377 1 5 3 3 1 6 2 7 19 30
35.0271 1 4 3 3 0 6 2 8 19 30
35.5186 1 4 3 3 0 5 2 7 19 31
38.1577 1 5 3 3 1 5 2 6 19 31
38.2849 1 5 3 3 1 6 2 7 19 30
38.6312 1 5 3 3 1 7 2 8 19 29
38.7509 1 5 3 3 1 6 2 7 19 30
40.8338 1 5 3 3 1 7 2 8 19 29
41.3432 1 5 3 3 1 6 2 7 19 30
43.6643 1 5 3 3 1 7 2 8 19 29
44.39 1 5 2 2 1 8 2 8 19 29
46.0679 1 5 2 2 1 7 2 7 19 30
46.4938 1 5 2 2 1 8 2 8 19 29
48.3256 1 5 2 2 1 9 2 9 19 28
48.3776 2 6 2 2 0 9 2 9 19 28
48.5329 2 6 2 2 0 8 2 8 19 29
48.5564 2 7 2 2 0 8 3 8 18 29
48.797 2 7 2 2 0 7 3 7 18 30
48.9356 2 7 2 2 0 8 3 8 18 29
50.7084 2 7 2 2 0 9 3 9 18 28
51.2329 2 7 2 2 0 10 3 10 18 27
51.4992 2 7 2 2 0 9 3 9 18 28
53.9731 2 7 2 2 0 10 3 10 18 27
54.6865 2 7 2 2 0 9 3 9 18 28
55.5558 2 7 2 2 0 8 3 8 18 29
56.1768 2 8 2 2 1 8 3 7 18 29
56.7112 2 8 2 2 1 7 3 6 18 30
58.4259 1 7 2 2 2 7 3 6 18 30
59.5123 1 6 2 2 2 7 2 6 19 30
59.645 1 5 2 2 2 7 1 6 20 30
59.8215 1 5 2 2 2 8 1 7 20 29
60.1161 1 5 2 2 2 9 1 8 20 28
61.022 1 5 2 2 2 8 1 7 20 29
61.838 1 5 2 2 1 7 2 7 20 29
63.129 1 5 2 2 1 6 2 6 20 30
63.2768 1 5 2 2 1 7 2 7 20 29
64.5484 1 5 2 2 1 6 2 6 20 30
67.7227 1 5 2 2 1 5 2 5 20 31
69.1355 1 5 2 2 1 4 2 4 20 32
69.3504 1 5 2 2 1 5 2 5 20 31
69.6446 1 5 2 2 1 4 2 4 20 32
71.2528 1 5 2 2 1 3 2 3 20 33
71.4697 1 5 3 3 1 2 2 3 20 33
72.8965 1 5 2 2 1 3 2 3 20 33
73.5927 1 4 2 2 1 3 1 3 21 33
75.4382 1 4 2 2 1 4 1 4 21 32
75.6546 1 4 2 2 1 5 1 5 21 31
77.5748 1 3 2 2 1 5 0 5 22 31
78.7658 1 3 2 2 1 6 0 6 22 30
80.2467 1 3 2 2 1 7 0 7 22 29
84.6053 1 3 2 2 1 6 0 6 22 30
85.8614 1 3 2 2 1 5 0 5 22 31
86.4127 2 4 2 2 0 5 0 5 22 31
87.2495 2 4 2 2 0 6 0 6 22 30
87.6231 2 4 2 2 0 5 0 5 22 31
88.5905 2 4 2 2 0 6 0 6 22 30
89.116 2 4 2 2 0 7 0 7 22 29
89.4495 2 4 3 3 0 6 0 7 22 29
91.9026 1 3 3 3 1 6 0 7 22 29
92.4753 1 3 3 3 1 7 0 8 22 28
93.7922 1 3 3 3 1 8 0 9 22 27
95.8327 1 3 3 3 0 7 1 9 22 27
96.0452 1 3 3 3 0 6 1 8 22 28
97.6542 1 3 3 3 0 5 1 7 22 29
97.8731 1 3 4 4 0 4 1 7 22 29
98.1489 1 3 4 4 0 5 1 8 22 28
98.6955 1 3 3 3 0 6 1 8 22 28
101.161 1 3 3 3 0 5 1 7 22 29
102.028 1 3 3 3 0 6 1 8 22 28
104.024 1 3 3 3 0 5 1 7 22 29
104.062 1 3 3 3 0 6 1 8 22 28
104.458 1 4 3 3 1 6 1 7 22 28
105.511 1 4 3 3 1 5 1 6 22 29
108.256 1 4 3 3 1 4 1 5 22 30
109.197 1 4 3 3 1 5 1 6 22 29
111.495 1 4 3 3 1 6 1 7 22 28
112.206 1 4 3 3 1 5 1 6 22 29
112.488 1 4 3 3 1 4 1 5 22 30
113.38 1 4 3 3 1 5 1 6 22 29
114.248 1 4 3 3 1 4 1 5 22 30
115.206 1 4 3 3 1 3 1 4 22 31
117.784 1 4 2 2 1 4 1 4 22 31
119.156 1 4 2 2 1 3 1 3 22 32
120.987 1 4 2 2 1 4 1 4 22 31
121.209 1 5 2 2 2 4 1 3 22 31
126.621 1 5 2 2 2 5 1 4 22 30
130.426 1 5 2 2 2 6 1 5 22 29
131.317 1 5 2 2 2 5 1 4 22 30
133.922 1 5 3 3 2 4 1 4 22 30
134.151 1 6 3 3 3 4 1 3 22 30
136.178 1 6 3 3 3 5 1 4 22 29
137.527 1 7 3 3 4 5 1 3 22 29
139.268 0 6 3 3 5 5 1 3 22 29
139.354 0 6 4 4 5 4 1 3 22 29
139.356 0 5 4 4 4 4 1 4 22 29
139.435 0 5 4 4 4 3 1 3 22 30
139.97 0 5 3 3 4 4 1 3 22 30
140.704 0 5 3 3 4 5 1 4 22 29
141.868 0 5 3 3 4 6 1 5 22 28
142.098 0 5 3 3 3 5 2 5 22 28
143.705 0 5 3 3 3 6 2 6 22 27
143.752 0 4 3 3 3 6 1 6 23 27
144.45 0 4 3 3 3 5 1 5 23 28
144.983 0 4 3 3 4 6 0 5 23 28
145.13 0 4 3 3 4 5 0 4 23 29
147.304 0 4 3 3 4 6 0 5 23 28
148.268 0 4 3 3 4 5 0 4 23 29
148.745 1 5 3 3 3 5 0 4 23 29
149.747 1 5 4 4 3 4 0 4 23 29
152.069 1 5 4 4 3 3 0 3 23 30
152.2 0 4 4 4 4 3 0 3 23 30
152.414 1 5 4 4 3 3 0 3 23 30
155.145 1 4 4 4 2 3 0 4 23 30
156.146 1 4 4 4 2 2 0 3 23 31
159.344 1 4 4 4 1 1 1 3 23 31
160.276 1 3 4 4 0 1 1 4 23 31
160.307 1 3 4 4 0 2 1 5 23 30
161.314 1 3 4 4 0 3 1 6 23 29
161.567 1 3 3 3 0 4 1 6 23 29
167.316 1 3 3 3 0 5 1 7 23 28
168.137 1 3 3 3 0 4 1 6 23 29
168.656 1 3 3 3 0 5 1 7 23 28
169.487 1 3 3 3 0 4 1 6 23 29
170.917 1 3 3 3 0 5 1 7 23 28
171.142 1 3 4 4 0 4 1 7 23 28
172.796 1 3 4 4 0 5 1 8 23 27
173.605 1 3 3 3 0 6 1 8 23 27
175.264 1 4 3 3 1 6 1 7 23 27
176.204 1 5 3 3 2 6 1 6 23 27
176.265 1 5 3 3 2 5 1 5 23 28
176.445 1 5 3 3 2 4 1 4 23 29
176.777 1 5 3 3 2 5 1 5 23 28
176.865 1 4 3 3 1 5 1 6 23 28
178.319 1 4 3 3 1 6 1 7 23 27
179.446 1 4 3 3 1 5 1 6 23 28
180.415 1 4 3 3 1 6 1 7 23 27
181.305 1 4 2 2 1 7 1 7 23 27
181.709 1 4 2 2 1 8 1 8 23 26
182.546 1 4 2 2 1 9 1 9 23 25
182.75 1 4 2 2 1 8 1 8 23 26
183.483 0 3 2 2 2 8 1 8 23 26
183.554 0 3 2 2 2 9 1 9 23 25
185.401 0 2 2 2 2 9 0 9 24 25
186.011 0 2 2 2 2 8 0 8 24 26
186.246 0 2 2 2 2 7 0 7 24 27
186.298 0 3 2 2 3 7 0 6 24 27
186.461 0 3 2 2 3 8 0 7 24 26
187.179 0 3 2 2 3 9 0 8 24 25
187.23 0 4 2 2 3 9 1 8 23 25
187.725 0 4 2 2 3 8 1 7 23 26
187.747 0 4 2 2 3 9 1 8 23 25
189.636 0 4 2 2 3 8 1 7 23 26
193.986 0 4 2 2 3 9 1 8 23 25
194.898 0 4 2 2 3 8 1 7 23 26
195.161 0 4 2 2 2 7 2 7 23 26
195.637 0 3 2 2 2 7 1 7 24 26
198.302 0 3 2 2 2 6 1 6 24 27
201.653 0 2 2 2 1 6 1 7 24 27
202.164 0 2 3 3 1 5 1 7 24 27
202.719 0 2 3 3 1 4 1 6 24 28
202.886 0 2 3 3 1 5 1 7 24 27
202.898 0 2 3 3 1 6 1 8 24 26
204.277 0 2 3 3 1 5 1 7 24 27
205.12 0 2 3 3 1 4 1 6 24 28
207.983 0 2 3 3 1 5 1 7 24 27
208.904 0 2 3 3 0 4 2 7 24 27
209.047 0 3 3 3 1 4 2 6 24 27
210.003 0 3 3 3 1 5 2 7 24 26
211.549 0 3 3 3 1 6 2 8 24 25
212.791 0 3 3 3 1 7 2 9 24 24
213.002 0 3 3 3 1 8 2 10 24 23
214.705 0 3 3 3 1 9 2 11 24 22
215.386 0 3 3 3 1 8 2 10 24 23
215.396 0 3 2 2 1 9 2 10 24 23
215.724 0 3 2 2 1 8 2 9 24 24
216.513 0 3 2 2 1 7 2 8 24 25
218.242 0 3 2 2 1 6 2 7 24 26
219.767 0 3 2 2 1 5 2 6 24 27
220.041 0 3 2 2 1 6 2 7 24 26
220.575 0 3 2 2 1 7 2 8 24 25
220.925 0 3 2 2 0 6 3 8 24 25
220.949 0 4 2 2 1 6 3 7 24 25
221.53 0 4 2 2 1 5 3 6 24 26
222.352 0 4 2 2 1 6 3 7 24 25
224.123 0 4 2 2 1 7 3 8 24 24
224.352 0 4 2 2 1 8 3 9 24 23
224.716 0 4 2 2 1 9 3 10 24 22
224.87 0 4 1 1 1 10 3 10 24 22
226.991 0 5 1 1 2 10 3 9 24 22
229.523 0 5 2 2 2 9 3 9 24 22
230.168 0 5 2 2 2 8 3 8 24 23
231.358 0 5 2 2 2 7 3 7 24 24
231.554 0 5 2 2 2 6 3 6 24 25
231.576 0 5 3 3 2 5 3 6 24 25
233.323 0 5 4 4 2 4 3 6 24 25
234.032 0 5 4 4 2 5 3 7 24 24
234.448 0 5 4 4 2 4 3 6 24 25
235.25 0 4 4 4 2 4 2 6 25 25
235.353 0 4 4 4 2 5 2 7 25 24
239.612 0 4 3 3 2 6 2 7 25 24
239.945 0 4 3 3 2 7 2 8 25 23
242.514 0 4 3 3 2 6 2 7 25 24
242.877 0 4 3 3 2 7 2 8 25 23
243.742 0 5 3 3 3 7 2 7 25 23
244.085 0 5 3 3 3 6 2 6 25 24
244.856 0 5 2 2 3 7 2 6 25 24
245.051 0 5 3 3 3 6 2 6 25 24
245.491 1 6 3 3 2 6 2 6 25 24
247.636 2 7 3 3 1 6 2 6 25 24
249.17 2 6 3 3 1 6 1 6 26 24
250.928 2 6 3 3 1 7 1 7 26 23
252.786 2 6 3 3 1 8 1 8 26 22
254.302 2 6 3 3 1 7 1 7 26 23
258.762 1 5 3 3 2 7 1 7 26 23
259.351 0 4 3 3 3 7 1 7 26 23
260.979 0 3 3 3 2 7 1 8 26 23
261.167 0 3 3 3 2 6 1 7 26 24
261.745 0 3 3 3 2 5 1 6 26 25
264.971 0 3 3 3 2 6 1 7 26 24
266.475 0 3 3 3 2 7 1 8 26 23
267.525 0 3 4 4 2 6 1 8 26 23
267.772 0 3 4 4 1 5 2 8 26 23
269.069 0 3 4 4 1 4 2 7 26 24
269.472 0 3 4 4 1 3 2 6 26 25
269.515 0 3 4 4 1 4 2 7 26 24
270.019 0 3 4 4 0 3 3 7 26 24
270.729 0 3 4 4 0 4 3 8 26 23
270.793 0 3 4 4 0 5 3 9 26 22
271.884 0 3 4 4 0 6 3 10 26 21
272.094 0 3 4 4 0 7 3 11 26 20
272.116 0 3 4 4 0 8 3 12 26 19
273.971 0 4 4 4 1 8 3 11 26 19
275.347 0 4 4 4 1 7 3 10 26 20
276.37 0 3 4 4 0 7 3 11 26 20
276.843 0 3 4 4 0 6 3 10 26 21
276.927 0 3 4 4 0 7 3 11 26 20
278.527 0 3 5 5 0 6 3 11 26 20
278.543 0 3 5 5 0 5 3 10 26 21
281.301 0 4 5 5 1 5 3 9 26 21
281.489 0 4 4 4 1 6 3 9 26 21
281.971 0 4 4 4 1 5 3 8 26 22
283.783 0 3 4 4 1 5 2 8 27 22
285.308 0 3 3 3 1 6 2 8 27 22
285.419 0 3 4 4 1 5 2 8 27 22
288.322 0 3 4 4 1 6 2 9 27 21
289.067 0 3 3 3 1 7 2 9 27 21
289.468 0 3 3 3 1 6 2 8 27 22
289.669 0 3 3 3 1 7 2 9 27 21
291.255 0 3 3 3 0 6 3 9 27 21
291.264 0 3 3 3 0 7 3 10 27 20
291.734 0 3 3 3 0 8 3 11 27 19
292.131 0 4 3 3 1 8 3 10 27 19
292.553 0 4 3 3 1 7 3 9 27 20
294.08 0 4 4 4 1 6 3 9 27 20
295.221 0 4 4 4 1 7 3 10 27 19
295.559 0 4 4 4 1 8 3 11 27 18
296.141 0 5 4 4 2 8 3 10 27 18
298.653 0 5 4 4 2 7 3 9 27 19
298.71 0 5 4 4 2 8 3 10 27 18
299.626 0 5 4 4 2 9 3 11 27 17
299.924 0 5 4 4 2 8 3 10 27 18
302.412 0 4 4 4 1 8 3 11 27 18
303.414 0 4 4 4 1 9 3 12 27 17
305.317 0 4 4 4 1 8 3 11 27 18
305.356 0 4 3 3 1 9 3 11 27 18
306.617 0 4 3 3 1 8 3 10 27 19
306.658 0 5 3 3 2 8 3 9 27 19
307.584 0 5 3 3 2 7 3 8 27 20
308.403 0 5 3 3 2 6 3 7 27 21
310.052 0 5 4 4 2 5 3 7 27 21
310.803 0 5 4 4 2 6 3 8 27 20
311.362 0 5 4 4 2 7 3 9 27 19
311.698 0 5 4 4 2 6 3 8 27 20
312.166 0 5 4 4 2 5 3 7 27 21
312.882 0 5 4 4 2 6 3 8 27 20
313.371 0 5 3 3 2 7 3 8 27 20
313.854 0 5 3 3 2 6 3 7 27 21
314.821 0 5 3 3 2 7 3 8 27 20
315.504 0 5 3 3 2 6 3 7 27 21
316.856 0 5 3 3 2 5 3 6 27 22
317.681 0 5 3 3 2 4 3 5 27 23
317.761 0 5 3 3 2 3 3 4 27 24
319.934 0 4 3 3 2 3 2 4 28 24
320.035 0 5 3 3 3 3 2 3 28 24
320.506 0 5 3 3 2 2 3 3 28 24
322.699 0 4 3 3 2 2 2 3 29 24
322.819 0 4 3 3 2 3 2 4 29 23
327.457 0 5 3 3 3 3 2 3 29 23
329.136 0 6 3 3 4 3 2 2 29 23
331.382 0 6 3 3 4 4 2 3 29 22
332.219 0 6 3 3 4 5 2 4 29 21
332.408 0 6 2 2 4 6 2 4 29 21
333.552 0 6 2 2 3 5 3 4 29 21
333.757 0 6 2 2 3 6 3 5 29 20
334.277 0 6 2 2 2 5 4 5 29 20
336.481 0 6 1 1 2 6 4 5 29 20
337.292 0 6 1 1 1 5 5 5 29 20
338.265 0 6 1 1 2 6 4 5 29 20
339.57 0 6 1 1 2 5 4 4 29 21
341.545 0 6 1 1 2 6 4 5 29 20
342.359 0 6 1 1 2 5 4 4 29 21
344.941 0 6 1 1 2 4 4 3 29 22
347.833 0 5 1 1 2 4 3 3 30 22
347.914 0 5 1 1 2 3 3 2 30 23
348.35 0 4 1 1 2 3 2 2 31 23
352.247 0 3 1 1 1 3 2 3 31 23
352.672 0 3 1 1 1 4 2 4 31 22
355.171 0 2 1 1 1 4 1 4 32 22
359.312 0 2 1 1 0 3 2 4 32 22
359.695 0 2 1 1 0 4 2 5 32 21
363.922 0 2 1 1 0 5 2 6 32 20
364.484 0 3 1 1 1 5 2 5 32 20
371.743 0 2 1 1 1 5 1 5 33 20
374.526 0 2 1 1 1 4 1 4 33 21
375.859 1 3 1 1 0 4 1 4 33 21
378.479 1 3 1 1 0 5 1 5 33 20
379.033 1 3 1 1 0 4 1 4 33 21
381.32 1 3 1 1 0 5 1 5 33 20
382.524 1 3 1 1 0 4 1 4 33 21
385.832 1 3 1 1 0 3 1 3 33 22
388.206 1 3 2 2 0 2 1 3 33 22
389.998 1 2 2 2 0 2 0 3 34 22
393.864 1 2 2 2 0 3 0 4 34 21
397.147 1 2 3 3 0 2 0 4 34 21
397.923 1 2 2 2 0 3 0 4 34 21
398.027 1 2 2 2 0 4 0 5 34 20
398.06 1 2 2 2 0 5 0 6 34 19
399.852 1 2 2 2 0 6 0 7 34 18
400.214 1 2 2 2 0 5 0 6 34 19
402.276 1 2 2 2 0 4 0 5 34 20
402.605 1 2 2 2 0 5 0 6 34 19
405.459 1 3 2 2 1 5 0 5 34 19
405.671 2 4 2 2 0 5 0 5 34 19
407.301 2 4 2 2 0 4 0 4 34 20
407.945 2 4 2 2 0 5 0 5 34 19
408.807 1 3 2 2 1 5 0 5 34 19
409.145 0 2 2 2 2 5 0 5 34 19
411.998 0 2 2 2 2 6 0 6 34 18
412.513 0 2 2 2 2 5 0 5 34 19
414.424 0 2 2 2 2 4 0 4 34 20
416.042 0 2 2 2 2 3 0 3 34 21
419.775 1 3 2 2 1 3 0 3 34 21
420.056 1 4 2 2 2 3 0 2 34 21
421.948 1 4 2 2 2 4 0 3 34 20
422.025 1 4 2 2 2 5 0 4 34 19
422.209 1 4 2 2 2 6 0 5 34 18
424.673 1 4 1 1 2 7 0 5 34 18
425.977 0 3 1 1 3 7 0 5 34 18
426.754 0 4 1 1 4 7 0 4 34 18
427.853 0 3 1 1 3 7 0 5 34 18
429.524 0 3 1 1 3 8 0 6 34 17
430.992 0 3 1 1 2 7 1 6 34 17
431.033 0 3 1 1 2 6 1 5 34 18
436.174 0 4 1 1 3 6 1 4 34 18
436.593 0 4 1 1 3 5 1 3 34 19
436.618 0 4 1 1 2 4 2 3 34 19
437.717 0 3 1 1 2 4 1 3 35 19
439.136 1 4 1 1 1 4 1 3 35 19
440.138 1 4 1 1 1 5 1 4 35 18
449.492 1 4 2 2 1 4 1 4 35 18
450.982 1 4 2 2 1 5 1 5 35 17
452.679 1 4 3 3 1 4 1 5 35 17
452.792 1 5 3 3 2 4 1 4 35 17
453.589 1 5 3 3 2 3 1 3 35 18
455.177 1 5 3 3 2 4 1 4 35 17
455.783 1 5 4 4 2 3 1 4 35 17
455.966 1 5 4 4 2 4 1 5 35 16
456.559 1 5 4 4 2 5 1 6 35 15
458.113 2 6 4 4 1 5 1 6 35 15
458.972 2 6 4 4 1 6 1 7 35 14
459.047 2 6 4 4 1 5 1 6 35 15
462.424 2 6 4 4 1 4 1 5 35 16
463.135 2 6 4 4 1 3 1 4 35 17
463.445 2 6 3 3 1 4 1 4 35 17
465.212 2 6 3 3 1 5 1 5 35 16
465.711 2 7 3 3 2 5 1 4 35 16
466.147 2 7 3 3 2 6 1 5 35 15
467.617 2 7 3 3 2 5 1 4 35 16
468.121 2 7 3 3 2 6 1 5 35 15
471.248 1 6 3 3 3 6 1 5 35 15
471.563 1 6 4 4 3 5 1 5 35 15
472.112 1 6 4 4 3 4 1 4 35 16
472.748 1 6 4 4 2 3 2 4 35 16
473.754 1 6 4 4 2 4 2 5 35 15
473.933 1 6 4 4 2 5 2 6 35 14
474.179 1 7 4 4 3 5 2 5 35 14
475.108 1 7 4 4 3 6 2 6 35 13
476.433 1 7 4 4 3 7 2 7 35 12
477.289 0 6 4 4 4 7 2 7 35 12
479.083 0 6 4 4 4 6 2 6 35 13
479.249 0 6 5 5 4 5 2 6 35 13
480.253 0 6 5 5 4 4 2 5 35 14
480.51 0 6 5 5 4 3 2 4 35 15
482.717 0 5 5 5 3 3 2 5 35 15
483.859 0 5 4 4 3 4 2 5 35 15
484.875 0 5 3 3 3 5 2 5 35 15
485.033 0 5 2 2 3 6 2 5 35 15
485.393 0 5 2 2 3 5 2 4 35 16
487.268 0 4 2 2 3 5 1 4 36 16
489.021 0 4 2 2 2 4 2 4 36 16
492.526 0 4 2 2 1 3 3 4 36 16
492.782 0 4 3 3 1 2 3 4 36 16
492.958 0 4 2 2 1 3 3 4 36 16
494.409 0 3 2 2 0 3 3 5 36 16
498.771 0 4 2 2 1 3 3 4 36 16
499.017 0 4 2 2 1 4 3 5 36 15
500.825 0 3 2 2 1 4 2 5 37 15
502.222 0 3 2 2 0 3 3 5 37 15
502.787 0 4 2 2 1 3 3 4 37 15
504.054 0 3 2 2 1 3 2 4 38 15
504.651 0 3 2 2 1 4 2 5 38 14
507.197 0 4 2 2 2 4 2 4 38 14
507.336 0 4 2 2 2 5 2 5 38 13
511.33 0 3 2 2 2 5 1 5 39 13
514.439 0 3 2 2 2 4 1 4 39 14
517.147 0 2 2 2 1 4 1 5 39 14
518.894 0 2 2 2 0 3 2 5 39 14
519.63 0 2 2 2 0 2 2 4 39 15
524.254 0 2 2 2 0 1 2 3 39 16
525.982 0 2 2 2 1 2 1 3 39 16
526.864 0 3 2 2 2 2 1 2 39 16
530.45 0 3 1 1 2 3 1 2 39 16
531.539 0 3 1 1 2 4 1 3 39 15
535.999 0 3 1 1 2 3 1 2 39 16
539.372 0 3 1 1 2 4 1 3 39 15
540.757 0 3 1 1 2 5 1 4 39 14
541.901 0 3 1 1 2 6 1 5 39 13
542.72 0 3 1 1 2 5 1 4 39 14
543.378 0 4 1 1 3 5 1 3 39 14
544.278 0 4 1 1 3 6 1 4 39 13
544.334 0 4 1 1 3 7 1 5 39 12
548.157 0 4 1 1 3 6 1 4 39 13
548.374 0 5 1 1 4 6 1 3 39 13
548.902 0 5 1 1 3 5 2 3 39 13
549.023 0 4 1 1 3 5 1 3 40 13
550.992 0 4 2 2 3 4 1 3 40 13
551.781 0 4 2 2 3 3 1 2 40 14
552.63 0 3 2 2 2 3 1 3 40 14
556.748 0 3 2 2 2 4 1 4 40 13
557.708 0 3 2 2 2 3 1 3 40 14
560.018 0 3 2 2 1 2 2 3 40 14
562.876 0 3 2 2 1 3 2 4 40 13
563.369 0 3 2 2 1 4 2 5 40 12
565.903 0 3 2 2 1 3 2 4 40 13
567.375 0 3 2 2 1 4 2 5 40 12
569.769 0 3 2 2 1 3 2 4 40 13
570.907 0 3 2 2 1 2 2 3 40 14
571.407 0 3 3 3 1 1 2 3 40 14
577.749 0 4 3 3 1 1 3 3 39 14
579.438 0 4 3 3 1 2 3 4 39 13
580.21 0 4 3 3 1 3 3 5 39 12
581.066 0 3 3 3 1 3 2 5 40 12
583.871 0 2 3 3 1 3 1 5 41 12
585.224 0 2 3 3 1 2 1 4 41 13
585.292 0 2 2 2 1 3 1 4 41 13
586.084 0 2 2 2 1 2 1 3 41 14
590.709 0 2 1 1 1 3 1 3 41 14
595.962 0 2 1 1 1 4 1 4 41 13
596.239 0 2 1 1 1 3 1 3 41 14
598.377 0 2 2 2 1 2 1 3 41 14
602.787 0 2 2 2 1 3 1 4 41 13
603.2 0 2 2 2 1 4 1 5 41 12
611.817 0 3 2 2 2 4 1 4 41 12
614.734 0 3 2 2 1 3 2 4 41 12
619.456 0 4 2 2 2 3 2 3 41 12
624.575 0 4 2 2 2 4 2 4 41 11
626.178 0 5 2 2 2 4 3 4 40 11
630.235 1 6 2 2 1 4 3 4 40 11
630.366 1 6 2 2 1 3 3 3 40 12
630.4 1 6 2 2 1 4 3 4 40 11
630.979 1 6 2 2 2 5 2 4 40 11
633.271 1 6 2 2 2 6 2 5 40 10
633.705 1 5 2 2 1 6 2 6 40 10
633.96 1 5 2 2 1 5 2 5 40 11
634.521 1 4 2 2 1 5 1 5 41 11
634.59 1 4 2 2 1 6 1 6 41 10
634.655 1 5 2 2 2 6 1 5 41 10
635.233 1 5 2 2 2 7 1 6 41 9
636.19 1 6 2 2 3 7 1 5 41 9
639.378 1 6 2 2 3 6 1 4 41 10
640.205 1 6 2 2 2 5 2 4 41 10
641.72 1 6 2 2 2 6 2 5 41 9
641.989 1 6 2 2 2 5 2 4 41 10
642.898 1 6 3 3 2 4 2 4 41 10
642.906 1 6 3 3 2 3 2 3 41 11
643.677 1 6 4 4 2 2 2 3 41 11
646.263 1 6 4 4 2 3 2 4 41 10
647.132 1 6 4 4 2 4 2 5 41 9
649.93 1 5 4 4 2 4 1 5 42 9
650.998 1 6 4 4 3 4 1 4 42 9
651.611 1 5 4 4 2 4 1 5 42 9
652.157 1 5 4 4 2 3 1 4 42 10
654.539 1 4 4 4 2 3 0 4 43 10
655.597 1 4 5 5 2 2 0 4 43 10
658.522 2 5 5 5 1 2 0 4 43 10
661.161 2 6 5 5 1 2 1 4 42 10
661.66 2 5 5 5 0 2 1 5 42 10
662.57 2 5 5 5 0 1 1 4 42 11
662.645 1 4 5 5 1 1 1 4 42 11
665.261 1 4 5 5 1 2 1 5 42 10
666.105 1 4 5 5 1 3 1 6 42 9
666.793 1 5 5 5 2 3 1 5 42 9
667.37 1 5 4 4 2 4 1 5 42 9
667.898 1 6 4 4 3 4 1 4 42 9
668.68 1 6 3 3 3 5 1 4 42 9
669.383 1 6 3 3 2 4 2 4 42 9
670.156 1 5 3 3 2 4 1 4 43 9
670.638 1 5 3 3 2 5 1 5 43 8
671.408 1 4 3 3 2 5 0 5 44 8
672.579 1 5 3 3 3 5 0 4 44 8
672.749 2 6 3 3 2 5 0 4 44 8
673.92 2 6 3 3 2 4 0 3 44 9
676.278 1 5 3 3 3 4 0 3 44 9
679.494 1 5 3 3 2 3 1 3 44 9
683.034 1 4 3 3 1 3 1 4 44 9
686.908 1 4 3 3 1 4 1 5 44 8
689.436 1 5 3 3 2 4 1 4 44 8
690.397 1 5 3 3 2 5 1 5 44 7
690.437 1 4 3 3 2 5 0 5 45 7
691.034 1 4 3 3 2 4 0 4 45 8
692.695 1 4 3 3 1 3 1 4 45 8
693.522 1 4 3 3 1 4 1 5 45 7
694.753 1 4 3 3 1 3 1 4 45 8
695.238 1 4 2 2 1 4 1 4 45 8
695.956 1 3 2 2 0 4 1 5 45 8
696.3 1 3 2 2 1 5 0 5 45 8
696.382 1 3 2 2 1 4 0 4 45 9
699.924 1 2 2 2 0 4 0 5 45 9
702.466 1 2 2 2 0 3 0 4 45 10
705.121 1 3 2 2 1 3 0 3 45 10
705.927 1 4 2 2 1 3 1 3 44 10
709.065 1 4 2 2 1 4 1 4 44 9
711.201 1 4 2 2 1 5 1 5 44 8
711.381 1 4 2 2 1 4 1 4 44 9
716.785 1 4 3 3 1 3 1 4 44 9
717.138 1 4 3 3 1 2 1 3 44 10
717.516 2 5 3 3 0 2 1 3 44 10
719.343 2 4 3 3 0 2 0 3 45 10
719.483 2 4 2 2 0 3 0 3 45 10
721.602 2 4 2 2 0 4 0 4 45 9
723.116 2 4 2 2 0 3 0 3 45 10
726.873 2 4 3 3 0 2 0 3 45 10
728.064 2 4 4 4 0 1 0 3 45 10
729.014 1 3 4 4 1 1 0 3 45 10
729.501 1 3 3 3 1 2 0 3 45 10
731.28 1 4 3 3 1 2 1 3 44 10
732.266 1 4 3 3 1 3 1 4 44 9
733.494 0 3 3 3 2 3 1 4 44 9
734.514 0 3 3 3 2 2 1 3 44 10
737.003 0 4 3 3 3 2 1 2 44 10
743.199 0 4 3 3 2 1 2 2 44 10
747.592 0 4 3 3 2 2 2 3 44 9
748.305 0 4 4 4 2 1 2 3 44 9
751.015 0 5 4 4 2 1 3 3 43 9
751.225 0 6 4 4 3 1 3 2 43 9
753 0 5 4 4 3 1 2 2 44 9
757.582 1 6 4 4 2 1 2 2 44 9
757.723 1 7 4 4 2 1 3 2 43 9
761.809 1 6 4 4 1 1 3 3 43 9
762.345 1 6 4 4 1 2 3 4 43 8
762.887 1 6 3 3 1 3 3 4 43 8
764.161 1 5 3 3 1 3 2 4 44 8
770.545 0 4 3 3 2 3 2 4 44 8
772.293 1 5 3 3 1 3 2 4 44 8
773.68 1 6 3 3 2 3 2 3 44 8
775.584 1 6 3 3 2 2 2 2 44 9
775.72 1 5 3 3 1 2 2 3 44 9
777.481 1 5 3 3 2 3 1 3 44 9
781.727 1 6 3 3 2 3 2 3 43 9
783.637 1 6 3 3 2 4 2 4 43 8
784.78 1 6 3 3 2 3 2 3 43 9
786.187 1 6 3 3 2 2 2 2 43 10
788.78 1 5 3 3 2 2 1 2 44 10
791.453 1 4 3 3 2 2 0 2 45 10
791.528 0 3 3 3 3 2 0 2 45 10
795.207 0 4 3 3 4 2 0 1 45 10
797.912 0 4 4 4 4 1 0 1 45 10
803.377 0 3 4 4 3 1 0 2 45 10
804.212 0 3 4 4 3 0 0 1 45 11
804.342 0 3 3 3 3 1 0 1 45 11
808.484 0 2 3 3 2 1 0 2 45 11
809.48 0 2 2 2 2 2 0 2 45 11
810.328 0 2 2 2 1 1 1 2 45 11
811.197 0 2 2 2 1 2 1 3 45 10
811.654 0 2 2 2 0 1 2 3 45 10
812.27 0 2 3 3 0 0 2 3 45 10
813.386 0 1 3 3 0 0 1 3 46 10
813.967 0 1 3 3 0 1 1 4 46 9
815.646 0 1 2 2 0 2 1 4 46 9
820.096 0 1 2 2 0 3 1 5 46 8
825.457 0 1 3 3 0 2 1 5 46 8
829.297 0 1 3 3 0 1 1 4 46 9
835.795 0 1 3 3 0 0 1 3 46 10
836.998 0 1 3 3 0 1 1 4 46 9
837.74 0 1 3 3 0 2 1 5 46 8
848.644 0 1 2 2 0 3 1 5 46 8
848.772 0 1 2 2 0 4 1 6 46 7
853.391 0 2 2 2 1 4 1 5 46 7
853.67 0 2 2 2 1 5 1 6 46 6
854.787 0 3 2 2 2 5 1 5 46 6
862.109 0 3 2 2 2 4 1 4 46 7
867.806 0 4 2 2 3 4 1 3 46 7
868.561 0 4 2 2 3 5 1 4 46 6
869.098 0 3 2 2 2 5 1 5 46 6
873.848 0 3 2 2 2 6 1 6 46 5
874.047 0 2 2 2 1 6 1 7 46 5
875.214 0 1 2 2 0 6 1 8 46 5
875.909 0 1 2 2 0 5 1 7 46 6
877.305 0 1 2 2 0 4 1 6 46 7
879.043 0 1 2 2 0 3 1 5 46 8
886.321 0 1 2 2 1 4 0 5 46 8
888.995 0 1 1 1 1 5 0 5 46 8
892.036 0 1 1 1 1 4 0 4 46 9
892.816 0 1 1 1 1 3 0 3 46 10
895.784 0 1 1 1 1 2 0 2 46 11
896.274 0 2 1 1 2 2 0 1 46 11
897.481 0 2 1 1 2 3 0 2 46 10
902.925 1 3 1 1 1 3 0 2 46 10
903.359 1 3 1 1 1 4 0 3 46 9
904.468 1 3 1 1 1 5 0 4 46 8
904.778 2 4 1 1 0 5 0 4 46 8
909.128 2 4 1 1 0 4 0 3 46 9
910.205 2 4 1 1 0 5 0 4 46 8
910.235 2 4 1 1 0 4 0 3 46 9
914.603 2 4 2 2 0 3 0 3 46 9
916.717 2 4 2 2 0 2 0 2 46 10
916.771 2 4 2 2 0 3 0 3 46 9
919.958 2 4 1 1 0 4 0 3 46 9
923.743 1 3 1 1 1 4 0 3 46 9
926.437 1 4 1 1 2 4 0 2 46 9
928.754 1 3 1 1 1 4 0 3 46 9
936.247 1 3 0 0 1 5 0 3 46 9
940.471 1 3 0 0 1 4 0 2 46 10
942.826 0 2 0 0 2 4 0 2 46 10
949.394 0 2 0 0 1 3 1 2 46 10
949.431 0 2 0 0 1 4 1 3 46 9
950.676 0 2 0 0 1 3 1 2 46 10
954.546 1 3 0 0 0 3 1 2 46 10
954.63 1 3 0 0 0 2 1 1 46 11
957.361 1 3 0 0 0 1 1 0 46 12
958.504 1 3 0 0 0 2 1 1 46 11
961.357 1 3 0 0 0 3 1 2 46 10
962.164 1 3 0 0 0 4 1 3 46 9
962.211 0 2 0 0 1 4 1 3 46 9
962.477 0 2 0 0 1 3 1 2 46 10
963.572 0 2 0 0 1 2 1 1 46 11
965.6 0 2 0 0 1 3 1 2 46 10
968.941 0 2 0 0 1 4 1 3 46 9
968.969 0 2 0 0 1 5 1 4 46 8
969.441 0 1 0 0 1 5 0 4 47 8
969.665 0 1 0 0 1 6 0 5 47 7
976.531 0 1 0 0 1 5 0 4 47 8
976.634 0 1 0 0 1 4 0 3 47 9
977.022 0 1 0 0 1 5 0 4 47 8
978.126 0 1 0 0 1 4 0 3 47 9
984.23 1 2 0 0 0 4 0 3 47 9
987.484 1 2 0 0 0 5 0 4 47 8
992.507 1 2 0 0 0 4 0 3 47 9
995.175 1 2 0 0 0 3 0 2 47 10
1000.95 1 3 0 0 0 3 1 2 46 10
1003.44 1 3 0 0 0 4 1 3 46 9
1004.76 1 2 0 0 0 4 0 3 47 9
1005.81 0 1 0 0 1 4 0 3 47 9
1006.31 0 1 0 0 1 5 0 4 47 8
1006.81 0 2 0 0 2 5 0 3 47 8
1007.34 0 3 0 0 3 5 0 2 47 8
1008.98 0 3 0 0 3 6 0 3 47 7
1011.28 0 3 0 0 3 5 0 2 47 8
1015.04 0 3 0 0 2 4 1 2 47 8
1017.68 0 3 0 0 2 5 1 3 47 7
1019.01 0 3 0 0 2 4 1 2 47 8
1022.92 0 3 0 0 2 5 1 3 47 7
1027.7 0 3 0 0 2 4 1 2 47 8
1033.72 0 3 1 1 2 3 1 2 47 8
1035.49 0 3 1 1 2 2 1 1 47 9
1035.75 0 3 1 1 1 1 2 1 47 9
1040.46 0 3 1 1 1 2 2 2 47 8
1048.07 0 3 0 0 1 3 2 2 47 8
1049.8 0 3 0 0 1 4 2 3 47 7
1050.6 0 3 0 0 1 3 2 2 47 8
1052.13 0 3 0 0 2 4 1 2 47 8
1057.54 0 3 0 0 1 3 2 2 47 8
1060.66 1 4 0 0 0 3 2 2 47 8
1062.88 1 5 0 0 0 3 3 2 46 8
1064.42 1 5 0 0 0 4 3 3 46 7
1066.87 1 4 0 0 0 4 2 3 47 7
1069.73 1 4 1 1 0 3 2 3 47 7
1079.61 1 4 1 1 0 2 2 2 47 8
1079.71 1 3 1 1 0 2 1 2 48 8
1092.75 1 4 1 1 1 2 1 1 48 8
1095.34 1 4 1 1 1 3 1 2 48 7
1097.29 1 4 1 1 1 4 1 3 48 6
1098.91 1 4 2 2 1 3 1 3 48 6
1099.56 1 4 1 1 1 4 1 3 48 6
1100.96 1 4 1 1 1 3 1 2 48 7
1102.99 1 3 1 1 1 3 0 2 49 7
1112.57 1 4 1 1 2 3 0 1 49 7
1116.45 1 4 1 1 2 2 0 0 49 8
1127.17 1 4 1 1 2 3 0 1 49 7
1127.21 1 4 2 2 2 2 0 1 49 7
1128.49 1 3 2 2 1 2 0 2 49 7
1129.65 0 2 2 2 2 2 0 2 49 7
1129.89 0 2 2 2 2 3 0 3 49 6
1131.87 0 2 2 2 2 4 0 4 49 5
1132.12 1 3 2 2 1 4 0 4 49 5
1134.48 1 3 2 2 1 3 0 3 49 6
1136.54 1 3 2 2 1 4 0 4 49 5
1141.6 0 2 2 2 2 4 0 4 49 5
1143 0 2 2 2 2 5 0 5 49 4
1146.54 0 2 2 2 1 4 1 5 49 4
1148.5 0 2 3 3 1 3 1 5 49 4
1151.28 0 2 3 3 1 2 1 4 49 5
1154.79 0 2 3 3 2 3 0 4 49 5
1154.89 0 2 3 3 2 2 0 3 49 6
1157.52 0 2 3 3 2 3 0 4 49 5
1157.57 0 2 2 2 2 4 0 4 49 5
1160.52 0 2 3 3 2 3 0 4 49 5
1166.3 0 2 3 3 1 2 1 4 49 5
1168.6 0 2 4 4 1 1 1 4 49 5
1174.86 0 1 4 4 1 1 0 4 50 5
1181.06 1 2 4 4 0 1 0 4 50 5
1182.02 1 3 4 4 1 1 0 3 50 5
1184.46 1 3 4 4 1 2 0 4 50 4
1185.35 0 2 4 4 2 2 0 4 50 4
1185.85 0 2 4 4 2 3 0 5 50 3
1189.93 0 2 4 4 1 2 1 5 50 3
1191.42 0 2 4 4 1 1 1 4 50 4
1192.12 0 2 4 4 1 2 1 5 50 3
1197.9 0 3 4 4 1 2 2 5 49 3
1201.18 0 3 4 4 1 1 2 4 49 4
1202.15 0 3 3 3 1 2 2 4 49 4
1203.61 0 3 2 2 1 3 2 4 49 4
1203.76 0 3 2 2 2 4 1 4 49 4
1207.14 0 3 2 2 2 3 1 3 49 5
1210.39 0 3 2 2 2 2 1 2 49 6
1211.1 0 3 2 2 2 1 1 1 49 7
1211.57 0 3 3 3 2 0 1 1 49 7
1219.19 0 2 3 3 1 0 1 2 49 7
1222.45 0 2 3 3 1 1 1 3 49 6
1226.3 0 1 3 3 1 1 0 3 50 6
1227.6 0 1 4 4 1 0 0 3 50 6
1229.81 0 1 3 3 1 1 0 3 50 6
1229.83 0 1 3 3 1 0 0 2 50 7
1237.58 0 1 2 2 1 1 0 2 50 7
1247.7 0 2 2 2 1 1 1 2 49 7
1249.62 0 2 2 2 1 2 1 3 49 6
1251.01 0 1 2 2 0 2 1 4 49 6
1251.78 0 2 2 2 1 2 1 3 49 6
1252.03 0 2 1 1 1 3 1 3 49 6
1262.47 0 2 1 1 1 2 1 2 49 7
1266.21 0 2 1 1 1 3 1 3 49 6
1267.53 0 2 1 1 1 2 1 2 49 7
1271.28 0 2 1 1 1 3 1 3 49 6
1272.95 0 2 1 1 1 4 1 4 49 5
1274.27 0 2 1 1 1 5 1 5 49 4
1278.99 0 2 1 1 1 4 1 4 49 5
1281.18 0 3 1 1 1 4 2 4 48 5
1282.33 0 3 1 1 1 3 2 3 48 6
1291.89 0 3 1 1 1 4 2 4 48 5
1293.35 0 2 1 1 1 4 1 4 49 5
1297.12 0 2 1 1 1 3 1 3 49 6
1297.17 0 2 1 1 1 4 1 4 49 5
1299.51 0 3 1 1 2 4 1 3 49 5
1300.95 0 3 1 1 2 3 1 2 49 6
1301.4 0 3 2 2 2 2 1 2 49 6
1303.02 0 2 2 2 1 2 1 3 49 6
1305.79 0 2 2 2 1 1 1 2 49 7
1308.35 0 2 2 2 1 2 1 3 49 6
1317.69 0 1 2 2 1 2 0 3 50 6
1319 0 1 2 2 1 3 0 4 50 5
1325.87 0 1 2 2 1 4 0 5 50 4
1333.84 1 2 2 2 0 4 0 5 50 4
1335.67 1 3 2 2 0 4 1 5 49 4
1344.6 1 3 2 2 0 3 1 4 49 5
1346.77 1 3 3 3 0 2 1 4 49 5
1347.76 1 4 3 3 1 2 1 3 49 5
1348.38 1 5 3 3 1 2 2 3 48 5
1349.19 1 5 2 2 1 3 2 3 48 5
1350.7 1 4 2 2 1 3 1 3 49 5
1352.11 1 4 2 2 1 2 1 2 49 6
1352.44 1 4 2 2 0 1 2 2 49 6
1354.06 1 3 2 2 0 1 1 2 50 6
1357.42 1 3 1 1 0 2 1 2 50 6
1364.14 1 4 1 1 1 2 1 1 50 6
1368.02 1 4 1 1 1 3 1 2 50 5
1372.42 1 4 1 1 1 2 1 1 50 6
1373.25 1 3 1 1 0 2 1 2 50 6
1386.17 1 3 1 1 0 1 1 1 50 7
1429.09 0 2 1 1 1 1 1 1 50 7
1429.54 0 3 1 1 2 1 1 0 50 7
1431.05 0 3 1 1 2 2 1 1 50 6
1435.76 1 4 1 1 1 2 1 1 50 6
1439.5 1 4 1 1 1 3 1 2 50 5
1440.52 1 4 1 1 1 4 1 3 50 4
1444.05 1 4 1 1 1 3 1 2 50 5
1448.08 1 4 1 1 0 2 2 2 50 5
1450.51 1 4 1 1 0 3 2 3 50 4
1452.53 0 3 1 1 1 3 2 3 50 4
1458.76 0 4 1 1 2 3 2 2 50 4
1460.23 0 4 1 1 2 2 2 1 50 5
1461.18 0 4 1 1 2 3 2 2 50 4
1461.2 0 4 1 1 2 2 2 1 50 5
1466.96 0 4 1 1 1 1 3 1 50 5
1467.41 0 3 1 1 1 1 2 1 51 5
1476.38 0 3 1 1 1 2 2 2 51 4
1477.98 0 3 1 1 1 3 2 3 51 3
1480.68 0 3 1 1 1 4 2 4 51 2
1483.67 0 4 1 1 2 4 2 3 51 2
1483.79 0 4 1 1 1 3 3 3 51 2
1484.72 0 3 1 1 1 3 2 3 52 2
1487.84 0 3 1 1 0 2 3 3 52 2
1491.82 0 3 1 1 0 3 3 4 52 1
1491.9 0 3 1 1 0 4 3 5 52 0
1491.92 0 2 1 1 0 4 2 5 53 0
1492.84 0 2 1 1 0 3 2 4 53 1
1494.8 0 2 1 1 0 2 2 3 53 2
1499.45 0 3 1 1 0 2 3 3 52 2
1512.43 0 3 2 2 0 1 3 3 52 2
1514.23 0 3 2 2 0 2 3 4 52 1
1515.25 0 4 2 2 1 2 3 3 52 1
1516.19 0 3 2 2 0 2 3 4 52 1
1517.71 0 2 2 2 0 2 2 4 53 1
1521.94 0 2 1 1 0 3 2 4 53 1
1536.78 0 2 1 1 0 2 2 3 53 2
1549.22 0 3 1 1 1 2 2 2 53 2
1551.57 1 4 1 1 0 2 2 2 53 2
1552.63 0 3 1 1 1 2 2 2 53 2
1555.87 0 4 1 1 1 2 3 2 52 2
1555.88 0 3 1 1 0 2 3 3 52 2
1556.32 0 4 1 1 1 2 3 2 52 2
1566.02 0 4 1 1 1 1 3 1 52 3
1571.44 0 3 1 1 0 1 3 2 52 3
1580.7 0 2 1 1 0 1 2 2 53 3
1595.6 0 2 1 1 0 2 2 3 53 2
1602.79 0 2 1 1 0 3 2 4 53 1
1604.33 0 2 0 0 0 4 2 4 53 1
1608.46 0 2 0 0 0 3 2 3 53 2
1615.71 0 3 0 0 1 3 2 2 53 2
1619.31 0 2 0 0 0 3 2 3 53 2
1629.83 0 2 1 1 0 2 2 3 53 2
1648.13 0 3 1 1 1 2 2 2 53 2
1660.87 0 4 1 1 2 2 2 1 53 2
1661.97 0 4 1 1 2 1 2 0 53 3
1663.98 0 4 1 1 3 2 1 0 53 3
1675.02 0 3 1 1 2 2 1 1 53 3
1678.01 0 3 1 1 1 1 2 1 53 3
1691.74 0 4 1 1 2 1 2 0 53 3
1693.69 0 3 1 1 2 1 1 0 54 3
1705.64 0 4 1 1 2 1 2 0 53 3
1714.1 0 3 1 1 1 1 2 1 53 3
1716.52 0 3 1 1 1 2 2 2 53 2
1720.54 0 3 1 1 1 3 2 3 53 1
1726.08 1 4 1 1 0 3 2 3 53 1
1727.24 1 4 2 2 0 2 2 3 53 1
1727.58 1 5 2 2 1 2 2 2 53 1
1733.14 1 5 2 2 1 3 2 3 53 0
1734.64 1 4 2 2 1 3 1 3 54 0
1735.41 1 3 2 2 1 3 0 3 55 0
1736.31 1 3 2 2 1 2 0 2 55 1
1749.86 1 4 2 2 2 2 0 1 55 1
1750.09 1 4 2 2 2 1 0 0 55 2
1750.28 0 3 2 2 3 1 0 0 55 2
1755.27 1 4 2 2 2 1 0 0 55 2
1761.16 1 3 2 2 1 1 0 1 55 2
1767.85 1 2 2 2 0 1 0 2 55 2
1769.21 1 2 2 2 0 2 0 3 55 1
1777.5 1 2 1 1 0 3 0 3 55 1
1777.75 1 2 1 1 0 2 0 2 55 2
1778.5 1 3 1 1 1 2 0 1 55 2
1790.6 1 4 1 1 2 2 0 0 55 2
1793.28 1 3 1 1 1 2 0 1 55 2
1794.72 1 3 0 0 1 3 0 1 55 2
1797.91 1 3 1 1 1 2 0 1 55 2
1802.26 1 2 1 1 0 2 0 2 55 2
1841.48 1 3 1 1 0 2 1 2 54 2
1850.98 1 3 1 1 0 3 1 3 54 1
1861.05 1 2 1 1 0 3 0 3 55 1
1861.2 1 2 1 1 0 2 0 2 55 2
1863.31 1 2 1 1 0 1 0 1 55 3
1864.11 0 1 1 1 1 1 0 1 55 3
1867.27 0 1 1 1 1 2 0 2 55 2
1885.36 0 1 1 1 1 3 0 3 55 1
1907.21 0 1 0 0 1 4 0 3 55 1
1910.92 0 2 0 0 2 4 0 2 55 1
1912.19 1 3 0 0 1 4 0 2 55 1
1913.48 1 2 0 0 0 4 0 3 55 1
1914.14 1 2 0 0 0 3 0 2 55 2
1919.6 1 2 1 1 0 2 0 2 55 2
1935.54 1 2 1 1 0 3 0 3 55 1
1936.77 1 2 1 1 0 2 0 2 55 2
1942.13 0 1 1 1 1 2 0 2 55 2
1958.39 0 2 1 1 1 2 1 2 54 2
1967.64 0 2 1 1 0 1 2 2 54 2
1985.97 0 2 1 1 0 2 2 3 54 1
1992.93 0 2 0 0 0 3 2 3 54 1
2010.29 0 1 0 0 0 3 1 3 55 1
2011.91 0 1 0 0 0 2 1 2 55 2
2012.45 0 1 0 0 0 3 1 3 55 1
2025.6 0 1 0 0 0 2 1 2 55 2
2028.57 0 1 0 0 0 3 1 3 55 1
2029.08 0 1 0 0 0 2 1 2 55 2
2045.86 0 1 0 0 0 3 1 3 55 1
2045.97 0 1 1 1 0 2 1 3 55 1
2056.19 0 1 1 1 0 1 1 2 55 2
2062.39 0 1 0 0 0 2 1 2 55 2
2074.44 0 0 0 0 0 2 0 2 56 2
2098.53 0 0 1 1 0 1 0 2 56 2
2103.27 0 0 2 2 0 0 0 2 56 2
2113.84 0 0 2 2 0 1 0 3 56 1
2126.8 0 1 2 2 1 1 0 2 56 1
2129 0 1 2 2 0 0 1 2 56 1
2133.02 0 2 2 2 0 0 2 2 55 1
2141.99 0 3 2 2 0 0 3 2 54 1
2149.78 0 2 2 2 0 0 2 2 55 1
2149.85 0 2 2 2 0 1 2 3 55 0
2157.98 0 3 2 2 1 1 2 2 55 0
2162.4 0 2 2 2 0 1 2 3 55 0
2164.78 0 2 2 2 0 0 2 2 55 1
2194.95 0 2 2 2 0 1 2 3 55 0
2199.4 0 2 2 2 0 0 2 2 55 1
2243.82 0 3 2 2 1 0 2 1 55 1
2247.34 0 3 1 1 1 1 2 1 55 1
2263.08 0 2 1 1 1 1 1 1 56 1
2272.04 1 3 1 1 0 1 1 1 56 1
2272.57 1 3 2 2 0 0 1 1 56 1
2288.67 1 4 2 2 0 0 2 1 55 1
2289.99 1 5 2 2 0 0 3 1 54 1
2297.01 0 4 2 2 1 0 3 1 54 1
2300.52 0 3 2 2 1 0 2 1 55 1
2303.45 0 2 2 2 0 0 2 2 55 1
2309.54 0 2 2 2 0 1 2 3 55 0
2316.37 0 3 2 2 1 1 2 2 55 0
2321.53 0 3 1 1 1 2 2 2 55 0
2326.89 0 2 1 1 0 2 2 3 55 0
2347.85 0 3 1 1 1 2 2 2 55 0
2348.02 0 3 1 1 0 1 3 2 55 0
2350.98 0 3 1 1 0 0 3 1 55 1
2367.51 0 4 1 1 0 0 4 1 54 1
2369.12 0 3 1 1 0 0 3 1 55 1
2382.39 0 4 1 1 0 0 4 1 54 1
2404.43 0 3 1 1 0 0 3 1 55 1
2412.17 0 4 1 1 1 0 3 0 55 1
2421.61 0 3 1 1 0 0 3 1 55 1
2421.79 0 3 1 1 1 1 2 1 55 1
2438 1 4 1 1 0 1 2 1 55 1
2451.51 1 3 1 1 0 1 1 1 56 1
2456.97 1 3 1 1 0 0 1 0 56 2
2463.84 1 3 1 1 0 1 1 1 56 1
2468.7 1 4 1 1 1 1 1 0 56 1
2475.37 2 5 1 1 0 1 1 0 56 1
2477.2 1 4 1 1 1 1 1 0 56 1
2479.69 1 3 1 1 1 1 0 0 57 1
2481.15 1 4 1 1 1 1 1 0 56 1
2493.89 1 3 1 1 0 1 1 1 56 1
2505.87 1 2 1 1 0 1 0 1 57 1
2521.79 1 2 1 1 0 0 0 0 57 2
2528.03 1 2 1 1 0 1 0 1 57 1
2556.78 1 2 1 1 0 2 0 2 57 0
2570.27 0 1 1 1 1 2 0 2 57 0
2575.87 0 1 1 1 1 1 0 1 57 1
2579.8 0 2 1 1 1 1 1 1 56 1
2580.82 0 1 1 1 1 1 0 1 57 1
2605.27 1 2 1 1 0 1 0 1 57 1
2628.61 1 3 1 1 0 1 1 1 56 1
2641.18 1 3 1 1 0 0 1 0 56 2
2653.14 1 3 1 1 0 1 1 1 56 1
2654.98 1 3 1 1 0 2 1 2 56 0
2661.84 1 3 2 2 0 1 1 2 56 0
2663.76 1 2 2 2 0 1 0 2 57 0
2676.79 0 1 2 2 1 1 0 2 57 0
2678.25 1 2 2 2 0 1 0 2 57 0
2689.41 1 2 2 2 0 0 0 1 57 1
2707.95 1 2 1 1 0 1 0 1 57 1
2722.07 1 2 2 2 0 0 0 1 57 1
2730.22 1 3 2 2 1 0 0 0 57 1
2732.44 1 3 1 1 1 1 0 0 57 1
2740.13 1 3 2 2 1 0 0 0 57 1
2747.4 1 2 2 2 0 0 0 1 57 1
2786.17 1 3 2 2 0 0 1 1 56 1
2800.1 1 3 1 1 0 1 1 1 56 1
2823.22 1 3 1 1 0 0 1 0 56 2
2836.16 1 3 1 1 0 1 1 1 56 1
2843.01 1 4 1 1 0 1 2 1 55 1
2846.76 1 3 1 1 0 1 1 1 56 1
2862.14 1 4 1 1 1 1 1 0 56 1
2870.44 0 3 1 1 2 1 1 0 56 1
2876.99 1 4 1 1 1 1 1 0 56 1
2881.2 1 3 1 1 0 1 1 1 56 1
2881.26 1 4 1 1 1 1 1 0 56 1
2881.27 1 3 1 1 0 1 1 1 56 1
2885.07 1 4 1 1 0 1 2 1 55 1
2887.54 0 3 1 1 1 1 2 1 55 1
2893.1 0 2 1 1 1 1 1 1 56 1
2897.55 1 3 1 1 0 1 1 1 56 1
2901.25 1 4 1 1 0 1 2 1 55 1
2903.22 1 4 1 1 1 2 1 1 55 1
2909.8 0 3 1 1 2 2 1 1 55 1
2912.08 0 3 2 2 2 1 1 1 55 1
2914.13 0 3 2 2 1 0 2 1 55 1
2914.31 0 4 2 2 1 0 3 1 54 1
2914.39 0 3 2 2 1 0 2 1 55 1
2915.33 0 2 2 2 1 0 1 1 56 1
2917.05 0 1 2 2 0 0 1 2 56 1
2918.39 0 2 2 2 1 0 1 1 56 1
2931.33 0 3 2 2 2 0 1 0 56 1
2938.82 0 4 2 2 2 0 2 0 55 1
2940.84 0 4 2 2 2 1 2 1 55 0
2941.12 0 4 1 1 2 2 2 1 55 0
2952.61 0 3 1 1 1 2 2 2 55 0
2956.14 0 3 2 2 1 1 2 2 55 0
2962.62 0 2 2 2 1 1 1 2 56 0
2967.99 1 3 2 2 0 1 1 2 56 0
2978.34 0 2 2 2 1 1 1 2 56 0
2986.37 0 3 2 2 2 1 1 1 56 0
2993.58 0 2 2 2 2 1 0 1 57 0
2995.52 0 2 2 2 1 0 1 1 57 0
2995.52 0 2 2 2 1 0 1 1 57 0
