0 60 120 60 60 0 0 0 0 0 0
0.0176934 59 119 60 60 1 0 0 0 0 0
0.0198526 58 118 60 60 2 0 0 0 0 0
0.0210292 58 118 59 59 2 1 0 0 0 0
0.0745745 58 118 58 58 2 2 0 0 0 0
0.0913458 58 118 57 57 2 3 0 0 0 0
0.102606 58 118 56 56 2 4 0 0 0 0
0.124828 57 117 56 56 3 4 0 0 0 0
0.131615 56 116 56 56 4 4 0 0 0 0
0.133136 56 115 56 56 3 4 0 1 0 0
0.174339 55 114 56 56 4 4 0 1 0 0
0.189324 54 113 56 56 5 4 0 1 0 0
0.194284 54 113 55 55 5 5 0 1 0 0
0.194766 53 112 55 55 6 5 0 1 0 0
0.203677 52 111 55 55 7 5 0 1 0 0
0.207786 52 111 54 54 7 6 0 1 0 0
0.223835 52 110 54 54 6 6 0 2 0 0
0.229634 51 109 54 54 7 6 0 2 0 0
0.238022 50 108 54 54 8 6 0 2 0 0
0.239619 49 107 54 54 9 6 0 2 0 0
0.25323 48 106 54 54 10 6 0 2 0 0
0.263307 48 106 53 53 10 7 0 2 0 0
0.263655 48 106 52 52 10 8 0 2 0 0
0.285845 48 106 51 51 10 9 0 2 0 0
0.305355 47 105 51 51 11 9 0 2 0 0
0.314285 46 104 51 51 12 9 0 2 0 0
0.333919 46 103 51 51 11 9 0 3 0 0
0.343373 46 102 51 51 10 9 0 4 0 0
0.347386 45 101 51 51 11 9 0 4 0 0
0.370402 44 100 51 51 12 9 0 4 0 0
0.376178 45 101 51 51 11 9 0 4 0 0
0.376419 44 100 51 51 12 9 0 4 0 0
0.37653 44 100 50 50 12 10 0 4 0 0
0.402848 44 100 49 49 12 11 0 4 0 0
0.426672 43 99 49 49 13 11 0 4 0 0
0.459793 43 99 48 48 13 12 0 4 0 0
0.481623 43 99 47 47 13 13 0 4 0 0
0.494454 42 98 47 47 14 13 0 4 0 0
0.512402 42 98 46 46 14 14 0 4 0 0
0.515483 42 98 45 45 14 15 0 4 0 0
0.518454 41 97 45 45 15 15 0 4 0 0
0.518796 40 96 45 45 16 15 0 4 0 0
0.539926 40 96 44 44 16 16 0 4 0 0
0.577912 39 95 44 44 17 16 0 4 0 0
0.630141 38 94 44 44 18 16 0 4 0 0
0.64666 38 94 44 44 17 15 1 4 0 0
0.665144 37 93 44 44 18 15 1 4 0 0
0.669325 36 92 44 44 19 15 1 4 0 0
0.724061 35 91 44 44 20 15 1 4 0 0
0.725565 34 90 44 44 21 15 1 4 0 0
0.767025 33 89 44 44 22 15 1 4 0 0
0.768043 32 88 44 44 23 15 1 4 0 0
0.774307 32 88 43 43 23 16 1 4 0 0
0.782578 31 87 43 43 24 16 1 4 0 0
0.820961 31 87 42 42 24 17 1 4 0 0
0.827262 32 88 42 42 23 17 1 4 0 0
0.829299 32 88 42 42 22 16 2 4 0 0
0.870495 31 87 42 42 23 16 2 4 0 0
0.898483 30 86 42 42 24 16 2 4 0 0
0.922206 29 85 42 42 25 16 2 4 0 0
0.931795 29 84 42 42 24 16 2 5 0 0
0.986851 30 85 42 42 23 16 2 5 0 0
1.03148 30 84 42 42 22 16 2 6 0 0
1.05302 29 83 42 42 23 16 2 6 0 0
1.05577 28 82 42 42 24 16 2 6 0 0
1.07185 29 83 42 42 23 16 2 6 0 0
1.09406 29 83 41 41 23 17 2 6 0 0
1.11414 28 82 41 41 24 17 2 6 0 0
1.11777 27 81 41 41 25 17 2 6 0 0
1.15788 28 82 41 41 24 17 2 6 0 0
1.17108 28 81 41 41 23 17 2 7 0 0
1.17162 28 81 40 40 23 18 2 7 0 0
1.1831 27 80 40 40 24 18 2 7 0 0
1.19247 27 79 40 40 23 18 2 8 0 0
1.21604 27 79 40 40 23 17 2 7 0 1
1.26007 27 79 40 40 23 16 2 6 0 2
1.26892 26 78 40 40 24 16 2 6 0 2
1.26969 26 77 40 40 23 16 2 7 0 2
1.32834 25 76 40 40 24 16 2 7 0 2
1.32929 25 75 40 40 23 16 2 8 0 2
1.34147 25 75 39 39 23 17 2 8 0 2
1.34268 25 74 39 39 22 17 2 9 0 2
1.34686 25 74 38 38 22 18 2 9 0 2
1.44157 25 73 38 38 22 18 1 9 1 2
1.46615 24 72 38 38 23 18 1 9 1 2
1.4763 24 71 38 38 22 18 1 10 1 2
1.5499 24 71 38 38 21 17 2 10 1 2
1.57677 24 71 38 38 20 16 3 10 1 2
1.58442 23 70 38 38 21 16 3 10 1 2
1.60345 22 69 38 38 22 16 3 10 1 2
1.60404 22 69 38 38 21 15 4 10 1 2
1.67438 22 68 38 38 21 15 3 10 2 2
1.67895 21 67 38 38 22 15 3 10 2 2
1.70137 21 66 38 38 21 15 3 11 2 2
1.73021 21 66 37 37 21 16 3 11 2 2
1.73356 21 66 37 37 21 15 3 10 2 3
1.73868 21 65 37 37 20 15 3 11 2 3
1.74116 21 64 37 37 20 15 2 11 3 3
1.79332 21 64 37 37 20 14 2 10 3 4
1.82376 21 64 36 36 20 15 2 10 3 4
1.8897 20 63 36 36 21 15 2 10 3 4
1.91239 19 62 36 36 22 15 2 10 3 4
1.9238 19 61 36 36 21 15 2 11 3 4
1.92963 19 61 35 35 21 16 2 11 3 4
1.93437 19 61 34 34 21 17 2 11 3 4
1.95407 19 60 34 34 20 17 2 12 3 4
1.95533 19 60 34 34 19 16 3 12 3 4
1.97881 19 59 34 34 18 16 3 13 3 4
1.99282 19 59 34 34 18 15 3 12 3 5
2.00326 18 58 34 34 19 15 3 12 3 5
2.03923 18 58 34 34 18 14 4 12 3 5
2.24162 17 57 34 34 19 14 4 12 3 5
2.26839 17 56 34 34 18 14 4 13 3 5
2.27285 17 55 34 34 18 14 3 13 4 5
2.27826 16 54 34 34 19 14 3 13 4 5
2.33573 17 55 34 34 18 14 3 13 4 5
2.38046 17 54 34 34 17 14 3 14 4 5
2.44934 16 53 34 34 18 14 3 14 4 5
2.47229 15 52 34 34 19 14 3 14 4 5
2.50347 15 52 33 33 19 15 3 14 4 5
2.54742 14 51 33 33 20 15 3 14 4 5
2.60074 14 51 32 32 20 16 3 14 4 5
2.61951 14 50 32 32 19 16 3 15 4 5
2.7123 14 50 31 31 19 17 3 15 4 5
2.72618 14 49 31 31 18 17 3 16 4 5
2.77336 13 48 31 31 19 17 3 16 4 5
2.80463 13 48 30 30 19 18 3 16 4 5
2.85959 13 48 30 30 19 17 3 15 4 6
2.91921 12 47 30 30 20 17 3 15 4 6
2.94065 11 46 30 30 21 17 3 15 4 6
2.97866 11 45 30 30 20 17 3 16 4 6
3.07851 11 44 30 30 19 17 3 17 4 6
3.10683 11 44 29 29 19 18 3 17 4 6
3.12115 10 43 29 29 20 18 3 17 4 6
3.1807 10 43 28 28 20 19 3 17 4 6
3.21179 10 42 28 28 19 19 3 18 4 6
3.29218 10 41 28 28 18 19 3 19 4 6
3.29691 10 40 28 28 17 19 3 20 4 6
3.32741 9 39 28 28 18 19 3 20 4 6
3.43721 9 39 27 27 18 20 3 20 4 6
3.44473 9 39 27 27 17 19 4 20 4 6
3.50056 9 39 26 26 17 20 4 20 4 6
3.5135 9 38 26 26 16 20 4 21 4 6
3.57767 8 37 26 26 17 20 4 21 4 6
3.59011 8 37 26 26 17 19 4 20 4 7
3.69008 8 37 25 25 17 20 4 20 4 7
3.70532 8 37 24 24 17 21 4 20 4 7
3.7078 8 37 23 23 17 22 4 20 4 7
3.74057 8 36 23 23 16 22 4 21 4 7
3.7924 8 36 23 23 16 21 4 20 4 8
3.79962 8 36 23 23 16 20 4 19 4 9
3.84675 7 35 23 23 17 20 4 19 4 9
3.86711 7 35 23 23 16 19 5 19 4 9
3.87369 7 35 22 22 16 20 5 19 4 9
3.9334 6 34 22 22 17 20 5 19 4 9
3.97283 6 34 21 21 17 21 5 19 4 9
4.02104 6 34 21 21 17 20 5 18 4 10
4.05428 6 34 20 20 17 21 5 18 4 10
4.098 6 34 20 20 17 20 5 17 4 11
4.18018 6 34 20 20 16 19 6 17 4 11
4.19282 6 33 20 20 16 19 5 17 5 11
4.23753 6 32 20 20 15 19 5 18 5 11
4.25931 6 31 20 20 15 19 4 18 6 11
4.26693 6 31 19 19 15 20 4 18 6 11
4.39415 6 31 19 19 14 19 5 18 6 11
4.54129 5 30 19 19 15 19 5 18 6 11
4.6506 5 29 19 19 14 19 5 19 6 11
4.80226 5 29 20 20 14 18 5 19 6 11
4.80358 4 28 20 20 15 18 5 19 6 11
4.92062 4 28 20 20 14 17 6 19 6 11
5.14013 4 28 20 20 14 16 6 18 6 12
5.18004 4 27 20 20 14 16 5 18 7 12
5.21742 4 27 19 19 14 17 5 18 7 12
5.23813 4 27 18 18 14 18 5 18 7 12
5.41552 4 27 17 17 14 19 5 18 7 12
5.48139 4 27 18 18 14 18 5 18 7 12
5.53466 3 26 18 18 15 18 5 18 7 12
5.58582 3 26 18 18 14 17 6 18 7 12
5.64972 3 25 18 18 14 17 5 18 8 12
5.69924 3 24 18 18 13 17 5 19 8 12
5.7236 3 24 18 18 13 16 5 18 8 13
5.75221 2 23 18 18 14 16 5 18 8 13
5.85731 2 23 18 18 14 15 5 17 8 14
5.85889 2 23 18 18 13 14 6 17 8 14
5.86427 2 23 17 17 13 15 6 17 8 14
5.90179 1 22 17 17 14 15 6 17 8 14
5.90354 1 22 17 17 13 14 7 17 8 14
5.96908 1 21 17 17 12 14 7 18 8 14
6.03709 1 21 17 17 11 13 8 18 8 14
6.06376 1 20 17 17 10 13 8 19 8 14
6.16767 1 20 16 16 10 14 8 19 8 14
6.22025 1 20 16 16 10 15 8 20 8 13
6.37181 1 20 15 15 10 16 8 20 8 13
6.5301 1 20 15 15 10 15 8 19 8 14
6.57816 1 20 15 15 10 14 8 18 8 15
6.67935 1 19 15 15 10 14 7 18 9 15
6.74875 1 19 14 14 10 15 7 18 9 15
6.84753 1 19 14 14 11 16 6 18 9 15
7.13215 1 18 14 14 10 16 6 19 9 15
7.29991 1 18 13 13 10 17 6 19 9 15
7.35098 1 18 13 13 10 18 6 20 9 14
7.66847 1 18 13 13 10 17 6 19 9 15
7.81944 1 18 13 13 10 16 6 18 9 16
7.98624 1 18 13 13 10 15 6 17 9 17
7.98814 1 18 12 12 10 16 6 17 9 17
8.07072 1 17 12 12 10 16 5 17 10 17
8.2176 1 17 12 12 9 15 6 17 10 17
8.36245 1 17 12 12 9 14 6 16 10 18
8.49932 1 17 12 12 9 13 6 15 10 19
8.64372 1 17 11 11 9 14 6 15 10 19
8.75668 2 18 11 11 8 14 6 15 10 19
8.85283 2 18 10 10 8 15 6 15 10 19
9.24818 2 18 9 9 8 16 6 15 10 19
9.72056 2 18 9 9 7 15 7 15 10 19
9.83912 2 17 9 9 7 15 6 15 11 19
10.0826 2 17 9 9 6 14 7 15 11 19
10.2966 2 16 9 9 6 14 6 15 12 19
10.328 2 16 9 9 6 13 6 14 12 20
10.33 2 16 8 8 6 14 6 14 12 20
10.4662 2 16 8 8 6 15 6 15 12 19
10.7405 2 16 7 7 6 16 6 15 12 19
10.926 2 16 7 7 6 15 6 14 12 20
11.172 2 16 7 7 6 14 6 13 12 21
11.4502 2 16 7 7 6 13 6 12 12 22
11.6362 2 16 7 7 6 12 6 11 12 23
11.6734 2 16 7 7 6 13 6 12 12 22
11.7899 2 15 7 7 5 13 6 13 12 22
12.3907 2 15 7 7 5 12 6 12 12 23
12.5819 2 15 6 6 5 13 6 12 12 23
12.6039 2 15 6 6 5 14 6 13 12 22
12.7762 2 15 6 6 4 13 7 13 12 22
13.2074 2 15 6 6 4 12 7 12 12 23
13.3768 1 14 6 6 5 12 7 12 12 23
13.5777 1 14 6 6 5 11 7 11 12 24
14.0419 0 13 6 6 6 11 7 11 12 24
14.2408 0 12 6 6 5 11 7 12 12 24
14.9368 0 12 6 6 5 12 7 13 12 23
15.6167 0 11 6 6 4 12 7 14 12 23
15.7256 0 10 6 6 3 12 7 15 12 23
16.2919 0 10 6 6 2 11 8 15 12 23
17.0538 0 10 5 5 2 12 8 15 12 23
17.7401 0 10 5 5 2 11 8 14 12 24
18.0174 0 9 5 5 2 11 7 14 13 24
18.3381 0 9 5 5 2 12 7 15 13 23
18.689 0 9 5 5 2 11 7 14 13 24
18.7133 0 10 5 5 3 11 7 13 13 24
18.9392 0 10 5 5 2 10 8 13 13 24
19.0837 0 10 5 5 1 9 9 13 13 24
19.8112 0 9 5 5 1 9 8 13 14 24
20.0346 0 9 5 5 1 8 8 12 14 25
20.8512 0 9 5 5 0 7 9 12 14 25
20.9415 0 8 5 5 0 7 8 12 15 25
23.3149 0 8 5 5 0 8 8 13 15 24
23.4948 0 8 5 5 0 7 8 12 15 25
24.1268 0 8 5 5 0 8 8 13 15 24
24.2018 0 8 5 5 0 7 8 12 15 25
24.2637 0 8 5 5 0 8 8 13 15 24
25.2707 0 8 5 5 0 7 8 12 15 25
26.1479 0 8 5 5 0 6 8 11 15 26
26.8762 0 8 5 5 0 5 8 10 15 27
26.9388 0 7 5 5 0 5 7 10 16 27
27.5303 0 7 5 5 0 4 7 9 16 28
28.3017 0 7 4 4 0 5 7 9 16 28
28.801 0 7 4 4 0 4 7 8 16 29
29.8193 0 6 4 4 0 4 6 8 17 29
29.9038 0 6 4 4 0 3 6 7 17 30
31.3252 0 6 4 4 0 4 6 8 17 29
31.5809 0 5 4 4 0 4 5 8 18 29
31.9455 0 5 4 4 0 3 5 7 18 30
32.0012 0 5 4 4 0 4 5 8 18 29
33.0951 0 5 4 4 0 5 5 9 18 28
33.8464 0 4 4 4 0 5 4 9 19 28
34.0528 0 4 5 5 0 4 4 9 19 28
34.5878 0 4 4 4 0 5 4 9 19 28
36.5424 0 4 4 4 0 6 4 10 19 27
37.0098 0 4 3 3 0 7 4 10 19 27
38.9733 0 4 3 3 0 8 4 11 19 26
39.5276 0 4 3 3 0 7 4 10 19 27
41.3115 0 4 3 3 0 8 4 11 19 26
41.328 0 4 3 3 0 7 4 10 19 27
43.2515 0 4 3 3 0 8 4 11 19 26
43.3641 0 4 3 3 0 7 4 10 19 27
43.7343 0 4 4 4 0 6 4 10 19 27
44.225 0 4 4 4 0 5 4 9 19 28
46.9416 0 4 4 4 0 4 4 8 19 29
48.1268 0 4 4 4 0 3 4 7 19 30
49.4242 0 4 4 4 0 4 4 8 19 29
49.9839 0 4 3 3 0 5 4 8 19 29
51.2313 0 3 3 3 0 5 3 8 20 29
53.5398 0 3 3 3 0 4 3 7 20 30
53.547 0 3 3 3 0 5 3 8 20 29
54.4324 0 2 3 3 0 5 2 8 21 29
54.8613 0 2 3 3 0 6 2 9 21 28
55.4881 0 2 3 3 0 7 2 10 21 27
55.6034 0 2 3 3 0 6 2 9 21 28
57.2838 0 2 3 3 0 7 2 10 21 27
58.1043 0 2 2 2 0 8 2 10 21 27
59.1583 0 1 2 2 0 8 1 10 22 27
59.5409 0 1 2 2 0 9 1 11 22 26
60.3695 0 2 2 2 1 9 1 10 22 26
61.1794 0 2 3 3 1 8 1 10 22 26
63.3814 0 3 3 3 1 8 2 10 21 26
64.1199 0 3 4 4 1 7 2 10 21 26
64.3326 0 4 4 4 2 7 2 9 21 26
64.5264 0 4 4 4 2 8 2 10 21 25
66.3343 0 5 4 4 3 8 2 9 21 25
66.7183 0 5 4 4 3 7 2 8 21 26
66.8359 0 4 4 4 3 7 1 8 22 26
67.5295 0 4 4 4 3 6 1 7 22 27
70.7865 0 3 4 4 2 6 1 8 22 27
70.8943 0 2 4 4 1 6 1 9 22 27
72.1594 0 2 4 4 1 5 1 8 22 28
73.6028 0 2 5 5 1 4 1 8 22 28
74.8259 0 2 5 5 1 5 1 9 22 27
75.7329 0 3 5 5 2 5 1 8 22 27
76.2269 0 3 5 5 2 6 1 9 22 26
77.2256 0 3 6 6 2 5 1 9 22 26
78.0388 0 4 6 6 3 5 1 8 22 26
79.0559 0 4 5 5 3 6 1 8 22 26
79.9099 0 4 4 4 3 7 1 8 22 26
85.8827 0 4 4 4 3 6 1 7 22 27
86.0598 1 5 4 4 2 6 1 7 22 27
86.1485 1 6 4 4 3 6 1 6 22 27
86.3407 1 5 4 4 2 6 1 7 22 27
89.1689 1 5 4 4 2 7 1 8 22 26
89.5934 1 5 4 4 2 8 1 9 22 25
92.7444 1 5 4 4 2 9 1 10 22 24
93.7741 1 5 4 4 2 8 1 9 22 25
94.4961 1 5 4 4 2 7 1 8 22 26
96.0804 1 6 4 4 3 7 1 7 22 26
97.5536 1 7 4 4 4 7 1 6 22 26
98.1238 1 7 4 4 4 6 1 5 22 27
98.9542 1 7 4 4 4 7 1 6 22 26
100.648 1 7 4 4 4 6 1 5 22 27
100.702 1 6 4 4 3 6 1 6 22 27
101.055 1 6 4 4 3 7 1 7 22 26
101.203 1 6 4 4 3 6 1 6 22 27
101.785 1 6 4 4 3 7 1 7 22 26
103.376 1 5 4 4 2 7 1 8 22 26
106.355 1 5 4 4 1 6 2 8 22 26
108.467 1 5 5 5 1 5 2 8 22 26
110.734 1 5 4 4 1 6 2 8 22 26
111.472 1 5 4 4 1 5 2 7 22 27
112.477 1 5 4 4 1 6 2 8 22 26
112.704 1 5 4 4 1 5 2 7 22 27
113.342 1 5 4 4 1 6 2 8 22 26
114.818 1 5 4 4 1 7 2 9 22 25
115.69 1 5 4 4 1 6 2 8 22 26
115.928 1 5 4 4 1 5 2 7 22 27
117.938 1 5 4 4 1 6 2 8 22 26
118.095 1 5 4 4 1 7 2 9 22 25
118.465 1 5 5 5 1 6 2 9 22 25
119.644 1 5 4 4 1 7 2 9 22 25
120.419 1 5 4 4 1 6 2 8 22 26
121.236 1 5 4 4 1 5 2 7 22 27
121.909 1 5 4 4 1 4 2 6 22 28
121.917 1 6 4 4 2 4 2 5 22 28
122.459 1 6 4 4 2 3 2 4 22 29
122.644 1 6 4 4 2 4 2 5 22 28
124.203 1 7 4 4 3 4 2 4 22 28
125.03 1 7 4 4 3 5 2 5 22 27
125.587 2 8 4 4 2 5 2 5 22 27
125.924 2 8 4 4 2 6 2 6 22 26
127.721 2 8 4 4 2 5 2 5 22 27
128.862 2 8 4 4 1 4 3 5 22 27
130.794 1 7 4 4 2 4 3 5 22 27
130.807 1 7 4 4 2 5 3 6 22 26
131.061 1 6 4 4 2 5 2 6 23 26
131.206 1 6 3 3 2 6 2 6 23 26
131.736 1 5 3 3 2 6 1 6 24 26
132.397 1 5 2 2 2 7 1 6 24 26
132.71 1 5 2 2 2 6 1 5 24 27
133.215 1 5 2 2 2 5 1 4 24 28
133.32 2 6 2 2 1 5 1 4 24 28
135.151 2 6 1 1 1 6 1 4 24 28
138.361 2 6 1 1 1 7 1 5 24 27
138.557 2 6 2 2 1 6 1 5 24 27
140.335 3 7 2 2 0 6 1 5 24 27
141.303 3 7 2 2 0 5 1 4 24 28
141.402 3 7 2 2 0 6 1 5 24 27
142.151 2 6 2 2 1 6 1 5 24 27
142.455 2 6 2 2 1 5 1 4 24 28
142.749 2 6 3 3 1 4 1 4 24 28
143.169 2 6 3 3 1 5 1 5 24 27
143.726 2 5 3 3 0 5 1 6 24 27
143.89 2 5 2 2 0 6 1 6 24 27
145.268 2 6 2 2 1 6 1 5 24 27
145.827 2 6 2 2 1 7 1 6 24 26
145.962 2 6 2 2 1 6 1 5 24 27
147.037 1 5 2 2 2 6 1 5 24 27
147.541 1 5 2 2 2 5 1 4 24 28
147.977 2 6 2 2 1 5 1 4 24 28
147.987 2 6 2 2 1 6 1 5 24 27
148.06 2 6 2 2 1 5 1 4 24 28
150.258 2 6 2 2 1 6 1 5 24 27
153.173 2 6 2 2 1 7 1 6 24 26
153.284 2 6 2 2 1 8 1 7 24 25
154.978 2 7 2 2 2 8 1 6 24 25
155.949 2 7 2 2 2 9 1 7 24 24
156.84 2 7 2 2 2 10 1 8 24 23
158.439 2 7 2 2 1 9 2 8 24 23
158.443 2 7 2 2 1 8 2 7 24 24
158.682 2 7 2 2 1 7 2 6 24 25
159.771 2 7 3 3 1 6 2 6 24 25
162.028 2 8 3 3 2 6 2 5 24 25
162.344 2 9 3 3 3 6 2 4 24 25
164.313 2 8 3 3 2 6 2 5 24 25
165.983 1 7 3 3 3 6 2 5 24 25
167.187 1 7 2 2 3 7 2 5 24 25
167.803 1 7 2 2 3 6 2 4 24 26
167.872 1 7 2 2 3 5 2 3 24 27
170.977 1 7 2 2 3 6 2 4 24 26
171.923 1 6 2 2 3 6 1 4 25 26
172.628 1 7 2 2 4 6 1 3 25 26
176.161 1 7 2 2 4 7 1 4 25 25
176.658 1 7 2 2 3 6 2 4 25 25
176.709 1 7 2 2 3 5 2 3 25 26
177.404 1 7 2 2 3 6 2 4 25 25
179.284 1 7 2 2 3 7 2 5 25 24
180.275 1 6 2 2 3 7 1 5 26 24
180.987 1 6 2 2 3 8 1 6 26 23
181.063 1 6 2 2 3 7 1 5 26 24
181.974 1 6 1 1 3 8 1 5 26 24
182.411 2 7 1 1 2 8 1 5 26 24
184.277 1 6 1 1 3 8 1 5 26 24
184.286 1 6 1 1 2 7 2 5 26 24
184.76 0 5 1 1 3 7 2 5 26 24
184.896 0 5 1 1 3 8 2 6 26 23
186.201 0 5 1 1 3 7 2 5 26 24
186.664 0 4 1 1 2 7 2 6 26 24
188.678 0 3 1 1 1 7 2 7 26 24
189.798 0 2 1 1 1 7 1 7 27 24
190.185 0 2 1 1 1 8 1 8 27 23
190.44 0 2 1 1 1 9 1 9 27 22
190.83 0 1 1 1 0 9 1 10 27 22
193.636 0 1 1 1 0 8 1 9 27 23
196.378 0 1 1 1 0 9 1 10 27 22
196.8 0 1 1 1 0 8 1 9 27 23
196.803 0 1 1 1 0 7 1 8 27 24
201.084 0 1 1 1 0 6 1 7 27 25
202.659 0 0 1 1 0 6 0 7 28 25
204.973 0 0 1 1 0 7 0 8 28 24
208.566 0 0 1 1 0 6 0 7 28 25
208.761 0 0 1 1 0 5 0 6 28 26
210.174 0 1 1 1 1 5 0 5 28 26
211.214 0 1 1 1 1 6 0 6 28 25
211.807 0 1 1 1 1 7 0 7 28 24
212.395 0 1 1 1 1 6 0 6 28 25
212.91 0 1 1 1 1 5 0 5 28 26
215.595 0 1 1 1 1 4 0 4 28 27
216.975 0 1 1 1 1 3 0 3 28 28
218.73 0 1 1 1 1 4 0 4 28 27
221.895 0 1 1 1 1 5 0 5 28 26
222.028 0 1 1 1 1 4 0 4 28 27
224.58 0 1 1 1 1 5 0 5 28 26
226.533 0 2 1 1 2 5 0 4 28 26
226.613 0 2 2 2 2 4 0 4 28 26
227.953 0 2 2 2 2 5 0 5 28 25
228.97 0 2 2 2 2 4 0 4 28 26
231.048 0 2 2 2 2 5 0 5 28 25
231.461 0 2 2 2 2 6 0 6 28 24
232.656 0 2 2 2 2 5 0 5 28 25
233.417 0 2 2 2 2 6 0 6 28 24
233.853 0 2 2 2 2 5 0 5 28 25
235.399 0 2 2 2 2 6 0 6 28 24
236.145 0 2 2 2 2 7 0 7 28 23
239.546 0 2 2 2 2 8 0 8 28 22
240.893 0 2 2 2 2 7 0 7 28 23
241.004 0 1 2 2 1 7 0 8 28 23
242.189 0 1 2 2 1 6 0 7 28 24
245.35 0 2 2 2 2 6 0 6 28 24
245.928 0 2 1 1 2 7 0 6 28 24
252.123 0 2 0 0 2 8 0 6 28 24
252.124 0 2 0 0 2 7 0 5 28 25
253.688 0 2 0 0 2 6 0 4 28 26
255.279 0 2 0 0 2 7 0 5 28 25
255.318 0 2 0 0 2 8 0 6 28 24
256.414 1 3 0 0 1 8 0 6 28 24
256.975 1 3 0 0 0 7 1 6 28 24
257.339 1 3 0 0 0 8 1 7 28 23
257.494 1 3 0 0 0 7 1 6 28 24
258.062 1 3 0 0 0 8 1 7 28 23
259.992 1 3 0 0 0 9 1 8 28 22
262.405 1 3 0 0 0 8 1 7 28 23
262.414 1 3 0 0 0 7 1 6 28 24
264.59 1 3 0 0 0 6 1 5 28 25
264.62 1 3 0 0 0 7 1 6 28 24
267.885 1 3 0 0 0 8 1 7 28 23
268.154 1 3 0 0 0 7 1 6 28 24
269.17 1 2 0 0 0 7 0 6 29 24
270.689 1 2 0 0 0 8 0 7 29 23
274.579 1 2 0 0 0 7 0 6 29 24
275.787 1 2 0 0 0 6 0 5 29 25
276.117 1 2 0 0 0 7 0 6 29 24
277.29 1 3 0 0 1 7 0 5 29 24
277.43 1 3 0 0 1 6 0 4 29 25
277.717 1 4 0 0 2 6 0 3 29 25
280.027 1 4 0 0 2 7 0 4 29 24
281.164 1 4 0 0 2 6 0 3 29 25
284.952 1 4 0 0 2 5 0 2 29 26
285.568 1 4 0 0 2 4 0 1 29 27
286.931 1 4 0 0 2 5 0 2 29 26
293.335 1 4 0 0 2 6 0 3 29 25
293.966 1 4 0 0 2 7 0 4 29 24
294.61 1 4 0 0 1 6 1 4 29 24
294.845 1 4 0 0 1 7 1 5 29 23
295.098 1 4 0 0 1 8 1 6 29 22
296.97 1 4 0 0 1 7 1 5 29 23
298.637 1 4 0 0 1 8 1 6 29 22
300.356 1 5 0 0 2 8 1 5 29 22
301.013 1 5 0 0 1 7 2 5 29 22
301.093 1 5 0 0 1 6 2 4 29 23
301.697 1 4 0 0 1 6 1 4 30 23
303.234 0 3 0 0 2 6 1 4 30 23
304.541 0 3 0 0 2 5 1 3 30 24
305.954 0 3 0 0 1 4 2 3 30 24
306.756 0 3 0 0 1 5 2 4 30 23
307.346 0 3 0 0 1 6 2 5 30 22
308.808 0 3 0 0 1 5 2 4 30 23
310.073 0 3 0 0 1 6 2 5 30 22
311.404 0 3 0 0 1 5 2 4 30 23
311.716 0 3 0 0 1 4 2 3 30 24
314.961 0 3 0 0 1 5 2 4 30 23
316.396 1 4 0 0 0 5 2 4 30 23
316.461 1 4 0 0 0 6 2 5 30 22
320.537 1 4 1 1 0 5 2 5 30 22
321.107 1 4 1 1 0 6 2 6 30 21
321.369 1 4 1 1 0 5 2 5 30 22
324.823 1 4 1 1 0 4 2 4 30 23
326.751 1 5 1 1 1 4 2 3 30 23
327.691 1 5 1 1 1 5 2 4 30 22
328.628 1 4 1 1 1 5 1 4 31 22
329.594 1 3 1 1 0 5 1 5 31 22
329.961 1 3 1 1 0 6 1 6 31 21
330.986 1 3 1 1 0 5 1 5 31 22
331.391 1 3 1 1 0 6 1 6 31 21
332.36 1 4 1 1 1 6 1 5 31 21
336.989 1 4 1 1 1 7 1 6 31 20
337.636 1 4 1 1 1 6 1 5 31 21
341.763 1 4 2 2 1 5 1 5 31 21
350.122 1 4 2 2 0 4 2 5 31 21
357.014 1 4 2 2 0 5 2 6 31 20
360.462 1 4 2 2 0 6 2 7 31 19
360.481 1 4 2 2 0 5 2 6 31 20
360.512 1 4 2 2 0 4 2 5 31 21
361.189 1 5 2 2 1 4 2 4 31 21
361.199 1 4 2 2 1 4 1 4 32 21
361.825 1 5 2 2 2 4 1 3 32 21
363.423 2 6 2 2 1 4 1 3 32 21
364.872 2 6 2 2 1 5 1 4 32 20
365.361 2 6 1 1 1 6 1 4 32 20
365.9 2 5 1 1 1 6 0 4 33 20
366.338 2 5 1 1 1 7 0 5 33 19
366.561 2 5 1 1 1 6 0 4 33 20
369.755 2 5 1 1 1 7 0 5 33 19
369.975 2 5 1 1 0 6 1 5 33 19
370.008 2 5 1 1 0 7 1 6 33 18
370.307 1 4 1 1 1 7 1 6 33 18
370.768 1 4 1 1 1 8 1 7 33 17
372.268 1 4 2 2 1 7 1 7 33 17
375.237 1 4 2 2 1 8 1 8 33 16
376.953 1 4 2 2 0 7 2 8 33 16
380.595 1 4 2 2 0 8 2 9 33 15
381.136 1 4 2 2 0 7 2 8 33 16
382.456 1 4 2 2 0 8 2 9 33 15
384.161 1 4 2 2 0 9 2 10 33 14
386.227 1 5 2 2 1 9 2 9 33 14
387.61 1 6 2 2 2 9 2 8 33 14
388.12 0 5 2 2 3 9 2 8 33 14
389.671 0 5 2 2 3 8 2 7 33 15
389.759 0 5 2 2 3 9 2 8 33 14
389.999 0 5 2 2 3 10 2 9 33 13
390.135 0 5 2 2 3 9 2 8 33 14
390.183 0 5 2 2 3 8 2 7 33 15
391.238 0 4 2 2 3 8 1 7 34 15
392.916 0 4 2 2 3 7 1 6 34 16
395.658 0 4 2 2 3 6 1 5 34 17
396.665 0 4 2 2 2 5 2 5 34 17
399.015 0 4 2 2 2 6 2 6 34 16
399.889 0 4 2 2 2 5 2 5 34 17
399.972 0 5 2 2 3 5 2 4 34 17
400.891 0 5 1 1 3 6 2 4 34 17
401.749 0 5 2 2 3 5 2 4 34 17
401.943 0 5 2 2 3 6 2 5 34 16
402.365 0 5 2 2 3 7 2 6 34 15
402.823 0 5 2 2 3 6 2 5 34 16
402.88 0 5 2 2 3 5 2 4 34 17
403.827 0 5 2 2 3 6 2 5 34 16
403.98 0 5 2 2 3 5 2 4 34 17
405.606 0 4 2 2 3 5 1 4 35 17
406.329 0 4 2 2 3 4 1 3 35 18
407.319 0 4 2 2 3 5 1 4 35 17
407.708 0 4 2 2 3 6 1 5 35 16
408.04 0 4 2 2 3 7 1 6 35 15
408.12 0 3 2 2 2 7 1 7 35 15
409.149 0 3 2 2 2 8 1 8 35 14
409.278 0 3 2 2 2 9 1 9 35 13
409.373 0 3 2 2 2 8 1 8 35 14
410.006 0 4 2 2 2 8 2 8 34 14
410.953 0 3 2 2 1 8 2 9 34 14
411.253 0 3 2 2 1 9 2 10 34 13
411.467 0 3 2 2 1 8 2 9 34 14
412.53 0 3 2 2 1 7 2 8 34 15
413.41 0 3 2 2 1 6 2 7 34 16
413.976 0 4 2 2 2 6 2 6 34 16
415.195 0 3 2 2 1 6 2 7 34 16
417.768 0 3 2 2 1 7 2 8 34 15
417.931 0 3 2 2 1 8 2 9 34 14
418.144 0 3 2 2 1 7 2 8 34 15
418.408 0 4 2 2 2 7 2 7 34 15
418.587 0 3 2 2 2 7 1 7 35 15
419.164 0 4 2 2 3 7 1 6 35 15
422.793 0 4 2 2 3 6 1 5 35 16
425.981 0 4 2 2 3 5 1 4 35 17
427.941 0 4 2 2 3 4 1 3 35 18
428.394 0 4 2 2 3 5 1 4 35 17
429.634 1 5 2 2 2 5 1 4 35 17
430.256 1 5 2 2 2 6 1 5 35 16
430.611 1 5 1 1 2 7 1 5 35 16
430.718 1 5 1 1 2 6 1 4 35 17
431.039 1 4 1 1 1 6 1 5 35 17
431.782 1 4 1 1 1 7 1 6 35 16
434.315 1 4 1 1 1 6 1 5 35 17
434.67 1 4 1 1 1 7 1 6 35 16
438.054 2 5 1 1 0 7 1 6 35 16
438.61 2 5 1 1 0 8 1 7 35 15
438.962 2 5 1 1 0 7 1 6 35 16
439.588 2 5 1 1 0 8 1 7 35 15
439.959 2 5 1 1 1 9 0 7 35 15
441.126 2 5 1 1 1 10 0 8 35 14
443.123 1 4 1 1 2 10 0 8 35 14
443.206 1 4 1 1 2 9 0 7 35 15
443.758 1 4 1 1 2 8 0 6 35 16
445.428 1 4 1 1 2 7 0 5 35 17
446.024 1 4 1 1 1 6 1 5 35 17
446.568 1 4 1 1 1 5 1 4 35 18
448.098 1 4 1 1 1 4 1 3 35 19
450.252 1 5 1 1 2 4 1 2 35 19
450.785 1 5 1 1 1 3 2 2 35 19
452.284 1 5 1 1 1 4 2 3 35 18
453.017 1 5 1 1 0 3 3 3 35 18
453.707 1 5 1 1 0 2 3 2 35 19
455.94 1 4 1 1 0 2 2 2 36 19
460.483 0 3 1 1 1 2 2 2 36 19
460.5 0 3 1 1 1 3 2 3 36 18
472.644 0 2 1 1 1 3 1 3 37 18
474.221 0 2 1 1 1 4 1 4 37 17
475.268 0 2 1 1 0 3 2 4 37 17
477.137 0 2 1 1 0 4 2 5 37 16
479.227 0 1 1 1 0 4 1 5 38 16
479.402 0 1 1 1 0 3 1 4 38 17
481.324 0 1 2 2 0 2 1 4 38 17
484.35 0 1 2 2 0 3 1 5 38 16
484.79 0 1 1 1 0 4 1 5 38 16
485.15 0 1 1 1 0 3 1 4 38 17
485.65 0 1 1 1 0 4 1 5 38 16
487.841 0 2 1 1 1 4 1 4 38 16
488.13 0 2 1 1 1 5 1 5 38 15
488.482 0 2 0 0 1 6 1 5 38 15
488.962 0 2 0 0 1 7 1 6 38 14
490.05 0 2 0 0 1 8 1 7 38 13
490.173 0 2 0 0 1 9 1 8 38 12
490.613 0 2 0 0 1 8 1 7 38 13
497.168 0 2 0 0 1 7 1 6 38 14
498.9 0 2 0 0 1 6 1 5 38 15
501.865 0 2 0 0 1 5 1 4 38 16
503.615 0 2 0 0 1 6 1 5 38 15
504.688 0 2 0 0 1 7 1 6 38 14
506.036 0 2 0 0 1 6 1 5 38 15
506.548 0 2 0 0 1 5 1 4 38 16
507.509 0 3 0 0 2 5 1 3 38 16
508.104 0 3 0 0 2 6 1 4 38 15
512.616 0 3 1 1 2 5 1 4 38 15
513.335 0 3 1 1 2 6 1 5 38 14
514.094 0 3 1 1 2 5 1 4 38 15
514.73 0 3 1 1 1 4 2 4 38 15
518.587 0 4 1 1 2 4 2 3 38 15
518.595 0 4 1 1 2 5 2 4 38 14
522.664 0 4 1 1 2 6 2 5 38 13
522.827 0 4 1 1 2 5 2 4 38 14
524.403 0 4 1 1 1 4 3 4 38 14
525.412 0 4 1 1 1 5 3 5 38 13
526.053 0 3 1 1 1 5 2 5 39 13
527.406 0 3 1 1 0 4 3 5 39 13
529.161 0 3 1 1 0 3 3 4 39 14
532.214 0 3 0 0 0 4 3 4 39 14
532.908 0 3 0 0 0 5 3 5 39 13
532.962 0 3 0 0 0 6 3 6 39 12
533.902 0 3 0 0 1 7 2 6 39 12
534.499 0 2 0 0 0 7 2 7 39 12
542.431 0 2 0 0 0 6 2 6 39 13
545.251 0 2 0 0 0 5 2 5 39 14
545.447 0 2 0 0 0 4 2 4 39 15
545.628 0 2 0 0 0 5 2 5 39 14
548.977 0 2 0 0 0 6 2 6 39 13
550.818 0 2 1 1 0 5 2 6 39 13
551.1 0 2 1 1 0 6 2 7 39 12
553.011 0 2 1 1 0 5 2 6 39 13
553.043 0 2 1 1 0 6 2 7 39 12
553.939 0 2 1 1 0 5 2 6 39 13
554.083 0 2 1 1 0 6 2 7 39 12
555.445 0 3 1 1 0 6 3 7 38 12
555.761 0 3 1 1 0 5 3 6 38 13
557.21 0 3 1 1 0 4 3 5 38 14
567.8 0 2 1 1 0 4 2 5 39 14
569.25 0 2 0 0 0 5 2 5 39 14
571.075 0 2 0 0 0 6 2 6 39 13
574.31 0 2 0 0 0 5 2 5 39 14
574.574 0 2 0 0 0 4 2 4 39 15
577.515 0 1 0 0 0 4 1 4 40 15
577.826 0 1 0 0 0 5 1 5 40 14
578.894 0 1 0 0 0 6 1 6 40 13
580.068 0 1 0 0 0 7 1 7 40 12
582.102 0 1 0 0 0 6 1 6 40 13
582.905 0 1 0 0 0 7 1 7 40 12
583.071 0 1 0 0 0 6 1 6 40 13
583.843 0 1 0 0 0 5 1 5 40 14
587.12 0 1 1 1 0 4 1 5 40 14
587.926 0 1 1 1 0 5 1 6 40 13
588.322 0 1 1 1 0 6 1 7 40 12
588.895 0 1 1 1 0 5 1 6 40 13
589.543 0 1 1 1 0 4 1 5 40 14
599.916 0 1 1 1 0 5 1 6 40 13
601.674 0 1 1 1 0 6 1 7 40 12
601.796 0 2 1 1 1 6 1 6 40 12
601.891 0 2 1 1 1 7 1 7 40 11
603.562 0 2 1 1 1 6 1 6 40 12
604.512 0 2 1 1 1 7 1 7 40 11
605.647 0 3 1 1 2 7 1 6 40 11
607.214 0 3 1 1 1 6 2 6 40 11
607.941 0 3 1 1 1 5 2 5 40 12
608.783 0 3 1 1 1 4 2 4 40 13
610.188 0 3 1 1 1 5 2 5 40 12
610.786 0 3 1 1 1 4 2 4 40 13
612.383 0 3 2 2 1 3 2 4 40 13
612.605 0 2 2 2 1 3 1 4 41 13
613.008 0 2 2 2 1 4 1 5 41 12
615.736 0 2 2 2 1 5 1 6 41 11
617.017 0 3 2 2 1 5 2 6 40 11
617.509 0 3 2 2 1 4 2 5 40 12
619.577 0 4 2 2 2 4 2 4 40 12
622.245 0 4 3 3 2 3 2 4 40 12
624.911 0 4 3 3 2 4 2 5 40 11
626.273 0 4 4 4 2 3 2 5 40 11
627.201 0 5 4 4 2 3 3 5 39 11
627.7 0 5 3 3 2 4 3 5 39 11
627.865 0 4 3 3 1 4 3 6 39 11
629.173 0 4 3 3 1 3 3 5 39 12
632.579 0 4 3 3 0 2 4 5 39 12
633.649 0 5 3 3 0 2 5 5 38 12
634.39 0 5 3 3 0 1 5 4 38 13
634.95 0 5 3 3 0 0 5 3 38 14
639.772 0 5 3 3 0 1 5 4 38 13
641.814 0 5 3 3 1 2 4 4 38 13
642.558 0 5 2 2 1 3 4 4 38 13
642.63 0 5 2 2 1 4 4 5 38 12
643.067 0 4 2 2 1 4 3 5 39 12
643.978 0 4 2 2 1 5 3 6 39 11
644.119 0 4 2 2 1 6 3 7 39 10
644.773 0 4 2 2 1 5 3 6 39 11
645.321 0 4 2 2 1 4 3 5 39 12
646.13 0 4 3 3 1 3 3 5 39 12
646.972 0 4 2 2 1 4 3 5 39 12
647.042 0 4 2 2 1 5 3 6 39 11
649.652 0 4 2 2 1 4 3 5 39 12
651.46 0 4 2 2 1 5 3 6 39 11
657.134 0 4 2 2 0 4 4 6 39 11
659.124 0 3 2 2 0 4 3 6 40 11
663.884 0 4 2 2 1 4 3 5 40 11
664.558 0 5 2 2 2 4 3 4 40 11
665.054 1 6 2 2 1 4 3 4 40 11
665.619 1 6 2 2 1 3 3 3 40 12
666.016 1 5 2 2 1 3 2 3 41 12
667.674 1 5 2 2 1 4 2 4 41 11
670.028 0 4 2 2 2 4 2 4 41 11
673.213 0 4 2 2 2 5 2 5 41 10
674.891 0 5 2 2 3 5 2 4 41 10
675.781 0 5 2 2 3 6 2 5 41 9
676.035 0 5 2 2 3 5 2 4 41 10
676.548 0 5 2 2 3 6 2 5 41 9
681.24 0 5 1 1 3 7 2 5 41 9
681.5 0 5 1 1 2 6 3 5 41 9
684.414 0 5 1 1 1 5 4 5 41 9
687.257 0 4 1 1 1 5 3 5 42 9
687.728 0 4 1 1 1 6 3 6 42 8
687.861 0 4 1 1 1 5 3 5 42 9
689.18 1 5 1 1 0 5 3 5 42 9
689.264 1 4 1 1 0 5 2 5 43 9
689.513 1 4 1 1 0 4 2 4 43 10
689.621 1 3 1 1 0 4 1 4 44 10
691.884 1 2 1 1 0 4 0 4 45 10
698.632 1 2 1 1 0 5 0 5 45 9
698.925 1 3 1 1 0 5 1 5 44 9
699.768 1 4 1 1 1 5 1 4 44 9
704.482 1 4 1 1 1 4 1 3 44 10
705.406 1 4 1 1 0 3 2 3 44 10
707.949 1 4 2 2 0 2 2 3 44 10
713.151 1 4 2 2 1 3 1 3 44 10
714.476 1 3 2 2 0 3 1 4 44 10
715.467 1 3 2 2 0 2 1 3 44 11
721.61 1 3 2 2 0 3 1 4 44 10
722.167 1 4 2 2 1 3 1 3 44 10
725.872 1 4 2 2 1 4 1 4 44 9
726.216 1 4 1 1 1 5 1 4 44 9
729.985 1 4 1 1 1 6 1 5 44 8
732.448 1 4 1 1 1 5 1 4 44 9
732.634 1 4 1 1 1 4 1 3 44 10
735.394 1 4 1 1 1 5 1 4 44 9
735.531 1 4 1 1 1 6 1 5 44 8
736.758 0 3 1 1 2 6 1 5 44 8
738.47 0 2 1 1 2 6 0 5 45 8
741.849 0 3 1 1 2 6 1 5 44 8
742.62 0 3 1 1 2 5 1 4 44 9
745.334 0 2 1 1 1 5 1 5 44 9
746.37 0 2 1 1 1 6 1 6 44 8
747.48 0 3 1 1 2 6 1 5 44 8
748.502 0 3 1 1 2 5 1 4 44 9
750.596 0 4 1 1 3 5 1 3 44 9
754.625 0 4 1 1 2 4 2 3 44 9
755.004 0 3 1 1 1 4 2 4 44 9
755.062 0 3 1 1 0 3 3 4 44 9
755.649 0 3 1 1 0 4 3 5 44 8
757.865 0 2 1 1 0 4 2 5 45 8
758.856 0 2 1 1 0 3 2 4 45 9
766.425 0 2 1 1 0 2 2 3 45 10
770.266 0 3 1 1 0 2 3 3 44 10
773.894 0 4 1 1 0 2 4 3 43 10
778.791 0 4 1 1 0 3 4 4 43 9
779.412 0 4 1 1 0 2 4 3 43 10
785.071 0 4 1 1 0 1 4 2 43 11
788.421 0 4 1 1 0 2 4 3 43 10
794.589 0 4 1 1 0 3 4 4 43 9
794.66 0 4 1 1 0 2 4 3 43 10
796.095 0 3 1 1 0 2 3 3 44 10
797.689 0 3 2 2 0 1 3 3 44 10
801.448 0 4 2 2 1 1 3 2 44 10
803.482 0 3 2 2 1 1 2 2 45 10
805.958 0 3 2 2 1 2 2 3 45 9
810.238 0 2 2 2 1 2 1 3 46 9
815.819 0 2 2 2 1 1 1 2 46 10
820.227 0 3 2 2 2 1 1 1 46 10
821.234 0 3 2 2 2 2 1 2 46 9
821.259 0 3 2 2 2 3 1 3 46 8
822.76 0 3 2 2 2 4 1 4 46 7
825.408 0 3 3 3 2 3 1 4 46 7
829.861 1 4 3 3 1 3 1 4 46 7
832.535 1 4 3 3 0 2 2 4 46 7
834.643 1 3 3 3 0 2 1 4 47 7
835.923 0 2 3 3 1 2 1 4 47 7
839.041 0 1 3 3 1 2 0 4 48 7
841.544 0 2 3 3 2 2 0 3 48 7
842.087 0 2 3 3 2 3 0 4 48 6
842.751 0 1 3 3 1 3 0 5 48 6
843.416 0 1 3 3 1 4 0 6 48 5
845.259 0 1 3 3 1 5 0 7 48 4
847.521 0 1 4 4 1 4 0 7 48 4
848.957 0 1 3 3 1 5 0 7 48 4
850.927 0 1 3 3 1 4 0 6 48 5
851.162 0 1 3 3 1 5 0 7 48 4
853.957 0 0 3 3 0 5 0 8 48 4
855.101 0 0 3 3 0 4 0 7 48 5
855.653 0 1 3 3 1 4 0 6 48 5
856.893 0 1 3 3 1 3 0 5 48 6
862.737 0 1 3 3 0 2 1 5 48 6
867.155 0 1 3 3 0 1 1 4 48 7
870.106 0 1 3 3 0 2 1 5 48 6
878.089 0 1 3 3 0 1 1 4 48 7
879.964 0 1 3 3 0 2 1 5 48 6
881.749 0 1 3 3 0 1 1 4 48 7
882.494 0 1 3 3 0 2 1 5 48 6
886.073 0 1 2 2 0 3 1 5 48 6
887.106 0 1 2 2 0 4 1 6 48 5
892.659 0 1 1 1 0 5 1 6 48 5
896.081 0 1 0 0 0 6 1 6 48 5
896.25 0 1 0 0 0 5 1 5 48 6
900.64 0 1 0 0 0 4 1 4 48 7
901.441 0 1 0 0 0 5 1 5 48 6
904.693 0 1 0 0 0 4 1 4 48 7
910.068 0 1 0 0 0 3 1 3 48 8
912.419 0 2 0 0 0 3 2 3 47 8
913.078 0 1 0 0 0 3 1 3 48 8
920.822 0 1 0 0 0 4 1 4 48 7
924.667 0 1 0 0 0 5 1 5 48 6
925.385 0 1 0 0 0 6 1 6 48 5
929.585 0 1 0 0 0 5 1 5 48 6
929.923 0 1 0 0 0 4 1 4 48 7
931.128 0 2 0 0 1 4 1 3 48 7
935.184 0 2 0 0 1 5 1 4 48 6
936.249 0 2 0 0 1 4 1 3 48 7
936.861 0 2 1 1 1 3 1 3 48 7
937.061 0 2 0 0 1 4 1 3 48 7
947.353 0 3 0 0 2 4 1 2 48 7
947.434 0 3 0 0 2 3 1 1 48 8
956.124 0 2 0 0 2 3 0 1 49 8
957.318 0 3 0 0 3 3 0 0 49 8
958.898 0 3 1 1 3 2 0 0 49 8
960.436 0 3 1 1 3 3 0 1 49 7
962.657 0 3 1 1 3 4 0 2 49 6
964.353 0 2 1 1 2 4 0 3 49 6
964.894 0 2 2 2 2 3 0 3 49 6
965.492 0 3 2 2 3 3 0 2 49 6
971.11 1 4 2 2 2 3 0 2 49 6
974.393 1 3 2 2 1 3 0 3 49 6
978.045 1 3 2 2 1 4 0 4 49 5
978.406 1 3 1 1 1 5 0 4 49 5
979.99 1 4 1 1 2 5 0 3 49 5
984.564 1 4 1 1 2 4 0 2 49 6
986.213 1 4 1 1 1 3 1 2 49 6
986.62 1 4 2 2 1 2 1 2 49 6
991.002 1 4 3 3 1 1 1 2 49 6
995.887 1 4 3 3 1 2 1 3 49 5
1001.28 1 4 3 3 1 3 1 4 49 4
1002.47 1 4 3 3 1 2 1 3 49 5
1003.14 1 4 2 2 1 3 1 3 49 5
1003.63 2 5 2 2 0 3 1 3 49 5
1004.41 2 5 3 3 0 2 1 3 49 5
1007.79 2 5 3 3 0 3 1 4 49 4
1012.4 2 5 3 3 0 2 1 3 49 5
1016.3 2 4 3 3 0 2 0 3 50 5
1018.3 1 3 3 3 1 2 0 3 50 5
1020.02 1 3 2 2 1 3 0 3 50 5
1020.23 1 4 2 2 2 3 0 2 50 5
1021.52 1 4 2 2 2 2 0 1 50 6
1022.2 2 5 2 2 1 2 0 1 50 6
1031.32 1 4 2 2 2 2 0 1 50 6
1038.53 1 3 2 2 1 2 0 2 50 6
1038.78 1 2 2 2 0 2 0 3 50 6
1047.91 1 3 2 2 1 2 0 2 50 6
1048.45 1 3 2 2 1 3 0 3 50 5
1049.75 1 4 2 2 2 3 0 2 50 5
1051.61 1 4 2 2 2 2 0 1 50 6
1054.88 1 4 2 2 2 3 0 2 50 5
1058.17 1 4 2 2 2 2 0 1 50 6
1060.94 2 5 2 2 1 2 0 1 50 6
1060.98 2 5 2 2 1 3 0 2 50 5
1062.07 2 5 2 2 1 2 0 1 50 6
1071.63 2 5 3 3 1 1 0 1 50 6
1075.51 2 6 3 3 1 1 1 1 49 6
1081.77 1 5 3 3 2 1 1 1 49 6
1086.03 1 5 2 2 2 2 1 1 49 6
1090.76 1 4 2 2 2 2 0 1 50 6
1093.49 1 4 1 1 2 3 0 1 50 6
1095.32 2 5 1 1 1 3 0 1 50 6
1096.69 2 4 1 1 0 3 0 2 50 6
1099.76 2 4 1 1 0 2 0 1 50 7
1108.86 2 4 1 1 0 3 0 2 50 6
1109.96 2 4 2 2 0 2 0 2 50 6
1110.85 1 3 2 2 1 2 0 2 50 6
1124.35 1 3 2 2 0 1 1 2 50 6
1126.46 0 2 2 2 1 1 1 2 50 6
1133.52 0 2 2 2 1 0 1 1 50 7
1136.15 0 1 2 2 0 0 1 2 50 7
1136.48 0 1 2 2 0 1 1 3 50 6
1136.73 0 1 1 1 0 2 1 3 50 6
1136.78 0 1 1 1 0 1 1 2 50 7
1146.62 0 1 1 1 0 0 1 1 50 8
1151.75 0 1 1 1 0 1 1 2 50 7
1159.35 0 1 0 0 0 2 1 2 50 7
1168.82 0 1 0 0 0 3 1 3 50 6
1172.28 0 2 0 0 1 3 1 2 50 6
1177.52 0 3 0 0 1 3 2 2 49 6
1179.16 0 3 0 0 0 2 3 2 49 6
1188.68 0 3 1 1 0 1 3 2 49 6
1199.17 0 2 1 1 0 1 2 2 50 6
1201.53 0 2 1 1 0 2 2 3 50 5
1210.29 0 2 1 1 0 3 2 4 50 4
1221.13 0 3 1 1 1 3 2 3 50 4
1228.06 0 3 0 0 1 4 2 3 50 4
1229.44 0 3 0 0 0 3 3 3 50 4
1241.68 0 3 0 0 1 4 2 3 50 4
1246.14 0 2 0 0 0 4 2 4 50 4
1246.94 0 3 0 0 0 4 3 4 49 4
1247.44 0 2 0 0 0 4 2 4 50 4
1248.58 0 1 0 0 0 4 1 4 51 4
1272.02 0 1 0 0 0 3 1 3 51 5
1273.97 0 1 0 0 0 2 1 2 51 6
1275.49 0 1 1 1 0 1 1 2 51 6
1283.3 0 1 1 1 0 2 1 3 51 5
1285.15 0 1 2 2 0 1 1 3 51 5
1311.17 0 1 3 3 0 0 1 3 51 5
1322.19 0 1 2 2 0 1 1 3 51 5
1330.7 0 0 2 2 0 1 0 3 52 5
1331.28 0 0 3 3 0 0 0 3 52 5
1340.79 0 1 3 3 1 0 0 2 52 5
1345.44 0 1 2 2 1 1 0 2 52 5
1355.31 0 2 2 2 2 1 0 1 52 5
1359.04 0 2 2 2 2 2 0 2 52 4
1363.53 0 1 2 2 1 2 0 3 52 4
1383.11 0 1 1 1 1 3 0 3 52 4
1387.83 0 1 0 0 1 4 0 3 52 4
1393.63 0 1 0 0 1 5 0 4 52 3
1397.34 0 1 0 0 1 6 0 5 52 2
1400.48 0 1 0 0 1 5 0 4 52 3
1400.95 0 1 0 0 1 6 0 5 52 2
1401.02 0 2 0 0 2 6 0 4 52 2
1403.56 0 2 0 0 1 5 1 4 52 2
1414.23 0 2 0 0 1 4 1 3 52 3
1418.78 0 2 0 0 1 5 1 4 52 2
1419.19 0 2 0 0 1 4 1 3 52 3
1421.89 0 2 0 0 1 3 1 2 52 4
1423.56 0 3 0 0 1 3 2 2 51 4
1423.93 0 2 0 0 1 3 1 2 52 4
1426.38 0 2 0 0 1 2 1 1 52 5
1430.86 0 3 0 0 1 2 2 1 51 5
1436.73 0 3 0 0 1 3 2 2 51 4
1438.66 0 3 0 0 1 2 2 1 51 5
1440.02 0 3 0 0 1 3 2 2 51 4
1443 0 3 0 0 1 4 2 3 51 3
1445.43 0 3 0 0 1 3 2 2 51 4
1445.57 0 3 0 0 1 2 2 1 51 5
1453.39 0 2 0 0 0 2 2 2 51 5
1456.91 0 2 0 0 0 1 2 1 51 6
1458.21 0 2 0 0 0 2 2 2 51 5
1469.53 0 2 0 0 0 3 2 3 51 4
1475.49 0 3 0 0 0 3 3 3 50 4
1475.66 0 3 0 0 0 4 3 4 50 3
1480.4 0 4 0 0 1 4 3 3 50 3
1487.06 0 5 0 0 1 4 4 3 49 3
1492.39 0 5 0 0 1 3 4 2 49 4
1494.91 0 4 0 0 1 3 3 2 50 4
1498.99 0 4 0 0 1 4 3 3 50 3
1499.47 0 4 0 0 0 3 4 3 50 3
1499.97 0 3 0 0 0 3 3 3 51 3
1520.66 0 3 0 0 0 2 3 2 51 4
1523.09 0 3 0 0 0 3 3 3 51 3
1524.26 0 4 0 0 1 3 3 2 51 3
1528.78 0 3 0 0 1 3 2 2 52 3
1528.91 0 3 0 0 0 2 3 2 52 3
1542.74 0 2 0 0 0 2 2 2 53 3
1544.57 0 2 0 0 0 1 2 1 53 4
1547.48 0 2 0 0 0 2 2 2 53 3
1555.73 0 2 0 0 0 3 2 3 53 2
1558.55 0 2 0 0 0 2 2 2 53 3
1560.9 0 3 0 0 1 2 2 1 53 3
1561.6 0 3 0 0 0 1 3 1 53 3
1585.1 0 2 0 0 0 1 2 1 54 3
1611.91 0 2 0 0 0 2 2 2 54 2
1624.95 0 2 0 0 0 3 2 3 54 1
1635.13 0 1 0 0 0 3 1 3 55 1
1644.68 0 2 0 0 1 3 1 2 55 1
1655.82 0 2 0 0 1 4 1 3 55 0
1658.52 0 2 0 0 1 3 1 2 55 1
1666.54 0 2 0 0 1 2 1 1 55 2
1672.1 0 2 0 0 1 1 1 0 55 3
1676.64 0 1 0 0 0 1 1 1 55 3
1681.9 0 1 0 0 1 2 0 1 55 3
1682.73 0 1 0 0 1 3 0 2 55 2
1693.35 1 2 0 0 0 3 0 2 55 2
1703.24 1 2 0 0 0 4 0 3 55 1
1713.87 1 2 0 0 0 3 0 2 55 2
1714.53 1 2 0 0 0 2 0 1 55 3
1726.95 1 2 0 0 0 3 0 2 55 2
1759.51 1 2 0 0 0 2 0 1 55 3
1760.99 1 2 0 0 0 1 0 0 55 4
1767.32 0 1 0 0 1 1 0 0 55 4
1768.22 0 1 0 0 1 2 0 1 55 3
1798.04 0 1 1 1 1 1 0 1 55 3
1822.56 1 2 1 1 0 1 0 1 55 3
1823.48 1 3 1 1 0 1 1 1 54 3
1828.16 1 3 2 2 0 0 1 1 54 3
1830.83 0 2 2 2 1 0 1 1 54 3
1832.9 0 3 2 2 1 0 2 1 53 3
1854.25 0 3 2 2 1 1 2 2 53 2
1870.07 0 2 2 2 1 1 1 2 54 2
1871.86 0 2 1 1 1 2 1 2 54 2
1877.58 0 2 1 1 2 3 0 2 54 2
1882.44 1 3 1 1 1 3 0 2 54 2
1884.86 1 3 1 1 1 2 0 1 54 3
1914.66 2 4 1 1 0 2 0 1 54 3
1919.18 2 4 2 2 0 1 0 1 54 3
1923.27 2 4 1 1 0 2 0 1 54 3
1932.13 2 4 2 2 0 1 0 1 54 3
1933.4 1 3 2 2 1 1 0 1 54 3
1934.98 1 4 2 2 1 1 1 1 53 3
1936.11 1 4 2 2 0 0 2 1 53 3
1944.56 1 3 2 2 0 0 1 1 54 3
1950.6 1 3 2 2 0 1 1 2 54 2
1972.17 1 2 2 2 0 1 0 2 55 2
1973.6 0 1 2 2 1 1 0 2 55 2
1976.11 0 1 3 3 1 0 0 2 55 2
1985.72 0 1 2 2 1 1 0 2 55 2
1996.39 0 1 3 3 1 0 0 2 55 2
1999.09 0 2 3 3 2 0 0 1 55 2
1999.94 1 3 3 3 1 0 0 1 55 2
2007.95 1 3 2 2 1 1 0 1 55 2
2017.09 1 4 2 2 1 1 1 1 54 2
2018.67 1 3 2 2 0 1 1 2 54 2
2027.15 1 3 2 2 0 0 1 1 54 3
2029.22 0 2 2 2 1 0 1 1 54 3
2039.09 0 2 2 2 2 1 0 1 54 3
2045.76 1 3 2 2 1 1 0 1 54 3
2045.9 1 4 2 2 1 1 1 1 53 3
2050.32 0 3 2 2 2 1 1 1 53 3
2058.98 0 2 2 2 2 1 0 1 54 3
2073.19 0 2 2 2 2 2 0 2 54 2
2074.36 0 1 2 2 1 2 0 3 54 2
2074.97 0 1 2 2 1 3 0 4 54 1
2075.68 0 1 2 2 1 2 0 3 54 2
2076.96 0 2 2 2 1 2 1 3 53 2
2083.96 0 2 1 1 1 3 1 3 53 2
2099.5 0 2 1 1 1 2 1 2 53 3
2101.03 0 3 1 1 2 2 1 1 53 3
2101.56 0 3 1 1 2 3 1 2 53 2
2106.38 1 4 1 1 1 3 1 2 53 2
2129.56 1 4 1 1 1 2 1 1 53 3
2138.16 1 3 1 1 1 2 0 1 54 3
2138.56 0 2 1 1 2 2 0 1 54 3
2138.59 0 2 1 1 2 1 0 0 54 4
2151.46 0 1 1 1 1 1 0 1 54 4
2156.57 0 1 1 1 1 0 0 0 54 5
2156.83 1 2 1 1 0 0 0 0 54 5
2163.52 1 2 1 1 0 1 0 1 54 4
2175.52 1 3 1 1 0 1 1 1 53 4
2181.63 0 2 1 1 1 1 1 1 53 4
2207.63 0 3 1 1 1 1 2 1 52 4
2225.76 0 3 1 1 0 0 3 1 52 4
2246.13 0 3 1 1 0 1 3 2 52 3
2247.48 0 3 1 1 0 2 3 3 52 2
2248.69 0 2 1 1 0 2 2 3 53 2
2252.09 0 3 1 1 1 2 2 2 53 2
2254.93 0 3 1 1 2 3 1 2 53 2
2264.99 0 3 1 1 2 2 1 1 53 3
2265.88 0 3 1 1 1 1 2 1 53 3
2267.27 0 3 1 1 1 2 2 2 53 2
2274.86 0 2 1 1 1 2 1 2 54 2
2286.13 0 1 1 1 1 2 0 2 55 2
2290.05 0 2 1 1 1 2 1 2 54 2
2312.94 0 3 1 1 2 2 1 1 54 2
2313.18 0 2 1 1 1 2 1 2 54 2
2314.37 0 2 1 1 1 3 1 3 54 1
2331.3 0 3 1 1 2 3 1 2 54 1
2350.33 0 3 1 1 1 2 2 2 54 1
2352.75 0 4 1 1 1 2 3 2 53 1
2352.84 0 3 1 1 1 2 2 2 54 1
2353.76 0 3 1 1 1 1 2 1 54 2
2364.81 0 2 1 1 0 1 2 2 54 2
2376.5 0 1 1 1 0 1 1 2 55 2
2378.19 0 1 0 0 0 2 1 2 55 2
2389.25 0 2 0 0 0 2 2 2 54 2
2389.46 0 2 1 1 0 1 2 2 54 2
2390.37 0 1 1 1 0 1 1 2 55 2
2394.97 0 2 1 1 0 1 2 2 54 2
2397.4 0 3 1 1 0 1 3 2 53 2
2406.16 0 4 1 1 0 1 4 2 52 2
2419.48 0 3 1 1 0 1 3 2 53 2
2422.05 0 2 1 1 0 1 2 2 54 2
2423.13 0 3 1 1 0 1 3 2 53 2
2435.2 0 3 1 1 0 0 3 1 53 3
2440.66 0 2 1 1 0 0 2 1 54 3
2442.06 0 1 1 1 0 0 1 1 55 3
2447.43 0 1 0 0 0 1 1 1 55 3
2452.31 0 1 0 0 0 2 1 2 55 2
2465.12 0 2 0 0 0 2 2 2 54 2
2465.99 0 2 1 1 0 1 2 2 54 2
2485.22 0 2 1 1 0 2 2 3 54 1
2485.62 0 2 1 1 0 3 2 4 54 0
2485.83 0 2 1 1 0 2 2 3 54 1
2491.36 0 3 1 1 0 2 3 3 53 1
2499.54 0 3 2 2 0 1 3 3 53 1
2504.7 0 2 2 2 0 1 2 3 54 1
2507.34 0 2 1 1 0 2 2 3 54 1
2514.5 0 2 2 2 0 1 2 3 54 1
2517.16 0 2 2 2 0 0 2 2 54 2
2553.84 0 2 1 1 0 1 2 2 54 2
2558.54 0 2 1 1 0 2 2 3 54 1
2564.7 0 1 1 1 0 2 1 3 55 1
2565.71 0 1 1 1 0 3 1 4 55 0
2586.29 0 1 1 1 0 2 1 3 55 1
2591.77 0 2 1 1 1 2 1 2 55 1
2595.22 1 3 1 1 0 2 1 2 55 1
2597.1 1 3 1 1 0 1 1 1 55 2
2602.36 1 4 1 1 0 1 2 1 54 2
2619.31 1 4 1 1 0 2 2 2 54 1
2623.99 1 3 1 1 0 2 1 2 55 1
2627.93 1 4 1 1 0 2 2 2 54 1
2631.62 1 3 1 1 0 2 1 2 55 1
2633.38 1 4 1 1 1 2 1 1 55 1
2634.86 1 3 1 1 0 2 1 2 55 1
2644.7 1 4 1 1 0 2 2 2 54 1
2647.94 1 5 1 1 0 2 3 2 53 1
2649.79 1 6 1 1 1 2 3 1 53 1
2649.97 1 5 1 1 1 2 2 1 54 1
2650.43 1 5 1 1 1 3 2 2 54 0
2652.29 1 4 1 1 1 3 1 2 55 0
2652.9 1 4 0 0 1 4 1 2 55 0
2653.29 1 4 0 0 1 3 1 1 55 1
2655.41 1 3 0 0 0 3 1 2 55 1
2662.13 1 3 0 0 1 4 0 2 55 1
2666.81 1 3 1 1 1 3 0 2 55 1
2667.14 1 4 1 1 2 3 0 1 55 1
2670.07 1 3 1 1 1 3 0 2 55 1
2680.73 1 2 1 1 0 3 0 3 55 1
2689.98 1 3 1 1 1 3 0 2 55 1
2691.89 1 3 1 1 1 2 0 1 55 2
2694.88 1 3 1 1 0 1 1 1 55 2
2707.88 1 3 0 0 0 2 1 1 55 2
2725.91 0 2 0 0 1 2 1 1 55 2
2728.16 0 2 0 0 1 3 1 2 55 1
2740.36 0 2 0 0 1 2 1 1 55 2
2747.81 0 2 0 0 1 3 1 2 55 1
2752.35 0 1 0 0 0 3 1 3 55 1
2755.69 0 1 0 0 0 2 1 2 55 2
2759.14 0 1 0 0 0 3 1 3 55 1
2760.88 0 0 0 0 0 3 0 3 56 1
2763.92 0 1 0 0 0 3 1 3 55 1
2764.54 0 1 0 0 0 2 1 2 55 2
2783.56 0 0 0 0 0 2 0 2 56 2
2792.88 0 0 1 1 0 1 0 2 56 2
2794.3 0 0 0 0 0 2 0 2 56 2
2797.13 0 1 0 0 0 2 1 2 55 2
2809.04 0 1 0 0 0 3 1 3 55 1
2811.1 0 1 0 0 0 2 1 2 55 2
2833.11 0 1 1 1 0 1 1 2 55 2
2844.29 0 1 1 1 0 0 1 1 55 3
2848.03 0 1 1 1 0 1 1 2 55 2
2866.96 0 1 1 1 0 0 1 1 55 3
2868.43 0 1 1 1 0 1 1 2 55 2
2883.1 0 2 1 1 0 1 2 2 54 2
2886.63 0 2 1 1 0 2 2 3 54 1
2890.29 0 2 1 1 0 1 2 2 54 2
2893.5 0 2 2 2 0 0 2 2 54 2
2901.02 0 3 2 2 1 0 2 1 54 2
2905.39 0 4 2 2 1 0 3 1 53 2
2917.46 0 3 2 2 1 0 2 1 54 2
2918.92 0 4 2 2 2 0 2 0 54 2
2919.73 0 4 1 1 2 1 2 0 54 2
2921.11 0 3 1 1 1 1 2 1 54 2
2927.25 0 4 1 1 2 1 2 0 54 2
2927.32 1 5 1 1 1 1 2 0 54 2
2927.43 2 6 1 1 0 1 2 0 54 2
2932.36 1 5 1 1 1 1 2 0 54 2
2932.99 1 5 0 0 1 2 2 0 54 2
2933.75 0 4 0 0 2 2 2 0 54 2
2935.09 0 3 0 0 1 2 2 1 54 2
2951.53 0 2 0 0 1 2 1 1 55 2
2953.67 0 3 0 0 1 2 2 1 54 2
2955.39 0 2 0 0 1 2 1 1 55 2
2960.57 0 1 0 0 0 2 1 2 55 2
2961.97 0 2 0 0 0 2 2 2 54 2
2966.16 0 3 0 0 0 2 3 2 53 2
2972.12 0 3 0 0 0 1 3 1 53 3
2974.94 0 2 0 0 0 1 2 1 54 3
2975.59 0 2 0 0 0 2 2 2 54 2
2976.59 0 2 0 0 0 3 2 3 54 1
2978.96 0 3 0 0 1 3 2 2 54 1
2981.07 0 3 0 0 1 4 2 3 54 0
2981.24 0 3 0 0 1 3 2 2 54 1
2990.34 0 4 0 0 1 3 3 2 53 1
2992.42 0 5 0 0 1 3 4 2 52 1
2996.39 0 5 0 0 1 2 4 1 52 2
2996.39 0 5 0 0 1 2 4 1 52 2
