0 60 120 60 60 0 0 0 0 0 0
0.00531392 59 119 60 60 1 0 0 0 0 0
0.00954595 59 119 59 59 1 1 0 0 0 0
0.0247652 58 118 59 59 2 1 0 0 0 0
0.0501684 57 117 59 59 3 1 0 0 0 0
0.06976 57 117 58 58 3 2 0 0 0 0
0.0887553 56 116 58 58 4 2 0 0 0 0
0.107818 55 115 58 58 5 2 0 0 0 0
0.116261 55 115 57 57 5 3 0 0 0 0
0.117492 55 115 56 56 5 4 0 0 0 0
0.122189 54 114 56 56 6 4 0 0 0 0
0.137058 53 113 56 56 7 4 0 0 0 0
0.147632 52 112 56 56 8 4 0 0 0 0
0.149661 52 111 56 56 7 4 0 1 0 0
0.162067 52 111 55 55 7 5 0 1 0 0
0.175967 52 111 54 54 7 6 0 1 0 0
0.214164 51 110 54 54 8 6 0 1 0 0
0.242433 51 110 53 53 8 7 0 1 0 0
0.243533 50 109 53 53 9 7 0 1 0 0
0.263688 49 108 53 53 10 7 0 1 0 0
0.26508 48 107 53 53 11 7 0 1 0 0
0.269372 47 106 53 53 12 7 0 1 0 0
0.279412 47 105 53 53 11 7 0 2 0 0
0.284678 46 104 53 53 12 7 0 2 0 0
0.289745 46 104 52 52 12 8 0 2 0 0
0.29409 45 103 52 52 13 8 0 2 0 0
0.315751 44 102 52 52 14 8 0 2 0 0
0.321591 44 102 51 51 14 9 0 2 0 0
0.339946 44 102 50 50 14 10 0 2 0 0
0.345925 44 102 49 49 14 11 0 2 0 0
0.362672 43 101 49 49 15 11 0 2 0 0
0.372295 42 100 49 49 16 11 0 2 0 0
0.409904 42 100 48 48 16 12 0 2 0 0
0.435437 41 99 48 48 17 12 0 2 0 0
0.467499 40 98 48 48 18 12 0 2 0 0
0.506726 39 97 48 48 19 12 0 2 0 0
0.50756 39 96 48 48 18 12 0 3 0 0
0.534966 38 95 48 48 19 12 0 3 0 0
0.538037 38 94 48 48 18 12 0 4 0 0
0.549939 38 94 47 47 18 13 0 4 0 0
0.561041 37 93 47 47 19 13 0 4 0 0
0.561226 37 92 47 47 18 13 0 5 0 0
0.57975 37 92 46 46 18 14 0 5 0 0
0.592254 37 92 45 45 18 15 0 5 0 0
0.619231 36 91 45 45 19 15 0 5 0 0
0.635693 36 91 44 44 19 16 0 5 0 0
0.660568 36 90 44 44 18 16 0 6 0 0
0.729942 35 89 44 44 19 16 0 6 0 0
0.737557 34 88 44 44 20 16 0 6 0 0
0.755276 34 87 44 44 19 16 0 7 0 0
0.761869 34 87 43 43 19 17 0 7 0 0
0.764269 34 87 42 42 19 18 0 7 0 0
0.785302 33 86 42 42 20 18 0 7 0 0
0.825784 32 85 42 42 21 18 0 7 0 0
0.91558 32 85 41 41 21 19 0 7 0 0
0.921381 32 85 40 40 21 20 0 7 0 0
0.92303 32 84 40 40 20 20 0 8 0 0
0.945833 31 83 40 40 21 20 0 8 0 0
0.964112 31 82 40 40 20 20 0 9 0 0
0.964621 31 82 39 39 20 21 0 9 0 0
1.0268 30 81 39 39 21 21 0 9 0 0
1.05639 29 80 39 39 22 21 0 9 0 0
1.07854 28 79 39 39 23 21 0 9 0 0
1.08631 27 78 39 39 24 21 0 9 0 0
1.10031 26 77 39 39 25 21 0 9 0 0
1.10323 25 76 39 39 26 21 0 9 0 0
1.11408 25 75 39 39 25 21 0 10 0 0
1.11566 26 76 39 39 24 21 0 10 0 0
1.11905 25 75 39 39 25 21 0 10 0 0
1.15929 25 74 39 39 24 21 0 11 0 0
1.16685 25 73 39 39 23 21 0 12 0 0
1.1874 25 73 39 39 22 20 1 12 0 0
1.19665 25 72 39 39 21 20 1 13 0 0
1.19803 24 71 39 39 22 20 1 13 0 0
1.20946 24 70 39 39 21 20 1 14 0 0
1.21566 24 69 39 39 20 20 1 15 0 0
1.24556 23 68 39 39 21 20 1 15 0 0
1.33688 23 67 39 39 20 20 1 16 0 0
1.36532 23 66 39 39 19 20 1 17 0 0
1.37331 23 65 39 39 18 20 1 18 0 0
1.37754 23 65 39 39 17 19 2 18 0 0
1.43078 23 65 38 38 17 20 2 18 0 0
1.45707 22 64 38 38 18 20 2 18 0 0
1.47882 21 63 38 38 19 20 2 18 0 0
1.53111 21 63 38 38 18 19 3 18 0 0
1.58811 21 62 38 38 17 19 3 19 0 0
1.60382 21 62 37 37 17 20 3 19 0 0
1.62186 20 61 37 37 18 20 3 19 0 0
1.65338 20 61 36 36 18 21 3 19 0 0
1.68168 21 62 36 36 17 21 3 19 0 0
1.70803 20 61 36 36 18 21 3 19 0 0
1.71947 20 60 36 36 17 21 3 20 0 0
1.76457 20 59 36 36 16 21 3 21 0 0
1.79097 20 59 36 36 15 20 4 21 0 0
1.81583 19 58 36 36 16 20 4 21 0 0
1.83999 19 58 35 35 16 21 4 21 0 0
1.84678 19 58 35 35 15 20 5 21 0 0
1.85389 18 57 35 35 16 20 5 21 0 0
1.8651 18 57 34 34 16 21 5 21 0 0
1.89006 18 57 34 34 16 20 5 20 0 1
1.8927 18 56 34 34 16 20 4 20 1 1
1.90176 18 56 33 33 16 21 4 20 1 1
1.96 18 56 32 32 16 22 4 20 1 1
1.9682 18 56 32 32 15 21 5 20 1 1
1.97557 17 55 32 32 16 21 5 20 1 1
1.99835 16 54 32 32 17 21 5 20 1 1
2.0344 15 53 32 32 18 21 5 20 1 1
2.03548 15 52 32 32 18 21 4 20 2 1
2.038 15 52 31 31 18 22 4 20 2 1
2.10126 15 52 30 30 18 23 4 20 2 1
2.12121 15 51 30 30 17 23 4 21 2 1
2.1341 15 51 29 29 17 24 4 21 2 1
2.18311 15 51 29 29 16 23 5 21 2 1
2.20257 15 52 29 29 17 23 5 20 2 1
2.21138 14 51 29 29 18 23 5 20 2 1
2.21677 14 50 29 29 17 23 5 21 2 1
2.23105 14 49 29 29 16 23 5 22 2 1
2.28952 14 49 29 29 16 22 5 21 2 2
2.29131 13 48 29 29 17 22 5 21 2 2
2.32662 13 47 29 29 16 22 5 22 2 2
2.39193 13 47 29 29 16 21 5 21 2 3
2.67506 13 46 29 29 16 21 4 21 3 3
2.75316 14 47 29 29 15 21 4 21 3 3
2.82803 13 46 29 29 16 21 4 21 3 3
2.87086 13 46 28 28 16 22 4 21 3 3
2.9017 13 46 28 28 16 21 4 20 3 4
3.07759 13 46 27 27 16 22 4 20 3 4
3.12337 13 46 26 26 16 23 4 20 3 4
3.13755 14 47 26 26 15 23 4 20 3 4
3.19306 14 47 26 26 14 22 5 20 3 4
3.3273 13 46 26 26 15 22 5 20 3 4
3.39223 13 45 26 26 14 22 5 21 3 4
3.40263 13 45 26 26 13 21 6 21 3 4
3.42462 13 44 26 26 12 21 6 22 3 4
3.4583 12 43 26 26 13 21 6 22 3 4
3.48984 12 42 26 26 12 21 6 23 3 4
3.71379 12 41 26 26 12 21 5 23 4 4
3.77719 11 40 26 26 13 21 5 23 4 4
3.8132 11 40 26 26 12 20 6 23 4 4
3.88048 11 40 26 26 12 19 6 22 4 5
3.88988 11 39 26 26 11 19 6 23 4 5
3.8992 11 39 26 26 11 18 6 22 4 6
3.89944 11 39 25 25 11 19 6 22 4 6
4.00402 11 38 25 25 10 19 6 23 4 6
4.10402 11 38 25 25 9 18 7 23 4 6
4.1863 11 38 24 24 9 19 7 23 4 6
4.21518 11 38 24 24 8 18 8 23 4 6
4.21581 11 38 23 23 8 19 8 23 4 6
4.21682 11 37 23 23 8 19 7 23 5 6
4.3251 11 37 23 23 7 18 8 23 5 6
4.35015 11 36 23 23 6 18 8 24 5 6
4.45596 11 35 23 23 5 18 8 25 5 6
4.55255 11 34 23 23 5 18 7 25 6 6
4.56192 11 34 23 23 5 17 7 24 6 7
4.56305 10 33 23 23 6 17 7 24 6 7
4.59663 10 33 23 23 6 16 7 23 6 8
4.60088 10 33 23 23 5 15 8 23 6 8
4.62966 10 33 23 23 5 14 8 22 6 9
4.6588 10 33 23 23 5 13 8 21 6 10
4.69137 10 33 23 23 5 12 8 20 6 11
4.78848 10 33 23 23 5 11 8 19 6 12
4.97139 10 33 23 23 5 10 8 18 6 13
5.04498 9 32 23 23 6 10 8 18 6 13
5.13499 9 32 22 22 6 11 8 18 6 13
5.1629 9 31 22 22 6 11 7 18 7 13
5.17225 9 31 21 21 6 12 7 18 7 13
5.29736 8 30 21 21 7 12 7 18 7 13
5.50533 8 30 21 21 6 11 8 18 7 13
5.55153 8 30 21 21 6 12 8 19 7 12
5.67699 8 29 21 21 6 12 7 19 8 12
5.86207 8 29 21 21 6 11 7 18 8 13
5.94621 7 28 21 21 7 11 7 18 8 13
6.04427 6 27 21 21 8 11 7 18 8 13
6.38277 5 26 21 21 9 11 7 18 8 13
6.3855 5 25 21 21 8 11 7 19 8 13
6.39114 5 25 20 20 8 12 7 19 8 13
6.44027 4 24 20 20 9 12 7 19 8 13
6.60421 3 23 20 20 10 12 7 19 8 13
6.79578 3 22 20 20 10 12 6 19 9 13
6.8795 3 22 20 20 10 11 6 18 9 14
7.12296 3 22 19 19 10 12 6 18 9 14
7.25773 3 22 19 19 9 11 7 18 9 14
7.34387 3 22 19 19 8 10 8 18 9 14
7.35771 3 22 18 18 8 11 8 18 9 14
7.46902 3 22 17 17 8 12 8 18 9 14
7.51184 3 21 17 17 8 12 7 18 10 14
7.89298 3 21 16 16 8 13 7 18 10 14
7.94856 3 20 16 16 8 13 6 18 11 14
8.13111 3 20 16 16 8 12 6 17 11 15
8.229 3 20 15 15 8 13 6 17 11 15
8.36115 3 19 15 15 8 13 5 17 12 15
8.45778 2 18 15 15 9 13 5 17 12 15
8.55665 2 18 15 15 9 12 5 16 12 16
8.93042 2 18 15 15 9 11 5 15 12 17
9.1168 2 17 15 15 8 11 5 16 12 17
9.20597 2 16 15 15 8 11 4 16 13 17
9.21611 3 17 15 15 7 11 4 16 13 17
9.24938 3 17 15 15 6 10 5 16 13 17
9.45043 3 17 15 15 6 9 5 15 13 18
9.56662 3 17 15 15 6 8 5 14 13 19
9.59199 3 17 14 14 6 9 5 14 13 19
9.82855 3 18 14 14 7 9 5 13 13 19
10.0045 3 18 14 14 7 10 5 14 13 18
10.189 3 17 14 14 6 10 5 15 13 18
10.269 3 17 14 14 6 9 5 14 13 19
10.2887 2 16 14 14 7 9 5 14 13 19
10.5157 2 15 14 14 7 9 4 14 14 19
11.0248 2 15 14 14 7 8 4 13 14 20
11.4142 2 15 13 13 7 9 4 13 14 20
11.5554 2 14 13 13 7 9 3 13 15 20
11.6233 2 14 12 12 7 10 3 13 15 20
11.639 2 14 12 12 7 9 3 12 15 21
12.5055 2 14 12 12 7 8 3 11 15 22
13.0456 2 14 12 12 6 7 4 11 15 22
13.2448 2 13 12 12 5 7 4 12 15 22
13.8804 2 13 12 12 4 6 5 12 15 22
13.9025 2 13 12 12 3 5 6 12 15 22
14.2849 2 13 11 11 3 6 6 12 15 22
14.5927 2 13 11 11 3 5 6 11 15 23
17.2502 1 12 11 11 4 5 6 11 15 23
17.4596 1 12 11 11 4 6 6 12 15 22
18.192 1 13 11 11 5 6 6 11 15 22
18.5291 1 13 10 10 5 7 6 11 15 22
18.6335 1 12 10 10 4 7 6 12 15 22
18.9532 1 12 9 9 4 8 6 12 15 22
20.7198 1 12 8 8 4 9 6 12 15 22
21.0464 1 12 8 8 4 10 6 13 15 21
21.1075 1 11 8 8 4 10 5 13 16 21
21.223 1 11 8 8 4 11 5 14 16 20
21.3036 1 11 8 8 3 10 6 14 16 20
21.4596 1 12 8 8 4 10 6 13 16 20
21.6446 1 12 8 8 4 9 6 12 16 21
22.0468 1 12 9 9 4 8 6 12 16 21
22.0881 1 12 9 9 4 7 6 11 16 22
22.3152 1 13 9 9 5 7 6 10 16 22
22.4191 1 13 8 8 5 8 6 10 16 22
22.4976 2 14 8 8 4 8 6 10 16 22
22.5167 2 14 7 7 4 9 6 10 16 22
23.606 2 14 7 7 4 8 6 9 16 23
23.7624 2 13 7 7 4 8 5 9 17 23
23.7972 2 13 7 7 4 7 5 8 17 24
24.0378 2 13 7 7 3 6 6 8 17 24
24.2625 2 12 7 7 3 6 5 8 18 24
24.4304 2 12 7 7 2 5 6 8 18 24
24.9794 2 11 7 7 2 5 5 8 19 24
25.3622 2 11 7 7 2 6 5 9 19 23
25.8898 1 10 7 7 3 6 5 9 19 23
26.2391 1 10 7 7 3 5 5 8 19 24
26.3013 1 9 7 7 3 5 4 8 20 24
26.9357 1 8 7 7 3 5 3 8 21 24
27.7523 1 8 6 6 3 6 3 8 21 24
28.1907 1 8 5 5 3 7 3 8 21 24
28.2545 1 8 5 5 3 6 3 7 21 25
29.377 1 8 5 5 3 7 3 8 21 24
30.818 1 8 5 5 3 8 3 9 21 23
31.3937 0 7 5 5 4 8 3 9 21 23
31.8116 0 7 5 5 4 9 3 10 21 22
32.4377 0 7 4 4 4 10 3 10 21 22
33.0803 0 7 4 4 4 11 3 11 21 21
33.5595 0 7 4 4 4 10 3 10 21 22
33.9641 0 8 4 4 5 10 3 9 21 22
34.2606 0 8 5 5 5 9 3 9 21 22
34.3333 0 8 4 4 5 10 3 9 21 22
34.7415 1 9 4 4 4 10 3 9 21 22
35.1757 2 10 4 4 3 10 3 9 21 22
36.0477 2 10 4 4 3 9 3 8 21 23
36.159 2 10 4 4 3 8 3 7 21 24
36.3483 3 11 4 4 2 8 3 7 21 24
37.7592 3 11 4 4 2 9 3 8 21 23
37.9883 3 11 3 3 2 10 3 8 21 23
38.1579 2 10 3 3 3 10 3 8 21 23
39.0356 2 10 3 3 2 9 4 8 21 23
39.09 2 10 3 3 2 8 4 7 21 24
39.9299 2 10 3 3 1 7 5 7 21 24
40.4438 2 10 3 3 1 6 5 6 21 25
40.6229 2 10 3 3 1 7 5 7 21 24
41.1831 2 9 3 3 1 7 4 7 22 24
41.4582 2 8 3 3 1 7 3 7 23 24
42.2985 2 8 2 2 1 8 3 7 23 24
44.9063 2 9 2 2 2 8 3 6 23 24
45.0209 2 8 2 2 2 8 2 6 24 24
45.7113 3 9 2 2 1 8 2 6 24 24
45.8396 2 8 2 2 2 8 2 6 24 24
46.6038 2 8 2 2 2 9 2 7 24 23
49.5197 1 7 2 2 3 9 2 7 24 23
51.0479 1 7 3 3 3 8 2 7 24 23
54.0191 1 6 3 3 2 8 2 8 24 23
54.0764 1 6 3 3 2 9 2 9 24 22
54.2626 1 5 3 3 2 9 1 9 25 22
55.8696 1 4 3 3 1 9 1 10 25 22
56.062 1 4 3 3 1 10 1 11 25 21
57.5293 1 4 3 3 1 9 1 10 25 22
58.7641 1 5 3 3 2 9 1 9 25 22
59.2904 1 5 3 3 2 8 1 8 25 23
59.3867 1 5 3 3 2 7 1 7 25 24
60.5648 1 5 3 3 2 8 1 8 25 23
60.8448 1 5 4 4 2 7 1 8 25 23
61.5995 1 5 4 4 2 6 1 7 25 24
61.8221 1 5 4 4 2 7 1 8 25 23
62.4191 1 5 4 4 2 8 1 9 25 22
62.6115 1 5 4 4 2 7 1 8 25 23
63.123 1 5 4 4 2 8 1 9 25 22
63.2282 1 5 4 4 2 7 1 8 25 23
63.5127 2 6 4 4 1 7 1 8 25 23
63.8969 2 6 4 4 1 8 1 9 25 22
64.0343 2 6 4 4 1 7 1 8 25 23
64.3534 2 6 4 4 1 8 1 9 25 22
64.7513 2 6 4 4 1 9 1 10 25 21
64.9709 1 5 4 4 2 9 1 10 25 21
65.5973 1 5 4 4 2 8 1 9 25 22
66.0141 1 5 4 4 2 7 1 8 25 23
66.8846 1 4 4 4 1 7 1 9 25 23
67.8918 1 5 4 4 2 7 1 8 25 23
68.0648 1 5 3 3 2 8 1 8 25 23
68.6366 1 5 3 3 2 7 1 7 25 24
68.7564 1 4 3 3 1 7 1 8 25 24
68.895 1 4 3 3 1 6 1 7 25 25
72.5756 1 4 3 3 1 7 1 8 25 24
72.7214 1 4 3 3 1 8 1 9 25 23
73.5911 1 4 3 3 1 7 1 8 25 24
74.1701 1 3 3 3 0 7 1 9 25 24
74.2992 1 3 3 3 0 6 1 8 25 25
76.6424 1 3 3 3 0 5 1 7 25 26
79.8254 1 3 3 3 0 6 1 8 25 25
80.5352 1 3 3 3 0 5 1 7 25 26
81.5305 1 3 2 2 0 6 1 7 25 26
84.3196 1 3 2 2 0 7 1 8 25 25
85.4469 1 3 2 2 0 6 1 7 25 26
86.255 1 3 2 2 0 5 1 6 25 27
87.2434 1 3 2 2 0 6 1 7 25 26
88.2491 1 3 2 2 0 5 1 6 25 27
90.1821 1 3 2 2 0 4 1 5 25 28
90.6203 1 3 2 2 0 3 1 4 25 29
99.0978 1 3 2 2 0 4 1 5 25 28
99.1209 1 3 3 3 0 3 1 5 25 28
103.012 1 3 3 3 0 4 1 6 25 27
103.875 1 3 3 3 0 5 1 7 25 26
104.263 1 3 3 3 0 6 1 8 25 25
105.235 1 3 3 3 0 7 1 9 25 24
105.955 1 3 3 3 0 8 1 10 25 23
107.14 1 3 3 3 0 9 1 11 25 22
107.145 1 3 3 3 0 8 1 10 25 23
107.473 1 3 3 3 0 7 1 9 25 24
107.773 1 3 3 3 0 6 1 8 25 25
108.575 1 3 3 3 0 5 1 7 25 26
110.774 1 3 3 3 0 6 1 8 25 25
111.43 1 3 3 3 0 5 1 7 25 26
113.515 1 3 3 3 0 4 1 6 25 27
114.103 1 3 3 3 0 3 1 5 25 28
114.299 1 3 3 3 0 4 1 6 25 27
115.147 1 3 3 3 0 5 1 7 25 26
117.471 1 3 2 2 0 6 1 7 25 26
117.603 1 3 2 2 0 7 1 8 25 25
117.983 1 3 2 2 0 6 1 7 25 26
118.464 1 3 2 2 0 5 1 6 25 27
120.485 1 3 2 2 0 6 1 7 25 26
123.643 1 3 2 2 0 5 1 6 25 27
125.487 1 3 2 2 0 6 1 7 25 26
126.21 1 3 2 2 0 7 1 8 25 25
126.293 0 2 2 2 1 7 1 8 25 25
128.019 0 1 2 2 1 7 0 8 26 25
128.121 0 1 2 2 1 8 0 9 26 24
128.79 0 1 2 2 1 7 0 8 26 25
128.793 0 1 2 2 1 6 0 7 26 26
130.329 0 1 2 2 1 7 0 8 26 25
130.625 0 1 2 2 1 8 0 9 26 24
130.801 0 1 2 2 1 9 0 10 26 23
130.931 0 2 2 2 2 9 0 9 26 23
131.147 0 2 2 2 2 8 0 8 26 24
135.137 0 2 2 2 2 7 0 7 26 25
135.486 0 2 2 2 2 6 0 6 26 26
136.732 0 2 2 2 2 7 0 7 26 25
137.562 0 2 3 3 2 6 0 7 26 25
138.245 0 2 3 3 2 7 0 8 26 24
138.796 0 2 3 3 2 6 0 7 26 25
138.818 0 2 3 3 2 7 0 8 26 24
139.411 0 2 3 3 2 8 0 9 26 23
140.086 0 2 3 3 2 9 0 10 26 22
140.113 0 2 3 3 2 8 0 9 26 23
141.894 0 2 3 3 2 7 0 8 26 24
142.977 0 2 3 3 2 8 0 9 26 23
146.299 0 2 3 3 1 7 1 9 26 23
146.566 0 2 3 3 1 8 1 10 26 22
146.708 0 2 3 3 1 7 1 9 26 23
147.539 0 2 3 3 1 8 1 10 26 22
147.602 0 1 3 3 1 8 0 10 27 22
149.752 0 1 3 3 1 7 0 9 27 23
149.875 0 1 3 3 1 6 0 8 27 24
150.08 0 1 3 3 1 5 0 7 27 25
150.971 0 1 3 3 1 4 0 6 27 26
151.224 0 2 3 3 1 4 1 6 26 26
154.366 0 2 3 3 1 3 1 5 26 27
155.941 0 2 3 3 1 4 1 6 26 26
157.338 0 2 3 3 1 3 1 5 26 27
157.401 0 3 3 3 2 3 1 4 26 27
158.282 0 3 3 3 2 2 1 3 26 28
160.039 0 3 3 3 2 3 1 4 26 27
161.343 0 3 2 2 2 4 1 4 26 27
162.553 0 3 2 2 2 3 1 3 26 28
163.405 0 3 2 2 2 4 1 4 26 27
166.803 0 4 2 2 3 4 1 3 26 27
166.904 0 3 2 2 3 4 0 3 27 27
167.305 0 3 2 2 3 5 0 4 27 26
167.803 0 4 2 2 4 5 0 3 27 26
169.705 0 4 2 2 3 4 1 3 27 26
169.784 0 4 1 1 3 5 1 3 27 26
170.422 0 4 1 1 2 4 2 3 27 26
171.801 0 4 1 1 2 5 2 4 27 25
172.537 0 4 1 1 2 6 2 5 27 24
174.131 1 5 1 1 1 6 2 5 27 24
176.169 1 5 1 1 1 7 2 6 27 23
176.428 1 5 1 1 1 6 2 5 27 24
177.759 1 4 1 1 1 6 1 5 28 24
178.514 1 4 1 1 1 7 1 6 28 23
179.532 1 3 1 1 1 7 0 6 29 23
180.246 2 4 1 1 0 7 0 6 29 23
180.868 2 4 1 1 0 6 0 5 29 24
181.496 2 4 1 1 0 5 0 4 29 25
183.577 2 4 1 1 0 4 0 3 29 26
183.726 2 4 1 1 0 5 0 4 29 25
184.998 2 4 1 1 0 6 0 5 29 24
186.024 1 3 1 1 1 6 0 5 29 24
186.177 1 3 1 1 1 7 0 6 29 23
186.193 1 3 1 1 1 6 0 5 29 24
186.936 1 3 1 1 1 5 0 4 29 25
186.988 1 3 1 1 1 6 0 5 29 24
194.538 1 3 1 1 1 7 0 6 29 23
196.252 1 3 1 1 1 6 0 5 29 24
196.37 1 3 1 1 1 7 0 6 29 23
199.873 1 3 1 1 1 6 0 5 29 24
200.023 1 3 1 1 1 7 0 6 29 23
200.289 2 4 1 1 0 7 0 6 29 23
203.744 2 4 1 1 0 6 0 5 29 24
203.975 2 4 1 1 0 5 0 4 29 25
204.448 2 4 1 1 0 6 0 5 29 24
204.779 2 4 1 1 0 5 0 4 29 25
205.517 2 4 1 1 0 4 0 3 29 26
208.065 2 4 1 1 0 5 0 4 29 25
211.341 2 4 1 1 0 4 0 3 29 26
211.399 2 4 1 1 0 5 0 4 29 25
212.655 2 4 1 1 0 6 0 5 29 24
213.799 2 4 2 2 0 5 0 5 29 24
214.361 2 4 2 2 0 6 0 6 29 23
214.687 2 5 2 2 1 6 0 5 29 23
215.644 2 5 2 2 1 7 0 6 29 22
215.747 2 5 2 2 1 6 0 5 29 23
216.794 2 5 2 2 1 7 0 6 29 22
216.975 2 5 2 2 1 6 0 5 29 23
219.323 2 5 2 2 1 7 0 6 29 22
219.547 2 5 2 2 1 8 0 7 29 21
220.29 3 6 2 2 0 8 0 7 29 21
222.9 2 5 2 2 1 8 0 7 29 21
223.029 2 5 2 2 1 7 0 6 29 22
223.569 2 5 2 2 1 8 0 7 29 21
224.179 2 5 2 2 1 7 0 6 29 22
224.569 2 5 2 2 1 8 0 7 29 21
225.22 2 5 2 2 0 7 1 7 29 21
226.123 2 5 2 2 0 6 1 6 29 22
226.374 2 5 2 2 0 5 1 5 29 23
226.712 2 5 2 2 0 4 1 4 29 24
231.589 2 5 2 2 0 5 1 5 29 23
232.253 2 5 3 3 0 4 1 5 29 23
233.529 2 5 4 4 0 3 1 5 29 23
233.607 2 6 4 4 1 3 1 4 29 23
235.953 2 6 4 4 1 4 1 5 29 22
236.935 2 7 4 4 2 4 1 4 29 22
238.019 2 7 4 4 2 3 1 3 29 23
238.42 2 7 3 3 2 4 1 3 29 23
238.663 2 6 3 3 2 4 0 3 30 23
240.522 2 5 3 3 1 4 0 4 30 23
240.691 2 5 3 3 1 5 0 5 30 22
242.116 2 5 3 3 1 4 0 4 30 23
245.81 2 5 3 3 1 5 0 5 30 22
246.494 2 5 3 3 1 6 0 6 30 21
246.527 2 5 3 3 1 5 0 5 30 22
248.878 1 4 3 3 2 5 0 5 30 22
252.474 1 4 3 3 2 6 0 6 30 21
253.288 1 4 3 3 2 5 0 5 30 22
255.069 1 4 3 3 2 4 0 4 30 23
255.08 1 4 3 3 2 3 0 3 30 24
257.687 2 5 3 3 1 3 0 3 30 24
266.564 2 5 3 3 1 4 0 4 30 23
266.679 2 5 3 3 1 5 0 5 30 22
267.008 2 5 3 3 1 6 0 6 30 21
271.44 1 4 3 3 2 6 0 6 30 21
274.305 1 4 3 3 2 7 0 7 30 20
274.372 1 4 3 3 2 6 0 6 30 21
275.681 0 3 3 3 3 6 0 6 30 21
277.664 0 3 3 3 3 7 0 7 30 20
277.774 0 3 3 3 2 6 1 7 30 20
279.279 0 3 2 2 2 7 1 7 30 20
281.345 0 3 2 2 2 6 1 6 30 21
281.585 0 3 2 2 3 7 0 6 30 21
281.886 0 3 2 2 2 6 1 6 30 21
286.368 0 3 2 2 2 7 1 7 30 20
287.227 0 3 2 2 2 6 1 6 30 21
289.385 0 3 2 2 2 5 1 5 30 22
289.793 0 3 2 2 1 4 2 5 30 22
292.712 0 4 2 2 2 4 2 4 30 22
293.012 0 3 2 2 2 4 1 4 31 22
294.035 0 3 2 2 2 5 1 5 31 21
297.656 0 3 2 2 2 4 1 4 31 22
299.61 0 3 2 2 2 3 1 3 31 23
300.976 0 3 3 3 2 2 1 3 31 23
303.353 0 3 3 3 2 1 1 2 31 24
304.479 0 3 3 3 2 2 1 3 31 23
306.148 0 3 3 3 2 3 1 4 31 22
306.536 0 2 3 3 2 3 0 4 32 22
308.632 0 3 3 3 3 3 0 3 32 22
310.905 0 3 3 3 3 2 0 2 32 23
313.223 0 3 3 3 3 3 0 3 32 22
314.313 1 4 3 3 2 3 0 3 32 22
318.144 1 3 3 3 1 3 0 4 32 22
319.381 1 3 3 3 1 2 0 3 32 23
319.99 1 3 3 3 1 1 0 2 32 24
321.896 1 2 3 3 0 1 0 3 32 24
325.837 1 2 3 3 0 2 0 4 32 23
326.664 1 2 3 3 0 3 0 5 32 22
327.032 1 2 2 2 0 4 0 5 32 22
327.324 1 2 1 1 0 5 0 5 32 22
328.765 1 2 2 2 0 4 0 5 32 22
329.847 1 2 2 2 0 5 0 6 32 21
334.314 1 2 2 2 0 4 0 5 32 22
334.359 1 2 2 2 0 3 0 4 32 23
334.727 1 2 2 2 0 2 0 3 32 24
335.766 1 2 1 1 0 3 0 3 32 24
336.108 1 2 1 1 0 2 0 2 32 25
337.809 1 2 1 1 0 3 0 3 32 24
340.196 1 2 1 1 0 4 0 4 32 23
343.657 1 2 1 1 0 3 0 3 32 24
346.67 1 2 1 1 0 4 0 4 32 23
349.191 1 3 1 1 1 4 0 3 32 23
349.199 1 3 1 1 1 5 0 4 32 22
349.497 1 3 1 1 1 6 0 5 32 21
355.135 1 3 1 1 1 7 0 6 32 20
355.316 1 3 1 1 1 6 0 5 32 21
359.266 1 3 1 1 1 5 0 4 32 22
361.58 1 2 1 1 0 5 0 5 32 22
362.148 1 2 1 1 0 4 0 4 32 23
363.708 1 2 1 1 0 5 0 5 32 22
365.214 1 2 1 1 0 4 0 4 32 23
366.121 1 2 1 1 0 3 0 3 32 24
369.926 1 2 1 1 0 2 0 2 32 25
373.743 1 2 1 1 0 3 0 3 32 24
379.566 1 2 1 1 0 4 0 4 32 23
380.742 1 2 2 2 0 3 0 4 32 23
380.939 1 2 2 2 0 4 0 5 32 22
381.535 1 2 2 2 0 5 0 6 32 21
382.022 1 3 2 2 1 5 0 5 32 21
382.527 1 3 2 2 1 6 0 6 32 20
384.507 1 3 3 3 1 5 0 6 32 20
386.735 1 3 3 3 1 4 0 5 32 21
386.78 1 3 3 3 1 3 0 4 32 22
388.361 1 3 3 3 1 4 0 5 32 21
389.056 1 3 3 3 1 5 0 6 32 20
391.036 1 3 2 2 1 6 0 6 32 20
391.187 1 3 2 2 1 7 0 7 32 19
392.572 1 3 1 1 1 8 0 7 32 19
392.627 1 3 1 1 1 7 0 6 32 20
393.358 0 2 1 1 2 7 0 6 32 20
393.55 0 2 1 1 1 6 1 6 32 20
395.064 0 2 1 1 1 7 1 7 32 19
395.193 0 2 1 1 0 6 2 7 32 19
395.777 0 3 1 1 1 6 2 6 32 19
396.497 0 3 1 1 1 5 2 5 32 20
397.97 0 3 1 1 1 6 2 6 32 19
398.063 0 3 2 2 1 5 2 6 32 19
401.817 0 3 2 2 1 6 2 7 32 18
401.847 0 3 2 2 1 5 2 6 32 19
402.578 0 4 2 2 2 5 2 5 32 19
404.195 0 4 2 2 2 6 2 6 32 18
404.702 0 3 2 2 2 6 1 6 33 18
405.21 0 3 2 2 2 7 1 7 33 17
406.773 1 4 2 2 1 7 1 7 33 17
407.726 1 4 2 2 1 8 1 8 33 16
408.189 1 4 2 2 1 7 1 7 33 17
408.343 1 4 2 2 1 8 1 8 33 16
412.129 1 5 2 2 2 8 1 7 33 16
412.148 2 6 2 2 1 8 1 7 33 16
413.051 2 6 2 2 1 7 1 6 33 17
416.759 2 7 2 2 2 7 1 5 33 17
417.827 2 7 2 2 2 8 1 6 33 16
418.868 2 7 2 2 2 7 1 5 33 17
419.013 2 6 2 2 1 7 1 6 33 17
419.178 2 6 2 2 1 6 1 5 33 18
419.318 2 6 1 1 1 7 1 5 33 18
420.892 2 6 1 1 1 6 1 4 33 19
422.42 2 6 1 1 1 7 1 5 33 18
423.32 2 6 1 1 1 6 1 4 33 19
424.174 2 6 1 1 1 7 1 5 33 18
425.507 2 6 1 1 0 6 2 5 33 18
427.986 2 5 1 1 0 6 1 5 34 18
431.545 2 5 1 1 0 5 1 4 34 19
431.621 1 4 1 1 1 5 1 4 34 19
431.887 1 4 1 1 1 4 1 3 34 20
432.738 1 4 1 1 1 5 1 4 34 19
436.344 1 4 1 1 1 6 1 5 34 18
436.587 1 4 1 1 1 5 1 4 34 19
438.169 1 4 1 1 1 6 1 5 34 18
438.663 1 4 1 1 1 5 1 4 34 19
441.627 1 5 1 1 2 5 1 3 34 19
443.088 1 5 1 1 2 4 1 2 34 20
446.492 1 5 1 1 2 5 1 3 34 19
448.115 1 6 1 1 2 5 2 3 33 19
450.132 1 6 1 1 2 6 2 4 33 18
451.03 1 6 1 1 2 5 2 3 33 19
451.049 1 6 1 1 3 6 1 3 33 19
451.432 1 6 1 1 2 5 2 3 33 19
451.739 1 6 1 1 2 6 2 4 33 18
454.073 1 6 2 2 2 5 2 4 33 18
458.927 1 6 2 2 2 6 2 5 33 17
459.66 1 6 2 2 1 5 3 5 33 17
460.071 1 6 2 2 1 4 3 4 33 18
460.925 1 6 1 1 1 5 3 4 33 18
464.785 1 5 1 1 1 5 2 4 34 18
466.52 1 4 1 1 1 5 1 4 35 18
466.831 1 4 1 1 1 6 1 5 35 17
467.515 1 4 1 1 1 7 1 6 35 16
468.837 1 4 1 1 1 8 1 7 35 15
469.531 1 4 1 1 1 7 1 6 35 16
469.828 1 4 1 1 1 8 1 7 35 15
472.461 1 5 1 1 2 8 1 6 35 15
472.968 1 5 1 1 2 9 1 7 35 14
473.121 1 5 1 1 2 8 1 6 35 15
473.866 1 5 1 1 2 9 1 7 35 14
476.916 1 5 1 1 2 8 1 6 35 15
477.229 1 5 1 1 2 7 1 5 35 16
477.782 1 5 1 1 2 6 1 4 35 17
477.926 1 5 1 1 1 5 2 4 35 17
478.865 1 5 1 1 1 6 2 5 35 16
480.122 1 5 1 1 1 7 2 6 35 15
482.301 1 4 1 1 0 7 2 7 35 15
483.149 1 4 1 1 0 8 2 8 35 14
485.181 1 4 1 1 0 9 2 9 35 13
485.504 1 4 2 2 0 8 2 9 35 13
486.407 1 4 2 2 0 7 2 8 35 14
486.862 1 4 2 2 0 6 2 7 35 15
488.576 1 4 2 2 0 5 2 6 35 16
490.368 1 3 2 2 0 5 1 6 36 16
490.987 1 3 2 2 0 6 1 7 36 15
494.262 1 4 2 2 1 6 1 6 36 15
495.918 1 4 2 2 1 7 1 7 36 14
497.472 1 4 2 2 1 8 1 8 36 13
498.743 1 3 2 2 0 8 1 9 36 13
501.736 1 4 2 2 1 8 1 8 36 13
504.018 1 4 2 2 1 7 1 7 36 14
504.506 1 4 2 2 1 6 1 6 36 15
505.063 1 3 2 2 1 6 0 6 37 15
510.018 1 3 2 2 1 7 0 7 37 14
515.4 1 4 2 2 2 7 0 6 37 14
516.226 1 4 2 2 2 6 0 5 37 15
518.121 1 4 2 2 1 5 1 5 37 15
518.261 1 4 2 2 1 4 1 4 37 16
519.672 1 3 2 2 0 4 1 5 37 16
520.561 1 2 2 2 0 4 0 5 38 16
520.564 1 2 2 2 0 5 0 6 38 15
520.867 1 2 2 2 0 4 0 5 38 16
522.061 1 2 2 2 0 3 0 4 38 17
525.921 1 2 2 2 0 4 0 5 38 16
528.672 1 2 2 2 0 3 0 4 38 17
529.655 1 2 3 3 0 2 0 4 38 17
530.51 1 2 3 3 0 1 0 3 38 18
531.744 1 3 3 3 1 1 0 2 38 18
533.521 1 3 3 3 1 2 0 3 38 17
537.503 1 4 3 3 2 2 0 2 38 17
539.351 1 4 3 3 2 3 0 3 38 16
539.536 1 4 3 3 2 4 0 4 38 15
539.865 1 4 3 3 2 5 0 5 38 14
542.613 1 3 3 3 1 5 0 6 38 14
547.893 1 3 3 3 1 6 0 7 38 13
549.133 0 2 3 3 2 6 0 7 38 13
550.019 0 2 3 3 2 5 0 6 38 14
551.665 0 2 2 2 2 6 0 6 38 14
553.198 0 2 2 2 2 5 0 5 38 15
553.408 0 2 3 3 2 4 0 5 38 15
553.883 1 3 3 3 1 4 0 5 38 15
553.995 1 3 3 3 1 3 0 4 38 16
554.34 1 4 3 3 2 3 0 3 38 16
554.77 1 3 3 3 1 3 0 4 38 16
557.847 1 3 3 3 1 4 0 5 38 15
558.248 1 4 3 3 2 4 0 4 38 15
559.082 1 4 3 3 2 5 0 5 38 14
561.192 1 4 3 3 2 4 0 4 38 15
562.271 1 4 3 3 2 3 0 3 38 16
563.015 1 4 4 4 2 2 0 3 38 16
566.705 0 3 4 4 3 2 0 3 38 16
567.706 0 4 4 4 4 2 0 2 38 16
569.837 0 4 4 4 4 3 0 3 38 15
570.472 1 5 4 4 3 3 0 3 38 15
571.92 1 5 4 4 3 2 0 2 38 16
574.854 1 5 3 3 3 3 0 2 38 16
579.93 1 5 2 2 3 4 0 2 38 16
580.886 1 5 2 2 3 5 0 3 38 15
581.505 1 4 2 2 2 5 0 4 38 15
584.106 1 4 2 2 2 6 0 5 38 14
585.856 1 4 2 2 2 7 0 6 38 13
586.826 1 4 2 2 2 8 0 7 38 12
587.248 2 5 2 2 1 8 0 7 38 12
588.691 2 4 2 2 0 8 0 8 38 12
593.428 2 4 2 2 0 9 0 9 38 11
593.782 2 4 2 2 0 8 0 8 38 12
593.831 2 4 2 2 0 7 0 7 38 13
594.225 2 4 2 2 0 6 0 6 38 14
597.364 2 4 2 2 0 5 0 5 38 15
597.758 2 4 3 3 0 4 0 5 38 15
597.952 2 4 3 3 0 5 0 6 38 14
598.735 2 4 3 3 0 6 0 7 38 13
602.887 2 4 2 2 0 7 0 7 38 13
603.152 2 5 2 2 1 7 0 6 38 13
604.046 1 4 2 2 2 7 0 6 38 13
604.769 1 5 2 2 3 7 0 5 38 13
604.796 1 5 2 2 3 8 0 6 38 12
605.262 1 5 2 2 3 7 0 5 38 13
605.759 1 5 2 2 3 8 0 6 38 12
605.968 1 5 2 2 3 7 0 5 38 13
606.21 1 5 2 2 3 6 0 4 38 14
606.506 1 6 2 2 4 6 0 3 38 14
606.817 1 6 2 2 4 5 0 2 38 15
606.843 1 6 2 2 4 6 0 3 38 14
606.949 1 7 2 2 5 6 0 2 38 14
607.965 1 7 2 2 5 7 0 3 38 13
608.263 1 7 2 2 5 8 0 4 38 12
608.511 1 7 3 3 5 7 0 4 38 12
610.241 1 7 3 3 5 6 0 3 38 13
610.977 1 7 3 3 5 5 0 2 38 14
611.59 0 6 3 3 6 5 0 2 38 14
612.617 0 6 3 3 6 4 0 1 38 15
612.624 0 6 2 2 6 5 0 1 38 15
614.599 1 7 2 2 5 5 0 1 38 15
614.737 1 7 2 2 5 6 0 2 38 14
616.061 2 8 2 2 4 6 0 2 38 14
616.811 1 7 2 2 5 6 0 2 38 14
617.646 1 7 2 2 4 5 1 2 38 14
618.232 1 6 2 2 3 5 1 3 38 14
620.689 1 6 2 2 3 4 1 2 38 15
622.939 2 7 2 2 2 4 1 2 38 15
624.552 2 7 2 2 2 5 1 3 38 14
625.407 1 6 2 2 3 5 1 3 38 14
625.831 1 6 3 3 3 4 1 3 38 14
626.415 1 6 3 3 2 3 2 3 38 14
628.244 1 6 3 3 1 2 3 3 38 14
630.817 1 7 3 3 2 2 3 2 38 14
631.219 1 7 3 3 1 1 4 2 38 14
631.813 1 7 3 3 1 2 4 3 38 13
632.075 1 7 3 3 1 1 4 2 38 14
632.189 1 7 2 2 1 2 4 2 38 14
634.28 1 6 2 2 1 2 3 2 39 14
637.213 1 6 2 2 1 3 3 3 39 13
637.841 1 6 2 2 1 4 3 4 39 12
640.698 1 6 2 2 1 5 3 5 39 11
642.2 1 5 2 2 0 5 3 6 39 11
643.668 1 5 2 2 1 6 2 6 39 11
645.202 1 5 2 2 1 7 2 7 39 10
645.546 0 4 2 2 2 7 2 7 39 10
646.174 0 4 2 2 2 6 2 6 39 11
648.053 0 4 2 2 2 7 2 7 39 10
648.622 0 4 2 2 2 6 2 6 39 11
649.415 0 4 2 2 2 5 2 5 39 12
650.067 0 3 2 2 2 5 1 5 40 12
651.995 0 3 2 2 2 4 1 4 40 13
652.433 0 2 2 2 1 4 1 5 40 13
653.438 0 2 1 1 1 5 1 5 40 13
654.236 0 2 1 1 1 6 1 6 40 12
654.656 0 2 1 1 1 5 1 5 40 13
655.58 0 2 1 1 1 6 1 6 40 12
658.317 0 2 1 1 1 7 1 7 40 11
660.018 0 2 1 1 1 6 1 6 40 12
660.832 0 2 2 2 1 5 1 6 40 12
662.157 0 2 2 2 1 4 1 5 40 13
663.087 0 2 1 1 1 5 1 5 40 13
663.694 0 2 1 1 1 6 1 6 40 12
663.908 0 2 1 1 1 5 1 5 40 13
666.255 0 2 1 1 1 4 1 4 40 14
667.121 0 2 1 1 1 5 1 5 40 13
667.998 0 2 1 1 1 6 1 6 40 12
669.491 0 2 1 1 1 5 1 5 40 13
672.66 0 2 1 1 1 6 1 6 40 12
673.913 0 2 1 1 1 7 1 7 40 11
674.258 0 2 1 1 1 6 1 6 40 12
677.172 0 2 1 1 1 5 1 5 40 13
680.939 0 2 1 1 1 4 1 4 40 14
683.454 1 3 1 1 0 4 1 4 40 14
683.754 1 3 1 1 0 5 1 5 40 13
683.768 1 3 1 1 0 4 1 4 40 14
687.068 1 3 1 1 0 5 1 5 40 13
689.169 1 3 1 1 0 6 1 6 40 12
690.49 1 3 1 1 0 5 1 5 40 13
693.091 1 3 1 1 0 6 1 6 40 12
693.898 1 3 1 1 0 7 1 7 40 11
694.532 1 3 1 1 0 6 1 6 40 12
694.736 0 2 1 1 1 6 1 6 40 12
695.443 0 2 1 1 0 5 2 6 40 12
706.839 0 2 1 1 0 4 2 5 40 13
707.114 0 2 1 1 0 5 2 6 40 12
709.392 0 1 1 1 0 5 1 6 41 12
713.128 0 1 1 1 0 4 1 5 41 13
715.474 0 1 1 1 1 5 0 5 41 13
715.837 0 1 1 1 1 4 0 4 41 14
718.165 0 1 1 1 1 5 0 5 41 13
719.26 0 2 1 1 2 5 0 4 41 13
720.804 0 2 1 1 2 6 0 5 41 12
721.78 0 2 1 1 2 7 0 6 41 11
724.682 0 3 1 1 3 7 0 5 41 11
725.314 0 3 2 2 3 6 0 5 41 11
725.747 0 2 2 2 2 6 0 6 41 11
725.799 1 3 2 2 1 6 0 6 41 11
727.748 2 4 2 2 0 6 0 6 41 11
728.39 2 4 2 2 0 5 0 5 41 12
729.104 2 4 3 3 0 4 0 5 41 12
734.731 2 4 3 3 0 5 0 6 41 11
735.609 2 4 2 2 0 6 0 6 41 11
737.091 2 4 2 2 0 7 0 7 41 10
737.677 2 4 2 2 0 6 0 6 41 11
740.354 1 3 2 2 1 6 0 6 41 11
745.05 1 4 2 2 2 6 0 5 41 11
745.789 1 4 2 2 2 5 0 4 41 12
746.478 1 4 2 2 1 4 1 4 41 12
748.449 1 4 2 2 1 5 1 5 41 11
748.572 1 4 2 2 1 6 1 6 41 10
749.566 1 4 3 3 1 5 1 6 41 10
751.827 1 4 3 3 1 4 1 5 41 11
754.09 1 4 3 3 1 3 1 4 41 12
759.353 1 4 3 3 1 4 1 5 41 11
759.792 1 5 3 3 2 4 1 4 41 11
760.903 1 5 3 3 2 5 1 5 41 10
761.341 1 5 2 2 2 6 1 5 41 10
766.242 1 5 2 2 1 5 2 5 41 10
771.686 1 5 3 3 1 4 2 5 41 10
773.337 1 4 3 3 1 4 1 5 42 10
773.988 1 4 3 3 1 3 1 4 42 11
774.044 1 3 3 3 1 3 0 4 43 11
774.348 1 4 3 3 2 3 0 3 43 11
776.107 1 4 3 3 1 2 1 3 43 11
778.217 1 3 3 3 0 2 1 4 43 11
782.445 1 3 3 3 0 3 1 5 43 10
782.449 1 3 3 3 0 2 1 4 43 11
785.031 1 2 3 3 0 2 0 4 44 11
785.3 1 2 4 4 0 1 0 4 44 11
789.676 1 2 4 4 0 2 0 5 44 10
793.735 1 2 4 4 0 3 0 6 44 9
795.146 1 2 4 4 0 4 0 7 44 8
795.619 1 2 4 4 0 3 0 6 44 9
802.444 1 2 4 4 0 4 0 7 44 8
805.208 1 2 4 4 0 3 0 6 44 9
813.802 1 2 4 4 0 4 0 7 44 8
814.235 1 2 4 4 0 5 0 8 44 7
816.814 1 2 4 4 0 4 0 7 44 8
817.674 1 2 4 4 0 3 0 6 44 9
817.934 0 1 4 4 1 3 0 6 44 9
818.049 0 1 3 3 1 4 0 6 44 9
818.209 0 1 3 3 1 5 0 7 44 8
819.368 0 1 3 3 1 4 0 6 44 9
822.429 0 1 3 3 1 3 0 5 44 10
823.163 0 1 3 3 1 2 0 4 44 11
829.73 0 1 3 3 1 3 0 5 44 10
835.072 0 2 3 3 1 3 1 5 43 10
835.497 0 2 3 3 1 4 1 6 43 9
839.33 0 2 3 3 1 5 1 7 43 8
839.983 0 2 3 3 1 4 1 6 43 9
842.558 0 3 3 3 1 4 2 6 42 9
845.013 0 3 2 2 1 5 2 6 42 9
845.687 0 3 2 2 1 4 2 5 42 10
846.409 0 3 2 2 1 3 2 4 42 11
854.658 0 4 2 2 1 3 3 4 41 11
857.048 0 4 2 2 1 4 3 5 41 10
857.804 0 3 2 2 1 4 2 5 42 10
857.99 0 2 2 2 1 4 1 5 43 10
859.391 0 2 2 2 0 3 2 5 43 10
860.936 0 2 2 2 0 2 2 4 43 11
862.876 0 2 2 2 0 3 2 5 43 10
867.788 0 3 2 2 1 3 2 4 43 10
871.282 0 3 2 2 1 4 2 5 43 9
872.747 0 3 2 2 1 3 2 4 43 10
873.196 0 2 2 2 1 3 1 4 44 10
874.164 0 2 1 1 1 4 1 4 44 10
874.66 0 2 1 1 1 5 1 5 44 9
879.261 0 2 1 1 1 4 1 4 44 10
881.794 0 2 1 1 1 5 1 5 44 9
882.345 0 2 1 1 1 4 1 4 44 10
884.785 0 2 1 1 0 3 2 4 44 10
887.954 0 2 0 0 0 4 2 4 44 10
891.343 0 2 0 0 0 3 2 3 44 11
897.354 0 2 0 0 0 4 2 4 44 10
900.104 0 2 0 0 0 5 2 5 44 9
908.149 0 2 0 0 0 6 2 6 44 8
910.303 0 2 0 0 0 5 2 5 44 9
911.908 0 2 1 1 0 4 2 5 44 9
916.835 0 2 1 1 0 5 2 6 44 8
917.097 0 2 1 1 0 6 2 7 44 7
921.02 0 2 1 1 0 5 2 6 44 8
928.449 0 2 1 1 0 6 2 7 44 7
929.706 0 2 1 1 0 5 2 6 44 8
931.629 0 2 1 1 0 6 2 7 44 7
931.776 0 2 1 1 0 5 2 6 44 8
935.093 0 2 1 1 0 4 2 5 44 9
938.877 0 2 1 1 1 5 1 5 44 9
941.39 0 2 1 1 1 4 1 4 44 10
941.969 1 3 1 1 0 4 1 4 44 10
945.122 1 3 1 1 0 3 1 3 44 11
951.254 1 3 1 1 0 2 1 2 44 12
964.419 1 4 1 1 1 2 1 1 44 12
966.51 1 5 1 1 2 2 1 0 44 12
966.548 1 5 1 1 2 3 1 1 44 11
968.228 1 5 1 1 2 4 1 2 44 10
969.318 2 6 1 1 1 4 1 2 44 10
971.08 2 6 2 2 1 3 1 2 44 10
972.552 2 6 2 2 1 4 1 3 44 9
973.119 2 6 2 2 1 5 1 4 44 8
973.621 3 7 2 2 0 5 1 4 44 8
978.968 3 7 2 2 0 6 1 5 44 7
979.067 3 7 1 1 0 7 1 5 44 7
980.139 2 6 1 1 1 7 1 5 44 7
980.528 2 5 1 1 0 7 1 6 44 7
981.163 1 4 1 1 1 7 1 6 44 7
982.461 1 5 1 1 2 7 1 5 44 7
983.798 1 5 1 1 2 6 1 4 44 8
986.026 1 5 1 1 2 7 1 5 44 7
986.109 1 4 1 1 2 7 0 5 45 7
987.16 1 4 1 1 2 6 0 4 45 8
991.322 1 4 1 1 1 5 1 4 45 8
991.324 1 4 1 1 1 4 1 3 45 9
992.234 2 5 1 1 0 4 1 3 45 9
994.352 2 5 1 1 0 3 1 2 45 10
997.032 1 4 1 1 1 3 1 2 45 10
1003.95 2 5 1 1 0 3 1 2 45 10
1010.33 1 4 1 1 1 3 1 2 45 10
1011.34 1 5 1 1 1 3 2 2 44 10
1014.69 1 5 1 1 1 2 2 1 44 11
1015.13 1 5 1 1 1 3 2 2 44 10
1016.78 1 4 1 1 1 3 1 2 45 10
1017.8 1 4 1 1 1 4 1 3 45 9
1018.72 1 4 1 1 1 5 1 4 45 8
1019.38 1 4 2 2 1 4 1 4 45 8
1023.5 1 3 2 2 1 4 0 4 46 8
1031.3 1 3 2 2 1 3 0 3 46 9
1034.86 0 2 2 2 2 3 0 3 46 9
1035.63 0 2 2 2 2 4 0 4 46 8
1037.02 0 2 2 2 1 3 1 4 46 8
1039.66 0 2 2 2 1 4 1 5 46 7
1042.15 0 2 2 2 1 3 1 4 46 8
1045.02 0 2 2 2 1 2 1 3 46 9
1047.41 0 2 1 1 1 3 1 3 46 9
1059.65 0 2 1 1 1 4 1 4 46 8
1061.53 0 2 1 1 1 5 1 5 46 7
1062.59 0 2 1 1 1 6 1 6 46 6
1066.45 0 2 1 1 1 5 1 5 46 7
1066.84 0 3 1 1 2 5 1 4 46 7
1069.87 0 3 1 1 2 4 1 3 46 8
1071.93 0 3 1 1 2 3 1 2 46 9
1072.68 1 4 1 1 1 3 1 2 46 9
1074.17 0 3 1 1 2 3 1 2 46 9
1076.15 0 3 1 1 2 2 1 1 46 10
1076.18 0 3 0 0 2 3 1 1 46 10
1078.19 1 4 0 0 1 3 1 1 46 10
1078.41 1 4 0 0 1 4 1 2 46 9
1078.93 1 3 0 0 0 4 1 3 46 9
1082.87 1 3 0 0 0 3 1 2 46 10
1087.03 1 3 0 0 0 2 1 1 46 11
1110.35 1 3 0 0 0 3 1 2 46 10
1117.07 1 3 0 0 0 4 1 3 46 9
1117.91 1 3 0 0 0 3 1 2 46 10
1118.27 1 3 0 0 0 4 1 3 46 9
1127 1 2 0 0 0 4 0 3 47 9
1133.51 1 3 0 0 0 4 1 3 46 9
1135.74 1 3 0 0 0 5 1 4 46 8
1135.97 1 2 0 0 0 5 0 4 47 8
1136.15 1 2 0 0 0 4 0 3 47 9
1139.23 1 2 0 0 0 5 0 4 47 8
1141.69 1 2 0 0 0 6 0 5 47 7
1144.45 1 2 0 0 0 5 0 4 47 8
1145.29 1 2 0 0 0 4 0 3 47 9
1146.92 0 1 0 0 1 4 0 3 47 9
1149.55 0 1 0 0 1 5 0 4 47 8
1152.57 0 1 0 0 1 4 0 3 47 9
1153.59 0 1 1 1 1 3 0 3 47 9
1165.4 0 2 1 1 1 3 1 3 46 9
1166.45 0 2 1 1 1 4 1 4 46 8
1173.63 0 2 1 1 1 5 1 5 46 7
1180.1 0 2 1 1 1 4 1 4 46 8
1183.85 0 2 2 2 1 3 1 4 46 8
1189.91 0 1 2 2 1 3 0 4 47 8
1191.44 0 1 1 1 1 4 0 4 47 8
1193.12 0 1 1 1 1 5 0 5 47 7
1193.18 0 1 1 1 1 6 0 6 47 6
1193.4 0 1 1 1 1 5 0 5 47 7
1196.19 0 1 2 2 1 4 0 5 47 7
1198.46 0 1 2 2 1 5 0 6 47 6
1199.38 0 2 2 2 2 5 0 5 47 6
1199.74 0 2 2 2 2 6 0 6 47 5
1202.16 0 2 2 2 2 5 0 5 47 6
1204.06 0 2 2 2 2 4 0 4 47 7
1215.9 0 2 2 2 1 3 1 4 47 7
1220.73 0 2 1 1 1 4 1 4 47 7
1221.19 0 2 1 1 1 3 1 3 47 8
1225.35 0 2 1 1 0 2 2 3 47 8
1226.48 0 2 2 2 0 1 2 3 47 8
1232.83 0 2 3 3 0 0 2 3 47 8
1236.29 0 2 3 3 0 1 2 4 47 7
1240.19 0 2 3 3 0 0 2 3 47 8
1241.63 0 2 2 2 0 1 2 3 47 8
1243.33 0 2 2 2 0 2 2 4 47 7
1243.93 0 2 1 1 0 3 2 4 47 7
1244.33 0 2 2 2 0 2 2 4 47 7
1244.89 0 2 2 2 0 3 2 5 47 6
1247.59 0 2 1 1 0 4 2 5 47 6
1251.39 0 3 1 1 1 4 2 4 47 6
1254.2 0 3 1 1 1 3 2 3 47 7
1254.71 1 4 1 1 0 3 2 3 47 7
1258.18 1 5 1 1 1 3 2 2 47 7
1259.02 2 6 1 1 0 3 2 2 47 7
1259.78 2 5 1 1 0 3 1 2 48 7
1259.91 2 5 1 1 0 4 1 3 48 6
1260.48 2 5 1 1 0 3 1 2 48 7
1261.6 1 4 1 1 1 3 1 2 48 7
1262.4 1 4 1 1 1 2 1 1 48 8
1266.01 2 5 1 1 0 2 1 1 48 8
1269.4 1 4 1 1 1 2 1 1 48 8
1272 1 3 1 1 1 2 0 1 49 8
1273.69 2 4 1 1 0 2 0 1 49 8
1273.78 1 3 1 1 1 2 0 1 49 8
1277.62 1 2 1 1 0 2 0 2 49 8
1278.56 1 2 1 1 0 3 0 3 49 7
1281.49 1 2 1 1 0 4 0 4 49 6
1286.57 1 2 1 1 0 5 0 5 49 5
1289.43 1 2 1 1 0 6 0 6 49 4
1291.48 1 2 1 1 0 5 0 5 49 5
1293.88 1 2 1 1 0 4 0 4 49 6
1304.55 1 2 1 1 0 3 0 3 49 7
1305.85 1 2 1 1 0 4 0 4 49 6
1309.27 1 2 2 2 0 3 0 4 49 6
1316.04 1 3 2 2 1 3 0 3 49 6
1316.31 2 4 2 2 0 3 0 3 49 6
1316.67 2 4 2 2 0 2 0 2 49 7
1317.56 2 5 2 2 0 2 1 2 48 7
1318.63 2 5 2 2 0 3 1 3 48 6
1319.96 1 4 2 2 1 3 1 3 48 6
1319.97 1 4 2 2 1 2 1 2 48 7
1320.58 1 4 2 2 1 1 1 1 48 8
1328.39 0 3 2 2 2 1 1 1 48 8
1332.8 1 4 2 2 1 1 1 1 48 8
1332.92 1 4 2 2 1 2 1 2 48 7
1334.91 1 3 2 2 0 2 1 3 48 7
1352 1 4 2 2 1 2 1 2 48 7
1353.67 1 4 2 2 1 3 1 3 48 6
1356.88 1 4 2 2 1 4 1 4 48 5
1360.35 1 4 2 2 1 3 1 3 48 6
1361.56 1 4 1 1 1 4 1 3 48 6
1361.64 1 4 1 1 1 3 1 2 48 7
1363.58 1 4 1 1 1 4 1 3 48 6
1369.64 1 3 1 1 0 4 1 4 48 6
1371.51 1 4 1 1 1 4 1 3 48 6
1374.25 1 4 1 1 1 3 1 2 48 7
1379.78 1 4 1 1 0 2 2 2 48 7
1396.93 1 3 1 1 0 2 1 2 49 7
1403.89 1 3 1 1 0 1 1 1 49 8
1405.58 1 2 1 1 0 1 0 1 50 8
1405.88 1 3 1 1 0 1 1 1 49 8
1408.92 1 3 1 1 0 2 1 2 49 7
1409.88 1 3 0 0 0 3 1 2 49 7
1411.39 1 2 0 0 0 3 0 2 50 7
1424.79 1 2 0 0 0 4 0 3 50 6
1427.05 1 2 0 0 0 5 0 4 50 5
1436.02 1 2 1 1 0 4 0 4 50 5
1440.98 1 2 2 2 0 3 0 4 50 5
1445.51 1 2 2 2 0 2 0 3 50 6
1446.35 1 2 2 2 0 3 0 4 50 5
1457.2 1 2 2 2 0 2 0 3 50 6
1461.85 1 2 2 2 0 1 0 2 50 7
1467.33 1 3 2 2 0 1 1 2 49 7
1470.57 1 4 2 2 1 1 1 1 49 7
1472.18 1 4 1 1 1 2 1 1 49 7
1473.38 1 5 1 1 1 2 2 1 48 7
1475.91 1 4 1 1 1 2 1 1 49 7
1478.06 1 3 1 1 1 2 0 1 50 7
1482.24 1 2 1 1 0 2 0 2 50 7
1487.77 1 3 1 1 1 2 0 1 50 7
1495.77 1 3 1 1 1 3 0 2 50 6
1503.03 1 2 1 1 0 3 0 3 50 6
1506.71 1 2 1 1 0 2 0 2 50 7
1507.86 1 2 1 1 0 3 0 3 50 6
1509.33 1 3 1 1 1 3 0 2 50 6
1511.77 1 3 1 1 1 4 0 3 50 5
1512.47 1 3 1 1 1 5 0 4 50 4
1512.56 1 3 1 1 0 4 1 4 50 4
1517.42 1 3 1 1 0 3 1 3 50 5
1518.88 1 3 1 1 0 4 1 4 50 4
1520.33 1 3 1 1 0 3 1 3 50 5
1523.43 0 2 1 1 1 3 1 3 50 5
1524.88 0 2 0 0 1 4 1 3 50 5
1528.9 0 2 0 0 0 3 2 3 50 5
1534.75 0 3 0 0 1 3 2 2 50 5
1537.27 0 3 0 0 1 2 2 1 50 6
1539.99 0 4 0 0 2 2 2 0 50 6
1541.61 0 4 0 0 2 3 2 1 50 5
1555.04 0 3 0 0 1 3 2 2 50 5
1556.62 0 4 0 0 2 3 2 1 50 5
1566.12 0 3 0 0 2 3 1 1 51 5
1568.82 0 3 0 0 2 4 1 2 51 4
1579.62 0 3 0 0 2 3 1 1 51 5
1579.7 0 2 0 0 1 3 1 2 51 5
1580.22 0 3 0 0 2 3 1 1 51 5
1588.32 1 4 0 0 1 3 1 1 51 5
1598.21 1 4 1 1 1 2 1 1 51 5
1600.41 1 4 1 1 1 3 1 2 51 4
1602.41 1 4 1 1 1 4 1 3 51 3
1603.08 1 5 1 1 2 4 1 2 51 3
1604.81 1 4 1 1 2 4 0 2 52 3
1609.28 0 3 1 1 3 4 0 2 52 3
1609.5 0 4 1 1 3 4 1 2 51 3
1609.59 0 4 1 1 3 5 1 3 51 2
1612.33 0 4 1 1 3 4 1 2 51 3
1613.36 0 3 1 1 2 4 1 3 51 3
1614.07 0 3 1 1 1 3 2 3 51 3
1620.79 0 4 1 1 2 3 2 2 51 3
1622.46 0 4 1 1 1 2 3 2 51 3
1633.38 0 3 1 1 0 2 3 3 51 3
1634.43 0 2 1 1 0 2 2 3 52 3
1634.63 0 2 1 1 0 3 2 4 52 2
1636.09 0 2 2 2 0 2 2 4 52 2
1638.38 0 2 2 2 0 1 2 3 52 3
1643.33 0 2 2 2 0 0 2 2 52 4
1660.2 0 2 2 2 0 1 2 3 52 3
1662.34 0 1 2 2 0 1 1 3 53 3
1662.83 0 2 2 2 1 1 1 2 53 3
1674.03 0 2 2 2 1 2 1 3 53 2
1676.79 0 2 2 2 1 1 1 2 53 3
1680.59 0 2 2 2 0 0 2 2 53 3
1683.21 0 1 2 2 0 0 1 2 54 3
1693.09 0 1 2 2 0 1 1 3 54 2
1711.98 0 1 2 2 0 2 1 4 54 1
1712.27 0 1 1 1 0 3 1 4 54 1
1717.9 0 2 1 1 0 3 2 4 53 1
1723.84 0 2 1 1 0 2 2 3 53 2
1726.78 0 2 1 1 0 3 2 4 53 1
1727.64 0 2 1 1 0 2 2 3 53 2
1735.89 0 2 1 1 0 1 2 2 53 3
1739.63 0 2 1 1 0 0 2 1 53 4
1755.66 0 1 1 1 0 0 1 1 54 4
1760.94 0 1 0 0 0 1 1 1 54 4
1762.29 0 1 0 0 0 2 1 2 54 3
1762.67 0 1 0 0 1 3 0 2 54 3
1774.54 1 2 0 0 0 3 0 2 54 3
1777.8 1 2 0 0 0 4 0 3 54 2
1779.42 1 2 0 0 0 5 0 4 54 1
1781.16 1 3 0 0 0 5 1 4 53 1
1781.94 1 3 0 0 0 4 1 3 53 2
1782.41 1 2 0 0 0 4 0 3 54 2
1788.1 1 2 0 0 0 3 0 2 54 3
1793.9 1 2 0 0 0 4 0 3 54 2
1804.07 1 2 0 0 0 3 0 2 54 3
1818.93 1 2 0 0 0 2 0 1 54 4
1825.23 1 2 0 0 0 3 0 2 54 3
1827.87 1 3 0 0 0 3 1 2 53 3
1828.18 1 3 0 0 0 2 1 1 53 4
1830.87 1 3 0 0 0 3 1 2 53 3
1831.03 1 4 0 0 0 3 2 2 52 3
1837.49 0 3 0 0 1 3 2 2 52 3
1849.34 0 4 0 0 2 3 2 1 52 3
1849.8 0 4 0 0 3 4 1 1 52 3
1850.7 0 3 0 0 2 4 1 2 52 3
1852.59 0 3 0 0 2 3 1 1 52 4
1862.86 0 3 0 0 2 2 1 0 52 5
1865 0 2 0 0 1 2 1 1 52 5
1867.82 0 2 0 0 0 1 2 1 52 5
1876.81 0 2 0 0 0 2 2 2 52 4
1885.27 0 2 1 1 0 1 2 2 52 4
1902.75 0 2 1 1 0 2 2 3 52 3
1919.14 0 3 1 1 1 2 2 2 52 3
1924.66 0 3 1 1 1 3 2 3 52 2
1924.76 0 3 1 1 1 4 2 4 52 1
1925.43 0 4 1 1 2 4 2 3 52 1
1927.02 0 4 0 0 2 5 2 3 52 1
1936.01 0 4 0 0 2 4 2 2 52 2
1936.58 0 5 0 0 3 4 2 1 52 2
1939.06 0 4 0 0 2 4 2 2 52 2
1941.7 0 5 0 0 3 4 2 1 52 2
1949.45 0 4 0 0 2 4 2 2 52 2
1952.49 1 5 0 0 1 4 2 2 52 2
1953.05 1 5 0 0 1 5 2 3 52 1
1954.04 1 5 0 0 0 4 3 3 52 1
1955.36 1 6 0 0 1 4 3 2 52 1
1957.25 1 6 0 0 1 3 3 1 52 2
1958.71 1 5 0 0 1 3 2 1 53 2
1961.66 1 6 0 0 1 3 3 1 52 2
1963.62 1 5 0 0 1 3 2 1 53 2
1964.39 1 4 0 0 1 3 1 1 54 2
1969.1 1 3 0 0 1 3 0 1 55 2
1975.86 1 3 0 0 1 2 0 0 55 3
1976.42 0 2 0 0 2 2 0 0 55 3
1984.75 0 1 0 0 1 2 0 1 55 3
1987.95 0 2 0 0 2 2 0 0 55 3
1998.97 0 3 0 0 2 2 1 0 54 3
2010.61 1 4 0 0 1 2 1 0 54 3
2016.23 1 4 0 0 1 3 1 1 54 2
2019.97 0 3 0 0 2 3 1 1 54 2
2037.38 0 3 0 0 1 2 2 1 54 2
2037.9 0 3 0 0 1 1 2 0 54 3
2039.48 1 4 0 0 0 1 2 0 54 3
2039.6 1 3 0 0 0 1 1 0 55 3
2048.45 1 3 0 0 1 2 0 0 55 3
2051.86 1 3 0 0 0 1 1 0 55 3
2054.27 1 3 0 0 0 2 1 1 55 2
2059.45 0 2 0 0 1 2 1 1 55 2
2067.15 1 3 0 0 0 2 1 1 55 2
2080.4 1 3 0 0 1 3 0 1 55 2
2082.41 1 4 0 0 2 3 0 0 55 2
2089.04 1 5 0 0 2 3 1 0 54 2
2091.43 1 4 0 0 2 3 0 0 55 2
2095.89 1 5 0 0 2 3 1 0 54 2
2100.85 1 5 1 1 2 2 1 0 54 2
2101.45 1 4 1 1 2 2 0 0 55 2
2102.12 1 4 2 2 2 1 0 0 55 2
2103.57 2 5 2 2 1 1 0 0 55 2
2110.03 3 6 2 2 0 1 0 0 55 2
2110.78 3 6 1 1 0 2 0 0 55 2
2119.15 2 5 1 1 1 2 0 0 55 2
2120.32 2 5 1 1 1 3 0 1 55 1
2124.07 1 4 1 1 2 3 0 1 55 1
2143.82 2 5 1 1 1 3 0 1 55 1
2145.21 1 4 1 1 2 3 0 1 55 1
2149.85 1 3 1 1 1 3 0 2 55 1
2181.62 1 3 1 1 1 2 0 1 55 2
2189.32 2 4 1 1 0 2 0 1 55 2
2190.29 2 5 1 1 0 2 1 1 54 2
2195.35 1 4 1 1 1 2 1 1 54 2
2199.16 1 4 1 1 0 1 2 1 54 2
2204.96 1 3 1 1 0 1 1 1 55 2
2205.28 0 2 1 1 1 1 1 1 55 2
2205.58 0 1 1 1 0 1 1 2 55 2
2207.48 0 1 1 1 0 2 1 3 55 1
2208.77 0 1 0 0 0 3 1 3 55 1
2216.94 0 1 0 0 1 4 0 3 55 1
2217.13 0 1 1 1 1 3 0 3 55 1
2217.57 0 1 1 1 1 4 0 4 55 0
2220.92 1 2 1 1 0 4 0 4 55 0
2229.39 1 2 2 2 0 3 0 4 55 0
2243.4 1 2 1 1 0 4 0 4 55 0
2249.21 1 2 1 1 0 3 0 3 55 1
2251.68 1 2 1 1 0 2 0 2 55 2
2251.82 0 1 1 1 1 2 0 2 55 2
2261.16 1 2 1 1 0 2 0 2 55 2
2273.07 1 3 1 1 0 2 1 2 54 2
2274.86 1 3 0 0 0 3 1 2 54 2
2276.78 1 4 0 0 0 3 2 2 53 2
2280.97 1 4 0 0 0 2 2 1 53 3
2284.41 1 3 0 0 0 2 1 1 54 3
2288.68 1 3 0 0 0 3 1 2 54 2
2289.62 1 3 0 0 0 2 1 1 54 3
2294.94 1 3 0 0 0 3 1 2 54 2
2299.31 1 3 0 0 0 4 1 3 54 1
2303.37 1 3 1 1 0 3 1 3 54 1
2305.88 1 3 1 1 0 2 1 2 54 2
2307.67 1 3 1 1 0 3 1 3 54 1
2308.89 1 3 1 1 0 2 1 2 54 2
2308.95 1 4 1 1 1 2 1 1 54 2
2313.23 1 4 1 1 0 1 2 1 54 2
2322.89 1 4 2 2 0 0 2 1 54 2
2323.92 1 4 2 2 0 1 2 2 54 1
2325.13 1 3 2 2 0 1 1 2 55 1
2328.1 1 3 1 1 0 2 1 2 55 1
2345.58 1 3 0 0 0 3 1 2 55 1
2351.17 1 3 1 1 0 2 1 2 55 1
2351.58 1 2 1 1 0 2 0 2 56 1
2370.8 1 2 1 1 0 1 0 1 56 2
2438.18 1 3 1 1 0 1 1 1 55 2
2448.6 1 2 1 1 0 1 0 1 56 2
2468.44 1 2 1 1 0 2 0 2 56 1
2469.88 1 2 1 1 0 3 0 3 56 0
2471.84 1 2 2 2 0 2 0 3 56 0
2479.62 1 3 2 2 0 2 1 3 55 0
2484.85 1 3 3 3 0 1 1 3 55 0
2485.14 1 2 3 3 0 1 0 3 56 0
2492.17 1 3 3 3 0 1 1 3 55 0
2495.74 1 3 2 2 0 2 1 3 55 0
2501.93 1 3 1 1 0 3 1 3 55 0
2508.35 1 3 1 1 0 2 1 2 55 1
2516.26 1 4 1 1 0 2 2 2 54 1
2553.59 1 3 1 1 0 2 1 2 55 1
2554.09 0 2 1 1 1 2 1 2 55 1
2556.76 0 2 1 1 1 3 1 3 55 0
2558.67 0 3 1 1 2 3 1 2 55 0
2563.09 0 3 2 2 2 2 1 2 55 0
2564.1 0 3 2 2 1 1 2 2 55 0
2565.76 0 2 2 2 0 1 2 3 55 0
2567.39 0 2 1 1 0 2 2 3 55 0
2576.87 0 1 1 1 0 2 1 3 56 0
2579.08 0 1 1 1 0 1 1 2 56 1
2582.27 0 0 1 1 0 1 0 2 57 1
2582.72 0 0 1 1 0 0 0 1 57 2
2608.15 0 1 1 1 0 0 1 1 56 2
2620.71 0 2 1 1 0 0 2 1 55 2
2624.7 0 3 1 1 1 0 2 0 55 2
2636.71 0 3 1 1 2 1 1 0 55 2
2637.04 0 3 1 1 1 0 2 0 55 2
2638.8 1 4 1 1 0 0 2 0 55 2
2660.6 1 3 1 1 0 0 1 0 56 2
2667.46 1 2 1 1 0 0 0 0 57 2
2686.79 1 2 0 0 0 1 0 0 57 2
2695.96 0 1 0 0 1 1 0 0 57 2
2698.5 1 2 0 0 0 1 0 0 57 2
2742.84 0 1 0 0 1 1 0 0 57 2
2750.92 0 1 0 0 1 2 0 1 57 1
2764.28 0 1 0 0 1 1 0 0 57 2
2765.59 1 2 0 0 0 1 0 0 57 2
2775.71 0 1 0 0 1 1 0 0 57 2
2784.44 0 1 0 0 1 2 0 1 57 1
2789.12 0 0 0 0 0 2 0 2 57 1
2794.32 0 1 0 0 1 2 0 1 57 1
2796.03 0 1 1 1 1 1 0 1 57 1
2797.24 0 2 1 1 1 1 1 1 56 1
2813.78 0 2 1 1 1 2 1 2 56 0
2833.09 0 2 2 2 1 1 1 2 56 0
2841.41 0 1 2 2 1 1 0 2 57 0
2842.03 0 2 2 2 1 1 1 2 56 0
2849.65 0 2 2 2 2 2 0 2 56 0
2858.65 0 1 2 2 1 2 0 3 56 0
2860.08 0 1 3 3 1 1 0 3 56 0
2869.73 0 1 2 2 1 2 0 3 56 0
2870.21 0 1 1 1 1 3 0 3 56 0
2878.64 0 1 1 1 1 2 0 2 56 1
2890.7 0 2 1 1 1 2 1 2 55 1
2897.45 0 3 1 1 1 2 2 2 54 1
2898.34 0 4 1 1 2 2 2 1 54 1
2900.59 1 5 1 1 1 2 2 1 54 1
2903.4 1 4 1 1 1 2 1 1 55 1
2910.03 2 5 1 1 0 2 1 1 55 1
2915.06 1 4 1 1 1 2 1 1 55 1
2921.86 2 5 1 1 0 2 1 1 55 1
2924.15 1 4 1 1 1 2 1 1 55 1
2927.53 1 4 1 1 1 3 1 2 55 0
2927.87 2 5 1 1 0 3 1 2 55 0
2932.48 2 5 1 1 0 2 1 1 55 1
2938.02 2 4 1 1 0 2 0 1 56 1
2940.51 1 3 1 1 1 2 0 1 56 1
2943.68 1 4 1 1 2 2 0 0 56 1
2945.58 1 4 2 2 2 1 0 0 56 1
2948.21 0 3 2 2 3 1 0 0 56 1
2950.93 0 2 2 2 2 1 0 1 56 1
2951.28 0 2 1 1 2 2 0 1 56 1
2965.95 0 2 1 1 2 1 0 0 56 2
2969.87 1 3 1 1 1 1 0 0 56 2
2993.89 1 3 1 1 1 2 0 1 56 1
2996.48 1 2 1 1 0 2 0 2 56 1
2996.48 1 2 1 1 0 2 0 2 56 1
