0 60 120 60 60 0 0 0 0 0 0
0.0230525 60 120 59 59 0 1 0 0 0 0
0.0393447 59 119 59 59 1 1 0 0 0 0
0.0617277 58 118 59 59 2 1 0 0 0 0
0.0814606 57 117 59 59 3 1 0 0 0 0
0.0861414 57 117 58 58 3 2 0 0 0 0
0.0928693 56 116 58 58 4 2 0 0 0 0
0.105583 55 115 58 58 5 2 0 0 0 0
0.127741 55 115 57 57 5 3 0 0 0 0
0.149043 55 114 57 57 4 3 0 1 0 0
0.154719 54 113 57 57 5 3 0 1 0 0
0.162347 54 113 56 56 5 4 0 1 0 0
0.165817 54 112 56 56 4 4 0 2 0 0
0.183517 53 111 56 56 5 4 0 2 0 0
0.223131 52 110 56 56 6 4 0 2 0 0
0.260588 51 109 56 56 7 4 0 2 0 0
0.276004 50 108 56 56 8 4 0 2 0 0
0.289071 50 108 55 55 8 5 0 2 0 0
0.296825 49 107 55 55 9 5 0 2 0 0
0.296948 49 107 54 54 9 6 0 2 0 0
0.33839 49 107 53 53 9 7 0 2 0 0
0.344066 49 107 52 52 9 8 0 2 0 0
0.347225 48 106 52 52 10 8 0 2 0 0
0.387628 47 105 52 52 11 8 0 2 0 0
0.458362 46 104 52 52 12 8 0 2 0 0
0.458375 46 104 51 51 12 9 0 2 0 0
0.464884 46 104 50 50 12 10 0 2 0 0
0.47516 45 103 50 50 13 10 0 2 0 0
0.484482 45 103 49 49 13 11 0 2 0 0
0.529797 45 103 48 48 13 12 0 2 0 0
0.568732 44 102 48 48 14 12 0 2 0 0
0.593681 43 101 48 48 15 12 0 2 0 0
0.610242 43 101 47 47 15 13 0 2 0 0
0.657232 43 100 47 47 14 13 0 3 0 0
0.683772 42 99 47 47 15 13 0 3 0 0
0.688305 41 98 47 47 16 13 0 3 0 0
0.693472 40 97 47 47 17 13 0 3 0 0
0.694597 40 97 46 46 17 14 0 3 0 0
0.705891 39 96 46 46 18 14 0 3 0 0
0.716197 39 96 45 45 18 15 0 3 0 0
0.738411 39 96 44 44 18 16 0 3 0 0
0.766735 39 95 44 44 17 16 0 4 0 0
0.803847 39 95 43 43 17 17 0 4 0 0
0.82114 39 95 42 42 17 18 0 4 0 0
0.832462 38 94 42 42 18 18 0 4 0 0
0.854208 38 94 41 41 18 19 0 4 0 0
0.864217 38 94 40 40 18 20 0 4 0 0
0.913258 38 93 40 40 17 20 0 5 0 0
0.948401 37 92 40 40 18 20 0 5 0 0
0.950018 36 91 40 40 19 20 0 5 0 0
0.98278 36 91 39 39 19 21 0 5 0 0
0.991311 36 90 39 39 18 21 0 6 0 0
1.03049 36 90 38 38 18 22 0 6 0 0
1.04514 36 90 37 37 18 23 0 6 0 0
1.05569 35 89 37 37 19 23 0 6 0 0
1.08814 35 88 37 37 18 23 0 7 0 0
1.0987 34 87 37 37 19 23 0 7 0 0
1.10237 34 86 37 37 18 23 0 8 0 0
1.1432 33 85 37 37 19 23 0 8 0 0
1.16146 33 85 37 37 18 22 1 8 0 0
1.16958 33 84 37 37 17 22 1 9 0 0
1.19385 32 83 37 37 18 22 1 9 0 0
1.22207 31 82 37 37 19 22 1 9 0 0
1.25424 31 82 36 36 19 23 1 9 0 0
1.26771 30 81 36 36 20 23 1 9 0 0
1.272 30 80 36 36 19 23 1 10 0 0
1.27572 30 80 35 35 19 24 1 10 0 0
1.28484 30 81 35 35 20 24 1 9 0 0
1.34582 29 80 35 35 21 24 1 9 0 0
1.35509 29 80 35 35 20 23 2 9 0 0
1.3908 29 79 35 35 19 23 2 10 0 0
1.4046 29 78 35 35 18 23 2 11 0 0
1.43396 28 77 35 35 19 23 2 11 0 0
1.44788 28 77 34 34 19 24 2 11 0 0
1.45893 27 76 34 34 20 24 2 11 0 0
1.50556 26 75 34 34 21 24 2 11 0 0
1.51269 26 75 33 33 21 25 2 11 0 0
1.52498 25 74 33 33 22 25 2 11 0 0
1.52735 25 73 33 33 21 25 2 12 0 0
1.54573 25 73 32 32 21 26 2 12 0 0
1.64462 24 72 32 32 22 26 2 12 0 0
1.68516 24 71 32 32 21 26 2 13 0 0
1.69096 24 70 32 32 20 26 2 14 0 0
1.69457 24 69 32 32 19 26 2 15 0 0
1.771 24 69 31 31 19 27 2 15 0 0
1.78774 23 68 31 31 20 27 2 15 0 0
1.81147 22 67 31 31 21 27 2 15 0 0
1.87374 22 66 31 31 20 27 2 16 0 0
1.89276 22 65 31 31 19 27 2 17 0 0
1.9421 21 64 31 31 20 27 2 17 0 0
1.95343 21 64 30 30 20 28 2 17 0 0
1.97461 21 64 29 29 20 29 2 17 0 0
1.97993 20 63 29 29 21 29 2 17 0 0
2.00229 20 62 29 29 20 29 2 18 0 0
2.00336 20 62 29 29 20 28 2 17 0 1
2.0513 20 62 30 30 20 27 2 17 0 1
2.08951 20 62 29 29 20 28 2 17 0 1
2.09402 19 61 29 29 21 28 2 17 0 1
2.1294 19 60 29 29 20 28 2 18 0 1
2.13016 19 60 28 28 20 29 2 18 0 1
2.16991 19 60 28 28 19 28 3 18 0 1
2.18282 19 59 28 28 18 28 3 19 0 1
2.1976 19 58 28 28 17 28 3 20 0 1
2.22428 18 57 28 28 18 28 3 20 0 1
2.25042 18 56 28 28 17 28 3 21 0 1
2.29015 17 55 28 28 18 28 3 21 0 1
2.29055 17 54 28 28 17 28 3 22 0 1
2.30972 17 54 28 28 17 27 3 21 0 2
2.31274 16 53 28 28 18 27 3 21 0 2
2.33297 16 53 28 28 18 26 3 20 0 3
2.46155 16 52 28 28 17 26 3 21 0 3
2.46661 16 52 27 27 17 27 3 21 0 3
2.52435 16 51 27 27 16 27 3 22 0 3
2.55794 16 51 27 27 15 26 4 22 0 3
2.58678 16 51 26 26 15 27 4 22 0 3
2.5895 16 50 26 26 14 27 4 23 0 3
2.5926 16 49 26 26 13 27 4 24 0 3
2.62166 16 48 26 26 13 27 3 24 1 3
2.66151 16 48 26 26 13 26 3 23 1 4
2.67524 16 48 26 26 13 25 3 22 1 5
2.69798 15 47 26 26 14 25 3 22 1 5
2.92195 15 46 26 26 14 25 2 22 2 5
2.92872 15 45 26 26 14 25 1 22 3 5
2.97007 15 45 26 26 14 24 1 21 3 6
2.99041 15 46 26 26 15 24 1 20 3 6
3.00918 15 45 26 26 14 24 1 21 3 6
3.02112 15 45 26 26 13 23 2 21 3 6
3.24828 15 45 26 26 13 24 2 22 3 5
3.30805 15 45 25 25 13 25 2 22 3 5
3.33723 15 45 25 25 13 24 2 21 3 6
3.34628 15 45 25 25 12 23 3 21 3 6
3.37677 15 44 25 25 11 23 3 22 3 6
3.50252 14 43 25 25 12 23 3 22 3 6
3.55992 14 43 25 25 11 22 4 22 3 6
3.56027 13 42 25 25 12 22 4 22 3 6
3.61758 13 41 25 25 12 22 3 22 4 6
3.73909 13 41 24 24 12 23 3 22 4 6
3.8323 14 42 24 24 11 23 3 22 4 6
3.836 14 41 24 24 11 23 2 22 5 6
3.85197 14 40 24 24 11 23 1 22 6 6
3.88293 14 40 23 23 11 24 1 22 6 6
3.95754 14 40 22 22 11 25 1 22 6 6
3.95966 14 40 21 21 11 26 1 22 6 6
4.01883 14 40 20 20 11 27 1 22 6 6
4.03839 14 40 20 20 11 26 1 21 6 7
4.27754 14 39 20 20 11 26 0 21 7 7
4.33654 14 38 20 20 10 26 0 22 7 7
4.41147 14 38 20 20 9 25 1 22 7 7
4.44429 14 37 20 20 8 25 1 23 7 7
4.44803 14 36 20 20 7 25 1 24 7 7
4.47357 14 36 19 19 7 26 1 24 7 7
4.58787 14 36 19 19 7 25 1 23 7 8
4.62094 14 36 18 18 7 26 1 23 7 8
4.64037 14 35 18 18 6 26 1 24 7 8
4.64348 14 34 18 18 6 26 0 24 8 8
4.78689 14 33 18 18 5 26 0 25 8 8
4.79264 14 33 17 17 5 27 0 25 8 8
4.80071 14 33 17 17 5 26 0 24 8 9
4.82891 13 32 17 17 6 26 0 24 8 9
4.98279 13 32 17 17 5 25 1 24 8 9
5.1293 12 31 17 17 6 25 1 24 8 9
5.13281 12 30 17 17 5 25 1 25 8 9
5.16007 12 30 16 16 5 26 1 25 8 9
5.527 12 30 15 15 5 27 1 25 8 9
5.5366 12 30 16 16 5 26 1 25 8 9
5.54414 12 30 16 16 5 25 1 24 8 10
5.66739 11 29 16 16 6 25 1 24 8 10
5.75324 11 29 16 16 6 24 1 23 8 11
5.82143 10 28 16 16 7 24 1 23 8 11
5.8989 10 28 16 16 6 23 2 23 8 11
5.94083 10 27 16 16 5 23 2 24 8 11
5.94471 10 27 16 16 5 22 2 23 8 12
5.94701 10 27 16 16 5 21 2 22 8 13
6.02759 10 27 16 16 5 20 2 21 8 14
6.25161 10 26 16 16 4 20 2 22 8 14
6.51465 10 26 15 15 4 21 2 22 8 14
6.54591 9 25 15 15 5 21 2 22 8 14
6.56665 9 24 15 15 5 21 1 22 9 14
6.69885 9 24 15 15 5 20 1 21 9 15
6.72659 9 24 14 14 5 21 1 21 9 15
6.75341 9 24 14 14 5 20 1 20 9 16
6.78479 8 23 14 14 6 20 1 20 9 16
6.81195 7 22 14 14 7 20 1 20 9 16
6.82586 7 22 13 13 7 21 1 20 9 16
6.98684 7 22 13 13 6 20 2 20 9 16
7.0347 7 22 13 13 6 19 2 19 9 17
7.05325 7 22 13 13 6 18 2 18 9 18
7.16121 7 22 13 13 6 17 2 17 9 19
7.25981 7 22 13 13 6 16 2 16 9 20
7.35717 7 22 13 13 6 15 2 15 9 21
7.46664 7 21 13 13 5 15 2 16 9 21
7.48394 7 21 12 12 5 16 2 16 9 21
7.55329 7 21 12 12 5 15 2 15 9 22
7.61112 7 21 12 12 5 16 2 16 9 21
7.7046 7 20 12 12 4 16 2 17 9 21
8.02062 7 20 12 12 3 15 3 17 9 21
8.30425 7 20 12 12 4 16 2 17 9 21
8.46388 7 20 12 12 4 17 2 18 9 20
8.9127 7 20 11 11 4 18 2 18 9 20
9.12959 7 20 11 11 3 17 3 18 9 20
9.2196 7 21 11 11 4 17 3 17 9 20
9.46605 7 20 11 11 4 17 2 17 10 20
9.55732 7 20 11 11 4 16 2 16 10 21
9.77213 6 19 11 11 5 16 2 16 10 21
9.87016 6 19 11 11 5 15 2 15 10 22
9.93646 5 18 11 11 6 15 2 15 10 22
10.0962 5 18 11 11 6 14 2 14 10 23
10.3246 4 17 11 11 7 14 2 14 10 23
10.5456 3 16 11 11 8 14 2 14 10 23
11.261 4 17 11 11 7 14 2 14 10 23
11.3901 4 17 10 10 7 15 2 14 10 23
11.6724 4 17 10 10 7 14 2 13 10 24
12.146 4 17 10 10 7 13 2 12 10 25
12.2212 4 17 9 9 7 14 2 12 10 25
12.246 4 17 9 9 7 15 2 13 10 24
12.3952 4 16 9 9 6 15 2 14 10 24
12.4179 4 16 9 9 6 14 2 13 10 25
12.4357 4 15 9 9 5 14 2 14 10 25
12.6696 4 15 8 8 5 15 2 14 10 25
12.8039 4 15 8 8 5 16 2 15 10 24
13.5592 4 15 8 8 4 15 3 15 10 24
13.5594 4 14 8 8 3 15 3 16 10 24
13.598 4 13 8 8 3 15 2 16 11 24
13.7603 4 13 7 7 3 16 2 16 11 24
14.0388 4 13 7 7 3 15 2 15 11 25
14.8453 5 14 7 7 2 15 2 15 11 25
14.9327 5 14 7 7 1 14 3 15 11 25
15.105 5 14 7 7 1 13 3 14 11 26
15.1391 5 14 6 6 1 14 3 14 11 26
15.1474 5 14 6 6 1 13 3 13 11 27
15.6522 5 14 6 6 1 12 3 12 11 28
16.1143 4 13 6 6 2 12 3 12 11 28
16.7658 4 13 5 5 2 13 3 12 11 28
16.948 4 13 5 5 2 12 3 11 11 29
17.2787 3 12 5 5 3 12 3 11 11 29
17.5679 3 12 5 5 3 11 3 10 11 30
17.9249 3 12 5 5 3 10 3 9 11 31
17.9784 3 12 5 5 2 9 4 9 11 31
18.105 3 11 5 5 2 9 3 9 12 31
18.5204 2 10 5 5 3 9 3 9 12 31
18.5492 2 10 5 5 3 8 3 8 12 32
18.6004 2 10 5 5 3 7 3 7 12 33
18.7667 2 9 5 5 2 7 3 8 12 33
19.1915 2 9 5 5 2 6 3 7 12 34
19.4193 2 9 5 5 2 5 3 6 12 35
20.0055 2 9 5 5 2 6 3 7 12 34
20.0721 2 9 6 6 2 5 3 7 12 34
20.0749 1 8 6 6 3 5 3 7 12 34
20.1789 1 8 6 6 3 4 3 6 12 35
20.57 1 8 6 6 2 3 4 6 12 35
20.808 1 8 6 6 2 4 4 7 12 34
21.0738 1 8 5 5 2 5 4 7 12 34
21.6236 1 8 5 5 2 4 4 6 12 35
22.377 1 8 5 5 1 3 5 6 12 35
22.4237 1 8 5 5 1 4 5 7 12 34
23.4041 1 8 5 5 1 5 5 8 12 33
24.4413 1 8 4 4 1 6 5 8 12 33
24.8491 1 8 4 4 1 7 5 9 12 32
25.1629 0 7 4 4 2 7 5 9 12 32
25.5078 0 6 4 4 1 7 5 10 12 32
26.008 0 6 4 4 1 8 5 11 12 31
27.0142 0 6 4 4 1 7 5 10 12 32
27.3014 0 5 4 4 1 7 4 10 13 32
27.927 0 5 4 4 1 6 4 9 13 33
28.1409 0 5 4 4 1 7 4 10 13 32
28.361 0 5 4 4 1 6 4 9 13 33
28.4076 0 5 4 4 1 5 4 8 13 34
28.8732 0 5 4 4 1 4 4 7 13 35
28.9341 0 5 4 4 1 5 4 8 13 34
29.4116 0 5 4 4 1 6 4 9 13 33
29.719 0 5 4 4 1 7 4 10 13 32
29.9107 0 5 4 4 1 8 4 11 13 31
29.936 0 5 4 4 1 7 4 10 13 32
30.0779 0 5 4 4 1 6 4 9 13 33
30.9638 0 5 4 4 1 5 4 8 13 34
31.1024 0 5 4 4 1 6 4 9 13 33
31.8792 0 5 3 3 1 7 4 9 13 33
33.4386 0 5 3 3 1 8 4 10 13 32
34.5078 0 5 3 3 1 7 4 9 13 33
35.052 0 5 3 3 1 8 4 10 13 32
35.5638 0 4 3 3 0 8 4 11 13 32
36.1792 0 4 3 3 0 7 4 10 13 33
36.5878 0 4 3 3 0 8 4 11 13 32
36.7646 0 4 3 3 0 7 4 10 13 33
36.8614 0 4 3 3 0 6 4 9 13 34
37.6494 0 4 3 3 1 7 3 9 13 34
39.1611 0 3 3 3 1 7 2 9 14 34
39.8615 0 2 3 3 1 7 1 9 15 34
40.5364 0 2 3 3 1 6 1 8 15 35
40.9228 0 2 3 3 1 7 1 9 15 34
41.3393 0 2 3 3 1 6 1 8 15 35
41.9637 0 2 3 3 1 7 1 9 15 34
42.4984 0 3 3 3 2 7 1 8 15 34
42.5464 0 3 3 3 2 8 1 9 15 33
43.992 0 3 3 3 2 7 1 8 15 34
44.3162 0 4 3 3 3 7 1 7 15 34
44.695 0 4 3 3 2 6 2 7 15 34
44.7016 0 3 3 3 1 6 2 8 15 34
47.4348 0 3 3 3 1 7 2 9 15 33
47.7062 0 3 3 3 1 8 2 10 15 32
49.3995 0 2 3 3 1 8 1 10 16 32
49.9607 0 2 3 3 1 7 1 9 16 33
51.1078 0 2 3 3 1 8 1 10 16 32
51.9365 0 3 3 3 2 8 1 9 16 32
53.5839 0 3 3 3 2 9 1 10 16 31
54.1407 0 4 3 3 3 9 1 9 16 31
54.6121 0 4 3 3 3 10 1 10 16 30
54.8562 0 4 3 3 3 11 1 11 16 29
55.1711 0 4 3 3 3 10 1 10 16 30
55.3679 0 4 4 4 3 9 1 10 16 30
58.2986 0 4 4 4 3 8 1 9 16 31
59.1517 1 5 4 4 2 8 1 9 16 31
59.6908 1 5 4 4 2 7 1 8 16 32
59.8462 1 5 4 4 2 6 1 7 16 33
62.7814 1 5 4 4 2 5 1 6 16 34
63.5533 1 5 3 3 2 6 1 6 16 34
63.9645 1 5 3 3 2 7 1 7 16 33
64.7929 1 5 3 3 2 8 1 8 16 32
64.9868 1 6 3 3 3 8 1 7 16 32
65.3892 1 6 3 3 3 9 1 8 16 31
65.6536 1 6 3 3 3 10 1 9 16 30
65.9764 1 6 3 3 2 9 2 9 16 30
66.0386 1 5 3 3 1 9 2 10 16 30
67.4201 1 5 3 3 1 8 2 9 16 31
67.5709 1 5 3 3 1 9 2 10 16 30
68.9249 1 5 3 3 1 10 2 11 16 29
69.8723 1 5 3 3 1 9 2 10 16 30
70.4169 1 5 4 4 1 8 2 10 16 30
70.7005 1 5 4 4 1 7 2 9 16 31
72.1709 1 6 4 4 2 7 2 8 16 31
72.361 1 6 4 4 2 6 2 7 16 32
72.5314 1 6 4 4 2 5 2 6 16 33
73.2252 1 6 4 4 1 4 3 6 16 33
74.465 1 5 4 4 1 4 2 6 17 33
74.6504 1 5 4 4 1 5 2 7 17 32
77.123 1 5 4 4 1 4 2 6 17 33
77.3517 1 5 4 4 1 5 2 7 17 32
77.7958 1 5 4 4 1 6 2 8 17 31
77.9313 1 5 4 4 1 7 2 9 17 30
79.3606 1 6 4 4 2 7 2 8 17 30
79.7735 1 5 4 4 1 7 2 9 17 30
80.3248 1 5 4 4 1 8 2 10 17 29
80.6001 1 5 4 4 1 9 2 11 17 28
81.1542 1 5 4 4 1 8 2 10 17 29
82.4243 1 5 4 4 1 7 2 9 17 30
82.4251 1 5 4 4 1 8 2 10 17 29
84.0396 1 5 4 4 1 9 2 11 17 28
84.775 1 5 4 4 1 8 2 10 17 29
84.8089 1 5 4 4 1 7 2 9 17 30
85.0471 1 5 4 4 1 8 2 10 17 29
85.7193 1 5 4 4 1 9 2 11 17 28
86.5408 1 4 4 4 1 9 1 11 18 28
87.0928 1 4 4 4 1 10 1 12 18 27
87.1808 1 4 4 4 1 9 1 11 18 28
87.5051 0 3 4 4 2 9 1 11 18 28
87.5532 0 2 4 4 1 9 1 12 18 28
88.362 0 2 4 4 1 8 1 11 18 29
88.4233 0 2 4 4 1 9 1 12 18 28
89.1559 0 2 4 4 1 8 1 11 18 29
90.0988 0 2 4 4 1 7 1 10 18 30
90.217 0 2 4 4 1 6 1 9 18 31
91.0599 0 2 4 4 1 7 1 10 18 30
93.2854 0 3 4 4 2 7 1 9 18 30
93.8451 0 3 3 3 2 8 1 9 18 30
94.9148 0 3 3 3 2 7 1 8 18 31
95.1112 0 4 3 3 2 7 2 8 17 31
95.1178 0 4 2 2 2 8 2 8 17 31
95.3232 0 4 2 2 2 7 2 7 17 32
95.3961 0 5 2 2 3 7 2 6 17 32
95.7078 0 5 2 2 3 6 2 5 17 33
96.1227 0 6 2 2 4 6 2 4 17 33
96.4476 0 6 2 2 4 7 2 5 17 32
101.118 1 7 2 2 3 7 2 5 17 32
101.254 1 6 2 2 2 7 2 6 17 32
101.331 1 6 2 2 1 6 3 6 17 32
101.56 1 6 2 2 1 7 3 7 17 31
102.412 1 5 2 2 1 7 2 7 18 31
102.701 1 5 2 2 1 6 2 6 18 32
102.883 1 4 2 2 0 6 2 7 18 32
103.773 1 3 2 2 0 6 1 7 19 32
104.764 1 3 2 2 0 5 1 6 19 33
105.255 1 3 3 3 0 4 1 6 19 33
106.937 1 4 3 3 1 4 1 5 19 33
107.196 1 3 3 3 1 4 0 5 20 33
110.991 1 3 3 3 1 5 0 6 20 32
111.41 1 3 3 3 1 6 0 7 20 31
113.959 1 3 3 3 1 5 0 6 20 32
114.587 1 3 2 2 1 6 0 6 20 32
114.645 1 3 2 2 1 5 0 5 20 33
115.766 1 3 2 2 1 6 0 6 20 32
116.512 1 3 2 2 1 5 0 5 20 33
117.073 1 3 2 2 1 6 0 6 20 32
118.309 1 3 2 2 1 5 0 5 20 33
119.907 1 3 2 2 1 4 0 4 20 34
120.728 1 3 2 2 1 5 0 5 20 33
122.625 1 3 2 2 1 6 0 6 20 32
122.759 1 3 2 2 1 7 0 7 20 31
123.855 1 3 2 2 1 6 0 6 20 32
125.184 1 3 2 2 1 5 0 5 20 33
126.624 1 3 2 2 1 4 0 4 20 34
127.311 1 3 2 2 1 5 0 5 20 33
135.064 1 3 2 2 1 6 0 6 20 32
136.222 1 3 2 2 1 7 0 7 20 31
136.502 1 3 2 2 1 6 0 6 20 32
136.534 1 3 2 2 1 5 0 5 20 33
138.845 1 4 2 2 2 5 0 4 20 33
140.197 1 4 2 2 2 6 0 5 20 32
141.361 1 4 2 2 2 7 0 6 20 31
143.397 1 5 2 2 3 7 0 5 20 31
143.634 1 5 2 2 3 8 0 6 20 30
144.698 1 5 2 2 3 9 0 7 20 29
145.09 1 5 2 2 2 8 1 7 20 29
145.236 1 5 2 2 2 9 1 8 20 28
146.158 1 5 2 2 1 8 2 8 20 28
149.417 2 6 2 2 0 8 2 8 20 28
150.063 2 6 3 3 0 7 2 8 20 28
150.556 2 6 3 3 0 6 2 7 20 29
151.747 2 6 3 3 0 7 2 8 20 28
154.839 1 5 3 3 1 7 2 8 20 28
156.228 1 5 3 3 1 8 2 9 20 27
157.566 1 5 3 3 1 7 2 8 20 28
158.198 1 5 3 3 1 6 2 7 20 29
160.31 1 5 3 3 1 7 2 8 20 28
162.294 1 5 3 3 1 6 2 7 20 29
163.199 1 5 3 3 1 7 2 8 20 28
163.326 1 6 3 3 2 7 2 7 20 28
163.479 1 6 3 3 2 6 2 6 20 29
163.692 1 7 3 3 3 6 2 5 20 29
164.572 1 7 2 2 3 7 2 5 20 29
164.768 1 6 2 2 2 7 2 6 20 29
165.147 1 5 2 2 1 7 2 7 20 29
165.18 1 5 2 2 1 6 2 6 20 30
165.538 1 5 2 2 1 5 2 5 20 31
168.081 1 5 2 2 1 6 2 6 20 30
169.367 1 5 2 2 1 5 2 5 20 31
169.725 2 6 2 2 0 5 2 5 20 31
170.264 2 5 2 2 0 5 1 5 21 31
170.377 2 5 2 2 0 6 1 6 21 30
170.406 1 4 2 2 1 6 1 6 21 30
170.488 1 4 2 2 1 5 1 5 21 31
170.669 1 4 2 2 1 6 1 6 21 30
170.687 1 4 2 2 1 7 1 7 21 29
172.123 1 4 2 2 1 8 1 8 21 28
173.047 2 5 2 2 0 8 1 8 21 28
173.217 2 4 2 2 0 8 0 8 22 28
173.308 2 4 2 2 0 7 0 7 22 29
174.387 2 4 2 2 0 8 0 8 22 28
174.776 1 3 2 2 1 8 0 8 22 28
176.694 1 3 2 2 1 9 0 9 22 27
176.897 1 3 2 2 1 8 0 8 22 28
179.815 1 3 2 2 1 7 0 7 22 29
180.006 1 3 2 2 1 8 0 8 22 28
180.35 1 3 2 2 1 9 0 9 22 27
181.14 1 4 2 2 1 9 1 9 21 27
181.374 1 4 2 2 1 8 1 8 21 28
181.376 1 4 3 3 1 7 1 8 21 28
183.677 1 4 3 3 1 8 1 9 21 27
184.705 1 4 3 3 1 7 1 8 21 28
184.964 1 4 3 3 2 8 0 8 21 28
185.096 1 4 3 3 2 7 0 7 21 29
185.382 1 4 3 3 2 8 0 8 21 28
188.205 1 4 2 2 2 9 0 8 21 28
188.566 1 5 2 2 3 9 0 7 21 28
190.108 1 5 2 2 3 10 0 8 21 27
190.65 1 5 2 2 3 11 0 9 21 26
191.916 1 5 2 2 3 10 0 8 21 27
192.547 1 5 2 2 3 11 0 9 21 26
193.782 1 5 2 2 2 10 1 9 21 26
194.04 1 5 2 2 2 9 1 8 21 27
194.292 1 5 2 2 2 8 1 7 21 28
194.496 1 5 2 2 2 9 1 8 21 27
194.497 1 5 2 2 2 10 1 9 21 26
194.745 1 5 2 2 2 9 1 8 21 27
196.179 1 5 2 2 2 8 1 7 21 28
196.291 1 5 2 2 2 9 1 8 21 27
196.295 1 5 2 2 2 8 1 7 21 28
196.546 0 4 2 2 3 8 1 7 21 28
196.871 0 4 2 2 3 7 1 6 21 29
197.175 0 4 2 2 3 8 1 7 21 28
199.122 0 4 2 2 2 7 2 7 21 28
199.472 0 3 2 2 1 7 2 8 21 28
199.92 0 3 2 2 0 6 3 8 21 28
201.953 0 3 2 2 0 7 3 9 21 27
204.011 0 3 2 2 0 8 3 10 21 26
205.239 0 3 2 2 0 9 3 11 21 25
206.347 0 3 1 1 0 10 3 11 21 25
206.804 0 3 1 1 0 9 3 10 21 26
206.93 0 3 1 1 0 8 3 9 21 27
207.565 0 3 1 1 0 9 3 10 21 26
207.924 0 3 1 1 0 8 3 9 21 27
207.947 0 4 1 1 1 8 3 8 21 27
207.993 0 4 1 1 1 9 3 9 21 26
208.32 1 5 1 1 0 9 3 9 21 26
210.549 1 5 1 1 0 8 3 8 21 27
211.374 1 5 1 1 0 7 3 7 21 28
212.056 1 4 1 1 0 7 2 7 22 28
213.166 1 4 1 1 0 6 2 6 22 29
215.719 1 4 1 1 1 7 1 6 22 29
215.892 1 4 1 1 1 6 1 5 22 30
217.287 1 4 1 1 0 5 2 5 22 30
221.708 1 4 1 1 0 6 2 6 22 29
224.736 1 5 1 1 1 6 2 5 22 29
225.07 1 5 1 1 1 7 2 6 22 28
225.344 1 5 1 1 1 6 2 5 22 29
225.44 1 5 1 1 1 5 2 4 22 30
226.095 1 5 1 1 1 6 2 5 22 29
230.684 1 5 1 1 2 7 1 5 22 29
231.187 1 5 1 1 2 8 1 6 22 28
232.952 1 6 1 1 3 8 1 5 22 28
236.328 1 6 1 1 3 7 1 4 22 29
236.538 2 7 1 1 2 7 1 4 22 29
237.047 2 7 1 1 1 6 2 4 22 29
237.536 2 7 1 1 1 7 2 5 22 28
237.988 2 7 1 1 1 6 2 4 22 29
238.091 2 7 1 1 1 7 2 5 22 28
238.675 2 7 1 1 1 8 2 6 22 27
239.399 2 7 2 2 1 7 2 6 22 27
240.028 2 6 2 2 1 7 1 6 23 27
240.625 2 6 2 2 1 6 1 5 23 28
241.634 2 6 2 2 1 5 1 4 23 29
242.164 2 6 2 2 1 6 1 5 23 28
243.303 2 6 2 2 1 7 1 6 23 27
243.992 2 6 2 2 1 8 1 7 23 26
244.996 2 6 3 3 1 7 1 7 23 26
245.466 2 6 3 3 1 6 1 6 23 27
247.404 2 6 3 3 1 5 1 5 23 28
247.594 2 6 3 3 1 6 1 6 23 27
248.238 2 6 3 3 1 5 1 5 23 28
249.208 2 6 2 2 1 6 1 5 23 28
249.294 2 6 2 2 1 5 1 4 23 29
252.986 3 7 2 2 0 5 1 4 23 29
254.644 3 7 3 3 0 4 1 4 23 29
257.883 3 7 3 3 0 5 1 5 23 28
258.388 3 8 3 3 1 5 1 4 23 28
258.416 2 7 3 3 2 5 1 4 23 28
261.561 2 8 3 3 3 5 1 3 23 28
261.593 2 7 3 3 2 5 1 4 23 28
262.967 2 7 3 3 2 4 1 3 23 29
264.219 2 7 3 3 3 5 0 3 23 29
266.948 2 7 3 3 3 6 0 4 23 28
267.064 2 7 3 3 2 5 1 4 23 28
268.349 2 7 3 3 2 6 1 5 23 27
268.436 2 7 3 3 2 7 1 6 23 26
269.89 2 6 3 3 1 7 1 7 23 26
269.969 2 6 2 2 1 8 1 7 23 26
270.384 2 6 2 2 1 9 1 8 23 25
270.848 2 6 2 2 1 10 1 9 23 24
271.448 2 6 2 2 1 9 1 8 23 25
271.859 1 5 2 2 2 9 1 8 23 25
273.042 1 5 2 2 2 8 1 7 23 26
275.485 1 5 2 2 2 7 1 6 23 27
277.176 0 4 2 2 3 7 1 6 23 27
277.603 0 4 2 2 3 6 1 5 23 28
278.366 0 4 2 2 3 7 1 6 23 27
278.403 1 5 2 2 2 7 1 6 23 27
278.587 1 5 2 2 2 8 1 7 23 26
278.859 1 5 2 2 1 7 2 7 23 26
279.407 1 6 2 2 2 7 2 6 23 26
279.526 1 6 2 2 2 8 2 7 23 25
279.578 1 6 2 2 2 9 2 8 23 24
279.725 1 6 2 2 2 8 2 7 23 25
279.964 1 6 2 2 2 7 2 6 23 26
280.747 1 5 2 2 2 7 1 6 24 26
280.777 1 5 2 2 2 8 1 7 24 25
282.115 1 4 2 2 2 8 0 7 25 25
282.644 1 4 2 2 2 7 0 6 25 26
283.513 1 4 2 2 2 8 0 7 25 25
284.665 1 4 1 1 2 9 0 7 25 25
286.51 1 4 1 1 2 10 0 8 25 24
286.541 1 4 1 1 1 9 1 8 25 24
287.689 1 4 1 1 1 10 1 9 25 23
287.762 1 4 1 1 1 11 1 10 25 22
287.857 1 4 1 1 1 10 1 9 25 23
288.237 1 5 1 1 2 10 1 8 25 23
289.466 1 5 1 1 2 9 1 7 25 24
289.988 1 5 1 1 2 10 1 8 25 23
291.731 1 5 1 1 2 9 1 7 25 24
292.568 1 5 1 1 2 8 1 6 25 25
293.356 1 5 1 1 2 7 1 5 25 26
294.081 1 6 1 1 3 7 1 4 25 26
294.748 0 5 1 1 4 7 1 4 25 26
294.874 0 5 1 1 4 8 1 5 25 25
295.123 0 5 1 1 3 7 2 5 25 25
295.181 0 5 1 1 3 8 2 6 25 24
295.293 0 5 1 1 3 9 2 7 25 23
295.353 0 5 1 1 2 8 3 7 25 23
295.678 0 5 1 1 2 9 3 8 25 22
297.363 0 5 1 1 2 8 3 7 25 23
298.395 0 6 1 1 3 8 3 6 25 23
299.383 0 6 1 1 3 7 3 5 25 24
300.597 0 6 1 1 3 8 3 6 25 23
301.192 0 6 1 1 3 7 3 5 25 24
303.495 0 6 1 1 3 8 3 6 25 23
303.637 0 6 1 1 3 7 3 5 25 24
305.304 0 5 1 1 2 7 3 6 25 24
307.379 0 5 1 1 3 8 2 6 25 24
308.239 0 5 1 1 3 9 2 7 25 23
308.689 0 5 1 1 2 8 3 7 25 23
310.456 0 5 1 1 2 7 3 6 25 24
310.504 0 5 1 1 2 8 3 7 25 23
311.299 0 5 1 1 2 9 3 8 25 22
312.859 0 5 1 1 1 8 4 8 25 22
313.155 0 5 1 1 1 7 4 7 25 23
313.616 0 5 1 1 1 8 4 8 25 22
313.668 0 5 1 1 1 9 4 9 25 21
314.238 0 5 1 1 1 8 4 8 25 22
314.53 0 5 1 1 1 9 4 9 25 21
315.012 0 6 1 1 2 9 4 8 25 21
315.203 0 6 1 1 2 8 4 7 25 22
316.248 0 6 1 1 2 9 4 8 25 21
316.519 0 6 1 1 2 8 4 7 25 22
316.987 0 6 1 1 1 7 5 7 25 22
317.899 0 5 1 1 1 7 4 7 26 22
319.781 0 5 1 1 1 6 4 6 26 23
320.342 0 4 1 1 1 6 3 6 27 23
321.201 0 4 1 1 1 7 3 7 27 22
321.243 0 4 2 2 1 6 3 7 27 22
324.64 0 5 2 2 2 6 3 6 27 22
324.829 0 6 2 2 2 6 4 6 26 22
325.215 0 6 2 2 2 7 4 7 26 21
325.714 0 5 2 2 2 7 3 7 27 21
325.754 0 4 2 2 1 7 3 8 27 21
328.31 0 4 2 2 1 6 3 7 27 22
331.91 0 4 2 2 1 7 3 8 27 21
332.07 0 4 2 2 1 6 3 7 27 22
332.382 0 4 2 2 1 5 3 6 27 23
332.849 0 4 2 2 1 4 3 5 27 24
333.598 0 4 1 1 1 5 3 5 27 24
334.766 0 4 1 1 1 6 3 6 27 23
335.542 0 4 1 1 1 7 3 7 27 22
335.776 0 4 1 1 1 8 3 8 27 21
335.809 0 4 1 1 1 9 3 9 27 20
336.255 0 4 1 1 0 8 4 9 27 20
337.05 0 4 1 1 0 7 4 8 27 21
337.477 0 3 1 1 0 7 3 8 28 21
339.417 0 3 1 1 0 6 3 7 28 22
341.382 0 3 1 1 0 5 3 6 28 23
342.45 0 3 1 1 0 4 3 5 28 24
343.233 0 4 1 1 1 4 3 4 28 24
346.53 0 4 2 2 1 3 3 4 28 24
346.865 0 4 2 2 1 4 3 5 28 23
346.893 0 4 3 3 1 3 3 5 28 23
349.54 0 5 3 3 2 3 3 4 28 23
350.403 0 5 3 3 3 4 2 4 28 23
351.958 0 5 2 2 3 5 2 4 28 23
352.651 0 5 2 2 2 4 3 4 28 23
352.665 1 6 2 2 1 4 3 4 28 23
352.937 1 7 2 2 1 4 4 4 27 23
353.698 1 6 2 2 1 4 3 4 28 23
353.746 1 5 2 2 1 4 2 4 29 23
355.428 1 4 2 2 1 4 1 4 30 23
356.908 1 5 2 2 2 4 1 3 30 23
358.815 1 5 2 2 2 5 1 4 30 22
359.147 1 5 2 2 2 6 1 5 30 21
360.369 1 5 2 2 2 7 1 6 30 20
361.545 1 5 2 2 1 6 2 6 30 20
361.921 1 5 2 2 1 5 2 5 30 21
362.546 1 5 2 2 1 6 2 6 30 20
362.747 1 5 2 2 0 5 3 6 30 20
363.885 1 4 2 2 0 5 2 6 31 20
366.747 1 4 2 2 0 6 2 7 31 19
369.14 1 3 2 2 0 6 1 7 32 19
370.185 1 3 2 2 0 7 1 8 32 18
370.629 1 3 2 2 0 8 1 9 32 17
372.422 1 3 3 3 0 7 1 9 32 17
374.612 1 3 3 3 0 6 1 8 32 18
374.923 1 3 3 3 0 5 1 7 32 19
374.98 0 2 3 3 1 5 1 7 32 19
376.391 0 2 3 3 1 6 1 8 32 18
376.536 0 3 3 3 2 6 1 7 32 18
377.1 0 2 3 3 1 6 1 8 32 18
377.344 0 2 3 3 1 5 1 7 32 19
378.297 0 2 3 3 1 4 1 6 32 20
380.846 0 2 3 3 1 3 1 5 32 21
381.889 0 2 3 3 1 4 1 6 32 20
383.203 0 2 3 3 1 5 1 7 32 19
384.014 0 2 4 4 1 4 1 7 32 19
384.35 0 2 4 4 1 5 1 8 32 18
385.165 0 2 4 4 1 4 1 7 32 19
385.252 0 3 4 4 2 4 1 6 32 19
388.234 0 3 3 3 2 5 1 6 32 19
390.811 0 3 3 3 2 6 1 7 32 18
391.453 0 3 3 3 1 5 2 7 32 18
391.609 0 3 3 3 1 6 2 8 32 17
391.844 0 3 3 3 1 7 2 9 32 16
392.409 0 3 3 3 1 6 2 8 32 17
392.466 0 3 3 3 1 5 2 7 32 18
392.886 0 3 3 3 1 4 2 6 32 19
393.239 0 3 3 3 1 5 2 7 32 18
393.614 0 3 3 3 1 4 2 6 32 19
394.667 0 2 3 3 1 4 1 6 33 19
394.716 0 2 2 2 1 5 1 6 33 19
395.239 0 2 2 2 1 6 1 7 33 18
395.256 0 2 2 2 1 5 1 6 33 19
397.616 0 2 2 2 1 6 1 7 33 18
397.818 0 2 2 2 1 5 1 6 33 19
397.847 0 2 2 2 1 6 1 7 33 18
400.257 1 3 2 2 0 6 1 7 33 18
404.092 0 2 2 2 1 6 1 7 33 18
405.181 0 2 2 2 1 7 1 8 33 17
405.439 0 2 2 2 1 8 1 9 33 16
406.715 0 3 2 2 2 8 1 8 33 16
407.717 0 3 2 2 2 9 1 9 33 15
409.195 0 3 2 2 1 8 2 9 33 15
409.329 0 3 2 2 1 9 2 10 33 14
410.028 0 3 2 2 1 8 2 9 33 15
412.821 0 3 2 2 1 7 2 8 33 16
413.956 0 4 2 2 2 7 2 7 33 16
415.969 0 4 2 2 2 6 2 6 33 17
416.045 0 4 2 2 2 5 2 5 33 18
417.824 0 4 2 2 2 6 2 6 33 17
418.376 0 3 2 2 1 6 2 7 33 17
418.708 0 3 2 2 1 7 2 8 33 16
418.99 0 3 2 2 1 8 2 9 33 15
419.206 0 3 2 2 1 7 2 8 33 16
419.618 0 3 2 2 1 6 2 7 33 17
421.803 0 3 2 2 1 7 2 8 33 16
423.008 0 3 2 2 1 6 2 7 33 17
423.106 0 3 2 2 1 5 2 6 33 18
423.758 0 3 2 2 1 6 2 7 33 17
424.898 0 3 2 2 0 5 3 7 33 17
427.782 0 3 2 2 0 4 3 6 33 18
429.067 0 3 3 3 0 3 3 6 33 18
431.815 0 4 3 3 1 3 3 5 33 18
432.142 0 4 3 3 0 2 4 5 33 18
432.288 0 4 2 2 0 3 4 5 33 18
432.443 0 5 2 2 1 3 4 4 33 18
434.3 0 5 2 2 1 4 4 5 33 17
435.939 0 5 2 2 0 3 5 5 33 17
437.032 0 4 2 2 0 3 4 5 34 17
439.428 0 3 2 2 0 3 3 5 35 17
440.162 0 3 3 3 0 2 3 5 35 17
444.331 0 3 2 2 0 3 3 5 35 17
444.487 0 3 1 1 0 4 3 5 35 17
445.783 0 4 1 1 1 4 3 4 35 17
446.097 0 4 1 1 1 5 3 5 35 16
446.849 0 4 1 1 1 6 3 6 35 15
448.301 0 4 1 1 0 5 4 6 35 15
449.557 0 4 1 1 0 4 4 5 35 16
450.324 0 4 1 1 0 3 4 4 35 17
451.175 0 5 1 1 1 3 4 3 35 17
453.225 0 5 1 1 2 4 3 3 35 17
456.84 0 5 1 1 3 5 2 3 35 17
458.822 0 5 1 1 3 4 2 2 35 18
459.461 0 5 1 1 3 5 2 3 35 17
460.418 0 5 1 1 3 6 2 4 35 16
460.559 0 4 1 1 3 6 1 4 36 16
462.056 0 4 0 0 3 7 1 4 36 16
464.202 0 3 0 0 2 7 1 5 36 16
468.268 0 4 0 0 2 7 2 5 35 16
468.566 0 4 0 0 2 8 2 6 35 15
469.211 0 4 0 0 2 7 2 5 35 16
469.44 0 4 0 0 2 8 2 6 35 15
470.333 0 4 0 0 2 7 2 5 35 16
471.49 0 4 0 0 1 6 3 5 35 16
472.465 0 4 0 0 0 5 4 5 35 16
473.229 0 4 0 0 0 6 4 6 35 15
474.011 0 5 0 0 1 6 4 5 35 15
475.26 0 5 0 0 1 7 4 6 35 14
477.885 0 5 0 0 0 6 5 6 35 14
478.749 0 5 0 0 0 5 5 5 35 15
478.864 0 5 0 0 0 4 5 4 35 16
479.328 0 4 0 0 0 4 4 4 36 16
480.99 0 4 0 0 0 5 4 5 36 15
482.214 0 4 0 0 0 4 4 4 36 16
483.209 0 4 0 0 0 3 4 3 36 17
485.569 0 3 0 0 0 3 3 3 37 17
486.631 0 2 0 0 0 3 2 3 38 17
486.651 0 1 0 0 0 3 1 3 39 17
489.149 0 2 0 0 1 3 1 2 39 17
494.421 0 2 0 0 1 4 1 3 39 16
496.494 0 2 0 0 1 5 1 4 39 15
497.232 0 2 0 0 1 6 1 5 39 14
498.545 0 2 0 0 0 5 2 5 39 14
499.082 0 3 0 0 1 5 2 4 39 14
503.576 0 3 0 0 1 4 2 3 39 15
507.767 0 3 0 0 0 3 3 3 39 15
508.733 0 3 0 0 0 4 3 4 39 14
511.746 0 2 0 0 0 4 2 4 40 14
512.243 0 2 0 0 0 5 2 5 40 13
513.543 0 2 0 0 0 4 2 4 40 14
513.619 0 2 0 0 0 5 2 5 40 13
514.955 0 3 0 0 1 5 2 4 40 13
514.988 0 3 1 1 1 4 2 4 40 13
515.824 0 3 1 1 1 3 2 3 40 14
516.116 0 3 1 1 1 4 2 4 40 13
518.722 0 3 1 1 1 3 2 3 40 14
520.19 0 3 1 1 1 4 2 4 40 13
523.071 0 3 1 1 1 5 2 5 40 12
530.39 0 3 0 0 1 6 2 5 40 12
531.413 0 2 0 0 1 6 1 5 41 12
533.643 0 3 0 0 2 6 1 4 41 12
537.213 0 3 0 0 2 7 1 5 41 11
538.036 0 3 0 0 2 6 1 4 41 12
543.857 0 3 0 0 2 5 1 3 41 13
548.722 0 3 1 1 2 4 1 3 41 13
549.285 0 3 1 1 1 3 2 3 41 13
551.503 0 3 1 1 1 2 2 2 41 14
552.685 0 3 2 2 1 1 2 2 41 14
553.367 0 3 2 2 1 0 2 1 41 15
554.181 0 3 2 2 1 1 2 2 41 14
560.783 0 3 1 1 1 2 2 2 41 14
560.964 0 3 1 1 1 3 2 3 41 13
560.992 0 2 1 1 0 3 2 4 41 13
562.338 0 2 0 0 0 4 2 4 41 13
566.583 0 2 0 0 0 3 2 3 41 14
572.969 0 3 0 0 1 3 2 2 41 14
573.545 0 3 0 0 1 2 2 1 41 15
576.148 0 3 1 1 1 1 2 1 41 15
577.788 0 3 1 1 1 2 2 2 41 14
578.679 0 3 1 1 1 3 2 3 41 13
578.732 0 3 1 1 2 4 1 3 41 13
579.474 0 3 1 1 2 3 1 2 41 14
580.151 0 3 1 1 2 2 1 1 41 15
580.901 0 3 1 1 2 3 1 2 41 14
581.932 0 4 1 1 2 3 2 2 40 14
585.393 0 4 1 1 2 4 2 3 40 13
586.521 0 3 1 1 2 4 1 3 41 13
588.652 0 3 2 2 2 3 1 3 41 13
591.225 0 3 2 2 2 4 1 4 41 12
592.393 0 3 2 2 2 3 1 3 41 13
597.803 0 4 2 2 3 3 1 2 41 13
597.964 0 4 2 2 3 4 1 3 41 12
598.24 0 3 2 2 2 4 1 4 41 12
600.979 0 3 2 2 2 3 1 3 41 13
601.607 0 3 2 2 2 4 1 4 41 12
606.498 0 3 2 2 2 5 1 5 41 11
607.891 0 4 2 2 3 5 1 4 41 11
611.403 0 4 2 2 2 4 2 4 41 11
615.383 0 4 2 2 2 5 2 5 41 10
615.941 0 5 2 2 3 5 2 4 41 10
617.389 0 5 2 2 3 6 2 5 41 9
618.306 0 5 2 2 3 7 2 6 41 8
618.31 0 6 2 2 3 7 3 6 40 8
619.173 0 5 2 2 2 7 3 7 40 8
619.459 0 5 2 2 2 8 3 8 40 7
619.711 0 6 2 2 2 8 4 8 39 7
620.184 0 6 2 2 2 7 4 7 39 8
620.512 0 6 2 2 2 6 4 6 39 9
620.515 0 6 2 2 2 7 4 7 39 8
620.675 1 7 2 2 1 7 4 7 39 8
620.798 1 7 2 2 1 8 4 8 39 7
621.478 1 6 2 2 0 8 4 9 39 7
621.842 1 6 2 2 0 7 4 8 39 8
622.669 1 6 2 2 1 8 3 8 39 8
623.546 1 5 2 2 1 8 2 8 40 8
624.216 1 5 3 3 1 7 2 8 40 8
628.074 1 5 3 3 1 8 2 9 40 7
628.506 0 4 3 3 2 8 2 9 40 7
628.707 0 4 2 2 2 9 2 9 40 7
629.699 0 4 2 2 2 8 2 8 40 8
629.716 0 4 2 2 1 7 3 8 40 8
630.744 0 4 2 2 1 6 3 7 40 9
631.109 0 3 2 2 1 6 2 7 41 9
631.128 0 4 2 2 2 6 2 6 41 9
634.925 0 5 2 2 3 6 2 5 41 9
635.782 0 5 2 2 3 7 2 6 41 8
636.084 0 5 2 2 3 8 2 7 41 7
637.433 0 5 2 2 3 7 2 6 41 8
638.158 1 6 2 2 2 7 2 6 41 8
639.855 1 6 2 2 2 8 2 7 41 7
640.013 1 6 2 2 2 7 2 6 41 8
640.501 1 7 2 2 3 7 2 5 41 8
640.843 1 6 2 2 3 7 1 5 42 8
640.963 1 6 2 2 3 6 1 4 42 9
642.439 1 6 2 2 2 5 2 4 42 9
646.165 1 5 2 2 2 5 1 4 43 9
648.161 1 5 2 2 2 4 1 3 43 10
648.459 0 4 2 2 3 4 1 3 43 10
649.392 0 4 2 2 3 5 1 4 43 9
649.755 1 5 2 2 2 5 1 4 43 9
650.396 1 4 2 2 1 5 1 5 43 9
651.345 1 4 2 2 1 4 1 4 43 10
654.282 1 4 2 2 1 5 1 5 43 9
654.564 1 5 2 2 2 5 1 4 43 9
655.621 1 5 1 1 2 6 1 4 43 9
656.31 1 5 1 1 2 5 1 3 43 10
656.725 1 4 1 1 1 5 1 4 43 10
659.504 1 4 1 1 1 4 1 3 43 11
660.885 1 4 1 1 0 3 2 3 43 11
673.602 1 4 1 1 0 4 2 4 43 10
676.056 1 4 0 0 0 5 2 4 43 10
680.406 1 5 0 0 0 5 3 4 42 10
681.521 1 5 0 0 0 6 3 5 42 9
682.196 1 4 0 0 0 6 2 5 43 9
682.58 1 4 0 0 0 5 2 4 43 10
683.097 1 4 0 0 0 4 2 3 43 11
683.865 1 4 0 0 0 3 2 2 43 12
684.174 1 4 0 0 0 4 2 3 43 11
688.426 1 4 0 0 0 5 2 4 43 10
689.182 1 5 0 0 1 5 2 3 43 10
689.589 1 5 0 0 1 4 2 2 43 11
695.911 1 5 1 1 1 3 2 2 43 11
697.034 1 4 1 1 1 3 1 2 44 11
703.292 1 4 1 1 0 2 2 2 44 11
705.929 1 4 0 0 0 3 2 2 44 11
705.959 1 4 0 0 0 4 2 3 44 10
710.337 1 3 0 0 0 4 1 3 45 10
713.092 1 3 0 0 0 5 1 4 45 9
718.798 0 2 0 0 1 5 1 4 45 9
719.099 0 2 0 0 1 6 1 5 45 8
720.403 0 2 1 1 1 5 1 5 45 8
722.373 0 2 1 1 1 4 1 4 45 9
731.592 0 2 1 1 1 3 1 3 45 10
736.286 0 2 1 1 1 2 1 2 45 11
748.417 0 2 1 1 1 3 1 3 45 10
748.742 0 2 1 1 1 4 1 4 45 9
752.282 0 2 1 1 1 5 1 5 45 8
754.027 0 2 1 1 1 6 1 6 45 7
756.518 0 2 1 1 1 5 1 5 45 8
756.531 0 3 1 1 1 5 2 5 44 8
757.437 0 3 1 1 1 6 2 6 44 7
758.837 0 4 1 1 2 6 2 5 44 7
762.249 0 5 1 1 3 6 2 4 44 7
763.107 0 4 1 1 3 6 1 4 45 7
763.336 0 4 1 1 3 5 1 3 45 8
767.232 0 3 1 1 2 5 1 4 45 8
772.322 0 3 1 1 2 4 1 3 45 9
773.488 0 3 1 1 1 3 2 3 45 9
774.177 0 3 1 1 1 4 2 4 45 8
776.987 0 3 1 1 1 5 2 5 45 7
777.691 0 2 1 1 0 5 2 6 45 7
778.641 0 2 1 1 0 6 2 7 45 6
782.118 0 2 1 1 0 5 2 6 45 7
782.638 0 2 1 1 0 4 2 5 45 8
783.977 0 2 1 1 0 5 2 6 45 7
791.014 0 2 1 1 0 4 2 5 45 8
791.714 0 2 1 1 0 3 2 4 45 9
804.314 0 2 1 1 0 4 2 5 45 8
807.666 0 2 2 2 0 3 2 5 45 8
815.136 0 1 2 2 0 3 1 5 46 8
815.247 0 1 2 2 0 2 1 4 46 9
817.735 0 1 1 1 0 3 1 4 46 9
819.076 0 1 1 1 0 2 1 3 46 10
827.164 0 2 1 1 1 2 1 2 46 10
827.613 0 3 1 1 1 2 2 2 45 10
832.001 0 4 1 1 2 2 2 1 45 10
833.295 0 4 1 1 2 3 2 2 45 9
834.869 0 4 1 1 2 4 2 3 45 8
834.972 0 3 1 1 1 4 2 4 45 8
839.655 1 4 1 1 0 4 2 4 45 8
845.973 1 3 1 1 0 4 1 4 46 8
846.743 1 3 1 1 0 5 1 5 46 7
847.815 1 4 1 1 1 5 1 4 46 7
848.569 1 4 1 1 1 6 1 5 46 6
850.567 1 5 1 1 1 6 2 5 45 6
856.709 1 4 1 1 0 6 2 6 45 6
856.835 1 4 1 1 0 5 2 5 45 7
859.201 1 4 2 2 0 4 2 5 45 7
860.329 1 4 2 2 0 3 2 4 45 8
868.627 1 4 2 2 0 2 2 3 45 9
869.028 1 3 2 2 0 2 1 3 46 9
878.673 1 4 2 2 0 2 2 3 45 9
883.863 1 5 2 2 0 2 3 3 44 9
887.331 1 5 1 1 0 3 3 3 44 9
887.668 1 5 1 1 0 2 3 2 44 10
888.781 1 5 1 1 0 3 3 3 44 9
890.246 1 5 1 1 0 2 3 2 44 10
890.922 1 4 1 1 0 2 2 2 45 10
896.31 1 4 1 1 1 3 1 2 45 10
903.862 1 4 2 2 1 2 1 2 45 10
907.941 1 4 1 1 1 3 1 2 45 10
908.578 1 3 1 1 1 3 0 2 46 10
910.204 1 3 1 1 0 2 1 2 46 10
911.248 1 2 1 1 0 2 0 2 47 10
913.762 1 2 1 1 0 3 0 3 47 9
915.248 1 3 1 1 0 3 1 3 46 9
923.62 1 3 1 1 0 4 1 4 46 8
923.875 1 3 1 1 0 3 1 3 46 9
927.891 1 2 1 1 0 3 0 3 47 9
931.638 1 2 1 1 0 2 0 2 47 10
934.38 0 1 1 1 1 2 0 2 47 10
943.319 0 1 1 1 0 1 1 2 47 10
947.418 0 1 1 1 0 2 1 3 47 9
953.382 0 1 1 1 0 3 1 4 47 8
957.028 0 1 1 1 0 2 1 3 47 9
965.923 0 1 1 1 0 3 1 4 47 8
969.23 0 1 1 1 0 4 1 5 47 7
970.09 0 1 1 1 0 5 1 6 47 6
979.472 0 1 1 1 0 4 1 5 47 7
984.573 0 2 1 1 0 4 2 5 46 7
987.847 0 2 1 1 0 5 2 6 46 6
987.853 0 2 1 1 0 4 2 5 46 7
989.44 0 2 1 1 0 5 2 6 46 6
990.538 0 2 1 1 0 6 2 7 46 5
995.595 0 2 1 1 0 7 2 8 46 4
995.603 0 2 1 1 0 6 2 7 46 5
995.651 0 2 1 1 0 5 2 6 46 6
996.571 0 2 1 1 0 4 2 5 46 7
996.651 0 2 1 1 0 5 2 6 46 6
1006.61 0 2 1 1 0 4 2 5 46 7
1010.97 0 2 1 1 0 3 2 4 46 8
1011.33 0 3 1 1 1 3 2 3 46 8
1020.79 0 4 1 1 2 3 2 2 46 8
1022.26 0 4 1 1 1 2 3 2 46 8
1028.24 0 4 1 1 1 3 3 3 46 7
1029.43 0 4 1 1 1 2 3 2 46 8
1031.2 0 5 1 1 1 2 4 2 45 8
1031.81 0 4 1 1 1 2 3 2 46 8
1033.63 0 3 1 1 0 2 3 3 46 8
1033.9 0 4 1 1 1 2 3 2 46 8
1037 0 4 1 1 1 3 3 3 46 7
1041.37 0 3 1 1 0 3 3 4 46 7
1054.16 0 3 1 1 0 4 3 5 46 6
1054.99 0 3 1 1 0 5 3 6 46 5
1055.65 0 4 1 1 0 5 4 6 45 5
1057.88 0 4 1 1 0 6 4 7 45 4
1058.14 0 3 1 1 0 6 3 7 46 4
1059.38 0 4 1 1 1 6 3 6 46 4
1059.69 0 4 1 1 0 5 4 6 46 4
1059.82 0 4 1 1 0 6 4 7 46 3
1060.28 0 4 1 1 0 5 4 6 46 4
1062.23 0 4 1 1 0 4 4 5 46 5
1066.04 0 3 1 1 0 4 3 5 47 5
1068.54 0 4 1 1 0 4 4 5 46 5
1070.03 0 4 1 1 0 3 4 4 46 6
1073.17 0 4 1 1 0 4 4 5 46 5
1076.6 0 4 1 1 0 3 4 4 46 6
1081.28 0 3 1 1 0 3 3 4 47 6
1084.85 0 3 1 1 0 4 3 5 47 5
1088.82 0 2 1 1 0 4 2 5 48 5
1090.26 0 2 1 1 0 3 2 4 48 6
1090.45 0 2 2 2 0 2 2 4 48 6
1091.76 0 2 2 2 0 1 2 3 48 7
1096.45 0 3 2 2 1 1 2 2 48 7
1099.21 0 2 2 2 1 1 1 2 49 7
1102.44 0 1 2 2 0 1 1 3 49 7
1103.34 0 1 2 2 0 2 1 4 49 6
1106.11 0 1 1 1 0 3 1 4 49 6
1106.28 0 1 1 1 0 4 1 5 49 5
1107.28 0 1 1 1 0 3 1 4 49 6
1113.95 0 1 0 0 0 4 1 4 49 6
1117.8 0 1 0 0 0 3 1 3 49 7
1120.76 0 2 0 0 0 3 2 3 48 7
1122.63 0 2 0 0 0 4 2 4 48 6
1125.79 0 2 0 0 0 5 2 5 48 5
1126.26 0 2 0 0 0 6 2 6 48 4
1128.59 0 3 0 0 1 6 2 5 48 4
1130.3 0 3 0 0 0 5 3 5 48 4
1134.03 0 4 0 0 0 5 4 5 47 4
1135.31 0 4 1 1 0 4 4 5 47 4
1144.28 0 4 0 0 0 5 4 5 47 4
1144.52 0 5 0 0 1 5 4 4 47 4
1144.86 0 5 0 0 1 4 4 3 47 5
1145.18 0 6 0 0 1 4 5 3 46 5
1147.57 0 6 0 0 1 3 5 2 46 6
1150.26 0 5 0 0 1 3 4 2 47 6
1151.52 0 5 0 0 1 2 4 1 47 7
1152.04 0 4 0 0 1 2 3 1 48 7
1160.85 0 4 0 0 1 1 3 0 48 8
1161.27 1 5 0 0 0 1 3 0 48 8
1166.04 1 5 0 0 0 2 3 1 48 7
1169.08 1 5 0 0 1 3 2 1 48 7
1171.08 1 5 0 0 1 4 2 2 48 6
1172.33 1 5 0 0 2 5 1 2 48 6
1173.57 1 5 0 0 1 4 2 2 48 6
1175.99 2 6 0 0 0 4 2 2 48 6
1180.63 2 5 0 0 0 4 1 2 49 6
1183.29 1 4 0 0 1 4 1 2 49 6
1184.5 1 3 0 0 0 4 1 3 49 6
1185.29 1 3 0 0 0 5 1 4 49 5
1185.69 0 2 0 0 1 5 1 4 49 5
1188.24 0 2 0 0 1 4 1 3 49 6
1189.63 0 2 0 0 1 3 1 2 49 7
1191.89 0 2 0 0 1 4 1 3 49 6
1193.34 0 2 0 0 1 3 1 2 49 7
1200.82 0 2 0 0 1 4 1 3 49 6
1206.56 0 2 1 1 1 3 1 3 49 6
1209.22 0 3 1 1 2 3 1 2 49 6
1212.48 0 3 1 1 1 2 2 2 49 6
1216.28 0 3 1 1 1 3 2 3 49 5
1221.07 0 4 1 1 2 3 2 2 49 5
1223.07 0 3 1 1 1 3 2 3 49 5
1237.15 0 3 1 1 1 4 2 4 49 4
1239.66 0 3 2 2 1 3 2 4 49 4
1244.27 0 2 2 2 1 3 1 4 50 4
1245.84 0 2 1 1 1 4 1 4 50 4
1250.09 0 2 1 1 1 5 1 5 50 3
1251.65 0 3 1 1 2 5 1 4 50 3
1255.54 0 3 1 1 1 4 2 4 50 3
1257.02 0 4 1 1 2 4 2 3 50 3
1258.63 0 4 2 2 2 3 2 3 50 3
1259.62 1 5 2 2 1 3 2 3 50 3
1263.15 1 5 1 1 1 4 2 3 50 3
1265.93 1 5 1 1 1 3 2 2 50 4
1270.49 1 5 2 2 1 2 2 2 50 4
1272.56 1 4 2 2 1 2 1 2 51 4
1275.61 1 4 2 2 1 3 1 3 51 3
1276.27 1 4 2 2 1 2 1 2 51 4
1276.76 1 4 1 1 1 3 1 2 51 4
1284.4 0 3 1 1 2 3 1 2 51 4
1287.69 0 4 1 1 2 3 2 2 50 4
1293.62 1 5 1 1 1 3 2 2 50 4
1294.66 2 6 1 1 0 3 2 2 50 4
1296.8 2 6 1 1 0 4 2 3 50 3
1297.66 1 5 1 1 1 4 2 3 50 3
1298.7 1 4 1 1 1 4 1 3 51 3
1299.44 1 3 1 1 0 4 1 4 51 3
1299.83 0 2 1 1 1 4 1 4 51 3
1302.14 0 2 1 1 1 3 1 3 51 4
1303.97 0 3 1 1 1 3 2 3 50 4
1304.34 0 2 1 1 1 3 1 3 51 4
1313.41 0 2 1 1 1 2 1 2 51 5
1325.44 0 2 1 1 1 3 1 3 51 4
1326.53 0 2 1 1 1 4 1 4 51 3
1334.09 0 3 1 1 2 4 1 3 51 3
1347.63 0 3 1 1 2 3 1 2 51 4
1349.46 0 3 1 1 1 2 2 2 51 4
1361.5 0 2 1 1 0 2 2 3 51 4
1362.8 0 3 1 1 0 2 3 3 50 4
1371.28 0 3 1 1 0 1 3 2 50 5
1373.86 0 3 1 1 0 2 3 3 50 4
1375.33 0 3 1 1 0 1 3 2 50 5
1385.59 0 4 1 1 0 1 4 2 49 5
1389.25 0 4 1 1 1 2 3 2 49 5
1389.97 0 4 1 1 1 3 3 3 49 4
1393.79 0 4 2 2 1 2 3 3 49 4
1400.43 0 3 2 2 1 2 2 3 50 4
1417.19 0 2 2 2 1 2 1 3 51 4
1422.9 0 3 2 2 2 2 1 2 51 4
1430.22 0 2 2 2 1 2 1 3 51 4
1432.17 0 2 2 2 0 1 2 3 51 4
1433.48 0 1 2 2 0 1 1 3 52 4
1441.59 0 1 2 2 0 2 1 4 52 3
1445.36 0 1 1 1 0 3 1 4 52 3
1449.93 0 1 1 1 1 4 0 4 52 3
1452.21 0 1 1 1 1 5 0 5 52 2
1454.85 0 1 1 1 1 4 0 4 52 3
1458.86 0 1 1 1 1 3 0 3 52 4
1459.85 0 2 1 1 2 3 0 2 52 4
1469.98 0 2 2 2 2 2 0 2 52 4
1471.55 0 2 2 2 2 1 0 1 52 5
1477.56 0 2 2 2 2 2 0 2 52 4
1479.16 0 1 2 2 1 2 0 3 52 4
1479.39 0 1 2 2 1 3 0 4 52 3
1490.62 0 1 1 1 1 4 0 4 52 3
1495.47 0 1 2 2 1 3 0 4 52 3
1501.27 0 1 1 1 1 4 0 4 52 3
1501.84 0 1 1 1 1 3 0 3 52 4
1502.61 0 1 1 1 1 2 0 2 52 5
1506.51 0 1 1 1 1 1 0 1 52 6
1507.34 0 1 1 1 1 2 0 2 52 5
1518.19 0 1 1 1 1 1 0 1 52 6
1529.25 0 2 1 1 1 1 1 1 51 6
1531.01 0 2 1 1 1 2 1 2 51 5
1541.85 0 2 1 1 1 3 1 3 51 4
1544.15 0 3 1 1 2 3 1 2 51 4
1551.32 0 4 1 1 3 3 1 1 51 4
1553.05 0 5 1 1 3 3 2 1 50 4
1558.35 0 4 1 1 2 3 2 2 50 4
1559.41 0 3 1 1 2 3 1 2 51 4
1561.32 0 3 1 1 2 4 1 3 51 3
1561.91 0 3 2 2 2 3 1 3 51 3
1562.16 1 4 2 2 1 3 1 3 51 3
1566.99 1 5 2 2 1 3 2 3 50 3
1567.14 2 6 2 2 0 3 2 3 50 3
1567.32 2 7 2 2 0 3 3 3 49 3
1568.25 1 6 2 2 1 3 3 3 49 3
1574.28 1 6 2 2 2 4 2 3 49 3
1575.67 1 6 3 3 2 3 2 3 49 3
1576.16 1 5 3 3 1 3 2 4 49 3
1577.37 1 4 3 3 1 3 1 4 50 3
1580.12 2 5 3 3 0 3 1 4 50 3
1585.31 2 6 3 3 1 3 1 3 50 3
1586.99 2 6 2 2 1 4 1 3 50 3
1589.21 1 5 2 2 2 4 1 3 50 3
1591.24 1 5 2 2 2 5 1 4 50 2
1596.21 1 5 2 2 1 4 2 4 50 2
1597.07 1 5 2 2 1 5 2 5 50 1
1597.39 1 6 2 2 1 5 3 5 49 1
1597.9 2 7 2 2 0 5 3 5 49 1
1598.89 2 7 2 2 0 4 3 4 49 2
1599.85 2 7 1 1 0 5 3 4 49 2
1600.46 2 7 1 1 0 4 3 3 49 3
1609.62 1 6 1 1 1 4 3 3 49 3
1611.3 1 6 2 2 1 3 3 3 49 3
1611.9 0 5 2 2 2 3 3 3 49 3
1616.91 0 5 2 2 1 2 4 3 49 3
1617.79 0 4 2 2 1 2 3 3 50 3
1617.9 0 3 2 2 1 2 2 3 51 3
1620.61 0 2 2 2 0 2 2 4 51 3
1625.37 0 2 2 2 0 3 2 5 51 2
1630.08 0 2 2 2 0 2 2 4 51 3
1642.28 0 2 2 2 0 3 2 5 51 2
1645.6 0 3 2 2 1 3 2 4 51 2
1646.24 0 3 2 2 0 2 3 4 51 2
1647.69 0 2 2 2 0 2 2 4 52 2
1648.85 0 2 2 2 0 1 2 3 52 3
1652.05 0 2 2 2 1 2 1 3 52 3
1652.28 0 2 3 3 1 1 1 3 52 3
1653.91 0 1 3 3 0 1 1 4 52 3
1658.87 0 1 3 3 0 0 1 3 52 4
1663.91 0 2 3 3 0 0 2 3 51 4
1667.13 0 2 2 2 0 1 2 3 51 4
1669.09 0 2 2 2 1 2 1 3 51 4
1674.01 0 2 2 2 0 1 2 3 51 4
1675.04 0 3 2 2 1 1 2 2 51 4
1692.51 0 3 1 1 1 2 2 2 51 4
1711.17 0 3 1 1 0 1 3 2 51 4
1711.18 0 3 1 1 0 0 3 1 51 5
1711.35 0 3 1 1 0 1 3 2 51 4
1714.89 0 4 1 1 1 1 3 1 51 4
1721.98 0 3 1 1 1 1 2 1 52 4
1722.3 0 4 1 1 2 1 2 0 52 4
1723.38 0 4 1 1 2 2 2 1 52 3
1727.64 0 3 1 1 1 2 2 2 52 3
1733.14 0 3 1 1 2 3 1 2 52 3
1733.6 0 3 2 2 2 2 1 2 52 3
1741.77 0 2 2 2 1 2 1 3 52 3
1742.64 0 3 2 2 2 2 1 2 52 3
1743.07 0 3 1 1 2 3 1 2 52 3
1743.28 0 3 2 2 2 2 1 2 52 3
1744.45 0 3 2 2 2 3 1 3 52 2
1745.22 0 3 3 3 2 2 1 3 52 2
1756.12 0 3 3 3 3 3 0 3 52 2
1761.4 0 3 3 3 3 4 0 4 52 1
1762.54 0 3 3 3 3 3 0 3 52 2
1763.61 1 4 3 3 2 3 0 3 52 2
1763.9 1 4 3 3 2 2 0 2 52 3
1766.15 2 5 3 3 1 2 0 2 52 3
1768.43 2 6 3 3 1 2 1 2 51 3
1774.47 3 7 3 3 0 2 1 2 51 3
1776.62 3 7 3 3 0 3 1 3 51 2
1778.43 3 6 3 3 0 3 0 3 52 2
1781.21 2 5 3 3 1 3 0 3 52 2
1784.31 2 5 2 2 1 4 0 3 52 2
1786.98 2 5 1 1 1 5 0 3 52 2
1787.09 1 4 1 1 2 5 0 3 52 2
1790.84 1 4 2 2 2 4 0 3 52 2
1791.34 1 4 2 2 1 3 1 3 52 2
1793.46 1 4 2 2 1 4 1 4 52 1
1797.21 1 4 1 1 1 5 1 4 52 1
1798.61 1 5 1 1 2 5 1 3 52 1
1799 1 5 1 1 2 4 1 2 52 2
1800.86 1 4 1 1 2 4 0 2 53 2
1807.45 1 4 1 1 2 5 0 3 53 1
1813.54 1 4 1 1 1 4 1 3 53 1
1814.57 1 4 1 1 1 3 1 2 53 2
1821.18 1 4 1 1 0 2 2 2 53 2
1836.04 1 4 1 1 0 1 2 1 53 3
1840.48 1 3 1 1 0 1 1 1 54 3
1842.16 1 3 1 1 0 2 1 2 54 2
1845.13 1 4 1 1 1 2 1 1 54 2
1845.62 1 5 1 1 1 2 2 1 53 2
1848.27 1 5 2 2 1 1 2 1 53 2
1858.08 1 5 2 2 1 2 2 2 53 1
1859.38 1 4 2 2 1 2 1 2 54 1
1869.55 1 4 1 1 1 3 1 2 54 1
1875.91 1 5 1 1 2 3 1 1 54 1
1877.07 2 6 1 1 1 3 1 1 54 1
1881.81 2 6 2 2 1 2 1 1 54 1
1883.23 2 6 1 1 1 3 1 1 54 1
1896.41 2 6 1 1 0 2 2 1 54 1
1897.09 1 5 1 1 1 2 2 1 54 1
1899.46 1 6 1 1 1 2 3 1 53 1
1900.39 1 6 1 1 1 3 3 2 53 0
1904.2 1 5 1 1 1 3 2 2 54 0
1904.99 1 5 1 1 2 4 1 2 54 0
1908.5 1 5 1 1 2 3 1 1 54 1
1909.74 2 6 1 1 1 3 1 1 54 1
1912.57 3 7 1 1 0 3 1 1 54 1
1913.49 2 6 1 1 1 3 1 1 54 1
1922.71 2 6 2 2 1 2 1 1 54 1
1926.33 1 5 2 2 2 2 1 1 54 1
1927.21 0 4 2 2 3 2 1 1 54 1
1927.39 0 4 2 2 3 3 1 2 54 0
1927.88 0 4 2 2 3 2 1 1 54 1
1931.62 0 4 2 2 4 3 0 1 54 1
1931.72 0 4 2 2 3 2 1 1 54 1
1941.6 0 3 2 2 2 2 1 2 54 1
1954.7 0 3 3 3 2 1 1 2 54 1
1957.57 0 3 3 3 1 0 2 2 54 1
1963.32 0 3 2 2 1 1 2 2 54 1
1973.68 1 4 2 2 0 1 2 2 54 1
1973.84 1 5 2 2 0 1 3 2 53 1
1977.89 1 4 2 2 0 1 2 2 54 1
1980.82 0 3 2 2 1 1 2 2 54 1
1984.52 1 4 2 2 0 1 2 2 54 1
1984.78 1 5 2 2 0 1 3 2 53 1
1985.26 1 5 2 2 0 0 3 1 53 2
1985.98 1 6 2 2 0 0 4 1 52 2
1987.06 1 5 2 2 0 0 3 1 53 2
1990.62 0 4 2 2 1 0 3 1 53 2
1993.36 0 3 2 2 1 0 2 1 54 2
2003.03 1 4 2 2 0 0 2 1 54 2
2003.69 1 4 1 1 0 1 2 1 54 2
2009.48 1 3 1 1 0 1 1 1 55 2
2015.03 1 4 1 1 0 1 2 1 54 2
2017.54 1 4 2 2 0 0 2 1 54 2
2025.04 1 3 2 2 0 0 1 1 55 2
2031.28 1 4 2 2 0 0 2 1 54 2
2059.32 0 3 2 2 1 0 2 1 54 2
2061.24 0 2 2 2 0 0 2 2 54 2
2064.92 0 3 2 2 1 0 2 1 54 2
2071.91 0 2 2 2 0 0 2 2 54 2
2079.39 0 2 1 1 0 1 2 2 54 2
2087.86 0 1 1 1 0 1 1 2 55 2
2089.75 0 1 1 1 0 2 1 3 55 1
2104.94 0 1 1 1 0 1 1 2 55 2
2123.63 0 1 2 2 0 0 1 2 55 2
2124.17 0 1 1 1 0 1 1 2 55 2
2130.12 0 1 2 2 0 0 1 2 55 2
2138.84 0 1 1 1 0 1 1 2 55 2
2138.92 0 1 0 0 0 2 1 2 55 2
2142.29 0 1 0 0 0 1 1 1 55 3
2146.56 0 1 0 0 0 0 1 0 55 4
2148.33 0 1 0 0 0 1 1 1 55 3
2172.02 0 1 0 0 0 2 1 2 55 2
2187.04 0 2 0 0 1 2 1 1 55 2
2196.46 1 3 0 0 0 2 1 1 55 2
2207.51 1 4 0 0 0 2 2 1 54 2
2210.3 1 4 0 0 0 1 2 0 54 3
2212.34 1 3 0 0 0 1 1 0 55 3
2222.4 1 3 0 0 0 2 1 1 55 2
2224.24 1 3 1 1 0 1 1 1 55 2
2239.36 1 4 1 1 1 1 1 0 55 2
2243.48 1 4 2 2 1 0 1 0 55 2
2260.63 1 4 2 2 1 1 1 1 55 1
2262.25 0 3 2 2 2 1 1 1 55 1
2262.52 0 2 2 2 1 1 1 2 55 1
2270.33 0 2 3 3 1 0 1 2 55 1
2274.49 0 2 2 2 1 1 1 2 55 1
2282.2 1 3 2 2 0 1 1 2 55 1
2284.24 1 2 2 2 0 1 0 2 56 1
2293.45 1 2 2 2 0 2 0 3 56 0
2293.98 1 2 2 2 0 1 0 2 56 1
2298.12 1 2 3 3 0 0 0 2 56 1
2313.39 1 2 2 2 0 1 0 2 56 1
2313.79 1 2 2 2 0 0 0 1 56 2
2331.42 1 2 2 2 0 1 0 2 56 1
2332.18 1 2 1 1 0 2 0 2 56 1
2338.59 1 2 1 1 0 1 0 1 56 2
2383.52 1 3 1 1 0 1 1 1 55 2
2393.19 1 4 1 1 1 1 1 0 55 2
2396.65 1 4 1 1 0 0 2 0 55 2
2410.18 1 4 1 1 0 1 2 1 55 1
2411.1 1 4 1 1 0 0 2 0 55 2
2411.13 0 3 1 1 1 0 2 0 55 2
2421.05 0 4 1 1 1 0 3 0 54 2
2423.51 0 3 1 1 0 0 3 1 54 2
2425.92 0 3 1 1 1 1 2 1 54 2
2436.71 0 2 1 1 1 1 1 1 55 2
2456.59 0 1 1 1 0 1 1 2 55 2
2460.47 0 1 0 0 0 2 1 2 55 2
2462.92 0 1 0 0 0 3 1 3 55 1
2464.59 0 2 0 0 0 3 2 3 54 1
2474.07 0 2 0 0 0 2 2 2 54 2
2492.85 0 1 0 0 0 2 1 2 55 2
2495.27 0 1 1 1 0 1 1 2 55 2
2495.99 0 1 2 2 0 0 1 2 55 2
2500.71 0 1 1 1 0 1 1 2 55 2
2519.53 0 2 1 1 0 1 2 2 54 2
2522.28 0 1 1 1 0 1 1 2 55 2
2526.61 0 1 1 1 0 2 1 3 55 1
2527.66 0 1 1 1 0 1 1 2 55 2
2533.72 0 2 1 1 1 1 1 1 55 2
2535.44 0 3 1 1 1 1 2 1 54 2
2535.98 0 3 1 1 1 2 2 2 54 1
2536.09 1 4 1 1 0 2 2 2 54 1
2536.66 1 4 1 1 1 3 1 2 54 1
2540.12 2 5 1 1 0 3 1 2 54 1
2544.13 2 5 1 1 0 2 1 1 54 2
2544.7 2 4 1 1 0 2 0 1 55 2
2546.39 2 4 2 2 0 1 0 1 55 2
2547.71 2 5 2 2 0 1 1 1 54 2
2548.01 2 5 1 1 0 2 1 1 54 2
2549.31 1 4 1 1 1 2 1 1 54 2
2549.81 1 3 1 1 0 2 1 2 54 2
2559.32 1 3 2 2 0 1 1 2 54 2
2564.79 0 2 2 2 1 1 1 2 54 2
2566.17 0 2 2 2 1 2 1 3 54 1
2568.17 1 3 2 2 0 2 1 3 54 1
2570.54 1 3 2 2 0 1 1 2 54 2
2575.41 1 3 2 2 1 2 0 2 54 2
2584.64 1 2 2 2 0 2 0 3 54 2
2590.95 1 2 3 3 0 1 0 3 54 2
2628.15 1 3 3 3 1 1 0 2 54 2
2636.84 1 3 3 3 1 2 0 3 54 1
2643.98 1 4 3 3 2 2 0 2 54 1
2646.07 1 4 3 3 2 3 0 3 54 0
2647.37 1 3 3 3 1 3 0 4 54 0
2650.33 1 2 3 3 0 3 0 5 54 0
2652.49 1 2 3 3 0 2 0 4 54 1
2653.17 1 3 3 3 0 2 1 4 53 1
2653.89 1 3 2 2 0 3 1 4 53 1
2654.61 1 3 2 2 0 2 1 3 53 2
2662.13 1 3 2 2 0 1 1 2 53 3
2671.09 1 3 2 2 0 2 1 3 53 2
2685.25 1 4 2 2 0 2 2 3 52 2
2688.46 1 4 1 1 0 3 2 3 52 2
2711.05 1 5 1 1 0 3 3 3 51 2
2711.91 0 4 1 1 1 3 3 3 51 2
2714.14 0 5 1 1 2 3 3 2 51 2
2714.42 0 5 1 1 2 2 3 1 51 3
2714.95 0 4 1 1 1 2 3 2 51 3
2716.72 0 3 1 1 0 2 3 3 51 3
2717.21 0 3 1 1 0 3 3 4 51 2
2717.79 0 3 1 1 0 2 3 3 51 3
2723.11 0 4 1 1 1 2 3 2 51 3
2728.89 0 3 1 1 1 2 2 2 52 3
2729 0 3 0 0 1 3 2 2 52 3
2730.16 0 2 0 0 1 3 1 2 53 3
2733.33 0 2 0 0 1 4 1 3 53 2
2749.27 1 3 0 0 0 4 1 3 53 2
2751.3 1 3 0 0 0 3 1 2 53 3
2752.78 1 4 0 0 0 3 2 2 52 3
2759.17 1 4 0 0 0 2 2 1 52 4
2761.51 1 5 0 0 0 2 3 1 51 4
2764.78 1 4 0 0 0 2 2 1 52 4
2770.27 1 3 0 0 0 2 1 1 53 4
2770.67 1 3 0 0 0 3 1 2 53 3
2772.47 1 3 0 0 0 4 1 3 53 2
2772.8 1 3 0 0 0 3 1 2 53 3
2779.61 1 2 0 0 0 3 0 2 54 3
2787.93 1 2 1 1 0 2 0 2 54 3
2795.33 1 2 1 1 0 1 0 1 54 4
2801.45 0 1 1 1 1 1 0 1 54 4
2807.89 0 1 1 1 1 2 0 2 54 3
2826.34 1 2 1 1 0 2 0 2 54 3
2830.44 1 3 1 1 1 2 0 1 54 3
2831.12 1 2 1 1 0 2 0 2 54 3
2840.17 0 1 1 1 1 2 0 2 54 3
2841.37 0 1 1 1 1 3 0 3 54 2
2842.45 0 1 1 1 1 2 0 2 54 3
2847.88 0 1 1 1 0 1 1 2 54 3
2854.06 0 1 1 1 1 2 0 2 54 3
2872.89 0 1 1 1 1 1 0 1 54 4
2885.87 0 1 1 1 1 2 0 2 54 3
2887.6 1 2 1 1 0 2 0 2 54 3
2899.25 0 1 1 1 1 2 0 2 54 3
2899.82 0 1 2 2 1 1 0 2 54 3
2908.39 1 2 2 2 0 1 0 2 54 3
2911.68 1 3 2 2 1 1 0 1 54 3
2916.97 1 4 2 2 1 1 1 1 53 3
2926.83 1 4 2 2 1 2 1 2 53 2
2931.17 1 4 2 2 1 3 1 3 53 1
2935.68 1 4 2 2 1 2 1 2 53 2
2944.76 0 3 2 2 2 2 1 2 53 2
2947.46 0 4 2 2 3 2 1 1 53 2
2951.19 0 5 2 2 4 2 1 0 53 2
2964.96 1 6 2 2 3 2 1 0 53 2
2968.68 0 5 2 2 4 2 1 0 53 2
2968.73 0 4 2 2 3 2 1 1 53 2
2981.77 1 5 2 2 2 2 1 1 53 2
2982.26 1 5 1 1 2 3 1 1 53 2
2983.18 1 5 2 2 2 2 1 1 53 2
2984.15 1 5 2 2 2 3 1 2 53 1
2989.2 1 4 2 2 2 3 0 2 54 1
2990.52 1 4 2 2 2 2 0 1 54 2
2990.52 1 4 2 2 2 2 0 1 54 2
