0 60 120 60 60 0 0 0 0 0 0
0.0153143 59 119 60 60 1 0 0 0 0 0
0.0252051 58 118 60 60 2 0 0 0 0 0
0.0395683 58 118 59 59 2 1 0 0 0 0
0.0400621 57 117 59 59 3 1 0 0 0 0
0.0499035 56 116 59 59 4 1 0 0 0 0
0.0597948 56 116 58 58 4 2 0 0 0 0
0.0605005 55 115 58 58 5 2 0 0 0 0
0.0860649 54 114 58 58 6 2 0 0 0 0
0.0897251 53 113 58 58 7 2 0 0 0 0
0.0925195 53 113 57 57 7 3 0 0 0 0
0.099892 52 112 57 57 8 3 0 0 0 0
0.133174 52 112 56 56 8 4 0 0 0 0
0.19222 51 111 56 56 9 4 0 0 0 0
0.205839 51 111 55 55 9 5 0 0 0 0
0.209576 51 110 55 55 8 5 0 1 0 0
0.211056 50 109 55 55 9 5 0 1 0 0
0.242051 49 108 55 55 10 5 0 1 0 0
0.247585 48 107 55 55 11 5 0 1 0 0
0.285931 48 107 54 54 11 6 0 1 0 0
0.355472 47 106 54 54 12 6 0 1 0 0
0.385087 46 105 54 54 13 6 0 1 0 0
0.400741 45 104 54 54 14 6 0 1 0 0
0.407364 44 103 54 54 15 6 0 1 0 0
0.442336 43 102 54 54 16 6 0 1 0 0
0.442602 43 101 54 54 15 6 0 2 0 0
0.492523 43 101 53 53 15 7 0 2 0 0
0.515609 42 100 53 53 16 7 0 2 0 0
0.542173 41 99 53 53 17 7 0 2 0 0
0.549723 41 99 52 52 17 8 0 2 0 0
0.666758 40 98 52 52 18 8 0 2 0 0
0.678072 40 97 52 52 17 8 0 3 0 0
0.691052 40 97 51 51 17 9 0 3 0 0
0.713412 39 96 51 51 18 9 0 3 0 0
0.76062 38 95 51 51 19 9 0 3 0 0
0.764645 37 94 51 51 20 9 0 3 0 0
0.766821 37 93 51 51 19 9 0 4 0 0
0.777256 36 92 51 51 20 9 0 4 0 0
0.851915 35 91 51 51 21 9 0 4 0 0
0.857337 34 90 51 51 22 9 0 4 0 0
0.866311 34 90 50 50 22 10 0 4 0 0
0.928868 34 90 49 49 22 11 0 4 0 0
0.951686 33 89 49 49 23 11 0 4 0 0
0.956322 33 89 48 48 23 12 0 4 0 0
0.968759 33 89 47 47 23 13 0 4 0 0
1.02806 33 89 46 46 23 14 0 4 0 0
1.0324 33 89 45 45 23 15 0 4 0 0
1.04916 32 88 45 45 24 15 0 4 0 0
1.08419 32 88 44 44 24 16 0 4 0 0
1.10215 31 87 44 44 25 16 0 4 0 0
1.18248 30 86 44 44 26 16 0 4 0 0
1.20657 30 85 44 44 25 16 0 5 0 0
1.25019 30 84 44 44 24 16 0 6 0 0
1.29132 29 83 44 44 25 16 0 6 0 0
1.35766 29 82 44 44 24 16 0 7 0 0
1.38716 29 82 43 43 24 17 0 7 0 0
1.39834 28 81 43 43 25 17 0 7 0 0
1.42455 28 80 43 43 24 17 0 8 0 0
1.43794 27 79 43 43 25 17 0 8 0 0
1.46089 26 78 43 43 26 17 0 8 0 0
1.4775 26 78 42 42 26 18 0 8 0 0
1.4903 25 77 42 42 27 18 0 8 0 0
1.49189 25 77 42 42 27 17 0 7 0 1
1.50675 24 76 42 42 28 17 0 7 0 1
1.51638 24 75 42 42 27 17 0 8 0 1
1.54298 24 75 42 42 26 16 1 8 0 1
1.59759 24 75 42 42 25 15 2 8 0 1
1.61086 23 74 42 42 26 15 2 8 0 1
1.62962 23 73 42 42 25 15 2 9 0 1
1.65585 23 73 41 41 25 16 2 9 0 1
1.66958 23 73 40 40 25 17 2 9 0 1
1.71884 22 72 40 40 26 17 2 9 0 1
1.72284 22 72 39 39 26 18 2 9 0 1
1.8133 22 72 38 38 26 19 2 9 0 1
1.83116 22 72 37 37 26 20 2 9 0 1
1.85203 22 72 37 37 26 19 2 8 0 2
1.85891 23 73 37 37 25 19 2 8 0 2
1.89727 23 72 37 37 24 19 2 9 0 2
1.89814 23 71 37 37 23 19 2 10 0 2
1.90449 23 71 37 37 22 18 3 10 0 2
1.9162 22 70 37 37 23 18 3 10 0 2
1.9493 22 69 37 37 22 18 3 11 0 2
1.95881 22 68 37 37 21 18 3 12 0 2
1.96049 21 67 37 37 22 18 3 12 0 2
1.97717 20 66 37 37 23 18 3 12 0 2
1.98968 19 65 37 37 24 18 3 12 0 2
1.99429 19 64 37 37 23 18 3 13 0 2
2.03231 19 63 37 37 22 18 3 14 0 2
2.08077 19 63 36 36 22 19 3 14 0 2
2.15383 19 62 36 36 21 19 3 15 0 2
2.16617 19 62 35 35 21 20 3 15 0 2
2.18007 19 62 34 34 21 21 3 15 0 2
2.20057 19 61 34 34 20 21 3 16 0 2
2.26745 19 61 33 33 20 22 3 16 0 2
2.28455 19 61 33 33 20 21 3 15 0 3
2.35879 18 60 33 33 21 21 3 15 0 3
2.35882 18 60 32 32 21 22 3 15 0 3
2.36027 18 59 32 32 20 22 3 16 0 3
2.40798 18 59 32 32 20 21 3 15 0 4
2.41326 18 58 32 32 19 21 3 16 0 4
2.47384 18 58 31 31 19 22 3 16 0 4
2.47755 17 57 31 31 20 22 3 16 0 4
2.52367 16 56 31 31 21 22 3 16 0 4
2.53526 16 56 30 30 21 23 3 16 0 4
2.56281 16 55 30 30 20 23 3 17 0 4
2.63476 15 54 30 30 21 23 3 17 0 4
2.67582 15 53 30 30 20 23 3 18 0 4
2.69812 15 52 30 30 19 23 3 19 0 4
2.71626 15 51 30 30 18 23 3 20 0 4
2.76113 14 50 30 30 19 23 3 20 0 4
2.78315 14 50 29 29 19 24 3 20 0 4
2.81686 14 49 29 29 19 24 2 20 1 4
2.82609 14 49 28 28 19 25 2 20 1 4
2.87892 13 48 28 28 20 25 2 20 1 4
2.93115 12 47 28 28 21 25 2 20 1 4
2.93949 12 47 28 28 20 24 3 20 1 4
2.95944 12 46 28 28 19 24 3 21 1 4
2.99183 12 46 28 28 19 23 3 20 1 5
2.99752 12 46 27 27 19 24 3 20 1 5
3.04448 12 46 26 26 19 25 3 20 1 5
3.04534 12 46 26 26 18 24 4 20 1 5
3.08024 12 46 25 25 18 25 4 20 1 5
3.14372 12 46 25 25 18 26 4 21 1 4
3.23106 12 46 25 25 18 25 4 20 1 5
3.24931 12 46 25 25 17 24 5 20 1 5
3.38154 12 46 24 24 17 25 5 20 1 5
3.38875 12 46 24 24 16 24 6 20 1 5
3.39953 12 45 24 24 15 24 6 21 1 5
3.40726 11 44 24 24 16 24 6 21 1 5
3.42587 10 43 24 24 17 24 6 21 1 5
3.50753 10 42 24 24 17 24 5 21 2 5
3.53544 10 42 24 24 17 23 5 20 2 6
3.61588 9 41 24 24 18 23 5 20 2 6
3.63569 8 40 24 24 19 23 5 20 2 6
3.71555 7 39 24 24 20 23 5 20 2 6
3.76111 7 39 23 23 20 24 5 20 2 6
3.79851 7 39 23 23 20 23 5 19 2 7
3.83605 7 38 23 23 19 23 5 20 2 7
3.84441 7 37 23 23 18 23 5 21 2 7
3.87502 7 36 23 23 18 23 4 21 3 7
4.03149 7 35 23 23 17 23 4 22 3 7
4.04853 7 35 23 23 17 22 4 21 3 8
4.18699 7 34 23 23 17 22 3 21 4 8
4.22197 7 34 23 23 17 21 3 20 4 9
4.25451 7 34 22 22 17 22 3 20 4 9
4.42619 7 34 22 22 17 21 3 19 4 10
4.44713 7 33 22 22 16 21 3 20 4 10
4.48467 7 33 22 22 16 20 3 19 4 11
4.51339 7 33 21 21 16 21 3 19 4 11
4.51408 7 33 21 21 16 20 3 18 4 12
4.61201 7 33 21 21 15 19 4 18 4 12
4.84474 7 32 21 21 14 19 4 19 4 12
4.94458 7 31 21 21 14 19 3 19 5 12
5.00718 6 30 21 21 15 19 3 19 5 12
5.15577 6 30 21 21 15 20 3 20 5 11
5.19048 6 30 20 20 15 21 3 20 5 11
5.2253 6 30 20 20 14 20 4 20 5 11
5.39135 6 29 20 20 13 20 4 21 5 11
5.40013 6 28 20 20 12 20 4 22 5 11
5.43354 6 27 20 20 12 20 3 22 6 11
5.44233 6 27 20 20 12 19 3 21 6 12
5.55889 6 26 20 20 11 19 3 22 6 12
5.65115 6 26 20 20 11 18 3 21 6 13
5.70706 6 26 20 20 11 19 3 22 6 12
5.98096 6 25 20 20 10 19 3 23 6 12
5.99594 6 25 19 19 10 20 3 23 6 12
6.00365 6 25 19 19 10 19 3 22 6 13
6.0038 6 25 18 18 10 20 3 22 6 13
6.08748 6 25 18 18 9 19 4 22 6 13
6.21033 6 24 18 18 8 19 4 23 6 13
6.29239 6 24 18 18 8 18 4 22 6 14
6.3235 5 23 18 18 9 18 4 22 6 14
6.46194 5 23 18 18 9 17 4 21 6 15
6.49039 5 23 17 17 9 18 4 21 6 15
6.56128 5 23 17 17 8 17 5 21 6 15
6.61221 5 23 17 17 7 16 6 21 6 15
6.84049 5 23 17 17 7 15 6 20 6 16
7.29547 5 22 17 17 7 15 5 20 7 16
7.34182 5 21 17 17 6 15 5 21 7 16
7.43787 5 21 17 17 6 14 5 20 7 17
7.77539 5 21 16 16 6 15 5 20 7 17
8.56186 5 21 16 16 6 16 5 21 7 16
8.77295 4 20 16 16 7 16 5 21 7 16
9.0045 4 19 16 16 6 16 5 22 7 16
9.11271 4 18 16 16 6 16 4 22 8 16
9.39232 4 18 16 16 6 15 4 21 8 17
9.54971 4 18 16 16 6 14 4 20 8 18
9.56375 4 17 16 16 5 14 4 21 8 18
9.61746 4 17 16 16 5 13 4 20 8 19
9.66914 4 17 15 15 5 14 4 20 8 19
10.0568 4 17 15 15 4 13 5 20 8 19
10.1376 4 17 14 14 4 14 5 20 8 19
10.39 4 17 14 14 4 13 5 19 8 20
10.4549 5 18 14 14 3 13 5 19 8 20
10.7481 5 18 13 13 3 14 5 19 8 20
10.8316 5 18 12 12 3 15 5 19 8 20
10.9694 5 18 12 12 3 14 5 18 8 21
11.2258 5 18 12 12 3 13 5 17 8 22
11.3169 5 17 12 12 3 13 4 17 9 22
11.6194 4 16 12 12 4 13 4 17 9 22
11.657 4 16 12 12 3 12 5 17 9 22
11.677 4 16 11 11 3 13 5 17 9 22
12.0203 4 16 11 11 3 12 5 16 9 23
12.0923 4 16 12 12 3 11 5 16 9 23
12.2511 4 15 12 12 3 11 4 16 10 23
12.7912 4 15 12 12 3 10 4 15 10 24
12.8512 4 15 12 12 3 9 4 14 10 25
12.9135 4 15 12 12 3 10 4 15 10 24
13.1782 4 14 12 12 3 10 3 15 11 24
13.2079 4 13 12 12 2 10 3 16 11 24
13.3361 4 12 12 12 1 10 3 17 11 24
13.4078 3 11 12 12 2 10 3 17 11 24
13.9752 2 10 12 12 3 10 3 17 11 24
14.0726 2 10 12 12 3 9 3 16 11 25
14.3279 2 10 12 12 3 10 3 17 11 24
14.391 2 10 11 11 3 11 3 17 11 24
14.7627 2 10 11 11 3 10 3 16 11 25
15.0373 2 9 11 11 2 10 3 17 11 25
15.2351 2 9 10 10 2 11 3 17 11 25
15.5604 2 9 10 10 2 12 3 18 11 24
15.7301 2 9 10 10 2 11 3 17 11 25
15.8996 2 8 10 10 2 11 2 17 12 25
16.5194 2 7 10 10 1 11 2 18 12 25
16.883 2 7 10 10 1 10 2 17 12 26
16.9526 2 7 9 9 1 11 2 17 12 26
16.9589 2 7 9 9 1 10 2 16 12 27
17.0842 2 7 9 9 1 9 2 15 12 28
17.3652 2 8 9 9 2 9 2 14 12 28
17.4697 2 8 8 8 2 10 2 14 12 28
17.6809 2 8 7 7 2 11 2 14 12 28
18.5438 2 8 7 7 2 10 2 13 12 29
18.911 2 8 7 7 2 9 2 12 12 30
20.1163 2 9 7 7 3 9 2 11 12 30
20.2099 2 9 7 7 3 8 2 10 12 31
20.2576 2 9 6 6 3 9 2 10 12 31
20.5064 2 9 6 6 3 8 2 9 12 32
20.7841 2 9 5 5 3 9 2 9 12 32
20.9129 3 10 5 5 2 9 2 9 12 32
21.2601 2 9 5 5 3 9 2 9 12 32
22.1257 2 8 5 5 2 9 2 10 12 32
22.7587 2 8 4 4 2 10 2 10 12 32
22.9122 1 7 4 4 3 10 2 10 12 32
22.9639 1 6 4 4 3 10 1 10 13 32
23.0573 2 7 4 4 2 10 1 10 13 32
23.5206 2 7 4 4 2 9 1 9 13 33
23.6265 2 7 4 4 2 8 1 8 13 34
23.7856 2 6 4 4 1 8 1 9 13 34
23.8726 2 6 4 4 1 9 1 10 13 33
25.8718 2 7 4 4 2 9 1 9 13 33
26.3683 2 7 4 4 2 10 1 10 13 32
26.4749 1 6 4 4 3 10 1 10 13 32
26.9738 1 6 4 4 3 9 1 9 13 33
28.0486 1 6 4 4 2 8 2 9 13 33
29.5552 1 6 5 5 2 7 2 9 13 33
30.4687 1 5 5 5 1 7 2 10 13 33
30.4992 1 5 5 5 1 6 2 9 13 34
31.1435 1 5 5 5 1 7 2 10 13 33
31.5645 1 5 5 5 1 6 2 9 13 34
31.623 1 5 5 5 1 5 2 8 13 35
31.6439 1 5 5 5 1 4 2 7 13 36
31.8621 1 5 5 5 1 5 2 8 13 35
31.9799 1 5 6 6 1 4 2 8 13 35
34.3472 1 5 6 6 1 5 2 9 13 34
35.0154 1 5 5 5 1 6 2 9 13 34
35.6456 1 5 5 5 1 7 2 10 13 33
38.1074 1 4 5 5 0 7 2 11 13 33
38.237 1 4 5 5 0 6 2 10 13 34
38.5935 1 4 5 5 0 7 2 11 13 33
38.9945 1 4 5 5 0 8 2 12 13 32
39.2883 1 4 5 5 0 9 2 13 13 31
39.3042 1 4 5 5 0 8 2 12 13 32
40.0128 1 4 5 5 0 7 2 11 13 33
40.9066 1 4 5 5 0 8 2 12 13 32
41.1335 1 4 5 5 0 7 2 11 13 33
42.1898 1 5 5 5 1 7 2 10 13 33
42.6036 1 5 5 5 1 8 2 11 13 32
43.0512 1 5 5 5 1 7 2 10 13 33
43.4539 1 5 5 5 1 6 2 9 13 34
44.9009 1 5 5 5 1 7 2 10 13 33
45.226 1 5 5 5 1 6 2 9 13 34
45.4201 1 6 5 5 2 6 2 8 13 34
45.5814 2 7 5 5 1 6 2 8 13 34
47.7789 2 7 5 5 1 5 2 7 13 35
48.2002 2 8 5 5 1 5 3 7 12 35
49.6422 2 8 4 4 1 6 3 7 12 35
50.2953 2 8 3 3 1 7 3 7 12 35
50.4717 2 8 3 3 1 8 3 8 12 34
50.9359 1 7 3 3 2 8 3 8 12 34
51.2955 1 6 3 3 2 8 2 8 13 34
52.2441 1 6 3 3 2 9 2 9 13 33
52.3449 1 6 3 3 2 10 2 10 13 32
52.4895 1 6 3 3 2 9 2 9 13 33
53.5572 1 6 3 3 2 8 2 8 13 34
53.6665 1 6 3 3 2 7 2 7 13 35
54.6626 1 6 3 3 2 6 2 6 13 36
54.7799 0 5 3 3 3 6 2 6 13 36
56.6214 0 5 3 3 3 7 2 7 13 35
56.9718 0 5 3 3 2 6 3 7 13 35
59.0799 0 4 3 3 2 6 2 7 14 35
59.3323 0 3 3 3 1 6 2 8 14 35
60.1719 0 2 3 3 0 6 2 9 14 35
61.2622 0 2 3 3 0 5 2 8 14 36
61.4257 0 2 3 3 0 6 2 9 14 35
62.8536 0 2 3 3 0 5 2 8 14 36
62.893 0 3 3 3 1 5 2 7 14 36
64.4699 0 3 3 3 1 6 2 8 14 35
65.7743 0 3 3 3 1 7 2 9 14 34
67.3663 0 3 3 3 1 6 2 8 14 35
68.4765 0 3 3 3 1 7 2 9 14 34
68.7495 0 3 4 4 1 6 2 9 14 34
69.408 0 4 4 4 2 6 2 8 14 34
69.8603 1 5 4 4 1 6 2 8 14 34
71.0403 1 4 4 4 1 6 1 8 15 34
71.3629 1 4 4 4 1 5 1 7 15 35
72.2996 1 4 4 4 1 4 1 6 15 36
73.0057 1 4 4 4 1 5 1 7 15 35
73.5484 1 4 4 4 1 6 1 8 15 34
73.6359 1 4 4 4 1 5 1 7 15 35
74.1416 1 4 3 3 1 6 1 7 15 35
74.3239 1 5 3 3 2 6 1 6 15 35
74.8321 0 4 3 3 3 6 1 6 15 35
75.7235 0 4 3 3 3 7 1 7 15 34
75.7402 0 4 3 3 3 6 1 6 15 35
77.197 0 4 3 3 3 5 1 5 15 36
77.9114 0 4 3 3 3 6 1 6 15 35
78.1028 0 4 3 3 3 7 1 7 15 34
78.7034 0 4 3 3 3 6 1 6 15 35
79.3864 0 4 3 3 3 7 1 7 15 34
79.8728 0 4 3 3 2 6 2 7 15 34
79.8926 0 4 3 3 2 7 2 8 15 33
80.3629 0 4 3 3 2 6 2 7 15 34
80.7534 0 4 3 3 1 5 3 7 15 34
82.0046 0 5 3 3 2 5 3 6 15 34
82.6242 0 5 3 3 2 6 3 7 15 33
82.9893 0 5 3 3 2 5 3 6 15 34
83.8537 0 4 3 3 2 5 2 6 16 34
84.9083 0 4 3 3 2 6 2 7 16 33
84.9351 0 4 3 3 2 5 2 6 16 34
86.4395 0 3 3 3 2 5 1 6 17 34
87.0074 0 3 3 3 2 6 1 7 17 33
90.1421 0 3 3 3 2 5 1 6 17 34
90.7028 0 3 4 4 2 4 1 6 17 34
91.0394 0 3 3 3 2 5 1 6 17 34
92.8182 0 3 3 3 2 4 1 5 17 35
95.0053 0 2 3 3 2 4 0 5 18 35
97.3052 0 2 3 3 2 5 0 6 18 34
97.8076 0 2 3 3 2 6 0 7 18 33
98.0484 0 2 3 3 2 7 0 8 18 32
99.0678 0 2 3 3 2 6 0 7 18 33
99.3749 0 2 3 3 2 7 0 8 18 32
99.8248 0 2 3 3 1 6 1 8 18 32
101.796 0 2 3 3 1 7 1 9 18 31
101.964 0 2 3 3 0 6 2 9 18 31
103.421 0 2 2 2 0 7 2 9 18 31
104.734 0 2 2 2 0 8 2 10 18 30
105.042 0 2 2 2 0 7 2 9 18 31
106.841 0 2 2 2 0 6 2 8 18 32
107.13 0 2 2 2 0 7 2 9 18 31
108.339 0 2 2 2 0 8 2 10 18 30
110.218 0 2 2 2 0 7 2 9 18 31
112.743 0 2 2 2 0 6 2 8 18 32
115.353 0 2 2 2 0 7 2 9 18 31
115.356 0 2 2 2 0 8 2 10 18 30
115.835 0 2 2 2 0 7 2 9 18 31
117.787 0 2 2 2 0 6 2 8 18 32
119.327 0 2 2 2 0 7 2 9 18 31
120.236 0 2 2 2 0 6 2 8 18 32
120.74 0 2 2 2 0 5 2 7 18 33
121.689 0 2 2 2 0 6 2 8 18 32
123.283 0 2 2 2 0 7 2 9 18 31
123.743 0 2 2 2 0 8 2 10 18 30
123.793 0 2 2 2 0 9 2 11 18 29
125.173 0 3 2 2 1 9 2 10 18 29
125.537 0 3 2 2 1 8 2 9 18 30
125.924 0 3 2 2 1 9 2 10 18 29
126.067 0 4 2 2 2 9 2 9 18 29
126.116 0 4 2 2 2 10 2 10 18 28
126.76 0 4 2 2 2 11 2 11 18 27
126.925 0 4 2 2 2 12 2 12 18 26
127.694 0 4 2 2 2 13 2 13 18 25
128.47 0 4 2 2 2 12 2 12 18 26
128.76 0 4 2 2 2 11 2 11 18 27
128.896 0 4 2 2 2 10 2 10 18 28
129.081 0 4 2 2 2 9 2 9 18 29
129.081 0 4 2 2 2 10 2 10 18 28
129.152 0 4 2 2 2 9 2 9 18 29
129.265 0 4 2 2 2 10 2 10 18 28
129.919 0 4 2 2 2 11 2 11 18 27
130.279 0 4 2 2 2 12 2 12 18 26
130.723 0 3 2 2 1 12 2 13 18 26
130.948 0 3 2 2 1 11 2 12 18 27
131.065 0 3 2 2 1 10 2 11 18 28
132.376 0 3 2 2 1 9 2 10 18 29
132.86 0 3 2 2 1 10 2 11 18 28
134.484 0 4 2 2 2 10 2 10 18 28
134.674 0 4 2 2 2 9 2 9 18 29
135.92 0 4 2 2 2 8 2 8 18 30
136.076 0 4 2 2 2 9 2 9 18 29
136.59 0 4 2 2 2 8 2 8 18 30
137.962 0 4 2 2 2 7 2 7 18 31
138.535 0 4 2 2 1 6 3 7 18 31
140.948 0 4 2 2 1 5 3 6 18 32
141.07 1 5 2 2 0 5 3 6 18 32
142.173 1 5 2 2 0 4 3 5 18 33
143.32 1 5 2 2 0 5 3 6 18 32
143.95 0 4 2 2 1 5 3 6 18 32
149.944 0 4 2 2 1 4 3 5 18 33
150.536 0 3 2 2 1 4 2 5 19 33
151.295 0 2 2 2 1 4 1 5 20 33
158.331 0 2 2 2 1 5 1 6 20 32
158.552 0 2 2 2 1 6 1 7 20 31
158.686 0 2 2 2 1 7 1 8 20 30
161.681 0 2 2 2 1 8 1 9 20 29
161.735 0 2 2 2 1 7 1 8 20 30
163.017 0 2 2 2 1 6 1 7 20 31
163.03 0 2 2 2 1 7 1 8 20 30
164.725 0 2 2 2 0 6 2 8 20 30
166.98 0 1 2 2 0 6 1 8 21 30
167.745 0 1 3 3 0 5 1 8 21 30
168.599 0 1 3 3 0 6 1 9 21 29
170.006 0 1 2 2 0 7 1 9 21 29
170.122 0 1 2 2 0 6 1 8 21 30
171.14 0 2 2 2 0 6 2 8 20 30
172.162 0 2 2 2 0 7 2 9 20 29
172.66 0 2 2 2 0 6 2 8 20 30
173.298 0 2 2 2 0 5 2 7 20 31
175.772 0 2 2 2 1 6 1 7 20 31
176.714 0 2 2 2 1 5 1 6 20 32
179.193 0 2 2 2 1 4 1 5 20 33
179.699 0 3 2 2 1 4 2 5 19 33
180.696 0 3 2 2 1 5 2 6 19 32
182.973 0 3 2 2 1 6 2 7 19 31
183.289 0 3 2 2 1 5 2 6 19 32
183.76 0 3 2 2 1 4 2 5 19 33
184.167 0 2 2 2 1 4 1 5 20 33
187.318 0 2 2 2 1 5 1 6 20 32
189.599 0 2 2 2 1 6 1 7 20 31
191.234 0 3 2 2 2 6 1 6 20 31
192.02 0 4 2 2 3 6 1 5 20 31
192.766 0 4 2 2 2 5 2 5 20 31
192.802 0 4 1 1 2 6 2 5 20 31
193.606 0 3 1 1 2 6 1 5 21 31
194.529 0 3 1 1 2 7 1 6 21 30
195.875 0 3 2 2 2 6 1 6 21 30
197.504 0 3 2 2 2 7 1 7 21 29
197.586 0 4 2 2 3 7 1 6 21 29
198.049 0 4 2 2 2 6 2 6 21 29
199.407 0 4 2 2 2 5 2 5 21 30
200.754 0 4 2 2 2 6 2 6 21 29
201.361 0 4 1 1 2 7 2 6 21 29
204.892 0 5 1 1 3 7 2 5 21 29
204.923 0 4 1 1 3 7 1 5 22 29
205.41 0 3 1 1 2 7 1 6 22 29
205.771 0 3 1 1 1 6 2 6 22 29
206.079 0 3 1 1 1 5 2 5 22 30
208.997 0 3 1 1 1 6 2 6 22 29
211.083 0 4 1 1 2 6 2 5 22 29
211.301 0 5 1 1 3 6 2 4 22 29
212.178 0 5 1 1 2 5 3 4 22 29
214.461 0 5 1 1 2 6 3 5 22 28
214.473 0 5 1 1 1 5 4 5 22 28
215.977 0 6 1 1 2 5 4 4 22 28
218.546 1 7 1 1 1 5 4 4 22 28
218.662 1 7 1 1 1 4 4 3 22 29
219.649 1 7 1 1 1 3 4 2 22 30
220.805 1 7 1 1 1 2 4 1 22 31
224.438 1 6 1 1 1 2 3 1 23 31
225.159 1 6 1 1 1 3 3 2 23 30
226.038 1 5 1 1 0 3 3 3 23 30
226.556 1 5 1 1 0 2 3 2 23 31
227.835 1 5 1 1 0 3 3 3 23 30
227.844 1 5 1 1 0 4 3 4 23 29
229.265 1 5 1 1 0 5 3 5 23 28
231.438 1 5 1 1 0 6 3 6 23 27
231.592 1 5 1 1 0 5 3 5 23 28
232.804 1 5 1 1 0 6 3 6 23 27
234.022 1 5 1 1 0 7 3 7 23 26
234.851 1 5 1 1 0 6 3 6 23 27
237.077 1 5 1 1 0 5 3 5 23 28
237.38 1 6 1 1 1 5 3 4 23 28
237.694 1 5 1 1 1 5 2 4 24 28
237.728 1 5 1 1 1 6 2 5 24 27
238.516 1 6 1 1 2 6 2 4 24 27
239.327 0 5 1 1 3 6 2 4 24 27
239.488 0 4 1 1 3 6 1 4 25 27
240.897 0 4 1 1 3 5 1 3 25 28
240.957 0 4 1 1 3 4 1 2 25 29
241.128 0 4 1 1 3 3 1 1 25 30
244.879 0 4 1 1 2 2 2 1 25 30
249.422 0 4 1 1 2 3 2 2 25 29
250.995 0 5 1 1 3 3 2 1 25 29
251.288 0 5 1 1 3 4 2 2 25 28
254.863 0 4 1 1 2 4 2 3 25 28
258.127 0 3 1 1 1 4 2 4 25 28
258.953 0 3 1 1 1 5 2 5 25 27
259.36 0 3 1 1 1 4 2 4 25 28
264.785 0 3 1 1 1 5 2 5 25 27
267.443 0 4 1 1 2 5 2 4 25 27
269.033 0 4 1 1 2 6 2 5 25 26
269.75 0 3 1 1 2 6 1 5 26 26
270.097 0 3 1 1 2 7 1 6 26 25
271.007 0 3 1 1 2 8 1 7 26 24
273.558 0 3 1 1 2 7 1 6 26 25
273.567 0 2 1 1 1 7 1 7 26 25
274.711 0 2 1 1 0 6 2 7 26 25
277.786 0 2 1 1 0 7 2 8 26 24
278.592 0 2 1 1 0 8 2 9 26 23
279.559 0 2 1 1 0 7 2 8 26 24
281.817 0 2 1 1 0 6 2 7 26 25
282.219 0 2 1 1 0 7 2 8 26 24
283.447 0 2 1 1 0 6 2 7 26 25
288.867 0 2 1 1 0 5 2 6 26 26
291.433 0 2 1 1 0 4 2 5 26 27
291.664 0 3 1 1 1 4 2 4 26 27
292.132 0 3 2 2 1 3 2 4 26 27
293.028 0 3 2 2 1 4 2 5 26 26
295.408 0 3 2 2 1 5 2 6 26 25
297.636 0 3 2 2 1 4 2 5 26 26
299.454 0 2 2 2 0 4 2 6 26 26
300.872 0 2 2 2 0 5 2 7 26 25
302.932 0 2 3 3 0 4 2 7 26 25
304.536 0 2 3 3 0 5 2 8 26 24
305.793 0 2 3 3 0 6 2 9 26 23
307.425 0 2 3 3 0 5 2 8 26 24
309.964 0 2 3 3 0 6 2 9 26 23
311.873 0 2 3 3 0 5 2 8 26 24
312.999 0 2 3 3 0 4 2 7 26 25
313.32 0 3 3 3 1 4 2 6 26 25
314.779 0 3 3 3 1 5 2 7 26 24
314.806 0 3 2 2 1 6 2 7 26 24
318.556 0 3 3 3 1 5 2 7 26 24
319.308 0 3 3 3 1 4 2 6 26 25
320.175 0 3 3 3 1 5 2 7 26 24
321.079 0 3 3 3 1 6 2 8 26 23
321.261 0 3 3 3 1 7 2 9 26 22
322.119 0 3 2 2 1 8 2 9 26 22
323.191 0 4 2 2 2 8 2 8 26 22
323.466 0 4 3 3 2 7 2 8 26 22
324.371 0 4 3 3 2 8 2 9 26 21
326.093 0 4 3 3 2 7 2 8 26 22
326.221 0 4 3 3 2 6 2 7 26 23
326.315 0 4 3 3 2 5 2 6 26 24
327.188 0 4 3 3 2 6 2 7 26 23
327.409 0 4 3 3 2 7 2 8 26 22
328.33 0 4 3 3 2 8 2 9 26 21
328.497 0 4 3 3 2 7 2 8 26 22
329.523 0 4 3 3 2 6 2 7 26 23
330.036 0 4 3 3 2 7 2 8 26 22
337.997 0 4 2 2 2 8 2 8 26 22
338.448 0 4 2 2 2 9 2 9 26 21
338.554 0 4 2 2 2 10 2 10 26 20
338.643 0 3 2 2 1 10 2 11 26 20
338.937 0 3 2 2 1 9 2 10 26 21
339.117 0 3 1 1 1 10 2 10 26 21
339.592 0 3 1 1 1 11 2 11 26 20
340.086 0 3 1 1 1 10 2 10 26 21
341.393 0 3 1 1 1 9 2 9 26 22
341.769 1 4 1 1 0 9 2 9 26 22
344.066 1 4 1 1 0 8 2 8 26 23
345.028 1 4 1 1 0 7 2 7 26 24
346.792 1 4 1 1 0 6 2 6 26 25
347.084 1 4 2 2 0 5 2 6 26 25
347.981 1 4 2 2 0 4 2 5 26 26
349.637 1 5 2 2 1 4 2 4 26 26
350.796 1 5 2 2 1 5 2 5 26 25
352.111 1 5 2 2 1 4 2 4 26 26
352.313 1 4 2 2 1 4 1 4 27 26
353.499 1 5 2 2 2 4 1 3 27 26
353.799 1 4 2 2 1 4 1 4 27 26
354.763 1 4 2 2 1 3 1 3 27 27
358.045 1 4 2 2 1 4 1 4 27 26
358.551 1 4 2 2 1 3 1 3 27 27
360.191 2 5 2 2 0 3 1 3 27 27
360.362 2 6 2 2 1 3 1 2 27 27
360.758 2 5 2 2 0 3 1 3 27 27
361.053 2 5 2 2 0 4 1 4 27 26
362.245 2 5 2 2 0 5 1 5 27 25
363.271 2 5 2 2 0 6 1 6 27 24
363.279 2 5 2 2 0 7 1 7 27 23
364.168 2 5 2 2 0 6 1 6 27 24
364.657 2 5 2 2 0 7 1 7 27 23
365.059 2 5 2 2 0 6 1 6 27 24
365.1 2 5 1 1 0 7 1 6 27 24
369.249 2 5 1 1 0 8 1 7 27 23
370.337 2 5 1 1 0 7 1 6 27 24
373.236 2 5 1 1 0 6 1 5 27 25
374.101 2 5 1 1 0 7 1 6 27 24
374.424 2 5 1 1 0 8 1 7 27 23
376.646 2 6 1 1 1 8 1 6 27 23
377.873 2 6 1 1 1 9 1 7 27 22
377.944 2 6 1 1 0 8 2 7 27 22
378.123 2 6 1 1 0 7 2 6 27 23
378.466 2 6 1 1 0 6 2 5 27 24
379.91 2 6 1 1 0 7 2 6 27 23
382.9 2 6 1 1 0 8 2 7 27 22
384.905 2 6 1 1 0 9 2 8 27 21
385.513 2 6 1 1 0 10 2 9 27 20
386.597 2 6 1 1 0 9 2 8 27 21
386.663 2 6 1 1 0 8 2 7 27 22
388.116 2 6 1 1 0 7 2 6 27 23
388.35 2 6 1 1 0 6 2 5 27 24
388.718 2 6 1 1 0 5 2 4 27 25
392.058 2 6 2 2 0 4 2 4 27 25
394.425 2 5 2 2 0 4 1 4 28 25
397.342 2 6 2 2 0 4 2 4 27 25
401.038 1 5 2 2 1 4 2 4 27 25
401.812 1 5 2 2 1 5 2 5 27 24
402.851 1 5 2 2 1 4 2 4 27 25
405.088 1 5 2 2 1 5 2 5 27 24
411.655 1 5 2 2 1 4 2 4 27 25
412.713 1 4 2 2 1 4 1 4 28 25
412.754 1 4 2 2 1 5 1 5 28 24
412.839 1 4 2 2 1 4 1 4 28 25
414.157 1 4 2 2 1 5 1 5 28 24
415.097 1 4 2 2 1 6 1 6 28 23
417.438 1 4 2 2 1 5 1 5 28 24
417.542 1 4 2 2 1 6 1 6 28 23
418.128 0 3 2 2 2 6 1 6 28 23
419.28 0 3 2 2 2 7 1 7 28 22
420.899 0 3 2 2 2 6 1 6 28 23
422.556 0 3 2 2 2 5 1 5 28 24
423.289 0 3 2 2 2 6 1 6 28 23
425.375 0 3 2 2 2 7 1 7 28 22
427.997 0 3 2 2 2 6 1 6 28 23
428.392 0 3 2 2 1 5 2 6 28 23
429.068 0 2 2 2 0 5 2 7 28 23
431.197 0 3 2 2 1 5 2 6 28 23
434.164 0 2 2 2 0 5 2 7 28 23
434.504 0 3 2 2 0 5 3 7 27 23
441.474 0 3 2 2 0 4 3 6 27 24
444.468 0 3 2 2 0 3 3 5 27 25
445.415 0 3 1 1 0 4 3 5 27 25
453.487 0 3 1 1 0 3 3 4 27 26
458.639 0 4 1 1 1 3 3 3 27 26
458.751 0 4 1 1 1 2 3 2 27 27
459.006 0 3 1 1 1 2 2 2 28 27
460.281 0 3 1 1 1 3 2 3 28 26
460.381 0 3 1 1 1 4 2 4 28 25
461.796 0 3 1 1 0 3 3 4 28 25
461.801 0 2 1 1 0 3 2 4 29 25
466.321 0 2 1 1 0 4 2 5 29 24
468.613 0 2 1 1 0 3 2 4 29 25
472.208 0 3 1 1 1 3 2 3 29 25
473.662 0 3 1 1 1 4 2 4 29 24
473.916 0 4 1 1 1 4 3 4 28 24
476.368 0 4 1 1 1 5 3 5 28 23
477.088 0 4 1 1 1 6 3 6 28 22
481.723 0 4 1 1 2 7 2 6 28 22
481.844 0 4 1 1 1 6 3 6 28 22
481.914 0 4 1 1 1 7 3 7 28 21
483.121 0 4 1 1 1 8 3 8 28 20
483.142 0 4 1 1 1 9 3 9 28 19
484.376 0 4 1 1 1 10 3 10 28 18
484.923 0 4 1 1 1 9 3 9 28 19
484.979 0 4 1 1 1 8 3 8 28 20
485.284 0 4 1 1 0 7 4 8 28 20
488.375 0 4 1 1 0 8 4 9 28 19
489.436 0 4 1 1 0 7 4 8 28 20
490.62 0 4 1 1 0 8 4 9 28 19
492.579 0 4 1 1 0 7 4 8 28 20
494.325 0 4 1 1 0 6 4 7 28 21
496.61 0 4 1 1 0 7 4 8 28 20
500.054 0 4 1 1 0 6 4 7 28 21
501.316 0 4 1 1 0 7 4 8 28 20
502.856 0 4 1 1 0 6 4 7 28 21
503.202 0 4 2 2 0 5 4 7 28 21
506.259 0 4 2 2 0 6 4 8 28 20
507.409 0 4 2 2 0 5 4 7 28 21
507.955 0 4 2 2 0 6 4 8 28 20
508.05 0 4 3 3 0 5 4 8 28 20
509.48 0 5 3 3 1 5 4 7 28 20
510.023 0 5 3 3 1 4 4 6 28 21
510.615 0 5 3 3 1 5 4 7 28 20
511.284 0 5 3 3 1 6 4 8 28 19
511.676 0 5 4 4 1 5 4 8 28 19
514.002 0 5 4 4 1 6 4 9 28 18
514.047 0 4 4 4 1 6 3 9 29 18
514.51 0 4 4 4 1 7 3 10 29 17
515.282 0 4 4 4 1 8 3 11 29 16
515.351 0 4 4 4 1 7 3 10 29 17
516.571 0 4 4 4 1 6 3 9 29 18
518.297 0 4 4 4 1 5 3 8 29 19
519.31 0 4 4 4 1 4 3 7 29 20
519.88 0 4 3 3 1 5 3 7 29 20
521.178 0 4 3 3 1 4 3 6 29 21
521.848 0 5 3 3 2 4 3 5 29 21
523.993 0 4 3 3 2 4 2 5 30 21
524.084 0 4 3 3 2 5 2 6 30 20
526.736 0 4 3 3 2 4 2 5 30 21
527.222 0 4 3 3 2 5 2 6 30 20
529.765 0 4 3 3 2 6 2 7 30 19
530.279 0 4 2 2 2 7 2 7 30 19
536.006 0 3 2 2 1 7 2 8 30 19
539.277 0 3 2 2 1 6 2 7 30 20
541.459 0 3 2 2 1 7 2 8 30 19
545.967 0 3 2 2 1 6 2 7 30 20
546.551 0 3 2 2 1 5 2 6 30 21
547.04 0 3 2 2 1 6 2 7 30 20
547.51 0 3 2 2 1 5 2 6 30 21
547.516 0 3 2 2 1 6 2 7 30 20
547.738 0 3 3 3 1 5 2 7 30 20
548.386 0 3 3 3 1 6 2 8 30 19
548.666 0 3 3 3 1 5 2 7 30 20
549.016 0 3 3 3 1 6 2 8 30 19
549.045 0 3 3 3 1 5 2 7 30 20
549.615 0 3 3 3 0 4 3 7 30 20
551.831 0 3 3 3 0 3 3 6 30 21
554.916 0 2 3 3 0 3 2 6 31 21
556.299 0 2 3 3 0 2 2 5 31 22
557.25 0 2 3 3 0 3 2 6 31 21
560.638 0 2 3 3 0 4 2 7 31 20
560.688 0 2 3 3 0 5 2 8 31 19
561.013 0 3 3 3 1 5 2 7 31 19
561.427 0 3 3 3 1 4 2 6 31 20
561.489 0 3 3 3 1 5 2 7 31 19
562.525 0 3 3 3 1 6 2 8 31 18
563.855 0 3 2 2 1 7 2 8 31 18
564.128 0 3 2 2 0 6 3 8 31 18
564.892 0 3 2 2 0 5 3 7 31 19
564.993 0 3 3 3 0 4 3 7 31 19
565.073 0 4 3 3 0 4 4 7 30 19
565.779 0 3 3 3 0 4 3 7 31 19
566.134 0 3 3 3 0 5 3 8 31 18
567.44 0 3 3 3 0 4 3 7 31 19
567.595 0 3 3 3 0 5 3 8 31 18
567.879 0 3 2 2 0 6 3 8 31 18
568.578 0 3 2 2 0 7 3 9 31 17
568.869 0 3 2 2 0 6 3 8 31 18
569.914 0 3 2 2 0 5 3 7 31 19
570.257 0 3 2 2 0 4 3 6 31 20
572.903 0 3 2 2 0 3 3 5 31 21
576.134 0 4 2 2 1 3 3 4 31 21
578.543 0 4 2 2 1 4 3 5 31 20
579.438 0 4 2 2 1 5 3 6 31 19
580.483 0 4 2 2 1 4 3 5 31 20
582.474 0 4 2 2 1 3 3 4 31 21
589.395 0 4 2 2 1 4 3 5 31 20
590.299 0 4 2 2 1 5 3 6 31 19
591.065 0 4 2 2 1 6 3 7 31 18
591.067 0 4 2 2 1 5 3 6 31 19
591.31 0 4 2 2 1 6 3 7 31 18
592.167 0 4 2 2 1 5 3 6 31 19
592.917 0 4 2 2 1 4 3 5 31 20
593.394 0 4 2 2 1 5 3 6 31 19
593.855 0 4 2 2 1 4 3 5 31 20
595.378 0 4 2 2 1 5 3 6 31 19
595.834 0 4 2 2 1 4 3 5 31 20
597.344 0 4 2 2 1 5 3 6 31 19
598.441 0 4 2 2 1 6 3 7 31 18
598.904 0 4 2 2 1 7 3 8 31 17
599.974 0 4 2 2 1 8 3 9 31 16
601.212 0 4 2 2 1 7 3 8 31 17
601.513 0 5 2 2 2 7 3 7 31 17
603.336 0 5 2 2 2 6 3 6 31 18
603.781 0 4 2 2 2 6 2 6 32 18
604.138 0 4 2 2 2 5 2 5 32 19
604.225 0 3 2 2 1 5 2 6 32 19
604.425 1 4 2 2 0 5 2 6 32 19
605.647 1 5 2 2 1 5 2 5 32 19
606.664 1 5 2 2 0 4 3 5 32 19
610.555 1 5 2 2 0 5 3 6 32 18
610.566 1 5 2 2 0 6 3 7 32 17
611.977 1 5 2 2 0 5 3 6 32 18
612.474 1 5 2 2 0 6 3 7 32 17
614.261 1 5 2 2 0 5 3 6 32 18
614.973 1 5 3 3 0 4 3 6 32 18
616.794 1 5 3 3 0 5 3 7 32 17
616.902 1 5 3 3 0 6 3 8 32 16
617.444 1 5 2 2 0 7 3 8 32 16
618.749 1 5 2 2 0 6 3 7 32 17
620.646 0 4 2 2 1 6 3 7 32 17
620.99 0 3 2 2 1 6 2 7 33 17
622.881 0 3 3 3 1 5 2 7 33 17
623.482 0 4 3 3 2 5 2 6 33 17
625.5 0 4 3 3 1 4 3 6 33 17
625.891 0 3 3 3 0 4 3 7 33 17
626.072 0 3 3 3 0 5 3 8 33 16
630.832 0 3 3 3 0 4 3 7 33 17
634.522 0 3 3 3 0 5 3 8 33 16
634.648 0 3 3 3 0 4 3 7 33 17
638.737 0 3 3 3 0 3 3 6 33 18
638.989 0 3 3 3 0 2 3 5 33 19
641.094 0 3 3 3 0 3 3 6 33 18
642.975 0 3 3 3 0 4 3 7 33 17
643.246 0 4 3 3 1 4 3 6 33 17
645.551 0 4 2 2 1 5 3 6 33 17
646.179 0 4 2 2 1 6 3 7 33 16
648.285 0 4 2 2 1 7 3 8 33 15
648.942 0 5 2 2 2 7 3 7 33 15
649.68 0 5 3 3 2 6 3 7 33 15
649.825 0 4 3 3 2 6 2 7 34 15
649.865 0 5 3 3 3 6 2 6 34 15
649.911 0 5 3 3 3 7 2 7 34 14
649.974 0 5 2 2 3 8 2 7 34 14
650.282 0 6 2 2 4 8 2 6 34 14
651.176 0 6 3 3 4 7 2 6 34 14
652.107 0 6 3 3 3 6 3 6 34 14
654.484 0 6 3 3 3 5 3 5 34 15
654.523 0 5 3 3 2 5 3 6 34 15
655.157 0 5 3 3 2 6 3 7 34 14
660.951 0 6 3 3 3 6 3 6 34 14
661.134 0 6 3 3 3 5 3 5 34 15
661.543 0 6 3 3 3 6 3 6 34 14
662.283 0 5 3 3 3 6 2 6 35 14
662.549 0 5 3 3 3 7 2 7 35 13
662.634 0 5 3 3 3 6 2 6 35 14
664.691 0 5 3 3 3 7 2 7 35 13
665.56 0 5 3 3 2 6 3 7 35 13
665.712 0 4 3 3 1 6 3 8 35 13
668.032 0 4 3 3 1 5 3 7 35 14
670.351 0 4 3 3 1 4 3 6 35 15
671.949 0 4 3 3 1 3 3 5 35 16
672.647 0 4 3 3 1 2 3 4 35 17
676.193 0 5 3 3 2 2 3 3 35 17
676.546 0 5 3 3 2 3 3 4 35 16
677.862 0 5 3 3 2 4 3 5 35 15
678.871 0 4 3 3 2 4 2 5 36 15
680.077 0 4 3 3 1 3 3 5 36 15
682.621 0 4 3 3 1 4 3 6 36 14
684.19 0 4 3 3 1 5 3 7 36 13
684.475 0 3 3 3 0 5 3 8 36 13
685.143 0 3 3 3 0 6 3 9 36 12
687.653 0 3 3 3 0 7 3 10 36 11
691.934 0 3 3 3 0 8 3 11 36 10
692.994 0 3 3 3 0 7 3 10 36 11
693.624 0 3 3 3 0 6 3 9 36 12
694.25 0 3 3 3 0 7 3 10 36 11
694.309 0 3 3 3 0 6 3 9 36 12
695.887 0 3 2 2 0 7 3 9 36 12
696.092 0 2 2 2 0 7 2 9 37 12
696.387 0 2 2 2 0 6 2 8 37 13
696.592 0 2 2 2 0 5 2 7 37 14
697.854 0 2 2 2 0 4 2 6 37 15
699.697 0 2 2 2 0 5 2 7 37 14
702.562 0 3 2 2 1 5 2 6 37 14
703.249 0 3 2 2 1 6 2 7 37 13
703.324 0 3 2 2 1 5 2 6 37 14
703.498 0 3 2 2 0 4 3 6 37 14
706.051 0 3 2 2 0 5 3 7 37 13
710.859 0 3 2 2 0 4 3 6 37 14
716.438 0 4 2 2 1 4 3 5 37 14
716.44 0 5 2 2 2 4 3 4 37 14
717.615 0 5 2 2 2 5 3 5 37 13
717.815 0 6 2 2 2 5 4 5 36 13
722.452 0 6 3 3 2 4 4 5 36 13
722.773 0 6 3 3 2 5 4 6 36 12
722.863 0 6 3 3 2 4 4 5 36 13
726.985 0 5 3 3 1 4 4 6 36 13
727.109 0 5 3 3 1 3 4 5 36 14
732.416 0 5 2 2 1 4 4 5 36 14
735.761 0 6 2 2 1 4 5 5 35 14
740.06 0 6 2 2 0 3 6 5 35 14
740.212 0 6 2 2 0 4 6 6 35 13
743.158 0 5 2 2 0 4 5 6 36 13
743.427 0 4 2 2 0 4 4 6 37 13
744.078 0 4 2 2 0 5 4 7 37 12
744.528 0 5 2 2 0 5 5 7 36 12
745.425 0 4 2 2 0 5 4 7 37 12
746.124 0 4 2 2 0 4 4 6 37 13
746.332 0 5 2 2 1 4 4 5 37 13
750.808 0 5 2 2 2 5 3 5 37 13
751.901 0 5 2 2 2 6 3 6 37 12
753.398 0 5 2 2 2 5 3 5 37 13
754.795 0 4 2 2 2 5 2 5 38 13
755.009 0 4 2 2 2 4 2 4 38 14
757.205 0 4 2 2 2 5 2 5 38 13
762.405 0 4 2 2 2 4 2 4 38 14
774.473 0 4 2 2 2 5 2 5 38 13
776.636 0 4 2 2 1 4 3 5 38 13
781.331 0 4 2 2 0 3 4 5 38 13
783.94 0 4 2 2 0 4 4 6 38 12
784.076 0 4 2 2 0 5 4 7 38 11
785.421 0 4 2 2 0 4 4 6 38 12
788.518 0 4 1 1 0 5 4 6 38 12
788.909 0 3 1 1 0 5 3 6 39 12
789.68 0 3 1 1 0 6 3 7 39 11
790.253 0 2 1 1 0 6 2 7 40 11
790.612 0 2 1 1 0 7 2 8 40 10
791.467 0 2 1 1 0 6 2 7 40 11
794.675 0 2 1 1 0 5 2 6 40 12
795.957 0 2 1 1 0 4 2 5 40 13
798.257 0 3 1 1 1 4 2 4 40 13
799.04 0 3 1 1 1 3 2 3 40 14
800.868 0 3 1 1 1 4 2 4 40 13
802.456 0 3 2 2 1 3 2 4 40 13
802.579 0 3 2 2 1 4 2 5 40 12
805.226 0 3 2 2 1 5 2 6 40 11
805.822 0 3 3 3 1 4 2 6 40 11
807.866 0 3 3 3 1 5 2 7 40 10
808.497 0 3 2 2 1 6 2 7 40 10
808.675 0 3 2 2 1 5 2 6 40 11
808.844 1 4 2 2 0 5 2 6 40 11
810.565 1 5 2 2 1 5 2 5 40 11
811.583 1 5 2 2 1 6 2 6 40 10
811.827 2 6 2 2 0 6 2 6 40 10
813.588 2 6 2 2 0 5 2 5 40 11
819.058 2 6 3 3 0 4 2 5 40 11
819.291 2 7 3 3 1 4 2 4 40 11
819.328 2 6 3 3 1 4 1 4 41 11
820.13 2 6 3 3 1 3 1 3 41 12
820.47 2 6 3 3 1 2 1 2 41 13
824.323 1 5 3 3 2 2 1 2 41 13
826.032 1 5 3 3 2 3 1 3 41 12
826.67 1 6 3 3 3 3 1 2 41 12
827.306 1 5 3 3 2 3 1 3 41 12
827.76 2 6 3 3 1 3 1 3 41 12
828.603 2 7 3 3 1 3 2 3 40 12
832.131 2 7 3 3 1 4 2 4 40 11
833.538 2 7 3 3 1 3 2 3 40 12
833.775 2 7 2 2 1 4 2 3 40 12
835.887 1 6 2 2 2 4 2 3 40 12
836.853 1 5 2 2 2 4 1 3 41 12
837.333 1 5 2 2 2 3 1 2 41 13
837.355 1 5 2 2 2 4 1 3 41 12
837.952 2 6 2 2 1 4 1 3 41 12
841.182 2 6 2 2 1 3 1 2 41 13
845.052 2 5 2 2 1 3 0 2 42 13
846.232 2 6 2 2 1 3 1 2 41 13
850.453 2 5 2 2 1 3 0 2 42 13
853.575 2 5 2 2 1 4 0 3 42 12
854.529 1 4 2 2 2 4 0 3 42 12
856.724 1 3 2 2 1 4 0 4 42 12
857.506 1 3 2 2 1 3 0 3 42 13
861.266 1 3 1 1 1 4 0 3 42 13
869.525 1 3 0 0 1 5 0 3 42 13
872.546 1 3 0 0 1 4 0 2 42 14
876.622 1 3 0 0 1 5 0 3 42 13
877.88 1 3 0 0 1 6 0 4 42 12
881.136 1 3 1 1 1 5 0 4 42 12
881.888 1 3 1 1 1 6 0 5 42 11
885.229 1 3 1 1 1 7 0 6 42 10
886.519 1 3 1 1 1 6 0 5 42 11
889.891 0 2 1 1 2 6 0 5 42 11
890.194 0 2 1 1 2 5 0 4 42 12
892.518 0 2 1 1 1 4 1 4 42 12
900.313 0 2 1 1 1 5 1 5 42 11
904.808 0 2 1 1 1 4 1 4 42 12
909.104 0 2 1 1 1 5 1 5 42 11
909.606 0 2 1 1 1 4 1 4 42 12
910.002 0 2 1 1 1 5 1 5 42 11
911.627 0 1 1 1 1 5 0 5 43 11
916.704 0 2 1 1 2 5 0 4 43 11
916.968 0 3 1 1 2 5 1 4 42 11
917.927 0 3 1 1 1 4 2 4 42 11
921.419 0 3 1 1 1 3 2 3 42 12
921.6 0 3 1 1 1 2 2 2 42 13
927.535 1 4 1 1 0 2 2 2 42 13
928.916 1 3 1 1 0 2 1 2 43 13
932.387 1 3 1 1 0 3 1 3 43 12
934.319 1 3 1 1 0 4 1 4 43 11
935.954 1 4 1 1 0 4 2 4 42 11
937.302 1 5 1 1 1 4 2 3 42 11
937.525 1 6 1 1 2 4 2 2 42 11
939.115 1 6 2 2 2 3 2 2 42 11
944.333 1 5 2 2 2 3 1 2 43 11
945.906 1 5 2 2 2 2 1 1 43 12
948.426 2 6 2 2 1 2 1 1 43 12
953.409 1 5 2 2 2 2 1 1 43 12
957.223 1 5 2 2 2 3 1 2 43 11
960.09 1 4 2 2 1 3 1 3 43 11
960.174 1 4 2 2 0 2 2 3 43 11
961.087 1 4 1 1 0 3 2 3 43 11
962.831 1 4 1 1 0 2 2 2 43 12
966 1 4 1 1 0 3 2 3 43 11
966.699 1 4 1 1 0 4 2 4 43 10
968.303 1 4 1 1 0 3 2 3 43 11
970.742 0 3 1 1 1 3 2 3 43 11
971.022 0 3 1 1 1 2 2 2 43 12
971.923 0 3 1 1 1 1 2 1 43 13
972.089 0 3 1 1 1 2 2 2 43 12
973.934 0 3 2 2 1 1 2 2 43 12
977.87 0 3 2 2 1 2 2 3 43 11
978.003 0 3 2 2 1 1 2 2 43 12
986.857 0 2 2 2 1 1 1 2 44 12
996.096 1 3 2 2 0 1 1 2 44 12
998.409 0 2 2 2 1 1 1 2 44 12
1000.96 0 2 2 2 1 0 1 1 44 13
1009.01 0 2 2 2 1 1 1 2 44 12
1011.04 0 3 2 2 2 1 1 1 44 12
1011.55 0 3 2 2 2 0 1 0 44 13
1015.34 1 4 2 2 1 0 1 0 44 13
1016.96 1 4 2 2 1 1 1 1 44 12
1019.85 1 5 2 2 1 1 2 1 43 12
1019.9 1 5 1 1 1 2 2 1 43 12
1020.52 1 5 1 1 1 3 2 2 43 11
1020.78 1 4 1 1 1 3 1 2 44 11
1023.61 1 3 1 1 1 3 0 2 45 11
1029.09 1 3 1 1 1 2 0 1 45 12
1031.31 1 3 1 1 1 1 0 0 45 13
1034.51 1 3 1 1 1 2 0 1 45 12
1036.85 1 3 1 1 1 3 0 2 45 11
1038.33 1 3 1 1 1 4 0 3 45 10
1043.14 1 3 1 1 1 5 0 4 45 9
1043.26 1 4 1 1 2 5 0 3 45 9
1046.81 1 4 1 1 2 6 0 4 45 8
1054.96 1 4 1 1 2 5 0 3 45 9
1059.16 2 5 1 1 1 5 0 3 45 9
1062.96 2 5 1 1 1 4 0 2 45 10
1068.78 1 4 1 1 2 4 0 2 45 10
1069.96 1 4 1 1 2 5 0 3 45 9
1075.07 1 4 1 1 2 4 0 2 45 10
1079.05 1 4 1 1 2 3 0 1 45 11
1080.23 1 4 1 1 2 2 0 0 45 12
1081.24 1 4 1 1 1 1 1 0 45 12
1083.23 1 4 1 1 0 0 2 0 45 12
1084.3 0 3 1 1 1 0 2 0 45 12
1094.34 0 3 1 1 2 1 1 0 45 12
1107.35 0 2 1 1 1 1 1 1 45 12
1117.26 0 2 1 1 1 2 1 2 45 11
1117.56 0 2 1 1 1 1 1 1 45 12
1118.64 0 2 1 1 1 2 1 2 45 11
1119.8 0 2 1 1 1 3 1 3 45 10
1121.66 0 2 1 1 1 4 1 4 45 9
1124.13 0 3 1 1 2 4 1 3 45 9
1132.9 0 3 1 1 2 5 1 4 45 8
1134.28 0 3 1 1 1 4 2 4 45 8
1136.1 0 4 1 1 1 4 3 4 44 8
1137.47 0 3 1 1 1 4 2 4 45 8
1150.02 0 2 1 1 0 4 2 5 45 8
1153.48 0 2 2 2 0 3 2 5 45 8
1156.29 0 2 1 1 0 4 2 5 45 8
1157.56 0 2 1 1 0 3 2 4 45 9
1160.7 0 3 1 1 1 3 2 3 45 9
1161.91 1 4 1 1 0 3 2 3 45 9
1163.39 1 5 1 1 0 3 3 3 44 9
1164.33 1 4 1 1 0 3 2 3 45 9
1166.38 1 4 1 1 0 2 2 2 45 10
1171.25 0 3 1 1 1 2 2 2 45 10
1175.43 0 4 1 1 2 2 2 1 45 10
1176.68 0 3 1 1 1 2 2 2 45 10
1178.54 0 2 1 1 1 2 1 2 46 10
1181.99 0 2 0 0 1 3 1 2 46 10
1182.81 0 2 0 0 1 4 1 3 46 9
1189.2 0 2 0 0 1 5 1 4 46 8
1194.26 0 2 0 0 1 4 1 3 46 9
1197.29 0 2 1 1 1 3 1 3 46 9
1200.4 0 2 1 1 1 4 1 4 46 8
1200.69 0 3 1 1 2 4 1 3 46 8
1202.02 1 4 1 1 1 4 1 3 46 8
1206.71 1 3 1 1 1 4 0 3 47 8
1213.4 1 3 1 1 1 5 0 4 47 7
1215 2 4 1 1 0 5 0 4 47 7
1218.95 2 5 1 1 1 5 0 3 47 7
1220.16 2 5 1 1 1 4 0 2 47 8
1223.27 2 5 0 0 1 5 0 2 47 8
1223.98 2 5 0 0 1 6 0 3 47 7
1226.35 1 4 0 0 2 6 0 3 47 7
1226.65 1 4 0 0 1 5 1 3 47 7
1236.12 1 4 0 0 1 6 1 4 47 6
1236.36 1 4 0 0 0 5 2 4 47 6
1239.15 1 4 0 0 0 4 2 3 47 7
1240.6 1 5 0 0 1 4 2 2 47 7
1245.01 1 5 0 0 1 3 2 1 47 8
1247.64 1 5 0 0 1 4 2 2 47 7
1257.08 1 5 0 0 1 3 2 1 47 8
1257.42 1 5 0 0 0 2 3 1 47 8
1260.7 1 4 0 0 0 2 2 1 48 8
1262.21 1 5 0 0 1 2 2 0 48 8
1269.5 1 4 0 0 1 2 1 0 49 8
1284.16 2 5 0 0 0 2 1 0 49 8
1287.2 2 5 0 0 0 3 1 1 49 7
1292.25 2 5 0 0 0 4 1 2 49 6
1292.59 1 4 0 0 1 4 1 2 49 6
1292.95 1 4 0 0 1 5 1 3 49 5
1300.17 1 5 0 0 2 5 1 2 49 5
1306.89 1 4 0 0 1 5 1 3 49 5
1306.91 1 4 1 1 1 4 1 3 49 5
1315.75 1 4 1 1 0 3 2 3 49 5
1322.29 1 4 1 1 0 2 2 2 49 6
1322.78 1 3 1 1 0 2 1 2 50 6
1323 1 3 1 1 0 3 1 3 50 5
1328.17 1 3 1 1 0 2 1 2 50 6
1337.02 1 3 1 1 0 3 1 3 50 5
1337.6 1 3 1 1 0 2 1 2 50 6
1345.03 1 3 1 1 0 3 1 3 50 5
1346.74 1 4 1 1 1 3 1 2 50 5
1348.14 1 4 1 1 1 4 1 3 50 4
1350.35 1 4 1 1 1 3 1 2 50 5
1350.38 1 3 1 1 0 3 1 3 50 5
1353.35 0 2 1 1 1 3 1 3 50 5
1361.35 0 2 2 2 1 2 1 3 50 5
1364.71 0 2 1 1 1 3 1 3 50 5
1371.31 1 3 1 1 0 3 1 3 50 5
1376.69 1 3 1 1 0 2 1 2 50 6
1377.32 1 3 0 0 0 3 1 2 50 6
1380.75 1 3 0 0 0 4 1 3 50 5
1381.14 1 4 0 0 1 4 1 2 50 5
1387.41 0 3 0 0 2 4 1 2 50 5
1388.61 0 3 0 0 2 5 1 3 50 4
1391.57 0 4 0 0 3 5 1 2 50 4
1391.86 0 4 0 0 3 6 1 3 50 3
1393.01 0 4 0 0 3 5 1 2 50 4
1393.42 0 4 0 0 3 6 1 3 50 3
1398 0 4 1 1 3 5 1 3 50 3
1400.24 0 4 1 1 3 4 1 2 50 4
1400.59 0 3 1 1 2 4 1 3 50 4
1407.97 0 2 1 1 1 4 1 4 50 4
1409.84 0 2 1 1 1 3 1 3 50 5
1410.99 0 2 1 1 1 4 1 4 50 4
1412.93 0 2 2 2 1 3 1 4 50 4
1413.22 0 2 2 2 1 4 1 5 50 3
1415.42 0 3 2 2 2 4 1 4 50 3
1416.29 0 3 2 2 2 3 1 3 50 4
1416.74 0 2 2 2 1 3 1 4 50 4
1418.63 0 2 2 2 0 2 2 4 50 4
1424.86 0 2 2 2 0 1 2 3 50 5
1436.82 0 2 2 2 0 2 2 4 50 4
1437.02 0 2 2 2 0 3 2 5 50 3
1438.06 0 2 1 1 0 4 2 5 50 3
1439.03 0 1 1 1 0 4 1 5 51 3
1440.83 0 1 2 2 0 3 1 5 51 3
1443.46 0 2 2 2 0 3 2 5 50 3
1443.93 0 2 1 1 0 4 2 5 50 3
1444.39 0 2 2 2 0 3 2 5 50 3
1445.17 0 2 2 2 0 2 2 4 50 4
1451.83 0 3 2 2 1 2 2 3 50 4
1455.5 0 3 3 3 1 1 2 3 50 4
1457.85 0 3 2 2 1 2 2 3 50 4
1463.95 0 2 2 2 0 2 2 4 50 4
1467.83 0 3 2 2 1 2 2 3 50 4
1470.17 0 3 3 3 1 1 2 3 50 4
1477 1 4 3 3 0 1 2 3 50 4
1480.76 0 3 3 3 1 1 2 3 50 4
1483.15 0 3 2 2 1 2 2 3 50 4
1490.46 0 2 2 2 1 2 1 3 51 4
1499.14 0 3 2 2 2 2 1 2 51 4
1499.83 1 4 2 2 1 2 1 2 51 4
1503.64 1 4 2 2 2 3 0 2 51 4
1505.13 1 4 2 2 1 2 1 2 51 4
1509.68 1 3 2 2 0 2 1 3 51 4
1512.02 1 3 2 2 0 1 1 2 51 5
1524.19 1 3 2 2 0 2 1 3 51 4
1534.8 1 4 2 2 0 2 2 3 50 4
1534.96 1 3 2 2 0 2 1 3 51 4
1535.17 1 3 2 2 0 1 1 2 51 5
1535.32 1 3 3 3 0 0 1 2 51 5
1535.66 1 3 2 2 0 1 1 2 51 5
1550.43 1 2 2 2 0 1 0 2 52 5
1560.03 1 3 2 2 1 1 0 1 52 5
1565.49 1 2 2 2 0 1 0 2 52 5
1566.95 1 3 2 2 0 1 1 2 51 5
1587 1 4 2 2 1 1 1 1 51 5
1600.34 1 3 2 2 1 1 0 1 52 5
1606.53 1 4 2 2 2 1 0 0 52 5
1608.85 2 5 2 2 1 1 0 0 52 5
1623.67 1 4 2 2 2 1 0 0 52 5
1638.23 0 3 2 2 3 1 0 0 52 5
1649.48 0 3 1 1 3 2 0 0 52 5
1650.85 0 3 0 0 3 3 0 0 52 5
1654.52 0 3 1 1 3 2 0 0 52 5
1658.6 0 2 1 1 2 2 0 1 52 5
1668.48 0 2 1 1 2 1 0 0 52 6
1672.85 0 1 1 1 1 1 0 1 52 6
1676.67 0 1 1 1 1 2 0 2 52 5
1678.39 0 1 1 1 1 3 0 3 52 4
1678.58 0 1 2 2 1 2 0 3 52 4
1683.69 0 1 2 2 1 3 0 4 52 3
1691.91 0 1 2 2 1 2 0 3 52 4
1696.8 0 1 2 2 1 1 0 2 52 5
1696.87 0 1 2 2 1 2 0 3 52 4
1697.13 0 1 1 1 1 3 0 3 52 4
1712.46 0 1 1 1 1 4 0 4 52 3
1719.41 0 1 1 1 0 3 1 4 52 3
1730.77 0 2 1 1 1 3 1 3 52 3
1740.04 0 2 1 1 1 2 1 2 52 4
1743.65 1 3 1 1 0 2 1 2 52 4
1745.04 1 4 1 1 0 2 2 2 51 4
1746.41 1 3 1 1 0 2 1 2 52 4
1747.87 1 2 1 1 0 2 0 2 53 4
1748.93 1 3 1 1 0 2 1 2 52 4
1759.43 1 3 1 1 0 3 1 3 52 3
1759.54 1 3 1 1 0 2 1 2 52 4
1760.88 0 2 1 1 1 2 1 2 52 4
1761.97 0 1 1 1 1 2 0 2 53 4
1766.33 0 1 1 1 1 3 0 3 53 3
1766.35 0 1 1 1 1 2 0 2 53 4
1767.6 0 1 0 0 1 3 0 2 53 4
1772.56 0 1 0 0 1 4 0 3 53 3
1781.36 0 1 0 0 1 3 0 2 53 4
1782.84 0 1 0 0 1 2 0 1 53 5
1783.62 1 2 0 0 0 2 0 1 53 5
1786.8 1 2 0 0 0 3 0 2 53 4
1788.01 1 2 1 1 0 2 0 2 53 4
1788.98 1 3 1 1 1 2 0 1 53 4
1791.39 1 4 1 1 2 2 0 0 53 4
1804.56 1 5 1 1 2 2 1 0 52 4
1806.84 0 4 1 1 3 2 1 0 52 4
1811.95 0 3 1 1 2 2 1 1 52 4
1821.71 0 3 0 0 2 3 1 1 52 4
1825.25 1 4 0 0 1 3 1 1 52 4
1826.1 1 3 0 0 0 3 1 2 52 4
1826.37 1 4 0 0 0 3 2 2 51 4
1829.92 1 3 0 0 0 3 1 2 52 4
1833.09 1 3 1 1 0 2 1 2 52 4
1834.55 1 2 1 1 0 2 0 2 53 4
1836.72 1 3 1 1 1 2 0 1 53 4
1840.55 1 3 1 1 1 1 0 0 53 5
1848.07 1 2 1 1 0 1 0 1 53 5
1850.55 1 2 0 0 0 2 0 1 53 5
1851.62 1 3 0 0 0 2 1 1 52 5
1852.53 1 3 0 0 0 3 1 2 52 4
1862.74 1 3 0 0 0 2 1 1 52 5
1863.19 1 3 0 0 0 1 1 0 52 6
1866.02 0 2 0 0 1 1 1 0 52 6
1872.33 0 1 0 0 1 1 0 0 53 6
1876.51 1 2 0 0 0 1 0 0 53 6
1883.61 1 2 0 0 0 2 0 1 53 5
1885.47 1 2 0 0 0 3 0 2 53 4
1886.58 1 2 0 0 0 2 0 1 53 5
1894.21 1 2 0 0 0 3 0 2 53 4
1897.59 0 1 0 0 1 3 0 2 53 4
1904.99 0 1 0 0 0 2 1 2 53 4
1911.01 0 2 0 0 1 2 1 1 53 4
1917.32 0 1 0 0 1 2 0 1 54 4
1920.09 0 1 0 0 1 1 0 0 54 5
1925.8 0 1 0 0 1 2 0 1 54 4
1940.95 0 2 0 0 2 2 0 0 54 4
1941.66 0 2 0 0 1 1 1 0 54 4
1941.96 0 3 0 0 1 1 2 0 53 4
1959.33 0 2 0 0 0 1 2 1 53 4
1963.53 0 2 0 0 0 2 2 2 53 3
1968 0 1 0 0 0 2 1 2 54 3
1983.51 0 1 0 0 0 1 1 1 54 4
1985.15 0 1 0 0 0 2 1 2 54 3
1989.5 0 1 0 0 0 1 1 1 54 4
1995.3 0 1 0 0 0 0 1 0 54 5
2009.98 0 1 0 0 0 1 1 1 54 4
2027.11 0 1 0 0 0 2 1 2 54 3
2036.76 0 2 0 0 0 2 2 2 53 3
2038.16 0 2 0 0 0 3 2 3 53 2
2039.98 0 2 0 0 0 2 2 2 53 3
2044.92 0 2 0 0 0 3 2 3 53 2
2045.37 0 2 0 0 0 2 2 2 53 3
2046.54 0 2 0 0 0 3 2 3 53 2
2047.22 0 2 0 0 0 4 2 4 53 1
2053.53 0 2 0 0 0 3 2 3 53 2
2057.06 0 3 0 0 0 3 3 3 52 2
2060.39 0 3 1 1 0 2 3 3 52 2
2060.6 0 2 1 1 0 2 2 3 53 2
2063.73 0 2 2 2 0 1 2 3 53 2
2068.13 0 2 1 1 0 2 2 3 53 2
2070.68 0 3 1 1 1 2 2 2 53 2
2071.28 0 4 1 1 2 2 2 1 53 2
2074.79 0 3 1 1 2 2 1 1 54 2
2080.38 0 2 1 1 2 2 0 1 55 2
2093.48 0 2 1 1 2 3 0 2 55 1
2096.67 1 3 1 1 1 3 0 2 55 1
2097.83 1 3 1 1 1 2 0 1 55 2
2098.53 1 3 2 2 1 1 0 1 55 2
2106.38 1 4 2 2 1 1 1 1 54 2
2109.69 1 3 2 2 0 1 1 2 54 2
2119.19 1 3 2 2 0 2 1 3 54 1
2128.41 1 3 3 3 0 1 1 3 54 1
2130.83 1 3 2 2 0 2 1 3 54 1
2131.08 1 3 1 1 0 3 1 3 54 1
2133.29 1 3 1 1 0 2 1 2 54 2
2140.62 1 2 1 1 0 2 0 2 55 2
2155.14 1 2 1 1 0 1 0 1 55 3
2180.53 1 3 1 1 1 1 0 0 55 3
2188.42 1 2 1 1 0 1 0 1 55 3
2191.52 1 3 1 1 0 1 1 1 54 3
2199.11 1 3 0 0 0 2 1 1 54 3
2199.26 0 2 0 0 1 2 1 1 54 3
2202.38 0 2 0 0 1 3 1 2 54 2
2203.76 0 2 0 0 1 4 1 3 54 1
2205.53 0 2 0 0 1 3 1 2 54 2
2210.72 0 3 0 0 2 3 1 1 54 2
2216.58 1 4 0 0 1 3 1 1 54 2
2219.58 1 5 0 0 2 3 1 0 54 2
2221.18 1 4 0 0 1 3 1 1 54 2
2235.06 1 3 0 0 1 3 0 1 55 2
2235.73 1 3 0 0 1 2 0 0 55 3
2239.92 0 2 0 0 2 2 0 0 55 3
2243.92 0 2 1 1 2 1 0 0 55 3
2247.69 0 2 1 1 2 2 0 1 55 2
2247.81 0 1 1 1 1 2 0 2 55 2
2255.98 0 1 1 1 1 1 0 1 55 3
2261.67 1 2 1 1 0 1 0 1 55 3
2268.87 0 1 1 1 1 1 0 1 55 3
2285.56 1 2 1 1 0 1 0 1 55 3
2285.67 1 2 1 1 0 2 0 2 55 2
2291.21 1 2 1 1 0 1 0 1 55 3
2295.87 1 2 1 1 0 2 0 2 55 2
2297.05 1 2 0 0 0 3 0 2 55 2
2300.69 1 2 1 1 0 2 0 2 55 2
2304.81 1 3 1 1 0 2 1 2 54 2
2306.47 1 3 1 1 0 1 1 1 54 3
2306.65 1 2 1 1 0 1 0 1 55 3
2313.18 1 3 1 1 0 1 1 1 54 3
2313.8 0 2 1 1 1 1 1 1 54 3
2320.9 0 2 1 1 1 2 1 2 54 2
2326.46 0 2 1 1 2 3 0 2 54 2
2332.66 0 3 1 1 3 3 0 1 54 2
2333.04 1 4 1 1 2 3 0 1 54 2
2333.12 0 3 1 1 3 3 0 1 54 2
2333.4 0 3 1 1 3 4 0 2 54 1
2334.06 0 2 1 1 2 4 0 3 54 1
2337.97 0 2 1 1 2 3 0 2 54 2
2346.16 0 2 1 1 1 2 1 2 54 2
2349.65 0 3 1 1 1 2 2 2 53 2
2351.59 0 2 1 1 1 2 1 2 54 2
2357.34 0 2 1 1 1 1 1 1 54 3
2360.98 1 3 1 1 0 1 1 1 54 3
2363.35 0 2 1 1 1 1 1 1 54 3
2364.61 0 3 1 1 1 1 2 1 53 3
2374.23 0 2 1 1 1 1 1 1 54 3
2378.51 0 2 1 1 2 2 0 1 54 3
2379.5 0 3 1 1 3 2 0 0 54 3
2383.35 0 3 2 2 3 1 0 0 54 3
2386.79 0 2 2 2 2 1 0 1 54 3
2388.28 0 2 2 2 2 0 0 0 54 4
2394.66 1 3 2 2 1 0 0 0 54 4
2396.12 1 4 2 2 1 0 1 0 53 4
2396.28 1 4 2 2 1 1 1 1 53 3
2397.14 1 3 2 2 0 1 1 2 53 3
2399.52 1 3 2 2 0 0 1 1 53 4
2402.54 0 2 2 2 1 0 1 1 53 4
2403.22 0 1 2 2 1 0 0 1 54 4
2411.05 0 1 2 2 1 1 0 2 54 3
2418.5 0 1 1 1 1 2 0 2 54 3
2426.56 0 1 2 2 1 1 0 2 54 3
2432.81 0 1 2 2 1 2 0 3 54 2
2455.63 0 1 2 2 0 1 1 3 54 2
2459.72 0 1 3 3 0 0 1 3 54 2
2460.29 0 1 2 2 0 1 1 3 54 2
2461.79 0 2 2 2 1 1 1 2 54 2
2467.19 0 2 1 1 1 2 1 2 54 2
2475.42 0 1 1 1 1 2 0 2 55 2
2476.69 0 1 1 1 1 1 0 1 55 3
2494.21 0 2 1 1 2 1 0 0 55 3
2496.6 0 2 1 1 2 2 0 1 55 2
2508.05 0 1 1 1 1 2 0 2 55 2
2509.56 0 1 0 0 1 3 0 2 55 2
2513.14 0 0 0 0 0 3 0 3 55 2
2515.83 0 1 0 0 1 3 0 2 55 2
2522.28 0 1 0 0 1 4 0 3 55 1
2527.36 0 1 1 1 1 3 0 3 55 1
2529.13 0 1 1 1 1 2 0 2 55 2
2529.95 0 1 1 1 1 1 0 1 55 3
2532.46 0 1 1 1 1 2 0 2 55 2
2540.96 0 1 2 2 1 1 0 2 55 2
2546.03 0 2 2 2 1 1 1 2 54 2
2548.08 0 3 2 2 1 1 2 2 53 2
2548.83 0 3 2 2 1 0 2 1 53 3
2549.4 0 3 2 2 1 1 2 2 53 2
2557.76 1 4 2 2 0 1 2 2 53 2
2559.13 1 3 2 2 0 1 1 2 54 2
2559.62 1 3 2 2 0 0 1 1 54 3
2567.46 1 2 2 2 0 0 0 1 55 3
2570.91 1 2 2 2 0 1 0 2 55 2
2580.35 0 1 2 2 1 1 0 2 55 2
2581.29 0 2 2 2 1 1 1 2 54 2
2583.46 0 2 3 3 1 0 1 2 54 2
2583.93 1 3 3 3 0 0 1 2 54 2
2585.02 1 4 3 3 0 0 2 2 53 2
2589.44 0 3 3 3 1 0 2 2 53 2
2596.82 0 4 3 3 2 0 2 1 53 2
2597.83 0 4 3 3 2 1 2 2 53 1
2599.79 0 3 3 3 1 1 2 3 53 1
2603.15 0 2 3 3 1 1 1 3 54 1
2605.7 1 3 3 3 0 1 1 3 54 1
2620.27 1 3 2 2 0 2 1 3 54 1
2620.81 1 3 2 2 0 3 1 4 54 0
2621.36 1 2 2 2 0 3 0 4 55 0
2625.3 1 2 2 2 0 2 0 3 55 1
2635.43 1 3 2 2 0 2 1 3 54 1
2638.43 0 2 2 2 1 2 1 3 54 1
2643.72 0 1 2 2 1 2 0 3 55 1
2646.2 0 0 2 2 0 2 0 4 55 1
2647.37 0 0 2 2 0 1 0 3 55 2
2648.16 0 0 1 1 0 2 0 3 55 2
2652.46 0 0 1 1 0 1 0 2 55 3
2684.72 0 1 1 1 0 1 1 2 54 3
2728.76 0 2 1 1 1 1 1 1 54 3
2729.37 1 3 1 1 0 1 1 1 54 3
2754.64 1 3 1 1 1 2 0 1 54 3
2772.97 0 2 1 1 2 2 0 1 54 3
2773.94 0 2 1 1 2 3 0 2 54 2
2785.75 0 2 2 2 2 2 0 2 54 2
2793.77 1 3 2 2 1 2 0 2 54 2
2800.29 1 2 2 2 0 2 0 3 54 2
2808.94 1 3 2 2 1 2 0 2 54 2
2813.16 2 4 2 2 0 2 0 2 54 2
2828.25 1 3 2 2 1 2 0 2 54 2
2829.39 1 4 2 2 2 2 0 1 54 2
2832.14 2 5 2 2 1 2 0 1 54 2
2843.81 1 4 2 2 2 2 0 1 54 2
2844.74 0 3 2 2 3 2 0 1 54 2
2848.77 0 3 3 3 3 1 0 1 54 2
2850.28 0 3 3 3 2 0 1 1 54 2
2856.95 1 4 3 3 1 0 1 1 54 2
2858.18 1 4 2 2 1 1 1 1 54 2
2859.36 1 4 2 2 1 0 1 0 54 3
2867.48 1 4 2 2 1 1 1 1 54 2
2873.4 1 3 2 2 1 1 0 1 55 2
2880.13 2 4 2 2 0 1 0 1 55 2
2882.2 2 4 1 1 0 2 0 1 55 2
2889.24 1 3 1 1 1 2 0 1 55 2
2903.97 1 3 1 1 1 1 0 0 55 3
2916.58 1 3 1 1 1 2 0 1 55 2
2924.67 1 3 2 2 1 1 0 1 55 2
2928.16 1 3 2 2 0 0 1 1 55 2
2930.83 1 3 1 1 0 1 1 1 55 2
2938.11 0 2 1 1 1 1 1 1 55 2
2952.72 0 2 1 1 0 0 2 1 55 2
2964.73 0 2 1 1 1 1 1 1 55 2
2966.71 0 2 1 1 0 0 2 1 55 2
2971.23 0 3 1 1 0 0 3 1 54 2
2974.35 0 3 1 1 0 1 3 2 54 1
2980.38 0 3 1 1 0 2 3 3 54 0
2988.33 0 3 1 1 1 3 2 3 54 0
2991.28 0 4 1 1 2 3 2 2 54 0
2995.65 0 4 2 2 2 2 2 2 54 0
2995.65 0 4 2 2 2 2 2 2 54 0
