0 60 120 60 60 0 0 0 0 0 0
0.0085456 59 119 60 60 1 0 0 0 0 0
0.0128608 59 118 60 60 0 0 0 1 0 0
0.0443043 58 117 60 60 1 0 0 1 0 0
0.0661297 57 116 60 60 2 0 0 1 0 0
0.0671857 57 116 59 59 2 1 0 1 0 0
0.0709618 56 115 59 59 3 1 0 1 0 0
0.0716042 56 115 58 58 3 2 0 1 0 0
0.0743364 55 114 58 58 4 2 0 1 0 0
0.0793591 54 113 58 58 5 2 0 1 0 0
0.119474 53 112 58 58 6 2 0 1 0 0
0.162615 52 111 58 58 7 2 0 1 0 0
0.196193 51 110 58 58 8 2 0 1 0 0
0.201525 50 109 58 58 9 2 0 1 0 0
0.217725 50 109 57 57 9 3 0 1 0 0
0.246902 50 109 56 56 9 4 0 1 0 0
0.28344 50 109 55 55 9 5 0 1 0 0
0.32852 50 109 54 54 9 6 0 1 0 0
0.335211 49 108 54 54 10 6 0 1 0 0
0.355017 49 108 53 53 10 7 0 1 0 0
0.35982 48 107 53 53 11 7 0 1 0 0
0.36449 47 106 53 53 12 7 0 1 0 0
0.370651 47 106 52 52 12 8 0 1 0 0
0.396913 46 105 52 52 13 8 0 1 0 0
0.398018 46 104 52 52 12 8 0 2 0 0
0.400436 46 103 52 52 11 8 0 3 0 0
0.415748 46 102 52 52 10 8 0 4 0 0
0.428087 45 101 52 52 11 8 0 4 0 0
0.442237 44 100 52 52 12 8 0 4 0 0
0.506344 44 100 51 51 12 9 0 4 0 0
0.510613 43 99 51 51 13 9 0 4 0 0
0.521541 43 99 51 51 12 8 1 4 0 0
0.525618 43 99 50 50 12 9 1 4 0 0
0.533124 42 98 50 50 13 9 1 4 0 0
0.539287 42 97 50 50 12 9 1 5 0 0
0.564264 41 96 50 50 13 9 1 5 0 0
0.606985 41 95 50 50 12 9 1 6 0 0
0.608914 41 95 49 49 12 10 1 6 0 0
0.616508 40 94 49 49 13 10 1 6 0 0
0.642805 40 94 48 48 13 11 1 6 0 0
0.643818 39 93 48 48 14 11 1 6 0 0
0.654182 38 92 48 48 15 11 1 6 0 0
0.654356 37 91 48 48 16 11 1 6 0 0
0.658554 36 90 48 48 17 11 1 6 0 0
0.690312 36 89 48 48 16 11 1 7 0 0
0.727193 36 88 48 48 15 11 1 8 0 0
0.727847 36 88 47 47 15 12 1 8 0 0
0.732009 36 88 46 46 15 13 1 8 0 0
0.761215 35 87 46 46 16 13 1 8 0 0
0.796965 35 86 46 46 15 13 1 9 0 0
0.818161 34 85 46 46 16 13 1 9 0 0
0.83986 34 85 45 45 16 14 1 9 0 0
0.860272 33 84 45 45 17 14 1 9 0 0
0.894719 32 83 45 45 18 14 1 9 0 0
0.918607 32 83 44 44 18 15 1 9 0 0
0.928939 31 82 44 44 19 15 1 9 0 0
0.943078 30 81 44 44 20 15 1 9 0 0
0.954241 30 81 43 43 20 16 1 9 0 0
0.987127 30 81 42 42 20 17 1 9 0 0
0.989008 30 81 41 41 20 18 1 9 0 0
1.02323 29 80 41 41 21 18 1 9 0 0
1.0458 28 79 41 41 22 18 1 9 0 0
1.05288 27 78 41 41 23 18 1 9 0 0
1.05449 27 78 41 41 23 17 1 8 0 1
1.06523 26 77 41 41 24 17 1 8 0 1
1.06799 26 77 41 41 24 16 1 7 0 2
1.08384 25 76 41 41 25 16 1 7 0 2
1.10411 25 75 41 41 24 16 1 8 0 2
1.12154 25 75 40 40 24 17 1 8 0 2
1.12387 25 74 40 40 23 17 1 9 0 2
1.20388 25 74 39 39 23 18 1 9 0 2
1.26956 25 74 38 38 23 19 1 9 0 2
1.27816 25 74 38 38 22 18 2 9 0 2
1.34773 25 73 38 38 21 18 2 10 0 2
1.41947 25 73 38 38 21 17 2 9 0 3
1.44772 24 72 38 38 22 17 2 9 0 3
1.52896 24 71 38 38 21 17 2 10 0 3
1.54984 24 70 38 38 20 17 2 11 0 3
1.55358 24 70 37 37 20 18 2 11 0 3
1.56204 24 70 36 36 20 19 2 11 0 3
1.58194 24 70 36 36 19 18 3 11 0 3
1.60264 25 71 36 36 18 18 3 11 0 3
1.60695 25 70 36 36 17 18 3 12 0 3
1.61095 24 69 36 36 18 18 3 12 0 3
1.63032 24 68 36 36 17 18 3 13 0 3
1.68774 24 68 35 35 17 19 3 13 0 3
1.72305 23 67 35 35 18 19 3 13 0 3
1.79163 22 66 35 35 19 19 3 13 0 3
1.79567 21 65 35 35 20 19 3 13 0 3
1.79773 21 65 35 35 20 18 3 12 0 4
1.85717 20 64 35 35 21 18 3 12 0 4
1.90502 19 63 35 35 22 18 3 12 0 4
1.90612 19 62 35 35 22 18 2 12 1 4
1.90755 19 61 35 35 21 18 2 13 1 4
2.00598 19 60 35 35 20 18 2 14 1 4
2.04205 19 60 34 34 20 19 2 14 1 4
2.08069 19 59 34 34 19 19 2 15 1 4
2.10266 18 58 34 34 20 19 2 15 1 4
2.11489 18 58 33 33 20 20 2 15 1 4
2.13859 17 57 33 33 21 20 2 15 1 4
2.20109 17 56 33 33 21 20 1 15 2 4
2.21155 17 56 32 32 21 21 1 15 2 4
2.21765 17 55 32 32 20 21 1 16 2 4
2.2454 17 54 32 32 19 21 1 17 2 4
2.2455 17 54 31 31 19 22 1 17 2 4
2.26176 16 53 31 31 20 22 1 17 2 4
2.27708 16 52 31 31 19 22 1 18 2 4
2.32084 16 51 31 31 18 22 1 19 2 4
2.34697 16 51 30 30 18 23 1 19 2 4
2.37718 16 51 30 30 17 22 2 19 2 4
2.37876 16 50 30 30 16 22 2 20 2 4
2.47783 16 50 29 29 16 23 2 20 2 4
2.49896 16 49 29 29 16 23 1 20 3 4
2.53416 16 49 28 28 16 24 1 20 3 4
2.53442 16 49 28 28 16 23 1 19 3 5
2.56482 15 48 28 28 17 23 1 19 3 5
2.58945 15 48 27 27 17 24 1 19 3 5
2.61071 15 48 26 26 17 25 1 19 3 5
2.72421 14 47 26 26 18 25 1 19 3 5
2.81697 13 46 26 26 19 25 1 19 3 5
2.84993 13 45 26 26 18 25 1 20 3 5
2.92084 12 44 26 26 19 25 1 20 3 5
2.94259 12 44 26 26 18 24 2 20 3 5
2.95489 11 43 26 26 19 24 2 20 3 5
2.96532 11 43 25 25 19 25 2 20 3 5
2.98273 11 42 25 25 18 25 2 21 3 5
3.16248 11 42 25 25 18 24 2 20 3 6
3.334 11 41 25 25 17 24 2 21 3 6
3.38174 11 41 25 25 16 23 3 21 3 6
3.38631 11 41 24 24 16 24 3 21 3 6
3.43385 11 41 24 24 15 23 4 21 3 6
3.4667 11 41 24 24 15 22 4 20 3 7
3.4901 10 40 24 24 16 22 4 20 3 7
3.54359 10 39 24 24 15 22 4 21 3 7
3.62569 10 39 24 24 14 21 5 21 3 7
3.63877 10 38 24 24 13 21 5 22 3 7
3.71672 10 38 24 24 13 22 5 23 3 6
3.7268 10 38 24 24 13 21 5 22 3 7
3.7637 10 37 24 24 12 21 5 23 3 7
4.07184 10 37 23 23 12 22 5 23 3 7
4.08279 10 36 23 23 11 22 5 24 3 7
4.23289 10 36 23 23 11 21 5 23 3 8
4.27971 9 35 23 23 12 21 5 23 3 8
4.32614 9 35 23 23 12 20 5 22 3 9
4.36142 9 35 22 22 12 21 5 22 3 9
4.4559 9 35 23 23 12 20 5 22 3 9
4.47051 9 35 23 23 12 19 5 21 3 10
4.47544 9 35 23 23 11 18 6 21 3 10
4.48208 9 35 22 22 11 19 6 21 3 10
4.60609 8 34 22 22 12 19 6 21 3 10
4.62257 8 34 22 22 12 18 6 20 3 11
4.63589 7 33 22 22 13 18 6 20 3 11
4.63961 7 32 22 22 12 18 6 21 3 11
4.64605 7 31 22 22 12 18 5 21 4 11
4.74495 7 31 22 22 12 17 5 20 4 12
4.76226 6 30 22 22 13 17 5 20 4 12
4.79957 6 30 22 22 13 16 5 19 4 13
4.80408 5 29 22 22 14 16 5 19 4 13
4.80482 5 29 22 22 13 15 6 19 4 13
4.81044 5 28 22 22 13 15 5 19 5 13
4.82856 5 28 21 21 13 16 5 19 5 13
4.88125 5 27 21 21 12 16 5 20 5 13
4.88833 5 27 21 21 11 15 6 20 5 13
5.17774 5 27 21 21 11 14 6 19 5 14
5.20336 5 27 20 20 11 15 6 19 5 14
5.20766 5 26 20 20 11 15 5 19 6 14
5.39081 5 26 20 20 11 14 5 18 6 15
5.44447 4 25 20 20 12 14 5 18 6 15
5.52534 4 24 20 20 12 14 4 18 7 15
5.58331 4 23 20 20 11 14 4 19 7 15
5.67629 4 23 19 19 11 15 4 19 7 15
5.70093 3 22 19 19 12 15 4 19 7 15
5.85205 3 22 19 19 12 14 4 18 7 16
6.09991 3 22 18 18 12 15 4 18 7 16
6.3068 2 21 18 18 13 15 4 18 7 16
6.3322 2 21 18 18 14 16 3 18 7 16
6.50502 2 21 18 18 13 15 4 18 7 16
6.56988 2 21 17 17 13 16 4 18 7 16
6.59635 2 20 17 17 12 16 4 19 7 16
6.60285 2 19 17 17 11 16 4 20 7 16
6.63053 2 19 17 17 11 15 4 19 7 17
6.93727 3 20 17 17 10 15 4 19 7 17
6.98441 3 20 17 17 10 14 4 18 7 18
7.44476 3 20 16 16 10 15 4 18 7 18
7.68597 3 19 16 16 9 15 4 19 7 18
7.71229 3 18 16 16 8 15 4 20 7 18
7.71899 3 18 16 16 8 14 4 19 7 19
7.79484 3 18 15 15 8 15 4 19 7 19
7.94511 3 18 15 15 8 14 4 18 7 20
8.07279 3 17 15 15 7 14 4 19 7 20
8.12216 3 17 14 14 7 15 4 19 7 20
8.24273 3 17 15 15 7 14 4 19 7 20
8.33585 2 16 15 15 8 14 4 19 7 20
8.83493 2 16 15 15 7 13 5 19 7 20
8.9157 2 16 15 15 7 14 5 20 7 19
8.9368 2 15 15 15 7 14 4 20 8 19
8.95674 2 16 15 15 8 14 4 19 8 19
9.12834 2 15 15 15 7 14 4 20 8 19
9.20609 2 15 15 15 6 13 5 20 8 19
9.27025 2 15 15 15 6 12 5 19 8 20
9.28092 2 14 15 15 6 12 4 19 9 20
9.48522 3 15 15 15 5 12 4 19 9 20
9.89189 4 16 15 15 4 12 4 19 9 20
10.3376 4 15 15 15 4 12 3 19 10 20
10.4366 4 14 15 15 4 12 2 19 11 20
10.4484 4 14 14 14 4 13 2 19 11 20
10.513 4 14 14 14 3 12 3 19 11 20
10.814 4 14 13 13 3 13 3 19 11 20
11.0001 4 14 12 12 3 14 3 19 11 20
11.11 4 14 12 12 3 15 3 20 11 19
11.3819 4 14 12 12 3 14 3 19 11 20
11.5739 4 14 11 11 3 15 3 19 11 20
11.7589 4 14 11 11 3 14 3 18 11 21
11.8414 3 13 11 11 4 14 3 18 11 21
12.4446 3 12 11 11 4 14 2 18 12 21
12.5037 3 12 11 11 4 15 2 19 12 20
12.5379 3 12 10 10 4 16 2 19 12 20
12.5622 3 12 10 10 4 17 2 20 12 19
12.5663 3 12 10 10 4 18 2 21 12 18
12.7377 3 12 10 10 4 17 2 20 12 19
12.8846 3 11 10 10 3 17 2 21 12 19
12.9131 3 11 9 9 3 18 2 21 12 19
12.977 3 11 8 8 3 19 2 21 12 19
13.1386 3 11 7 7 3 20 2 21 12 19
13.3398 2 10 7 7 4 20 2 21 12 19
13.741 2 10 7 7 4 19 2 20 12 20
13.8936 2 10 7 7 4 18 2 19 12 21
13.9658 2 10 8 8 4 17 2 19 12 21
14.2995 2 10 8 8 4 16 2 18 12 22
14.3294 2 9 8 8 3 16 2 19 12 22
14.398 2 9 8 8 3 15 2 18 12 23
14.7294 2 9 8 8 3 14 2 17 12 24
14.8177 2 9 7 7 3 15 2 17 12 24
14.9815 2 9 7 7 3 14 2 16 12 25
15.5674 2 9 7 7 3 15 2 17 12 24
15.9269 2 9 7 7 3 14 2 16 12 25
16.3066 2 9 6 6 3 15 2 16 12 25
16.3749 2 9 6 6 3 16 2 17 12 24
16.7746 2 8 6 6 2 16 2 18 12 24
17.359 2 8 6 6 2 15 2 17 12 25
17.7757 2 8 6 6 2 14 2 16 12 26
18.3428 2 8 6 6 2 13 2 15 12 27
18.4437 2 8 6 6 2 14 2 16 12 26
18.6146 2 8 6 6 2 15 2 17 12 25
18.9898 2 8 6 6 2 14 2 16 12 26
19.4432 1 7 6 6 3 14 2 16 12 26
20.1321 1 7 6 6 3 13 2 15 12 27
20.2874 1 8 6 6 4 13 2 14 12 27
20.4129 1 8 6 6 3 12 3 14 12 27
20.6305 1 8 7 7 3 11 3 14 12 27
21.3868 1 8 8 8 3 10 3 14 12 27
21.6984 1 8 8 8 3 9 3 13 12 28
21.7203 1 8 8 8 2 8 4 13 12 28
22.1136 1 8 7 7 2 9 4 13 12 28
22.4585 1 8 7 7 2 8 4 12 12 29
22.5909 1 8 7 7 2 7 4 11 12 30
22.7294 1 8 7 7 2 8 4 12 12 29
23.1438 1 8 7 7 2 7 4 11 12 30
23.2506 1 8 7 7 2 8 4 12 12 29
23.5968 1 8 6 6 2 9 4 12 12 29
23.9519 1 8 6 6 2 8 4 11 12 30
24.9855 1 8 6 6 2 7 4 10 12 31
25.7632 1 9 6 6 3 7 4 9 12 31
26.2142 1 9 6 6 3 8 4 10 12 30
26.2446 1 9 6 6 3 9 4 11 12 29
26.3781 1 9 5 5 3 10 4 11 12 29
26.4946 1 9 5 5 2 9 5 11 12 29
26.854 1 9 5 5 2 8 5 10 12 30
27.3419 1 9 5 5 2 9 5 11 12 29
27.4019 1 10 5 5 3 9 5 10 12 29
27.838 1 10 5 5 3 8 5 9 12 30
28.1595 1 10 5 5 2 7 6 9 12 30
28.4658 1 10 5 5 2 8 6 10 12 29
28.6864 1 9 5 5 2 8 5 10 13 29
28.7412 1 9 4 4 2 9 5 10 13 29
29.1504 1 8 4 4 1 9 5 11 13 29
29.264 1 8 4 4 1 8 5 10 13 30
29.3111 1 8 3 3 1 9 5 10 13 30
29.9561 1 8 3 3 1 8 5 9 13 31
29.9884 1 7 3 3 1 8 4 9 14 31
30.816 1 8 3 3 1 8 5 9 13 31
31.5228 1 8 2 2 1 9 5 9 13 31
31.6239 1 8 2 2 1 10 5 10 13 30
31.7834 1 7 2 2 1 10 4 10 14 30
32.0552 1 7 2 2 1 9 4 9 14 31
34.1889 1 7 2 2 1 10 4 10 14 30
34.9868 1 7 2 2 1 9 4 9 14 31
36.3567 1 7 2 2 1 10 4 10 14 30
36.8204 1 8 2 2 2 10 4 9 14 30
37.8867 1 8 2 2 2 9 4 8 14 31
37.9974 1 8 2 2 2 8 4 7 14 32
38.2343 2 9 2 2 1 8 4 7 14 32
39.5419 2 9 2 2 1 7 4 6 14 33
39.8258 2 9 2 2 1 6 4 5 14 34
39.874 2 9 2 2 2 7 3 5 14 34
40.1303 2 8 2 2 2 7 2 5 15 34
41.0522 1 7 2 2 3 7 2 5 15 34
42.0888 1 7 2 2 2 6 3 5 15 34
42.3032 1 7 2 2 2 7 3 6 15 33
43.0837 1 7 2 2 2 6 3 5 15 34
43.4813 1 7 2 2 2 5 3 4 15 35
44.3391 1 7 2 2 2 6 3 5 15 34
44.4043 1 7 2 2 2 5 3 4 15 35
44.7823 1 7 2 2 2 4 3 3 15 36
46.1903 1 7 2 2 2 5 3 4 15 35
46.4982 1 7 1 1 2 6 3 4 15 35
47.3622 1 7 1 1 2 5 3 3 15 36
47.7094 1 7 2 2 2 4 3 3 15 36
52.184 1 6 2 2 1 4 3 4 15 36
52.2437 1 6 2 2 1 5 3 5 15 35
52.2738 1 6 2 2 1 6 3 6 15 34
53.8765 1 6 2 2 1 5 3 5 15 35
54.3045 1 6 2 2 1 4 3 4 15 36
55.2432 2 7 2 2 0 4 3 4 15 36
56.1768 2 7 2 2 0 5 3 5 15 35
56.394 1 6 2 2 1 5 3 5 15 35
58.2489 1 5 2 2 1 5 2 5 16 35
58.379 1 5 1 1 1 6 2 5 16 35
58.783 1 6 1 1 2 6 2 4 16 35
59.5643 1 6 1 1 2 7 2 5 16 34
60.5251 1 5 1 1 2 7 1 5 17 34
60.5725 1 5 1 1 2 8 1 6 17 33
61.0872 1 6 1 1 3 8 1 5 17 33
62.3826 2 7 1 1 2 8 1 5 17 33
62.3886 2 7 1 1 1 7 2 5 17 33
63.0131 2 7 1 1 1 8 2 6 17 32
63.2213 2 8 1 1 2 8 2 5 17 32
64.3378 2 8 1 1 2 7 2 4 17 33
66.5825 2 9 1 1 3 7 2 3 17 33
66.7337 2 9 1 1 3 6 2 2 17 34
67.5068 2 10 1 1 3 6 3 2 16 34
68.0331 2 10 1 1 3 5 3 1 16 35
68.2137 2 9 1 1 2 5 3 2 16 35
68.6585 2 9 1 1 2 4 3 1 16 36
68.7502 1 8 1 1 3 4 3 1 16 36
69.7013 1 7 1 1 3 4 2 1 17 36
71.5099 1 6 1 1 2 4 2 2 17 36
71.6018 1 6 1 1 2 5 2 3 17 35
71.6636 1 6 1 1 1 4 3 3 17 35
73.2159 1 6 1 1 1 5 3 4 17 34
74.6647 1 6 1 1 1 6 3 5 17 33
74.7697 0 5 1 1 2 6 3 5 17 33
75.6414 0 4 1 1 2 6 2 5 18 33
76.4863 0 4 2 2 2 5 2 5 18 33
76.7837 0 4 2 2 2 4 2 4 18 34
76.8692 0 3 2 2 2 4 1 4 19 34
77.0454 0 4 2 2 3 4 1 3 19 34
77.5108 0 4 2 2 3 5 1 4 19 33
77.7597 0 4 2 2 3 4 1 3 19 34
80.1928 0 4 2 2 3 5 1 4 19 33
81.4855 0 4 3 3 3 4 1 4 19 33
81.5748 0 4 4 4 3 3 1 4 19 33
81.8456 0 4 4 4 3 4 1 5 19 32
83.6451 0 4 4 4 3 5 1 6 19 31
83.6898 0 4 4 4 3 4 1 5 19 32
84.1097 0 3 4 4 3 4 0 5 20 32
86.0695 0 4 4 4 4 4 0 4 20 32
87.5751 0 5 4 4 4 4 1 4 19 32
87.9465 0 5 4 4 4 5 1 5 19 31
92.9211 0 5 4 4 4 4 1 4 19 32
93.0249 0 5 4 4 4 5 1 5 19 31
93.5229 0 5 4 4 4 6 1 6 19 30
94.3425 0 4 4 4 4 6 0 6 20 30
95.058 0 4 4 4 3 5 1 6 20 30
95.7214 1 5 4 4 2 5 1 6 20 30
95.8986 1 5 4 4 2 6 1 7 20 29
100.081 1 5 4 4 2 7 1 8 20 28
101.214 1 5 4 4 2 8 1 9 20 27
101.584 1 5 4 4 2 7 1 8 20 28
102.11 1 5 4 4 2 6 1 7 20 29
102.302 1 5 4 4 1 5 2 7 20 29
102.59 1 5 4 4 1 6 2 8 20 28
102.889 1 5 4 4 1 7 2 9 20 27
103.434 1 5 4 4 1 6 2 8 20 28
103.871 1 5 4 4 1 5 2 7 20 29
104.089 1 5 4 4 1 4 2 6 20 30
104.963 1 5 4 4 1 3 2 5 20 31
106.501 1 5 4 4 1 4 2 6 20 30
107.078 1 5 4 4 1 5 2 7 20 29
107.17 1 5 3 3 1 6 2 7 20 29
108.648 1 5 3 3 1 7 2 8 20 28
108.815 1 4 3 3 0 7 2 9 20 28
109.461 1 4 2 2 0 8 2 9 20 28
109.47 1 3 2 2 0 8 1 9 21 28
110.209 1 3 2 2 0 7 1 8 21 29
110.718 1 3 2 2 0 6 1 7 21 30
111.201 1 3 2 2 0 5 1 6 21 31
113.37 1 3 2 2 0 4 1 5 21 32
115.099 1 3 2 2 0 5 1 6 21 31
115.508 1 3 2 2 0 6 1 7 21 30
117.562 1 4 2 2 1 6 1 6 21 30
118.612 1 5 2 2 2 6 1 5 21 30
118.769 1 5 2 2 2 7 1 6 21 29
119.712 1 5 2 2 2 6 1 5 21 30
120.969 1 5 2 2 2 5 1 4 21 31
121.793 1 5 3 3 2 4 1 4 21 31
121.81 1 5 3 3 2 3 1 3 21 32
122.261 1 6 3 3 3 3 1 2 21 32
123.482 1 6 3 3 3 4 1 3 21 31
124.156 1 6 3 3 3 5 1 4 21 30
125.847 1 6 3 3 2 4 2 4 21 30
125.861 1 6 3 3 2 5 2 5 21 29
126.634 1 6 3 3 1 4 3 5 21 29
128.564 1 6 3 3 1 5 3 6 21 28
128.756 1 6 3 3 1 6 3 7 21 27
129.201 1 6 3 3 1 7 3 8 21 26
129.966 1 6 3 3 1 8 3 9 21 25
130.394 1 5 3 3 0 8 3 10 21 25
130.799 1 5 3 3 0 9 3 11 21 24
131.084 1 5 3 3 0 10 3 12 21 23
132.226 1 4 3 3 0 10 2 12 22 23
132.897 1 4 3 3 0 9 2 11 22 24
133.521 1 4 2 2 0 10 2 11 22 24
133.871 1 5 2 2 1 10 2 10 22 24
134.094 1 4 2 2 1 10 1 10 23 24
134.558 1 4 2 2 1 11 1 11 23 23
135.453 1 4 2 2 1 10 1 10 23 24
135.705 1 4 3 3 1 9 1 10 23 24
136.008 1 4 3 3 1 10 1 11 23 23
136.589 1 4 3 3 1 9 1 10 23 24
136.817 0 3 3 3 2 9 1 10 23 24
137.372 0 3 3 3 1 8 2 10 23 24
137.391 0 3 3 3 1 9 2 11 23 23
138.125 0 3 3 3 1 8 2 10 23 24
138.206 0 3 2 2 1 9 2 10 23 24
138.833 0 3 2 2 0 8 3 10 23 24
140.527 0 3 2 2 0 9 3 11 23 23
141.745 0 3 2 2 0 8 3 10 23 24
141.915 0 3 2 2 0 9 3 11 23 23
142.819 0 3 2 2 0 8 3 10 23 24
142.892 0 3 2 2 0 9 3 11 23 23
143.554 0 3 2 2 0 8 3 10 23 24
144.55 0 3 2 2 0 7 3 9 23 25
144.725 0 3 2 2 0 8 3 10 23 24
144.759 0 3 2 2 0 7 3 9 23 25
145.548 0 3 2 2 0 8 3 10 23 24
146.746 0 3 2 2 0 9 3 11 23 23
146.915 0 3 2 2 0 8 3 10 23 24
147.021 0 3 2 2 0 7 3 9 23 25
147.258 0 3 2 2 0 8 3 10 23 24
148.856 0 3 2 2 0 7 3 9 23 25
149.024 0 3 2 2 0 6 3 8 23 26
149.036 0 2 2 2 0 6 2 8 24 26
149.239 0 2 2 2 0 7 2 9 24 25
149.422 0 2 2 2 0 6 2 8 24 26
150.629 0 2 2 2 0 7 2 9 24 25
150.689 0 2 2 2 0 8 2 10 24 24
150.784 0 2 2 2 0 7 2 9 24 25
150.934 0 2 2 2 0 8 2 10 24 24
152.305 0 2 2 2 0 9 2 11 24 23
152.335 0 2 3 3 0 8 2 11 24 23
152.884 0 2 3 3 0 7 2 10 24 24
153.472 0 2 3 3 0 6 2 9 24 25
154.361 0 2 3 3 0 5 2 8 24 26
155.285 0 2 3 3 0 4 2 7 24 27
157.466 0 2 3 3 0 5 2 8 24 26
158.501 0 2 2 2 0 6 2 8 24 26
158.643 0 2 2 2 0 5 2 7 24 27
162.267 0 2 2 2 0 6 2 8 24 26
164.043 0 2 2 2 0 7 2 9 24 25
164.21 0 2 3 3 0 6 2 9 24 25
164.68 0 2 3 3 0 7 2 10 24 24
165.804 0 2 3 3 0 6 2 9 24 25
169.355 0 2 3 3 0 5 2 8 24 26
170.921 0 2 3 3 0 4 2 7 24 27
170.967 0 2 3 3 0 3 2 6 24 28
171.153 0 2 3 3 0 4 2 7 24 27
172.267 0 2 4 4 0 3 2 7 24 27
172.602 0 2 4 4 0 4 2 8 24 26
172.857 0 2 4 4 0 3 2 7 24 27
177.112 0 2 4 4 0 4 2 8 24 26
177.347 0 2 4 4 0 3 2 7 24 27
183.267 0 2 4 4 0 4 2 8 24 26
183.471 0 2 3 3 0 5 2 8 24 26
184.492 0 2 2 2 0 6 2 8 24 26
184.548 0 2 2 2 0 5 2 7 24 27
185.226 0 2 2 2 0 6 2 8 24 26
188.794 0 2 2 2 0 7 2 9 24 25
190.95 0 2 2 2 0 6 2 8 24 26
195.396 0 2 2 2 0 5 2 7 24 27
196.866 0 2 2 2 0 6 2 8 24 26
197.458 0 2 2 2 0 5 2 7 24 27
198.448 0 2 1 1 0 6 2 7 24 27
199.08 0 2 1 1 0 5 2 6 24 28
199.3 0 2 2 2 0 4 2 6 24 28
200.425 0 2 2 2 0 5 2 7 24 27
201.627 0 2 2 2 0 4 2 6 24 28
203.174 0 3 2 2 0 4 3 6 23 28
203.22 0 3 2 2 0 3 3 5 23 29
204.362 0 4 2 2 1 3 3 4 23 29
206.453 0 4 2 2 2 4 2 4 23 29
207.014 0 4 2 2 2 5 2 5 23 28
207.021 0 4 2 2 2 6 2 6 23 27
207.424 0 4 2 2 1 5 3 6 23 27
207.756 0 4 2 2 1 6 3 7 23 26
208.511 0 4 2 2 0 5 4 7 23 26
208.966 0 3 2 2 0 5 3 7 24 26
210.687 0 3 2 2 0 4 3 6 24 27
214.334 0 3 2 2 0 5 3 7 24 26
215.604 0 3 2 2 0 6 3 8 24 25
217.215 0 3 2 2 0 7 3 9 24 24
217.424 0 3 2 2 1 8 2 9 24 24
219.713 0 3 2 2 1 7 2 8 24 25
226.75 0 3 2 2 0 6 3 8 24 25
228.017 0 3 2 2 0 5 3 7 24 26
229.096 0 4 2 2 1 5 3 6 24 26
229.253 0 4 2 2 0 4 4 6 24 26
230.708 0 4 2 2 0 5 4 7 24 25
231.092 0 4 2 2 0 6 4 8 24 24
231.123 0 4 2 2 0 5 4 7 24 25
231.576 0 4 2 2 0 4 4 6 24 26
232.426 0 4 2 2 0 3 4 5 24 27
233.395 0 4 2 2 0 4 4 6 24 26
234.368 0 4 2 2 0 5 4 7 24 25
234.982 0 4 2 2 0 6 4 8 24 24
235.726 0 4 2 2 0 7 4 9 24 23
236.171 0 4 2 2 0 6 4 8 24 24
237.07 0 4 2 2 0 7 4 9 24 23
237.858 0 4 2 2 0 6 4 8 24 24
238.202 0 4 2 2 0 7 4 9 24 23
238.321 0 3 2 2 0 7 3 9 25 23
239.637 0 3 2 2 0 8 3 10 25 22
241.162 0 3 2 2 0 7 3 9 25 23
241.634 0 3 2 2 0 8 3 10 25 22
242.122 0 3 2 2 0 7 3 9 25 23
243.146 0 3 2 2 0 6 3 8 25 24
247.071 0 3 2 2 0 7 3 9 25 23
247.588 0 3 2 2 0 6 3 8 25 24
248.113 0 2 2 2 0 6 2 8 26 24
250.747 0 2 2 2 0 5 2 7 26 25
250.925 0 2 2 2 0 6 2 8 26 24
255.644 0 2 3 3 0 5 2 8 26 24
255.802 0 2 3 3 0 4 2 7 26 25
258.153 0 2 3 3 0 3 2 6 26 26
258.39 0 2 3 3 0 4 2 7 26 25
262.929 0 2 3 3 0 5 2 8 26 24
268.02 0 2 3 3 0 4 2 7 26 25
268.994 0 2 3 3 0 3 2 6 26 26
269.204 0 2 2 2 0 4 2 6 26 26
273.094 0 3 2 2 1 4 2 5 26 26
273.623 0 3 3 3 1 3 2 5 26 26
274.171 0 3 3 3 1 4 2 6 26 25
275.792 0 3 3 3 1 3 2 5 26 26
277.809 0 3 3 3 1 4 2 6 26 25
279.262 0 3 3 3 1 3 2 5 26 26
282.474 0 2 3 3 0 3 2 6 26 26
282.591 0 1 3 3 0 3 1 6 27 26
283.193 0 1 3 3 0 4 1 7 27 25
284.012 0 1 3 3 0 5 1 8 27 24
286.834 0 1 3 3 0 4 1 7 27 25
287.254 0 1 3 3 0 3 1 6 27 26
290.33 0 1 3 3 0 4 1 7 27 25
291.518 0 1 3 3 0 5 1 8 27 24
291.601 0 1 3 3 0 4 1 7 27 25
292.062 0 1 2 2 0 5 1 7 27 25
292.488 0 1 2 2 0 4 1 6 27 26
293.798 0 2 2 2 1 4 1 5 27 26
297.067 0 2 2 2 1 5 1 6 27 25
297.588 0 2 2 2 1 4 1 5 27 26
298.341 0 2 2 2 1 5 1 6 27 25
298.834 0 2 2 2 1 6 1 7 27 24
300.816 0 3 2 2 2 6 1 6 27 24
301.038 0 3 2 2 2 7 1 7 27 23
301.917 0 3 2 2 2 6 1 6 27 24
302.3 1 4 2 2 1 6 1 6 27 24
302.59 1 4 2 2 1 5 1 5 27 25
303.163 1 4 2 2 1 6 1 6 27 24
305.027 1 4 1 1 1 7 1 6 27 24
305.717 1 3 1 1 0 7 1 7 27 24
306.91 1 3 1 1 0 6 1 6 27 25
309.522 1 3 1 1 0 5 1 5 27 26
310.162 1 3 1 1 0 6 1 6 27 25
311.1 1 3 1 1 0 7 1 7 27 24
312.673 1 3 1 1 0 6 1 6 27 25
315.709 1 3 1 1 0 7 1 7 27 24
317.947 1 3 1 1 0 8 1 8 27 23
318.553 1 3 1 1 0 7 1 7 27 24
319.641 1 3 1 1 0 6 1 6 27 25
321.901 1 3 1 1 0 7 1 7 27 24
322.252 1 3 1 1 0 8 1 8 27 23
323.467 1 3 1 1 0 7 1 7 27 24
324.752 1 3 1 1 0 8 1 8 27 23
325.618 1 3 1 1 0 7 1 7 27 24
332.198 1 3 1 1 0 8 1 8 27 23
332.63 1 3 1 1 0 7 1 7 27 24
334.441 1 3 1 1 0 8 1 8 27 23
335.274 1 3 1 1 0 9 1 9 27 22
336.232 1 3 1 1 0 10 1 10 27 21
336.628 1 3 1 1 0 9 1 9 27 22
338.872 1 4 1 1 1 9 1 8 27 22
339.564 1 4 1 1 1 8 1 7 27 23
340.272 1 4 1 1 1 9 1 8 27 22
340.797 1 4 1 1 1 10 1 9 27 21
341.568 1 5 1 1 1 10 2 9 26 21
341.866 1 4 1 1 1 10 1 9 27 21
342.254 1 4 1 1 1 11 1 10 27 20
342.586 1 4 1 1 1 12 1 11 27 19
342.644 1 4 1 1 0 11 2 11 27 19
343.187 1 4 1 1 0 12 2 12 27 18
343.188 1 4 1 1 0 11 2 11 27 19
344.085 1 4 1 1 0 10 2 10 27 20
344.172 1 4 2 2 0 9 2 10 27 20
346.461 1 4 2 2 0 8 2 9 27 21
346.875 1 5 2 2 0 8 3 9 26 21
347.032 1 6 2 2 1 8 3 8 26 21
347.849 1 6 2 2 1 7 3 7 26 22
347.905 1 6 2 2 1 8 3 8 26 21
348.94 1 6 2 2 1 7 3 7 26 22
349.237 1 6 3 3 1 6 3 7 26 22
350.715 1 6 3 3 1 5 3 6 26 23
351.012 1 6 3 3 1 6 3 7 26 22
351.979 1 6 3 3 1 5 3 6 26 23
352.294 1 5 3 3 1 5 2 6 27 23
353.3 1 4 3 3 1 5 1 6 28 23
355.395 1 4 3 3 1 4 1 5 28 24
357.023 2 5 3 3 0 4 1 5 28 24
357.699 2 5 2 2 0 5 1 5 28 24
360.251 2 5 2 2 0 6 1 6 28 23
361.29 2 5 2 2 0 7 1 7 28 22
362.476 2 5 2 2 0 6 1 6 28 23
363.312 2 5 2 2 0 7 1 7 28 22
363.981 2 5 2 2 0 6 1 6 28 23
364.71 2 5 2 2 0 7 1 7 28 22
364.796 2 5 2 2 0 6 1 6 28 23
365.726 2 4 2 2 0 6 0 6 29 23
366.28 2 4 2 2 0 5 0 5 29 24
366.381 1 3 2 2 1 5 0 5 29 24
367.15 1 3 2 2 1 6 0 6 29 23
368.781 1 3 2 2 1 7 0 7 29 22
368.949 1 3 2 2 1 6 0 6 29 23
370.133 1 3 2 2 1 5 0 5 29 24
370.312 1 3 2 2 1 6 0 6 29 23
371.649 1 3 1 1 1 7 0 6 29 23
372.142 1 3 1 1 1 8 0 7 29 22
372.356 1 3 1 1 1 9 0 8 29 21
376.303 1 3 1 1 1 8 0 7 29 22
376.694 2 4 1 1 0 8 0 7 29 22
377.007 2 4 1 1 0 7 0 6 29 23
378.255 2 4 1 1 0 8 0 7 29 22
379.02 2 4 1 1 0 9 0 8 29 21
379.234 2 4 1 1 0 8 0 7 29 22
382.816 2 4 1 1 0 9 0 8 29 21
384.638 2 4 2 2 0 8 0 8 29 21
385.554 2 4 2 2 0 7 0 7 29 22
386.157 2 4 2 2 0 6 0 6 29 23
386.363 2 4 2 2 0 7 0 7 29 22
387.382 2 4 2 2 0 8 0 8 29 21
387.424 2 4 2 2 0 9 0 9 29 20
387.669 2 4 2 2 0 8 0 8 29 21
388.359 2 4 2 2 0 7 0 7 29 22
388.934 2 4 2 2 0 6 0 6 29 23
389.093 2 4 2 2 0 5 0 5 29 24
393.041 2 4 2 2 0 6 0 6 29 23
393.888 2 4 2 2 0 5 0 5 29 24
395.59 1 3 2 2 1 5 0 5 29 24
397.462 1 3 2 2 0 4 1 5 29 24
400.344 1 3 2 2 0 3 1 4 29 25
400.644 1 3 3 3 0 2 1 4 29 25
400.814 1 3 3 3 0 1 1 3 29 26
401.421 1 3 3 3 0 2 1 4 29 25
402.627 1 3 3 3 0 3 1 5 29 24
403.846 1 3 3 3 0 4 1 6 29 23
405.533 1 3 4 4 0 3 1 6 29 23
406.134 1 3 3 3 0 4 1 6 29 23
410.656 1 3 3 3 0 3 1 5 29 24
411.371 1 3 3 3 0 4 1 6 29 23
411.927 1 4 3 3 1 4 1 5 29 23
412.018 1 4 3 3 1 5 1 6 29 22
414.236 1 4 3 3 1 4 1 5 29 23
416.578 1 4 4 4 1 3 1 5 29 23
417.603 1 4 4 4 1 2 1 4 29 24
418.409 1 4 4 4 1 3 1 5 29 23
418.831 1 4 4 4 1 2 1 4 29 24
418.92 1 4 4 4 1 3 1 5 29 23
419.464 1 4 4 4 1 4 1 6 29 22
421.893 1 4 3 3 1 5 1 6 29 22
423.582 1 5 3 3 2 5 1 5 29 22
426.351 2 6 3 3 1 5 1 5 29 22
430.334 2 6 3 3 1 6 1 6 29 21
430.823 1 5 3 3 2 6 1 6 29 21
430.921 1 4 3 3 1 6 1 7 29 21
431.273 1 4 4 4 1 5 1 7 29 21
431.531 1 5 4 4 2 5 1 6 29 21
432.668 1 5 4 4 2 6 1 7 29 20
434.722 1 5 4 4 2 5 1 6 29 21
435.618 2 6 4 4 1 5 1 6 29 21
435.677 1 5 4 4 2 5 1 6 29 21
437.3 1 6 4 4 3 5 1 5 29 21
438.129 1 6 3 3 3 6 1 5 29 21
439.223 1 6 2 2 3 7 1 5 29 21
439.409 1 6 2 2 3 6 1 4 29 22
440.775 1 6 1 1 3 7 1 4 29 22
443.586 1 6 1 1 3 6 1 3 29 23
444.105 1 6 1 1 2 5 2 3 29 23
446.953 1 5 1 1 2 5 1 3 30 23
449.371 0 4 1 1 3 5 1 3 30 23
450.238 0 4 1 1 3 6 1 4 30 22
450.849 0 4 1 1 3 5 1 3 30 23
451.648 0 4 1 1 3 6 1 4 30 22
453.235 0 5 1 1 4 6 1 3 30 22
454.144 0 6 1 1 5 6 1 2 30 22
455.623 0 5 1 1 4 6 1 3 30 22
456.048 0 5 1 1 4 5 1 2 30 23
459.513 0 5 1 1 3 4 2 2 30 23
460.227 0 5 1 1 3 3 2 1 30 24
462.648 1 6 1 1 2 3 2 1 30 24
462.925 2 7 1 1 1 3 2 1 30 24
464.012 2 7 1 1 1 4 2 2 30 23
464.301 1 6 1 1 2 4 2 2 30 23
464.332 1 6 1 1 2 5 2 3 30 22
465.643 1 6 1 1 1 4 3 3 30 22
465.769 1 6 1 1 1 5 3 4 30 21
470.156 1 6 1 1 1 4 3 3 30 22
472.589 1 7 1 1 2 4 3 2 30 22
473.625 1 6 1 1 1 4 3 3 30 22
475.663 1 6 1 1 1 5 3 4 30 21
478.478 1 6 1 1 1 4 3 3 30 22
480.401 1 6 1 1 1 5 3 4 30 21
480.536 1 5 1 1 0 5 3 5 30 21
480.704 1 5 2 2 0 4 3 5 30 21
481.256 1 5 1 1 0 5 3 5 30 21
481.408 1 5 2 2 0 4 3 5 30 21
482.296 1 5 2 2 0 3 3 4 30 22
483.758 1 5 2 2 0 2 3 3 30 23
485.041 1 5 2 2 0 1 3 2 30 24
487.529 1 5 2 2 0 2 3 3 30 23
488.659 1 4 2 2 0 2 2 3 31 23
489.389 1 4 2 2 0 3 2 4 31 22
490.089 1 4 2 2 0 4 2 5 31 21
493.437 1 3 2 2 0 4 1 5 32 21
495.591 1 3 2 2 0 3 1 4 32 22
495.659 1 4 2 2 1 3 1 3 32 22
496.042 1 3 2 2 0 3 1 4 32 22
499.411 1 3 2 2 0 4 1 5 32 21
500.527 1 3 1 1 0 5 1 5 32 21
503.235 1 3 1 1 0 4 1 4 32 22
506.969 1 2 1 1 0 4 0 4 33 22
507.666 1 2 1 1 0 5 0 5 33 21
509.017 1 2 1 1 0 4 0 4 33 22
517.993 1 2 1 1 0 5 0 5 33 21
519.314 1 2 1 1 0 4 0 4 33 22
519.902 1 2 1 1 0 5 0 5 33 21
521.375 1 2 2 2 0 4 0 5 33 21
522.547 1 2 2 2 0 3 0 4 33 22
525.179 1 2 2 2 0 4 0 5 33 21
528.155 1 2 2 2 0 5 0 6 33 20
528.188 1 2 2 2 0 4 0 5 33 21
528.312 1 2 2 2 0 5 0 6 33 20
529.889 1 2 2 2 0 4 0 5 33 21
531.19 1 2 2 2 0 5 0 6 33 20
534.118 1 2 2 2 0 6 0 7 33 19
537.678 1 2 2 2 0 5 0 6 33 20
538.12 1 2 2 2 0 6 0 7 33 19
538.19 1 2 2 2 0 5 0 6 33 20
538.417 1 2 2 2 0 6 0 7 33 19
541.185 1 2 2 2 0 5 0 6 33 20
543.548 1 2 2 2 0 6 0 7 33 19
545.179 1 3 2 2 1 6 0 6 33 19
546.798 1 3 2 2 1 7 0 7 33 18
547.153 2 4 2 2 0 7 0 7 33 18
548.105 2 4 2 2 0 8 0 8 33 17
550.449 2 4 2 2 0 7 0 7 33 18
553.592 1 3 2 2 1 7 0 7 33 18
555.348 1 3 2 2 1 6 0 6 33 19
557.889 1 3 2 2 1 7 0 7 33 18
559.2 1 3 2 2 1 6 0 6 33 19
560.507 1 3 2 2 1 5 0 5 33 20
561.316 1 3 2 2 0 4 1 5 33 20
564.423 1 4 2 2 1 4 1 4 33 20
566.191 0 3 2 2 2 4 1 4 33 20
567.292 1 4 2 2 1 4 1 4 33 20
568.941 1 4 2 2 1 5 1 5 33 19
570.507 1 4 2 2 1 6 1 6 33 18
571.808 1 5 2 2 1 6 2 6 32 18
572.667 1 5 2 2 0 5 3 6 32 18
574.907 1 5 2 2 0 6 3 7 32 17
580.39 1 5 2 2 0 5 3 6 32 18
581.707 1 5 1 1 0 6 3 6 32 18
583.091 1 5 2 2 0 5 3 6 32 18
583.948 1 5 2 2 0 4 3 5 32 19
585.807 1 5 2 2 0 5 3 6 32 18
586.141 1 6 2 2 1 5 3 5 32 18
587.895 1 6 2 2 1 4 3 4 32 19
588.236 1 6 2 2 1 3 3 3 32 20
588.407 1 6 1 1 1 4 3 3 32 20
589.617 1 6 1 1 1 3 3 2 32 21
590.496 1 6 1 1 1 4 3 3 32 20
593.91 1 6 1 1 1 5 3 4 32 19
594.967 1 6 1 1 1 4 3 3 32 20
595.896 1 6 1 1 1 5 3 4 32 19
596.71 1 6 1 1 1 6 3 5 32 18
596.893 1 6 1 1 1 5 3 4 32 19
596.895 1 5 1 1 1 5 2 4 33 19
597.566 1 5 1 1 1 4 2 3 33 20
597.905 1 4 1 1 1 4 1 3 34 20
598.269 1 4 1 1 0 3 2 3 34 20
598.286 1 4 1 1 0 4 2 4 34 19
598.819 1 4 1 1 0 3 2 3 34 20
598.923 1 4 1 1 0 4 2 4 34 19
599.775 1 4 1 1 0 5 2 5 34 18
600.528 1 4 0 0 0 6 2 5 34 18
602.822 1 4 0 0 0 5 2 4 34 19
603.129 1 4 0 0 0 4 2 3 34 20
607.769 1 4 0 0 0 3 2 2 34 21
608.366 1 4 0 0 0 4 2 3 34 20
611.477 1 4 0 0 0 3 2 2 34 21
613.925 0 3 0 0 1 3 2 2 34 21
614.308 0 3 1 1 1 2 2 2 34 21
617.087 0 3 1 1 1 3 2 3 34 20
617.938 0 2 1 1 1 3 1 3 35 20
618.996 0 2 1 1 1 4 1 4 35 19
622.23 0 2 1 1 1 5 1 5 35 18
627.038 0 2 1 1 1 6 1 6 35 17
627.312 0 2 0 0 1 7 1 6 35 17
628.392 0 2 0 0 1 6 1 5 35 18
628.658 0 1 0 0 1 6 0 5 36 18
629.754 0 1 0 0 0 5 1 5 36 18
632.305 0 1 0 0 0 4 1 4 36 19
634.47 0 1 0 0 1 5 0 4 36 19
635.366 0 1 0 0 1 4 0 3 36 20
635.462 0 1 0 0 1 5 0 4 36 19
637.093 0 1 0 0 1 4 0 3 36 20
637.402 0 1 0 0 1 3 0 2 36 21
638.68 0 1 0 0 1 2 0 1 36 22
639.626 0 2 0 0 2 2 0 0 36 22
643.301 0 2 0 0 2 3 0 1 36 21
644.122 0 2 0 0 2 4 0 2 36 20
644.326 0 2 0 0 2 5 0 3 36 19
646.305 0 2 0 0 2 6 0 4 36 18
646.75 0 2 0 0 2 7 0 5 36 17
649.058 0 2 1 1 2 6 0 5 36 17
649.324 0 3 1 1 3 6 0 4 36 17
649.919 0 3 1 1 2 5 1 4 36 17
657.226 0 3 1 1 1 4 2 4 36 17
658.767 0 3 1 1 1 5 2 5 36 16
661.984 0 3 1 1 1 4 2 4 36 17
663.515 0 4 1 1 2 4 2 3 36 17
664.219 0 4 1 1 2 3 2 2 36 18
664.673 0 3 1 1 1 3 2 3 36 18
666.396 0 4 1 1 2 3 2 2 36 18
667.796 0 4 1 1 2 4 2 3 36 17
668.199 0 3 1 1 2 4 1 3 37 17
673.367 0 3 1 1 2 5 1 4 37 16
673.52 0 3 1 1 2 4 1 3 37 17
675.126 0 3 1 1 2 5 1 4 37 16
678.2 0 4 1 1 2 5 2 4 36 16
680.291 0 4 1 1 2 6 2 5 36 15
682.017 0 4 1 1 2 7 2 6 36 14
685.208 0 4 1 1 2 6 2 5 36 15
685.346 0 4 1 1 2 5 2 4 36 16
685.507 0 4 1 1 1 4 3 4 36 16
685.731 0 4 1 1 1 3 3 3 36 17
686.781 0 5 1 1 2 3 3 2 36 17
687.58 0 4 1 1 1 3 3 3 36 17
688.072 0 3 1 1 1 3 2 3 37 17
688.442 0 3 1 1 1 2 2 2 37 18
689.235 0 3 1 1 1 3 2 3 37 17
691.139 0 3 1 1 1 4 2 4 37 16
693.308 0 3 1 1 1 3 2 3 37 17
697.238 0 3 1 1 1 4 2 4 37 16
697.289 0 3 1 1 1 3 2 3 37 17
699.709 0 3 1 1 1 2 2 2 37 18
702.713 0 3 1 1 1 3 2 3 37 17
707.52 1 4 1 1 0 3 2 3 37 17
707.851 0 3 1 1 1 3 2 3 37 17
708.241 0 3 1 1 1 4 2 4 37 16
714.482 0 3 1 1 1 5 2 5 37 15
718.524 0 4 1 1 2 5 2 4 37 15
720.673 0 4 1 1 2 6 2 5 37 14
720.713 0 4 1 1 1 5 3 5 37 14
721.125 0 4 1 1 1 6 3 6 37 13
722.953 0 4 1 1 1 5 3 5 37 14
724.226 0 5 1 1 2 5 3 4 37 14
726.146 0 5 1 1 2 6 3 5 37 13
726.173 0 5 1 1 2 5 3 4 37 14
727.205 0 5 1 1 2 6 3 5 37 13
727.625 0 5 1 1 2 7 3 6 37 12
729.577 0 5 1 1 2 8 3 7 37 11
730.508 0 4 1 1 1 8 3 8 37 11
731.634 0 4 1 1 1 7 3 7 37 12
733.152 0 3 1 1 1 7 2 7 38 12
733.159 0 3 1 1 1 6 2 6 38 13
733.358 0 2 1 1 1 6 1 6 39 13
733.486 0 1 1 1 0 6 1 7 39 13
733.87 0 1 1 1 0 7 1 8 39 12
736.69 0 1 1 1 0 6 1 7 39 13
737.255 0 1 1 1 0 5 1 6 39 14
744.011 0 1 1 1 0 4 1 5 39 15
750.983 0 1 1 1 0 3 1 4 39 16
751.3 0 0 1 1 0 3 0 4 40 16
752.281 0 1 1 1 1 3 0 3 40 16
752.356 0 2 1 1 2 3 0 2 40 16
756.799 0 1 1 1 1 3 0 3 40 16
759.18 0 1 1 1 1 4 0 4 40 15
761.136 0 1 1 1 1 5 0 5 40 14
761.617 0 1 1 1 1 6 0 6 40 13
761.811 0 1 1 1 1 7 0 7 40 12
761.826 0 2 1 1 2 7 0 6 40 12
762.049 0 2 1 1 2 8 0 7 40 11
762.208 0 2 1 1 2 7 0 6 40 12
762.505 0 2 1 1 2 8 0 7 40 11
764.466 0 2 1 1 2 7 0 6 40 12
765.77 0 2 1 1 2 6 0 5 40 13
766.473 0 2 1 1 2 5 0 4 40 14
767.774 0 2 2 2 2 4 0 4 40 14
769.354 0 1 2 2 1 4 0 5 40 14
769.622 0 1 2 2 1 3 0 4 40 15
770.919 0 1 1 1 1 4 0 4 40 15
772.262 0 1 1 1 1 5 0 5 40 14
773.338 0 1 1 1 1 6 0 6 40 13
773.953 0 1 1 1 1 5 0 5 40 14
774.819 0 2 1 1 1 5 1 5 39 14
778.923 0 3 1 1 2 5 1 4 39 14
780.822 0 3 1 1 2 6 1 5 39 13
781.755 0 2 1 1 1 6 1 6 39 13
782.605 0 2 1 1 1 5 1 5 39 14
785.638 0 2 1 1 1 6 1 6 39 13
785.94 1 3 1 1 0 6 1 6 39 13
786.015 1 3 1 1 0 5 1 5 39 14
786.081 1 3 1 1 0 4 1 4 39 15
786.153 1 3 2 2 0 3 1 4 39 15
787.291 1 3 2 2 0 4 1 5 39 14
787.732 1 3 2 2 0 3 1 4 39 15
788.055 1 3 2 2 0 2 1 3 39 16
793.251 1 4 2 2 1 2 1 2 39 16
796.092 1 4 2 2 1 3 1 3 39 15
796.65 1 4 2 2 1 4 1 4 39 14
798.439 1 4 2 2 1 5 1 5 39 13
799.442 1 5 2 2 2 5 1 4 39 13
799.757 1 5 1 1 2 6 1 4 39 13
799.928 1 5 1 1 2 5 1 3 39 14
801.463 1 5 0 0 2 6 1 3 39 14
804.531 1 4 0 0 2 6 0 3 40 14
805.318 1 4 0 0 1 5 1 3 40 14
806.136 1 5 0 0 2 5 1 2 40 14
807.267 1 6 0 0 2 5 2 2 39 14
807.289 1 6 0 0 1 4 3 2 39 14
808.619 1 6 0 0 1 5 3 3 39 13
810.48 1 5 0 0 0 5 3 4 39 13
814.097 1 5 0 0 0 4 3 3 39 14
814.638 1 5 0 0 0 3 3 2 39 15
817.715 1 6 0 0 0 3 4 2 38 15
819.781 1 7 0 0 1 3 4 1 38 15
821.318 1 7 0 0 1 4 4 2 38 14
823.041 1 6 0 0 1 4 3 2 39 14
823.178 1 5 0 0 1 4 2 2 40 14
824.292 1 4 0 0 0 4 2 3 40 14
827.249 1 4 0 0 0 5 2 4 40 13
828.584 1 4 0 0 0 6 2 5 40 12
828.991 1 4 0 0 0 5 2 4 40 13
830.442 1 4 0 0 0 4 2 3 40 14
830.984 1 4 1 1 0 3 2 3 40 14
832.94 1 4 1 1 0 2 2 2 40 15
836.583 1 4 1 1 0 3 2 3 40 14
837.873 1 4 1 1 0 2 2 2 40 15
842.43 1 4 2 2 0 1 2 2 40 15
843.037 1 5 2 2 0 1 3 2 39 15
843.367 1 5 1 1 0 2 3 2 39 15
850.478 1 4 1 1 0 2 2 2 40 15
850.497 1 4 2 2 0 1 2 2 40 15
852.657 1 4 2 2 0 2 2 3 40 14
854.058 0 3 2 2 1 2 2 3 40 14
857.648 0 3 2 2 1 3 2 4 40 13
858.354 0 3 2 2 1 4 2 5 40 12
858.952 1 4 2 2 0 4 2 5 40 12
859.165 1 3 2 2 0 4 1 5 41 12
859.598 1 3 2 2 0 5 1 6 41 11
860.33 1 3 2 2 0 4 1 5 41 12
860.48 1 3 2 2 0 5 1 6 41 11
860.488 1 3 2 2 0 4 1 5 41 12
863.038 1 3 2 2 0 3 1 4 41 13
863.419 1 3 1 1 0 4 1 4 41 13
864.623 1 3 1 1 0 5 1 5 41 12
867.664 1 4 1 1 1 5 1 4 41 12
867.723 1 3 1 1 0 5 1 5 41 12
867.724 1 3 1 1 0 4 1 4 41 13
872.521 1 4 1 1 1 4 1 3 41 13
874.329 1 4 1 1 1 3 1 2 41 14
876.568 1 3 1 1 1 3 0 2 42 14
883.329 1 3 1 1 0 2 1 2 42 14
884.719 1 3 1 1 0 3 1 3 42 13
887.937 1 4 1 1 1 3 1 2 42 13
888.978 1 4 1 1 1 4 1 3 42 12
889.725 1 5 1 1 1 4 2 3 41 12
889.935 1 5 1 1 1 5 2 4 41 11
893.853 1 4 1 1 1 5 1 4 42 11
894.099 1 4 1 1 1 6 1 5 42 10
896.142 1 4 1 1 1 5 1 4 42 11
896.893 1 4 1 1 1 4 1 3 42 12
901.605 1 5 1 1 2 4 1 2 42 12
902.261 1 5 1 1 1 3 2 2 42 12
908.856 1 5 1 1 1 4 2 3 42 11
909.631 1 5 1 1 1 3 2 2 42 12
913.3 0 4 1 1 2 3 2 2 42 12
914.363 0 3 1 1 1 3 2 3 42 12
918.598 0 3 1 1 1 2 2 2 42 13
922.52 0 4 1 1 2 2 2 1 42 13
923.344 0 4 1 1 2 3 2 2 42 12
924.98 0 4 1 1 2 2 2 1 42 13
926.732 0 4 1 1 2 1 2 0 42 14
932.217 0 4 1 1 2 2 2 1 42 13
933.621 0 4 0 0 2 3 2 1 42 13
935.065 0 4 0 0 2 4 2 2 42 12
936.593 0 3 0 0 2 4 1 2 43 12
939.045 0 4 0 0 2 4 2 2 42 12
939.392 0 4 0 0 1 3 3 2 42 12
940.234 0 4 0 0 1 4 3 3 42 11
940.469 0 4 0 0 1 3 3 2 42 12
942.836 0 3 0 0 1 3 2 2 43 12
945.069 0 3 0 0 1 4 2 3 43 11
947.532 0 4 0 0 2 4 2 2 43 11
950.561 0 4 1 1 2 3 2 2 43 11
955.525 0 4 1 1 2 4 2 3 43 10
956.907 1 5 1 1 1 4 2 3 43 10
958.919 1 5 1 1 1 5 2 4 43 9
959.015 1 5 1 1 1 4 2 3 43 10
960.174 1 5 1 1 1 3 2 2 43 11
961.781 1 5 0 0 1 4 2 2 43 11
964.048 1 5 0 0 1 5 2 3 43 10
966.328 1 6 0 0 1 5 3 3 42 10
967.309 1 5 0 0 1 5 2 3 43 10
967.861 1 4 0 0 1 5 1 3 44 10
974.808 1 5 0 0 1 5 2 3 43 10
975.689 1 5 0 0 1 4 2 2 43 11
976.386 0 4 0 0 2 4 2 2 43 11
978.373 0 4 0 0 1 3 3 2 43 11
979.298 0 5 0 0 2 3 3 1 43 11
980.136 0 5 0 0 2 4 3 2 43 10
981.184 0 4 0 0 2 4 2 2 44 10
983.316 0 4 0 0 2 5 2 3 44 9
986.938 0 3 0 0 1 5 2 4 44 9
988.676 0 4 0 0 2 5 2 3 44 9
989.033 0 4 0 0 2 6 2 4 44 8
989.387 0 3 0 0 2 6 1 4 45 8
989.592 0 3 0 0 1 5 2 4 45 8
989.888 0 3 0 0 1 4 2 3 45 9
993.366 0 4 0 0 1 4 3 3 44 9
994.157 0 3 0 0 0 4 3 4 44 9
997.53 0 3 0 0 0 3 3 3 44 10
998.581 0 3 0 0 0 4 3 4 44 9
1000.9 0 2 0 0 0 4 2 4 45 9
1008.74 0 1 0 0 0 4 1 4 46 9
1009.76 0 1 0 0 0 5 1 5 46 8
1010.09 0 1 0 0 0 4 1 4 46 9
1010.42 0 1 0 0 0 3 1 3 46 10
1015.77 0 1 0 0 0 2 1 2 46 11
1018.18 0 1 0 0 0 3 1 3 46 10
1019.21 0 2 0 0 0 3 2 3 45 10
1020.99 0 3 0 0 1 3 2 2 45 10
1022.62 0 3 1 1 1 2 2 2 45 10
1023.92 0 3 2 2 1 1 2 2 45 10
1024.19 0 3 2 2 1 2 2 3 45 9
1032.18 0 4 2 2 2 2 2 2 45 9
1036.14 0 3 2 2 1 2 2 3 45 9
1036.3 0 3 2 2 1 3 2 4 45 8
1039.22 0 3 2 2 1 2 2 3 45 9
1039.27 0 3 2 2 1 1 2 2 45 10
1042.01 0 3 2 2 1 2 2 3 45 9
1048.7 0 2 2 2 0 2 2 4 45 9
1048.77 0 2 2 2 0 3 2 5 45 8
1050.43 0 2 2 2 0 2 2 4 45 9
1061.31 0 1 2 2 0 2 1 4 46 9
1061.82 0 1 2 2 0 3 1 5 46 8
1063.82 0 1 3 3 0 2 1 5 46 8
1067.06 0 1 2 2 0 3 1 5 46 8
1067.3 0 1 2 2 0 4 1 6 46 7
1068.89 0 1 2 2 0 5 1 7 46 6
1069.1 0 1 2 2 0 4 1 6 46 7
1070.96 0 1 2 2 0 3 1 5 46 8
1071.29 0 1 2 2 0 2 1 4 46 9
1071.3 0 1 2 2 0 1 1 3 46 10
1072.47 0 1 2 2 0 2 1 4 46 9
1074.5 0 1 2 2 0 1 1 3 46 10
1076.11 0 1 2 2 0 2 1 4 46 9
1078.74 0 1 2 2 0 3 1 5 46 8
1080.03 0 1 1 1 0 4 1 5 46 8
1080.46 0 2 1 1 1 4 1 4 46 8
1085.86 0 3 1 1 2 4 1 3 46 8
1087.67 0 3 2 2 2 3 1 3 46 8
1092.07 0 3 2 2 2 4 1 4 46 7
1092.82 0 3 2 2 1 3 2 4 46 7
1093.42 0 2 2 2 1 3 1 4 47 7
1093.62 0 3 2 2 2 3 1 3 47 7
1094.23 0 3 2 2 2 2 1 2 47 8
1094.9 0 4 2 2 3 2 1 1 47 8
1095.48 0 4 2 2 3 3 1 2 47 7
1095.78 1 5 2 2 2 3 1 2 47 7
1096.36 1 4 2 2 1 3 1 3 47 7
1097.23 1 4 2 2 1 2 1 2 47 8
1104.68 1 4 2 2 0 1 2 2 47 8
1112.88 1 4 2 2 0 2 2 3 47 7
1117.92 1 4 2 2 0 3 2 4 47 6
1120.39 1 4 2 2 0 2 2 3 47 7
1121.66 1 4 2 2 0 3 2 4 47 6
1121.82 1 4 2 2 0 4 2 5 47 5
1122.8 1 4 3 3 0 3 2 5 47 5
1123.01 1 4 3 3 0 2 2 4 47 6
1123.45 1 4 3 3 0 3 2 5 47 5
1128.14 1 4 4 4 0 2 2 5 47 5
1131.48 1 4 4 4 0 3 2 6 47 4
1133.83 0 3 4 4 1 3 2 6 47 4
1134.46 0 3 3 3 1 4 2 6 47 4
1135.52 0 3 3 3 1 3 2 5 47 5
1136.62 0 2 3 3 0 3 2 6 47 5
1136.76 0 3 3 3 1 3 2 5 47 5
1138.42 0 3 2 2 1 4 2 5 47 5
1140.31 0 3 3 3 1 3 2 5 47 5
1140.34 0 4 3 3 2 3 2 4 47 5
1140.35 1 5 3 3 1 3 2 4 47 5
1141.14 1 5 3 3 1 4 2 5 47 4
1142.45 1 4 3 3 1 4 1 5 48 4
1143.57 1 4 3 3 1 3 1 4 48 5
1144.16 1 4 3 3 1 2 1 3 48 6
1147.95 1 4 3 3 1 3 1 4 48 5
1154.7 1 4 3 3 1 2 1 3 48 6
1155.15 1 3 3 3 1 2 0 3 49 6
1157.21 1 3 4 4 1 1 0 3 49 6
1158.96 1 3 3 3 1 2 0 3 49 6
1167.31 1 3 2 2 1 3 0 3 49 6
1170.23 0 2 2 2 2 3 0 3 49 6
1170.63 0 2 2 2 2 4 0 4 49 5
1177.94 0 2 2 2 2 3 0 3 49 6
1179.66 0 2 1 1 2 4 0 3 49 6
1185.46 1 3 1 1 1 4 0 3 49 6
1186.58 1 3 1 1 1 5 0 4 49 5
1188.35 1 2 1 1 0 5 0 5 49 5
1193.64 1 2 1 1 0 4 0 4 49 6
1195.5 1 2 1 1 0 5 0 5 49 5
1197.42 1 3 1 1 1 5 0 4 49 5
1197.9 1 3 1 1 1 4 0 3 49 6
1201.5 1 4 1 1 1 4 1 3 48 6
1201.75 1 4 1 1 1 5 1 4 48 5
1204.91 1 4 1 1 1 4 1 3 48 6
1205.18 1 3 1 1 0 4 1 4 48 6
1206.52 1 3 1 1 0 3 1 3 48 7
1210.6 1 3 1 1 1 4 0 3 48 7
1215.73 1 3 1 1 1 3 0 2 48 8
1216.49 1 3 1 1 1 4 0 3 48 7
1219.13 1 3 1 1 1 5 0 4 48 6
1222.28 1 3 1 1 0 4 1 4 48 6
1223.25 1 4 1 1 1 4 1 3 48 6
1226.87 1 4 1 1 1 5 1 4 48 5
1227.33 1 5 1 1 2 5 1 3 48 5
1227.85 1 4 1 1 1 5 1 4 48 5
1228.87 1 4 1 1 1 4 1 3 48 6
1229.35 1 4 1 1 1 5 1 4 48 5
1232.32 1 5 1 1 1 5 2 4 47 5
1232.91 1 5 1 1 1 4 2 3 47 6
1236.47 1 5 2 2 1 3 2 3 47 6
1236.99 1 5 2 2 1 4 2 4 47 5
1237.13 1 5 1 1 1 5 2 4 47 5
1239.19 1 5 1 1 0 4 3 4 47 5
1240.88 1 4 1 1 0 4 2 4 48 5
1241.43 1 4 1 1 0 5 2 5 48 4
1247.67 1 4 0 0 0 6 2 5 48 4
1247.75 1 5 0 0 0 6 3 5 47 4
1248.1 1 4 0 0 0 6 2 5 48 4
1249.03 1 4 0 0 0 5 2 4 48 5
1258.46 1 4 0 0 0 4 2 3 48 6
1258.66 1 5 0 0 0 4 3 3 47 6
1258.67 1 6 0 0 1 4 3 2 47 6
1259.84 1 5 0 0 1 4 2 2 48 6
1261.53 1 4 0 0 1 4 1 2 49 6
1262.38 1 5 0 0 2 4 1 1 49 6
1262.51 1 5 0 0 2 3 1 0 49 7
1264.22 1 5 0 0 2 4 1 1 49 6
1265.24 1 5 0 0 2 5 1 2 49 5
1265.28 1 5 0 0 1 4 2 2 49 5
1273.65 1 6 0 0 2 4 2 1 49 5
1282.01 1 6 0 0 1 3 3 1 49 5
1282.34 1 6 0 0 1 4 3 2 49 4
1282.61 2 7 0 0 0 4 3 2 49 4
1286.37 2 6 0 0 0 4 2 2 50 4
1289.27 1 5 0 0 1 4 2 2 50 4
1289.47 1 4 0 0 1 4 1 2 51 4
1289.96 1 4 0 0 1 5 1 3 51 3
1298.02 1 4 0 0 1 4 1 2 51 4
1303.6 2 5 0 0 0 4 1 2 51 4
1304.61 2 5 0 0 0 5 1 3 51 3
1308.35 2 5 1 1 0 4 1 3 51 3
1310.61 2 6 1 1 1 4 1 2 51 3
1312.01 1 5 1 1 2 4 1 2 51 3
1312.83 1 5 1 1 2 3 1 1 51 4
1316.38 1 5 2 2 2 2 1 1 51 4
1319.39 1 4 2 2 2 2 0 1 52 4
1319.92 1 4 2 2 1 1 1 1 52 4
1325.13 1 5 2 2 2 1 1 0 52 4
1325.32 1 4 2 2 1 1 1 1 52 4
1330.94 1 3 2 2 1 1 0 1 53 4
1332.92 1 3 1 1 1 2 0 1 53 4
1335.82 1 3 2 2 1 1 0 1 53 4
1347.43 1 4 2 2 1 1 1 1 52 4
1347.52 1 3 2 2 1 1 0 1 53 4
1356.5 1 3 2 2 1 2 0 2 53 3
1363.48 1 3 2 2 1 1 0 1 53 4
1368.04 1 4 2 2 2 1 0 0 53 4
1373.51 1 4 2 2 2 2 0 1 53 3
1374.2 1 4 2 2 2 3 0 2 53 2
1376.05 1 4 1 1 2 4 0 2 53 2
1376.92 1 5 1 1 3 4 0 1 53 2
1379.1 1 5 1 1 3 3 0 0 53 3
1384.81 2 6 1 1 2 3 0 0 53 3
1388 1 5 1 1 3 3 0 0 53 3
1392.82 2 6 1 1 2 3 0 0 53 3
1395.73 2 6 1 1 2 4 0 1 53 2
1396.31 2 6 1 1 2 5 0 2 53 1
1398.23 2 7 1 1 2 5 1 2 52 1
1399.27 2 6 1 1 2 5 0 2 53 1
1402.98 3 7 1 1 1 5 0 2 53 1
1407.72 3 7 1 1 0 4 1 2 53 1
1412.02 3 6 1 1 0 4 0 2 54 1
1420.43 3 6 0 0 0 5 0 2 54 1
1422.44 3 7 0 0 1 5 0 1 54 1
1424.46 2 6 0 0 2 5 0 1 54 1
1432.56 1 5 0 0 3 5 0 1 54 1
1442.1 1 4 0 0 2 5 0 2 54 1
1442.62 1 4 0 0 1 4 1 2 54 1
1448.53 1 4 0 0 0 3 2 2 54 1
1454.78 1 3 0 0 0 3 1 2 55 1
1456.12 1 3 1 1 0 2 1 2 55 1
1464.41 1 3 2 2 0 1 1 2 55 1
1467.73 1 4 2 2 0 1 2 2 54 1
1471.06 1 4 1 1 0 2 2 2 54 1
1481.34 1 4 1 1 1 3 1 2 54 1
1481.52 1 3 1 1 1 3 0 2 55 1
1491.74 1 3 1 1 0 2 1 2 55 1
1493.04 1 2 1 1 0 2 0 2 56 1
1496.61 1 2 1 1 0 1 0 1 56 2
1517.84 0 1 1 1 1 1 0 1 56 2
1524.56 0 1 1 1 1 0 0 0 56 3
1535.79 0 2 1 1 1 0 1 0 55 3
1539.35 0 1 1 1 0 0 1 1 55 3
1543.94 0 1 1 1 0 1 1 2 55 2
1553.15 0 1 1 1 0 2 1 3 55 1
1562.81 0 1 1 1 0 1 1 2 55 2
1567.94 0 2 1 1 0 1 2 2 54 2
1569.78 0 1 1 1 0 1 1 2 55 2
1582.44 0 1 2 2 0 0 1 2 55 2
1591.66 0 2 2 2 0 0 2 2 54 2
1621.82 0 1 2 2 0 0 1 2 55 2
1625.78 0 1 1 1 0 1 1 2 55 2
1632.27 0 2 1 1 0 1 2 2 54 2
1640.09 0 1 1 1 0 1 1 2 55 2
1641.55 0 2 1 1 0 1 2 2 54 2
1650.89 0 2 1 1 0 0 2 1 54 3
1654.2 0 2 1 1 0 1 2 2 54 2
1655.51 0 2 1 1 0 0 2 1 54 3
1656.94 0 3 1 1 0 0 3 1 53 3
1667.01 0 2 1 1 0 0 2 1 54 3
1674.07 0 3 1 1 0 0 3 1 53 3
1679.86 0 3 0 0 0 1 3 1 53 3
1702.53 0 2 0 0 0 1 2 1 54 3
1714.78 0 2 0 0 0 0 2 0 54 4
1721.07 0 2 0 0 0 1 2 1 54 3
1724.2 0 3 0 0 0 1 3 1 53 3
1724.5 0 2 0 0 0 1 2 1 54 3
1727.84 0 3 0 0 0 1 3 1 53 3
1728.97 0 2 0 0 0 1 2 1 54 3
1732.94 0 2 0 0 0 2 2 2 54 2
1737.23 0 2 0 0 0 3 2 3 54 1
1755.34 0 2 0 0 0 2 2 2 54 2
1759.12 0 2 0 0 0 3 2 3 54 1
1762.02 0 2 0 0 0 2 2 2 54 2
1768.39 0 3 0 0 1 2 2 1 54 2
1770.59 0 4 0 0 2 2 2 0 54 2
1775.91 0 4 0 0 1 1 3 0 54 2
1776.48 0 3 0 0 1 1 2 0 55 2
1785 0 2 0 0 1 1 1 0 56 2
1789.7 0 2 0 0 1 2 1 1 56 1
1791.95 0 1 0 0 0 2 1 2 56 1
1802.63 0 2 0 0 0 2 2 2 55 1
1806.02 0 2 0 0 0 3 2 3 55 0
1816.83 0 2 0 0 0 2 2 2 55 1
1845.53 0 3 0 0 1 2 2 1 55 1
1855.84 1 4 0 0 0 2 2 1 55 1
1858.02 1 3 0 0 0 2 1 1 56 1
1860.05 1 2 0 0 0 2 0 1 57 1
1889.4 1 2 1 1 0 1 0 1 57 1
1893.9 1 3 1 1 0 1 1 1 56 1
1909.94 1 2 1 1 0 1 0 1 57 1
1924.18 1 2 2 2 0 0 0 1 57 1
1933.65 1 2 1 1 0 1 0 1 57 1
1937.27 1 3 1 1 1 1 0 0 57 1
1946.78 1 2 1 1 0 1 0 1 57 1
1955.12 0 1 1 1 1 1 0 1 57 1
1959.82 0 2 1 1 2 1 0 0 57 1
1961.94 0 1 1 1 1 1 0 1 57 1
1963.93 0 1 1 1 1 2 0 2 57 0
1966.18 0 2 1 1 1 2 1 2 56 0
1968.52 0 3 1 1 2 2 1 1 56 0
1973.18 0 2 1 1 1 2 1 2 56 0
1987.21 0 1 1 1 1 2 0 2 57 0
1990.37 0 0 1 1 0 2 0 3 57 0
1995.43 0 0 1 1 0 1 0 2 57 1
2000.37 0 1 1 1 1 1 0 1 57 1
2003.63 0 1 1 1 1 2 0 2 57 0
2017.31 0 0 1 1 0 2 0 3 57 0
2030.81 0 1 1 1 1 2 0 2 57 0
2031.59 1 2 1 1 0 2 0 2 57 0
2043.89 1 2 1 1 0 1 0 1 57 1
2049.74 1 2 1 1 0 2 0 2 57 0
2062.58 1 2 1 1 0 1 0 1 57 1
2083.85 0 1 1 1 1 1 0 1 57 1
2095.58 0 1 1 1 1 2 0 2 57 0
2096.1 0 1 0 0 1 3 0 2 57 0
2097.17 0 1 0 0 1 2 0 1 57 1
2105.1 0 1 0 0 1 3 0 2 57 0
2109.27 0 1 0 0 0 2 1 2 57 0
2128.43 0 1 0 0 0 1 1 1 57 1
2140.18 0 1 0 0 0 2 1 2 57 0
2142.29 0 1 0 0 0 1 1 1 57 1
2145.03 0 1 0 0 0 2 1 2 57 0
2155.91 0 0 0 0 0 2 0 2 58 0
2156.96 0 0 0 0 0 1 0 1 58 1
2166.09 0 0 1 1 0 0 0 1 58 1
2173.75 0 1 1 1 0 0 1 1 57 1
2211.81 0 1 1 1 0 1 1 2 57 0
2217.73 0 1 1 1 0 0 1 1 57 1
2275.94 0 1 1 1 0 1 1 2 57 0
2294.87 0 2 1 1 1 1 1 1 57 0
2295.1 0 2 1 1 0 0 2 1 57 0
2311.35 0 1 1 1 0 0 1 1 58 0
2377.03 0 2 1 1 1 0 1 0 58 0
2386.69 0 1 1 1 1 0 0 0 59 0
2387.99 0 2 1 1 1 0 1 0 58 0
2428.95 0 3 1 1 1 0 2 0 57 0
2448.02 0 4 1 1 1 0 3 0 56 0
2449.75 0 3 1 1 1 0 2 0 57 0
2450.52 1 4 1 1 0 0 2 0 57 0
2453.07 1 3 1 1 0 0 1 0 58 0
2455.22 1 2 1 1 0 0 0 0 59 0
2462.65 1 3 1 1 0 0 1 0 58 0
2476.28 1 3 0 0 0 1 1 0 58 0
2495.24 1 2 0 0 0 1 0 0 59 0
2523.04 1 2 1 1 0 0 0 0 59 0
2547.7 0 1 1 1 1 0 0 0 59 0
2559.42 0 2 1 1 1 0 1 0 58 0
2564.44 1 3 1 1 0 0 1 0 58 0
2573.61 0 2 1 1 1 0 1 0 58 0
2576.57 0 1 1 1 0 0 1 1 58 0
2628.57 0 2 1 1 1 0 1 0 58 0
2650.01 0 1 1 1 1 0 0 0 59 0
2656.47 0 2 1 1 1 0 1 0 58 0
2661.8 1 3 1 1 0 0 1 0 58 0
2668.6 1 2 1 1 0 0 0 0 59 0
2716.1 1 2 0 0 0 1 0 0 59 0
2720.99 1 3 0 0 0 1 1 0 58 0
2732.97 0 2 0 0 1 1 1 0 58 0
2750.6 0 2 1 1 1 0 1 0 58 0
2757.98 1 3 1 1 0 0 1 0 58 0
2786.8 1 4 1 1 0 0 2 0 57 0
2788.35 1 3 1 1 0 0 1 0 58 0
2795.44 1 2 1 1 0 0 0 0 59 0
2828.89 0 1 1 1 1 0 0 0 59 0
2836.66 0 1 0 0 1 1 0 0 59 0
2847.33 0 2 0 0 1 1 1 0 58 0
2848.79 0 2 0 0 2 2 0 0 58 0
2849.22 1 3 0 0 1 2 0 0 58 0
2852.99 2 4 0 0 0 2 0 0 58 0
2868.81 1 3 0 0 1 2 0 0 58 0
2910.68 1 2 0 0 0 2 0 1 58 0
2915.07 1 3 0 0 0 2 1 1 57 0
2928.61 0 2 0 0 1 2 1 1 57 0
2979.76 1 3 0 0 0 2 1 1 57 0
2982.07 1 3 1 1 0 1 1 1 57 0
2982.07 1 3 1 1 0 1 1 1 57 0
