0 60 120 60 60 0 0 0 0 0 0
0.000309626 60 120 59 59 0 1 0 0 0 0
0.00197234 59 119 59 59 1 1 0 0 0 0
0.0047531 58 118 59 59 2 1 0 0 0 0
0.02163 57 117 59 59 3 1 0 0 0 0
0.025488 57 116 59 59 2 1 0 1 0 0
0.0256668 56 115 59 59 3 1 0 1 0 0
0.051729 56 115 58 58 3 2 0 1 0 0
0.0524045 56 115 57 57 3 3 0 1 0 0
0.0545492 55 114 57 57 4 3 0 1 0 0
0.0707648 54 113 57 57 5 3 0 1 0 0
0.0854417 53 112 57 57 6 3 0 1 0 0
0.105285 52 111 57 57 7 3 0 1 0 0
0.114226 52 111 56 56 7 4 0 1 0 0
0.152352 52 111 55 55 7 5 0 1 0 0
0.196128 51 110 55 55 8 5 0 1 0 0
0.239858 50 109 55 55 9 5 0 1 0 0
0.251046 50 108 55 55 8 5 0 2 0 0
0.274183 49 107 55 55 9 5 0 2 0 0
0.284721 48 106 55 55 10 5 0 2 0 0
0.2927 47 105 55 55 11 5 0 2 0 0
0.30463 47 105 54 54 11 6 0 2 0 0
0.325896 47 105 53 53 11 7 0 2 0 0
0.336854 46 104 53 53 12 7 0 2 0 0
0.354474 45 103 53 53 13 7 0 2 0 0
0.35837 45 103 52 52 13 8 0 2 0 0
0.361202 44 102 52 52 14 8 0 2 0 0
0.361578 43 101 52 52 15 8 0 2 0 0
0.379036 42 100 52 52 16 8 0 2 0 0
0.384779 41 99 52 52 17 8 0 2 0 0
0.403923 41 99 51 51 17 9 0 2 0 0
0.404615 40 98 51 51 18 9 0 2 0 0
0.408943 39 97 51 51 19 9 0 2 0 0
0.430058 39 96 51 51 18 9 0 3 0 0
0.436374 39 96 50 50 18 10 0 3 0 0
0.449776 38 95 50 50 19 10 0 3 0 0
0.533902 38 94 50 50 18 10 0 4 0 0
0.536793 37 93 50 50 19 10 0 4 0 0
0.548908 36 92 50 50 20 10 0 4 0 0
0.562967 36 91 50 50 19 10 0 5 0 0
0.569865 35 90 50 50 20 10 0 5 0 0
0.584383 35 90 49 49 20 11 0 5 0 0
0.603358 34 89 49 49 21 11 0 5 0 0
0.613017 34 89 48 48 21 12 0 5 0 0
0.614348 33 88 48 48 22 12 0 5 0 0
0.658679 32 87 48 48 23 12 0 5 0 0
0.719536 31 86 48 48 24 12 0 5 0 0
0.72949 31 85 48 48 23 12 0 6 0 0
0.743982 31 84 48 48 22 12 0 7 0 0
0.748717 30 83 48 48 23 12 0 7 0 0
0.757386 29 82 48 48 24 12 0 7 0 0
0.773974 29 82 47 47 24 13 0 7 0 0
0.812074 28 81 47 47 25 13 0 7 0 0
0.814009 28 81 46 46 25 14 0 7 0 0
0.823742 28 81 45 45 25 15 0 7 0 0
0.839039 27 80 45 45 26 15 0 7 0 0
0.849919 27 79 45 45 25 15 0 8 0 0
0.854039 27 78 45 45 24 15 0 9 0 0
0.876435 27 78 44 44 24 16 0 9 0 0
0.88612 26 77 44 44 25 16 0 9 0 0
0.893633 26 76 44 44 24 16 0 10 0 0
0.90805 26 75 44 44 23 16 0 11 0 0
0.913408 25 74 44 44 24 16 0 11 0 0
0.926702 24 73 44 44 25 16 0 11 0 0
0.926821 24 73 43 43 25 17 0 11 0 0
0.946645 24 73 43 43 24 16 1 11 0 0
0.958991 24 72 43 43 23 16 1 12 0 0
0.988133 24 71 43 43 22 16 1 13 0 0
1.03429 23 70 43 43 23 16 1 13 0 0
1.05683 23 69 43 43 22 16 1 14 0 0
1.07097 23 68 43 43 21 16 1 15 0 0
1.13521 22 67 43 43 22 16 1 15 0 0
1.14067 22 66 43 43 21 16 1 16 0 0
1.19746 21 65 43 43 22 16 1 16 0 0
1.22727 21 64 43 43 21 16 1 17 0 0
1.24856 20 63 43 43 22 16 1 17 0 0
1.2676 20 63 43 43 22 15 1 16 0 1
1.27419 20 63 42 42 22 16 1 16 0 1
1.33797 20 63 41 41 22 17 1 16 0 1
1.35455 19 62 41 41 23 17 1 16 0 1
1.36472 20 63 41 41 22 17 1 16 0 1
1.37325 20 63 40 40 22 18 1 16 0 1
1.37796 19 62 40 40 23 18 1 16 0 1
1.475 19 63 40 40 24 18 1 15 0 1
1.51469 19 63 39 39 24 19 1 15 0 1
1.52193 19 62 39 39 23 19 1 16 0 1
1.55517 19 61 39 39 22 19 1 17 0 1
1.556 18 60 39 39 23 19 1 17 0 1
1.56411 17 59 39 39 24 19 1 17 0 1
1.60101 16 58 39 39 25 19 1 17 0 1
1.60606 16 57 39 39 24 19 1 18 0 1
1.67135 16 57 38 38 24 20 1 18 0 1
1.68148 16 57 38 38 24 19 1 17 0 2
1.69605 16 56 38 38 23 19 1 18 0 2
1.7399 15 55 38 38 24 19 1 18 0 2
1.74289 15 55 38 38 24 18 1 17 0 3
1.80277 15 54 38 38 23 18 1 18 0 3
1.85063 15 54 38 38 23 19 1 19 0 2
1.86313 15 54 37 37 23 20 1 19 0 2
1.86323 15 54 37 37 23 19 1 18 0 3
1.87518 15 53 37 37 22 19 1 19 0 3
1.88597 14 52 37 37 23 19 1 19 0 3
1.90202 14 51 37 37 22 19 1 20 0 3
1.97294 14 51 36 36 22 20 1 20 0 3
1.98144 14 51 35 35 22 21 1 20 0 3
2.00858 14 50 35 35 21 21 1 21 0 3
2.07609 14 50 35 35 20 20 2 21 0 3
2.07746 14 50 35 35 20 19 2 20 0 4
2.10478 14 50 35 35 19 18 3 20 0 4
2.11899 14 49 35 35 18 18 3 21 0 4
2.12939 14 49 35 35 17 17 4 21 0 4
2.14506 14 49 35 35 17 16 4 20 0 5
2.20124 14 49 35 35 17 15 4 19 0 6
2.20478 14 49 35 35 17 14 4 18 0 7
2.27868 14 49 35 35 17 13 4 17 0 8
2.28613 14 48 35 35 16 13 4 18 0 8
2.30221 14 48 34 34 16 14 4 18 0 8
2.30846 14 48 33 33 16 15 4 18 0 8
2.36669 14 49 33 33 17 15 4 17 0 8
2.38267 13 48 33 33 18 15 4 17 0 8
2.42093 12 47 33 33 19 15 4 17 0 8
2.43828 12 47 33 33 18 14 5 17 0 8
2.45258 12 46 33 33 18 14 4 17 1 8
2.49076 12 46 32 32 18 15 4 17 1 8
2.5595 11 45 32 32 19 15 4 17 1 8
2.5635 12 46 32 32 18 15 4 17 1 8
2.57966 12 46 32 32 17 14 5 17 1 8
2.58501 12 46 32 32 17 13 5 16 1 9
2.61888 12 45 32 32 16 13 5 17 1 9
2.62655 12 44 32 32 16 13 4 17 2 9
2.64273 12 43 32 32 15 13 4 18 2 9
2.67766 12 43 31 31 15 14 4 18 2 9
2.74848 12 43 30 30 15 15 4 18 2 9
2.76663 12 43 29 29 15 16 4 18 2 9
2.82082 12 43 28 28 15 17 4 18 2 9
2.85289 12 42 28 28 14 17 4 19 2 9
2.88717 12 42 27 27 14 18 4 19 2 9
2.95108 12 42 26 26 14 19 4 19 2 9
2.96133 12 41 26 26 13 19 4 20 2 9
3.0076 11 40 26 26 14 19 4 20 2 9
3.01841 11 40 25 25 14 20 4 20 2 9
3.26697 11 40 25 25 13 19 5 20 2 9
3.27145 11 40 25 25 13 18 5 19 2 10
3.31754 11 40 24 24 13 19 5 19 2 10
3.33808 11 40 23 23 13 20 5 19 2 10
3.53027 11 40 23 23 12 19 6 19 2 10
3.53143 11 39 23 23 12 19 5 19 3 10
3.54428 11 39 22 22 12 20 5 19 3 10
3.55193 11 39 22 22 11 19 6 19 3 10
3.57278 11 39 21 21 11 20 6 19 3 10
3.5804 11 39 20 20 11 21 6 19 3 10
3.58212 11 39 20 20 10 20 7 19 3 10
3.63387 11 39 19 19 10 21 7 19 3 10
3.66259 11 39 18 18 10 22 7 19 3 10
3.66318 10 38 18 18 11 22 7 19 3 10
3.73947 10 38 18 18 11 21 7 18 3 11
3.79865 10 38 17 17 11 22 7 18 3 11
3.87395 10 38 17 17 10 21 8 18 3 11
3.97743 10 38 17 17 10 20 8 17 3 12
3.99875 10 38 17 17 10 19 8 16 3 13
4.18558 10 37 17 17 9 19 8 17 3 13
4.26598 9 36 17 17 10 19 8 17 3 13
4.35521 8 35 17 17 11 19 8 17 3 13
4.45216 8 35 16 16 11 20 8 17 3 13
4.48365 8 35 16 16 11 21 8 18 3 12
4.54845 8 34 16 16 11 21 7 18 4 12
4.65462 8 34 16 16 10 20 8 18 4 12
4.65822 8 33 16 16 9 20 8 19 4 12
4.69152 8 32 16 16 8 20 8 20 4 12
4.69342 8 31 16 16 7 20 8 21 4 12
4.72755 8 31 15 15 7 21 8 21 4 12
4.79323 7 30 15 15 8 21 8 21 4 12
4.83499 7 30 15 15 8 20 8 20 4 13
4.91056 7 30 15 15 8 19 8 19 4 14
4.96175 7 30 14 14 8 20 8 19 4 14
4.98615 7 29 14 14 7 20 8 20 4 14
4.99135 6 28 14 14 8 20 8 20 4 14
5.02433 6 28 13 13 8 21 8 20 4 14
5.15147 6 28 13 13 8 22 8 21 4 13
5.22623 6 28 13 13 8 21 8 20 4 14
5.22773 6 28 13 13 8 20 8 19 4 15
5.30161 6 28 12 12 8 21 8 19 4 15
5.43742 6 27 12 12 8 21 7 19 5 15
5.44416 6 27 12 12 8 20 7 18 5 16
5.8251 6 27 12 12 8 19 7 17 5 17
5.88704 6 27 12 12 8 18 7 16 5 18
6.06703 5 26 12 12 9 18 7 16 5 18
6.09419 5 26 12 12 9 17 7 15 5 19
6.11626 5 26 11 11 9 18 7 15 5 19
6.16486 5 25 11 11 9 18 6 15 6 19
6.28195 5 24 11 11 9 18 5 15 7 19
6.65657 5 24 11 11 8 17 6 15 7 19
6.7384 5 24 11 11 8 16 6 14 7 20
6.8121 5 24 11 11 8 15 6 13 7 21
6.85374 4 23 11 11 9 15 6 13 7 21
6.89963 4 23 11 11 9 14 6 12 7 22
6.91699 4 23 10 10 9 15 6 12 7 22
6.92202 4 23 9 9 9 16 6 12 7 22
6.99155 5 24 9 9 8 16 6 12 7 22
7.41879 5 23 9 9 7 16 6 13 7 22
7.45018 5 22 9 9 6 16 6 14 7 22
7.61734 4 21 9 9 7 16 6 14 7 22
7.68472 4 21 8 8 7 17 6 14 7 22
7.71214 4 20 8 8 6 17 6 15 7 22
7.8831 4 19 8 8 5 17 6 16 7 22
7.90284 4 19 8 8 5 16 6 15 7 23
7.91491 4 19 8 8 5 17 6 16 7 22
8.35744 4 18 8 8 4 17 6 17 7 22
8.41991 4 18 8 8 4 16 6 16 7 23
8.66257 4 17 8 8 3 16 6 17 7 23
8.73456 3 16 8 8 4 16 6 17 7 23
9.06387 3 16 8 8 4 15 6 16 7 24
9.39199 3 16 7 7 4 16 6 16 7 24
9.45761 3 16 7 7 4 15 6 15 7 25
10.079 3 16 7 7 4 14 6 14 7 26
10.2434 3 16 8 8 4 13 6 14 7 26
10.4508 4 17 8 8 3 13 6 14 7 26
10.4763 3 16 8 8 4 13 6 14 7 26
10.4791 3 16 8 8 4 12 6 13 7 27
10.622 3 15 8 8 4 12 5 13 8 27
10.984 3 14 8 8 3 12 5 14 8 27
11.6221 3 14 7 7 3 13 5 14 8 27
11.8699 3 14 6 6 3 14 5 14 8 27
11.9812 3 14 5 5 3 15 5 14 8 27
12.0279 3 14 5 5 3 16 5 15 8 26
12.1707 3 14 5 5 3 15 5 14 8 27
12.1864 3 14 5 5 3 14 5 13 8 28
12.7869 3 14 5 5 2 13 6 13 8 28
12.8178 3 14 6 6 2 12 6 13 8 28
12.8231 3 14 6 6 2 13 6 14 8 27
12.9545 3 14 6 6 2 12 6 13 8 28
13.0092 2 13 6 6 3 12 6 13 8 28
13.3522 2 13 6 6 3 11 6 12 8 29
14.0738 2 12 6 6 3 11 5 12 9 29
14.3291 2 12 6 6 3 10 5 11 9 30
14.4822 2 12 6 6 3 9 5 10 9 31
15.3241 2 12 6 6 3 8 5 9 9 32
15.3696 2 11 6 6 2 8 5 10 9 32
15.4065 2 11 6 6 2 7 5 9 9 33
15.6343 2 11 6 6 3 8 4 9 9 33
15.9455 2 11 5 5 3 9 4 9 9 33
16.485 2 10 5 5 2 9 4 10 9 33
16.5252 2 10 5 5 2 8 4 9 9 34
16.794 2 10 5 5 2 9 4 10 9 33
17.436 2 10 5 5 2 8 4 9 9 34
17.5606 2 10 5 5 2 9 4 10 9 33
19.132 2 10 5 5 2 8 4 9 9 34
19.1804 2 9 5 5 2 8 3 9 10 34
19.7478 1 8 5 5 3 8 3 9 10 34
19.9677 1 8 5 5 3 9 3 10 10 33
20.1592 1 7 5 5 2 9 3 11 10 33
20.4886 1 8 5 5 3 9 3 10 10 33
21.8946 1 8 5 5 3 8 3 9 10 34
22.5385 1 8 5 5 3 9 3 10 10 33
22.5563 1 8 5 5 3 10 3 11 10 32
22.6979 1 8 5 5 3 9 3 10 10 33
23.9861 0 7 5 5 4 9 3 10 10 33
24.0469 0 7 5 5 4 10 3 11 10 32
24.4338 0 7 5 5 4 9 3 10 10 33
24.5399 0 7 5 5 4 8 3 9 10 34
26.6823 0 7 5 5 4 7 3 8 10 35
27.0402 0 7 4 4 4 8 3 8 10 35
27.9749 0 7 4 4 4 7 3 7 10 36
28.5257 0 7 4 4 4 6 3 6 10 37
29.0535 0 7 3 3 4 7 3 6 10 37
29.7695 0 7 3 3 3 6 4 6 10 37
30.4787 0 7 3 3 3 7 4 7 10 36
30.552 0 7 3 3 3 6 4 6 10 37
31.4996 0 6 3 3 3 6 3 6 11 37
32.2114 0 5 3 3 3 6 2 6 12 37
34.2128 0 5 3 3 2 5 3 6 12 37
34.5623 0 4 3 3 2 5 2 6 13 37
36.5274 0 5 3 3 3 5 2 5 13 37
38.3012 0 5 4 4 3 4 2 5 13 37
44.8743 0 5 4 4 3 5 2 6 13 36
46.2408 0 5 3 3 3 6 2 6 13 36
46.7871 0 5 3 3 3 7 2 7 13 35
48.7784 0 5 3 3 3 8 2 8 13 34
50.0752 0 5 3 3 3 7 2 7 13 35
51.237 0 5 4 4 3 6 2 7 13 35
51.7354 0 5 4 4 3 5 2 6 13 36
52.0353 0 5 4 4 3 6 2 7 13 35
52.7861 0 5 5 5 3 5 2 7 13 35
53.7548 0 6 5 5 4 5 2 6 13 35
53.9504 0 7 5 5 5 5 2 5 13 35
54.0774 0 7 5 5 5 6 2 6 13 34
54.2498 0 7 5 5 5 5 2 5 13 35
54.2642 0 7 5 5 5 6 2 6 13 34
56.3204 0 7 4 4 5 7 2 6 13 34
56.8803 0 7 3 3 5 8 2 6 13 34
58.9245 0 7 3 3 5 7 2 5 13 35
60.8393 0 7 3 3 5 6 2 4 13 36
61.714 0 7 3 3 4 5 3 4 13 36
62.8843 0 7 3 3 4 4 3 3 13 37
63.3378 0 7 3 3 4 3 3 2 13 38
68.5341 0 7 3 3 3 2 4 2 13 38
68.5979 0 7 3 3 3 3 4 3 13 37
68.649 0 6 3 3 2 3 4 4 13 37
69.8952 0 5 3 3 2 3 3 4 14 37
69.999 0 5 2 2 2 4 3 4 14 37
70.1464 0 5 2 2 2 5 3 5 14 36
70.2871 0 5 2 2 2 6 3 6 14 35
71.5799 0 5 2 2 2 7 3 7 14 34
72.1347 0 5 2 2 2 6 3 6 14 35
72.1836 0 5 2 2 2 7 3 7 14 34
73.1445 0 5 2 2 2 8 3 8 14 33
73.6838 0 5 2 2 2 7 3 7 14 34
74.2101 0 5 2 2 2 8 3 8 14 33
74.7641 0 5 2 2 2 9 3 9 14 32
75.8747 0 5 2 2 1 8 4 9 14 32
77.2988 0 4 2 2 0 8 4 10 14 32
78.9408 0 3 2 2 0 8 3 10 15 32
79.0488 0 2 2 2 0 8 2 10 16 32
79.8633 0 2 2 2 0 7 2 9 16 33
81.042 0 2 2 2 0 6 2 8 16 34
82.8386 0 2 2 2 0 5 2 7 16 35
82.8451 0 2 1 1 0 6 2 7 16 35
83.1488 0 2 1 1 0 5 2 6 16 36
83.3223 0 2 1 1 0 4 2 5 16 37
84.3072 0 2 1 1 0 5 2 6 16 36
86.7274 0 2 1 1 0 6 2 7 16 35
86.9858 0 2 1 1 0 7 2 8 16 34
89.1511 0 2 1 1 0 6 2 7 16 35
90.2745 0 2 1 1 0 7 2 8 16 34
94.3002 0 3 1 1 1 7 2 7 16 34
94.788 0 3 1 1 1 6 2 6 16 35
95.1474 0 3 1 1 1 7 2 7 16 34
96.5573 0 4 1 1 2 7 2 6 16 34
96.8101 0 5 1 1 3 7 2 5 16 34
97.0942 0 5 1 1 2 6 3 5 16 34
97.2538 0 5 1 1 2 7 3 6 16 33
98.8538 0 5 1 1 2 8 3 7 16 32
98.9328 0 5 1 1 2 9 3 8 16 31
101 0 5 1 1 2 10 3 9 16 30
102.217 0 5 1 1 2 9 3 8 16 31
102.602 0 5 1 1 2 8 3 7 16 32
103.572 0 5 1 1 2 7 3 6 16 33
103.692 0 5 1 1 2 6 3 5 16 34
104.09 0 4 1 1 1 6 3 6 16 34
104.148 0 4 1 1 1 7 3 7 16 33
104.417 0 4 2 2 1 6 3 7 16 33
104.608 0 4 2 2 1 5 3 6 16 34
106.105 0 4 2 2 0 4 4 6 16 34
110.773 0 4 2 2 0 5 4 7 16 33
111.287 0 4 2 2 0 6 4 8 16 32
111.289 0 4 2 2 0 5 4 7 16 33
111.806 0 3 2 2 0 5 3 7 17 33
113.18 0 4 2 2 1 5 3 6 17 33
116.297 0 4 2 2 1 4 3 5 17 34
117.773 0 4 2 2 1 3 3 4 17 35
117.967 0 4 2 2 1 4 3 5 17 34
118.84 0 3 2 2 1 4 2 5 18 34
120.77 1 4 2 2 0 4 2 5 18 34
121.584 1 4 2 2 0 5 2 6 18 33
122.269 1 5 2 2 1 5 2 5 18 33
122.967 1 5 2 2 1 4 2 4 18 34
122.976 1 5 2 2 1 3 2 3 18 35
123.375 1 4 2 2 0 3 2 4 18 35
124.746 1 4 2 2 0 4 2 5 18 34
126.711 1 4 2 2 0 5 2 6 18 33
127.561 1 4 2 2 0 4 2 5 18 34
128.648 1 3 2 2 0 4 1 5 19 34
130.024 1 3 2 2 0 5 1 6 19 33
130.668 1 3 3 3 0 4 1 6 19 33
134.809 1 3 3 3 0 5 1 7 19 32
135.385 1 3 3 3 0 6 1 8 19 31
135.739 1 3 2 2 0 7 1 8 19 31
139.436 1 3 2 2 0 8 1 9 19 30
140.255 1 3 3 3 0 7 1 9 19 30
140.506 1 3 3 3 0 8 1 10 19 29
140.506 1 3 3 3 0 7 1 9 19 30
141.884 1 3 3 3 0 8 1 10 19 29
142.289 1 3 3 3 0 9 1 11 19 28
143.379 1 3 3 3 0 10 1 12 19 27
143.626 1 3 3 3 0 9 1 11 19 28
143.681 1 3 3 3 0 8 1 10 19 29
144.056 1 3 3 3 0 7 1 9 19 30
145.387 1 3 3 3 0 8 1 10 19 29
147.929 1 3 3 3 0 9 1 11 19 28
148.629 1 2 3 3 0 9 0 11 20 28
148.933 1 2 3 3 0 10 0 12 20 27
148.96 1 2 3 3 0 9 0 11 20 28
151.83 1 2 3 3 0 10 0 12 20 27
152.714 1 2 3 3 0 9 0 11 20 28
153.189 0 1 3 3 1 9 0 11 20 28
153.953 0 1 3 3 1 8 0 10 20 29
154.941 0 1 3 3 1 7 0 9 20 30
155.522 0 1 3 3 1 8 0 10 20 29
156.092 0 1 3 3 1 9 0 11 20 28
156.214 0 1 3 3 1 8 0 10 20 29
157.697 0 1 3 3 1 9 0 11 20 28
158.519 0 1 3 3 1 10 0 12 20 27
159.909 0 1 3 3 1 9 0 11 20 28
160.114 0 1 3 3 1 8 0 10 20 29
160.969 0 1 3 3 1 7 0 9 20 30
162.282 0 1 3 3 1 8 0 10 20 29
164.224 0 1 3 3 1 7 0 9 20 30
165.146 0 0 3 3 0 7 0 10 20 30
166.738 0 1 3 3 1 7 0 9 20 30
167.332 0 1 3 3 1 8 0 10 20 29
167.713 0 1 3 3 1 9 0 11 20 28
168.821 0 1 3 3 1 10 0 12 20 27
169.423 0 2 3 3 2 10 0 11 20 27
169.584 0 2 3 3 2 11 0 12 20 26
170.034 0 2 3 3 2 10 0 11 20 27
172.617 0 2 3 3 2 9 0 10 20 28
173.291 0 2 3 3 2 8 0 9 20 29
174.073 0 2 3 3 2 7 0 8 20 30
174.215 0 2 3 3 1 6 1 8 20 30
174.665 0 2 3 3 1 5 1 7 20 31
176.296 0 2 3 3 1 6 1 8 20 30
178.009 0 2 3 3 1 5 1 7 20 31
181.898 0 3 3 3 2 5 1 6 20 31
182.841 0 2 3 3 1 5 1 7 20 31
185.151 0 2 3 3 1 6 1 8 20 30
185.285 0 2 3 3 1 7 1 9 20 29
185.542 0 2 3 3 0 6 2 9 20 29
186.007 0 2 3 3 0 5 2 8 20 30
186.269 0 2 3 3 0 4 2 7 20 31
186.297 0 2 3 3 0 3 2 6 20 32
186.301 0 2 3 3 0 4 2 7 20 31
186.547 0 2 4 4 0 3 2 7 20 31
187.974 0 1 4 4 0 3 1 7 21 31
188.179 0 1 4 4 0 2 1 6 21 32
189.966 0 1 4 4 0 3 1 7 21 31
191.338 0 1 4 4 0 4 1 8 21 30
192.627 0 2 4 4 1 4 1 7 21 30
192.882 0 2 4 4 1 3 1 6 21 31
197.717 0 1 4 4 0 3 1 7 21 31
198.503 0 1 3 3 0 4 1 7 21 31
201.371 0 2 3 3 1 4 1 6 21 31
201.549 0 2 3 3 1 5 1 7 21 30
202.35 0 2 4 4 1 4 1 7 21 30
202.394 0 2 4 4 1 3 1 6 21 31
202.562 0 2 4 4 1 4 1 7 21 30
203.348 0 2 4 4 1 5 1 8 21 29
203.42 0 2 4 4 1 4 1 7 21 30
205.002 0 2 4 4 1 3 1 6 21 31
205.895 0 2 3 3 1 4 1 6 21 31
207.003 0 2 3 3 1 5 1 7 21 30
207.624 0 2 3 3 1 6 1 8 21 29
208.963 0 2 3 3 1 7 1 9 21 28
210.191 0 2 2 2 1 8 1 9 21 28
211.4 0 2 2 2 1 7 1 8 21 29
212.729 0 2 2 2 1 8 1 9 21 28
213.5 0 2 2 2 1 7 1 8 21 29
215.112 0 2 2 2 1 6 1 7 21 30
216.892 0 2 2 2 1 7 1 8 21 29
217.171 0 2 2 2 1 6 1 7 21 30
217.255 0 2 2 2 1 7 1 8 21 29
219.59 0 2 2 2 1 6 1 7 21 30
220.355 0 2 1 1 1 7 1 7 21 30
220.682 0 2 1 1 1 8 1 8 21 29
221.906 0 2 1 1 1 7 1 7 21 30
222.116 0 2 1 1 1 8 1 8 21 29
222.15 0 2 1 1 1 7 1 7 21 30
223.091 0 2 1 1 1 6 1 6 21 31
224.595 0 2 1 1 1 7 1 7 21 30
225.943 0 2 2 2 1 6 1 7 21 30
226.057 0 2 2 2 2 7 0 7 21 30
227.269 0 2 2 2 2 6 0 6 21 31
227.443 1 3 2 2 1 6 0 6 21 31
228.083 1 3 1 1 1 7 0 6 21 31
230.396 1 3 1 1 1 6 0 5 21 32
232.427 1 3 0 0 1 7 0 5 21 32
232.528 1 3 0 0 1 6 0 4 21 33
233.526 1 3 1 1 1 5 0 4 21 33
235.218 1 3 1 1 1 4 0 3 21 34
238.255 1 3 1 1 1 5 0 4 21 33
239.536 1 3 1 1 1 6 0 5 21 32
241.535 1 3 1 1 1 5 0 4 21 33
243.063 1 3 1 1 1 6 0 5 21 32
243.764 1 3 1 1 1 7 0 6 21 31
245.404 1 3 1 1 1 8 0 7 21 30
247.867 1 3 1 1 1 7 0 6 21 31
249.077 1 3 1 1 1 6 0 5 21 32
250.146 1 3 1 1 1 5 0 4 21 33
250.446 1 3 1 1 1 6 0 5 21 32
252.374 1 3 1 1 1 7 0 6 21 31
253.804 1 3 1 1 1 6 0 5 21 32
253.881 1 3 1 1 1 5 0 4 21 33
254.487 1 4 1 1 1 5 1 4 20 33
255.186 1 4 1 1 1 6 1 5 20 32
255.845 1 4 1 1 1 7 1 6 20 31
256.696 1 4 1 1 1 8 1 7 20 30
257.129 1 5 1 1 2 8 1 6 20 30
258.277 1 5 1 1 2 9 1 7 20 29
259.594 1 5 1 1 2 10 1 8 20 28
260.077 1 5 1 1 2 9 1 7 20 29
260.444 2 6 1 1 1 9 1 7 20 29
261.004 2 6 1 1 1 10 1 8 20 28
261.07 2 6 1 1 1 11 1 9 20 27
262.586 2 6 2 2 1 10 1 9 20 27
262.693 2 6 2 2 1 9 1 8 20 28
263.062 2 6 2 2 0 8 2 8 20 28
263.411 2 6 2 2 0 7 2 7 20 29
264.593 2 6 2 2 0 6 2 6 20 30
264.668 2 6 2 2 0 7 2 7 20 29
266.223 2 6 2 2 0 6 2 6 20 30
266.874 2 6 2 2 0 7 2 7 20 29
267.699 2 5 2 2 0 7 1 7 21 29
269.198 2 5 2 2 0 8 1 8 21 28
271.579 2 5 2 2 0 7 1 7 21 29
272.304 2 6 2 2 1 7 1 6 21 29
272.528 2 6 1 1 1 8 1 6 21 29
274.329 2 6 1 1 1 7 1 5 21 30
277.779 1 5 1 1 2 7 1 5 21 30
279.451 1 5 1 1 1 6 2 5 21 30
279.758 0 4 1 1 2 6 2 5 21 30
280.676 0 4 1 1 2 5 2 4 21 31
282.993 0 4 1 1 1 4 3 4 21 31
283.121 0 4 1 1 2 5 2 4 21 31
284.319 0 4 1 1 2 6 2 5 21 30
285.765 0 5 1 1 2 6 3 5 20 30
286.892 0 5 1 1 2 7 3 6 20 29
288.591 0 5 1 1 2 8 3 7 20 28
288.662 0 5 1 1 2 7 3 6 20 29
289.498 0 5 1 1 2 8 3 7 20 28
289.719 0 5 1 1 2 9 3 8 20 27
290.154 0 5 1 1 2 8 3 7 20 28
290.187 0 6 1 1 3 8 3 6 20 28
290.336 0 6 1 1 3 9 3 7 20 27
290.558 0 6 1 1 3 10 3 8 20 26
291.894 0 6 1 1 3 9 3 7 20 27
294.516 0 6 1 1 3 8 3 6 20 28
294.654 0 5 1 1 3 8 2 6 21 28
295.066 0 5 1 1 3 9 2 7 21 27
295.48 0 5 1 1 3 10 2 8 21 26
295.847 0 5 1 1 3 11 2 9 21 25
296.27 0 5 1 1 3 12 2 10 21 24
296.554 0 5 1 1 3 11 2 9 21 25
296.852 0 5 1 1 3 10 2 8 21 26
296.857 0 5 1 1 3 11 2 9 21 25
297.285 0 5 1 1 4 12 1 9 21 25
297.371 0 5 1 1 3 11 2 9 21 25
298.097 0 5 1 1 3 12 2 10 21 24
298.283 0 5 1 1 2 11 3 10 21 24
298.415 0 5 1 1 2 10 3 9 21 25
299.88 0 5 1 1 2 11 3 10 21 24
299.943 0 4 1 1 2 11 2 10 22 24
300.444 0 4 2 2 2 10 2 10 22 24
301.256 0 4 2 2 1 9 3 10 22 24
301.805 0 4 2 2 1 10 3 11 22 23
301.812 0 4 2 2 0 9 4 11 22 23
302.115 0 4 2 2 0 8 4 10 22 24
302.187 0 4 2 2 0 7 4 9 22 25
304.207 0 4 2 2 0 6 4 8 22 26
304.508 0 3 2 2 0 6 3 8 23 26
305.235 0 3 2 2 0 5 3 7 23 27
305.435 0 3 2 2 0 4 3 6 23 28
307.283 0 3 2 2 0 3 3 5 23 29
309.933 0 3 2 2 0 4 3 6 23 28
311.797 0 3 2 2 0 5 3 7 23 27
312.953 0 3 2 2 0 4 3 6 23 28
313.128 0 3 2 2 0 3 3 5 23 29
314.213 0 3 3 3 0 2 3 5 23 29
321.711 0 3 3 3 0 3 3 6 23 28
323.115 0 4 3 3 1 3 3 5 23 28
323.756 0 4 3 3 1 2 3 4 23 29
324.699 0 3 3 3 0 2 3 5 23 29
324.995 0 4 3 3 1 2 3 4 23 29
325.951 0 4 3 3 1 3 3 5 23 28
326.036 0 3 3 3 0 3 3 6 23 28
331.195 0 4 3 3 1 3 3 5 23 28
332.171 0 4 3 3 1 4 3 6 23 27
332.436 0 4 3 3 1 5 3 7 23 26
338.17 0 4 3 3 1 6 3 8 23 25
338.552 0 4 3 3 1 5 3 7 23 26
338.636 0 4 2 2 1 6 3 7 23 26
339.149 0 4 2 2 1 7 3 8 23 25
340.175 0 3 2 2 1 7 2 8 24 25
342.223 0 3 2 2 1 6 2 7 24 26
342.412 0 3 2 2 1 5 2 6 24 27
342.68 1 4 2 2 0 5 2 6 24 27
342.931 1 4 2 2 0 4 2 5 24 28
343.42 1 4 2 2 0 5 2 6 24 27
343.822 1 4 2 2 0 4 2 5 24 28
344.614 1 4 2 2 0 5 2 6 24 27
345.629 1 4 2 2 0 6 2 7 24 26
348.209 1 4 2 2 0 7 2 8 24 25
348.994 1 4 2 2 0 8 2 9 24 24
349.423 1 4 2 2 0 7 2 8 24 25
349.582 1 4 2 2 0 6 2 7 24 26
349.968 1 4 2 2 0 7 2 8 24 25
351.086 1 4 2 2 0 6 2 7 24 26
351.703 1 4 2 2 0 7 2 8 24 25
352.642 1 4 2 2 0 8 2 9 24 24
352.668 1 4 2 2 0 7 2 8 24 25
354.481 1 4 2 2 0 8 2 9 24 24
354.839 1 4 2 2 0 9 2 10 24 23
356.896 1 4 2 2 0 8 2 9 24 24
357.33 1 4 2 2 0 9 2 10 24 23
357.779 1 4 2 2 0 8 2 9 24 24
358.478 0 3 2 2 1 8 2 9 24 24
358.717 0 3 2 2 1 7 2 8 24 25
358.813 0 3 2 2 1 6 2 7 24 26
359.689 0 3 3 3 1 5 2 7 24 26
360.148 0 3 3 3 1 4 2 6 24 27
360.429 0 3 3 3 1 3 2 5 24 28
364.153 0 2 3 3 1 3 1 5 25 28
364.724 0 2 3 3 1 4 1 6 25 27
365.078 0 2 2 2 1 5 1 6 25 27
366.489 0 2 2 2 1 6 1 7 25 26
367.899 0 2 3 3 1 5 1 7 25 26
368.699 0 2 3 3 1 6 1 8 25 25
369.497 0 2 4 4 1 5 1 8 25 25
370.72 0 2 3 3 1 6 1 8 25 25
371.751 0 2 3 3 1 7 1 9 25 24
373.05 0 2 3 3 1 8 1 10 25 23
373.156 0 2 3 3 1 9 1 11 25 22
373.881 0 3 3 3 2 9 1 10 25 22
375.019 0 3 3 3 2 10 1 11 25 21
375.778 0 3 3 3 2 11 1 12 25 20
377.103 0 3 3 3 1 10 2 12 25 20
378.051 0 3 3 3 1 9 2 11 25 21
379.147 0 3 3 3 1 10 2 12 25 20
379.29 0 3 3 3 1 11 2 13 25 19
379.318 0 3 3 3 1 10 2 12 25 20
379.541 0 3 3 3 1 9 2 11 25 21
379.896 0 3 3 3 1 8 2 10 25 22
381.251 0 3 3 3 0 7 3 10 25 22
381.481 0 3 3 3 0 6 3 9 25 23
383.52 0 3 3 3 0 5 3 8 25 24
384.654 0 3 3 3 0 4 3 7 25 25
384.712 0 3 3 3 0 3 3 6 25 26
386.132 0 3 3 3 0 2 3 5 25 27
391.758 0 3 3 3 0 3 3 6 25 26
394.698 0 3 3 3 0 2 3 5 25 27
396.042 0 3 3 3 0 1 3 4 25 28
397.495 0 3 3 3 0 2 3 5 25 27
398.997 0 3 3 3 0 3 3 6 25 26
399.876 0 2 3 3 0 3 2 6 26 26
400.63 0 2 3 3 0 4 2 7 26 25
402.254 0 2 3 3 0 3 2 6 26 26
402.743 0 2 3 3 0 4 2 7 26 25
403.652 0 2 3 3 0 5 2 8 26 24
403.695 0 2 3 3 0 4 2 7 26 25
404.942 0 1 3 3 0 4 1 7 27 25
406.149 0 1 3 3 0 5 1 8 27 24
407.078 0 1 3 3 0 4 1 7 27 25
414.445 0 1 3 3 0 5 1 8 27 24
414.894 0 1 2 2 0 6 1 8 27 24
415.989 0 1 2 2 0 7 1 9 27 23
417.056 0 1 2 2 0 8 1 10 27 22
420.103 0 1 2 2 0 9 1 11 27 21
420.734 0 1 2 2 0 8 1 10 27 22
421.55 0 1 2 2 0 9 1 11 27 21
421.974 0 1 1 1 0 10 1 11 27 21
422.535 0 1 1 1 0 11 1 12 27 20
423.311 0 1 1 1 0 10 1 11 27 21
423.494 0 1 1 1 0 11 1 12 27 20
425.048 0 2 1 1 1 11 1 11 27 20
426.572 0 2 1 1 1 10 1 10 27 21
426.697 0 2 1 1 1 9 1 9 27 22
427.863 0 2 1 1 1 8 1 8 27 23
427.973 0 2 1 1 1 7 1 7 27 24
430.069 0 3 1 1 2 7 1 6 27 24
431.374 0 3 2 2 2 6 1 6 27 24
432.383 0 4 2 2 3 6 1 5 27 24
433.466 0 4 2 2 3 5 1 4 27 25
434.471 0 4 2 2 3 6 1 5 27 24
434.642 0 4 2 2 3 7 1 6 27 23
434.848 0 4 2 2 3 6 1 5 27 24
435.028 0 4 2 2 3 5 1 4 27 25
436.341 0 3 2 2 3 5 0 4 28 25
437.253 0 3 2 2 2 4 1 4 28 25
437.28 0 3 2 2 2 5 1 5 28 24
437.468 0 3 2 2 1 4 2 5 28 24
441.233 0 3 2 2 1 5 2 6 28 23
441.881 0 3 2 2 1 4 2 5 28 24
447.381 0 4 2 2 2 4 2 4 28 24
448.101 0 3 2 2 2 4 1 4 29 24
451.786 0 3 2 2 2 5 1 5 29 23
452.227 1 4 2 2 1 5 1 5 29 23
453.101 1 4 1 1 1 6 1 5 29 23
453.22 1 4 1 1 1 7 1 6 29 22
453.372 1 4 1 1 1 8 1 7 29 21
453.634 1 5 1 1 2 8 1 6 29 21
455.164 2 6 1 1 1 8 1 6 29 21
455.209 2 6 1 1 1 7 1 5 29 22
455.497 2 6 1 1 1 6 1 4 29 23
456.055 2 6 1 1 1 7 1 5 29 22
460.701 2 6 1 1 1 6 1 4 29 23
460.926 1 5 1 1 2 6 1 4 29 23
462.823 1 5 1 1 2 5 1 3 29 24
463.999 1 4 1 1 1 5 1 4 29 24
464.109 1 4 1 1 1 6 1 5 29 23
465.303 0 3 1 1 2 6 1 5 29 23
465.481 0 3 1 1 1 5 2 5 29 23
466.512 0 3 1 1 1 4 2 4 29 24
469.36 0 3 2 2 1 3 2 4 29 24
471.209 0 3 1 1 1 4 2 4 29 24
474.192 0 2 1 1 1 4 1 4 30 24
474.76 0 2 2 2 1 3 1 4 30 24
475.376 0 2 2 2 1 4 1 5 30 23
475.59 0 3 2 2 2 4 1 4 30 23
478.91 0 4 2 2 3 4 1 3 30 23
480.969 0 4 2 2 2 3 2 3 30 23
480.969 0 4 2 2 1 2 3 3 30 23
483.673 0 3 2 2 1 2 2 3 31 23
485.028 0 3 2 2 1 3 2 4 31 22
486.472 0 3 3 3 1 2 2 4 31 22
487.326 0 3 3 3 1 3 2 5 31 21
488.701 0 3 3 3 2 4 1 5 31 21
488.819 0 3 3 3 2 5 1 6 31 20
489.01 0 3 3 3 1 4 2 6 31 20
490.777 0 2 3 3 1 4 1 6 32 20
493.934 0 2 3 3 1 3 1 5 32 21
496.132 0 2 3 3 1 4 1 6 32 20
496.504 0 2 3 3 1 5 1 7 32 19
497.411 0 3 3 3 2 5 1 6 32 19
498.434 0 3 4 4 2 4 1 6 32 19
500.805 0 4 4 4 3 4 1 5 32 19
501.201 0 4 4 4 2 3 2 5 32 19
501.662 0 4 4 4 2 4 2 6 32 18
502.905 0 4 4 4 1 3 3 6 32 18
503.753 0 4 4 4 1 4 3 7 32 17
504.368 0 4 3 3 1 5 3 7 32 17
504.981 0 4 2 2 1 6 3 7 32 17
505.54 0 4 2 2 1 5 3 6 32 18
505.673 0 4 2 2 1 4 3 5 32 19
506.432 0 3 2 2 1 4 2 5 33 19
507.133 0 3 2 2 1 5 2 6 33 18
507.824 0 3 2 2 1 6 2 7 33 17
508.587 0 3 2 2 1 5 2 6 33 18
508.782 0 3 1 1 1 6 2 6 33 18
513.492 0 3 1 1 1 5 2 5 33 19
514.199 0 3 1 1 1 4 2 4 33 20
514.272 0 3 1 1 1 3 2 3 33 21
516.399 0 3 1 1 1 4 2 4 33 20
518.719 0 3 1 1 1 5 2 5 33 19
518.954 0 3 1 1 1 6 2 6 33 18
519.982 0 3 1 1 1 5 2 5 33 19
520.092 0 3 1 1 0 4 3 5 33 19
521.412 0 4 1 1 1 4 3 4 33 19
522.313 0 4 1 1 1 3 3 3 33 20
530.574 0 3 1 1 1 3 2 3 34 20
531.743 0 3 1 1 1 4 2 4 34 19
531.989 0 2 1 1 0 4 2 5 34 19
533.089 0 2 2 2 0 3 2 5 34 19
534.293 0 3 2 2 1 3 2 4 34 19
535.819 0 3 2 2 1 4 2 5 34 18
536.328 0 3 2 2 0 3 3 5 34 18
536.87 0 3 2 2 0 4 3 6 34 17
538.393 0 2 2 2 0 4 2 6 35 17
540.227 0 2 2 2 0 5 2 7 35 16
540.655 0 2 2 2 0 4 2 6 35 17
542.094 0 2 2 2 0 3 2 5 35 18
542.92 0 2 3 3 0 2 2 5 35 18
545.606 0 2 2 2 0 3 2 5 35 18
545.791 0 2 2 2 0 4 2 6 35 17
547.003 0 2 2 2 0 5 2 7 35 16
547.008 0 1 2 2 0 5 1 7 36 16
547.894 0 1 2 2 0 6 1 8 36 15
550.03 0 1 2 2 0 5 1 7 36 16
552.115 0 1 2 2 0 6 1 8 36 15
552.927 0 2 2 2 1 6 1 7 36 15
554.444 0 2 2 2 1 5 1 6 36 16
554.874 0 2 2 2 0 4 2 6 36 16
554.935 0 2 2 2 0 3 2 5 36 17
559 0 2 2 2 0 2 2 4 36 18
559.519 0 2 2 2 0 3 2 5 36 17
560.847 0 2 2 2 0 2 2 4 36 18
566.048 0 2 2 2 0 1 2 3 36 19
567.325 0 2 2 2 0 2 2 4 36 18
569.994 0 2 2 2 0 3 2 5 36 17
573.192 0 2 2 2 0 4 2 6 36 16
574.656 0 2 2 2 0 3 2 5 36 17
574.943 0 2 1 1 0 4 2 5 36 17
580.079 0 2 1 1 0 3 2 4 36 18
584.485 0 2 1 1 1 4 1 4 36 18
584.848 0 2 1 1 1 5 1 5 36 17
590.216 0 2 1 1 1 4 1 4 36 18
590.271 0 2 1 1 1 5 1 5 36 17
592.88 0 2 1 1 1 6 1 6 36 16
592.964 0 2 1 1 1 5 1 5 36 17
595.237 0 2 1 1 1 6 1 6 36 16
597.287 0 2 1 1 1 7 1 7 36 15
597.307 0 2 1 1 1 6 1 6 36 16
597.355 0 2 1 1 2 7 0 6 36 16
597.754 0 2 1 1 2 6 0 5 36 17
600.835 0 2 1 1 2 7 0 6 36 16
603.625 1 3 1 1 1 7 0 6 36 16
606.172 1 3 1 1 1 8 0 7 36 15
606.811 1 3 1 1 1 7 0 6 36 16
610.677 1 4 1 1 2 7 0 5 36 16
611.404 1 4 1 1 2 8 0 6 36 15
612.394 1 4 1 1 2 7 0 5 36 16
616.98 1 4 1 1 2 6 0 4 36 17
618.311 1 3 1 1 1 6 0 5 36 17
620.07 1 3 1 1 1 5 0 4 36 18
621.01 1 4 1 1 2 5 0 3 36 18
625.095 1 4 1 1 2 6 0 4 36 17
626.596 1 4 1 1 1 5 1 4 36 17
629.484 1 4 1 1 1 4 1 3 36 18
630.264 1 4 1 1 1 5 1 4 36 17
631.1 1 4 1 1 1 6 1 5 36 16
631.366 1 4 1 1 1 7 1 6 36 15
632.767 1 4 1 1 1 8 1 7 36 14
633.192 1 4 1 1 1 9 1 8 36 13
634.779 1 4 2 2 1 8 1 8 36 13
635.28 1 5 2 2 1 8 2 8 35 13
635.748 0 4 2 2 2 8 2 8 35 13
636.722 0 4 2 2 2 7 2 7 35 14
637.712 0 5 2 2 2 7 3 7 34 14
637.847 0 5 3 3 2 6 3 7 34 14
640.477 0 5 3 3 2 5 3 6 34 15
641.975 0 4 3 3 2 5 2 6 35 15
643.556 1 5 3 3 1 5 2 6 35 15
645.471 1 5 3 3 1 4 2 5 35 16
645.574 1 5 3 3 1 5 2 6 35 15
646.916 1 5 3 3 1 4 2 5 35 16
647.531 1 5 3 3 0 3 3 5 35 16
649.833 1 5 3 3 0 4 3 6 35 15
652.548 1 5 3 3 0 5 3 7 35 14
652.722 1 5 3 3 0 4 3 6 35 15
653.35 1 5 3 3 0 3 3 5 35 16
657.195 1 4 3 3 0 3 2 5 36 16
658.438 1 4 3 3 0 2 2 4 36 17
658.665 1 4 3 3 0 3 2 5 36 16
661.754 1 4 3 3 0 4 2 6 36 15
662.608 1 4 3 3 0 3 2 5 36 16
665.334 1 4 3 3 0 4 2 6 36 15
666.765 1 4 3 3 0 3 2 5 36 16
668.132 1 5 3 3 1 3 2 4 36 16
668.239 1 5 3 3 1 2 2 3 36 17
669.477 1 4 3 3 1 2 1 3 37 17
669.642 1 4 2 2 1 3 1 3 37 17
671.194 1 3 2 2 1 3 0 3 38 17
675.911 1 3 2 2 1 4 0 4 38 16
681.044 1 3 2 2 1 5 0 5 38 15
681.144 1 3 2 2 1 6 0 6 38 14
682.24 0 2 2 2 2 6 0 6 38 14
682.288 0 2 2 2 2 7 0 7 38 13
683.184 0 2 2 2 2 8 0 8 38 12
683.362 0 2 2 2 2 7 0 7 38 13
683.929 0 2 2 2 2 6 0 6 38 14
684.095 0 2 2 2 2 7 0 7 38 13
685.652 0 2 2 2 2 6 0 6 38 14
687.205 0 3 2 2 3 6 0 5 38 14
687.337 0 2 2 2 2 6 0 6 38 14
690.279 0 2 2 2 2 5 0 5 38 15
691.27 0 2 1 1 2 6 0 5 38 15
692.198 0 2 1 1 2 7 0 6 38 14
694.34 0 2 2 2 2 6 0 6 38 14
695.069 0 2 2 2 2 5 0 5 38 15
695.793 1 3 2 2 1 5 0 5 38 15
695.856 1 3 2 2 0 4 1 5 38 15
697.003 1 3 2 2 0 5 1 6 38 14
701.976 0 2 2 2 1 5 1 6 38 14
702.366 0 2 2 2 1 6 1 7 38 13
702.945 0 2 2 2 1 5 1 6 38 14
704.81 0 2 3 3 1 4 1 6 38 14
707.257 0 2 4 4 1 3 1 6 38 14
707.581 0 2 5 5 1 2 1 6 38 14
709.591 0 2 5 5 1 3 1 7 38 13
709.929 0 2 5 5 1 2 1 6 38 14
713.412 0 2 5 5 0 1 2 6 38 14
714.965 0 2 5 5 0 2 2 7 38 13
716.98 0 3 5 5 1 2 2 6 38 13
718.891 0 3 5 5 1 3 2 7 38 12
719.071 0 3 5 5 1 4 2 8 38 11
720.181 0 3 5 5 1 5 2 9 38 10
724.451 0 3 5 5 1 6 2 10 38 9
724.704 0 3 4 4 1 7 2 10 38 9
724.722 0 3 4 4 1 6 2 9 38 10
724.763 0 3 4 4 1 5 2 8 38 11
724.825 0 3 4 4 1 4 2 7 38 12
727.283 0 3 4 4 0 3 3 7 38 12
727.559 0 3 4 4 0 4 3 8 38 11
728.03 0 3 3 3 0 5 3 8 38 11
728.481 0 3 3 3 0 4 3 7 38 12
729.442 0 3 3 3 0 5 3 8 38 11
729.693 0 3 3 3 0 6 3 9 38 10
730.532 0 2 3 3 0 6 2 9 39 10
731.143 0 3 3 3 1 6 2 8 39 10
735.563 0 3 3 3 1 5 2 7 39 11
736.01 0 3 3 3 1 4 2 6 39 12
737.739 0 3 3 3 1 5 2 7 39 11
739.022 0 3 3 3 0 4 3 7 39 11
739.349 0 3 3 3 0 3 3 6 39 12
740.12 0 3 3 3 0 4 3 7 39 11
746.877 0 3 3 3 1 5 2 7 39 11
750.962 0 2 3 3 1 5 1 7 40 11
751.308 0 2 3 3 1 6 1 8 40 10
753.439 0 2 3 3 1 5 1 7 40 11
758.228 0 2 3 3 1 6 1 8 40 10
762.993 0 2 3 3 1 5 1 7 40 11
763.403 0 2 3 3 1 6 1 8 40 10
764.096 0 2 3 3 1 5 1 7 40 11
764.097 0 2 3 3 1 4 1 6 40 12
768.989 0 2 2 2 1 5 1 6 40 12
769.581 0 2 2 2 1 6 1 7 40 11
770.676 0 2 2 2 0 5 2 7 40 11
771.74 0 2 2 2 0 6 2 8 40 10
774.438 0 2 2 2 0 5 2 7 40 11
776.823 0 2 2 2 0 6 2 8 40 10
779.721 0 2 2 2 0 5 2 7 40 11
781.131 0 2 2 2 0 4 2 6 40 12
782.708 0 2 2 2 0 3 2 5 40 13
788.341 0 2 2 2 0 4 2 6 40 12
788.944 0 2 2 2 0 3 2 5 40 13
790.314 0 2 2 2 0 4 2 6 40 12
790.975 0 2 2 2 0 3 2 5 40 13
792.074 0 2 2 2 0 2 2 4 40 14
793.567 0 2 2 2 0 3 2 5 40 13
795.178 0 2 2 2 0 4 2 6 40 12
796.044 0 2 2 2 0 3 2 5 40 13
798.085 0 1 2 2 0 3 1 5 41 13
801.602 0 1 2 2 0 4 1 6 41 12
801.665 0 1 2 2 0 3 1 5 41 13
804.646 0 1 2 2 0 2 1 4 41 14
809.081 0 2 2 2 1 2 1 3 41 14
811.054 0 2 2 2 1 3 1 4 41 13
812.164 0 2 2 2 1 4 1 5 41 12
812.441 0 2 2 2 1 5 1 6 41 11
813.416 0 2 3 3 1 4 1 6 41 11
813.744 0 2 2 2 1 5 1 6 41 11
815.44 1 3 2 2 0 5 1 6 41 11
816.981 1 3 2 2 0 6 1 7 41 10
817.245 1 3 2 2 0 7 1 8 41 9
817.902 1 3 2 2 0 6 1 7 41 10
818.636 1 3 2 2 0 5 1 6 41 11
819.759 0 2 2 2 1 5 1 6 41 11
821.488 0 2 2 2 1 6 1 7 41 10
821.522 0 2 2 2 1 5 1 6 41 11
824.584 0 2 2 2 1 4 1 5 41 12
825.791 0 2 2 2 1 3 1 4 41 13
826.606 0 2 1 1 1 4 1 4 41 13
835.593 0 2 1 1 1 3 1 3 41 14
835.753 0 2 1 1 1 4 1 4 41 13
844.067 0 2 2 2 1 3 1 4 41 13
845.701 0 2 2 2 1 4 1 5 41 12
846.663 0 2 2 2 1 5 1 6 41 11
848.222 0 2 1 1 1 6 1 6 41 11
848.489 0 2 1 1 1 5 1 5 41 12
854.957 0 2 1 1 1 4 1 4 41 13
856.151 0 2 1 1 1 5 1 5 41 12
856.805 0 1 1 1 0 5 1 6 41 12
857.549 0 1 1 1 0 4 1 5 41 13
857.828 0 1 1 1 0 5 1 6 41 12
859.648 0 1 1 1 0 4 1 5 41 13
859.811 0 1 1 1 0 5 1 6 41 12
861.493 0 2 1 1 1 5 1 5 41 12
861.582 0 2 1 1 1 4 1 4 41 13
861.69 0 2 1 1 1 5 1 5 41 12
863.789 0 2 1 1 1 6 1 6 41 11
865.274 0 2 1 1 1 7 1 7 41 10
865.533 0 2 0 0 1 8 1 7 41 10
866.027 0 2 0 0 1 7 1 6 41 11
870.544 0 2 0 0 1 6 1 5 41 12
871.867 0 1 0 0 1 6 0 5 42 12
871.918 0 1 0 0 0 5 1 5 42 12
872.609 0 1 0 0 0 6 1 6 42 11
876.012 0 1 0 0 0 5 1 5 42 12
876.666 0 1 0 0 0 4 1 4 42 13
883.478 0 1 0 0 0 3 1 3 42 14
890.669 0 0 0 0 0 3 0 3 43 14
898.895 0 0 0 0 0 4 0 4 43 13
900.097 0 0 0 0 0 3 0 3 43 14
900.236 0 0 0 0 0 4 0 4 43 13
900.463 0 0 0 0 0 3 0 3 43 14
902.267 0 1 0 0 0 3 1 3 42 14
909.317 0 2 0 0 1 3 1 2 42 14
912.532 0 2 0 0 1 4 1 3 42 13
913.722 1 3 0 0 0 4 1 3 42 13
916.93 1 2 0 0 0 4 0 3 43 13
919.258 1 2 0 0 0 3 0 2 43 14
926.29 1 2 0 0 0 2 0 1 43 15
926.513 1 2 0 0 0 3 0 2 43 14
928.299 1 2 0 0 0 4 0 3 43 13
931.544 1 2 0 0 0 5 0 4 43 12
932.025 1 2 1 1 0 4 0 4 43 12
933.106 1 2 1 1 0 5 0 5 43 11
933.261 1 2 1 1 0 4 0 4 43 12
933.483 1 2 1 1 0 5 0 5 43 11
933.746 1 2 1 1 0 6 0 6 43 10
937.008 1 2 1 1 0 5 0 5 43 11
941.208 1 2 1 1 0 4 0 4 43 12
941.664 1 3 1 1 0 4 1 4 42 12
949.293 1 3 2 2 0 3 1 4 42 12
949.752 1 3 2 2 0 2 1 3 42 13
951.557 1 3 2 2 0 1 1 2 42 14
953.166 1 3 2 2 0 2 1 3 42 13
955.458 1 3 2 2 0 3 1 4 42 12
955.645 0 2 2 2 1 3 1 4 42 12
959.169 0 2 2 2 1 2 1 3 42 13
960.193 0 2 1 1 1 3 1 3 42 13
961.267 1 3 1 1 0 3 1 3 42 13
961.447 1 3 1 1 0 4 1 4 42 12
962.498 1 3 1 1 0 5 1 5 42 11
963.982 1 3 2 2 0 4 1 5 42 11
964.773 1 4 2 2 1 4 1 4 42 11
964.807 1 4 2 2 1 5 1 5 42 10
964.941 1 4 2 2 1 6 1 6 42 9
966.675 1 4 2 2 1 7 1 7 42 8
968.312 1 3 2 2 1 7 0 7 43 8
969.931 1 4 2 2 2 7 0 6 43 8
971.056 1 4 2 2 2 8 0 7 43 7
971.925 1 5 2 2 3 8 0 6 43 7
972.776 1 5 2 2 3 7 0 5 43 8
972.914 1 5 2 2 3 6 0 4 43 9
973.541 1 5 2 2 3 5 0 3 43 10
974.069 1 4 2 2 2 5 0 4 43 10
974.202 1 4 3 3 2 4 0 4 43 10
974.403 2 5 3 3 1 4 0 4 43 10
975.638 2 5 3 3 1 3 0 3 43 11
980.289 2 5 2 2 1 4 0 3 43 11
987.39 1 4 2 2 2 4 0 3 43 11
993.784 1 4 2 2 2 5 0 4 43 10
993.949 1 4 2 2 2 4 0 3 43 11
994.111 1 4 2 2 1 3 1 3 43 11
995.779 1 3 2 2 1 3 0 3 44 11
995.811 1 3 2 2 1 4 0 4 44 10
1000.49 1 3 2 2 1 3 0 3 44 11
1001.2 1 4 2 2 2 3 0 2 44 11
1001.64 1 5 2 2 3 3 0 1 44 11
1004.62 1 5 2 2 3 2 0 0 44 12
1007.95 1 5 2 2 3 3 0 1 44 11
1008.53 1 5 2 2 2 2 1 1 44 11
1009.73 1 6 2 2 3 2 1 0 44 11
1010.37 1 6 1 1 3 3 1 0 44 11
1018.02 1 6 1 1 3 4 1 1 44 10
1020.15 0 5 1 1 4 4 1 1 44 10
1020.31 0 4 1 1 3 4 1 2 44 10
1030.18 0 4 1 1 3 5 1 3 44 9
1030.83 0 4 1 1 3 6 1 4 44 8
1038.87 0 4 1 1 2 5 2 4 44 8
1042.18 0 4 1 1 2 6 2 5 44 7
1046.19 0 3 1 1 1 6 2 6 44 7
1047.55 0 4 1 1 2 6 2 5 44 7
1047.82 0 3 1 1 1 6 2 6 44 7
1049.02 0 3 1 1 0 5 3 6 44 7
1049.67 0 4 1 1 0 5 4 6 43 7
1057.49 0 4 1 1 0 4 4 5 43 8
1057.8 0 4 2 2 0 3 4 5 43 8
1062.49 0 4 3 3 0 2 4 5 43 8
1063.24 0 4 2 2 0 3 4 5 43 8
1065.15 0 4 1 1 0 4 4 5 43 8
1068.61 0 4 1 1 0 3 4 4 43 9
1071.08 0 3 1 1 0 3 3 4 44 9
1076.28 0 2 1 1 0 3 2 4 45 9
1082.74 0 2 1 1 0 2 2 3 45 10
1088.36 0 2 1 1 0 1 2 2 45 11
1096.27 0 3 1 1 0 1 3 2 44 11
1098.42 0 3 1 1 0 2 3 3 44 10
1105.47 0 3 2 2 0 1 3 3 44 10
1106.04 0 3 2 2 0 2 3 4 44 9
1108.35 0 4 2 2 0 2 4 4 43 9
1111.39 0 4 2 2 0 1 4 3 43 10
1121.78 0 3 2 2 0 1 3 3 44 10
1130.71 0 2 2 2 0 1 2 3 45 10
1131.86 0 2 2 2 0 2 2 4 45 9
1136.06 0 1 2 2 0 2 1 4 46 9
1136.91 0 2 2 2 0 2 2 4 45 9
1139.34 0 1 2 2 0 2 1 4 46 9
1140.86 0 1 2 2 0 3 1 5 46 8
1146.03 0 1 2 2 0 4 1 6 46 7
1146.67 0 1 2 2 0 3 1 5 46 8
1156.6 0 1 2 2 0 4 1 6 46 7
1157.62 0 1 3 3 0 3 1 6 46 7
1159.43 0 2 3 3 1 3 1 5 46 7
1159.56 0 2 3 3 1 2 1 4 46 8
1162.53 0 2 3 3 1 1 1 3 46 9
1162.96 0 2 3 3 1 2 1 4 46 8
1163.42 0 2 3 3 1 3 1 5 46 7
1164.02 0 2 3 3 1 4 1 6 46 6
1170.87 0 2 3 3 1 3 1 5 46 7
1171.79 0 2 3 3 1 2 1 4 46 8
1172.96 1 3 3 3 0 2 1 4 46 8
1173.78 1 3 2 2 0 3 1 4 46 8
1175.28 1 3 2 2 0 2 1 3 46 9
1176.31 1 3 2 2 0 3 1 4 46 8
1181.53 1 3 3 3 0 2 1 4 46 8
1187.23 1 3 2 2 0 3 1 4 46 8
1189.81 1 3 2 2 0 4 1 5 46 7
1190.45 1 3 2 2 0 5 1 6 46 6
1191.67 1 4 2 2 0 5 2 6 45 6
1194.53 1 4 2 2 0 6 2 7 45 5
1198.06 1 4 1 1 0 7 2 7 45 5
1199.04 1 4 1 1 0 8 2 8 45 4
1199.06 1 4 1 1 0 7 2 7 45 5
1199.29 0 3 1 1 1 7 2 7 45 5
1199.6 0 3 1 1 1 6 2 6 45 6
1201.51 0 3 1 1 1 5 2 5 45 7
1201.52 0 3 1 1 0 4 3 5 45 7
1202.84 0 3 2 2 0 3 3 5 45 7
1204.76 0 3 2 2 0 2 3 4 45 8
1207.83 0 4 2 2 1 2 3 3 45 8
1208.37 0 4 2 2 1 1 3 2 45 9
1208.92 0 3 2 2 1 1 2 2 46 9
1213.18 0 4 2 2 2 1 2 1 46 9
1219.46 0 4 2 2 2 2 2 2 46 8
1222.46 0 3 2 2 1 2 2 3 46 8
1223.46 0 3 2 2 1 1 2 2 46 9
1226.43 0 2 2 2 1 1 1 2 47 9
1230.29 0 2 3 3 1 0 1 2 47 9
1232.72 0 2 2 2 1 1 1 2 47 9
1236.14 1 3 2 2 0 1 1 2 47 9
1237.22 1 3 2 2 0 2 1 3 47 8
1238.11 1 3 2 2 0 3 1 4 47 7
1238.8 1 3 2 2 0 2 1 3 47 8
1242.48 1 3 2 2 0 1 1 2 47 9
1244.13 1 3 2 2 0 2 1 3 47 8
1244.55 1 3 3 3 0 1 1 3 47 8
1250.26 1 3 3 3 0 2 1 4 47 7
1251.41 1 3 3 3 0 1 1 3 47 8
1255.52 1 3 3 3 0 2 1 4 47 7
1259.21 1 4 3 3 0 2 2 4 46 7
1265.04 0 3 3 3 1 2 2 4 46 7
1275.41 0 3 3 3 1 1 2 3 46 8
1279.73 0 2 3 3 0 1 2 4 46 8
1280.05 0 2 3 3 0 2 2 5 46 7
1281.49 0 2 3 3 0 1 2 4 46 8
1290.34 0 2 3 3 0 0 2 3 46 9
1302.48 0 2 3 3 0 1 2 4 46 8
1309.45 0 2 3 3 0 2 2 5 46 7
1314.14 0 2 3 3 0 1 2 4 46 8
1322.14 0 2 3 3 0 2 2 5 46 7
1327.22 0 2 3 3 0 3 2 6 46 6
1330 0 2 3 3 0 2 2 5 46 7
1331.07 0 2 3 3 0 3 2 6 46 6
1331.55 0 2 3 3 0 4 2 7 46 5
1332.04 0 2 2 2 0 5 2 7 46 5
1333.06 0 2 2 2 0 6 2 8 46 4
1336.56 0 2 2 2 0 5 2 7 46 5
1338.3 0 2 2 2 0 4 2 6 46 6
1338.32 0 2 2 2 0 3 2 5 46 7
1344.94 0 3 2 2 0 3 3 5 45 7
1346.1 0 2 2 2 0 3 2 5 46 7
1346.2 0 3 2 2 1 3 2 4 46 7
1357.55 0 3 2 2 0 2 3 4 46 7
1359.64 0 2 2 2 0 2 2 4 47 7
1361.65 0 3 2 2 1 2 2 3 47 7
1370.25 0 3 2 2 1 3 2 4 47 6
1371.69 0 3 2 2 1 2 2 3 47 7
1379.04 0 2 2 2 1 2 1 3 48 7
1382.44 0 2 2 2 1 3 1 4 48 6
1386.46 0 1 2 2 1 3 0 4 49 6
1397.85 0 1 2 2 1 4 0 5 49 5
1405.57 0 0 2 2 0 4 0 6 49 5
1407.66 0 0 2 2 0 3 0 5 49 6
1410 0 0 2 2 0 2 0 4 49 7
1411.03 0 1 2 2 1 2 0 3 49 7
1422.83 1 2 2 2 0 2 0 3 49 7
1424.05 0 1 2 2 1 2 0 3 49 7
1433.78 0 1 2 2 1 3 0 4 49 6
1441.01 0 1 3 3 1 2 0 4 49 6
1441.13 0 2 3 3 2 2 0 3 49 6
1446.26 0 2 2 2 2 3 0 3 49 6
1448.96 0 3 2 2 3 3 0 2 49 6
1451.36 0 3 2 2 3 2 0 1 49 7
1464.73 0 3 2 2 3 3 0 2 49 6
1467.16 0 2 2 2 2 3 0 3 49 6
1467.37 0 2 2 2 2 2 0 2 49 7
1475.14 0 2 2 2 2 3 0 3 49 6
1476.81 1 3 2 2 1 3 0 3 49 6
1479.38 0 2 2 2 2 3 0 3 49 6
1497.64 0 1 2 2 1 3 0 4 49 6
1499.09 0 1 1 1 1 4 0 4 49 6
1500.52 0 1 1 1 1 3 0 3 49 7
1510.91 0 1 1 1 1 4 0 4 49 6
1516.88 0 1 1 1 1 3 0 3 49 7
1521.58 0 1 1 1 0 2 1 3 49 7
1522.54 0 2 1 1 1 2 1 2 49 7
1531.46 0 2 1 1 1 1 1 1 49 8
1539.25 0 2 1 1 1 2 1 2 49 7
1540.8 0 2 1 1 1 1 1 1 49 8
1546.74 0 1 1 1 1 1 0 1 50 8
1550.83 1 2 1 1 0 1 0 1 50 8
1554.91 1 2 1 1 0 2 0 2 50 7
1563.23 0 1 1 1 1 2 0 2 50 7
1572.6 0 1 1 1 1 3 0 3 50 6
1580.83 0 1 1 1 1 2 0 2 50 7
1581.62 0 1 1 1 1 3 0 3 50 6
1588.13 0 1 2 2 1 2 0 3 50 6
1596.78 0 1 2 2 1 1 0 2 50 7
1606.07 0 1 2 2 1 0 0 1 50 8
1611.21 0 2 2 2 2 0 0 0 50 8
1616.31 0 1 2 2 1 0 0 1 50 8
1617.17 0 1 2 2 1 1 0 2 50 7
1621.46 0 1 1 1 1 2 0 2 50 7
1621.64 0 1 1 1 0 1 1 2 50 7
1629.78 0 2 1 1 0 1 2 2 49 7
1638.81 0 2 1 1 0 2 2 3 49 6
1642.16 0 2 1 1 0 3 2 4 49 5
1646.6 0 3 1 1 1 3 2 3 49 5
1647.56 0 3 1 1 1 2 2 2 49 6
1652.11 0 3 1 1 1 3 2 3 49 5
1653.98 0 2 1 1 1 3 1 3 50 5
1655.89 0 3 1 1 2 3 1 2 50 5
1657.57 0 4 1 1 2 3 2 2 49 5
1657.69 0 4 1 1 3 4 1 2 49 5
1657.82 0 3 1 1 2 4 1 3 49 5
1662.95 0 2 1 1 1 4 1 4 49 5
1664.69 0 2 1 1 1 5 1 5 49 4
1665.43 0 2 1 1 1 6 1 6 49 3
1672 1 3 1 1 0 6 1 6 49 3
1678.96 1 3 1 1 0 5 1 5 49 4
1679.13 1 3 1 1 0 4 1 4 49 5
1696.11 1 3 1 1 0 3 1 3 49 6
1696.58 1 3 1 1 0 2 1 2 49 7
1708.75 1 3 1 1 0 3 1 3 49 6
1709.98 1 3 1 1 0 2 1 2 49 7
1713.3 1 3 1 1 0 1 1 1 49 8
1716.85 0 2 1 1 1 1 1 1 49 8
1716.87 0 1 1 1 1 1 0 1 50 8
1718.35 0 1 1 1 1 2 0 2 50 7
1719.37 0 1 1 1 1 3 0 3 50 6
1723.96 0 1 1 1 1 4 0 4 50 5
1724.01 0 1 1 1 1 5 0 5 50 4
1724.22 0 1 2 2 1 4 0 5 50 4
1724.89 0 1 2 2 1 5 0 6 50 3
1726.86 0 2 2 2 2 5 0 5 50 3
1729.83 0 2 2 2 2 4 0 4 50 4
1739.87 0 1 2 2 1 4 0 5 50 4
1740.67 0 1 2 2 1 5 0 6 50 3
1742.02 0 2 2 2 2 5 0 5 50 3
1743.37 0 2 2 2 2 4 0 4 50 4
1747.99 0 2 2 2 2 5 0 5 50 3
1749.34 1 3 2 2 1 5 0 5 50 3
1756.25 1 3 2 2 1 4 0 4 50 4
1757.13 1 4 2 2 2 4 0 3 50 4
1758.97 1 4 2 2 2 3 0 2 50 5
1760.87 1 5 2 2 2 3 1 2 49 5
1762.77 1 5 2 2 2 2 1 1 49 6
1764.2 1 4 2 2 1 2 1 2 49 6
1769.34 1 3 2 2 0 2 1 3 49 6
1773.64 1 4 2 2 1 2 1 2 49 6
1779.23 2 5 2 2 0 2 1 2 49 6
1779.42 1 4 2 2 1 2 1 2 49 6
1780.15 1 5 2 2 1 2 2 2 48 6
1786.53 1 4 2 2 1 2 1 2 49 6
1788.89 1 4 3 3 1 1 1 2 49 6
1790.59 1 5 3 3 1 1 2 2 48 6
1791.95 1 5 2 2 1 2 2 2 48 6
1795.35 1 5 3 3 1 1 2 2 48 6
1796.64 0 4 3 3 2 1 2 2 48 6
1798.82 0 4 2 2 2 2 2 2 48 6
1800.56 0 4 2 2 2 3 2 3 48 5
1800.98 0 4 2 2 2 4 2 4 48 4
1802.61 0 4 2 2 2 3 2 3 48 5
1805.06 1 5 2 2 1 3 2 3 48 5
1805.61 1 5 3 3 1 2 2 3 48 5
1808.85 1 5 3 3 1 3 2 4 48 4
1811.88 1 5 2 2 1 4 2 4 48 4
1815.56 0 4 2 2 2 4 2 4 48 4
1815.82 0 3 2 2 2 4 1 4 49 4
1818.07 0 3 2 2 2 3 1 3 49 5
1818.43 0 3 2 2 2 4 1 4 49 4
1832.22 0 3 2 2 2 3 1 3 49 5
1839.88 0 2 2 2 1 3 1 4 49 5
1846.27 0 3 2 2 1 3 2 4 48 5
1849.61 1 4 2 2 0 3 2 4 48 5
1850.4 1 5 2 2 1 3 2 3 48 5
1851.95 1 5 2 2 1 2 2 2 48 6
1852.57 1 5 2 2 1 3 2 3 48 5
1861.73 1 5 1 1 1 4 2 3 48 5
1862.81 1 6 1 1 2 4 2 2 48 5
1863.2 1 6 1 1 2 5 2 3 48 4
1863.6 0 5 1 1 3 5 2 3 48 4
1867.81 0 5 1 1 3 6 2 4 48 3
1871.23 0 5 1 1 3 7 2 5 48 2
1873.12 0 5 1 1 3 6 2 4 48 3
1874.75 0 5 1 1 2 5 3 4 48 3
1876.24 0 4 1 1 1 5 3 5 48 3
1877.29 0 4 1 1 1 4 3 4 48 4
1878.39 0 4 2 2 1 3 3 4 48 4
1882.89 0 4 2 2 1 4 3 5 48 3
1885.6 0 5 2 2 2 4 3 4 48 3
1886.19 0 5 3 3 2 3 3 4 48 3
1887.47 0 4 3 3 1 3 3 5 48 3
1888.04 0 4 3 3 1 2 3 4 48 4
1889.05 0 3 3 3 1 2 2 4 49 4
1892.09 0 3 3 3 1 1 2 3 49 5
1896.36 0 3 2 2 1 2 2 3 49 5
1898.33 0 3 2 2 1 1 2 2 49 6
1907.06 0 4 2 2 2 1 2 1 49 6
1910.59 0 3 2 2 1 1 2 2 49 6
1918.66 0 4 2 2 2 1 2 1 49 6
1921.28 1 5 2 2 1 1 2 1 49 6
1921.3 0 4 2 2 2 1 2 1 49 6
1932.6 1 5 2 2 1 1 2 1 49 6
1933.61 1 5 1 1 1 2 2 1 49 6
1935.62 1 5 1 1 1 3 2 2 49 5
1942.02 1 4 1 1 1 3 1 2 50 5
1942.82 1 4 2 2 1 2 1 2 50 5
1943.73 2 5 2 2 0 2 1 2 50 5
1950.81 2 4 2 2 0 2 0 2 51 5
1951.06 2 4 2 2 0 1 0 1 51 6
1951.48 1 3 2 2 1 1 0 1 51 6
1953.76 2 4 2 2 0 1 0 1 51 6
1956.38 2 4 2 2 0 2 0 2 51 5
1965.41 2 4 2 2 0 3 0 3 51 4
1976.89 2 4 1 1 0 4 0 3 51 4
1978.9 2 4 1 1 0 3 0 2 51 5
1979.93 2 4 2 2 0 2 0 2 51 5
1982.9 2 4 2 2 0 3 0 3 51 4
1989.34 2 4 1 1 0 4 0 3 51 4
1989.35 2 5 1 1 0 4 1 3 50 4
1993.91 1 4 1 1 1 4 1 3 50 4
1994.1 1 4 1 1 1 5 1 4 50 3
1994.94 1 4 2 2 1 4 1 4 50 3
1996.41 1 5 2 2 2 4 1 3 50 3
2000.86 1 5 2 2 2 3 1 2 50 4
2003.88 0 4 2 2 3 3 1 2 50 4
2004.72 0 4 2 2 3 4 1 3 50 3
2006.12 0 3 2 2 3 4 0 3 51 3
2007.24 1 4 2 2 2 4 0 3 51 3
2011.34 2 5 2 2 1 4 0 3 51 3
2011.7 2 5 3 3 1 3 0 3 51 3
2016.83 2 5 3 3 1 2 0 2 51 4
2020.31 3 6 3 3 0 2 0 2 51 4
2022.6 3 6 2 2 0 3 0 2 51 4
2023.08 3 6 1 1 0 4 0 2 51 4
2028.69 2 5 1 1 1 4 0 2 51 4
2030.41 1 4 1 1 2 4 0 2 51 4
2038.03 1 3 1 1 1 4 0 3 51 4
2038.74 1 3 2 2 1 3 0 3 51 4
2047.18 1 3 2 2 1 4 0 4 51 3
2053.41 1 3 2 2 1 3 0 3 51 4
2053.51 1 4 2 2 2 3 0 2 51 4
2057.16 1 4 2 2 2 2 0 1 51 5
2064.95 1 4 2 2 2 3 0 2 51 4
2071.27 1 3 2 2 1 3 0 3 51 4
2073.19 1 3 2 2 1 4 0 4 51 3
2081.82 1 3 3 3 1 3 0 4 51 3
2083.08 1 2 3 3 0 3 0 5 51 3
2086.44 1 2 2 2 0 4 0 5 51 3
2087 1 2 2 2 0 3 0 4 51 4
2089.08 1 2 2 2 0 4 0 5 51 3
2093.11 1 2 2 2 0 3 0 4 51 4
2101.75 1 2 2 2 0 2 0 3 51 5
2106.09 1 2 2 2 0 3 0 4 51 4
2106.29 1 2 2 2 0 2 0 3 51 5
2107.15 0 1 2 2 1 2 0 3 51 5
2107.82 0 1 2 2 1 3 0 4 51 4
2108.3 0 1 2 2 0 2 1 4 51 4
2113.92 0 1 2 2 0 3 1 5 51 3
2125.12 0 1 2 2 0 2 1 4 51 4
2131.16 0 2 2 2 1 2 1 3 51 4
2134.97 0 2 2 2 1 1 1 2 51 5
2140.45 0 2 1 1 1 2 1 2 51 5
2142.38 0 3 1 1 2 2 1 1 51 5
2150.13 1 4 1 1 1 2 1 1 51 5
2150.75 1 5 1 1 2 2 1 0 51 5
2153.06 1 5 0 0 2 3 1 0 51 5
2153.58 2 6 0 0 1 3 1 0 51 5
2156.05 1 5 0 0 2 3 1 0 51 5
2158.24 1 4 0 0 1 3 1 1 51 5
2159.52 1 3 0 0 0 3 1 2 51 5
2163.12 1 4 0 0 0 3 2 2 50 5
2170.97 1 3 0 0 0 3 1 2 51 5
2172.58 1 3 0 0 0 2 1 1 51 6
2179.25 1 3 0 0 0 3 1 2 51 5
2180.22 1 4 0 0 0 3 2 2 50 5
2184.1 1 3 0 0 0 3 1 2 51 5
2184.82 1 4 0 0 1 3 1 1 51 5
2190.53 2 5 0 0 0 3 1 1 51 5
2194.93 2 4 0 0 0 3 0 1 52 5
2223.21 1 3 0 0 1 3 0 1 52 5
2235.53 1 3 1 1 1 2 0 1 52 5
2241.32 1 3 1 1 1 3 0 2 52 4
2251.5 1 4 1 1 2 3 0 1 52 4
2257.96 2 5 1 1 1 3 0 1 52 4
2264.48 2 5 1 1 1 4 0 2 52 3
2264.81 3 6 1 1 0 4 0 2 52 3
2267.53 2 5 1 1 1 4 0 2 52 3
2267.7 1 4 1 1 2 4 0 2 52 3
2270.13 1 4 1 1 1 3 1 2 52 3
2270.57 1 3 1 1 1 3 0 2 53 3
2271.58 1 2 1 1 0 3 0 3 53 3
2275.75 1 3 1 1 0 3 1 3 52 3
2276.13 1 4 1 1 0 3 2 3 51 3
2282.67 1 3 1 1 0 3 1 3 52 3
2300.56 1 2 1 1 0 3 0 3 53 3
2304.8 1 2 0 0 0 4 0 3 53 3
2306.69 1 3 0 0 1 4 0 2 53 3
2306.69 1 4 0 0 1 4 1 2 52 3
2308.99 1 4 0 0 0 3 2 2 52 3
2313.75 1 4 0 0 1 4 1 2 52 3
2326.35 1 3 0 0 1 4 0 2 53 3
2331.25 1 3 0 0 1 3 0 1 53 4
2338.13 1 2 0 0 0 3 0 2 53 4
2341.16 1 3 0 0 1 3 0 1 53 4
2344.78 2 4 0 0 0 3 0 1 53 4
2345.21 1 3 0 0 1 3 0 1 53 4
2346.81 1 3 0 0 1 2 0 0 53 5
2347.32 1 3 0 0 1 3 0 1 53 4
2366.62 0 2 0 0 2 3 0 1 53 4
2367.18 0 2 0 0 1 2 1 1 53 4
2375.3 0 2 0 0 1 1 1 0 53 5
2389.66 0 2 0 0 1 2 1 1 53 4
2406.72 0 1 0 0 1 2 0 1 54 4
2409.66 0 2 0 0 1 2 1 1 53 4
2417.13 0 2 0 0 1 3 1 2 53 3
2424.15 0 2 0 0 1 2 1 1 53 4
2433.89 0 2 1 1 1 1 1 1 53 4
2435.67 0 2 2 2 1 0 1 1 53 4
2437.47 0 1 2 2 0 0 1 2 53 4
2454.57 0 0 2 2 0 0 0 2 54 4
2456.17 0 0 1 1 0 1 0 2 54 4
2462.02 0 1 1 1 1 1 0 1 54 4
2468.99 0 2 1 1 1 1 1 1 53 4
2479.68 1 3 1 1 0 1 1 1 53 4
2484.38 0 2 1 1 1 1 1 1 53 4
2489.47 0 2 1 1 1 2 1 2 53 3
2494.57 0 2 2 2 1 1 1 2 53 3
2496.97 1 3 2 2 0 1 1 2 53 3
2499.12 1 3 1 1 0 2 1 2 53 3
2499.21 1 3 1 1 0 3 1 3 53 2
2505.5 1 2 1 1 0 3 0 3 54 2
2512.82 1 2 1 1 0 2 0 2 54 3
2515.1 0 1 1 1 1 2 0 2 54 3
2515.95 0 1 2 2 1 1 0 2 54 3
2522.32 0 1 2 2 1 2 0 3 54 2
2524.12 0 1 2 2 0 1 1 3 54 2
2557.59 0 1 1 1 0 2 1 3 54 2
2559.62 0 1 2 2 0 1 1 3 54 2
2563.09 0 1 2 2 0 2 1 4 54 1
2564.23 0 1 1 1 0 3 1 4 54 1
2564.32 0 1 1 1 0 2 1 3 54 2
2565.48 0 1 1 1 0 1 1 2 54 3
2567.14 0 2 1 1 0 1 2 2 53 3
2568.81 0 3 1 1 0 1 3 2 52 3
2570.25 0 4 1 1 1 1 3 1 52 3
2573.43 0 4 0 0 1 2 3 1 52 3
2573.52 0 4 0 0 2 3 2 1 52 3
2576.06 0 4 1 1 2 2 2 1 52 3
2577.13 0 3 1 1 1 2 2 2 52 3
2584.86 0 2 1 1 1 2 1 2 53 3
2591.05 0 2 1 1 1 3 1 3 53 2
2596.26 0 2 1 1 1 2 1 2 53 3
2610.97 0 2 0 0 1 3 1 2 53 3
2612.55 0 3 0 0 1 3 2 2 52 3
2612.79 1 4 0 0 0 3 2 2 52 3
2613.9 1 4 0 0 0 4 2 3 52 2
2614.75 1 4 0 0 0 3 2 2 52 3
2620.03 1 4 1 1 0 2 2 2 52 3
2630.93 0 3 1 1 1 2 2 2 52 3
2640.39 0 3 1 1 1 3 2 3 52 2
2641.02 1 4 1 1 0 3 2 3 52 2
2641.52 1 5 1 1 1 3 2 2 52 2
2645.14 1 4 1 1 1 3 1 2 53 2
2647.66 0 3 1 1 2 3 1 2 53 2
2649.12 0 3 2 2 2 2 1 2 53 2
2656.43 0 3 2 2 2 3 1 3 53 1
2658.32 0 3 2 2 2 2 1 2 53 2
2663.05 1 4 2 2 1 2 1 2 53 2
2666.13 1 4 2 2 1 3 1 3 53 1
2670.37 1 3 2 2 0 3 1 4 53 1
2672.87 0 2 2 2 1 3 1 4 53 1
2676.96 0 2 2 2 1 2 1 3 53 2
2678.89 0 2 3 3 1 1 1 3 53 2
2679.31 0 3 3 3 1 1 2 3 52 2
2680.83 0 3 2 2 1 2 2 3 52 2
2682.83 0 3 2 2 1 1 2 2 52 3
2685.09 0 3 2 2 1 0 2 1 52 4
2690.76 0 3 2 2 1 1 2 2 52 3
2691.73 0 3 2 2 1 2 2 3 52 2
2691.9 0 3 2 2 1 1 2 2 52 3
2694.82 0 3 1 1 1 2 2 2 52 3
2698.36 0 3 1 1 0 1 3 2 52 3
2701.8 0 4 1 1 1 1 3 1 52 3
2703.45 0 4 1 1 1 2 3 2 52 2
2704.62 0 4 1 1 1 3 3 3 52 1
2707.65 0 3 1 1 1 3 2 3 53 1
2707.69 0 3 2 2 1 2 2 3 53 1
2710.02 1 4 2 2 0 2 2 3 53 1
2714.99 1 3 2 2 0 2 1 3 54 1
2719.97 1 3 2 2 0 3 1 4 54 0
2722.88 1 4 2 2 1 3 1 3 54 0
2725.43 0 3 2 2 2 3 1 3 54 0
2728.17 0 3 3 3 2 2 1 3 54 0
2746.84 0 3 3 3 1 1 2 3 54 0
2748.73 0 4 3 3 2 1 2 2 54 0
2749.91 0 4 2 2 2 2 2 2 54 0
2759.49 0 4 2 2 1 1 3 2 54 0
2765.7 0 3 2 2 0 1 3 3 54 0
2766.43 0 4 2 2 1 1 3 2 54 0
2768.72 0 3 2 2 0 1 3 3 54 0
2769.6 0 4 2 2 1 1 3 2 54 0
2770.26 0 4 2 2 2 2 2 2 54 0
2771.71 0 3 2 2 1 2 2 3 54 0
2774.78 0 4 2 2 2 2 2 2 54 0
2775.24 0 4 2 2 3 3 1 2 54 0
2775.47 0 3 2 2 2 3 1 3 54 0
2776.12 0 2 2 2 1 3 1 4 54 0
2779.04 0 1 2 2 0 3 1 5 54 0
2785.87 0 1 2 2 0 2 1 4 54 1
2789.74 0 2 2 2 1 2 1 3 54 1
2793.82 0 2 2 2 0 1 2 3 54 1
2793.88 0 2 2 2 0 0 2 2 54 2
2802.12 0 2 1 1 0 1 2 2 54 2
2821.95 0 1 1 1 0 1 1 2 55 2
2842.17 0 2 1 1 1 1 1 1 55 2
2843.65 0 2 1 1 1 2 1 2 55 1
2846.6 0 2 1 1 2 3 0 2 55 1
2847.5 0 1 1 1 1 3 0 3 55 1
2859.8 0 1 1 1 1 2 0 2 55 2
2869.56 0 1 1 1 1 3 0 3 55 1
2878.88 0 0 1 1 0 3 0 4 55 1
2884.83 0 0 1 1 0 4 0 5 55 0
2887.31 0 1 1 1 0 4 1 5 54 0
2892.92 0 1 2 2 0 3 1 5 54 0
2898.83 0 1 2 2 1 4 0 5 54 0
2900.62 1 2 2 2 0 4 0 5 54 0
2900.94 1 2 2 2 0 3 0 4 54 1
2909.5 1 2 2 2 0 2 0 3 54 2
2911.01 1 2 1 1 0 3 0 3 54 2
2915.02 1 2 1 1 0 4 0 4 54 1
2915.58 1 2 1 1 0 3 0 3 54 2
2916.4 1 2 2 2 0 2 0 3 54 2
2916.57 1 3 2 2 0 2 1 3 53 2
2917.91 0 2 2 2 1 2 1 3 53 2
2918.05 0 2 2 2 1 3 1 4 53 1
2933.7 0 2 2 2 0 2 2 4 53 1
2943.9 0 2 2 2 0 1 2 3 53 2
2958 0 3 2 2 0 1 3 3 52 2
2968.34 0 2 2 2 0 1 2 3 53 2
2974.14 0 2 2 2 0 0 2 2 53 3
2997.66 0 2 2 2 0 1 2 3 53 2
2997.66 0 2 2 2 0 1 2 3 53 2
