0 60 120 60 60 0 0 0 0 0 0
0.00412151 59 119 60 60 1 0 0 0 0 0
0.0150632 58 118 60 60 2 0 0 0 0 0
0.0339963 58 118 59 59 2 1 0 0 0 0
0.0428151 58 118 58 58 2 2 0 0 0 0
0.0697313 58 118 57 57 2 3 0 0 0 0
0.0906958 57 117 57 57 3 3 0 0 0 0
0.0923127 56 116 57 57 4 3 0 0 0 0
0.104563 56 116 56 56 4 4 0 0 0 0
0.123539 56 116 55 55 4 5 0 0 0 0
0.140164 56 116 54 54 4 6 0 0 0 0
0.14489 56 116 53 53 4 7 0 0 0 0
0.154611 55 115 53 53 5 7 0 0 0 0
0.154725 54 114 53 53 6 7 0 0 0 0
0.185985 53 113 53 53 7 7 0 0 0 0
0.190996 52 112 53 53 8 7 0 0 0 0
0.240114 51 111 53 53 9 7 0 0 0 0
0.244847 50 110 53 53 10 7 0 0 0 0
0.255299 50 109 53 53 9 7 0 1 0 0
0.27054 50 108 53 53 8 7 0 2 0 0
0.278059 49 107 53 53 9 7 0 2 0 0
0.280856 49 107 52 52 9 8 0 2 0 0
0.284509 49 107 51 51 9 9 0 2 0 0
0.301068 48 106 51 51 10 9 0 2 0 0
0.312072 48 106 50 50 10 10 0 2 0 0
0.312412 48 106 49 49 10 11 0 2 0 0
0.326214 48 106 48 48 10 12 0 2 0 0
0.331389 48 105 48 48 9 12 0 3 0 0
0.336514 48 105 47 47 9 13 0 3 0 0
0.366083 48 105 46 46 9 14 0 3 0 0
0.371607 48 105 45 45 9 15 0 3 0 0
0.391346 48 105 44 44 9 16 0 3 0 0
0.412082 47 104 44 44 10 16 0 3 0 0
0.439147 47 104 43 43 10 17 0 3 0 0
0.439518 46 103 43 43 11 17 0 3 0 0
0.443919 45 102 43 43 12 17 0 3 0 0
0.497289 45 102 42 42 12 18 0 3 0 0
0.513619 45 102 42 42 11 17 1 3 0 0
0.533521 45 102 41 41 11 18 1 3 0 0
0.600461 45 102 40 40 11 19 1 3 0 0
0.620496 44 101 40 40 12 19 1 3 0 0
0.629502 44 101 39 39 12 20 1 3 0 0
0.63626 43 100 39 39 13 20 1 3 0 0
0.643711 42 99 39 39 14 20 1 3 0 0
0.699332 42 98 39 39 13 20 1 4 0 0
0.724578 42 98 38 38 13 21 1 4 0 0
0.731251 41 97 38 38 14 21 1 4 0 0
0.743854 41 98 38 38 15 21 1 3 0 0
0.753375 41 98 37 37 15 22 1 3 0 0
0.758018 41 98 36 36 15 23 1 3 0 0
0.781891 40 97 36 36 16 23 1 3 0 0
0.816295 39 96 36 36 17 23 1 3 0 0
0.85094 39 96 35 35 17 24 1 3 0 0
0.885564 38 95 35 35 18 24 1 3 0 0
0.908952 37 94 35 35 19 24 1 3 0 0
0.932056 37 94 34 34 19 25 1 3 0 0
0.964554 37 93 34 34 18 25 1 4 0 0
0.984094 37 92 34 34 17 25 1 5 0 0
1.01255 36 91 34 34 18 25 1 5 0 0
1.03703 35 90 34 34 19 25 1 5 0 0
1.03963 35 90 33 33 19 26 1 5 0 0
1.09557 35 90 32 32 19 27 1 5 0 0
1.13668 35 90 31 31 19 28 1 5 0 0
1.14804 35 89 31 31 18 28 1 6 0 0
1.17335 34 88 31 31 19 28 1 6 0 0
1.19772 34 88 30 30 19 29 1 6 0 0
1.19932 34 88 29 29 19 30 1 6 0 0
1.20082 33 87 29 29 20 30 1 6 0 0
1.26331 32 86 29 29 21 30 1 6 0 0
1.27517 31 85 29 29 22 30 1 6 0 0
1.30254 31 84 29 29 21 30 1 7 0 0
1.30258 31 84 28 28 21 31 1 7 0 0
1.30718 30 83 28 28 22 31 1 7 0 0
1.32972 29 82 28 28 23 31 1 7 0 0
1.34953 29 81 28 28 22 31 1 8 0 0
1.37291 28 80 28 28 23 31 1 8 0 0
1.40522 28 80 27 27 23 32 1 8 0 0
1.40775 28 80 26 26 23 33 1 8 0 0
1.48867 28 80 25 25 23 34 1 8 0 0
1.53443 27 79 25 25 24 34 1 8 0 0
1.53814 27 79 24 24 24 35 1 8 0 0
1.53943 27 78 24 24 23 35 1 9 0 0
1.53998 27 77 24 24 22 35 1 10 0 0
1.54306 26 76 24 24 23 35 1 10 0 0
1.54338 26 76 23 23 23 36 1 10 0 0
1.5667 25 75 23 23 24 36 1 10 0 0
1.59193 25 75 22 22 24 37 1 10 0 0
1.59843 24 74 22 22 25 37 1 10 0 0
1.60484 23 73 22 22 26 37 1 10 0 0
1.63909 22 72 22 22 27 37 1 10 0 0
1.64346 22 71 22 22 26 37 1 11 0 0
1.66081 21 70 22 22 27 37 1 11 0 0
1.72508 21 70 22 22 26 36 2 11 0 0
1.7433 20 69 22 22 27 36 2 11 0 0
1.74583 20 68 22 22 26 36 2 12 0 0
1.76654 20 67 22 22 25 36 2 13 0 0
1.8214 20 67 22 22 24 35 3 13 0 0
1.8381 19 66 22 22 25 35 3 13 0 0
1.87218 19 66 22 22 24 34 4 13 0 0
1.92542 19 66 21 21 24 35 4 13 0 0
1.92779 19 65 21 21 24 35 3 13 1 0
1.94412 19 65 20 20 24 36 3 13 1 0
1.94511 19 65 19 19 24 37 3 13 1 0
1.96623 19 64 19 19 23 37 3 14 1 0
1.98652 19 63 19 19 22 37 3 15 1 0
1.98781 19 63 19 19 21 36 4 15 1 0
2.01617 19 63 19 19 20 35 5 15 1 0
2.04054 19 63 19 19 19 34 6 15 1 0
2.04378 20 64 19 19 18 34 6 15 1 0
2.05892 20 63 19 19 17 34 6 16 1 0
2.07352 19 62 19 19 18 34 6 16 1 0
2.09127 19 61 19 19 17 34 6 17 1 0
2.11312 18 60 19 19 18 34 6 17 1 0
2.11623 18 60 19 19 18 33 6 16 1 1
2.13441 17 59 19 19 19 33 6 16 1 1
2.20575 17 58 19 19 19 33 5 16 2 1
2.22173 17 57 19 19 18 33 5 17 2 1
2.22923 17 56 19 19 17 33 5 18 2 1
2.3293 17 56 18 18 17 34 5 18 2 1
2.36794 17 55 18 18 16 34 5 19 2 1
2.46731 17 55 17 17 16 35 5 19 2 1
2.46931 17 55 17 17 15 34 6 19 2 1
2.47803 17 55 17 17 14 33 7 19 2 1
2.47857 17 54 17 17 13 33 7 20 2 1
2.51586 17 53 17 17 12 33 7 21 2 1
2.54284 16 52 17 17 13 33 7 21 2 1
2.55669 15 51 17 17 14 33 7 21 2 1
2.56426 15 51 16 16 14 34 7 21 2 1
2.62083 15 51 16 16 14 33 7 20 2 2
2.72843 15 51 16 16 14 32 7 19 2 3
2.73693 14 50 16 16 15 32 7 19 2 3
2.78056 14 49 16 16 15 32 6 19 3 3
2.78419 13 48 16 16 16 32 6 19 3 3
2.90227 13 49 16 16 17 32 6 18 3 3
2.93323 13 49 16 16 16 31 7 18 3 3
2.95782 13 48 16 16 15 31 7 19 3 3
2.97114 13 47 16 16 15 31 6 19 4 3
3.1068 13 46 16 16 14 31 6 20 4 3
3.10941 12 45 16 16 15 31 6 20 4 3
3.1759 12 45 16 16 14 30 7 20 4 3
3.19665 12 45 16 16 14 29 7 19 4 4
3.24418 12 45 16 16 13 28 8 19 4 4
3.25023 12 45 15 15 13 29 8 19 4 4
3.27482 11 44 15 15 14 29 8 19 4 4
3.27611 11 43 15 15 13 29 8 20 4 4
3.59089 11 43 15 15 13 28 8 19 4 5
3.59575 11 43 15 15 12 27 9 19 4 5
3.67025 11 43 15 15 12 26 9 18 4 6
3.70363 11 43 15 15 11 25 10 18 4 6
3.71448 10 42 15 15 12 25 10 18 4 6
3.72994 10 41 15 15 12 25 9 18 5 6
3.75833 10 40 15 15 12 25 8 18 6 6
3.76234 10 39 15 15 11 25 8 19 6 6
3.93639 10 39 15 15 11 24 8 18 6 7
3.95745 10 39 15 15 10 23 9 18 6 7
4.05566 10 39 15 15 9 22 10 18 6 7
4.21428 10 38 15 15 8 22 10 19 6 7
4.23361 10 39 15 15 9 22 10 18 6 7
4.24453 10 39 15 15 8 21 11 18 6 7
4.38331 10 39 15 15 8 20 11 17 6 8
4.55917 9 38 15 15 9 20 11 17 6 8
4.59298 8 37 15 15 10 20 11 17 6 8
4.64158 8 37 15 15 10 19 11 16 6 9
4.65464 7 36 15 15 11 19 11 16 6 9
4.76632 7 35 15 15 10 19 11 17 6 9
4.92745 7 35 15 15 10 20 11 18 6 8
5.11939 7 35 15 15 10 19 11 17 6 9
5.1713 6 34 15 15 11 19 11 17 6 9
5.23665 6 33 15 15 10 19 11 18 6 9
5.2449 6 33 14 14 10 20 11 18 6 9
5.25319 6 33 13 13 10 21 11 18 6 9
5.30204 5 32 13 13 11 21 11 18 6 9
5.32416 5 32 13 13 10 20 12 18 6 9
5.32471 5 31 13 13 9 20 12 19 6 9
5.35634 5 31 12 12 9 21 12 19 6 9
5.42612 5 31 12 12 9 20 12 18 6 10
5.5409 4 30 12 12 10 20 12 18 6 10
5.5627 4 30 12 12 10 19 12 17 6 11
5.56596 4 29 12 12 9 19 12 18 6 11
5.57998 4 29 12 12 8 18 13 18 6 11
5.70006 4 29 12 12 8 19 13 19 6 10
5.85772 4 28 12 12 8 19 12 19 7 10
5.88703 4 28 12 12 8 18 12 18 7 11
5.98247 4 28 11 11 8 19 12 18 7 11
6.10986 4 27 11 11 8 19 11 18 8 11
6.22368 4 27 11 11 7 18 12 18 8 11
6.31522 4 27 11 11 7 17 12 17 8 12
6.50179 4 27 11 11 6 16 13 17 8 12
6.6908 4 27 10 10 6 17 13 17 8 12
6.71513 4 27 10 10 6 16 13 16 8 13
6.85297 4 27 10 10 5 15 14 16 8 13
6.90219 4 26 10 10 5 15 13 16 9 13
7.04639 4 25 10 10 5 15 12 16 10 13
7.17655 4 24 10 10 5 15 11 16 11 13
7.53435 4 24 10 10 4 14 12 16 11 13
7.63989 4 23 10 10 4 14 11 16 12 13
7.86187 4 23 10 10 4 13 11 15 12 14
7.9079 4 23 10 10 4 14 11 16 12 13
8.0554 4 23 9 9 4 15 11 16 12 13
8.33749 4 23 9 9 4 14 11 15 12 14
8.4692 4 22 9 9 4 14 10 15 13 14
8.49424 4 22 9 9 4 13 10 14 13 15
8.6595 3 21 9 9 5 13 10 14 13 15
9.13214 3 20 9 9 4 13 10 15 13 15
9.39694 3 20 9 9 4 12 10 14 13 16
9.53874 3 19 9 9 3 12 10 15 13 16
9.94156 3 19 8 8 3 13 10 15 13 16
10.3208 3 18 8 8 3 13 9 15 14 16
10.4256 3 17 8 8 2 13 9 16 14 16
10.4855 3 17 8 8 2 12 9 15 14 17
10.5417 3 16 8 8 2 12 8 15 15 17
11.1996 2 15 8 8 3 12 8 15 15 17
11.2161 2 15 8 8 3 11 8 14 15 18
12.4338 2 14 8 8 3 11 7 14 16 18
12.4427 2 14 7 7 3 12 7 14 16 18
12.4439 2 13 7 7 3 12 6 14 17 18
12.5592 2 13 8 8 3 11 6 14 17 18
12.9297 2 13 7 7 3 12 6 14 17 18
12.9562 2 12 7 7 3 12 5 14 18 18
13.0855 2 12 6 6 3 13 5 14 18 18
13.5241 2 12 6 6 2 12 6 14 18 18
13.6333 2 11 6 6 1 12 6 15 18 18
14.0482 2 12 6 6 1 12 7 15 17 18
14.1025 2 13 6 6 2 12 7 14 17 18
14.3775 2 13 6 6 2 11 7 13 17 19
14.5432 2 12 6 6 2 11 6 13 18 19
14.5931 2 12 6 6 2 10 6 12 18 20
15.1483 2 12 6 6 2 9 6 11 18 21
15.4256 2 11 6 6 2 9 5 11 19 21
16.3111 2 11 6 6 2 8 5 10 19 22
16.7213 2 11 5 5 2 9 5 10 19 22
16.7801 2 11 4 4 2 10 5 10 19 22
16.7894 2 11 4 4 1 9 6 10 19 22
17.7057 2 11 4 4 1 10 6 11 19 21
18 2 11 5 5 1 9 6 11 19 21
19.3828 2 11 5 5 1 8 6 10 19 22
19.4092 3 12 5 5 0 8 6 10 19 22
20.3964 3 11 5 5 0 8 5 10 20 22
20.6365 3 11 5 5 0 9 5 11 20 21
21.5502 2 10 5 5 1 9 5 11 20 21
21.8077 2 10 5 5 1 8 5 10 20 22
22.5512 2 10 5 5 1 7 5 9 20 23
23.0223 2 10 5 5 1 6 5 8 20 24
23.8467 2 10 5 5 1 7 5 9 20 23
24.0438 2 9 5 5 1 7 4 9 21 23
24.5969 2 9 4 4 1 8 4 9 21 23
25.0097 2 8 4 4 1 8 3 9 22 23
26.0606 2 8 4 4 1 7 3 8 22 24
26.6323 2 7 4 4 0 7 3 9 22 24
27.369 2 7 4 4 0 8 3 10 22 23
28.6515 2 7 4 4 0 7 3 9 22 24
28.8997 2 7 3 3 0 8 3 9 22 24
30.1405 2 7 3 3 0 9 3 10 22 23
30.8545 2 7 3 3 0 10 3 11 22 22
30.9688 2 7 3 3 0 9 3 10 22 23
31.0666 2 7 3 3 0 8 3 9 22 24
32.0727 2 7 2 2 0 9 3 9 22 24
32.1711 2 7 3 3 0 8 3 9 22 24
32.5799 2 6 3 3 0 8 2 9 23 24
32.9483 2 6 3 3 0 7 2 8 23 25
33.5327 1 5 3 3 1 7 2 8 23 25
34.3237 0 4 3 3 2 7 2 8 23 25
35.2883 1 5 3 3 1 7 2 8 23 25
35.876 1 5 3 3 1 8 2 9 23 24
35.9221 1 5 3 3 1 9 2 10 23 23
36.1448 1 5 3 3 0 8 3 10 23 23
37.0609 1 5 3 3 0 7 3 9 23 24
38.4512 1 5 3 3 0 6 3 8 23 25
39.6143 1 5 3 3 0 5 3 7 23 26
40.8402 1 4 3 3 0 5 2 7 24 26
44.3818 1 4 3 3 0 4 2 6 24 27
45.1508 1 4 3 3 0 3 2 5 24 28
46.8801 1 5 3 3 0 3 3 5 23 28
46.8868 1 5 3 3 0 4 3 6 23 27
47.5937 1 5 3 3 0 5 3 7 23 26
49.6373 1 5 2 2 0 6 3 7 23 26
50.0758 1 5 3 3 0 5 3 7 23 26
52.7697 1 5 3 3 0 6 3 8 23 25
54.6729 1 5 4 4 0 5 3 8 23 25
54.9805 1 5 3 3 0 6 3 8 23 25
55.7179 1 5 3 3 0 5 3 7 23 26
57.5634 1 5 3 3 0 6 3 8 23 25
57.6657 1 5 3 3 0 5 3 7 23 26
59.086 1 4 3 3 0 5 2 7 24 26
59.182 1 5 3 3 1 5 2 6 24 26
60.3932 1 5 3 3 1 6 2 7 24 25
60.6624 1 5 3 3 1 7 2 8 24 24
61.8118 1 5 2 2 1 8 2 8 24 24
62.8816 1 5 2 2 1 7 2 7 24 25
62.9744 1 5 2 2 1 8 2 8 24 24
63.0793 1 5 1 1 1 9 2 8 24 24
63.1777 1 5 1 1 1 8 2 7 24 25
63.6458 1 5 1 1 1 9 2 8 24 24
64.1936 1 6 1 1 2 9 2 7 24 24
64.6555 1 5 1 1 1 9 2 8 24 24
64.8257 0 4 1 1 2 9 2 8 24 24
65.1154 0 4 1 1 2 10 2 9 24 23
65.2906 0 4 1 1 2 9 2 8 24 24
66.0854 0 4 1 1 1 8 3 8 24 24
66.2998 0 4 1 1 1 7 3 7 24 25
66.7748 0 3 1 1 1 7 2 7 25 25
68.2442 0 3 1 1 1 6 2 6 25 26
68.2839 0 3 2 2 1 5 2 6 25 26
69.3563 0 3 2 2 1 4 2 5 25 27
69.7185 0 3 2 2 1 3 2 4 25 28
73.6982 0 3 2 2 1 4 2 5 25 27
75.046 0 3 2 2 1 5 2 6 25 26
77.0971 0 3 2 2 1 6 2 7 25 25
77.1893 0 3 2 2 1 7 2 8 25 24
77.5414 0 3 2 2 1 6 2 7 25 25
77.6264 1 4 2 2 0 6 2 7 25 25
78.468 1 5 2 2 1 6 2 6 25 25
79.2273 1 5 2 2 1 5 2 5 25 26
81.1134 1 5 2 2 1 6 2 6 25 25
82.4285 1 5 2 2 1 7 2 7 25 24
84.4141 1 5 2 2 1 8 2 8 25 23
86.5138 1 5 2 2 1 7 2 7 25 24
87.7414 1 5 1 1 1 8 2 7 25 24
87.869 1 6 1 1 2 8 2 6 25 24
88.9113 1 6 2 2 2 7 2 6 25 24
93.5628 1 6 2 2 2 6 2 5 25 25
94.8065 1 6 2 2 2 5 2 4 25 26
96.0351 1 6 2 2 2 4 2 3 25 27
97.3125 1 5 2 2 2 4 1 3 26 27
99.7087 0 4 2 2 3 4 1 3 26 27
100.157 0 4 2 2 2 3 2 3 26 27
101.045 0 3 2 2 2 3 1 3 27 27
101.605 0 3 1 1 2 4 1 3 27 27
102.876 0 3 1 1 2 5 1 4 27 26
103.068 0 3 1 1 2 6 1 5 27 25
103.228 0 3 1 1 2 7 1 6 27 24
103.743 0 3 1 1 2 8 1 7 27 23
104.716 0 3 1 1 2 9 1 8 27 22
108.73 0 3 1 1 2 8 1 7 27 23
109.249 0 3 1 1 2 7 1 6 27 24
109.415 0 3 2 2 2 6 1 6 27 24
109.857 0 2 2 2 2 6 0 6 28 24
109.913 0 2 2 2 2 7 0 7 28 23
110.427 0 2 2 2 2 6 0 6 28 24
112.123 0 2 2 2 2 7 0 7 28 23
113.271 0 2 2 2 2 8 0 8 28 22
113.427 0 2 2 2 2 9 0 9 28 21
115.209 0 2 2 2 2 8 0 8 28 22
115.327 0 2 2 2 2 7 0 7 28 23
116.194 0 2 2 2 2 8 0 8 28 22
117.474 0 2 2 2 2 7 0 7 28 23
117.794 0 2 2 2 2 8 0 8 28 22
119.013 0 2 2 2 1 7 1 8 28 22
119.324 0 2 2 2 1 6 1 7 28 23
120.719 0 2 2 2 1 5 1 6 28 24
121.465 0 2 2 2 1 4 1 5 28 25
121.64 0 2 2 2 1 3 1 4 28 26
123.685 0 2 2 2 1 4 1 5 28 25
125.89 0 2 2 2 1 5 1 6 28 24
128.546 0 2 3 3 1 4 1 6 28 24
129.125 0 2 4 4 1 3 1 6 28 24
130.431 0 3 4 4 2 3 1 5 28 24
131.95 0 3 5 5 2 2 1 5 28 24
136.637 0 3 4 4 2 3 1 5 28 24
141.632 1 4 4 4 1 3 1 5 28 24
141.728 1 3 4 4 0 3 1 6 28 24
142.132 1 3 4 4 0 4 1 7 28 23
144.893 0 2 4 4 1 4 1 7 28 23
145.259 0 2 4 4 1 5 1 8 28 22
146.681 0 2 3 3 1 6 1 8 28 22
148.607 0 2 3 3 1 7 1 9 28 21
150.13 0 2 2 2 1 8 1 9 28 21
152.444 0 2 2 2 1 7 1 8 28 22
152.557 0 2 2 2 1 6 1 7 28 23
153.67 0 2 1 1 1 7 1 7 28 23
153.974 0 2 1 1 0 6 2 7 28 23
154.897 0 2 1 1 0 5 2 6 28 24
155.812 0 2 1 1 0 6 2 7 28 23
156.385 0 3 1 1 1 6 2 6 28 23
156.403 0 3 1 1 1 7 2 7 28 22
161.375 0 3 1 1 1 8 2 8 28 21
161.453 0 3 1 1 1 9 2 9 28 20
161.914 0 3 1 1 0 8 3 9 28 20
162.165 0 3 1 1 0 7 3 8 28 21
162.293 0 2 1 1 0 7 2 8 29 21
163.445 0 2 1 1 0 6 2 7 29 22
163.607 0 3 1 1 1 6 2 6 29 22
166.376 0 3 1 1 1 7 2 7 29 21
169.622 0 3 0 0 1 8 2 7 29 21
170.986 0 3 0 0 1 7 2 6 29 22
175.045 0 3 0 0 0 6 3 6 29 22
176.041 0 3 0 0 1 7 2 6 29 22
178.111 0 3 0 0 0 6 3 6 29 22
179.665 0 3 0 0 0 7 3 7 29 21
180.341 0 3 0 0 0 6 3 6 29 22
181.36 0 4 0 0 1 6 3 5 29 22
183.293 0 4 0 0 1 5 3 4 29 23
184.83 0 4 0 0 1 6 3 5 29 22
185.907 0 3 0 0 1 6 2 5 30 22
188.887 0 3 0 0 1 5 2 4 30 23
191.812 0 4 0 0 1 5 3 4 29 23
193.226 0 4 0 0 0 4 4 4 29 23
198.738 0 5 0 0 1 4 4 3 29 23
198.758 0 4 0 0 1 4 3 3 30 23
199.948 0 4 0 0 1 3 3 2 30 24
201.094 0 4 0 0 1 4 3 3 30 23
203.147 0 4 0 0 1 5 3 4 30 22
209.033 1 5 0 0 0 5 3 4 30 22
209.044 1 5 0 0 0 4 3 3 30 23
211.296 1 5 0 0 0 5 3 4 30 22
211.985 1 5 0 0 0 6 3 5 30 21
214.699 1 5 0 0 0 7 3 6 30 20
217.399 1 5 0 0 0 6 3 5 30 21
218.014 1 5 1 1 0 5 3 5 30 21
218.812 1 5 1 1 0 6 3 6 30 20
219.04 1 5 1 1 0 7 3 7 30 19
220.789 1 5 1 1 0 6 3 6 30 20
221.175 1 5 1 1 0 5 3 5 30 21
221.74 1 5 1 1 0 6 3 6 30 20
223.168 1 4 1 1 0 6 2 6 31 20
223.213 1 4 1 1 0 7 2 7 31 19
223.745 1 4 1 1 0 6 2 6 31 20
224.012 1 4 1 1 0 7 2 7 31 19
224.463 1 4 1 1 0 8 2 8 31 18
224.485 1 4 1 1 0 9 2 9 31 17
225.399 1 4 1 1 0 8 2 8 31 18
225.86 1 4 1 1 0 7 2 7 31 19
226.83 1 4 1 1 0 8 2 8 31 18
226.884 1 3 1 1 0 8 1 8 32 18
228.354 1 3 1 1 0 7 1 7 32 19
228.64 1 3 1 1 0 6 1 6 32 20
230.839 1 3 1 1 0 7 1 7 32 19
232.41 1 3 1 1 0 8 1 8 32 18
234.014 1 3 1 1 0 9 1 9 32 17
234.408 1 3 1 1 0 8 1 8 32 18
237.161 1 3 2 2 0 7 1 8 32 18
238.296 1 4 2 2 1 7 1 7 32 18
238.451 1 4 2 2 1 6 1 6 32 19
239.694 1 4 3 3 1 5 1 6 32 19
239.695 1 4 3 3 1 4 1 5 32 20
240.755 1 4 3 3 1 3 1 4 32 21
240.844 1 4 2 2 1 4 1 4 32 21
241.088 1 4 2 2 1 3 1 3 32 22
241.366 1 4 2 2 1 4 1 4 32 21
242.636 1 4 2 2 0 3 2 4 32 21
244.693 1 4 2 2 0 2 2 3 32 22
247.831 1 4 2 2 0 3 2 4 32 21
250.404 1 5 2 2 1 3 2 3 32 21
251.616 1 5 3 3 1 2 2 3 32 21
252.986 1 5 2 2 1 3 2 3 32 21
262.541 1 6 2 2 1 3 3 3 31 21
262.938 1 5 2 2 0 3 3 4 31 21
265.366 1 5 2 2 0 4 3 5 31 20
266.205 1 6 2 2 1 4 3 4 31 20
268.507 1 6 3 3 1 3 3 4 31 20
268.607 1 7 3 3 2 3 3 3 31 20
268.7 1 7 3 3 2 4 3 4 31 19
268.998 1 7 3 3 2 5 3 5 31 18
270.372 1 7 3 3 2 4 3 4 31 19
270.962 1 8 3 3 3 4 3 3 31 19
271.281 1 8 3 3 3 5 3 4 31 18
271.34 1 8 3 3 3 6 3 5 31 17
272.062 1 8 3 3 2 5 4 5 31 17
272.895 1 8 3 3 2 6 4 6 31 16
273.281 1 8 3 3 2 7 4 7 31 15
276.187 1 8 3 3 2 6 4 6 31 16
277.111 1 9 3 3 3 6 4 5 31 16
280.856 1 9 3 3 3 5 4 4 31 17
281.611 1 9 3 3 3 4 4 3 31 18
283.402 1 8 3 3 2 4 4 4 31 18
285.454 1 8 2 2 2 5 4 4 31 18
286.919 0 7 2 2 3 5 4 4 31 18
286.985 0 7 2 2 3 6 4 5 31 17
287.151 0 6 2 2 3 6 3 5 32 17
287.649 0 6 2 2 3 5 3 4 32 18
287.777 0 5 2 2 2 5 3 5 32 18
289.16 0 5 2 2 2 6 3 6 32 17
290.626 0 6 2 2 3 6 3 5 32 17
290.629 1 7 2 2 2 6 3 5 32 17
291.089 2 8 2 2 1 6 3 5 32 17
291.811 3 9 2 2 0 6 3 5 32 17
293.148 3 9 2 2 0 7 3 6 32 16
293.919 3 8 2 2 0 7 2 6 33 16
294.924 3 8 2 2 0 8 2 7 33 15
295.083 3 8 2 2 0 7 2 6 33 16
295.98 3 8 2 2 0 8 2 7 33 15
296.491 3 8 2 2 0 7 2 6 33 16
300.403 3 8 2 2 0 6 2 5 33 17
300.927 3 8 2 2 0 7 2 6 33 16
301.292 3 7 2 2 0 7 1 6 34 16
302.767 3 7 2 2 0 6 1 5 34 17
303.495 3 7 3 3 0 5 1 5 34 17
304.615 3 7 3 3 0 6 1 6 34 16
305.921 3 7 3 3 0 5 1 5 34 17
306.88 3 7 3 3 0 6 1 6 34 16
310.516 3 7 3 3 0 7 1 7 34 15
311.036 3 7 3 3 0 6 1 6 34 16
311.322 2 6 3 3 1 6 1 6 34 16
311.931 2 6 2 2 1 7 1 6 34 16
312.078 2 6 2 2 1 6 1 5 34 17
312.583 2 5 2 2 0 6 1 6 34 17
313.829 2 5 2 2 0 5 1 5 34 18
313.939 2 5 2 2 0 4 1 4 34 19
314.435 2 6 2 2 1 4 1 3 34 19
316.439 2 6 2 2 1 3 1 2 34 20
316.828 2 7 2 2 2 3 1 1 34 20
321.832 2 6 2 2 1 3 1 2 34 20
325.351 3 7 2 2 0 3 1 2 34 20
328.337 3 7 2 2 0 2 1 1 34 21
328.603 3 7 2 2 0 3 1 2 34 20
330.169 3 7 2 2 0 4 1 3 34 19
330.967 3 7 2 2 0 5 1 4 34 18
333.158 3 7 2 2 0 4 1 3 34 19
338.622 3 7 2 2 0 5 1 4 34 18
339.519 3 7 2 2 0 6 1 5 34 17
341.477 2 6 2 2 1 6 1 5 34 17
343.508 2 6 3 3 1 5 1 5 34 17
344.579 2 6 2 2 1 6 1 5 34 17
349.681 2 6 2 2 0 5 2 5 34 17
350.219 2 5 2 2 0 5 1 5 35 17
350.967 2 5 2 2 0 4 1 4 35 18
351.312 2 5 2 2 0 5 1 5 35 17
351.615 2 5 2 2 0 6 1 6 35 16
354.813 2 5 2 2 0 7 1 7 35 15
355.972 2 5 2 2 0 8 1 8 35 14
356.466 2 6 2 2 1 8 1 7 35 14
356.62 2 5 2 2 0 8 1 8 35 14
356.907 1 4 2 2 1 8 1 8 35 14
357.43 1 5 2 2 2 8 1 7 35 14
357.581 1 5 2 2 1 7 2 7 35 14
357.981 1 5 1 1 1 8 2 7 35 14
359.195 1 5 1 1 1 9 2 8 35 13
359.562 1 5 2 2 1 8 2 8 35 13
367.312 2 6 2 2 0 8 2 8 35 13
367.416 2 6 3 3 0 7 2 8 35 13
367.452 2 6 3 3 0 6 2 7 35 14
369.646 2 7 3 3 1 6 2 6 35 14
371.572 2 7 3 3 1 7 2 7 35 13
371.882 2 6 3 3 1 7 1 7 36 13
371.931 2 6 2 2 1 8 1 7 36 13
373.494 2 6 2 2 1 7 1 6 36 14
373.659 1 5 2 2 2 7 1 6 36 14
373.909 2 6 2 2 1 7 1 6 36 14
376.232 2 6 2 2 1 6 1 5 36 15
377.358 2 6 2 2 1 7 1 6 36 14
378.129 2 6 1 1 1 8 1 6 36 14
381.491 2 6 1 1 1 9 1 7 36 13
381.509 2 6 2 2 1 8 1 7 36 13
382.119 2 6 2 2 1 9 1 8 36 12
382.938 2 6 2 2 1 8 1 7 36 13
383.351 2 6 2 2 1 7 1 6 36 14
383.402 2 6 2 2 1 8 1 7 36 13
385.345 2 6 1 1 1 9 1 7 36 13
385.589 2 6 1 1 1 10 1 8 36 12
386.425 3 7 1 1 0 10 1 8 36 12
386.462 3 7 1 1 0 9 1 7 36 13
387.647 3 8 1 1 1 9 1 6 36 13
388.057 2 7 1 1 2 9 1 6 36 13
388.776 2 7 2 2 2 8 1 6 36 13
389.454 2 7 2 2 2 9 1 7 36 12
389.696 2 7 2 2 2 10 1 8 36 11
389.729 2 7 3 3 2 9 1 8 36 11
389.905 2 7 3 3 2 10 1 9 36 10
390.378 2 7 3 3 2 9 1 8 36 11
390.443 2 7 3 3 2 10 1 9 36 10
390.614 2 7 3 3 2 9 1 8 36 11
391.662 2 7 3 3 2 8 1 7 36 12
392.479 2 7 3 3 2 7 1 6 36 13
392.634 2 7 2 2 2 8 1 6 36 13
393.894 2 6 2 2 2 8 0 6 37 13
394.018 2 6 2 2 1 7 1 6 37 13
394.277 2 6 2 2 0 6 2 6 37 13
398.528 2 6 2 2 0 5 2 5 37 14
400.383 2 6 2 2 0 4 2 4 37 15
402.996 2 6 2 2 0 5 2 5 37 14
404.576 2 6 2 2 0 6 2 6 37 13
404.956 2 6 2 2 0 5 2 5 37 14
405.403 2 6 2 2 0 4 2 4 37 15
407.782 2 5 2 2 0 4 1 4 38 15
408.024 2 5 1 1 0 5 1 4 38 15
411.651 2 5 1 1 0 6 1 5 38 14
412.147 2 5 1 1 0 5 1 4 38 15
413.839 1 4 1 1 1 5 1 4 38 15
414.266 1 4 1 1 1 4 1 3 38 16
416.82 0 3 1 1 2 4 1 3 38 16
418.285 0 2 1 1 1 4 1 4 38 16
421.071 0 2 1 1 1 3 1 3 38 17
423.575 1 3 1 1 0 3 1 3 38 17
424.478 1 3 1 1 0 4 1 4 38 16
425.031 1 3 1 1 0 5 1 5 38 15
426.817 1 3 1 1 0 4 1 4 38 16
427.193 1 3 1 1 0 3 1 3 38 17
429.38 1 3 1 1 0 4 1 4 38 16
430.239 1 3 1 1 0 5 1 5 38 15
430.625 1 4 1 1 1 5 1 4 38 15
431.027 1 4 1 1 1 6 1 5 38 14
433.428 1 4 1 1 1 5 1 4 38 15
435.334 1 5 1 1 1 5 2 4 37 15
436.046 1 5 1 1 0 4 3 4 37 15
436.382 1 5 1 1 0 5 3 5 37 14
439.429 1 5 1 1 0 4 3 4 37 15
444.584 1 5 1 1 0 3 3 3 37 16
445.802 1 5 1 1 0 2 3 2 37 17
446.617 1 4 1 1 0 2 2 2 38 17
457.623 1 4 1 1 0 3 2 3 38 16
462.384 1 4 2 2 0 2 2 3 38 16
463.682 1 4 2 2 0 3 2 4 38 15
465.021 1 4 2 2 0 4 2 5 38 14
466.164 1 3 2 2 0 4 1 5 39 14
467.138 1 3 2 2 0 3 1 4 39 15
467.837 1 3 3 3 0 2 1 4 39 15
470.673 1 3 3 3 0 3 1 5 39 14
470.837 1 4 3 3 1 3 1 4 39 14
472.029 1 4 4 4 1 2 1 4 39 14
472.615 1 3 4 4 0 2 1 5 39 14
474.185 1 3 4 4 0 3 1 6 39 13
474.987 1 3 4 4 0 2 1 5 39 14
477.649 1 3 3 3 0 3 1 5 39 14
477.856 1 3 3 3 0 4 1 6 39 13
479.464 1 3 3 3 0 5 1 7 39 12
480.857 1 3 3 3 0 4 1 6 39 13
482.942 1 3 3 3 0 5 1 7 39 12
484.066 1 3 3 3 0 6 1 8 39 11
484.146 0 2 3 3 1 6 1 8 39 11
489.211 0 2 3 3 1 5 1 7 39 12
490.706 0 3 3 3 2 5 1 6 39 12
490.767 0 3 4 4 2 4 1 6 39 12
491.291 0 3 4 4 2 5 1 7 39 11
492.938 0 3 4 4 1 4 2 7 39 11
494.137 0 3 4 4 1 5 2 8 39 10
494.85 0 3 4 4 1 6 2 9 39 9
495.017 0 2 4 4 1 6 1 9 40 9
496.068 0 2 3 3 1 7 1 9 40 9
497.146 0 2 3 3 1 6 1 8 40 10
500.553 0 3 3 3 2 6 1 7 40 10
502.43 0 3 3 3 2 5 1 6 40 11
504.119 0 3 3 3 2 4 1 5 40 12
505.441 0 3 3 3 2 5 1 6 40 11
506.917 0 3 3 3 2 4 1 5 40 12
507.29 0 3 3 3 2 3 1 4 40 13
507.41 0 3 3 3 1 2 2 4 40 13
511.936 0 3 3 3 1 3 2 5 40 12
512.362 0 3 3 3 1 4 2 6 40 11
512.786 0 3 2 2 1 5 2 6 40 11
518.67 0 3 2 2 1 4 2 5 40 12
524.143 0 3 2 2 2 5 1 5 40 12
527.819 0 3 2 2 2 6 1 6 40 11
528.133 0 3 2 2 2 5 1 5 40 12
533.545 0 2 2 2 2 5 0 5 41 12
533.926 0 2 2 2 1 4 1 5 41 12
534.034 0 2 1 1 1 5 1 5 41 12
535.074 0 2 1 1 1 4 1 4 41 13
536.455 0 2 0 0 1 5 1 4 41 13
543.66 0 2 0 0 1 6 1 5 41 12
545.254 0 2 0 0 1 7 1 6 41 11
547.292 0 2 0 0 1 6 1 5 41 12
547.34 0 2 0 0 1 5 1 4 41 13
550.332 0 2 0 0 1 6 1 5 41 12
553.276 0 2 0 0 0 5 2 5 41 12
553.656 0 2 0 0 0 4 2 4 41 13
557.488 0 2 0 0 0 5 2 5 41 12
557.961 0 2 0 0 0 4 2 4 41 13
558.528 0 2 0 0 0 5 2 5 41 12
559.003 0 2 0 0 0 6 2 6 41 11
559.492 0 2 1 1 0 5 2 6 41 11
559.643 0 3 1 1 1 5 2 5 41 11
560.555 0 3 1 1 1 4 2 4 41 12
560.657 0 2 1 1 1 4 1 4 42 12
562.17 0 2 1 1 1 5 1 5 42 11
570.523 0 2 1 1 1 6 1 6 42 10
570.881 0 2 1 1 1 5 1 5 42 11
573.604 0 2 1 1 1 6 1 6 42 10
574.346 0 2 1 1 1 5 1 5 42 11
575.504 0 2 1 1 1 6 1 6 42 10
576.731 0 2 1 1 1 5 1 5 42 11
584.194 0 3 1 1 2 5 1 4 42 11
586.593 0 3 1 1 2 6 1 5 42 10
586.627 0 3 1 1 1 5 2 5 42 10
588.276 0 3 1 1 1 6 2 6 42 9
588.481 0 2 1 1 0 6 2 7 42 9
590.155 0 3 1 1 1 6 2 6 42 9
590.38 0 3 1 1 1 7 2 7 42 8
591.997 0 4 1 1 2 7 2 6 42 8
594.973 0 5 1 1 3 7 2 5 42 8
595.236 0 5 1 1 2 6 3 5 42 8
595.686 0 5 1 1 2 5 3 4 42 9
597.215 0 5 1 1 2 6 3 5 42 8
598.531 0 5 0 0 2 7 3 5 42 8
599.606 0 5 0 0 2 8 3 6 42 7
599.829 0 6 0 0 3 8 3 5 42 7
601.055 0 6 0 0 4 9 2 5 42 7
601.557 0 6 0 0 4 8 2 4 42 8
601.989 0 6 0 0 4 7 2 3 42 9
602.546 0 6 0 0 3 6 3 3 42 9
604.01 0 6 0 0 3 5 3 2 42 10
606.218 1 7 0 0 2 5 3 2 42 10
608.018 1 7 0 0 1 4 4 2 42 10
608.723 1 7 0 0 1 3 4 1 42 11
608.906 1 8 0 0 2 3 4 0 42 11
610.293 2 9 0 0 1 3 4 0 42 11
610.536 1 8 0 0 2 3 4 0 42 11
612.345 1 7 0 0 2 3 3 0 43 11
617.158 1 7 1 1 2 2 3 0 43 11
619.945 1 6 1 1 1 2 3 1 43 11
621.068 0 5 1 1 2 2 3 1 43 11
623.167 0 5 1 1 2 3 3 2 43 10
623.451 0 5 1 1 2 4 3 3 43 9
624.857 0 5 1 1 2 3 3 2 43 10
626.218 0 5 1 1 1 2 4 2 43 10
627.461 0 5 1 1 1 3 4 3 43 9
628.655 0 5 1 1 1 4 4 4 43 8
629.858 0 5 1 1 1 5 4 5 43 7
630.063 0 4 1 1 1 5 3 5 44 7
631.538 0 5 1 1 2 5 3 4 44 7
631.704 0 6 1 1 3 5 3 3 44 7
632.75 0 6 2 2 3 4 3 3 44 7
632.84 0 6 3 3 3 3 3 3 44 7
632.9 0 6 2 2 3 4 3 3 44 7
634.08 0 5 2 2 3 4 2 3 45 7
635.251 0 5 1 1 3 5 2 3 45 7
637.77 0 5 1 1 3 6 2 4 45 6
637.863 0 5 1 1 2 5 3 4 45 6
638.148 0 4 1 1 1 5 3 5 45 6
639.093 0 4 1 1 1 4 3 4 45 7
640.758 0 3 1 1 1 4 2 4 46 7
644.961 0 3 0 0 1 5 2 4 46 7
645.039 0 4 0 0 1 5 3 4 45 7
645.338 0 4 0 0 1 6 3 5 45 6
645.619 0 4 0 0 1 5 3 4 45 7
646.546 0 5 0 0 2 5 3 3 45 7
650.18 0 5 0 0 1 4 4 3 45 7
651.603 0 4 0 0 1 4 3 3 46 7
651.907 0 4 0 0 1 3 3 2 46 8
658.991 0 3 0 0 0 3 3 3 46 8
660.432 0 4 0 0 0 3 4 3 45 8
663.091 0 4 0 0 0 4 4 4 45 7
664.939 0 4 0 0 0 3 4 3 45 8
665.175 0 3 0 0 0 3 3 3 46 8
666.314 0 3 0 0 1 4 2 3 46 8
667.49 0 2 0 0 1 4 1 3 47 8
668.6 0 2 0 0 1 5 1 4 47 7
672.953 0 2 0 0 2 6 0 4 47 7
674.334 0 2 0 0 1 5 1 4 47 7
676.046 0 2 0 0 1 4 1 3 47 8
679.382 0 1 0 0 1 4 0 3 48 8
687.014 1 2 0 0 0 4 0 3 48 8
692.41 1 3 0 0 1 4 0 2 48 8
694.568 1 3 0 0 0 3 1 2 48 8
707.468 1 4 0 0 1 3 1 1 48 8
710.329 1 4 0 0 1 4 1 2 48 7
715.801 1 4 0 0 1 5 1 3 48 6
717.426 2 5 0 0 0 5 1 3 48 6
723.345 2 5 0 0 0 4 1 2 48 7
723.692 2 5 0 0 0 5 1 3 48 6
723.86 2 5 0 0 0 4 1 2 48 7
724.02 2 6 0 0 0 4 2 2 47 7
726.752 1 5 0 0 1 4 2 2 47 7
729.989 1 5 0 0 1 5 2 3 47 6
734.247 1 6 0 0 1 5 3 3 46 6
737.526 1 5 0 0 0 5 3 4 46 6
737.826 1 4 0 0 0 5 2 4 47 6
738.114 1 3 0 0 0 5 1 4 48 6
738.617 1 3 0 0 0 4 1 3 48 7
744.366 1 3 0 0 0 5 1 4 48 6
744.454 1 3 1 1 0 4 1 4 48 6
746.29 1 2 1 1 0 4 0 4 49 6
749.4 0 1 1 1 1 4 0 4 49 6
750.382 1 2 1 1 0 4 0 4 49 6
752.822 1 3 1 1 0 4 1 4 48 6
756.548 1 3 1 1 0 3 1 3 48 7
763.723 1 3 1 1 0 2 1 2 48 8
778.54 1 4 1 1 0 2 2 2 47 8
782.257 1 3 1 1 0 2 1 2 48 8
787.369 1 4 1 1 0 2 2 2 47 8
798.112 1 4 2 2 0 1 2 2 47 8
798.395 1 4 2 2 0 2 2 3 47 7
799.477 1 4 2 2 0 3 2 4 47 6
799.501 1 4 2 2 0 2 2 3 47 7
804.511 1 4 1 1 0 3 2 3 47 7
807.263 1 3 1 1 0 3 1 3 48 7
808.247 1 3 1 1 0 4 1 4 48 6
811.981 1 2 1 1 0 4 0 4 49 6
812.025 1 2 1 1 0 5 0 5 49 5
813.252 1 2 1 1 0 4 0 4 49 6
814.914 1 2 1 1 0 5 0 5 49 5
815.281 1 3 1 1 1 5 0 4 49 5
820.052 1 3 1 1 1 6 0 5 49 4
823.33 1 3 1 1 1 5 0 4 49 5
827.391 1 3 1 1 1 4 0 3 49 6
827.516 1 3 1 1 1 3 0 2 49 7
827.715 1 3 1 1 1 4 0 3 49 6
833.403 1 4 1 1 1 4 1 3 48 6
834.374 1 4 1 1 0 3 2 3 48 6
839.652 1 4 1 1 0 4 2 4 48 5
842.861 1 4 2 2 0 3 2 4 48 5
850.956 0 3 2 2 1 3 2 4 48 5
852.666 0 3 2 2 1 2 2 3 48 6
857.739 1 4 2 2 0 2 2 3 48 6
861.3 1 4 2 2 0 3 2 4 48 5
861.365 1 4 2 2 0 4 2 5 48 4
862.071 1 5 2 2 1 4 2 4 48 4
862.914 1 6 2 2 2 4 2 3 48 4
863.444 1 7 2 2 3 4 2 2 48 4
865.012 1 7 2 2 3 5 2 3 48 3
866.469 1 6 2 2 3 5 1 3 49 3
869.29 1 5 2 2 3 5 0 3 50 3
872.146 1 4 2 2 2 5 0 4 50 3
872.248 1 5 2 2 3 5 0 3 50 3
873.676 1 5 2 2 2 4 1 3 50 3
874.199 1 5 3 3 2 3 1 3 50 3
874.891 1 6 3 3 2 3 2 3 49 3
875.272 1 6 3 3 1 2 3 3 49 3
878.981 0 5 3 3 2 2 3 3 49 3
879.536 0 4 3 3 1 2 3 4 49 3
879.956 0 4 3 3 2 3 2 4 49 3
881.702 0 4 3 3 2 2 2 3 49 4
882.967 0 4 2 2 2 3 2 3 49 4
884.777 0 3 2 2 1 3 2 4 49 4
884.849 0 4 2 2 2 3 2 3 49 4
887.924 0 3 2 2 1 3 2 4 49 4
892.835 0 3 2 2 1 2 2 3 49 5
894.371 0 3 2 2 1 1 2 2 49 6
895.35 0 4 2 2 1 1 3 2 48 6
899.417 0 3 2 2 1 1 2 2 49 6
900.687 0 3 1 1 1 2 2 2 49 6
900.736 1 4 1 1 0 2 2 2 49 6
901.134 1 4 1 1 0 3 2 3 49 5
902.287 0 3 1 1 1 3 2 3 49 5
902.908 0 3 1 1 1 2 2 2 49 6
904.889 0 4 1 1 2 2 2 1 49 6
909.414 0 4 1 1 1 1 3 1 49 6
914.262 0 4 1 1 1 2 3 2 49 5
920.611 0 5 1 1 2 2 3 1 49 5
925.178 0 4 1 1 2 2 2 1 50 5
926.932 0 4 1 1 2 1 2 0 50 6
929.862 0 4 1 1 2 2 2 1 50 5
930.143 0 4 1 1 1 1 3 1 50 5
937.765 0 5 1 1 1 1 4 1 49 5
939.061 0 4 1 1 1 1 3 1 50 5
939.378 0 3 1 1 1 1 2 1 51 5
942.952 0 3 1 1 1 2 2 2 51 4
943.808 0 3 1 1 1 1 2 1 51 5
945.436 0 3 2 2 1 0 2 1 51 5
949.236 0 3 2 2 2 1 1 1 51 5
949.255 0 3 1 1 2 2 1 1 51 5
955.508 0 2 1 1 1 2 1 2 51 5
968.126 0 2 2 2 1 1 1 2 51 5
981.561 0 1 2 2 1 1 0 2 52 5
990.314 0 1 2 2 1 0 0 1 52 6
997.46 0 1 2 2 1 1 0 2 52 5
999.387 0 1 2 2 1 2 0 3 52 4
1002.19 0 2 2 2 1 2 1 3 51 4
1002.93 0 3 2 2 1 2 2 3 50 4
1007.02 0 3 2 2 1 1 2 2 50 5
1017.51 0 2 2 2 1 1 1 2 51 5
1018.3 0 3 2 2 1 1 2 2 50 5
1026.44 0 4 2 2 1 1 3 2 49 5
1026.73 0 4 2 2 1 2 3 3 49 4
1031.82 0 3 2 2 1 2 2 3 50 4
1035.23 0 2 2 2 1 2 1 3 51 4
1038.91 0 2 3 3 1 1 1 3 51 4
1042.6 0 2 3 3 1 0 1 2 51 5
1058.36 1 3 3 3 0 0 1 2 51 5
1060.24 1 3 2 2 0 1 1 2 51 5
1062.05 1 3 2 2 0 2 1 3 51 4
1083.52 1 3 2 2 0 1 1 2 51 5
1084.99 1 4 2 2 0 1 2 2 50 5
1104.16 1 4 2 2 1 2 1 2 50 5
1109.6 1 3 2 2 1 2 0 2 51 5
1121.25 1 2 2 2 0 2 0 3 51 5
1124.12 1 2 2 2 0 3 0 4 51 4
1124.88 1 3 2 2 1 3 0 3 51 4
1126.83 1 4 2 2 2 3 0 2 51 4
1128.79 1 4 3 3 2 2 0 2 51 4
1135.62 1 4 3 3 2 3 0 3 51 3
1135.88 1 4 3 3 2 2 0 2 51 4
1138.17 1 4 3 3 1 1 1 2 51 4
1138.32 1 3 3 3 0 1 1 3 51 4
1139.48 1 4 3 3 0 1 2 3 50 4
1140.63 1 3 3 3 0 1 1 3 51 4
1142.7 1 4 3 3 1 1 1 2 51 4
1143.29 1 4 3 3 0 0 2 2 51 4
1148.67 1 4 3 3 0 1 2 3 51 3
1148.95 1 3 3 3 0 1 1 3 52 3
1156.82 1 3 3 3 0 2 1 4 52 2
1157.97 1 4 3 3 0 2 2 4 51 2
1158.37 1 4 3 3 0 1 2 3 51 3
1161.91 1 3 3 3 0 1 1 3 52 3
1167.43 1 3 3 3 0 2 1 4 52 2
1173.9 1 2 3 3 0 2 0 4 53 2
1174.99 1 2 2 2 0 3 0 4 53 2
1175.56 1 2 2 2 0 2 0 3 53 3
1180.71 1 2 2 2 0 3 0 4 53 2
1182.11 1 2 1 1 0 4 0 4 53 2
1185.24 1 2 1 1 0 3 0 3 53 3
1187.97 0 1 1 1 1 3 0 3 53 3
1196.1 0 1 1 1 1 2 0 2 53 4
1201.08 1 2 1 1 0 2 0 2 53 4
1209.34 1 2 1 1 0 1 0 1 53 5
1210.34 1 3 1 1 1 1 0 0 53 5
1217.4 1 3 1 1 1 2 0 1 53 4
1227.62 1 3 1 1 0 1 1 1 53 4
1239.75 1 4 1 1 0 1 2 1 52 4
1242.06 1 3 1 1 0 1 1 1 53 4
1248.07 1 3 1 1 0 2 1 2 53 3
1249.18 1 2 1 1 0 2 0 2 54 3
1250.04 1 3 1 1 1 2 0 1 54 3
1255.16 1 2 1 1 0 2 0 2 54 3
1259.65 1 2 0 0 0 3 0 2 54 3
1265.55 1 2 0 0 0 4 0 3 54 2
1268.41 1 2 0 0 0 5 0 4 54 1
1280.98 1 2 1 1 0 4 0 4 54 1
1284.8 1 2 1 1 0 3 0 3 54 2
1296.05 1 3 1 1 0 3 1 3 53 2
1297.23 0 2 1 1 1 3 1 3 53 2
1306.48 0 2 1 1 0 2 2 3 53 2
1309.24 0 2 1 1 0 1 2 2 53 3
1318.2 0 2 1 1 0 2 2 3 53 2
1319.68 0 2 1 1 0 3 2 4 53 1
1326.41 0 2 1 1 0 2 2 3 53 2
1328.28 0 1 1 1 0 2 1 3 54 2
1335.21 0 2 1 1 0 2 2 3 53 2
1336.93 0 3 1 1 1 2 2 2 53 2
1337.62 0 2 1 1 1 2 1 2 54 2
1338.39 0 1 1 1 0 2 1 3 54 2
1347.92 0 1 2 2 0 1 1 3 54 2
1358.35 0 1 2 2 0 0 1 2 54 3
1375.8 0 2 2 2 1 0 1 1 54 3
1378.15 0 1 2 2 1 0 0 1 55 3
1388.28 0 2 2 2 1 0 1 1 54 3
1397.6 1 3 2 2 0 0 1 1 54 3
1401.53 1 3 2 2 0 1 1 2 54 2
1404.16 1 3 2 2 0 2 1 3 54 1
1406.4 1 3 2 2 0 1 1 2 54 2
1408.12 1 3 2 2 0 2 1 3 54 1
1410.75 1 3 2 2 0 1 1 2 54 2
1411.37 1 3 2 2 0 2 1 3 54 1
1424.59 1 3 3 3 0 1 1 3 54 1
1426.35 1 4 3 3 1 1 1 2 54 1
1426.76 1 3 3 3 0 1 1 3 54 1
1435.02 1 3 2 2 0 2 1 3 54 1
1435.06 1 3 2 2 0 1 1 2 54 2
1440.58 0 2 2 2 1 1 1 2 54 2
1460.74 0 2 1 1 1 2 1 2 54 2
1466.19 0 2 1 1 1 1 1 1 54 3
1469.72 0 3 1 1 1 1 2 1 53 3
1471.48 0 2 1 1 1 1 1 1 54 3
1476.19 1 3 1 1 0 1 1 1 54 3
1510.96 0 2 1 1 1 1 1 1 54 3
1512.52 0 2 1 1 1 2 1 2 54 2
1539.83 0 2 1 1 1 1 1 1 54 3
1549.7 0 2 1 1 1 2 1 2 54 2
1555.77 0 2 1 1 1 1 1 1 54 3
1559.86 0 2 0 0 1 2 1 1 54 3
1568.63 1 3 0 0 0 2 1 1 54 3
1572.06 1 3 1 1 0 1 1 1 54 3
1575.91 1 4 1 1 0 1 2 1 53 3
1576.83 1 4 1 1 0 2 2 2 53 2
1578.36 1 5 1 1 1 2 2 1 53 2
1586.46 0 4 1 1 2 2 2 1 53 2
1592.45 1 5 1 1 1 2 2 1 53 2
1593.58 1 5 1 1 1 3 2 2 53 1
1594.02 1 4 1 1 1 3 1 2 54 1
1598.89 1 5 1 1 2 3 1 1 54 1
1601.97 0 4 1 1 3 3 1 1 54 1
1603.36 0 3 1 1 2 3 1 2 54 1
1606.12 0 4 1 1 3 3 1 1 54 1
1609.88 0 4 2 2 3 2 1 1 54 1
1615.32 0 4 2 2 4 3 0 1 54 1
1615.74 0 3 2 2 3 3 0 2 54 1
1619.46 0 3 2 2 3 2 0 1 54 2
1619.99 0 4 2 2 4 2 0 0 54 2
1628.66 1 5 2 2 3 2 0 0 54 2
1629.03 2 6 2 2 2 2 0 0 54 2
1630.72 1 5 2 2 3 2 0 0 54 2
1631.09 2 6 2 2 2 2 0 0 54 2
1632.19 2 5 2 2 1 2 0 1 54 2
1633.6 2 4 2 2 0 2 0 2 54 2
1634.34 2 4 2 2 0 3 0 3 54 1
1637.61 2 4 1 1 0 4 0 3 54 1
1647.67 1 3 1 1 1 4 0 3 54 1
1649.29 1 3 1 1 1 3 0 2 54 2
1649.36 1 3 1 1 1 4 0 3 54 1
1652.87 1 3 1 1 0 3 1 3 54 1
1653.96 1 2 1 1 0 3 0 3 55 1
1656.82 1 2 0 0 0 4 0 3 55 1
1658.63 1 2 0 0 0 3 0 2 55 2
1702.94 1 3 0 0 1 3 0 1 55 2
1712.22 1 3 0 0 1 4 0 2 55 1
1714.82 1 3 1 1 1 3 0 2 55 1
1715.38 1 3 1 1 1 2 0 1 55 2
1718.92 1 3 2 2 1 1 0 1 55 2
1735.01 1 3 1 1 1 2 0 1 55 2
1745.45 1 3 1 1 1 3 0 2 55 1
1752.14 2 4 1 1 0 3 0 2 55 1
1761.25 2 4 0 0 0 4 0 2 55 1
1762.75 2 5 0 0 0 4 1 2 54 1
1763.15 2 5 1 1 0 3 1 2 54 1
1764.21 1 4 1 1 1 3 1 2 54 1
1764.64 1 4 1 1 1 2 1 1 54 2
1767.71 1 4 1 1 1 1 1 0 54 3
1769.76 1 4 1 1 0 0 2 0 54 3
1769.84 1 5 1 1 0 0 3 0 53 3
1769.88 1 5 0 0 0 1 3 0 53 3
1772.35 1 4 0 0 0 1 2 0 54 3
1772.65 1 3 0 0 0 1 1 0 55 3
1772.73 1 4 0 0 0 1 2 0 54 3
1789.44 0 3 0 0 1 1 2 0 54 3
1791.07 0 2 0 0 1 1 1 0 55 3
1791.09 0 2 0 0 0 0 2 0 55 3
1792.37 0 1 0 0 0 0 1 0 56 3
1807.03 0 1 0 0 0 1 1 1 56 2
1861.36 0 1 1 1 0 0 1 1 56 2
1875.73 0 1 1 1 0 1 1 2 56 1
1882.28 0 1 1 1 0 0 1 1 56 2
1896.13 0 1 0 0 0 1 1 1 56 2
1899.59 0 0 0 0 0 1 0 1 57 2
1916.89 0 0 0 0 0 2 0 2 57 1
1920.15 0 0 0 0 0 1 0 1 57 2
1921.33 0 1 0 0 0 1 1 1 56 2
1923.54 0 1 0 0 0 2 1 2 56 1
1925.94 0 2 0 0 1 2 1 1 56 1
1933.04 0 3 0 0 2 2 1 0 56 1
1933.72 0 2 0 0 2 2 0 0 57 1
1951.5 0 3 0 0 2 2 1 0 56 1
1961.4 0 3 0 0 2 3 1 1 56 0
1973.95 0 3 0 0 2 2 1 0 56 1
1976.87 0 3 0 0 1 1 2 0 56 1
1978.5 0 3 0 0 1 2 2 1 56 0
1979.38 0 2 0 0 1 2 1 1 57 0
1992.66 0 1 0 0 0 2 1 2 57 0
2001.83 0 2 0 0 1 2 1 1 57 0
2012.33 0 2 1 1 1 1 1 1 57 0
2015.67 0 2 0 0 1 2 1 1 57 0
2054.19 0 2 1 1 1 1 1 1 57 0
2064.95 0 3 1 1 1 1 2 1 56 0
2069.77 0 3 1 1 0 0 3 1 56 0
2073.29 0 4 1 1 0 0 4 1 55 0
2073.72 0 3 1 1 0 0 3 1 56 0
2103.92 0 3 0 0 0 1 3 1 56 0
2110.61 0 2 0 0 0 1 2 1 57 0
2110.69 0 2 1 1 0 0 2 1 57 0
2114.65 0 2 1 1 1 1 1 1 57 0
2119.48 1 3 1 1 0 1 1 1 57 0
2125.63 1 2 1 1 0 1 0 1 58 0
2127.19 1 3 1 1 0 1 1 1 57 0
2130.85 1 2 1 1 0 1 0 1 58 0
2136.27 1 3 1 1 1 1 0 0 58 0
2167.68 1 2 1 1 0 1 0 1 58 0
2167.9 0 1 1 1 1 1 0 1 58 0
2216.23 0 1 1 1 1 0 0 0 58 1
2217.9 0 2 1 1 1 0 1 0 57 1
2228.44 1 3 1 1 0 0 1 0 57 1
2239.19 1 3 0 0 0 1 1 0 57 1
2262.4 1 2 0 0 0 1 0 0 58 1
2282.09 1 3 0 0 0 1 1 0 57 1
2287.27 1 2 0 0 0 1 0 0 58 1
2330.95 1 2 1 1 0 0 0 0 58 1
2332.34 1 3 1 1 0 0 1 0 57 1
2333.08 1 2 1 1 0 0 0 0 58 1
2367.71 1 2 1 1 0 1 0 1 58 0
2390.96 1 3 1 1 0 1 1 1 57 0
2409.38 1 4 1 1 1 1 1 0 57 0
2410.7 1 4 0 0 1 2 1 0 57 0
2418.24 1 4 1 1 1 1 1 0 57 0
2427.49 1 3 1 1 1 1 0 0 58 0
2449.47 0 2 1 1 2 1 0 0 58 0
2451.01 1 3 1 1 1 1 0 0 58 0
2454.23 1 3 0 0 1 2 0 0 58 0
2456.08 1 4 0 0 1 2 1 0 57 0
2458.8 0 3 0 0 2 2 1 0 57 0
2464.03 0 2 0 0 2 2 0 0 58 0
2469.78 1 3 0 0 1 2 0 0 58 0
2473.4 1 2 0 0 0 2 0 1 58 0
2494.73 1 3 0 0 0 2 1 1 57 0
2495.82 1 2 0 0 0 2 0 1 58 0
2506.51 0 1 0 0 1 2 0 1 58 0
2522.77 0 1 1 1 1 1 0 1 58 0
2569.07 0 1 0 0 1 2 0 1 58 0
2571.09 0 1 0 0 1 1 0 0 58 1
2573.54 0 1 0 0 0 0 1 0 58 1
2582.79 0 1 0 0 0 1 1 1 58 0
2609.36 0 2 0 0 0 1 2 1 57 0
2619.34 0 3 0 0 1 1 2 0 57 0
2621.73 0 2 0 0 1 1 1 0 58 0
2624.27 0 1 0 0 0 1 1 1 58 0
2639.77 0 1 0 0 0 0 1 0 58 1
2648.02 0 1 0 0 0 1 1 1 58 0
2652.98 0 1 1 1 0 0 1 1 58 0
2676.05 0 2 1 1 1 0 1 0 58 0
2676.16 0 1 1 1 1 0 0 0 59 0
2697.6 1 2 1 1 0 0 0 0 59 0
2723.92 1 3 1 1 0 0 1 0 58 0
2760.98 1 3 0 0 0 1 1 0 58 0
2768.66 1 4 0 0 0 1 2 0 57 0
2771.69 1 3 0 0 0 1 1 0 58 0
2772.2 1 2 0 0 0 1 0 0 59 0
2797.18 0 1 0 0 1 1 0 0 59 0
2799.56 0 2 0 0 1 1 1 0 58 0
2822.32 1 3 0 0 0 1 1 0 58 0
2858.68 1 4 0 0 0 1 2 0 57 0
2891.14 1 3 0 0 0 1 1 0 58 0
2912.69 1 3 0 0 1 2 0 0 58 0
2920.99 1 4 0 0 1 2 1 0 57 0
2936.53 2 5 0 0 0 2 1 0 57 0
2937.03 1 4 0 0 1 2 1 0 57 0
2937.2 1 4 0 0 0 1 2 0 57 0
2942.41 1 3 0 0 0 1 1 0 58 0
2945.58 1 3 1 1 0 0 1 0 58 0
2951.11 1 3 0 0 0 1 1 0 58 0
2961.01 1 2 0 0 0 1 0 0 59 0
2967.75 1 2 1 1 0 0 0 0 59 0
2975.97 0 1 1 1 1 0 0 0 59 0
2984.7 1 2 1 1 0 0 0 0 59 0
2987.18 1 3 1 1 0 0 1 0 58 0
2987.18 1 3 1 1 0 0 1 0 58 0
