0 60 120 60 60 0 0 0 0 0 0
0.000651369 60 120 59 59 0 1 0 0 0 0
0.00847615 60 120 58 58 0 2 0 0 0 0
0.0101611 59 119 58 58 1 2 0 0 0 0
0.0109022 59 119 57 57 1 3 0 0 0 0
0.0180191 58 118 57 57 2 3 0 0 0 0
0.0207196 57 117 57 57 3 3 0 0 0 0
0.0262636 56 116 57 57 4 3 0 0 0 0
0.035144 56 116 56 56 4 4 0 0 0 0
0.0382082 55 115 56 56 5 4 0 0 0 0
0.0554654 55 115 55 55 5 5 0 0 0 0
0.05687 55 115 54 54 5 6 0 0 0 0
0.0703838 54 114 54 54 6 6 0 0 0 0
0.0817985 53 113 54 54 7 6 0 0 0 0
0.0833244 53 113 53 53 7 7 0 0 0 0
0.106317 53 113 52 52 7 8 0 0 0 0
0.112193 52 112 52 52 8 8 0 0 0 0
0.116378 51 111 52 52 9 8 0 0 0 0
0.118031 51 111 51 51 9 9 0 0 0 0
0.123009 51 111 50 50 9 10 0 0 0 0
0.140142 50 110 50 50 10 10 0 0 0 0
0.161436 49 109 50 50 11 10 0 0 0 0
0.17811 49 108 50 50 10 10 0 1 0 0
0.184318 49 108 49 49 10 11 0 1 0 0
0.18931 48 107 49 49 11 11 0 1 0 0
0.190257 47 106 49 49 12 11 0 1 0 0
0.209337 47 106 48 48 12 12 0 1 0 0
0.210704 47 106 47 47 12 13 0 1 0 0
0.212828 46 105 47 47 13 13 0 1 0 0
0.217738 46 105 46 46 13 14 0 1 0 0
0.240291 46 104 46 46 12 14 0 2 0 0
0.24986 46 103 46 46 11 14 0 3 0 0
0.291228 45 102 46 46 12 14 0 3 0 0
0.327001 45 101 46 46 11 14 0 4 0 0
0.328105 45 101 45 45 11 15 0 4 0 0
0.331641 44 100 45 45 12 15 0 4 0 0
0.367481 43 99 45 45 13 15 0 4 0 0
0.384326 42 98 45 45 14 15 0 4 0 0
0.385052 41 97 45 45 15 15 0 4 0 0
0.406141 41 97 44 44 15 16 0 4 0 0
0.418019 40 96 44 44 16 16 0 4 0 0
0.424745 40 95 44 44 15 16 0 5 0 0
0.46854 40 95 43 43 15 17 0 5 0 0
0.481794 40 94 43 43 14 17 0 6 0 0
0.48237 39 93 43 43 15 17 0 6 0 0
0.488049 38 92 43 43 16 17 0 6 0 0
0.522482 37 91 43 43 17 17 0 6 0 0
0.561231 36 90 43 43 18 17 0 6 0 0
0.570687 35 89 43 43 19 17 0 6 0 0
0.599311 35 89 42 42 19 18 0 6 0 0
0.646161 34 88 42 42 20 18 0 6 0 0
0.650358 33 87 42 42 21 18 0 6 0 0
0.694739 32 86 42 42 22 18 0 6 0 0
0.702325 31 85 42 42 23 18 0 6 0 0
0.73051 31 86 42 42 24 18 0 5 0 0
0.736117 31 85 42 42 23 18 0 6 0 0
0.764589 31 85 41 41 23 19 0 6 0 0
0.775486 30 84 41 41 24 19 0 6 0 0
0.834412 29 83 41 41 25 19 0 6 0 0
0.858569 28 82 41 41 26 19 0 6 0 0
0.882856 27 81 41 41 27 19 0 6 0 0
0.912246 27 81 40 40 27 20 0 6 0 0
0.933684 27 81 39 39 27 21 0 6 0 0
0.940119 28 82 39 39 26 21 0 6 0 0
0.949411 28 82 39 39 26 20 0 5 0 1
0.962631 28 81 39 39 25 20 0 6 0 1
1.03953 27 80 39 39 26 20 0 6 0 1
1.04018 26 79 39 39 27 20 0 6 0 1
1.05342 26 79 39 39 26 19 1 6 0 1
1.08805 26 78 39 39 25 19 1 7 0 1
1.0976 26 78 39 39 25 18 1 6 0 2
1.1102 26 77 39 39 24 18 1 7 0 2
1.1306 25 76 39 39 25 18 1 7 0 2
1.16311 25 76 38 38 25 19 1 7 0 2
1.19581 25 76 37 37 25 20 1 7 0 2
1.21207 25 76 36 36 25 21 1 7 0 2
1.22325 25 75 36 36 24 21 1 8 0 2
1.29406 25 76 36 36 25 21 1 7 0 2
1.34033 25 75 36 36 24 21 1 8 0 2
1.34072 25 74 36 36 23 21 1 9 0 2
1.34709 25 74 35 35 23 22 1 9 0 2
1.36271 25 73 35 35 22 22 1 10 0 2
1.366 25 73 34 34 22 23 1 10 0 2
1.36734 25 73 33 33 22 24 1 10 0 2
1.41367 24 72 33 33 23 24 1 10 0 2
1.45149 24 71 33 33 22 24 1 11 0 2
1.50557 24 70 33 33 21 24 1 12 0 2
1.51388 24 70 32 32 21 25 1 12 0 2
1.51419 24 70 33 33 21 24 1 12 0 2
1.60648 23 69 33 33 22 24 1 12 0 2
1.6224 23 69 32 32 22 25 1 12 0 2
1.62813 22 68 32 32 23 25 1 12 0 2
1.66155 22 67 32 32 22 25 1 13 0 2
1.70879 22 67 31 31 22 26 1 13 0 2
1.7203 21 66 31 31 23 26 1 13 0 2
1.76053 21 66 30 30 23 27 1 13 0 2
1.77079 21 65 30 30 22 27 1 14 0 2
1.81136 21 65 30 30 21 26 2 14 0 2
1.84733 20 64 30 30 22 26 2 14 0 2
1.96894 20 64 29 29 22 27 2 14 0 2
1.99922 19 63 29 29 23 27 2 14 0 2
2.03546 19 63 29 29 22 26 3 14 0 2
2.11493 18 62 29 29 23 26 3 14 0 2
2.20222 17 61 29 29 24 26 3 14 0 2
2.30364 16 60 29 29 25 26 3 14 0 2
2.3406 16 59 29 29 24 26 3 15 0 2
2.35493 15 58 29 29 25 26 3 15 0 2
2.36228 15 58 29 29 25 25 3 14 0 3
2.36243 15 58 30 30 25 24 3 14 0 3
2.39255 15 57 30 30 24 24 3 15 0 3
2.45243 15 56 30 30 23 24 3 16 0 3
2.52618 15 55 30 30 22 24 3 17 0 3
2.55486 15 55 29 29 22 25 3 17 0 3
2.58248 15 54 29 29 21 25 3 18 0 3
2.60214 15 54 29 29 20 24 4 18 0 3
2.65766 15 54 29 29 20 23 4 17 0 4
2.66926 15 54 29 29 19 22 5 17 0 4
2.69895 15 53 29 29 18 22 5 18 0 4
2.72058 15 53 29 29 17 21 6 18 0 4
2.72588 15 52 29 29 17 21 5 18 1 4
2.74565 14 51 29 29 18 21 5 18 1 4
2.80812 14 51 28 28 18 22 5 18 1 4
2.85585 13 50 28 28 19 22 5 18 1 4
2.92251 13 50 27 27 19 23 5 18 1 4
2.92274 13 49 27 27 19 23 4 18 2 4
2.9242 12 48 27 27 20 23 4 18 2 4
2.98459 11 47 27 27 21 23 4 18 2 4
3.13307 11 46 27 27 20 23 4 19 2 4
3.16736 11 46 27 27 19 22 5 19 2 4
3.20583 10 45 27 27 20 22 5 19 2 4
3.20789 10 44 27 27 19 22 5 20 2 4
3.20915 10 43 27 27 18 22 5 21 2 4
3.29585 10 43 27 27 17 21 6 21 2 4
3.32927 10 42 27 27 16 21 6 22 2 4
3.33251 10 42 26 26 16 22 6 22 2 4
3.38666 10 41 26 26 16 22 5 22 3 4
3.4169 10 40 26 26 16 22 4 22 4 4
3.42891 10 40 26 26 16 21 4 21 4 5
3.46096 10 40 27 27 16 20 4 21 4 5
3.56023 10 39 27 27 16 20 3 21 5 5
3.58996 9 38 27 27 17 20 3 21 5 5
3.60944 9 38 27 27 17 19 3 20 5 6
3.69932 9 37 27 27 16 19 3 21 5 6
3.74013 9 36 27 27 15 19 3 22 5 6
3.83017 9 36 27 27 15 18 3 21 5 7
3.85366 9 36 26 26 15 19 3 21 5 7
3.89146 9 35 26 26 14 19 3 22 5 7
3.90174 9 34 26 26 13 19 3 23 5 7
4.07125 9 34 25 25 13 20 3 23 5 7
4.12872 9 34 25 25 13 21 3 24 5 6
4.15078 9 33 25 25 12 21 3 25 5 6
4.18876 9 33 24 24 12 22 3 25 5 6
4.27414 9 33 23 23 12 23 3 25 5 6
4.43071 9 33 23 23 12 22 3 24 5 7
4.50576 9 33 22 22 12 23 3 24 5 7
4.57837 9 33 22 22 12 22 3 23 5 8
4.65019 8 32 22 22 13 22 3 23 5 8
4.6754 8 31 22 22 13 22 2 23 6 8
4.69617 8 31 21 21 13 23 2 23 6 8
4.81779 8 31 21 21 13 22 2 22 6 9
5.02044 8 31 21 21 13 21 2 21 6 10
5.18702 8 30 21 21 12 21 2 22 6 10
5.24216 8 30 21 21 12 20 2 21 6 11
5.34624 8 29 21 21 11 20 2 22 6 11
5.44747 8 28 21 21 10 20 2 23 6 11
5.49759 8 28 22 22 10 19 2 23 6 11
5.5774 7 27 22 22 11 19 2 23 6 11
5.70555 7 26 22 22 10 19 2 24 6 11
5.78007 7 26 21 21 10 20 2 24 6 11
5.85383 7 26 21 21 10 19 2 23 6 12
5.9116 7 26 21 21 10 18 2 22 6 13
5.95832 7 26 21 21 10 17 2 21 6 14
5.98528 7 26 20 20 10 18 2 21 6 14
6.07632 7 26 20 20 9 17 3 21 6 14
6.15536 7 25 20 20 9 17 2 21 7 14
6.23952 7 25 20 20 8 16 3 21 7 14
6.33901 7 24 20 20 8 16 2 21 8 14
6.62089 7 24 20 20 8 15 2 20 8 15
6.70375 7 24 19 19 8 16 2 20 8 15
6.8078 7 24 19 19 8 15 2 19 8 16
6.81155 7 24 19 19 8 14 2 18 8 17
6.85302 7 24 18 18 8 15 2 18 8 17
6.85479 7 24 18 18 8 14 2 17 8 18
6.86094 7 24 17 17 8 15 2 17 8 18
7.07054 7 24 16 16 8 16 2 17 8 18
7.35789 7 24 16 16 8 15 2 16 8 19
7.67062 7 23 16 16 7 15 2 17 8 19
7.75532 7 23 16 16 7 14 2 16 8 20
7.76253 7 23 16 16 7 13 2 15 8 21
7.93014 7 23 15 15 7 14 2 15 8 21
8.05206 7 23 15 15 7 13 2 14 8 22
8.07375 7 23 15 15 7 12 2 13 8 23
8.29283 7 23 16 16 7 11 2 13 8 23
8.36199 7 22 16 16 6 11 2 14 8 23
8.58188 6 21 16 16 7 11 2 14 8 23
8.71595 6 21 15 15 7 12 2 14 8 23
8.72885 5 20 15 15 8 12 2 14 8 23
8.82588 6 21 15 15 7 12 2 14 8 23
9.45216 6 21 15 15 6 11 3 14 8 23
9.65505 6 21 14 14 6 12 3 14 8 23
9.68197 6 21 13 13 6 13 3 14 8 23
9.70401 6 22 13 13 7 13 3 13 8 23
10.1425 6 22 13 13 6 12 4 13 8 23
10.1884 5 21 13 13 7 12 4 13 8 23
10.3983 4 20 13 13 8 12 4 13 8 23
10.557 4 20 13 13 8 11 4 12 8 24
10.6001 4 20 12 12 8 12 4 12 8 24
10.723 3 19 12 12 9 12 4 12 8 24
11.0276 3 19 11 11 9 13 4 12 8 24
11.0872 3 18 11 11 9 13 3 12 9 24
11.4516 3 18 10 10 9 14 3 12 9 24
11.5354 2 17 10 10 10 14 3 12 9 24
11.783 2 17 10 10 9 13 4 12 9 24
11.7887 2 17 10 10 8 12 5 12 9 24
11.8684 2 17 10 10 7 11 6 12 9 24
12.0256 2 16 10 10 6 11 6 13 9 24
12.1225 2 15 10 10 6 11 5 13 10 24
12.304 2 15 10 10 6 10 5 12 10 25
12.3731 2 15 9 9 6 11 5 12 10 25
12.4513 1 14 9 9 7 11 5 12 10 25
12.7639 1 14 8 8 7 12 5 12 10 25
12.8337 1 14 7 7 7 13 5 12 10 25
13.0742 1 14 7 7 6 12 6 12 10 25
13.7006 1 14 7 7 6 11 6 11 10 26
13.9624 1 14 7 7 6 10 6 10 10 27
13.9667 1 13 7 7 5 10 6 11 10 27
13.9823 1 13 7 7 5 9 6 10 10 28
14.152 1 13 7 7 4 8 7 10 10 28
14.2256 1 12 7 7 3 8 7 11 10 28
14.4774 1 11 7 7 2 8 7 12 10 28
14.5494 1 11 7 7 2 9 7 13 10 27
16.0402 1 11 7 7 2 8 7 12 10 28
16.4543 1 10 7 7 1 8 7 13 10 28
17.1188 1 10 6 6 1 9 7 13 10 28
17.2613 1 10 6 6 1 10 7 14 10 27
17.9884 1 10 6 6 1 11 7 15 10 26
19.0442 1 10 6 6 1 12 7 16 10 25
19.9641 1 10 6 6 1 11 7 15 10 26
20.6157 1 9 6 6 1 11 6 15 11 26
20.6212 1 9 6 6 1 10 6 14 11 27
20.6384 1 9 6 6 1 11 6 15 11 26
21.5947 1 9 6 6 1 12 6 16 11 25
21.772 1 9 6 6 1 11 6 15 11 26
22.5384 1 9 6 6 1 10 6 14 11 27
23.1124 1 9 6 6 1 9 6 13 11 28
23.1621 1 9 5 5 1 10 6 13 11 28
23.3695 1 9 5 5 1 11 6 14 11 27
23.6056 1 9 5 5 1 12 6 15 11 26
23.9494 1 9 5 5 1 11 6 14 11 27
25.0724 1 9 4 4 1 12 6 14 11 27
25.2252 1 8 4 4 1 12 5 14 12 27
26.2335 1 8 4 4 1 11 5 13 12 28
27.2237 1 7 4 4 1 11 4 13 13 28
28.1001 1 7 4 4 1 10 4 12 13 29
28.7162 1 6 4 4 1 10 3 12 14 29
28.83 1 6 4 4 1 9 3 11 14 30
30.1327 1 6 4 4 1 10 3 12 14 29
31.1002 1 6 5 5 1 9 3 12 14 29
31.4206 1 6 5 5 1 8 3 11 14 30
32.7526 1 6 5 5 1 9 3 12 14 29
32.8024 1 6 5 5 1 10 3 13 14 28
32.8803 1 6 5 5 1 9 3 12 14 29
32.9363 1 6 5 5 1 8 3 11 14 30
33.3659 1 6 5 5 1 7 3 10 14 31
34.6045 1 6 5 5 1 6 3 9 14 32
35.2818 1 6 5 5 1 7 3 10 14 31
35.4746 1 6 5 5 1 6 3 9 14 32
35.909 1 6 5 5 1 7 3 10 14 31
36.2335 1 7 5 5 2 7 3 9 14 31
37.6099 1 7 5 5 2 8 3 10 14 30
37.7223 1 7 5 5 2 9 3 11 14 29
38.7168 1 7 5 5 2 10 3 12 14 28
38.8287 1 7 5 5 2 9 3 11 14 29
39.0735 1 7 5 5 2 8 3 10 14 30
39.3732 1 8 5 5 2 8 4 10 13 30
40.4772 1 8 5 5 2 7 4 9 13 31
40.6675 1 8 5 5 2 8 4 10 13 30
42.7289 1 8 5 5 2 7 4 9 13 31
43.2877 1 8 5 5 2 6 4 8 13 32
43.3489 1 8 5 5 2 5 4 7 13 33
45.5355 1 7 5 5 2 5 3 7 14 33
46.3127 1 7 5 5 2 6 3 8 14 32
46.5063 1 7 5 5 2 7 3 9 14 31
46.7962 1 7 5 5 2 6 3 8 14 32
47.1803 1 7 5 5 2 7 3 9 14 31
48.042 1 7 5 5 2 6 3 8 14 32
48.343 1 7 5 5 2 5 3 7 14 33
49.2075 1 7 5 5 2 4 3 6 14 34
49.4948 1 7 5 5 2 5 3 7 14 33
49.6906 1 6 5 5 2 5 2 7 15 33
50.0285 1 6 5 5 2 6 2 8 15 32
50.2123 1 6 5 5 2 5 2 7 15 33
50.3271 1 6 5 5 2 6 2 8 15 32
50.3434 1 5 5 5 2 6 1 8 16 32
51.2603 1 5 5 5 2 7 1 9 16 31
51.4474 1 5 5 5 2 6 1 8 16 32
52.7702 1 5 4 4 2 7 1 8 16 32
54.4234 1 5 4 4 2 8 1 9 16 31
54.4441 1 6 4 4 3 8 1 8 16 31
55.2981 1 6 4 4 3 7 1 7 16 32
55.8545 1 6 4 4 3 6 1 6 16 33
55.9305 1 6 3 3 3 7 1 6 16 33
56.017 1 5 3 3 3 7 0 6 17 33
56.5567 1 5 4 4 3 6 0 6 17 33
58.2536 1 4 4 4 2 6 0 7 17 33
58.3881 1 4 4 4 2 7 0 8 17 32
59.8346 1 5 4 4 3 7 0 7 17 32
61.3697 0 4 4 4 4 7 0 7 17 32
62.006 0 4 4 4 3 6 1 7 17 32
63.113 0 4 4 4 3 7 1 8 17 31
63.1247 0 4 3 3 3 8 1 8 17 31
65.5932 0 4 3 3 2 7 2 8 17 31
67.3784 0 3 3 3 2 7 1 8 18 31
69.6064 0 3 3 3 1 6 2 8 18 31
69.7441 0 3 3 3 1 5 2 7 18 32
70.263 0 3 3 3 1 4 2 6 18 33
70.4696 0 4 3 3 2 4 2 5 18 33
71.4529 0 4 3 3 2 5 2 6 18 32
71.7856 0 4 3 3 2 6 2 7 18 31
72.8327 0 4 3 3 2 7 2 8 18 30
74.2329 0 3 3 3 2 7 1 8 19 30
74.6597 0 3 3 3 2 6 1 7 19 31
74.8903 0 3 3 3 2 7 1 8 19 30
75.7962 0 3 3 3 2 6 1 7 19 31
75.9765 0 4 3 3 3 6 1 6 19 31
76.0763 0 4 3 3 3 7 1 7 19 30
76.4958 0 4 3 3 3 8 1 8 19 29
76.5272 0 5 3 3 4 8 1 7 19 29
78.4931 0 5 2 2 4 9 1 7 19 29
78.6725 0 5 2 2 4 10 1 8 19 28
79.3045 0 5 2 2 4 9 1 7 19 29
80.2853 0 4 2 2 4 9 0 7 20 29
80.3831 1 5 2 2 3 9 0 7 20 29
80.4552 1 5 2 2 3 8 0 6 20 30
80.9649 1 4 2 2 2 8 0 7 20 30
81.7087 1 4 2 2 2 9 0 8 20 29
82.4662 0 3 2 2 3 9 0 8 20 29
85.2985 0 3 2 2 2 8 1 8 20 29
85.5568 0 3 2 2 2 7 1 7 20 30
86.5515 0 3 3 3 2 6 1 7 20 30
86.6135 0 3 3 3 2 5 1 6 20 31
87.689 0 4 3 3 3 5 1 5 20 31
89.5796 0 4 3 3 3 4 1 4 20 32
91.2271 0 3 3 3 2 4 1 5 20 32
92.4833 0 3 3 3 2 5 1 6 20 31
94.6642 0 3 3 3 2 6 1 7 20 30
95.6556 0 3 3 3 2 5 1 6 20 31
95.8067 0 3 3 3 2 4 1 5 20 32
95.8368 0 3 3 3 2 5 1 6 20 31
96.0799 0 3 4 4 2 4 1 6 20 31
96.1063 0 2 4 4 2 4 0 6 21 31
97.8686 0 2 4 4 2 3 0 5 21 32
99.782 0 2 4 4 2 2 0 4 21 33
100.751 0 2 4 4 2 3 0 5 21 32
101.425 0 2 4 4 2 4 0 6 21 31
102.235 0 3 4 4 3 4 0 5 21 31
105.878 0 3 4 4 3 5 0 6 21 30
109.165 0 3 4 4 2 4 1 6 21 30
111.266 0 3 4 4 2 3 1 5 21 31
112.395 0 4 4 4 3 3 1 4 21 31
114.018 0 5 4 4 3 3 2 4 20 31
115.947 0 6 4 4 4 3 2 3 20 31
116.101 0 6 3 3 4 4 2 3 20 31
116.329 0 6 3 3 4 5 2 4 20 30
116.541 1 7 3 3 3 5 2 4 20 30
117.522 1 7 3 3 3 6 2 5 20 29
117.728 1 7 3 3 3 5 2 4 20 30
119.767 1 7 3 3 3 6 2 5 20 29
120.007 2 8 3 3 2 6 2 5 20 29
120.086 2 7 3 3 1 6 2 6 20 29
120.926 2 7 3 3 1 5 2 5 20 30
121.114 2 7 3 3 1 4 2 4 20 31
122.712 2 7 3 3 1 5 2 5 20 30
123.213 2 7 3 3 1 4 2 4 20 31
125.58 2 7 3 3 1 5 2 5 20 30
125.769 2 6 3 3 0 5 2 6 20 30
126.542 2 6 3 3 0 6 2 7 20 29
126.639 2 6 3 3 0 5 2 6 20 30
126.65 2 6 3 3 0 6 2 7 20 29
128.455 2 6 3 3 0 7 2 8 20 28
129.591 2 6 3 3 0 6 2 7 20 29
130.179 1 5 3 3 1 6 2 7 20 29
130.184 1 6 3 3 2 6 2 6 20 29
133.815 1 6 3 3 2 7 2 7 20 28
135.058 1 6 3 3 2 8 2 8 20 27
137.173 1 6 3 3 2 7 2 7 20 28
138.106 1 6 3 3 2 8 2 8 20 27
142.843 1 6 3 3 2 7 2 7 20 28
143.098 2 7 3 3 1 7 2 7 20 28
143.214 2 7 3 3 1 8 2 8 20 27
143.633 2 8 3 3 1 8 3 8 19 27
144.916 1 7 3 3 2 8 3 8 19 27
145.196 1 7 2 2 2 9 3 8 19 27
145.87 2 8 2 2 1 9 3 8 19 27
146.069 2 8 2 2 1 8 3 7 19 28
146.697 1 7 2 2 2 8 3 7 19 28
146.718 1 7 2 2 2 9 3 8 19 27
148.824 1 7 2 2 2 10 3 9 19 26
149.142 1 7 2 2 1 9 4 9 19 26
149.371 1 7 2 2 1 10 4 10 19 25
149.385 1 8 2 2 2 10 4 9 19 25
149.934 1 7 2 2 1 10 4 10 19 25
150.21 1 7 2 2 1 9 4 9 19 26
150.36 1 7 2 2 1 8 4 8 19 27
150.382 1 7 3 3 1 7 4 8 19 27
151.681 1 7 3 3 1 6 4 7 19 28
152.536 1 6 3 3 0 6 4 8 19 28
153.028 0 5 3 3 1 6 4 8 19 28
153.864 0 5 3 3 1 7 4 9 19 27
154.196 0 4 3 3 1 7 3 9 20 27
154.902 0 4 3 3 0 6 4 9 20 27
156.863 0 4 3 3 0 5 4 8 20 28
160.696 0 3 3 3 0 5 3 8 21 28
161.797 0 3 3 3 0 6 3 9 21 27
163.296 0 3 2 2 0 7 3 9 21 27
164.154 0 3 2 2 0 6 3 8 21 28
164.364 0 3 2 2 0 7 3 9 21 27
165.072 0 3 2 2 0 6 3 8 21 28
167.045 0 3 2 2 0 5 3 7 21 29
167.315 0 3 2 2 0 4 3 6 21 30
167.423 0 3 2 2 0 5 3 7 21 29
167.922 0 3 2 2 0 4 3 6 21 30
169.539 0 3 2 2 0 3 3 5 21 31
171.407 0 3 2 2 0 4 3 6 21 30
173.992 0 3 2 2 0 5 3 7 21 29
174.292 0 4 2 2 1 5 3 6 21 29
174.308 0 4 2 2 1 6 3 7 21 28
174.365 0 4 1 1 1 7 3 7 21 28
177.337 0 4 1 1 1 6 3 6 21 29
177.848 0 4 1 1 1 5 3 5 21 30
179.028 0 4 1 1 0 4 4 5 21 30
180.104 0 4 1 1 0 3 4 4 21 31
180.455 0 4 1 1 0 4 4 5 21 30
181.071 0 4 1 1 0 5 4 6 21 29
183.229 0 4 2 2 0 4 4 6 21 29
186.978 0 3 2 2 0 4 3 6 22 29
188.256 0 3 2 2 0 5 3 7 22 28
189.511 0 3 2 2 0 6 3 8 22 27
189.61 0 4 2 2 1 6 3 7 22 27
190.75 0 4 2 2 0 5 4 7 22 27
191.467 0 3 2 2 0 5 3 7 23 27
192.082 0 4 2 2 1 5 3 6 23 27
192.108 0 5 2 2 2 5 3 5 23 27
192.793 0 5 1 1 2 6 3 5 23 27
192.966 0 4 1 1 2 6 2 5 24 27
194.377 0 3 1 1 1 6 2 6 24 27
196.605 0 3 1 1 1 7 2 7 24 26
197.581 0 3 1 1 1 8 2 8 24 25
198.032 0 3 0 0 1 9 2 8 24 25
198.169 0 3 0 0 1 10 2 9 24 24
198.829 0 3 0 0 1 11 2 10 24 23
198.942 0 3 0 0 1 12 2 11 24 22
199.258 0 3 0 0 1 11 2 10 24 23
199.79 0 3 0 0 1 10 2 9 24 24
199.96 0 3 0 0 1 11 2 10 24 23
200.369 0 3 0 0 1 10 2 9 24 24
200.48 0 3 0 0 1 9 2 8 24 25
200.631 0 3 0 0 1 10 2 9 24 24
200.919 0 3 0 0 1 9 2 8 24 25
201.046 0 3 0 0 1 8 2 7 24 26
201.727 0 3 0 0 1 7 2 6 24 27
202.066 0 3 0 0 1 8 2 7 24 26
202.233 0 3 0 0 1 7 2 6 24 27
202.865 0 3 0 0 1 6 2 5 24 28
205.435 1 4 0 0 0 6 2 5 24 28
207.377 1 4 0 0 0 7 2 6 24 27
208.718 1 3 0 0 0 7 1 6 25 27
210.025 1 3 0 0 0 8 1 7 25 26
211.49 1 3 0 0 0 9 1 8 25 25
212.345 1 3 0 0 0 8 1 7 25 26
212.952 1 3 0 0 0 9 1 8 25 25
213.868 1 3 0 0 0 8 1 7 25 26
216.421 1 3 0 0 0 7 1 6 25 27
217.997 1 3 0 0 0 8 1 7 25 26
218.589 1 3 0 0 0 7 1 6 25 27
220.026 1 3 0 0 0 6 1 5 25 28
221.831 1 2 0 0 0 6 0 5 26 28
222.339 1 2 0 0 0 5 0 4 26 29
225.393 1 2 0 0 0 4 0 3 26 30
226.448 1 3 0 0 1 4 0 2 26 30
227.138 1 3 0 0 1 5 0 3 26 29
227.468 1 3 0 0 1 6 0 4 26 28
227.731 1 3 0 0 1 5 0 3 26 29
227.954 1 3 0 0 0 4 1 3 26 29
228.085 1 3 1 1 0 3 1 3 26 29
231.826 1 3 1 1 0 4 1 4 26 28
234.353 1 3 1 1 0 5 1 5 26 27
234.484 1 3 1 1 0 4 1 4 26 28
235.041 1 3 1 1 0 3 1 3 26 29
239.766 1 4 1 1 1 3 1 2 26 29
241.694 1 5 1 1 2 3 1 1 26 29
243.306 1 5 1 1 2 4 1 2 26 28
244.574 0 4 1 1 3 4 1 2 26 28
245.12 0 4 1 1 3 5 1 3 26 27
246.646 0 3 1 1 2 5 1 4 26 27
246.925 0 3 1 1 2 6 1 5 26 26
246.949 0 3 1 1 2 7 1 6 26 25
247.043 0 3 1 1 2 8 1 7 26 24
247.31 0 3 1 1 2 9 1 8 26 23
247.42 0 3 2 2 2 8 1 8 26 23
250.232 0 3 2 2 2 9 1 9 26 22
251.623 0 3 2 2 2 8 1 8 26 23
252.236 0 3 2 2 1 7 2 8 26 23
252.834 0 3 2 2 1 6 2 7 26 24
254.336 0 4 2 2 2 6 2 6 26 24
255.115 0 4 3 3 2 5 2 6 26 24
255.139 0 4 3 3 2 6 2 7 26 23
257.111 0 4 3 3 2 5 2 6 26 24
257.289 0 4 3 3 2 6 2 7 26 23
257.371 0 4 3 3 1 5 3 7 26 23
262.04 0 4 3 3 1 6 3 8 26 22
264.442 0 4 3 3 1 7 3 9 26 21
265.386 0 4 3 3 1 8 3 10 26 20
265.563 0 4 3 3 0 7 4 10 26 20
265.786 0 4 3 3 1 8 3 10 26 20
266 0 4 3 3 1 9 3 11 26 19
266.283 0 4 3 3 1 10 3 12 26 18
268.059 0 4 3 3 1 9 3 11 26 19
268.063 0 4 3 3 1 8 3 10 26 20
268.877 0 4 3 3 1 7 3 9 26 21
270.241 0 4 3 3 1 8 3 10 26 20
270.404 0 4 3 3 1 7 3 9 26 21
270.799 0 4 3 3 1 8 3 10 26 20
271.247 0 4 3 3 1 7 3 9 26 21
271.512 0 4 3 3 1 6 3 8 26 22
271.983 0 4 3 3 1 7 3 9 26 21
273.352 0 5 3 3 2 7 3 8 26 21
273.597 0 5 3 3 2 6 3 7 26 22
273.926 0 5 3 3 2 5 3 6 26 23
274.399 0 5 3 3 2 4 3 5 26 24
276.159 0 5 3 3 2 3 3 4 26 25
277.697 0 5 3 3 2 4 3 5 26 24
279.029 0 5 3 3 2 3 3 4 26 25
283.535 0 4 3 3 1 3 3 5 26 25
283.618 0 4 3 3 1 2 3 4 26 26
284.497 0 3 3 3 1 2 2 4 27 26
287.061 0 3 4 4 1 1 2 4 27 26
288.785 0 3 4 4 1 2 2 5 27 25
290.536 0 3 4 4 1 3 2 6 27 24
292.058 0 3 3 3 1 4 2 6 27 24
293.334 0 3 3 3 1 5 2 7 27 23
293.619 0 4 3 3 2 5 2 6 27 23
294.127 1 5 3 3 1 5 2 6 27 23
296.478 1 5 3 3 1 4 2 5 27 24
299.915 1 5 3 3 1 5 2 6 27 23
300.167 1 5 3 3 1 4 2 5 27 24
302.651 1 5 2 2 1 5 2 5 27 24
305.021 1 5 2 2 1 4 2 4 27 25
306.163 1 4 2 2 1 4 1 4 28 25
306.611 1 4 2 2 1 3 1 3 28 26
307.594 1 4 2 2 1 2 1 2 28 27
308.759 1 4 2 2 1 3 1 3 28 26
309.477 1 4 2 2 1 4 1 4 28 25
310.299 1 4 2 2 1 5 1 5 28 24
310.704 1 4 2 2 1 6 1 6 28 23
310.746 1 4 2 2 0 5 2 6 28 23
311.032 1 4 2 2 0 6 2 7 28 22
311.48 1 4 2 2 0 5 2 6 28 23
313.214 1 4 2 2 0 6 2 7 28 22
313.541 1 4 2 2 0 5 2 6 28 23
314.327 1 5 2 2 1 5 2 5 28 23
314.958 1 5 2 2 1 6 2 6 28 22
315.455 1 5 2 2 1 7 2 7 28 21
317.546 1 5 1 1 1 8 2 7 28 21
317.643 1 5 1 1 1 9 2 8 28 20
318.364 1 5 1 1 1 8 2 7 28 21
320.254 1 5 1 1 1 9 2 8 28 20
321.697 1 6 1 1 2 9 2 7 28 20
321.903 1 7 1 1 3 9 2 6 28 20
322.165 1 7 1 1 3 8 2 5 28 21
322.556 1 7 2 2 3 7 2 5 28 21
322.98 1 7 2 2 3 6 2 4 28 22
323.813 1 6 2 2 2 6 2 5 28 22
323.967 1 7 2 2 3 6 2 4 28 22
326.192 2 8 2 2 2 6 2 4 28 22
330.501 2 8 3 3 2 5 2 4 28 22
332.208 3 9 3 3 1 5 2 4 28 22
333.283 3 9 3 3 1 6 2 5 28 21
334.229 3 9 3 3 1 5 2 4 28 22
334.367 3 9 2 2 1 6 2 4 28 22
335.518 3 8 2 2 1 6 1 4 29 22
335.913 3 8 2 2 1 5 1 3 29 23
337.667 3 8 2 2 1 6 1 4 29 22
339.349 3 8 2 2 1 7 1 5 29 21
339.822 3 8 2 2 1 8 1 6 29 20
340.434 3 7 2 2 1 8 0 6 30 20
340.956 2 6 2 2 2 8 0 6 30 20
341.332 2 6 2 2 2 9 0 7 30 19
342.09 2 6 2 2 2 8 0 6 30 20
342.454 2 6 2 2 2 7 0 5 30 21
344.483 2 7 2 2 3 7 0 4 30 21
346.386 2 6 2 2 2 7 0 5 30 21
347.652 2 6 2 2 2 6 0 4 30 22
350.133 2 7 2 2 3 6 0 3 30 22
350.232 2 7 2 2 3 7 0 4 30 21
350.349 2 7 2 2 2 6 1 4 30 21
351.743 3 8 2 2 1 6 1 4 30 21
352.218 3 8 2 2 1 5 1 3 30 22
353.179 3 8 2 2 1 6 1 4 30 21
353.968 2 7 2 2 2 6 1 4 30 21
354.261 2 7 2 2 2 7 1 5 30 20
355.445 2 6 2 2 1 7 1 6 30 20
358.017 2 6 2 2 1 8 1 7 30 19
359.048 2 6 2 2 1 7 1 6 30 20
359.811 2 6 2 2 1 8 1 7 30 19
359.837 2 6 2 2 1 7 1 6 30 20
360.23 2 6 1 1 1 8 1 6 30 20
360.308 2 6 1 1 1 9 1 7 30 19
360.803 1 5 1 1 2 9 1 7 30 19
361.222 1 5 1 1 2 8 1 6 30 20
364.994 1 5 1 1 2 7 1 5 30 21
365.391 1 5 1 1 2 6 1 4 30 22
368.607 1 5 1 1 2 5 1 3 30 23
368.947 1 5 2 2 2 4 1 3 30 23
371.289 1 4 2 2 1 4 1 4 30 23
372.145 1 4 2 2 1 5 1 5 30 22
374.098 1 4 2 2 1 6 1 6 30 21
375.629 1 4 2 2 1 5 1 5 30 22
375.91 1 5 2 2 2 5 1 4 30 22
376.193 1 5 2 2 2 4 1 3 30 23
376.889 1 5 2 2 2 5 1 4 30 22
377.012 1 5 2 2 2 4 1 3 30 23
377.194 1 5 2 2 2 5 1 4 30 22
378.862 1 5 2 2 2 4 1 3 30 23
379.054 1 5 2 2 2 5 1 4 30 22
379.145 1 5 2 2 2 6 1 5 30 21
380.255 1 5 2 2 3 7 0 5 30 21
381.972 1 5 2 2 3 6 0 4 30 22
382.021 1 5 2 2 3 7 0 5 30 21
382.07 1 5 2 2 2 6 1 5 30 21
383.81 1 5 2 2 2 5 1 4 30 22
386.915 1 5 2 2 2 4 1 3 30 23
388.271 1 5 2 2 2 3 1 2 30 24
388.679 1 4 2 2 2 3 0 2 31 24
388.736 1 4 2 2 2 4 0 3 31 23
389.854 1 4 2 2 2 5 0 4 31 22
391.355 1 4 2 2 2 4 0 3 31 23
391.581 1 3 2 2 1 4 0 4 31 23
394.078 1 3 2 2 0 3 1 4 31 23
394.859 1 3 1 1 0 4 1 4 31 23
394.86 1 3 1 1 0 5 1 5 31 22
394.902 1 3 1 1 0 4 1 4 31 23
397.724 1 3 1 1 0 3 1 3 31 24
398.139 1 3 1 1 0 2 1 2 31 25
403.006 1 3 1 1 0 3 1 3 31 24
405.37 1 4 1 1 1 3 1 2 31 24
407.674 1 5 1 1 2 3 1 1 31 24
408.116 1 5 1 1 2 4 1 2 31 23
408.55 1 6 1 1 3 4 1 1 31 23
408.779 1 6 1 1 3 5 1 2 31 22
411.804 1 5 1 1 2 5 1 3 31 22
413.502 1 5 1 1 2 4 1 2 31 23
414.031 1 4 1 1 2 4 0 2 32 23
414.812 1 4 1 1 2 5 0 3 32 22
416.743 1 4 1 1 2 4 0 2 32 23
426.695 1 4 1 1 2 3 0 1 32 24
426.961 1 4 1 1 2 4 0 2 32 23
427.692 1 4 1 1 1 3 1 2 32 23
431.532 1 4 1 1 1 4 1 3 32 22
433.979 1 4 1 1 1 3 1 2 32 23
436.803 1 4 1 1 1 4 1 3 32 22
437.807 1 5 1 1 2 4 1 2 32 22
437.919 1 5 1 1 2 3 1 1 32 23
440.985 1 5 1 1 2 4 1 2 32 22
441.244 0 4 1 1 3 4 1 2 32 22
442.637 0 4 1 1 3 5 1 3 32 21
444.14 0 4 1 1 3 6 1 4 32 20
445.398 0 4 1 1 2 5 2 4 32 20
445.642 0 4 1 1 2 6 2 5 32 19
445.7 0 3 1 1 2 6 1 5 33 19
447.467 0 3 1 1 2 7 1 6 33 18
448.561 0 2 1 1 2 7 0 6 34 18
448.644 0 2 1 1 1 6 1 6 34 18
450.923 0 2 1 1 0 5 2 6 34 18
452.103 0 2 2 2 0 4 2 6 34 18
454.196 0 2 2 2 0 5 2 7 34 17
454.24 0 2 2 2 0 6 2 8 34 16
456.27 0 2 2 2 0 7 2 9 34 15
458.3 0 2 2 2 0 6 2 8 34 16
459.002 0 2 1 1 0 7 2 8 34 16
460.191 0 2 1 1 0 8 2 9 34 15
460.253 0 3 1 1 1 8 2 8 34 15
460.668 0 3 1 1 1 7 2 7 34 16
461.016 0 3 1 1 1 6 2 6 34 17
462.751 0 4 1 1 2 6 2 5 34 17
463.365 1 5 1 1 1 6 2 5 34 17
463.92 1 5 1 1 1 7 2 6 34 16
464.406 1 5 1 1 1 6 2 5 34 17
469.133 1 5 1 1 1 7 2 6 34 16
469.636 1 5 1 1 1 6 2 5 34 17
471.295 1 5 1 1 1 7 2 6 34 16
473.056 1 5 1 1 1 6 2 5 34 17
473.366 1 5 1 1 1 5 2 4 34 18
476.127 1 5 1 1 1 6 2 5 34 17
476.425 1 5 1 1 1 7 2 6 34 16
476.469 1 4 1 1 1 7 1 6 35 16
476.887 1 4 1 1 1 8 1 7 35 15
477.023 1 4 1 1 1 7 1 6 35 16
478.995 1 4 2 2 1 6 1 6 35 16
479.156 1 4 2 2 1 5 1 5 35 17
480.832 2 5 2 2 0 5 1 5 35 17
487.993 2 5 2 2 0 6 1 6 35 16
488.942 2 6 2 2 1 6 1 5 35 16
489.667 2 6 2 2 1 5 1 4 35 17
490.598 2 6 2 2 0 4 2 4 35 17
495.951 2 6 2 2 0 5 2 5 35 16
498.675 2 5 2 2 0 5 1 5 36 16
503.626 2 5 2 2 0 6 1 6 36 15
504.169 2 5 2 2 0 5 1 5 36 16
504.36 2 5 2 2 0 4 1 4 36 17
504.494 2 5 2 2 0 5 1 5 36 16
505.185 2 6 2 2 1 5 1 4 36 16
505.585 2 6 2 2 1 4 1 3 36 17
511.811 2 6 2 2 1 5 1 4 36 16
514.522 2 6 2 2 1 6 1 5 36 15
515.578 2 6 2 2 1 5 1 4 36 16
516.878 2 6 2 2 1 4 1 3 36 17
518.164 2 6 2 2 1 5 1 4 36 16
521.33 1 5 2 2 2 5 1 4 36 16
522.54 1 5 3 3 2 4 1 4 36 16
524.777 1 5 3 3 2 3 1 3 36 17
526.166 1 4 3 3 1 3 1 4 36 17
526.784 2 5 3 3 0 3 1 4 36 17
529.012 2 5 3 3 0 2 1 3 36 18
529.85 2 5 2 2 0 3 1 3 36 18
530.186 2 5 2 2 0 4 1 4 36 17
537.535 2 5 3 3 0 3 1 4 36 17
540.255 2 5 3 3 0 4 1 5 36 16
547.93 2 4 3 3 0 4 0 5 37 16
548.485 2 4 2 2 0 5 0 5 37 16
551.898 2 4 2 2 0 4 0 4 37 17
552.812 2 5 2 2 1 4 0 3 37 17
553.704 1 4 2 2 2 4 0 3 37 17
555.141 1 4 2 2 2 5 0 4 37 16
559.193 1 4 2 2 2 6 0 5 37 15
560.655 1 4 2 2 2 5 0 4 37 16
562.479 1 4 2 2 2 6 0 5 37 15
563.105 1 4 2 2 2 7 0 6 37 14
564.984 1 4 2 2 2 8 0 7 37 13
565.993 1 4 2 2 2 9 0 8 37 12
568.325 1 4 2 2 2 8 0 7 37 13
569.207 1 4 2 2 1 7 1 7 37 13
569.63 2 5 2 2 0 7 1 7 37 13
569.818 2 6 2 2 0 7 2 7 36 13
569.981 2 6 2 2 0 6 2 6 36 14
570.172 1 5 2 2 1 6 2 6 36 14
570.537 1 5 2 2 1 5 2 5 36 15
571.408 1 5 2 2 1 4 2 4 36 16
572.34 1 5 2 2 1 5 2 5 36 15
576.266 1 5 3 3 1 4 2 5 36 15
576.555 1 5 3 3 1 3 2 4 36 16
576.732 1 5 2 2 1 4 2 4 36 16
579.863 2 6 2 2 0 4 2 4 36 16
583.329 2 6 2 2 0 3 2 3 36 17
584.838 2 6 3 3 0 2 2 3 36 17
587.815 2 6 3 3 0 1 2 2 36 18
588.479 2 6 3 3 0 2 2 3 36 17
589.409 2 5 3 3 0 2 1 3 37 17
592.288 2 5 4 4 0 1 1 3 37 17
596.672 1 4 4 4 1 1 1 3 37 17
603.502 1 4 4 4 1 2 1 4 37 16
607.501 1 4 4 4 1 3 1 5 37 15
608.772 1 5 4 4 2 3 1 4 37 15
611.802 1 5 4 4 2 4 1 5 37 14
612.449 1 5 3 3 2 5 1 5 37 14
613.064 1 5 3 3 2 4 1 4 37 15
613.86 1 5 3 3 2 3 1 3 37 16
614.845 1 5 3 3 2 4 1 4 37 15
619.79 1 6 3 3 2 4 2 4 36 15
623.775 1 6 3 3 2 3 2 3 36 16
626.584 1 5 3 3 2 3 1 3 37 16
626.662 1 5 3 3 2 4 1 4 37 15
626.935 1 5 3 3 2 3 1 3 37 16
629.266 1 5 2 2 2 4 1 3 37 16
629.296 1 4 2 2 1 4 1 4 37 16
632.493 0 3 2 2 2 4 1 4 37 16
634.562 0 3 2 2 2 3 1 3 37 17
635.03 0 3 2 2 2 4 1 4 37 16
635.21 0 3 2 2 2 5 1 5 37 15
635.662 1 4 2 2 1 5 1 5 37 15
639.426 1 4 2 2 1 4 1 4 37 16
639.554 1 4 2 2 1 5 1 5 37 15
639.77 1 4 2 2 1 4 1 4 37 16
641.489 1 4 2 2 1 5 1 5 37 15
644.69 1 4 2 2 1 4 1 4 37 16
646.485 1 4 2 2 1 3 1 3 37 17
647.339 1 4 2 2 1 2 1 2 37 18
652.273 1 5 2 2 2 2 1 1 37 18
652.588 1 4 2 2 1 2 1 2 37 18
653.946 1 4 2 2 1 3 1 3 37 17
654.74 1 4 2 2 1 4 1 4 37 16
655.046 1 4 2 2 1 5 1 5 37 15
655.12 1 5 2 2 1 5 2 5 36 15
655.629 1 5 2 2 1 6 2 6 36 14
656.429 1 5 2 2 1 5 2 5 36 15
657.875 1 5 3 3 1 4 2 5 36 15
658.22 1 4 3 3 1 4 1 5 37 15
660.27 1 5 3 3 2 4 1 4 37 15
660.675 1 6 3 3 2 4 2 4 36 15
661.44 1 6 3 3 2 5 2 5 36 14
664.69 1 6 3 3 2 6 2 6 36 13
666.734 1 6 4 4 2 5 2 6 36 13
668.339 1 5 4 4 2 5 1 6 37 13
670.316 1 5 3 3 2 6 1 6 37 13
670.939 1 5 4 4 2 5 1 6 37 13
671.062 1 5 4 4 1 4 2 6 37 13
672.243 1 6 4 4 2 4 2 5 37 13
674.154 1 5 4 4 2 4 1 5 38 13
675.503 1 5 4 4 2 5 1 6 38 12
677.335 1 5 4 4 2 6 1 7 38 11
678.493 1 5 4 4 2 5 1 6 38 12
679.322 1 5 3 3 2 6 1 6 38 12
679.507 1 6 3 3 3 6 1 5 38 12
679.788 1 6 3 3 3 5 1 4 38 13
680.862 1 5 3 3 2 5 1 5 38 13
681.805 1 5 3 3 2 4 1 4 38 14
683.923 1 5 4 4 2 3 1 4 38 14
686.454 1 5 4 4 2 2 1 3 38 15
686.675 1 4 4 4 1 2 1 4 38 15
687.819 1 4 4 4 1 1 1 3 38 16
692.935 1 4 4 4 1 0 1 2 38 17
693.695 1 5 4 4 1 0 2 2 37 17
697.033 1 5 4 4 1 1 2 3 37 16
697.342 2 6 4 4 0 1 2 3 37 16
697.733 1 5 4 4 1 1 2 3 37 16
699.301 1 5 3 3 1 2 2 3 37 16
700.173 1 5 3 3 1 3 2 4 37 15
702.491 1 5 3 3 1 2 2 3 37 16
703.222 0 4 3 3 2 2 2 3 37 16
707.918 0 4 2 2 2 3 2 3 37 16
709.86 0 5 2 2 2 3 3 3 36 16
710.829 0 5 3 3 2 2 3 3 36 16
713.521 0 5 3 3 2 3 3 4 36 15
718.779 0 5 2 2 2 4 3 4 36 15
722.412 1 6 2 2 1 4 3 4 36 15
723.385 1 5 2 2 1 4 2 4 37 15
723.418 1 4 2 2 1 4 1 4 38 15
724.243 1 4 2 2 0 3 2 4 38 15
728.998 1 4 3 3 0 2 2 4 38 15
729.831 1 4 3 3 0 3 2 5 38 14
731.056 1 4 2 2 0 4 2 5 38 14
738.15 1 3 2 2 0 4 1 5 39 14
738.201 1 3 2 2 0 3 1 4 39 15
739.384 1 3 2 2 0 4 1 5 39 14
741.985 1 3 2 2 0 5 1 6 39 13
742.572 1 4 2 2 0 5 2 6 38 13
744.939 1 4 2 2 0 4 2 5 38 14
748.121 1 4 2 2 0 3 2 4 38 15
748.182 1 3 2 2 0 3 1 4 39 15
749.912 0 2 2 2 1 3 1 4 39 15
750.526 0 2 2 2 1 4 1 5 39 14
753.56 0 2 2 2 1 5 1 6 39 13
756.378 0 2 2 2 1 6 1 7 39 12
756.56 0 2 2 2 1 5 1 6 39 13
758.535 0 2 3 3 1 4 1 6 39 13
761.525 0 2 3 3 1 5 1 7 39 12
762.223 0 2 3 3 1 4 1 6 39 13
762.329 0 2 3 3 2 5 0 6 39 13
763.472 0 2 3 3 2 4 0 5 39 14
765.881 0 2 3 3 2 5 0 6 39 13
768.174 0 2 3 3 2 6 0 7 39 12
769.575 0 2 3 3 2 5 0 6 39 13
771.922 0 2 3 3 2 4 0 5 39 14
772.216 0 2 3 3 1 3 1 5 39 14
772.917 0 2 3 3 1 2 1 4 39 15
776.324 0 2 3 3 2 3 0 4 39 15
778.735 0 2 3 3 2 2 0 3 39 16
782.359 0 2 4 4 2 1 0 3 39 16
785.344 0 2 3 3 2 2 0 3 39 16
786.021 0 3 3 3 3 2 0 2 39 16
787.01 0 3 3 3 3 3 0 3 39 15
788.871 0 2 3 3 2 3 0 4 39 15
793.48 0 2 3 3 2 2 0 3 39 16
793.909 0 3 3 3 3 2 0 2 39 16
794.299 0 3 2 2 3 3 0 2 39 16
796.958 0 3 1 1 3 4 0 2 39 16
796.973 0 4 1 1 4 4 0 1 39 16
798.351 0 4 1 1 3 3 1 1 39 16
803.41 0 3 1 1 2 3 1 2 39 16
805.695 0 3 1 1 2 4 1 3 39 15
806.709 0 4 1 1 2 4 2 3 38 15
809.331 0 4 1 1 2 5 2 4 38 14
809.368 0 4 1 1 2 4 2 3 38 15
811.339 0 3 1 1 1 4 2 4 38 15
812.799 0 3 1 1 0 3 3 4 38 15
813.425 0 2 1 1 0 3 2 4 39 15
813.554 0 2 1 1 0 2 2 3 39 16
816.949 0 1 1 1 0 2 1 3 40 16
819.78 0 1 1 1 0 1 1 2 40 17
821.649 0 2 1 1 1 1 1 1 40 17
827.175 0 2 1 1 1 2 1 2 40 16
831.221 0 2 1 1 1 1 1 1 40 17
833.965 0 2 1 1 1 2 1 2 40 16
836.951 0 2 1 1 1 3 1 3 40 15
837.032 0 2 1 1 1 4 1 4 40 14
839.931 0 3 1 1 2 4 1 3 40 14
842.611 1 4 1 1 1 4 1 3 40 14
844.364 1 3 1 1 0 4 1 4 40 14
844.644 1 3 1 1 0 5 1 5 40 13
846.192 1 3 1 1 0 4 1 4 40 14
846.698 1 3 1 1 0 3 1 3 40 15
848.931 1 3 1 1 0 4 1 4 40 14
851.573 1 3 1 1 0 5 1 5 40 13
852.044 1 3 1 1 0 6 1 6 40 12
852.345 1 3 1 1 0 5 1 5 40 13
852.523 1 3 1 1 0 6 1 6 40 12
855.316 1 3 1 1 0 5 1 5 40 13
858.937 1 4 1 1 1 5 1 4 40 13
859.274 2 5 1 1 0 5 1 4 40 13
864.041 2 5 1 1 0 6 1 5 40 12
866.754 2 5 1 1 0 5 1 4 40 13
868.706 2 5 1 1 0 4 1 3 40 14
869.149 2 5 1 1 0 5 1 4 40 13
869.875 2 5 1 1 0 6 1 5 40 12
870.922 2 5 0 0 0 7 1 5 40 12
875.646 2 5 0 0 0 6 1 4 40 13
877.573 2 5 0 0 0 5 1 3 40 14
882.835 2 5 0 0 0 6 1 4 40 13
885.799 2 5 0 0 0 7 1 5 40 12
887.414 1 4 0 0 1 7 1 5 40 12
889.627 1 4 0 0 1 6 1 4 40 13
896.061 1 4 0 0 1 5 1 3 40 14
897.789 1 3 0 0 0 5 1 4 40 14
897.79 1 3 0 0 0 4 1 3 40 15
898.752 1 2 0 0 0 4 0 3 41 15
907.721 1 2 0 0 0 5 0 4 41 14
909.73 1 2 1 1 0 4 0 4 41 14
912.585 1 2 1 1 0 3 0 3 41 15
917.667 1 2 1 1 0 4 0 4 41 14
917.865 1 2 1 1 0 5 0 5 41 13
922.27 1 2 1 1 0 6 0 6 41 12
929.205 1 2 1 1 0 5 0 5 41 13
930.925 1 2 1 1 0 4 0 4 41 14
936.402 1 2 1 1 0 5 0 5 41 13
936.498 1 2 2 2 0 4 0 5 41 13
937.446 1 2 2 2 0 3 0 4 41 14
938.284 1 2 2 2 0 4 0 5 41 13
939.483 1 2 2 2 0 3 0 4 41 14
939.905 1 2 2 2 0 4 0 5 41 13
942.098 1 3 2 2 1 4 0 4 41 13
942.96 1 3 2 2 1 3 0 3 41 14
945.19 1 3 1 1 1 4 0 3 41 14
945.729 1 3 1 1 1 5 0 4 41 13
948.117 1 3 1 1 1 6 0 5 41 12
948.745 1 3 1 1 1 5 0 4 41 13
949.593 1 3 1 1 1 6 0 5 41 12
952.418 1 4 1 1 2 6 0 4 41 12
954.495 1 4 2 2 2 5 0 4 41 12
954.941 1 4 2 2 2 4 0 3 41 13
957.559 1 4 2 2 2 5 0 4 41 12
957.87 1 4 2 2 2 6 0 5 41 11
958.036 1 4 2 2 2 5 0 4 41 12
958.971 1 4 2 2 2 4 0 3 41 13
959.709 1 4 2 2 2 3 0 2 41 14
966.293 0 3 2 2 3 3 0 2 41 14
966.434 0 3 2 2 3 4 0 3 41 13
967.906 0 3 2 2 3 3 0 2 41 14
968.444 0 2 2 2 2 3 0 3 41 14
977.41 0 2 1 1 2 4 0 3 41 14
981.001 0 2 1 1 2 5 0 4 41 13
983.318 0 2 1 1 2 6 0 5 41 12
984.365 0 2 1 1 2 5 0 4 41 13
985.63 0 2 1 1 2 6 0 5 41 12
989.423 0 2 1 1 2 5 0 4 41 13
992.909 0 2 1 1 2 4 0 3 41 14
992.954 0 2 1 1 2 5 0 4 41 13
995.629 0 2 1 1 2 6 0 5 41 12
996.647 0 2 1 1 2 7 0 6 41 11
998.105 0 2 1 1 2 6 0 5 41 12
1000.56 0 2 1 1 2 5 0 4 41 13
1003.19 0 1 1 1 1 5 0 5 41 13
1007.95 0 1 1 1 1 6 0 6 41 12
1009.2 0 1 1 1 1 7 0 7 41 11
1009.33 0 1 1 1 1 6 0 6 41 12
1009.47 0 1 1 1 1 5 0 5 41 13
1012.68 0 1 1 1 1 4 0 4 41 14
1012.85 0 1 1 1 1 5 0 5 41 13
1013.63 0 1 1 1 1 4 0 4 41 14
1015.3 0 1 1 1 1 5 0 5 41 13
1016.01 0 2 1 1 2 5 0 4 41 13
1020.43 0 3 1 1 3 5 0 3 41 13
1021.3 0 3 1 1 3 4 0 2 41 14
1022.53 0 3 1 1 2 3 1 2 41 14
1027.48 0 3 1 1 2 4 1 3 41 13
1029.8 0 3 1 1 2 3 1 2 41 14
1032.94 0 4 1 1 3 3 1 1 41 14
1034.51 0 3 1 1 2 3 1 2 41 14
1037.87 0 3 1 1 2 4 1 3 41 13
1041.21 0 2 1 1 2 4 0 3 42 13
1043.15 0 2 1 1 1 3 1 3 42 13
1046.94 0 2 1 1 1 4 1 4 42 12
1049.6 0 2 1 1 1 3 1 3 42 13
1052.78 0 2 1 1 1 4 1 4 42 12
1053.97 0 2 1 1 1 5 1 5 42 11
1054.59 0 2 1 1 1 4 1 4 42 12
1056.68 0 2 1 1 1 5 1 5 42 11
1056.78 0 2 1 1 1 6 1 6 42 10
1060.05 0 2 1 1 1 5 1 5 42 11
1064.16 0 2 1 1 1 4 1 4 42 12
1066.45 1 3 1 1 0 4 1 4 42 12
1067.78 1 4 1 1 1 4 1 3 42 12
1067.8 0 3 1 1 2 4 1 3 42 12
1067.9 0 2 1 1 1 4 1 4 42 12
1067.95 0 2 1 1 1 3 1 3 42 13
1070.6 0 2 2 2 1 2 1 3 42 13
1074.33 0 2 2 2 1 3 1 4 42 12
1074.36 0 3 2 2 2 3 1 3 42 12
1074.95 0 3 2 2 2 2 1 2 42 13
1076.51 0 3 2 2 2 1 1 1 42 14
1084.44 0 2 2 2 1 1 1 2 42 14
1085.86 0 2 2 2 1 2 1 3 42 13
1093.13 0 2 2 2 1 3 1 4 42 12
1095.04 0 2 2 2 1 2 1 3 42 13
1102.55 0 2 2 2 1 3 1 4 42 12
1104.42 1 3 2 2 0 3 1 4 42 12
1104.43 0 2 2 2 1 3 1 4 42 12
1111.96 0 2 2 2 1 4 1 5 42 11
1117.25 0 2 2 2 1 5 1 6 42 10
1119.98 0 2 1 1 1 6 1 6 42 10
1123.12 1 3 1 1 0 6 1 6 42 10
1124.57 1 3 1 1 0 5 1 5 42 11
1128.21 1 3 1 1 0 4 1 4 42 12
1128.3 1 3 1 1 0 5 1 5 42 11
1129.02 1 3 2 2 0 4 1 5 42 11
1131.75 1 3 2 2 0 5 1 6 42 10
1132.28 1 3 2 2 0 6 1 7 42 9
1134.73 1 3 2 2 0 7 1 8 42 8
1135.68 1 3 2 2 0 6 1 7 42 9
1141.66 1 3 2 2 0 5 1 6 42 10
1144.48 1 3 2 2 0 4 1 5 42 11
1144.53 1 3 2 2 0 3 1 4 42 12
1146.23 0 2 2 2 1 3 1 4 42 12
1150.09 0 3 2 2 2 3 1 3 42 12
1158.8 0 3 2 2 2 2 1 2 42 13
1159.95 0 2 2 2 2 2 0 2 43 13
1160.03 0 2 1 1 2 3 0 2 43 13
1161.53 0 1 1 1 1 3 0 3 43 13
1163.55 0 1 1 1 1 4 0 4 43 12
1169.82 0 1 1 1 1 3 0 3 43 13
1181.37 0 1 2 2 1 2 0 3 43 13
1181.52 0 1 2 2 1 3 0 4 43 12
1184.85 0 1 2 2 1 2 0 3 43 13
1186.42 0 1 2 2 1 3 0 4 43 12
1186.94 0 1 2 2 1 4 0 5 43 11
1189.43 0 1 1 1 1 5 0 5 43 11
1194.45 0 1 1 1 1 4 0 4 43 12
1197.84 0 2 1 1 2 4 0 3 43 12
1200.48 1 3 1 1 1 4 0 3 43 12
1204.81 1 3 1 1 1 3 0 2 43 13
1205.29 1 3 1 1 1 4 0 3 43 12
1207.01 1 3 1 1 1 5 0 4 43 11
1207.33 1 3 0 0 1 6 0 4 43 11
1207.42 1 3 0 0 1 5 0 3 43 12
1208.66 0 2 0 0 2 5 0 3 43 12
1209.97 0 3 0 0 2 5 1 3 42 12
1211.84 1 4 0 0 1 5 1 3 42 12
1213.94 1 5 0 0 2 5 1 2 42 12
1214.75 1 5 0 0 2 6 1 3 42 11
1216.21 1 5 0 0 2 5 1 2 42 12
1217.31 1 5 0 0 2 6 1 3 42 11
1218.47 1 5 1 1 2 5 1 3 42 11
1229.19 1 6 1 1 3 5 1 2 42 11
1231.51 1 5 1 1 2 5 1 3 42 11
1234.61 1 5 1 1 2 4 1 2 42 12
1235.48 0 4 1 1 3 4 1 2 42 12
1238.73 0 4 1 1 2 3 2 2 42 12
1239.19 0 4 1 1 1 2 3 2 42 12
1243.44 0 4 1 1 1 3 3 3 42 11
1245.62 0 4 1 1 1 4 3 4 42 10
1246.07 0 4 1 1 1 5 3 5 42 9
1247.86 0 3 1 1 1 5 2 5 43 9
1249.6 0 4 1 1 2 5 2 4 43 9
1249.95 0 4 1 1 1 4 3 4 43 9
1250.82 0 3 1 1 1 4 2 4 44 9
1252.43 0 2 1 1 0 4 2 5 44 9
1252.61 0 2 1 1 0 5 2 6 44 8
1253 0 2 1 1 0 6 2 7 44 7
1253.63 0 1 1 1 0 6 1 7 45 7
1256.19 0 1 1 1 0 7 1 8 45 6
1257.47 0 1 1 1 0 8 1 9 45 5
1257.67 0 1 1 1 0 7 1 8 45 6
1264.39 0 1 2 2 0 6 1 8 45 6
1265.12 0 1 2 2 0 5 1 7 45 7
1266.74 0 1 1 1 0 6 1 7 45 7
1266.83 0 1 1 1 0 5 1 6 45 8
1267 0 1 1 1 0 4 1 5 45 9
1269.45 0 1 1 1 0 3 1 4 45 10
1284.77 0 1 1 1 0 2 1 3 45 11
1288.7 0 1 1 1 0 3 1 4 45 10
1291.4 0 1 1 1 0 4 1 5 45 9
1291.81 0 1 1 1 0 3 1 4 45 10
1292.49 0 1 1 1 0 4 1 5 45 9
1295.78 0 1 2 2 0 3 1 5 45 9
1296.67 0 2 2 2 0 3 2 5 44 9
1299.38 0 2 2 2 0 2 2 4 44 10
1302.1 0 2 2 2 0 1 2 3 44 11
1303.08 0 3 2 2 1 1 2 2 44 11
1303.48 1 4 2 2 0 1 2 2 44 11
1304.97 1 3 2 2 0 1 1 2 45 11
1308.18 1 3 2 2 0 2 1 3 45 10
1310.18 1 3 2 2 0 1 1 2 45 11
1310.69 1 3 2 2 0 2 1 3 45 10
1312.07 1 3 2 2 0 3 1 4 45 9
1317.58 1 3 2 2 0 4 1 5 45 8
1319.06 1 3 3 3 0 3 1 5 45 8
1319.49 1 3 3 3 0 2 1 4 45 9
1319.73 1 4 3 3 1 2 1 3 45 9
1326.36 1 4 2 2 1 3 1 3 45 9
1331.09 1 4 2 2 1 4 1 4 45 8
1331.76 1 4 2 2 1 3 1 3 45 9
1331.9 1 4 1 1 1 4 1 3 45 9
1332.7 1 5 1 1 2 4 1 2 45 9
1333.9 2 6 1 1 1 4 1 2 45 9
1338.86 1 5 1 1 2 4 1 2 45 9
1339.08 1 5 1 1 2 3 1 1 45 10
1339.76 1 5 1 1 2 2 1 0 45 11
1340.22 1 6 1 1 2 2 2 0 44 11
1342.43 1 5 1 1 1 2 2 1 44 11
1344.26 2 6 1 1 0 2 2 1 44 11
1346.13 1 5 1 1 1 2 2 1 44 11
1353.41 1 4 1 1 1 2 1 1 45 11
1356.14 1 4 1 1 1 3 1 2 45 10
1356.25 1 4 2 2 1 2 1 2 45 10
1361.04 1 4 1 1 1 3 1 2 45 10
1364.62 1 4 1 1 1 4 1 3 45 9
1365.81 1 3 1 1 1 4 0 3 46 9
1373.75 1 3 1 1 1 3 0 2 46 10
1374.02 1 3 1 1 1 4 0 3 46 9
1374.28 0 2 1 1 2 4 0 3 46 9
1374.85 0 2 1 1 2 5 0 4 46 8
1376.21 1 3 1 1 1 5 0 4 46 8
1379.42 1 3 1 1 1 4 0 3 46 9
1384.39 1 4 1 1 1 4 1 3 45 9
1384.8 1 5 1 1 1 4 2 3 44 9
1389.64 1 4 1 1 0 4 2 4 44 9
1390.59 1 3 1 1 0 4 1 4 45 9
1391.77 1 3 0 0 0 5 1 4 45 9
1396.75 1 4 0 0 0 5 2 4 44 9
1398.04 1 4 0 0 0 4 2 3 44 10
1398.94 1 4 0 0 0 5 2 4 44 9
1402.28 1 4 0 0 0 4 2 3 44 10
1410.74 1 4 0 0 0 3 2 2 44 11
1412.11 1 4 0 0 0 4 2 3 44 10
1412.43 1 4 1 1 0 3 2 3 44 10
1412.52 1 4 1 1 0 4 2 4 44 9
1415.08 1 4 1 1 0 3 2 3 44 10
1419.26 1 5 1 1 1 3 2 2 44 10
1419.65 1 4 1 1 0 3 2 3 44 10
1424.42 1 4 1 1 0 4 2 4 44 9
1434.61 1 4 1 1 0 3 2 3 44 10
1448.81 1 4 1 1 0 4 2 4 44 9
1450.82 1 5 1 1 1 4 2 3 44 9
1451.39 2 6 1 1 0 4 2 3 44 9
1454.37 2 5 1 1 0 4 1 3 45 9
1454.73 2 5 1 1 0 5 1 4 45 8
1459.01 1 4 1 1 1 5 1 4 45 8
1461.76 1 3 1 1 1 5 0 4 46 8
1464.09 1 3 1 1 1 6 0 5 46 7
1468.01 1 3 1 1 1 5 0 4 46 8
1469.98 1 3 1 1 0 4 1 4 46 8
1470.24 1 3 1 1 0 5 1 5 46 7
1471.5 1 3 1 1 0 4 1 4 46 8
1474.57 1 3 1 1 0 3 1 3 46 9
1476.87 1 4 1 1 0 3 2 3 45 9
1483.24 1 4 2 2 0 2 2 3 45 9
1484 1 4 1 1 0 3 2 3 45 9
1488.72 1 3 1 1 0 3 1 3 46 9
1489.64 1 3 1 1 0 4 1 4 46 8
1490.44 1 3 1 1 0 5 1 5 46 7
1493.55 1 3 2 2 0 4 1 5 46 7
1493.69 1 3 2 2 0 3 1 4 46 8
1494.73 1 2 2 2 0 3 0 4 47 8
1496.54 1 2 1 1 0 4 0 4 47 8
1503.97 1 2 1 1 0 5 0 5 47 7
1507.1 1 2 1 1 0 4 0 4 47 8
1507.86 1 2 1 1 0 3 0 3 47 9
1512.87 1 2 2 2 0 2 0 3 47 9
1517.18 1 2 2 2 0 3 0 4 47 8
1517.98 1 2 2 2 0 4 0 5 47 7
1524.81 1 2 2 2 0 5 0 6 47 6
1527.33 1 2 2 2 0 6 0 7 47 5
1527.35 1 2 2 2 0 5 0 6 47 6
1534.76 1 3 2 2 1 5 0 5 47 6
1536.41 1 4 2 2 2 5 0 4 47 6
1536.98 1 4 3 3 2 4 0 4 47 6
1538.78 2 5 3 3 1 4 0 4 47 6
1543.5 1 4 3 3 2 4 0 4 47 6
1543.74 2 5 3 3 1 4 0 4 47 6
1547.72 2 5 3 3 1 5 0 5 47 5
1549.57 2 5 3 3 1 4 0 4 47 6
1551.09 1 4 3 3 2 4 0 4 47 6
1552.03 1 4 4 4 2 3 0 4 47 6
1553.45 1 4 4 4 2 4 0 5 47 5
1555.5 1 4 4 4 1 3 1 5 47 5
1556.1 1 3 4 4 1 3 0 5 48 5
1560.47 1 3 3 3 1 4 0 5 48 5
1563.82 1 3 2 2 1 5 0 5 48 5
1565.08 1 3 2 2 1 4 0 4 48 6
1565.44 1 3 2 2 1 5 0 5 48 5
1573.09 1 3 2 2 1 4 0 4 48 6
1573.99 1 3 2 2 1 3 0 3 48 7
1577.74 1 3 2 2 1 4 0 4 48 6
1579.44 1 3 2 2 0 3 1 4 48 6
1581.9 1 4 2 2 1 3 1 3 48 6
1587.31 1 4 2 2 1 4 1 4 48 5
1593.66 2 5 2 2 0 4 1 4 48 5
1593.87 2 5 3 3 0 3 1 4 48 5
1596.6 2 4 3 3 0 3 0 4 49 5
1598.02 2 4 4 4 0 2 0 4 49 5
1599.17 2 4 3 3 0 3 0 4 49 5
1599.2 2 5 3 3 1 3 0 3 49 5
1601.51 2 5 2 2 1 4 0 3 49 5
1601.75 2 5 2 2 1 5 0 4 49 4
1603.41 2 5 3 3 1 4 0 4 49 4
1603.56 2 5 3 3 1 3 0 3 49 5
1605.97 3 6 3 3 0 3 0 3 49 5
1606.26 3 6 3 3 0 2 0 2 49 6
1608.65 3 6 2 2 0 3 0 2 49 6
1609.22 3 6 2 2 0 4 0 3 49 5
1617.06 3 6 2 2 0 5 0 4 49 4
1617.93 2 5 2 2 1 5 0 4 49 4
1619.13 2 5 2 2 1 4 0 3 49 5
1619.72 2 5 2 2 1 5 0 4 49 4
1619.74 2 5 2 2 1 4 0 3 49 5
1621.41 3 6 2 2 0 4 0 3 49 5
1622.22 3 6 2 2 0 3 0 2 49 6
1624.73 2 5 2 2 1 3 0 2 49 6
1625.74 2 5 2 2 0 2 1 2 49 6
1635.44 1 4 2 2 1 2 1 2 49 6
1643.01 1 4 2 2 1 3 1 3 49 5
1644.35 1 4 2 2 1 2 1 2 49 6
1645.91 2 5 2 2 0 2 1 2 49 6
1652.84 1 4 2 2 1 2 1 2 49 6
1653.13 1 4 2 2 1 3 1 3 49 5
1653.36 1 4 2 2 1 4 1 4 49 4
1653.61 1 4 2 2 1 3 1 3 49 5
1661.05 1 4 2 2 1 2 1 2 49 6
1666.6 1 4 2 2 1 3 1 3 49 5
1669.56 1 4 2 2 0 2 2 3 49 5
1674.33 1 4 2 2 0 3 2 4 49 4
1674.96 1 4 2 2 0 4 2 5 49 3
1677.54 1 3 2 2 0 4 1 5 50 3
1684.35 0 2 2 2 1 4 1 5 50 3
1685.87 0 2 2 2 0 3 2 5 50 3
1691.28 0 2 2 2 1 4 1 5 50 3
1696.63 0 3 2 2 2 4 1 4 50 3
1701.65 0 3 3 3 2 3 1 4 50 3
1704.36 0 3 3 3 1 2 2 4 50 3
1705.08 0 2 3 3 1 2 1 4 51 3
1710.76 0 3 3 3 1 2 2 4 50 3
1715.51 0 3 2 2 1 3 2 4 50 3
1719.06 0 2 2 2 0 3 2 5 50 3
1721.02 0 2 2 2 0 2 2 4 50 4
1729.3 0 2 2 2 0 3 2 5 50 3
1730.76 0 2 2 2 0 2 2 4 50 4
1731.92 0 2 2 2 0 1 2 3 50 5
1737.1 0 2 1 1 0 2 2 3 50 5
1738.95 0 2 2 2 0 1 2 3 50 5
1748.35 0 1 2 2 0 1 1 3 51 5
1751.49 0 1 3 3 0 0 1 3 51 5
1752.21 0 1 3 3 0 1 1 4 51 4
1760.88 0 1 3 3 0 2 1 5 51 3
1763.98 0 1 3 3 0 1 1 4 51 4
1770.6 0 1 2 2 0 2 1 4 51 4
1772.12 0 1 2 2 0 1 1 3 51 5
1772.57 0 1 2 2 0 2 1 4 51 4
1775.69 0 1 2 2 0 1 1 3 51 5
1784.96 0 1 1 1 0 2 1 3 51 5
1786.91 0 1 1 1 0 1 1 2 51 6
1787.29 0 2 1 1 0 1 2 2 50 6
1789.38 0 2 1 1 0 2 2 3 50 5
1790.55 0 2 0 0 0 3 2 3 50 5
1791.54 0 2 1 1 0 2 2 3 50 5
1795.22 0 2 1 1 0 3 2 4 50 4
1796.72 0 2 0 0 0 4 2 4 50 4
1801.23 0 2 1 1 0 3 2 4 50 4
1802.54 0 2 1 1 0 2 2 3 50 5
1805.43 0 1 1 1 0 2 1 3 51 5
1806.09 0 1 1 1 0 3 1 4 51 4
1810.4 0 2 1 1 0 3 2 4 50 4
1816.91 0 2 1 1 0 2 2 3 50 5
1820.06 0 3 1 1 1 2 2 2 50 5
1822.81 0 4 1 1 2 2 2 1 50 5
1823.85 0 3 1 1 2 2 1 1 51 5
1844.26 0 4 1 1 2 2 2 1 50 5
1846.41 0 4 1 1 3 3 1 1 50 5
1849.19 0 3 1 1 2 3 1 2 50 5
1850.25 0 2 1 1 2 3 0 2 51 5
1851.34 0 1 1 1 1 3 0 3 51 5
1861.34 1 2 1 1 0 3 0 3 51 5
1868.87 1 2 1 1 0 2 0 2 51 6
1869.13 1 2 1 1 0 3 0 3 51 5
1870.39 1 2 2 2 0 2 0 3 51 5
1886.33 1 3 2 2 1 2 0 2 51 5
1891.81 1 3 2 2 1 1 0 1 51 6
1898.61 2 4 2 2 0 1 0 1 51 6
1900.54 2 4 2 2 0 2 0 2 51 5
1909.88 1 3 2 2 1 2 0 2 51 5
1913.27 1 3 2 2 1 3 0 3 51 4
1916.87 1 3 2 2 1 2 0 2 51 5
1919.64 1 3 2 2 1 3 0 3 51 4
1926.66 1 3 2 2 1 4 0 4 51 3
1931.98 1 4 2 2 2 4 0 3 51 3
1943.97 1 5 2 2 3 4 0 2 51 3
1955.17 1 5 1 1 3 5 0 2 51 3
1957.72 1 5 1 1 2 4 1 2 51 3
1959.81 1 4 1 1 2 4 0 2 52 3
1967.06 1 4 1 1 1 3 1 2 52 3
1968.15 1 4 0 0 1 4 1 2 52 3
1968.81 1 4 0 0 1 5 1 3 52 2
1970.7 0 3 0 0 2 5 1 3 52 2
1972.88 0 2 0 0 2 5 0 3 53 2
1973.57 0 2 0 0 2 4 0 2 53 3
1977.48 0 1 0 0 1 4 0 3 53 3
1981.31 0 2 0 0 1 4 1 3 52 3
1982.83 0 2 0 0 1 5 1 4 52 2
1984.62 0 3 0 0 1 5 2 4 51 2
1985.41 0 3 1 1 1 4 2 4 51 2
1986.79 0 3 2 2 1 3 2 4 51 2
1988.51 1 4 2 2 0 3 2 4 51 2
1989.1 1 5 2 2 1 3 2 3 51 2
1989.65 1 4 2 2 1 3 1 3 52 2
1996.67 1 5 2 2 2 3 1 2 52 2
1998.83 1 6 2 2 2 3 2 2 51 2
2009.61 1 5 2 2 2 3 1 2 52 2
2010.07 1 4 2 2 1 3 1 3 52 2
2013.73 1 3 2 2 1 3 0 3 53 2
2015.14 1 3 1 1 1 4 0 3 53 2
2015.88 0 2 1 1 2 4 0 3 53 2
2019.56 0 2 1 1 1 3 1 3 53 2
2021.1 0 2 1 1 1 4 1 4 53 1
2030.69 0 2 1 1 1 3 1 3 53 2
2031.95 0 3 1 1 2 3 1 2 53 2
2032.32 0 2 1 1 1 3 1 3 53 2
2034.96 0 2 1 1 1 2 1 2 53 3
2035.11 0 2 1 1 1 1 1 1 53 4
2042.15 0 2 1 1 1 2 1 2 53 3
2044.65 1 3 1 1 0 2 1 2 53 3
2046.88 0 2 1 1 1 2 1 2 53 3
2053.51 0 3 1 1 1 2 2 2 52 3
2058.37 0 2 1 1 1 2 1 2 53 3
2066.96 0 3 1 1 1 2 2 2 52 3
2071.04 0 3 1 1 1 3 2 3 52 2
2072.14 0 2 1 1 1 3 1 3 53 2
2072.62 0 2 1 1 0 2 2 3 53 2
2078.13 0 2 1 1 1 3 1 3 53 2
2095.75 0 2 1 1 1 2 1 2 53 3
2096.87 0 3 1 1 2 2 1 1 53 3
2103.39 0 3 1 1 3 3 0 1 53 3
2111.08 0 3 2 2 3 2 0 1 53 3
2117.27 0 3 1 1 3 3 0 1 53 3
2124.77 1 4 1 1 2 3 0 1 53 3
2125.32 1 4 2 2 2 2 0 1 53 3
2125.55 1 4 2 2 2 1 0 0 53 4
2126.52 1 4 1 1 2 2 0 0 53 4
2133.05 0 3 1 1 3 2 0 0 53 4
2137.43 0 2 1 1 2 2 0 1 53 4
2138.77 0 3 1 1 3 2 0 0 53 4
2143.92 1 4 1 1 2 2 0 0 53 4
2144.24 1 4 1 1 1 1 1 0 53 4
2147.31 1 3 1 1 1 1 0 0 54 4
2149.13 1 4 1 1 1 1 1 0 53 4
2150.67 2 5 1 1 0 1 1 0 53 4
2156.51 2 5 1 1 0 2 1 1 53 3
2162.41 2 4 1 1 0 2 0 1 54 3
2164.51 2 4 1 1 0 1 0 0 54 4
2169.34 2 4 1 1 0 2 0 1 54 3
2169.6 1 3 1 1 1 2 0 1 54 3
2172.92 1 3 1 1 1 3 0 2 54 2
2173.47 1 3 1 1 1 2 0 1 54 3
2185.45 0 2 1 1 2 2 0 1 54 3
2189.36 1 3 1 1 1 2 0 1 54 3
2193.18 1 3 1 1 0 1 1 1 54 3
2205.2 1 3 1 1 0 2 1 2 54 2
2207.2 0 2 1 1 1 2 1 2 54 2
2207.39 0 1 1 1 0 2 1 3 54 2
2213.06 0 2 1 1 1 2 1 2 54 2
2214.16 0 1 1 1 1 2 0 2 55 2
2222.19 0 0 1 1 0 2 0 3 55 2
2237.4 0 1 1 1 0 2 1 3 54 2
2241.32 0 1 1 1 0 3 1 4 54 1
2261.29 0 0 1 1 0 3 0 4 55 1
2263.56 0 0 1 1 0 4 0 5 55 0
2267.14 0 0 1 1 0 3 0 4 55 1
2267.84 0 0 1 1 0 2 0 3 55 2
2272.04 0 0 1 1 0 3 0 4 55 1
2276.96 0 0 0 0 0 4 0 4 55 1
2280.53 0 1 0 0 1 4 0 3 55 1
2286.52 0 1 1 1 1 3 0 3 55 1
2288.34 0 1 1 1 1 4 0 4 55 0
2289.34 1 2 1 1 0 4 0 4 55 0
2295.71 1 2 1 1 0 3 0 3 55 1
2301.28 0 1 1 1 1 3 0 3 55 1
2306.45 0 1 2 2 1 2 0 3 55 1
2315.39 0 1 2 2 1 1 0 2 55 2
2325.18 0 2 2 2 2 1 0 1 55 2
2332.16 0 1 2 2 1 1 0 2 55 2
2333.79 0 1 2 2 1 2 0 3 55 1
2341.57 0 1 2 2 0 1 1 3 55 1
2356.13 0 1 1 1 0 2 1 3 55 1
2361.38 0 2 1 1 1 2 1 2 55 1
2375.11 0 3 1 1 2 2 1 1 55 1
2376.66 1 4 1 1 1 2 1 1 55 1
2377.93 1 4 1 1 1 3 1 2 55 0
2384.57 1 4 1 1 1 2 1 1 55 1
2384.85 1 4 1 1 1 3 1 2 55 0
2393.48 1 4 1 1 0 2 2 2 55 0
2403.26 1 3 1 1 0 2 1 2 56 0
2413.84 1 3 1 1 0 1 1 1 56 1
2429.08 1 2 1 1 0 1 0 1 57 1
2429.31 1 2 2 2 0 0 0 1 57 1
2450.83 1 2 1 1 0 1 0 1 57 1
2455.83 1 2 1 1 0 2 0 2 57 0
2470.07 1 3 1 1 1 2 0 1 57 0
2484.4 1 2 1 1 0 2 0 2 57 0
2524.86 1 2 2 2 0 1 0 2 57 0
2549.42 0 1 2 2 1 1 0 2 57 0
2555.2 0 2 2 2 1 1 1 2 56 0
2557.9 0 1 2 2 1 1 0 2 57 0
2559.96 0 2 2 2 2 1 0 1 57 0
2561.96 1 3 2 2 1 1 0 1 57 0
2563.11 1 4 2 2 1 1 1 1 56 0
2563.66 0 3 2 2 2 1 1 1 56 0
2568.83 0 3 1 1 2 2 1 1 56 0
2572.14 1 4 1 1 1 2 1 1 56 0
2575.33 1 3 1 1 0 2 1 2 56 0
2575.46 1 3 1 1 1 3 0 2 56 0
2576.69 2 4 1 1 0 3 0 2 56 0
2579.13 1 3 1 1 1 3 0 2 56 0
2582.12 1 3 2 2 1 2 0 2 56 0
2587.27 1 3 2 2 1 1 0 1 56 1
2593.07 1 2 2 2 0 1 0 2 56 1
2596.18 1 2 2 2 0 2 0 3 56 0
2604.93 1 2 2 2 0 1 0 2 56 1
2619.37 0 1 2 2 1 1 0 2 56 1
2629.71 0 1 2 2 1 2 0 3 56 0
2631.21 0 1 1 1 1 3 0 3 56 0
2632.41 0 1 2 2 1 2 0 3 56 0
2644.65 0 1 2 2 0 1 1 3 56 0
2646.5 0 2 2 2 0 1 2 3 55 0
2648.6 0 1 2 2 0 1 1 3 56 0
2664.29 0 2 2 2 0 1 2 3 55 0
2682.94 0 3 2 2 1 1 2 2 55 0
2688.17 0 3 3 3 1 0 2 2 55 0
2688.38 0 4 3 3 2 0 2 1 55 0
2691.01 0 3 3 3 2 0 1 1 56 0
2694.36 0 4 3 3 2 0 2 1 55 0
2695.21 0 4 2 2 2 1 2 1 55 0
2695.91 0 4 1 1 2 2 2 1 55 0
2698.1 0 4 0 0 2 3 2 1 55 0
2706.05 0 4 1 1 2 2 2 1 55 0
2706.23 0 5 1 1 2 2 3 1 54 0
2706.44 1 6 1 1 1 2 3 1 54 0
2708.24 0 5 1 1 2 2 3 1 54 0
2708.47 0 4 1 1 2 2 2 1 55 0
2709.92 1 5 1 1 1 2 2 1 55 0
2711.24 1 5 1 1 2 3 1 1 55 0
2714.36 2 6 1 1 1 3 1 1 55 0
2715.09 3 7 1 1 0 3 1 1 55 0
2717.36 3 7 1 1 0 2 1 0 55 1
2718.6 2 6 1 1 1 2 1 0 55 1
2726.95 1 5 1 1 2 2 1 0 55 1
2727.06 1 6 1 1 2 2 2 0 54 1
2729.41 2 7 1 1 1 2 2 0 54 1
2729.41 1 6 1 1 2 2 2 0 54 1
2729.9 0 5 1 1 3 2 2 0 54 1
2730.32 1 6 1 1 2 2 2 0 54 1
2744.63 2 7 1 1 1 2 2 0 54 1
2746.32 2 6 1 1 1 2 1 0 55 1
2746.88 2 5 1 1 1 2 0 0 56 1
2747.25 2 4 1 1 0 2 0 1 56 1
2760.37 2 4 2 2 0 1 0 1 56 1
2766.27 2 4 1 1 0 2 0 1 56 1
2772.2 1 3 1 1 1 2 0 1 56 1
2779.37 1 3 1 1 1 3 0 2 56 0
2814.91 0 2 1 1 2 3 0 2 56 0
2814.92 0 2 1 1 1 2 1 2 56 0
2822.8 0 3 1 1 2 2 1 1 56 0
2839.65 1 4 1 1 1 2 1 1 56 0
2840.91 0 3 1 1 2 2 1 1 56 0
2842.09 1 4 1 1 1 2 1 1 56 0
2852.05 2 5 1 1 0 2 1 1 56 0
2856.52 1 4 1 1 1 2 1 1 56 0
2860.47 0 3 1 1 2 2 1 1 56 0
2862.07 0 2 1 1 1 2 1 2 56 0
2866.62 0 2 2 2 1 1 1 2 56 0
2867.25 1 3 2 2 0 1 1 2 56 0
2875.65 1 3 1 1 0 2 1 2 56 0
2886.51 1 4 1 1 0 2 2 2 55 0
2889.52 1 4 1 1 0 1 2 1 55 1
2891.62 1 3 1 1 0 1 1 1 56 1
2895.92 1 4 1 1 0 1 2 1 55 1
2898.27 1 4 1 1 0 2 2 2 55 0
2900.31 1 4 2 2 0 1 2 2 55 0
2902.45 1 3 2 2 0 1 1 2 56 0
2904.39 1 2 2 2 0 1 0 2 57 0
2924.77 1 3 2 2 1 1 0 1 57 0
2938.93 1 3 2 2 1 0 0 0 57 1
2958.77 2 4 2 2 0 0 0 0 57 1
2963.37 2 5 2 2 0 0 1 0 56 1
2963.57 1 4 2 2 1 0 1 0 56 1
2967.83 1 5 2 2 1 0 2 0 55 1
2969.17 2 6 2 2 0 0 2 0 55 1
2975.41 2 6 2 2 0 1 2 1 55 0
2977.66 2 5 2 2 0 1 1 1 56 0
2981.16 1 4 2 2 1 1 1 1 56 0
2986.63 0 3 2 2 2 1 1 1 56 0
2986.68 0 3 1 1 2 2 1 1 56 0
2986.68 0 3 1 1 2 2 1 1 56 0
