0 60 120 60 60 0 0 0 0 0 0
0.00388552 60 120 59 59 0 1 0 0 0 0
0.00716573 60 120 58 58 0 2 0 0 0 0
0.0157267 59 119 58 58 1 2 0 0 0 0
0.037635 58 118 58 58 2 2 0 0 0 0
0.0450171 58 118 57 57 2 3 0 0 0 0
0.0471586 58 118 56 56 2 4 0 0 0 0
0.0692467 58 118 55 55 2 5 0 0 0 0
0.0901398 57 117 55 55 3 5 0 0 0 0
0.0938064 57 117 54 54 3 6 0 0 0 0
0.106604 57 117 53 53 3 7 0 0 0 0
0.112058 57 117 52 52 3 8 0 0 0 0
0.112878 57 117 51 51 3 9 0 0 0 0
0.129327 57 117 50 50 3 10 0 0 0 0
0.150917 56 116 50 50 4 10 0 0 0 0
0.193337 55 115 50 50 5 10 0 0 0 0
0.205932 55 115 49 49 5 11 0 0 0 0
0.241732 54 114 49 49 6 11 0 0 0 0
0.248193 53 113 49 49 7 11 0 0 0 0
0.260633 53 113 48 48 7 12 0 0 0 0
0.26182 52 112 48 48 8 12 0 0 0 0
0.26807 52 112 47 47 8 13 0 0 0 0
0.270375 52 112 46 46 8 14 0 0 0 0
0.28181 51 111 46 46 9 14 0 0 0 0
0.30896 50 110 46 46 10 14 0 0 0 0
0.359776 49 109 46 46 11 14 0 0 0 0
0.360302 49 109 45 45 11 15 0 0 0 0
0.380528 49 108 45 45 10 15 0 1 0 0
0.387312 48 107 45 45 11 15 0 1 0 0
0.39469 48 106 45 45 10 15 0 2 0 0
0.400409 48 106 44 44 10 16 0 2 0 0
0.431495 47 105 44 44 11 16 0 2 0 0
0.444016 46 104 44 44 12 16 0 2 0 0
0.463324 45 103 44 44 13 16 0 2 0 0
0.466231 45 103 43 43 13 17 0 2 0 0
0.467119 45 103 42 42 13 18 0 2 0 0
0.472043 45 103 41 41 13 19 0 2 0 0
0.482787 45 103 40 40 13 20 0 2 0 0
0.496388 44 102 40 40 14 20 0 2 0 0
0.503122 44 102 39 39 14 21 0 2 0 0
0.527548 44 102 38 38 14 22 0 2 0 0
0.556352 43 101 38 38 15 22 0 2 0 0
0.571428 42 100 38 38 16 22 0 2 0 0
0.608331 41 99 38 38 17 22 0 2 0 0
0.656276 41 99 38 38 16 21 1 2 0 0
0.656828 41 99 38 38 15 20 2 2 0 0
0.6714 40 98 38 38 16 20 2 2 0 0
0.673188 40 97 38 38 15 20 2 3 0 0
0.692204 39 96 38 38 16 20 2 3 0 0
0.749548 38 95 38 38 17 20 2 3 0 0
0.749934 38 96 38 38 18 20 2 2 0 0
0.750354 38 96 38 38 17 19 3 2 0 0
0.759725 38 96 37 37 17 20 3 2 0 0
0.780056 37 95 37 37 18 20 3 2 0 0
0.792073 36 94 37 37 19 20 3 2 0 0
0.798745 36 93 37 37 18 20 3 3 0 0
0.804358 36 92 37 37 17 20 3 4 0 0
0.889909 35 91 37 37 18 20 3 4 0 0
0.908828 34 90 37 37 19 20 3 4 0 0
0.934702 34 90 36 36 19 21 3 4 0 0
0.936524 33 89 36 36 20 21 3 4 0 0
0.96533 32 88 36 36 21 21 3 4 0 0
0.98562 31 87 36 36 22 21 3 4 0 0
1.01087 31 86 36 36 21 21 3 5 0 0
1.03128 30 85 36 36 22 21 3 5 0 0
1.03221 29 84 36 36 23 21 3 5 0 0
1.05499 29 83 36 36 22 21 3 6 0 0
1.10619 29 82 36 36 21 21 3 7 0 0
1.12401 29 82 35 35 21 22 3 7 0 0
1.20093 30 83 35 35 20 22 3 7 0 0
1.21778 30 82 35 35 19 22 3 8 0 0
1.22345 29 81 35 35 20 22 3 8 0 0
1.23328 29 80 35 35 19 22 3 9 0 0
1.25403 28 79 35 35 20 22 3 9 0 0
1.2554 28 78 35 35 20 22 2 9 1 0
1.27152 28 77 35 35 19 22 2 10 1 0
1.27276 28 76 35 35 18 22 2 11 1 0
1.31009 27 75 35 35 19 22 2 11 1 0
1.31211 27 75 34 34 19 23 2 11 1 0
1.37834 26 74 34 34 20 23 2 11 1 0
1.38159 25 73 34 34 21 23 2 11 1 0
1.39179 24 72 34 34 22 23 2 11 1 0
1.3926 24 71 34 34 21 23 2 12 1 0
1.43652 24 71 33 33 21 24 2 12 1 0
1.4773 23 70 33 33 22 24 2 12 1 0
1.50118 23 69 33 33 21 24 2 13 1 0
1.50199 22 68 33 33 22 24 2 13 1 0
1.50422 22 67 33 33 22 24 1 13 2 0
1.50441 22 67 32 32 22 25 1 13 2 0
1.51568 22 67 32 32 22 24 1 12 2 1
1.6102 21 66 32 32 23 24 1 12 2 1
1.61685 22 67 32 32 22 24 1 12 2 1
1.6181 21 66 32 32 23 24 1 12 2 1
1.65138 21 65 32 32 22 24 1 13 2 1
1.6688 21 65 31 31 22 25 1 13 2 1
1.71836 21 65 30 30 22 26 1 13 2 1
1.74381 21 64 30 30 21 26 1 14 2 1
1.75602 21 64 29 29 21 27 1 14 2 1
1.76967 21 63 29 29 20 27 1 15 2 1
1.77579 21 62 29 29 19 27 1 16 2 1
1.85178 20 61 29 29 20 27 1 16 2 1
1.87064 19 60 29 29 21 27 1 16 2 1
1.89777 19 60 29 29 20 26 2 16 2 1
1.90989 19 60 28 28 20 27 2 16 2 1
1.9164 19 60 27 27 20 28 2 16 2 1
1.94994 19 59 27 27 19 28 2 17 2 1
1.96972 18 58 27 27 20 28 2 17 2 1
1.97525 18 58 27 27 19 27 3 17 2 1
2.03306 17 57 27 27 20 27 3 17 2 1
2.06512 17 56 27 27 19 27 3 18 2 1
2.08531 17 55 27 27 19 27 2 18 3 1
2.14657 17 56 27 27 20 27 2 17 3 1
2.17441 17 56 27 27 20 26 2 16 3 2
2.20789 16 55 27 27 21 26 2 16 3 2
2.21953 15 54 27 27 22 26 2 16 3 2
2.22074 15 53 27 27 21 26 2 17 3 2
2.24977 15 53 27 27 20 25 3 17 3 2
2.25423 15 53 27 27 20 24 3 16 3 3
2.43348 15 52 27 27 20 24 2 16 4 3
2.47797 15 51 27 27 19 24 2 17 4 3
2.48001 15 50 27 27 18 24 2 18 4 3
2.49526 15 50 27 27 17 23 3 18 4 3
2.50182 15 50 27 27 16 22 4 18 4 3
2.65394 14 49 27 27 17 22 4 18 4 3
2.66839 14 49 26 26 17 23 4 18 4 3
2.67845 14 49 25 25 17 24 4 18 4 3
2.85033 15 50 25 25 16 24 4 18 4 3
2.90529 15 50 25 25 15 23 5 18 4 3
2.91294 15 49 25 25 14 23 5 19 4 3
2.93737 15 48 25 25 14 23 4 19 5 3
2.94211 15 48 25 25 13 22 5 19 5 3
2.9864 15 48 24 24 13 23 5 19 5 3
3.10806 15 48 23 23 13 24 5 19 5 3
3.17188 14 47 23 23 14 24 5 19 5 3
3.17893 14 46 23 23 14 24 4 19 6 3
3.1831 14 46 23 23 14 23 4 18 6 4
3.24677 14 45 23 23 13 23 4 19 6 4
3.30464 13 44 23 23 14 23 4 19 6 4
3.40079 13 44 22 22 14 24 4 19 6 4
3.48898 13 44 22 22 14 23 4 18 6 5
3.50203 14 45 22 22 13 23 4 18 6 5
3.60071 14 45 22 22 13 22 4 17 6 6
3.6031 14 45 21 21 13 23 4 17 6 6
3.67208 14 44 21 21 12 23 4 18 6 6
3.79175 14 44 21 21 12 22 4 17 6 7
3.84908 13 43 21 21 13 22 4 17 6 7
3.89981 13 42 21 21 12 22 4 18 6 7
3.95602 13 42 21 21 11 21 5 18 6 7
4.15485 13 41 21 21 10 21 5 19 6 7
4.18886 13 41 21 21 10 20 5 18 6 8
4.28012 13 41 21 21 9 19 6 18 6 8
4.30181 13 41 21 21 8 18 7 18 6 8
4.44849 12 40 21 21 9 18 7 18 6 8
4.47645 12 40 20 20 9 19 7 18 6 8
4.53844 12 40 20 20 9 18 7 17 6 9
4.67486 11 39 20 20 10 18 7 17 6 9
4.68892 11 39 19 19 10 19 7 17 6 9
4.69055 11 38 19 19 9 19 7 18 6 9
4.71332 11 38 18 18 9 20 7 18 6 9
4.75352 11 38 18 18 9 19 7 17 6 10
4.90834 11 38 18 18 9 18 7 16 6 11
4.91951 11 37 18 18 9 18 6 16 7 11
4.94829 11 37 17 17 9 19 6 16 7 11
5.25137 11 36 17 17 8 19 6 17 7 11
5.2606 11 35 17 17 8 19 5 17 8 11
5.29971 10 34 17 17 9 19 5 17 8 11
5.50074 10 34 16 16 9 20 5 17 8 11
5.53785 9 33 16 16 10 20 5 17 8 11
5.62014 9 33 15 15 10 21 5 17 8 11
5.68595 9 33 15 15 10 20 5 16 8 12
5.86076 9 32 15 15 9 20 5 17 8 12
5.86596 10 33 15 15 8 20 5 17 8 12
5.87732 10 33 15 15 8 19 5 16 8 13
5.90777 10 32 15 15 7 19 5 17 8 13
6.07241 10 32 14 14 7 20 5 17 8 13
6.14928 10 32 13 13 7 21 5 17 8 13
6.29419 10 32 12 12 7 22 5 17 8 13
6.31225 10 32 12 12 7 21 5 16 8 14
6.37076 10 32 12 12 7 20 5 15 8 15
6.41727 10 31 12 12 7 20 4 15 9 15
6.50347 10 31 11 11 7 21 4 15 9 15
6.56313 10 30 11 11 7 21 3 15 10 15
6.62031 9 29 11 11 8 21 3 15 10 15
6.65514 9 30 11 11 9 21 3 14 10 15
6.72741 8 29 11 11 10 21 3 14 10 15
6.75951 8 28 11 11 9 21 3 15 10 15
6.78695 8 28 11 11 9 20 3 14 10 16
6.84755 8 27 11 11 8 20 3 15 10 16
6.90736 8 27 11 11 7 19 4 15 10 16
7.07025 8 27 11 11 7 18 4 14 10 17
7.13665 8 27 11 11 7 17 4 13 10 18
7.47418 8 27 11 11 7 16 4 12 10 19
8.00672 8 27 11 11 7 15 4 11 10 20
8.05299 8 26 11 11 6 15 4 12 10 20
8.0949 8 26 10 10 6 16 4 12 10 20
8.69661 7 25 10 10 7 16 4 12 10 20
8.7695 7 24 10 10 6 16 4 13 10 20
8.81819 7 24 9 9 6 17 4 13 10 20
8.85298 7 23 9 9 6 17 3 13 11 20
9.1305 7 23 9 9 5 16 4 13 11 20
9.20358 7 23 10 10 5 15 4 13 11 20
9.21207 7 22 10 10 5 15 3 13 12 20
9.30058 7 21 10 10 4 15 3 14 12 20
9.74357 7 21 9 9 4 16 3 14 12 20
9.77371 7 21 9 9 3 15 4 14 12 20
9.77453 7 20 9 9 3 15 3 14 13 20
10.3116 6 19 9 9 4 15 3 14 13 20
10.5866 5 18 9 9 5 15 3 14 13 20
10.5905 5 18 9 9 5 16 3 15 13 19
10.669 5 18 9 9 5 15 3 14 13 20
10.8895 5 18 9 9 5 14 3 13 13 21
10.9043 5 18 9 9 5 15 3 14 13 20
11.1698 5 18 9 9 5 14 3 13 13 21
11.5579 4 17 9 9 6 14 3 13 13 21
12.0006 4 17 9 9 5 13 4 13 13 21
12.2186 4 17 9 9 5 12 4 12 13 22
12.5293 4 17 9 9 4 11 5 12 13 22
12.9202 4 17 10 10 4 10 5 12 13 22
12.9539 4 17 9 9 4 11 5 12 13 22
13.5471 4 17 9 9 4 10 5 11 13 23
13.6562 3 16 9 9 5 10 5 11 13 23
14.1253 3 16 9 9 5 9 5 10 13 24
14.6292 3 15 9 9 5 9 4 10 14 24
14.686 3 15 8 8 5 10 4 10 14 24
14.9481 3 14 8 8 4 10 4 11 14 24
14.9884 3 14 8 8 4 9 4 10 14 25
15.5617 4 15 8 8 3 9 4 10 14 25
15.6768 4 14 8 8 3 9 3 10 15 25
15.9347 4 15 8 8 4 9 3 9 15 25
16.1511 4 14 8 8 3 9 3 10 15 25
16.6883 4 14 8 8 3 10 3 11 15 24
17.0051 4 13 8 8 2 10 3 12 15 24
17.5124 4 13 8 8 2 9 3 11 15 25
17.885 3 12 8 8 3 9 3 11 15 25
17.9278 3 11 8 8 2 9 3 12 15 25
18.0012 3 11 8 8 2 8 3 11 15 26
18.2528 3 11 8 8 2 9 3 12 15 25
18.7429 3 11 8 8 2 8 3 11 15 26
19.097 3 11 7 7 2 9 3 11 15 26
19.1642 3 12 7 7 3 9 3 10 15 26
19.3671 3 12 7 7 3 8 3 9 15 27
19.5914 4 13 7 7 2 8 3 9 15 27
19.8486 4 13 6 6 2 9 3 9 15 27
20.4865 3 12 6 6 3 9 3 9 15 27
21.2646 3 12 6 6 3 8 3 8 15 28
21.478 3 11 6 6 3 8 2 8 16 28
21.6953 2 10 6 6 4 8 2 8 16 28
21.7709 2 10 6 6 4 9 2 9 16 27
22.0045 2 10 6 6 3 8 3 9 16 27
22.0197 2 10 6 6 3 7 3 8 16 28
22.2234 2 11 6 6 4 7 3 7 16 28
23.899 2 11 6 6 3 6 4 7 16 28
24.0192 2 10 6 6 3 6 3 7 17 28
24.0637 2 10 5 5 3 7 3 7 17 28
24.5466 2 11 5 5 4 7 3 6 17 28
26.0832 1 10 5 5 5 7 3 6 17 28
26.4417 1 10 5 5 5 6 3 5 17 29
26.5758 1 10 4 4 5 7 3 5 17 29
26.6187 0 9 4 4 6 7 3 5 17 29
28.1921 0 9 4 4 5 6 4 5 17 29
28.3717 1 10 4 4 4 6 4 5 17 29
28.843 1 9 4 4 4 6 3 5 18 29
29.09 1 8 4 4 4 6 2 5 19 29
30.0791 1 7 4 4 4 6 1 5 20 29
30.5653 1 7 4 4 3 5 2 5 20 29
30.7967 1 7 4 4 2 4 3 5 20 29
35.6215 1 7 4 4 2 5 3 6 20 28
36.352 1 7 4 4 2 6 3 7 20 27
38.1194 1 6 4 4 1 6 3 8 20 27
41.7123 1 6 4 4 1 5 3 7 20 28
43.6921 1 6 3 3 1 6 3 7 20 28
44.2467 1 6 3 3 2 7 2 7 20 28
44.5275 1 6 3 3 2 6 2 6 20 29
44.9016 1 7 3 3 3 6 2 5 20 29
45.8278 1 7 3 3 3 7 2 6 20 28
46.085 1 7 2 2 3 8 2 6 20 28
46.7705 1 7 2 2 2 7 3 6 20 28
47.4343 1 7 2 2 1 6 4 6 20 28
48.1056 1 8 2 2 2 6 4 5 20 28
48.9755 1 8 2 2 2 7 4 6 20 27
49.0693 1 8 2 2 1 6 5 6 20 27
50.4656 1 8 2 2 1 7 5 7 20 26
50.5661 1 8 2 2 1 6 5 6 20 27
50.8752 1 8 2 2 1 7 5 7 20 26
50.939 1 8 2 2 2 8 4 7 20 26
51.4331 0 7 2 2 3 8 4 7 20 26
51.622 0 7 1 1 3 9 4 7 20 26
51.9211 0 7 1 1 3 8 4 6 20 27
52.7229 0 6 1 1 2 8 4 7 20 27
54.6484 0 6 2 2 2 7 4 7 20 27
54.6621 0 6 2 2 2 8 4 8 20 26
54.9214 0 6 2 2 2 7 4 7 20 27
54.9704 0 5 2 2 2 7 3 7 21 27
55.67 0 5 2 2 2 6 3 6 21 28
55.8797 0 5 2 2 2 7 3 7 21 27
56.6841 0 6 2 2 3 7 3 6 21 27
56.8029 0 6 2 2 3 6 3 5 21 28
57.301 0 6 2 2 3 7 3 6 21 27
58.8329 0 5 2 2 2 7 3 7 21 27
59.1302 0 5 2 2 1 6 4 7 21 27
59.1935 0 4 2 2 1 6 3 7 22 27
61.6766 0 4 2 2 1 7 3 8 22 26
63.155 0 4 2 2 1 8 3 9 22 25
64.7176 0 4 2 2 1 7 3 8 22 26
64.7287 0 4 2 2 1 6 3 7 22 27
66.6164 0 4 2 2 1 7 3 8 22 26
72.1302 0 4 2 2 1 8 3 9 22 25
72.9966 0 4 2 2 1 9 3 10 22 24
73.0182 0 5 2 2 2 9 3 9 22 24
73.7551 0 6 2 2 3 9 3 8 22 24
74.1554 0 6 3 3 3 8 3 8 22 24
74.7025 0 6 3 3 3 7 3 7 22 25
75.6451 0 6 2 2 3 8 3 7 22 25
77.0906 0 6 2 2 3 7 3 6 22 26
78.1924 0 6 2 2 3 8 3 7 22 25
78.7138 0 5 2 2 3 8 2 7 23 25
81.7768 0 5 2 2 3 7 2 6 23 26
81.8921 0 4 2 2 2 7 2 7 23 26
83.0358 0 4 1 1 2 8 2 7 23 26
83.3155 0 4 1 1 2 7 2 6 23 27
84.7074 0 4 1 1 2 8 2 7 23 26
85.9396 0 4 1 1 2 7 2 6 23 27
86.259 0 4 2 2 2 6 2 6 23 27
87.9884 0 4 2 2 2 7 2 7 23 26
88.9361 0 4 2 2 2 6 2 6 23 27
89.7249 0 4 2 2 2 7 2 7 23 26
90.9924 0 4 2 2 2 8 2 8 23 25
91.981 0 4 2 2 2 7 2 7 23 26
92.0679 0 4 2 2 2 6 2 6 23 27
92.1181 0 3 2 2 2 6 1 6 24 27
93.5274 0 3 2 2 2 5 1 5 24 28
94.7904 0 3 2 2 2 4 1 4 24 29
101.754 0 3 2 2 2 3 1 3 24 30
102.78 1 4 2 2 1 3 1 3 24 30
104.938 1 4 2 2 1 2 1 2 24 31
105.88 1 4 2 2 1 3 1 3 24 30
109.517 1 4 2 2 1 4 1 4 24 29
109.995 1 4 2 2 1 5 1 5 24 28
111.223 1 4 2 2 1 6 1 6 24 27
112.008 1 4 2 2 1 7 1 7 24 26
112.911 1 4 2 2 1 8 1 8 24 25
113.352 1 5 2 2 1 8 2 8 23 25
113.495 1 5 2 2 1 9 2 9 23 24
114.826 1 6 2 2 2 9 2 8 23 24
115.628 1 6 2 2 1 8 3 8 23 24
115.704 1 6 2 2 1 7 3 7 23 25
116.218 1 5 2 2 0 7 3 8 23 25
116.35 1 5 3 3 0 6 3 8 23 25
117.078 1 5 3 3 0 5 3 7 23 26
117.258 1 5 3 3 0 6 3 8 23 25
117.793 1 5 3 3 0 5 3 7 23 26
119.714 1 5 3 3 0 6 3 8 23 25
121.328 1 5 3 3 0 7 3 9 23 24
122.002 1 5 3 3 0 6 3 8 23 25
122.286 1 5 3 3 0 7 3 9 23 24
123.432 1 4 3 3 0 7 2 9 24 24
123.541 1 4 3 3 0 8 2 10 24 23
123.741 1 5 3 3 1 8 2 9 24 23
123.952 1 5 3 3 1 9 2 10 24 22
124.464 1 5 3 3 0 8 3 10 24 22
126.579 1 5 3 3 0 7 3 9 24 23
126.926 1 5 4 4 0 6 3 9 24 23
127.324 1 5 4 4 0 5 3 8 24 24
129.008 1 5 3 3 0 6 3 8 24 24
129.113 0 4 3 3 1 6 3 8 24 24
129.319 0 4 3 3 1 5 3 7 24 25
130.232 0 4 3 3 1 6 3 8 24 24
132.204 0 4 4 4 1 5 3 8 24 24
132.381 0 4 5 5 1 4 3 8 24 24
134.191 0 4 6 6 1 3 3 8 24 24
134.813 0 4 6 6 1 2 3 7 24 25
135.167 0 4 6 6 1 1 3 6 24 26
136.592 1 5 6 6 0 1 3 6 24 26
138.789 1 5 5 5 0 2 3 6 24 26
139.733 1 5 5 5 0 3 3 7 24 25
141.889 1 5 5 5 0 2 3 6 24 26
147.094 1 5 5 5 0 3 3 7 24 25
149.263 1 5 5 5 0 4 3 8 24 24
150.311 1 4 5 5 0 4 2 8 25 24
150.603 1 3 5 5 0 4 1 8 26 24
151.798 1 4 5 5 0 4 2 8 25 24
152.155 1 4 5 5 0 5 2 9 25 23
152.758 1 4 5 5 0 6 2 10 25 22
153.616 1 4 5 5 0 5 2 9 25 23
154.444 1 4 5 5 0 4 2 8 25 24
154.512 1 4 5 5 0 5 2 9 25 23
154.566 1 5 5 5 1 5 2 8 25 23
155.49 1 4 5 5 1 5 1 8 26 23
157.289 1 4 5 5 1 4 1 7 26 24
158.622 1 5 5 5 2 4 1 6 26 24
160.677 1 5 5 5 2 3 1 5 26 25
163.07 1 5 4 4 2 4 1 5 26 25
164.7 1 4 4 4 2 4 0 5 27 25
164.977 1 5 4 4 3 4 0 4 27 25
165.615 2 6 4 4 2 4 0 4 27 25
165.844 2 6 4 4 2 5 0 5 27 24
168.106 2 6 4 4 2 4 0 4 27 25
168.568 2 6 4 4 2 5 0 5 27 24
169.602 1 5 4 4 3 5 0 5 27 24
176.42 1 5 4 4 3 6 0 6 27 23
176.959 1 5 4 4 3 7 0 7 27 22
177.221 1 5 4 4 3 6 0 6 27 23
177.692 1 5 3 3 3 7 0 6 27 23
177.975 1 5 3 3 3 8 0 7 27 22
178.4 0 4 3 3 4 8 0 7 27 22
179.227 0 4 4 4 4 7 0 7 27 22
179.899 0 4 4 4 4 6 0 6 27 23
180.042 0 4 5 5 4 5 0 6 27 23
180.364 0 4 6 6 4 4 0 6 27 23
181.696 0 4 6 6 3 3 1 6 27 23
183.358 0 4 5 5 3 4 1 6 27 23
185.209 0 3 5 5 2 4 1 7 27 23
185.809 0 3 5 5 2 5 1 8 27 22
185.875 0 3 5 5 2 6 1 9 27 21
186.02 0 3 5 5 2 7 1 10 27 20
186.283 0 3 5 5 2 6 1 9 27 21
186.399 0 3 5 5 2 5 1 8 27 22
186.511 0 3 5 5 2 4 1 7 27 23
187.208 0 4 5 5 3 4 1 6 27 23
188.763 0 4 4 4 3 5 1 6 27 23
189.229 1 5 4 4 2 5 1 6 27 23
189.439 1 5 3 3 2 6 1 6 27 23
195.247 1 6 3 3 3 6 1 5 27 23
195.573 1 7 3 3 4 6 1 4 27 23
196.61 1 7 3 3 4 7 1 5 27 22
196.646 1 7 3 3 4 6 1 4 27 23
196.676 1 7 3 3 3 5 2 4 27 23
196.913 1 7 3 3 3 4 2 3 27 24
196.993 1 7 3 3 3 5 2 4 27 23
197.739 1 7 3 3 3 6 2 5 27 22
198.121 1 7 3 3 2 5 3 5 27 22
199.869 1 7 3 3 2 4 3 4 27 23
200.415 0 6 3 3 3 4 3 4 27 23
200.435 0 6 3 3 2 3 4 4 27 23
200.907 0 5 3 3 2 3 3 4 28 23
202.913 0 4 3 3 1 3 3 5 28 23
203.327 0 4 2 2 1 4 3 5 28 23
204.798 0 4 2 2 1 5 3 6 28 22
205.269 0 4 2 2 0 4 4 6 28 22
206.385 0 4 2 2 0 5 4 7 28 21
206.425 0 4 2 2 0 4 4 6 28 22
207.473 0 4 2 2 0 5 4 7 28 21
208.304 0 4 2 2 0 4 4 6 28 22
209.356 0 4 2 2 0 3 4 5 28 23
209.425 0 4 2 2 0 4 4 6 28 22
211.626 0 5 2 2 1 4 4 5 28 22
214.783 0 5 2 2 1 3 4 4 28 23
217.76 0 5 2 2 1 4 4 5 28 22
218.884 0 4 2 2 1 4 3 5 29 22
219.229 0 4 2 2 0 3 4 5 29 22
221.171 0 4 2 2 0 4 4 6 29 21
222.61 0 4 1 1 0 5 4 6 29 21
222.612 0 4 1 1 0 6 4 7 29 20
222.923 0 5 1 1 1 6 4 6 29 20
223.265 0 4 1 1 1 6 3 6 30 20
223.769 0 4 1 1 1 7 3 7 30 19
224.292 0 3 1 1 1 7 2 7 31 19
224.8 0 2 1 1 0 7 2 8 31 19
225.974 0 2 1 1 0 6 2 7 31 20
226.774 0 2 1 1 0 5 2 6 31 21
232.826 0 2 1 1 0 6 2 7 31 20
232.936 0 2 1 1 0 5 2 6 31 21
236.291 0 1 1 1 0 5 1 6 32 21
236.702 0 2 1 1 1 5 1 5 32 21
239.803 0 3 1 1 2 5 1 4 32 21
240.566 1 4 1 1 1 5 1 4 32 21
241.516 1 4 1 1 1 6 1 5 32 20
242.602 1 4 2 2 1 5 1 5 32 20
243.223 1 4 2 2 1 4 1 4 32 21
245.671 1 4 2 2 1 3 1 3 32 22
247.155 1 4 2 2 1 4 1 4 32 21
251.199 0 3 2 2 2 4 1 4 32 21
251.22 0 3 2 2 2 5 1 5 32 20
253.75 0 3 2 2 2 4 1 4 32 21
254.068 0 3 2 2 2 5 1 5 32 20
254.598 0 3 2 2 2 6 1 6 32 19
255.536 0 3 3 3 2 5 1 6 32 19
255.625 0 3 4 4 2 4 1 6 32 19
256.2 0 3 4 4 2 5 1 7 32 18
258.932 0 3 4 4 2 6 1 8 32 17
260.282 0 3 5 5 2 5 1 8 32 17
261.986 0 3 5 5 2 6 1 9 32 16
262.405 0 3 5 5 2 5 1 8 32 17
263.544 0 2 5 5 2 5 0 8 33 17
263.726 0 2 5 5 2 4 0 7 33 18
264.249 0 2 5 5 1 3 1 7 33 18
265.491 0 2 5 5 1 4 1 8 33 17
266.921 0 2 5 5 1 3 1 7 33 18
268.061 0 2 5 5 1 2 1 6 33 19
268.523 0 2 4 4 1 3 1 6 33 19
271.334 0 2 4 4 1 2 1 5 33 20
275.882 0 2 4 4 1 3 1 6 33 19
285.067 0 2 4 4 1 4 1 7 33 18
287.409 0 3 4 4 2 4 1 6 33 18
287.86 0 2 4 4 1 4 1 7 33 18
289.09 0 2 4 4 1 5 1 8 33 17
289.168 1 3 4 4 0 5 1 8 33 17
289.532 1 3 4 4 0 4 1 7 33 18
291.719 1 3 3 3 0 5 1 7 33 18
291.979 1 3 2 2 0 6 1 7 33 18
292.672 1 3 2 2 0 5 1 6 33 19
294.436 1 3 2 2 0 6 1 7 33 18
296.7 1 4 2 2 1 6 1 6 33 18
297.948 1 4 3 3 1 5 1 6 33 18
301.473 1 4 2 2 1 6 1 6 33 18
301.684 1 4 2 2 1 5 1 5 33 19
302.639 1 4 2 2 1 6 1 6 33 18
302.875 1 4 2 2 1 5 1 5 33 19
303.009 0 3 2 2 2 5 1 5 33 19
305.635 0 4 2 2 3 5 1 4 33 19
307.361 1 5 2 2 2 5 1 4 33 19
308.107 1 4 2 2 2 5 0 4 34 19
311.08 1 4 2 2 2 4 0 3 34 20
311.526 1 4 2 2 2 3 0 2 34 21
313.28 1 4 2 2 2 4 0 3 34 20
314.84 1 4 2 2 2 5 0 4 34 19
319.123 1 4 2 2 2 6 0 5 34 18
319.181 1 3 2 2 1 6 0 6 34 18
320.773 1 3 2 2 1 5 0 5 34 19
321.041 1 3 2 2 1 4 0 4 34 20
322.507 1 3 2 2 1 5 0 5 34 19
323.314 1 3 2 2 1 6 0 6 34 18
324.003 1 3 2 2 1 5 0 5 34 19
325.214 1 3 3 3 1 4 0 5 34 19
326.574 1 4 3 3 2 4 0 4 34 19
329.69 1 4 3 3 2 5 0 5 34 18
332.223 1 5 3 3 3 5 0 4 34 18
332.387 1 4 3 3 2 5 0 5 34 18
332.394 1 5 3 3 3 5 0 4 34 18
333.017 1 5 3 3 3 4 0 3 34 19
335.093 1 5 3 3 3 5 0 4 34 18
336.417 1 4 3 3 2 5 0 5 34 18
336.945 1 4 3 3 2 4 0 4 34 19
337.971 1 4 3 3 2 5 0 5 34 18
338.603 1 4 3 3 2 4 0 4 34 19
340.193 0 3 3 3 3 4 0 4 34 19
345.922 0 3 3 3 3 5 0 5 34 18
345.948 0 3 4 4 3 4 0 5 34 18
347.321 0 3 4 4 3 3 0 4 34 19
350.342 0 3 4 4 3 4 0 5 34 18
354.905 0 3 4 4 2 3 1 5 34 18
356.113 0 3 4 4 1 2 2 5 34 18
356.246 0 2 4 4 0 2 2 6 34 18
357.715 0 2 4 4 0 3 2 7 34 17
357.814 0 2 3 3 0 4 2 7 34 17
359.758 0 2 3 3 0 3 2 6 34 18
368.09 0 2 3 3 0 4 2 7 34 17
369.447 0 2 3 3 0 5 2 8 34 16
369.576 0 2 3 3 0 6 2 9 34 15
370.097 0 2 3 3 0 5 2 8 34 16
372.001 0 2 3 3 0 6 2 9 34 15
372.674 0 2 3 3 0 5 2 8 34 16
372.814 0 2 4 4 0 4 2 8 34 16
372.998 0 2 4 4 0 3 2 7 34 17
373.038 0 2 4 4 0 4 2 8 34 16
373.039 0 2 3 3 0 5 2 8 34 16
375.008 0 2 3 3 0 4 2 7 34 17
377.734 0 2 3 3 0 3 2 6 34 18
378.258 0 2 3 3 0 4 2 7 34 17
382.332 0 2 3 3 0 5 2 8 34 16
382.933 0 2 3 3 0 4 2 7 34 17
383.213 0 3 3 3 1 4 2 6 34 17
383.249 0 3 3 3 1 3 2 5 34 18
385.104 0 3 3 3 1 4 2 6 34 17
387.771 0 3 3 3 1 5 2 7 34 16
388.922 0 3 3 3 1 4 2 6 34 17
389.005 0 3 3 3 1 5 2 7 34 16
389.526 0 3 3 3 1 6 2 8 34 15
390.27 0 3 3 3 1 5 2 7 34 16
393.394 0 3 3 3 1 4 2 6 34 17
394.302 0 3 2 2 1 5 2 6 34 17
395.298 0 3 2 2 1 6 2 7 34 16
396.104 0 4 2 2 2 6 2 6 34 16
396.195 0 4 2 2 2 5 2 5 34 17
397.905 0 4 2 2 2 6 2 6 34 16
397.97 0 4 2 2 2 7 2 7 34 15
399.039 0 5 2 2 3 7 2 6 34 15
399.591 0 5 2 2 3 6 2 5 34 16
403.409 0 5 2 2 3 7 2 6 34 15
404.897 0 4 2 2 3 7 1 6 35 15
405.058 1 5 2 2 2 7 1 6 35 15
405.612 1 5 2 2 2 8 1 7 35 14
406.101 1 5 2 2 2 7 1 6 35 15
406.568 1 5 2 2 1 6 2 6 35 15
406.833 1 6 2 2 2 6 2 5 35 15
407.399 1 5 2 2 1 6 2 6 35 15
407.639 1 5 2 2 0 5 3 6 35 15
410.693 1 5 2 2 0 4 3 5 35 16
411.114 0 4 2 2 1 4 3 5 35 16
411.882 0 4 1 1 1 5 3 5 35 16
416.882 0 4 2 2 1 4 3 5 35 16
416.956 0 4 2 2 1 3 3 4 35 17
418.858 0 4 2 2 2 4 2 4 35 17
419.362 0 4 2 2 2 3 2 3 35 18
420.885 0 4 2 2 2 4 2 4 35 17
421.782 0 3 2 2 1 4 2 5 35 17
422.749 0 2 2 2 1 4 1 5 36 17
427.614 0 2 2 2 1 3 1 4 36 18
429.389 0 2 2 2 1 4 1 5 36 17
431.728 0 2 2 2 1 3 1 4 36 18
433.356 0 2 2 2 1 4 1 5 36 17
434.379 0 2 2 2 1 3 1 4 36 18
434.446 0 2 2 2 1 4 1 5 36 17
435.32 0 2 2 2 1 5 1 6 36 16
435.85 0 2 2 2 1 4 1 5 36 17
436.311 0 2 2 2 1 5 1 6 36 16
436.714 0 2 2 2 1 6 1 7 36 15
439.446 0 1 2 2 1 6 0 7 37 15
441.4 0 1 2 2 1 7 0 8 37 14
442.312 0 1 3 3 1 6 0 8 37 14
442.627 0 1 2 2 1 7 0 8 37 14
442.741 0 1 2 2 1 6 0 7 37 15
445.215 0 1 2 2 1 7 0 8 37 14
446.081 0 1 2 2 1 6 0 7 37 15
446.609 0 1 2 2 1 7 0 8 37 14
446.884 0 1 2 2 1 6 0 7 37 15
447.555 0 1 2 2 1 5 0 6 37 16
449.057 0 2 2 2 2 5 0 5 37 16
455.034 0 2 2 2 2 6 0 6 37 15
456.589 0 3 2 2 3 6 0 5 37 15
458.567 0 3 2 2 2 5 1 5 37 15
459.69 0 3 2 2 2 6 1 6 37 14
459.976 1 4 2 2 1 6 1 6 37 14
463.416 0 3 2 2 2 6 1 6 37 14
464.481 0 3 2 2 2 5 1 5 37 15
465.038 0 2 2 2 1 5 1 6 37 15
465.96 0 3 2 2 1 5 2 6 36 15
466.863 0 3 2 2 1 6 2 7 36 14
467.596 0 3 1 1 1 7 2 7 36 14
469.085 0 3 1 1 1 6 2 6 36 15
469.46 0 2 1 1 1 6 1 6 37 15
470.94 0 2 1 1 1 5 1 5 37 16
472.363 0 2 1 1 1 6 1 6 37 15
472.432 0 2 1 1 1 5 1 5 37 16
472.927 0 2 1 1 1 4 1 4 37 17
476.298 0 2 1 1 1 5 1 5 37 16
478.124 0 2 1 1 1 6 1 6 37 15
478.222 0 2 1 1 1 5 1 5 37 16
480.663 0 2 0 0 1 6 1 5 37 16
483.362 0 2 0 0 1 7 1 6 37 15
484.177 0 2 0 0 1 8 1 7 37 14
484.32 0 2 0 0 1 7 1 6 37 15
485.381 0 2 0 0 1 6 1 5 37 16
485.696 0 2 0 0 0 5 2 5 37 16
487.208 0 2 0 0 0 4 2 4 37 17
490.071 0 2 0 0 0 3 2 3 37 18
494.097 0 2 0 0 0 4 2 4 37 17
495.256 0 2 0 0 0 5 2 5 37 16
497.047 0 3 0 0 1 5 2 4 37 16
501.422 0 2 0 0 1 5 1 4 38 16
501.834 0 2 0 0 1 4 1 3 38 17
507.032 0 2 0 0 1 3 1 2 38 18
507.271 0 2 0 0 0 2 2 2 38 18
510.815 0 2 0 0 0 1 2 1 38 19
520.84 0 2 0 0 0 2 2 2 38 18
521.401 0 2 0 0 0 3 2 3 38 17
524.175 0 2 0 0 0 4 2 4 38 16
524.991 0 2 0 0 0 5 2 5 38 15
528.882 0 3 0 0 0 5 3 5 37 15
529.238 0 4 0 0 1 5 3 4 37 15
530.006 0 3 0 0 1 5 2 4 38 15
530.435 0 3 0 0 1 6 2 5 38 14
530.953 0 3 0 0 1 5 2 4 38 15
532.391 0 2 0 0 1 5 1 4 39 15
532.57 0 3 0 0 1 5 2 4 38 15
535.18 0 3 0 0 1 6 2 5 38 14
535.544 0 3 0 0 1 5 2 4 38 15
535.816 0 3 0 0 1 6 2 5 38 14
537.45 0 2 0 0 0 6 2 6 38 14
537.728 0 2 0 0 0 5 2 5 38 15
538.659 0 2 0 0 0 6 2 6 38 14
538.699 0 2 0 0 0 7 2 7 38 13
540.095 0 3 0 0 1 7 2 6 38 13
540.487 0 3 0 0 1 6 2 5 38 14
543.132 0 3 1 1 1 5 2 5 38 14
547.34 0 3 1 1 1 6 2 6 38 13
547.96 0 3 1 1 1 7 2 7 38 12
548.545 0 3 1 1 1 6 2 6 38 13
550.612 0 2 1 1 1 6 1 6 39 13
551.776 0 2 1 1 1 5 1 5 39 14
552.68 0 2 1 1 1 6 1 6 39 13
552.904 0 2 1 1 1 5 1 5 39 14
559.709 0 2 1 1 1 6 1 6 39 13
563.366 0 2 1 1 1 5 1 5 39 14
563.617 0 2 1 1 1 6 1 6 39 13
564.042 0 2 1 1 1 5 1 5 39 14
564.948 0 2 1 1 1 6 1 6 39 13
566.222 0 2 1 1 1 7 1 7 39 12
567.415 0 2 1 1 1 6 1 6 39 13
568.553 0 2 2 2 1 5 1 6 39 13
569.025 0 2 3 3 1 4 1 6 39 13
570.609 0 2 3 3 1 3 1 5 39 14
572.282 0 2 2 2 1 4 1 5 39 14
572.788 0 2 2 2 1 5 1 6 39 13
576.732 0 2 2 2 1 4 1 5 39 14
577.129 0 2 2 2 1 5 1 6 39 13
577.246 0 3 2 2 2 5 1 5 39 13
581.062 0 3 2 2 2 6 1 6 39 12
582.294 0 2 2 2 1 6 1 7 39 12
583.868 0 2 2 2 1 5 1 6 39 13
587.448 0 2 2 2 0 4 2 6 39 13
588.011 0 2 2 2 0 5 2 7 39 12
588.351 0 2 2 2 0 4 2 6 39 13
589.086 0 2 2 2 0 3 2 5 39 14
591.353 0 2 2 2 0 2 2 4 39 15
591.923 0 1 2 2 0 2 1 4 40 15
592.849 0 1 2 2 0 1 1 3 40 16
594.941 0 1 2 2 0 0 1 2 40 17
600.267 0 1 2 2 0 1 1 3 40 16
600.975 0 2 2 2 1 1 1 2 40 16
602.922 0 2 2 2 1 2 1 3 40 15
602.967 0 3 2 2 2 2 1 2 40 15
605.929 0 3 1 1 2 3 1 2 40 15
608.056 0 3 1 1 2 4 1 3 40 14
610.876 0 3 1 1 2 5 1 4 40 13
610.988 0 3 1 1 2 4 1 3 40 14
611.451 0 3 1 1 2 5 1 4 40 13
616.279 0 3 2 2 2 4 1 4 40 13
616.541 0 3 2 2 2 5 1 5 40 12
616.849 0 2 2 2 1 5 1 6 40 12
617.021 0 2 2 2 2 6 0 6 40 12
618.54 1 3 2 2 1 6 0 6 40 12
618.851 1 3 2 2 1 7 0 7 40 11
619.221 0 2 2 2 2 7 0 7 40 11
621.796 0 2 2 2 2 6 0 6 40 12
623.438 0 2 3 3 2 5 0 6 40 12
626.211 0 2 3 3 2 4 0 5 40 13
631.056 0 2 3 3 2 3 0 4 40 14
633.053 1 3 3 3 1 3 0 4 40 14
637.708 1 4 3 3 2 3 0 3 40 14
641.183 0 3 3 3 3 3 0 3 40 14
641.288 0 3 3 3 3 4 0 4 40 13
641.81 0 3 2 2 3 5 0 4 40 13
642.731 1 4 2 2 2 5 0 4 40 13
643.203 1 4 2 2 2 4 0 3 40 14
643.586 1 5 2 2 3 4 0 2 40 14
643.602 1 5 2 2 2 3 1 2 40 14
646.137 1 5 2 2 2 4 1 3 40 13
646.147 0 4 2 2 3 4 1 3 40 13
646.479 0 4 2 2 2 3 2 3 40 13
647.603 0 4 2 2 1 2 3 3 40 13
648.277 0 4 2 2 1 3 3 4 40 12
649.97 0 4 2 2 1 4 3 5 40 11
653.462 0 4 2 2 1 5 3 6 40 10
655.632 0 3 2 2 0 5 3 7 40 10
657.24 0 3 2 2 0 4 3 6 40 11
659.724 0 3 2 2 0 3 3 5 40 12
662.124 0 3 2 2 0 4 3 6 40 11
664.291 0 3 2 2 0 5 3 7 40 10
665.198 0 2 2 2 0 5 2 7 41 10
667.601 0 2 2 2 0 4 2 6 41 11
668.308 0 2 2 2 0 3 2 5 41 12
669.815 0 2 2 2 0 4 2 6 41 11
676.328 0 2 3 3 0 3 2 6 41 11
676.381 0 2 3 3 0 4 2 7 41 10
677.197 0 2 3 3 0 3 2 6 41 11
677.229 0 2 3 3 0 2 2 5 41 12
680.784 0 2 3 3 0 1 2 4 41 13
685.849 0 2 4 4 0 0 2 4 41 13
690.438 0 2 4 4 1 1 1 4 41 13
691.656 0 3 4 4 2 1 1 3 41 13
692.185 0 3 4 4 2 2 1 4 41 12
692.472 0 3 3 3 2 3 1 4 41 12
692.799 0 3 3 3 1 2 2 4 41 12
692.828 0 3 3 3 1 1 2 3 41 13
696.412 0 2 3 3 1 1 1 3 42 13
697.048 0 2 3 3 1 2 1 4 42 12
698.849 0 2 3 3 1 1 1 3 42 13
699.119 0 3 3 3 2 1 1 2 42 13
699.531 0 3 3 3 2 2 1 3 42 12
701.705 1 4 3 3 1 2 1 3 42 12
703.708 1 3 3 3 0 2 1 4 42 12
704.115 1 3 3 3 0 3 1 5 42 11
704.716 0 2 3 3 1 3 1 5 42 11
704.718 0 2 3 3 1 4 1 6 42 10
706.367 0 2 4 4 1 3 1 6 42 10
707.694 0 2 3 3 1 4 1 6 42 10
709.154 0 2 3 3 1 3 1 5 42 11
711.777 0 2 3 3 1 2 1 4 42 12
713.372 0 2 3 3 1 1 1 3 42 13
714.36 0 2 3 3 1 2 1 4 42 12
715.993 0 2 3 3 2 3 0 4 42 12
716.75 0 2 3 3 2 4 0 5 42 11
717.12 0 2 4 4 2 3 0 5 42 11
718.368 0 3 4 4 2 3 1 5 41 11
719.608 0 3 4 4 2 4 1 6 41 10
722.519 0 3 4 4 2 5 1 7 41 9
724.415 0 3 4 4 2 6 1 8 41 8
725.134 0 3 4 4 2 7 1 9 41 7
725.139 0 3 4 4 2 6 1 8 41 8
725.227 0 3 4 4 2 5 1 7 41 9
728.021 0 3 4 4 2 4 1 6 41 10
728.838 0 3 4 4 2 3 1 5 41 11
729.316 0 3 4 4 2 4 1 6 41 10
729.568 0 2 4 4 2 4 0 6 42 10
732.717 0 2 4 4 2 3 0 5 42 11
739.99 0 3 4 4 2 3 1 5 41 11
746.049 0 4 4 4 3 3 1 4 41 11
746.781 0 4 4 4 3 4 1 5 41 10
748.413 0 4 3 3 3 5 1 5 41 10
749.36 0 5 3 3 4 5 1 4 41 10
749.376 1 6 3 3 3 5 1 4 41 10
749.893 1 6 3 3 2 4 2 4 41 10
750.581 1 6 3 3 1 3 3 4 41 10
753.152 1 6 3 3 1 2 3 3 41 11
753.754 1 6 2 2 1 3 3 3 41 11
762.999 1 6 2 2 1 4 3 4 41 10
763.994 1 6 2 2 1 3 3 3 41 11
765.7 1 5 2 2 1 3 2 3 42 11
767.379 1 4 2 2 1 3 1 3 43 11
768.758 1 5 2 2 1 3 2 3 42 11
769.319 1 5 3 3 1 2 2 3 42 11
772.516 1 5 3 3 1 3 2 4 42 10
774.875 1 5 3 3 1 4 2 5 42 9
775.643 1 5 3 3 1 3 2 4 42 10
775.747 1 5 2 2 1 4 2 4 42 10
777.615 1 5 2 2 1 5 2 5 42 9
778.083 0 4 2 2 2 5 2 5 42 9
781.038 0 4 2 2 2 4 2 4 42 10
783.854 0 4 2 2 2 3 2 3 42 11
783.919 0 4 2 2 2 4 2 4 42 10
785.249 0 4 2 2 2 5 2 5 42 9
785.727 0 4 1 1 2 6 2 5 42 9
786.589 0 4 1 1 1 5 3 5 42 9
788.73 0 4 1 1 1 6 3 6 42 8
790.361 0 5 1 1 2 6 3 5 42 8
791.156 0 5 1 1 1 5 4 5 42 8
792.58 0 6 1 1 1 5 5 5 41 8
792.772 1 7 1 1 0 5 5 5 41 8
793.508 1 7 1 1 0 4 5 4 41 9
795.641 1 7 1 1 0 3 5 3 41 10
796.483 1 7 1 1 0 2 5 2 41 11
797.873 1 6 1 1 0 2 4 2 42 11
798.919 1 6 1 1 1 3 3 2 42 11
799.598 1 6 1 1 1 4 3 3 42 10
799.689 1 6 2 2 1 3 3 3 42 10
800.267 1 5 2 2 0 3 3 4 42 10
801.17 1 5 2 2 0 2 3 3 42 11
803.174 1 4 2 2 0 2 2 3 43 11
804.706 1 4 2 2 0 3 2 4 43 10
808.728 1 4 2 2 0 4 2 5 43 9
810.021 1 5 2 2 1 4 2 4 43 9
810.061 1 5 2 2 1 5 2 5 43 8
811.192 1 5 2 2 1 6 2 6 43 7
811.895 1 5 1 1 1 7 2 6 43 7
813.334 1 6 1 1 2 7 2 5 43 7
813.937 1 6 1 1 2 8 2 6 43 6
814.789 1 6 1 1 1 7 3 6 43 6
816.316 1 6 1 1 0 6 4 6 43 6
816.872 1 6 1 1 0 7 4 7 43 5
817.031 1 6 1 1 0 6 4 6 43 6
817.61 1 6 1 1 0 5 4 5 43 7
822.756 1 5 1 1 0 5 3 5 44 7
827.948 1 5 1 1 0 4 3 4 44 8
829.388 1 5 2 2 0 3 3 4 44 8
833.4 1 6 2 2 1 3 3 3 44 8
834.643 1 6 3 3 1 2 3 3 44 8
836.258 1 5 3 3 0 2 3 4 44 8
837.289 1 5 3 3 0 3 3 5 44 7
839.377 1 4 3 3 0 3 2 5 45 7
839.384 1 5 3 3 0 3 3 5 44 7
844.322 1 5 3 3 0 2 3 4 44 8
845.363 1 5 3 3 0 1 3 3 44 9
846.308 1 5 3 3 0 2 3 4 44 8
847.449 1 4 3 3 0 2 2 4 45 8
847.717 1 4 3 3 0 1 2 3 45 9
847.797 1 5 3 3 0 1 3 3 44 9
854.029 0 4 3 3 1 1 3 3 44 9
854.369 0 4 2 2 1 2 3 3 44 9
856.215 0 3 2 2 0 2 3 4 44 9
857.005 0 4 2 2 1 2 3 3 44 9
863.785 0 3 2 2 1 2 2 3 45 9
866.99 0 3 3 3 1 1 2 3 45 9
867.742 0 3 3 3 1 2 2 4 45 8
869.997 0 3 2 2 1 3 2 4 45 8
874.276 0 3 2 2 1 2 2 3 45 9
874.949 0 2 2 2 0 2 2 4 45 9
891.056 0 2 3 3 0 1 2 4 45 9
891.847 0 2 3 3 0 2 2 5 45 8
895.026 0 2 3 3 0 1 2 4 45 9
906.241 0 1 3 3 0 1 1 4 46 9
906.823 0 1 2 2 0 2 1 4 46 9
907.692 0 1 2 2 0 3 1 5 46 8
919.89 0 2 2 2 1 3 1 4 46 8
927.736 1 3 2 2 0 3 1 4 46 8
938.378 1 3 2 2 0 4 1 5 46 7
943.608 1 3 1 1 0 5 1 5 46 7
949.297 1 3 1 1 0 4 1 4 46 8
950.82 1 3 1 1 0 5 1 5 46 7
953.027 1 3 1 1 0 6 1 6 46 6
953.109 1 3 1 1 0 5 1 5 46 7
955.335 1 4 1 1 1 5 1 4 46 7
955.781 1 4 1 1 1 4 1 3 46 8
960.331 1 4 2 2 1 3 1 3 46 8
967.203 1 4 2 2 1 2 1 2 46 9
967.311 1 4 1 1 1 3 1 2 46 9
968.363 1 4 1 1 1 4 1 3 46 8
974.012 1 4 1 1 1 3 1 2 46 9
974.897 1 4 1 1 0 2 2 2 46 9
982.03 1 4 1 1 0 3 2 3 46 8
983.522 1 3 1 1 0 3 1 3 47 8
985.271 1 3 1 1 0 4 1 4 47 7
989.472 1 4 1 1 1 4 1 3 47 7
994.23 1 4 1 1 1 5 1 4 47 6
995.589 1 4 1 1 1 4 1 3 47 7
996.217 1 4 1 1 1 3 1 2 47 8
1003.34 1 4 1 1 0 2 2 2 47 8
1008.38 1 4 1 1 0 3 2 3 47 7
1010.24 1 4 1 1 0 2 2 2 47 8
1012.75 1 5 1 1 1 2 2 1 47 8
1013.18 1 4 1 1 0 2 2 2 47 8
1014.4 1 5 1 1 0 2 3 2 46 8
1018.28 1 5 1 1 0 3 3 3 46 7
1028.82 1 5 1 1 0 4 3 4 46 6
1029.02 1 4 1 1 0 4 2 4 47 6
1029.69 1 4 1 1 0 3 2 3 47 7
1033.62 1 4 1 1 0 2 2 2 47 8
1038.7 1 4 1 1 1 3 1 2 47 8
1047.57 1 4 1 1 1 2 1 1 47 9
1051.54 1 5 1 1 2 2 1 0 47 9
1051.78 0 4 1 1 3 2 1 0 47 9
1059.33 0 4 0 0 3 3 1 0 47 9
1063.08 0 3 0 0 2 3 1 1 47 9
1063.41 0 3 0 0 2 4 1 2 47 8
1064.39 0 3 0 0 2 3 1 1 47 9
1067.25 0 3 1 1 2 2 1 1 47 9
1067.87 0 3 1 1 1 1 2 1 47 9
1076.81 0 2 1 1 1 1 1 1 48 9
1077.3 0 1 1 1 1 1 0 1 49 9
1090.7 0 1 1 1 1 2 0 2 49 8
1096.79 0 1 1 1 1 3 0 3 49 7
1100.75 0 2 1 1 1 3 1 3 48 7
1105.88 0 3 1 1 1 3 2 3 47 7
1117.63 0 2 1 1 0 3 2 4 47 7
1117.82 0 2 1 1 0 2 2 3 47 8
1118.52 0 2 1 1 0 3 2 4 47 7
1121.53 0 2 1 1 0 4 2 5 47 6
1121.94 0 3 1 1 0 4 3 5 46 6
1125.89 0 4 1 1 1 4 3 4 46 6
1127.77 0 4 1 1 1 5 3 5 46 5
1131.45 0 5 1 1 2 5 3 4 46 5
1132.84 0 5 1 1 2 6 3 5 46 4
1132.98 0 5 1 1 2 5 3 4 46 5
1138.05 0 5 1 1 3 6 2 4 46 5
1138.69 0 5 1 1 2 5 3 4 46 5
1139.49 0 6 1 1 3 5 3 3 46 5
1139.55 0 6 1 1 3 6 3 4 46 4
1140.73 0 5 1 1 3 6 2 4 47 4
1141.72 0 4 1 1 2 6 2 5 47 4
1143.08 0 4 1 1 2 5 2 4 47 5
1143.64 0 3 1 1 1 5 2 5 47 5
1146.07 0 2 1 1 1 5 1 5 48 5
1150.12 0 2 1 1 1 4 1 4 48 6
1150.79 0 2 1 1 1 3 1 3 48 7
1151.05 0 2 1 1 1 2 1 2 48 8
1156.42 0 2 1 1 0 1 2 2 48 8
1177.07 0 2 1 1 0 2 2 3 48 7
1192.11 0 2 1 1 0 3 2 4 48 6
1197.36 0 1 1 1 0 3 1 4 49 6
1198.6 0 1 1 1 0 4 1 5 49 5
1203.64 0 1 1 1 0 3 1 4 49 6
1204.75 0 1 1 1 0 2 1 3 49 7
1210.61 0 1 1 1 0 1 1 2 49 8
1216.92 0 1 1 1 0 2 1 3 49 7
1219.54 0 1 1 1 0 3 1 4 49 6
1224.93 0 1 1 1 0 2 1 3 49 7
1248.21 0 2 1 1 1 2 1 2 49 7
1251.49 0 1 1 1 0 2 1 3 49 7
1253.04 0 1 1 1 0 1 1 2 49 8
1256.46 0 1 1 1 0 2 1 3 49 7
1260.31 0 1 1 1 0 3 1 4 49 6
1261.65 0 1 2 2 0 2 1 4 49 6
1264.62 0 1 2 2 0 3 1 5 49 5
1267.9 0 2 2 2 1 3 1 4 49 5
1268.56 0 2 1 1 1 4 1 4 49 5
1270.23 0 2 1 1 1 5 1 5 49 4
1272.22 0 2 1 1 1 4 1 4 49 5
1277.74 0 3 1 1 1 4 2 4 48 5
1279.8 0 3 1 1 1 3 2 3 48 6
1281.93 0 3 0 0 1 4 2 3 48 6
1286.37 0 4 0 0 2 4 2 2 48 6
1289.14 0 3 0 0 2 4 1 2 49 6
1292.66 0 4 0 0 3 4 1 1 49 6
1295.03 0 4 0 0 3 5 1 2 49 5
1307.08 0 4 0 0 3 6 1 3 49 4
1307.88 0 4 0 0 3 5 1 2 49 5
1308.61 0 3 0 0 2 5 1 3 49 5
1308.89 0 2 0 0 2 5 0 3 50 5
1315.77 0 2 0 0 2 4 0 2 50 6
1316.19 0 2 0 0 2 5 0 3 50 5
1318.94 0 2 0 0 2 4 0 2 50 6
1319.4 0 2 0 0 2 5 0 3 50 5
1320.22 0 2 0 0 1 4 1 3 50 5
1322.66 0 1 0 0 0 4 1 4 50 5
1325.38 0 1 0 0 0 5 1 5 50 4
1330.16 0 1 0 0 1 6 0 5 50 4
1330.94 0 1 0 0 1 5 0 4 50 5
1331.31 0 1 0 0 1 6 0 5 50 4
1334.15 0 1 0 0 1 5 0 4 50 5
1334.2 0 1 0 0 1 4 0 3 50 6
1340.17 0 2 0 0 1 4 1 3 49 6
1341.2 0 2 0 0 1 5 1 4 49 5
1341.31 0 2 1 1 1 4 1 4 49 5
1349.3 0 2 1 1 0 3 2 4 49 5
1349.84 0 2 1 1 0 4 2 5 49 4
1350.16 0 2 1 1 0 3 2 4 49 5
1353.8 0 3 1 1 1 3 2 3 49 5
1353.9 0 2 1 1 1 3 1 3 50 5
1354.86 1 3 1 1 0 3 1 3 50 5
1360.08 1 3 1 1 0 2 1 2 50 6
1364.27 1 3 2 2 0 1 1 2 50 6
1364.79 1 3 1 1 0 2 1 2 50 6
1365.02 1 3 1 1 0 3 1 3 50 5
1374.38 1 3 1 1 0 2 1 2 50 6
1391.8 0 2 1 1 1 2 1 2 50 6
1394.74 0 1 1 1 0 2 1 3 50 6
1396.56 0 1 1 1 0 1 1 2 50 7
1412.19 0 1 1 1 0 2 1 3 50 6
1413.1 0 1 1 1 0 1 1 2 50 7
1415.41 0 1 1 1 0 2 1 3 50 6
1428.88 0 2 1 1 1 2 1 2 50 6
1429.37 0 2 2 2 1 1 1 2 50 6
1434.26 0 2 2 2 1 2 1 3 50 5
1436.75 0 2 1 1 1 3 1 3 50 5
1441.06 0 2 1 1 1 4 1 4 50 4
1444.3 0 3 1 1 1 4 2 4 49 4
1448.2 0 2 1 1 0 4 2 5 49 4
1448.81 0 2 1 1 0 3 2 4 49 5
1448.82 0 2 1 1 0 4 2 5 49 4
1451.46 0 2 0 0 0 5 2 5 49 4
1451.53 0 2 0 0 0 6 2 6 49 3
1454.84 0 2 1 1 0 5 2 6 49 3
1459.51 0 2 1 1 0 4 2 5 49 4
1462.88 0 2 1 1 0 5 2 6 49 3
1464.98 0 2 1 1 0 6 2 7 49 2
1465.77 0 2 1 1 0 5 2 6 49 3
1467.12 0 2 1 1 0 4 2 5 49 4
1467.41 0 2 1 1 0 5 2 6 49 3
1469.46 0 2 1 1 0 4 2 5 49 4
1485.11 0 3 1 1 1 4 2 4 49 4
1489.26 0 3 1 1 1 3 2 3 49 5
1491.92 0 3 1 1 1 2 2 2 49 6
1494.06 0 2 1 1 0 2 2 3 49 6
1496.22 0 3 1 1 1 2 2 2 49 6
1503.33 0 3 0 0 1 3 2 2 49 6
1505.23 0 2 0 0 1 3 1 2 50 6
1505.51 0 2 0 0 1 4 1 3 50 5
1506.28 0 2 0 0 0 3 2 3 50 5
1517.31 0 1 0 0 0 3 1 3 51 5
1532.1 0 2 0 0 0 3 2 3 50 5
1541.79 0 3 0 0 1 3 2 2 50 5
1541.92 0 4 0 0 1 3 3 2 49 5
1545.91 0 4 0 0 1 4 3 3 49 4
1547.36 0 4 1 1 1 3 3 3 49 4
1550.75 0 4 1 1 1 2 3 2 49 5
1553.63 0 4 1 1 1 1 3 1 49 6
1553.97 0 4 1 1 1 2 3 2 49 5
1554.18 0 4 1 1 1 1 3 1 49 6
1563.21 1 5 1 1 0 1 3 1 49 6
1575.62 1 4 1 1 0 1 2 1 50 6
1578.2 1 5 1 1 1 1 2 0 50 6
1581.85 1 4 1 1 0 1 2 1 50 6
1586.04 1 4 0 0 0 2 2 1 50 6
1588.51 1 4 1 1 0 1 2 1 50 6
1594.74 1 5 1 1 1 1 2 0 50 6
1594.92 1 4 1 1 1 1 1 0 51 6
1600.1 1 4 1 1 1 2 1 1 51 5
1617.15 1 4 2 2 1 1 1 1 51 5
1618.11 2 5 2 2 0 1 1 1 51 5
1623.4 1 4 2 2 1 1 1 1 51 5
1630.77 1 5 2 2 1 1 2 1 50 5
1632.49 0 4 2 2 2 1 2 1 50 5
1634.69 0 4 2 2 2 0 2 0 50 6
1636.88 1 5 2 2 1 0 2 0 50 6
1646.06 1 4 2 2 0 0 2 1 50 6
1646.9 1 5 2 2 1 0 2 0 50 6
1652.87 1 5 1 1 1 1 2 0 50 6
1660.2 2 6 1 1 0 1 2 0 50 6
1664.09 2 7 1 1 0 1 3 0 49 6
1673.29 2 6 1 1 0 1 2 0 50 6
1677.45 2 6 1 1 0 2 2 1 50 5
1677.74 2 6 1 1 0 1 2 0 50 6
1678.12 2 6 1 1 0 2 2 1 50 5
1683.5 2 6 2 2 0 1 2 1 50 5
1685.59 2 5 2 2 0 1 1 1 51 5
1686.66 2 6 2 2 0 1 2 1 50 5
1693.17 2 6 1 1 0 2 2 1 50 5
1694.14 2 6 2 2 0 1 2 1 50 5
1694.56 2 6 1 1 0 2 2 1 50 5
1699.24 2 6 1 1 0 3 2 2 50 4
1699.71 1 5 1 1 1 3 2 2 50 4
1701.31 0 4 1 1 2 3 2 2 50 4
1705.43 0 4 2 2 2 2 2 2 50 4
1706.98 0 4 2 2 2 1 2 1 50 5
1710.16 1 5 2 2 1 1 2 1 50 5
1717.19 1 5 3 3 1 0 2 1 50 5
1718.75 0 4 3 3 2 0 2 1 50 5
1722.85 0 3 3 3 1 0 2 2 50 5
1723.03 0 2 3 3 0 0 2 3 50 5
1731.16 0 2 3 3 1 1 1 3 50 5
1731.5 0 2 3 3 1 2 1 4 50 4
1737.95 0 2 2 2 1 3 1 4 50 4
1741.83 0 2 2 2 1 4 1 5 50 3
1742.84 0 1 2 2 1 4 0 5 51 3
1748 0 1 2 2 1 5 0 6 51 2
1753.06 0 1 1 1 1 6 0 6 51 2
1753.15 1 2 1 1 0 6 0 6 51 2
1761.63 1 2 1 1 0 5 0 5 51 3
1764.49 1 2 2 2 0 4 0 5 51 3
1765.43 1 3 2 2 1 4 0 4 51 3
1769.48 1 4 2 2 2 4 0 3 51 3
1771.64 1 5 2 2 3 4 0 2 51 3
1771.94 2 6 2 2 2 4 0 2 51 3
1774.42 2 6 3 3 2 3 0 2 51 3
1778.5 2 5 3 3 1 3 0 3 51 3
1781.72 1 4 3 3 2 3 0 3 51 3
1783.76 1 3 3 3 1 3 0 4 51 3
1790.02 1 4 3 3 1 3 1 4 50 3
1793.06 1 5 3 3 1 3 2 4 49 3
1793.3 1 4 3 3 0 3 2 5 49 3
1794.23 1 4 3 3 0 4 2 6 49 2
1795.92 1 4 3 3 0 3 2 5 49 3
1796.92 1 4 3 3 0 2 2 4 49 4
1797.44 0 3 3 3 1 2 2 4 49 4
1804.38 0 3 3 3 1 1 2 3 49 5
1805.2 0 2 3 3 1 1 1 3 50 5
1808.53 0 2 2 2 1 2 1 3 50 5
1815.64 0 2 2 2 1 1 1 2 50 6
1816.15 0 2 2 2 2 2 0 2 50 6
1823.93 0 2 1 1 2 3 0 2 50 6
1823.98 1 3 1 1 1 3 0 2 50 6
1831.72 2 4 1 1 0 3 0 2 50 6
1832.48 1 3 1 1 1 3 0 2 50 6
1839.17 1 3 1 1 0 2 1 2 50 6
1857.68 0 2 1 1 1 2 1 2 50 6
1860.09 0 2 1 1 1 3 1 3 50 5
1870.16 0 2 0 0 1 4 1 3 50 5
1873.53 0 3 0 0 2 4 1 2 50 5
1875.53 0 2 0 0 2 4 0 2 51 5
1876.4 0 2 1 1 2 3 0 2 51 5
1877.38 1 3 1 1 1 3 0 2 51 5
1877.76 1 3 1 1 0 2 1 2 51 5
1879.23 0 2 1 1 1 2 1 2 51 5
1882.74 0 3 1 1 2 2 1 1 51 5
1885.11 0 3 2 2 2 1 1 1 51 5
1886.61 1 4 2 2 1 1 1 1 51 5
1886.67 1 4 2 2 1 2 1 2 51 4
1886.82 1 4 2 2 1 3 1 3 51 3
1896.24 1 4 1 1 1 4 1 3 51 3
1896.42 0 3 1 1 2 4 1 3 51 3
1901.01 0 3 1 1 2 3 1 2 51 4
1901.87 0 2 1 1 1 3 1 3 51 4
1904.2 0 1 1 1 1 3 0 3 52 4
1904.29 0 1 1 1 0 2 1 3 52 4
1910.79 0 1 1 1 0 3 1 4 52 3
1912.85 0 1 1 1 0 2 1 3 52 4
1919.85 0 2 1 1 0 2 2 3 51 4
1926.64 0 2 0 0 0 3 2 3 51 4
1928.92 0 3 0 0 1 3 2 2 51 4
1930.45 0 2 0 0 1 3 1 2 52 4
1935.78 0 2 0 0 1 2 1 1 52 5
1937.93 0 2 0 0 1 1 1 0 52 6
1949.27 0 2 0 0 1 2 1 1 52 5
1961.73 0 1 0 0 0 2 1 2 52 5
1963.52 0 0 0 0 0 2 0 2 53 5
1972.4 0 0 0 0 0 3 0 3 53 4
1975.54 0 0 0 0 0 2 0 2 53 5
1986.9 0 0 0 0 0 1 0 1 53 6
2001.75 0 1 0 0 0 1 1 1 52 6
2017.12 0 1 0 0 0 2 1 2 52 5
2017.73 0 1 0 0 0 3 1 3 52 4
2020.67 0 1 0 0 0 2 1 2 52 5
2028.39 0 1 0 0 0 3 1 3 52 4
2035.76 0 1 0 0 0 4 1 4 52 3
2038.26 0 1 0 0 0 5 1 5 52 2
2048.71 0 2 0 0 1 5 1 4 52 2
2052.69 0 2 1 1 1 4 1 4 52 2
2059.67 0 2 1 1 1 3 1 3 52 3
2064.04 0 1 1 1 0 3 1 4 52 3
2066.2 0 1 1 1 0 2 1 3 52 4
2074.09 0 1 1 1 0 3 1 4 52 3
2090.6 0 2 1 1 1 3 1 3 52 3
2090.92 0 1 1 1 0 3 1 4 52 3
2091.43 0 1 1 1 0 2 1 3 52 4
2096.99 0 1 0 0 0 3 1 3 52 4
2099.83 0 1 0 0 0 2 1 2 52 5
2101.4 0 1 0 0 0 1 1 1 52 6
2106.98 0 1 0 0 0 0 1 0 52 7
2107.58 0 1 0 0 0 1 1 1 52 6
2107.86 0 1 0 0 0 2 1 2 52 5
2111.07 0 1 0 0 0 3 1 3 52 4
2117.38 0 1 0 0 0 4 1 4 52 3
2118.78 0 1 0 0 0 3 1 3 52 4
2125.63 0 0 0 0 0 3 0 3 53 4
2128.31 0 0 0 0 0 4 0 4 53 3
2137.1 0 0 0 0 0 5 0 5 53 2
2138.01 0 0 0 0 0 4 0 4 53 3
2139.78 0 1 0 0 0 4 1 4 52 3
2143.88 0 1 1 1 0 3 1 4 52 3
2145.11 0 2 1 1 1 3 1 3 52 3
2147.41 0 2 1 1 1 2 1 2 52 4
2175.73 0 2 1 1 1 1 1 1 52 5
2180.44 0 3 1 1 1 1 2 1 51 5
2184.66 0 3 1 1 1 0 2 0 51 6
2193.35 1 4 1 1 0 0 2 0 51 6
2194.27 1 4 1 1 0 1 2 1 51 5
2198.96 0 3 1 1 1 1 2 1 51 5
2201.13 0 2 1 1 1 1 1 1 52 5
2205.07 0 2 1 1 1 2 1 2 52 4
2216.25 0 1 1 1 1 2 0 2 53 4
2217.81 0 1 1 1 1 1 0 1 53 5
2218.1 0 2 1 1 2 1 0 0 53 5
2224.02 0 3 1 1 2 1 1 0 52 5
2232.2 0 3 1 1 2 2 1 1 52 4
2240.1 0 3 1 1 2 3 1 2 52 3
2243.03 0 3 2 2 2 2 1 2 52 3
2247.93 0 3 2 2 2 1 1 1 52 4
2261.19 0 4 2 2 2 1 2 1 51 4
2261.51 0 3 2 2 1 1 2 2 51 4
2272.38 0 3 1 1 1 2 2 2 51 4
2273.15 0 3 1 1 1 3 2 3 51 3
2273.58 0 2 1 1 1 3 1 3 52 3
2288.48 1 3 1 1 0 3 1 3 52 3
2294.1 1 3 2 2 0 2 1 3 52 3
2298.17 1 3 2 2 0 1 1 2 52 4
2300.52 1 3 1 1 0 2 1 2 52 4
2303.29 1 4 1 1 0 2 2 2 51 4
2305.03 1 4 1 1 0 3 2 3 51 3
2310.68 1 5 1 1 1 3 2 2 51 3
2311.95 1 4 1 1 1 3 1 2 52 3
2312.89 0 3 1 1 2 3 1 2 52 3
2322.77 0 3 1 1 1 2 2 2 52 3
2325.72 0 2 1 1 1 2 1 2 53 3
2327.36 1 3 1 1 0 2 1 2 53 3
2330.72 1 3 1 1 0 3 1 3 53 2
2333.78 1 3 1 1 0 2 1 2 53 3
2335.69 1 3 1 1 0 1 1 1 53 4
2339.27 1 3 1 1 0 2 1 2 53 3
2339.78 1 3 1 1 0 3 1 3 53 2
2345.81 1 3 1 1 0 2 1 2 53 3
2354.09 1 3 1 1 0 3 1 3 53 2
2357.5 1 4 1 1 1 3 1 2 53 2
2360.05 1 4 0 0 1 4 1 2 53 2
2360.96 1 4 1 1 1 3 1 2 53 2
2361.06 1 4 1 1 1 2 1 1 53 3
2373 1 5 1 1 1 2 2 1 52 3
2375.45 0 4 1 1 2 2 2 1 52 3
2376.34 0 4 0 0 2 3 2 1 52 3
2381.25 0 4 0 0 2 2 2 0 52 4
2384.51 0 5 0 0 2 2 3 0 51 4
2388.04 0 5 0 0 2 3 3 1 51 3
2392.98 0 5 0 0 1 2 4 1 51 3
2396.44 0 5 1 1 1 1 4 1 51 3
2397.33 0 4 1 1 1 1 3 1 52 3
2399.47 0 4 0 0 1 2 3 1 52 3
2401.77 0 5 0 0 2 2 3 0 52 3
2401.97 0 5 0 0 1 1 4 0 52 3
2403.47 0 4 0 0 1 1 3 0 53 3
2411.68 0 3 0 0 1 1 2 0 54 3
2422.87 0 2 0 0 1 1 1 0 55 3
2424.25 0 1 0 0 0 1 1 1 55 3
2425.45 0 2 0 0 0 1 2 1 54 3
2434.05 0 2 0 0 0 2 2 2 54 2
2441.34 0 3 0 0 0 2 3 2 53 2
2450.82 0 4 0 0 1 2 3 1 53 2
2455.08 0 3 0 0 0 2 3 2 53 2
2457.01 0 3 1 1 0 1 3 2 53 2
2461.03 0 3 0 0 0 2 3 2 53 2
2468.25 0 2 0 0 0 2 2 2 54 2
2477.28 0 2 0 0 0 3 2 3 54 1
2483.84 0 3 0 0 1 3 2 2 54 1
2485.46 0 2 0 0 1 3 1 2 55 1
2486.26 0 2 0 0 1 2 1 1 55 2
2488.88 0 2 0 0 0 1 2 1 55 2
2491.33 0 2 0 0 0 2 2 2 55 1
2504.29 0 2 0 0 1 3 1 2 55 1
2517.86 0 2 0 0 0 2 2 2 55 1
2518.18 0 2 0 0 0 1 2 1 55 2
2521 0 2 0 0 0 0 2 0 55 3
2561.78 0 2 0 0 0 1 2 1 55 2
2586.8 0 2 1 1 0 0 2 1 55 2
2596.25 0 2 1 1 0 1 2 2 55 1
2597.15 0 2 1 1 0 2 2 3 55 0
2598.67 0 1 1 1 0 2 1 3 56 0
2613.07 0 0 1 1 0 2 0 3 57 0
2646.19 0 0 1 1 0 1 0 2 57 1
2647.6 0 1 1 1 1 1 0 1 57 1
2651.5 0 2 1 1 1 1 1 1 56 1
2674.74 0 2 1 1 1 0 1 0 56 2
2677.09 0 2 1 1 1 1 1 1 56 1
2690.02 0 2 1 1 1 2 1 2 56 0
2695.26 0 1 1 1 0 2 1 3 56 0
2721.17 0 1 1 1 0 1 1 2 56 1
2724.64 0 2 1 1 1 1 1 1 56 1
2727.48 0 3 1 1 1 1 2 1 55 1
2729.78 0 4 1 1 1 1 3 1 54 1
2739.4 0 3 1 1 1 1 2 1 55 1
2743.16 0 3 0 0 1 2 2 1 55 1
2743.24 0 2 0 0 0 2 2 2 55 1
2755.76 0 1 0 0 0 2 1 2 56 1
2764.11 0 1 0 0 0 1 1 1 56 2
2770.3 0 1 0 0 1 2 0 1 56 2
2770.92 1 2 0 0 0 2 0 1 56 2
2800.14 1 2 0 0 0 3 0 2 56 1
2803.24 1 3 0 0 1 3 0 1 56 1
2804.43 1 4 0 0 2 3 0 0 56 1
2805.45 1 4 0 0 1 2 1 0 56 1
2816.31 1 5 0 0 1 2 2 0 55 1
2818.04 1 6 0 0 1 2 3 0 54 1
2819.59 1 5 0 0 1 2 2 0 55 1
2821.55 1 4 0 0 1 2 1 0 56 1
2832.3 1 4 1 1 1 1 1 0 56 1
2837.94 2 5 1 1 0 1 1 0 56 1
2839.35 1 4 1 1 1 1 1 0 56 1
2856.89 1 4 1 1 1 2 1 1 56 0
2860.2 1 3 1 1 0 2 1 2 56 0
2871.89 0 2 1 1 1 2 1 2 56 0
2873.6 0 2 1 1 0 1 2 2 56 0
2881.4 0 3 1 1 1 1 2 1 56 0
2896.25 0 2 1 1 1 1 1 1 57 0
2900.05 0 3 1 1 2 1 1 0 57 0
2900.2 0 2 1 1 1 1 1 1 57 0
2915.07 0 1 1 1 1 1 0 1 58 0
2928.95 0 2 1 1 1 1 1 1 57 0
2960.93 0 3 1 1 2 1 1 0 57 0
2969.91 1 4 1 1 1 1 1 0 57 0
2979.11 1 3 1 1 1 1 0 0 58 0
2987.29 2 4 1 1 0 1 0 0 58 0
2987.29 2 4 1 1 0 1 0 0 58 0
