0 60 120 60 60 0 0 0 0 0 0
0.0167459 59 119 60 60 1 0 0 0 0 0
0.0249808 58 118 60 60 2 0 0 0 0 0
0.0433694 57 117 60 60 3 0 0 0 0 0
0.0588166 56 116 60 60 4 0 0 0 0 0
0.0668286 55 115 60 60 5 0 0 0 0 0
0.0708098 54 114 60 60 6 0 0 0 0 0
0.0859541 54 114 59 59 6 1 0 0 0 0
0.0889129 54 114 58 58 6 2 0 0 0 0
0.0949561 54 113 58 58 5 2 0 1 0 0
0.0956098 54 112 58 58 4 2 0 2 0 0
0.118727 54 112 57 57 4 3 0 2 0 0
0.118737 54 112 56 56 4 4 0 2 0 0
0.128529 53 111 56 56 5 4 0 2 0 0
0.14852 52 110 56 56 6 4 0 2 0 0
0.166366 51 109 56 56 7 4 0 2 0 0
0.180233 50 108 56 56 8 4 0 2 0 0
0.181764 50 108 55 55 8 5 0 2 0 0
0.18424 49 107 55 55 9 5 0 2 0 0
0.204064 48 106 55 55 10 5 0 2 0 0
0.213211 48 106 54 54 10 6 0 2 0 0
0.227966 47 105 54 54 11 6 0 2 0 0
0.256669 47 105 53 53 11 7 0 2 0 0
0.25701 47 104 53 53 10 7 0 3 0 0
0.264217 47 104 52 52 10 8 0 3 0 0
0.265877 47 104 51 51 10 9 0 3 0 0
0.273742 46 103 51 51 11 9 0 3 0 0
0.286229 46 103 50 50 11 10 0 3 0 0
0.288151 46 102 50 50 10 10 0 4 0 0
0.292649 45 101 50 50 11 10 0 4 0 0
0.311325 44 100 50 50 12 10 0 4 0 0
0.31843 44 100 49 49 12 11 0 4 0 0
0.326961 44 100 48 48 12 12 0 4 0 0
0.335262 43 99 48 48 13 12 0 4 0 0
0.341595 43 98 48 48 12 12 0 5 0 0
0.350667 42 97 48 48 13 12 0 5 0 0
0.357464 42 96 48 48 12 12 0 6 0 0
0.369419 42 96 47 47 12 13 0 6 0 0
0.376817 41 95 47 47 13 13 0 6 0 0
0.381261 40 94 47 47 14 13 0 6 0 0
0.422222 40 94 46 46 14 14 0 6 0 0
0.4246 40 94 45 45 14 15 0 6 0 0
0.429421 39 93 45 45 15 15 0 6 0 0
0.450413 39 93 44 44 15 16 0 6 0 0
0.473328 38 92 44 44 16 16 0 6 0 0
0.477694 38 92 43 43 16 17 0 6 0 0
0.515567 37 91 43 43 17 17 0 6 0 0
0.536867 37 91 42 42 17 18 0 6 0 0
0.636698 37 90 42 42 16 18 0 7 0 0
0.669422 37 90 41 41 16 19 0 7 0 0
0.673191 37 89 41 41 15 19 0 8 0 0
0.674611 37 89 40 40 15 20 0 8 0 0
0.680194 36 88 40 40 16 20 0 8 0 0
0.702629 35 87 40 40 17 20 0 8 0 0
0.703933 34 86 40 40 18 20 0 8 0 0
0.710725 33 85 40 40 19 20 0 8 0 0
0.715182 33 85 39 39 19 21 0 8 0 0
0.720888 33 85 38 38 19 22 0 8 0 0
0.722085 32 84 38 38 20 22 0 8 0 0
0.752628 31 83 38 38 21 22 0 8 0 0
0.789381 30 82 38 38 22 22 0 8 0 0
0.792357 29 81 38 38 23 22 0 8 0 0
0.808001 28 80 38 38 24 22 0 8 0 0
0.86564 28 80 37 37 24 23 0 8 0 0
0.906767 27 79 37 37 25 23 0 8 0 0
0.943275 28 80 37 37 24 23 0 8 0 0
1.00514 27 79 37 37 25 23 0 8 0 0
1.02077 27 78 37 37 24 23 0 9 0 0
1.03331 27 77 37 37 23 23 0 10 0 0
1.06515 27 77 36 36 23 24 0 10 0 0
1.06579 28 78 36 36 22 24 0 10 0 0
1.07907 28 77 36 36 21 24 0 11 0 0
1.09169 27 76 36 36 22 24 0 11 0 0
1.11577 27 76 35 35 22 25 0 11 0 0
1.13612 27 76 35 35 21 24 1 11 0 0
1.14203 27 76 35 35 20 23 2 11 0 0
1.15225 27 76 35 35 19 22 3 11 0 0
1.15345 26 75 35 35 20 22 3 11 0 0
1.15692 25 74 35 35 21 22 3 11 0 0
1.16744 24 73 35 35 22 22 3 11 0 0
1.19791 24 72 35 35 21 22 3 12 0 0
1.29343 24 72 34 34 21 23 3 12 0 0
1.29355 24 72 33 33 21 24 3 12 0 0
1.3364 24 72 33 33 20 23 4 12 0 0
1.36252 24 72 32 32 20 24 4 12 0 0
1.42429 24 72 31 31 20 25 4 12 0 0
1.44623 24 71 31 31 20 25 3 12 1 0
1.50187 23 70 31 31 21 25 3 12 1 0
1.63646 23 70 30 30 21 26 3 12 1 0
1.65193 23 70 29 29 21 27 3 12 1 0
1.71106 23 70 28 28 21 28 3 12 1 0
1.78777 23 69 28 28 20 28 3 13 1 0
1.89833 22 68 28 28 21 28 3 13 1 0
1.90006 22 67 28 28 20 28 3 14 1 0
1.98908 22 66 28 28 20 28 2 14 2 0
1.99141 22 66 27 27 20 29 2 14 2 0
2.01485 22 66 27 27 20 28 2 13 2 1
2.02502 22 66 26 26 20 29 2 13 2 1
2.0478 22 66 26 26 20 28 2 12 2 2
2.15286 22 65 26 26 19 28 2 13 2 2
2.18456 21 64 26 26 20 28 2 13 2 2
2.23624 21 63 26 26 19 28 2 14 2 2
2.24341 21 63 25 25 19 29 2 14 2 2
2.24876 21 62 25 25 18 29 2 15 2 2
2.25474 21 62 24 24 18 30 2 15 2 2
2.30123 21 62 24 24 18 29 2 14 2 3
2.30954 20 61 24 24 19 29 2 14 2 3
2.31983 20 60 24 24 18 29 2 15 2 3
2.35813 20 59 24 24 17 29 2 16 2 3
2.37107 20 59 23 23 17 30 2 16 2 3
2.41653 20 58 23 23 16 30 2 17 2 3
2.42769 20 57 23 23 15 30 2 18 2 3
2.44865 20 57 22 22 15 31 2 18 2 3
2.50868 19 56 22 22 16 31 2 18 2 3
2.54619 18 55 22 22 17 31 2 18 2 3
2.54979 18 54 22 22 16 31 2 19 2 3
2.58809 17 53 22 22 17 31 2 19 2 3
2.61066 16 52 22 22 18 31 2 19 2 3
2.64256 16 52 22 22 17 30 3 19 2 3
2.64273 16 52 21 21 17 31 3 19 2 3
2.64969 16 52 20 20 17 32 3 19 2 3
2.70657 16 51 20 20 16 32 3 20 2 3
2.72971 16 51 21 21 16 31 3 20 2 3
2.76406 16 51 21 21 16 30 3 19 2 4
2.78066 15 50 21 21 17 30 3 19 2 4
2.83138 15 50 21 21 17 29 3 18 2 5
2.84311 14 49 21 21 18 29 3 18 2 5
2.85779 14 49 20 20 18 30 3 18 2 5
2.88756 14 49 20 20 18 29 3 17 2 6
2.92859 14 49 20 20 18 28 3 16 2 7
3.01014 14 49 19 19 18 29 3 16 2 7
3.03108 14 48 19 19 18 29 2 16 3 7
3.07146 13 47 19 19 19 29 2 16 3 7
3.08635 13 47 19 19 19 28 2 15 3 8
3.10982 13 46 19 19 18 28 2 16 3 8
3.20135 13 46 19 19 17 27 3 16 3 8
3.20264 13 46 19 19 16 26 4 16 3 8
3.32966 13 45 19 19 16 26 3 16 4 8
3.37906 13 44 19 19 16 26 2 16 5 8
3.42106 12 43 19 19 17 26 2 16 5 8
3.44398 12 42 19 19 16 26 2 17 5 8
3.64409 12 42 19 19 15 25 3 17 5 8
3.65641 12 41 19 19 14 25 3 18 5 8
3.67257 12 41 18 18 14 26 3 18 5 8
3.69664 11 40 18 18 15 26 3 18 5 8
3.79383 11 40 18 18 15 25 3 17 5 9
3.84011 11 40 18 18 15 24 3 16 5 10
3.90104 11 40 18 18 15 23 3 15 5 11
4.16092 10 39 18 18 16 23 3 15 5 11
4.17898 10 38 18 18 15 23 3 16 5 11
4.19172 10 38 18 18 15 22 3 15 5 12
4.35792 10 38 18 18 15 21 3 14 5 13
4.43881 9 37 18 18 16 21 3 14 5 13
4.51233 9 36 18 18 15 21 3 15 5 13
4.53919 9 36 18 18 15 20 3 14 5 14
4.55902 9 36 17 17 15 21 3 14 5 14
4.60076 9 36 17 17 15 20 3 13 5 15
4.62163 9 36 17 17 14 19 4 13 5 15
4.67044 9 35 17 17 14 19 3 13 6 15
4.70128 9 35 16 16 14 20 3 13 6 15
4.73332 9 35 16 16 14 19 3 12 6 16
5.06251 8 34 16 16 15 19 3 12 6 16
5.09327 8 34 16 16 14 18 4 12 6 16
5.45391 8 33 16 16 13 18 4 13 6 16
5.5163 8 32 16 16 12 18 4 14 6 16
5.61514 8 32 15 15 12 19 4 14 6 16
5.65094 8 32 15 15 11 18 5 14 6 16
5.85766 8 33 15 15 12 18 5 13 6 16
5.90626 8 32 15 15 12 18 4 13 7 16
5.94274 8 32 14 14 12 19 4 13 7 16
6.07069 8 32 14 14 11 18 5 13 7 16
6.11891 8 32 14 14 11 17 5 12 7 17
6.26595 8 32 14 14 10 16 6 12 7 17
6.436 8 31 14 14 9 16 6 13 7 17
6.45003 8 31 14 14 9 15 6 12 7 18
6.45627 8 30 14 14 9 15 5 12 8 18
6.49154 8 31 14 14 10 15 5 11 8 18
6.53435 8 31 14 14 9 14 6 11 8 18
6.65072 8 30 14 14 8 14 6 12 8 18
6.89299 8 30 14 14 8 13 6 11 8 19
6.9871 8 30 14 14 7 12 7 11 8 19
7.21898 7 29 14 14 8 12 7 11 8 19
7.23602 7 29 13 13 8 13 7 11 8 19
7.51684 7 28 13 13 8 13 6 11 9 19
7.56196 7 28 13 13 8 12 6 10 9 20
7.60652 7 29 13 13 9 12 6 9 9 20
7.80341 7 29 12 12 9 13 6 9 9 20
7.83605 7 28 12 12 9 13 5 9 10 20
7.88798 7 29 12 12 10 13 5 8 10 20
8.10108 7 28 12 12 10 13 4 8 11 20
8.12715 6 27 12 12 11 13 4 8 11 20
8.44492 6 26 12 12 10 13 4 9 11 20
8.77662 6 25 12 12 9 13 4 10 11 20
8.78039 6 24 12 12 9 13 3 10 12 20
8.90214 5 23 12 12 10 13 3 10 12 20
9.0984 6 24 12 12 9 13 3 10 12 20
9.19116 6 24 12 12 8 12 4 10 12 20
9.72178 6 24 12 12 7 11 5 10 12 20
9.78308 5 23 12 12 8 11 5 10 12 20
9.80551 5 23 12 12 7 10 6 10 12 20
9.81996 5 22 12 12 6 10 6 11 12 20
10.0074 4 21 12 12 7 10 6 11 12 20
10.0242 4 21 11 11 7 11 6 11 12 20
10.1269 4 20 11 11 6 11 6 12 12 20
10.58 4 20 11 11 6 10 6 11 12 21
10.9649 4 21 11 11 7 10 6 10 12 21
10.984 4 21 10 10 7 11 6 10 12 21
11.1268 3 20 10 10 8 11 6 10 12 21
11.8815 3 19 10 10 8 11 5 10 13 21
12.0448 3 18 10 10 8 11 4 10 14 21
12.174 3 18 10 10 8 10 4 9 14 22
12.3865 3 18 9 9 8 11 4 9 14 22
12.7791 3 17 9 9 8 11 3 9 15 22
12.9324 4 18 9 9 7 11 3 9 15 22
13.066 4 17 9 9 7 11 2 9 16 22
13.3957 4 16 9 9 6 11 2 10 16 22
13.3963 4 16 9 9 6 10 2 9 16 23
13.5261 4 17 9 9 7 10 2 8 16 23
13.5968 4 17 8 8 7 11 2 8 16 23
13.7793 5 18 8 8 6 11 2 8 16 23
13.7861 5 17 8 8 5 11 2 9 16 23
13.853 5 17 9 9 5 10 2 9 16 23
13.8809 5 17 8 8 5 11 2 9 16 23
13.9151 5 17 8 8 5 12 2 10 16 22
14.0016 5 17 8 8 4 11 3 10 16 22
14.253 5 17 7 7 4 12 3 10 16 22
14.9524 5 17 7 7 4 11 3 9 16 23
15.2375 5 17 6 6 4 12 3 9 16 23
15.6672 5 17 6 6 4 13 3 10 16 22
16.2256 5 17 6 6 4 12 3 9 16 23
16.5649 5 16 6 6 4 12 2 9 17 23
16.9427 5 16 6 6 3 11 3 9 17 23
18.016 5 16 6 6 3 12 3 10 17 22
18.4818 5 16 6 6 3 11 3 9 17 23
19.1449 5 16 6 6 3 10 3 8 17 24
19.2848 4 15 6 6 4 10 3 8 17 24
19.6194 4 14 6 6 3 10 3 9 17 24
19.6228 4 14 6 6 2 9 4 9 17 24
19.749 4 14 6 6 2 10 4 10 17 23
20.3175 4 13 6 6 2 10 3 10 18 23
20.9281 4 13 6 6 2 9 3 9 18 24
21.0647 4 13 6 6 1 8 4 9 18 24
21.4506 3 12 6 6 2 8 4 9 18 24
21.7138 3 12 6 6 2 7 4 8 18 25
23.6664 3 12 6 6 2 6 4 7 18 26
24.0599 3 11 6 6 2 6 3 7 19 26
25.328 3 11 6 6 3 7 2 7 19 26
25.5538 3 11 5 5 3 8 2 7 19 26
25.743 3 11 5 5 3 9 2 8 19 25
25.7684 3 12 5 5 4 9 2 7 19 25
25.9971 3 12 5 5 4 8 2 6 19 26
26.0264 3 12 5 5 4 9 2 7 19 25
27.1782 3 12 5 5 4 10 2 8 19 24
27.7131 3 12 6 6 4 9 2 8 19 24
27.8039 3 11 6 6 3 9 2 9 19 24
28.4186 2 10 6 6 4 9 2 9 19 24
29.3464 2 10 6 6 4 10 2 10 19 23
29.8194 2 10 6 6 4 9 2 9 19 24
30.9039 2 10 6 6 4 10 2 10 19 23
31.5488 2 10 5 5 4 11 2 10 19 23
31.7749 2 10 5 5 4 10 2 9 19 24
32.1393 2 10 5 5 4 9 2 8 19 25
32.5286 2 10 4 4 4 10 2 8 19 25
32.6205 2 10 4 4 3 9 3 8 19 25
32.6379 2 10 5 5 3 8 3 8 19 25
32.6511 2 10 5 5 3 7 3 7 19 26
33.1733 2 10 5 5 3 8 3 8 19 25
33.47 2 10 5 5 3 7 3 7 19 26
33.5614 2 10 5 5 3 8 3 8 19 25
34.22 2 10 5 5 3 7 3 7 19 26
34.803 2 10 5 5 3 6 3 6 19 27
35.0318 2 9 5 5 2 6 3 7 19 27
35.449 1 8 5 5 3 6 3 7 19 27
37.5799 1 8 5 5 3 5 3 6 19 28
37.6603 1 7 5 5 3 5 2 6 20 28
37.9034 1 7 5 5 3 4 2 5 20 29
37.9602 1 7 4 4 3 5 2 5 20 29
39.4897 1 6 4 4 2 5 2 6 20 29
40.6685 1 6 4 4 2 6 2 7 20 28
41.1864 1 5 4 4 2 6 1 7 21 28
41.4291 1 5 4 4 2 5 1 6 21 29
41.6389 1 5 4 4 1 4 2 6 21 29
42.5476 1 5 4 4 1 3 2 5 21 30
43.0833 1 4 4 4 1 3 1 5 22 30
44.9312 1 4 4 4 1 4 1 6 22 29
45.0197 1 5 4 4 2 4 1 5 22 29
45.86 1 5 4 4 2 5 1 6 22 28
48.6586 1 5 4 4 2 6 1 7 22 27
49.077 1 5 3 3 2 7 1 7 22 27
49.529 1 5 3 3 2 6 1 6 22 28
50.5325 1 5 3 3 2 5 1 5 22 29
50.5577 1 4 3 3 1 5 1 6 22 29
51.3681 1 4 3 3 0 4 2 6 22 29
51.8881 1 4 3 3 0 5 2 7 22 28
54.3635 1 4 3 3 0 4 2 6 22 29
54.4122 1 4 3 3 0 5 2 7 22 28
54.8488 1 4 3 3 0 6 2 8 22 27
60.649 1 4 2 2 0 7 2 8 22 27
62.6524 1 5 2 2 1 7 2 7 22 27
63.6064 1 5 2 2 1 6 2 6 22 28
64.2562 1 5 2 2 1 5 2 5 22 29
64.3619 1 5 2 2 1 6 2 6 22 28
64.49 1 5 2 2 1 7 2 7 22 27
64.5469 1 5 2 2 1 6 2 6 22 28
67.5702 1 5 3 3 1 5 2 6 22 28
75.2302 1 5 3 3 1 4 2 5 22 29
75.4381 1 5 3 3 1 5 2 6 22 28
75.8616 1 5 3 3 1 4 2 5 22 29
78.4272 1 5 3 3 1 3 2 4 22 30
82.2969 1 4 3 3 1 3 1 4 23 30
83.2435 0 3 3 3 2 3 1 4 23 30
86.7737 0 2 3 3 2 3 0 4 24 30
87.1453 0 2 2 2 2 4 0 4 24 30
89.0059 0 2 2 2 2 5 0 5 24 29
89.4498 0 2 2 2 2 6 0 6 24 28
91.0484 0 2 2 2 2 5 0 5 24 29
91.2045 0 1 2 2 1 5 0 6 24 29
93.275 0 1 2 2 1 6 0 7 24 28
95.8292 0 1 2 2 1 5 0 6 24 29
97.5345 0 1 2 2 1 4 0 5 24 30
98.1275 0 1 2 2 1 3 0 4 24 31
99.0795 0 1 2 2 1 4 0 5 24 30
101.122 0 1 2 2 1 3 0 4 24 31
101.475 0 2 2 2 2 3 0 3 24 31
102.441 0 2 2 2 2 4 0 4 24 30
103.255 0 2 1 1 2 5 0 4 24 30
103.474 0 2 1 1 2 6 0 5 24 29
105.45 0 2 1 1 2 7 0 6 24 28
105.837 0 2 1 1 2 6 0 5 24 29
106.648 0 2 1 1 2 5 0 4 24 30
110.783 0 2 1 1 2 6 0 5 24 29
111.373 0 2 1 1 2 7 0 6 24 28
111.522 0 2 1 1 2 8 0 7 24 27
111.873 0 2 1 1 2 9 0 8 24 26
111.937 0 2 1 1 2 10 0 9 24 25
113.489 0 2 1 1 2 9 0 8 24 26
114.823 0 3 1 1 3 9 0 7 24 26
116.966 0 3 1 1 3 8 0 6 24 27
117.094 0 3 1 1 3 9 0 7 24 26
117.306 0 3 1 1 3 8 0 6 24 27
117.618 0 3 1 1 3 7 0 5 24 28
118.512 0 3 2 2 3 6 0 5 24 28
118.587 0 4 2 2 4 6 0 4 24 28
120.412 0 5 2 2 5 6 0 3 24 28
123.735 0 5 2 2 5 7 0 4 24 27
129.846 0 5 2 2 4 6 1 4 24 27
130.747 0 5 3 3 4 5 1 4 24 27
130.754 0 4 3 3 3 5 1 5 24 27
131.709 0 4 3 3 3 6 1 6 24 26
133.121 0 4 3 3 3 5 1 5 24 27
133.627 0 4 3 3 3 4 1 4 24 28
133.746 0 4 3 3 3 5 1 5 24 27
133.748 0 4 3 3 3 6 1 6 24 26
135.093 0 4 3 3 3 7 1 7 24 25
135.245 0 4 2 2 3 8 1 7 24 25
136.345 0 4 2 2 3 7 1 6 24 26
137.383 0 5 2 2 4 7 1 5 24 26
139.454 0 4 2 2 3 7 1 6 24 26
140.678 0 4 2 2 3 6 1 5 24 27
140.822 0 4 2 2 3 5 1 4 24 28
140.93 0 4 2 2 3 6 1 5 24 27
141.963 0 4 2 2 3 5 1 4 24 28
142.804 0 4 2 2 3 4 1 3 24 29
143.546 0 4 2 2 3 5 1 4 24 28
147.632 0 4 2 2 3 6 1 5 24 27
149.305 0 5 2 2 4 6 1 4 24 27
151.449 0 5 2 2 3 5 2 4 24 27
152.296 0 5 2 2 2 4 3 4 24 27
155.599 0 5 2 2 2 5 3 5 24 26
155.635 0 5 2 2 2 6 3 6 24 25
155.998 0 4 2 2 1 6 3 7 24 25
156.86 0 4 1 1 1 7 3 7 24 25
156.976 0 4 1 1 1 6 3 6 24 26
158.493 0 3 1 1 1 6 2 6 25 26
158.799 0 2 1 1 0 6 2 7 25 26
159.819 0 2 1 1 0 7 2 8 25 25
159.837 0 2 1 1 0 8 2 9 25 24
159.866 0 2 1 1 0 7 2 8 25 25
161.972 0 2 2 2 0 6 2 8 25 25
163.25 0 2 2 2 0 5 2 7 25 26
164.857 0 3 2 2 1 5 2 6 25 26
165.121 0 3 2 2 1 4 2 5 25 27
165.811 0 3 2 2 1 3 2 4 25 28
166.886 0 3 2 2 1 4 2 5 25 27
166.976 0 4 2 2 2 4 2 4 25 27
167.729 0 4 2 2 2 5 2 5 25 26
168.175 0 4 2 2 2 6 2 6 25 25
168.661 0 4 3 3 2 5 2 6 25 25
169.392 0 4 3 3 2 6 2 7 25 24
169.718 0 4 3 3 2 5 2 6 25 25
169.73 0 3 3 3 2 5 1 6 26 25
169.793 0 3 3 3 2 6 1 7 26 24
169.865 0 3 3 3 2 7 1 8 26 23
170.627 0 3 3 3 1 6 2 8 26 23
171.476 0 3 3 3 1 7 2 9 26 22
172.774 0 4 3 3 2 7 2 8 26 22
173.942 0 4 2 2 2 8 2 8 26 22
175.84 0 4 2 2 2 9 2 9 26 21
176.751 0 4 2 2 2 8 2 8 26 22
177.296 0 4 2 2 2 7 2 7 26 23
180.202 0 4 2 2 1 6 3 7 26 23
180.374 0 4 2 2 1 7 3 8 26 22
183.13 0 4 2 2 1 6 3 7 26 23
184.447 0 4 3 3 1 5 3 7 26 23
185.607 0 4 3 3 1 6 3 8 26 22
185.794 0 4 3 3 1 5 3 7 26 23
187.961 0 4 3 3 1 6 3 8 26 22
189.119 0 4 3 3 0 5 4 8 26 22
189.533 0 4 3 3 0 6 4 9 26 21
191.484 0 3 3 3 0 6 3 9 27 21
192.253 0 3 3 3 0 5 3 8 27 22
192.467 0 3 3 3 0 6 3 9 27 21
193.383 0 3 3 3 0 7 3 10 27 20
193.865 0 4 3 3 1 7 3 9 27 20
194.432 0 3 3 3 1 7 2 9 28 20
194.497 0 3 3 3 1 6 2 8 28 21
196.28 0 3 3 3 1 7 2 9 28 20
197.425 0 3 3 3 1 6 2 8 28 21
198.857 0 3 4 4 1 5 2 8 28 21
199.113 0 3 5 5 1 4 2 8 28 21
199.72 0 3 5 5 2 5 1 8 28 21
199.793 0 4 5 5 3 5 1 7 28 21
200.671 0 4 5 5 2 4 2 7 28 21
200.938 0 4 4 4 2 5 2 7 28 21
200.981 0 4 4 4 2 6 2 8 28 20
202.514 0 4 4 4 2 5 2 7 28 21
203.808 0 4 3 3 2 6 2 7 28 21
205.582 0 5 3 3 3 6 2 6 28 21
205.63 0 5 3 3 3 7 2 7 28 20
206.408 0 5 3 3 3 6 2 6 28 21
206.541 0 5 3 3 3 5 2 5 28 22
209.854 0 5 2 2 3 6 2 5 28 22
212.097 0 5 2 2 3 5 2 4 28 23
213.525 0 5 2 2 3 4 2 3 28 24
213.652 0 5 2 2 2 3 3 3 28 24
213.718 1 6 2 2 1 3 3 3 28 24
214.252 1 6 2 2 1 4 3 4 28 23
216.443 0 5 2 2 2 4 3 4 28 23
219.195 0 5 2 2 2 5 3 5 28 22
221.571 0 5 2 2 1 4 4 5 28 22
221.779 0 5 2 2 1 3 4 4 28 23
222.735 0 4 2 2 1 3 3 4 29 23
224.469 0 4 2 2 1 4 3 5 29 22
224.751 0 4 2 2 1 3 3 4 29 23
226.062 0 3 2 2 0 3 3 5 29 23
226.554 0 3 2 2 0 2 3 4 29 24
227.697 0 3 2 2 0 3 3 5 29 23
229.515 0 3 2 2 0 4 3 6 29 22
232.761 0 3 2 2 0 5 3 7 29 21
242.981 0 3 1 1 0 6 3 7 29 21
243.473 0 3 1 1 0 7 3 8 29 20
244.274 0 3 1 1 0 6 3 7 29 21
244.502 0 3 1 1 0 7 3 8 29 20
245.501 0 3 1 1 0 8 3 9 29 19
246 0 3 1 1 0 7 3 8 29 20
251.194 0 3 1 1 0 6 3 7 29 21
251.43 0 3 2 2 0 5 3 7 29 21
252.168 0 3 2 2 0 4 3 6 29 22
254.754 0 3 2 2 0 3 3 5 29 23
256.2 0 3 2 2 0 4 3 6 29 22
256.973 0 3 2 2 0 3 3 5 29 23
257.174 0 2 2 2 0 3 2 5 30 23
257.276 0 2 2 2 0 2 2 4 30 24
257.789 0 2 1 1 0 3 2 4 30 24
258.144 0 2 1 1 0 4 2 5 30 23
262.693 0 2 1 1 0 5 2 6 30 22
263.176 0 3 1 1 1 5 2 5 30 22
263.401 0 4 1 1 2 5 2 4 30 22
265.488 0 4 1 1 2 4 2 3 30 23
266.512 0 4 1 1 2 5 2 4 30 22
266.84 0 4 2 2 2 4 2 4 30 22
268.756 0 4 2 2 2 5 2 5 30 21
273.731 0 4 2 2 2 6 2 6 30 20
274.037 0 3 2 2 1 6 2 7 30 20
275.888 0 3 2 2 1 5 2 6 30 21
276.199 0 3 2 2 1 6 2 7 30 20
277.469 0 4 2 2 2 6 2 6 30 20
277.553 0 4 2 2 2 5 2 5 30 21
277.69 0 4 2 2 2 6 2 6 30 20
278.89 0 4 2 2 2 7 2 7 30 19
279.631 0 4 2 2 2 6 2 6 30 20
281.243 0 3 2 2 1 6 2 7 30 20
281.293 0 2 2 2 1 6 1 7 31 20
281.642 0 2 2 2 1 5 1 6 31 21
283.133 0 2 2 2 1 4 1 5 31 22
283.183 0 1 2 2 0 4 1 6 31 22
283.633 0 1 2 2 0 3 1 5 31 23
284.216 0 1 2 2 0 4 1 6 31 22
289.613 0 2 2 2 1 4 1 5 31 22
289.661 0 2 2 2 1 3 1 4 31 23
290.392 0 2 2 2 1 4 1 5 31 22
295.548 0 2 2 2 1 5 1 6 31 21
296.703 0 2 2 2 1 6 1 7 31 20
298.264 0 2 2 2 1 5 1 6 31 21
298.839 0 3 2 2 2 5 1 5 31 21
302.658 0 2 2 2 2 5 0 5 32 21
308.168 0 2 2 2 2 4 0 4 32 22
309.956 0 2 2 2 2 5 0 5 32 21
311.334 0 2 2 2 1 4 1 5 32 21
314.487 0 2 2 2 1 5 1 6 32 20
316.081 0 1 2 2 0 5 1 7 32 20
316.345 0 1 2 2 0 4 1 6 32 21
318.214 0 1 2 2 0 5 1 7 32 20
318.431 0 1 2 2 0 4 1 6 32 21
323.343 0 1 2 2 0 5 1 7 32 20
324.076 0 1 2 2 0 6 1 8 32 19
324.743 0 2 2 2 1 6 1 7 32 19
325.161 0 2 1 1 1 7 1 7 32 19
325.745 0 2 1 1 1 8 1 8 32 18
326.799 0 2 1 1 1 7 1 7 32 19
327.388 0 2 1 1 1 6 1 6 32 20
328.628 0 3 1 1 2 6 1 5 32 20
329.087 0 3 1 1 2 7 1 6 32 19
329.662 0 3 1 1 1 6 2 6 32 19
329.965 0 3 1 1 1 7 2 7 32 18
330.244 0 2 1 1 0 7 2 8 32 18
330.436 0 3 1 1 0 7 3 8 31 18
332.261 0 3 1 1 0 6 3 7 31 19
334.449 0 2 1 1 0 6 2 7 32 19
335.278 0 2 1 1 0 5 2 6 32 20
335.454 0 2 1 1 0 4 2 5 32 21
335.541 0 3 1 1 1 4 2 4 32 21
335.924 0 3 1 1 1 5 2 5 32 20
336.909 0 3 1 1 1 4 2 4 32 21
337.61 0 3 1 1 1 5 2 5 32 20
338.199 0 3 1 1 1 4 2 4 32 21
340.304 0 2 1 1 1 4 1 4 33 21
340.522 0 2 1 1 1 5 1 5 33 20
340.897 0 2 2 2 1 4 1 5 33 20
345.747 0 2 2 2 1 5 1 6 33 19
347.887 0 2 2 2 1 6 1 7 33 18
348.347 0 2 2 2 0 5 2 7 33 18
349.507 0 2 2 2 0 6 2 8 33 17
351.245 0 3 2 2 1 6 2 7 33 17
351.302 0 3 2 2 1 7 2 8 33 16
351.446 0 3 2 2 1 8 2 9 33 15
351.494 0 3 2 2 1 9 2 10 33 14
352.398 0 3 3 3 1 8 2 10 33 14
353.009 0 3 3 3 1 9 2 11 33 13
354.468 0 3 3 3 1 8 2 10 33 14
354.755 0 4 3 3 2 8 2 9 33 14
355.491 0 4 3 3 2 9 2 10 33 13
355.58 0 4 3 3 2 8 2 9 33 14
355.596 0 4 3 3 2 7 2 8 33 15
355.826 0 4 2 2 2 8 2 8 33 15
357.065 0 4 1 1 2 9 2 8 33 15
357.184 0 4 1 1 2 10 2 9 33 14
359.047 0 4 1 1 2 9 2 8 33 15
359.198 0 4 1 1 2 8 2 7 33 16
359.239 0 5 1 1 3 8 2 6 33 16
361.032 0 5 1 1 3 9 2 7 33 15
361.394 0 5 1 1 2 8 3 7 33 15
361.777 0 5 1 1 2 9 3 8 33 14
361.924 0 4 1 1 2 9 2 8 34 14
362.095 0 4 1 1 2 10 2 9 34 13
363.014 0 4 1 1 2 9 2 8 34 14
363.207 0 4 2 2 2 8 2 8 34 14
363.772 1 5 2 2 1 8 2 8 34 14
368.648 1 5 2 2 1 7 2 7 34 15
369.739 1 6 2 2 2 7 2 6 34 15
370.328 1 6 2 2 2 6 2 5 34 16
370.583 1 6 2 2 2 5 2 4 34 17
371.313 1 6 2 2 2 6 2 5 34 16
371.643 1 6 2 2 2 5 2 4 34 17
373.518 1 7 2 2 3 5 2 3 34 17
375.416 1 6 2 2 2 5 2 4 34 17
376.194 1 6 2 2 2 6 2 5 34 16
377.081 1 5 2 2 2 6 1 5 35 16
377.355 1 4 2 2 1 6 1 6 35 16
378.752 1 4 3 3 1 5 1 6 35 16
380.525 1 5 3 3 1 5 2 6 34 16
382.836 1 5 2 2 1 6 2 6 34 16
384.1 1 6 2 2 2 6 2 5 34 16
384.419 1 6 2 2 2 5 2 4 34 17
386.355 1 6 2 2 1 4 3 4 34 17
389.055 1 6 2 2 1 5 3 5 34 16
389.47 1 6 2 2 1 6 3 6 34 15
391.376 1 5 2 2 1 6 2 6 35 15
391.626 1 5 2 2 1 7 2 7 35 14
392.07 0 4 2 2 2 7 2 7 35 14
392.56 0 4 2 2 2 8 2 8 35 13
393.417 0 3 2 2 2 8 1 8 36 13
393.804 0 3 2 2 2 9 1 9 36 12
394.697 0 3 2 2 2 8 1 8 36 13
396.699 0 3 3 3 2 7 1 8 36 13
399.191 0 3 3 3 2 6 1 7 36 14
400.473 0 3 3 3 2 5 1 6 36 15
401.505 0 4 3 3 3 5 1 5 36 15
401.596 0 3 3 3 3 5 0 5 37 15
406.149 0 3 3 3 2 4 1 5 37 15
407.916 0 3 3 3 1 3 2 5 37 15
408.106 0 3 2 2 1 4 2 5 37 15
411.91 0 3 2 2 0 3 3 5 37 15
414.314 0 3 2 2 0 4 3 6 37 14
424.48 0 3 2 2 0 5 3 7 37 13
424.546 0 4 2 2 0 5 4 7 36 13
424.843 0 4 2 2 0 4 4 6 36 14
425.228 0 4 2 2 0 3 4 5 36 15
428.205 0 3 2 2 0 3 3 5 37 15
428.315 0 3 2 2 0 2 3 4 37 16
428.759 0 3 1 1 0 3 3 4 37 16
429.512 0 2 1 1 0 3 2 4 38 16
432.642 0 2 1 1 0 2 2 3 38 17
433.158 0 2 1 1 0 1 2 2 38 18
436.132 0 2 1 1 0 2 2 3 38 17
439.087 0 2 1 1 0 3 2 4 38 16
447.445 0 2 1 1 0 2 2 3 38 17
448.37 0 2 1 1 0 1 2 2 38 18
451.838 0 2 0 0 0 2 2 2 38 18
459.736 0 3 0 0 1 2 2 1 38 18
459.805 0 3 0 0 0 1 3 1 38 18
459.974 0 3 0 0 0 2 3 2 38 17
462.603 0 3 0 0 0 3 3 3 38 16
465.791 0 3 0 0 0 4 3 4 38 15
466.106 0 3 0 0 0 3 3 3 38 16
466.416 0 3 0 0 0 4 3 4 38 15
469.417 0 3 0 0 0 5 3 5 38 14
469.754 0 3 1 1 0 4 3 5 38 14
470.323 0 3 1 1 0 5 3 6 38 13
470.914 0 2 1 1 0 5 2 6 39 13
472.123 0 1 1 1 0 5 1 6 40 13
472.559 0 2 1 1 0 5 2 6 39 13
474.923 0 2 2 2 0 4 2 6 39 13
475.658 0 3 2 2 1 4 2 5 39 13
476.845 0 3 2 2 1 5 2 6 39 12
477.012 0 3 2 2 1 4 2 5 39 13
477.493 0 3 2 2 1 5 2 6 39 12
479.521 0 2 2 2 1 5 1 6 40 12
480.458 1 3 2 2 0 5 1 6 40 12
481.098 1 3 2 2 0 4 1 5 40 13
481.708 1 4 2 2 1 4 1 4 40 13
485.82 1 4 2 2 1 5 1 5 40 12
488.834 1 4 2 2 1 6 1 6 40 11
489.849 1 4 2 2 1 7 1 7 40 10
490.478 1 3 2 2 0 7 1 8 40 10
495.509 1 3 2 2 0 6 1 7 40 11
497.697 1 3 2 2 0 7 1 8 40 10
498.239 1 3 2 2 0 6 1 7 40 11
499.947 1 3 2 2 0 5 1 6 40 12
504.163 1 3 2 2 0 6 1 7 40 11
507.852 1 3 2 2 0 7 1 8 40 10
509.301 1 3 2 2 0 8 1 9 40 9
509.51 1 3 2 2 0 7 1 8 40 10
509.53 1 3 2 2 0 6 1 7 40 11
512.595 1 4 2 2 0 6 2 7 39 11
512.865 1 4 2 2 0 7 2 8 39 10
514.549 1 4 2 2 0 8 2 9 39 9
514.719 1 4 2 2 0 7 2 8 39 10
514.878 1 4 2 2 0 6 2 7 39 11
516.51 1 4 2 2 0 5 2 6 39 12
517.528 1 4 2 2 0 4 2 5 39 13
518.509 1 4 2 2 0 5 2 6 39 12
521.584 1 4 2 2 0 4 2 5 39 13
523.991 1 4 2 2 0 3 2 4 39 14
525.109 1 4 2 2 0 2 2 3 39 15
527.873 1 4 2 2 0 3 2 4 39 14
530.069 1 4 2 2 0 4 2 5 39 13
531.263 1 3 2 2 0 4 1 5 40 13
534.235 1 3 3 3 0 3 1 5 40 13
535.369 1 3 3 3 0 2 1 4 40 14
539.277 1 3 4 4 0 1 1 4 40 14
542.578 1 3 5 5 0 0 1 4 40 14
544.889 1 3 4 4 0 1 1 4 40 14
545.262 1 3 3 3 0 2 1 4 40 14
547.265 1 3 2 2 0 3 1 4 40 14
548.121 1 3 2 2 0 4 1 5 40 13
549.55 1 3 2 2 0 3 1 4 40 14
550.297 1 3 2 2 0 4 1 5 40 13
551.583 0 2 2 2 1 4 1 5 40 13
555.715 0 1 2 2 1 4 0 5 41 13
557.752 0 1 2 2 1 3 0 4 41 14
558.291 0 1 2 2 1 4 0 5 41 13
563.944 0 1 2 2 1 3 0 4 41 14
564.19 0 1 2 2 1 2 0 3 41 15
564.687 0 1 2 2 1 3 0 4 41 14
565.678 0 1 1 1 1 4 0 4 41 14
565.954 0 1 1 1 1 5 0 5 41 13
567.422 0 1 1 1 1 4 0 4 41 14
567.469 0 1 1 1 1 3 0 3 41 15
569.6 0 2 1 1 1 3 1 3 40 15
571.429 0 2 1 1 1 2 1 2 40 16
574.228 0 2 1 1 1 3 1 3 40 15
576.354 0 1 1 1 1 3 0 3 41 15
577.617 0 1 1 1 1 4 0 4 41 14
582.916 0 1 1 1 1 5 0 5 41 13
587.9 1 2 1 1 0 5 0 5 41 13
591.708 1 2 1 1 0 6 0 6 41 12
594.746 1 2 1 1 0 5 0 5 41 13
598.181 1 2 1 1 0 4 0 4 41 14
599.801 0 1 1 1 1 4 0 4 41 14
601.105 0 1 1 1 1 3 0 3 41 15
609.092 0 2 1 1 2 3 0 2 41 15
615.802 0 3 1 1 3 3 0 1 41 15
616.707 0 3 1 1 2 2 1 1 41 15
617.212 0 2 1 1 2 2 0 1 42 15
619.507 1 3 1 1 1 2 0 1 42 15
623.723 1 3 1 1 1 3 0 2 42 14
627.254 1 3 1 1 1 4 0 3 42 13
627.478 1 3 1 1 1 5 0 4 42 12
628.437 0 2 1 1 2 5 0 4 42 12
629.335 0 3 1 1 3 5 0 3 42 12
630.689 0 3 1 1 3 6 0 4 42 11
631.559 0 3 2 2 3 5 0 4 42 11
643.838 0 4 2 2 4 5 0 3 42 11
644.327 0 4 2 2 4 4 0 2 42 12
644.75 0 3 2 2 3 4 0 3 42 12
645.44 0 3 2 2 3 5 0 4 42 11
645.961 0 4 2 2 4 5 0 3 42 11
647.581 0 4 2 2 4 4 0 2 42 12
647.965 0 4 2 2 3 3 1 2 42 12
649.32 0 3 2 2 2 3 1 3 42 12
651.023 0 3 2 2 2 4 1 4 42 11
656.27 0 4 2 2 3 4 1 3 42 11
657.793 0 4 2 2 3 5 1 4 42 10
658.537 0 4 1 1 3 6 1 4 42 10
658.577 0 3 1 1 2 6 1 5 42 10
659.069 0 3 1 1 2 5 1 4 42 11
667.766 0 3 1 1 2 4 1 3 42 12
673.117 0 3 0 0 2 5 1 3 42 12
679.229 0 3 0 0 2 6 1 4 42 11
680.302 0 3 0 0 2 7 1 5 42 10
684.018 0 2 0 0 1 7 1 6 42 10
684.673 0 3 0 0 2 7 1 5 42 10
684.724 0 3 0 0 2 8 1 6 42 9
686.793 0 3 1 1 2 7 1 6 42 9
689.382 0 3 2 2 2 6 1 6 42 9
696.177 0 3 2 2 2 5 1 5 42 10
697.551 0 3 2 2 1 4 2 5 42 10
699.741 0 3 2 2 1 5 2 6 42 9
705.068 0 3 2 2 1 6 2 7 42 8
705.258 0 3 1 1 1 7 2 7 42 8
707.707 0 3 1 1 1 6 2 6 42 9
708.957 0 2 1 1 0 6 2 7 42 9
709.153 0 2 1 1 0 5 2 6 42 10
712.564 0 2 1 1 0 6 2 7 42 9
714.451 0 3 1 1 1 6 2 6 42 9
714.897 0 3 1 1 1 5 2 5 42 10
715.068 0 3 1 1 1 4 2 4 42 11
718.624 0 3 1 1 1 5 2 5 42 10
720.394 0 3 1 1 1 4 2 4 42 11
721.352 0 3 2 2 1 3 2 4 42 11
727.801 0 4 2 2 2 3 2 3 42 11
732.117 0 4 2 2 2 2 2 2 42 12
732.87 1 5 2 2 1 2 2 2 42 12
735.37 1 5 2 2 1 3 2 3 42 11
737.396 1 4 2 2 1 3 1 3 43 11
738.007 1 4 3 3 1 2 1 3 43 11
738.516 1 4 2 2 1 3 1 3 43 11
739.362 1 4 2 2 1 4 1 4 43 10
739.97 1 4 2 2 1 5 1 5 43 9
740.798 1 4 1 1 1 6 1 5 43 9
741.738 1 4 1 1 1 5 1 4 43 10
743.272 1 4 1 1 1 4 1 3 43 11
743.858 1 5 1 1 2 4 1 2 43 11
745.916 1 5 1 1 1 3 2 2 43 11
756.294 1 5 1 1 1 4 2 3 43 10
757.112 0 4 1 1 2 4 2 3 43 10
758.006 0 4 1 1 2 5 2 4 43 9
759.023 0 4 1 1 2 4 2 3 43 10
762.023 0 4 1 1 2 5 2 4 43 9
765.897 1 5 1 1 1 5 2 4 43 9
770.36 1 5 1 1 1 6 2 5 43 8
773.749 1 5 1 1 1 7 2 6 43 7
777.005 1 6 1 1 1 7 3 6 42 7
777.679 1 7 1 1 2 7 3 5 42 7
778.119 1 6 1 1 2 7 2 5 43 7
778.27 1 5 1 1 2 7 1 5 44 7
779.035 1 5 1 1 2 6 1 4 44 8
779.558 1 4 1 1 1 6 1 5 44 8
779.604 1 4 1 1 0 5 2 5 44 8
781.079 1 4 1 1 0 6 2 6 44 7
786.045 1 3 1 1 0 6 1 6 45 7
791.681 1 3 1 1 1 7 0 6 45 7
791.798 1 3 1 1 1 6 0 5 45 8
797.768 1 2 1 1 0 6 0 6 45 8
799.202 1 2 1 1 0 5 0 5 45 9
799.941 1 2 2 2 0 4 0 5 45 9
810.838 1 2 2 2 0 5 0 6 45 8
812.54 1 2 2 2 0 4 0 5 45 9
813.642 0 1 2 2 1 4 0 5 45 9
813.823 0 1 2 2 1 3 0 4 45 10
818.118 0 1 2 2 1 4 0 5 45 9
819.493 0 1 2 2 1 5 0 6 45 8
823.204 0 1 2 2 1 4 0 5 45 9
828.402 0 1 2 2 0 3 1 5 45 9
831.572 0 2 2 2 1 3 1 4 45 9
837.667 0 2 2 2 1 2 1 3 45 10
838.639 0 1 2 2 1 2 0 3 46 10
847.544 0 1 2 2 1 3 0 4 46 9
848.366 0 1 2 2 0 2 1 4 46 9
849.146 0 1 2 2 0 1 1 3 46 10
854.821 0 1 2 2 0 2 1 4 46 9
855.693 0 1 2 2 0 1 1 3 46 10
859.792 0 1 2 2 0 0 1 2 46 11
864.476 0 1 1 1 0 1 1 2 46 11
871.226 0 2 1 1 1 1 1 1 46 11
875.903 0 2 1 1 1 2 1 2 46 10
884.6 0 2 1 1 1 3 1 3 46 9
889.561 0 2 1 1 1 2 1 2 46 10
897.299 1 3 1 1 0 2 1 2 46 10
901.334 1 4 1 1 1 2 1 1 46 10
901.758 2 5 1 1 0 2 1 1 46 10
902.43 2 5 1 1 0 3 1 2 46 9
904.008 2 5 1 1 0 4 1 3 46 8
907.478 2 5 1 1 0 3 1 2 46 9
907.523 1 4 1 1 1 3 1 2 46 9
909.217 1 3 1 1 1 3 0 2 47 9
910.97 1 3 1 1 1 2 0 1 47 10
913.629 1 3 1 1 1 3 0 2 47 9
915.615 1 3 1 1 1 4 0 3 47 8
915.756 1 3 1 1 1 5 0 4 47 7
920.505 1 3 1 1 1 4 0 3 47 8
924.997 1 3 1 1 1 3 0 2 47 9
931.927 2 4 1 1 0 3 0 2 47 9
934.778 2 4 1 1 0 2 0 1 47 10
936.27 2 4 1 1 0 3 0 2 47 9
937.682 2 5 1 1 1 3 0 1 47 9
942.162 3 6 1 1 0 3 0 1 47 9
947.673 3 6 1 1 0 4 0 2 47 8
950.444 3 6 1 1 0 3 0 1 47 9
956.704 2 5 1 1 1 3 0 1 47 9
958.89 2 5 1 1 1 4 0 2 47 8
960.318 1 4 1 1 2 4 0 2 47 8
975.29 0 3 1 1 3 4 0 2 47 8
987.853 1 4 1 1 2 4 0 2 47 8
988.078 1 4 1 1 2 5 0 3 47 7
990.518 0 3 1 1 3 5 0 3 47 7
993.541 0 3 1 1 3 4 0 2 47 8
996.742 0 3 1 1 3 3 0 1 47 9
997.036 0 3 1 1 3 4 0 2 47 8
998.361 1 4 1 1 2 4 0 2 47 8
1000.19 1 3 1 1 1 4 0 3 47 8
1005.56 1 4 1 1 2 4 0 2 47 8
1006.4 1 3 1 1 1 4 0 3 47 8
1008.35 1 3 0 0 1 5 0 3 47 8
1009.17 1 4 0 0 1 5 1 3 46 8
1011.19 1 3 0 0 1 5 0 3 47 8
1014.3 1 3 0 0 1 6 0 4 47 7
1017.18 1 3 0 0 1 5 0 3 47 8
1024.78 1 3 0 0 1 4 0 2 47 9
1025.3 1 3 0 0 1 5 0 3 47 8
1029.2 1 2 0 0 0 5 0 4 47 8
1045.47 1 2 0 0 0 4 0 3 47 9
1046.86 1 2 0 0 0 3 0 2 47 10
1047.91 1 2 0 0 0 4 0 3 47 9
1048.09 1 2 0 0 0 3 0 2 47 10
1055.98 1 3 0 0 1 3 0 1 47 10
1057.99 1 3 0 0 1 2 0 0 47 11
1066.69 2 4 0 0 0 2 0 0 47 11
1068.96 2 4 0 0 0 3 0 1 47 10
1073.01 2 4 0 0 0 2 0 0 47 11
1079.35 2 4 0 0 0 3 0 1 47 10
1081.92 2 4 0 0 0 4 0 2 47 9
1082.9 2 4 0 0 0 5 0 3 47 8
1083.46 2 4 0 0 0 6 0 4 47 7
1091.62 2 4 1 1 0 5 0 4 47 7
1092.31 2 4 1 1 0 4 0 3 47 8
1092.93 2 4 1 1 0 5 0 4 47 7
1093.9 2 4 1 1 0 4 0 3 47 8
1106.42 2 4 1 1 0 3 0 2 47 9
1118.61 2 4 1 1 0 4 0 3 47 8
1119.33 1 3 1 1 1 4 0 3 47 8
1121.95 1 3 1 1 1 3 0 2 47 9
1124.53 1 3 2 2 1 2 0 2 47 9
1126.07 0 2 2 2 2 2 0 2 47 9
1133.12 0 2 2 2 2 3 0 3 47 8
1135.96 0 2 2 2 2 2 0 2 47 9
1136.95 0 2 2 2 2 3 0 3 47 8
1137.38 1 3 2 2 1 3 0 3 47 8
1138.72 1 4 2 2 2 3 0 2 47 8
1142.06 1 5 2 2 2 3 1 2 46 8
1144.52 0 4 2 2 3 3 1 2 46 8
1144.74 0 4 2 2 2 2 2 2 46 8
1145.36 1 5 2 2 1 2 2 2 46 8
1146.6 1 5 2 2 1 3 2 3 46 7
1154.41 1 5 3 3 1 2 2 3 46 7
1155.03 1 5 3 3 1 3 2 4 46 6
1155.45 1 5 2 2 1 4 2 4 46 6
1159 1 4 2 2 1 4 1 4 47 6
1159.97 1 5 2 2 2 4 1 3 47 6
1162.37 1 6 2 2 2 4 2 3 46 6
1162.82 1 6 2 2 2 3 2 2 46 7
1167.52 1 5 2 2 1 3 2 3 46 7
1169.06 1 5 2 2 1 4 2 4 46 6
1169.1 1 5 2 2 0 3 3 4 46 6
1170.25 1 4 2 2 0 3 2 4 47 6
1170.89 1 4 2 2 0 4 2 5 47 5
1173.9 1 4 2 2 1 5 1 5 47 5
1178.85 0 3 2 2 2 5 1 5 47 5
1181.2 1 4 2 2 1 5 1 5 47 5
1181.5 1 4 2 2 1 4 1 4 47 6
1184.01 2 5 2 2 0 4 1 4 47 6
1188.97 1 4 2 2 1 4 1 4 47 6
1189.58 1 3 2 2 0 4 1 5 47 6
1191.88 1 3 2 2 0 3 1 4 47 7
1199.38 1 4 2 2 1 3 1 3 47 7
1204.07 1 4 2 2 1 4 1 4 47 6
1206.45 1 3 2 2 1 4 0 4 48 6
1209.08 1 3 2 2 1 5 0 5 48 5
1212.51 1 3 2 2 1 4 0 4 48 6
1212.54 1 3 2 2 1 5 0 5 48 5
1213.72 1 4 2 2 2 5 0 4 48 5
1214.29 1 5 2 2 3 5 0 3 48 5
1215.62 1 6 2 2 3 5 1 3 47 5
1215.79 2 7 2 2 2 5 1 3 47 5
1216.87 3 8 2 2 1 5 1 3 47 5
1221.72 3 9 2 2 1 5 2 3 46 5
1223.12 2 8 2 2 2 5 2 3 46 5
1223.17 1 7 2 2 3 5 2 3 46 5
1224.24 1 6 2 2 3 5 1 3 47 5
1225.23 1 6 2 2 3 4 1 2 47 6
1230.02 2 7 2 2 2 4 1 2 47 6
1231.7 2 6 2 2 2 4 0 2 48 6
1231.81 2 6 3 3 2 3 0 2 48 6
1234.55 1 5 3 3 3 3 0 2 48 6
1240.27 1 5 3 3 2 2 1 2 48 6
1240.39 2 6 3 3 1 2 1 2 48 6
1249.14 3 7 3 3 0 2 1 2 48 6
1250.87 3 7 2 2 0 3 1 2 48 6
1252.49 2 6 2 2 1 3 1 2 48 6
1255.95 1 5 2 2 2 3 1 2 48 6
1261.18 1 4 2 2 2 3 0 2 49 6
1261.67 1 4 2 2 2 2 0 1 49 7
1264.19 1 4 2 2 2 3 0 2 49 6
1265.67 1 4 2 2 2 4 0 3 49 5
1269.79 1 4 1 1 2 5 0 3 49 5
1271.65 1 3 1 1 1 5 0 4 49 5
1272.19 1 4 1 1 2 5 0 3 49 5
1273.17 1 4 2 2 2 4 0 3 49 5
1274.57 1 4 2 2 2 5 0 4 49 4
1274.79 1 4 2 2 2 4 0 3 49 5
1279.12 1 5 2 2 3 4 0 2 49 5
1282.08 1 5 2 2 2 3 1 2 49 5
1283.59 1 5 3 3 2 2 1 2 49 5
1284.56 0 4 3 3 3 2 1 2 49 5
1290.96 0 4 3 3 3 3 1 3 49 4
1297.29 0 4 3 3 2 2 2 3 49 4
1301.6 0 4 3 3 2 3 2 4 49 3
1302.57 0 4 3 3 2 2 2 3 49 4
1303.49 0 4 3 3 1 1 3 3 49 4
1305.4 0 4 3 3 1 2 3 4 49 3
1308.26 0 4 3 3 1 3 3 5 49 2
1313.48 0 4 2 2 1 4 3 5 49 2
1314.05 0 4 3 3 1 3 3 5 49 2
1314.33 0 3 3 3 1 3 2 5 50 2
1315.43 0 4 3 3 1 3 3 5 49 2
1315.62 0 4 3 3 2 4 2 5 49 2
1316.5 0 4 3 3 1 3 3 5 49 2
1316.56 0 4 3 3 0 2 4 5 49 2
1316.95 0 4 3 3 0 1 4 4 49 3
1321.92 0 4 3 3 0 2 4 5 49 2
1323.54 0 3 3 3 0 2 3 5 50 2
1330.46 0 3 3 3 1 3 2 5 50 2
1335.57 0 3 4 4 1 2 2 5 50 2
1338.28 0 4 4 4 2 2 2 4 50 2
1338.37 0 5 4 4 2 2 3 4 49 2
1339.11 0 4 4 4 2 2 2 4 50 2
1339.59 0 4 5 5 2 1 2 4 50 2
1341.45 0 3 5 5 1 1 2 5 50 2
1343.07 0 3 4 4 1 2 2 5 50 2
1343.39 0 3 3 3 1 3 2 5 50 2
1349.9 0 4 3 3 1 3 3 5 49 2
1350.01 1 5 3 3 0 3 3 5 49 2
1350.12 1 6 3 3 1 3 3 4 49 2
1350.44 1 6 4 4 1 2 3 4 49 2
1351.49 0 5 4 4 2 2 3 4 49 2
1352.05 0 5 3 3 2 3 3 4 49 2
1354.47 0 6 3 3 2 3 4 4 48 2
1354.77 0 5 3 3 2 3 3 4 49 2
1355.77 0 5 3 3 1 2 4 4 49 2
1359.03 0 4 3 3 0 2 4 5 49 2
1368.56 0 5 3 3 1 2 4 4 49 2
1368.93 0 6 3 3 1 2 5 4 48 2
1369.65 0 5 3 3 1 2 4 4 49 2
1371.69 0 4 3 3 1 2 3 4 50 2
1373.19 0 3 3 3 1 2 2 4 51 2
1376.44 1 4 3 3 0 2 2 4 51 2
1384.33 1 3 3 3 0 2 1 4 52 2
1388.4 0 2 3 3 1 2 1 4 52 2
1393.54 0 2 2 2 1 3 1 4 52 2
1394.11 0 3 2 2 2 3 1 3 52 2
1398.66 1 4 2 2 1 3 1 3 52 2
1398.92 1 4 2 2 1 2 1 2 52 3
1401.95 1 5 2 2 1 2 2 2 51 3
1402.2 0 4 2 2 2 2 2 2 51 3
1402.44 0 4 2 2 1 1 3 2 51 3
1404.31 0 4 2 2 1 2 3 3 51 2
1413 0 3 2 2 0 2 3 4 51 2
1413.92 0 4 2 2 0 2 4 4 50 2
1414.99 0 3 2 2 0 2 3 4 51 2
1415.22 0 2 2 2 0 2 2 4 52 2
1418.61 0 2 2 2 0 1 2 3 52 3
1419.1 0 3 2 2 0 1 3 3 51 3
1421.46 0 2 2 2 0 1 2 3 52 3
1424.42 0 2 2 2 0 2 2 4 52 2
1428.23 0 2 2 2 0 1 2 3 52 3
1430.81 0 3 2 2 1 1 2 2 52 3
1447.47 1 4 2 2 0 1 2 2 52 3
1455.89 1 3 2 2 0 1 1 2 53 3
1462.75 0 2 2 2 1 1 1 2 53 3
1466.48 0 1 2 2 1 1 0 2 54 3
1475.88 0 1 1 1 1 2 0 2 54 3
1486.28 0 1 1 1 1 1 0 1 54 4
1490.84 0 1 1 1 1 2 0 2 54 3
1511.19 0 1 1 1 1 1 0 1 54 4
1525.47 0 1 1 1 1 2 0 2 54 3
1529.28 0 2 1 1 1 2 1 2 53 3
1536.18 1 3 1 1 0 2 1 2 53 3
1546.31 1 3 1 1 0 3 1 3 53 2
1548 1 4 1 1 1 3 1 2 53 2
1549.46 1 4 0 0 1 4 1 2 53 2
1555.36 1 3 0 0 0 4 1 3 53 2
1556.47 1 3 0 0 0 3 1 2 53 3
1557.31 1 3 0 0 0 4 1 3 53 2
1558.94 1 2 0 0 0 4 0 3 54 2
1558.99 1 2 0 0 0 3 0 2 54 3
1565.16 1 2 0 0 0 2 0 1 54 4
1575.44 1 3 0 0 1 2 0 0 54 4
1579.85 1 3 0 0 1 3 0 1 54 3
1583.36 2 4 0 0 0 3 0 1 54 3
1598.81 2 5 0 0 0 3 1 1 53 3
1601.83 2 5 1 1 0 2 1 1 53 3
1607.78 2 6 1 1 0 2 2 1 52 3
1618.59 2 5 1 1 0 2 1 1 53 3
1620.72 2 6 1 1 0 2 2 1 52 3
1626.44 2 6 0 0 0 3 2 1 52 3
1626.98 2 5 0 0 0 3 1 1 53 3
1629.13 2 5 1 1 0 2 1 1 53 3
1631.58 2 4 1 1 0 2 0 1 54 3
1635.36 1 3 1 1 1 2 0 1 54 3
1638.09 2 4 1 1 0 2 0 1 54 3
1643.14 2 4 1 1 0 3 0 2 54 2
1644.68 2 5 1 1 0 3 1 2 53 2
1647.12 1 4 1 1 1 3 1 2 53 2
1649.5 0 3 1 1 2 3 1 2 53 2
1650.47 1 4 1 1 1 3 1 2 53 2
1651.78 1 3 1 1 1 3 0 2 54 2
1659.11 1 3 1 1 1 4 0 3 54 1
1670.95 1 2 1 1 0 4 0 4 54 1
1674.54 1 2 2 2 0 3 0 4 54 1
1674.62 1 2 3 3 0 2 0 4 54 1
1674.72 1 3 3 3 1 2 0 3 54 1
1674.77 1 3 3 3 1 1 0 2 54 2
1678.35 1 3 3 3 1 0 0 1 54 3
1693.28 1 3 3 3 1 1 0 2 54 2
1694.11 2 4 3 3 0 1 0 2 54 2
1697.19 1 3 3 3 1 1 0 2 54 2
1699.07 1 3 2 2 1 2 0 2 54 2
1699.14 1 3 1 1 1 3 0 2 54 2
1702.36 2 4 1 1 0 3 0 2 54 2
1709.31 1 3 1 1 1 3 0 2 54 2
1718.97 1 3 1 1 1 4 0 3 54 1
1721.32 1 3 1 1 1 3 0 2 54 2
1721.6 2 4 1 1 0 3 0 2 54 2
1724.43 2 4 1 1 0 2 0 1 54 3
1733.31 2 4 2 2 0 1 0 1 54 3
1733.47 1 3 2 2 1 1 0 1 54 3
1738.73 1 3 2 2 1 2 0 2 54 2
1739.78 1 4 2 2 2 2 0 1 54 2
1742.21 1 5 2 2 2 2 1 1 53 2
1742.74 1 4 2 2 2 2 0 1 54 2
1745.21 1 3 2 2 1 2 0 2 54 2
1747.3 1 3 1 1 1 3 0 2 54 2
1749.41 1 3 2 2 1 2 0 2 54 2
1753.81 1 3 1 1 1 3 0 2 54 2
1762.55 1 3 2 2 1 2 0 2 54 2
1767.07 1 3 2 2 0 1 1 2 54 2
1770.1 1 3 2 2 0 2 1 3 54 1
1772.73 1 3 2 2 0 1 1 2 54 2
1777.26 1 3 1 1 0 2 1 2 54 2
1777.82 1 4 1 1 0 2 2 2 53 2
1779.36 1 4 1 1 0 3 2 3 53 1
1779.68 0 3 1 1 1 3 2 3 53 1
1780.31 0 3 2 2 1 2 2 3 53 1
1780.45 0 2 2 2 0 2 2 4 53 1
1783.03 0 3 2 2 1 2 2 3 53 1
1784.16 0 3 1 1 1 3 2 3 53 1
1790.57 0 3 1 1 1 2 2 2 53 2
1796.03 0 4 1 1 2 2 2 1 53 2
1809.46 1 5 1 1 1 2 2 1 53 2
1809.68 1 5 1 1 0 1 3 1 53 2
1814.17 1 4 1 1 0 1 2 1 54 2
1818.86 1 4 1 1 0 2 2 2 54 1
1826.09 0 3 1 1 1 2 2 2 54 1
1829.36 0 3 2 2 1 1 2 2 54 1
1837.29 0 2 2 2 0 1 2 3 54 1
1842.74 0 2 2 2 0 2 2 4 54 0
1848.69 0 2 2 2 0 1 2 3 54 1
1868.73 0 2 1 1 0 2 2 3 54 1
1884.55 0 2 0 0 0 3 2 3 54 1
1887.87 0 2 0 0 1 4 1 3 54 1
1888.64 0 2 0 0 1 3 1 2 54 2
1889.96 0 2 0 0 0 2 2 2 54 2
1892.54 0 1 0 0 0 2 1 2 55 2
1894.23 0 2 0 0 1 2 1 1 55 2
1895.99 0 3 0 0 2 2 1 0 55 2
1896.62 0 3 0 0 1 1 2 0 55 2
1913.33 0 2 0 0 1 1 1 0 56 2
1936.34 1 3 0 0 0 1 1 0 56 2
1946.08 1 4 0 0 0 1 2 0 55 2
1968.05 1 3 0 0 0 1 1 0 56 2
2008.83 1 3 1 1 0 0 1 0 56 2
2015.47 1 2 1 1 0 0 0 0 57 2
2018.46 1 3 1 1 0 0 1 0 56 2
2025.75 1 3 1 1 0 1 1 1 56 1
2030.84 0 2 1 1 1 1 1 1 56 1
2035.85 0 2 1 1 1 0 1 0 56 2
2047.31 0 1 1 1 0 0 1 1 56 2
2060.21 0 1 1 1 0 1 1 2 56 1
2070.54 0 1 1 1 0 0 1 1 56 2
2075.26 0 0 1 1 0 0 0 1 57 2
2075.83 0 0 1 1 0 1 0 2 57 1
2091.52 0 0 0 0 0 2 0 2 57 1
2092.27 0 0 1 1 0 1 0 2 57 1
2104.5 0 0 2 2 0 0 0 2 57 1
2105.08 0 1 2 2 0 0 1 2 56 1
2106.37 0 1 2 2 0 1 1 3 56 0
2107.49 0 1 2 2 0 0 1 2 56 1
2120.85 0 2 2 2 1 0 1 1 56 1
2121.19 0 3 2 2 1 0 2 1 55 1
2124.54 0 2 2 2 0 0 2 2 55 1
2126.5 0 2 1 1 0 1 2 2 55 1
2127.27 0 1 1 1 0 1 1 2 56 1
2135.97 0 1 1 1 0 0 1 1 56 2
2167.37 0 1 1 1 0 1 1 2 56 1
2174.7 0 2 1 1 1 1 1 1 56 1
2174.73 1 3 1 1 0 1 1 1 56 1
2182.81 1 2 1 1 0 1 0 1 57 1
2191.01 1 2 1 1 0 0 0 0 57 2
2197.65 1 2 1 1 0 1 0 1 57 1
2203.27 1 3 1 1 0 1 1 1 56 1
2213.91 1 3 2 2 0 0 1 1 56 1
2218.75 0 2 2 2 1 0 1 1 56 1
2219.32 0 3 2 2 2 0 1 0 56 1
2220.14 0 4 2 2 2 0 2 0 55 1
2222.23 0 3 2 2 1 0 2 1 55 1
2227.68 0 2 2 2 1 0 1 1 56 1
2231.98 0 1 2 2 1 0 0 1 57 1
2238.42 0 1 1 1 1 1 0 1 57 1
2243.15 0 2 1 1 1 1 1 1 56 1
2244.19 0 1 1 1 1 1 0 1 57 1
2252.55 0 1 1 1 1 2 0 2 57 0
2256.25 0 2 1 1 2 2 0 1 57 0
2268.23 0 2 1 1 1 1 1 1 57 0
2283.66 0 3 1 1 1 1 2 1 56 0
2305.61 0 4 1 1 1 1 3 1 55 0
2310.34 0 3 1 1 1 1 2 1 56 0
2317.25 0 4 1 1 2 1 2 0 56 0
2320.44 0 3 1 1 2 1 1 0 57 0
2321.85 0 2 1 1 1 1 1 1 57 0
2337.3 0 2 1 1 1 0 1 0 57 1
2338.94 0 2 1 1 2 1 0 0 57 1
2339.95 1 3 1 1 1 1 0 0 57 1
2340.47 1 2 1 1 0 1 0 1 57 1
2349.14 1 3 1 1 0 1 1 1 56 1
2374.17 1 2 1 1 0 1 0 1 57 1
2378.25 1 3 1 1 0 1 1 1 56 1
2390.06 1 2 1 1 0 1 0 1 57 1
2402.85 1 2 2 2 0 0 0 1 57 1
2411.14 1 3 2 2 0 0 1 1 56 1
2423.96 1 2 2 2 0 0 0 1 57 1
2434.98 1 3 2 2 0 0 1 1 56 1
2436.09 1 4 2 2 0 0 2 1 55 1
2439.59 1 3 2 2 0 0 1 1 56 1
2464.75 1 3 1 1 0 1 1 1 56 1
2466.68 1 3 0 0 0 2 1 1 56 1
2468.34 1 4 0 0 0 2 2 1 55 1
2469.3 1 4 1 1 0 1 2 1 55 1
2482.18 1 5 1 1 0 1 3 1 54 1
2491.57 1 4 1 1 0 1 2 1 55 1
2497.75 1 4 0 0 0 2 2 1 55 1
2520.76 0 3 0 0 1 2 2 1 55 1
2522.85 0 2 0 0 1 2 1 1 56 1
2528.87 0 2 0 0 0 1 2 1 56 1
2532.49 0 2 0 0 0 2 2 2 56 0
2536.52 0 3 0 0 1 2 2 1 56 0
2541.24 0 3 0 0 0 1 3 1 56 0
2546.37 0 2 0 0 0 1 2 1 57 0
2549.78 0 1 0 0 0 1 1 1 58 0
2555.02 0 2 0 0 0 1 2 1 57 0
2564.43 0 2 0 0 1 2 1 1 57 0
2588.7 0 1 0 0 0 2 1 2 57 0
2604.54 0 2 0 0 1 2 1 1 57 0
2604.6 0 2 0 0 1 1 1 0 57 1
2608.32 0 1 0 0 1 1 0 0 58 1
2608.5 0 1 0 0 0 0 1 0 58 1
2635.71 0 0 0 0 0 0 0 0 59 1
2689.23 0 1 0 0 0 0 1 0 58 1
2716.98 0 2 0 0 0 0 2 0 57 1
2757.19 0 1 0 0 0 0 1 0 58 1
2770.72 0 2 0 0 0 0 2 0 57 1
2771.58 0 1 0 0 0 0 1 0 58 1
2780.2 0 2 0 0 0 0 2 0 57 1
2794.65 0 2 0 0 1 1 1 0 57 1
2800.34 0 1 0 0 1 1 0 0 58 1
2819.25 0 1 0 0 0 0 1 0 58 1
2828.32 0 2 0 0 0 0 2 0 57 1
2844.05 0 2 0 0 0 1 2 1 57 0
2863.23 0 1 0 0 0 1 1 1 58 0
2888.37 0 2 0 0 1 1 1 0 58 0
2898.01 0 1 0 0 1 1 0 0 59 0
2898.26 0 2 0 0 1 1 1 0 58 0
2915.08 0 1 0 0 1 1 0 0 59 0
2919.9 0 1 1 1 1 0 0 0 59 0
2924.82 0 2 1 1 1 0 1 0 58 0
2932.55 0 1 1 1 0 0 1 1 58 0
2947.47 0 2 1 1 0 0 2 1 57 0
2961.93 0 1 1 1 0 0 1 1 58 0
2962.45 0 2 1 1 0 0 2 1 57 0
2968.87 0 2 1 1 1 1 1 1 57 0
2970.56 0 3 1 1 1 1 2 1 56 0
2974.03 0 2 1 1 0 1 2 2 56 0
2989.76 0 3 1 1 1 1 2 1 56 0
2995.93 0 2 1 1 0 1 2 2 56 0
2995.93 0 2 1 1 0 1 2 2 56 0
