0 60 120 60 60 0 0 0 0 0 0
0.000790827 59 119 60 60 1 0 0 0 0 0
0.00266479 58 118 60 60 2 0 0 0 0 0
0.0228007 58 118 59 59 2 1 0 0 0 0
0.0337795 57 117 59 59 3 1 0 0 0 0
0.0630267 56 116 59 59 4 1 0 0 0 0
0.0976486 55 115 59 59 5 1 0 0 0 0
0.10575 54 114 59 59 6 1 0 0 0 0
0.160507 54 114 58 58 6 2 0 0 0 0
0.161548 53 113 58 58 7 2 0 0 0 0
0.193693 52 112 58 58 8 2 0 0 0 0
0.216716 52 112 57 57 8 3 0 0 0 0
0.225897 52 112 56 56 8 4 0 0 0 0
0.233937 51 111 56 56 9 4 0 0 0 0
0.25556 51 111 55 55 9 5 0 0 0 0
0.292895 50 110 55 55 10 5 0 0 0 0
0.293667 49 109 55 55 11 5 0 0 0 0
0.311588 49 109 54 54 11 6 0 0 0 0
0.323333 48 108 54 54 12 6 0 0 0 0
0.327389 48 108 54 54 11 5 1 0 0 0
0.330683 48 108 53 53 11 6 1 0 0 0
0.3536 48 108 53 53 10 5 2 0 0 0
0.371207 48 108 52 52 10 6 2 0 0 0
0.371939 47 107 52 52 11 6 2 0 0 0
0.385834 47 106 52 52 11 6 1 0 1 0
0.390151 46 105 52 52 12 6 1 0 1 0
0.390251 46 104 52 52 11 6 1 1 1 0
0.415292 45 103 52 52 12 6 1 1 1 0
0.421987 45 103 51 51 12 7 1 1 1 0
0.423517 45 102 51 51 12 7 0 1 2 0
0.430135 45 101 51 51 11 7 0 2 2 0
0.431488 45 101 50 50 11 8 0 2 2 0
0.431635 44 100 50 50 12 8 0 2 2 0
0.446131 43 99 50 50 13 8 0 2 2 0
0.452117 42 98 50 50 14 8 0 2 2 0
0.472198 41 97 50 50 15 8 0 2 2 0
0.52584 41 97 49 49 15 9 0 2 2 0
0.54312 40 96 49 49 16 9 0 2 2 0
0.565794 39 95 49 49 17 9 0 2 2 0
0.572914 39 95 48 48 17 10 0 2 2 0
0.601604 38 94 48 48 18 10 0 2 2 0
0.634367 37 93 48 48 19 10 0 2 2 0
0.652785 36 92 48 48 20 10 0 2 2 0
0.659267 35 91 48 48 21 10 0 2 2 0
0.696949 35 91 47 47 21 11 0 2 2 0
0.6992 35 90 47 47 20 11 0 3 2 0
0.709174 35 89 47 47 19 11 0 4 2 0
0.726418 35 89 46 46 19 12 0 4 2 0
0.806383 35 88 46 46 18 12 0 5 2 0
0.885685 35 88 45 45 18 13 0 5 2 0
0.971898 34 87 45 45 19 13 0 5 2 0
1.00234 33 86 45 45 20 13 0 5 2 0
1.00566 33 86 44 44 20 14 0 5 2 0
1.02412 32 85 44 44 21 14 0 5 2 0
1.02595 31 84 44 44 22 14 0 5 2 0
1.03068 30 83 44 44 23 14 0 5 2 0
1.04528 30 82 44 44 22 14 0 6 2 0
1.07025 30 81 44 44 21 14 0 7 2 0
1.0948 29 80 44 44 22 14 0 7 2 0
1.09765 29 80 43 43 22 15 0 7 2 0
1.10815 29 79 43 43 21 15 0 8 2 0
1.13958 28 78 43 43 22 15 0 8 2 0
1.15229 28 78 42 42 22 16 0 8 2 0
1.15757 28 78 41 41 22 17 0 8 2 0
1.17411 28 77 41 41 21 17 0 9 2 0
1.20191 28 77 40 40 21 18 0 9 2 0
1.2486 28 77 39 39 21 19 0 9 2 0
1.26248 29 78 39 39 20 19 0 9 2 0
1.31287 29 78 39 39 20 18 0 8 2 1
1.36497 28 77 39 39 21 18 0 8 2 1
1.44129 28 76 39 39 20 18 0 9 2 1
1.4877 28 76 38 38 20 19 0 9 2 1
1.49119 28 76 37 37 20 20 0 9 2 1
1.51407 27 75 37 37 21 20 0 9 2 1
1.53288 26 74 37 37 22 20 0 9 2 1
1.544 25 73 37 37 23 20 0 9 2 1
1.62401 25 72 37 37 22 20 0 10 2 1
1.65461 25 72 37 37 21 19 1 10 2 1
1.67031 24 71 37 37 22 19 1 10 2 1
1.71252 23 70 37 37 23 19 1 10 2 1
1.71482 23 70 36 36 23 20 1 10 2 1
1.73128 22 69 36 36 24 20 1 10 2 1
1.81864 21 68 36 36 25 20 1 10 2 1
1.90159 20 67 36 36 26 20 1 10 2 1
1.97433 19 66 36 36 27 20 1 10 2 1
2.01925 18 65 36 36 28 20 1 10 2 1
2.09203 18 65 35 35 28 21 1 10 2 1
2.10391 18 65 35 35 28 20 1 9 2 2
2.10979 17 64 35 35 29 20 1 9 2 2
2.16678 17 64 34 34 29 21 1 9 2 2
2.19807 17 63 34 34 28 21 1 10 2 2
2.22602 17 63 33 33 28 22 1 10 2 2
2.23759 17 62 33 33 27 22 1 11 2 2
2.23771 16 61 33 33 28 22 1 11 2 2
2.24446 15 60 33 33 29 22 1 11 2 2
2.28479 15 59 33 33 28 22 1 12 2 2
2.29541 15 58 33 33 27 22 1 13 2 2
2.3035 15 57 33 33 26 22 1 14 2 2
2.30646 15 56 33 33 25 22 1 15 2 2
2.30953 16 57 33 33 24 22 1 15 2 2
2.31002 15 56 33 33 25 22 1 15 2 2
2.38733 14 55 33 33 26 22 1 15 2 2
2.41335 14 54 33 33 25 22 1 16 2 2
2.64884 14 54 32 32 25 23 1 16 2 2
2.65613 13 53 32 32 26 23 1 16 2 2
2.67617 12 52 32 32 27 23 1 16 2 2
2.67911 12 52 32 32 27 22 1 15 2 3
2.70171 12 51 32 32 26 22 1 16 2 3
2.71775 12 51 32 32 25 21 2 16 2 3
2.72492 12 51 32 32 24 20 3 16 2 3
2.73697 11 50 32 32 25 20 3 16 2 3
2.80565 11 50 32 32 24 19 4 16 2 3
2.80975 11 50 32 32 24 18 4 15 2 4
2.87467 11 49 32 32 23 18 4 16 2 4
2.88564 10 48 32 32 24 18 4 16 2 4
2.89478 10 47 32 32 23 18 4 17 2 4
2.95896 10 47 32 32 23 17 4 16 2 5
2.96813 10 46 32 32 22 17 4 17 2 5
2.98673 10 45 32 32 21 17 4 18 2 5
2.98983 10 45 31 31 21 18 4 18 2 5
2.99266 10 45 31 31 20 17 5 18 2 5
3.01549 10 44 31 31 19 17 5 19 2 5
3.05301 9 43 31 31 20 17 5 19 2 5
3.08898 8 42 31 31 21 17 5 19 2 5
3.10922 8 42 30 30 21 18 5 19 2 5
3.1399 8 42 29 29 21 19 5 19 2 5
3.18709 8 41 29 29 20 19 5 20 2 5
3.19801 8 41 28 28 20 20 5 20 2 5
3.22219 9 42 28 28 19 20 5 20 2 5
3.3518 9 42 27 27 19 21 5 20 2 5
3.47794 9 42 27 27 19 20 5 19 2 6
3.59161 9 42 26 26 19 21 5 19 2 6
3.60587 9 42 26 26 19 20 5 18 2 7
3.60943 9 42 26 26 18 19 6 18 2 7
3.62789 9 42 26 26 18 18 6 17 2 8
3.63726 9 41 26 26 17 18 6 18 2 8
3.69273 9 41 26 26 16 17 7 18 2 8
3.73157 9 40 26 26 15 17 7 19 2 8
3.76503 9 40 26 26 15 16 7 18 2 9
3.77415 9 40 25 25 15 17 7 18 2 9
3.86418 9 40 24 24 15 18 7 18 2 9
3.8989 9 39 24 24 15 18 6 18 3 9
4.11256 9 39 23 23 15 19 6 18 3 9
4.12469 9 38 23 23 14 19 6 19 3 9
4.19545 9 38 23 23 14 18 6 18 3 10
4.19682 9 38 22 22 14 19 6 18 3 10
4.21619 8 37 22 22 15 19 6 18 3 10
4.24318 8 36 22 22 15 19 5 18 4 10
4.24546 8 35 22 22 14 19 5 19 4 10
4.25532 8 34 22 22 13 19 5 20 4 10
4.31093 8 33 22 22 12 19 5 21 4 10
4.39774 8 33 22 22 12 18 5 20 4 11
4.54913 8 33 22 22 12 17 5 19 4 12
4.59066 8 32 22 22 11 17 5 20 4 12
4.61714 8 32 22 22 10 16 6 20 4 12
4.63008 8 32 22 22 10 15 6 19 4 13
4.65013 8 32 21 21 10 16 6 19 4 13
4.71106 8 32 21 21 10 15 6 18 4 14
4.73767 8 32 20 20 10 16 6 18 4 14
4.80797 7 31 20 20 11 16 6 18 4 14
4.96241 7 31 20 20 10 15 7 18 4 14
5.03827 7 31 20 20 10 14 7 17 4 15
5.10297 6 30 20 20 11 14 7 17 4 15
5.19205 6 30 20 20 10 13 8 17 4 15
5.23252 6 30 19 19 10 14 8 17 4 15
5.44208 5 29 19 19 11 14 8 17 4 15
5.44983 5 29 19 19 10 13 9 17 4 15
5.4633 4 28 19 19 11 13 9 17 4 15
5.63888 4 27 19 19 11 13 8 17 5 15
5.67367 4 27 19 19 11 12 8 16 5 16
5.69006 4 26 19 19 11 12 7 16 6 16
5.71797 4 25 19 19 10 12 7 17 6 16
5.72523 4 25 18 18 10 13 7 17 6 16
5.81779 4 24 18 18 9 13 7 18 6 16
5.89348 4 24 18 18 9 12 7 17 6 17
5.93684 4 23 18 18 8 12 7 18 6 17
6.0995 4 23 17 17 8 13 7 18 6 17
6.1712 4 23 17 17 8 12 7 17 6 18
6.40292 5 24 17 17 7 12 7 17 6 18
6.61812 5 24 17 17 7 11 7 16 6 19
6.86954 5 24 16 16 7 12 7 16 6 19
6.88686 4 23 16 16 8 12 7 16 6 19
6.94045 4 23 16 16 8 11 7 15 6 20
7.25299 4 23 16 16 8 10 7 14 6 21
7.49718 4 23 16 16 8 9 7 13 6 22
7.55269 3 22 16 16 9 9 7 13 6 22
7.70702 3 21 16 16 9 9 6 13 7 22
7.77237 3 21 15 15 9 10 6 13 7 22
7.83189 3 21 14 14 9 11 6 13 7 22
7.8412 3 21 13 13 9 12 6 13 7 22
7.85157 3 20 13 13 8 12 6 14 7 22
7.87646 3 20 12 12 8 13 6 14 7 22
7.9277 3 19 12 12 8 13 5 14 8 22
7.93983 4 20 12 12 7 13 5 14 8 22
8.12811 4 20 11 11 7 14 5 14 8 22
8.19224 4 19 11 11 7 14 4 14 9 22
8.36066 4 18 11 11 6 14 4 15 9 22
8.47671 3 17 11 11 7 14 4 15 9 22
8.69728 3 17 11 11 7 13 4 14 9 23
8.72358 3 16 11 11 6 13 4 15 9 23
8.89138 3 15 11 11 5 13 4 16 9 23
9.03446 3 15 11 11 5 12 4 15 9 24
10.2791 3 15 10 10 5 13 4 15 9 24
10.8707 3 15 10 10 5 12 4 14 9 25
11.2048 2 14 10 10 6 12 4 14 9 25
11.2357 2 14 9 9 6 13 4 14 9 25
11.3387 2 14 9 9 6 12 4 13 9 26
11.5836 2 13 9 9 6 12 3 13 10 26
12.0785 2 13 9 9 5 11 4 13 10 26
12.4442 2 12 9 9 4 11 4 14 10 26
12.6975 2 12 9 9 4 12 4 15 10 25
12.7119 2 12 9 9 4 11 4 14 10 26
12.9043 2 11 9 9 3 11 4 15 10 26
12.9527 3 12 9 9 2 11 4 15 10 26
13.5978 3 12 9 9 2 10 4 14 10 27
13.9899 3 12 9 9 2 9 4 13 10 28
14.421 4 13 9 9 1 9 4 13 10 28
14.7911 4 13 8 8 1 10 4 13 10 28
14.8083 4 12 8 8 1 10 3 13 11 28
14.8211 4 12 7 7 1 11 3 13 11 28
15.1374 4 13 7 7 2 11 3 12 11 28
15.4818 3 12 7 7 3 11 3 12 11 28
15.6692 3 12 7 7 3 10 3 11 11 29
15.978 3 12 7 7 3 9 3 10 11 30
17.3065 3 12 7 7 3 8 3 9 11 31
17.9753 3 11 7 7 2 8 3 10 11 31
18.1739 3 11 6 6 2 9 3 10 11 31
18.795 3 11 5 5 2 10 3 10 11 31
18.9982 2 10 5 5 3 10 3 10 11 31
19.0197 3 11 5 5 2 10 3 10 11 31
19.1108 3 10 5 5 2 10 2 10 12 31
19.6829 2 9 5 5 3 10 2 10 12 31
21.2203 2 9 5 5 3 9 2 9 12 32
21.7094 2 9 5 5 3 10 2 10 12 31
23.5042 2 8 5 5 2 10 2 11 12 31
24.3361 2 8 5 5 2 9 2 10 12 32
25.2385 2 8 5 5 2 8 2 9 12 33
25.6443 2 9 5 5 3 8 2 8 12 33
26.3437 2 9 5 5 3 9 2 9 12 32
26.7163 2 8 5 5 3 9 1 9 13 32
26.9859 2 8 5 5 3 8 1 8 13 33
27.1556 2 8 5 5 2 7 2 8 13 33
27.2873 2 8 5 5 2 8 2 9 13 32
27.8507 2 8 5 5 2 7 2 8 13 33
29.5158 2 7 5 5 1 7 2 9 13 33
30.6682 2 7 5 5 1 8 2 10 13 32
31.0131 2 7 5 5 1 7 2 9 13 33
31.039 2 7 5 5 1 6 2 8 13 34
32.8933 2 6 5 5 0 6 2 9 13 34
33.3024 2 6 4 4 0 7 2 9 13 34
33.6065 2 6 4 4 0 8 2 10 13 33
34.0445 2 6 4 4 0 9 2 11 13 32
34.818 1 5 4 4 1 9 2 11 13 32
35.1421 1 5 4 4 1 8 2 10 13 33
35.2049 1 5 3 3 1 9 2 10 13 33
35.3139 1 5 3 3 1 8 2 9 13 34
35.5571 1 5 4 4 1 7 2 9 13 34
35.7854 1 5 4 4 1 6 2 8 13 35
36.2431 1 5 3 3 1 7 2 8 13 35
36.2905 1 6 3 3 2 7 2 7 13 35
36.9433 1 6 3 3 1 6 3 7 13 35
37.5059 1 6 3 3 1 7 3 8 13 34
37.9345 1 6 3 3 1 6 3 7 13 35
38.4044 1 6 3 3 1 7 3 8 13 34
38.5825 1 5 3 3 1 7 2 8 14 34
38.8417 1 5 3 3 1 6 2 7 14 35
38.9543 1 5 3 3 1 5 2 6 14 36
40.1579 1 4 3 3 1 5 1 6 15 36
41.5914 1 4 3 3 1 6 1 7 15 35
41.9112 1 3 3 3 1 6 0 7 16 35
42.0109 1 4 3 3 2 6 0 6 16 35
42.4079 1 4 3 3 2 7 0 7 16 34
44.1138 1 4 3 3 2 6 0 6 16 35
46.0534 1 4 3 3 2 7 0 7 16 34
46.6816 1 4 2 2 2 8 0 7 16 34
47.6252 1 4 2 2 2 9 0 8 16 33
48.9218 1 4 2 2 2 10 0 9 16 32
49.0327 1 5 2 2 3 10 0 8 16 32
49.878 1 5 2 2 3 9 0 7 16 33
50.6035 1 5 1 1 3 10 0 7 16 33
51.0252 1 5 1 1 2 9 1 7 16 33
51.5538 1 5 1 1 2 8 1 6 16 34
52.5293 1 5 1 1 2 9 1 7 16 33
52.9524 1 5 1 1 2 8 1 6 16 34
53.3423 1 5 1 1 2 7 1 5 16 35
53.6853 1 5 2 2 2 6 1 5 16 35
53.8818 1 5 2 2 2 5 1 4 16 36
55.9924 1 5 2 2 2 6 1 5 16 35
56.3231 1 5 2 2 2 5 1 4 16 36
56.813 1 4 2 2 2 5 0 4 17 36
58.1137 1 4 2 2 2 6 0 5 17 35
61.2406 1 4 3 3 2 5 0 5 17 35
61.5618 1 4 3 3 2 6 0 6 17 34
63.0879 1 4 3 3 2 7 0 7 17 33
64.1311 1 4 4 4 2 6 0 7 17 33
67.0502 1 4 4 4 2 7 0 8 17 32
67.4313 1 4 4 4 2 6 0 7 17 33
68.7006 1 4 4 4 2 7 0 8 17 32
69.6587 1 4 4 4 2 8 0 9 17 31
70.2111 1 4 4 4 2 9 0 10 17 30
72.0556 1 4 4 4 1 8 1 10 17 30
72.6477 1 4 4 4 1 9 1 11 17 29
73.1314 1 4 4 4 1 8 1 10 17 30
73.2884 1 3 4 4 0 8 1 11 17 30
73.4503 1 3 4 4 0 7 1 10 17 31
74.3291 1 3 3 3 0 8 1 10 17 31
75.1634 1 3 3 3 0 7 1 9 17 32
75.6548 1 3 2 2 0 8 1 9 17 32
76.7868 1 3 2 2 0 9 1 10 17 31
78.9428 1 3 2 2 0 8 1 9 17 32
79.9604 1 3 2 2 0 7 1 8 17 33
80.9187 1 3 2 2 0 8 1 9 17 32
81.3343 1 4 2 2 1 8 1 8 17 32
81.4987 1 4 2 2 1 9 1 9 17 31
82.2252 1 4 2 2 1 8 1 8 17 32
82.4035 1 4 2 2 1 7 1 7 17 33
83.2244 1 4 2 2 1 6 1 6 17 34
84.4778 1 4 2 2 1 7 1 7 17 33
84.6974 1 4 2 2 0 6 2 7 17 33
88.22 1 4 2 2 0 7 2 8 17 32
88.8491 1 4 2 2 0 6 2 7 17 33
89.2347 1 4 2 2 0 7 2 8 17 32
89.5124 1 4 2 2 0 6 2 7 17 33
89.6071 1 4 2 2 0 7 2 8 17 32
94.5385 1 4 2 2 0 8 2 9 17 31
95.043 1 4 2 2 0 7 2 8 17 32
97.6767 1 4 2 2 0 8 2 9 17 31
98.9634 1 5 2 2 1 8 2 8 17 31
99.5379 0 4 2 2 2 8 2 8 17 31
99.9785 0 4 2 2 2 9 2 9 17 30
100.825 0 4 2 2 2 8 2 8 17 31
101.82 0 4 2 2 2 9 2 9 17 30
102.179 0 4 2 2 2 8 2 8 17 31
102.624 0 4 2 2 2 7 2 7 17 32
103.006 0 5 2 2 2 7 3 7 16 32
103.042 0 4 2 2 2 7 2 7 17 32
103.088 0 5 2 2 3 7 2 6 17 32
103.108 0 5 2 2 3 8 2 7 17 31
103.197 0 5 2 2 3 9 2 8 17 30
103.452 0 5 2 2 3 10 2 9 17 29
103.547 0 4 2 2 2 10 2 10 17 29
104.569 0 4 2 2 2 11 2 11 17 28
105.782 0 4 2 2 2 10 2 10 17 29
106.128 0 4 2 2 2 9 2 9 17 30
106.724 0 3 2 2 2 9 1 9 18 30
107.308 0 4 2 2 3 9 1 8 18 30
107.799 0 5 2 2 4 9 1 7 18 30
108.408 0 5 2 2 3 8 2 7 18 30
109.397 0 5 2 2 3 9 2 8 18 29
109.92 0 5 2 2 3 10 2 9 18 28
110.291 0 5 2 2 3 9 2 8 18 29
112.674 0 5 2 2 3 8 2 7 18 30
114.932 0 5 1 1 3 9 2 7 18 30
116.184 0 5 1 1 3 10 2 8 18 29
116.26 0 5 1 1 3 11 2 9 18 28
116.375 0 6 1 1 3 11 3 9 17 28
117.909 0 6 1 1 2 10 4 9 17 28
118.174 0 5 1 1 2 10 3 9 18 28
118.749 0 5 1 1 2 9 3 8 18 29
118.938 0 5 1 1 2 10 3 9 18 28
119.619 0 5 1 1 2 9 3 8 18 29
120.068 0 5 1 1 2 10 3 9 18 28
120.13 0 5 1 1 2 11 3 10 18 27
120.184 0 4 1 1 1 11 3 11 18 27
120.262 0 4 1 1 1 10 3 10 18 28
122.135 0 4 1 1 1 9 3 9 18 29
122.323 0 3 1 1 1 9 2 9 19 29
122.405 0 3 1 1 1 10 2 10 19 28
124.069 0 2 1 1 1 10 1 10 20 28
124.272 0 2 1 1 1 11 1 11 20 27
124.33 0 2 1 1 1 10 1 10 20 28
124.567 0 2 1 1 1 11 1 11 20 27
124.913 0 2 1 1 1 10 1 10 20 28
126.272 0 2 1 1 1 11 1 11 20 27
126.622 0 2 1 1 1 12 1 12 20 26
126.746 0 2 1 1 1 13 1 13 20 25
127.866 0 2 1 1 1 12 1 12 20 26
128.032 0 2 1 1 0 11 2 12 20 26
128.892 0 2 2 2 0 10 2 12 20 26
130.021 0 2 2 2 0 9 2 11 20 27
132.889 0 2 2 2 0 8 2 10 20 28
133.392 0 2 2 2 0 9 2 11 20 27
134.224 0 2 2 2 0 8 2 10 20 28
134.631 0 2 2 2 0 7 2 9 20 29
135.26 0 2 2 2 0 6 2 8 20 30
136.252 0 2 2 2 0 5 2 7 20 31
136.337 0 2 2 2 0 4 2 6 20 32
137.56 0 2 2 2 0 5 2 7 20 31
138.471 0 2 2 2 0 6 2 8 20 30
139.225 0 1 2 2 0 6 1 8 21 30
140.097 0 1 2 2 0 5 1 7 21 31
140.162 0 1 2 2 0 6 1 8 21 30
140.675 0 1 2 2 0 7 1 9 21 29
141.211 0 1 2 2 0 8 1 10 21 28
142.104 0 1 2 2 0 9 1 11 21 27
145.642 0 1 2 2 0 8 1 10 21 28
145.647 0 1 3 3 0 7 1 10 21 28
147.242 0 1 3 3 0 6 1 9 21 29
155.467 0 1 3 3 0 7 1 10 21 28
155.741 0 1 3 3 0 6 1 9 21 29
157.693 0 1 3 3 0 5 1 8 21 30
157.772 0 1 2 2 0 6 1 8 21 30
159.383 0 1 2 2 0 5 1 7 21 31
160.049 0 1 2 2 0 6 1 8 21 30
160.209 0 1 2 2 0 5 1 7 21 31
160.609 0 1 2 2 0 4 1 6 21 32
162.01 0 1 2 2 0 5 1 7 21 31
162.187 0 1 2 2 0 6 1 8 21 30
163.29 0 1 3 3 0 5 1 8 21 30
163.467 0 1 3 3 0 6 1 9 21 29
165.125 0 1 3 3 0 7 1 10 21 28
167.355 0 1 3 3 0 6 1 9 21 29
168.222 0 1 3 3 0 5 1 8 21 30
168.99 0 1 4 4 0 4 1 8 21 30
173.219 0 1 4 4 0 3 1 7 21 31
173.312 0 1 4 4 0 2 1 6 21 32
174.738 0 1 4 4 0 3 1 7 21 31
176.563 0 1 4 4 0 4 1 8 21 30
178.475 0 1 4 4 0 5 1 9 21 29
179.819 0 1 3 3 0 6 1 9 21 29
179.948 0 1 3 3 0 7 1 10 21 28
180.859 0 1 3 3 0 6 1 9 21 29
181.283 0 1 3 3 0 5 1 8 21 30
183.024 0 1 2 2 0 6 1 8 21 30
183.478 0 1 2 2 0 5 1 7 21 31
183.872 0 1 2 2 0 6 1 8 21 30
183.954 0 1 2 2 0 7 1 9 21 29
187.356 0 1 2 2 0 6 1 8 21 30
190.611 0 2 2 2 1 6 1 7 21 30
190.894 0 1 2 2 1 6 0 7 22 30
191.181 0 1 2 2 1 7 0 8 22 29
192.558 0 1 2 2 1 6 0 7 22 30
193.194 0 1 3 3 1 5 0 7 22 30
193.581 0 1 3 3 1 6 0 8 22 29
194.824 0 1 3 3 1 7 0 9 22 28
195.033 0 1 3 3 1 6 0 8 22 29
195.072 0 1 3 3 1 5 0 7 22 30
196.097 0 1 3 3 1 6 0 8 22 29
197.091 0 2 3 3 2 6 0 7 22 29
197.546 0 2 2 2 2 7 0 7 22 29
197.918 0 2 2 2 2 6 0 6 22 30
198.063 0 2 2 2 2 7 0 7 22 29
199.833 0 2 2 2 2 8 0 8 22 28
199.879 0 2 2 2 2 7 0 7 22 29
200.671 0 2 2 2 2 8 0 8 22 28
201.755 0 2 2 2 2 7 0 7 22 29
202.608 1 3 2 2 1 7 0 7 22 29
203.722 1 3 2 2 1 8 0 8 22 28
203.733 1 3 1 1 1 9 0 8 22 28
204.032 1 3 1 1 1 8 0 7 22 29
208.949 1 3 1 1 1 7 0 6 22 30
209.819 1 3 1 1 1 8 0 7 22 29
210.243 1 3 1 1 1 9 0 8 22 28
210.699 0 2 1 1 2 9 0 8 22 28
211.339 0 2 1 1 2 8 0 7 22 29
214.395 0 2 1 1 2 7 0 6 22 30
214.984 0 2 1 1 2 8 0 7 22 29
215.274 0 2 1 1 2 9 0 8 22 28
215.447 0 3 1 1 3 9 0 7 22 28
215.52 0 3 1 1 3 8 0 6 22 29
216.362 0 2 1 1 2 8 0 7 22 29
217.11 0 2 1 1 2 9 0 8 22 28
217.396 0 2 1 1 2 10 0 9 22 27
217.607 0 3 1 1 3 10 0 8 22 27
217.773 0 3 1 1 3 9 0 7 22 28
217.805 0 3 1 1 3 10 0 8 22 27
217.851 0 3 1 1 3 9 0 7 22 28
218.065 1 4 1 1 2 9 0 7 22 28
219.227 1 4 1 1 2 8 0 6 22 29
219.721 1 4 1 1 2 9 0 7 22 28
220.207 1 4 2 2 2 8 0 7 22 28
220.384 1 4 2 2 1 7 1 7 22 28
221.01 1 4 3 3 1 6 1 7 22 28
221.208 1 4 3 3 1 5 1 6 22 29
222.932 1 4 3 3 1 6 1 7 22 28
223.501 1 5 3 3 2 6 1 6 22 28
223.584 1 5 3 3 2 7 1 7 22 27
224.418 1 5 4 4 2 6 1 7 22 27
224.661 1 5 3 3 2 7 1 7 22 27
225.676 1 5 3 3 2 6 1 6 22 28
226.218 1 4 3 3 1 6 1 7 22 28
227.291 1 4 3 3 1 5 1 6 22 29
227.744 1 4 2 2 1 6 1 6 22 29
230.61 1 4 2 2 1 7 1 7 22 28
231.397 1 4 2 2 1 8 1 8 22 27
231.849 1 4 2 2 1 9 1 9 22 26
232.868 1 4 2 2 1 8 1 8 22 27
234.869 1 4 2 2 1 9 1 9 22 26
234.918 1 4 2 2 1 10 1 10 22 25
236.446 1 4 2 2 1 9 1 9 22 26
236.783 1 5 2 2 1 9 2 9 21 26
237.014 1 5 2 2 1 8 2 8 21 27
237.347 1 4 2 2 1 8 1 8 22 27
238.853 1 4 2 2 1 7 1 7 22 28
240.319 1 4 2 2 1 6 1 6 22 29
240.364 1 4 2 2 1 7 1 7 22 28
240.663 1 4 2 2 1 6 1 6 22 29
242.063 1 4 2 2 1 5 1 5 22 30
243.175 1 4 2 2 1 4 1 4 22 31
244.778 1 4 2 2 1 5 1 5 22 30
244.795 1 4 2 2 1 6 1 6 22 29
245.01 1 4 2 2 1 5 1 5 22 30
246.507 1 4 2 2 1 6 1 6 22 29
250.188 1 4 2 2 1 5 1 5 22 30
250.413 1 3 2 2 1 5 0 5 23 30
251.685 1 4 2 2 2 5 0 4 23 30
251.94 1 4 2 2 1 4 1 4 23 30
256.706 1 5 2 2 2 4 1 3 23 30
258.74 1 4 2 2 1 4 1 4 23 30
258.9 1 4 3 3 1 3 1 4 23 30
259.435 1 4 3 3 1 4 1 5 23 29
261.525 2 5 3 3 0 4 1 5 23 29
263.995 2 5 3 3 1 5 0 5 23 29
264.256 2 6 3 3 2 5 0 4 23 29
264.51 1 5 3 3 3 5 0 4 23 29
265.57 1 5 3 3 3 6 0 5 23 28
265.601 1 5 3 3 2 5 1 5 23 28
269.71 1 4 3 3 1 5 1 6 23 28
272.389 1 4 2 2 1 6 1 6 23 28
273.209 1 4 2 2 1 7 1 7 23 27
274.817 1 4 2 2 1 8 1 8 23 26
275.64 1 4 2 2 1 9 1 9 23 25
275.704 1 4 2 2 1 8 1 8 23 26
276.364 1 3 2 2 1 8 0 8 24 26
276.806 1 3 2 2 1 7 0 7 24 27
277.471 1 3 2 2 1 6 0 6 24 28
279.319 1 3 2 2 1 7 0 7 24 27
279.703 1 3 2 2 1 6 0 6 24 28
281.868 1 3 3 3 1 5 0 6 24 28
282.038 1 3 3 3 1 6 0 7 24 27
282.635 1 3 3 3 1 5 0 6 24 28
283.043 1 4 3 3 2 5 0 5 24 28
284.066 1 4 3 3 2 6 0 6 24 27
284.315 1 4 3 3 2 5 0 5 24 28
284.597 1 4 3 3 2 4 0 4 24 29
285.711 1 4 3 3 2 5 0 5 24 28
288.555 1 4 3 3 2 6 0 6 24 27
288.595 1 4 3 3 2 7 0 7 24 26
290.03 1 4 3 3 2 6 0 6 24 27
292.243 1 4 3 3 2 7 0 7 24 26
292.469 1 5 3 3 2 7 1 7 23 26
294.459 1 5 3 3 2 8 1 8 23 25
295.315 1 5 3 3 2 9 1 9 23 24
296.123 1 5 3 3 2 8 1 8 23 25
297.16 1 4 3 3 2 8 0 8 24 25
297.874 1 4 3 3 2 9 0 9 24 24
298.538 1 4 3 3 1 8 1 9 24 24
299.378 1 4 3 3 1 9 1 10 24 23
299.503 1 3 3 3 0 9 1 11 24 23
300.443 1 3 3 3 0 8 1 10 24 24
301.247 1 4 3 3 1 8 1 9 24 24
301.686 1 4 3 3 1 7 1 8 24 25
302.359 1 4 3 3 1 6 1 7 24 26
303.149 1 4 3 3 1 7 1 8 24 25
303.179 2 5 3 3 0 7 1 8 24 25
303.845 2 5 3 3 0 8 1 9 24 24
305.217 2 5 3 3 0 7 1 8 24 25
305.525 2 5 3 3 0 6 1 7 24 26
306.566 1 4 3 3 1 6 1 7 24 26
306.568 1 5 3 3 2 6 1 6 24 26
308.085 1 5 3 3 2 5 1 5 24 27
308.929 1 6 3 3 3 5 1 4 24 27
309.563 1 6 3 3 3 6 1 5 24 26
310.39 1 6 3 3 3 5 1 4 24 27
310.453 1 6 3 3 3 6 1 5 24 26
310.471 1 5 3 3 2 6 1 6 24 26
311.43 2 6 3 3 1 6 1 6 24 26
311.675 2 6 3 3 1 7 1 7 24 25
313.688 2 5 3 3 0 7 1 8 24 25
314.304 2 5 2 2 0 8 1 8 24 25
314.504 1 4 2 2 1 8 1 8 24 25
314.683 1 4 2 2 1 9 1 9 24 24
315.086 1 4 2 2 1 8 1 8 24 25
315.66 1 4 2 2 1 9 1 9 24 24
316.106 1 4 2 2 1 8 1 8 24 25
316.565 1 4 2 2 1 9 1 9 24 24
316.626 1 4 1 1 1 10 1 9 24 24
317.365 1 4 1 1 1 9 1 8 24 25
317.506 1 4 1 1 1 10 1 9 24 24
317.658 1 4 1 1 1 11 1 10 24 23
318.191 1 5 1 1 2 11 1 9 24 23
319.664 1 5 1 1 2 12 1 10 24 22
320.258 1 5 1 1 2 13 1 11 24 21
320.478 1 5 1 1 2 12 1 10 24 22
321.725 1 5 1 1 2 11 1 9 24 23
322.133 1 5 1 1 2 12 1 10 24 22
323.117 1 5 1 1 2 11 1 9 24 23
323.174 1 6 1 1 3 11 1 8 24 23
323.254 1 6 1 1 3 10 1 7 24 24
323.457 1 6 1 1 3 9 1 6 24 25
323.497 1 6 1 1 3 8 1 5 24 26
324.803 1 6 1 1 3 9 1 6 24 25
325.549 1 6 1 1 3 8 1 5 24 26
326.498 1 5 1 1 2 8 1 6 24 26
327.432 1 4 1 1 2 8 0 6 25 26
334.567 1 4 1 1 2 9 0 7 25 25
334.622 1 4 1 1 1 8 1 7 25 25
335.084 1 4 1 1 1 7 1 6 25 26
335.104 1 4 1 1 1 6 1 5 25 27
335.44 1 3 1 1 1 6 0 5 26 27
336.469 1 3 1 1 1 5 0 4 26 28
342.434 1 3 1 1 1 6 0 5 26 27
343.018 1 3 1 1 1 7 0 6 26 26
344.034 1 3 2 2 1 6 0 6 26 26
345.226 1 3 2 2 1 5 0 5 26 27
345.288 1 3 2 2 1 4 0 4 26 28
346.361 1 3 2 2 1 3 0 3 26 29
349.089 1 3 2 2 1 4 0 4 26 28
349.512 1 3 2 2 1 5 0 5 26 27
352.931 1 3 2 2 0 4 1 5 26 27
353.576 1 3 1 1 0 5 1 5 26 27
353.728 1 3 1 1 0 6 1 6 26 26
355.949 1 4 1 1 1 6 1 5 26 26
356.104 1 3 1 1 0 6 1 6 26 26
356.417 1 3 1 1 0 7 1 7 26 25
357.964 1 3 1 1 0 6 1 6 26 26
358.07 1 3 1 1 0 5 1 5 26 27
358.3 1 3 1 1 0 6 1 6 26 26
360.367 1 3 1 1 0 5 1 5 26 27
364.4 1 3 1 1 0 6 1 6 26 26
365.563 0 2 1 1 1 6 1 6 26 26
365.731 0 2 1 1 1 7 1 7 26 25
367.57 0 2 1 1 0 6 2 7 26 25
367.942 0 2 1 1 0 7 2 8 26 24
368.564 0 2 1 1 0 8 2 9 26 23
371.906 0 2 1 1 0 7 2 8 26 24
372.036 0 2 1 1 0 8 2 9 26 23
372.25 0 2 1 1 0 7 2 8 26 24
373.133 0 2 1 1 0 8 2 9 26 23
374.572 0 2 1 1 0 7 2 8 26 24
375.828 0 2 1 1 0 6 2 7 26 25
376.802 0 2 1 1 0 5 2 6 26 26
377.208 0 2 1 1 0 4 2 5 26 27
377.586 0 2 1 1 0 5 2 6 26 26
378.389 0 2 1 1 0 6 2 7 26 25
379.226 0 2 1 1 0 7 2 8 26 24
379.389 0 2 1 1 0 6 2 7 26 25
379.591 0 1 1 1 0 6 1 7 27 25
380.656 0 1 1 1 0 7 1 8 27 24
380.687 0 1 1 1 0 8 1 9 27 23
381.583 0 1 0 0 0 9 1 9 27 23
383.017 0 1 0 0 0 8 1 8 27 24
383.09 0 1 0 0 0 7 1 7 27 25
384.33 0 1 0 0 0 6 1 6 27 26
384.837 0 1 0 0 0 7 1 7 27 25
385.439 0 0 0 0 0 7 0 7 28 25
388.994 0 0 0 0 0 6 0 6 28 26
390.973 0 0 0 0 0 7 0 7 28 25
392.196 0 0 0 0 0 6 0 6 28 26
392.599 0 0 0 0 0 7 0 7 28 25
392.767 0 0 0 0 0 6 0 6 28 26
392.927 0 0 0 0 0 7 0 7 28 25
393.484 0 0 0 0 0 8 0 8 28 24
393.756 0 0 0 0 0 7 0 7 28 25
395.106 0 0 0 0 0 8 0 8 28 24
398.077 0 0 0 0 0 9 0 9 28 23
398.346 0 0 0 0 0 8 0 8 28 24
402.666 0 0 0 0 0 9 0 9 28 23
403.849 0 0 0 0 0 8 0 8 28 24
406.889 0 0 0 0 0 9 0 9 28 23
406.941 0 1 0 0 1 9 0 8 28 23
406.969 0 1 0 0 1 10 0 9 28 22
407.239 0 1 0 0 1 9 0 8 28 23
407.448 0 1 0 0 1 8 0 7 28 24
408.987 0 1 1 1 1 7 0 7 28 24
414.862 0 1 1 1 1 6 0 6 28 25
415.151 0 1 1 1 1 7 0 7 28 24
415.357 0 1 1 1 1 6 0 6 28 25
415.937 0 1 1 1 1 7 0 7 28 24
416.733 0 1 1 1 1 8 0 8 28 23
417.764 1 2 1 1 0 8 0 8 28 23
418.155 1 2 1 1 0 7 0 7 28 24
418.389 1 2 1 1 0 8 0 8 28 23
418.652 1 2 1 1 0 7 0 7 28 24
421.73 1 2 1 1 0 8 0 8 28 23
424.537 1 2 0 0 0 9 0 8 28 23
425.23 1 2 0 0 0 8 0 7 28 24
429.647 1 2 0 0 0 7 0 6 28 25
431.443 1 2 0 0 0 8 0 7 28 24
432.824 1 2 0 0 0 7 0 6 28 25
434.127 1 2 0 0 0 6 0 5 28 26
434.926 1 2 0 0 0 5 0 4 28 27
437.633 1 3 0 0 1 5 0 3 28 27
438.471 1 3 0 0 1 6 0 4 28 26
444.307 1 3 0 0 0 5 1 4 28 26
444.686 1 3 1 1 0 4 1 4 28 26
445.465 1 3 1 1 0 5 1 5 28 25
446.612 1 4 1 1 1 5 1 4 28 25
448.99 1 4 1 1 1 4 1 3 28 26
449.919 1 4 1 1 1 3 1 2 28 27
454.263 1 4 1 1 1 4 1 3 28 26
456.239 1 4 1 1 1 5 1 4 28 25
456.826 1 4 1 1 1 4 1 3 28 26
457.202 1 4 1 1 1 5 1 4 28 25
460.197 1 4 1 1 0 4 2 4 28 25
461.724 1 4 1 1 0 5 2 5 28 24
463.116 1 4 1 1 0 6 2 6 28 23
463.685 1 5 1 1 1 6 2 5 28 23
464.862 1 5 1 1 1 5 2 4 28 24
466.079 1 5 1 1 1 4 2 3 28 25
467.819 1 4 1 1 1 4 1 3 29 25
468.276 1 4 1 1 1 5 1 4 29 24
468.864 1 4 1 1 1 4 1 3 29 25
470.409 1 4 1 1 1 5 1 4 29 24
471.526 1 4 1 1 1 6 1 5 29 23
474.385 1 4 1 1 2 7 0 5 29 23
475.057 1 4 1 1 2 6 0 4 29 24
477.849 1 3 1 1 1 6 0 5 29 24
478.346 1 3 1 1 1 7 0 6 29 23
480.928 1 3 1 1 1 8 0 7 29 22
480.957 1 3 1 1 1 7 0 6 29 23
482.426 1 3 1 1 1 6 0 5 29 24
483.485 1 3 1 1 1 7 0 6 29 23
483.587 1 3 1 1 1 8 0 7 29 22
485.56 1 3 1 1 1 7 0 6 29 23
487.423 1 3 1 1 1 6 0 5 29 24
488.351 1 3 1 1 1 7 0 6 29 23
489.494 1 3 1 1 1 6 0 5 29 24
491.859 1 3 1 1 1 7 0 6 29 23
497.74 1 4 1 1 2 7 0 5 29 23
498.165 1 4 1 1 1 6 1 5 29 23
500.48 1 4 1 1 1 5 1 4 29 24
501.472 1 4 1 1 1 4 1 3 29 25
502.78 1 4 1 1 1 3 1 2 29 26
505.912 1 4 1 1 1 4 1 3 29 25
505.923 1 3 1 1 1 4 0 3 30 25
511.375 1 3 1 1 1 3 0 2 30 26
512.742 1 3 1 1 1 4 0 3 30 25
515.481 1 4 1 1 2 4 0 2 30 25
517.336 2 5 1 1 1 4 0 2 30 25
517.886 2 5 1 1 1 5 0 3 30 24
518.22 2 4 1 1 0 5 0 4 30 24
519.434 2 4 1 1 0 4 0 3 30 25
521.2 2 4 1 1 0 5 0 4 30 24
521.314 2 4 2 2 0 4 0 4 30 24
523.503 2 4 2 2 0 5 0 5 30 23
524.548 2 4 3 3 0 4 0 5 30 23
524.793 2 4 3 3 0 5 0 6 30 22
525.272 2 4 3 3 0 4 0 5 30 23
527.84 2 4 3 3 0 5 0 6 30 22
528.077 2 4 3 3 0 4 0 5 30 23
536.462 2 4 3 3 0 5 0 6 30 22
537.525 2 4 4 4 0 4 0 6 30 22
538.853 2 4 4 4 0 5 0 7 30 21
538.989 2 4 4 4 0 6 0 8 30 20
544.619 2 4 5 5 0 5 0 8 30 20
546.342 2 4 5 5 0 6 0 9 30 19
546.528 2 5 5 5 0 6 1 9 29 19
546.546 2 5 4 4 0 7 1 9 29 19
547.6 2 5 4 4 0 8 1 10 29 18
548.041 2 5 4 4 0 7 1 9 29 19
548.618 2 5 3 3 0 8 1 9 29 19
553.003 2 5 3 3 0 7 1 8 29 20
555.701 2 6 3 3 1 7 1 7 29 20
556.082 2 5 3 3 0 7 1 8 29 20
556.638 2 5 3 3 0 6 1 7 29 21
557.606 2 5 4 4 0 5 1 7 29 21
558.689 2 5 4 4 0 6 1 8 29 20
561.438 2 5 4 4 0 7 1 9 29 19
562.018 2 5 4 4 0 8 1 10 29 18
562.682 2 5 4 4 0 7 1 9 29 19
563.192 2 5 5 5 0 6 1 9 29 19
564.186 2 5 5 5 0 5 1 8 29 20
565.364 2 5 5 5 0 4 1 7 29 21
565.954 2 6 5 5 1 4 1 6 29 21
567.49 2 6 4 4 1 5 1 6 29 21
569.165 2 6 4 4 1 6 1 7 29 20
570.505 2 6 4 4 0 5 2 7 29 20
572.62 2 5 4 4 0 5 1 7 30 20
572.718 2 5 4 4 0 6 1 8 30 19
573.317 2 5 4 4 0 5 1 7 30 20
574.675 2 5 4 4 0 6 1 8 30 19
577.463 2 6 4 4 1 6 1 7 30 19
577.619 2 6 3 3 1 7 1 7 30 19
578.39 2 6 3 3 1 6 1 6 30 20
580.918 2 6 3 3 1 7 1 7 30 19
581.008 2 6 4 4 1 6 1 7 30 19
581.629 2 5 4 4 1 6 0 7 31 19
584.647 2 5 4 4 1 7 0 8 31 18
585.174 3 6 4 4 0 7 0 8 31 18
585.908 3 6 4 4 0 8 0 9 31 17
586.082 3 6 4 4 0 7 0 8 31 18
586.648 2 5 4 4 1 7 0 8 31 18
586.768 2 5 5 5 1 6 0 8 31 18
587.688 2 5 5 5 1 7 0 9 31 17
588.281 2 5 5 5 1 8 0 10 31 16
589.218 2 6 5 5 2 8 0 9 31 16
589.288 2 6 5 5 2 7 0 8 31 17
589.862 2 7 5 5 2 7 1 8 30 17
590.403 2 7 5 5 2 8 1 9 30 16
591.755 2 7 5 5 2 7 1 8 30 17
591.91 1 6 5 5 3 7 1 8 30 17
592.967 1 5 5 5 2 7 1 9 30 17
593.917 1 4 5 5 1 7 1 10 30 17
595.316 1 4 5 5 1 8 1 11 30 16
595.364 1 4 5 5 1 7 1 10 30 17
595.712 1 5 5 5 2 7 1 9 30 17
596.624 1 5 5 5 1 6 2 9 30 17
596.805 1 5 4 4 1 7 2 9 30 17
596.903 1 4 4 4 1 7 1 9 31 17
596.923 1 4 4 4 1 6 1 8 31 18
599.132 1 4 4 4 1 5 1 7 31 19
601.086 0 3 4 4 2 5 1 7 31 19
601.618 0 4 4 4 3 5 1 6 31 19
601.881 0 4 3 3 3 6 1 6 31 19
602.416 0 4 3 3 3 7 1 7 31 18
602.773 0 4 3 3 3 6 1 6 31 19
602.819 0 4 3 3 3 7 1 7 31 18
603.091 0 3 3 3 2 7 1 8 31 18
604.614 0 3 3 3 2 8 1 9 31 17
606.524 0 3 3 3 1 7 2 9 31 17
607.086 0 4 3 3 2 7 2 8 31 17
607.197 0 4 3 3 2 8 2 9 31 16
607.236 1 5 3 3 1 8 2 9 31 16
609.852 1 5 3 3 1 9 2 10 31 15
609.949 0 4 3 3 2 9 2 10 31 15
611.027 0 4 3 3 2 10 2 11 31 14
611.83 0 4 3 3 2 9 2 10 31 15
615.322 0 4 3 3 2 10 2 11 31 14
617.094 0 4 4 4 2 9 2 11 31 14
621.168 0 4 4 4 2 8 2 10 31 15
621.439 0 4 4 4 2 7 2 9 31 16
623.816 0 4 4 4 2 6 2 8 31 17
624.315 0 4 4 4 2 7 2 9 31 16
624.406 0 5 4 4 3 7 2 8 31 16
624.672 0 5 4 4 3 8 2 9 31 15
624.731 0 4 4 4 2 8 2 10 31 15
624.944 0 5 4 4 3 8 2 9 31 15
626.398 1 6 4 4 2 8 2 9 31 15
626.9 1 6 4 4 1 7 3 9 31 15
627.392 1 6 4 4 1 6 3 8 31 16
628.863 1 7 4 4 2 6 3 7 31 16
629.7 1 7 4 4 2 5 3 6 31 17
631.328 1 6 4 4 1 5 3 7 31 17
632.281 1 5 4 4 1 5 2 7 32 17
634.262 1 5 4 4 1 4 2 6 32 18
634.402 1 5 4 4 1 5 2 7 32 17
637.359 1 5 4 4 1 6 2 8 32 16
638.02 2 6 4 4 0 6 2 8 32 16
638.309 2 6 4 4 0 5 2 7 32 17
639.217 2 6 4 4 0 4 2 6 32 18
640.327 2 6 4 4 0 3 2 5 32 19
640.744 2 6 3 3 0 4 2 5 32 19
643.156 2 6 3 3 0 5 2 6 32 18
643.343 2 7 3 3 1 5 2 5 32 18
647.001 2 7 3 3 1 4 2 4 32 19
650.649 2 7 3 3 0 3 3 4 32 19
652.979 2 6 3 3 0 3 2 4 33 19
653.478 2 5 3 3 0 3 1 4 34 19
653.859 1 4 3 3 1 3 1 4 34 19
654.748 1 4 3 3 1 4 1 5 34 18
655.791 1 4 3 3 1 3 1 4 34 19
656.128 1 5 3 3 2 3 1 3 34 19
657.423 1 4 3 3 1 3 1 4 34 19
659.981 1 4 3 3 0 2 2 4 34 19
660.575 1 4 3 3 0 3 2 5 34 18
661.344 1 4 2 2 0 4 2 5 34 18
668.435 1 4 2 2 0 3 2 4 34 19
670.767 1 3 2 2 0 3 1 4 35 19
673.761 1 2 2 2 0 3 0 4 36 19
674.111 1 2 2 2 0 2 0 3 36 20
675.584 1 2 2 2 0 3 0 4 36 19
677.088 1 2 2 2 0 4 0 5 36 18
679.255 1 2 2 2 0 3 0 4 36 19
685.052 1 2 2 2 0 2 0 3 36 20
687.795 1 2 2 2 0 3 0 4 36 19
693.312 1 2 2 2 0 4 0 5 36 18
697.248 1 2 2 2 0 5 0 6 36 17
698.859 1 3 2 2 1 5 0 5 36 17
701.27 1 4 2 2 2 5 0 4 36 17
701.753 1 4 2 2 2 6 0 5 36 16
703.588 1 4 2 2 2 5 0 4 36 17
707.425 1 4 2 2 2 4 0 3 36 18
707.97 1 4 2 2 2 3 0 2 36 19
709.5 1 4 2 2 2 4 0 3 36 18
710.651 1 4 2 2 2 3 0 2 36 19
713.484 0 3 2 2 3 3 0 2 36 19
716.453 0 3 2 2 3 4 0 3 36 18
716.87 0 3 3 3 3 3 0 3 36 18
716.969 0 3 3 3 3 4 0 4 36 17
717.628 0 2 3 3 2 4 0 5 36 17
718.713 0 2 3 3 2 5 0 6 36 16
722.024 0 3 3 3 2 5 1 6 35 16
722.655 0 3 3 3 2 4 1 5 35 17
725.199 0 3 3 3 2 5 1 6 35 16
728.855 0 3 3 3 2 6 1 7 35 15
729.143 0 3 3 3 2 5 1 6 35 16
730.917 0 3 3 3 2 6 1 7 35 15
731.569 0 3 3 3 2 7 1 8 35 14
733.118 0 3 2 2 2 8 1 8 35 14
733.192 0 3 3 3 2 7 1 8 35 14
734.406 0 3 3 3 1 6 2 8 35 14
734.715 0 3 3 3 1 5 2 7 35 15
734.903 0 3 3 3 1 4 2 6 35 16
742.283 0 3 3 3 1 5 2 7 35 15
743.553 0 4 3 3 1 5 3 7 34 15
746.717 0 4 3 3 1 6 3 8 34 14
747.812 0 3 3 3 1 6 2 8 35 14
748.606 0 3 3 3 1 7 2 9 35 13
749.072 0 3 4 4 1 6 2 9 35 13
749.295 0 3 5 5 1 5 2 9 35 13
749.882 0 3 5 5 1 4 2 8 35 14
749.894 0 3 5 5 1 5 2 9 35 13
750.775 0 3 5 5 1 4 2 8 35 14
751.041 0 3 6 6 1 3 2 8 35 14
751.736 0 4 6 6 2 3 2 7 35 14
752.881 0 4 6 6 2 4 2 8 35 13
753.02 0 4 5 5 2 5 2 8 35 13
754.1 0 4 5 5 3 6 1 8 35 13
754.473 0 3 5 5 2 6 1 9 35 13
755.035 0 3 4 4 2 7 1 9 35 13
755.043 0 3 4 4 2 6 1 8 35 14
755.141 0 3 4 4 2 5 1 7 35 15
755.428 0 3 4 4 2 4 1 6 35 16
756.888 0 3 4 4 2 3 1 5 35 17
760.555 0 3 3 3 2 4 1 5 35 17
763.988 0 4 3 3 3 4 1 4 35 17
764.439 0 4 2 2 3 5 1 4 35 17
765.409 0 4 2 2 2 4 2 4 35 17
766.089 0 3 2 2 1 4 2 5 35 17
766.465 0 2 2 2 0 4 2 6 35 17
775.844 0 2 2 2 0 3 2 5 35 18
782.139 0 2 2 2 0 4 2 6 35 17
784.417 0 2 2 2 0 3 2 5 35 18
785.406 0 2 2 2 0 4 2 6 35 17
785.958 0 2 2 2 0 3 2 5 35 18
786.035 0 2 2 2 0 4 2 6 35 17
786.485 0 2 2 2 0 5 2 7 35 16
790.426 0 2 2 2 1 6 1 7 35 16
792.079 0 2 2 2 1 5 1 6 35 17
792.136 0 2 2 2 1 4 1 5 35 18
793.192 0 2 2 2 0 3 2 5 35 18
801.051 0 2 2 2 0 2 2 4 35 19
805.427 0 2 2 2 0 3 2 5 35 18
807.215 0 2 2 2 0 4 2 6 35 17
807.649 0 2 2 2 0 3 2 5 35 18
807.698 0 2 2 2 0 4 2 6 35 17
809.5 0 2 1 1 0 5 2 6 35 17
810.191 0 2 1 1 0 6 2 7 35 16
811.5 0 2 1 1 0 5 2 6 35 17
812.468 0 2 1 1 0 4 2 5 35 18
814.105 0 3 1 1 1 4 2 4 35 18
814.388 0 3 1 1 1 3 2 3 35 19
816.263 0 3 1 1 1 4 2 4 35 18
816.769 0 3 1 1 1 5 2 5 35 17
818.491 0 3 1 1 1 6 2 6 35 16
822.99 0 3 1 1 1 7 2 7 35 15
823.295 0 3 1 1 0 6 3 7 35 15
826.101 0 3 1 1 0 7 3 8 35 14
826.803 0 3 1 1 0 6 3 7 35 15
827.295 0 3 1 1 0 5 3 6 35 16
827.759 0 3 1 1 0 6 3 7 35 15
830.651 0 3 1 1 0 5 3 6 35 16
831.227 0 3 1 1 0 6 3 7 35 15
831.653 0 2 1 1 0 6 2 7 36 15
835.92 0 2 1 1 0 5 2 6 36 16
838.414 0 2 2 2 0 4 2 6 36 16
838.78 0 1 2 2 0 4 1 6 37 16
839.509 0 1 2 2 0 3 1 5 37 17
849.123 0 2 2 2 1 3 1 4 37 17
849.381 1 3 2 2 0 3 1 4 37 17
853.508 1 3 2 2 0 4 1 5 37 16
856.39 1 3 2 2 0 5 1 6 37 15
856.43 1 3 2 2 0 4 1 5 37 16
856.762 1 4 2 2 1 4 1 4 37 16
856.963 1 4 2 2 2 5 0 4 37 16
857.17 1 5 2 2 3 5 0 3 37 16
859.298 1 5 2 2 3 6 0 4 37 15
859.667 1 5 2 2 3 7 0 5 37 14
859.939 1 5 2 2 3 6 0 4 37 15
865.417 1 5 2 2 3 7 0 5 37 14
865.701 1 4 2 2 2 7 0 6 37 14
867.049 1 4 2 2 2 6 0 5 37 15
868.535 1 4 2 2 2 7 0 6 37 14
868.8 1 4 2 2 2 6 0 5 37 15
869.943 1 5 2 2 3 6 0 4 37 15
870.415 2 6 2 2 2 6 0 4 37 15
871.074 2 6 2 2 2 7 0 5 37 14
871.882 2 6 2 2 2 6 0 4 37 15
873.655 2 5 2 2 1 6 0 5 37 15
876.765 2 5 1 1 1 7 0 5 37 15
876.952 2 5 1 1 1 8 0 6 37 14
877.244 2 5 0 0 1 9 0 6 37 14
877.274 2 5 0 0 1 8 0 5 37 15
877.274 2 5 0 0 1 9 0 6 37 14
877.277 1 4 0 0 2 9 0 6 37 14
877.832 1 5 0 0 3 9 0 5 37 14
879.182 1 5 0 0 3 10 0 6 37 13
880.079 1 5 0 0 3 9 0 5 37 14
880.194 1 5 0 0 2 8 1 5 37 14
880.29 1 5 0 0 2 7 1 4 37 15
880.53 2 6 0 0 1 7 1 4 37 15
880.697 2 6 0 0 1 6 1 3 37 16
881.737 2 6 0 0 1 5 1 2 37 17
881.74 2 6 0 0 1 6 1 3 37 16
882.276 1 5 0 0 2 6 1 3 37 16
882.444 1 5 1 1 2 5 1 3 37 16
886.278 1 6 1 1 3 5 1 2 37 16
886.862 0 5 1 1 4 5 1 2 37 16
889.136 0 5 2 2 4 4 1 2 37 16
889.438 0 5 2 2 3 3 2 2 37 16
890.081 0 4 2 2 2 3 2 3 37 16
890.163 0 4 2 2 2 4 2 4 37 15
892.106 0 4 2 2 2 3 2 3 37 16
893.329 0 3 2 2 2 3 1 3 38 16
894.835 1 4 2 2 1 3 1 3 38 16
896.25 1 4 2 2 1 2 1 2 38 17
905.006 2 5 2 2 0 2 1 2 38 17
905.754 2 5 2 2 0 3 1 3 38 16
906.353 2 5 2 2 0 4 1 4 38 15
908.762 2 5 2 2 0 3 1 3 38 16
909.173 2 5 1 1 0 4 1 3 38 16
917.398 2 5 1 1 0 5 1 4 38 15
917.735 2 5 1 1 0 6 1 5 38 14
917.807 1 4 1 1 1 6 1 5 38 14
919.472 1 4 1 1 1 7 1 6 38 13
921.549 1 4 1 1 1 8 1 7 38 12
923.653 1 3 1 1 0 8 1 8 38 12
923.757 1 3 1 1 0 7 1 7 38 13
924.803 1 3 1 1 0 6 1 6 38 14
925.546 1 3 1 1 0 7 1 7 38 13
925.793 1 3 1 1 0 6 1 6 38 14
928.208 1 3 1 1 0 7 1 7 38 13
929.166 1 3 1 1 0 8 1 8 38 12
930.328 1 3 1 1 0 7 1 7 38 13
930.916 1 3 2 2 0 6 1 7 38 13
931.449 1 3 2 2 0 5 1 6 38 14
931.812 1 3 2 2 0 6 1 7 38 13
933.251 1 3 2 2 1 7 0 7 38 13
934.442 1 3 2 2 1 6 0 6 38 14
935.057 1 4 2 2 2 6 0 5 38 14
938.332 1 4 2 2 2 7 0 6 38 13
938.744 1 4 2 2 2 6 0 5 38 14
945.166 1 4 3 3 2 5 0 5 38 14
945.682 1 4 3 3 2 4 0 4 38 15
950.863 1 4 3 3 2 3 0 3 38 16
952.464 1 4 3 3 2 4 0 4 38 15
953.759 1 5 3 3 2 4 1 4 37 15
954.217 1 5 3 3 2 5 1 5 37 14
954.956 1 5 2 2 2 6 1 5 37 14
957.084 1 4 2 2 2 6 0 5 38 14
957.478 1 4 2 2 2 7 0 6 38 13
957.925 1 4 2 2 2 6 0 5 38 14
958.652 1 4 1 1 2 7 0 5 38 14
960.814 1 4 1 1 2 8 0 6 38 13
961.894 1 4 1 1 2 9 0 7 38 12
962.277 1 4 1 1 2 8 0 6 38 13
962.696 1 4 1 1 2 7 0 5 38 14
963.131 1 5 1 1 2 7 1 5 37 14
970.701 1 5 1 1 2 6 1 4 37 15
973.081 0 4 1 1 3 6 1 4 37 15
973.511 1 5 1 1 2 6 1 4 37 15
973.636 1 5 1 1 1 5 2 4 37 15
976.113 1 6 1 1 2 5 2 3 37 15
979.379 1 6 1 1 2 6 2 4 37 14
979.755 1 5 1 1 1 6 2 5 37 14
979.785 1 5 1 1 1 5 2 4 37 15
982.701 1 6 1 1 2 5 2 3 37 15
987.238 1 6 1 1 2 6 2 4 37 14
987.651 1 5 1 1 2 6 1 4 38 14
988.14 1 5 1 1 1 5 2 4 38 14
992.553 1 5 1 1 1 4 2 3 38 15
993.556 1 5 1 1 1 5 2 4 38 14
993.995 1 4 1 1 0 5 2 5 38 14
995.396 1 4 1 1 0 6 2 6 38 13
995.969 1 4 2 2 0 5 2 6 38 13
996.326 1 4 2 2 0 4 2 5 38 14
999.275 1 4 2 2 0 5 2 6 38 13
1000.18 1 4 2 2 0 4 2 5 38 14
1002.09 1 5 2 2 1 4 2 4 38 14
1005.06 1 5 1 1 1 5 2 4 38 14
1005.16 1 4 1 1 1 5 1 4 39 14
1006.12 1 4 1 1 0 4 2 4 39 14
1006.57 1 5 1 1 1 4 2 3 39 14
1006.91 1 5 2 2 1 3 2 3 39 14
1007.24 1 5 3 3 1 2 2 3 39 14
1008.12 1 5 3 3 1 3 2 4 39 13
1008.29 1 5 3 3 0 2 3 4 39 13
1009.11 1 6 3 3 1 2 3 3 39 13
1010.35 1 6 2 2 1 3 3 3 39 13
1011.79 1 5 2 2 1 3 2 3 40 13
1012.43 1 4 2 2 1 3 1 3 41 13
1013.67 1 4 2 2 1 4 1 4 41 12
1013.8 1 4 2 2 0 3 2 4 41 12
1016.38 1 4 2 2 0 2 2 3 41 13
1016.97 1 5 2 2 0 2 3 3 40 13
1019.12 1 5 2 2 0 3 3 4 40 12
1020.05 1 5 2 2 0 4 3 5 40 11
1020.39 1 5 2 2 0 3 3 4 40 12
1021.52 1 6 2 2 1 3 3 3 40 12
1021.61 1 5 2 2 0 3 3 4 40 12
1024.95 1 5 2 2 1 4 2 4 40 12
1027.01 1 5 1 1 1 5 2 4 40 12
1027.44 1 5 1 1 1 6 2 5 40 11
1027.85 1 4 1 1 0 6 2 6 40 11
1032.56 1 4 1 1 0 5 2 5 40 12
1034.21 1 4 1 1 0 6 2 6 40 11
1035.65 1 4 1 1 0 7 2 7 40 10
1036.17 1 4 1 1 0 6 2 6 40 11
1039.78 1 4 1 1 0 7 2 7 40 10
1040.44 1 4 1 1 0 8 2 8 40 9
1041.31 1 4 1 1 0 9 2 9 40 8
1041.79 1 3 1 1 0 9 1 9 41 8
1041.86 1 3 1 1 0 8 1 8 41 9
1042.67 1 3 1 1 0 7 1 7 41 10
1045.99 1 3 1 1 0 6 1 6 41 11
1046.19 1 3 1 1 0 5 1 5 41 12
1052.32 1 3 1 1 0 4 1 4 41 13
1054.63 1 3 1 1 0 5 1 5 41 12
1058.47 1 3 1 1 0 4 1 4 41 13
1065.06 1 3 1 1 0 3 1 3 41 14
1068.29 1 4 1 1 1 3 1 2 41 14
1068.38 1 4 1 1 1 4 1 3 41 13
1070.13 1 4 1 1 1 5 1 4 41 12
1076.4 2 5 1 1 0 5 1 4 41 12
1077.25 2 6 1 1 1 5 1 3 41 12
1078.7 1 5 1 1 2 5 1 3 41 12
1079.46 0 4 1 1 3 5 1 3 41 12
1081.96 1 5 1 1 2 5 1 3 41 12
1083.1 1 6 1 1 3 5 1 2 41 12
1087.36 2 7 1 1 2 5 1 2 41 12
1089.77 2 7 1 1 2 6 1 3 41 11
1089.93 2 7 1 1 1 5 2 3 41 11
1092.89 2 6 1 1 1 5 1 3 42 11
1097.68 2 5 1 1 1 5 0 3 43 11
1099.6 1 4 1 1 2 5 0 3 43 11
1100.96 1 5 1 1 3 5 0 2 43 11
1101.87 1 5 1 1 3 4 0 1 43 12
1103.73 0 4 1 1 4 4 0 1 43 12
1108.11 0 4 1 1 4 3 0 0 43 13
1109.36 0 4 1 1 4 4 0 1 43 12
1114.6 0 4 1 1 4 5 0 2 43 11
1114.85 0 4 2 2 4 4 0 2 43 11
1120.41 0 4 2 2 3 3 1 2 43 11
1123.11 1 5 2 2 2 3 1 2 43 11
1123.56 1 4 2 2 1 3 1 3 43 11
1127.98 0 3 2 2 2 3 1 3 43 11
1130.92 0 3 1 1 2 4 1 3 43 11
1133.82 0 3 1 1 2 3 1 2 43 12
1136.84 0 3 1 1 2 2 1 1 43 13
1137.82 0 3 1 1 2 3 1 2 43 12
1139.81 0 2 1 1 1 3 1 3 43 12
1142.62 0 2 1 1 0 2 2 3 43 12
1144.08 0 2 1 1 0 3 2 4 43 11
1152.31 0 2 1 1 0 4 2 5 43 10
1156.81 0 3 1 1 1 4 2 4 43 10
1158.42 0 3 1 1 1 3 2 3 43 11
1159.72 0 3 1 1 1 2 2 2 43 12
1159.99 0 3 1 1 1 3 2 3 43 11
1162.27 0 2 1 1 1 3 1 3 44 11
1167.09 0 2 1 1 1 2 1 2 44 12
1169.43 0 2 2 2 1 1 1 2 44 12
1174.54 0 2 2 2 1 2 1 3 44 11
1177.53 0 3 2 2 1 2 2 3 43 11
1182.25 0 3 2 2 1 3 2 4 43 10
1182.79 0 3 2 2 1 4 2 5 43 9
1185 0 3 2 2 1 3 2 4 43 10
1191.59 0 4 2 2 2 3 2 3 43 10
1194.29 0 5 2 2 3 3 2 2 43 10
1195.86 0 4 2 2 2 3 2 3 43 10
1197.57 1 5 2 2 1 3 2 3 43 10
1197.71 1 5 2 2 1 4 2 4 43 9
1198.15 1 5 2 2 1 3 2 3 43 10
1201.03 1 6 2 2 2 3 2 2 43 10
1204.24 1 6 3 3 2 2 2 2 43 10
1204.5 1 5 3 3 2 2 1 2 44 10
1204.8 1 4 3 3 1 2 1 3 44 10
1205.73 1 4 2 2 1 3 1 3 44 10
1211.06 0 3 2 2 2 3 1 3 44 10
1212.43 0 2 2 2 1 3 1 4 44 10
1213.36 0 2 2 2 1 2 1 3 44 11
1219.13 0 2 1 1 1 3 1 3 44 11
1220.66 0 2 1 1 1 2 1 2 44 12
1221.81 0 2 1 1 1 3 1 3 44 11
1222.13 0 1 1 1 0 3 1 4 44 11
1227.52 0 1 2 2 0 2 1 4 44 11
1228.68 0 0 2 2 0 2 0 4 45 11
1233.4 0 1 2 2 1 2 0 3 45 11
1234.84 0 2 2 2 2 2 0 2 45 11
1239.92 0 2 2 2 2 3 0 3 45 10
1244.78 0 2 1 1 2 4 0 3 45 10
1249.27 0 2 0 0 2 5 0 3 45 10
1251.34 0 2 0 0 2 6 0 4 45 9
1255.79 0 2 0 0 2 5 0 3 45 10
1256.11 0 3 0 0 2 5 1 3 44 10
1256.64 1 4 0 0 1 5 1 3 44 10
1256.68 1 4 0 0 1 6 1 4 44 9
1257.69 2 5 0 0 0 6 1 4 44 9
1262.08 2 5 0 0 0 5 1 3 44 10
1264.1 2 5 0 0 0 6 1 4 44 9
1265.89 2 5 1 1 0 5 1 4 44 9
1268.22 1 4 1 1 1 5 1 4 44 9
1268.97 2 5 1 1 0 5 1 4 44 9
1270.13 2 5 1 1 0 4 1 3 44 10
1277.11 2 5 1 1 0 5 1 4 44 9
1281.49 2 4 1 1 0 5 0 4 45 9
1282.05 2 4 1 1 0 4 0 3 45 10
1286.35 2 4 0 0 0 5 0 3 45 10
1292.25 2 4 0 0 0 4 0 2 45 11
1293.44 2 4 0 0 0 5 0 3 45 10
1293.6 2 4 0 0 0 4 0 2 45 11
1295.54 2 4 0 0 0 5 0 3 45 10
1298.23 1 3 0 0 1 5 0 3 45 10
1299.93 2 4 0 0 0 5 0 3 45 10
1302.42 2 4 0 0 0 6 0 4 45 9
1304.12 2 4 0 0 0 7 0 5 45 8
1305.47 2 5 0 0 1 7 0 4 45 8
1305.68 2 5 0 0 0 6 1 4 45 8
1307.8 2 5 0 0 0 5 1 3 45 9
1309.5 2 5 0 0 0 4 1 2 45 10
1313.81 2 6 0 0 1 4 1 1 45 10
1314.97 2 6 0 0 1 5 1 2 45 9
1315.23 2 6 0 0 1 6 1 3 45 8
1318.38 2 6 0 0 1 7 1 4 45 7
1321.75 2 7 0 0 2 7 1 3 45 7
1321.82 1 6 0 0 3 7 1 3 45 7
1323.46 1 6 0 0 3 6 1 2 45 8
1323.49 2 7 0 0 2 6 1 2 45 8
1324.33 2 6 0 0 1 6 1 3 45 8
1328.3 2 6 0 0 1 7 1 4 45 7
1329.82 2 6 0 0 1 6 1 3 45 8
1330.33 2 6 0 0 1 7 1 4 45 7
1331.95 2 6 0 0 1 6 1 3 45 8
1338.84 2 6 1 1 1 5 1 3 45 8
1343.5 2 6 1 1 1 4 1 2 45 9
1348.41 2 5 1 1 1 4 0 2 46 9
1353.91 2 6 1 1 2 4 0 1 46 9
1356.67 2 6 1 1 2 5 0 2 46 8
1357.94 2 5 1 1 1 5 0 3 46 8
1358 2 5 2 2 1 4 0 3 46 8
1360.72 2 5 2 2 1 5 0 4 46 7
1361.45 2 5 2 2 1 4 0 3 46 8
1363.48 2 5 3 3 1 3 0 3 46 8
1366.69 2 5 3 3 1 4 0 4 46 7
1370.6 2 4 3 3 0 4 0 5 46 7
1370.7 2 4 3 3 0 3 0 4 46 8
1370.94 2 5 3 3 1 3 0 3 46 8
1373.2 2 5 2 2 1 4 0 3 46 8
1375.61 2 5 2 2 1 3 0 2 46 9
1375.73 2 5 2 2 1 2 0 1 46 10
1376.06 1 4 2 2 2 2 0 1 46 10
1377.02 1 4 2 2 2 3 0 2 46 9
1377.71 1 4 2 2 2 4 0 3 46 8
1377.73 1 3 2 2 1 4 0 4 46 8
1379.71 1 3 2 2 1 5 0 5 46 7
1379.92 1 4 2 2 2 5 0 4 46 7
1380.15 1 4 2 2 2 4 0 3 46 8
1382.61 1 3 2 2 1 4 0 4 46 8
1385.96 2 4 2 2 0 4 0 4 46 8
1389.25 2 4 2 2 0 3 0 3 46 9
1389.57 2 4 1 1 0 4 0 3 46 9
1389.92 2 4 1 1 0 5 0 4 46 8
1390.09 2 4 1 1 0 4 0 3 46 9
1397.97 2 4 1 1 0 3 0 2 46 10
1399.5 1 3 1 1 1 3 0 2 46 10
1400.65 1 4 1 1 1 3 1 2 45 10
1407.69 1 4 1 1 1 2 1 1 45 11
1409.69 1 4 1 1 1 3 1 2 45 10
1412.3 1 4 2 2 1 2 1 2 45 10
1418.61 1 4 2 2 1 3 1 3 45 9
1420.48 0 3 2 2 2 3 1 3 45 9
1421.92 0 3 2 2 2 2 1 2 45 10
1423.41 0 3 2 2 2 3 1 3 45 9
1424.5 0 3 2 2 2 4 1 4 45 8
1426.31 0 3 2 2 2 5 1 5 45 7
1429.14 0 3 2 2 2 4 1 4 45 8
1433.34 0 3 2 2 1 3 2 4 45 8
1438.7 0 3 1 1 1 4 2 4 45 8
1441.27 0 2 1 1 1 4 1 4 46 8
1444.11 0 2 1 1 1 5 1 5 46 7
1447.58 0 2 1 1 0 4 2 5 46 7
1449.51 0 2 1 1 0 3 2 4 46 8
1452.26 0 2 0 0 0 4 2 4 46 8
1458.84 0 2 0 0 0 5 2 5 46 7
1460.46 0 2 0 0 0 4 2 4 46 8
1461.84 0 2 0 0 0 5 2 5 46 7
1465.63 0 2 0 0 0 4 2 4 46 8
1468.91 0 2 0 0 0 5 2 5 46 7
1478.11 0 2 0 0 0 6 2 6 46 6
1479.12 0 2 0 0 0 5 2 5 46 7
1479.5 0 2 0 0 0 6 2 6 46 6
1480.1 0 2 0 0 0 7 2 7 46 5
1480.31 0 3 0 0 1 7 2 6 46 5
1485.43 0 3 0 0 1 6 2 5 46 6
1492.18 0 3 0 0 1 5 2 4 46 7
1496.09 0 3 0 0 1 4 2 3 46 8
1498.57 0 4 0 0 1 4 3 3 45 8
1500.19 0 4 0 0 1 5 3 4 45 7
1501.04 1 5 0 0 0 5 3 4 45 7
1502.05 1 4 0 0 0 5 2 4 46 7
1502.57 1 4 0 0 0 4 2 3 46 8
1508.15 0 3 0 0 1 4 2 3 46 8
1510.61 0 3 0 0 1 3 2 2 46 9
1511.33 1 4 0 0 0 3 2 2 46 9
1514.21 1 4 0 0 0 2 2 1 46 10
1514.82 1 3 0 0 0 2 1 1 47 10
1521.89 1 3 0 0 0 3 1 2 47 9
1527.29 0 2 0 0 1 3 1 2 47 9
1530.18 0 2 0 0 1 2 1 1 47 10
1535.32 0 3 0 0 2 2 1 0 47 10
1536.87 0 3 1 1 2 1 1 0 47 10
1538.28 0 3 0 0 2 2 1 0 47 10
1546.48 0 2 0 0 1 2 1 1 47 10
1547.24 0 2 0 0 1 3 1 2 47 9
1548.18 0 2 1 1 1 2 1 2 47 9
1548.58 0 2 1 1 1 3 1 3 47 8
1549.89 0 2 1 1 0 2 2 3 47 8
1552.16 0 1 1 1 0 2 1 3 48 8
1555.38 0 2 1 1 0 2 2 3 47 8
1558.45 0 2 1 1 0 3 2 4 47 7
1559.45 0 2 1 1 0 2 2 3 47 8
1567.33 0 2 1 1 0 3 2 4 47 7
1567.75 0 2 1 1 0 2 2 3 47 8
1567.76 0 2 1 1 0 1 2 2 47 9
1569.79 0 2 1 1 1 2 1 2 47 9
1570.77 0 2 1 1 1 1 1 1 47 10
1572.18 0 2 1 1 1 2 1 2 47 9
1576.68 0 2 1 1 1 3 1 3 47 8
1578.21 0 1 1 1 1 3 0 3 48 8
1580.26 1 2 1 1 0 3 0 3 48 8
1582.47 1 3 1 1 0 3 1 3 47 8
1582.69 1 3 1 1 0 2 1 2 47 9
1585.63 1 4 1 1 1 2 1 1 47 9
1590 1 4 1 1 1 3 1 2 47 8
1590.48 1 4 1 1 1 4 1 3 47 7
1590.95 1 4 2 2 1 3 1 3 47 7
1600.5 1 4 2 2 1 4 1 4 47 6
1601.99 1 4 2 2 1 5 1 5 47 5
1604.08 1 4 2 2 1 4 1 4 47 6
1607.48 1 4 2 2 1 5 1 5 47 5
1607.95 1 4 2 2 1 6 1 6 47 4
1610.19 1 4 2 2 1 5 1 5 47 5
1611.78 1 4 2 2 1 4 1 4 47 6
1614.43 0 3 2 2 2 4 1 4 47 6
1615.28 0 3 2 2 2 5 1 5 47 5
1616.82 0 2 2 2 1 5 1 6 47 5
1619.13 0 2 2 2 1 4 1 5 47 6
1620.99 0 3 2 2 2 4 1 4 47 6
1621.31 0 4 2 2 2 4 2 4 46 6
1621.91 0 4 3 3 2 3 2 4 46 6
1623.51 0 4 3 3 2 2 2 3 46 7
1626.27 0 4 3 3 2 1 2 2 46 8
1627.87 0 4 3 3 2 2 2 3 46 7
1630.06 0 4 3 3 2 3 2 4 46 6
1632.32 0 4 3 3 2 2 2 3 46 7
1632.71 0 4 2 2 2 3 2 3 46 7
1633.9 0 4 2 2 1 2 3 3 46 7
1635.23 0 4 1 1 1 3 3 3 46 7
1636.35 0 4 1 1 1 4 3 4 46 6
1642.01 0 3 1 1 0 4 3 5 46 6
1642.66 0 3 1 1 0 3 3 4 46 7
1644.42 0 2 1 1 0 3 2 4 47 7
1644.89 0 2 1 1 0 4 2 5 47 6
1645.34 0 3 1 1 1 4 2 4 47 6
1646.15 1 4 1 1 0 4 2 4 47 6
1648.28 1 3 1 1 0 4 1 4 48 6
1654.01 1 4 1 1 1 4 1 3 48 6
1655.19 1 4 1 1 2 5 0 3 48 6
1656.5 0 3 1 1 3 5 0 3 48 6
1657.75 0 3 1 1 3 6 0 4 48 5
1658.59 0 3 1 1 3 5 0 3 48 6
1658.66 0 3 1 1 2 4 1 3 48 6
1660.5 1 4 1 1 1 4 1 3 48 6
1664.45 1 4 1 1 0 3 2 3 48 6
1666.78 1 3 1 1 0 3 1 3 49 6
1669.91 1 3 1 1 0 2 1 2 49 7
1670.91 1 3 1 1 0 3 1 3 49 6
1675.21 1 4 1 1 1 3 1 2 49 6
1675.29 1 4 1 1 0 2 2 2 49 6
1678.85 1 5 1 1 1 2 2 1 49 6
1679.78 1 5 1 1 1 3 2 2 49 5
1680.21 1 5 1 1 1 4 2 3 49 4
1681.56 1 5 1 1 1 3 2 2 49 5
1683.16 1 5 0 0 1 4 2 2 49 5
1684.93 1 5 0 0 0 3 3 2 49 5
1685.01 1 4 0 0 0 3 2 2 50 5
1687.75 1 4 0 0 0 4 2 3 50 4
1691.47 1 4 0 0 0 5 2 4 50 3
1693.24 1 4 0 0 0 4 2 3 50 4
1701.54 1 4 0 0 0 5 2 4 50 3
1702.05 1 4 0 0 0 4 2 3 50 4
1706.7 1 4 1 1 0 3 2 3 50 4
1709.22 1 4 1 1 0 2 2 2 50 5
1714.3 1 4 1 1 0 1 2 1 50 6
1715.85 1 4 1 1 0 2 2 2 50 5
1723.5 1 4 1 1 0 1 2 1 50 6
1726.56 0 3 1 1 1 1 2 1 50 6
1731.47 0 2 1 1 1 1 1 1 51 6
1735.28 0 2 1 1 1 2 1 2 51 5
1743.16 0 2 1 1 1 3 1 3 51 4
1743.18 0 1 1 1 1 3 0 3 52 4
1752.21 1 2 1 1 0 3 0 3 52 4
1763.32 1 2 1 1 0 2 0 2 52 5
1768.23 1 3 1 1 1 2 0 1 52 5
1768.46 1 3 2 2 1 1 0 1 52 5
1771.01 1 3 2 2 1 2 0 2 52 4
1789.7 1 3 2 2 1 3 0 3 52 3
1792.97 1 3 2 2 1 2 0 2 52 4
1797.15 1 4 2 2 1 2 1 2 51 4
1797.34 0 3 2 2 2 2 1 2 51 4
1800.97 0 3 1 1 2 3 1 2 51 4
1803.07 0 3 1 1 2 4 1 3 51 3
1809.38 0 4 1 1 3 4 1 2 51 3
1809.57 0 4 1 1 3 3 1 1 51 4
1810.37 0 4 1 1 2 2 2 1 51 4
1812.13 0 5 1 1 2 2 3 1 50 4
1815.84 1 6 1 1 1 2 3 1 50 4
1819.84 1 5 1 1 1 2 2 1 51 4
1826.69 1 5 2 2 1 1 2 1 51 4
1826.82 0 4 2 2 2 1 2 1 51 4
1832.98 1 5 2 2 1 1 2 1 51 4
1833.48 1 5 1 1 1 2 2 1 51 4
1836.7 1 4 1 1 1 2 1 1 52 4
1838.39 1 5 1 1 2 2 1 0 52 4
1838.62 2 6 1 1 1 2 1 0 52 4
1839.23 1 5 1 1 2 2 1 0 52 4
1840.37 1 4 1 1 1 2 1 1 52 4
1848.83 1 4 1 1 1 3 1 2 52 3
1854.24 0 3 1 1 2 3 1 2 52 3
1857.33 0 3 1 1 2 4 1 3 52 2
1862.47 0 3 1 1 2 5 1 4 52 1
1863.22 0 3 1 1 2 4 1 3 52 2
1864.21 0 3 1 1 2 5 1 4 52 1
1864.8 0 3 1 1 3 6 0 4 52 1
1865.74 1 4 1 1 2 6 0 4 52 1
1865.91 1 4 2 2 2 5 0 4 52 1
1868.53 1 4 3 3 2 4 0 4 52 1
1868.64 1 4 3 3 2 3 0 3 52 2
1877.28 1 4 3 3 2 2 0 2 52 3
1879.84 1 4 3 3 2 3 0 3 52 2
1883.52 1 4 3 3 1 2 1 3 52 2
1887.89 1 4 3 3 1 3 1 4 52 1
1889.14 1 3 3 3 1 3 0 4 53 1
1889.95 1 4 3 3 2 3 0 3 53 1
1892.14 1 4 2 2 2 4 0 3 53 1
1892.64 1 4 2 2 2 3 0 2 53 2
1898.18 1 4 2 2 2 2 0 1 53 3
1911.68 1 4 2 2 2 3 0 2 53 2
1913.86 1 5 2 2 2 3 1 2 52 2
1914.77 1 5 1 1 2 4 1 2 52 2
1916.35 1 5 1 1 2 3 1 1 52 3
1916.72 1 6 1 1 2 3 2 1 51 3
1918.89 1 6 1 1 3 4 1 1 51 3
1920.33 1 5 1 1 2 4 1 2 51 3
1922.26 1 5 1 1 2 5 1 3 51 2
1924.13 2 6 1 1 1 5 1 3 51 2
1927.63 2 6 1 1 1 4 1 2 51 3
1928.7 2 7 1 1 1 4 2 2 50 3
1935.15 2 6 1 1 1 4 1 2 51 3
1936.14 2 5 1 1 0 4 1 3 51 3
1937.7 2 5 1 1 0 3 1 2 51 4
1946.2 2 6 1 1 1 3 1 1 51 4
1954.4 1 5 1 1 2 3 1 1 51 4
1955.63 1 5 1 1 2 2 1 0 51 5
1955.89 1 4 1 1 1 2 1 1 51 5
1957.5 1 4 1 1 1 1 1 0 51 6
1957.53 1 4 2 2 1 0 1 0 51 6
1962.82 1 3 2 2 0 0 1 1 51 6
1968.01 1 3 2 2 0 1 1 2 51 5
1968.83 1 3 2 2 0 2 1 3 51 4
1970.12 1 2 2 2 0 2 0 3 52 4
1973.1 1 2 2 2 0 3 0 4 52 3
1973.41 1 2 2 2 0 2 0 3 52 4
1974.7 1 2 2 2 0 3 0 4 52 3
1976.53 1 2 2 2 0 2 0 3 52 4
1980.37 1 2 2 2 0 1 0 2 52 5
1980.64 1 3 2 2 1 1 0 1 52 5
2006.04 0 2 2 2 2 1 0 1 52 5
2007.9 0 3 2 2 3 1 0 0 52 5
2010.08 1 4 2 2 2 1 0 0 52 5
2025.84 1 4 2 2 1 0 1 0 52 5
2038.94 0 3 2 2 2 0 1 0 52 5
2040 0 2 2 2 1 0 1 1 52 5
2045.14 0 1 2 2 1 0 0 1 53 5
2057.99 1 2 2 2 0 0 0 1 53 5
2083.83 1 2 2 2 0 1 0 2 53 4
2088 1 3 2 2 1 1 0 1 53 4
2088.99 2 4 2 2 0 1 0 1 53 4
2090.34 2 5 2 2 0 1 1 1 52 4
2094.03 2 5 1 1 0 2 1 1 52 4
2107.12 2 5 1 1 0 3 1 2 52 3
2108.78 1 4 1 1 1 3 1 2 52 3
2111.86 1 4 2 2 1 2 1 2 52 3
2126.21 0 3 2 2 2 2 1 2 52 3
2130.48 1 4 2 2 1 2 1 2 52 3
2131.83 1 3 2 2 1 2 0 2 53 3
2132.6 1 4 2 2 2 2 0 1 53 3
2136.64 2 5 2 2 1 2 0 1 53 3
2145.38 2 6 2 2 1 2 1 1 52 3
2145.97 1 5 2 2 2 2 1 1 52 3
2159.75 1 6 2 2 3 2 1 0 52 3
2164.66 1 5 2 2 2 2 1 1 52 3
2167.24 1 5 2 2 2 3 1 2 52 2
2167.3 1 5 2 2 1 2 2 2 52 2
2169.09 1 4 2 2 1 2 1 2 53 2
2170.95 2 5 2 2 0 2 1 2 53 2
2176.23 1 4 2 2 1 2 1 2 53 2
2178.09 1 4 3 3 1 1 1 2 53 2
2178.43 1 4 3 3 1 0 1 1 53 3
2179.42 1 4 2 2 1 1 1 1 53 3
2185.82 1 3 2 2 0 1 1 2 53 3
2189.3 0 2 2 2 1 1 1 2 53 3
2197.16 0 2 2 2 1 2 1 3 53 2
2198.62 0 2 2 2 1 1 1 2 53 3
2201.13 0 2 3 3 1 0 1 2 53 3
2203.92 0 3 3 3 1 0 2 2 52 3
2207.95 0 4 3 3 1 0 3 2 51 3
2214.14 0 5 3 3 2 0 3 1 51 3
2215.18 0 5 2 2 2 1 3 1 51 3
2225.31 0 4 2 2 2 1 2 1 52 3
2227.52 1 5 2 2 1 1 2 1 52 3
2228 1 6 2 2 1 1 3 1 51 3
2228.25 1 5 2 2 1 1 2 1 52 3
2230.71 1 6 2 2 1 1 3 1 51 3
2236.27 1 5 2 2 1 1 2 1 52 3
2247.34 1 4 2 2 1 1 1 1 53 3
2248.51 2 5 2 2 0 1 1 1 53 3
2252.03 1 4 2 2 1 1 1 1 53 3
2255.45 1 4 1 1 1 2 1 1 53 3
2260.27 0 3 1 1 2 2 1 1 53 3
2261.72 0 3 1 1 2 3 1 2 53 2
2262.83 0 3 1 1 1 2 2 2 53 2
2264.82 0 3 1 1 1 3 2 3 53 1
2265.08 0 3 1 1 1 2 2 2 53 2
2278.57 0 3 1 1 1 3 2 3 53 1
2280.5 1 4 1 1 0 3 2 3 53 1
2282.44 1 4 1 1 0 2 2 2 53 2
2286.8 1 4 1 1 0 1 2 1 53 3
2286.99 1 4 1 1 0 2 2 2 53 2
2291.95 0 3 1 1 1 2 2 2 53 2
2299.83 0 3 1 1 1 1 2 1 53 3
2303.9 0 3 1 1 1 2 2 2 53 2
2304 0 3 1 1 1 3 2 3 53 1
2304.18 0 3 1 1 1 2 2 2 53 2
2314.91 0 2 1 1 1 2 1 2 54 2
2318.4 0 3 1 1 2 2 1 1 54 2
2325.35 0 2 1 1 1 2 1 2 54 2
2325.8 0 2 1 1 1 3 1 3 54 1
2333.55 0 3 1 1 2 3 1 2 54 1
2339.45 0 2 1 1 2 3 0 2 55 1
2340.34 0 3 1 1 2 3 1 2 54 1
2341.09 0 3 1 1 2 2 1 1 54 2
2346.91 0 2 1 1 2 2 0 1 55 2
2347.17 0 1 1 1 1 2 0 2 55 2
2361.48 0 1 1 1 1 1 0 1 55 3
2370.23 1 2 1 1 0 1 0 1 55 3
2373.67 1 2 1 1 0 2 0 2 55 2
2384.6 1 3 1 1 1 2 0 1 55 2
2386.43 1 3 1 1 0 1 1 1 55 2
2403.59 1 3 1 1 0 2 1 2 55 1
2408.35 1 3 1 1 1 3 0 2 55 1
2410.46 1 3 2 2 1 2 0 2 55 1
2410.88 1 3 2 2 1 1 0 1 55 2
2414.24 0 2 2 2 2 1 0 1 55 2
2419.14 0 3 2 2 2 1 1 1 54 2
2424.52 0 2 2 2 2 1 0 1 55 2
2427.54 0 2 1 1 2 2 0 1 55 2
2429.74 0 2 1 1 2 3 0 2 55 1
2434.31 1 3 1 1 1 3 0 2 55 1
2444.8 1 3 1 1 1 2 0 1 55 2
2445.22 1 3 1 1 1 1 0 0 55 3
2447.27 1 4 1 1 1 1 1 0 54 3
2454.16 1 4 1 1 1 2 1 1 54 2
2459.76 0 3 1 1 2 2 1 1 54 2
2467.5 0 2 1 1 1 2 1 2 54 2
2468.37 0 3 1 1 1 2 2 2 53 2
2480.11 0 3 1 1 1 1 2 1 53 3
2485.39 0 3 1 1 1 2 2 2 53 2
2497.2 0 3 1 1 1 3 2 3 53 1
2506.16 0 3 1 1 1 2 2 2 53 2
2507.58 0 3 1 1 1 1 2 1 53 3
2509.17 0 2 1 1 0 1 2 2 53 3
2513.37 0 2 1 1 1 2 1 2 53 3
2521.88 0 2 1 1 1 3 1 3 53 2
2534.87 0 2 1 1 1 2 1 2 53 3
2540.14 0 2 1 1 1 3 1 3 53 2
2541.21 0 1 1 1 1 3 0 3 54 2
2543.53 0 1 1 1 0 2 1 3 54 2
2558.22 0 1 1 1 0 3 1 4 54 1
2571.41 0 1 1 1 0 2 1 3 54 2
2578.59 0 1 1 1 0 3 1 4 54 1
2578.77 0 1 1 1 0 2 1 3 54 2
2584.32 0 1 1 1 0 1 1 2 54 3
2591.83 0 2 1 1 1 1 1 1 54 3
2600.27 0 2 2 2 1 0 1 1 54 3
2631.77 0 2 1 1 1 1 1 1 54 3
2632.36 0 2 1 1 1 2 1 2 54 2
2638.22 1 3 1 1 0 2 1 2 54 2
2648.96 1 3 2 2 0 1 1 2 54 2
2655.11 1 3 1 1 0 2 1 2 54 2
2656.04 1 4 1 1 1 2 1 1 54 2
2663.83 2 5 1 1 0 2 1 1 54 2
2664.63 2 6 1 1 0 2 2 1 53 2
2666.01 2 6 1 1 0 3 2 2 53 1
2667.1 2 6 2 2 0 2 2 2 53 1
2671.61 1 5 2 2 1 2 2 2 53 1
2672.87 1 5 1 1 1 3 2 2 53 1
2675.31 0 4 1 1 2 3 2 2 53 1
2677.18 0 5 1 1 2 3 3 2 52 1
2678.41 0 5 1 1 3 4 2 2 52 1
2680.5 0 5 1 1 3 3 2 1 52 2
2680.85 0 4 1 1 3 3 1 1 53 2
2683.73 0 3 1 1 3 3 0 1 54 2
2684.68 1 4 1 1 2 3 0 1 54 2
2685.69 1 4 0 0 2 4 0 1 54 2
2686.59 2 5 0 0 1 4 0 1 54 2
2687.13 2 5 0 0 1 5 0 2 54 1
2691.38 3 6 0 0 0 5 0 2 54 1
2692.26 3 7 0 0 1 5 0 1 54 1
2693.36 3 7 0 0 0 4 1 1 54 1
2694.51 3 8 0 0 0 4 2 1 53 1
2696.07 2 7 0 0 1 4 2 1 53 1
2701.13 2 7 0 0 1 5 2 2 53 0
2702.67 2 7 0 0 1 4 2 1 53 1
2702.99 1 6 0 0 2 4 2 1 53 1
2704.57 1 5 0 0 2 4 1 1 54 1
2705.45 1 4 0 0 1 4 1 2 54 1
2707.53 1 4 0 0 0 3 2 2 54 1
2709.81 1 3 0 0 0 3 1 2 55 1
2712.01 1 3 0 0 0 2 1 1 55 2
2717.75 1 3 1 1 0 1 1 1 55 2
2758.24 1 2 1 1 0 1 0 1 56 2
2767.26 1 2 1 1 0 0 0 0 56 3
2805.05 1 2 0 0 0 1 0 0 56 3
2824.62 1 2 0 0 0 2 0 1 56 2
2828.36 1 2 0 0 0 3 0 2 56 1
2831.75 1 2 0 0 0 2 0 1 56 2
2844.39 1 2 0 0 0 3 0 2 56 1
2855.66 1 3 0 0 1 3 0 1 56 1
2860.49 0 2 0 0 2 3 0 1 56 1
2861.08 0 2 0 0 2 4 0 2 56 0
2865.23 1 3 0 0 1 4 0 2 56 0
2869.89 1 4 0 0 2 4 0 1 56 0
2870.87 1 5 0 0 3 4 0 0 56 0
2875.08 1 4 0 0 2 4 0 1 56 0
2878.99 2 5 0 0 1 4 0 1 56 0
2879.26 2 5 0 0 0 3 1 1 56 0
2893.58 1 4 0 0 1 3 1 1 56 0
2895.85 0 3 0 0 2 3 1 1 56 0
2898.39 0 3 1 1 2 2 1 1 56 0
2899.33 0 2 1 1 2 2 0 1 57 0
2901.22 0 2 1 1 2 1 0 0 57 1
2906.98 0 2 0 0 2 2 0 0 57 1
2917.57 0 2 1 1 2 1 0 0 57 1
2919.3 0 2 2 2 2 0 0 0 57 1
2920.93 1 3 2 2 1 0 0 0 57 1
2924.38 0 2 2 2 2 0 0 0 57 1
2932.95 0 2 1 1 2 1 0 0 57 1
2950.6 0 2 1 1 1 0 1 0 57 1
2950.6 0 2 1 1 1 0 1 0 57 1
