0 60 120 60 60 0 0 0 0 0 0
0.00468671 59 119 60 60 1 0 0 0 0 0
0.00744502 59 119 59 59 1 1 0 0 0 0
0.0288384 58 118 59 59 2 1 0 0 0 0
0.0288483 58 118 58 58 2 2 0 0 0 0
0.0493778 57 117 58 58 3 2 0 0 0 0
0.0644404 57 117 57 57 3 3 0 0 0 0
0.0778925 56 116 57 57 4 3 0 0 0 0
0.0888993 55 115 57 57 5 3 0 0 0 0
0.11138 54 114 57 57 6 3 0 0 0 0
0.112876 53 113 57 57 7 3 0 0 0 0
0.138983 53 112 57 57 6 3 0 1 0 0
0.146554 53 112 56 56 6 4 0 1 0 0
0.148084 52 111 56 56 7 4 0 1 0 0
0.148959 51 110 56 56 8 4 0 1 0 0
0.157296 50 109 56 56 9 4 0 1 0 0
0.160309 49 108 56 56 10 4 0 1 0 0
0.177775 49 108 55 55 10 5 0 1 0 0
0.210956 48 107 55 55 11 5 0 1 0 0
0.217569 47 106 55 55 12 5 0 1 0 0
0.229777 47 106 54 54 12 6 0 1 0 0
0.234306 47 106 53 53 12 7 0 1 0 0
0.240085 46 105 53 53 13 7 0 1 0 0
0.240944 45 104 53 53 14 7 0 1 0 0
0.251449 44 103 53 53 15 7 0 1 0 0
0.278835 43 102 53 53 16 7 0 1 0 0
0.285706 42 101 53 53 17 7 0 1 0 0
0.303057 41 100 53 53 18 7 0 1 0 0
0.303866 40 99 53 53 19 7 0 1 0 0
0.318315 40 98 53 53 18 7 0 2 0 0
0.331209 40 97 53 53 17 7 0 3 0 0
0.372296 39 96 53 53 18 7 0 3 0 0
0.398424 38 95 53 53 19 7 0 3 0 0
0.400625 37 94 53 53 20 7 0 3 0 0
0.403002 37 94 52 52 20 8 0 3 0 0
0.418062 36 93 52 52 21 8 0 3 0 0
0.435548 35 92 52 52 22 8 0 3 0 0
0.483028 34 91 52 52 23 8 0 3 0 0
0.506854 33 90 52 52 24 8 0 3 0 0
0.538439 33 89 52 52 23 8 0 4 0 0
0.573082 32 88 52 52 24 8 0 4 0 0
0.606166 32 87 52 52 23 8 0 5 0 0
0.613944 32 87 51 51 23 9 0 5 0 0
0.701062 32 87 50 50 23 10 0 5 0 0
0.707274 32 87 49 49 23 11 0 5 0 0
0.720566 31 86 49 49 24 11 0 5 0 0
0.739256 31 86 48 48 24 12 0 5 0 0
0.75547 31 86 47 47 24 13 0 5 0 0
0.75634 30 85 47 47 25 13 0 5 0 0
0.758633 30 84 47 47 24 13 0 6 0 0
0.762586 29 83 47 47 25 13 0 6 0 0
0.803077 28 82 47 47 26 13 0 6 0 0
0.819011 27 81 47 47 27 13 0 6 0 0
0.849495 27 80 47 47 26 13 0 7 0 0
0.882248 27 80 46 46 26 14 0 7 0 0
0.898216 27 80 45 45 26 15 0 7 0 0
0.905101 27 80 44 44 26 16 0 7 0 0
0.94793 27 80 43 43 26 17 0 7 0 0
0.995038 26 79 43 43 27 17 0 7 0 0
0.99558 26 78 43 43 26 17 0 8 0 0
1.00854 26 78 42 42 26 18 0 8 0 0
1.00871 26 77 42 42 25 18 0 9 0 0
1.07937 26 77 41 41 25 19 0 9 0 0
1.09488 26 78 41 41 26 19 0 8 0 0
1.10204 26 78 40 40 26 20 0 8 0 0
1.1064 26 78 39 39 26 21 0 8 0 0
1.11467 26 77 39 39 25 21 0 9 0 0
1.12216 25 76 39 39 26 21 0 9 0 0
1.16635 25 75 39 39 25 21 0 10 0 0
1.17017 25 75 38 38 25 22 0 10 0 0
1.19663 24 74 38 38 26 22 0 10 0 0
1.20525 23 73 38 38 27 22 0 10 0 0
1.20689 23 72 38 38 26 22 0 11 0 0
1.22812 22 71 38 38 27 22 0 11 0 0
1.2289 22 71 37 37 27 23 0 11 0 0
1.23237 22 71 36 36 27 24 0 11 0 0
1.23605 22 70 36 36 26 24 0 12 0 0
1.25659 22 69 36 36 25 24 0 13 0 0
1.28948 22 69 36 36 25 23 0 12 0 1
1.29211 21 68 36 36 26 23 0 12 0 1
1.3204 21 67 36 36 25 23 0 13 0 1
1.33653 20 66 36 36 26 23 0 13 0 1
1.34693 20 66 35 35 26 24 0 13 0 1
1.39361 20 65 35 35 25 24 0 14 0 1
1.43645 19 64 35 35 26 24 0 14 0 1
1.48432 19 64 35 35 25 23 1 14 0 1
1.51449 19 63 35 35 24 23 1 15 0 1
1.52967 19 63 34 34 24 24 1 15 0 1
1.53976 18 62 34 34 25 24 1 15 0 1
1.57284 18 61 34 34 24 24 1 16 0 1
1.59965 17 60 34 34 25 24 1 16 0 1
1.64826 17 60 33 33 25 25 1 16 0 1
1.7369 17 59 33 33 24 25 1 17 0 1
1.79031 17 59 32 32 24 26 1 17 0 1
1.80642 16 58 32 32 25 26 1 17 0 1
1.83982 16 58 32 32 25 25 1 16 0 2
1.84654 16 58 32 32 25 24 1 15 0 3
1.84746 16 58 32 32 24 23 2 15 0 3
1.9065 15 57 32 32 25 23 2 15 0 3
1.94376 15 57 31 31 25 24 2 15 0 3
1.99937 15 57 31 31 24 23 3 15 0 3
2.00222 15 57 31 31 23 22 4 15 0 3
2.03504 15 57 31 31 22 21 5 15 0 3
2.04243 14 56 31 31 23 21 5 15 0 3
2.06487 13 55 31 31 24 21 5 15 0 3
2.07444 13 55 31 31 24 20 5 14 0 4
2.11454 13 55 31 31 24 19 5 13 0 5
2.17265 13 55 30 30 24 20 5 13 0 5
2.19104 13 55 29 29 24 21 5 13 0 5
2.20364 13 55 28 28 24 22 5 13 0 5
2.2325 12 54 28 28 25 22 5 13 0 5
2.30761 12 54 27 27 25 23 5 13 0 5
2.3101 11 53 27 27 26 23 5 13 0 5
2.32086 10 52 27 27 27 23 5 13 0 5
2.37207 9 51 27 27 28 23 5 13 0 5
2.4001 9 51 27 27 27 22 6 13 0 5
2.42181 9 51 27 27 26 21 7 13 0 5
2.42341 9 51 27 27 26 20 7 12 0 6
2.42767 9 50 27 27 25 20 7 13 0 6
2.58274 9 50 27 27 24 19 8 13 0 6
2.58746 9 49 27 27 23 19 8 14 0 6
2.6321 9 49 26 26 23 20 8 14 0 6
2.64509 9 48 26 26 23 20 7 14 1 6
2.66858 9 48 25 25 23 21 7 14 1 6
2.67298 9 48 24 24 23 22 7 14 1 6
2.70119 9 48 24 24 22 21 8 14 1 6
2.75039 9 47 24 24 21 21 8 15 1 6
2.77261 9 47 23 23 21 22 8 15 1 6
2.78595 9 47 23 23 20 21 9 15 1 6
2.83345 9 48 23 23 21 21 9 14 1 6
2.87228 9 47 23 23 20 21 9 15 1 6
2.91128 10 48 23 23 19 21 9 15 1 6
2.98162 10 48 23 23 18 20 10 15 1 6
2.98551 9 47 23 23 19 20 10 15 1 6
3.07405 9 47 23 23 19 19 10 14 1 7
3.10468 8 46 23 23 20 19 10 14 1 7
3.12053 8 45 23 23 19 19 10 15 1 7
3.1893 8 44 23 23 19 19 9 15 2 7
3.23589 8 43 23 23 18 19 9 16 2 7
3.24891 8 43 22 22 18 20 9 16 2 7
3.36749 8 43 21 21 18 21 9 16 2 7
3.38987 8 43 21 21 17 20 10 16 2 7
3.39308 8 43 20 20 17 21 10 16 2 7
3.41324 8 42 20 20 16 21 10 17 2 7
3.43989 7 41 20 20 17 21 10 17 2 7
3.46127 6 40 20 20 18 21 10 17 2 7
3.46949 6 40 19 19 18 22 10 17 2 7
3.71179 5 39 19 19 19 22 10 17 2 7
3.75173 5 39 19 19 19 21 10 16 2 8
3.84888 5 38 19 19 18 21 10 17 2 8
3.85698 5 37 19 19 17 21 10 18 2 8
3.88063 5 36 19 19 16 21 10 19 2 8
3.91557 5 36 19 19 16 20 10 18 2 9
4.12602 6 37 19 19 15 20 10 18 2 9
4.14488 6 37 19 19 15 19 10 17 2 10
4.23113 6 37 19 19 15 18 10 16 2 11
4.37753 6 37 19 19 15 17 10 15 2 12
4.46643 5 36 19 19 16 17 10 15 2 12
4.58655 6 37 19 19 15 17 10 15 2 12
4.60742 6 36 19 19 14 17 10 16 2 12
4.60811 6 35 19 19 14 17 9 16 3 12
4.62267 6 35 19 19 14 16 9 15 3 13
4.67154 6 35 19 19 14 15 9 14 3 14
4.67738 5 34 19 19 15 15 9 14 3 14
4.69819 5 34 18 18 15 16 9 14 3 14
4.73231 5 33 18 18 14 16 9 15 3 14
4.74867 5 33 18 18 13 15 10 15 3 14
4.87114 5 33 18 18 12 14 11 15 3 14
4.9909 5 33 17 17 12 15 11 15 3 14
5.07941 5 34 17 17 13 15 11 14 3 14
5.2951 5 33 17 17 12 15 11 15 3 14
5.31181 5 33 16 16 12 16 11 15 3 14
5.36647 4 32 16 16 13 16 11 15 3 14
5.49111 4 31 16 16 12 16 11 16 3 14
5.77491 4 31 17 17 12 15 11 16 3 14
5.83934 3 30 17 17 13 15 11 16 3 14
5.92547 3 30 17 17 12 14 12 16 3 14
5.93694 3 30 17 17 12 13 12 15 3 15
6.13139 3 30 17 17 12 12 12 14 3 16
6.14229 3 30 17 17 12 11 12 13 3 17
6.15113 3 29 17 17 12 11 11 13 4 17
6.21841 3 28 17 17 11 11 11 14 4 17
6.2359 3 27 17 17 10 11 11 15 4 17
6.47943 3 27 16 16 10 12 11 15 4 17
6.48078 3 26 16 16 10 12 10 15 5 17
6.80886 2 25 16 16 11 12 10 15 5 17
7.13944 2 25 16 16 11 11 10 14 5 18
7.31202 2 24 16 16 11 11 9 14 6 18
7.31722 2 23 16 16 11 11 8 14 7 18
7.48798 2 23 16 16 11 12 8 15 7 17
7.59554 2 22 16 16 10 12 8 16 7 17
8.07156 2 22 16 16 10 11 8 15 7 18
8.53585 2 22 16 16 10 10 8 14 7 19
8.58893 2 22 15 15 10 11 8 14 7 19
8.63655 2 21 15 15 9 11 8 15 7 19
9.12902 2 20 15 15 8 11 8 16 7 19
9.46962 2 19 15 15 8 11 7 16 8 19
9.63418 2 20 15 15 9 11 7 15 8 19
9.82617 2 19 15 15 9 11 6 15 9 19
10.3808 2 19 14 14 9 12 6 15 9 19
10.3968 2 19 13 13 9 13 6 15 9 19
10.5754 2 20 13 13 10 13 6 14 9 19
10.582 2 19 13 13 9 13 6 15 9 19
10.681 3 20 13 13 8 13 6 15 9 19
11.3494 3 20 13 13 8 12 6 14 9 20
11.3643 3 19 13 13 8 12 5 14 10 20
11.4703 3 20 13 13 9 12 5 13 10 20
11.7138 3 19 13 13 8 12 5 14 10 20
11.7432 4 20 13 13 7 12 5 14 10 20
11.7991 4 19 13 13 6 12 5 15 10 20
11.9291 4 19 13 13 6 11 5 14 10 21
12.2517 4 18 13 13 5 11 5 15 10 21
12.484 4 17 13 13 5 11 4 15 11 21
12.6113 4 16 13 13 4 11 4 16 11 21
12.6166 4 15 13 13 3 11 4 17 11 21
12.6536 5 16 13 13 2 11 4 17 11 21
12.749 5 16 12 12 2 12 4 17 11 21
12.7877 5 16 12 12 2 11 4 16 11 22
12.863 5 16 11 11 2 12 4 16 11 22
13.0152 5 16 11 11 2 11 4 15 11 23
13.4461 5 15 11 11 2 11 3 15 12 23
13.9006 5 15 11 11 2 10 3 14 12 24
14.17 5 15 11 11 1 9 4 14 12 24
14.5351 5 15 10 10 1 10 4 14 12 24
14.8766 5 15 10 10 1 11 4 15 12 23
14.9507 5 15 10 10 1 10 4 14 12 24
15.0341 5 15 10 10 1 11 4 15 12 23
15.308 4 14 10 10 2 11 4 15 12 23
15.5206 4 15 10 10 3 11 4 14 12 23
15.6437 4 14 10 10 3 11 3 14 13 23
15.8594 4 13 10 10 2 11 3 15 13 23
16.1926 3 12 10 10 3 11 3 15 13 23
16.3233 3 12 9 9 3 12 3 15 13 23
16.4255 3 11 9 9 3 12 2 15 14 23
16.6194 3 11 8 8 3 13 2 15 14 23
17.3492 3 11 8 8 3 12 2 14 14 24
17.4878 3 11 8 8 2 11 3 14 14 24
17.8001 2 10 8 8 3 11 3 14 14 24
17.9457 2 10 8 8 3 10 3 13 14 25
18.4884 2 10 8 8 3 11 3 14 14 24
18.6248 2 10 8 8 3 12 3 15 14 23
18.7225 2 10 8 8 3 11 3 14 14 24
18.7529 2 10 7 7 3 12 3 14 14 24
19.0129 2 9 7 7 2 12 3 15 14 24
19.0178 2 9 6 6 2 13 3 15 14 24
19.0941 2 9 6 6 2 12 3 14 14 25
19.3188 2 9 5 5 2 13 3 14 14 25
19.545 2 9 5 5 1 12 4 14 14 25
20.0808 2 8 5 5 1 12 3 14 15 25
20.3477 2 8 6 6 1 11 3 14 15 25
20.6851 2 8 6 6 1 10 3 13 15 26
21.0372 2 8 5 5 1 11 3 13 15 26
21.108 2 8 5 5 1 12 3 14 15 25
22.0674 2 8 5 5 1 11 3 13 15 26
22.3571 2 8 5 5 1 10 3 12 15 27
22.7454 2 7 5 5 1 10 2 12 16 27
23.367 2 7 5 5 0 9 3 12 16 27
23.6553 2 6 5 5 0 9 2 12 17 27
24.4168 1 5 5 5 1 9 2 12 17 27
24.7322 1 5 5 5 1 8 2 11 17 28
26.0257 1 5 5 5 1 7 2 10 17 29
26.2773 1 5 5 5 2 8 1 10 17 29
26.7369 1 4 5 5 1 8 1 11 17 29
26.8522 1 5 5 5 2 8 1 10 17 29
27.3415 1 5 5 5 2 7 1 9 17 30
27.817 1 5 5 5 2 8 1 10 17 29
27.8452 1 5 5 5 2 9 1 11 17 28
27.8561 1 5 5 5 2 10 1 12 17 27
27.9682 1 5 4 4 2 11 1 12 17 27
28.5635 1 5 4 4 2 10 1 11 17 28
29.0861 1 6 4 4 3 10 1 10 17 28
29.449 2 7 4 4 2 10 1 10 17 28
29.49 2 7 3 3 2 11 1 10 17 28
29.5549 2 6 3 3 1 11 1 11 17 28
30.6098 2 6 3 3 1 10 1 10 17 29
31.0958 2 6 3 3 1 9 1 9 17 30
31.2224 2 5 3 3 1 9 0 9 18 30
31.2662 2 5 3 3 1 8 0 8 18 31
32.0465 2 5 3 3 1 9 0 9 18 30
34.4318 2 5 3 3 1 10 0 10 18 29
35.7339 2 5 3 3 1 9 0 9 18 30
35.9658 2 5 2 2 1 10 0 9 18 30
36.46 2 6 2 2 2 10 0 8 18 30
36.5346 2 6 2 2 2 9 0 7 18 31
36.719 2 5 2 2 1 9 0 8 18 31
37.0907 2 5 2 2 1 8 0 7 18 32
37.1341 2 5 2 2 0 7 1 7 18 32
37.2925 2 5 2 2 0 8 1 8 18 31
38.5765 2 5 2 2 0 9 1 9 18 30
40.5618 2 5 2 2 0 8 1 8 18 31
41.9773 2 5 2 2 0 7 1 7 18 32
42.3929 1 4 2 2 1 7 1 7 18 32
42.758 1 5 2 2 2 7 1 6 18 32
43.7375 1 5 1 1 2 8 1 6 18 32
44.5932 1 5 1 1 2 7 1 5 18 33
44.7294 2 6 1 1 1 7 1 5 18 33
44.8408 2 7 1 1 2 7 1 4 18 33
45.3335 2 7 1 1 2 6 1 3 18 34
46.5496 3 8 1 1 1 6 1 3 18 34
46.9488 2 7 1 1 2 6 1 3 18 34
47.3428 2 6 1 1 1 6 1 4 18 34
48.8971 2 6 1 1 1 7 1 5 18 33
49.7698 1 5 1 1 2 7 1 5 18 33
50.4233 1 5 1 1 2 8 1 6 18 32
50.6085 1 5 2 2 2 7 1 6 18 32
50.6181 1 5 2 2 2 8 1 7 18 31
52.4825 1 6 2 2 3 8 1 6 18 31
56.1374 1 6 2 2 3 9 1 7 18 30
57.175 1 6 2 2 3 8 1 6 18 31
57.3402 2 7 2 2 2 8 1 6 18 31
57.6255 2 8 2 2 3 8 1 5 18 31
59.5997 2 8 2 2 3 7 1 4 18 32
60.6877 2 9 2 2 3 7 2 4 17 32
60.7227 2 9 2 2 3 6 2 3 17 33
62.4675 2 9 3 3 3 5 2 3 17 33
62.8762 2 9 3 3 3 6 2 4 17 32
62.9554 2 9 3 3 3 7 2 5 17 31
63.6009 2 8 3 3 3 7 1 5 18 31
63.688 2 8 3 3 3 8 1 6 18 30
63.747 2 8 4 4 3 7 1 6 18 30
64.2988 2 8 4 4 3 8 1 7 18 29
64.5412 2 8 4 4 3 7 1 6 18 30
64.9641 2 8 4 4 4 8 0 6 18 30
65.7178 2 8 4 4 4 9 0 7 18 29
68.0723 2 8 3 3 4 10 0 7 18 29
68.7002 2 8 4 4 4 9 0 7 18 29
68.8543 2 8 4 4 4 8 0 6 18 30
69.6468 1 7 4 4 5 8 0 6 18 30
71.8562 1 7 4 4 4 7 1 6 18 30
72.2674 1 7 4 4 3 6 2 6 18 30
72.3857 1 7 4 4 2 5 3 6 18 30
72.4692 1 7 4 4 2 6 3 7 18 29
72.5058 1 6 4 4 2 6 2 7 19 29
74.9652 1 6 4 4 2 7 2 8 19 28
76.2732 1 6 4 4 2 8 2 9 19 27
76.692 1 6 4 4 2 7 2 8 19 28
76.7965 1 5 4 4 2 7 1 8 20 28
78.2723 1 5 4 4 2 6 1 7 20 29
78.3677 1 5 4 4 2 5 1 6 20 30
80.0909 1 5 4 4 2 6 1 7 20 29
80.603 1 5 4 4 2 5 1 6 20 30
81.0543 1 5 4 4 2 4 1 5 20 31
81.1925 1 5 4 4 2 5 1 6 20 30
82.2465 1 5 4 4 2 6 1 7 20 29
83.9738 1 5 4 4 2 7 1 8 20 28
86.6104 1 5 4 4 2 8 1 9 20 27
86.6129 1 5 4 4 2 9 1 10 20 26
86.8114 1 5 4 4 2 10 1 11 20 25
87.672 1 6 4 4 3 10 1 10 20 25
87.8024 1 6 4 4 3 9 1 9 20 26
87.9893 1 6 4 4 3 8 1 8 20 27
87.9975 1 6 4 4 3 7 1 7 20 28
88.4689 1 6 4 4 2 6 2 7 20 28
88.4698 1 6 4 4 2 5 2 6 20 29
88.9534 1 6 4 4 1 4 3 6 20 29
90.034 1 6 3 3 1 5 3 6 20 29
90.465 1 6 3 3 1 6 3 7 20 28
91.2052 1 6 3 3 1 5 3 6 20 29
91.3813 1 6 3 3 1 6 3 7 20 28
92.1608 1 6 3 3 1 7 3 8 20 27
92.5546 1 6 3 3 1 6 3 7 20 28
92.6104 1 6 4 4 1 5 3 7 20 28
93.4828 1 7 4 4 2 5 3 6 20 28
93.9708 2 8 4 4 1 5 3 6 20 28
94.6485 2 7 4 4 1 5 2 6 21 28
94.6766 2 7 3 3 1 6 2 6 21 28
95.0532 2 7 3 3 1 7 2 7 21 27
95.2679 2 6 3 3 1 7 1 7 22 27
97.3688 2 6 3 3 1 8 1 8 22 26
97.7826 2 6 4 4 1 7 1 8 22 26
97.8501 2 6 4 4 1 8 1 9 22 25
98.0286 2 6 4 4 1 7 1 8 22 26
98.1594 2 5 4 4 1 7 0 8 23 26
100.515 2 6 4 4 2 7 0 7 23 26
100.556 2 6 4 4 2 6 0 6 23 27
100.952 3 7 4 4 1 6 0 6 23 27
101.042 4 8 4 4 0 6 0 6 23 27
102.721 4 8 3 3 0 7 0 6 23 27
104.026 4 8 3 3 0 8 0 7 23 26
104.147 4 9 3 3 1 8 0 6 23 26
106.488 4 9 3 3 1 9 0 7 23 25
106.606 4 9 4 4 1 8 0 7 23 25
106.775 4 9 4 4 1 7 0 6 23 26
106.878 4 9 4 4 1 8 0 7 23 25
107.575 4 9 4 4 1 7 0 6 23 26
108.055 4 9 3 3 1 8 0 6 23 26
108.812 4 8 3 3 0 8 0 7 23 26
108.947 4 8 2 2 0 9 0 7 23 26
109.469 4 8 2 2 0 10 0 8 23 25
109.543 4 8 2 2 0 9 0 7 23 26
110.336 4 8 2 2 0 8 0 6 23 27
113.355 4 8 2 2 0 7 0 5 23 28
115.48 3 7 2 2 1 7 0 5 23 28
116.04 3 7 2 2 1 6 0 4 23 29
116.145 3 7 2 2 1 5 0 3 23 30
120.019 3 7 2 2 1 6 0 4 23 29
121.459 3 7 2 2 1 7 0 5 23 28
121.865 2 6 2 2 2 7 0 5 23 28
122.527 3 7 2 2 1 7 0 5 23 28
122.602 3 7 2 2 1 8 0 6 23 27
122.604 3 7 2 2 1 7 0 5 23 28
124.323 3 7 2 2 1 6 0 4 23 29
124.579 2 6 2 2 2 6 0 4 23 29
125.106 2 6 2 2 2 5 0 3 23 30
125.188 2 6 3 3 2 4 0 3 23 30
125.457 2 5 3 3 1 4 0 4 23 30
129.187 2 5 3 3 1 5 0 5 23 29
129.776 2 5 3 3 0 4 1 5 23 29
134.596 2 5 2 2 0 5 1 5 23 29
135.395 2 5 2 2 0 6 1 6 23 28
136.009 2 6 2 2 1 6 1 5 23 28
136.139 2 6 2 2 1 7 1 6 23 27
136.911 3 7 2 2 0 7 1 6 23 27
137.032 3 7 2 2 0 8 1 7 23 26
139.324 3 7 2 2 0 9 1 8 23 25
139.492 2 6 2 2 1 9 1 8 23 25
140.488 2 6 2 2 1 10 1 9 23 24
141.041 1 5 2 2 2 10 1 9 23 24
141.044 1 5 2 2 1 9 2 9 23 24
141.78 1 5 2 2 1 10 2 10 23 23
142.171 1 5 2 2 1 9 2 9 23 24
143.248 1 5 2 2 1 8 2 8 23 25
143.258 1 5 2 2 1 9 2 9 23 24
143.45 0 4 2 2 2 9 2 9 23 24
143.464 0 4 2 2 2 8 2 8 23 25
143.517 0 4 2 2 2 7 2 7 23 26
143.655 0 4 2 2 2 8 2 8 23 25
144.406 0 4 2 2 2 7 2 7 23 26
145.324 0 4 2 2 2 6 2 6 23 27
146.774 0 4 2 2 2 5 2 5 23 28
149.547 0 4 2 2 1 4 3 5 23 28
150.396 0 4 2 2 1 3 3 4 23 29
155.664 0 4 2 2 1 4 3 5 23 28
156.762 0 4 1 1 1 5 3 5 23 28
163.561 0 4 1 1 1 6 3 6 23 27
163.623 0 5 1 1 2 6 3 5 23 27
163.678 0 4 1 1 2 6 2 5 24 27
165.624 0 4 1 1 2 7 2 6 24 26
170.456 0 4 1 1 2 8 2 7 24 25
170.506 0 4 1 1 2 9 2 8 24 24
171.629 0 4 1 1 2 10 2 9 24 23
172.049 0 4 1 1 1 9 3 9 24 23
172.326 0 4 1 1 1 10 3 10 24 22
172.98 0 3 1 1 1 10 2 10 25 22
174.096 0 3 1 1 1 9 2 9 25 23
174.671 0 3 1 1 1 8 2 8 25 24
175.04 0 3 1 1 1 9 2 9 25 23
175.389 0 4 1 1 2 9 2 8 25 23
175.428 0 4 1 1 1 8 3 8 25 23
175.735 0 4 1 1 1 9 3 9 25 22
175.864 0 4 2 2 1 8 3 9 25 22
176.411 0 4 2 2 1 9 3 10 25 21
176.549 0 4 3 3 1 8 3 10 25 21
176.789 0 4 3 3 1 9 3 11 25 20
177.118 1 5 3 3 0 9 3 11 25 20
177.255 1 5 3 3 0 10 3 12 25 19
177.627 1 5 3 3 0 9 3 11 25 20
177.667 1 5 3 3 0 8 3 10 25 21
178.598 1 5 3 3 0 7 3 9 25 22
179.609 1 5 3 3 0 6 3 8 25 23
179.649 1 5 3 3 0 7 3 9 25 22
179.828 1 5 4 4 0 6 3 9 25 22
180.02 1 5 4 4 0 5 3 8 25 23
181.167 1 5 4 4 0 6 3 9 25 22
181.738 0 4 4 4 1 6 3 9 25 22
182.034 0 4 4 4 1 5 3 8 25 23
182.422 0 3 4 4 1 5 2 8 26 23
184.229 0 3 4 4 1 4 2 7 26 24
184.338 0 3 4 4 1 5 2 8 26 23
185.455 0 3 4 4 1 4 2 7 26 24
186.084 0 3 4 4 0 3 3 7 26 24
187.34 0 3 3 3 0 4 3 7 26 24
188.151 0 3 3 3 0 3 3 6 26 25
189.488 0 3 3 3 0 4 3 7 26 24
190.021 0 3 3 3 0 5 3 8 26 23
191.193 0 4 3 3 1 5 3 7 26 23
191.9 0 3 3 3 1 5 2 7 27 23
193.504 0 3 3 3 1 4 2 6 27 24
194.075 0 4 3 3 2 4 2 5 27 24
197.005 0 3 3 3 2 4 1 5 28 24
197.691 0 3 3 3 2 5 1 6 28 23
198.378 0 3 3 3 2 4 1 5 28 24
202.813 0 3 3 3 2 5 1 6 28 23
203.122 0 3 3 3 2 6 1 7 28 22
203.596 0 3 3 3 1 5 2 7 28 22
204.478 0 3 3 3 1 4 2 6 28 23
206.204 0 3 3 3 1 5 2 7 28 22
207.439 0 3 3 3 1 6 2 8 28 21
209.229 0 3 3 3 1 7 2 9 28 20
209.638 0 3 3 3 1 8 2 10 28 19
210.286 0 3 2 2 1 9 2 10 28 19
210.893 0 3 2 2 1 10 2 11 28 18
212.095 0 3 3 3 1 9 2 11 28 18
212.963 0 4 3 3 2 9 2 10 28 18
213.873 0 4 3 3 2 8 2 9 28 19
213.879 0 4 3 3 2 9 2 10 28 18
215.029 0 4 3 3 2 8 2 9 28 19
216.675 0 4 3 3 2 7 2 8 28 20
217.832 0 4 3 3 2 8 2 9 28 19
219.23 0 4 3 3 2 9 2 10 28 18
219.236 0 4 3 3 2 8 2 9 28 19
220.964 0 4 3 3 2 7 2 8 28 20
221.591 0 4 3 3 2 6 2 7 28 21
224.342 0 5 3 3 3 6 2 6 28 21
225.84 0 6 3 3 4 6 2 5 28 21
226.429 1 7 3 3 3 6 2 5 28 21
226.738 1 7 3 3 3 7 2 6 28 20
227.113 1 7 3 3 3 8 2 7 28 19
227.396 1 7 3 3 3 9 2 8 28 18
227.629 1 7 3 3 3 10 2 9 28 17
228.309 1 7 3 3 3 9 2 8 28 18
228.446 1 7 3 3 3 8 2 7 28 19
229.493 1 7 3 3 3 9 2 8 28 18
229.691 1 7 3 3 3 8 2 7 28 19
229.833 1 7 3 3 3 9 2 8 28 18
230.427 1 8 3 3 4 9 2 7 28 18
230.801 1 8 3 3 4 8 2 6 28 19
232.56 0 7 3 3 5 8 2 6 28 19
232.578 0 7 3 3 4 7 3 6 28 19
232.835 0 7 3 3 3 6 4 6 28 19
232.978 0 6 3 3 3 6 3 6 29 19
233.149 0 6 3 3 3 5 3 5 29 20
234.807 0 6 3 3 3 4 3 4 29 21
235.729 0 6 3 3 3 5 3 5 29 20
236.682 0 6 3 3 2 4 4 5 29 20
236.911 0 7 3 3 3 4 4 4 29 20
237.112 1 8 3 3 2 4 4 4 29 20
238.642 0 7 3 3 3 4 4 4 29 20
239.223 0 7 3 3 3 5 4 5 29 19
239.755 0 6 3 3 2 5 4 6 29 19
239.91 0 6 3 3 2 6 4 7 29 18
241.387 0 6 3 3 2 5 4 6 29 19
242.12 0 5 3 3 2 5 3 6 30 19
243.003 0 5 3 3 2 4 3 5 30 20
244.086 0 4 3 3 2 4 2 5 31 20
244.701 0 3 3 3 1 4 2 6 31 20
246.115 0 3 3 3 1 3 2 5 31 21
246.495 0 4 3 3 2 3 2 4 31 21
246.654 0 3 3 3 2 3 1 4 32 21
248.065 0 3 3 3 2 2 1 3 32 22
249.972 0 2 3 3 1 2 1 4 32 22
250.035 0 2 3 3 0 1 2 4 32 22
250.419 0 1 3 3 0 1 1 4 33 22
254.016 0 1 3 3 0 2 1 5 33 21
258.221 0 1 3 3 0 3 1 6 33 20
258.7 0 1 3 3 0 4 1 7 33 19
259.23 0 1 3 3 0 5 1 8 33 18
260.552 0 1 3 3 0 4 1 7 33 19
262.915 0 1 3 3 0 5 1 8 33 18
263.535 0 2 3 3 1 5 1 7 33 18
263.59 0 2 3 3 1 4 1 6 33 19
263.817 0 2 3 3 1 3 1 5 33 20
264.423 0 2 3 3 1 4 1 6 33 19
264.645 0 3 3 3 2 4 1 5 33 19
264.88 0 3 3 3 2 3 1 4 33 20
265.11 0 2 3 3 2 3 0 4 34 20
266.364 0 2 3 3 2 4 0 5 34 19
268.062 0 2 3 3 2 3 0 4 34 20
276.855 0 3 3 3 3 3 0 3 34 20
277.437 0 3 3 3 2 2 1 3 34 20
279.818 0 4 3 3 2 2 2 3 33 20
283.581 0 4 3 3 2 3 2 4 33 19
284.921 1 5 3 3 1 3 2 4 33 19
287.678 1 5 3 3 1 4 2 5 33 18
289.357 1 5 3 3 1 5 2 6 33 17
291.082 1 4 3 3 1 5 1 6 34 17
295.193 1 4 2 2 1 6 1 6 34 17
295.915 1 4 2 2 1 7 1 7 34 16
296.25 1 4 2 2 1 6 1 6 34 17
297.645 1 4 3 3 1 5 1 6 34 17
298.129 1 3 3 3 1 5 0 6 35 17
298.506 1 3 3 3 0 4 1 6 35 17
304.124 1 3 2 2 0 5 1 6 35 17
305.305 1 3 1 1 0 6 1 6 35 17
306.079 1 3 1 1 0 5 1 5 35 18
309.222 1 3 1 1 0 6 1 6 35 17
309.942 1 3 1 1 0 5 1 5 35 18
310.248 0 2 1 1 1 5 1 5 35 18
310.741 0 2 1 1 1 6 1 6 35 17
311.352 0 2 1 1 0 5 2 6 35 17
311.748 0 2 1 1 0 6 2 7 35 16
313.585 0 2 1 1 0 7 2 8 35 15
313.596 0 2 1 1 0 8 2 9 35 14
314.194 0 3 1 1 1 8 2 8 35 14
315.534 0 3 1 1 1 9 2 9 35 13
316.565 0 3 1 1 1 10 2 10 35 12
318.335 0 2 1 1 1 10 1 10 36 12
319.993 0 2 1 1 1 9 1 9 36 13
321.672 0 2 1 1 1 8 1 8 36 14
323.552 0 3 1 1 2 8 1 7 36 14
323.824 0 3 1 1 2 7 1 6 36 15
324.379 0 3 1 1 2 6 1 5 36 16
325.077 0 3 1 1 2 5 1 4 36 17
326.455 0 3 1 1 2 4 1 3 36 18
327.828 0 3 1 1 1 3 2 3 36 18
329.878 0 3 1 1 1 2 2 2 36 19
329.98 0 3 1 1 1 3 2 3 36 18
335.09 0 3 1 1 1 4 2 4 36 17
336.374 0 3 1 1 1 5 2 5 36 16
336.988 0 3 1 1 1 6 2 6 36 15
337.779 0 3 0 0 1 7 2 6 36 15
338.176 0 4 0 0 2 7 2 5 36 15
341.162 0 4 0 0 2 8 2 6 36 14
341.383 0 4 0 0 2 7 2 5 36 15
342.292 0 4 0 0 2 8 2 6 36 14
346.492 0 4 0 0 2 7 2 5 36 15
347.854 0 4 1 1 2 6 2 5 36 15
348.444 0 4 1 1 2 7 2 6 36 14
350.911 0 4 1 1 1 6 3 6 36 14
352.637 1 5 1 1 0 6 3 6 36 14
355.563 1 5 2 2 0 5 3 6 36 14
355.826 1 5 1 1 0 6 3 6 36 14
357.518 1 5 1 1 0 7 3 7 36 13
362.192 1 6 1 1 1 7 3 6 36 13
362.807 1 6 2 2 1 6 3 6 36 13
363.49 1 5 2 2 1 6 2 6 37 13
363.934 1 5 2 2 1 5 2 5 37 14
364.23 1 5 2 2 1 6 2 6 37 13
366.561 2 6 2 2 0 6 2 6 37 13
370.637 2 6 3 3 0 5 2 6 37 13
371.279 1 5 3 3 1 5 2 6 37 13
371.449 1 5 3 3 1 6 2 7 37 12
371.84 1 5 3 3 1 5 2 6 37 13
372.017 1 5 3 3 1 6 2 7 37 12
372.675 1 5 3 3 0 5 3 7 37 12
373.859 1 5 3 3 1 6 2 7 37 12
374.143 1 4 3 3 1 6 1 7 38 12
374.495 1 4 2 2 1 7 1 7 38 12
376.739 1 5 2 2 2 7 1 6 38 12
376.92 1 5 3 3 2 6 1 6 38 12
377.785 1 5 3 3 2 5 1 5 38 13
377.979 1 5 3 3 1 4 2 5 38 13
378.528 1 6 3 3 2 4 2 4 38 13
378.577 1 6 3 3 2 5 2 5 38 12
380.024 0 5 3 3 3 5 2 5 38 12
380.898 0 5 3 3 3 6 2 6 38 11
383.707 0 4 3 3 2 6 2 7 38 11
383.877 0 5 3 3 3 6 2 6 38 11
384.024 0 5 4 4 3 5 2 6 38 11
384.562 0 5 4 4 3 4 2 5 38 12
384.724 0 5 3 3 3 5 2 5 38 12
387.319 1 6 3 3 2 5 2 5 38 12
388.994 1 6 3 3 2 6 2 6 38 11
389.342 1 6 3 3 2 5 2 5 38 12
389.887 1 6 3 3 2 4 2 4 38 13
392.685 1 6 2 2 2 5 2 4 38 13
392.715 1 6 2 2 2 6 2 5 38 12
394.195 2 7 2 2 1 6 2 5 38 12
394.69 2 6 2 2 1 6 1 5 39 12
395.568 2 6 2 2 1 7 1 6 39 11
397.17 2 6 2 2 1 8 1 7 39 10
397.301 2 6 2 2 1 7 1 6 39 11
398.518 2 6 3 3 1 6 1 6 39 11
401.217 2 6 3 3 0 5 2 6 39 11
402.239 2 7 3 3 0 5 3 6 38 11
402.754 2 6 3 3 0 5 2 6 39 11
403.19 2 7 3 3 1 5 2 5 39 11
409.777 2 7 3 3 1 6 2 6 39 10
410.28 2 7 4 4 1 5 2 6 39 10
411.37 2 7 4 4 0 4 3 6 39 10
412.865 2 7 4 4 0 3 3 5 39 11
414.19 2 7 3 3 0 4 3 5 39 11
415.18 2 7 4 4 0 3 3 5 39 11
415.251 2 7 3 3 0 4 3 5 39 11
415.377 2 7 3 3 0 3 3 4 39 12
418.666 2 7 2 2 0 4 3 4 39 12
419.834 2 7 2 2 0 5 3 5 39 11
420.8 2 7 2 2 0 6 3 6 39 10
421.173 2 7 2 2 0 5 3 5 39 11
425.501 2 6 2 2 0 5 2 5 40 11
427.29 2 7 2 2 0 5 3 5 39 11
428.08 1 6 2 2 1 5 3 5 39 11
429.098 1 6 2 2 1 4 3 4 39 12
435.04 1 6 1 1 1 5 3 4 39 12
436.826 1 6 1 1 1 4 3 3 39 13
438.408 1 6 2 2 1 3 3 3 39 13
438.583 1 6 2 2 1 4 3 4 39 12
438.777 1 5 2 2 0 4 3 5 39 12
440.224 1 5 2 2 0 5 3 6 39 11
441.141 1 5 2 2 0 4 3 5 39 12
443.219 1 6 2 2 1 4 3 4 39 12
444.239 1 7 2 2 2 4 3 3 39 12
444.81 0 6 2 2 3 4 3 3 39 12
445.553 0 5 2 2 2 4 3 4 39 12
446.31 1 6 2 2 1 4 3 4 39 12
447.074 1 6 2 2 1 5 3 5 39 11
448.621 1 5 2 2 1 5 2 5 40 11
448.678 1 5 2 2 1 6 2 6 40 10
449.09 1 5 2 2 1 7 2 7 40 9
449.214 0 4 2 2 2 7 2 7 40 9
450.292 0 4 2 2 2 6 2 6 40 10
450.889 0 4 2 2 2 5 2 5 40 11
455.602 0 4 2 2 2 4 2 4 40 12
456.268 0 4 2 2 2 3 2 3 40 13
458.341 0 3 2 2 2 3 1 3 41 13
458.787 0 4 2 2 3 3 1 2 41 13
459.046 0 3 2 2 2 3 1 3 41 13
461.038 0 3 3 3 2 2 1 3 41 13
463.449 0 3 3 3 2 3 1 4 41 12
463.611 0 3 3 3 2 4 1 5 41 11
464.497 0 3 3 3 2 3 1 4 41 12
464.806 0 3 3 3 2 4 1 5 41 11
465.423 0 3 3 3 2 5 1 6 41 10
465.945 0 3 3 3 2 4 1 5 41 11
466.323 1 4 3 3 1 4 1 5 41 11
467.688 1 4 3 3 0 3 2 5 41 11
467.962 1 4 2 2 0 4 2 5 41 11
469.487 1 4 2 2 0 5 2 6 41 10
470.396 1 3 2 2 0 5 1 6 42 10
472.177 1 3 2 2 0 6 1 7 42 9
473.844 1 3 2 2 0 5 1 6 42 10
474.942 1 3 2 2 0 4 1 5 42 11
476.396 1 3 2 2 0 5 1 6 42 10
476.939 1 3 2 2 0 6 1 7 42 9
477.095 1 3 3 3 0 5 1 7 42 9
477.538 1 3 3 3 0 4 1 6 42 10
480.744 1 3 3 3 1 5 0 6 42 10
482.239 1 3 3 3 1 6 0 7 42 9
483.422 1 3 2 2 1 7 0 7 42 9
485.046 1 3 2 2 1 6 0 6 42 10
485.641 1 4 2 2 2 6 0 5 42 10
486.986 1 4 2 2 2 5 0 4 42 11
487.32 1 4 2 2 2 6 0 5 42 10
488.436 1 4 2 2 2 5 0 4 42 11
488.464 1 4 2 2 2 6 0 5 42 10
490.102 1 4 2 2 2 5 0 4 42 11
495.887 1 4 2 2 2 6 0 5 42 10
496.764 1 4 2 2 2 5 0 4 42 11
497.109 1 3 2 2 1 5 0 5 42 11
498.889 1 4 2 2 2 5 0 4 42 11
498.969 1 4 2 2 1 4 1 4 42 11
502.049 1 4 2 2 0 3 2 4 42 11
502.721 1 5 2 2 1 3 2 3 42 11
512.185 1 5 2 2 0 2 3 3 42 11
513.042 1 4 2 2 0 2 2 3 43 11
515.566 1 4 2 2 0 1 2 2 43 12
524.725 1 4 2 2 0 2 2 3 43 11
524.949 1 4 2 2 0 3 2 4 43 10
526.013 1 4 2 2 0 2 2 3 43 11
529.543 1 4 2 2 0 3 2 4 43 10
533.073 1 5 2 2 0 3 3 4 42 10
533.179 1 4 2 2 0 3 2 4 43 10
534.993 1 4 3 3 0 2 2 4 43 10
535.532 1 3 3 3 0 2 1 4 44 10
536.174 1 3 2 2 0 3 1 4 44 10
536.183 1 3 2 2 0 4 1 5 44 9
538.893 1 3 2 2 0 3 1 4 44 10
539.243 0 2 2 2 1 3 1 4 44 10
539.789 0 2 2 2 1 4 1 5 44 9
543.023 0 2 2 2 1 3 1 4 44 10
547.234 0 3 2 2 2 3 1 3 44 10
547.575 0 2 2 2 1 3 1 4 44 10
549.916 0 2 2 2 1 4 1 5 44 9
554.91 0 2 1 1 1 5 1 5 44 9
558.542 0 2 1 1 1 4 1 4 44 10
559.554 0 2 1 1 1 3 1 3 44 11
559.681 0 2 1 1 1 4 1 4 44 10
560.724 0 2 1 1 1 3 1 3 44 11
567.178 0 2 2 2 1 2 1 3 44 11
568.232 0 2 2 2 1 3 1 4 44 10
569.467 0 2 2 2 1 4 1 5 44 9
570.466 0 2 2 2 1 5 1 6 44 8
570.658 0 2 2 2 1 4 1 5 44 9
570.728 0 3 2 2 2 4 1 4 44 9
572.591 0 2 2 2 2 4 0 4 45 9
576.05 0 2 3 3 2 3 0 4 45 9
576.547 0 2 2 2 2 4 0 4 45 9
576.993 0 1 2 2 1 4 0 5 45 9
577.378 0 1 2 2 1 5 0 6 45 8
580.183 0 1 1 1 1 6 0 6 45 8
582.473 0 1 1 1 1 7 0 7 45 7
583.842 0 1 1 1 1 6 0 6 45 8
585.116 0 1 1 1 0 5 1 6 45 8
586.054 0 1 2 2 0 4 1 6 45 8
587.732 0 1 2 2 0 3 1 5 45 9
589.818 0 0 2 2 0 3 0 5 46 9
598.91 0 0 2 2 0 2 0 4 46 10
613.006 0 0 2 2 0 3 0 5 46 9
614.451 0 0 2 2 0 4 0 6 46 8
615.49 0 0 2 2 0 5 0 7 46 7
618.968 0 0 2 2 0 6 0 8 46 6
619.878 0 0 2 2 0 7 0 9 46 5
620.012 0 0 2 2 0 6 0 8 46 6
622.977 0 1 2 2 1 6 0 7 46 6
624.95 0 1 2 2 1 5 0 6 46 7
625.485 0 1 2 2 1 4 0 5 46 8
628.491 0 1 2 2 1 3 0 4 46 9
629.114 0 1 2 2 1 4 0 5 46 8
632.855 0 1 2 2 1 3 0 4 46 9
635.79 0 1 2 2 1 4 0 5 46 8
636.318 0 1 2 2 1 5 0 6 46 7
636.782 0 1 2 2 1 6 0 7 46 6
636.909 0 2 2 2 2 6 0 6 46 6
637.294 0 2 2 2 2 5 0 5 46 7
637.735 0 2 2 2 2 4 0 4 46 8
639.142 0 2 2 2 2 5 0 5 46 7
641.532 0 2 2 2 1 4 1 5 46 7
641.69 0 1 2 2 0 4 1 6 46 7
643.397 0 1 2 2 0 3 1 5 46 8
643.593 0 1 2 2 0 4 1 6 46 7
645.302 0 2 2 2 1 4 1 5 46 7
647.629 0 3 2 2 2 4 1 4 46 7
647.967 0 3 2 2 1 3 2 4 46 7
649.579 0 3 1 1 1 4 2 4 46 7
650.771 0 3 1 1 1 5 2 5 46 6
651.382 0 3 1 1 1 4 2 4 46 7
652.235 1 4 1 1 0 4 2 4 46 7
655.769 1 4 1 1 1 5 1 4 46 7
658.082 0 3 1 1 2 5 1 4 46 7
661.74 0 3 1 1 1 4 2 4 46 7
663.616 0 4 1 1 1 4 3 4 45 7
669 0 5 1 1 2 4 3 3 45 7
669.443 0 5 0 0 2 5 3 3 45 7
669.597 0 4 0 0 2 5 2 3 46 7
673.965 0 4 0 0 2 6 2 4 46 6
678.521 0 4 0 0 2 5 2 3 46 7
679.723 0 4 0 0 2 4 2 2 46 8
682.019 0 4 0 0 2 3 2 1 46 9
683.426 0 4 0 0 2 4 2 2 46 8
685.282 0 3 0 0 2 4 1 2 47 8
685.96 0 2 0 0 2 4 0 2 48 8
687.463 1 3 0 0 1 4 0 2 48 8
688.554 1 3 0 0 1 5 0 3 48 7
694.762 0 2 0 0 2 5 0 3 48 7
695.114 0 2 0 0 2 4 0 2 48 8
700.524 0 2 0 0 2 3 0 1 48 9
700.756 0 2 0 0 2 2 0 0 48 10
712.551 0 2 0 0 2 3 0 1 48 9
717.398 0 2 0 0 2 4 0 2 48 8
734.68 0 2 0 0 2 3 0 1 48 9
735.375 0 2 0 0 1 2 1 1 48 9
735.576 0 2 1 1 1 1 1 1 48 9
738.715 0 2 2 2 1 0 1 1 48 9
739.976 0 2 1 1 1 1 1 1 48 9
746.869 0 2 1 1 1 0 1 0 48 10
753.231 0 2 1 1 1 1 1 1 48 9
757.547 0 2 1 1 1 2 1 2 48 8
760.623 0 1 1 1 1 2 0 2 49 8
762.142 0 1 1 1 1 3 0 3 49 7
769.563 0 2 1 1 1 3 1 3 48 7
770.298 0 2 1 1 1 2 1 2 48 8
770.767 0 2 1 1 1 3 1 3 48 7
772.974 0 2 1 1 1 4 1 4 48 6
775.105 0 3 1 1 2 4 1 3 48 6
775.354 0 3 1 1 2 3 1 2 48 7
781.868 0 4 1 1 3 3 1 1 48 7
783.478 0 4 1 1 2 2 2 1 48 7
790.974 0 4 1 1 1 1 3 1 48 7
794.299 0 4 1 1 1 2 3 2 48 6
801.241 0 4 2 2 1 1 3 2 48 6
811.957 0 3 2 2 1 1 2 2 49 6
814.032 0 3 2 2 1 0 2 1 49 7
820.028 0 3 1 1 1 1 2 1 49 7
822.922 0 3 1 1 1 2 2 2 49 6
824.916 0 4 1 1 1 2 3 2 48 6
826.986 0 3 1 1 0 2 3 3 48 6
827.342 0 3 1 1 0 1 3 2 48 7
836.425 0 3 1 1 1 2 2 2 48 7
840.282 0 4 1 1 1 2 3 2 47 7
845.477 0 3 1 1 1 2 2 2 48 7
857.289 0 2 1 1 0 2 2 3 48 7
857.454 0 3 1 1 1 2 2 2 48 7
861.253 0 3 1 1 0 1 3 2 48 7
863.487 0 3 1 1 0 2 3 3 48 6
863.977 0 4 1 1 1 2 3 2 48 6
867.52 0 4 1 1 1 3 3 3 48 5
874.518 0 4 1 1 1 4 3 4 48 4
877.101 0 3 1 1 0 4 3 5 48 4
877.281 0 4 1 1 1 4 3 4 48 4
880.375 0 4 1 1 1 3 3 3 48 5
882.469 0 5 1 1 2 3 3 2 48 5
882.705 0 4 1 1 1 3 3 3 48 5
887.448 0 4 1 1 0 2 4 3 48 5
888.213 0 4 1 1 0 1 4 2 48 6
890.081 0 4 1 1 0 2 4 3 48 5
891.011 0 4 1 1 1 3 3 3 48 5
894.806 0 5 1 1 1 3 4 3 47 5
898.495 0 5 1 1 1 2 4 2 47 6
899.224 0 6 1 1 2 2 4 1 47 6
901.707 0 6 1 1 2 1 4 0 47 7
903.339 1 7 1 1 1 1 4 0 47 7
904.67 1 6 1 1 1 1 3 0 48 7
906.386 1 6 1 1 1 2 3 1 48 6
906.713 1 5 1 1 1 2 2 1 49 6
907.839 1 5 1 1 0 1 3 1 49 6
907.919 1 5 0 0 0 2 3 1 49 6
908.233 1 5 0 0 0 3 3 2 49 5
910.216 0 4 0 0 1 3 3 2 49 5
910.532 0 3 0 0 1 3 2 2 50 5
912.414 1 4 0 0 0 3 2 2 50 5
917.297 1 4 0 0 0 2 2 1 50 6
926.165 1 4 0 0 1 3 1 1 50 6
936.884 1 3 0 0 0 3 1 2 50 6
946.664 1 3 0 0 0 4 1 3 50 5
954.389 1 3 0 0 0 3 1 2 50 6
958.032 1 4 0 0 1 3 1 1 50 6
969.506 1 4 0 0 1 4 1 2 50 5
975.07 2 5 0 0 0 4 1 2 50 5
975.66 1 4 0 0 1 4 1 2 50 5
986.732 2 5 0 0 0 4 1 2 50 5
992.32 1 4 0 0 1 4 1 2 50 5
993.494 1 4 0 0 0 3 2 2 50 5
993.956 1 3 0 0 0 3 1 2 51 5
1001.93 1 3 0 0 0 4 1 3 51 4
1004.41 1 4 0 0 1 4 1 2 51 4
1008.48 1 5 0 0 2 4 1 1 51 4
1014.46 1 4 0 0 1 4 1 2 51 4
1018.23 1 4 0 0 0 3 2 2 51 4
1019.45 1 4 0 0 0 2 2 1 51 5
1019.62 1 4 0 0 0 3 2 2 51 4
1020.37 1 4 0 0 0 2 2 1 51 5
1023.99 1 4 0 0 0 3 2 2 51 4
1027.97 1 4 1 1 0 2 2 2 51 4
1031.47 1 3 1 1 0 2 1 2 52 4
1033.67 1 3 2 2 0 1 1 2 52 4
1035.34 1 3 2 2 0 2 1 3 52 3
1038.75 1 3 2 2 0 1 1 2 52 4
1039.12 1 2 2 2 0 1 0 2 53 4
1042.21 1 2 1 1 0 2 0 2 53 4
1054.84 1 2 0 0 0 3 0 2 53 4
1055.61 1 2 1 1 0 2 0 2 53 4
1056.12 1 2 1 1 0 3 0 3 53 3
1057.06 1 2 1 1 0 2 0 2 53 4
1069.3 1 3 1 1 1 2 0 1 53 4
1071.62 0 2 1 1 2 2 0 1 53 4
1075.87 1 3 1 1 1 2 0 1 53 4
1079.44 1 3 1 1 1 3 0 2 53 3
1084.14 1 3 1 1 1 4 0 3 53 2
1086.65 1 4 1 1 1 4 1 3 52 2
1094.54 1 4 1 1 0 3 2 3 52 2
1099.94 1 5 1 1 1 3 2 2 52 2
1099.99 2 6 1 1 0 3 2 2 52 2
1104.78 2 7 1 1 1 3 2 1 52 2
1111.79 2 7 2 2 1 2 2 1 52 2
1120.9 1 6 2 2 2 2 2 1 52 2
1120.99 1 7 2 2 2 2 3 1 51 2
1121.99 1 7 2 2 3 3 2 1 51 2
1122.21 1 6 2 2 3 3 1 1 52 2
1126.98 0 5 2 2 4 3 1 1 52 2
1136.98 1 6 2 2 3 3 1 1 52 2
1141.28 1 5 2 2 2 3 1 2 52 2
1145.17 1 5 2 2 2 2 1 1 52 3
1148.85 1 4 2 2 1 2 1 2 52 3
1151.24 1 5 2 2 2 2 1 1 52 3
1154.48 1 5 2 2 2 1 1 0 52 4
1154.72 1 4 2 2 1 1 1 1 52 4
1158.6 1 4 2 2 1 2 1 2 52 3
1163.2 2 5 2 2 0 2 1 2 52 3
1163.89 2 5 1 1 0 3 1 2 52 3
1166.96 2 5 1 1 0 4 1 3 52 2
1168.88 2 5 1 1 0 3 1 2 52 3
1169.91 1 4 1 1 1 3 1 2 52 3
1174.31 1 4 2 2 1 2 1 2 52 3
1176.14 1 3 2 2 0 2 1 3 52 3
1177.85 1 4 2 2 0 2 2 3 51 3
1184.3 1 5 2 2 1 2 2 2 51 3
1193.43 1 4 2 2 1 2 1 2 52 3
1196.14 1 3 2 2 1 2 0 2 53 3
1196.25 0 2 2 2 2 2 0 2 53 3
1204.81 0 1 2 2 1 2 0 3 53 3
1207.19 0 1 1 1 1 3 0 3 53 3
1207.63 0 1 0 0 1 4 0 3 53 3
1207.74 0 1 0 0 1 3 0 2 53 4
1210.16 0 1 0 0 1 4 0 3 53 3
1212.55 0 1 0 0 0 3 1 3 53 3
1214.73 0 1 0 0 0 2 1 2 53 4
1219.97 0 2 0 0 0 2 2 2 52 4
1228.08 0 2 0 0 0 3 2 3 52 3
1240.32 0 2 0 0 0 4 2 4 52 2
1246.8 0 3 0 0 0 4 3 4 51 2
1249.17 0 3 0 0 0 3 3 3 51 3
1251.28 0 3 0 0 0 2 3 2 51 4
1252.6 0 2 0 0 0 2 2 2 52 4
1253.39 0 2 0 0 0 3 2 3 52 3
1265.68 0 1 0 0 0 3 1 3 53 3
1281.33 0 2 0 0 1 3 1 2 53 3
1294.44 0 2 0 0 1 4 1 3 53 2
1295.89 0 2 0 0 0 3 2 3 53 2
1305.45 0 2 0 0 0 2 2 2 53 3
1306.55 0 3 0 0 1 2 2 1 53 3
1311.85 1 4 0 0 0 2 2 1 53 3
1313.18 1 4 0 0 0 3 2 2 53 2
1313.49 0 3 0 0 1 3 2 2 53 2
1315.81 0 3 0 0 0 2 3 2 53 2
1316.48 0 4 0 0 0 2 4 2 52 2
1317.61 0 3 0 0 0 2 3 2 53 2
1330.07 0 2 0 0 0 2 2 2 54 2
1330.85 0 2 0 0 0 3 2 3 54 1
1335.56 0 3 0 0 0 3 3 3 53 1
1337.9 0 3 0 0 0 2 3 2 53 2
1339.31 0 3 0 0 1 3 2 2 53 2
1346.85 0 4 0 0 2 3 2 1 53 2
1348.61 0 5 0 0 2 3 3 1 52 2
1349.02 1 6 0 0 1 3 3 1 52 2
1354.62 1 6 0 0 1 2 3 0 52 3
1357.15 1 5 0 0 1 2 2 0 53 3
1363.32 1 4 0 0 1 2 1 0 54 3
1369.69 0 3 0 0 2 2 1 0 54 3
1377.02 0 3 0 0 2 3 1 1 54 2
1385.14 0 3 0 0 1 2 2 1 54 2
1387.72 0 3 0 0 1 3 2 2 54 1
1390.99 0 3 1 1 1 2 2 2 54 1
1397.71 0 2 1 1 0 2 2 3 54 1
1401.12 0 3 1 1 0 2 3 3 53 1
1410.88 0 2 1 1 0 2 2 3 54 1
1422.25 0 3 1 1 1 2 2 2 54 1
1423.33 0 2 1 1 0 2 2 3 54 1
1425.19 0 2 1 1 0 1 2 2 54 2
1439.29 0 3 1 1 0 1 3 2 53 2
1450.65 0 2 1 1 0 1 2 2 54 2
1459.76 0 3 1 1 0 1 3 2 53 2
1461.29 0 3 1 1 0 0 3 1 53 3
1462.89 0 2 1 1 0 0 2 1 54 3
1466.7 0 2 0 0 0 1 2 1 54 3
1467.28 0 2 0 0 0 2 2 2 54 2
1481.37 0 2 0 0 1 3 1 2 54 2
1483.13 0 2 1 1 1 2 1 2 54 2
1490.52 0 2 1 1 1 3 1 3 54 1
1490.63 0 3 1 1 2 3 1 2 54 1
1492.43 0 3 1 1 1 2 2 2 54 1
1492.44 0 4 1 1 1 2 3 2 53 1
1508.2 0 4 1 1 2 3 2 2 53 1
1515.62 0 4 2 2 2 2 2 2 53 1
1520.93 0 3 2 2 2 2 1 2 54 1
1525.06 0 2 2 2 1 2 1 3 54 1
1527.92 0 2 3 3 1 1 1 3 54 1
1528.31 0 2 3 3 0 0 2 3 54 1
1539.08 0 3 3 3 0 0 3 3 53 1
1543.85 0 4 3 3 1 0 3 2 53 1
1545.12 0 3 3 3 1 0 2 2 54 1
1547.41 0 4 3 3 2 0 2 1 54 1
1547.97 0 3 3 3 2 0 1 1 55 1
1551.75 0 3 2 2 2 1 1 1 55 1
1558.12 0 2 2 2 1 1 1 2 55 1
1558.31 0 3 2 2 2 1 1 1 55 1
1561.39 0 3 2 2 2 2 1 2 55 0
1563.02 0 3 2 2 2 1 1 1 55 1
1564.35 0 3 3 3 2 0 1 1 55 1
1569.96 0 3 3 3 2 1 1 2 55 0
1585.29 1 4 3 3 1 1 1 2 55 0
1590.22 1 3 3 3 0 1 1 3 55 0
1596.12 1 3 2 2 0 2 1 3 55 0
1596.77 1 3 2 2 0 1 1 2 55 1
1597.23 1 3 1 1 0 2 1 2 55 1
1604.62 1 3 1 1 1 3 0 2 55 1
1607.26 1 3 1 1 1 4 0 3 55 0
1609.89 1 3 1 1 1 3 0 2 55 1
1616.09 1 3 1 1 1 4 0 3 55 0
1618.2 1 3 1 1 1 3 0 2 55 1
1622.8 1 3 1 1 1 2 0 1 55 2
1627.48 1 3 1 1 1 3 0 2 55 1
1630.71 1 3 0 0 1 4 0 2 55 1
1633.87 1 2 0 0 0 4 0 3 55 1
1634.35 1 3 0 0 1 4 0 2 55 1
1640.48 1 4 0 0 2 4 0 1 55 1
1643.31 1 4 0 0 2 3 0 0 55 2
1646.33 1 4 1 1 2 2 0 0 55 2
1647.47 1 3 1 1 1 2 0 1 55 2
1655.01 1 4 1 1 1 2 1 1 54 2
1656.97 2 5 1 1 0 2 1 1 54 2
1661.74 1 4 1 1 1 2 1 1 54 2
1664.39 1 4 1 1 1 3 1 2 54 1
1665.87 1 5 1 1 1 3 2 2 53 1
1666.44 1 4 1 1 1 3 1 2 54 1
1669.95 1 3 1 1 1 3 0 2 55 1
1670.95 1 4 1 1 2 3 0 1 55 1
1678.35 1 3 1 1 1 3 0 2 55 1
1698.32 1 3 2 2 1 2 0 2 55 1
1700.79 1 4 2 2 2 2 0 1 55 1
1704.12 1 5 2 2 2 2 1 1 54 1
1704.6 1 6 2 2 2 2 2 1 53 1
1706.89 1 5 2 2 2 2 1 1 54 1
1708.07 1 5 1 1 2 3 1 1 54 1
1708.92 1 5 1 1 2 4 1 2 54 0
1709.13 1 4 1 1 1 4 1 3 54 0
1710.77 1 3 1 1 0 4 1 4 54 0
1712.28 1 2 1 1 0 4 0 4 55 0
1719.75 1 2 1 1 0 3 0 3 55 1
1740.81 0 1 1 1 1 3 0 3 55 1
1743.09 0 1 1 1 1 2 0 2 55 2
1752.17 1 2 1 1 0 2 0 2 55 2
1760.97 1 2 2 2 0 1 0 2 55 2
1762.91 1 2 1 1 0 2 0 2 55 2
1786.09 1 2 1 1 0 1 0 1 55 3
1798.94 1 3 1 1 0 1 1 1 54 3
1808.94 0 2 1 1 1 1 1 1 54 3
1815.21 0 3 1 1 2 1 1 0 54 3
1818.93 0 3 1 1 1 0 2 0 54 3
1819.76 0 2 1 1 1 0 1 0 55 3
1841.05 0 2 1 1 1 1 1 1 55 2
1843.76 0 3 1 1 1 1 2 1 54 2
1856.69 0 2 1 1 0 1 2 2 54 2
1857.8 0 2 1 1 0 0 2 1 54 3
1860.57 0 2 1 1 0 1 2 2 54 2
1869.62 0 2 1 1 0 0 2 1 54 3
1879.53 0 3 1 1 0 0 3 1 53 3
1880.9 0 4 1 1 0 0 4 1 52 3
1881.12 0 3 1 1 0 0 3 1 53 3
1881.25 0 3 0 0 0 1 3 1 53 3
1881.39 0 2 0 0 0 1 2 1 54 3
1887.25 0 1 0 0 0 1 1 1 55 3
1897.94 0 1 0 0 0 2 1 2 55 2
1898.78 0 1 0 0 0 3 1 3 55 1
1898.8 0 2 0 0 1 3 1 2 55 1
1909.49 0 2 0 0 0 2 2 2 55 1
1913.47 0 3 0 0 1 2 2 1 55 1
1914.96 0 3 1 1 1 1 2 1 55 1
1924.99 1 4 1 1 0 1 2 1 55 1
1925.08 1 4 1 1 0 2 2 2 55 0
1928.49 1 3 1 1 0 2 1 2 56 0
1937.16 1 4 1 1 0 2 2 2 55 0
1938.04 0 3 1 1 1 2 2 2 55 0
1941.55 0 3 1 1 2 3 1 2 55 0
1942.95 0 3 1 1 2 2 1 1 55 1
1943.96 1 4 1 1 1 2 1 1 55 1
1945.55 1 3 1 1 1 2 0 1 56 1
1946.15 0 2 1 1 2 2 0 1 56 1
1955.59 0 3 1 1 2 2 1 1 55 1
1955.76 0 2 1 1 2 2 0 1 56 1
1958.8 0 2 1 1 1 1 1 1 56 1
1969.3 0 1 1 1 1 1 0 1 57 1
1970.04 0 1 0 0 1 2 0 1 57 1
1971.12 0 0 0 0 0 2 0 2 57 1
1974.91 0 0 0 0 0 3 0 3 57 0
1994.13 0 0 0 0 0 2 0 2 57 1
2012.57 0 0 1 1 0 1 0 2 57 1
2042.64 0 0 0 0 0 2 0 2 57 1
2050.1 0 1 0 0 0 2 1 2 56 1
2051.91 0 1 0 0 0 1 1 1 56 2
2082.09 0 2 0 0 1 1 1 0 56 2
2083.36 0 2 0 0 1 2 1 1 56 1
2083.8 0 3 0 0 1 2 2 1 55 1
2084.3 0 2 0 0 1 2 1 1 56 1
2088.1 0 3 0 0 2 2 1 0 56 1
2094.14 0 2 0 0 2 2 0 0 57 1
2094.27 1 3 0 0 1 2 0 0 57 1
2102.11 1 3 0 0 1 3 0 1 57 0
2104.55 1 2 0 0 0 3 0 2 57 0
2129.78 1 2 0 0 0 2 0 1 57 1
2151.53 0 1 0 0 1 2 0 1 57 1
2156.05 1 2 0 0 0 2 0 1 57 1
2164.26 1 3 0 0 0 2 1 1 56 1
2173.31 1 3 0 0 0 3 1 2 56 0
2181.32 1 2 0 0 0 3 0 2 57 0
2196.11 1 2 0 0 0 2 0 1 57 1
2198.72 0 1 0 0 1 2 0 1 57 1
2213.41 0 2 0 0 1 2 1 1 56 1
2214.87 0 1 0 0 1 2 0 1 57 1
2215.95 1 2 0 0 0 2 0 1 57 1
2215.98 1 2 0 0 0 1 0 0 57 2
2223.01 1 2 0 0 0 2 0 1 57 1
2224.62 0 1 0 0 1 2 0 1 57 1
2225.64 0 1 1 1 1 1 0 1 57 1
2238.63 0 1 1 1 1 2 0 2 57 0
2239.1 0 1 1 1 1 1 0 1 57 1
2268.55 0 1 2 2 1 0 0 1 57 1
2271.39 1 2 2 2 0 0 0 1 57 1
2287.79 0 1 2 2 1 0 0 1 57 1
2294.4 1 2 2 2 0 0 0 1 57 1
2310 1 3 2 2 0 0 1 1 56 1
2310.71 0 2 2 2 1 0 1 1 56 1
2313.25 0 2 1 1 1 1 1 1 56 1
2315.11 1 3 1 1 0 1 1 1 56 1
2328.16 1 4 1 1 0 1 2 1 55 1
2328.28 1 4 0 0 0 2 2 1 55 1
2328.75 1 4 0 0 0 1 2 0 55 2
2339.29 1 5 0 0 0 1 3 0 54 2
2341.62 0 4 0 0 1 1 3 0 54 2
2346.78 0 4 0 0 1 2 3 1 54 1
2360.47 0 3 0 0 1 2 2 1 55 1
2366.67 0 2 0 0 1 2 1 1 56 1
2367.93 0 1 0 0 1 2 0 1 57 1
2371.77 0 1 0 0 0 1 1 1 57 1
2395.27 0 1 0 0 0 0 1 0 57 2
2403.47 0 2 0 0 0 0 2 0 56 2
2404.98 0 3 0 0 0 0 3 0 55 2
2410.24 0 3 0 0 1 1 2 0 55 2
2412.99 0 2 0 0 1 1 1 0 56 2
2428.76 0 2 0 0 1 2 1 1 56 1
2460.76 0 1 0 0 1 2 0 1 57 1
2479.39 0 1 0 0 1 3 0 2 57 0
2481.2 0 1 0 0 1 2 0 1 57 1
2484.03 1 2 0 0 0 2 0 1 57 1
2493.46 0 1 0 0 1 2 0 1 57 1
2505.21 0 1 1 1 1 1 0 1 57 1
2515.31 0 2 1 1 1 1 1 1 56 1
2519.69 0 1 1 1 1 1 0 1 57 1
2523.15 0 1 1 1 1 0 0 0 57 2
2537.97 0 1 1 1 1 1 0 1 57 1
2546.77 0 1 1 1 1 2 0 2 57 0
2554.16 0 1 1 1 1 1 0 1 57 1
2561.57 0 1 1 1 1 2 0 2 57 0
2562.1 0 1 1 1 0 1 1 2 57 0
2580.27 0 0 1 1 0 1 0 2 58 0
2622.59 0 0 1 1 0 0 0 1 58 1
2648.96 0 1 1 1 0 0 1 1 57 1
2676.58 0 1 0 0 0 1 1 1 57 1
2686.12 0 1 0 0 0 2 1 2 57 0
2695.66 0 2 0 0 1 2 1 1 57 0
2734.83 0 2 1 1 1 1 1 1 57 0
2742.25 0 2 1 1 1 0 1 0 57 1
2755.81 0 2 0 0 1 1 1 0 57 1
2760.88 0 2 0 0 0 0 2 0 57 1
2778.91 0 2 0 0 0 1 2 1 57 0
2779.73 0 3 0 0 0 1 3 1 56 0
2780.86 0 2 0 0 0 1 2 1 57 0
2823.69 0 2 0 0 0 0 2 0 57 1
2844.62 0 2 0 0 0 1 2 1 57 0
2852.69 0 2 1 1 0 0 2 1 57 0
2887.68 0 2 1 1 1 1 1 1 57 0
2890.68 0 1 1 1 0 1 1 2 57 0
2894.1 0 2 1 1 1 1 1 1 57 0
2903.02 0 1 1 1 0 1 1 2 57 0
2905.26 0 2 1 1 1 1 1 1 57 0
2918.13 0 3 1 1 1 1 2 1 56 0
2923.25 1 4 1 1 0 1 2 1 56 0
2933.13 1 4 1 1 1 2 1 1 56 0
2934.72 1 5 1 1 1 2 2 1 55 0
2935.7 0 4 1 1 2 2 2 1 55 0
2936.72 1 5 1 1 1 2 2 1 55 0
2937.89 1 4 1 1 0 2 2 2 55 0
2954.72 1 4 1 1 1 3 1 2 55 0
2971.78 1 3 1 1 1 3 0 2 56 0
2973.3 1 3 1 1 1 2 0 1 56 1
2975.17 1 4 1 1 1 2 1 1 55 1
2985.95 1 3 1 1 0 2 1 2 55 1
2997.44 1 4 1 1 1 2 1 1 55 1
2997.44 1 4 1 1 1 2 1 1 55 1
