0 60 120 60 60 0 0 0 0 0 0
0.00202647 60 120 59 59 0 1 0 0 0 0
0.0115738 60 120 58 58 0 2 0 0 0 0
0.0141697 59 119 58 58 1 2 0 0 0 0
0.0243247 59 119 57 57 1 3 0 0 0 0
0.0302826 58 118 57 57 2 3 0 0 0 0
0.0553955 57 117 57 57 3 3 0 0 0 0
0.0685687 57 116 57 57 2 3 0 1 0 0
0.0686447 57 116 56 56 2 4 0 1 0 0
0.0703519 57 116 55 55 2 5 0 1 0 0
0.0739113 56 115 55 55 3 5 0 1 0 0
0.0801788 55 114 55 55 4 5 0 1 0 0
0.0831459 54 113 55 55 5 5 0 1 0 0
0.0839905 54 112 55 55 4 5 0 2 0 0
0.0928079 53 111 55 55 5 5 0 2 0 0
0.0987805 52 110 55 55 6 5 0 2 0 0
0.105507 51 109 55 55 7 5 0 2 0 0
0.11936 50 108 55 55 8 5 0 2 0 0
0.142525 49 107 55 55 9 5 0 2 0 0
0.147215 49 107 54 54 9 6 0 2 0 0
0.214021 48 106 54 54 10 6 0 2 0 0
0.214647 47 105 54 54 11 6 0 2 0 0
0.216813 46 104 54 54 12 6 0 2 0 0
0.245559 46 104 53 53 12 7 0 2 0 0
0.282347 45 103 53 53 13 7 0 2 0 0
0.285924 45 102 53 53 12 7 0 3 0 0
0.291865 44 101 53 53 13 7 0 3 0 0
0.29269 43 100 53 53 14 7 0 3 0 0
0.300984 43 99 53 53 13 7 0 4 0 0
0.313267 42 98 53 53 14 7 0 4 0 0
0.324566 41 97 53 53 15 7 0 4 0 0
0.334959 40 96 53 53 16 7 0 4 0 0
0.34228 40 95 53 53 15 7 0 5 0 0
0.36689 40 94 53 53 14 7 0 6 0 0
0.402421 40 93 53 53 13 7 0 7 0 0
0.413998 39 92 53 53 14 7 0 7 0 0
0.433741 39 92 52 52 14 8 0 7 0 0
0.455269 38 91 52 52 15 8 0 7 0 0
0.45912 37 90 52 52 16 8 0 7 0 0
0.511107 37 89 52 52 15 8 0 8 0 0
0.524308 37 88 52 52 14 8 0 9 0 0
0.52931 36 87 52 52 15 8 0 9 0 0
0.553128 36 87 51 51 15 9 0 9 0 0
0.560689 36 86 51 51 14 9 0 10 0 0
0.570398 35 85 51 51 15 9 0 10 0 0
0.647814 34 84 51 51 16 9 0 10 0 0
0.673057 34 84 50 50 16 10 0 10 0 0
0.701195 34 83 50 50 15 10 0 11 0 0
0.716266 34 83 49 49 15 11 0 11 0 0
0.721437 34 83 48 48 15 12 0 11 0 0
0.7383 33 82 48 48 16 12 0 11 0 0
0.744469 33 82 48 48 15 11 1 11 0 0
0.749888 32 81 48 48 16 11 1 11 0 0
0.750572 32 81 47 47 16 12 1 11 0 0
0.765429 31 80 47 47 17 12 1 11 0 0
0.781186 32 81 47 47 16 12 1 11 0 0
0.783974 31 80 47 47 17 12 1 11 0 0
0.822602 30 79 47 47 18 12 1 11 0 0
0.823393 30 78 47 47 17 12 1 12 0 0
0.892365 30 78 46 46 17 13 1 12 0 0
0.892666 29 77 46 46 18 13 1 12 0 0
0.901227 28 76 46 46 19 13 1 12 0 0
0.912146 28 75 46 46 18 13 1 13 0 0
0.950446 27 74 46 46 19 13 1 13 0 0
0.971257 27 74 46 46 19 12 1 12 0 1
0.979622 27 73 46 46 18 12 1 13 0 1
1.01143 27 73 45 45 18 13 1 13 0 1
1.02273 26 72 45 45 19 13 1 13 0 1
1.04005 26 72 44 44 19 14 1 13 0 1
1.05189 27 73 44 44 18 14 1 13 0 1
1.06356 26 72 44 44 19 14 1 13 0 1
1.06408 26 72 43 43 19 15 1 13 0 1
1.09032 25 71 43 43 20 15 1 13 0 1
1.1007 24 70 43 43 21 15 1 13 0 1
1.10104 24 69 43 43 21 15 0 13 1 1
1.10424 24 69 43 43 21 14 0 12 1 2
1.11109 24 69 42 42 21 15 0 12 1 2
1.14853 24 69 41 41 21 16 0 12 1 2
1.1671 24 69 40 40 21 17 0 12 1 2
1.18667 24 68 40 40 20 17 0 13 1 2
1.21177 23 67 40 40 21 17 0 13 1 2
1.2194 23 67 40 40 20 16 1 13 1 2
1.2324 23 67 39 39 20 17 1 13 1 2
1.24244 22 66 39 39 21 17 1 13 1 2
1.24312 22 66 38 38 21 18 1 13 1 2
1.30715 22 66 37 37 21 19 1 13 1 2
1.33237 21 65 37 37 22 19 1 13 1 2
1.40061 21 64 37 37 21 19 1 14 1 2
1.44383 21 63 37 37 20 19 1 15 1 2
1.52296 20 62 37 37 21 19 1 15 1 2
1.54655 20 62 37 37 21 18 1 14 1 3
1.59737 19 61 37 37 22 18 1 14 1 3
1.61739 19 61 36 36 22 19 1 14 1 3
1.6327 18 60 36 36 23 19 1 14 1 3
1.63752 17 59 36 36 24 19 1 14 1 3
1.64017 17 59 35 35 24 20 1 14 1 3
1.6816 17 58 35 35 23 20 1 15 1 3
1.68448 17 57 35 35 22 20 1 16 1 3
1.7782 17 57 35 35 21 19 2 16 1 3
1.94066 16 56 35 35 22 19 2 16 1 3
1.94321 15 55 35 35 23 19 2 16 1 3
1.9588 15 55 34 34 23 20 2 16 1 3
2.01433 15 54 34 34 22 20 2 17 1 3
2.09423 15 54 33 33 22 21 2 17 1 3
2.12019 14 53 33 33 23 21 2 17 1 3
2.13591 14 53 33 33 23 20 2 16 1 4
2.21018 14 52 33 33 22 20 2 17 1 4
2.27774 14 51 33 33 21 20 2 18 1 4
2.32856 14 50 33 33 20 20 2 19 1 4
2.34429 13 49 33 33 21 20 2 19 1 4
2.35026 13 49 33 33 20 19 3 19 1 4
2.38928 12 48 33 33 21 19 3 19 1 4
2.4425 12 48 32 32 21 20 3 19 1 4
2.60071 12 48 31 31 21 21 3 19 1 4
2.60525 11 47 31 31 22 21 3 19 1 4
2.64731 11 46 31 31 21 21 3 20 1 4
2.72793 12 47 31 31 20 21 3 20 1 4
2.80248 12 47 30 30 20 22 3 20 1 4
2.81702 12 47 29 29 20 23 3 20 1 4
2.82848 12 47 28 28 20 24 3 20 1 4
2.86334 12 47 27 27 20 25 3 20 1 4
2.95581 12 46 27 27 20 25 2 20 2 4
3.01944 12 46 26 26 20 26 2 20 2 4
3.08832 12 46 26 26 19 25 3 20 2 4
3.2426 12 46 26 26 19 24 3 19 2 5
3.26603 12 46 26 26 19 23 3 18 2 6
3.30323 12 46 26 26 19 22 3 17 2 7
3.52581 12 45 26 26 18 22 3 18 2 7
3.59437 11 44 26 26 19 22 3 18 2 7
3.85137 10 43 26 26 20 22 3 18 2 7
3.99253 10 43 25 25 20 23 3 18 2 7
3.99545 10 43 24 24 20 24 3 18 2 7
4.0488 9 42 24 24 21 24 3 18 2 7
4.08025 8 41 24 24 22 24 3 18 2 7
4.13016 8 41 23 23 22 25 3 18 2 7
4.20786 8 40 23 23 21 25 3 19 2 7
4.22777 8 40 22 22 21 26 3 19 2 7
4.28198 8 40 22 22 21 25 3 18 2 8
4.3106 8 39 22 22 20 25 3 19 2 8
4.36268 8 38 22 22 19 25 3 20 2 8
4.41278 8 38 22 22 19 24 3 19 2 9
4.45268 8 38 22 22 19 23 3 18 2 10
4.4582 8 37 22 22 19 23 2 18 3 10
4.49594 8 37 21 21 19 24 2 18 3 10
4.53421 8 36 21 21 18 24 2 19 3 10
4.61331 8 35 21 21 17 24 2 20 3 10
4.62153 8 35 20 20 17 25 2 20 3 10
4.63875 8 35 19 19 17 26 2 20 3 10
4.71162 8 35 18 18 17 27 2 20 3 10
4.80139 8 34 18 18 16 27 2 21 3 10
4.83886 8 34 18 18 15 26 3 21 3 10
4.89145 8 34 17 17 15 27 3 21 3 10
4.91119 8 34 17 17 15 26 3 20 3 11
5.05943 8 34 17 17 14 25 4 20 3 11
5.13962 8 33 17 17 14 25 3 20 4 11
5.14711 8 33 17 17 14 24 3 19 4 12
5.20822 8 33 17 17 13 23 4 19 4 12
5.25647 8 33 17 17 12 22 5 19 4 12
5.26738 7 32 17 17 13 22 5 19 4 12
5.3248 7 32 17 17 12 21 6 19 4 12
5.37035 7 32 17 17 12 20 6 18 4 13
5.37518 7 31 17 17 12 20 5 18 5 13
5.38153 7 30 17 17 11 20 5 19 5 13
5.42114 7 30 16 16 11 21 5 19 5 13
5.42436 7 30 16 16 11 20 5 18 5 14
5.4358 7 29 16 16 11 20 4 18 6 14
5.55173 7 29 16 16 10 19 5 18 6 14
5.58223 6 28 16 16 11 19 5 18 6 14
5.81433 6 28 16 16 11 18 5 17 6 15
5.92757 6 28 16 16 10 17 6 17 6 15
6.04982 6 28 15 15 10 18 6 17 6 15
6.30827 6 28 15 15 10 17 6 16 6 16
6.3639 6 27 15 15 9 17 6 17 6 16
6.70138 6 26 15 15 9 17 5 17 7 16
6.75363 6 25 15 15 9 17 4 17 8 16
6.77583 6 25 14 14 9 18 4 17 8 16
6.9431 6 25 14 14 9 17 4 16 8 17
7.00344 6 25 13 13 9 18 4 16 8 17
7.09667 6 25 12 12 9 19 4 16 8 17
7.2113 6 24 12 12 9 19 3 16 9 17
7.52711 6 24 11 11 9 20 3 16 9 17
7.53656 6 24 11 11 8 19 4 16 9 17
7.60822 6 24 11 11 8 18 4 15 9 18
7.74362 6 24 11 11 8 17 4 14 9 19
7.84865 6 24 11 11 8 16 4 13 9 20
8.32143 6 24 11 11 8 15 4 12 9 21
8.34144 5 23 11 11 9 15 4 12 9 21
8.45405 5 22 11 11 9 15 3 12 10 21
8.50987 5 21 11 11 8 15 3 13 10 21
8.52658 5 21 11 11 7 14 4 13 10 21
9.17775 5 21 11 11 7 13 4 12 10 22
9.30127 5 21 10 10 7 14 4 12 10 22
9.42824 4 20 10 10 8 14 4 12 10 22
9.58742 4 21 10 10 9 14 4 11 10 22
9.77897 4 21 10 10 9 13 4 10 10 23
9.95909 4 20 10 10 9 13 3 10 11 23
10.5228 4 20 10 10 8 12 4 10 11 23
10.577 4 19 10 10 7 12 4 11 11 23
10.5901 4 19 9 9 7 13 4 11 11 23
10.8556 4 18 9 9 7 13 3 11 12 23
10.9065 4 18 9 9 6 12 4 11 12 23
11.3114 4 18 9 9 6 11 4 10 12 24
11.5151 4 17 9 9 5 11 4 11 12 24
12.0391 4 17 8 8 5 12 4 11 12 24
12.5027 3 16 8 8 6 12 4 11 12 24
12.7025 3 16 7 7 6 13 4 11 12 24
12.7736 3 16 7 7 6 14 4 12 12 23
12.9713 3 16 7 7 5 13 5 12 12 23
13.714 3 16 7 7 5 12 5 11 12 24
14.1507 3 15 7 7 5 12 4 11 13 24
14.2768 3 15 7 7 5 11 4 10 13 25
14.3486 3 15 7 7 5 10 4 9 13 26
14.4001 3 14 7 7 4 10 4 10 13 26
14.7892 3 14 7 7 4 9 4 9 13 27
14.9327 3 14 7 7 4 8 4 8 13 28
15.5394 3 13 7 7 4 8 3 8 14 28
15.5847 3 12 7 7 4 8 2 8 15 28
16.4861 3 12 7 7 3 7 3 8 15 28
16.4866 3 12 6 6 3 8 3 8 15 28
16.8532 3 12 5 5 3 9 3 8 15 28
17.4477 3 12 5 5 3 10 3 9 15 27
17.9065 2 11 5 5 4 10 3 9 15 27
17.9794 3 12 5 5 3 10 3 9 15 27
18.5453 3 12 5 5 3 11 3 10 15 26
18.7399 3 11 5 5 2 11 3 11 15 26
19.2804 3 10 5 5 2 11 2 11 16 26
22.5157 2 9 5 5 3 11 2 11 16 26
22.5496 2 10 5 5 4 11 2 10 16 26
22.7642 2 10 5 5 3 10 3 10 16 26
22.9655 2 9 5 5 3 10 2 10 17 26
23.0648 2 10 5 5 4 10 2 9 17 26
23.2206 2 10 5 5 4 9 2 8 17 27
24.0319 2 11 5 5 5 9 2 7 17 27
25.9703 2 11 5 5 4 8 3 7 17 27
27.3443 2 10 5 5 3 8 3 8 17 27
27.9051 2 9 5 5 3 8 2 8 18 27
28.492 2 9 5 5 3 7 2 7 18 28
29.1393 2 9 4 4 3 8 2 7 18 28
29.6346 2 9 4 4 3 7 2 6 18 29
31.3182 1 8 4 4 4 7 2 6 18 29
33.3798 1 7 4 4 3 7 2 7 18 29
34.2466 1 7 3 3 3 8 2 7 18 29
34.8747 1 6 3 3 3 8 1 7 19 29
34.959 1 6 3 3 3 9 1 8 19 28
35.4992 1 6 3 3 3 8 1 7 19 29
36.5331 1 5 3 3 2 8 1 8 19 29
37.32 1 5 3 3 2 9 1 9 19 28
37.3645 1 5 3 3 2 8 1 8 19 29
37.5738 1 5 3 3 2 9 1 9 19 28
37.8034 1 5 3 3 2 10 1 10 19 27
38.3506 1 5 2 2 2 11 1 10 19 27
39.5241 1 6 2 2 3 11 1 9 19 27
39.7139 1 6 2 2 3 10 1 8 19 28
39.7591 1 6 2 2 2 9 2 8 19 28
41.6552 0 5 2 2 3 9 2 8 19 28
42.7931 0 5 2 2 2 8 3 8 19 28
43.5946 0 5 2 2 2 7 3 7 19 29
45.2008 0 5 2 2 2 8 3 8 19 28
45.5098 0 5 2 2 1 7 4 8 19 28
45.7991 0 4 2 2 1 7 3 8 20 28
46.325 0 4 2 2 1 8 3 9 20 27
47.2063 0 4 2 2 1 9 3 10 20 26
47.3068 0 4 2 2 1 8 3 9 20 27
47.9898 0 4 3 3 1 7 3 9 20 27
49.2615 0 3 3 3 1 7 2 9 21 27
49.9767 0 3 4 4 1 6 2 9 21 27
51.5167 0 3 5 5 1 5 2 9 21 27
52.4236 0 3 5 5 1 6 2 10 21 26
55.1474 0 3 5 5 1 5 2 9 21 27
58.3072 0 3 4 4 1 6 2 9 21 27
59.3895 0 3 4 4 1 5 2 8 21 28
60.9669 0 4 4 4 2 5 2 7 21 28
61.3402 0 4 4 4 2 4 2 6 21 29
62.3987 0 4 4 4 2 3 2 5 21 30
63.5217 0 4 3 3 2 4 2 5 21 30
64.4957 0 4 3 3 2 5 2 6 21 29
64.5044 0 4 3 3 2 6 2 7 21 28
64.7022 0 4 3 3 2 7 2 8 21 27
64.7028 0 4 3 3 2 6 2 7 21 28
65.3721 0 3 3 3 1 6 2 8 21 28
66.3719 0 3 3 3 1 7 2 9 21 27
66.5404 0 3 3 3 1 6 2 8 21 28
67.2521 0 3 3 3 1 5 2 7 21 29
68.212 0 3 4 4 1 4 2 7 21 29
69.0306 0 3 4 4 1 3 2 6 21 30
69.6345 0 3 4 4 1 4 2 7 21 29
70.1125 0 3 4 4 1 5 2 8 21 28
71.0408 0 3 4 4 1 4 2 7 21 29
73.196 0 3 4 4 1 5 2 8 21 28
73.6356 1 4 4 4 0 5 2 8 21 28
73.8631 1 4 3 3 0 6 2 8 21 28
74.7297 1 4 3 3 0 7 2 9 21 27
74.9374 1 4 3 3 0 6 2 8 21 28
75.3666 1 4 3 3 0 7 2 9 21 27
76.0906 1 3 3 3 0 7 1 9 22 27
76.0935 1 3 3 3 0 8 1 10 22 26
78.9199 1 3 3 3 0 9 1 11 22 25
79.7825 1 3 3 3 0 8 1 10 22 26
79.7861 1 4 3 3 1 8 1 9 22 26
83.5144 1 4 3 3 1 7 1 8 22 27
85.2394 1 4 3 3 2 8 0 8 22 27
86.4353 1 4 3 3 2 9 0 9 22 26
87.0709 1 4 3 3 2 8 0 8 22 27
88.9514 1 4 3 3 2 7 0 7 22 28
89.8949 1 4 3 3 2 8 0 8 22 27
92.4002 1 4 3 3 1 7 1 8 22 27
92.6222 1 4 3 3 1 6 1 7 22 28
92.7003 1 5 3 3 1 6 2 7 21 28
93.0709 1 5 4 4 1 5 2 7 21 28
94.0435 1 5 3 3 1 6 2 7 21 28
94.3855 1 5 3 3 1 5 2 6 21 29
94.4974 1 5 3 3 1 6 2 7 21 28
96.1437 1 4 3 3 0 6 2 8 21 28
97.5956 1 4 3 3 0 5 2 7 21 29
97.6941 1 4 3 3 0 4 2 6 21 30
98.2528 1 4 2 2 0 5 2 6 21 30
98.4505 1 4 2 2 0 6 2 7 21 29
98.6381 1 4 2 2 0 5 2 6 21 30
99.5787 1 4 2 2 0 6 2 7 21 29
99.8236 1 4 2 2 0 7 2 8 21 28
100.223 1 4 2 2 0 8 2 9 21 27
100.287 1 4 2 2 0 7 2 8 21 28
101.465 1 4 2 2 0 8 2 9 21 27
106.842 1 4 2 2 0 9 2 10 21 26
107.501 1 4 2 2 0 8 2 9 21 27
109.771 1 4 2 2 0 7 2 8 21 28
110.096 1 4 2 2 0 8 2 9 21 27
110.25 1 4 2 2 0 9 2 10 21 26
111.601 1 3 2 2 0 9 1 10 22 26
114.047 1 3 2 2 0 8 1 9 22 27
115.121 1 4 2 2 1 8 1 8 22 27
116.818 1 4 2 2 1 7 1 7 22 28
117.444 1 4 2 2 1 8 1 8 22 27
118.237 1 4 2 2 1 9 1 9 22 26
118.314 1 4 2 2 1 8 1 8 22 27
118.548 2 5 2 2 0 8 1 8 22 27
121.872 2 5 2 2 0 9 1 9 22 26
121.875 2 5 2 2 0 8 1 8 22 27
122.425 2 5 2 2 0 9 1 9 22 26
123.457 2 5 2 2 0 10 1 10 22 25
124.193 2 5 2 2 0 9 1 9 22 26
126.314 2 5 1 1 0 10 1 9 22 26
127.213 2 5 1 1 0 11 1 10 22 25
127.251 2 5 1 1 0 10 1 9 22 26
127.278 2 5 1 1 0 11 1 10 22 25
127.676 2 5 1 1 0 10 1 9 22 26
127.989 2 6 1 1 1 10 1 8 22 26
128.649 2 6 1 1 1 9 1 7 22 27
128.974 2 6 1 1 1 10 1 8 22 26
130.35 2 6 1 1 1 9 1 7 22 27
130.36 2 6 1 1 1 10 1 8 22 26
131.815 1 5 1 1 2 10 1 8 22 26
132.175 1 4 1 1 2 10 0 8 23 26
133.002 1 3 1 1 1 10 0 9 23 26
134.545 1 3 1 1 1 9 0 8 23 27
136.536 1 3 1 1 1 8 0 7 23 28
136.595 1 3 1 1 1 7 0 6 23 29
137.236 1 3 1 1 1 6 0 5 23 30
140.458 1 4 1 1 2 6 0 4 23 30
140.83 1 4 0 0 2 7 0 4 23 30
141.618 1 4 0 0 2 6 0 3 23 31
143.097 1 3 0 0 1 6 0 4 23 31
143.127 1 3 0 0 1 7 0 5 23 30
144.39 1 3 0 0 1 8 0 6 23 29
145.095 1 3 1 1 1 7 0 6 23 29
146.714 1 3 2 2 1 6 0 6 23 29
147.754 1 3 2 2 1 5 0 5 23 30
148.622 1 3 2 2 1 6 0 6 23 29
149.421 1 3 2 2 1 7 0 7 23 28
151.439 1 4 2 2 2 7 0 6 23 28
152.268 1 4 2 2 2 6 0 5 23 29
154.678 1 4 2 2 2 5 0 4 23 30
155.783 1 4 2 2 2 6 0 5 23 29
156.315 2 5 2 2 1 6 0 5 23 29
158.401 2 5 2 2 1 5 0 4 23 30
159.257 2 5 2 2 1 6 0 5 23 29
159.8 2 5 2 2 1 7 0 6 23 28
160.037 2 6 2 2 2 7 0 5 23 28
160.7 2 6 2 2 1 6 1 5 23 28
162.204 2 6 2 2 1 7 1 6 23 27
162.682 2 6 2 2 1 6 1 5 23 28
163.443 2 6 2 2 1 7 1 6 23 27
163.635 2 6 2 2 1 8 1 7 23 26
163.64 2 6 2 2 1 7 1 6 23 27
163.844 2 6 2 2 0 6 2 6 23 27
163.924 2 6 2 2 0 5 2 5 23 28
165.124 1 5 2 2 1 5 2 5 23 28
165.725 1 5 2 2 1 6 2 6 23 27
166.109 1 4 2 2 0 6 2 7 23 27
167.8 1 4 2 2 0 7 2 8 23 26
168.423 1 4 2 2 0 8 2 9 23 25
169.063 1 4 2 2 0 7 2 8 23 26
169.733 1 4 2 2 0 6 2 7 23 27
170.076 1 4 2 2 0 7 2 8 23 26
171.002 1 4 2 2 0 8 2 9 23 25
171.01 1 4 2 2 0 9 2 10 23 24
171.672 1 4 2 2 0 8 2 9 23 25
171.682 1 4 2 2 0 7 2 8 23 26
172.449 1 4 2 2 0 8 2 9 23 25
172.971 1 4 2 2 0 7 2 8 23 26
175.149 1 4 2 2 0 6 2 7 23 27
175.929 1 4 2 2 0 5 2 6 23 28
176.755 1 3 2 2 0 5 1 6 24 28
178.767 1 3 2 2 0 4 1 5 24 29
180.625 1 4 2 2 1 4 1 4 24 29
185.192 1 4 2 2 1 5 1 5 24 28
187.672 1 5 2 2 2 5 1 4 24 28
187.74 1 5 2 2 2 6 1 5 24 27
187.998 1 5 2 2 2 7 1 6 24 26
188.427 1 4 2 2 2 7 0 6 25 26
188.869 1 5 2 2 3 7 0 5 25 26
190.613 1 5 2 2 2 6 1 5 25 26
193.087 1 5 2 2 1 5 2 5 25 26
194.472 1 6 2 2 2 5 2 4 25 26
196.729 1 6 2 2 2 6 2 5 25 25
196.936 1 5 2 2 2 6 1 5 26 25
198.116 1 5 2 2 2 5 1 4 26 26
198.549 1 5 2 2 2 6 1 5 26 25
199.585 1 5 2 2 2 7 1 6 26 24
202.967 1 6 2 2 3 7 1 5 26 24
203.978 1 6 1 1 3 8 1 5 26 24
204.662 1 6 1 1 3 7 1 4 26 25
205.191 1 6 1 1 3 6 1 3 26 26
207.761 1 6 1 1 3 5 1 2 26 27
210.903 1 6 1 1 3 6 1 3 26 26
211.595 1 6 1 1 3 7 1 4 26 25
212.631 1 7 1 1 4 7 1 3 26 25
212.864 1 7 1 1 4 6 1 2 26 26
213.061 1 7 1 1 3 5 2 2 26 26
213.082 1 7 1 1 3 6 2 3 26 25
213.155 1 7 1 1 3 7 2 4 26 24
214.73 1 6 1 1 3 7 1 4 27 24
217.059 1 6 1 1 3 8 1 5 27 23
219.14 1 6 1 1 3 7 1 4 27 24
219.401 1 6 1 1 2 6 2 4 27 24
221.713 1 6 1 1 1 5 3 4 27 24
223.744 1 7 1 1 1 5 4 4 26 24
224.406 1 7 1 1 1 6 4 5 26 23
224.443 1 7 2 2 1 5 4 5 26 23
226.677 0 6 2 2 2 5 4 5 26 23
227.754 0 6 2 2 3 6 3 5 26 23
228.038 0 7 2 2 4 6 3 4 26 23
229.048 0 7 2 2 4 5 3 3 26 24
231.038 0 7 2 2 3 4 4 3 26 24
231.593 0 7 2 2 2 3 5 3 26 24
234.663 0 7 2 2 2 2 5 2 26 25
234.8 0 6 2 2 2 2 4 2 27 25
235.156 0 6 2 2 2 3 4 3 27 24
238.057 0 6 2 2 2 4 4 4 27 23
238.97 0 6 2 2 2 5 4 5 27 22
238.997 1 7 2 2 1 5 4 5 27 22
239.056 1 6 2 2 1 5 3 5 28 22
241.372 1 6 2 2 1 4 3 4 28 23
241.483 1 6 2 2 0 3 4 4 28 23
244.458 0 5 2 2 1 3 4 4 28 23
247.354 1 6 2 2 0 3 4 4 28 23
247.933 1 6 2 2 0 4 4 5 28 22
250.372 1 6 2 2 0 5 4 6 28 21
251.547 1 5 2 2 0 5 3 6 29 21
254.726 1 5 2 2 0 6 3 7 29 20
255.88 1 4 2 2 0 6 2 7 30 20
256.871 1 4 2 2 0 5 2 6 30 21
258.223 1 4 2 2 0 4 2 5 30 22
260.506 1 4 2 2 1 5 1 5 30 22
264.376 1 4 2 2 1 6 1 6 30 21
265.734 0 3 2 2 2 6 1 6 30 21
267.419 0 3 2 2 2 5 1 5 30 22
269.594 0 3 2 2 2 4 1 4 30 23
270.011 0 3 2 2 1 3 2 4 30 23
271.318 0 3 2 2 1 4 2 5 30 22
274.379 0 3 2 2 1 5 2 6 30 21
275.855 0 3 2 2 1 6 2 7 30 20
276.828 0 3 2 2 1 5 2 6 30 21
277.22 0 3 2 2 1 6 2 7 30 20
277.584 0 3 2 2 1 7 2 8 30 19
277.91 0 2 2 2 1 7 1 8 31 19
277.951 0 2 2 2 1 6 1 7 31 20
279.282 0 2 2 2 1 5 1 6 31 21
280.66 0 3 2 2 2 5 1 5 31 21
280.959 0 3 2 2 2 4 1 4 31 22
283.147 0 3 2 2 1 3 2 4 31 22
284.472 0 4 2 2 2 3 2 3 31 22
285.959 0 4 2 2 2 4 2 4 31 21
286.235 0 3 2 2 2 4 1 4 32 21
286.677 0 3 2 2 2 3 1 3 32 22
297.753 0 3 2 2 2 4 1 4 32 21
297.994 0 3 2 2 2 3 1 3 32 22
298.706 0 3 2 2 2 2 1 2 32 23
299.128 0 4 2 2 3 2 1 1 32 23
303.461 0 4 2 2 3 3 1 2 32 22
305.812 0 4 2 2 3 4 1 3 32 21
306.49 0 3 2 2 3 4 0 3 33 21
306.531 0 3 2 2 3 5 0 4 33 20
307.42 0 3 2 2 3 4 0 3 33 21
308.432 0 3 2 2 3 3 0 2 33 22
308.873 0 3 2 2 3 4 0 3 33 21
310.145 0 2 2 2 2 4 0 4 33 21
312.704 0 2 2 2 2 5 0 5 33 20
312.895 0 2 1 1 2 6 0 5 33 20
312.959 0 3 1 1 3 6 0 4 33 20
314.501 0 3 1 1 3 7 0 5 33 19
315.298 0 3 1 1 2 6 1 5 33 19
316.946 0 2 1 1 1 6 1 6 33 19
318.063 0 1 1 1 1 6 0 6 34 19
318.907 0 1 2 2 1 5 0 6 34 19
319.647 0 1 2 2 1 6 0 7 34 18
321.103 0 1 2 2 1 5 0 6 34 19
321.171 0 1 2 2 1 4 0 5 34 20
324.099 0 2 2 2 2 4 0 4 34 20
324.824 0 2 2 2 2 5 0 5 34 19
325.171 0 2 2 2 2 4 0 4 34 20
326.528 0 2 2 2 2 3 0 3 34 21
327.347 0 2 2 2 2 4 0 4 34 20
332.775 0 3 2 2 3 4 0 3 34 20
333.402 0 3 2 2 3 5 0 4 34 19
336.127 0 3 2 2 3 6 0 5 34 18
336.196 0 3 3 3 3 5 0 5 34 18
338.805 0 2 3 3 2 5 0 6 34 18
339.126 0 2 4 4 2 4 0 6 34 18
340.702 0 2 4 4 2 3 0 5 34 19
344.402 0 2 4 4 2 4 0 6 34 18
347.411 0 2 4 4 2 3 0 5 34 19
350.337 0 2 3 3 2 4 0 5 34 19
350.847 0 2 3 3 2 3 0 4 34 20
351.907 0 2 3 3 2 2 0 3 34 21
359.41 1 3 3 3 1 2 0 3 34 21
359.922 1 4 3 3 2 2 0 2 34 21
361.024 2 5 3 3 1 2 0 2 34 21
365.201 2 5 3 3 1 3 0 3 34 20
365.326 2 5 3 3 1 4 0 4 34 19
366.182 1 4 3 3 2 4 0 4 34 19
366.632 2 5 3 3 1 4 0 4 34 19
367.175 2 5 3 3 1 5 0 5 34 18
367.585 2 5 3 3 1 4 0 4 34 19
368.87 1 4 3 3 2 4 0 4 34 19
369.173 2 5 3 3 1 4 0 4 34 19
369.234 2 5 3 3 1 5 0 5 34 18
369.344 2 5 2 2 1 6 0 5 34 18
369.373 2 6 2 2 2 6 0 4 34 18
370.408 2 6 2 2 2 5 0 3 34 19
370.429 2 6 2 2 2 4 0 2 34 20
370.709 2 6 2 2 2 5 0 3 34 19
370.849 2 6 2 2 2 4 0 2 34 20
373.565 2 6 2 2 2 5 0 3 34 19
373.646 1 5 2 2 3 5 0 3 34 19
373.999 2 6 2 2 2 5 0 3 34 19
376.526 2 6 2 2 2 4 0 2 34 20
382.647 2 6 2 2 2 5 0 3 34 19
384.039 2 6 2 2 2 6 0 4 34 18
385.385 2 6 2 2 2 7 0 5 34 17
385.63 2 6 2 2 1 6 1 5 34 17
387.137 2 6 2 2 1 7 1 6 34 16
390.2 2 5 2 2 1 7 0 6 35 16
390.377 1 4 2 2 2 7 0 6 35 16
390.567 1 4 2 2 2 6 0 5 35 17
391.336 1 4 2 2 2 7 0 6 35 16
391.685 1 4 2 2 2 6 0 5 35 17
392.38 1 4 3 3 2 5 0 5 35 17
392.768 1 4 3 3 2 6 0 6 35 16
393.296 1 5 3 3 2 6 1 6 34 16
393.493 1 5 3 3 2 5 1 5 34 17
395.497 1 5 3 3 2 6 1 6 34 16
395.611 1 4 3 3 2 6 0 6 35 16
395.812 1 3 3 3 1 6 0 7 35 16
395.857 1 2 3 3 0 6 0 8 35 16
399.932 1 2 3 3 0 7 0 9 35 15
401.211 1 2 3 3 0 6 0 8 35 16
402.042 1 2 3 3 0 5 0 7 35 17
402.924 1 2 3 3 0 4 0 6 35 18
404.401 1 2 3 3 0 3 0 5 35 19
405.165 1 2 3 3 0 4 0 6 35 18
407.689 1 2 3 3 0 3 0 5 35 19
409.739 1 2 3 3 0 4 0 6 35 18
415.195 1 2 2 2 0 5 0 6 35 18
416.175 1 2 2 2 0 6 0 7 35 17
416.54 1 2 2 2 0 5 0 6 35 18
420.772 1 2 2 2 0 6 0 7 35 17
422.165 1 2 2 2 0 7 0 8 35 16
424.283 1 2 2 2 0 6 0 7 35 17
426.342 1 2 2 2 0 5 0 6 35 18
427.889 1 2 2 2 0 4 0 5 35 19
428.079 1 2 2 2 0 5 0 6 35 18
428.894 1 2 2 2 0 4 0 5 35 19
433.688 1 2 2 2 0 3 0 4 35 20
434.15 1 2 2 2 0 4 0 5 35 19
435.286 1 3 2 2 1 4 0 4 35 19
436.686 1 3 2 2 1 5 0 5 35 18
436.891 1 3 2 2 1 6 0 6 35 17
437.656 1 3 2 2 1 7 0 7 35 16
437.811 1 2 2 2 0 7 0 8 35 16
438.459 1 3 2 2 1 7 0 7 35 16
439.282 1 4 2 2 1 7 1 7 34 16
439.826 1 4 2 2 1 8 1 8 34 15
440.269 1 5 2 2 2 8 1 7 34 15
442.567 1 5 2 2 2 9 1 8 34 14
442.623 1 5 2 2 2 8 1 7 34 15
444.444 1 5 2 2 2 9 1 8 34 14
445.893 1 5 3 3 2 8 1 8 34 14
447.048 1 4 3 3 1 8 1 9 34 14
447.142 1 4 2 2 1 9 1 9 34 14
447.401 1 4 2 2 1 8 1 8 34 15
448.009 1 4 2 2 1 7 1 7 34 16
449.75 1 4 2 2 1 6 1 6 34 17
449.768 1 4 2 2 1 7 1 7 34 16
451.008 1 4 2 2 1 8 1 8 34 15
451.117 1 4 2 2 1 9 1 9 34 14
451.696 1 4 2 2 1 8 1 8 34 15
452.229 1 3 2 2 1 8 0 8 35 15
453.599 1 3 2 2 1 7 0 7 35 16
453.696 1 3 2 2 1 6 0 6 35 17
456.986 1 3 2 2 1 7 0 7 35 16
457.216 1 3 2 2 1 6 0 6 35 17
457.714 1 3 2 2 1 7 0 7 35 16
457.738 1 3 2 2 1 8 0 8 35 15
459.178 1 3 2 2 1 9 0 9 35 14
462.725 1 3 2 2 1 10 0 10 35 13
463.61 1 3 2 2 1 9 0 9 35 14
465.148 1 3 2 2 1 8 0 8 35 15
465.174 1 3 2 2 1 7 0 7 35 16
466.527 1 3 2 2 1 6 0 6 35 17
471.218 1 3 2 2 1 5 0 5 35 18
473.539 1 4 2 2 1 5 1 5 34 18
474.261 1 4 2 2 1 6 1 6 34 17
474.766 1 4 2 2 1 7 1 7 34 16
478.947 2 5 2 2 0 7 1 7 34 16
480.701 2 5 1 1 0 8 1 7 34 16
481.598 1 4 1 1 1 8 1 7 34 16
482.739 1 3 1 1 0 8 1 8 34 16
486.253 1 3 1 1 0 7 1 7 34 17
489.261 1 3 1 1 0 6 1 6 34 18
491.606 1 3 1 1 0 5 1 5 34 19
493.766 1 4 1 1 1 5 1 4 34 19
494.386 2 5 1 1 0 5 1 4 34 19
498.752 2 5 1 1 0 6 1 5 34 18
499.424 2 5 1 1 0 5 1 4 34 19
499.502 2 5 1 1 0 6 1 5 34 18
500.239 2 5 1 1 0 5 1 4 34 19
502.839 2 5 1 1 0 4 1 3 34 20
502.87 2 5 1 1 0 5 1 4 34 19
506.979 1 4 1 1 1 5 1 4 34 19
508.163 1 4 1 1 1 4 1 3 34 20
511.928 1 4 1 1 1 5 1 4 34 19
513.577 1 4 2 2 1 4 1 4 34 19
518.113 1 4 2 2 1 3 1 3 34 20
518.553 1 3 2 2 1 3 0 3 35 20
519.308 1 3 2 2 1 4 0 4 35 19
521.598 1 3 2 2 1 5 0 5 35 18
522.612 1 3 2 2 1 6 0 6 35 17
523.777 1 3 3 3 1 5 0 6 35 17
524.499 1 3 2 2 1 6 0 6 35 17
524.53 1 3 3 3 1 5 0 6 35 17
525.004 1 3 4 4 1 4 0 6 35 17
525.452 1 3 4 4 1 5 0 7 35 16
525.751 1 4 4 4 2 5 0 6 35 16
526.024 1 4 4 4 2 6 0 7 35 15
526.371 1 3 4 4 1 6 0 8 35 15
528.298 1 3 4 4 1 7 0 9 35 14
529.93 1 3 4 4 1 6 0 8 35 15
531.256 1 3 4 4 1 5 0 7 35 16
531.363 1 3 3 3 1 6 0 7 35 16
532.469 1 3 4 4 1 5 0 7 35 16
535.725 1 4 4 4 2 5 0 6 35 16
536.404 2 5 4 4 1 5 0 6 35 16
536.977 2 5 4 4 1 6 0 7 35 15
538.825 2 5 4 4 0 5 1 7 35 15
542.801 2 5 3 3 0 6 1 7 35 15
543.116 2 6 3 3 1 6 1 6 35 15
543.458 2 6 3 3 1 5 1 5 35 16
543.967 2 6 3 3 1 4 1 4 35 17
546.145 2 6 3 3 1 3 1 3 35 18
547.576 2 6 3 3 1 4 1 4 35 17
548.02 2 6 4 4 1 3 1 4 35 17
548.386 2 6 4 4 1 4 1 5 35 16
551.383 1 5 4 4 2 4 1 5 35 16
553.656 0 4 4 4 3 4 1 5 35 16
555.957 1 5 4 4 2 4 1 5 35 16
556.568 1 5 4 4 1 3 2 5 35 16
558.536 1 5 3 3 1 4 2 5 35 16
558.811 1 5 3 3 1 5 2 6 35 15
561.06 0 4 3 3 2 5 2 6 35 15
563.937 0 3 3 3 2 5 1 6 36 15
566.287 0 3 3 3 2 6 1 7 36 14
566.335 0 3 3 3 2 7 1 8 36 13
567.335 0 3 3 3 2 6 1 7 36 14
568.296 0 3 3 3 2 5 1 6 36 15
571.405 0 3 3 3 2 6 1 7 36 14
572.167 0 3 3 3 2 7 1 8 36 13
573.091 0 3 3 3 2 6 1 7 36 14
573.44 0 3 3 3 2 5 1 6 36 15
574.798 0 3 3 3 2 6 1 7 36 14
575.579 0 3 3 3 2 5 1 6 36 15
576.571 0 3 3 3 1 4 2 6 36 15
577.032 0 3 3 3 1 5 2 7 36 14
578.634 0 3 3 3 1 4 2 6 36 15
579.436 0 3 3 3 1 3 2 5 36 16
580.416 0 3 3 3 1 4 2 6 36 15
581.017 0 3 3 3 1 5 2 7 36 14
581.803 0 3 4 4 1 4 2 7 36 14
582.412 0 3 4 4 1 5 2 8 36 13
584.014 0 3 3 3 1 6 2 8 36 13
584.8 0 3 3 3 1 5 2 7 36 14
584.939 0 3 2 2 1 6 2 7 36 14
587.147 0 3 2 2 1 5 2 6 36 15
588.867 0 3 2 2 1 6 2 7 36 14
589.161 0 4 2 2 1 6 3 7 35 14
589.403 0 4 2 2 1 5 3 6 35 15
591.782 0 4 2 2 1 4 3 5 35 16
593.109 0 4 2 2 1 5 3 6 35 15
601.496 0 5 2 2 2 5 3 5 35 15
602.436 1 6 2 2 1 5 3 5 35 15
604.552 0 5 2 2 2 5 3 5 35 15
606.161 0 5 2 2 2 6 3 6 35 14
606.452 0 5 2 2 2 7 3 7 35 13
607.149 0 5 2 2 2 6 3 6 35 14
607.462 0 6 2 2 3 6 3 5 35 14
608.215 0 5 2 2 3 6 2 5 36 14
610.692 0 5 2 2 3 5 2 4 36 15
612.259 0 4 2 2 2 5 2 5 36 15
612.783 0 4 3 3 2 4 2 5 36 15
615.031 0 4 3 3 2 3 2 4 36 16
617.149 0 4 2 2 2 4 2 4 36 16
617.539 0 4 2 2 2 3 2 3 36 17
619.592 0 3 2 2 2 3 1 3 37 17
621.61 0 3 2 2 2 2 1 2 37 18
621.785 0 3 2 2 2 3 1 3 37 17
621.989 0 3 2 2 1 2 2 3 37 17
622.33 0 2 2 2 1 2 1 3 38 17
622.402 0 2 2 2 1 3 1 4 38 16
633.748 0 3 2 2 1 3 2 4 37 16
640.374 0 3 2 2 1 4 2 5 37 15
642.986 0 3 3 3 1 3 2 5 37 15
649.643 0 3 3 3 1 2 2 4 37 16
649.866 0 3 3 3 1 1 2 3 37 17
650.933 0 3 3 3 1 2 2 4 37 16
651.125 0 3 3 3 1 3 2 5 37 15
656.374 0 2 3 3 1 3 1 5 38 15
656.713 0 2 3 3 1 4 1 6 38 14
657.545 0 2 3 3 0 3 2 6 38 14
664.543 0 2 3 3 0 4 2 7 38 13
665.896 0 2 3 3 0 5 2 8 38 12
666.279 0 2 3 3 0 4 2 7 38 13
671.084 0 3 3 3 1 4 2 6 38 13
672.116 0 3 2 2 1 5 2 6 38 13
674.236 0 3 2 2 1 4 2 5 38 14
675.483 0 3 2 2 1 3 2 4 38 15
677.998 0 3 2 2 1 4 2 5 38 14
678.4 0 3 2 2 1 3 2 4 38 15
685.044 0 3 2 2 1 4 2 5 38 14
685.889 0 4 2 2 2 4 2 4 38 14
688.033 1 5 2 2 1 4 2 4 38 14
689.283 1 4 2 2 0 4 2 5 38 14
689.947 1 4 2 2 0 3 2 4 38 15
693.955 1 4 2 2 0 2 2 3 38 16
695.817 1 3 2 2 0 2 1 3 39 16
699.4 1 3 2 2 0 3 1 4 39 15
704.273 0 2 2 2 1 3 1 4 39 15
707.408 0 2 2 2 1 2 1 3 39 16
708.516 0 2 2 2 1 3 1 4 39 15
711.981 0 2 2 2 1 4 1 5 39 14
714.368 0 2 2 2 1 5 1 6 39 13
717.249 0 2 3 3 1 4 1 6 39 13
718.781 0 2 3 3 1 5 1 7 39 12
718.979 0 2 3 3 1 4 1 6 39 13
719.696 0 2 3 3 1 3 1 5 39 14
724.395 0 2 3 3 1 4 1 6 39 13
731.447 0 2 4 4 1 3 1 6 39 13
733.95 0 2 4 4 1 4 1 7 39 12
734.179 0 2 4 4 1 3 1 6 39 13
742.992 0 2 4 4 1 2 1 5 39 14
744.18 0 1 4 4 1 2 0 5 40 14
747.568 0 1 4 4 1 3 0 6 40 13
749.916 0 1 4 4 1 2 0 5 40 14
750.284 0 1 4 4 1 3 0 6 40 13
753.323 0 1 3 3 1 4 0 6 40 13
753.731 0 1 3 3 1 3 0 5 40 14
754.37 0 1 3 3 1 4 0 6 40 13
760.631 0 1 3 3 0 3 1 6 40 13
760.792 0 1 3 3 0 4 1 7 40 12
761.8 0 2 3 3 0 4 2 7 39 12
763.414 0 3 3 3 1 4 2 6 39 12
764.546 0 3 3 3 1 3 2 5 39 13
767.385 0 3 3 3 1 4 2 6 39 12
770.871 0 3 2 2 1 5 2 6 39 12
774.471 0 2 2 2 1 5 1 6 40 12
776.113 0 3 2 2 1 5 2 6 39 12
777.644 1 4 2 2 0 5 2 6 39 12
779.594 1 5 2 2 0 5 3 6 38 12
779.615 1 4 2 2 0 5 2 6 39 12
780.594 1 3 2 2 0 5 1 6 40 12
783.689 1 3 2 2 0 4 1 5 40 13
784.632 1 3 2 2 0 5 1 6 40 12
786.741 1 4 2 2 1 5 1 5 40 12
792.229 1 3 2 2 0 5 1 6 40 12
793.25 1 4 2 2 0 5 2 6 39 12
793.601 1 4 2 2 0 6 2 7 39 11
795.469 1 4 2 2 0 5 2 6 39 12
797.14 1 4 2 2 0 4 2 5 39 13
803.907 1 4 2 2 0 3 2 4 39 14
805.165 1 3 2 2 0 3 1 4 40 14
806.394 1 3 2 2 0 4 1 5 40 13
806.938 1 3 2 2 0 5 1 6 40 12
808.219 1 3 1 1 0 6 1 6 40 12
809.053 1 3 1 1 0 5 1 5 40 13
812.181 1 3 1 1 0 4 1 4 40 14
813.209 1 3 1 1 0 3 1 3 40 15
815.049 1 3 1 1 0 2 1 2 40 16
818.813 1 3 1 1 0 3 1 3 40 15
819.021 1 3 1 1 0 2 1 2 40 16
830.574 1 3 1 1 0 3 1 3 40 15
830.808 1 3 1 1 0 4 1 4 40 14
832.708 1 3 1 1 0 3 1 3 40 15
838.114 1 3 1 1 0 4 1 4 40 14
839.062 1 3 1 1 0 3 1 3 40 15
842.559 1 3 1 1 0 2 1 2 40 16
846.304 1 3 1 1 0 3 1 3 40 15
851.591 0 2 1 1 1 3 1 3 40 15
852.088 0 2 1 1 1 4 1 4 40 14
856.846 1 3 1 1 0 4 1 4 40 14
862.56 1 3 1 1 0 3 1 3 40 15
863.992 1 3 1 1 0 4 1 4 40 14
864.868 1 2 1 1 0 4 0 4 41 14
864.919 1 2 1 1 0 5 0 5 41 13
865.233 1 2 1 1 0 6 0 6 41 12
867.603 1 2 1 1 0 7 0 7 41 11
869.034 1 2 1 1 0 6 0 6 41 12
869.657 1 2 1 1 0 7 0 7 41 11
871.215 1 2 1 1 0 8 0 8 41 10
871.857 0 1 1 1 1 8 0 8 41 10
871.885 0 1 1 1 1 9 0 9 41 9
873.426 0 1 1 1 1 8 0 8 41 10
873.822 0 1 1 1 1 7 0 7 41 11
875.514 0 1 1 1 1 6 0 6 41 12
875.58 0 1 1 1 1 5 0 5 41 13
875.669 0 1 1 1 0 4 1 5 41 13
876.472 0 2 1 1 1 4 1 4 41 13
877.086 0 2 1 1 1 3 1 3 41 14
878.394 0 2 1 1 1 4 1 4 41 13
880.766 0 2 2 2 1 3 1 4 41 13
881.804 0 3 2 2 2 3 1 3 41 13
884.114 0 3 1 1 2 4 1 3 41 13
884.635 0 3 1 1 1 3 2 3 41 13
885.063 0 2 1 1 1 3 1 3 42 13
885.449 0 3 1 1 1 3 2 3 41 13
890.215 0 3 1 1 1 4 2 4 41 12
892.694 0 3 1 1 1 3 2 3 41 13
898.371 0 3 0 0 1 4 2 3 41 13
899.159 0 3 0 0 1 3 2 2 41 14
900.688 0 3 0 0 1 4 2 3 41 13
901.227 0 3 1 1 1 3 2 3 41 13
902.066 0 4 1 1 1 3 3 3 40 13
909.393 1 5 1 1 0 3 3 3 40 13
909.673 1 6 1 1 1 3 3 2 40 13
912.707 1 5 1 1 1 3 2 2 41 13
917.998 1 5 1 1 1 4 2 3 41 12
918.394 1 5 1 1 1 3 2 2 41 13
918.744 1 6 1 1 1 3 3 2 40 13
920.19 1 6 1 1 1 4 3 3 40 12
920.761 1 5 1 1 1 4 2 3 41 12
924.766 1 5 1 1 1 5 2 4 41 11
927.868 1 5 1 1 1 4 2 3 41 12
930.964 1 4 1 1 1 4 1 3 42 12
932.739 1 4 1 1 1 5 1 4 42 11
933.591 1 4 1 1 1 6 1 5 42 10
934.524 1 4 1 1 1 5 1 4 42 11
935.868 1 4 1 1 1 4 1 3 42 12
936.069 1 4 2 2 1 3 1 3 42 12
936.797 1 4 2 2 1 4 1 4 42 11
940.545 1 4 2 2 1 5 1 5 42 10
950.559 1 3 2 2 0 5 1 6 42 10
951.103 1 3 2 2 0 6 1 7 42 9
951.775 1 3 2 2 0 5 1 6 42 10
953.452 1 2 2 2 0 5 0 6 43 10
955.962 1 2 2 2 0 4 0 5 43 11
957.938 1 2 2 2 0 3 0 4 43 12
958.057 1 2 2 2 0 4 0 5 43 11
958.502 1 2 2 2 0 3 0 4 43 12
958.992 1 2 2 2 0 2 0 3 43 13
968.096 1 2 2 2 0 3 0 4 43 12
971.822 1 2 2 2 0 4 0 5 43 11
972.091 1 2 2 2 0 5 0 6 43 10
972.338 1 2 2 2 0 6 0 7 43 9
974.545 1 2 3 3 0 5 0 7 43 9
975.453 1 2 3 3 0 4 0 6 43 10
976.781 1 3 3 3 0 4 1 6 42 10
977.618 1 3 3 3 0 3 1 5 42 11
979.582 1 3 3 3 0 2 1 4 42 12
979.974 1 3 3 3 0 3 1 5 42 11
981.975 1 3 2 2 0 4 1 5 42 11
982.15 1 3 2 2 0 5 1 6 42 10
983.308 1 3 2 2 0 6 1 7 42 9
984.697 1 3 2 2 0 5 1 6 42 10
990.91 1 3 2 2 0 4 1 5 42 11
991.924 1 3 1 1 0 5 1 5 42 11
992.604 1 3 1 1 0 6 1 6 42 10
993.21 1 3 2 2 0 5 1 6 42 10
994.086 1 3 3 3 0 4 1 6 42 10
995.778 1 3 3 3 0 5 1 7 42 9
998.476 1 3 3 3 0 6 1 8 42 8
1000.18 1 3 4 4 0 5 1 8 42 8
1000.93 1 3 4 4 0 6 1 9 42 7
1000.97 1 3 4 4 0 7 1 10 42 6
1002.53 1 4 4 4 1 7 1 9 42 6
1002.75 1 4 4 4 1 6 1 8 42 7
1002.8 1 4 5 5 1 5 1 8 42 7
1003.71 1 4 5 5 1 4 1 7 42 8
1004.38 1 4 5 5 1 5 1 8 42 7
1004.57 1 4 5 5 1 4 1 7 42 8
1007.42 1 4 5 5 1 3 1 6 42 9
1007.89 1 4 5 5 1 4 1 7 42 8
1009.3 1 4 5 5 1 3 1 6 42 9
1010.53 1 4 5 5 1 4 1 7 42 8
1015.44 1 5 5 5 2 4 1 6 42 8
1015.63 1 5 4 4 2 5 1 6 42 8
1015.83 1 5 3 3 2 6 1 6 42 8
1015.92 1 5 3 3 2 5 1 5 42 9
1019.29 1 5 3 3 2 6 1 6 42 8
1020.28 1 4 3 3 1 6 1 7 42 8
1020.71 1 4 3 3 1 5 1 6 42 9
1020.78 1 4 4 4 1 4 1 6 42 9
1020.79 1 4 4 4 1 3 1 5 42 10
1023.86 2 5 4 4 0 3 1 5 42 10
1026.06 1 4 4 4 1 3 1 5 42 10
1028.53 1 4 4 4 1 2 1 4 42 11
1029.91 1 4 4 4 1 3 1 5 42 10
1032.33 1 4 4 4 1 4 1 6 42 9
1033.68 1 4 5 5 1 3 1 6 42 9
1033.98 1 4 5 5 1 2 1 5 42 10
1034.99 1 5 5 5 1 2 2 5 41 10
1035.63 1 4 5 5 1 2 1 5 42 10
1035.96 1 4 5 5 1 1 1 4 42 11
1036.25 1 4 5 5 1 2 1 5 42 10
1037.5 1 4 4 4 1 3 1 5 42 10
1039.99 1 4 3 3 1 4 1 5 42 10
1041.01 1 4 3 3 0 3 2 5 42 10
1041.25 1 4 4 4 0 2 2 5 42 10
1042.24 1 4 3 3 0 3 2 5 42 10
1046.16 1 4 3 3 0 4 2 6 42 9
1050.61 1 4 3 3 0 3 2 5 42 10
1052.95 1 4 4 4 0 2 2 5 42 10
1054.97 1 4 5 5 0 1 2 5 42 10
1056.63 1 4 5 5 0 2 2 6 42 9
1058.94 1 4 4 4 0 3 2 6 42 9
1061.6 1 4 4 4 0 4 2 7 42 8
1061.73 1 4 4 4 0 5 2 8 42 7
1063.74 1 4 4 4 1 6 1 8 42 7
1064.63 1 4 3 3 1 7 1 8 42 7
1065.1 1 4 3 3 1 8 1 9 42 6
1066.04 1 5 3 3 2 8 1 8 42 6
1067.79 1 5 3 3 2 9 1 9 42 5
1069.72 1 5 2 2 2 10 1 9 42 5
1070.27 1 5 2 2 2 9 1 8 42 6
1072.33 1 5 2 2 2 8 1 7 42 7
1072.83 1 4 2 2 2 8 0 7 43 7
1076.66 1 4 2 2 2 9 0 8 43 6
1076.92 1 4 2 2 2 8 0 7 43 7
1077.67 1 3 2 2 1 8 0 8 43 7
1079.65 1 3 3 3 1 7 0 8 43 7
1080.68 1 3 3 3 1 6 0 7 43 8
1081.41 1 3 3 3 1 5 0 6 43 9
1083.44 1 3 3 3 1 6 0 7 43 8
1086.79 1 4 3 3 1 6 1 7 42 8
1086.92 1 4 3 3 2 7 0 7 42 8
1087.31 1 4 3 3 2 6 0 6 42 9
1087.86 1 4 3 3 2 7 0 7 42 8
1089.46 1 4 4 4 2 6 0 7 42 8
1089.57 1 4 5 5 2 5 0 7 42 8
1090.46 0 3 5 5 3 5 0 7 42 8
1091.56 0 3 4 4 3 6 0 7 42 8
1093.37 0 3 4 4 3 5 0 6 42 9
1098.51 0 3 4 4 3 6 0 7 42 8
1098.75 0 3 4 4 3 5 0 6 42 9
1101.22 0 3 4 4 3 6 0 7 42 8
1102.59 0 3 4 4 3 5 0 6 42 9
1103.78 0 3 4 4 3 6 0 7 42 8
1103.88 1 4 4 4 2 6 0 7 42 8
1104.28 0 3 4 4 3 6 0 7 42 8
1105.19 0 3 4 4 3 5 0 6 42 9
1105.54 0 3 4 4 2 4 1 6 42 9
1105.68 0 3 4 4 2 3 1 5 42 10
1112.53 0 3 3 3 2 4 1 5 42 10
1115.45 0 3 3 3 2 5 1 6 42 9
1115.62 1 4 3 3 1 5 1 6 42 9
1115.71 1 3 3 3 0 5 1 7 42 9
1116.24 1 3 2 2 0 6 1 7 42 9
1116.84 1 4 2 2 1 6 1 6 42 9
1120.25 1 4 2 2 1 5 1 5 42 10
1122.5 1 3 2 2 0 5 1 6 42 10
1123.86 1 3 3 3 0 4 1 6 42 10
1124.24 1 3 3 3 0 5 1 7 42 9
1125.57 1 4 3 3 1 5 1 6 42 9
1126.46 1 4 3 3 0 4 2 6 42 9
1126.98 1 4 3 3 0 5 2 7 42 8
1127.41 1 4 3 3 0 4 2 6 42 9
1130.76 1 4 3 3 1 5 1 6 42 9
1130.86 1 4 3 3 0 4 2 6 42 9
1131.24 1 4 2 2 0 5 2 6 42 9
1135.26 1 5 2 2 1 5 2 5 42 9
1135.7 0 4 2 2 2 5 2 5 42 9
1135.75 0 4 2 2 2 4 2 4 42 10
1138.8 0 4 3 3 2 3 2 4 42 10
1141.48 0 3 3 3 2 3 1 4 43 10
1145.45 0 3 3 3 2 2 1 3 43 11
1146.94 0 4 3 3 3 2 1 2 43 11
1153.06 0 3 3 3 2 2 1 3 43 11
1154.68 1 4 3 3 1 2 1 3 43 11
1160.82 0 3 3 3 2 2 1 3 43 11
1161.84 0 3 3 3 2 3 1 4 43 10
1168.03 0 3 3 3 2 2 1 3 43 11
1170.54 0 3 3 3 1 1 2 3 43 11
1178.24 0 2 3 3 1 1 1 3 44 11
1181.19 0 2 3 3 1 2 1 4 44 10
1183.7 1 3 3 3 0 2 1 4 44 10
1185.24 1 3 2 2 0 3 1 4 44 10
1187.08 1 4 2 2 0 3 2 4 43 10
1188.25 1 5 2 2 1 3 2 3 43 10
1191.85 1 5 2 2 1 4 2 4 43 9
1191.94 1 4 2 2 0 4 2 5 43 9
1194.24 1 4 2 2 0 3 2 4 43 10
1194.42 1 4 2 2 0 2 2 3 43 11
1195 1 4 2 2 0 1 2 2 43 12
1195.43 1 4 2 2 0 2 2 3 43 11
1197.52 1 5 2 2 0 2 3 3 42 11
1198.37 1 5 2 2 0 1 3 2 42 12
1198.65 0 4 2 2 1 1 3 2 42 12
1199.56 0 4 2 2 1 2 3 3 42 11
1202.44 0 4 1 1 1 3 3 3 42 11
1202.91 0 5 1 1 2 3 3 2 42 11
1204.15 0 4 1 1 1 3 3 3 42 11
1204.66 0 4 1 1 0 2 4 3 42 11
1204.92 0 4 1 1 0 1 4 2 42 12
1205.9 0 3 1 1 0 1 3 2 43 12
1210.65 0 3 1 1 0 2 3 3 43 11
1213.46 0 3 1 1 0 3 3 4 43 10
1218.79 0 3 1 1 0 2 3 3 43 11
1218.96 0 3 1 1 0 3 3 4 43 10
1219.78 0 3 1 1 0 4 3 5 43 9
1220.26 0 3 1 1 0 3 3 4 43 10
1223.32 0 3 1 1 1 4 2 4 43 10
1224.12 0 2 1 1 0 4 2 5 43 10
1225.67 0 2 1 1 0 3 2 4 43 11
1230.97 0 2 1 1 0 4 2 5 43 10
1232.86 0 2 1 1 0 5 2 6 43 9
1234.37 0 2 1 1 0 6 2 7 43 8
1236.19 0 2 1 1 0 5 2 6 43 9
1245.05 0 2 1 1 0 4 2 5 43 10
1246 0 2 1 1 0 5 2 6 43 9
1248.27 0 2 1 1 0 6 2 7 43 8
1249.91 0 3 1 1 1 6 2 6 43 8
1251.07 0 3 1 1 1 5 2 5 43 9
1257.47 0 3 1 1 1 4 2 4 43 10
1259.24 0 3 1 1 1 5 2 5 43 9
1261.96 0 3 1 1 1 4 2 4 43 10
1262.07 0 3 2 2 1 3 2 4 43 10
1262.71 0 4 2 2 2 3 2 3 43 10
1263.31 0 3 2 2 1 3 2 4 43 10
1271.07 0 3 2 2 1 4 2 5 43 9
1275.91 0 3 2 2 1 3 2 4 43 10
1276.25 0 3 3 3 1 2 2 4 43 10
1278 0 2 3 3 1 2 1 4 44 10
1278.51 0 2 4 4 1 1 1 4 44 10
1280.55 1 3 4 4 0 1 1 4 44 10
1284.67 1 3 4 4 0 2 1 5 44 9
1286.74 1 3 4 4 1 3 0 5 44 9
1288.16 1 3 4 4 1 4 0 6 44 8
1292.18 1 3 4 4 1 3 0 5 44 9
1294.48 1 3 4 4 1 2 0 4 44 10
1297.31 2 4 4 4 0 2 0 4 44 10
1297.84 2 4 3 3 0 3 0 4 44 10
1303.78 2 4 4 4 0 2 0 4 44 10
1304.08 2 4 4 4 0 3 0 5 44 9
1304.47 2 4 4 4 0 4 0 6 44 8
1305.03 2 4 4 4 0 5 0 7 44 7
1306.44 2 4 4 4 0 4 0 6 44 8
1307.78 2 4 4 4 0 5 0 7 44 7
1308.13 2 4 4 4 0 4 0 6 44 8
1309.98 2 4 3 3 0 5 0 6 44 8
1310.4 2 4 3 3 0 4 0 5 44 9
1320.04 2 4 2 2 0 5 0 5 44 9
1324.02 2 4 2 2 0 4 0 4 44 10
1330.09 2 4 2 2 0 3 0 3 44 11
1342.87 2 4 2 2 0 2 0 2 44 12
1343.67 2 4 2 2 0 1 0 1 44 13
1343.94 2 4 2 2 0 2 0 2 44 12
1345.94 1 3 2 2 1 2 0 2 44 12
1352.36 1 3 3 3 1 1 0 2 44 12
1352.89 1 3 3 3 1 2 0 3 44 11
1355.93 1 4 3 3 2 2 0 2 44 11
1356.29 1 4 3 3 2 3 0 3 44 10
1360.15 1 3 3 3 1 3 0 4 44 10
1361.39 1 3 3 3 1 4 0 5 44 9
1362.32 1 3 3 3 1 5 0 6 44 8
1365.12 1 3 3 3 1 4 0 5 44 9
1366.52 1 3 3 3 0 3 1 5 44 9
1367.71 1 4 3 3 1 3 1 4 44 9
1368.49 1 5 3 3 2 3 1 3 44 9
1368.78 1 6 3 3 2 3 2 3 43 9
1373.4 2 7 3 3 1 3 2 3 43 9
1373.42 2 7 3 3 1 4 2 4 43 8
1375.87 2 7 3 3 1 3 2 3 43 9
1375.89 2 7 3 3 0 2 3 3 43 9
1376.07 2 7 3 3 0 3 3 4 43 8
1378.4 2 7 2 2 0 4 3 4 43 8
1379.99 1 6 2 2 1 4 3 4 43 8
1380.13 1 6 2 2 1 3 3 3 43 9
1381.7 1 6 2 2 1 2 3 2 43 10
1383.18 0 5 2 2 2 2 3 2 43 10
1384.93 0 6 2 2 2 2 4 2 42 10
1386.32 0 6 2 2 2 3 4 3 42 9
1386.55 0 6 2 2 1 2 5 3 42 9
1387.66 0 6 2 2 1 1 5 2 42 10
1388.28 0 5 2 2 1 1 4 2 43 10
1391.43 0 5 2 2 1 2 4 3 43 9
1399.78 0 4 2 2 1 2 3 3 44 9
1400.42 0 3 2 2 1 2 2 3 45 9
1401.24 0 3 2 2 1 3 2 4 45 8
1402.87 0 4 2 2 2 3 2 3 45 8
1404.06 0 5 2 2 3 3 2 2 45 8
1404.33 0 5 2 2 3 4 2 3 45 7
1404.59 0 6 2 2 3 4 3 3 44 7
1405.64 0 5 2 2 3 4 2 3 45 7
1407.75 0 5 2 2 3 5 2 4 45 6
1409.4 1 6 2 2 2 5 2 4 45 6
1410.07 1 6 3 3 2 4 2 4 45 6
1410.8 1 6 3 3 2 3 2 3 45 7
1411.12 1 6 2 2 2 4 2 3 45 7
1416 1 6 2 2 2 3 2 2 45 8
1417.14 1 5 2 2 2 3 1 2 46 8
1419.47 2 6 2 2 1 3 1 2 46 8
1420.8 1 5 2 2 2 3 1 2 46 8
1421.36 1 4 2 2 2 3 0 2 47 8
1421.7 1 3 2 2 1 3 0 3 47 8
1421.84 2 4 2 2 0 3 0 3 47 8
1431.1 2 4 2 2 0 4 0 4 47 7
1433.42 2 4 2 2 0 5 0 5 47 6
1434.51 2 4 2 2 0 6 0 6 47 5
1437.62 2 4 2 2 0 7 0 7 47 4
1437.84 2 4 2 2 0 6 0 6 47 5
1438.77 2 4 2 2 0 5 0 5 47 6
1441.49 2 4 2 2 0 4 0 4 47 7
1453.6 1 3 2 2 1 4 0 4 47 7
1455.93 1 3 1 1 1 5 0 4 47 7
1456.82 1 3 1 1 1 6 0 5 47 6
1458.72 0 2 1 1 2 6 0 5 47 6
1459.94 0 2 1 1 2 7 0 6 47 5
1462.85 0 2 1 1 2 6 0 5 47 6
1465.57 0 2 1 1 1 5 1 5 47 6
1466.79 0 2 1 1 1 4 1 4 47 7
1468.78 0 3 1 1 1 4 2 4 46 7
1468.81 0 3 1 1 1 5 2 5 46 6
1470.11 1 4 1 1 0 5 2 5 46 6
1470.65 1 5 1 1 0 5 3 5 45 6
1471.98 1 5 2 2 0 4 3 5 45 6
1474.99 1 5 1 1 0 5 3 5 45 6
1478.5 1 5 1 1 0 4 3 4 45 7
1480.95 1 4 1 1 0 4 2 4 46 7
1482.14 1 5 1 1 1 4 2 3 46 7
1485.36 1 4 1 1 1 4 1 3 47 7
1486.48 1 4 2 2 1 3 1 3 47 7
1489.42 1 4 1 1 1 4 1 3 47 7
1491.05 1 4 1 1 1 3 1 2 47 8
1493.57 1 4 1 1 1 4 1 3 47 7
1495.39 1 4 1 1 1 5 1 4 47 6
1495.59 1 4 1 1 1 6 1 5 47 5
1496.48 1 4 1 1 1 7 1 6 47 4
1496.76 1 3 1 1 1 7 0 6 48 4
1497.91 1 3 1 1 1 6 0 5 48 5
1498.26 1 3 1 1 1 7 0 6 48 4
1500.5 1 3 1 1 0 6 1 6 48 4
1505.51 1 3 1 1 0 5 1 5 48 5
1506.92 1 3 1 1 0 4 1 4 48 6
1508.56 1 3 1 1 0 3 1 3 48 7
1516.38 1 3 1 1 0 4 1 4 48 6
1518.52 1 4 1 1 1 4 1 3 48 6
1520.88 1 4 1 1 1 5 1 4 48 5
1521.13 1 4 1 1 1 6 1 5 48 4
1523.49 1 4 1 1 1 5 1 4 48 5
1524.38 1 5 1 1 1 5 2 4 47 5
1526.69 1 5 1 1 1 4 2 3 47 6
1527.42 1 5 1 1 1 5 2 4 47 5
1528.86 1 5 1 1 1 4 2 3 47 6
1535.59 1 5 1 1 1 5 2 4 47 5
1539.12 1 5 1 1 1 6 2 5 47 4
1539.18 1 5 1 1 1 5 2 4 47 5
1539.29 0 4 1 1 2 5 2 4 47 5
1539.64 0 4 1 1 2 4 2 3 47 6
1541.4 0 4 1 1 2 3 2 2 47 7
1542.33 1 5 1 1 1 3 2 2 47 7
1546.41 1 4 1 1 1 3 1 2 48 7
1550.01 1 4 1 1 2 4 0 2 48 7
1550.05 1 4 1 1 1 3 1 2 48 7
1551.95 1 3 1 1 0 3 1 3 48 7
1554.34 1 3 1 1 0 2 1 2 48 8
1568.88 1 3 1 1 0 3 1 3 48 7
1569.77 1 3 1 1 0 4 1 4 48 6
1570.7 1 3 1 1 0 3 1 3 48 7
1574.93 1 3 1 1 0 4 1 4 48 6
1579.27 1 3 1 1 0 3 1 3 48 7
1580.68 1 3 1 1 0 2 1 2 48 8
1581.2 1 3 1 1 0 3 1 3 48 7
1586.31 1 3 1 1 0 4 1 4 48 6
1592.51 1 4 1 1 1 4 1 3 48 6
1598.21 1 4 1 1 1 5 1 4 48 5
1601.32 1 4 1 1 1 4 1 3 48 6
1601.35 2 5 1 1 0 4 1 3 48 6
1601.57 2 5 1 1 0 5 1 4 48 5
1602.25 2 5 1 1 0 4 1 3 48 6
1606.18 2 4 1 1 0 4 0 3 49 6
1607.53 2 4 1 1 0 3 0 2 49 7
1617.71 2 4 2 2 0 2 0 2 49 7
1633.22 2 4 2 2 0 3 0 3 49 6
1634.43 2 4 2 2 0 2 0 2 49 7
1636.52 2 4 2 2 0 3 0 3 49 6
1637.32 2 4 1 1 0 4 0 3 49 6
1644.3 2 5 1 1 1 4 0 2 49 6
1644.7 2 4 1 1 0 4 0 3 49 6
1647.84 2 4 1 1 0 5 0 4 49 5
1656.75 2 4 1 1 0 4 0 3 49 6
1657.47 2 4 1 1 0 3 0 2 49 7
1658.31 2 4 1 1 0 4 0 3 49 6
1658.92 2 5 1 1 1 4 0 2 49 6
1659.68 3 6 1 1 0 4 0 2 49 6
1664.59 3 6 1 1 0 5 0 3 49 5
1665.06 3 6 1 1 0 6 0 4 49 4
1667.87 3 6 1 1 0 7 0 5 49 3
1670.16 3 6 1 1 0 6 0 4 49 4
1670.92 3 6 1 1 0 7 0 5 49 3
1671.83 3 6 1 1 0 6 0 4 49 4
1672.07 3 6 1 1 0 5 0 3 49 5
1673.66 2 5 1 1 1 5 0 3 49 5
1680.68 2 5 1 1 1 4 0 2 49 6
1683.51 2 5 1 1 1 3 0 1 49 7
1686.61 2 4 1 1 0 3 0 2 49 7
1686.95 1 3 1 1 1 3 0 2 49 7
1688.36 1 3 1 1 1 4 0 3 49 6
1688.47 2 4 1 1 0 4 0 3 49 6
1691.07 2 5 1 1 1 4 0 2 49 6
1698.25 2 5 2 2 1 3 0 2 49 6
1699.19 2 5 2 2 1 4 0 3 49 5
1701.03 2 5 2 2 1 5 0 4 49 4
1701.48 2 5 3 3 1 4 0 4 49 4
1704.31 2 5 3 3 1 3 0 3 49 5
1705.11 2 5 3 3 1 4 0 4 49 4
1705.64 2 5 3 3 1 3 0 3 49 5
1709.04 2 5 2 2 1 4 0 3 49 5
1710.21 2 5 2 2 0 3 1 3 49 5
1711.25 2 5 2 2 0 4 1 4 49 4
1712.05 1 4 2 2 1 4 1 4 49 4
1714.41 2 5 2 2 0 4 1 4 49 4
1717.85 1 4 2 2 1 4 1 4 49 4
1720.29 1 3 2 2 1 4 0 4 50 4
1721.93 1 4 2 2 2 4 0 3 50 4
1722.09 2 5 2 2 1 4 0 3 50 4
1724.18 3 6 2 2 0 4 0 3 50 4
1725.9 3 6 2 2 0 5 0 4 50 3
1726.93 3 6 1 1 0 6 0 4 50 3
1727.85 3 7 1 1 1 6 0 3 50 3
1728.22 3 7 1 1 0 5 1 3 50 3
1728.83 3 7 1 1 0 4 1 2 50 4
1728.87 2 6 1 1 1 4 1 2 50 4
1729.1 2 6 1 1 1 3 1 1 50 5
1732.43 2 6 1 1 1 2 1 0 50 6
1734.1 1 5 1 1 2 2 1 0 50 6
1735.28 1 5 1 1 2 3 1 1 50 5
1736.39 1 5 1 1 2 4 1 2 50 4
1736.4 0 4 1 1 3 4 1 2 50 4
1740.81 0 4 1 1 3 3 1 1 50 5
1741.3 0 4 1 1 2 2 2 1 50 5
1747.29 0 3 1 1 2 2 1 1 51 5
1748.48 0 4 1 1 2 2 2 1 50 5
1754.14 0 3 1 1 1 2 2 2 50 5
1783.66 0 3 1 1 1 3 2 3 50 4
1788.02 0 3 1 1 1 4 2 4 50 3
1792.43 0 3 1 1 0 3 3 4 50 3
1795.3 0 2 1 1 0 3 2 4 51 3
1809.4 0 2 1 1 0 2 2 3 51 4
1810.59 0 2 1 1 0 1 2 2 51 5
1810.87 0 2 1 1 1 2 1 2 51 5
1815.55 0 3 1 1 2 2 1 1 51 5
1819.98 0 3 1 1 1 1 2 1 51 5
1822.61 0 2 1 1 0 1 2 2 51 5
1839.41 0 2 1 1 0 2 2 3 51 4
1840.18 0 2 1 1 0 3 2 4 51 3
1841.02 0 2 0 0 0 4 2 4 51 3
1847.51 0 2 1 1 0 3 2 4 51 3
1848.99 0 2 1 1 0 2 2 3 51 4
1849.42 0 3 1 1 1 2 2 2 51 4
1856.97 0 2 1 1 1 2 1 2 52 4
1860.21 0 2 1 1 1 1 1 1 52 5
1869.47 0 2 1 1 1 2 1 2 52 4
1872.49 0 2 1 1 1 1 1 1 52 5
1879.67 1 3 1 1 0 1 1 1 52 5
1883.17 1 2 1 1 0 1 0 1 53 5
1885.99 1 2 1 1 0 2 0 2 53 4
1886.79 0 1 1 1 1 2 0 2 53 4
1887.03 0 1 2 2 1 1 0 2 53 4
1893.46 0 1 1 1 1 2 0 2 53 4
1902.92 0 1 1 1 1 1 0 1 53 5
1903.58 0 1 1 1 1 2 0 2 53 4
1912.59 0 1 1 1 0 1 1 2 53 4
1917.34 0 1 1 1 0 2 1 3 53 3
1922.91 0 1 2 2 0 1 1 3 53 3
1926.44 0 2 2 2 0 1 2 3 52 3
1928.95 0 2 1 1 0 2 2 3 52 3
1929.41 0 2 1 1 0 3 2 4 52 2
1942.95 0 2 1 1 0 2 2 3 52 3
1956.87 0 2 1 1 0 1 2 2 52 4
1958.47 0 3 1 1 1 1 2 1 52 4
1961.26 1 4 1 1 0 1 2 1 52 4
1964.17 1 3 1 1 0 1 1 1 53 4
1969.01 1 4 1 1 0 1 2 1 52 4
1969.46 1 4 1 1 0 2 2 2 52 3
1972.25 0 3 1 1 1 2 2 2 52 3
1972.26 0 3 1 1 1 1 2 1 52 4
1984.48 0 2 1 1 1 1 1 1 53 4
1988.72 0 3 1 1 2 1 1 0 53 4
2001.32 0 3 1 1 2 2 1 1 53 3
2012.21 0 3 2 2 2 1 1 1 53 3
2015.56 0 4 2 2 2 1 2 1 52 3
2016.6 0 3 2 2 1 1 2 2 52 3
2019.25 0 4 2 2 2 1 2 1 52 3
2019.87 1 5 2 2 1 1 2 1 52 3
2027.34 1 4 2 2 0 1 2 2 52 3
2033.35 1 5 2 2 0 1 3 2 51 3
2041.73 1 6 2 2 1 1 3 1 51 3
2046.93 1 5 2 2 1 1 2 1 52 3
2050.68 0 4 2 2 2 1 2 1 52 3
2054.11 0 4 2 2 2 2 2 2 52 2
2059.75 0 3 2 2 1 2 2 3 52 2
2064.06 0 2 2 2 1 2 1 3 53 2
2066.51 0 3 2 2 2 2 1 2 53 2
2066.98 1 4 2 2 1 2 1 2 53 2
2068.15 1 4 2 2 1 3 1 3 53 1
2071.95 1 4 2 2 0 2 2 3 53 1
2073.54 0 3 2 2 1 2 2 3 53 1
2075.59 0 2 2 2 1 2 1 3 54 1
2076.35 0 2 2 2 1 1 1 2 54 2
2077.26 0 2 2 2 1 2 1 3 54 1
2090.63 0 2 1 1 1 3 1 3 54 1
2092.44 0 1 1 1 1 3 0 3 55 1
2092.74 0 2 1 1 2 3 0 2 55 1
2094.16 0 1 1 1 1 3 0 3 55 1
2094.77 0 1 1 1 0 2 1 3 55 1
2107.9 0 1 0 0 0 3 1 3 55 1
2112.29 0 1 1 1 0 2 1 3 55 1
2120.81 0 0 1 1 0 2 0 3 56 1
2129.89 0 0 1 1 0 1 0 2 56 2
2133.29 0 0 0 0 0 2 0 2 56 2
2150.52 0 0 0 0 0 1 0 1 56 3
2166.54 0 0 0 0 0 2 0 2 56 2
2187.31 0 0 0 0 0 3 0 3 56 1
2205.8 0 0 0 0 0 4 0 4 56 0
2211.6 0 1 0 0 1 4 0 3 56 0
2211.97 0 1 0 0 1 3 0 2 56 1
2232.58 0 1 1 1 1 2 0 2 56 1
2237.35 0 1 1 1 1 3 0 3 56 0
2242.16 0 1 1 1 1 2 0 2 56 1
2251.71 0 1 1 1 1 1 0 1 56 2
2261.57 1 2 1 1 0 1 0 1 56 2
2273.39 1 2 1 1 0 2 0 2 56 1
2274.25 1 3 1 1 0 2 1 2 55 1
2274.92 1 2 1 1 0 2 0 2 56 1
2276.45 1 3 1 1 0 2 1 2 55 1
2285.12 1 3 1 1 0 3 1 3 55 0
2287.19 1 3 1 1 0 2 1 2 55 1
2288.53 1 4 1 1 0 2 2 2 54 1
2293.18 1 5 1 1 1 2 2 1 54 1
2294.4 2 6 1 1 0 2 2 1 54 1
2295.27 2 5 1 1 0 2 1 1 55 1
2310.18 2 6 1 1 0 2 2 1 54 1
2315.66 2 5 1 1 0 2 1 1 55 1
2316.78 2 5 1 1 0 1 1 0 55 2
2318.07 1 4 1 1 1 1 1 0 55 2
2318.51 0 3 1 1 2 1 1 0 55 2
2322.67 0 2 1 1 1 1 1 1 55 2
2322.84 1 3 1 1 0 1 1 1 55 2
2323.6 1 3 1 1 0 2 1 2 55 1
2326.93 1 4 1 1 0 2 2 2 54 1
2330.29 1 5 1 1 1 2 2 1 54 1
2331.51 1 5 1 1 0 1 3 1 54 1
2335.53 1 4 1 1 0 1 2 1 55 1
2335.79 1 5 1 1 0 1 3 1 54 1
2339.64 1 4 1 1 0 1 2 1 55 1
2343.94 1 4 0 0 0 2 2 1 55 1
2350.38 1 4 0 0 0 1 2 0 55 2
2370.24 1 3 0 0 0 1 1 0 56 2
2390.76 1 3 0 0 0 2 1 1 56 1
2403.48 1 3 0 0 0 3 1 2 56 0
2404.01 1 2 0 0 0 3 0 2 57 0
2426.33 1 2 0 0 0 2 0 1 57 1
2436.64 0 1 0 0 1 2 0 1 57 1
2438.7 1 2 0 0 0 2 0 1 57 1
2439.58 1 2 1 1 0 1 0 1 57 1
2474.66 1 2 2 2 0 0 0 1 57 1
2489.63 1 3 2 2 1 0 0 0 57 1
2493.52 2 4 2 2 0 0 0 0 57 1
2502.45 2 4 1 1 0 1 0 0 57 1
2509.08 2 5 1 1 0 1 1 0 56 1
2517.12 2 5 1 1 0 2 1 1 56 0
2517.18 2 4 1 1 0 2 0 1 57 0
2521.82 1 3 1 1 1 2 0 1 57 0
2533.63 1 3 2 2 1 1 0 1 57 0
2534.39 1 3 2 2 0 0 1 1 57 0
2539.02 1 4 2 2 0 0 2 1 56 0
2542.83 1 3 2 2 0 0 1 1 57 0
2556.68 1 4 2 2 1 0 1 0 57 0
2558.75 0 3 2 2 2 0 1 0 57 0
2567.12 1 4 2 2 1 0 1 0 57 0
2572.55 1 4 1 1 1 1 1 0 57 0
2588.74 2 5 1 1 0 1 1 0 57 0
2601.87 2 4 1 1 0 1 0 0 58 0
2611.81 1 3 1 1 1 1 0 0 58 0
2623.73 1 4 1 1 1 1 1 0 57 0
2633.13 1 3 1 1 0 1 1 1 57 0
2634.31 1 3 0 0 0 2 1 1 57 0
2649.86 1 3 0 0 0 1 1 0 57 1
2664.28 1 2 0 0 0 1 0 0 58 1
2700.41 0 1 0 0 1 1 0 0 58 1
2703.55 0 2 0 0 1 1 1 0 57 1
2756.96 1 3 0 0 0 1 1 0 57 1
2766.54 0 2 0 0 1 1 1 0 57 1
2778.28 0 1 0 0 1 1 0 0 58 1
2796.7 0 2 0 0 1 1 1 0 57 1
2798.89 0 3 0 0 1 1 2 0 56 1
2799.2 0 3 0 0 1 2 2 1 56 0
2804.81 0 2 0 0 1 2 1 1 57 0
2808.74 0 3 0 0 1 2 2 1 56 0
2812.07 0 4 0 0 1 2 3 1 55 0
2813.78 0 4 0 0 2 3 2 1 55 0
2816.4 0 4 0 0 2 2 2 0 55 1
2827.68 1 5 0 0 1 2 2 0 55 1
2842.65 1 4 0 0 1 2 1 0 56 1
2858.34 0 3 0 0 2 2 1 0 56 1
2861.86 0 4 0 0 2 2 2 0 55 1
2862.22 0 3 0 0 1 2 2 1 55 1
2870.78 0 2 0 0 0 2 2 2 55 1
2872.6 0 2 1 1 0 1 2 2 55 1
2878.33 0 2 0 0 0 2 2 2 55 1
2892.2 0 2 0 0 0 1 2 1 55 2
2894.91 0 1 0 0 0 1 1 1 56 2
2913.44 0 1 0 0 0 0 1 0 56 3
2935.24 0 1 0 0 0 1 1 1 56 2
2935.78 0 1 0 0 0 2 1 2 56 1
2938.27 0 2 0 0 0 2 2 2 55 1
2941.6 0 2 0 0 0 1 2 1 55 2
2955.33 0 3 0 0 1 1 2 0 55 2
2955.66 0 2 0 0 1 1 1 0 56 2
2978.86 0 2 0 0 0 0 2 0 56 2
2988.97 0 3 0 0 0 0 3 0 55 2
2989.87 0 2 0 0 0 0 2 0 56 2
2989.87 0 2 0 0 0 0 2 0 56 2
