0 60 120 60 60 0 0 0 0 0 0
0.0410249 59 119 60 60 1 0 0 0 0 0
0.0575851 58 118 60 60 2 0 0 0 0 0
0.0580961 57 117 60 60 3 0 0 0 0 0
0.0608709 57 117 59 59 3 1 0 0 0 0
0.0714839 56 116 59 59 4 1 0 0 0 0
0.104717 56 116 58 58 4 2 0 0 0 0
0.105019 55 115 58 58 5 2 0 0 0 0
0.116535 54 114 58 58 6 2 0 0 0 0
0.122627 53 113 58 58 7 2 0 0 0 0
0.135128 52 112 58 58 8 2 0 0 0 0
0.135796 52 112 57 57 8 3 0 0 0 0
0.152787 52 112 56 56 8 4 0 0 0 0
0.172185 51 111 56 56 9 4 0 0 0 0
0.188201 51 111 55 55 9 5 0 0 0 0
0.195711 50 110 55 55 10 5 0 0 0 0
0.198422 50 110 54 54 10 6 0 0 0 0
0.201902 49 109 54 54 11 6 0 0 0 0
0.233448 49 109 53 53 11 7 0 0 0 0
0.258938 49 108 53 53 10 7 0 1 0 0
0.272679 49 108 52 52 10 8 0 1 0 0
0.30497 48 107 52 52 11 8 0 1 0 0
0.314265 47 106 52 52 12 8 0 1 0 0
0.405306 47 105 52 52 11 8 0 2 0 0
0.418193 47 105 51 51 11 9 0 2 0 0
0.437467 47 105 50 50 11 10 0 2 0 0
0.465247 46 104 50 50 12 10 0 2 0 0
0.477039 45 103 50 50 13 10 0 2 0 0
0.479312 45 103 49 49 13 11 0 2 0 0
0.480693 44 102 49 49 14 11 0 2 0 0
0.490524 43 101 49 49 15 11 0 2 0 0
0.505517 42 100 49 49 16 11 0 2 0 0
0.538855 41 99 49 49 17 11 0 2 0 0
0.551353 40 98 49 49 18 11 0 2 0 0
0.552494 40 98 48 48 18 12 0 2 0 0
0.582816 39 97 48 48 19 12 0 2 0 0
0.605378 38 96 48 48 20 12 0 2 0 0
0.609022 38 95 48 48 19 12 0 3 0 0
0.625997 38 94 48 48 18 12 0 4 0 0
0.630586 38 93 48 48 17 12 0 5 0 0
0.645089 37 92 48 48 18 12 0 5 0 0
0.652982 37 92 47 47 18 13 0 5 0 0
0.674537 36 91 47 47 19 13 0 5 0 0
0.719689 35 90 47 47 20 13 0 5 0 0
0.722653 34 89 47 47 21 13 0 5 0 0
0.741574 33 88 47 47 22 13 0 5 0 0
0.754229 33 87 47 47 21 13 0 6 0 0
0.759102 33 87 46 46 21 14 0 6 0 0
0.759946 32 86 46 46 22 14 0 6 0 0
0.762104 32 85 46 46 21 14 0 7 0 0
0.76421 31 84 46 46 22 14 0 7 0 0
0.794336 30 83 46 46 23 14 0 7 0 0
0.815697 29 82 46 46 24 14 0 7 0 0
0.816163 29 81 46 46 23 14 0 8 0 0
0.819642 29 80 46 46 22 14 0 9 0 0
0.832484 28 79 46 46 23 14 0 9 0 0
0.836799 27 78 46 46 24 14 0 9 0 0
0.838594 26 77 46 46 25 14 0 9 0 0
0.863067 25 76 46 46 26 14 0 9 0 0
0.888733 24 75 46 46 27 14 0 9 0 0
0.980752 24 75 46 46 26 13 1 9 0 0
0.992834 24 75 45 45 26 14 1 9 0 0
1.0109 24 75 44 44 26 15 1 9 0 0
1.04984 24 75 43 43 26 16 1 9 0 0
1.06118 23 74 43 43 27 16 1 9 0 0
1.08911 23 74 42 42 27 17 1 9 0 0
1.13488 23 74 41 41 27 18 1 9 0 0
1.14402 23 74 40 40 27 19 1 9 0 0
1.15788 23 73 40 40 27 19 0 9 1 0
1.19454 23 73 39 39 27 20 0 9 1 0
1.21644 23 72 39 39 26 20 0 10 1 0
1.22536 22 71 39 39 27 20 0 10 1 0
1.22645 22 71 39 39 26 19 1 10 1 0
1.25271 21 70 39 39 27 19 1 10 1 0
1.26455 21 69 39 39 26 19 1 11 1 0
1.2846 21 69 39 39 25 18 2 11 1 0
1.31304 20 68 39 39 26 18 2 11 1 0
1.35937 20 67 39 39 25 18 2 12 1 0
1.38421 20 67 38 38 25 19 2 12 1 0
1.4301 20 68 38 38 26 19 2 11 1 0
1.45291 20 68 37 37 26 20 2 11 1 0
1.47091 20 68 37 37 25 19 3 11 1 0
1.47111 19 67 37 37 26 19 3 11 1 0
1.55587 19 67 37 37 25 18 4 11 1 0
1.56081 19 67 36 36 25 19 4 11 1 0
1.56235 18 66 36 36 26 19 4 11 1 0
1.66971 18 65 36 36 25 19 4 12 1 0
1.69167 18 65 36 36 25 18 4 11 1 1
1.73015 18 64 36 36 24 18 4 12 1 1
1.76937 18 63 36 36 23 18 4 13 1 1
1.79214 18 62 36 36 22 18 4 14 1 1
1.81185 18 61 36 36 21 18 4 15 1 1
1.82072 18 60 36 36 20 18 4 16 1 1
1.83832 17 59 36 36 21 18 4 16 1 1
1.9467 17 58 36 36 20 18 4 17 1 1
2.01035 17 58 35 35 20 19 4 17 1 1
2.05904 17 57 35 35 20 19 3 17 2 1
2.22889 16 56 35 35 21 19 3 17 2 1
2.23537 15 55 35 35 22 19 3 17 2 1
2.24452 15 54 35 35 21 19 3 18 2 1
2.28511 15 53 35 35 20 19 3 19 2 1
2.2891 15 53 34 34 20 20 3 19 2 1
2.32638 15 53 33 33 20 21 3 19 2 1
2.3688 15 52 33 33 20 21 2 19 3 1
2.4371 15 52 33 33 19 20 3 19 3 1
2.46383 15 51 33 33 19 20 2 19 4 1
2.51277 14 50 33 33 20 20 2 19 4 1
2.54681 13 49 33 33 21 20 2 19 4 1
2.56094 14 50 33 33 20 20 2 19 4 1
2.6299 14 49 33 33 19 20 2 20 4 1
2.64222 14 49 32 32 19 21 2 20 4 1
2.71071 14 49 32 32 19 20 2 19 4 2
2.71296 13 48 32 32 20 20 2 19 4 2
2.78462 13 47 32 32 19 20 2 20 4 2
2.84505 13 47 32 32 19 19 2 19 4 3
2.88054 13 47 32 32 18 18 3 19 4 3
2.89967 13 47 31 31 18 19 3 19 4 3
2.90607 14 48 31 31 17 19 3 19 4 3
2.92322 13 47 31 31 18 19 3 19 4 3
2.94583 13 46 31 31 17 19 3 20 4 3
2.95987 12 45 31 31 18 19 3 20 4 3
2.99633 12 46 31 31 19 19 3 19 4 3
3.10674 12 45 31 31 18 19 3 20 4 3
3.27703 12 44 31 31 17 19 3 21 4 3
3.28585 12 44 30 30 17 20 3 21 4 3
3.31802 12 44 30 30 16 19 4 21 4 3
3.35118 12 43 30 30 15 19 4 22 4 3
3.38368 12 43 29 29 15 20 4 22 4 3
3.3918 12 42 29 29 14 20 4 23 4 3
3.46978 11 41 29 29 15 20 4 23 4 3
3.49502 11 40 29 29 14 20 4 24 4 3
3.52002 11 40 28 28 14 21 4 24 4 3
3.52303 11 40 28 28 13 20 5 24 4 3
3.60182 11 39 28 28 13 20 4 24 5 3
3.6261 11 39 28 28 13 19 4 23 5 4
3.67138 11 39 27 27 13 20 4 23 5 4
3.67877 11 39 27 27 13 19 4 22 5 5
3.73647 11 39 27 27 13 18 4 21 5 6
3.75617 11 39 26 26 13 19 4 21 5 6
3.77525 11 39 26 26 12 18 5 21 5 6
3.8094 11 39 25 25 12 19 5 21 5 6
3.96167 10 38 25 25 13 19 5 21 5 6
3.97014 10 37 25 25 13 19 4 21 6 6
4.01588 10 36 25 25 12 19 4 22 6 6
4.1043 10 35 25 25 11 19 4 23 6 6
4.12025 10 35 25 25 11 18 4 22 6 7
4.20054 10 35 24 24 11 19 4 22 6 7
4.38406 10 35 23 23 11 20 4 22 6 7
4.39522 10 35 22 22 11 21 4 22 6 7
4.40694 10 35 22 22 10 20 5 22 6 7
4.58545 10 35 21 21 10 21 5 22 6 7
4.59874 10 35 21 21 10 20 5 21 6 8
4.74321 9 34 21 21 11 20 5 21 6 8
4.75148 9 34 21 21 11 19 5 20 6 9
4.79562 9 33 21 21 10 19 5 21 6 9
4.87238 8 32 21 21 11 19 5 21 6 9
4.88854 8 32 21 21 10 18 6 21 6 9
5.04385 8 31 21 21 9 18 6 22 6 9
5.04421 8 30 21 21 8 18 6 23 6 9
5.12262 8 30 20 20 8 19 6 23 6 9
5.23125 8 30 19 19 8 20 6 23 6 9
5.45487 8 29 19 19 7 20 6 24 6 9
5.50748 7 28 19 19 8 20 6 24 6 9
5.52864 7 28 19 19 7 19 7 24 6 9
5.60854 7 27 19 19 6 19 7 25 6 9
5.62355 7 26 19 19 6 19 6 25 7 9
5.63563 7 26 19 19 6 18 6 24 7 10
5.72033 7 26 19 19 6 19 6 25 7 9
5.73667 7 26 18 18 6 20 6 25 7 9
5.75385 7 26 18 18 5 19 7 25 7 9
5.76439 7 26 17 17 5 20 7 25 7 9
5.83606 7 26 17 17 5 19 7 24 7 10
5.88518 7 25 17 17 4 19 7 25 7 10
5.98592 7 25 17 17 4 18 7 24 7 11
6.15869 7 25 17 17 4 17 7 23 7 12
6.1786 7 24 17 17 4 17 6 23 8 12
6.19153 7 24 17 17 4 16 6 22 8 13
6.19232 7 24 17 17 3 15 7 22 8 13
6.69496 7 24 17 17 3 14 7 21 8 14
6.72371 7 24 16 16 3 15 7 21 8 14
6.84419 7 24 16 16 3 14 7 20 8 15
6.86215 7 24 15 15 3 15 7 20 8 15
7.01863 7 24 14 14 3 16 7 20 8 15
7.19725 6 23 14 14 4 16 7 20 8 15
7.27153 5 22 14 14 5 16 7 20 8 15
7.36027 5 21 14 14 5 16 6 20 9 15
7.54317 5 21 14 14 5 17 6 21 9 14
7.78471 5 21 14 14 5 16 6 20 9 15
7.86152 5 20 14 14 4 16 6 21 9 15
7.96974 5 20 14 14 4 15 6 20 9 16
8.1664 5 20 13 13 4 16 6 20 9 16
8.3996 5 20 12 12 4 17 6 20 9 16
8.64604 5 20 11 11 4 18 6 20 9 16
8.72805 5 20 10 10 4 19 6 20 9 16
8.73315 5 19 10 10 4 19 5 20 10 16
8.80828 5 18 10 10 4 19 4 20 11 16
8.80846 5 18 10 10 4 18 4 19 11 17
8.89295 5 18 10 10 3 17 5 19 11 17
8.94211 5 18 10 10 3 16 5 18 11 18
9.09503 5 17 10 10 3 16 4 18 12 18
9.10783 5 18 10 10 4 16 4 17 12 18
9.15348 5 18 9 9 4 17 4 17 12 18
9.16978 5 19 9 9 5 17 4 16 12 18
9.66615 5 18 9 9 4 17 4 17 12 18
9.80847 5 18 9 9 4 16 4 16 12 19
10.0825 5 18 9 9 4 15 4 15 12 20
10.1237 5 17 9 9 3 15 4 16 12 20
10.1526 4 16 9 9 4 15 4 16 12 20
10.2455 4 15 9 9 3 15 4 17 12 20
10.5918 4 15 9 9 3 14 4 16 12 21
10.6414 4 15 9 9 3 13 4 15 12 22
10.6531 4 15 9 9 3 12 4 14 12 23
10.9721 4 15 9 9 3 11 4 13 12 24
11.5926 3 14 9 9 4 11 4 13 12 24
11.8396 3 14 9 9 4 10 4 12 12 25
12.133 3 13 9 9 4 10 3 12 13 25
12.3598 3 13 8 8 4 11 3 12 13 25
12.5502 3 12 8 8 4 11 2 12 14 25
13.3622 3 12 8 8 4 10 2 11 14 26
13.4083 3 12 8 8 4 9 2 10 14 27
14.1887 3 12 7 7 4 10 2 10 14 27
14.6836 3 12 7 7 4 11 2 11 14 26
14.8825 3 12 6 6 4 12 2 11 14 26
14.9044 3 12 6 6 3 11 3 11 14 26
15.1064 3 12 5 5 3 12 3 11 14 26
15.1818 3 11 5 5 2 12 3 12 14 26
15.1993 3 11 5 5 2 11 3 11 14 27
15.8818 3 10 5 5 2 11 2 11 15 27
16.3755 3 9 5 5 2 11 1 11 16 27
16.9343 3 9 5 5 2 10 1 10 16 28
17.0279 3 9 5 5 2 9 1 9 16 29
18.4899 3 8 5 5 1 9 1 10 16 29
18.6158 3 8 5 5 1 8 1 9 16 30
18.839 3 8 5 5 1 9 1 10 16 29
19.7493 3 8 5 5 1 8 1 9 16 30
20.2828 3 7 5 5 0 8 1 10 16 30
20.5278 3 7 6 6 0 7 1 10 16 30
21.4186 3 7 5 5 0 8 1 10 16 30
21.5559 3 7 4 4 0 9 1 10 16 30
22.0703 3 7 4 4 0 8 1 9 16 31
22.8438 3 7 4 4 0 7 1 8 16 32
23.0511 3 7 4 4 0 6 1 7 16 33
26.2809 3 7 4 4 0 7 1 8 16 32
26.7639 3 7 4 4 0 6 1 7 16 33
27.9562 3 7 4 4 0 7 1 8 16 32
30.0896 2 6 4 4 1 7 1 8 16 32
30.641 2 6 3 3 1 8 1 8 16 32
31.373 2 6 3 3 1 7 1 7 16 33
31.6301 1 5 3 3 2 7 1 7 16 33
33.0891 1 5 3 3 2 8 1 8 16 32
33.4164 2 6 3 3 1 8 1 8 16 32
34.4593 2 6 3 3 1 7 1 7 16 33
35.5709 2 6 3 3 1 6 1 6 16 34
36.085 1 5 3 3 2 6 1 6 16 34
36.4164 0 4 3 3 3 6 1 6 16 34
37.1073 0 4 2 2 3 7 1 6 16 34
38.2084 0 3 2 2 2 7 1 7 16 34
39.2434 0 3 2 2 2 6 1 6 16 35
41.0125 0 3 2 2 2 7 1 7 16 34
41.4197 0 3 2 2 2 6 1 6 16 35
41.8222 0 3 2 2 2 7 1 7 16 34
42.4833 0 2 2 2 1 7 1 8 16 34
42.6693 0 2 2 2 1 8 1 9 16 33
43.3709 0 2 3 3 1 7 1 9 16 33
43.4596 0 3 3 3 1 7 2 9 15 33
44.0708 1 4 3 3 0 7 2 9 15 33
45.6479 1 4 3 3 0 8 2 10 15 32
45.7698 1 4 3 3 0 7 2 9 15 33
47.0886 1 4 3 3 0 6 2 8 15 34
47.7909 1 4 3 3 0 7 2 9 15 33
48.5134 1 4 3 3 0 8 2 10 15 32
48.5931 1 5 3 3 1 8 2 9 15 32
50.1524 1 5 3 3 1 7 2 8 15 33
50.1822 1 5 3 3 1 6 2 7 15 34
53.2362 1 6 3 3 2 6 2 6 15 34
53.5701 1 6 3 3 2 7 2 7 15 33
54.5497 1 6 3 3 1 6 3 7 15 33
54.7137 1 6 2 2 1 7 3 7 15 33
54.746 1 6 2 2 1 6 3 6 15 34
55.1679 1 6 2 2 1 7 3 7 15 33
55.3442 1 6 2 2 0 6 4 7 15 33
56.1752 1 6 2 2 0 7 4 8 15 32
56.3652 1 6 2 2 0 6 4 7 15 33
57.2908 1 6 2 2 0 7 4 8 15 32
57.6409 1 6 2 2 0 8 4 9 15 31
57.7383 1 5 2 2 0 8 3 9 16 31
57.995 1 5 2 2 0 9 3 10 16 30
58.2043 1 5 2 2 0 10 3 11 16 29
58.2228 1 6 2 2 1 10 3 10 16 29
59.6262 0 5 2 2 2 10 3 10 16 29
60.3582 0 6 2 2 3 10 3 9 16 29
60.5726 0 6 2 2 3 9 3 8 16 30
60.645 0 6 2 2 3 8 3 7 16 31
60.9522 0 6 2 2 3 9 3 8 16 30
61.1434 0 5 2 2 2 9 3 9 16 30
61.3676 0 5 2 2 2 8 3 8 16 31
62.1472 0 4 2 2 2 8 2 8 17 31
62.6912 0 3 2 2 2 8 1 8 18 31
63.549 0 3 2 2 2 9 1 9 18 30
65.0545 0 3 2 2 2 10 1 10 18 29
65.3288 0 3 2 2 2 11 1 11 18 28
67.0853 0 3 2 2 2 10 1 10 18 29
67.2534 0 3 2 2 2 11 1 11 18 28
68.1806 0 4 2 2 3 11 1 10 18 28
68.5767 0 4 2 2 3 10 1 9 18 29
68.7637 0 4 2 2 3 11 1 10 18 28
70.3433 0 4 2 2 3 10 1 9 18 29
71.0108 0 4 2 2 3 11 1 10 18 28
71.0527 0 4 2 2 3 12 1 11 18 27
71.1655 0 4 2 2 3 11 1 10 18 28
71.9765 0 4 2 2 3 10 1 9 18 29
72.9684 0 4 2 2 3 9 1 8 18 30
73.3101 0 5 2 2 4 9 1 7 18 30
73.5448 0 5 2 2 4 10 1 8 18 29
73.9292 0 5 2 2 4 11 1 9 18 28
73.9697 0 4 2 2 4 11 0 9 19 28
74.0854 0 4 2 2 4 12 0 10 19 27
74.3964 0 4 2 2 4 11 0 9 19 28
74.5491 0 4 3 3 4 10 0 9 19 28
75.2131 0 4 3 3 4 9 0 8 19 29
77.3649 0 4 3 3 3 8 1 8 19 29
79.7799 0 4 3 3 2 7 2 8 19 29
80.3626 0 4 3 3 2 6 2 7 19 30
83.1381 0 4 3 3 2 5 2 6 19 31
84.1611 0 4 3 3 2 6 2 7 19 30
86.4814 0 5 3 3 2 6 3 7 18 30
87.3536 0 5 3 3 2 5 3 6 18 31
89.0503 0 5 3 3 2 6 3 7 18 30
89.0829 0 5 3 3 2 7 3 8 18 29
89.1598 0 5 3 3 2 6 3 7 18 30
89.4852 0 5 3 3 2 7 3 8 18 29
89.7985 0 5 3 3 2 6 3 7 18 30
89.9793 0 4 3 3 2 6 2 7 19 30
92.3076 0 4 4 4 2 5 2 7 19 30
92.3608 0 4 4 4 2 4 2 6 19 31
92.5574 0 4 4 4 2 5 2 7 19 30
93.2783 0 4 4 4 2 6 2 8 19 29
95.4252 0 4 4 4 2 7 2 9 19 28
96.5167 0 4 4 4 1 6 3 9 19 28
97.4006 0 4 5 5 1 5 3 9 19 28
97.4351 0 4 5 5 1 4 3 8 19 29
99.0877 0 4 5 5 1 3 3 7 19 30
99.4624 0 4 5 5 1 2 3 6 19 31
100.885 0 4 5 5 1 3 3 7 19 30
102.603 0 4 4 4 1 4 3 7 19 30
104.594 0 4 4 4 1 5 3 8 19 29
109.254 0 4 4 4 1 6 3 9 19 28
110.121 0 4 4 4 1 7 3 10 19 27
114.625 0 4 4 4 1 6 3 9 19 28
115.426 0 4 4 4 1 7 3 10 19 27
115.58 0 3 4 4 0 7 3 11 19 27
115.641 0 3 4 4 0 6 3 10 19 28
118.157 0 3 4 4 0 7 3 11 19 27
119.416 0 3 4 4 0 6 3 10 19 28
121.298 0 3 4 4 0 5 3 9 19 29
121.439 0 3 3 3 0 6 3 9 19 29
121.484 0 3 2 2 0 7 3 9 19 29
122.349 0 4 2 2 1 7 3 8 19 29
123.253 0 5 2 2 2 7 3 7 19 29
124.261 0 5 2 2 2 6 3 6 19 30
124.431 0 5 2 2 2 5 3 5 19 31
125.366 0 5 2 2 2 6 3 6 19 30
126.701 0 5 2 2 2 7 3 7 19 29
127.059 0 4 2 2 1 7 3 8 19 29
128.635 0 4 1 1 1 8 3 8 19 29
130.07 0 4 1 1 1 9 3 9 19 28
131.179 0 3 1 1 1 9 2 9 20 28
132.288 0 3 1 1 1 8 2 8 20 29
134.321 0 3 1 1 1 7 2 7 20 30
134.882 0 3 1 1 1 6 2 6 20 31
134.913 1 4 1 1 0 6 2 6 20 31
136.343 1 4 1 1 0 7 2 7 20 30
137.145 1 4 1 1 0 8 2 8 20 29
137.656 1 4 1 1 0 9 2 9 20 28
138.582 1 4 1 1 0 10 2 10 20 27
139.372 1 4 1 1 0 9 2 9 20 28
140.373 1 4 1 1 0 10 2 10 20 27
140.387 1 4 1 1 0 9 2 9 20 28
141.007 1 4 1 1 1 10 1 9 20 28
141.215 1 4 2 2 1 9 1 9 20 28
141.536 1 4 2 2 1 10 1 10 20 27
141.882 1 4 2 2 1 11 1 11 20 26
144.177 1 4 2 2 1 12 1 12 20 25
145.198 1 4 2 2 1 11 1 11 20 26
145.989 1 4 3 3 1 10 1 11 20 26
146.694 1 4 3 3 1 9 1 10 20 27
148.089 1 4 3 3 1 8 1 9 20 28
149.484 2 5 3 3 0 8 1 9 20 28
150.549 2 5 3 3 0 9 1 10 20 27
151.236 2 5 3 3 0 8 1 9 20 28
151.659 2 5 3 3 0 9 1 10 20 27
151.889 2 5 3 3 0 10 1 11 20 26
152.418 2 6 3 3 0 10 2 11 19 26
152.995 2 6 3 3 0 11 2 12 19 25
153.613 2 6 3 3 0 10 2 11 19 26
154.007 2 6 3 3 0 11 2 12 19 25
155.544 2 5 3 3 0 11 1 12 20 25
155.632 2 4 3 3 0 11 0 12 21 25
155.654 1 3 3 3 1 11 0 12 21 25
156.572 1 3 3 3 1 10 0 11 21 26
156.779 1 3 3 3 1 9 0 10 21 27
157.316 1 3 3 3 1 10 0 11 21 26
158.618 1 3 3 3 1 9 0 10 21 27
159.2 1 3 3 3 1 8 0 9 21 28
159.995 1 3 3 3 1 9 0 10 21 27
160.01 1 3 3 3 1 10 0 11 21 26
160.393 1 3 4 4 1 9 0 11 21 26
160.508 1 3 4 4 1 10 0 12 21 25
161.036 1 3 4 4 1 9 0 11 21 26
161.105 1 4 4 4 2 9 0 10 21 26
161.736 1 4 4 4 2 8 0 9 21 27
161.96 1 4 4 4 2 7 0 8 21 28
162.421 2 5 4 4 1 7 0 8 21 28
162.944 2 5 4 4 1 6 0 7 21 29
163.401 2 5 4 4 1 7 0 8 21 28
163.629 2 5 4 4 1 6 0 7 21 29
164.84 2 4 4 4 0 6 0 8 21 29
166.416 2 4 4 4 0 5 0 7 21 30
166.559 2 4 4 4 0 6 0 8 21 29
166.778 2 4 4 4 0 5 0 7 21 30
167.575 2 4 4 4 0 6 0 8 21 29
169.077 1 3 4 4 1 6 0 8 21 29
169.748 1 3 3 3 1 7 0 8 21 29
173.349 1 3 3 3 1 8 0 9 21 28
174.364 1 3 3 3 1 9 0 10 21 27
174.683 1 3 4 4 1 8 0 10 21 27
175.454 1 3 4 4 1 7 0 9 21 28
177.323 1 3 4 4 1 8 0 10 21 27
177.349 1 3 5 5 1 7 0 10 21 27
177.97 1 3 5 5 1 6 0 9 21 28
178.804 1 3 5 5 0 5 1 9 21 28
178.9 1 4 5 5 1 5 1 8 21 28
179.658 1 4 4 4 1 6 1 8 21 28
182.771 1 4 4 4 1 5 1 7 21 29
183.079 1 4 4 4 1 6 1 8 21 28
183.617 1 3 4 4 0 6 1 9 21 28
184.089 1 3 4 4 0 7 1 10 21 27
185.334 1 3 3 3 0 8 1 10 21 27
185.513 1 3 3 3 0 7 1 9 21 28
185.534 1 2 3 3 0 7 0 9 22 28
187.234 1 3 3 3 1 7 0 8 22 28
187.501 1 3 3 3 1 6 0 7 22 29
187.509 1 3 3 3 1 7 0 8 22 28
188.279 1 3 3 3 1 8 0 9 22 27
188.87 1 3 3 3 1 9 0 10 22 26
189.332 1 3 3 3 1 10 0 11 22 25
191.114 1 3 3 3 1 9 0 10 22 26
191.639 1 3 3 3 1 8 0 9 22 27
192.162 1 3 3 3 1 7 0 8 22 28
192.368 1 3 3 3 1 6 0 7 22 29
193.46 1 3 3 3 1 5 0 6 22 30
194.346 1 3 3 3 1 6 0 7 22 29
196.711 1 3 3 3 1 7 0 8 22 28
200.072 1 3 3 3 1 8 0 9 22 27
200.137 0 2 3 3 2 8 0 9 22 27
200.15 0 2 3 3 1 7 1 9 22 27
200.569 0 2 3 3 1 8 1 10 22 26
200.97 0 2 4 4 1 7 1 10 22 26
201.41 0 2 3 3 1 8 1 10 22 26
201.85 0 2 3 3 0 7 2 10 22 26
201.947 0 2 3 3 0 6 2 9 22 27
202.035 0 2 3 3 0 7 2 10 22 26
202.595 0 2 3 3 0 6 2 9 22 27
203.379 0 2 2 2 0 7 2 9 22 27
203.462 0 2 2 2 0 6 2 8 22 28
204.713 0 2 2 2 0 5 2 7 22 29
205.341 0 2 2 2 0 6 2 8 22 28
207.074 0 2 2 2 0 7 2 9 22 27
207.833 0 2 2 2 0 6 2 8 22 28
208.399 0 2 2 2 0 5 2 7 22 29
210.194 0 2 2 2 0 6 2 8 22 28
211.032 0 2 2 2 0 7 2 9 22 27
212.166 0 2 2 2 0 6 2 8 22 28
213.002 0 2 2 2 0 7 2 9 22 27
215.336 0 1 2 2 0 7 1 9 23 27
215.387 0 1 2 2 0 8 1 10 23 26
217.154 0 1 2 2 0 9 1 11 23 25
217.199 0 2 2 2 0 9 2 11 22 25
218.201 0 2 2 2 0 8 2 10 22 26
218.48 0 2 2 2 0 7 2 9 22 27
218.893 0 1 2 2 0 7 1 9 23 27
219.698 0 1 2 2 0 6 1 8 23 28
219.937 0 1 2 2 0 7 1 9 23 27
219.999 0 1 2 2 0 6 1 8 23 28
220.157 0 2 2 2 1 6 1 7 23 28
220.65 0 1 2 2 0 6 1 8 23 28
223.123 0 1 2 2 0 5 1 7 23 29
223.197 0 1 3 3 0 4 1 7 23 29
225.616 0 1 4 4 0 3 1 7 23 29
227.185 0 1 4 4 0 2 1 6 23 30
228.385 0 1 4 4 0 1 1 5 23 31
230.729 0 1 4 4 0 2 1 6 23 30
233.845 0 1 3 3 0 3 1 6 23 30
235.966 0 2 3 3 1 3 1 5 23 30
236.753 0 2 3 3 1 4 1 6 23 29
237.47 0 2 3 3 1 3 1 5 23 30
237.494 0 2 2 2 1 4 1 5 23 30
238.54 0 2 2 2 1 5 1 6 23 29
239.072 1 3 2 2 0 5 1 6 23 29
242.938 1 4 2 2 1 5 1 5 23 29
243.022 1 4 2 2 1 6 1 6 23 28
243.561 1 4 1 1 1 7 1 6 23 28
243.825 1 5 1 1 1 7 2 6 22 28
244.595 1 5 1 1 1 8 2 7 22 27
244.637 1 5 1 1 1 9 2 8 22 26
246.033 1 5 1 1 1 8 2 7 22 27
250.733 1 5 1 1 1 7 2 6 22 28
250.78 1 4 1 1 1 7 1 6 23 28
251.379 1 4 1 1 1 6 1 5 23 29
252.182 1 3 1 1 0 6 1 6 23 29
254.668 1 3 1 1 0 5 1 5 23 30
256.122 1 3 1 1 0 4 1 4 23 31
260.211 1 3 1 1 0 5 1 5 23 30
260.352 1 3 1 1 0 6 1 6 23 29
262.269 1 3 1 1 0 7 1 7 23 28
263.891 1 3 1 1 0 6 1 6 23 29
264.453 1 3 1 1 0 7 1 7 23 28
266.313 1 3 1 1 0 6 1 6 23 29
267.49 1 3 1 1 0 7 1 7 23 28
268.678 1 3 1 1 0 6 1 6 23 29
269.829 1 4 1 1 1 6 1 5 23 29
270.207 1 4 1 1 1 5 1 4 23 30
270.345 1 4 1 1 1 6 1 5 23 29
271.118 1 4 2 2 1 5 1 5 23 29
271.304 0 3 2 2 2 5 1 5 23 29
271.922 0 3 2 2 2 6 1 6 23 28
274.598 0 3 2 2 2 7 1 7 23 27
276.742 0 2 2 2 1 7 1 8 23 27
277.034 0 2 1 1 1 8 1 8 23 27
277.177 0 2 1 1 1 9 1 9 23 26
277.218 0 2 1 1 1 8 1 8 23 27
279.465 0 2 2 2 1 7 1 8 23 27
279.554 0 2 2 2 1 6 1 7 23 28
279.569 0 2 2 2 1 5 1 6 23 29
279.696 0 2 2 2 1 4 1 5 23 30
280.329 0 2 2 2 1 3 1 4 23 31
280.616 0 3 2 2 2 3 1 3 23 31
281.155 0 3 2 2 2 4 1 4 23 30
285.99 0 3 2 2 2 3 1 3 23 31
288.395 0 3 2 2 2 4 1 4 23 30
290.404 0 3 2 2 2 5 1 5 23 29
290.57 0 3 2 2 2 4 1 4 23 30
291.026 0 3 2 2 2 5 1 5 23 29
292.005 1 4 2 2 1 5 1 5 23 29
292.044 1 4 2 2 1 4 1 4 23 30
293.305 1 4 2 2 1 5 1 5 23 29
294.51 1 4 2 2 2 6 0 5 23 29
295.252 1 4 2 2 2 5 0 4 23 30
295.613 1 5 2 2 3 5 0 3 23 30
296.237 1 5 2 2 3 6 0 4 23 29
296.452 1 4 2 2 2 6 0 5 23 29
296.533 1 4 2 2 2 7 0 6 23 28
297.112 1 5 2 2 3 7 0 5 23 28
298.052 1 5 3 3 3 6 0 5 23 28
298.252 2 6 3 3 2 6 0 5 23 28
299.017 1 5 3 3 3 6 0 5 23 28
300.114 1 5 3 3 3 5 0 4 23 29
301.336 0 4 3 3 4 5 0 4 23 29
302.609 0 4 3 3 4 6 0 5 23 28
303.333 0 3 3 3 3 6 0 6 23 28
306.921 0 3 3 3 3 7 0 7 23 27
308.435 0 3 3 3 3 6 0 6 23 28
309.552 0 3 3 3 3 7 0 7 23 27
309.897 0 3 2 2 3 8 0 7 23 27
311.428 0 3 2 2 3 7 0 6 23 28
311.775 0 3 2 2 3 8 0 7 23 27
312.458 0 3 3 3 3 7 0 7 23 27
312.899 0 3 3 3 3 8 0 8 23 26
314.039 0 3 3 3 3 9 0 9 23 25
314.445 0 3 2 2 3 10 0 9 23 25
314.909 0 3 1 1 3 11 0 9 23 25
316.759 0 3 1 1 3 12 0 10 23 24
317.4 0 3 1 1 3 11 0 9 23 25
317.527 0 3 1 1 3 10 0 8 23 26
319.175 0 3 1 1 3 9 0 7 23 27
319.296 0 3 1 1 2 8 1 7 23 27
321.268 0 3 1 1 1 7 2 7 23 27
321.946 0 3 1 1 1 6 2 6 23 28
322.353 0 3 1 1 1 5 2 5 23 29
323.311 0 3 1 1 1 6 2 6 23 28
324.298 0 3 1 1 1 5 2 5 23 29
324.552 0 3 1 1 1 6 2 6 23 28
324.849 0 3 1 1 1 5 2 5 23 29
325.073 0 3 1 1 1 6 2 6 23 28
326.194 0 3 1 1 1 5 2 5 23 29
330.698 0 3 1 1 1 6 2 6 23 28
331.743 0 2 1 1 1 6 1 6 24 28
332.216 0 2 1 1 1 7 1 7 24 27
333.074 1 3 1 1 0 7 1 7 24 27
334.32 1 4 1 1 1 7 1 6 24 27
334.614 1 4 1 1 1 6 1 5 24 28
335.11 1 4 1 1 1 7 1 6 24 27
336.771 1 4 1 1 1 6 1 5 24 28
338.25 1 4 1 1 1 7 1 6 24 27
339.376 1 4 1 1 1 8 1 7 24 26
339.638 1 4 1 1 1 9 1 8 24 25
339.721 1 4 1 1 1 8 1 7 24 26
340.18 1 5 1 1 2 8 1 6 24 26
340.19 1 5 1 1 2 7 1 5 24 27
340.591 1 5 1 1 2 6 1 4 24 28
340.782 1 5 1 1 2 7 1 5 24 27
342.273 1 5 1 1 2 6 1 4 24 28
342.551 1 5 1 1 2 7 1 5 24 27
342.597 1 4 1 1 1 7 1 6 24 27
343.616 1 4 1 1 1 6 1 5 24 28
343.949 1 3 1 1 0 6 1 6 24 28
344.922 1 3 2 2 0 5 1 6 24 28
353.12 1 3 2 2 0 6 1 7 24 27
353.757 1 3 2 2 0 5 1 6 24 28
354.492 1 3 2 2 0 6 1 7 24 27
358.251 1 3 2 2 0 5 1 6 24 28
358.755 1 3 2 2 0 6 1 7 24 27
358.882 1 3 2 2 0 5 1 6 24 28
359.502 1 3 2 2 0 6 1 7 24 27
359.849 1 3 2 2 0 5 1 6 24 28
361.671 1 3 2 2 0 6 1 7 24 27
361.692 1 3 3 3 0 5 1 7 24 27
361.929 1 3 3 3 0 6 1 8 24 26
363.008 1 3 3 3 0 7 1 9 24 25
363.031 1 3 3 3 0 8 1 10 24 24
365.531 1 4 3 3 1 8 1 9 24 24
365.638 1 4 3 3 1 7 1 8 24 25
367.423 1 4 3 3 1 8 1 9 24 24
368.861 1 5 3 3 2 8 1 8 24 24
370.263 1 6 3 3 3 8 1 7 24 24
370.603 1 5 3 3 3 8 0 7 25 24
372.852 1 5 3 3 3 7 0 6 25 25
374.523 1 5 3 3 3 8 0 7 25 24
374.927 1 5 3 3 3 9 0 8 25 23
375.053 1 5 3 3 3 8 0 7 25 24
377.408 1 5 2 2 3 9 0 7 25 24
377.474 1 5 1 1 3 10 0 7 25 24
377.911 1 6 1 1 4 10 0 6 25 24
378.075 1 6 1 1 4 11 0 7 25 23
378.498 1 7 1 1 4 11 1 7 24 23
378.757 1 7 1 1 4 10 1 6 24 24
379.216 1 7 1 1 4 9 1 5 24 25
381.194 2 8 1 1 3 9 1 5 24 25
381.871 2 7 1 1 3 9 0 5 25 25
382.708 2 7 1 1 3 8 0 4 25 26
382.738 2 7 1 1 3 9 0 5 25 25
382.952 1 6 1 1 4 9 0 5 25 25
383.92 1 6 1 1 4 10 0 6 25 24
383.939 1 6 1 1 4 11 0 7 25 23
384.189 1 7 1 1 5 11 0 6 25 23
385.108 2 8 1 1 4 11 0 6 25 23
385.181 2 8 1 1 3 10 1 6 25 23
385.375 2 8 1 1 3 9 1 5 25 24
385.485 2 8 1 1 3 8 1 4 25 25
386.364 2 7 1 1 2 8 1 5 25 25
387.41 2 7 1 1 2 9 1 6 25 24
387.47 2 7 1 1 2 10 1 7 25 23
387.958 2 7 1 1 2 11 1 8 25 22
388.502 2 7 1 1 2 12 1 9 25 21
389.373 2 7 2 2 2 11 1 9 25 21
389.84 2 6 2 2 2 11 0 9 26 21
390.022 2 6 2 2 2 10 0 8 26 22
391.123 1 5 2 2 3 10 0 8 26 22
392.513 1 4 2 2 2 10 0 9 26 22
392.579 1 4 2 2 2 11 0 10 26 21
392.583 1 4 2 2 1 10 1 10 26 21
393.049 1 4 2 2 1 11 1 11 26 20
393.918 1 4 2 2 1 10 1 10 26 21
394.737 1 3 2 2 0 10 1 11 26 21
394.895 1 3 2 2 0 9 1 10 26 22
395.488 1 3 2 2 0 8 1 9 26 23
395.906 1 3 2 2 0 7 1 8 26 24
396.012 1 3 2 2 0 6 1 7 26 25
397.087 1 3 2 2 0 5 1 6 26 26
401.324 1 3 2 2 0 6 1 7 26 25
403.967 1 3 3 3 0 5 1 7 26 25
404.216 1 3 3 3 0 6 1 8 26 24
404.563 1 3 2 2 0 7 1 8 26 24
404.683 1 3 2 2 0 8 1 9 26 23
406.13 1 3 2 2 0 9 1 10 26 22
406.476 1 3 2 2 0 8 1 9 26 23
406.545 1 3 2 2 0 7 1 8 26 24
409.146 1 3 2 2 0 6 1 7 26 25
410.113 1 3 2 2 0 5 1 6 26 26
411.729 1 3 2 2 0 4 1 5 26 27
416.128 1 3 2 2 0 5 1 6 26 26
417.512 1 3 2 2 0 6 1 7 26 25
419.441 1 3 2 2 0 5 1 6 26 26
419.689 1 3 2 2 0 6 1 7 26 25
420.313 1 3 2 2 0 7 1 8 26 24
421.872 1 3 2 2 0 8 1 9 26 23
422.782 1 3 1 1 0 9 1 9 26 23
423.301 1 3 1 1 0 8 1 8 26 24
425.991 1 3 1 1 0 7 1 7 26 25
426.04 1 3 1 1 0 6 1 6 26 26
427.812 1 3 1 1 0 7 1 7 26 25
428.641 1 3 1 1 0 6 1 6 26 26
428.945 1 3 1 1 0 7 1 7 26 25
430.102 1 3 1 1 0 6 1 6 26 26
430.15 1 3 1 1 0 7 1 7 26 25
430.988 0 2 1 1 1 7 1 7 26 25
431.868 0 2 1 1 1 8 1 8 26 24
432.2 0 3 1 1 2 8 1 7 26 24
434.428 0 3 1 1 2 7 1 6 26 25
435.921 0 3 1 1 2 8 1 7 26 24
436.746 0 3 1 1 2 7 1 6 26 25
437.759 0 3 1 1 2 8 1 7 26 24
438.389 0 3 1 1 2 9 1 8 26 23
438.489 0 3 1 1 2 8 1 7 26 24
439.381 0 3 1 1 2 9 1 8 26 23
439.514 0 3 2 2 2 8 1 8 26 23
440.189 0 3 2 2 2 7 1 7 26 24
440.395 0 3 2 2 2 6 1 6 26 25
440.514 0 2 2 2 1 6 1 7 26 25
441.358 0 2 2 2 1 7 1 8 26 24
441.549 0 2 2 2 1 8 1 9 26 23
441.667 0 2 2 2 1 7 1 8 26 24
441.913 0 2 3 3 1 6 1 8 26 24
442.018 0 2 3 3 1 7 1 9 26 23
444.01 0 2 3 3 1 6 1 8 26 24
444.632 1 3 3 3 0 6 1 8 26 24
445.179 1 3 3 3 0 7 1 9 26 23
446.321 1 3 3 3 0 6 1 8 26 24
446.488 1 3 3 3 0 5 1 7 26 25
446.958 1 3 3 3 0 4 1 6 26 26
451.713 1 4 3 3 1 4 1 5 26 26
451.898 1 4 3 3 2 5 0 5 26 26
452.068 1 4 3 3 2 6 0 6 26 25
452.394 1 4 3 3 2 7 0 7 26 24
452.551 1 3 3 3 1 7 0 8 26 24
453.012 1 4 3 3 2 7 0 7 26 24
454.739 1 4 3 3 2 6 0 6 26 25
454.806 1 4 3 3 2 7 0 7 26 24
457.242 1 4 3 3 2 8 0 8 26 23
457.421 1 3 3 3 1 8 0 9 26 23
457.437 1 3 3 3 1 7 0 8 26 24
457.766 1 3 4 4 1 6 0 8 26 24
459.012 0 2 4 4 2 6 0 8 26 24
459.357 0 2 4 4 1 5 1 8 26 24
461.056 0 2 4 4 1 4 1 7 26 25
462.233 0 2 4 4 1 3 1 6 26 26
462.369 0 2 4 4 1 2 1 5 26 27
462.853 0 2 4 4 1 3 1 6 26 26
462.975 0 2 5 5 1 2 1 6 26 26
463.83 0 2 5 5 1 3 1 7 26 25
464.346 0 2 4 4 1 4 1 7 26 25
465.368 0 2 4 4 1 5 1 8 26 24
465.858 0 2 4 4 1 4 1 7 26 25
466.224 0 2 4 4 1 5 1 8 26 24
467.931 0 2 5 5 1 4 1 8 26 24
468.061 0 2 4 4 1 5 1 8 26 24
468.18 0 3 4 4 2 5 1 7 26 24
468.452 0 3 4 4 1 4 2 7 26 24
469.028 0 3 4 4 1 3 2 6 26 25
470.534 0 3 4 4 1 4 2 7 26 24
470.747 0 3 4 4 1 5 2 8 26 23
474.011 0 3 4 4 1 6 2 9 26 22
474.089 0 3 4 4 1 7 2 10 26 21
474.662 0 3 4 4 1 8 2 11 26 20
475.818 0 3 3 3 1 9 2 11 26 20
476.198 0 3 3 3 1 10 2 12 26 19
477.36 0 3 2 2 1 11 2 12 26 19
477.615 0 4 2 2 2 11 2 11 26 19
478.203 0 4 2 2 2 10 2 10 26 20
478.672 0 4 2 2 2 9 2 9 26 21
478.723 0 4 2 2 2 8 2 8 26 22
478.957 0 4 2 2 2 9 2 9 26 21
478.978 0 4 2 2 2 8 2 8 26 22
488.039 0 4 2 2 2 7 2 7 26 23
488.057 0 4 2 2 2 6 2 6 26 24
489.038 0 4 2 2 2 7 2 7 26 23
489.047 0 4 2 2 2 6 2 6 26 24
489.676 0 4 2 2 2 7 2 7 26 23
491.205 0 4 2 2 1 6 3 7 26 23
491.519 0 4 2 2 1 5 3 6 26 24
494.694 0 4 2 2 1 4 3 5 26 25
496.467 0 4 2 2 1 3 3 4 26 26
498.024 0 4 2 2 1 4 3 5 26 25
503.219 0 4 2 2 1 5 3 6 26 24
504.602 0 4 3 3 1 4 3 6 26 24
506.129 0 3 3 3 0 4 3 7 26 24
506.281 0 3 2 2 0 5 3 7 26 24
509.634 0 3 2 2 0 6 3 8 26 23
510.282 0 2 2 2 0 6 2 8 27 23
511.232 0 2 3 3 0 5 2 8 27 23
512.405 0 2 3 3 0 6 2 9 27 22
513.523 0 2 3 3 0 5 2 8 27 23
515.133 0 2 3 3 0 6 2 9 27 22
516.496 0 2 3 3 0 5 2 8 27 23
516.569 0 2 2 2 0 6 2 8 27 23
516.749 0 2 1 1 0 7 2 8 27 23
517.915 0 2 1 1 0 6 2 7 27 24
519.724 0 2 1 1 0 7 2 8 27 23
523.644 0 2 1 1 0 6 2 7 27 24
524.807 0 2 1 1 0 5 2 6 27 25
525.187 0 2 1 1 0 6 2 7 27 24
525.874 0 2 1 1 0 7 2 8 27 23
526.246 0 3 1 1 1 7 2 7 27 23
526.948 0 3 1 1 1 6 2 6 27 24
527.351 0 3 1 1 1 7 2 7 27 23
527.577 0 2 1 1 1 7 1 7 28 23
527.842 0 2 1 1 1 6 1 6 28 24
528.818 0 2 1 1 0 5 2 6 28 24
533.053 0 2 1 1 0 6 2 7 28 23
533.922 0 2 1 1 0 7 2 8 28 22
534.234 0 2 1 1 0 6 2 7 28 23
541.671 0 2 1 1 0 5 2 6 28 24
542.747 0 2 1 1 0 4 2 5 28 25
543.134 0 2 1 1 0 5 2 6 28 24
544.156 0 2 1 1 0 4 2 5 28 25
544.441 0 2 1 1 0 3 2 4 28 26
544.714 0 2 1 1 0 4 2 5 28 25
544.864 0 2 1 1 0 5 2 6 28 24
548.845 0 2 2 2 0 4 2 6 28 24
549.101 0 2 2 2 0 5 2 7 28 23
550.38 0 2 2 2 0 6 2 8 28 22
550.545 0 2 2 2 0 5 2 7 28 23
550.826 0 2 2 2 0 4 2 6 28 24
553.11 0 2 2 2 0 5 2 7 28 23
556.737 0 2 2 2 0 6 2 8 28 22
556.916 0 2 2 2 0 7 2 9 28 21
559.432 0 2 2 2 0 8 2 10 28 20
559.502 0 2 2 2 0 7 2 9 28 21
561.882 0 2 2 2 0 8 2 10 28 20
564.345 0 2 2 2 0 7 2 9 28 21
564.455 0 2 2 2 0 8 2 10 28 20
564.601 0 2 2 2 0 9 2 11 28 19
565.505 0 3 2 2 1 9 2 10 28 19
566.361 0 3 2 2 1 8 2 9 28 20
567.819 0 3 2 2 1 7 2 8 28 21
569.61 1 4 2 2 0 7 2 8 28 21
569.801 1 4 1 1 0 8 2 8 28 21
570.089 1 5 1 1 0 8 3 8 27 21
571.03 1 5 1 1 0 9 3 9 27 20
571.595 1 5 1 1 0 8 3 8 27 21
571.934 1 5 1 1 0 7 3 7 27 22
573.369 1 5 1 1 0 8 3 8 27 21
574.753 1 5 1 1 0 7 3 7 27 22
575.864 1 5 1 1 0 6 3 6 27 23
575.993 1 5 1 1 0 5 3 5 27 24
576.1 1 5 1 1 0 6 3 6 27 23
577.436 1 5 1 1 0 7 3 7 27 22
578.052 1 6 1 1 1 7 3 6 27 22
578.661 1 6 1 1 1 8 3 7 27 21
581.636 1 7 1 1 2 8 3 6 27 21
583.83 1 6 1 1 2 8 2 6 28 21
584.882 1 6 1 1 2 9 2 7 28 20
586.027 1 6 1 1 1 8 3 7 28 20
586.568 1 6 1 1 1 7 3 6 28 21
590.397 1 6 0 0 1 8 3 6 28 21
593.61 1 7 0 0 2 8 3 5 28 21
594.378 1 6 0 0 1 8 3 6 28 21
595.031 1 6 1 1 1 7 3 6 28 21
595.782 1 6 1 1 1 8 3 7 28 20
595.809 1 6 1 1 1 7 3 6 28 21
597.145 1 6 1 1 1 8 3 7 28 20
598.775 1 6 1 1 1 7 3 6 28 21
599.18 1 7 1 1 2 7 3 5 28 21
600.547 1 6 1 1 2 7 2 5 29 21
601.049 1 5 1 1 1 7 2 6 29 21
601.128 1 6 1 1 2 7 2 5 29 21
601.905 1 5 1 1 1 7 2 6 29 21
602.499 1 6 1 1 2 7 2 5 29 21
603.75 1 6 1 1 1 6 3 5 29 21
605.107 1 6 1 1 1 5 3 4 29 22
607.304 1 6 1 1 1 4 3 3 29 23
612.447 1 7 1 1 2 4 3 2 29 23
613.033 2 8 1 1 1 4 3 2 29 23
614.816 1 7 1 1 2 4 3 2 29 23
616.029 1 6 1 1 2 4 2 2 30 23
617.116 1 6 1 1 2 5 2 3 30 22
620.115 1 7 1 1 3 5 2 2 30 22
621.895 1 7 1 1 3 6 2 3 30 21
623.055 1 7 1 1 3 5 2 2 30 22
623.109 1 7 1 1 3 6 2 3 30 21
623.492 1 7 1 1 3 7 2 4 30 20
623.967 1 7 1 1 2 6 3 4 30 20
626.198 1 6 1 1 2 6 2 4 31 20
626.393 1 6 1 1 2 5 2 3 31 21
627.939 1 6 1 1 1 4 3 3 31 21
628.424 1 6 1 1 1 3 3 2 31 22
629.577 1 6 1 1 1 4 3 3 31 21
633.888 1 6 1 1 0 3 4 3 31 21
636.018 1 5 1 1 0 3 3 3 32 21
639.12 1 5 1 1 0 4 3 4 32 20
640.317 1 5 1 1 0 5 3 5 32 19
642.329 1 6 1 1 0 5 4 5 31 19
644.234 1 6 1 1 0 4 4 4 31 20
645.876 1 6 1 1 1 5 3 4 31 20
646.039 1 5 1 1 1 5 2 4 32 20
647.076 1 6 1 1 1 5 3 4 31 20
649.493 1 6 1 1 0 4 4 4 31 20
649.965 1 5 1 1 0 4 3 4 32 20
652.128 1 6 1 1 1 4 3 3 32 20
652.706 1 6 2 2 1 3 3 3 32 20
653.23 1 5 2 2 0 3 3 4 32 20
660.484 1 4 2 2 0 3 2 4 33 20
664.612 1 4 1 1 0 4 2 4 33 20
667.06 1 4 1 1 0 3 2 3 33 21
669.227 1 5 1 1 1 3 2 2 33 21
669.278 1 5 1 1 1 4 2 3 33 20
674.553 1 4 1 1 1 4 1 3 34 20
676.352 1 4 1 1 1 3 1 2 34 21
677.154 1 4 1 1 1 4 1 3 34 20
677.516 1 4 1 1 1 5 1 4 34 19
677.609 1 4 1 1 1 4 1 3 34 20
681.457 1 4 1 1 0 3 2 3 34 20
683.43 1 4 1 1 0 4 2 4 34 19
685.282 1 4 1 1 0 5 2 5 34 18
686.789 0 3 1 1 1 5 2 5 34 18
689.413 0 2 1 1 1 5 1 5 35 18
690.916 0 2 1 1 1 4 1 4 35 19
693.492 0 3 1 1 2 4 1 3 35 19
695.913 0 4 1 1 2 4 2 3 34 19
696.165 0 5 1 1 3 4 2 2 34 19
696.286 0 5 1 1 3 5 2 3 34 18
697.543 0 5 1 1 3 6 2 4 34 17
701.288 0 5 1 1 3 7 2 5 34 16
702.857 0 5 2 2 3 6 2 5 34 16
703.801 0 5 2 2 2 5 3 5 34 16
705.507 0 5 2 2 2 4 3 4 34 17
707.031 0 5 2 2 2 3 3 3 34 18
708.227 0 5 2 2 2 4 3 4 34 17
710.479 0 5 2 2 2 5 3 5 34 16
711.825 1 6 2 2 1 5 3 5 34 16
712.045 1 6 2 2 1 4 3 4 34 17
712.598 1 5 2 2 1 4 2 4 35 17
713.13 1 5 2 2 1 5 2 5 35 16
713.55 1 5 2 2 1 6 2 6 35 15
714.597 2 6 2 2 0 6 2 6 35 15
715.373 2 6 2 2 0 5 2 5 35 16
716.607 2 6 2 2 0 6 2 6 35 15
718.114 2 6 2 2 0 5 2 5 35 16
718.688 2 6 2 2 0 4 2 4 35 17
721.542 1 5 2 2 1 4 2 4 35 17
722.442 1 5 2 2 1 3 2 3 35 18
723.817 1 5 2 2 1 4 2 4 35 17
724.209 1 5 2 2 1 5 2 5 35 16
724.932 1 5 2 2 1 6 2 6 35 15
725.34 1 5 2 2 1 7 2 7 35 14
725.979 1 5 2 2 1 6 2 6 35 15
726.974 1 4 2 2 0 6 2 7 35 15
727.284 1 3 2 2 0 6 1 7 36 15
729.977 1 3 2 2 0 5 1 6 36 16
733.546 1 4 2 2 1 5 1 5 36 16
736.776 1 5 2 2 2 5 1 4 36 16
736.901 2 6 2 2 1 5 1 4 36 16
737.702 2 5 2 2 1 5 0 4 37 16
737.719 2 4 2 2 0 5 0 5 37 16
738.241 2 4 2 2 0 4 0 4 37 17
740.463 2 4 2 2 0 3 0 3 37 18
741.72 2 4 2 2 0 4 0 4 37 17
745.04 2 4 2 2 0 3 0 3 37 18
745.92 2 4 2 2 0 4 0 4 37 17
748.214 2 4 2 2 0 3 0 3 37 18
748.994 2 4 2 2 0 4 0 4 37 17
749.121 2 4 1 1 0 5 0 4 37 17
753.806 2 4 1 1 0 6 0 5 37 16
755.822 2 4 1 1 0 5 0 4 37 17
758.426 2 4 1 1 0 4 0 3 37 18
758.908 2 4 2 2 0 3 0 3 37 18
765.468 2 4 2 2 0 4 0 4 37 17
765.671 2 4 2 2 0 5 0 5 37 16
765.8 2 4 2 2 0 6 0 6 37 15
766.036 2 5 2 2 1 6 0 5 37 15
770.454 2 5 2 2 0 5 1 5 37 15
770.522 2 6 2 2 0 5 2 5 36 15
770.613 2 6 1 1 0 6 2 5 36 15
770.696 2 6 2 2 0 5 2 5 36 15
770.827 2 5 2 2 0 5 1 5 37 15
770.841 2 6 2 2 1 5 1 4 37 15
774.03 2 6 2 2 1 6 1 5 37 14
774.392 2 6 2 2 0 5 2 5 37 14
775.012 1 5 2 2 1 5 2 5 37 14
776.241 1 5 2 2 1 6 2 6 37 13
777.246 1 4 2 2 1 6 1 6 38 13
779.012 1 4 2 2 1 5 1 5 38 14
779.119 1 3 2 2 1 5 0 5 39 14
782.715 1 3 2 2 1 6 0 6 39 13
786.692 1 3 2 2 1 7 0 7 39 12
787.501 1 3 2 2 0 6 1 7 39 12
790.369 1 3 2 2 0 5 1 6 39 13
790.956 1 3 1 1 0 6 1 6 39 13
791.725 1 4 1 1 1 6 1 5 39 13
792.293 1 4 1 1 1 5 1 4 39 14
792.473 1 4 1 1 1 6 1 5 39 13
795.368 0 3 1 1 2 6 1 5 39 13
796.089 0 3 1 1 2 7 1 6 39 12
798.068 0 3 1 1 2 6 1 5 39 13
798.139 0 3 2 2 2 5 1 5 39 13
800.867 0 3 2 2 2 4 1 4 39 14
801.151 0 3 2 2 2 3 1 3 39 15
801.357 0 3 2 2 2 4 1 4 39 14
802.205 0 3 1 1 2 5 1 4 39 14
802.933 0 4 1 1 3 5 1 3 39 14
802.946 0 3 1 1 3 5 0 3 40 14
803.344 0 3 1 1 2 4 1 3 40 14
804.172 0 3 2 2 2 3 1 3 40 14
807.306 0 3 2 2 2 2 1 2 40 15
811.664 0 3 2 2 2 3 1 3 40 14
812.079 0 3 1 1 2 4 1 3 40 14
813.13 0 3 1 1 2 5 1 4 40 13
817.752 0 2 1 1 1 5 1 5 40 13
818.004 0 2 1 1 1 4 1 4 40 14
819.672 0 2 1 1 1 5 1 5 40 13
819.86 0 3 1 1 2 5 1 4 40 13
822.403 0 3 1 1 2 6 1 5 40 12
826.403 0 2 1 1 2 6 0 5 41 12
827.373 0 3 1 1 3 6 0 4 41 12
830.202 0 3 1 1 2 5 1 4 41 12
831.957 0 2 1 1 2 5 0 4 42 12
833.885 0 1 1 1 1 5 0 5 42 12
836.403 0 1 0 0 1 6 0 5 42 12
837.166 1 2 0 0 0 6 0 5 42 12
839.588 1 2 0 0 0 7 0 6 42 11
841.114 1 2 0 0 0 6 0 5 42 12
841.41 1 2 0 0 0 7 0 6 42 11
845.684 1 2 0 0 0 8 0 7 42 10
848.094 1 2 0 0 0 9 0 8 42 9
850.019 1 2 0 0 0 8 0 7 42 10
850.386 1 2 0 0 0 7 0 6 42 11
852.619 1 2 0 0 0 8 0 7 42 10
852.838 1 2 0 0 0 7 0 6 42 11
856.308 1 2 0 0 0 6 0 5 42 12
865.036 1 2 0 0 0 5 0 4 42 13
866.318 1 2 0 0 0 4 0 3 42 14
868.751 1 2 0 0 0 5 0 4 42 13
870.223 1 2 0 0 0 6 0 5 42 12
870.327 1 2 0 0 0 5 0 4 42 13
874.3 1 2 0 0 0 4 0 3 42 14
874.316 1 2 0 0 0 5 0 4 42 13
876.757 1 2 0 0 0 6 0 5 42 12
877.868 1 2 0 0 0 5 0 4 42 13
878.442 1 2 0 0 0 6 0 5 42 12
880.368 1 2 0 0 0 7 0 6 42 11
881.946 1 2 0 0 0 6 0 5 42 12
886.787 1 3 0 0 1 6 0 4 42 12
890.396 1 3 0 0 1 7 0 5 42 11
890.431 1 3 0 0 1 6 0 4 42 12
892.469 1 3 0 0 1 7 0 5 42 11
893.442 1 3 0 0 1 8 0 6 42 10
894.797 1 3 0 0 1 9 0 7 42 9
894.987 1 3 0 0 1 10 0 8 42 8
895.425 1 3 1 1 1 9 0 8 42 8
898.017 1 4 1 1 2 9 0 7 42 8
901.328 1 4 1 1 1 8 1 7 42 8
902.389 1 4 1 1 1 7 1 6 42 9
902.478 1 4 1 1 1 8 1 7 42 8
902.712 1 4 2 2 1 7 1 7 42 8
903.105 1 3 2 2 0 7 1 8 42 8
903.574 1 3 2 2 0 6 1 7 42 9
905.23 1 4 2 2 1 6 1 6 42 9
905.612 1 4 2 2 1 5 1 5 42 10
906.141 1 5 2 2 2 5 1 4 42 10
906.563 1 5 1 1 2 6 1 4 42 10
907.013 1 4 1 1 1 6 1 5 42 10
907.041 1 4 1 1 0 5 2 5 42 10
909.619 1 4 1 1 0 6 2 6 42 9
917.471 1 4 1 1 0 7 2 7 42 8
918.121 1 3 1 1 0 7 1 7 43 8
918.585 1 3 2 2 0 6 1 7 43 8
921.317 1 3 2 2 0 5 1 6 43 9
926.525 1 2 2 2 0 5 0 6 44 9
930.631 1 2 2 2 0 6 0 7 44 8
930.923 1 2 2 2 0 7 0 8 44 7
934.437 1 2 2 2 0 6 0 7 44 8
934.466 1 2 2 2 0 5 0 6 44 9
936.653 1 3 2 2 1 5 0 5 44 9
936.801 1 3 1 1 1 6 0 5 44 9
938.034 1 4 1 1 1 6 1 5 43 9
941.309 1 4 1 1 1 5 1 4 43 10
941.327 1 4 1 1 0 4 2 4 43 10
943.74 1 4 1 1 0 3 2 3 43 11
943.868 1 4 1 1 0 2 2 2 43 12
949.325 1 4 1 1 0 3 2 3 43 11
951.397 1 4 1 1 0 4 2 4 43 10
954.538 1 5 1 1 1 4 2 3 43 10
961.127 1 4 1 1 0 4 2 4 43 10
961.77 1 3 1 1 0 4 1 4 44 10
965.88 1 4 1 1 1 4 1 3 44 10
973.977 1 4 1 1 1 3 1 2 44 11
979.126 0 3 1 1 2 3 1 2 44 11
979.965 1 4 1 1 1 3 1 2 44 11
980.666 1 4 1 1 1 4 1 3 44 10
982.051 1 3 1 1 0 4 1 4 44 10
984.889 1 3 1 1 0 5 1 5 44 9
986.352 1 3 1 1 0 4 1 4 44 10
986.907 1 3 1 1 0 5 1 5 44 9
988.118 1 3 1 1 0 6 1 6 44 8
990.949 1 4 1 1 1 6 1 5 44 8
992.771 1 4 2 2 1 5 1 5 44 8
993.627 1 4 2 2 1 4 1 4 44 9
996.118 1 5 2 2 1 4 2 4 43 9
996.296 0 4 2 2 2 4 2 4 43 9
996.645 0 4 2 2 1 3 3 4 43 9
997.552 0 4 2 2 1 4 3 5 43 8
999.254 0 5 2 2 2 4 3 4 43 8
999.492 0 5 2 2 1 3 4 4 43 8
1001.97 1 6 2 2 0 3 4 4 43 8
1002.49 1 6 2 2 0 4 4 5 43 7
1002.67 1 6 1 1 0 5 4 5 43 7
1003.79 1 6 1 1 0 4 4 4 43 8
1005.42 1 5 1 1 0 4 3 4 44 8
1008.23 1 5 1 1 0 5 3 5 44 7
1013.33 1 5 1 1 0 4 3 4 44 8
1014.07 1 5 1 1 0 3 3 3 44 9
1018.79 1 4 1 1 0 3 2 3 45 9
1018.81 1 4 1 1 0 2 2 2 45 10
1018.88 1 4 1 1 0 3 2 3 45 9
1020.87 1 4 1 1 0 4 2 4 45 8
1031.9 1 3 1 1 0 4 1 4 46 8
1033.07 1 3 1 1 0 3 1 3 46 9
1033.3 1 4 1 1 0 3 2 3 45 9
1035.15 1 3 1 1 0 3 1 3 46 9
1041.32 1 3 1 1 0 2 1 2 46 10
1057.48 0 2 1 1 1 2 1 2 46 10
1061.12 0 3 1 1 2 2 1 1 46 10
1063.56 0 3 1 1 2 3 1 2 46 9
1064.11 0 3 1 1 2 4 1 3 46 8
1064.81 0 3 1 1 2 5 1 4 46 7
1068.06 0 3 1 1 2 4 1 3 46 8
1071.02 0 3 1 1 2 3 1 2 46 9
1071.73 0 2 1 1 1 3 1 3 46 9
1072.52 0 2 1 1 1 4 1 4 46 8
1076.94 0 2 1 1 1 3 1 3 46 9
1078.76 0 2 1 1 1 2 1 2 46 10
1081.99 0 2 1 1 1 1 1 1 46 11
1084.1 0 3 1 1 1 1 2 1 45 11
1085.24 0 2 1 1 1 1 1 1 46 11
1087.77 0 2 1 1 1 2 1 2 46 10
1091.18 0 2 1 1 1 3 1 3 46 9
1091.44 0 2 1 1 1 4 1 4 46 8
1098.69 0 2 1 1 1 3 1 3 46 9
1100.76 0 2 1 1 1 4 1 4 46 8
1106.89 0 2 1 1 1 3 1 3 46 9
1107.75 0 2 1 1 1 2 1 2 46 10
1109.05 0 2 1 1 0 1 2 2 46 10
1111.16 0 2 1 1 0 2 2 3 46 9
1115.58 0 2 1 1 1 3 1 3 46 9
1120.31 0 2 2 2 1 2 1 3 46 9
1121.72 0 2 2 2 1 3 1 4 46 8
1122.8 0 2 1 1 1 4 1 4 46 8
1122.9 0 2 1 1 1 3 1 3 46 9
1125.86 0 2 1 1 1 4 1 4 46 8
1128.38 0 2 1 1 1 5 1 5 46 7
1129.64 0 3 1 1 2 5 1 4 46 7
1131.19 0 3 1 1 2 4 1 3 46 8
1132.84 1 4 1 1 1 4 1 3 46 8
1133.26 1 4 1 1 1 5 1 4 46 7
1135.23 1 4 1 1 1 6 1 5 46 6
1137.72 1 3 1 1 1 6 0 5 47 6
1140.69 1 3 1 1 1 7 0 6 47 5
1143.52 1 4 1 1 2 7 0 5 47 5
1144.9 1 4 1 1 2 6 0 4 47 6
1147.71 1 4 1 1 2 5 0 3 47 7
1147.79 1 4 1 1 2 6 0 4 47 6
1149.56 2 5 1 1 1 6 0 4 47 6
1149.78 2 5 1 1 1 5 0 3 47 7
1150.02 2 4 1 1 0 5 0 4 47 7
1160.99 2 4 1 1 0 4 0 3 47 8
1166.12 2 5 1 1 0 4 1 3 46 8
1176.38 2 6 1 1 0 4 2 3 45 8
1183.67 2 6 1 1 0 3 2 2 45 9
1188.36 2 6 1 1 0 4 2 3 45 8
1189.83 2 6 1 1 0 3 2 2 45 9
1190.34 2 6 1 1 0 4 2 3 45 8
1191.2 1 5 1 1 1 4 2 3 45 8
1191.99 1 5 1 1 1 5 2 4 45 7
1192.29 1 5 1 1 0 4 3 4 45 7
1194.73 0 4 1 1 1 4 3 4 45 7
1195.49 0 3 1 1 0 4 3 5 45 7
1195.73 0 2 1 1 0 4 2 5 46 7
1195.95 0 2 1 1 0 5 2 6 46 6
1197.95 0 3 1 1 1 5 2 5 46 6
1203.49 0 3 1 1 1 4 2 4 46 7
1209.47 0 3 1 1 1 3 2 3 46 8
1209.54 0 2 1 1 1 3 1 3 47 8
1209.97 0 2 0 0 1 4 1 3 47 8
1211.4 0 2 0 0 0 3 2 3 47 8
1211.83 0 2 0 0 0 2 2 2 47 9
1214.37 0 2 0 0 0 3 2 3 47 8
1214.87 0 2 0 0 0 2 2 2 47 9
1216.26 0 2 0 0 0 3 2 3 47 8
1226.09 0 3 0 0 1 3 2 2 47 8
1227.44 0 3 0 0 1 2 2 1 47 9
1229.15 1 4 0 0 0 2 2 1 47 9
1230.6 1 5 0 0 1 2 2 0 47 9
1233.22 1 6 0 0 1 2 3 0 46 9
1236.01 1 6 0 0 1 3 3 1 46 8
1238.02 1 5 0 0 1 3 2 1 47 8
1242.06 1 5 0 0 1 2 2 0 47 9
1243.48 1 4 0 0 1 2 1 0 48 9
1245.41 1 4 0 0 2 3 0 0 48 9
1250.28 1 4 0 0 1 2 1 0 48 9
1252.73 0 3 0 0 2 2 1 0 48 9
1256.81 0 3 0 0 1 1 2 0 48 9
1257.75 0 2 0 0 1 1 1 0 49 9
1263.99 0 2 0 0 1 2 1 1 49 8
1265.25 0 2 1 1 1 1 1 1 49 8
1276.88 0 3 1 1 1 1 2 1 48 8
1278.07 0 3 1 1 1 2 2 2 48 7
1279.06 1 4 1 1 0 2 2 2 48 7
1284.31 1 3 1 1 0 2 1 2 49 7
1301.85 1 4 1 1 1 2 1 1 49 7
1301.87 1 4 1 1 1 1 1 0 49 8
1302.12 1 3 1 1 1 1 0 0 50 8
1302.49 1 3 1 1 1 2 0 1 50 7
1306.19 1 4 1 1 1 2 1 1 49 7
1316.05 1 5 1 1 2 2 1 0 49 7
1317.01 2 6 1 1 1 2 1 0 49 7
1317.87 1 5 1 1 2 2 1 0 49 7
1319.15 2 6 1 1 1 2 1 0 49 7
1323.4 2 6 1 1 1 3 1 1 49 6
1330.66 2 6 1 1 1 4 1 2 49 5
1333.61 1 5 1 1 2 4 1 2 49 5
1335.77 0 4 1 1 3 4 1 2 49 5
1336.1 0 4 1 1 2 3 2 2 49 5
1338.23 0 4 1 1 1 2 3 2 49 5
1341.84 0 4 1 1 1 1 3 1 49 6
1343.36 0 3 1 1 1 1 2 1 50 6
1343.81 0 4 1 1 1 1 3 1 49 6
1346.01 0 4 1 1 1 2 3 2 49 5
1351.84 0 4 1 1 1 3 3 3 49 4
1354.76 0 3 1 1 1 3 2 3 50 4
1356.34 0 3 1 1 0 2 3 3 50 4
1357.19 0 3 1 1 0 1 3 2 50 5
1367.27 0 3 1 1 1 2 2 2 50 5
1367.62 0 3 1 1 1 1 2 1 50 6
1371.71 0 3 1 1 1 2 2 2 50 5
1375.78 0 4 1 1 2 2 2 1 50 5
1382.16 0 5 1 1 2 2 3 1 49 5
1383.01 0 5 0 0 2 3 3 1 49 5
1383.27 0 4 0 0 2 3 2 1 50 5
1390.18 0 3 0 0 2 3 1 1 51 5
1391.71 0 4 0 0 3 3 1 0 51 5
1393.55 1 5 0 0 2 3 1 0 51 5
1396.76 0 4 0 0 3 3 1 0 51 5
1399.62 1 5 0 0 2 3 1 0 51 5
1408.29 1 5 0 0 3 4 0 0 51 5
1409.05 2 6 0 0 2 4 0 0 51 5
1409.61 2 5 0 0 1 4 0 1 51 5
1419.82 2 5 0 0 1 5 0 2 51 4
1430.21 2 5 0 0 1 6 0 3 51 3
1433.03 2 5 0 0 1 5 0 2 51 4
1433.19 2 5 1 1 1 4 0 2 51 4
1439.6 1 4 1 1 2 4 0 2 51 4
1442.18 1 5 1 1 3 4 0 1 51 4
1448.14 1 4 1 1 2 4 0 2 51 4
1458.92 1 4 1 1 1 3 1 2 51 4
1461.15 1 4 2 2 1 2 1 2 51 4
1461.35 0 3 2 2 2 2 1 2 51 4
1466.35 0 2 2 2 1 2 1 3 51 4
1473.74 0 3 2 2 1 2 2 3 50 4
1474.43 0 2 2 2 1 2 1 3 51 4
1478.46 0 2 3 3 1 1 1 3 51 4
1478.9 0 2 2 2 1 2 1 3 51 4
1487.12 0 2 2 2 1 3 1 4 51 3
1494.09 0 2 2 2 0 2 2 4 51 3
1494.52 0 2 2 2 0 1 2 3 51 4
1497.36 0 2 2 2 0 2 2 4 51 3
1508.85 0 3 2 2 1 2 2 3 51 3
1509.11 0 3 2 2 1 1 2 2 51 4
1511.78 0 3 1 1 1 2 2 2 51 4
1512.89 0 3 2 2 1 1 2 2 51 4
1519.63 0 2 2 2 1 1 1 2 52 4
1527.1 0 2 2 2 0 0 2 2 52 4
1533.78 0 3 2 2 0 0 3 2 51 4
1537.9 0 3 2 2 1 1 2 2 51 4
1548.25 0 2 2 2 1 1 1 2 52 4
1549.85 1 3 2 2 0 1 1 2 52 4
1550.83 1 4 2 2 1 1 1 1 52 4
1552.77 1 4 2 2 1 2 1 2 52 3
1554.87 1 5 2 2 1 2 2 2 51 3
1561.54 1 4 2 2 0 2 2 3 51 3
1568.18 1 5 2 2 0 2 3 3 50 3
1571.63 1 4 2 2 0 2 2 3 51 3
1575.24 1 3 2 2 0 2 1 3 52 3
1576.86 1 3 2 2 0 3 1 4 52 2
1581.75 1 3 2 2 0 2 1 3 52 3
1585.21 1 3 2 2 0 1 1 2 52 4
1586.76 1 4 2 2 1 1 1 1 52 4
1588.81 0 3 2 2 2 1 1 1 52 4
1596.65 0 3 1 1 2 2 1 1 52 4
1598.66 0 2 1 1 1 2 1 2 52 4
1604.11 0 2 1 1 1 1 1 1 52 5
1606.25 0 1 1 1 1 1 0 1 53 5
1606.49 0 1 2 2 1 0 0 1 53 5
1621.06 0 2 2 2 2 0 0 0 53 5
1635.9 0 1 2 2 1 0 0 1 53 5
1672.18 0 0 2 2 0 0 0 2 53 5
1672.88 0 1 2 2 0 0 1 2 52 5
1678.14 0 2 2 2 0 0 2 2 51 5
1681.47 0 2 1 1 0 1 2 2 51 5
1691.08 0 2 1 1 0 2 2 3 51 4
1693.36 0 3 1 1 1 2 2 2 51 4
1698.25 0 3 1 1 1 1 2 1 51 5
1703.22 0 3 1 1 1 2 2 2 51 4
1706.26 1 4 1 1 0 2 2 2 51 4
1706.34 0 3 1 1 1 2 2 2 51 4
1707.53 0 2 1 1 0 2 2 3 51 4
1711.71 0 2 2 2 0 1 2 3 51 4
1715.61 0 2 2 2 0 0 2 2 51 5
1717.22 0 3 2 2 1 0 2 1 51 5
1717.57 0 3 2 2 1 1 2 2 51 4
1718.46 0 3 2 2 1 2 2 3 51 3
1727.76 0 4 2 2 1 2 3 3 50 3
1731.87 0 4 2 2 1 1 3 2 50 4
1747.48 0 4 2 2 1 2 3 3 50 3
1748.48 0 3 2 2 1 2 2 3 51 3
1749.96 0 2 2 2 0 2 2 4 51 3
1750.56 0 2 2 2 0 3 2 5 51 2
1751.67 0 2 2 2 0 2 2 4 51 3
1752.18 0 1 2 2 0 2 1 4 52 3
1753.71 0 1 2 2 0 3 1 5 52 2
1758.39 0 1 2 2 0 2 1 4 52 3
1766.52 0 2 2 2 1 2 1 3 52 3
1766.91 0 3 2 2 1 2 2 3 51 3
1774.9 0 3 2 2 2 3 1 3 51 3
1779.11 0 3 1 1 2 4 1 3 51 3
1780.95 0 3 1 1 1 3 2 3 51 3
1781.05 1 4 1 1 0 3 2 3 51 3
1782 1 3 1 1 0 3 1 3 52 3
1790.67 1 4 1 1 1 3 1 2 52 3
1800.99 1 5 1 1 2 3 1 1 52 3
1801.03 2 6 1 1 1 3 1 1 52 3
1805.9 2 7 1 1 2 3 1 0 52 3
1806.8 2 7 1 1 2 4 1 1 52 2
1812.55 2 6 1 1 1 4 1 2 52 2
1818.12 2 6 2 2 1 3 1 2 52 2
1820.27 2 5 2 2 1 3 0 2 53 2
1824.61 2 5 2 2 1 2 0 1 53 3
1832.59 1 4 2 2 2 2 0 1 53 3
1837.35 1 4 2 2 1 1 1 1 53 3
1838.06 1 3 2 2 0 1 1 2 53 3
1845.49 1 2 2 2 0 1 0 2 54 3
1849.6 1 2 1 1 0 2 0 2 54 3
1849.95 1 2 1 1 0 1 0 1 54 4
1856.34 0 1 1 1 1 1 0 1 54 4
1873.45 0 2 1 1 1 1 1 1 53 4
1873.85 0 2 1 1 0 0 2 1 53 4
1885 0 1 1 1 0 0 1 1 54 4
1885.63 0 1 1 1 0 1 1 2 54 3
1909.49 0 1 0 0 0 2 1 2 54 3
1914.45 0 1 0 0 0 1 1 1 54 4
1916.44 0 1 0 0 0 2 1 2 54 3
1920.42 0 1 0 0 0 1 1 1 54 4
1925.33 0 1 0 0 0 2 1 2 54 3
1935.56 0 1 0 0 0 3 1 3 54 2
1935.9 0 1 0 0 0 2 1 2 54 3
1943.15 0 1 0 0 0 1 1 1 54 4
1950.15 0 1 0 0 0 2 1 2 54 3
1956.06 0 2 0 0 0 2 2 2 53 3
1964.57 0 2 0 0 0 3 2 3 53 2
1967.93 0 2 0 0 0 2 2 2 53 3
1972.88 0 2 1 1 0 1 2 2 53 3
1978.53 0 3 1 1 1 1 2 1 53 3
1981.4 0 2 1 1 0 1 2 2 53 3
1984.45 0 3 1 1 1 1 2 1 53 3
1989.44 0 2 1 1 1 1 1 1 54 3
1990.73 0 1 1 1 0 1 1 2 54 3
2008.14 0 2 1 1 0 1 2 2 53 3
2016.98 0 3 1 1 1 1 2 1 53 3
2028.04 1 4 1 1 0 1 2 1 53 3
2030.87 0 3 1 1 1 1 2 1 53 3
2033.21 0 3 1 1 1 2 2 2 53 2
2038.96 0 2 1 1 1 2 1 2 54 2
2039.49 0 3 1 1 1 2 2 2 53 2
2042.24 0 2 1 1 1 2 1 2 54 2
2044.49 0 2 1 1 0 1 2 2 54 2
2049.37 0 1 1 1 0 1 1 2 55 2
2055.83 0 1 1 1 0 2 1 3 55 1
2057.15 0 0 1 1 0 2 0 3 56 1
2065.11 0 0 2 2 0 1 0 3 56 1
2067.6 0 1 2 2 1 1 0 2 56 1
2070.88 0 1 3 3 1 0 0 2 56 1
2071.14 0 2 3 3 1 0 1 2 55 1
2071.2 0 2 2 2 1 1 1 2 55 1
2075.63 0 2 1 1 1 2 1 2 55 1
2077.09 0 2 1 1 0 1 2 2 55 1
2091.17 0 2 1 1 0 0 2 1 55 2
2119.47 0 3 1 1 0 0 3 1 54 2
2123.7 0 3 1 1 0 1 3 2 54 1
2133.37 0 2 1 1 0 1 2 2 55 1
2149.95 0 2 1 1 0 2 2 3 55 0
2161.93 0 2 1 1 1 3 1 3 55 0
2182.17 0 2 2 2 1 2 1 3 55 0
2184.34 0 3 2 2 1 2 2 3 54 0
2185.46 0 3 1 1 1 3 2 3 54 0
2189.88 0 3 1 1 1 2 2 2 54 1
2191.17 0 3 1 1 1 3 2 3 54 0
2201.06 0 3 2 2 1 2 2 3 54 0
2202.31 0 3 1 1 1 3 2 3 54 0
2202.4 0 2 1 1 1 3 1 3 55 0
2210.12 0 2 2 2 1 2 1 3 55 0
2215.75 0 2 2 2 1 1 1 2 55 1
2226.05 0 1 2 2 0 1 1 3 55 1
2227.21 0 2 2 2 1 1 1 2 55 1
2233.64 0 2 1 1 1 2 1 2 55 1
2234.58 1 3 1 1 0 2 1 2 55 1
2234.8 0 2 1 1 1 2 1 2 55 1
2245.24 0 2 1 1 1 3 1 3 55 0
2246.97 0 3 1 1 1 3 2 3 54 0
2247.73 0 3 1 1 1 2 2 2 54 1
2248.6 0 2 1 1 1 2 1 2 55 1
2248.8 0 2 2 2 1 1 1 2 55 1
2262.04 0 2 1 1 1 2 1 2 55 1
2268.6 0 3 1 1 2 2 1 1 55 1
2278.87 0 2 1 1 1 2 1 2 55 1
2292.48 0 2 1 1 1 1 1 1 55 2
2311.84 1 3 1 1 0 1 1 1 55 2
2314.75 1 2 1 1 0 1 0 1 56 2
2316.93 1 3 1 1 0 1 1 1 55 2
2347.48 1 3 0 0 0 2 1 1 55 2
2350.9 1 3 0 0 0 3 1 2 55 1
2353.19 1 3 1 1 0 2 1 2 55 1
2353.92 1 4 1 1 1 2 1 1 55 1
2356.65 1 4 1 1 1 1 1 0 55 2
2358.83 1 3 1 1 1 1 0 0 56 2
2383.49 2 4 1 1 0 1 0 0 56 2
2388.37 1 3 1 1 1 1 0 0 56 2
2404.63 1 4 1 1 1 1 1 0 55 2
2420.9 1 3 1 1 0 1 1 1 55 2
2425.74 1 3 0 0 0 2 1 1 55 2
2427.62 1 4 0 0 0 2 2 1 54 2
2431.54 1 4 0 0 0 3 2 2 54 1
2443.19 1 3 0 0 0 3 1 2 55 1
2455.61 1 4 0 0 1 3 1 1 55 1
2456.98 1 4 0 0 0 2 2 1 55 1
2472.03 1 3 0 0 0 2 1 1 56 1
2502.29 1 4 0 0 0 2 2 1 55 1
2502.38 1 4 0 0 0 3 2 2 55 0
2504.73 1 4 0 0 0 2 2 1 55 1
2508.75 1 3 0 0 0 2 1 1 56 1
2508.98 1 3 1 1 0 1 1 1 56 1
2510.61 1 3 2 2 0 0 1 1 56 1
2515.41 1 3 2 2 0 1 1 2 56 0
2526.64 1 3 2 2 0 0 1 1 56 1
2533.82 1 4 2 2 0 0 2 1 55 1
2535.11 1 4 1 1 0 1 2 1 55 1
2540.65 1 3 1 1 0 1 1 1 56 1
2565.48 1 3 1 1 0 0 1 0 56 2
2572.57 0 2 1 1 1 0 1 0 56 2
2581.56 0 1 1 1 0 0 1 1 56 2
2596.4 0 2 1 1 0 0 2 1 55 2
2601.25 0 1 1 1 0 0 1 1 56 2
2620.61 0 2 1 1 1 0 1 0 56 2
2632.73 0 2 1 1 1 1 1 1 56 1
2647.41 0 3 1 1 1 1 2 1 55 1
2658.26 0 2 1 1 1 1 1 1 56 1
2666.88 0 2 0 0 1 2 1 1 56 1
2669.78 0 2 0 0 1 3 1 2 56 0
2669.94 0 3 0 0 1 3 2 2 55 0
2672.75 0 3 0 0 1 2 2 1 55 1
2675.2 0 2 0 0 0 2 2 2 55 1
2678.98 0 1 0 0 0 2 1 2 56 1
2682.9 0 2 0 0 0 2 2 2 55 1
2687.23 0 1 0 0 0 2 1 2 56 1
2688.66 0 1 0 0 0 3 1 3 56 0
2695.06 0 1 0 0 0 2 1 2 56 1
2702.71 0 0 0 0 0 2 0 2 57 1
2708.69 0 1 0 0 1 2 0 1 57 1
2713.15 0 2 0 0 2 2 0 0 57 1
2717.52 0 3 0 0 2 2 1 0 56 1
2719.98 0 3 1 1 2 1 1 0 56 1
2720.44 0 3 0 0 2 2 1 0 56 1
2722.17 1 4 0 0 1 2 1 0 56 1
2722.62 1 4 1 1 1 1 1 0 56 1
2726.98 1 3 1 1 0 1 1 1 56 1
2746.63 0 2 1 1 1 1 1 1 56 1
2748.17 0 3 1 1 1 1 2 1 55 1
2757.75 0 3 1 1 1 0 2 0 55 2
2764.48 0 4 1 1 1 0 3 0 54 2
2766.78 0 3 1 1 1 0 2 0 55 2
2768.89 0 3 0 0 1 1 2 0 55 2
2774.42 0 2 0 0 1 1 1 0 56 2
2806.33 0 2 0 0 0 0 2 0 56 2
2808.08 0 3 0 0 0 0 3 0 55 2
2809.38 0 2 0 0 0 0 2 0 56 2
2819.74 0 3 0 0 0 0 3 0 55 2
2835.49 0 2 0 0 0 0 2 0 56 2
2843.68 0 2 0 0 0 1 2 1 56 1
2844.09 0 2 1 1 0 0 2 1 56 1
2850.11 0 2 1 1 1 1 1 1 56 1
2850.85 0 3 1 1 1 1 2 1 55 1
2853.95 0 4 1 1 1 1 3 1 54 1
2857.95 0 5 1 1 1 1 4 1 53 1
2863.08 0 5 1 1 2 2 3 1 53 1
2864.6 0 5 1 1 3 3 2 1 53 1
2872.09 0 4 1 1 3 3 1 1 54 1
2872.43 0 3 1 1 2 3 1 2 54 1
2874.8 0 4 1 1 3 3 1 1 54 1
2876.99 0 3 1 1 2 3 1 2 54 1
2879.1 0 2 1 1 1 3 1 3 54 1
2879.99 0 2 1 1 1 4 1 4 54 0
2880.52 0 3 1 1 2 4 1 3 54 0
2883.69 0 3 1 1 2 3 1 2 54 1
2884.31 0 2 1 1 1 3 1 3 54 1
2885.26 0 2 1 1 1 2 1 2 54 2
2886.67 0 3 1 1 1 2 2 2 53 2
2895.26 0 3 1 1 1 1 2 1 53 3
2899.36 0 3 2 2 1 0 2 1 53 3
2907.62 0 4 2 2 1 0 3 1 52 3
2911.53 0 5 2 2 2 0 3 0 52 3
2913.31 0 4 2 2 2 0 2 0 53 3
2920.51 0 3 2 2 1 0 2 1 53 3
2920.8 0 4 2 2 1 0 3 1 52 3
2924.6 0 3 2 2 1 0 2 1 53 3
2936.56 0 3 2 2 1 1 2 2 53 2
2937.62 0 3 2 2 1 2 2 3 53 1
2937.73 1 4 2 2 0 2 2 3 53 1
2938.22 1 3 2 2 0 2 1 3 54 1
2956.81 1 4 2 2 0 2 2 3 53 1
2958.61 1 5 2 2 1 2 2 2 53 1
2964.22 1 4 2 2 1 2 1 2 54 1
2966.63 1 3 2 2 1 2 0 2 55 1
2967.7 0 2 2 2 2 2 0 2 55 1
2968.12 0 2 1 1 2 3 0 2 55 1
2969.52 0 1 1 1 1 3 0 3 55 1
2970.31 0 1 1 1 1 2 0 2 55 2
2972.13 0 1 0 0 1 3 0 2 55 2
2973.52 0 2 0 0 1 3 1 2 54 2
2975.04 0 1 0 0 0 3 1 3 54 2
2985.98 0 2 0 0 1 3 1 2 54 2
2995.11 0 2 0 0 1 4 1 3 54 1
2996.12 0 1 0 0 1 4 0 3 55 1
2998.29 0 1 1 1 1 3 0 3 55 1
2998.29 0 1 1 1 1 3 0 3 55 1
