0 60 120 60 60 0 0 0 0 0 0
0.00334834 60 120 59 59 0 1 0 0 0 0
0.0215639 60 120 58 58 0 2 0 0 0 0
0.0259707 59 119 58 58 1 2 0 0 0 0
0.0264278 59 119 57 57 1 3 0 0 0 0
0.0322709 59 119 56 56 1 4 0 0 0 0
0.04486 58 118 56 56 2 4 0 0 0 0
0.074563 57 117 56 56 3 4 0 0 0 0
0.0840889 56 116 56 56 4 4 0 0 0 0
0.0913631 55 115 56 56 5 4 0 0 0 0
0.0918144 54 114 56 56 6 4 0 0 0 0
0.109845 53 113 56 56 7 4 0 0 0 0
0.121635 52 112 56 56 8 4 0 0 0 0
0.135962 52 112 55 55 8 5 0 0 0 0
0.137913 51 111 55 55 9 5 0 0 0 0
0.174749 51 111 54 54 9 6 0 0 0 0
0.190497 51 111 53 53 9 7 0 0 0 0
0.200124 50 110 53 53 10 7 0 0 0 0
0.208277 49 109 53 53 11 7 0 0 0 0
0.251965 48 108 53 53 12 7 0 0 0 0
0.280996 48 108 52 52 12 8 0 0 0 0
0.29488 47 107 52 52 13 8 0 0 0 0
0.33026 46 106 52 52 14 8 0 0 0 0
0.373651 46 106 51 51 14 9 0 0 0 0
0.377097 46 106 50 50 14 10 0 0 0 0
0.401732 46 106 49 49 14 11 0 0 0 0
0.404669 45 105 49 49 15 11 0 0 0 0
0.406694 44 104 49 49 16 11 0 0 0 0
0.40997 43 103 49 49 17 11 0 0 0 0
0.449651 43 103 48 48 17 12 0 0 0 0
0.460064 42 102 48 48 18 12 0 0 0 0
0.477172 42 101 48 48 17 12 0 1 0 0
0.477206 42 100 48 48 16 12 0 2 0 0
0.491417 42 100 47 47 16 13 0 2 0 0
0.532976 41 99 47 47 17 13 0 2 0 0
0.571216 40 98 47 47 18 13 0 2 0 0
0.60158 40 98 46 46 18 14 0 2 0 0
0.606498 39 97 46 46 19 14 0 2 0 0
0.708907 39 96 46 46 18 14 0 3 0 0
0.711738 39 95 46 46 17 14 0 4 0 0
0.726138 38 94 46 46 18 14 0 4 0 0
0.736474 37 93 46 46 19 14 0 4 0 0
0.748214 36 92 46 46 20 14 0 4 0 0
0.759812 35 91 46 46 21 14 0 4 0 0
0.766929 35 91 45 45 21 15 0 4 0 0
0.83748 34 90 45 45 22 15 0 4 0 0
0.842338 33 89 45 45 23 15 0 4 0 0
0.895479 33 88 45 45 22 15 0 5 0 0
0.92374 33 88 44 44 22 16 0 5 0 0
0.944795 32 87 44 44 23 16 0 5 0 0
0.945423 32 87 43 43 23 17 0 5 0 0
0.957506 31 86 43 43 24 17 0 5 0 0
0.958597 30 85 43 43 25 17 0 5 0 0
0.976814 30 84 43 43 24 17 0 6 0 0
1.02272 29 83 43 43 25 17 0 6 0 0
1.02864 29 83 42 42 25 18 0 6 0 0
1.05285 28 82 42 42 26 18 0 6 0 0
1.05659 28 81 42 42 25 18 0 7 0 0
1.06237 28 81 41 41 25 19 0 7 0 0
1.09935 28 81 40 40 25 20 0 7 0 0
1.09966 27 80 40 40 26 20 0 7 0 0
1.10907 27 79 40 40 25 20 0 8 0 0
1.12144 27 78 40 40 24 20 0 9 0 0
1.13582 27 77 40 40 23 20 0 10 0 0
1.17291 27 76 40 40 22 20 0 11 0 0
1.22208 26 75 40 40 23 20 0 11 0 0
1.24929 26 75 40 40 22 19 1 11 0 0
1.27736 25 74 40 40 23 19 1 11 0 0
1.27822 25 73 40 40 22 19 1 12 0 0
1.31602 24 72 40 40 23 19 1 12 0 0
1.31678 24 72 40 40 23 18 1 11 0 1
1.32834 23 71 40 40 24 18 1 11 0 1
1.36007 23 71 39 39 24 19 1 11 0 1
1.41331 22 70 39 39 25 19 1 11 0 1
1.41793 22 70 38 38 25 20 1 11 0 1
1.43623 22 69 38 38 24 20 1 12 0 1
1.45418 21 68 38 38 25 20 1 12 0 1
1.46856 20 67 38 38 26 20 1 12 0 1
1.47284 19 66 38 38 27 20 1 12 0 1
1.47619 18 65 38 38 28 20 1 12 0 1
1.47676 17 64 38 38 29 20 1 12 0 1
1.51755 17 64 37 37 29 21 1 12 0 1
1.52829 17 64 37 37 28 20 2 12 0 1
1.5442 17 63 37 37 27 20 2 13 0 1
1.58398 17 62 37 37 26 20 2 14 0 1
1.59379 16 61 37 37 27 20 2 14 0 1
1.60254 16 61 36 36 27 21 2 14 0 1
1.623 15 60 36 36 28 21 2 14 0 1
1.62945 15 59 36 36 27 21 2 15 0 1
1.71141 15 58 36 36 26 21 2 16 0 1
1.71412 15 58 36 36 25 20 3 16 0 1
1.73822 15 58 35 35 25 21 3 16 0 1
1.74958 14 57 35 35 26 21 3 16 0 1
1.77147 14 57 35 35 25 20 4 16 0 1
1.83275 14 57 34 34 25 21 4 16 0 1
1.84925 13 56 34 34 26 21 4 16 0 1
1.87993 13 55 34 34 25 21 4 17 0 1
1.9083 12 54 34 34 26 21 4 17 0 1
1.94331 13 55 34 34 25 21 4 17 0 1
1.95527 13 54 34 34 25 21 3 17 1 1
1.96484 13 54 33 33 25 22 3 17 1 1
1.97257 13 54 33 33 24 21 4 17 1 1
1.98291 13 54 32 32 24 22 4 17 1 1
2.00613 13 54 32 32 23 21 5 17 1 1
2.0098 13 53 32 32 23 21 4 17 2 1
2.07181 13 52 32 32 22 21 4 18 2 1
2.14817 13 51 32 32 21 21 4 19 2 1
2.20214 13 50 32 32 20 21 4 20 2 1
2.21776 13 49 32 32 19 21 4 21 2 1
2.25765 13 48 32 32 18 21 4 22 2 1
2.34848 13 48 32 32 18 20 4 21 2 2
2.35174 13 48 31 31 18 21 4 21 2 2
2.36282 13 48 30 30 18 22 4 21 2 2
2.38829 12 47 30 30 19 22 4 21 2 2
2.43527 12 47 29 29 19 23 4 21 2 2
2.45088 11 46 29 29 20 23 4 21 2 2
2.4703 11 46 29 29 19 22 5 21 2 2
2.49528 11 46 28 28 19 23 5 21 2 2
2.50678 10 45 28 28 20 23 5 21 2 2
2.51141 10 44 28 28 19 23 5 22 2 2
2.53188 9 43 28 28 20 23 5 22 2 2
2.5643 9 42 28 28 19 23 5 23 2 2
2.58038 9 41 28 28 18 23 5 24 2 2
2.60715 9 41 27 27 18 24 5 24 2 2
2.64582 9 41 27 27 18 23 5 23 2 3
2.73216 9 40 27 27 18 23 4 23 3 3
2.73986 8 39 27 27 19 23 4 23 3 3
3.07724 8 38 27 27 18 23 4 24 3 3
3.12012 8 37 27 27 18 23 3 24 4 3
3.13728 8 36 27 27 17 23 3 25 4 3
3.15153 8 36 27 27 16 22 4 25 4 3
3.16379 8 36 26 26 16 23 4 25 4 3
3.17139 8 36 25 25 16 24 4 25 4 3
3.18742 8 35 25 25 15 24 4 26 4 3
3.23743 8 34 25 25 14 24 4 27 4 3
3.30617 7 33 25 25 15 24 4 27 4 3
3.32567 7 33 25 25 15 23 4 26 4 4
3.34156 7 33 25 25 14 22 5 26 4 4
3.38656 7 33 24 24 14 23 5 26 4 4
3.40335 7 33 24 24 14 22 5 25 4 5
3.4959 7 33 24 24 14 21 5 24 4 6
3.55092 6 32 24 24 15 21 5 24 4 6
3.55237 6 32 24 24 14 20 6 24 4 6
3.57767 6 32 24 24 13 19 7 24 4 6
3.58183 6 32 24 24 12 18 8 24 4 6
3.72299 6 31 24 24 11 18 8 25 4 6
3.74107 6 31 24 24 11 17 8 24 4 7
3.92541 6 30 24 24 10 17 8 25 4 7
4.02537 6 30 24 24 10 16 8 24 4 8
4.12546 6 29 24 24 9 16 8 25 4 8
4.18724 6 28 24 24 9 16 7 25 5 8
4.22064 6 28 23 23 9 17 7 25 5 8
4.31633 6 28 23 23 8 16 8 25 5 8
4.36679 6 28 23 23 8 15 8 24 5 9
4.39543 6 28 22 22 8 16 8 24 5 9
4.43386 6 28 22 22 8 15 8 23 5 10
4.58034 5 27 22 22 9 15 8 23 5 10
4.58286 5 27 21 21 9 16 8 23 5 10
4.65413 5 26 21 21 8 16 8 24 5 10
4.70786 5 26 21 21 7 15 9 24 5 10
5.11008 5 25 21 21 6 15 9 25 5 10
5.36701 5 25 21 21 6 14 9 24 5 11
5.42209 5 25 20 20 6 15 9 24 5 11
5.50972 5 25 20 20 6 14 9 23 5 12
5.51631 5 24 20 20 5 14 9 24 5 12
5.60066 5 24 19 19 5 15 9 24 5 12
5.77269 4 23 19 19 6 15 9 24 5 12
5.84317 4 22 19 19 6 15 8 24 6 12
5.92072 3 21 19 19 7 15 8 24 6 12
6.08227 3 21 18 18 7 16 8 24 6 12
6.20838 3 21 18 18 7 15 8 23 6 13
6.4662 3 20 18 18 7 15 7 23 7 13
6.48132 3 20 17 17 7 16 7 23 7 13
6.53317 3 20 17 17 6 15 8 23 7 13
6.57471 3 20 16 16 6 16 8 23 7 13
6.6208 3 20 16 16 6 15 8 22 7 14
6.64285 3 20 16 16 6 14 8 21 7 15
6.73479 3 19 16 16 6 14 7 21 8 15
6.75262 3 19 16 16 6 13 7 20 8 16
6.9748 3 19 16 16 6 12 7 19 8 17
7.06195 3 18 16 16 5 12 7 20 8 17
7.31881 3 18 16 16 5 11 7 19 8 18
7.3683 3 18 16 16 5 10 7 18 8 19
7.61909 3 18 15 15 5 11 7 18 8 19
7.67237 3 17 15 15 5 11 6 18 9 19
7.82946 2 16 15 15 6 11 6 18 9 19
8.04555 2 15 15 15 6 11 5 18 10 19
8.1626 2 15 14 14 6 12 5 18 10 19
8.2633 2 15 13 13 6 13 5 18 10 19
8.39791 2 15 13 13 5 12 6 18 10 19
8.60215 2 15 12 12 5 13 6 18 10 19
9.84119 2 15 11 11 5 14 6 18 10 19
9.86037 2 14 11 11 4 14 6 19 10 19
9.96665 2 14 11 11 4 13 6 18 10 20
10.1607 2 14 11 11 4 12 6 17 10 21
10.2756 2 14 11 11 4 13 6 18 10 20
10.4483 2 14 11 11 4 12 6 17 10 21
10.5306 2 14 10 10 4 13 6 17 10 21
10.6972 2 15 10 10 5 13 6 16 10 21
10.8996 2 15 9 9 5 14 6 16 10 21
11.1221 2 15 9 9 5 13 6 15 10 22
11.4484 2 15 9 9 5 12 6 14 10 23
11.7385 2 15 9 9 5 11 6 13 10 24
11.7932 2 15 10 10 5 10 6 13 10 24
11.815 2 15 10 10 4 9 7 13 10 24
12.3149 2 15 10 10 3 8 8 13 10 24
12.5407 2 15 9 9 3 9 8 13 10 24
12.7661 2 14 9 9 3 9 7 13 11 24
12.8936 1 13 9 9 4 9 7 13 11 24
13.5041 1 13 8 8 4 10 7 13 11 24
13.5638 1 13 8 8 4 9 7 12 11 25
13.5679 1 12 8 8 4 9 6 12 12 25
13.798 1 12 8 8 4 8 6 11 12 26
14.0999 1 12 8 8 4 9 6 12 12 25
14.2771 2 13 8 8 3 9 6 12 12 25
14.8766 2 13 8 8 3 10 6 13 12 24
15.0373 2 12 8 8 3 10 5 13 13 24
15.221 2 13 8 8 4 10 5 12 13 24
15.8194 2 12 8 8 4 10 4 12 14 24
15.9131 2 12 7 7 4 11 4 12 14 24
16.0531 2 12 7 7 4 12 4 13 14 23
16.4 2 12 6 6 4 13 4 13 14 23
17.3204 2 12 6 6 4 12 4 12 14 24
17.59 2 12 6 6 4 11 4 11 14 25
17.6733 2 12 6 6 4 10 4 10 14 26
17.788 2 12 6 6 4 9 4 9 14 27
18.2952 2 12 6 6 4 8 4 8 14 28
18.3619 3 13 6 6 3 8 4 8 14 28
18.7498 3 13 6 6 2 7 5 8 14 28
18.8853 3 13 6 6 2 8 5 9 14 27
19.944 3 13 6 6 2 9 5 10 14 26
19.9817 3 13 6 6 2 8 5 9 14 27
20.5031 3 12 6 6 1 8 5 10 14 27
20.763 3 11 6 6 1 8 4 10 15 27
20.8425 3 10 6 6 1 8 3 10 16 27
21.2038 3 10 6 6 1 7 3 9 16 28
22.0703 3 10 6 6 1 8 3 10 16 27
22.3425 3 10 6 6 0 7 4 10 16 27
22.6491 2 9 6 6 1 7 4 10 16 27
22.6807 2 8 6 6 1 7 3 10 17 27
23.0026 2 8 6 6 1 6 3 9 17 28
23.0308 2 8 6 6 1 7 3 10 17 27
23.5709 2 8 6 6 1 8 3 11 17 26
23.826 2 9 6 6 2 8 3 10 17 26
25.0953 2 8 6 6 1 8 3 11 17 26
25.2377 2 8 5 5 1 9 3 11 17 26
25.9691 2 8 5 5 1 8 3 10 17 27
26.0748 2 8 5 5 1 7 3 9 17 28
27.2657 2 8 5 5 1 6 3 8 17 29
27.2874 2 8 5 5 1 7 3 9 17 28
27.5148 2 8 5 5 1 6 3 8 17 29
27.9977 2 8 5 5 1 7 3 9 17 28
28.8213 2 8 4 4 1 8 3 9 17 28
29.9915 2 8 4 4 1 9 3 10 17 27
31.3351 2 8 3 3 1 10 3 10 17 27
32.2448 2 8 3 3 1 9 3 9 17 28
32.4029 2 7 3 3 1 9 2 9 18 28
32.8278 2 6 3 3 1 9 1 9 19 28
32.8553 2 6 3 3 0 8 2 9 19 28
32.8895 1 5 3 3 1 8 2 9 19 28
33.4061 1 6 3 3 2 8 2 8 19 28
34.5268 1 6 3 3 2 9 2 9 19 27
35.1177 1 6 2 2 2 10 2 9 19 27
35.8885 1 6 2 2 2 9 2 8 19 28
36.4713 1 6 2 2 2 8 2 7 19 29
36.9312 1 6 2 2 1 7 3 7 19 29
37.2101 0 5 2 2 2 7 3 7 19 29
40.2736 0 5 2 2 2 8 3 8 19 28
41.8879 0 4 2 2 2 8 2 8 20 28
42.0369 0 4 2 2 2 7 2 7 20 29
43.1652 0 4 1 1 2 8 2 7 20 29
43.2738 0 4 1 1 1 7 3 7 20 29
44.9019 0 4 1 1 1 6 3 6 20 30
46.5124 0 3 1 1 1 6 2 6 21 30
47.1921 0 3 1 1 1 5 2 5 21 31
49.2998 0 3 1 1 0 4 3 5 21 31
49.4604 0 4 1 1 1 4 3 4 21 31
49.7695 0 4 1 1 1 3 3 3 21 32
50.9794 0 3 1 1 1 3 2 3 22 32
51.2523 0 3 1 1 1 4 2 4 22 31
52.7747 0 4 1 1 1 4 3 4 21 31
52.8162 0 3 1 1 1 4 2 4 22 31
54.0283 0 3 1 1 1 5 2 5 22 30
58.3116 0 3 1 1 1 6 2 6 22 29
60.2937 0 3 1 1 1 7 2 7 22 28
60.6 0 3 1 1 1 6 2 6 22 29
60.743 0 3 1 1 1 7 2 7 22 28
61.4621 0 2 1 1 1 7 1 7 23 28
66.36 0 2 1 1 1 8 1 8 23 27
67.8915 0 2 2 2 1 7 1 8 23 27
68.0344 0 2 2 2 1 6 1 7 23 28
68.6206 0 2 2 2 1 7 1 8 23 27
68.9008 0 2 2 2 1 6 1 7 23 28
72.4442 0 2 2 2 1 5 1 6 23 29
73.441 0 2 2 2 1 6 1 7 23 28
78.2935 0 2 2 2 1 7 1 8 23 27
79.6291 0 2 2 2 1 8 1 9 23 26
79.8031 0 3 2 2 2 8 1 8 23 26
79.8273 0 3 2 2 2 9 1 9 23 25
81.0609 0 2 2 2 1 9 1 10 23 25
81.3266 0 2 2 2 1 10 1 11 23 24
81.6958 0 2 2 2 1 9 1 10 23 25
82.1704 0 2 2 2 0 8 2 10 23 25
82.5582 0 2 2 2 0 7 2 9 23 26
82.826 0 2 2 2 0 8 2 10 23 25
84.8946 0 2 3 3 0 7 2 10 23 25
86.3822 0 3 3 3 1 7 2 9 23 25
87.2405 0 3 3 3 1 8 2 10 23 24
89.7568 0 3 3 3 1 7 2 9 23 25
91.7278 0 3 3 3 1 6 2 8 23 26
92.9598 0 2 3 3 1 6 1 8 24 26
94.366 0 2 4 4 1 5 1 8 24 26
96.8143 0 2 3 3 1 6 1 8 24 26
98.4732 0 2 2 2 1 7 1 8 24 26
98.5631 0 2 2 2 1 6 1 7 24 27
100.305 0 2 2 2 1 7 1 8 24 26
101.456 0 2 2 2 1 8 1 9 24 25
102.844 0 2 2 2 1 9 1 10 24 24
102.971 0 2 2 2 1 10 1 11 24 23
103.621 0 2 2 2 1 9 1 10 24 24
103.937 0 2 2 2 1 8 1 9 24 25
105.216 0 2 2 2 1 9 1 10 24 24
106.68 0 2 2 2 1 8 1 9 24 25
106.884 0 2 2 2 1 7 1 8 24 26
111.422 0 2 2 2 1 8 1 9 24 25
111.773 0 2 2 2 1 7 1 8 24 26
116.501 0 2 2 2 1 8 1 9 24 25
116.67 0 2 2 2 1 7 1 8 24 26
116.69 0 2 1 1 1 8 1 8 24 26
118.348 0 2 1 1 1 9 1 9 24 25
119.102 0 2 1 1 1 8 1 8 24 26
119.731 0 2 1 1 1 9 1 9 24 25
121.26 0 3 1 1 2 9 1 8 24 25
121.742 0 3 0 0 2 10 1 8 24 25
122.199 0 3 0 0 2 11 1 9 24 24
122.533 0 3 0 0 2 10 1 8 24 25
123.207 0 3 0 0 2 11 1 9 24 24
125.095 0 3 0 0 2 10 1 8 24 25
125.722 0 3 0 0 2 11 1 9 24 24
125.92 0 3 0 0 2 10 1 8 24 25
126.144 0 3 0 0 2 9 1 7 24 26
126.403 0 3 0 0 2 10 1 8 24 25
127.251 0 3 0 0 2 9 1 7 24 26
127.385 0 3 0 0 2 8 1 6 24 27
127.913 0 3 0 0 1 7 2 6 24 27
129.674 0 3 0 0 1 8 2 7 24 26
130.573 0 3 0 0 1 9 2 8 24 25
130.903 0 3 0 0 1 8 2 7 24 26
131.755 0 3 0 0 1 7 2 6 24 27
132.401 0 3 0 0 1 8 2 7 24 26
134.158 0 3 0 0 1 7 2 6 24 27
136.102 0 4 0 0 2 7 2 5 24 27
136.106 0 4 0 0 2 6 2 4 24 28
138.463 1 5 0 0 1 6 2 4 24 28
141.489 1 5 0 0 1 7 2 5 24 27
141.628 1 5 0 0 1 8 2 6 24 26
142.831 1 6 0 0 1 8 3 6 23 26
143.327 1 6 1 1 1 7 3 6 23 26
144.961 1 6 1 1 1 6 3 5 23 27
145.055 1 6 1 1 1 7 3 6 23 26
145.808 1 5 1 1 1 7 2 6 24 26
146.135 1 5 1 1 1 8 2 7 24 25
146.322 1 5 1 1 1 7 2 6 24 26
147.281 1 5 1 1 1 6 2 5 24 27
147.799 1 5 1 1 1 7 2 6 24 26
149.515 1 5 1 1 1 8 2 7 24 25
151.655 1 5 1 1 1 7 2 6 24 26
152.682 1 5 1 1 0 6 3 6 24 26
153.31 1 5 2 2 0 5 3 6 24 26
154.073 1 5 2 2 0 6 3 7 24 25
155.151 1 5 2 2 0 5 3 6 24 26
156.034 1 5 2 2 0 6 3 7 24 25
160.859 1 5 1 1 0 7 3 7 24 25
162.264 1 5 1 1 0 6 3 6 24 26
163.125 1 4 1 1 0 6 2 6 25 26
163.212 1 4 1 1 0 7 2 7 25 25
164.624 1 4 1 1 0 8 2 8 25 24
164.903 1 3 1 1 0 8 1 8 26 24
167.842 1 3 1 1 0 7 1 7 26 25
169.192 1 3 1 1 0 8 1 8 26 24
171.962 1 3 1 1 0 7 1 7 26 25
172.817 1 3 1 1 0 6 1 6 26 26
173.057 1 3 1 1 0 7 1 7 26 25
174.663 1 3 1 1 0 6 1 6 26 26
176.146 1 3 1 1 0 7 1 7 26 25
179.583 1 3 1 1 0 8 1 8 26 24
181.431 1 3 1 1 0 7 1 7 26 25
182.753 1 3 1 1 0 6 1 6 26 26
183.505 1 4 1 1 1 6 1 5 26 26
184.778 0 3 1 1 2 6 1 5 26 26
185.161 0 3 1 1 2 5 1 4 26 27
185.256 0 3 1 1 2 6 1 5 26 26
185.338 0 3 1 1 2 7 1 6 26 25
188.107 0 3 1 1 2 8 1 7 26 24
188.305 0 3 1 1 2 7 1 6 26 25
188.726 0 3 1 1 2 8 1 7 26 24
188.868 0 2 1 1 1 8 1 8 26 24
192.448 0 3 1 1 2 8 1 7 26 24
192.481 0 3 1 1 2 7 1 6 26 25
195.027 0 3 1 1 2 6 1 5 26 26
199.256 0 2 1 1 1 6 1 6 26 26
199.318 0 2 1 1 1 5 1 5 26 27
199.91 0 2 1 1 1 4 1 4 26 28
201.515 0 2 1 1 1 3 1 3 26 29
201.851 0 2 1 1 1 4 1 4 26 28
204.14 0 2 1 1 1 5 1 5 26 27
204.164 0 2 1 1 1 4 1 4 26 28
205.142 0 2 1 1 1 5 1 5 26 27
205.396 0 2 1 1 1 6 1 6 26 26
205.523 0 2 1 1 1 7 1 7 26 25
205.555 0 3 1 1 1 7 2 7 25 25
206.26 0 3 1 1 1 8 2 8 25 24
206.582 0 3 1 1 1 7 2 7 25 25
207.271 0 3 1 1 1 8 2 8 25 24
207.483 0 3 2 2 1 7 2 8 25 24
207.536 0 3 2 2 1 8 2 9 25 23
207.802 0 3 2 2 1 9 2 10 25 22
212.045 0 3 2 2 1 8 2 9 25 23
213.618 0 3 2 2 1 7 2 8 25 24
214.129 0 3 2 2 1 8 2 9 25 23
216.57 0 3 2 2 1 9 2 10 25 22
217.067 0 3 2 2 0 8 3 10 25 22
217.095 0 2 2 2 0 8 2 10 26 22
217.136 0 2 2 2 0 9 2 11 26 21
217.478 0 2 2 2 0 10 2 12 26 20
218.059 0 2 2 2 0 9 2 11 26 21
218.737 0 2 2 2 0 10 2 12 26 20
219.301 0 2 2 2 0 9 2 11 26 21
219.899 0 2 2 2 0 10 2 12 26 20
220.059 0 2 2 2 0 9 2 11 26 21
220.521 0 3 2 2 1 9 2 10 26 21
222.449 0 3 2 2 1 8 2 9 26 22
222.837 0 2 2 2 1 8 1 9 27 22
223.195 0 2 2 2 1 9 1 10 27 21
223.843 0 2 2 2 1 8 1 9 27 22
224.07 0 2 2 2 1 7 1 8 27 23
226.762 0 2 2 2 1 6 1 7 27 24
227.474 0 2 2 2 0 5 2 7 27 24
228.874 0 3 2 2 0 5 3 7 26 24
229.097 0 3 2 2 0 6 3 8 26 23
230.27 0 3 2 2 0 5 3 7 26 24
230.886 0 3 2 2 0 6 3 8 26 23
232.603 0 2 2 2 0 6 2 8 27 23
232.731 0 2 2 2 0 7 2 9 27 22
237.094 0 3 2 2 1 7 2 8 27 22
237.153 1 4 2 2 0 7 2 8 27 22
238.017 0 3 2 2 1 7 2 8 27 22
238.167 0 3 2 2 0 6 3 8 27 22
240.675 0 3 3 3 0 5 3 8 27 22
240.843 0 3 4 4 0 4 3 8 27 22
241.131 0 4 4 4 1 4 3 7 27 22
244.603 0 4 4 4 1 5 3 8 27 21
244.669 1 5 4 4 0 5 3 8 27 21
244.785 1 5 4 4 0 4 3 7 27 22
247.735 1 5 4 4 0 5 3 8 27 21
249.061 1 5 4 4 0 4 3 7 27 22
256.115 1 5 4 4 0 5 3 8 27 21
257.812 1 4 4 4 0 5 2 8 28 21
257.88 1 4 3 3 0 6 2 8 28 21
257.998 1 4 3 3 0 7 2 9 28 20
258.241 1 4 3 3 0 8 2 10 28 19
258.788 1 4 3 3 0 7 2 9 28 20
258.932 1 4 3 3 0 6 2 8 28 21
260.321 1 4 3 3 0 7 2 9 28 20
260.41 1 3 3 3 0 7 1 9 29 20
261.072 1 4 3 3 1 7 1 8 29 20
261.31 1 4 3 3 1 6 1 7 29 21
261.952 1 4 3 3 1 7 1 8 29 20
263.821 1 4 3 3 1 6 1 7 29 21
263.822 1 4 3 3 1 5 1 6 29 22
265.937 1 4 3 3 1 4 1 5 29 23
266.545 1 3 3 3 1 4 0 5 30 23
269.209 1 3 3 3 1 5 0 6 30 22
270.415 1 3 2 2 1 6 0 6 30 22
270.527 1 3 2 2 1 5 0 5 30 23
274.688 1 3 2 2 1 6 0 6 30 22
277.295 1 4 2 2 2 6 0 5 30 22
277.427 1 4 2 2 2 7 0 6 30 21
277.47 1 3 2 2 1 7 0 7 30 21
277.525 1 3 2 2 1 8 0 8 30 20
278.662 1 3 2 2 1 7 0 7 30 21
279.285 1 3 2 2 0 6 1 7 30 21
283.829 1 3 2 2 0 5 1 6 30 22
284.136 1 3 2 2 0 4 1 5 30 23
285.064 1 3 2 2 0 5 1 6 30 22
286.426 1 3 2 2 0 6 1 7 30 21
289.631 0 2 2 2 1 6 1 7 30 21
289.74 0 2 2 2 1 5 1 6 30 22
289.959 0 2 2 2 1 4 1 5 30 23
291.652 0 2 2 2 1 5 1 6 30 22
292.371 0 2 2 2 1 4 1 5 30 23
293.589 0 2 2 2 1 5 1 6 30 22
293.641 0 2 2 2 1 4 1 5 30 23
294.197 0 2 2 2 1 5 1 6 30 22
295.094 0 2 2 2 1 6 1 7 30 21
295.372 0 2 2 2 1 7 1 8 30 20
297.642 0 2 2 2 1 6 1 7 30 21
297.747 0 2 2 2 1 5 1 6 30 22
298.753 0 2 2 2 1 6 1 7 30 21
300.147 0 2 2 2 0 5 2 7 30 21
301.031 0 2 2 2 0 6 2 8 30 20
301.336 0 3 2 2 1 6 2 7 30 20
301.714 0 4 2 2 2 6 2 6 30 20
301.901 1 5 2 2 1 6 2 6 30 20
301.906 1 4 2 2 1 6 1 6 31 20
303.218 1 4 3 3 1 5 1 6 31 20
303.934 1 4 3 3 1 6 1 7 31 19
305.274 1 4 3 3 1 5 1 6 31 20
307.701 1 4 3 3 1 6 1 7 31 19
308.588 1 5 3 3 2 6 1 6 31 19
309.046 1 4 3 3 1 6 1 7 31 19
309.841 1 4 3 3 1 7 1 8 31 18
310.339 1 4 3 3 1 6 1 7 31 19
310.451 1 4 2 2 1 7 1 7 31 19
312.662 1 4 2 2 1 6 1 6 31 20
315.217 1 5 2 2 2 6 1 5 31 20
315.318 1 5 2 2 2 7 1 6 31 19
316.67 1 5 3 3 2 6 1 6 31 19
317.219 1 5 3 3 1 5 2 6 31 19
319.047 1 5 4 4 1 4 2 6 31 19
320.541 1 5 4 4 1 3 2 5 31 20
322.851 1 5 4 4 1 4 2 6 31 19
324.115 1 5 4 4 1 3 2 5 31 20
325.398 1 5 4 4 1 2 2 4 31 21
326.487 1 5 4 4 1 3 2 5 31 20
328.971 1 5 3 3 1 4 2 5 31 20
332.478 1 6 3 3 2 4 2 4 31 20
332.64 1 7 3 3 3 4 2 3 31 20
336.052 1 7 3 3 3 5 2 4 31 19
336.335 1 7 3 3 2 4 3 4 31 19
336.342 1 7 3 3 2 5 3 5 31 18
336.533 1 7 3 3 2 6 3 6 31 17
336.765 1 7 2 2 2 7 3 6 31 17
337.302 1 6 2 2 1 7 3 7 31 17
338.854 1 7 2 2 2 7 3 6 31 17
338.897 1 7 2 2 2 6 3 5 31 18
340.048 1 7 2 2 1 5 4 5 31 18
341.247 1 7 3 3 1 4 4 5 31 18
341.82 1 8 3 3 2 4 4 4 31 18
343.748 1 8 2 2 2 5 4 4 31 18
344.365 1 7 2 2 2 5 3 4 32 18
346.271 2 8 2 2 1 5 3 4 32 18
346.346 1 7 2 2 2 5 3 4 32 18
347.761 1 7 2 2 2 6 3 5 32 17
347.952 0 6 2 2 3 6 3 5 32 17
349.829 0 6 2 2 3 7 3 6 32 16
349.919 0 6 2 2 3 8 3 7 32 15
350.171 0 6 2 2 3 7 3 6 32 16
352.563 0 5 2 2 2 7 3 7 32 16
355.507 0 4 2 2 1 7 3 8 32 16
358.922 0 4 2 2 1 8 3 9 32 15
359.18 0 4 2 2 1 7 3 8 32 16
361.292 0 3 2 2 1 7 2 8 33 16
361.292 0 4 2 2 2 7 2 7 33 16
361.532 0 3 2 2 2 7 1 7 34 16
361.794 0 3 2 2 2 6 1 6 34 17
362.797 0 3 2 2 2 7 1 7 34 16
362.879 0 3 2 2 2 6 1 6 34 17
368.878 0 2 2 2 1 6 1 7 34 17
370.21 0 2 2 2 1 7 1 8 34 16
371.849 0 2 2 2 1 6 1 7 34 17
372.394 0 2 2 2 1 5 1 6 34 18
373.476 0 2 2 2 1 4 1 5 34 19
373.828 0 3 2 2 2 4 1 4 34 19
374.491 0 3 2 2 2 5 1 5 34 18
374.782 0 3 2 2 2 6 1 6 34 17
374.975 1 4 2 2 1 6 1 6 34 17
379.254 1 4 2 2 1 7 1 7 34 16
379.752 1 4 1 1 1 8 1 7 34 16
380.137 1 4 1 1 1 7 1 6 34 17
382.225 1 4 1 1 1 6 1 5 34 18
382.617 1 5 1 1 2 6 1 4 34 18
383.679 1 6 1 1 3 6 1 3 34 18
383.685 1 6 1 1 3 5 1 2 34 19
383.85 1 5 1 1 2 5 1 3 34 19
385.694 1 5 1 1 1 4 2 3 34 19
385.96 1 5 1 1 1 5 2 4 34 18
388.025 1 5 1 1 1 4 2 3 34 19
389.916 0 4 1 1 2 4 2 3 34 19
390.132 0 4 1 1 2 5 2 4 34 18
390.265 0 4 1 1 2 6 2 5 34 17
390.786 0 4 1 1 2 7 2 6 34 16
392.345 0 5 1 1 2 7 3 6 33 16
392.652 0 5 1 1 2 8 3 7 33 15
392.939 0 5 1 1 2 7 3 6 33 16
394.124 0 5 1 1 2 8 3 7 33 15
394.201 0 5 1 1 1 7 4 7 33 15
394.859 0 5 1 1 1 6 4 6 33 16
395.193 0 5 1 1 1 5 4 5 33 17
395.481 0 6 1 1 1 5 5 5 32 17
395.642 0 5 1 1 1 5 4 5 33 17
396.028 0 5 1 1 1 6 4 6 33 16
401.03 0 5 1 1 1 7 4 7 33 15
404.139 0 5 1 1 1 6 4 6 33 16
407.793 0 5 1 1 1 7 4 7 33 15
409.05 0 5 1 1 1 8 4 8 33 14
409.508 0 5 1 1 1 9 4 9 33 13
409.776 0 6 1 1 2 9 4 8 33 13
410.102 0 6 1 1 2 8 4 7 33 14
410.361 0 6 1 1 2 7 4 6 33 15
410.461 0 6 1 1 1 6 5 6 33 15
411.775 0 6 1 1 1 7 5 7 33 14
413.756 0 6 1 1 1 8 5 8 33 13
415.249 0 6 1 1 1 9 5 9 33 12
416.055 0 6 1 1 1 10 5 10 33 11
416.513 0 5 1 1 0 10 5 11 33 11
418.527 0 5 1 1 0 9 5 10 33 12
418.571 0 4 1 1 0 9 4 10 34 12
419.775 0 4 1 1 0 10 4 11 34 11
420.469 0 4 1 1 0 9 4 10 34 12
420.54 0 4 2 2 0 8 4 10 34 12
421.816 0 4 2 2 0 7 4 9 34 13
422.248 0 4 2 2 0 8 4 10 34 12
423.127 0 4 2 2 0 7 4 9 34 13
424.006 0 3 2 2 0 7 3 9 35 13
424.397 0 3 2 2 0 6 3 8 35 14
426.565 0 3 2 2 0 7 3 9 35 13
428.646 0 3 2 2 0 6 3 8 35 14
428.89 0 3 2 2 0 5 3 7 35 15
431.298 0 3 2 2 0 4 3 6 35 16
433.25 0 3 2 2 0 5 3 7 35 15
434.578 0 3 2 2 0 4 3 6 35 16
434.631 0 3 2 2 0 3 3 5 35 17
436.145 0 3 2 2 0 2 3 4 35 18
438.393 0 3 2 2 0 3 3 5 35 17
439.661 0 3 2 2 0 2 3 4 35 18
440.907 0 3 2 2 0 3 3 5 35 17
441.334 0 3 2 2 0 2 3 4 35 18
442.001 0 2 2 2 0 2 2 4 36 18
443.46 0 2 2 2 0 1 2 3 36 19
446.506 0 2 2 2 1 2 1 3 36 19
448.094 0 2 2 2 1 3 1 4 36 18
450.988 0 2 2 2 1 4 1 5 36 17
451.38 0 2 2 2 0 3 2 5 36 17
451.427 0 2 2 2 0 4 2 6 36 16
453.992 0 2 2 2 0 3 2 5 36 17
454.726 0 2 2 2 0 4 2 6 36 16
455.463 0 2 2 2 0 5 2 7 36 15
455.474 0 2 2 2 0 4 2 6 36 16
455.688 0 2 2 2 0 3 2 5 36 17
455.752 0 2 2 2 1 4 1 5 36 17
456.619 0 3 2 2 2 4 1 4 36 17
459.604 0 3 2 2 2 3 1 3 36 18
460.152 0 3 2 2 2 4 1 4 36 17
461.015 0 3 2 2 2 3 1 3 36 18
466.384 0 3 2 2 2 4 1 4 36 17
467.471 0 4 2 2 2 4 2 4 35 17
468.908 0 4 2 2 2 5 2 5 35 16
471.093 0 3 2 2 2 5 1 5 36 16
471.391 0 2 2 2 1 5 1 6 36 16
474.014 0 2 2 2 0 4 2 6 36 16
475.397 0 2 2 2 0 5 2 7 36 15
475.962 0 2 2 2 0 4 2 6 36 16
477.043 0 2 2 2 0 5 2 7 36 15
479.257 0 2 2 2 0 4 2 6 36 16
485.622 0 2 2 2 0 3 2 5 36 17
485.992 0 2 2 2 0 4 2 6 36 16
486.543 0 2 2 2 0 5 2 7 36 15
491.262 0 2 2 2 0 4 2 6 36 16
491.467 0 2 2 2 0 5 2 7 36 15
491.893 0 2 2 2 0 6 2 8 36 14
492.725 0 2 2 2 0 5 2 7 36 15
493.81 0 2 2 2 0 6 2 8 36 14
498.597 0 3 2 2 1 6 2 7 36 14
501.396 0 3 2 2 1 7 2 8 36 13
501.555 0 3 2 2 1 6 2 7 36 14
501.698 0 3 2 2 1 5 2 6 36 15
504.299 0 3 3 3 1 4 2 6 36 15
505.491 0 3 3 3 1 5 2 7 36 14
507.2 0 4 3 3 2 5 2 6 36 14
509.546 0 4 3 3 2 4 2 5 36 15
509.686 0 4 3 3 2 5 2 6 36 14
509.758 0 4 4 4 2 4 2 6 36 14
509.776 0 4 4 4 2 5 2 7 36 13
512.15 0 4 4 4 2 6 2 8 36 12
512.609 0 4 4 4 2 7 2 9 36 11
512.778 0 4 4 4 1 6 3 9 36 11
514.635 0 4 4 4 1 5 3 8 36 12
517.326 0 3 4 4 1 5 2 8 37 12
522.34 0 2 4 4 1 5 1 8 38 12
526.927 0 2 4 4 1 6 1 9 38 11
527.704 0 2 4 4 1 7 1 10 38 10
529.202 0 2 4 4 1 6 1 9 38 11
529.95 1 3 4 4 0 6 1 9 38 11
531.064 1 4 4 4 1 6 1 8 38 11
532.181 1 4 4 4 1 5 1 7 38 12
535.194 1 3 4 4 0 5 1 8 38 12
536.057 1 3 3 3 0 6 1 8 38 12
536.178 1 3 3 3 0 5 1 7 38 13
541.603 0 2 3 3 1 5 1 7 38 13
542.96 0 3 3 3 1 5 2 7 37 13
543.081 0 2 3 3 0 5 2 8 37 13
543.351 0 2 2 2 0 6 2 8 37 13
544.205 0 2 2 2 0 7 2 9 37 12
545.799 0 2 2 2 0 6 2 8 37 13
548.611 0 2 2 2 0 5 2 7 37 14
549.933 0 3 2 2 1 5 2 6 37 14
552.293 0 4 2 2 2 5 2 5 37 14
554.01 0 5 2 2 3 5 2 4 37 14
555.483 0 5 3 3 3 4 2 4 37 14
556.389 0 5 4 4 3 3 2 4 37 14
558.454 1 6 4 4 2 3 2 4 37 14
558.522 1 7 4 4 3 3 2 3 37 14
559.074 1 7 4 4 3 4 2 4 37 13
560.618 1 7 4 4 3 3 2 3 37 14
560.752 2 8 4 4 2 3 2 3 37 14
562.113 2 8 4 4 2 4 2 4 37 13
562.3 2 8 3 3 2 5 2 4 37 13
562.439 2 7 3 3 2 5 1 4 38 13
565.808 2 7 2 2 2 6 1 4 38 13
565.898 2 7 2 2 1 5 2 4 38 13
567.048 2 6 2 2 0 5 2 5 38 13
567.355 2 6 3 3 0 4 2 5 38 13
574.624 1 5 3 3 1 4 2 5 38 13
576.208 1 4 3 3 0 4 2 6 38 13
576.617 1 4 3 3 0 5 2 7 38 12
584.375 1 4 3 3 0 6 2 8 38 11
585.402 1 4 3 3 0 7 2 9 38 10
585.756 1 4 2 2 0 8 2 9 38 10
585.969 1 4 2 2 0 9 2 10 38 9
586.267 1 4 2 2 0 8 2 9 38 10
586.812 1 4 1 1 0 9 2 9 38 10
587.464 1 4 1 1 0 8 2 8 38 11
589.445 1 4 1 1 0 7 2 7 38 12
589.721 1 4 1 1 0 6 2 6 38 13
590.671 1 5 1 1 1 6 2 5 38 13
591.859 1 5 1 1 1 7 2 6 38 12
594.689 1 5 1 1 1 6 2 5 38 13
595.436 1 5 1 1 0 5 3 5 38 13
597.149 1 5 1 1 0 6 3 6 38 12
598.335 1 4 1 1 0 6 2 6 39 12
598.728 1 4 1 1 0 5 2 5 39 13
602.65 1 4 1 1 0 4 2 4 39 14
604.575 1 4 1 1 0 5 2 5 39 13
606.837 1 4 1 1 0 4 2 4 39 14
607.302 0 3 1 1 1 4 2 4 39 14
607.478 0 3 1 1 1 3 2 3 39 15
614.875 0 3 2 2 1 2 2 3 39 15
615.324 0 2 2 2 0 2 2 4 39 15
615.809 0 2 2 2 0 3 2 5 39 14
617.599 0 2 2 2 0 2 2 4 39 15
620.131 0 2 2 2 0 3 2 5 39 14
622.699 0 3 2 2 0 3 3 5 38 14
627.137 0 3 2 2 0 4 3 6 38 13
628.12 0 3 2 2 0 3 3 5 38 14
628.499 0 3 1 1 0 4 3 5 38 14
629.563 0 4 1 1 1 4 3 4 38 14
631.01 0 4 1 1 1 5 3 5 38 13
631.317 0 4 1 1 1 6 3 6 38 12
632.198 0 3 1 1 1 6 2 6 39 12
637.021 0 3 1 1 1 5 2 5 39 13
640.872 0 3 1 1 1 6 2 6 39 12
641.376 0 2 1 1 0 6 2 7 39 12
642.866 0 2 1 1 0 5 2 6 39 13
644.761 0 2 1 1 0 4 2 5 39 14
648.557 0 2 1 1 0 5 2 6 39 13
649.575 0 2 2 2 0 4 2 6 39 13
650.326 0 2 2 2 0 5 2 7 39 12
657.931 0 2 2 2 0 6 2 8 39 11
658.263 0 2 2 2 0 5 2 7 39 12
660.548 0 3 2 2 0 5 3 7 38 12
661.352 0 3 2 2 0 6 3 8 38 11
663.322 0 3 1 1 0 7 3 8 38 11
664.139 0 2 1 1 0 7 2 8 39 11
664.325 0 1 1 1 0 7 1 8 40 11
666.91 0 1 1 1 0 8 1 9 40 10
668.088 0 1 1 1 0 7 1 8 40 11
668.296 0 1 1 1 0 6 1 7 40 12
669.789 0 1 1 1 0 5 1 6 40 13
670.734 0 1 1 1 0 6 1 7 40 12
672.015 0 1 1 1 0 7 1 8 40 11
672.832 0 1 1 1 0 6 1 7 40 12
674.693 0 1 1 1 0 5 1 6 40 13
674.867 0 1 1 1 0 4 1 5 40 14
683.528 0 1 1 1 0 5 1 6 40 13
683.701 0 1 1 1 0 4 1 5 40 14
686.22 0 2 1 1 1 4 1 4 40 14
691.043 0 3 1 1 2 4 1 3 40 14
692.235 0 4 1 1 3 4 1 2 40 14
693.132 0 4 1 1 3 3 1 1 40 15
693.929 0 4 1 1 3 4 1 2 40 14
695.953 0 4 1 1 2 3 2 2 40 14
704.65 0 3 1 1 2 3 1 2 41 14
709.642 1 4 1 1 1 3 1 2 41 14
711.686 1 4 1 1 1 4 1 3 41 13
715.518 1 4 1 1 1 5 1 4 41 12
716.787 1 4 1 1 1 6 1 5 41 11
716.951 1 4 1 1 1 7 1 6 41 10
717.031 1 5 1 1 2 7 1 5 41 10
719.501 1 5 1 1 2 8 1 6 41 9
720.232 1 5 1 1 1 7 2 6 41 9
722.081 1 6 1 1 2 7 2 5 41 9
722.754 1 5 1 1 1 7 2 6 41 9
723.932 1 5 1 1 0 6 3 6 41 9
723.983 0 4 1 1 1 6 3 6 41 9
724.905 1 5 1 1 0 6 3 6 41 9
725.307 1 5 1 1 0 7 3 7 41 8
725.809 1 6 1 1 0 7 4 7 40 8
729.867 1 7 1 1 0 7 5 7 39 8
731.632 1 7 1 1 0 6 5 6 39 9
732.417 1 6 1 1 0 6 4 6 40 9
733.883 0 5 1 1 1 6 4 6 40 9
737.436 0 4 1 1 1 6 3 6 41 9
737.695 0 4 0 0 1 7 3 6 41 9
741.711 0 4 0 0 1 8 3 7 41 8
741.742 0 4 0 0 1 7 3 6 41 9
746.212 0 3 0 0 0 7 3 7 41 9
747.484 0 3 0 0 0 6 3 6 41 10
748.484 0 3 0 0 0 7 3 7 41 9
748.972 0 3 0 0 0 6 3 6 41 10
749.314 0 3 0 0 0 5 3 5 41 11
752.96 0 3 0 0 1 6 2 5 41 11
756.982 0 3 0 0 1 7 2 6 41 10
758.443 0 2 0 0 1 7 1 6 42 10
759.142 0 2 0 0 1 6 1 5 42 11
760.116 0 2 0 0 1 5 1 4 42 12
760.341 0 2 0 0 1 6 1 5 42 11
763.543 0 2 0 0 1 7 1 6 42 10
766.442 0 2 0 0 1 8 1 7 42 9
766.476 0 2 0 0 1 7 1 6 42 10
766.512 0 2 0 0 1 8 1 7 42 9
766.86 0 2 0 0 0 7 2 7 42 9
769.663 0 2 0 0 0 6 2 6 42 10
770.545 0 3 0 0 1 6 2 5 42 10
770.573 0 3 0 0 1 5 2 4 42 11
773.51 0 3 0 0 1 6 2 5 42 10
774.483 0 3 0 0 1 5 2 4 42 11
776.405 0 4 0 0 2 5 2 3 42 11
779.159 0 5 0 0 3 5 2 2 42 11
779.585 0 5 0 0 3 6 2 3 42 10
781.397 0 4 0 0 2 6 2 4 42 10
781.418 0 3 0 0 2 6 1 4 43 10
783.755 0 2 0 0 2 6 0 4 44 10
787.314 0 2 0 0 2 5 0 3 44 11
791.414 0 2 0 0 1 4 1 3 44 11
792.783 0 1 0 0 0 4 1 4 44 11
800.558 0 1 0 0 0 3 1 3 44 12
807.149 0 1 0 0 0 2 1 2 44 13
809.613 0 1 0 0 0 3 1 3 44 12
809.862 0 1 0 0 0 4 1 4 44 11
817.212 0 1 0 0 0 3 1 3 44 12
821.113 0 1 0 0 0 4 1 4 44 11
822.858 0 1 0 0 0 5 1 5 44 10
825.803 0 1 0 0 0 6 1 6 44 9
827.493 0 1 0 0 0 5 1 5 44 10
828.712 0 1 0 0 0 6 1 6 44 9
830.524 0 1 1 1 0 5 1 6 44 9
830.814 0 2 1 1 1 5 1 5 44 9
831.456 0 2 0 0 1 6 1 5 44 9
837.437 0 2 0 0 1 7 1 6 44 8
840.667 1 3 0 0 0 7 1 6 44 8
840.67 1 3 0 0 0 6 1 5 44 9
840.709 1 3 0 0 0 5 1 4 44 10
842.852 1 3 1 1 0 4 1 4 44 10
843.176 1 3 1 1 0 3 1 3 44 11
856.154 1 3 1 1 0 4 1 4 44 10
858.003 1 3 1 1 0 3 1 3 44 11
859.611 0 2 1 1 1 3 1 3 44 11
876.194 0 2 1 1 1 4 1 4 44 10
876.824 0 2 1 1 1 3 1 3 44 11
877.08 1 3 1 1 0 3 1 3 44 11
883.561 1 3 1 1 0 2 1 2 44 12
883.785 1 3 1 1 0 3 1 3 44 11
883.947 1 3 1 1 0 4 1 4 44 10
883.951 1 3 1 1 0 5 1 5 44 9
885.292 1 3 1 1 0 4 1 4 44 10
886.533 1 4 1 1 0 4 2 4 43 10
889.198 1 5 1 1 0 4 3 4 42 10
890.001 1 6 1 1 1 4 3 3 42 10
893.981 1 6 1 1 1 3 3 2 42 11
899.795 1 6 1 1 0 2 4 2 42 11
901.271 1 6 1 1 0 1 4 1 42 12
903.164 0 5 1 1 1 1 4 1 42 12
904.559 0 4 1 1 0 1 4 2 42 12
904.7 0 3 1 1 0 1 3 2 43 12
905.217 0 3 1 1 0 2 3 3 43 11
906.37 0 3 1 1 0 3 3 4 43 10
911.032 0 4 1 1 1 3 3 3 43 10
911.13 0 3 1 1 1 3 2 3 44 10
914.455 0 3 1 1 1 4 2 4 44 9
919.586 0 3 1 1 1 5 2 5 44 8
924.395 0 4 1 1 2 5 2 4 44 8
926.203 0 4 1 1 2 4 2 3 44 9
928.532 0 4 1 1 1 3 3 3 44 9
933.791 0 4 1 1 1 2 3 2 44 10
935.272 0 3 1 1 1 2 2 2 45 10
937.236 0 2 1 1 1 2 1 2 46 10
938.539 0 2 1 1 1 3 1 3 46 9
944.047 0 2 1 1 1 2 1 2 46 10
947.256 0 1 1 1 1 2 0 2 47 10
949.448 1 2 1 1 0 2 0 2 47 10
949.543 1 2 2 2 0 1 0 2 47 10
955.79 1 2 1 1 0 2 0 2 47 10
956.4 1 2 1 1 0 1 0 1 47 11
962.849 1 2 2 2 0 0 0 1 47 11
971.782 1 2 2 2 0 1 0 2 47 10
971.927 1 2 2 2 0 0 0 1 47 11
983.601 1 3 2 2 1 0 0 0 47 11
985.513 1 4 2 2 1 0 1 0 46 11
989.099 1 4 2 2 1 1 1 1 46 10
989.755 1 4 2 2 1 2 1 2 46 9
990.105 1 3 2 2 0 2 1 3 46 9
990.121 1 4 2 2 1 2 1 2 46 9
993.466 1 4 1 1 1 3 1 2 46 9
994.009 1 4 1 1 1 4 1 3 46 8
997.189 1 4 1 1 1 3 1 2 46 9
997.249 1 3 1 1 0 3 1 3 46 9
998.681 1 3 1 1 0 2 1 2 46 10
1002.15 1 3 1 1 0 3 1 3 46 9
1005.11 1 3 1 1 0 4 1 4 46 8
1006.26 1 3 2 2 0 3 1 4 46 8
1017.28 1 4 2 2 1 3 1 3 46 8
1017.91 1 4 1 1 1 4 1 3 46 8
1018.05 1 4 1 1 1 3 1 2 46 9
1020.01 1 3 1 1 0 3 1 3 46 9
1026.76 1 3 1 1 0 2 1 2 46 10
1032.6 0 2 1 1 1 2 1 2 46 10
1034.09 0 2 1 1 1 1 1 1 46 11
1036.22 0 2 1 1 1 2 1 2 46 10
1039.81 0 3 1 1 1 2 2 2 45 10
1040.97 0 3 1 1 1 3 2 3 45 9
1041.55 0 4 1 1 2 3 2 2 45 9
1041.84 0 4 1 1 2 2 2 1 45 10
1042.19 0 3 1 1 1 2 2 2 45 10
1042.32 0 3 1 1 1 1 2 1 45 11
1042.54 0 3 1 1 1 2 2 2 45 10
1043.12 0 3 1 1 1 3 2 3 45 9
1046.97 0 4 1 1 2 3 2 2 45 9
1053.58 0 3 1 1 2 3 1 2 46 9
1068.52 0 3 2 2 2 2 1 2 46 9
1070.59 0 3 2 2 1 1 2 2 46 9
1071.04 0 3 2 2 1 2 2 3 46 8
1076.83 0 3 3 3 1 1 2 3 46 8
1077.16 0 3 3 3 1 2 2 4 46 7
1078.92 0 2 3 3 1 2 1 4 47 7
1084.54 0 2 3 3 0 1 2 4 47 7
1084.94 0 2 3 3 0 2 2 5 47 6
1085.39 0 2 3 3 0 3 2 6 47 5
1087.71 0 3 3 3 1 3 2 5 47 5
1094.26 0 3 3 3 1 2 2 4 47 6
1104.53 0 3 3 3 1 3 2 5 47 5
1104.6 0 3 3 3 1 4 2 6 47 4
1104.69 0 2 3 3 1 4 1 6 48 4
1106.32 0 2 2 2 1 5 1 6 48 4
1108.15 0 2 2 2 1 4 1 5 48 5
1109.48 0 2 2 2 1 5 1 6 48 4
1110.53 0 2 2 2 1 4 1 5 48 5
1111.89 0 3 2 2 2 4 1 4 48 5
1111.93 0 3 2 2 2 3 1 3 48 6
1113.97 0 3 2 2 2 2 1 2 48 7
1114.98 0 3 3 3 2 1 1 2 48 7
1116.15 0 3 3 3 3 2 0 2 48 7
1117.72 1 4 3 3 2 2 0 2 48 7
1120.2 1 4 3 3 2 3 0 3 48 6
1123.12 1 4 3 3 2 2 0 2 48 7
1126.35 1 4 3 3 1 1 1 2 48 7
1128.85 1 4 2 2 1 2 1 2 48 7
1134.73 1 3 2 2 0 2 1 3 48 7
1137.43 1 4 2 2 1 2 1 2 48 7
1140.24 1 4 2 2 1 3 1 3 48 6
1147.34 1 4 2 2 1 4 1 4 48 5
1147.99 1 4 3 3 1 3 1 4 48 5
1149.98 1 3 3 3 1 3 0 4 49 5
1152.44 1 3 3 3 1 2 0 3 49 6
1153.19 1 3 3 3 1 3 0 4 49 5
1153.48 1 3 3 3 1 2 0 3 49 6
1155.97 1 3 4 4 1 1 0 3 49 6
1162.38 1 3 4 4 1 2 0 4 49 5
1168.01 1 3 4 4 1 1 0 3 49 6
1168.23 1 3 3 3 1 2 0 3 49 6
1168.4 1 3 2 2 1 3 0 3 49 6
1169.53 1 3 2 2 1 2 0 2 49 7
1172.18 1 3 2 2 1 3 0 3 49 6
1172.96 1 3 2 2 1 4 0 4 49 5
1175 1 3 2 2 0 3 1 4 49 5
1175.58 1 3 2 2 0 2 1 3 49 6
1182.57 1 4 2 2 1 2 1 2 49 6
1187.93 1 4 3 3 1 1 1 2 49 6
1188.21 2 5 3 3 0 1 1 2 49 6
1209.61 2 6 3 3 1 1 1 1 49 6
1211.76 2 6 3 3 1 2 1 2 49 5
1215.56 2 6 3 3 1 3 1 3 49 4
1217.17 2 6 2 2 1 4 1 3 49 4
1217.46 2 6 2 2 1 3 1 2 49 5
1217.93 2 7 2 2 2 3 1 1 49 5
1217.97 2 7 3 3 2 2 1 1 49 5
1225.73 2 7 3 3 2 1 1 0 49 6
1229.72 2 6 3 3 1 1 1 1 49 6
1231.43 2 6 3 3 1 2 1 2 49 5
1233.27 2 6 3 3 1 3 1 3 49 4
1237.96 2 6 2 2 1 4 1 3 49 4
1239.45 2 6 2 2 0 3 2 3 49 4
1239.73 2 6 3 3 0 2 2 3 49 4
1240.09 2 7 3 3 1 2 2 2 49 4
1242.73 2 8 3 3 2 2 2 1 49 4
1243.89 2 7 3 3 1 2 2 2 49 4
1244.45 2 7 3 3 1 1 2 1 49 5
1245.59 2 7 2 2 1 2 2 1 49 5
1253.31 2 6 2 2 1 2 1 1 50 5
1253.86 2 6 2 2 1 3 1 2 50 4
1257.16 2 7 2 2 1 3 2 2 49 4
1258.14 2 7 2 2 0 2 3 2 49 4
1259.85 2 7 2 2 1 3 2 2 49 4
1260.33 2 7 2 2 1 4 2 3 49 3
1260.96 2 7 2 2 0 3 3 3 49 3
1261.04 2 8 2 2 0 3 4 3 48 3
1262.05 2 7 2 2 0 3 3 3 49 3
1266.96 2 6 2 2 0 3 2 3 50 3
1271.76 2 6 2 2 0 4 2 4 50 2
1274.77 2 5 2 2 0 4 1 4 51 2
1275.28 2 5 3 3 0 3 1 4 51 2
1280.53 2 5 3 3 0 2 1 3 51 3
1282.76 2 5 3 3 1 3 0 3 51 3
1283.26 2 5 3 3 1 2 0 2 51 4
1288.01 3 6 3 3 0 2 0 2 51 4
1290.97 3 6 2 2 0 3 0 2 51 4
1293.47 2 5 2 2 1 3 0 2 51 4
1294.3 2 5 2 2 1 4 0 3 51 3
1294.95 2 5 2 2 1 3 0 2 51 4
1295.2 2 5 2 2 1 2 0 1 51 5
1295.91 2 5 2 2 1 3 0 2 51 4
1299.38 2 4 2 2 0 3 0 3 51 4
1303.15 2 4 2 2 0 2 0 2 51 5
1303.97 2 4 3 3 0 1 0 2 51 5
1307.86 1 3 3 3 1 1 0 2 51 5
1308.11 1 3 2 2 1 2 0 2 51 5
1308.72 0 2 2 2 2 2 0 2 51 5
1309.59 0 2 2 2 2 1 0 1 51 6
1310.52 0 3 2 2 3 1 0 0 51 6
1311.07 0 3 1 1 3 2 0 0 51 6
1315.96 0 2 1 1 2 2 0 1 51 6
1319.1 0 2 1 1 2 3 0 2 51 5
1324.26 0 1 1 1 1 3 0 3 51 5
1326 0 1 0 0 1 4 0 3 51 5
1326.79 0 1 1 1 1 3 0 3 51 5
1329.43 0 2 1 1 1 3 1 3 50 5
1332.29 0 2 1 1 1 4 1 4 50 4
1332.34 0 3 1 1 2 4 1 3 50 4
1336.02 0 4 1 1 3 4 1 2 50 4
1338.75 1 5 1 1 2 4 1 2 50 4
1339.01 1 4 1 1 2 4 0 2 51 4
1339.53 1 5 1 1 2 4 1 2 50 4
1342.23 2 6 1 1 1 4 1 2 50 4
1347.97 1 5 1 1 2 4 1 2 50 4
1351.34 1 5 1 1 2 5 1 3 50 3
1355.28 1 5 1 1 2 4 1 2 50 4
1359.19 2 6 1 1 1 4 1 2 50 4
1362.84 2 5 1 1 0 4 1 3 50 4
1363.23 2 5 1 1 0 5 1 4 50 3
1365.2 2 5 2 2 0 4 1 4 50 3
1367.35 2 5 2 2 0 5 1 5 50 2
1370.09 2 6 2 2 1 5 1 4 50 2
1370.53 2 6 2 2 0 4 2 4 50 2
1371.37 1 5 2 2 1 4 2 4 50 2
1377.03 1 5 2 2 1 5 2 5 50 1
1377.79 1 6 2 2 2 5 2 4 50 1
1380.11 1 6 2 2 2 4 2 3 50 2
1380.72 1 6 2 2 2 3 2 2 50 3
1385.15 1 6 2 2 3 4 1 2 50 3
1385.8 1 5 2 2 2 4 1 3 50 3
1386.33 1 6 2 2 2 4 2 3 49 3
1386.55 1 6 2 2 2 5 2 4 49 2
1387.73 1 6 1 1 2 6 2 4 49 2
1389.1 1 5 1 1 1 6 2 5 49 2
1389.13 1 6 1 1 1 6 3 5 48 2
1394.51 1 6 1 1 1 5 3 4 48 3
1394.84 1 5 1 1 1 5 2 4 49 3
1397.29 1 5 1 1 1 4 2 3 49 4
1398.58 1 5 1 1 1 5 2 4 49 3
1399.41 1 5 1 1 1 4 2 3 49 4
1399.44 1 4 1 1 1 4 1 3 50 4
1400.73 1 3 1 1 1 4 0 3 51 4
1401.31 1 3 1 1 1 3 0 2 51 5
1402.17 1 3 1 1 1 4 0 3 51 4
1407.7 1 3 1 1 1 3 0 2 51 5
1411.93 1 3 1 1 1 4 0 3 51 4
1415.21 1 2 1 1 0 4 0 4 51 4
1415.43 1 2 1 1 0 5 0 5 51 3
1418.51 1 2 1 1 0 4 0 4 51 4
1424.26 1 2 1 1 0 3 0 3 51 5
1431 1 2 1 1 0 2 0 2 51 6
1432.67 0 1 1 1 1 2 0 2 51 6
1435.63 0 1 1 1 0 1 1 2 51 6
1438.15 0 1 1 1 0 0 1 1 51 7
1464.19 0 1 1 1 0 1 1 2 51 6
1465.76 0 1 0 0 0 2 1 2 51 6
1468.06 0 2 0 0 0 2 2 2 50 6
1475.15 0 3 0 0 1 2 2 1 50 6
1476.26 0 3 0 0 0 1 3 1 50 6
1480.04 0 3 0 0 0 2 3 2 50 5
1482.65 0 3 0 0 0 3 3 3 50 4
1483.03 0 3 0 0 0 4 3 4 50 3
1493.39 0 4 0 0 1 4 3 3 50 3
1494.13 0 4 0 0 1 3 3 2 50 4
1499.16 0 4 0 0 1 4 3 3 50 3
1500.13 0 4 0 0 1 3 3 2 50 4
1505.38 0 4 0 0 1 2 3 1 50 5
1508.07 0 5 0 0 2 2 3 0 50 5
1510.25 0 4 0 0 2 2 2 0 51 5
1510.8 1 5 0 0 1 2 2 0 51 5
1513.39 1 5 1 1 1 1 2 0 51 5
1515.83 1 5 0 0 1 2 2 0 51 5
1526.55 1 6 0 0 1 2 3 0 50 5
1527.68 1 6 0 0 1 3 3 1 50 4
1528.22 1 6 0 0 0 2 4 1 50 4
1529.02 1 5 0 0 0 2 3 1 51 4
1529.19 1 5 0 0 1 3 2 1 51 4
1533.23 1 5 0 0 1 4 2 2 51 3
1535.1 0 4 0 0 2 4 2 2 51 3
1537.82 0 4 1 1 2 3 2 2 51 3
1537.82 0 4 1 1 1 2 3 2 51 3
1544.91 0 3 1 1 1 2 2 2 52 3
1548.01 0 3 2 2 1 1 2 2 52 3
1548.4 0 3 2 2 1 2 2 3 52 2
1549.48 0 4 2 2 1 2 3 3 51 2
1551.93 0 3 2 2 1 2 2 3 52 2
1555.3 0 3 2 2 1 3 2 4 52 1
1558.2 0 3 2 2 1 2 2 3 52 2
1559.37 0 3 1 1 1 3 2 3 52 2
1563.96 0 3 1 1 1 2 2 2 52 3
1570.78 0 3 1 1 0 1 3 2 52 3
1571.29 0 2 1 1 0 1 2 2 53 3
1573.74 0 1 1 1 0 1 1 2 54 3
1589.83 0 1 1 1 0 0 1 1 54 4
1604.45 0 1 1 1 0 1 1 2 54 3
1605.1 0 1 1 1 0 0 1 1 54 4
1610.79 0 1 0 0 0 1 1 1 54 4
1618.9 0 0 0 0 0 1 0 1 55 4
1623.16 0 1 0 0 0 1 1 1 54 4
1660.82 0 2 0 0 1 1 1 0 54 4
1677.08 0 3 0 0 1 1 2 0 53 4
1679.54 0 3 1 1 1 0 2 0 53 4
1684.32 0 2 1 1 1 0 1 0 54 4
1684.44 0 1 1 1 0 0 1 1 54 4
1706.55 0 2 1 1 0 0 2 1 53 4
1709.1 0 2 1 1 1 1 1 1 53 4
1716.66 0 3 1 1 2 1 1 0 53 4
1720.32 0 3 0 0 2 2 1 0 53 4
1721.17 0 3 1 1 2 1 1 0 53 4
1728.76 0 3 1 1 1 0 2 0 53 4
1740.3 0 2 1 1 1 0 1 0 54 4
1749.55 0 2 1 1 1 1 1 1 54 3
1760.38 0 3 1 1 2 1 1 0 54 3
1761.76 0 3 1 1 2 2 1 1 54 2
1774.24 0 4 1 1 2 2 2 1 53 2
1778.85 0 3 1 1 2 2 1 1 54 2
1784.86 0 3 1 1 2 3 1 2 54 1
1786.21 0 3 2 2 2 2 1 2 54 1
1786.26 1 4 2 2 1 2 1 2 54 1
1786.68 0 3 2 2 2 2 1 2 54 1
1786.9 1 4 2 2 1 2 1 2 54 1
1790.46 1 4 2 2 0 1 2 2 54 1
1797.08 1 5 2 2 1 1 2 1 54 1
1802.37 0 4 2 2 2 1 2 1 54 1
1804.87 0 3 2 2 1 1 2 2 54 1
1813.67 0 3 3 3 1 0 2 2 54 1
1816.01 0 2 3 3 1 0 1 2 55 1
1821.64 0 3 3 3 2 0 1 1 55 1
1829.19 0 3 2 2 2 1 1 1 55 1
1831.01 0 2 2 2 2 1 0 1 56 1
1831.28 0 2 2 2 2 2 0 2 56 0
1835.26 0 2 2 2 1 1 1 2 56 0
1835.82 0 2 1 1 1 2 1 2 56 0
1836.2 0 3 1 1 2 2 1 1 56 0
1837.14 0 3 1 1 3 3 0 1 56 0
1856.66 1 4 1 1 2 3 0 1 56 0
1859.79 1 3 1 1 1 3 0 2 56 0
1878.11 1 3 2 2 1 2 0 2 56 0
1884.16 1 3 2 2 0 1 1 2 56 0
1885.34 1 4 2 2 0 1 2 2 55 0
1886.86 0 3 2 2 1 1 2 2 55 0
1890.23 0 2 2 2 1 1 1 2 56 0
1894.87 0 3 2 2 2 1 1 1 56 0
1903.55 1 4 2 2 1 1 1 1 56 0
1916.22 1 5 2 2 1 1 2 1 55 0
1916.27 0 4 2 2 2 1 2 1 55 0
1916.82 0 3 2 2 1 1 2 2 55 0
1923.75 0 3 2 2 2 2 1 2 55 0
1925.96 0 3 2 2 1 1 2 2 55 0
1927.85 0 2 2 2 1 1 1 2 56 0
1946.38 0 2 3 3 1 0 1 2 56 0
1956.74 0 1 3 3 0 0 1 3 56 0
1972.7 0 1 2 2 0 1 1 3 56 0
1983.28 0 1 2 2 0 0 1 2 56 1
1990.52 0 1 1 1 0 1 1 2 56 1
2002.78 0 1 1 1 0 0 1 1 56 2
2027.34 0 1 1 1 0 1 1 2 56 1
2032.11 0 2 1 1 1 1 1 1 56 1
2034.07 0 3 1 1 2 1 1 0 56 1
2039.9 0 4 1 1 2 1 2 0 55 1
2041.33 0 3 1 1 1 1 2 1 55 1
2041.73 1 4 1 1 0 1 2 1 55 1
2042.98 1 4 0 0 0 2 2 1 55 1
2048.32 1 3 0 0 0 2 1 1 56 1
2055.24 0 2 0 0 1 2 1 1 56 1
2056.6 1 3 0 0 0 2 1 1 56 1
2058.19 0 2 0 0 1 2 1 1 56 1
2080.82 0 2 0 0 1 3 1 2 56 0
2088.27 0 2 0 0 1 2 1 1 56 1
2094.53 0 3 0 0 1 2 2 1 55 1
2098.8 0 3 0 0 2 3 1 1 55 1
2111.14 1 4 0 0 1 3 1 1 55 1
2113.42 1 4 1 1 1 2 1 1 55 1
2119.22 1 3 1 1 0 2 1 2 55 1
2123.17 1 4 1 1 0 2 2 2 54 1
2129.36 1 3 1 1 0 2 1 2 55 1
2145.48 1 2 1 1 0 2 0 2 56 1
2146.36 1 2 1 1 0 3 0 3 56 0
2151.4 1 2 1 1 0 2 0 2 56 1
2161.16 1 3 1 1 1 2 0 1 56 1
2166.78 1 3 0 0 1 3 0 1 56 1
2172.46 1 2 0 0 0 3 0 2 56 1
2185.07 1 2 0 0 0 2 0 1 56 2
2200.34 1 3 0 0 0 2 1 1 55 2
2202.28 1 4 0 0 0 2 2 1 54 2
2210.06 1 3 0 0 0 2 1 1 55 2
2216.88 1 2 0 0 0 2 0 1 56 2
2218.02 0 1 0 0 1 2 0 1 56 2
2252.5 0 1 0 0 1 1 0 0 56 3
2261.15 0 2 0 0 1 1 1 0 55 3
2261.86 0 2 0 0 1 2 1 1 55 2
2262.94 0 2 0 0 0 1 2 1 55 2
2263.39 0 2 0 0 0 2 2 2 55 1
2264.08 0 2 0 0 0 1 2 1 55 2
2289.85 0 1 0 0 0 1 1 1 56 2
2305.35 0 2 0 0 0 1 2 1 55 2
2314.52 0 3 0 0 1 1 2 0 55 2
2316.52 1 4 0 0 0 1 2 0 55 2
2331.21 1 4 0 0 0 2 2 1 55 1
2354.36 1 5 0 0 1 2 2 0 55 1
2356.51 1 4 0 0 1 2 1 0 56 1
2368.4 0 3 0 0 2 2 1 0 56 1
2371.57 0 3 0 0 1 1 2 0 56 1
2395.35 1 4 0 0 0 1 2 0 56 1
2405.89 1 3 0 0 0 1 1 0 57 1
2427.17 0 2 0 0 1 1 1 0 57 1
2444.31 0 2 0 0 0 0 2 0 57 1
2470.53 0 1 0 0 0 0 1 0 58 1
2476.77 0 0 0 0 0 0 0 0 59 1
2495.1 0 0 0 0 0 1 0 1 59 0
2521.99 0 1 0 0 1 1 0 0 59 0
2541.52 0 2 0 0 1 1 1 0 58 0
2549.64 0 2 0 0 0 0 2 0 58 0
2574.61 0 2 0 0 1 1 1 0 58 0
2620.21 0 1 0 0 0 1 1 1 58 0
2632.48 0 2 0 0 0 1 2 1 57 0
2640.28 0 3 0 0 0 1 3 1 56 0
2643.82 0 2 0 0 0 1 2 1 57 0
2648.65 0 3 0 0 0 1 3 1 56 0
2651.63 0 4 0 0 0 1 4 1 55 0
2662 0 5 0 0 0 1 5 1 54 0
2672.52 0 4 0 0 0 1 4 1 55 0
2673.38 0 3 0 0 0 1 3 1 56 0
2679.12 0 3 1 1 0 0 3 1 56 0
2689.37 0 3 0 0 0 1 3 1 56 0
2696.03 0 3 1 1 0 0 3 1 56 0
2697.17 0 4 1 1 0 0 4 1 55 0
2704.33 0 3 1 1 0 0 3 1 56 0
2706.04 0 2 1 1 0 0 2 1 57 0
2770.12 0 3 1 1 0 0 3 1 56 0
2771.96 0 2 1 1 0 0 2 1 57 0
2782.01 0 1 1 1 0 0 1 1 58 0
2820.05 0 1 0 0 0 1 1 1 58 0
2834.34 0 2 0 0 1 1 1 0 58 0
2836.63 0 1 0 0 1 1 0 0 59 0
2841.25 0 2 0 0 1 1 1 0 58 0
2899.56 0 3 0 0 1 1 2 0 57 0
2908.3 0 4 0 0 1 1 3 0 56 0
2922.88 0 4 0 0 2 2 2 0 56 0
2926.21 0 3 0 0 2 2 1 0 57 0
2926.93 0 4 0 0 2 2 2 0 56 0
2948.32 1 5 0 0 1 2 2 0 56 0
2949.95 1 4 0 0 1 2 1 0 57 0
2961.99 1 3 0 0 0 2 1 1 57 0
2963.43 0 2 0 0 1 2 1 1 57 0
2971.5 0 2 1 1 1 1 1 1 57 0
2975.02 0 3 1 1 1 1 2 1 56 0
2975.02 0 3 1 1 1 1 2 1 56 0
