0 60 120 60 60 0 0 0 0 0 0
0.0193183 60 120 59 59 0 1 0 0 0 0
0.0428443 60 120 58 58 0 2 0 0 0 0
0.045395 59 119 58 58 1 2 0 0 0 0
0.0816317 59 119 57 57 1 3 0 0 0 0
0.084775 58 118 57 57 2 3 0 0 0 0
0.0911081 57 117 57 57 3 3 0 0 0 0
0.11193 57 117 56 56 3 4 0 0 0 0
0.124912 56 116 56 56 4 4 0 0 0 0
0.139281 56 116 57 57 4 3 0 0 0 0
0.141723 55 115 57 57 5 3 0 0 0 0
0.158155 54 114 57 57 6 3 0 0 0 0
0.179134 54 114 56 56 6 4 0 0 0 0
0.186238 54 113 56 56 5 4 0 1 0 0
0.198642 53 112 56 56 6 4 0 1 0 0
0.204343 53 112 55 55 6 5 0 1 0 0
0.217638 53 112 54 54 6 6 0 1 0 0
0.23425 52 111 54 54 7 6 0 1 0 0
0.238422 51 110 54 54 8 6 0 1 0 0
0.261647 51 110 53 53 8 7 0 1 0 0
0.29436 51 109 53 53 7 7 0 2 0 0
0.311318 51 109 52 52 7 8 0 2 0 0
0.323613 50 108 52 52 8 8 0 2 0 0
0.332641 50 108 51 51 8 9 0 2 0 0
0.334465 50 108 50 50 8 10 0 2 0 0
0.33748 50 108 49 49 8 11 0 2 0 0
0.337707 49 107 49 49 9 11 0 2 0 0
0.339368 48 106 49 49 10 11 0 2 0 0
0.342635 47 105 49 49 11 11 0 2 0 0
0.36888 46 104 49 49 12 11 0 2 0 0
0.374823 46 104 49 49 11 10 1 2 0 0
0.377343 45 103 49 49 12 10 1 2 0 0
0.382178 44 102 49 49 13 10 1 2 0 0
0.389657 43 101 49 49 14 10 1 2 0 0
0.40931 43 100 49 49 14 10 0 2 1 0
0.429427 42 99 49 49 15 10 0 2 1 0
0.432674 42 99 48 48 15 11 0 2 1 0
0.46644 41 98 48 48 16 11 0 2 1 0
0.498646 41 98 47 47 16 12 0 2 1 0
0.54012 40 97 47 47 17 12 0 2 1 0
0.549382 40 96 47 47 16 12 0 3 1 0
0.554191 40 96 46 46 16 13 0 3 1 0
0.614614 40 96 45 45 16 14 0 3 1 0
0.619269 40 95 45 45 15 14 0 4 1 0
0.653223 40 94 45 45 14 14 0 5 1 0
0.702219 40 93 45 45 13 14 0 6 1 0
0.705818 40 92 45 45 12 14 0 7 1 0
0.707118 40 92 44 44 12 15 0 7 1 0
0.752729 40 92 43 43 12 16 0 7 1 0
0.807547 39 91 43 43 13 16 0 7 1 0
0.825703 38 90 43 43 14 16 0 7 1 0
0.829829 37 89 43 43 15 16 0 7 1 0
0.830019 37 88 43 43 14 16 0 8 1 0
0.84443 36 87 43 43 15 16 0 8 1 0
0.853566 36 87 42 42 15 17 0 8 1 0
0.888912 35 86 42 42 16 17 0 8 1 0
0.903317 35 85 42 42 15 17 0 9 1 0
0.907853 35 85 41 41 15 18 0 9 1 0
0.918476 35 85 40 40 15 19 0 9 1 0
0.939137 35 85 40 40 14 18 1 9 1 0
0.952237 34 84 40 40 15 18 1 9 1 0
0.962653 33 83 40 40 16 18 1 9 1 0
0.983437 33 83 39 39 16 19 1 9 1 0
0.984469 33 83 38 38 16 20 1 9 1 0
1.03077 32 82 38 38 17 20 1 9 1 0
1.03319 32 82 37 37 17 21 1 9 1 0
1.05528 32 82 37 37 16 20 2 9 1 0
1.06143 31 81 37 37 17 20 2 9 1 0
1.07083 30 80 37 37 18 20 2 9 1 0
1.08621 29 79 37 37 19 20 2 9 1 0
1.08979 29 78 37 37 19 20 1 9 2 0
1.10425 28 77 37 37 20 20 1 9 2 0
1.11439 27 76 37 37 21 20 1 9 2 0
1.11667 26 75 37 37 22 20 1 9 2 0
1.11796 25 74 37 37 23 20 1 9 2 0
1.1918 25 74 36 36 23 21 1 9 2 0
1.19835 25 73 36 36 22 21 1 10 2 0
1.20144 24 72 36 36 23 21 1 10 2 0
1.23812 24 71 36 36 22 21 1 11 2 0
1.24891 24 71 35 35 22 22 1 11 2 0
1.25285 24 71 34 34 22 23 1 11 2 0
1.25528 23 70 34 34 23 23 1 11 2 0
1.28956 23 69 34 34 22 23 1 12 2 0
1.30246 23 69 34 34 22 22 1 11 2 1
1.30385 22 68 34 34 23 22 1 11 2 1
1.34071 22 67 34 34 22 22 1 12 2 1
1.34506 22 66 34 34 21 22 1 13 2 1
1.39501 22 66 33 33 21 23 1 13 2 1
1.44457 21 65 33 33 22 23 1 13 2 1
1.45126 20 64 33 33 23 23 1 13 2 1
1.47875 20 63 33 33 22 23 1 14 2 1
1.49236 19 62 33 33 23 23 1 14 2 1
1.51176 19 62 33 33 22 22 2 14 2 1
1.54538 19 61 33 33 21 22 2 15 2 1
1.57685 18 60 33 33 22 22 2 15 2 1
1.63732 17 59 33 33 23 22 2 15 2 1
1.65541 16 58 33 33 24 22 2 15 2 1
1.67895 16 57 33 33 23 22 2 16 2 1
1.68861 15 56 33 33 24 22 2 16 2 1
1.69594 15 55 33 33 23 22 2 17 2 1
1.74179 14 54 33 33 24 22 2 17 2 1
1.7647 13 53 33 33 25 22 2 17 2 1
1.7686 13 52 33 33 24 22 2 18 2 1
1.78432 12 51 33 33 25 22 2 18 2 1
1.79286 12 51 32 32 25 23 2 18 2 1
1.84722 12 51 31 31 25 24 2 18 2 1
1.89164 12 50 31 31 24 24 2 19 2 1
1.92953 12 49 31 31 23 24 2 20 2 1
1.96524 12 48 31 31 22 24 2 21 2 1
1.98513 12 47 31 31 21 24 2 22 2 1
1.99936 12 46 31 31 20 24 2 23 2 1
2.00015 12 46 30 30 20 25 2 23 2 1
2.00889 12 46 30 30 19 24 3 23 2 1
2.09839 12 45 30 30 19 24 2 23 3 1
2.12147 12 45 30 30 19 23 2 22 3 2
2.18055 12 45 30 30 19 22 2 21 3 3
2.18154 12 44 30 30 18 22 2 22 3 3
2.18421 12 44 30 30 18 21 2 21 3 4
2.22046 12 43 30 30 18 21 1 21 4 4
2.22296 12 43 29 29 18 22 1 21 4 4
2.42962 11 42 29 29 19 22 1 21 4 4
2.4711 11 42 28 28 19 23 1 21 4 4
2.6762 11 41 28 28 18 23 1 22 4 4
2.77983 11 41 27 27 18 24 1 22 4 4
2.81855 11 40 27 27 17 24 1 23 4 4
2.91397 10 39 27 27 18 24 1 23 4 4
2.95407 9 38 27 27 19 24 1 23 4 4
3.00011 9 38 26 26 19 25 1 23 4 4
3.02674 9 38 26 26 18 24 2 23 4 4
3.03894 9 38 25 25 18 25 2 23 4 4
3.08464 8 37 25 25 19 25 2 23 4 4
3.08607 8 37 25 25 18 24 3 23 4 4
3.09912 8 37 25 25 18 23 3 22 4 5
3.17263 8 37 24 24 18 24 3 22 4 5
3.21034 8 37 23 23 18 25 3 22 4 5
3.25383 8 36 23 23 18 25 2 22 5 5
3.31036 8 36 23 23 18 24 2 21 5 6
3.32311 8 36 23 23 17 23 3 21 5 6
3.35247 8 36 23 23 17 22 3 20 5 7
3.36893 7 35 23 23 18 22 3 20 5 7
3.39844 7 35 23 23 18 21 3 19 5 8
3.50571 6 34 23 23 19 21 3 19 5 8
3.77944 6 33 23 23 18 21 3 20 5 8
3.85848 6 32 23 23 17 21 3 21 5 8
4.04974 5 31 23 23 18 21 3 21 5 8
4.06907 5 31 23 23 17 20 4 21 5 8
4.2293 5 30 23 23 16 20 4 22 5 8
4.24195 5 30 23 23 16 19 4 21 5 9
4.2745 4 29 23 23 17 19 4 21 5 9
4.45175 4 29 22 22 17 20 4 21 5 9
4.54297 4 28 22 22 16 20 4 22 5 9
4.57788 4 27 22 22 15 20 4 23 5 9
4.65205 4 27 22 22 14 19 5 23 5 9
4.65344 5 28 22 22 13 19 5 23 5 9
4.74021 5 28 22 22 13 18 5 22 5 10
4.74088 5 28 22 22 13 17 5 21 5 11
4.7774 5 28 21 21 13 18 5 21 5 11
4.78114 5 27 21 21 12 18 5 22 5 11
4.80845 5 27 20 20 12 19 5 22 5 11
4.92839 5 27 20 20 12 18 5 21 5 12
5.03164 5 27 21 21 12 17 5 21 5 12
5.16151 5 27 21 21 11 16 6 21 5 12
5.19534 4 26 21 21 12 16 6 21 5 12
5.31966 4 26 20 20 12 17 6 21 5 12
5.51033 4 26 19 19 12 18 6 21 5 12
5.58888 4 26 19 19 11 17 7 21 5 12
5.60596 3 25 19 19 12 17 7 21 5 12
5.60647 3 25 18 18 12 18 7 21 5 12
5.68503 3 26 18 18 13 18 7 20 5 12
5.85904 3 26 18 18 13 17 7 19 5 13
5.88995 3 26 17 17 13 18 7 19 5 13
5.93039 3 26 17 17 12 17 8 19 5 13
6.04716 3 25 17 17 11 17 8 20 5 13
6.04936 2 24 17 17 12 17 8 20 5 13
6.06791 2 24 16 16 12 18 8 20 5 13
6.09417 2 24 15 15 12 19 8 20 5 13
6.26538 2 25 15 15 13 19 8 19 5 13
6.33181 2 25 15 15 13 18 8 18 5 14
6.77336 2 25 15 15 13 17 8 17 5 15
6.97201 2 25 14 14 13 18 8 17 5 15
7.29169 2 24 14 14 12 18 8 18 5 15
7.36422 2 24 14 14 12 17 8 17 5 16
7.42693 2 23 14 14 11 17 8 18 5 16
7.75566 2 23 14 14 11 18 8 19 5 15
7.83703 2 23 14 14 10 17 9 19 5 15
7.87581 2 23 13 13 10 18 9 19 5 15
8.00245 2 22 13 13 10 18 8 19 6 15
8.07789 2 21 13 13 9 18 8 20 6 15
8.08516 2 20 13 13 8 18 8 21 6 15
8.14587 2 20 13 13 8 17 8 20 6 16
8.19101 2 19 13 13 8 17 7 20 7 16
8.2073 2 19 13 13 8 16 7 19 7 17
8.35421 2 18 13 13 8 16 6 19 8 17
8.4017 2 17 13 13 8 16 5 19 9 17
8.73046 2 17 13 13 8 15 5 18 9 18
8.84524 2 17 12 12 8 16 5 18 9 18
8.9861 2 17 12 12 8 17 5 19 9 17
9.57705 2 18 12 12 9 17 5 18 9 17
9.68597 2 18 11 11 9 18 5 18 9 17
9.69509 2 18 12 12 9 17 5 18 9 17
9.88718 2 18 12 12 9 16 5 17 9 18
10.2129 2 17 12 12 8 16 5 18 9 18
10.2146 2 17 12 12 8 15 5 17 9 19
10.4873 2 17 13 13 8 14 5 17 9 19
10.8219 2 17 13 13 8 13 5 16 9 20
10.8836 2 17 13 13 8 12 5 15 9 21
11.2062 2 16 13 13 7 12 5 16 9 21
11.2721 2 15 13 13 6 12 5 17 9 21
11.2807 2 14 13 13 6 12 4 17 10 21
11.3104 2 14 12 12 6 13 4 17 10 21
11.5689 2 14 12 12 5 12 5 17 10 21
11.892 2 14 12 12 5 11 5 16 10 22
12.1503 2 14 11 11 5 12 5 16 10 22
12.2512 2 14 11 11 5 11 5 15 10 23
12.5309 2 14 11 11 5 10 5 14 10 24
12.6154 2 13 11 11 4 10 5 15 10 24
13.0106 2 13 11 11 4 9 5 14 10 25
13.5435 2 13 10 10 4 10 5 14 10 25
13.7585 2 12 10 10 4 10 4 14 11 25
14.3357 2 12 10 10 4 9 4 13 11 26
14.9827 3 13 10 10 3 9 4 13 11 26
15.2535 3 13 9 9 3 10 4 13 11 26
15.5267 3 13 8 8 3 11 4 13 11 26
15.5994 3 12 8 8 3 11 3 13 12 26
15.806 3 12 8 8 3 10 3 12 12 27
16.0962 4 13 8 8 2 10 3 12 12 27
16.102 4 13 8 8 2 9 3 11 12 28
16.3772 4 13 7 7 2 10 3 11 12 28
16.4278 3 12 7 7 3 10 3 11 12 28
17.3992 3 12 6 6 3 11 3 11 12 28
17.5423 4 13 6 6 2 11 3 11 12 28
17.6552 4 13 6 6 2 12 3 12 12 27
17.828 4 14 6 6 3 12 3 11 12 27
18.6087 3 13 6 6 4 12 3 11 12 27
19.1301 3 13 6 6 3 11 4 11 12 27
19.2859 3 12 6 6 3 11 3 11 13 27
20.3851 2 11 6 6 4 11 3 11 13 27
20.5717 2 11 6 6 4 10 3 10 13 28
21.3065 2 10 6 6 3 10 3 11 13 28
21.3887 2 10 6 6 3 9 3 10 13 29
22.9264 2 10 6 6 2 8 4 10 13 29
23.2834 1 9 6 6 3 8 4 10 13 29
23.3425 1 9 6 6 3 9 4 11 13 28
23.857 2 10 6 6 2 9 4 11 13 28
25.3019 2 9 6 6 1 9 4 12 13 28
25.3389 2 9 6 6 1 8 4 11 13 29
26.272 2 9 6 6 1 7 4 10 13 30
26.5496 2 10 6 6 2 7 4 9 13 30
26.8722 2 10 6 6 2 6 4 8 13 31
26.988 2 10 7 7 2 5 4 8 13 31
27.0417 2 9 7 7 2 5 3 8 14 31
28.9013 2 9 7 7 2 6 3 9 14 30
29.2916 2 9 7 7 2 5 3 8 14 31
29.8072 2 9 7 7 2 4 3 7 14 32
32.2995 2 9 6 6 2 5 3 7 14 32
33.0364 1 8 6 6 3 5 3 7 14 32
33.5115 1 8 6 6 3 6 3 8 14 31
35.1452 1 7 6 6 3 6 2 8 15 31
35.3589 1 6 6 6 2 6 2 9 15 31
36.8604 1 6 6 6 2 7 2 10 15 30
37.04 0 5 6 6 3 7 2 10 15 30
37.5058 0 5 6 6 3 8 2 11 15 29
37.7162 0 5 5 5 3 9 2 11 15 29
37.9484 0 4 5 5 3 9 1 11 16 29
38.1206 0 4 5 5 3 8 1 10 16 30
38.1669 1 5 5 5 2 8 1 10 16 30
38.2382 1 5 5 5 2 9 1 11 16 29
38.5371 1 5 5 5 2 8 1 10 16 30
38.8523 1 5 5 5 2 9 1 11 16 29
41.8414 1 5 5 5 2 8 1 10 16 30
42.784 1 5 5 5 2 7 1 9 16 31
43.0623 1 6 5 5 3 7 1 8 16 31
44.6978 1 7 5 5 4 7 1 7 16 31
46.8862 1 7 5 5 4 8 1 8 16 30
48.2696 1 7 4 4 4 9 1 8 16 30
48.6244 1 7 4 4 4 10 1 9 16 29
49.6006 1 7 4 4 4 11 1 10 16 28
49.7559 1 8 4 4 5 11 1 9 16 28
51.3934 1 7 4 4 4 11 1 10 16 28
53.13 1 7 5 5 4 10 1 10 16 28
53.23 1 7 5 5 4 11 1 11 16 27
53.6417 1 7 5 5 4 10 1 10 16 28
53.6841 1 7 5 5 4 11 1 11 16 27
54.8194 1 7 5 5 4 10 1 10 16 28
54.8341 1 7 4 4 4 11 1 10 16 28
55.7854 1 7 4 4 3 10 2 10 16 28
56.2681 1 8 4 4 4 10 2 9 16 28
56.3373 1 8 4 4 4 9 2 8 16 29
56.6898 1 8 4 4 4 10 2 9 16 28
57.3586 1 8 4 4 4 9 2 8 16 29
59.3689 1 9 4 4 5 9 2 7 16 29
59.7973 1 9 4 4 4 8 3 7 16 29
59.9452 1 9 4 4 3 7 4 7 16 29
59.95 1 9 4 4 3 8 4 8 16 28
60.3232 0 8 4 4 4 8 4 8 16 28
60.6539 0 7 4 4 3 8 4 9 16 28
60.6737 0 7 4 4 3 9 4 10 16 27
62.8684 0 7 4 4 3 10 4 11 16 26
62.9141 0 7 4 4 2 9 5 11 16 26
63.4027 0 7 4 4 2 10 5 12 16 25
64.2585 0 7 4 4 2 9 5 11 16 26
65.6977 0 7 4 4 2 8 5 10 16 27
66.3563 0 7 4 4 2 9 5 11 16 26
68.308 0 7 4 4 2 10 5 12 16 25
68.3987 0 6 4 4 1 10 5 13 16 25
68.8198 0 6 4 4 1 11 5 14 16 24
70.1107 0 6 4 4 1 12 5 15 16 23
71.7417 0 7 4 4 2 12 5 14 16 23
74.3831 0 7 3 3 2 13 5 14 16 23
74.5777 0 7 3 3 2 12 5 13 16 24
76.1035 0 6 3 3 2 12 4 13 17 24
76.1927 0 6 3 3 2 13 4 14 17 23
77.1986 0 7 3 3 3 13 4 13 17 23
77.2512 0 7 3 3 3 14 4 14 17 22
77.2799 0 7 3 3 3 13 4 13 17 23
77.3335 0 7 3 3 2 12 5 13 17 23
77.4326 0 7 3 3 2 13 5 14 17 22
77.6027 0 6 3 3 2 13 4 14 18 22
77.6599 0 6 3 3 2 12 4 13 18 23
77.6861 0 6 3 3 2 11 4 12 18 24
77.7104 0 6 3 3 2 10 4 11 18 25
78.0357 0 6 2 2 2 11 4 11 18 25
78.7949 0 6 2 2 2 10 4 10 18 26
78.9001 0 5 2 2 1 10 4 11 18 26
79.226 0 5 2 2 1 9 4 10 18 27
79.4259 0 5 2 2 1 8 4 9 18 28
79.8097 0 5 2 2 1 7 4 8 18 29
80.2207 0 6 2 2 2 7 4 7 18 29
80.9366 0 6 2 2 2 6 4 6 18 30
81.2701 0 6 2 2 2 5 4 5 18 31
81.5361 0 6 3 3 2 4 4 5 18 31
82.3717 0 6 4 4 2 3 4 5 18 31
83.0577 0 6 3 3 2 4 4 5 18 31
83.4546 0 6 3 3 2 3 4 4 18 32
83.7674 0 6 3 3 2 4 4 5 18 31
86.5522 0 6 3 3 2 5 4 6 18 30
86.5751 0 6 3 3 3 6 3 6 18 30
86.8586 0 5 3 3 3 6 2 6 19 30
88.3518 1 6 3 3 2 6 2 6 19 30
89.0447 1 6 3 3 2 7 2 7 19 29
89.0668 1 5 3 3 2 7 1 7 20 29
89.9099 2 6 3 3 1 7 1 7 20 29
90.1607 2 6 3 3 1 8 1 8 20 28
91.2397 2 6 3 3 0 7 2 8 20 28
91.9325 2 6 3 3 0 8 2 9 20 27
92.5387 2 6 3 3 0 7 2 8 20 28
93.1926 2 6 3 3 0 8 2 9 20 27
93.4299 2 6 3 3 0 9 2 10 20 26
93.4846 2 6 3 3 0 8 2 9 20 27
94.4096 2 7 3 3 0 8 3 9 19 27
94.4187 2 7 3 3 0 7 3 8 19 28
95.2652 2 7 3 3 0 8 3 9 19 27
95.3013 1 6 3 3 1 8 3 9 19 27
96.5571 1 5 3 3 1 8 2 9 20 27
96.9761 2 6 3 3 0 8 2 9 20 27
97.083 2 6 3 3 0 7 2 8 20 28
97.2758 2 6 3 3 0 6 2 7 20 29
99.3569 2 6 4 4 0 5 2 7 20 29
100.91 2 6 4 4 0 4 2 6 20 30
101.311 2 6 4 4 0 5 2 7 20 29
102.549 2 6 3 3 0 6 2 7 20 29
102.727 2 6 3 3 0 7 2 8 20 28
102.731 2 6 3 3 0 6 2 7 20 29
103.093 2 6 3 3 0 7 2 8 20 28
103.136 2 6 3 3 0 8 2 9 20 27
103.557 2 6 3 3 0 9 2 10 20 26
104.325 2 6 3 3 0 10 2 11 20 25
104.392 2 6 3 3 0 9 2 10 20 26
104.418 2 6 2 2 0 10 2 10 20 26
105.031 2 6 2 2 0 9 2 9 20 27
105.318 2 6 2 2 0 8 2 8 20 28
107.448 2 6 2 2 0 7 2 7 20 29
108.079 2 5 2 2 0 7 1 7 21 29
111.987 2 5 2 2 0 8 1 8 21 28
112.532 2 5 2 2 0 9 1 9 21 27
113.404 2 5 2 2 0 10 1 10 21 26
113.539 2 5 2 2 0 9 1 9 21 27
114.024 2 5 2 2 0 10 1 10 21 26
114.258 2 5 2 2 0 9 1 9 21 27
114.492 2 6 2 2 1 9 1 8 21 27
115.706 2 6 2 2 1 8 1 7 21 28
116.126 2 6 2 2 1 7 1 6 21 29
117.433 2 6 2 2 1 6 1 5 21 30
117.645 2 5 2 2 0 6 1 6 21 30
118.253 2 5 2 2 0 5 1 5 21 31
118.617 2 5 2 2 0 4 1 4 21 32
119.566 2 5 2 2 0 5 1 5 21 31
119.942 2 5 2 2 0 6 1 6 21 30
119.943 2 5 2 2 0 7 1 7 21 29
120.318 2 5 3 3 0 6 1 7 21 29
121.13 1 4 3 3 1 6 1 7 21 29
122.168 1 4 3 3 1 5 1 6 21 30
124.088 1 4 3 3 1 6 1 7 21 29
126.383 1 4 3 3 1 7 1 8 21 28
128.372 1 4 3 3 1 8 1 9 21 27
128.837 1 4 3 3 1 7 1 8 21 28
130.452 1 3 3 3 0 7 1 9 21 28
130.62 1 3 3 3 0 6 1 8 21 29
131.042 1 3 3 3 0 7 1 9 21 28
131.497 1 3 3 3 0 6 1 8 21 29
131.657 1 3 3 3 0 5 1 7 21 30
132.476 1 3 3 3 0 4 1 6 21 31
134.788 1 3 3 3 0 3 1 5 21 32
136.33 1 3 3 3 0 2 1 4 21 33
136.385 0 2 3 3 1 2 1 4 21 33
136.919 0 2 3 3 1 3 1 5 21 32
142.234 0 2 2 2 1 4 1 5 21 32
142.738 0 2 2 2 1 3 1 4 21 33
142.859 0 2 2 2 1 4 1 5 21 32
146.309 0 2 1 1 1 5 1 5 21 32
146.929 0 2 1 1 1 6 1 6 21 31
148.204 0 2 1 1 1 7 1 7 21 30
148.452 0 2 1 1 1 6 1 6 21 31
150.464 0 2 2 2 1 5 1 6 21 31
150.735 0 2 2 2 1 6 1 7 21 30
151.153 0 2 2 2 1 7 1 8 21 29
153.176 0 2 2 2 1 6 1 7 21 30
153.187 0 2 2 2 1 5 1 6 21 31
154.355 0 2 2 2 1 4 1 5 21 32
155.458 0 2 3 3 1 3 1 5 21 32
156.97 0 1 3 3 1 3 0 5 22 32
157.379 0 2 3 3 1 3 1 5 21 32
159.822 0 3 3 3 2 3 1 4 21 32
160.633 0 3 2 2 2 4 1 4 21 32
162.648 0 3 2 2 2 5 1 5 21 31
165.22 0 3 2 2 2 6 1 6 21 30
166.739 0 3 2 2 2 5 1 5 21 31
167.357 0 3 1 1 2 6 1 5 21 31
167.95 0 3 1 1 2 7 1 6 21 30
168.736 0 3 1 1 2 6 1 5 21 31
169.447 0 2 1 1 1 6 1 6 21 31
173.685 0 2 1 1 1 7 1 7 21 30
174.989 0 2 1 1 0 6 2 7 21 30
175.098 0 2 1 1 0 7 2 8 21 29
176.231 0 2 1 1 0 6 2 7 21 30
176.255 0 2 1 1 0 7 2 8 21 29
177.036 0 2 1 1 0 8 2 9 21 28
177.044 0 3 1 1 1 8 2 8 21 28
178.713 0 3 1 1 1 7 2 7 21 29
179.056 0 3 1 1 1 6 2 6 21 30
181.392 0 3 1 1 1 7 2 7 21 29
183.205 0 3 1 1 1 6 2 6 21 30
184.803 0 3 1 1 1 7 2 7 21 29
185.841 0 3 1 1 1 8 2 8 21 28
186.479 0 3 1 1 1 9 2 9 21 27
187.793 0 3 0 0 1 10 2 9 21 27
187.863 0 3 0 0 1 9 2 8 21 28
188.237 0 3 0 0 1 8 2 7 21 29
189.634 0 3 1 1 1 7 2 7 21 29
189.821 0 3 1 1 2 8 1 7 21 29
189.929 0 3 1 1 2 9 1 8 21 28
191.184 0 3 1 1 2 8 1 7 21 29
191.737 0 3 1 1 2 7 1 6 21 30
191.765 0 3 1 1 2 8 1 7 21 29
192.065 0 3 1 1 2 9 1 8 21 28
194.952 0 3 1 1 2 10 1 9 21 27
195.457 0 3 1 1 2 9 1 8 21 28
196.836 0 3 1 1 2 10 1 9 21 27
196.897 0 3 1 1 2 9 1 8 21 28
197.394 0 3 1 1 2 8 1 7 21 29
198.419 0 3 1 1 2 9 1 8 21 28
199.13 0 3 1 1 2 8 1 7 21 29
199.202 0 3 1 1 1 7 2 7 21 29
200.104 0 3 1 1 1 6 2 6 21 30
200.7 0 3 1 1 1 5 2 5 21 31
201.154 0 4 1 1 2 5 2 4 21 31
205.188 0 4 1 1 2 6 2 5 21 30
205.405 0 5 1 1 3 6 2 4 21 30
207.911 0 5 1 1 3 7 2 5 21 29
209.187 0 5 1 1 3 8 2 6 21 28
209.81 0 4 1 1 2 8 2 7 21 28
210.223 0 4 1 1 2 9 2 8 21 27
210.838 0 4 1 1 2 10 2 9 21 26
211.122 0 4 1 1 2 9 2 8 21 27
212.039 0 4 1 1 2 8 2 7 21 28
212.272 0 4 2 2 2 7 2 7 21 28
212.369 0 3 2 2 1 7 2 8 21 28
212.552 0 3 2 2 1 8 2 9 21 27
213.898 0 3 2 2 1 7 2 8 21 28
213.938 0 3 2 2 1 8 2 9 21 27
214.608 0 4 2 2 2 8 2 8 21 27
215.741 0 4 2 2 2 7 2 7 21 28
216.291 0 4 2 2 1 6 3 7 21 28
219.745 0 5 2 2 2 6 3 6 21 28
219.917 0 5 2 2 2 5 3 5 21 29
220.862 0 5 2 2 2 4 3 4 21 30
221.578 0 5 1 1 2 5 3 4 21 30
223.165 0 5 1 1 2 6 3 5 21 29
223.4 0 5 1 1 2 7 3 6 21 28
224.396 0 5 1 1 1 6 4 6 21 28
227.025 0 4 1 1 1 6 3 6 22 28
227.426 0 4 1 1 1 7 3 7 22 27
228.781 0 4 1 1 1 6 3 6 22 28
229.044 0 4 1 1 1 5 3 5 22 29
229.43 0 4 1 1 1 6 3 6 22 28
231.101 0 3 1 1 0 6 3 7 22 28
232.176 0 3 2 2 0 5 3 7 22 28
232.713 0 3 2 2 0 6 3 8 22 27
233.455 0 3 2 2 0 7 3 9 22 26
234.049 0 3 2 2 0 6 3 8 22 27
234.127 0 3 2 2 0 7 3 9 22 26
234.584 0 3 2 2 0 6 3 8 22 27
234.657 0 3 2 2 0 7 3 9 22 26
235.461 0 3 2 2 0 8 3 10 22 25
235.722 0 3 2 2 0 9 3 11 22 24
235.884 0 3 2 2 0 10 3 12 22 23
236.004 0 3 2 2 0 9 3 11 22 24
236.201 0 3 2 2 0 8 3 10 22 25
236.207 0 3 2 2 0 7 3 9 22 26
236.837 0 3 2 2 0 8 3 10 22 25
237.879 0 4 2 2 1 8 3 9 22 25
237.985 0 5 2 2 2 8 3 8 22 25
239.374 0 5 2 2 2 7 3 7 22 26
239.824 0 6 2 2 3 7 3 6 22 26
241.228 0 6 2 2 2 6 4 6 22 26
241.248 0 5 2 2 2 6 3 6 23 26
244.244 0 5 3 3 2 5 3 6 23 26
244.819 0 5 3 3 2 6 3 7 23 25
245.555 0 5 3 3 2 7 3 8 23 24
245.845 0 4 3 3 2 7 2 8 24 24
246.113 0 4 3 3 2 6 2 7 24 25
246.145 1 5 3 3 1 6 2 7 24 25
246.158 1 5 3 3 1 7 2 8 24 24
246.549 1 5 3 3 1 8 2 9 24 23
247.535 1 4 3 3 1 8 1 9 25 23
247.833 1 4 3 3 1 7 1 8 25 24
247.968 2 5 3 3 0 7 1 8 25 24
249.334 1 4 3 3 1 7 1 8 25 24
251.648 1 4 3 3 1 8 1 9 25 23
251.964 1 4 3 3 1 7 1 8 25 24
252.02 1 5 3 3 2 7 1 7 25 24
252.932 1 5 3 3 2 8 1 8 25 23
254.021 1 5 3 3 2 9 1 9 25 22
254.051 1 5 4 4 2 8 1 9 25 22
254.141 2 6 4 4 1 8 1 9 25 22
254.262 2 6 4 4 1 7 1 8 25 23
255.81 2 6 4 4 1 8 1 9 25 22
257.119 2 6 3 3 1 9 1 9 25 22
257.553 2 6 3 3 1 10 1 10 25 21
258.945 2 6 3 3 1 11 1 11 25 20
258.973 2 7 3 3 2 11 1 10 25 20
259.494 2 8 3 3 3 11 1 9 25 20
260.01 2 8 3 3 3 10 1 8 25 21
260.113 2 8 3 3 3 9 1 7 25 22
260.621 2 8 3 3 3 8 1 6 25 23
260.862 2 8 3 3 3 7 1 5 25 24
262.218 1 7 3 3 4 7 1 5 25 24
262.958 1 7 3 3 4 6 1 4 25 25
262.985 1 6 3 3 3 6 1 5 25 25
265 1 6 3 3 3 7 1 6 25 24
265.003 1 6 3 3 3 8 1 7 25 23
265.579 1 6 3 3 2 7 2 7 25 23
265.791 2 7 3 3 1 7 2 7 25 23
266.844 2 7 3 3 1 6 2 6 25 24
267.605 2 7 3 3 1 5 2 5 25 25
269.497 2 7 3 3 1 4 2 4 25 26
271.178 2 7 4 4 1 3 2 4 25 26
272.89 2 8 4 4 2 3 2 3 25 26
274.561 1 7 4 4 3 3 2 3 25 26
277.333 1 8 4 4 4 3 2 2 25 26
277.85 1 8 4 4 4 4 2 3 25 25
280.544 1 8 4 4 4 5 2 4 25 24
280.682 1 7 4 4 3 5 2 5 25 24
282.208 1 7 4 4 3 6 2 6 25 23
282.415 1 6 4 4 3 6 1 6 26 23
282.766 1 6 4 4 3 7 1 7 26 22
283.876 1 6 3 3 3 8 1 7 26 22
283.945 0 5 3 3 4 8 1 7 26 22
284.153 0 5 3 3 3 7 2 7 26 22
285.053 0 4 3 3 3 7 1 7 27 22
285.49 0 4 3 3 3 6 1 6 27 23
286.007 0 4 3 3 3 7 1 7 27 22
288.813 0 4 3 3 3 8 1 8 27 21
289.483 0 3 3 3 2 8 1 9 27 21
289.62 0 3 3 3 2 7 1 8 27 22
289.748 0 3 3 3 2 6 1 7 27 23
291.114 0 3 3 3 2 7 1 8 27 22
292.793 0 3 3 3 1 6 2 8 27 22
293.906 0 3 3 3 1 5 2 7 27 23
294.015 0 3 3 3 0 4 3 7 27 23
294.68 0 4 3 3 1 4 3 6 27 23
294.849 0 4 3 3 1 5 3 7 27 22
295.255 0 4 3 3 1 6 3 8 27 21
295.418 0 4 3 3 1 5 3 7 27 22
295.438 0 3 3 3 1 5 2 7 28 22
295.964 0 4 3 3 2 5 2 6 28 22
296.411 0 3 3 3 1 5 2 7 28 22
297.465 0 3 3 3 1 6 2 8 28 21
301.676 0 3 3 3 1 7 2 9 28 20
301.742 0 3 3 3 1 8 2 10 28 19
302.698 0 3 3 3 1 9 2 11 28 18
303.643 0 3 3 3 1 8 2 10 28 19
303.924 0 3 3 3 1 7 2 9 28 20
304.292 0 3 2 2 1 8 2 9 28 20
304.544 0 3 2 2 1 7 2 8 28 21
306.425 0 3 2 2 1 6 2 7 28 22
308.566 0 3 1 1 1 7 2 7 28 22
310.344 0 3 1 1 1 8 2 8 28 21
310.548 0 3 1 1 0 7 3 8 28 21
311.905 0 3 1 1 0 8 3 9 28 20
313.364 0 3 1 1 0 9 3 10 28 19
314.189 0 3 1 1 0 10 3 11 28 18
315.622 0 4 1 1 1 10 3 10 28 18
316.002 0 4 1 1 1 9 3 9 28 19
316.406 0 4 1 1 1 8 3 8 28 20
319.804 0 4 1 1 1 9 3 9 28 19
320.733 0 4 1 1 1 8 3 8 28 20
321.388 0 4 1 1 0 7 4 8 28 20
321.725 0 4 1 1 0 6 4 7 28 21
324.782 0 4 1 1 0 5 4 6 28 22
325.181 0 4 1 1 0 4 4 5 28 23
325.458 0 4 1 1 0 5 4 6 28 22
327.29 0 3 1 1 0 5 3 6 29 22
327.737 0 2 1 1 0 5 2 6 30 22
332.054 0 1 1 1 0 5 1 6 31 22
332.318 0 1 1 1 0 4 1 5 31 23
332.43 0 1 1 1 0 3 1 4 31 24
336.145 0 1 1 1 0 2 1 3 31 25
350.628 0 1 1 1 0 3 1 4 31 24
353.421 0 1 1 1 0 4 1 5 31 23
355.77 0 1 1 1 0 3 1 4 31 24
357.057 0 1 1 1 0 4 1 5 31 23
358.061 0 0 1 1 0 4 0 5 32 23
358.95 0 0 2 2 0 3 0 5 32 23
362.271 0 0 2 2 0 4 0 6 32 22
362.718 0 0 2 2 0 5 0 7 32 21
362.853 0 1 2 2 1 5 0 6 32 21
363.173 0 1 2 2 1 4 0 5 32 22
363.979 0 1 2 2 1 5 0 6 32 21
366.187 0 1 2 2 1 6 0 7 32 20
366.947 0 1 2 2 0 5 1 7 32 20
367.035 0 1 3 3 0 4 1 7 32 20
368.967 0 1 2 2 0 5 1 7 32 20
369.79 0 1 2 2 0 4 1 6 32 21
370.068 0 1 2 2 0 5 1 7 32 20
370.237 0 1 2 2 0 4 1 6 32 21
374.217 0 1 2 2 1 5 0 6 32 21
374.728 0 1 2 2 1 6 0 7 32 20
375.778 0 1 2 2 1 5 0 6 32 21
375.845 0 1 2 2 1 6 0 7 32 20
385.703 0 1 2 2 1 7 0 8 32 19
386.421 0 1 2 2 1 8 0 9 32 18
387.537 0 1 2 2 1 7 0 8 32 19
390.419 0 1 2 2 1 8 0 9 32 18
390.575 0 1 2 2 1 7 0 8 32 19
391.15 0 1 2 2 1 6 0 7 32 20
392.479 0 1 3 3 1 5 0 7 32 20
392.646 0 2 3 3 2 5 0 6 32 20
393.226 0 2 3 3 2 4 0 5 32 21
393.364 0 2 4 4 2 3 0 5 32 21
395.263 0 2 4 4 2 4 0 6 32 20
395.934 0 2 4 4 2 3 0 5 32 21
398.149 0 2 4 4 2 2 0 4 32 22
404.084 0 2 4 4 2 3 0 5 32 21
404.802 0 2 4 4 2 4 0 6 32 20
406.555 0 3 4 4 3 4 0 5 32 20
406.997 0 3 4 4 3 5 0 6 32 19
407.712 0 3 3 3 3 6 0 6 32 19
410.227 1 4 3 3 2 6 0 6 32 19
410.303 1 4 3 3 2 7 0 7 32 18
410.428 1 4 3 3 2 6 0 6 32 19
411.626 1 3 3 3 1 6 0 7 32 19
414.928 1 3 3 3 1 5 0 6 32 20
415.137 1 3 3 3 1 6 0 7 32 19
415.602 1 3 3 3 1 7 0 8 32 18
417.415 1 3 3 3 1 8 0 9 32 17
417.939 1 4 3 3 2 8 0 8 32 17
418.981 1 5 3 3 3 8 0 7 32 17
421.306 1 5 3 3 3 7 0 6 32 18
422.102 1 5 4 4 3 6 0 6 32 18
423.228 1 5 5 5 3 5 0 6 32 18
424.451 0 4 5 5 4 5 0 6 32 18
425.181 0 4 5 5 4 6 0 7 32 17
428.611 0 4 5 5 4 5 0 6 32 18
429.485 0 4 5 5 4 6 0 7 32 17
430.066 0 4 5 5 3 5 1 7 32 17
430.77 0 4 5 5 3 6 1 8 32 16
431.353 0 4 5 5 3 5 1 7 32 17
433.933 0 3 5 5 2 5 1 8 32 17
435.404 0 4 5 5 3 5 1 7 32 17
437.402 0 4 5 5 3 4 1 6 32 18
437.811 0 5 5 5 3 4 2 6 31 18
439.572 0 5 5 5 3 5 2 7 31 17
440.264 0 5 5 5 2 4 3 7 31 17
441.424 0 5 5 5 2 5 3 8 31 16
441.516 0 5 5 5 2 4 3 7 31 17
442.067 0 5 5 5 1 3 4 7 31 17
442.584 0 5 4 4 1 4 4 7 31 17
442.597 0 5 5 5 1 3 4 7 31 17
443.175 0 4 5 5 1 3 3 7 32 17
443.794 0 4 4 4 1 4 3 7 32 17
444.289 0 4 3 3 1 5 3 7 32 17
444.356 0 3 3 3 1 5 2 7 33 17
444.971 0 3 2 2 1 6 2 7 33 17
445.745 0 3 2 2 1 7 2 8 33 16
446.051 0 3 3 3 1 6 2 8 33 16
447.607 0 3 3 3 1 5 2 7 33 17
448.98 0 3 3 3 1 4 2 6 33 18
450.24 0 3 3 3 1 5 2 7 33 17
450.789 0 3 3 3 1 6 2 8 33 16
451.201 0 3 3 3 1 5 2 7 33 17
452.521 0 3 3 3 1 4 2 6 33 18
452.961 0 3 3 3 1 5 2 7 33 17
454.463 0 3 3 3 1 6 2 8 33 16
454.98 0 3 3 3 1 7 2 9 33 15
457.154 0 3 3 3 1 6 2 8 33 16
465.141 0 3 3 3 1 7 2 9 33 15
466.303 0 3 3 3 1 8 2 10 33 14
466.356 0 3 3 3 1 9 2 11 33 13
466.388 0 3 3 3 1 8 2 10 33 14
466.621 0 3 4 4 1 7 2 10 33 14
468.488 0 3 3 3 1 8 2 10 33 14
470.183 0 3 3 3 1 7 2 9 33 15
471.016 0 3 3 3 1 6 2 8 33 16
472.514 0 3 3 3 0 5 3 8 33 16
474.125 0 3 3 3 0 6 3 9 33 15
474.654 0 3 4 4 0 5 3 9 33 15
476.417 0 3 4 4 0 4 3 8 33 16
477.048 0 3 4 4 0 3 3 7 33 17
480.712 0 2 4 4 0 3 2 7 34 17
482.063 0 1 4 4 0 3 1 7 35 17
483.286 0 1 4 4 0 2 1 6 35 18
483.356 0 1 4 4 0 3 1 7 35 17
484.982 0 1 4 4 0 4 1 8 35 16
485.499 0 1 4 4 0 3 1 7 35 17
487.111 0 1 4 4 0 2 1 6 35 18
493.219 0 2 4 4 1 2 1 5 35 18
494.545 0 2 3 3 1 3 1 5 35 18
494.624 0 2 3 3 1 4 1 6 35 17
495.107 0 2 3 3 1 3 1 5 35 18
495.157 0 2 2 2 1 4 1 5 35 18
498.227 0 2 2 2 1 5 1 6 35 17
498.866 0 2 2 2 1 4 1 5 35 18
498.941 0 2 2 2 1 3 1 4 35 19
499.132 0 2 1 1 1 4 1 4 35 19
500.371 0 2 1 1 1 3 1 3 35 20
503.458 0 2 1 1 1 4 1 4 35 19
503.987 0 2 1 1 1 3 1 3 35 20
504.549 0 2 1 1 1 2 1 2 35 21
509.995 0 2 1 1 1 3 1 3 35 20
511.68 0 2 1 1 1 4 1 4 35 19
511.826 0 3 1 1 2 4 1 3 35 19
511.881 1 4 1 1 1 4 1 3 35 19
512.619 1 4 1 1 1 5 1 4 35 18
514.581 1 4 1 1 1 4 1 3 35 19
518.126 1 4 1 1 1 3 1 2 35 20
519.906 1 4 1 1 1 2 1 1 35 21
520.226 1 4 0 0 1 3 1 1 35 21
521.007 1 4 0 0 1 4 1 2 35 20
523.118 1 4 0 0 1 5 1 3 35 19
523.372 1 4 0 0 1 6 1 4 35 18
523.483 1 4 0 0 0 5 2 4 35 18
523.79 1 4 0 0 0 6 2 5 35 17
525.68 1 5 0 0 1 6 2 4 35 17
525.983 1 5 0 0 1 5 2 3 35 18
530.205 1 4 0 0 0 5 2 4 35 18
530.46 1 4 0 0 0 6 2 5 35 17
530.908 1 4 0 0 0 7 2 6 35 16
532.166 1 4 0 0 0 6 2 5 35 17
532.591 1 4 0 0 0 7 2 6 35 16
532.874 1 4 0 0 0 8 2 7 35 15
532.93 1 4 0 0 0 7 2 6 35 16
535.037 1 4 0 0 0 8 2 7 35 15
536.495 1 4 0 0 0 9 2 8 35 14
536.952 1 4 0 0 0 8 2 7 35 15
537.763 1 4 0 0 0 7 2 6 35 16
538.768 1 4 0 0 0 6 2 5 35 17
539.557 1 4 0 0 0 5 2 4 35 18
543.384 1 4 0 0 0 6 2 5 35 17
543.516 1 4 0 0 0 7 2 6 35 16
545.213 1 4 0 0 0 8 2 7 35 15
547.241 1 4 0 0 0 7 2 6 35 16
547.264 1 4 0 0 0 8 2 7 35 15
547.287 1 4 0 0 0 7 2 6 35 16
548.751 1 4 0 0 0 8 2 7 35 15
552.011 1 4 0 0 0 7 2 6 35 16
552.615 0 3 0 0 1 7 2 6 35 16
553.889 0 3 0 0 1 8 2 7 35 15
554.093 0 3 1 1 1 7 2 7 35 15
554.441 0 3 1 1 1 6 2 6 35 16
556.187 0 3 1 1 1 5 2 5 35 17
556.227 0 3 1 1 1 6 2 6 35 16
556.762 0 3 2 2 1 5 2 6 35 16
560.732 0 3 2 2 1 6 2 7 35 15
561.699 0 3 2 2 1 7 2 8 35 14
562.08 0 4 2 2 2 7 2 7 35 14
562.113 0 4 2 2 2 8 2 8 35 13
562.217 0 4 2 2 2 9 2 9 35 12
562.391 0 4 2 2 2 10 2 10 35 11
563.19 0 3 2 2 2 10 1 10 36 11
563.558 0 3 2 2 2 9 1 9 36 12
564.612 0 3 2 2 2 8 1 8 36 13
565.484 1 4 2 2 1 8 1 8 36 13
567.873 1 4 2 2 1 7 1 7 36 14
569.219 1 4 2 2 1 8 1 8 36 13
569.564 1 4 2 2 1 7 1 7 36 14
572.386 1 4 3 3 1 6 1 7 36 14
573.671 1 5 3 3 2 6 1 6 36 14
575.192 1 5 3 3 2 5 1 5 36 15
575.946 1 6 3 3 3 5 1 4 36 15
577.051 1 5 3 3 3 5 0 4 37 15
578.018 1 4 3 3 2 5 0 5 37 15
580.711 1 4 3 3 2 4 0 4 37 16
582.526 1 4 3 3 2 5 0 5 37 15
584.525 1 4 4 4 2 4 0 5 37 15
587.872 1 4 4 4 2 5 0 6 37 14
592.319 1 4 4 4 2 4 0 5 37 15
595.645 1 4 4 4 2 3 0 4 37 16
600.957 1 4 3 3 2 4 0 4 37 16
601.577 1 4 3 3 2 3 0 3 37 17
608.054 1 4 3 3 2 2 0 2 37 18
608.186 1 4 2 2 2 3 0 2 37 18
613.445 1 3 2 2 1 3 0 3 37 18
613.731 1 3 2 2 1 2 0 2 37 19
614.63 1 3 2 2 1 3 0 3 37 18
621.247 1 3 1 1 1 4 0 3 37 18
622.035 1 4 1 1 2 4 0 2 37 18
623.645 1 4 1 1 2 5 0 3 37 17
623.878 1 4 1 1 2 6 0 4 37 16
624.269 1 4 1 1 1 5 1 4 37 16
625.951 1 4 1 1 1 6 1 5 37 15
626.04 1 4 1 1 1 5 1 4 37 16
628.519 0 3 1 1 2 5 1 4 37 16
628.828 0 3 1 1 2 4 1 3 37 17
631.648 0 3 2 2 2 3 1 3 37 17
632.61 0 2 2 2 1 3 1 4 37 17
632.889 0 3 2 2 2 3 1 3 37 17
634.899 0 3 2 2 2 4 1 4 37 16
635.249 0 2 2 2 1 4 1 5 37 16
637.68 0 2 3 3 1 3 1 5 37 16
638.496 0 2 3 3 1 2 1 4 37 17
639.718 0 2 3 3 1 1 1 3 37 18
640.208 0 2 3 3 1 2 1 4 37 17
644.331 0 2 3 3 1 3 1 5 37 16
644.968 0 2 3 3 1 4 1 6 37 15
645.375 0 2 2 2 1 5 1 6 37 15
645.814 0 2 2 2 1 6 1 7 37 14
646.835 0 2 2 2 1 7 1 8 37 13
647.173 0 2 2 2 1 6 1 7 37 14
649.084 0 2 2 2 1 7 1 8 37 13
649.364 0 2 2 2 1 8 1 9 37 12
650.99 1 3 2 2 0 8 1 9 37 12
652.019 1 3 2 2 0 7 1 8 37 13
652.657 1 3 2 2 0 6 1 7 37 14
653.033 1 3 2 2 0 7 1 8 37 13
653.5 1 3 2 2 0 6 1 7 37 14
656.161 1 3 2 2 0 5 1 6 37 15
656.674 1 3 2 2 0 6 1 7 37 14
658.829 1 3 2 2 0 7 1 8 37 13
659.376 1 3 2 2 0 8 1 9 37 12
659.652 1 3 2 2 0 7 1 8 37 13
666.665 1 3 2 2 0 6 1 7 37 14
669.506 1 3 2 2 0 5 1 6 37 15
670.619 1 3 2 2 0 6 1 7 37 14
671.003 1 3 2 2 0 7 1 8 37 13
671.208 1 3 2 2 0 6 1 7 37 14
671.949 1 3 1 1 0 7 1 7 37 14
674.066 1 3 1 1 0 8 1 8 37 13
674.673 1 3 1 1 0 9 1 9 37 12
676.467 1 3 1 1 0 8 1 8 37 13
676.956 1 3 1 1 0 9 1 9 37 12
677.216 1 4 1 1 1 9 1 8 37 12
679.494 1 4 1 1 1 8 1 7 37 13
679.778 1 4 1 1 1 7 1 6 37 14
681.031 1 4 1 1 1 6 1 5 37 15
683.097 1 3 1 1 1 6 0 5 38 15
683.381 1 3 1 1 1 5 0 4 38 16
684.098 1 3 1 1 1 6 0 5 38 15
684.617 1 3 1 1 1 5 0 4 38 16
684.903 1 3 2 2 1 4 0 4 38 16
685.037 1 3 2 2 1 5 0 5 38 15
690.712 1 3 3 3 1 4 0 5 38 15
691.205 1 3 3 3 1 3 0 4 38 16
692.53 1 3 3 3 1 2 0 3 38 17
699.245 1 3 3 3 1 3 0 4 38 16
699.921 1 3 3 3 1 4 0 5 38 15
701.012 1 3 3 3 1 3 0 4 38 16
702.294 1 3 3 3 1 4 0 5 38 15
702.328 1 3 3 3 1 3 0 4 38 16
702.454 1 3 3 3 1 2 0 3 38 17
703.208 1 3 2 2 1 3 0 3 38 17
704.688 1 3 2 2 1 4 0 4 38 16
706.294 1 2 2 2 0 4 0 5 38 16
707.653 1 2 2 2 0 3 0 4 38 17
710.027 1 3 2 2 0 3 1 4 37 17
711.02 1 3 2 2 0 2 1 3 37 18
717.6 1 3 2 2 0 3 1 4 37 17
718.038 1 3 2 2 0 4 1 5 37 16
718.232 1 3 2 2 0 3 1 4 37 17
722.264 1 3 2 2 0 4 1 5 37 16
722.286 1 3 2 2 0 5 1 6 37 15
722.999 1 3 3 3 0 4 1 6 37 15
724.86 1 2 3 3 0 4 0 6 38 15
728.447 1 2 3 3 0 3 0 5 38 16
730.088 1 2 2 2 0 4 0 5 38 16
730.902 1 2 2 2 0 3 0 4 38 17
734.09 1 2 2 2 0 2 0 3 38 18
735.047 1 2 2 2 0 3 0 4 38 17
737.501 1 2 2 2 0 2 0 3 38 18
737.994 1 2 2 2 0 3 0 4 38 17
739.311 1 3 2 2 1 3 0 3 38 17
739.323 1 3 2 2 1 4 0 4 38 16
743.34 1 3 2 2 1 5 0 5 38 15
744.686 0 2 2 2 2 5 0 5 38 15
747.895 0 2 3 3 2 4 0 5 38 15
747.946 0 2 3 3 1 3 1 5 38 15
749.447 0 3 3 3 2 3 1 4 38 15
750.261 0 3 3 3 2 4 1 5 38 14
750.65 0 3 3 3 2 5 1 6 38 13
753.817 0 2 3 3 1 5 1 7 38 13
754.074 0 2 3 3 1 6 1 8 38 12
755.265 0 2 3 3 0 5 2 8 38 12
755.365 0 2 2 2 0 6 2 8 38 12
755.731 0 2 2 2 0 5 2 7 38 13
757.811 0 3 2 2 0 5 3 7 37 13
757.834 0 3 2 2 0 6 3 8 37 12
761.68 0 3 2 2 0 7 3 9 37 11
762.534 0 3 2 2 0 6 3 8 37 12
762.846 0 3 2 2 0 7 3 9 37 11
764.703 0 3 2 2 0 8 3 10 37 10
765.37 0 3 2 2 0 7 3 9 37 11
769.265 0 3 2 2 0 8 3 10 37 10
769.509 0 3 2 2 0 7 3 9 37 11
769.841 0 3 2 2 0 6 3 8 37 12
770.962 0 3 2 2 0 7 3 9 37 11
771.233 0 3 2 2 0 6 3 8 37 12
771.888 0 3 2 2 0 5 3 7 37 13
773.485 0 3 2 2 0 4 3 6 37 14
775.951 0 2 2 2 0 4 2 6 38 14
776.32 0 2 2 2 1 5 1 6 38 14
776.857 0 2 2 2 1 6 1 7 38 13
778.244 0 2 2 2 1 7 1 8 38 12
778.53 0 2 2 2 1 8 1 9 38 11
778.593 0 2 2 2 1 7 1 8 38 12
778.932 0 2 2 2 1 6 1 7 38 13
779.905 0 2 2 2 1 5 1 6 38 14
781.808 1 3 2 2 0 5 1 6 38 14
784.328 1 3 1 1 0 6 1 6 38 14
787.008 1 3 1 1 0 7 1 7 38 13
787.612 1 3 2 2 0 6 1 7 38 13
787.912 1 3 2 2 0 5 1 6 38 14
788.136 1 3 2 2 0 4 1 5 38 15
789.119 1 3 2 2 0 3 1 4 38 16
789.202 1 3 2 2 0 4 1 5 38 15
791.282 1 3 2 2 0 5 1 6 38 14
792.967 1 3 1 1 0 6 1 6 38 14
793.806 1 3 1 1 0 7 1 7 38 13
794.076 1 3 1 1 0 6 1 6 38 14
794.988 1 3 1 1 0 7 1 7 38 13
795.057 1 3 1 1 0 6 1 6 38 14
795.228 1 3 1 1 0 5 1 5 38 15
796.252 1 3 1 1 0 4 1 4 38 16
796.325 1 3 1 1 0 5 1 5 38 15
798.661 1 3 1 1 0 4 1 4 38 16
799.224 1 3 1 1 0 5 1 5 38 15
799.718 1 4 1 1 1 5 1 4 38 15
801.47 1 5 1 1 2 5 1 3 38 15
810.534 1 5 1 1 2 6 1 4 38 14
810.732 1 5 1 1 2 7 1 5 38 13
810.991 1 4 1 1 2 7 0 5 39 13
811.366 1 3 1 1 1 7 0 6 39 13
813.217 1 3 1 1 1 6 0 5 39 14
813.378 1 3 1 1 0 5 1 5 39 14
814.006 1 3 2 2 0 4 1 5 39 14
814.34 1 3 2 2 0 5 1 6 39 13
814.758 1 3 2 2 0 6 1 7 39 12
817.996 1 3 2 2 0 5 1 6 39 13
818.096 1 3 1 1 0 6 1 6 39 13
821.104 1 3 1 1 0 5 1 5 39 14
823.883 1 3 1 1 0 6 1 6 39 13
826.934 1 3 1 1 0 7 1 7 39 12
827.881 1 3 1 1 0 6 1 6 39 13
828.611 1 3 1 1 0 5 1 5 39 14
830.025 1 3 2 2 0 4 1 5 39 14
831.495 1 3 2 2 0 3 1 4 39 15
832.267 1 3 2 2 0 2 1 3 39 16
834.272 1 3 2 2 0 3 1 4 39 15
835.553 1 3 2 2 0 2 1 3 39 16
842.863 1 3 2 2 0 1 1 2 39 17
843.385 1 3 2 2 0 2 1 3 39 16
843.496 1 3 2 2 0 3 1 4 39 15
844.49 1 3 1 1 0 4 1 4 39 15
844.549 1 3 1 1 0 5 1 5 39 14
848.181 1 3 1 1 0 4 1 4 39 15
848.629 1 3 2 2 0 3 1 4 39 15
855.116 1 3 2 2 0 4 1 5 39 14
857.056 1 4 2 2 1 4 1 4 39 14
858.383 0 3 2 2 2 4 1 4 39 14
862.892 0 3 2 2 2 5 1 5 39 13
863.891 1 4 2 2 1 5 1 5 39 13
866.165 1 4 2 2 1 4 1 4 39 14
866.614 1 4 2 2 1 5 1 5 39 13
869.128 1 4 2 2 1 4 1 4 39 14
874.297 1 4 2 2 1 3 1 3 39 15
875.218 1 4 2 2 1 4 1 4 39 14
878.477 1 5 2 2 2 4 1 3 39 14
879.61 1 5 2 2 2 5 1 4 39 13
880.204 1 5 2 2 2 4 1 3 39 14
881.704 1 5 2 2 2 5 1 4 39 13
882.432 1 4 2 2 2 5 0 4 40 13
885.075 1 5 2 2 3 5 0 3 40 13
887.537 2 6 2 2 2 5 0 3 40 13
889.751 2 6 3 3 2 4 0 3 40 13
890.572 2 6 3 3 1 3 1 3 40 13
891.369 1 5 3 3 2 3 1 3 40 13
891.622 1 5 3 3 2 4 1 4 40 12
893.276 1 5 4 4 2 3 1 4 40 12
894.141 1 5 4 4 2 2 1 3 40 13
894.149 1 5 5 5 2 1 1 3 40 13
894.493 2 6 5 5 1 1 1 3 40 13
895.556 2 6 5 5 1 2 1 4 40 12
897.729 1 5 5 5 2 2 1 4 40 12
898.08 1 5 5 5 2 3 1 5 40 11
899.033 1 5 4 4 2 4 1 5 40 11
899.497 1 5 3 3 2 5 1 5 40 11
900.697 1 5 3 3 2 6 1 6 40 10
901.011 1 5 3 3 2 5 1 5 40 11
902.021 1 5 3 3 2 6 1 6 40 10
903.58 1 5 2 2 2 7 1 6 40 10
904.934 1 5 2 2 2 8 1 7 40 9
906.763 1 5 2 2 1 7 2 7 40 9
907.07 1 5 2 2 1 6 2 6 40 10
907.342 1 5 2 2 1 5 2 5 40 11
912.022 1 5 2 2 1 6 2 6 40 10
912.077 1 5 2 2 1 7 2 7 40 9
913.017 1 5 2 2 1 6 2 6 40 10
913.263 1 5 3 3 1 5 2 6 40 10
914.236 1 5 3 3 1 4 2 5 40 11
915.096 1 5 3 3 1 5 2 6 40 10
915.378 1 4 3 3 1 5 1 6 41 10
919.044 1 3 3 3 1 5 0 6 42 10
921.712 1 3 3 3 1 6 0 7 42 9
921.98 2 4 3 3 0 6 0 7 42 9
922.213 2 4 2 2 0 7 0 7 42 9
922.677 2 4 2 2 0 6 0 6 42 10
922.69 2 4 2 2 0 7 0 7 42 9
924.251 2 5 2 2 1 7 0 6 42 9
925.517 2 5 2 2 0 6 1 6 42 9
929.171 2 5 2 2 0 5 1 5 42 10
929.255 1 4 2 2 1 5 1 5 42 10
931.405 1 4 2 2 1 4 1 4 42 11
932.667 1 4 1 1 1 5 1 4 42 11
937.577 0 3 1 1 2 5 1 4 42 11
938.13 0 3 1 1 3 6 0 4 42 11
938.13 0 3 1 1 3 5 0 3 42 12
938.256 0 3 1 1 2 4 1 3 42 12
938.793 0 3 1 1 1 3 2 3 42 12
938.95 0 4 1 1 2 3 2 2 42 12
939.485 0 4 1 1 2 4 2 3 42 11
940.2 1 5 1 1 1 4 2 3 42 11
940.3 1 6 1 1 2 4 2 2 42 11
941.946 1 5 1 1 2 4 1 2 43 11
943.571 1 5 1 1 2 5 1 3 43 10
945.056 1 5 1 1 2 4 1 2 43 11
948.281 1 4 1 1 1 4 1 3 43 11
949.477 2 5 1 1 0 4 1 3 43 11
950.064 1 4 1 1 1 4 1 3 43 11
951.236 1 4 1 1 1 5 1 4 43 10
955.227 1 4 1 1 1 4 1 3 43 11
956.786 1 4 1 1 0 3 2 3 43 11
957.144 1 4 1 1 0 2 2 2 43 12
961.726 1 4 1 1 0 3 2 3 43 11
963.303 1 3 1 1 0 3 1 3 44 11
967.583 1 3 1 1 0 2 1 2 44 12
967.8 1 3 1 1 0 3 1 3 44 11
968.355 1 3 1 1 0 4 1 4 44 10
969.63 1 3 1 1 0 3 1 3 44 11
974.942 0 2 1 1 1 3 1 3 44 11
974.993 0 2 1 1 1 4 1 4 44 10
976.298 0 2 1 1 1 3 1 3 44 11
976.373 0 2 1 1 1 2 1 2 44 12
977.748 0 2 1 1 1 3 1 3 44 11
981.393 0 2 1 1 1 2 1 2 44 12
983.049 0 3 1 1 1 2 2 2 43 12
984.666 0 2 1 1 1 2 1 2 44 12
986.761 0 3 1 1 2 2 1 1 44 12
988.614 0 3 1 1 2 3 1 2 44 11
994.806 0 3 1 1 1 2 2 2 44 11
995.178 0 3 1 1 1 1 2 1 44 12
998.203 0 3 1 1 1 2 2 2 44 11
1002.31 0 2 1 1 0 2 2 3 44 11
1003.48 0 2 1 1 0 3 2 4 44 10
1005.82 0 2 1 1 0 4 2 5 44 9
1006.06 0 2 1 1 0 3 2 4 44 10
1008.24 0 3 1 1 0 3 3 4 43 10
1009.54 0 3 2 2 0 2 3 4 43 10
1010.72 0 3 2 2 0 1 3 3 43 11
1015.69 0 3 2 2 0 2 3 4 43 10
1017.54 0 3 2 2 0 3 3 5 43 9
1020.21 0 2 2 2 0 3 2 5 44 9
1020.49 0 2 2 2 0 4 2 6 44 8
1021.92 0 2 2 2 0 3 2 5 44 9
1023.33 0 3 2 2 1 3 2 4 44 9
1025 0 3 2 2 1 2 2 3 44 10
1025.18 0 3 2 2 1 3 2 4 44 9
1028.13 0 2 2 2 1 3 1 4 45 9
1033.44 0 2 2 2 1 4 1 5 45 8
1040.04 0 2 3 3 1 3 1 5 45 8
1040.33 0 2 3 3 1 4 1 6 45 7
1049.52 0 2 3 3 1 3 1 5 45 8
1051.36 0 2 3 3 2 4 0 5 45 8
1051.78 0 2 2 2 2 5 0 5 45 8
1052.02 0 2 1 1 2 6 0 5 45 8
1058.73 0 2 1 1 2 5 0 4 45 9
1059.19 0 2 1 1 2 4 0 3 45 10
1061.01 0 2 1 1 2 5 0 4 45 9
1064.36 0 2 1 1 2 6 0 5 45 8
1067.99 0 3 1 1 3 6 0 4 45 8
1068.81 1 4 1 1 2 6 0 4 45 8
1071.24 1 4 1 1 2 5 0 3 45 9
1072.58 2 5 1 1 1 5 0 3 45 9
1073.27 2 5 2 2 1 4 0 3 45 9
1074.66 2 5 2 2 1 5 0 4 45 8
1077.51 2 5 2 2 1 4 0 3 45 9
1078.19 2 5 2 2 0 3 1 3 45 9
1078.89 1 4 2 2 1 3 1 3 45 9
1079.31 1 4 3 3 1 2 1 3 45 9
1082.52 1 4 3 3 1 3 1 4 45 8
1083.77 1 3 3 3 1 3 0 4 46 8
1089.08 1 3 3 3 1 2 0 3 46 9
1090.35 1 4 3 3 1 2 1 3 45 9
1097.45 1 4 3 3 1 3 1 4 45 8
1098.69 1 4 2 2 1 4 1 4 45 8
1099.79 1 4 2 2 0 3 2 4 45 8
1100.39 1 4 2 2 0 4 2 5 45 7
1101.19 1 4 2 2 0 3 2 4 45 8
1103.74 1 4 2 2 0 2 2 3 45 9
1103.93 1 4 2 2 0 3 2 4 45 8
1108.2 1 3 2 2 0 3 1 4 46 8
1111.7 1 3 2 2 0 4 1 5 46 7
1114.01 0 2 2 2 1 4 1 5 46 7
1119.55 0 2 2 2 1 3 1 4 46 8
1120.88 0 2 2 2 1 2 1 3 46 9
1121.04 0 1 2 2 1 2 0 3 47 9
1122.55 0 1 1 1 1 3 0 3 47 9
1124.63 0 1 1 1 1 2 0 2 47 10
1126.39 0 1 1 1 1 3 0 3 47 9
1134.01 0 1 1 1 1 2 0 2 47 10
1135.08 0 1 1 1 1 3 0 3 47 9
1138.42 0 2 1 1 2 3 0 2 47 9
1140.36 0 2 1 1 1 2 1 2 47 9
1140.99 0 2 1 1 1 3 1 3 47 8
1143.4 0 2 1 1 1 4 1 4 47 7
1144.06 0 3 1 1 1 4 2 4 46 7
1144.21 0 3 1 1 0 3 3 4 46 7
1145.88 0 3 1 1 0 2 3 3 46 8
1152.91 0 3 1 1 0 3 3 4 46 7
1154.65 0 3 1 1 0 4 3 5 46 6
1167.22 0 3 1 1 0 3 3 4 46 7
1167.49 0 4 1 1 1 3 3 3 46 7
1168.95 0 4 1 1 1 2 3 2 46 8
1169.17 0 3 1 1 1 2 2 2 47 8
1181.77 0 3 0 0 1 3 2 2 47 8
1184.69 0 3 0 0 1 4 2 3 47 7
1185.59 0 3 0 0 1 5 2 4 47 6
1188.1 0 3 0 0 1 4 2 3 47 7
1188.67 0 2 0 0 1 4 1 3 48 7
1194.69 0 2 0 0 1 3 1 2 48 8
1194.87 0 2 0 0 1 4 1 3 48 7
1195.1 0 2 0 0 1 5 1 4 48 6
1195.13 0 2 0 0 1 4 1 3 48 7
1199.79 0 1 0 0 1 4 0 3 49 7
1206.18 0 1 0 0 1 5 0 4 49 6
1206.61 0 1 0 0 1 4 0 3 49 7
1210.94 0 1 0 0 1 5 0 4 49 6
1211.54 0 1 0 0 1 6 0 5 49 5
1215 0 2 0 0 1 6 1 5 48 5
1222.96 0 2 0 0 1 5 1 4 48 6
1223.68 0 2 0 0 1 4 1 3 48 7
1238.52 1 3 0 0 0 4 1 3 48 7
1244.26 1 3 0 0 0 3 1 2 48 8
1245.61 1 3 0 0 0 4 1 3 48 7
1247.83 1 3 0 0 0 5 1 4 48 6
1251.5 1 3 0 0 0 4 1 3 48 7
1252.43 1 3 0 0 0 3 1 2 48 8
1256.53 1 3 0 0 0 4 1 3 48 7
1257.83 1 4 0 0 0 4 2 3 47 7
1258.27 1 4 0 0 0 5 2 4 47 6
1260.98 1 5 0 0 0 5 3 4 46 6
1261.08 1 5 0 0 0 4 3 3 46 7
1262.91 1 6 0 0 1 4 3 2 46 7
1264.75 1 6 1 1 1 3 3 2 46 7
1266.36 1 5 1 1 1 3 2 2 47 7
1266.65 1 4 1 1 1 3 1 2 48 7
1267.16 1 4 1 1 1 4 1 3 48 6
1268.17 0 3 1 1 2 4 1 3 48 6
1271.74 0 3 1 1 2 3 1 2 48 7
1293.13 0 3 1 1 2 4 1 3 48 6
1296.78 0 2 1 1 1 4 1 4 48 6
1301.14 0 2 1 1 1 5 1 5 48 5
1302.98 0 2 1 1 1 4 1 4 48 6
1303.86 0 1 1 1 1 4 0 4 49 6
1310.24 0 1 2 2 1 3 0 4 49 6
1310.49 0 1 2 2 1 2 0 3 49 7
1315.22 0 1 2 2 1 3 0 4 49 6
1327.49 0 1 2 2 1 4 0 5 49 5
1328.68 0 1 2 2 1 3 0 4 49 6
1331.37 0 1 2 2 0 2 1 4 49 6
1331.99 0 1 2 2 0 1 1 3 49 7
1337.52 0 1 2 2 0 2 1 4 49 6
1343.72 0 1 2 2 0 3 1 5 49 5
1344.8 0 1 2 2 0 2 1 4 49 6
1348.63 0 1 2 2 0 3 1 5 49 5
1354.06 0 2 2 2 0 3 2 5 48 5
1354.12 0 2 2 2 0 2 2 4 48 6
1356.02 0 2 2 2 0 1 2 3 48 7
1356.27 0 2 2 2 0 0 2 2 48 8
1359.3 0 2 1 1 0 1 2 2 48 8
1359.82 0 3 1 1 1 1 2 1 48 8
1362.68 0 2 1 1 1 1 1 1 49 8
1367.86 0 2 1 1 1 2 1 2 49 7
1368.13 0 2 1 1 1 3 1 3 49 6
1368.35 0 2 1 1 1 2 1 2 49 7
1379.66 0 2 1 1 1 3 1 3 49 6
1381.03 0 2 1 1 1 2 1 2 49 7
1383.91 0 2 1 1 1 3 1 3 49 6
1387.24 0 2 1 1 1 2 1 2 49 7
1391.75 0 2 1 1 1 3 1 3 49 6
1391.97 0 2 2 2 1 2 1 3 49 6
1395.52 0 2 2 2 1 3 1 4 49 5
1395.78 0 2 2 2 1 4 1 5 49 4
1398.47 0 3 2 2 2 4 1 4 49 4
1401.31 0 4 2 2 3 4 1 3 49 4
1401.49 0 4 2 2 2 3 2 3 49 4
1404.19 0 3 2 2 1 3 2 4 49 4
1406.99 0 3 3 3 1 2 2 4 49 4
1407.24 0 2 3 3 1 2 1 4 50 4
1408.72 0 2 3 3 1 3 1 5 50 3
1409.83 0 2 4 4 1 2 1 5 50 3
1410.99 0 2 4 4 0 1 2 5 50 3
1419.52 0 2 3 3 0 2 2 5 50 3
1424.64 0 2 3 3 0 1 2 4 50 4
1428.76 0 2 3 3 1 2 1 4 50 4
1433.66 0 1 3 3 1 2 0 4 51 4
1442.6 0 1 4 4 1 1 0 4 51 4
1447.82 0 1 4 4 1 2 0 5 51 3
1449.47 0 1 4 4 1 1 0 4 51 4
1450.01 0 1 4 4 1 2 0 5 51 3
1452.44 0 2 4 4 2 2 0 4 51 3
1461.56 0 3 4 4 2 2 1 4 50 3
1465.8 0 2 4 4 1 2 1 5 50 3
1468.09 0 2 3 3 1 3 1 5 50 3
1469.04 0 2 2 2 1 4 1 5 50 3
1469.19 0 2 2 2 1 3 1 4 50 4
1470.09 0 2 3 3 1 2 1 4 50 4
1471.26 0 3 3 3 2 2 1 3 50 4
1472.15 0 3 3 3 2 3 1 4 50 3
1475.22 0 3 2 2 2 4 1 4 50 3
1477 0 3 2 2 2 3 1 3 50 4
1479.62 0 3 2 2 2 2 1 2 50 5
1487.52 0 3 3 3 2 1 1 2 50 5
1489.56 0 3 4 4 2 0 1 2 50 5
1495.24 0 2 4 4 2 0 0 2 51 5
1497.69 1 3 4 4 1 0 0 2 51 5
1504.3 1 2 4 4 0 0 0 3 51 5
1508.65 1 2 3 3 0 1 0 3 51 5
1508.96 1 2 3 3 0 2 0 4 51 4
1512.24 1 3 3 3 0 2 1 4 50 4
1512.88 1 2 3 3 0 2 0 4 51 4
1512.89 1 2 4 4 0 1 0 4 51 4
1513.08 1 3 4 4 1 1 0 3 51 4
1515.99 1 3 5 5 1 0 0 3 51 4
1517.45 2 4 5 5 0 0 0 3 51 4
1518.2 1 3 5 5 1 0 0 3 51 4
1523.2 1 3 4 4 1 1 0 3 51 4
1524.73 1 3 3 3 1 2 0 3 51 4
1525.59 1 3 2 2 1 3 0 3 51 4
1525.84 1 3 2 2 1 4 0 4 51 3
1527.51 1 3 2 2 1 3 0 3 51 4
1529.66 1 4 2 2 1 3 1 3 50 4
1529.76 1 4 2 2 1 4 1 4 50 3
1537.71 1 5 2 2 2 4 1 3 50 3
1538.65 1 4 2 2 1 4 1 4 50 3
1540.2 1 4 2 2 1 3 1 3 50 4
1540.77 1 4 2 2 1 2 1 2 50 5
1550.67 1 5 2 2 2 2 1 1 50 5
1554.9 1 4 2 2 1 2 1 2 50 5
1557.57 1 4 2 2 1 3 1 3 50 4
1563.26 1 3 2 2 1 3 0 3 51 4
1563.59 1 3 2 2 1 2 0 2 51 5
1567.29 2 4 2 2 0 2 0 2 51 5
1569.48 1 3 2 2 1 2 0 2 51 5
1571 2 4 2 2 0 2 0 2 51 5
1580.29 1 3 2 2 1 2 0 2 51 5
1580.49 1 4 2 2 1 2 1 2 50 5
1580.7 1 4 2 2 1 3 1 3 50 4
1582.62 1 4 2 2 1 4 1 4 50 3
1583.13 1 4 2 2 0 3 2 4 50 3
1585.6 1 3 2 2 0 3 1 4 51 3
1587.17 1 3 2 2 0 2 1 3 51 4
1587.75 1 4 2 2 1 2 1 2 51 4
1599.75 0 3 2 2 2 2 1 2 51 4
1606.25 0 3 2 2 2 1 1 1 51 5
1606.57 0 2 2 2 1 1 1 2 51 5
1608.14 0 2 2 2 1 2 1 3 51 4
1610.07 0 2 2 2 0 1 2 3 51 4
1615.38 0 1 2 2 0 1 1 3 52 4
1622.69 0 1 1 1 0 2 1 3 52 4
1624.41 0 1 2 2 0 1 1 3 52 4
1632.08 0 1 2 2 0 2 1 4 52 3
1647.02 0 1 2 2 0 1 1 3 52 4
1650.01 0 2 2 2 1 1 1 2 52 4
1658.33 1 3 2 2 0 1 1 2 52 4
1660.04 1 4 2 2 1 1 1 1 52 4
1661.2 1 3 2 2 1 1 0 1 53 4
1661.79 1 4 2 2 1 1 1 1 52 4
1673.74 1 4 2 2 1 2 1 2 52 3
1674.92 1 4 1 1 1 3 1 2 52 3
1678.08 1 4 2 2 1 2 1 2 52 3
1680.63 1 4 1 1 1 3 1 2 52 3
1683.28 1 4 0 0 1 4 1 2 52 3
1687.89 1 5 0 0 2 4 1 1 52 3
1690.98 1 5 0 0 2 3 1 0 52 4
1691.4 0 4 0 0 3 3 1 0 52 4
1691.58 0 4 0 0 2 2 2 0 52 4
1692.63 0 4 0 0 2 3 2 1 52 3
1695.94 0 3 0 0 1 3 2 2 52 3
1698.33 1 4 0 0 0 3 2 2 52 3
1699.38 1 3 0 0 0 3 1 2 53 3
1708.03 1 3 1 1 0 2 1 2 53 3
1710.58 0 2 1 1 1 2 1 2 53 3
1719.93 0 3 1 1 2 2 1 1 53 3
1738.74 0 3 1 1 2 3 1 2 53 2
1739.09 0 3 1 1 2 2 1 1 53 3
1741.74 0 3 1 1 2 1 1 0 53 4
1744.61 0 3 0 0 2 2 1 0 53 4
1747.61 0 3 0 0 2 3 1 1 53 3
1748.22 0 3 0 0 2 4 1 2 53 2
1751.56 0 3 1 1 2 3 1 2 53 2
1751.83 0 2 1 1 1 3 1 3 53 2
1752.35 0 2 1 1 2 4 0 3 53 2
1756.26 0 1 1 1 1 4 0 4 53 2
1766.65 0 2 1 1 2 4 0 3 53 2
1767.34 0 3 1 1 2 4 1 3 52 2
1773.55 0 3 1 1 2 5 1 4 52 1
1775.92 0 3 2 2 2 4 1 4 52 1
1782.27 0 3 2 2 2 3 1 3 52 2
1784.72 0 3 2 2 1 2 2 3 52 2
1788.01 0 2 2 2 0 2 2 4 52 2
1790.94 0 2 2 2 0 3 2 5 52 1
1791.93 0 2 1 1 0 4 2 5 52 1
1791.99 0 2 1 1 0 3 2 4 52 2
1792.43 0 3 1 1 1 3 2 3 52 2
1799.33 0 2 1 1 0 3 2 4 52 2
1801.67 0 1 1 1 0 3 1 4 53 2
1804.36 0 1 1 1 0 2 1 3 53 3
1806.01 0 1 1 1 0 3 1 4 53 2
1807.67 0 2 1 1 1 3 1 3 53 2
1809.2 0 2 1 1 1 2 1 2 53 3
1811.55 0 2 1 1 1 3 1 3 53 2
1814.46 0 2 1 1 1 4 1 4 53 1
1816.42 0 2 1 1 1 3 1 3 53 2
1819.12 0 2 1 1 1 4 1 4 53 1
1820.45 0 3 1 1 2 4 1 3 53 1
1823.57 0 2 1 1 2 4 0 3 54 1
1823.9 0 2 1 1 1 3 1 3 54 1
1829.64 0 3 1 1 2 3 1 2 54 1
1833.18 0 3 1 1 1 2 2 2 54 1
1834.76 0 3 1 1 1 1 2 1 54 2
1839.64 0 2 1 1 1 1 1 1 55 2
1843.31 0 2 1 1 1 2 1 2 55 1
1845.05 0 2 1 1 1 1 1 1 55 2
1846.29 1 3 1 1 0 1 1 1 55 2
1859.7 1 3 1 1 1 2 0 1 55 2
1859.98 1 4 1 1 2 2 0 0 55 2
1865.01 1 3 1 1 1 2 0 1 55 2
1866.2 1 3 1 1 1 3 0 2 55 1
1883.55 1 3 1 1 1 2 0 1 55 2
1884.21 1 4 1 1 1 2 1 1 54 2
1890.08 1 3 1 1 1 2 0 1 55 2
1890.84 1 3 1 1 0 1 1 1 55 2
1899.32 0 2 1 1 1 1 1 1 55 2
1918.5 0 3 1 1 2 1 1 0 55 2
1924.91 0 4 1 1 2 1 2 0 54 2
1930.59 0 4 2 2 2 0 2 0 54 2
1940.88 0 4 2 2 2 1 2 1 54 1
1941.99 0 5 2 2 2 1 3 1 53 1
1946.15 0 4 2 2 1 1 3 2 53 1
1951 0 3 2 2 1 1 2 2 54 1
1960.72 0 2 2 2 1 1 1 2 55 1
1968.79 1 3 2 2 0 1 1 2 55 1
1971.14 0 2 2 2 1 1 1 2 55 1
1977.03 0 3 2 2 1 1 2 2 54 1
1981.1 0 2 2 2 1 1 1 2 55 1
1986.47 0 3 2 2 1 1 2 2 54 1
1989.66 0 2 2 2 1 1 1 2 55 1
1990.12 0 3 2 2 2 1 1 1 55 1
1993.96 0 3 1 1 2 2 1 1 55 1
1996.29 0 3 1 1 3 3 0 1 55 1
1997.09 0 4 1 1 3 3 1 1 54 1
1998.96 0 5 1 1 3 3 2 1 53 1
1999.6 0 4 1 1 3 3 1 1 54 1
2000.51 0 4 1 1 2 2 2 1 54 1
2000.86 0 4 1 1 1 1 3 1 54 1
2004.1 0 4 1 1 0 0 4 1 54 1
2010.87 0 5 1 1 0 0 5 1 53 1
2013.25 0 5 1 1 0 1 5 2 53 0
2013.72 0 6 1 1 1 1 5 1 53 0
2014.63 0 5 1 1 1 1 4 1 54 0
2020.04 0 4 1 1 1 1 3 1 55 0
2033.8 1 5 1 1 0 1 3 1 55 0
2037.49 1 6 1 1 1 1 3 0 55 0
2039.03 1 6 1 1 2 2 2 0 55 0
2060.57 1 5 1 1 2 2 1 0 56 0
2061.9 2 6 1 1 1 2 1 0 56 0
2069.33 1 5 1 1 2 2 1 0 56 0
2070.7 1 6 1 1 2 2 2 0 55 0
2072.39 1 5 1 1 2 2 1 0 56 0
2072.43 1 4 1 1 1 2 1 1 56 0
2076.07 1 3 1 1 0 2 1 2 56 0
2080.36 1 4 1 1 0 2 2 2 55 0
2087.35 0 3 1 1 1 2 2 2 55 0
2088.51 0 2 1 1 1 2 1 2 56 0
2108.07 1 3 1 1 0 2 1 2 56 0
2113.38 1 2 1 1 0 2 0 2 57 0
2117.01 1 2 2 2 0 1 0 2 57 0
2145.69 1 2 1 1 0 2 0 2 57 0
2151.59 1 3 1 1 0 2 1 2 56 0
2170.34 1 3 1 1 0 1 1 1 56 1
2170.7 1 4 1 1 0 1 2 1 55 1
2177.32 0 3 1 1 1 1 2 1 55 1
2193.91 0 3 1 1 0 0 3 1 55 1
2215.74 0 3 1 1 1 1 2 1 55 1
2219.76 0 3 1 1 0 0 3 1 55 1
2234.89 0 3 0 0 0 1 3 1 55 1
2239.37 0 4 0 0 0 1 4 1 54 1
2240.31 0 5 0 0 0 1 5 1 53 1
2241.13 0 4 0 0 0 1 4 1 54 1
2241.26 0 5 0 0 0 1 5 1 53 1
2248.19 0 4 0 0 0 1 4 1 54 1
2258.53 0 5 0 0 0 1 5 1 53 1
2284.83 0 4 0 0 0 1 4 1 54 1
2284.85 0 3 0 0 0 1 3 1 55 1
2285.73 0 2 0 0 0 1 2 1 56 1
2313.19 0 3 0 0 1 1 2 0 56 1
2314.23 0 2 0 0 0 1 2 1 56 1
2314.54 0 2 0 0 0 2 2 2 56 0
2320.54 0 1 0 0 0 2 1 2 57 0
2326.08 0 0 0 0 0 2 0 2 58 0
2354.66 0 1 0 0 0 2 1 2 57 0
2386.5 0 2 0 0 0 2 2 2 56 0
2393.25 0 3 0 0 1 2 2 1 56 0
2398.02 0 2 0 0 1 2 1 1 57 0
2403.29 0 2 0 0 1 1 1 0 57 1
2425.94 0 3 0 0 1 1 2 0 56 1
2426.73 0 2 0 0 1 1 1 0 57 1
2433.06 0 2 0 0 1 2 1 1 57 0
2439.66 1 3 0 0 0 2 1 1 57 0
2447.4 1 2 0 0 0 2 0 1 58 0
2454.07 1 2 1 1 0 1 0 1 58 0
2479.42 1 2 2 2 0 0 0 1 58 0
2480.27 0 1 2 2 1 0 0 1 58 0
2490.74 1 2 2 2 0 0 0 1 58 0
2513.19 0 1 2 2 1 0 0 1 58 0
2522.99 0 1 1 1 1 1 0 1 58 0
2526.39 1 2 1 1 0 1 0 1 58 0
2527.51 0 1 1 1 1 1 0 1 58 0
2539.16 1 2 1 1 0 1 0 1 58 0
2551.11 1 3 1 1 1 1 0 0 58 0
2552.9 2 4 1 1 0 1 0 0 58 0
2558.34 2 4 2 2 0 0 0 0 58 0
2560.14 1 3 2 2 1 0 0 0 58 0
2564.36 1 3 1 1 1 1 0 0 58 0
2568.09 0 2 1 1 2 1 0 0 58 0
2572.58 0 1 1 1 1 1 0 1 58 0
2579.04 0 2 1 1 1 1 1 1 57 0
2581.37 1 3 1 1 0 1 1 1 57 0
2581.81 0 2 1 1 1 1 1 1 57 0
2582.24 0 1 1 1 1 1 0 1 58 0
2601.13 1 2 1 1 0 1 0 1 58 0
2613.58 1 3 1 1 1 1 0 0 58 0
2614.74 1 2 1 1 0 1 0 1 58 0
2642.12 1 2 0 0 0 2 0 1 58 0
2645.79 1 3 0 0 0 2 1 1 57 0
2661.93 1 3 1 1 0 1 1 1 57 0
2678.9 1 4 1 1 0 1 2 1 56 0
2686.45 0 3 1 1 1 1 2 1 56 0
2686.95 0 4 1 1 2 1 2 0 56 0
2693.24 0 3 1 1 1 1 2 1 56 0
2716.06 0 4 1 1 1 1 3 1 55 0
2716.5 0 3 1 1 0 1 3 2 55 0
2719.06 0 3 1 1 1 2 2 2 55 0
2729.01 1 4 1 1 0 2 2 2 55 0
2729.63 0 3 1 1 1 2 2 2 55 0
2730.79 0 3 1 1 0 1 3 2 55 0
2735.58 0 2 1 1 0 1 2 2 56 0
2761.92 0 2 1 1 0 0 2 1 56 1
2767.71 0 1 1 1 0 0 1 1 57 1
2774.58 0 2 1 1 0 0 2 1 56 1
2776.52 0 3 1 1 1 0 2 0 56 1
2776.75 0 3 0 0 1 1 2 0 56 1
2780.25 0 2 0 0 1 1 1 0 57 1
2812.41 0 2 1 1 1 0 1 0 57 1
2827.2 0 1 1 1 0 0 1 1 57 1
2856.94 0 1 1 1 1 1 0 1 57 1
2872.71 0 1 1 1 0 0 1 1 57 1
2874.03 0 1 1 1 0 1 1 2 57 0
2877.25 0 1 0 0 0 2 1 2 57 0
2883.42 0 2 0 0 0 2 2 2 56 0
2898 0 2 0 0 0 1 2 1 56 1
2900.85 0 3 0 0 0 1 3 1 55 1
2904.68 0 4 0 0 0 1 4 1 54 1
2919.15 0 3 0 0 0 1 3 1 55 1
2940.41 0 4 0 0 0 1 4 1 54 1
2943.28 0 5 0 0 1 1 4 0 54 1
2945.48 0 4 0 0 1 1 3 0 55 1
2945.81 0 3 0 0 1 1 2 0 56 1
2946.97 0 3 0 0 1 2 2 1 56 0
2948.83 0 2 0 0 1 2 1 1 57 0
2958.36 0 3 0 0 1 2 2 1 56 0
2963.71 0 3 0 0 1 1 2 0 56 1
2963.78 0 2 0 0 1 1 1 0 57 1
2972.15 0 3 0 0 1 1 2 0 56 1
2978.6 0 3 0 0 0 0 3 0 56 1
2986.25 0 2 0 0 0 0 2 0 57 1
2986.25 0 2 0 0 0 0 2 0 57 1
