0 60 120 60 60 0 0 0 0 0 0
0.00139213 59 119 60 60 1 0 0 0 0 0
0.00402055 59 119 59 59 1 1 0 0 0 0
0.0203677 59 119 58 58 1 2 0 0 0 0
0.0288413 58 118 58 58 2 2 0 0 0 0
0.0551521 58 118 57 57 2 3 0 0 0 0
0.0685201 57 117 57 57 3 3 0 0 0 0
0.0709893 56 116 57 57 4 3 0 0 0 0
0.0777892 56 116 56 56 4 4 0 0 0 0
0.0869954 55 115 56 56 5 4 0 0 0 0
0.0909281 55 115 55 55 5 5 0 0 0 0
0.143829 55 115 54 54 5 6 0 0 0 0
0.14701 54 114 54 54 6 6 0 0 0 0
0.167214 53 113 54 54 7 6 0 0 0 0
0.199985 52 112 54 54 8 6 0 0 0 0
0.208967 51 111 54 54 9 6 0 0 0 0
0.216703 50 110 54 54 10 6 0 0 0 0
0.222438 49 109 54 54 11 6 0 0 0 0
0.236855 49 108 54 54 10 6 0 1 0 0
0.261439 49 108 54 54 9 5 1 1 0 0
0.270334 48 107 54 54 10 5 1 1 0 0
0.277319 48 106 54 54 9 5 1 2 0 0
0.288011 47 105 54 54 10 5 1 2 0 0
0.312282 46 104 54 54 11 5 1 2 0 0
0.329486 46 104 53 53 11 6 1 2 0 0
0.358606 45 103 53 53 12 6 1 2 0 0
0.373781 44 102 53 53 13 6 1 2 0 0
0.375062 43 101 53 53 14 6 1 2 0 0
0.389991 42 100 53 53 15 6 1 2 0 0
0.416661 41 99 53 53 16 6 1 2 0 0
0.421498 41 99 52 52 16 7 1 2 0 0
0.429398 40 98 52 52 17 7 1 2 0 0
0.460816 39 97 52 52 18 7 1 2 0 0
0.466277 39 97 51 51 18 8 1 2 0 0
0.490171 39 96 51 51 17 8 1 3 0 0
0.505363 39 96 50 50 17 9 1 3 0 0
0.530552 38 95 50 50 18 9 1 3 0 0
0.536792 38 95 49 49 18 10 1 3 0 0
0.54926 38 94 49 49 17 10 1 4 0 0
0.552838 38 93 49 49 16 10 1 5 0 0
0.561782 38 92 49 49 15 10 1 6 0 0
0.563932 38 92 49 49 15 9 1 5 0 1
0.599608 38 92 49 49 14 8 2 5 0 1
0.633281 38 92 48 48 14 9 2 5 0 1
0.633859 37 91 48 48 15 9 2 5 0 1
0.705709 37 91 47 47 15 10 2 5 0 1
0.756451 37 91 46 46 15 11 2 5 0 1
0.822293 36 90 46 46 16 11 2 5 0 1
0.82383 36 90 45 45 16 12 2 5 0 1
0.829896 35 89 45 45 17 12 2 5 0 1
0.838145 34 88 45 45 18 12 2 5 0 1
0.839213 34 87 45 45 17 12 2 6 0 1
0.874521 34 87 44 44 17 13 2 6 0 1
0.884617 34 87 43 43 17 14 2 6 0 1
0.89718 33 86 43 43 18 14 2 6 0 1
0.912525 32 85 43 43 19 14 2 6 0 1
0.931846 31 84 43 43 20 14 2 6 0 1
0.973296 31 84 42 42 20 15 2 6 0 1
1.00997 30 83 42 42 21 15 2 6 0 1
1.06542 29 82 42 42 22 15 2 6 0 1
1.07469 28 81 42 42 23 15 2 6 0 1
1.07804 28 80 42 42 22 15 2 7 0 1
1.08489 28 79 42 42 21 15 2 8 0 1
1.08639 28 79 41 41 21 16 2 8 0 1
1.09655 28 79 41 41 20 15 3 8 0 1
1.10111 27 78 41 41 21 15 3 8 0 1
1.10598 27 77 41 41 20 15 3 9 0 1
1.14569 27 77 41 41 20 14 3 8 0 2
1.16676 27 76 41 41 19 14 3 9 0 2
1.17729 27 75 41 41 18 14 3 10 0 2
1.21446 26 74 41 41 19 14 3 10 0 2
1.27007 26 74 40 40 19 15 3 10 0 2
1.28791 25 73 40 40 20 15 3 10 0 2
1.33436 25 73 40 40 19 14 4 10 0 2
1.34968 24 72 40 40 20 14 4 10 0 2
1.35488 23 71 40 40 21 14 4 10 0 2
1.38342 23 70 40 40 21 14 3 10 1 2
1.38569 22 69 40 40 22 14 3 10 1 2
1.40096 22 68 40 40 21 14 3 11 1 2
1.4098 21 67 40 40 22 14 3 11 1 2
1.42757 21 67 39 39 22 15 3 11 1 2
1.44665 21 67 38 38 22 16 3 11 1 2
1.47943 21 66 38 38 22 16 2 11 2 2
1.51229 21 65 38 38 21 16 2 12 2 2
1.53364 21 65 38 38 21 15 2 11 2 3
1.54527 21 64 38 38 20 15 2 12 2 3
1.61892 21 63 38 38 19 15 2 13 2 3
1.65391 21 63 37 37 19 16 2 13 2 3
1.76783 21 63 36 36 19 17 2 13 2 3
1.81172 21 63 35 35 19 18 2 13 2 3
1.82244 20 62 35 35 20 18 2 13 2 3
1.83074 19 61 35 35 21 18 2 13 2 3
1.8406 19 60 35 35 20 18 2 14 2 3
1.91365 19 60 34 34 20 19 2 14 2 3
1.93389 19 59 34 34 19 19 2 15 2 3
1.95717 18 58 34 34 20 19 2 15 2 3
1.99083 17 57 34 34 21 19 2 15 2 3
2.02258 17 56 34 34 20 19 2 16 2 3
2.0357 17 55 34 34 19 19 2 17 2 3
2.06858 16 54 34 34 20 19 2 17 2 3
2.08288 15 53 34 34 21 19 2 17 2 3
2.08807 15 52 34 34 20 19 2 18 2 3
2.09415 14 51 34 34 21 19 2 18 2 3
2.13487 14 50 34 34 20 19 2 19 2 3
2.15047 14 50 34 34 19 18 3 19 2 3
2.18143 14 50 33 33 19 19 3 19 2 3
2.1988 14 50 32 32 19 20 3 19 2 3
2.23304 14 50 31 31 19 21 3 19 2 3
2.23712 14 50 31 31 18 20 4 19 2 3
2.25313 14 50 30 30 18 21 4 19 2 3
2.29529 13 49 30 30 19 21 4 19 2 3
2.32289 13 48 30 30 18 21 4 20 2 3
2.39622 13 48 30 30 18 20 4 19 2 4
2.43511 13 48 30 30 18 19 4 18 2 5
2.45652 13 47 30 30 17 19 4 19 2 5
2.63251 13 47 29 29 17 20 4 19 2 5
2.63922 13 47 29 29 17 19 4 18 2 6
2.79623 13 46 29 29 16 19 4 19 2 6
2.91986 13 46 28 28 16 20 4 19 2 6
2.94506 13 45 28 28 15 20 4 20 2 6
2.94811 12 44 28 28 16 20 4 20 2 6
3.05734 12 43 28 28 16 20 3 20 3 6
3.12736 12 43 28 28 15 19 4 20 3 6
3.13016 11 42 28 28 16 19 4 20 3 6
3.30032 11 41 28 28 15 19 4 21 3 6
3.32817 11 41 27 27 15 20 4 21 3 6
3.34088 10 40 27 27 16 20 4 21 3 6
3.46073 10 40 27 27 16 19 4 20 3 7
3.46198 10 40 27 27 15 18 5 20 3 7
3.47393 10 39 27 27 15 18 4 20 4 7
3.54373 10 39 27 27 15 17 4 19 4 8
3.55256 9 38 27 27 16 17 4 19 4 8
3.5727 9 38 27 27 16 16 4 18 4 9
3.58249 9 37 27 27 15 16 4 19 4 9
3.66565 9 37 26 26 15 17 4 19 4 9
3.70772 9 37 25 25 15 18 4 19 4 9
3.75656 9 36 25 25 14 18 4 20 4 9
3.77376 9 35 25 25 13 18 4 21 4 9
3.91573 9 34 25 25 12 18 4 22 4 9
3.92887 8 33 25 25 13 18 4 22 4 9
4.00416 8 33 24 24 13 19 4 22 4 9
4.04716 7 32 24 24 14 19 4 22 4 9
4.09609 7 31 24 24 13 19 4 23 4 9
4.31124 7 31 24 24 12 18 5 23 4 9
4.46584 7 31 24 24 12 17 5 22 4 10
4.71125 7 31 23 23 12 18 5 22 4 10
4.74106 7 31 23 23 12 17 5 21 4 11
4.78819 7 31 22 22 12 18 5 21 4 11
4.80747 7 31 21 21 12 19 5 21 4 11
4.96182 6 30 21 21 13 19 5 21 4 11
4.97932 6 29 21 21 12 19 5 22 4 11
5.1033 6 29 20 20 12 20 5 22 4 11
5.22249 7 30 20 20 11 20 5 22 4 11
5.22947 7 30 19 19 11 21 5 22 4 11
5.262 7 30 19 19 11 20 5 21 4 12
5.32435 7 30 20 20 11 19 5 21 4 12
5.48935 7 30 20 20 12 20 4 21 4 12
5.70393 7 29 20 20 11 20 4 22 4 12
5.74582 6 28 20 20 12 20 4 22 4 12
5.98567 6 28 20 20 12 19 4 21 4 13
5.99056 5 27 20 20 13 19 4 21 4 13
6.19757 5 26 20 20 12 19 4 22 4 13
6.20064 5 25 20 20 11 19 4 23 4 13
6.20439 5 25 20 20 11 18 4 22 4 14
6.20689 4 24 20 20 12 18 4 22 4 14
6.23263 4 24 20 20 12 17 4 21 4 15
6.26543 5 25 20 20 11 17 4 21 4 15
6.26584 5 25 20 20 11 16 4 20 4 16
6.27617 5 25 20 20 11 15 4 19 4 17
6.42167 5 24 20 20 11 15 3 19 5 17
6.46706 5 23 20 20 10 15 3 20 5 17
6.53528 5 23 20 20 10 14 3 19 5 18
6.58151 5 22 20 20 9 14 3 20 5 18
6.69517 5 22 19 19 9 15 3 20 5 18
6.73823 5 22 19 19 8 14 4 20 5 18
6.74696 5 21 19 19 7 14 4 21 5 18
6.83319 4 20 19 19 8 14 4 21 5 18
7.01285 4 20 19 19 7 13 5 21 5 18
7.07368 4 20 18 18 7 14 5 21 5 18
7.28641 4 19 18 18 6 14 5 22 5 18
7.45892 5 20 18 18 5 14 5 22 5 18
7.59442 5 21 18 18 6 14 5 21 5 18
7.61163 5 21 17 17 6 15 5 21 5 18
7.62971 5 21 17 17 6 14 5 20 5 19
7.80982 4 20 17 17 7 14 5 20 5 19
7.95863 4 20 17 17 7 13 5 19 5 20
7.99433 4 20 17 17 7 12 5 18 5 21
8.05618 4 20 17 17 6 11 6 18 5 21
8.18551 4 20 17 17 6 12 6 19 5 20
8.24548 4 20 16 16 6 13 6 19 5 20
8.37406 4 19 16 16 5 13 6 20 5 20
8.42457 4 19 16 16 5 12 6 19 5 21
8.50639 4 19 17 17 5 11 6 19 5 21
8.67446 4 19 16 16 5 12 6 19 5 21
9.0234 4 18 16 16 5 12 5 19 6 21
9.06439 4 18 15 15 5 13 5 19 6 21
9.19799 4 18 14 14 5 14 5 19 6 21
9.38317 4 18 13 13 5 15 5 19 6 21
9.5097 4 18 12 12 5 16 5 19 6 21
9.94832 4 18 12 12 5 15 5 18 6 22
10.1706 4 17 12 12 5 15 4 18 7 22
10.265 3 16 12 12 6 15 4 18 7 22
10.5343 3 16 11 11 6 16 4 18 7 22
10.6741 3 16 11 11 6 15 4 17 7 23
10.9506 3 16 10 10 6 16 4 17 7 23
11.0138 3 16 10 10 6 15 4 16 7 24
11.0902 3 15 10 10 5 15 4 17 7 24
11.228 3 15 10 10 4 14 5 17 7 24
11.456 3 15 10 10 4 13 5 16 7 25
11.636 3 14 10 10 3 13 5 17 7 25
11.8925 3 14 9 9 3 14 5 17 7 25
11.947 3 14 9 9 3 13 5 16 7 26
12.22 3 14 8 8 3 14 5 16 7 26
12.9431 3 14 8 8 3 13 5 15 7 27
13.2745 3 14 7 7 3 14 5 15 7 27
13.4661 3 14 7 7 3 13 5 14 7 28
13.6571 2 13 7 7 4 13 5 14 7 28
13.8111 2 13 7 7 4 12 5 13 7 29
14.1865 1 12 7 7 5 12 5 13 7 29
14.5116 1 12 7 7 5 11 5 12 7 30
15.2147 0 11 7 7 6 11 5 12 7 30
15.9115 0 11 7 7 6 10 5 11 7 31
16.1826 0 11 7 7 6 9 5 10 7 32
17.6104 1 12 7 7 5 9 5 10 7 32
17.9098 1 11 7 7 4 9 5 11 7 32
18.4993 1 11 7 7 4 8 5 10 7 33
18.6565 1 11 7 7 4 9 5 11 7 32
18.9125 1 11 7 7 4 10 5 12 7 31
19.7818 1 11 7 7 4 9 5 11 7 32
19.8836 1 10 7 7 4 9 4 11 8 32
20.0474 1 10 7 7 3 8 5 11 8 32
20.1006 1 10 6 6 3 9 5 11 8 32
20.6363 1 10 6 6 3 8 5 10 8 33
20.7139 1 10 6 6 3 7 5 9 8 34
21.0915 1 10 5 5 3 8 5 9 8 34
23.1515 1 10 5 5 3 7 5 8 8 35
24.0163 1 10 4 4 3 8 5 8 8 35
24.5957 1 10 4 4 3 7 5 7 8 36
24.778 1 9 4 4 3 7 4 7 9 36
25.3444 1 9 4 4 2 6 5 7 9 36
25.4992 1 9 4 4 2 5 5 6 9 37
25.5976 1 8 4 4 1 5 5 7 9 37
26.0301 1 7 4 4 0 5 5 8 9 37
26.676 1 8 4 4 1 5 5 7 9 37
26.7607 1 7 4 4 1 5 4 7 10 37
26.7958 2 8 4 4 0 5 4 7 10 37
27.4969 2 8 4 4 0 6 4 8 10 36
27.774 2 9 4 4 1 6 4 7 10 36
28.6231 2 9 4 4 1 5 4 6 10 37
29.7973 2 9 4 4 1 6 4 7 10 36
30.0691 2 8 4 4 1 6 3 7 11 36
31.0437 2 8 4 4 1 7 3 8 11 35
31.8124 2 8 4 4 1 6 3 7 11 36
32.4027 1 7 4 4 2 6 3 7 11 36
32.5014 1 7 4 4 2 7 3 8 11 35
33.8229 1 7 5 5 2 6 3 8 11 35
34.5081 1 7 5 5 2 7 3 9 11 34
36.0509 1 7 5 5 2 8 3 10 11 33
36.657 1 7 5 5 2 7 3 9 11 34
37.083 1 6 5 5 2 7 2 9 12 34
37.341 1 6 5 5 2 6 2 8 12 35
37.5401 1 6 4 4 2 7 2 8 12 35
38.4181 1 6 4 4 2 6 2 7 12 36
38.6753 2 7 4 4 1 6 2 7 12 36
38.736 2 7 4 4 1 7 2 8 12 35
39.6884 3 8 4 4 0 7 2 8 12 35
41.4384 3 8 4 4 0 6 2 7 12 36
42.1191 3 8 4 4 0 5 2 6 12 37
44.6349 3 8 4 4 0 6 2 7 12 36
45.3435 3 8 4 4 0 7 2 8 12 35
45.6729 3 8 4 4 0 6 2 7 12 36
46.1212 3 8 4 4 0 7 2 8 12 35
46.6039 3 9 4 4 1 7 2 7 12 35
46.7119 3 9 4 4 1 8 2 8 12 34
48.0001 3 8 4 4 0 8 2 9 12 34
49.9876 3 8 4 4 0 9 2 10 12 33
50.1351 3 8 4 4 0 10 2 11 12 32
50.2331 2 7 4 4 1 10 2 11 12 32
51.0587 2 7 4 4 1 9 2 10 12 33
51.361 2 7 4 4 0 8 3 10 12 33
51.8983 2 7 4 4 0 9 3 11 12 32
52.097 2 7 4 4 0 8 3 10 12 33
52.7817 2 7 3 3 0 9 3 10 12 33
52.8526 2 7 3 3 0 8 3 9 12 34
52.8892 2 7 3 3 0 7 3 8 12 35
53.7918 2 7 4 4 0 6 3 8 12 35
53.9601 2 7 4 4 0 7 3 9 12 34
54.3862 2 7 4 4 0 6 3 8 12 35
54.9468 2 7 4 4 0 5 3 7 12 36
56.6078 2 8 4 4 1 5 3 6 12 36
56.8537 2 8 3 3 1 6 3 6 12 36
57.5934 2 8 3 3 1 5 3 5 12 37
57.6211 2 7 3 3 1 5 2 5 13 37
58.1427 2 7 3 3 0 4 3 5 13 37
58.4199 2 7 2 2 0 5 3 5 13 37
59.5295 2 6 2 2 0 5 2 5 14 37
59.5444 1 5 2 2 1 5 2 5 14 37
59.9295 1 5 2 2 1 4 2 4 14 38
62.1481 1 5 2 2 1 5 2 5 14 37
62.4963 1 5 2 2 0 4 3 5 14 37
62.6684 0 4 2 2 1 4 3 5 14 37
63.1396 0 4 2 2 1 5 3 6 14 36
63.3026 0 4 2 2 1 4 3 5 14 37
63.3556 0 4 2 2 1 3 3 4 14 38
64.0109 0 3 2 2 1 3 2 4 15 38
64.1247 0 3 3 3 1 2 2 4 15 38
65.8559 0 3 4 4 1 1 2 4 15 38
66.1445 0 2 4 4 0 1 2 5 15 38
67.082 0 2 4 4 0 2 2 6 15 37
68.2221 0 2 4 4 0 1 2 5 15 38
69.1698 0 2 4 4 0 2 2 6 15 37
70.2625 0 2 4 4 0 3 2 7 15 36
70.6358 0 2 3 3 0 4 2 7 15 36
70.8882 0 2 3 3 0 5 2 8 15 35
71.3 0 3 3 3 1 5 2 7 15 35
71.374 0 4 3 3 2 5 2 6 15 35
72.0066 0 4 3 3 2 6 2 7 15 34
73.4813 0 4 3 3 2 5 2 6 15 35
73.7349 0 3 3 3 2 5 1 6 16 35
74.1165 0 3 3 3 2 4 1 5 16 36
75.802 0 3 3 3 2 5 1 6 16 35
76.2559 0 3 4 4 2 4 1 6 16 35
76.3861 1 4 4 4 1 4 1 6 16 35
76.769 1 4 4 4 1 3 1 5 16 36
77.0571 1 4 3 3 1 4 1 5 16 36
77.6015 1 4 3 3 1 3 1 4 16 37
77.8884 0 3 3 3 2 3 1 4 16 37
78.2507 0 3 3 3 2 4 1 5 16 36
80.5691 0 3 3 3 2 5 1 6 16 35
81.5822 0 3 3 3 2 6 1 7 16 34
84.4708 0 3 3 3 2 5 1 6 16 35
85.637 0 4 3 3 3 5 1 5 16 35
85.7805 1 5 3 3 2 5 1 5 16 35
85.8796 1 5 3 3 2 6 1 6 16 34
86.3136 1 6 3 3 3 6 1 5 16 34
86.3525 1 6 3 3 3 7 1 6 16 33
87.6858 2 7 3 3 2 7 1 6 16 33
88.6574 1 6 3 3 3 7 1 6 16 33
92.4041 1 6 3 3 3 8 1 7 16 32
93.0029 1 6 3 3 3 9 1 8 16 31
94.8854 0 5 3 3 4 9 1 8 16 31
96.903 0 5 3 3 4 10 1 9 16 30
98.5662 0 6 3 3 5 10 1 8 16 30
99.1389 0 6 3 3 4 9 2 8 16 30
99.8349 0 6 4 4 4 8 2 8 16 30
99.8669 0 6 4 4 4 7 2 7 16 31
99.8807 0 5 4 4 4 7 1 7 17 31
99.963 0 5 4 4 4 8 1 8 17 30
100.16 0 5 4 4 4 9 1 9 17 29
100.61 0 5 4 4 4 8 1 8 17 30
101.24 0 5 4 4 4 7 1 7 17 31
102.532 0 5 4 4 4 6 1 6 17 32
102.538 0 5 4 4 4 5 1 5 17 33
102.985 0 5 4 4 4 6 1 6 17 32
103.679 0 5 3 3 4 7 1 6 17 32
103.868 0 5 3 3 4 6 1 5 17 33
106.807 0 5 3 3 4 7 1 6 17 32
107.741 0 5 3 3 3 6 2 6 17 32
108.184 0 6 3 3 4 6 2 5 17 32
109.282 0 6 3 3 4 7 2 6 17 31
110.084 0 5 3 3 4 7 1 6 18 31
111.188 0 4 3 3 3 7 1 7 18 31
111.829 0 4 3 3 2 6 2 7 18 31
113.56 0 3 3 3 2 6 1 7 19 31
113.649 0 4 3 3 3 6 1 6 19 31
114.237 0 4 3 3 3 5 1 5 19 32
119.539 0 4 3 3 3 6 1 6 19 31
119.722 0 4 3 3 3 7 1 7 19 30
121.536 0 4 3 3 3 6 1 6 19 31
121.54 1 5 3 3 2 6 1 6 19 31
122.373 1 5 3 3 2 7 1 7 19 30
122.413 1 5 3 3 2 6 1 6 19 31
122.896 1 4 3 3 1 6 1 7 19 31
123.552 1 3 3 3 0 6 1 8 19 31
123.698 1 3 3 3 0 7 1 9 19 30
126.255 1 3 3 3 0 6 1 8 19 31
126.324 1 3 3 3 0 5 1 7 19 32
127.113 1 3 3 3 0 4 1 6 19 33
128.214 1 3 3 3 0 5 1 7 19 32
128.873 1 3 3 3 0 4 1 6 19 33
130.707 1 3 2 2 0 5 1 6 19 33
131.344 1 3 2 2 0 4 1 5 19 34
131.761 1 4 2 2 1 4 1 4 19 34
133.63 1 4 2 2 1 5 1 5 19 33
133.893 1 4 2 2 1 4 1 4 19 34
135.257 1 4 2 2 1 3 1 3 19 35
135.271 2 5 2 2 0 3 1 3 19 35
135.943 2 5 2 2 0 4 1 4 19 34
136.766 2 5 1 1 0 5 1 4 19 34
137.135 2 6 1 1 0 5 2 4 18 34
137.316 2 6 1 1 0 6 2 5 18 33
137.903 2 6 1 1 0 7 2 6 18 32
140.264 1 5 1 1 1 7 2 6 18 32
141.962 2 6 1 1 0 7 2 6 18 32
142.322 2 6 1 1 0 8 2 7 18 31
142.517 2 6 1 1 0 9 2 8 18 30
142.721 2 6 1 1 0 8 2 7 18 31
144.482 2 6 1 1 0 7 2 6 18 32
144.717 2 6 1 1 0 6 2 5 18 33
145.887 2 6 1 1 0 7 2 6 18 32
146.425 2 6 1 1 0 8 2 7 18 31
146.659 2 6 2 2 0 7 2 7 18 31
146.709 2 6 2 2 0 6 2 6 18 32
148.681 2 6 2 2 0 5 2 5 18 33
149.458 2 6 2 2 0 6 2 6 18 32
149.612 2 6 2 2 0 5 2 5 18 33
150.032 2 6 3 3 0 4 2 5 18 33
152.284 2 6 3 3 0 5 2 6 18 32
153.007 2 6 3 3 0 4 2 5 18 33
154.515 2 5 3 3 0 4 1 5 19 33
154.52 1 4 3 3 1 4 1 5 19 33
157.469 1 4 3 3 1 5 1 6 19 32
158.348 1 4 3 3 1 4 1 5 19 33
159.878 1 4 3 3 1 3 1 4 19 34
160.605 1 4 3 3 1 4 1 5 19 33
160.88 1 4 3 3 0 3 2 5 19 33
162.625 1 4 3 3 0 4 2 6 19 32
163.058 1 4 3 3 0 3 2 5 19 33
163.158 1 4 3 3 0 4 2 6 19 32
163.628 1 4 4 4 0 3 2 6 19 32
164.04 1 4 4 4 0 4 2 7 19 31
164.347 1 4 4 4 0 3 2 6 19 32
164.409 1 4 4 4 0 4 2 7 19 31
166.505 1 4 4 4 0 3 2 6 19 32
168.624 1 4 4 4 0 2 2 5 19 33
169.256 1 4 3 3 0 3 2 5 19 33
170.305 1 4 3 3 0 4 2 6 19 32
170.396 1 4 3 3 0 5 2 7 19 31
170.52 1 4 3 3 0 4 2 6 19 32
173.412 1 5 3 3 1 4 2 5 19 32
173.68 1 5 3 3 1 5 2 6 19 31
174.225 0 4 3 3 2 5 2 6 19 31
175.072 0 4 3 3 2 4 2 5 19 32
176.634 0 4 3 3 2 3 2 4 19 33
179.428 0 4 3 3 2 4 2 5 19 32
179.728 0 4 3 3 2 5 2 6 19 31
180.568 0 4 4 4 2 4 2 6 19 31
182.307 0 4 4 4 2 3 2 5 19 32
183.349 0 4 4 4 2 2 2 4 19 33
183.6 0 4 4 4 2 3 2 5 19 32
183.981 1 5 4 4 1 3 2 5 19 32
184.364 1 5 3 3 1 4 2 5 19 32
186.933 1 5 3 3 1 5 2 6 19 31
191.349 1 5 3 3 1 6 2 7 19 30
191.531 1 5 3 3 0 5 3 7 19 30
192.369 1 6 3 3 1 5 3 6 19 30
192.401 0 5 3 3 2 5 3 6 19 30
192.824 0 5 3 3 2 4 3 5 19 31
194.112 0 5 3 3 2 5 3 6 19 30
194.401 0 5 3 3 2 4 3 5 19 31
194.666 0 5 4 4 2 3 3 5 19 31
196.491 0 4 4 4 2 3 2 5 20 31
196.496 0 4 4 4 2 2 2 4 20 32
197.172 1 5 4 4 1 2 2 4 20 32
197.674 1 5 4 4 1 1 2 3 20 33
197.775 1 5 4 4 1 0 2 2 20 34
198.092 1 5 4 4 1 1 2 3 20 33
198.962 1 5 4 4 1 2 2 4 20 32
200.585 1 5 4 4 1 3 2 5 20 31
200.745 1 5 3 3 1 4 2 5 20 31
201.294 1 5 3 3 1 3 2 4 20 32
201.769 1 5 3 3 1 4 2 5 20 31
203.055 1 5 3 3 1 3 2 4 20 32
203.101 1 5 3 3 1 4 2 5 20 31
205.024 1 5 3 3 1 5 2 6 20 30
205.057 1 5 3 3 1 6 2 7 20 29
206.608 1 4 3 3 1 6 1 7 21 29
208.52 1 3 3 3 0 6 1 8 21 29
209.269 1 3 3 3 0 7 1 9 21 28
209.798 1 3 3 3 0 6 1 8 21 29
212.365 1 3 4 4 0 5 1 8 21 29
213.094 1 3 4 4 0 6 1 9 21 28
215.16 1 3 4 4 0 7 1 10 21 27
215.404 1 3 4 4 0 6 1 9 21 28
216.031 1 4 4 4 1 6 1 8 21 28
216.77 1 4 3 3 1 7 1 8 21 28
216.853 1 4 3 3 0 6 2 8 21 28
217.214 1 4 3 3 0 5 2 7 21 29
218.166 1 4 3 3 0 6 2 8 21 28
218.366 1 5 3 3 1 6 2 7 21 28
219.341 1 5 3 3 1 7 2 8 21 27
219.861 1 5 3 3 1 6 2 7 21 28
219.939 1 5 3 3 1 7 2 8 21 27
220.222 1 5 3 3 1 6 2 7 21 28
221.112 1 5 3 3 1 5 2 6 21 29
221.762 1 5 3 3 1 4 2 5 21 30
222.082 0 4 3 3 2 4 2 5 21 30
223.317 0 4 3 3 2 5 2 6 21 29
227.37 0 4 3 3 1 4 3 6 21 29
229.056 0 5 3 3 2 4 3 5 21 29
229.453 0 5 3 3 2 5 3 6 21 28
229.874 0 6 3 3 2 5 4 6 20 28
230.108 0 5 3 3 1 5 4 7 20 28
230.303 0 4 3 3 1 5 3 7 21 28
230.314 0 4 3 3 1 6 3 8 21 27
230.546 0 4 3 3 1 5 3 7 21 28
231.442 0 4 3 3 1 4 3 6 21 29
231.594 0 4 3 3 1 3 3 5 21 30
231.607 0 4 3 3 1 4 3 6 21 29
231.961 0 4 3 3 1 3 3 5 21 30
232.151 0 4 3 3 1 2 3 4 21 31
232.391 0 4 3 3 1 3 3 5 21 30
233.942 0 3 3 3 1 3 2 5 22 30
234.944 0 3 3 3 1 2 2 4 22 31
237.016 0 3 3 3 1 3 2 5 22 30
237.267 0 3 3 3 1 4 2 6 22 29
238.531 0 4 3 3 1 4 3 6 21 29
239.283 0 3 3 3 1 4 2 6 22 29
239.544 0 3 3 3 1 3 2 5 22 30
241.139 0 3 3 3 1 4 2 6 22 29
241.194 0 3 2 2 1 5 2 6 22 29
243.545 0 3 2 2 1 4 2 5 22 30
244.775 0 3 1 1 1 5 2 5 22 30
245.217 1 4 1 1 0 5 2 5 22 30
245.893 1 5 1 1 0 5 3 5 21 30
246.24 1 5 2 2 0 4 3 5 21 30
246.695 1 5 2 2 0 5 3 6 21 29
249.953 1 5 2 2 0 6 3 7 21 28
250.251 1 5 3 3 0 5 3 7 21 28
251.599 1 5 3 3 0 6 3 8 21 27
253.066 1 4 3 3 0 6 2 8 22 27
253.174 1 4 4 4 0 5 2 8 22 27
253.749 1 4 4 4 0 4 2 7 22 28
254.2 1 4 4 4 0 3 2 6 22 29
254.58 1 4 4 4 0 4 2 7 22 28
256.612 1 4 4 4 0 5 2 8 22 27
259.967 1 4 4 4 0 4 2 7 22 28
263.195 1 4 4 4 0 3 2 6 22 29
264.678 1 4 4 4 0 4 2 7 22 28
264.934 1 4 4 4 0 5 2 8 22 27
266.635 1 4 5 5 0 4 2 8 22 27
267.747 1 4 5 5 0 5 2 9 22 26
269.667 1 4 5 5 0 4 2 8 22 27
269.837 1 4 5 5 0 5 2 9 22 26
269.928 1 4 4 4 0 6 2 9 22 26
270.079 1 4 3 3 0 7 2 9 22 26
271.457 1 4 3 3 0 8 2 10 22 25
271.778 1 4 3 3 0 9 2 11 22 24
273.118 1 4 3 3 0 8 2 10 22 25
274.649 1 4 3 3 0 9 2 11 22 24
275.51 1 4 3 3 0 8 2 10 22 25
275.953 1 4 3 3 0 7 2 9 22 26
276.407 1 5 3 3 1 7 2 8 22 26
276.645 1 5 3 3 1 8 2 9 22 25
277.376 1 5 3 3 1 7 2 8 22 26
277.582 1 5 3 3 1 6 2 7 22 27
279.834 1 5 3 3 0 5 3 7 22 27
280.689 1 4 3 3 0 5 2 7 23 27
281.457 1 4 3 3 0 4 2 6 23 28
284.57 1 4 3 3 0 3 2 5 23 29
285.808 1 4 3 3 0 4 2 6 23 28
286.611 1 4 3 3 0 5 2 7 23 27
287.055 1 4 3 3 0 4 2 6 23 28
288.217 1 4 3 3 0 5 2 7 23 27
288.938 1 5 3 3 1 5 2 6 23 27
289.298 1 5 3 3 1 6 2 7 23 26
289.458 1 5 3 3 1 5 2 6 23 27
291.4 1 5 3 3 1 4 2 5 23 28
291.509 1 5 3 3 1 5 2 6 23 27
292.636 1 5 3 3 1 4 2 5 23 28
293.528 1 5 3 3 0 3 3 5 23 28
293.718 1 5 3 3 0 4 3 6 23 27
295.37 1 5 3 3 0 3 3 5 23 28
295.709 1 5 3 3 0 4 3 6 23 27
296.325 1 5 3 3 0 5 3 7 23 26
298.297 1 5 3 3 0 6 3 8 23 25
298.541 1 6 3 3 1 6 3 7 23 25
298.989 1 6 3 3 1 5 3 6 23 26
299.128 1 6 3 3 1 6 3 7 23 25
300.297 1 6 3 3 1 5 3 6 23 26
300.912 1 6 3 3 1 6 3 7 23 25
302.28 1 6 3 3 1 5 3 6 23 26
303.595 1 6 3 3 1 4 3 5 23 27
303.802 1 5 3 3 1 4 2 5 24 27
305.264 1 4 3 3 1 4 1 5 25 27
306.226 1 4 3 3 1 5 1 6 25 26
307.623 1 4 3 3 1 4 1 5 25 27
309.137 1 5 3 3 2 4 1 4 25 27
309.678 1 5 2 2 2 5 1 4 25 27
311.14 1 4 2 2 1 5 1 5 25 27
311.25 1 4 3 3 1 4 1 5 25 27
313.199 1 4 3 3 1 5 1 6 25 26
315.645 1 4 3 3 1 6 1 7 25 25
317.673 1 4 3 3 1 7 1 8 25 24
317.856 1 4 3 3 1 6 1 7 25 25
318.846 1 4 3 3 1 5 1 6 25 26
319.918 1 5 3 3 2 5 1 5 25 26
320.249 1 5 3 3 2 6 1 6 25 25
320.276 2 6 3 3 1 6 1 6 25 25
320.464 2 5 3 3 0 6 1 7 25 25
320.801 2 5 3 3 0 5 1 6 25 26
326.412 1 4 3 3 1 5 1 6 25 26
326.953 1 4 3 3 1 4 1 5 25 27
327.694 1 4 3 3 1 3 1 4 25 28
329.042 1 4 3 3 1 4 1 5 25 27
329.983 1 4 3 3 1 3 1 4 25 28
331.761 1 4 3 3 1 4 1 5 25 27
331.781 1 4 3 3 1 3 1 4 25 28
332.718 1 4 2 2 1 4 1 4 25 28
334.046 1 4 2 2 1 3 1 3 25 29
334.998 1 4 2 2 1 4 1 4 25 28
335.526 1 4 2 2 1 5 1 5 25 27
336.802 2 5 2 2 0 5 1 5 25 27
337.511 2 5 2 2 0 4 1 4 25 28
337.548 2 5 3 3 0 3 1 4 25 28
338.296 2 5 3 3 0 4 1 5 25 27
338.766 2 5 3 3 0 5 1 6 25 26
339.15 2 5 3 3 0 4 1 5 25 27
339.277 2 5 3 3 0 3 1 4 25 28
340.068 2 5 3 3 0 2 1 3 25 29
343.33 1 4 3 3 1 2 1 3 25 29
344.154 1 5 3 3 2 2 1 2 25 29
344.58 1 5 3 3 2 3 1 3 25 28
344.886 1 4 3 3 1 3 1 4 25 28
345.415 1 3 3 3 1 3 0 4 26 28
346.249 1 3 3 3 1 2 0 3 26 29
346.372 1 3 3 3 1 1 0 2 26 30
349.848 1 4 3 3 2 1 0 1 26 30
350.5 1 4 3 3 2 2 0 2 26 29
351.236 1 4 3 3 2 3 0 3 26 28
354.309 1 3 3 3 1 3 0 4 26 28
355.91 1 3 3 3 1 4 0 5 26 27
356.214 1 3 2 2 1 5 0 5 26 27
358.978 1 3 2 2 1 6 0 6 26 26
360.253 1 3 2 2 1 7 0 7 26 25
360.265 1 3 2 2 1 6 0 6 26 26
360.62 1 4 2 2 2 6 0 5 26 26
360.807 2 5 2 2 1 6 0 5 26 26
363.194 2 5 2 2 1 7 0 6 26 25
363.542 2 5 2 2 1 8 0 7 26 24
363.748 2 5 2 2 1 7 0 6 26 25
367.664 2 5 2 2 1 8 0 7 26 24
368.243 2 4 2 2 0 8 0 8 26 24
372.549 2 4 2 2 0 7 0 7 26 25
372.708 2 5 2 2 1 7 0 6 26 25
372.89 2 5 2 2 1 8 0 7 26 24
373.068 2 5 2 2 1 7 0 6 26 25
373.328 2 6 2 2 2 7 0 5 26 25
374.728 2 6 2 2 2 8 0 6 26 24
375.711 2 6 2 2 2 7 0 5 26 25
376.22 2 6 2 2 2 6 0 4 26 26
380.108 2 6 2 2 2 5 0 3 26 27
380.259 2 6 2 2 2 6 0 4 26 26
380.495 1 5 2 2 3 6 0 4 26 26
381.21 2 6 2 2 2 6 0 4 26 26
381.428 2 6 2 2 2 5 0 3 26 27
381.687 2 6 2 2 2 6 0 4 26 26
385.298 2 6 2 2 2 5 0 3 26 27
385.302 1 5 2 2 3 5 0 3 26 27
386.022 1 5 2 2 3 6 0 4 26 26
386.441 1 5 2 2 3 5 0 3 26 27
386.65 2 6 2 2 2 5 0 3 26 27
387.35 2 6 2 2 2 6 0 4 26 26
389.647 2 6 2 2 2 7 0 5 26 25
390.295 2 6 2 2 2 6 0 4 26 26
391.376 2 6 1 1 2 7 0 4 26 26
391.664 2 6 1 1 2 6 0 3 26 27
392.618 2 6 1 1 2 7 0 4 26 26
393.996 2 5 1 1 1 7 0 5 26 26
394.481 2 5 1 1 1 8 0 6 26 25
394.752 2 5 1 1 1 7 0 5 26 26
397.54 2 6 1 1 2 7 0 4 26 26
398.782 2 6 1 1 1 6 1 4 26 26
398.897 2 6 1 1 1 5 1 3 26 27
401.212 2 6 2 2 1 4 1 3 26 27
403.582 2 6 2 2 1 5 1 4 26 26
403.817 2 6 2 2 1 6 1 5 26 25
405.012 2 6 2 2 1 5 1 4 26 26
405.6 2 6 2 2 1 4 1 3 26 27
407.918 2 6 1 1 1 5 1 3 26 27
408.056 2 7 1 1 2 5 1 2 26 27
409.753 2 7 1 1 2 6 1 3 26 26
409.827 2 7 1 1 2 7 1 4 26 25
411.007 2 6 1 1 2 7 0 4 27 25
411.098 2 6 1 1 2 8 0 5 27 24
411.12 2 7 1 1 3 8 0 4 27 24
411.911 1 6 1 1 4 8 0 4 27 24
413.124 1 7 1 1 5 8 0 3 27 24
414.527 1 7 1 1 4 7 1 3 27 24
418.019 1 6 1 1 3 7 1 4 27 24
418.516 1 5 1 1 3 7 0 4 28 24
420.3 1 5 1 1 3 6 0 3 28 25
422.269 2 6 1 1 2 6 0 3 28 25
422.54 2 6 1 1 2 7 0 4 28 24
422.576 2 6 1 1 2 8 0 5 28 23
422.653 2 6 1 1 2 9 0 6 28 22
423.241 2 6 1 1 1 8 1 6 28 22
423.868 2 6 1 1 1 7 1 5 28 23
424.068 2 6 1 1 1 8 1 6 28 22
424.498 2 6 1 1 1 9 1 7 28 21
424.725 3 7 1 1 0 9 1 7 28 21
425.485 3 6 1 1 0 9 0 7 29 21
425.859 3 7 1 1 1 9 0 6 29 21
425.955 3 7 1 1 1 10 0 7 29 20
426.107 3 7 1 1 1 11 0 8 29 19
427.27 3 7 1 1 1 10 0 7 29 20
429.104 3 7 1 1 1 9 0 6 29 21
429.254 3 7 1 1 1 8 0 5 29 22
429.367 3 7 2 2 1 7 0 5 29 22
431.959 3 7 2 2 1 8 0 6 29 21
432.419 2 6 2 2 2 8 0 6 29 21
432.709 2 6 2 2 1 7 1 6 29 21
434.549 2 6 2 2 1 6 1 5 29 22
435.211 2 6 2 2 1 7 1 6 29 21
437.874 2 5 2 2 1 7 0 6 30 21
438.197 2 5 2 2 1 8 0 7 30 20
438.391 2 4 2 2 0 8 0 8 30 20
442.184 2 4 2 2 0 7 0 7 30 21
442.373 2 4 2 2 0 8 0 8 30 20
443.427 2 5 2 2 1 8 0 7 30 20
443.592 2 5 2 2 1 7 0 6 30 21
446.056 2 5 2 2 1 8 0 7 30 20
446.118 2 5 2 2 1 9 0 8 30 19
447.367 2 5 2 2 1 10 0 9 30 18
447.762 2 5 2 2 1 9 0 8 30 19
448.077 2 5 2 2 1 8 0 7 30 20
449.168 2 5 2 2 1 7 0 6 30 21
450.389 2 5 2 2 1 6 0 5 30 22
450.879 2 5 2 2 1 7 0 6 30 21
451.67 2 5 2 2 1 8 0 7 30 20
454.049 2 5 2 2 1 7 0 6 30 21
454.63 2 5 2 2 1 8 0 7 30 20
455.511 2 5 3 3 1 7 0 7 30 20
456.42 2 5 3 3 1 6 0 6 30 21
457.12 2 5 3 3 1 7 0 7 30 20
457.191 2 5 3 3 1 6 0 6 30 21
458.486 1 4 3 3 2 6 0 6 30 21
459.699 1 4 3 3 2 5 0 5 30 22
459.71 1 4 4 4 2 4 0 5 30 22
462.713 1 5 4 4 3 4 0 4 30 22
462.859 1 5 4 4 3 5 0 5 30 21
463.095 1 5 4 4 2 4 1 5 30 21
464.947 1 5 3 3 2 5 1 5 30 21
465.364 1 5 3 3 2 6 1 6 30 20
469.986 1 5 3 3 1 5 2 6 30 20
470.541 1 5 2 2 1 6 2 6 30 20
471.544 1 4 2 2 0 6 2 7 30 20
478.35 1 4 2 2 0 7 2 8 30 19
478.561 1 4 2 2 0 6 2 7 30 20
481.786 1 4 2 2 0 5 2 6 30 21
484.228 0 3 2 2 1 5 2 6 30 21
484.632 1 4 2 2 0 5 2 6 30 21
489.047 1 4 1 1 0 6 2 6 30 21
489.448 0 3 1 1 1 6 2 6 30 21
490.039 0 3 1 1 1 7 2 7 30 20
490.572 0 3 1 1 1 6 2 6 30 21
491.206 0 3 1 1 1 5 2 5 30 22
491.692 0 3 1 1 1 6 2 6 30 21
492.468 0 3 1 1 1 5 2 5 30 22
493.015 0 4 1 1 2 5 2 4 30 22
493.72 0 4 1 1 2 4 2 3 30 23
494.362 0 4 1 1 2 5 2 4 30 22
495.256 0 4 1 1 2 6 2 5 30 21
495.498 0 4 1 1 2 5 2 4 30 22
499.257 0 4 1 1 2 6 2 5 30 21
499.7 0 3 1 1 1 6 2 6 30 21
499.853 0 3 1 1 1 5 2 5 30 22
500.343 0 3 1 1 1 6 2 6 30 21
501.249 0 3 1 1 1 5 2 5 30 22
501.315 0 2 1 1 1 5 1 5 31 22
503.299 0 2 1 1 1 6 1 6 31 21
503.941 0 2 1 1 1 7 1 7 31 20
503.958 0 2 1 1 1 6 1 6 31 21
504.472 0 2 2 2 1 5 1 6 31 21
504.906 0 2 2 2 1 4 1 5 31 22
509.017 0 2 2 2 1 3 1 4 31 23
509.755 0 2 2 2 1 4 1 5 31 22
511.561 0 2 2 2 1 3 1 4 31 23
513.31 0 1 2 2 0 3 1 5 31 23
514.603 0 2 2 2 1 3 1 4 31 23
521.821 0 2 2 2 1 2 1 3 31 24
522.646 0 2 2 2 1 3 1 4 31 23
523.526 0 2 3 3 1 2 1 4 31 23
523.866 0 2 2 2 1 3 1 4 31 23
524.238 0 2 2 2 1 4 1 5 31 22
526.738 0 2 2 2 0 3 2 5 31 22
528.626 0 2 2 2 0 4 2 6 31 21
528.71 0 2 2 2 0 3 2 5 31 22
532.22 0 2 2 2 0 4 2 6 31 21
532.458 0 2 2 2 0 5 2 7 31 20
532.478 0 2 2 2 0 6 2 8 31 19
534.494 0 3 2 2 1 6 2 7 31 19
534.989 0 3 2 2 1 5 2 6 31 20
535.265 0 3 1 1 1 6 2 6 31 20
535.823 0 3 1 1 1 5 2 5 31 21
536.942 0 3 1 1 1 6 2 6 31 20
537.829 0 2 1 1 0 6 2 7 31 20
538.591 0 2 1 1 0 5 2 6 31 21
539.701 0 2 1 1 0 4 2 5 31 22
542.486 0 2 1 1 0 3 2 4 31 23
545.9 0 2 1 1 0 4 2 5 31 22
547.618 0 2 1 1 0 5 2 6 31 21
549.892 0 2 1 1 0 4 2 5 31 22
550.139 0 2 2 2 0 3 2 5 31 22
550.233 0 2 2 2 0 4 2 6 31 21
552.476 0 2 2 2 0 5 2 7 31 20
553.048 0 2 2 2 0 4 2 6 31 21
553.923 0 2 2 2 0 3 2 5 31 22
554.005 0 3 2 2 1 3 2 4 31 22
555.762 0 3 2 2 1 4 2 5 31 21
556.288 0 3 2 2 1 5 2 6 31 20
558.066 0 3 2 2 1 4 2 5 31 21
558.168 0 3 2 2 1 5 2 6 31 20
559.724 0 3 2 2 1 4 2 5 31 21
561.986 0 4 2 2 2 4 2 4 31 21
562.457 0 4 2 2 2 3 2 3 31 22
562.583 0 4 2 2 1 2 3 3 31 22
562.711 0 3 2 2 1 2 2 3 32 22
564.416 0 3 2 2 1 3 2 4 32 21
565.547 1 4 2 2 0 3 2 4 32 21
566.681 1 4 2 2 0 4 2 5 32 20
568.619 1 4 2 2 0 3 2 4 32 21
571.376 1 4 2 2 0 4 2 5 32 20
572.423 1 3 2 2 0 4 1 5 33 20
574.676 1 3 2 2 0 5 1 6 33 19
575.074 1 3 2 2 0 6 1 7 33 18
575.568 1 3 1 1 0 7 1 7 33 18
577.717 1 4 1 1 1 7 1 6 33 18
577.891 1 4 1 1 1 6 1 5 33 19
582.147 1 4 1 1 0 5 2 5 33 19
589.29 1 4 1 1 0 6 2 6 33 18
590.276 1 4 1 1 0 7 2 7 33 17
590.477 1 4 1 1 0 6 2 6 33 18
593.929 1 4 1 1 0 5 2 5 33 19
596.336 1 5 1 1 1 5 2 4 33 19
597.026 1 5 1 1 1 6 2 5 33 18
598.296 1 5 1 1 1 7 2 6 33 17
598.371 2 6 1 1 0 7 2 6 33 17
598.647 2 6 1 1 0 6 2 5 33 18
599.029 1 5 1 1 1 6 2 5 33 18
600.457 1 5 1 1 1 5 2 4 33 19
605.18 0 4 1 1 2 5 2 4 33 19
606.013 0 3 1 1 1 5 2 5 33 19
606.683 0 3 1 1 1 4 2 4 33 20
607.256 0 3 1 1 1 5 2 5 33 19
608.281 0 3 1 1 1 6 2 6 33 18
609.355 0 3 1 1 1 7 2 7 33 17
609.839 0 3 1 1 1 6 2 6 33 18
611.005 0 3 1 1 1 7 2 7 33 17
611.7 0 3 2 2 1 6 2 7 33 17
613.008 0 3 2 2 1 5 2 6 33 18
614.387 0 3 2 2 1 6 2 7 33 17
617.453 0 3 2 2 1 5 2 6 33 18
619.158 0 3 2 2 1 6 2 7 33 17
619.491 0 3 2 2 0 5 3 7 33 17
619.591 0 2 2 2 0 5 2 7 34 17
620.461 0 2 2 2 0 6 2 8 34 16
623.385 0 2 2 2 0 5 2 7 34 17
625.879 0 2 2 2 0 6 2 8 34 16
626.712 0 2 2 2 0 7 2 9 34 15
627.663 0 2 1 1 0 8 2 9 34 15
628.158 0 2 1 1 0 9 2 10 34 14
631.527 0 2 1 1 0 8 2 9 34 15
633.454 0 2 1 1 0 7 2 8 34 16
637.997 0 3 1 1 1 7 2 7 34 16
641.167 0 3 1 1 1 6 2 6 34 17
641.343 0 3 1 1 1 5 2 5 34 18
645.273 0 3 1 1 1 6 2 6 34 17
645.67 0 3 1 1 1 5 2 5 34 18
645.958 0 3 2 2 1 4 2 5 34 18
647.39 0 3 2 2 1 5 2 6 34 17
648.127 0 3 2 2 1 6 2 7 34 16
648.518 0 4 2 2 2 6 2 6 34 16
651.496 0 4 2 2 2 7 2 7 34 15
652.332 0 4 2 2 2 6 2 6 34 16
652.564 0 4 2 2 2 7 2 7 34 15
653.031 0 4 2 2 2 6 2 6 34 16
653.373 0 4 3 3 2 5 2 6 34 16
653.75 0 4 3 3 2 6 2 7 34 15
656.212 0 5 3 3 3 6 2 6 34 15
656.692 0 5 3 3 2 5 3 6 34 15
659.076 0 5 3 3 2 4 3 5 34 16
659.714 0 4 3 3 2 4 2 5 35 16
660.806 0 4 3 3 2 3 2 4 35 17
661.679 0 3 3 3 1 3 2 5 35 17
661.948 0 3 3 3 1 4 2 6 35 16
666.638 0 3 3 3 1 3 2 5 35 17
666.729 0 3 3 3 1 4 2 6 35 16
669.61 0 3 2 2 1 5 2 6 35 16
670.147 0 3 2 2 2 6 1 6 35 16
670.723 0 3 2 2 2 5 1 5 35 17
671.823 0 3 2 2 2 4 1 4 35 18
671.897 0 2 2 2 1 4 1 5 35 18
672.032 0 2 2 2 1 5 1 6 35 17
675.277 0 2 1 1 1 6 1 6 35 17
676.431 0 2 1 1 1 7 1 7 35 16
678.463 1 3 1 1 0 7 1 7 35 16
680.382 1 3 1 1 0 8 1 8 35 15
680.687 1 4 1 1 0 8 2 8 34 15
682.78 1 4 1 1 0 7 2 7 34 16
682.823 1 4 1 1 0 8 2 8 34 15
684.076 0 3 1 1 1 8 2 8 34 15
684.914 0 3 1 1 1 7 2 7 34 16
685.205 1 4 1 1 0 7 2 7 34 16
686.749 1 4 1 1 0 6 2 6 34 17
689.214 1 4 1 1 0 7 2 7 34 16
689.243 1 4 2 2 0 6 2 7 34 16
691.477 1 4 2 2 0 7 2 8 34 15
691.675 1 3 2 2 0 7 1 8 35 15
692.25 1 3 2 2 0 8 1 9 35 14
694.406 1 2 2 2 0 8 0 9 36 14
694.811 1 2 2 2 0 7 0 8 36 15
695.395 1 2 2 2 0 8 0 9 36 14
697.753 1 2 2 2 0 7 0 8 36 15
698.389 1 2 2 2 0 6 0 7 36 16
698.86 1 2 3 3 0 5 0 7 36 16
700.93 1 2 2 2 0 6 0 7 36 16
701.727 1 3 2 2 1 6 0 6 36 16
703.429 1 3 2 2 1 5 0 5 36 17
705.474 1 4 2 2 2 5 0 4 36 17
705.762 1 4 2 2 2 4 0 3 36 18
706.96 1 4 2 2 2 5 0 4 36 17
710.699 1 5 2 2 3 5 0 3 36 17
711.126 1 5 2 2 3 6 0 4 36 16
711.45 1 5 2 2 3 5 0 3 36 17
711.637 1 5 2 2 3 6 0 4 36 16
712.72 2 6 2 2 2 6 0 4 36 16
714.685 1 5 2 2 3 6 0 4 36 16
715.592 1 4 2 2 2 6 0 5 36 16
716.711 1 4 1 1 2 7 0 5 36 16
717.4 1 4 1 1 1 6 1 5 36 16
718.043 1 4 1 1 1 7 1 6 36 15
720.221 1 4 1 1 1 6 1 5 36 16
721.179 1 4 1 1 1 5 1 4 36 17
722.105 1 4 1 1 1 6 1 5 36 16
726.628 1 4 1 1 1 5 1 4 36 17
729 1 4 2 2 1 4 1 4 36 17
731.803 1 4 2 2 1 3 1 3 36 18
734.901 1 4 2 2 1 4 1 4 36 17
737.369 1 4 2 2 1 5 1 5 36 16
739.31 1 4 2 2 0 4 2 5 36 16
739.58 1 4 2 2 0 5 2 6 36 15
740.201 1 4 1 1 0 6 2 6 36 15
740.677 1 4 1 1 0 5 2 5 36 16
742.264 1 3 1 1 0 5 1 5 37 16
745.057 1 3 1 1 0 6 1 6 37 15
746.996 1 3 1 1 0 7 1 7 37 14
747.323 1 3 1 1 0 6 1 6 37 15
751.556 1 3 1 1 0 5 1 5 37 16
751.68 1 3 1 1 0 6 1 6 37 15
755.5 1 3 1 1 0 7 1 7 37 14
760.346 1 3 1 1 0 6 1 6 37 15
761.404 1 3 1 1 0 5 1 5 37 16
762.217 1 3 1 1 0 6 1 6 37 15
765.235 1 3 1 1 0 7 1 7 37 14
765.777 1 3 1 1 0 6 1 6 37 15
765.81 1 3 2 2 0 5 1 6 37 15
769.506 1 4 2 2 1 5 1 5 37 15
770.313 1 4 2 2 1 6 1 6 37 14
770.639 1 4 2 2 1 7 1 7 37 13
770.673 1 4 2 2 1 8 1 8 37 12
770.739 1 4 2 2 1 7 1 7 37 13
770.928 1 5 2 2 2 7 1 6 37 13
771.279 1 5 2 2 2 8 1 7 37 12
775.017 1 5 2 2 2 7 1 6 37 13
775.669 1 5 2 2 1 6 2 6 37 13
776.235 1 5 2 2 1 5 2 5 37 14
777.437 1 4 2 2 1 5 1 5 38 14
777.784 1 4 1 1 1 6 1 5 38 14
778.023 1 4 1 1 1 7 1 6 38 13
778.102 1 4 1 1 1 6 1 5 38 14
779.603 1 4 1 1 1 7 1 6 38 13
783.569 1 4 1 1 1 6 1 5 38 14
784.421 1 5 1 1 1 6 2 5 37 14
786.078 1 5 1 1 1 5 2 4 37 15
786.833 1 4 1 1 0 5 2 5 37 15
788.635 1 4 1 1 1 6 1 5 37 15
789.564 1 4 1 1 1 5 1 4 37 16
791.731 1 4 1 1 1 4 1 3 37 17
795.832 1 4 1 1 1 3 1 2 37 18
796.012 1 4 1 1 1 4 1 3 37 17
797.736 1 5 1 1 2 4 1 2 37 17
800.117 1 5 1 1 2 5 1 3 37 16
800.656 0 4 1 1 3 5 1 3 37 16
800.808 1 5 1 1 2 5 1 3 37 16
800.814 1 5 1 1 2 6 1 4 37 15
804.289 1 5 1 1 2 5 1 3 37 16
804.7 1 5 1 1 1 4 2 3 37 16
805.016 1 5 1 1 1 3 2 2 37 17
805.541 1 4 1 1 1 3 1 2 38 17
806.387 2 5 1 1 0 3 1 2 38 17
808.433 1 4 1 1 1 3 1 2 38 17
808.597 1 4 1 1 1 4 1 3 38 16
811.512 1 3 1 1 0 4 1 4 38 16
815.059 1 3 1 1 0 3 1 3 38 17
816.754 1 2 1 1 0 3 0 3 39 17
829.509 1 2 1 1 0 4 0 4 39 16
830.445 1 2 1 1 0 3 0 3 39 17
831.255 1 3 1 1 1 3 0 2 39 17
834.127 1 3 1 1 1 4 0 3 39 16
834.297 1 3 1 1 1 3 0 2 39 17
836.068 0 2 1 1 2 3 0 2 39 17
837.009 0 2 1 1 2 2 0 1 39 18
842.383 0 2 1 1 2 3 0 2 39 17
843.652 0 2 1 1 2 4 0 3 39 16
844.581 0 2 1 1 2 3 0 2 39 17
847.661 0 2 1 1 1 2 1 2 39 17
851.066 0 2 1 1 1 1 1 1 39 18
851.172 0 2 1 1 1 2 1 2 39 17
853.682 0 2 1 1 1 1 1 1 39 18
854.178 0 2 1 1 1 2 1 2 39 17
857.76 0 2 1 1 1 3 1 3 39 16
858.315 0 2 1 1 1 4 1 4 39 15
862.884 0 3 1 1 2 4 1 3 39 15
865.208 1 4 1 1 1 4 1 3 39 15
868.794 1 3 1 1 0 4 1 4 39 15
869.517 1 3 1 1 0 5 1 5 39 14
872.367 1 3 1 1 0 4 1 4 39 15
872.608 1 3 1 1 0 3 1 3 39 16
872.92 1 3 1 1 0 4 1 4 39 15
876.106 1 4 1 1 1 4 1 3 39 15
876.739 1 4 2 2 1 3 1 3 39 15
877.984 0 3 2 2 2 3 1 3 39 15
878.733 0 3 3 3 2 2 1 3 39 15
880.076 0 3 2 2 2 3 1 3 39 15
880.891 0 3 2 2 2 2 1 2 39 16
880.956 0 3 2 2 2 3 1 3 39 15
884.043 0 3 2 2 2 4 1 4 39 14
884.312 0 3 2 2 2 3 1 3 39 15
886.783 0 2 2 2 2 3 0 3 40 15
887.434 0 2 3 3 2 2 0 3 40 15
889.571 0 2 4 4 2 1 0 3 40 15
894.422 0 2 4 4 2 2 0 4 40 14
894.748 0 2 3 3 2 3 0 4 40 14
894.85 0 2 3 3 2 4 0 5 40 13
896.103 0 2 3 3 1 3 1 5 40 13
898.926 0 1 3 3 0 3 1 6 40 13
899.733 0 1 3 3 0 4 1 7 40 12
902.506 0 1 3 3 0 3 1 6 40 13
905.041 0 1 3 3 0 4 1 7 40 12
906.48 0 1 3 3 0 5 1 8 40 11
910.173 0 1 3 3 0 4 1 7 40 12
910.376 0 1 3 3 0 3 1 6 40 13
913.93 0 1 3 3 0 4 1 7 40 12
914.766 0 1 3 3 0 3 1 6 40 13
914.968 0 1 3 3 0 2 1 5 40 14
915.141 0 1 3 3 0 1 1 4 40 15
915.657 0 1 2 2 0 2 1 4 40 15
915.984 0 1 2 2 0 3 1 5 40 14
923.66 0 1 2 2 0 4 1 6 40 13
925.513 0 2 2 2 0 4 2 6 39 13
933.12 0 3 2 2 1 4 2 5 39 13
933.715 0 3 2 2 1 5 2 6 39 12
935.026 0 3 2 2 1 6 2 7 39 11
938.635 0 4 2 2 2 6 2 6 39 11
939.155 0 4 2 2 2 5 2 5 39 12
939.685 0 5 2 2 3 5 2 4 39 12
939.77 0 5 2 2 3 4 2 3 39 13
944.04 0 5 2 2 2 3 3 3 39 13
945.868 0 6 2 2 3 3 3 2 39 13
946.639 0 5 2 2 3 3 2 2 40 13
951.596 1 6 2 2 2 3 2 2 40 13
952.66 1 6 2 2 2 4 2 3 40 12
953.534 1 5 2 2 1 4 2 4 40 12
954.541 1 5 3 3 1 3 2 4 40 12
956.911 1 5 3 3 1 4 2 5 40 11
960.221 1 4 3 3 1 4 1 5 41 11
961.097 1 4 3 3 1 5 1 6 41 10
961.135 0 3 3 3 2 5 1 6 41 10
961.514 0 3 2 2 2 6 1 6 41 10
961.896 0 3 2 2 2 5 1 5 41 11
962.819 0 3 2 2 2 4 1 4 41 12
965.964 1 4 2 2 1 4 1 4 41 12
972.332 1 3 2 2 0 4 1 5 41 12
973.336 1 3 2 2 0 3 1 4 41 13
973.532 1 3 2 2 0 2 1 3 41 14
974.848 1 3 2 2 0 3 1 4 41 13
975.573 1 2 2 2 0 3 0 4 42 13
975.977 1 2 2 2 0 2 0 3 42 14
977.671 1 3 2 2 1 2 0 2 42 14
977.934 1 3 2 2 1 3 0 3 42 13
980.347 0 2 2 2 2 3 0 3 42 13
985.631 0 2 2 2 2 4 0 4 42 12
985.926 0 2 2 2 1 3 1 4 42 12
985.935 0 2 2 2 1 4 1 5 42 11
990.289 0 2 2 2 1 5 1 6 42 10
995.22 0 3 2 2 2 5 1 5 42 10
997.806 0 2 2 2 1 5 1 6 42 10
1000.82 0 2 2 2 1 4 1 5 42 11
1002.33 0 2 2 2 1 5 1 6 42 10
1003.17 0 2 2 2 1 4 1 5 42 11
1013.04 0 2 2 2 1 3 1 4 42 12
1015.37 0 2 2 2 1 4 1 5 42 11
1017.32 0 2 2 2 1 3 1 4 42 12
1024.23 0 2 2 2 1 4 1 5 42 11
1025.13 0 2 2 2 1 5 1 6 42 10
1025.56 0 2 1 1 1 6 1 6 42 10
1025.58 0 2 1 1 1 7 1 7 42 9
1025.61 0 2 1 1 1 8 1 8 42 8
1025.66 0 2 1 1 1 9 1 9 42 7
1026.41 0 1 1 1 1 9 0 9 43 7
1026.74 0 1 1 1 1 8 0 8 43 8
1027.09 0 1 1 1 1 9 0 9 43 7
1027.36 0 1 1 1 1 10 0 10 43 6
1028.93 0 1 1 1 1 9 0 9 43 7
1029.28 0 1 2 2 1 8 0 9 43 7
1029.76 0 1 3 3 1 7 0 9 43 7
1034.43 0 1 2 2 1 8 0 9 43 7
1035.27 0 1 2 2 1 7 0 8 43 8
1037.04 0 1 2 2 1 6 0 7 43 9
1038.63 0 1 2 2 1 7 0 8 43 8
1039.57 0 1 2 2 1 6 0 7 43 9
1039.71 0 1 2 2 1 5 0 6 43 10
1048.17 0 1 2 2 1 6 0 7 43 9
1049.88 0 1 2 2 1 7 0 8 43 8
1050.07 0 2 2 2 2 7 0 7 43 8
1054.47 0 2 2 2 2 6 0 6 43 9
1056.06 0 3 2 2 3 6 0 5 43 9
1056.95 0 3 2 2 2 5 1 5 43 9
1057.55 0 4 2 2 2 5 2 5 42 9
1059.08 0 4 2 2 2 4 2 4 42 10
1060.33 0 4 1 1 2 5 2 4 42 10
1063.68 0 4 1 1 2 4 2 3 42 11
1069.87 0 4 2 2 2 3 2 3 42 11
1070.05 0 3 2 2 1 3 2 4 42 11
1074.61 0 3 2 2 1 2 2 3 42 12
1078.8 0 3 2 2 1 3 2 4 42 11
1080.87 0 3 2 2 0 2 3 4 42 11
1087.15 0 3 2 2 0 1 3 3 42 12
1087.17 0 4 2 2 0 1 4 3 41 12
1089.72 0 4 2 2 0 2 4 4 41 11
1093.2 0 4 2 2 0 1 4 3 41 12
1095.18 0 5 2 2 1 1 4 2 41 12
1098.96 0 5 2 2 1 2 4 3 41 11
1099.74 0 5 2 2 1 3 4 4 41 10
1100.39 0 5 1 1 1 4 4 4 41 10
1102.56 0 4 1 1 1 4 3 4 42 10
1108.09 0 4 1 1 1 3 3 3 42 11
1108.89 0 3 1 1 1 3 2 3 43 11
1118.52 0 4 1 1 2 3 2 2 43 11
1120.6 0 3 1 1 2 3 1 2 44 11
1120.95 0 4 1 1 3 3 1 1 44 11
1121.54 0 3 1 1 2 3 1 2 44 11
1122.48 0 3 1 1 2 4 1 3 44 10
1123.34 0 4 1 1 3 4 1 2 44 10
1125.86 0 4 1 1 2 3 2 2 44 10
1127.26 1 5 1 1 1 3 2 2 44 10
1129.18 0 4 1 1 2 3 2 2 44 10
1135.58 0 4 1 1 3 4 1 2 44 10
1135.58 0 5 1 1 4 4 1 1 44 10
1136.86 0 5 2 2 4 3 1 1 44 10
1137.31 0 5 2 2 4 4 1 2 44 9
1137.51 0 5 2 2 4 5 1 3 44 8
1139.92 0 5 2 2 4 4 1 2 44 9
1140.02 0 5 2 2 3 3 2 2 44 9
1143.1 0 4 2 2 2 3 2 3 44 9
1145.26 0 4 2 2 1 2 3 3 44 9
1145.47 0 3 2 2 1 2 2 3 45 9
1148.57 0 4 2 2 2 2 2 2 45 9
1148.6 0 4 1 1 2 3 2 2 45 9
1151.54 0 3 1 1 1 3 2 3 45 9
1159.72 0 3 1 1 1 4 2 4 45 8
1160.32 0 3 1 1 1 3 2 3 45 9
1160.8 0 3 1 1 1 4 2 4 45 8
1166.15 0 3 1 1 1 5 2 5 45 7
1167.25 1 4 1 1 0 5 2 5 45 7
1168.57 1 4 1 1 0 4 2 4 45 8
1171.12 1 4 1 1 0 3 2 3 45 9
1175.73 1 4 1 1 1 4 1 3 45 9
1175.76 1 4 1 1 0 3 2 3 45 9
1176.6 1 3 1 1 0 3 1 3 46 9
1179.07 1 2 1 1 0 3 0 3 47 9
1184.25 1 2 2 2 0 2 0 3 47 9
1189.77 1 2 2 2 0 3 0 4 47 8
1189.79 1 2 2 2 0 2 0 3 47 9
1191.83 1 2 2 2 0 1 0 2 47 10
1194.91 1 2 2 2 0 2 0 3 47 9
1202.99 1 2 2 2 0 1 0 2 47 10
1212.19 1 2 2 2 0 2 0 3 47 9
1221.31 1 2 2 2 0 1 0 2 47 10
1222.33 1 2 2 2 0 2 0 3 47 9
1223.17 1 2 2 2 0 1 0 2 47 10
1242.78 1 2 1 1 0 2 0 2 47 10
1244.17 1 2 1 1 0 1 0 1 47 11
1246 1 2 1 1 0 2 0 2 47 10
1250.63 1 3 1 1 1 2 0 1 47 10
1251.08 1 3 1 1 1 3 0 2 47 9
1253.16 1 3 1 1 0 2 1 2 47 9
1259.71 1 3 1 1 0 3 1 3 47 8
1260.92 1 3 1 1 0 2 1 2 47 9
1261.03 1 3 1 1 0 1 1 1 47 10
1264.42 1 3 1 1 0 2 1 2 47 9
1264.79 1 3 1 1 0 3 1 3 47 8
1265.92 0 2 1 1 1 3 1 3 47 8
1267.92 0 2 1 1 1 4 1 4 47 7
1271.64 0 2 1 1 1 3 1 3 47 8
1274.08 0 2 1 1 0 2 2 3 47 8
1275.87 0 3 1 1 0 2 3 3 46 8
1281.49 0 3 1 1 0 1 3 2 46 9
1283 0 3 1 1 0 2 3 3 46 8
1292.18 0 3 0 0 0 3 3 3 46 8
1295.97 0 3 0 0 0 4 3 4 46 7
1296.51 0 3 0 0 0 5 3 5 46 6
1302.16 0 2 0 0 0 5 2 5 47 6
1303.5 0 3 0 0 1 5 2 4 47 6
1307.27 0 3 0 0 1 4 2 3 47 7
1314.81 0 4 0 0 1 4 3 3 46 7
1324.81 0 4 0 0 1 5 3 4 46 6
1327.78 0 4 0 0 2 6 2 4 46 6
1327.79 0 4 1 1 2 5 2 4 46 6
1328.94 0 3 1 1 1 5 2 5 46 6
1334.05 0 3 1 1 1 6 2 6 46 5
1336.2 0 3 2 2 1 5 2 6 46 5
1337.58 0 3 2 2 1 4 2 5 46 6
1343.28 0 2 2 2 1 4 1 5 47 6
1345.74 0 1 2 2 1 4 0 5 48 6
1350.4 0 2 2 2 1 4 1 5 47 6
1356.02 0 2 2 2 1 5 1 6 47 5
1357.46 0 1 2 2 0 5 1 7 47 5
1357.51 0 1 1 1 0 6 1 7 47 5
1357.61 0 1 1 1 0 5 1 6 47 6
1358.74 0 1 0 0 0 6 1 6 47 6
1359.16 0 1 1 1 0 5 1 6 47 6
1359.21 0 1 1 1 0 4 1 5 47 7
1362.13 0 1 1 1 0 5 1 6 47 6
1362.63 0 1 1 1 0 6 1 7 47 5
1365.51 0 1 1 1 0 7 1 8 47 4
1365.71 0 1 1 1 0 6 1 7 47 5
1366.69 0 1 1 1 0 5 1 6 47 6
1366.75 0 2 1 1 0 5 2 6 46 6
1368.33 0 2 1 1 0 4 2 5 46 7
1368.91 0 3 1 1 1 4 2 4 46 7
1368.98 0 3 1 1 1 5 2 5 46 6
1369.99 0 3 1 1 1 4 2 4 46 7
1376.6 0 3 2 2 1 3 2 4 46 7
1378.33 0 3 1 1 1 4 2 4 46 7
1379.02 0 2 1 1 1 4 1 4 47 7
1388.82 0 2 2 2 1 3 1 4 47 7
1389.66 0 2 1 1 1 4 1 4 47 7
1390.96 0 1 1 1 1 4 0 4 48 7
1391.01 0 1 1 1 1 3 0 3 48 8
1391.07 0 1 1 1 1 2 0 2 48 9
1396.04 0 1 1 1 1 3 0 3 48 8
1397.24 0 1 1 1 1 4 0 4 48 7
1401.65 0 2 1 1 2 4 0 3 48 7
1403.19 0 3 1 1 3 4 0 2 48 7
1403.2 0 3 1 1 3 3 0 1 48 8
1406.32 0 3 1 1 3 4 0 2 48 7
1409.65 0 3 1 1 3 5 0 3 48 6
1411.43 0 2 1 1 2 5 0 4 48 6
1412.86 0 2 1 1 2 6 0 5 48 5
1414.91 0 2 1 1 2 5 0 4 48 6
1422.2 0 2 1 1 2 4 0 3 48 7
1422.68 0 2 1 1 2 5 0 4 48 6
1424.95 0 2 1 1 2 4 0 3 48 7
1425.31 0 2 1 1 2 3 0 2 48 8
1425.78 0 2 1 1 2 4 0 3 48 7
1427.41 0 1 1 1 1 4 0 4 48 7
1428.34 0 1 1 1 1 3 0 3 48 8
1438.72 0 1 1 1 1 4 0 4 48 7
1438.95 0 2 1 1 1 4 1 4 47 7
1440.21 0 2 1 1 1 5 1 5 47 6
1440.3 0 2 1 1 1 6 1 6 47 5
1440.51 0 2 1 1 1 5 1 5 47 6
1440.78 0 2 1 1 1 4 1 4 47 7
1442.48 0 2 1 1 1 3 1 3 47 8
1447.19 0 2 1 1 1 4 1 4 47 7
1448.22 0 2 1 1 1 3 1 3 47 8
1453.34 0 2 2 2 1 2 1 3 47 8
1464.29 0 3 2 2 1 2 2 3 46 8
1464.42 0 3 2 2 1 3 2 4 46 7
1464.72 0 3 2 2 1 4 2 5 46 6
1465.3 0 3 2 2 1 3 2 4 46 7
1465.37 0 3 2 2 1 2 2 3 46 8
1466.53 0 3 1 1 1 3 2 3 46 8
1469.05 0 4 1 1 1 3 3 3 45 8
1470.19 0 4 1 1 0 2 4 3 45 8
1472.13 0 5 1 1 0 2 5 3 44 8
1472.18 0 4 1 1 0 2 4 3 45 8
1472.83 0 4 1 1 0 3 4 4 45 7
1473.73 0 4 1 1 0 2 4 3 45 8
1477.47 0 4 1 1 0 3 4 4 45 7
1481.93 0 4 1 1 0 4 4 5 45 6
1485.59 0 4 1 1 0 3 4 4 45 7
1487.56 0 3 1 1 0 3 3 4 46 7
1487.81 0 3 1 1 0 2 3 3 46 8
1494.77 0 3 1 1 0 3 3 4 46 7
1499.06 0 3 1 1 0 4 3 5 46 6
1502.59 0 3 1 1 0 3 3 4 46 7
1505.46 0 3 1 1 0 4 3 5 46 6
1509.14 0 4 1 1 1 4 3 4 46 6
1510.65 0 4 1 1 1 5 3 5 46 5
1511.04 0 4 0 0 1 6 3 5 46 5
1512.47 0 5 0 0 1 6 4 5 45 5
1513.87 0 4 0 0 1 6 3 5 46 5
1514.6 0 3 0 0 1 6 2 5 47 5
1515.71 0 3 0 0 1 7 2 6 47 4
1521.72 0 3 1 1 1 6 2 6 47 4
1521.96 0 3 1 1 1 5 2 5 47 5
1526.88 0 3 1 1 1 4 2 4 47 6
1528.97 0 3 0 0 1 5 2 4 47 6
1529.65 1 4 0 0 0 5 2 4 47 6
1530.13 1 4 0 0 0 6 2 5 47 5
1531.75 0 3 0 0 1 6 2 5 47 5
1535.1 0 4 0 0 2 6 2 4 47 5
1535.17 0 4 0 0 2 5 2 3 47 6
1536.19 0 4 0 0 2 4 2 2 47 7
1539.54 0 4 0 0 2 3 2 1 47 8
1541.59 0 5 0 0 2 3 3 1 46 8
1545.23 0 5 0 0 2 4 3 2 46 7
1545.42 0 5 0 0 2 5 3 3 46 6
1545.47 0 5 0 0 2 4 3 2 46 7
1545.97 0 5 0 0 2 5 3 3 46 6
1548.9 1 6 0 0 1 5 3 3 46 6
1551.84 1 5 0 0 1 5 2 3 47 6
1551.88 2 6 0 0 0 5 2 3 47 6
1554.54 2 6 0 0 1 6 1 3 47 6
1557.72 1 5 0 0 2 6 1 3 47 6
1558.39 2 6 0 0 1 6 1 3 47 6
1561.69 2 6 0 0 1 7 1 4 47 5
1562.97 1 5 0 0 2 7 1 4 47 5
1565.09 0 4 0 0 3 7 1 4 47 5
1565.84 0 4 0 0 3 6 1 3 47 6
1567.14 0 4 0 0 2 5 2 3 47 6
1570.74 0 4 1 1 2 4 2 3 47 6
1570.88 0 4 1 1 1 3 3 3 47 6
1572.54 0 4 1 1 1 4 3 4 47 5
1573.88 0 3 1 1 0 4 3 5 47 5
1574.15 0 4 1 1 1 4 3 4 47 5
1574.23 0 3 1 1 1 4 2 4 48 5
1583.43 0 3 1 1 1 5 2 5 48 4
1584.13 0 3 1 1 1 4 2 4 48 5
1585.16 0 3 1 1 1 5 2 5 48 4
1586.91 0 3 1 1 1 4 2 4 48 5
1588.51 0 3 2 2 1 3 2 4 48 5
1592.71 0 3 2 2 1 4 2 5 48 4
1593.38 0 3 2 2 1 3 2 4 48 5
1602.25 0 3 2 2 1 2 2 3 48 6
1602.41 1 4 2 2 0 2 2 3 48 6
1605.31 1 4 1 1 0 3 2 3 48 6
1610.8 1 4 1 1 0 2 2 2 48 7
1616.58 1 4 1 1 0 3 2 3 48 6
1620.94 1 4 1 1 0 4 2 4 48 5
1631.78 1 3 1 1 0 4 1 4 49 5
1633.94 1 3 1 1 0 5 1 5 49 4
1637.49 1 3 1 1 0 4 1 4 49 5
1637.7 1 3 1 1 0 5 1 5 49 4
1638.13 1 3 1 1 0 4 1 4 49 5
1638.56 1 3 1 1 0 3 1 3 49 6
1638.74 1 3 1 1 0 2 1 2 49 7
1639.27 1 2 1 1 0 2 0 2 50 7
1644.14 1 2 1 1 0 3 0 3 50 6
1646.13 1 2 2 2 0 2 0 3 50 6
1646.26 1 3 2 2 1 2 0 2 50 6
1646.55 1 3 2 2 1 1 0 1 50 7
1648.11 1 3 1 1 1 2 0 1 50 7
1649.52 1 3 1 1 1 3 0 2 50 6
1650.31 1 3 1 1 1 4 0 3 50 5
1651.63 1 3 1 1 1 5 0 4 50 4
1656.88 1 3 1 1 0 4 1 4 50 4
1657.55 1 3 1 1 0 3 1 3 50 5
1659.14 1 4 1 1 1 3 1 2 50 5
1662.75 1 4 1 1 1 2 1 1 50 6
1666.86 1 3 1 1 1 2 0 1 51 6
1667.96 1 3 1 1 1 1 0 0 51 7
1670.59 1 3 1 1 1 2 0 1 51 6
1674.22 1 3 1 1 1 3 0 2 51 5
1678.85 0 2 1 1 2 3 0 2 51 5
1682 0 2 1 1 2 2 0 1 51 6
1683.82 1 3 1 1 1 2 0 1 51 6
1685.77 2 4 1 1 0 2 0 1 51 6
1689.78 2 4 1 1 0 1 0 0 51 7
1697.24 1 3 1 1 1 1 0 0 51 7
1702.61 1 3 1 1 1 2 0 1 51 6
1714.57 1 3 2 2 1 1 0 1 51 6
1728.25 1 3 2 2 1 2 0 2 51 5
1728.88 1 4 2 2 2 2 0 1 51 5
1730.47 1 4 1 1 2 3 0 1 51 5
1735.42 1 4 1 1 2 4 0 2 51 4
1738.05 0 3 1 1 3 4 0 2 51 4
1741.64 0 3 1 1 3 5 0 3 51 3
1742.47 1 4 1 1 2 5 0 3 51 3
1742.49 1 4 1 1 2 6 0 4 51 2
1742.94 1 4 1 1 2 5 0 3 51 3
1746.04 1 4 1 1 2 4 0 2 51 4
1746.86 1 4 1 1 2 5 0 3 51 3
1747.37 1 4 1 1 1 4 1 3 51 3
1750.8 0 3 1 1 2 4 1 3 51 3
1753.02 1 4 1 1 1 4 1 3 51 3
1753.13 1 4 1 1 1 3 1 2 51 4
1759.72 0 3 1 1 2 3 1 2 51 4
1762.71 0 3 0 0 2 4 1 2 51 4
1763.64 0 3 0 0 1 3 2 2 51 4
1769.89 0 3 0 0 1 4 2 3 51 3
1769.91 1 4 0 0 0 4 2 3 51 3
1770.02 1 3 0 0 0 4 1 3 52 3
1772.15 1 3 0 0 1 5 0 3 52 3
1772.26 2 4 0 0 0 5 0 3 52 3
1773.73 2 5 0 0 0 5 1 3 51 3
1773.8 2 5 0 0 0 6 1 4 51 2
1777.53 2 5 1 1 0 5 1 4 51 2
1777.99 1 4 1 1 1 5 1 4 51 2
1778.19 1 4 1 1 0 4 2 4 51 2
1786.23 1 4 1 1 0 3 2 3 51 3
1787 0 3 1 1 1 3 2 3 51 3
1787.43 0 3 1 1 1 4 2 4 51 2
1796.02 0 3 1 1 1 3 2 3 51 3
1796.18 0 4 1 1 2 3 2 2 51 3
1799.55 0 3 1 1 2 3 1 2 52 3
1800.59 0 2 1 1 1 3 1 3 52 3
1801.84 0 3 1 1 1 3 2 3 51 3
1803.85 0 3 1 1 1 2 2 2 51 4
1808.01 1 4 1 1 0 2 2 2 51 4
1808.53 0 3 1 1 1 2 2 2 51 4
1813.77 0 3 1 1 1 3 2 3 51 3
1814.04 0 3 1 1 1 2 2 2 51 4
1816.21 0 4 1 1 2 2 2 1 51 4
1818.58 0 4 1 1 2 1 2 0 51 5
1818.94 1 5 1 1 1 1 2 0 51 5
1819.46 1 6 1 1 1 1 3 0 50 5
1820.95 1 6 1 1 2 2 2 0 50 5
1821.99 2 7 1 1 1 2 2 0 50 5
1830.44 2 6 1 1 0 2 2 1 50 5
1833.19 2 5 1 1 0 2 1 1 51 5
1834.24 1 4 1 1 1 2 1 1 51 5
1835.93 2 5 1 1 0 2 1 1 51 5
1836.52 1 4 1 1 1 2 1 1 51 5
1837.34 1 3 1 1 1 2 0 1 52 5
1838.87 1 3 1 1 1 3 0 2 52 4
1844.72 0 2 1 1 2 3 0 2 52 4
1846.89 0 2 1 1 1 2 1 2 52 4
1850.31 0 1 1 1 1 2 0 2 53 4
1850.71 0 1 1 1 1 3 0 3 53 3
1852.56 0 1 1 1 1 4 0 4 53 2
1854.58 0 1 1 1 1 3 0 3 53 3
1857.17 0 1 1 1 1 2 0 2 53 4
1864.29 0 1 1 1 1 1 0 1 53 5
1865.89 1 2 1 1 0 1 0 1 53 5
1867.13 1 2 1 1 0 0 0 0 53 6
1870.6 1 2 1 1 0 1 0 1 53 5
1878.18 1 3 1 1 0 1 1 1 52 5
1890.9 1 2 1 1 0 1 0 1 53 5
1895.78 1 2 1 1 0 2 0 2 53 4
1900.61 1 2 1 1 0 1 0 1 53 5
1904.07 1 2 1 1 0 2 0 2 53 4
1912.34 1 2 1 1 0 1 0 1 53 5
1913.35 1 2 1 1 0 2 0 2 53 4
1920.11 1 2 1 1 0 3 0 3 53 3
1921.48 0 1 1 1 1 3 0 3 53 3
1923.4 0 1 1 1 1 2 0 2 53 4
1926.93 0 1 1 1 1 1 0 1 53 5
1932.14 0 1 1 1 1 2 0 2 53 4
1936.92 0 1 1 1 1 1 0 1 53 5
1951.3 1 2 1 1 0 1 0 1 53 5
1957.14 1 2 1 1 0 2 0 2 53 4
1957.84 1 2 1 1 0 3 0 3 53 3
1969.52 0 1 1 1 1 3 0 3 53 3
1980.69 0 2 1 1 1 3 1 3 52 3
1980.85 1 3 1 1 0 3 1 3 52 3
1981.35 1 3 2 2 0 2 1 3 52 3
1987.45 1 3 1 1 0 3 1 3 52 3
1988.45 1 2 1 1 0 3 0 3 53 3
1988.79 1 2 1 1 0 2 0 2 53 4
1989.19 1 2 1 1 0 3 0 3 53 3
1998.94 1 3 1 1 0 3 1 3 52 3
2018.32 1 4 1 1 0 3 2 3 51 3
2019.19 1 4 1 1 0 2 2 2 51 4
2022.27 1 3 1 1 0 2 1 2 52 4
2023.93 1 4 1 1 0 2 2 2 51 4
2027.02 1 3 1 1 0 2 1 2 52 4
2032.08 1 3 1 1 0 1 1 1 52 5
2052.31 1 4 1 1 0 1 2 1 51 5
2056.69 0 3 1 1 1 1 2 1 51 5
2067.15 0 2 1 1 0 1 2 2 51 5
2069.59 0 2 1 1 0 2 2 3 51 4
2069.82 0 2 1 1 0 3 2 4 51 3
2077.01 0 3 1 1 1 3 2 3 51 3
2087.13 0 2 1 1 1 3 1 3 52 3
2087.58 0 2 1 1 1 4 1 4 52 2
2088.32 0 2 1 1 0 3 2 4 52 2
2090.62 0 3 1 1 1 3 2 3 52 2
2091.84 0 3 1 1 1 2 2 2 52 3
2097.37 0 2 1 1 1 2 1 2 53 3
2100.31 0 2 0 0 1 3 1 2 53 3
2101.39 0 2 0 0 0 2 2 2 53 3
2111.31 0 1 0 0 0 2 1 2 54 3
2117.76 0 1 0 0 0 1 1 1 54 4
2121.65 0 1 0 0 0 2 1 2 54 3
2129.35 0 1 0 0 0 3 1 3 54 2
2139.19 0 0 0 0 0 3 0 3 55 2
2140.78 0 0 0 0 0 2 0 2 55 3
2141.28 0 0 0 0 0 3 0 3 55 2
2142.03 0 0 0 0 0 4 0 4 55 1
2157.89 0 1 0 0 1 4 0 3 55 1
2157.95 0 2 0 0 2 4 0 2 55 1
2158.76 1 3 0 0 1 4 0 2 55 1
2160.82 1 3 0 0 1 3 0 1 55 2
2161.26 1 3 0 0 1 4 0 2 55 1
2162.73 1 3 0 0 1 3 0 1 55 2
2163.22 2 4 0 0 0 3 0 1 55 2
2167.08 1 3 0 0 1 3 0 1 55 2
2169.17 1 3 0 0 1 4 0 2 55 1
2173.57 1 3 0 0 1 3 0 1 55 2
2174.9 1 4 0 0 1 3 1 1 54 2
2184.38 1 4 0 0 1 4 1 2 54 1
2185.43 1 5 0 0 2 4 1 1 54 1
2192.26 2 6 0 0 1 4 1 1 54 1
2192.88 2 6 0 0 1 5 1 2 54 0
2193.89 2 6 1 1 1 4 1 2 54 0
2194.64 2 6 1 1 1 3 1 1 54 1
2195.93 2 5 1 1 0 3 1 2 54 1
2202.04 1 4 1 1 1 3 1 2 54 1
2211 1 4 1 1 0 2 2 2 54 1
2218.94 1 5 1 1 0 2 3 2 53 1
2220.59 0 4 1 1 1 2 3 2 53 1
2224.85 0 3 1 1 1 2 2 2 54 1
2231.68 0 3 0 0 1 3 2 2 54 1
2239.77 1 4 0 0 0 3 2 2 54 1
2244.45 1 4 0 0 0 4 2 3 54 0
2248.53 1 4 0 0 0 3 2 2 54 1
2248.93 0 3 0 0 1 3 2 2 54 1
2253.26 0 3 0 0 0 2 3 2 54 1
2254.69 0 2 0 0 0 2 2 2 55 1
2288.48 0 2 1 1 0 1 2 2 55 1
2314.25 0 3 1 1 1 1 2 1 55 1
2326.96 0 3 1 1 2 2 1 1 55 1
2331.93 0 2 1 1 1 2 1 2 55 1
2354.12 0 2 1 1 1 1 1 1 55 2
2359.03 0 1 1 1 0 1 1 2 55 2
2371 0 1 1 1 0 0 1 1 55 3
2383.03 0 1 1 1 0 1 1 2 55 2
2392.71 0 2 1 1 1 1 1 1 55 2
2396.1 0 2 2 2 1 0 1 1 55 2
2407.54 0 2 1 1 1 1 1 1 55 2
2413.2 0 2 2 2 1 0 1 1 55 2
2418.54 0 1 2 2 0 0 1 2 55 2
2422.67 0 1 2 2 0 1 1 3 55 1
2429.51 0 1 2 2 0 0 1 2 55 2
2456.37 0 2 2 2 0 0 2 2 54 2
2457.21 0 2 1 1 0 1 2 2 54 2
2469.59 0 2 0 0 0 2 2 2 54 2
2470.84 0 2 0 0 1 3 1 2 54 2
2475.5 0 3 0 0 2 3 1 1 54 2
2491.29 0 3 0 0 2 4 1 2 54 1
2499.43 0 2 0 0 1 4 1 3 54 1
2509.14 0 2 0 0 1 3 1 2 54 2
2509.52 0 2 0 0 1 2 1 1 54 3
2528.27 0 2 0 0 2 3 0 1 54 3
2528.42 0 1 0 0 1 3 0 2 54 3
2531.42 1 2 0 0 0 3 0 2 54 3
2532.61 0 1 0 0 1 3 0 2 54 3
2533.61 0 1 1 1 1 2 0 2 54 3
2534.09 0 1 1 1 1 1 0 1 54 4
2534.78 0 1 1 1 1 2 0 2 54 3
2537.28 0 1 1 1 1 3 0 3 54 2
2548.24 0 2 1 1 2 3 0 2 54 2
2548.99 0 2 1 1 2 4 0 3 54 1
2551.88 0 1 1 1 1 4 0 4 54 1
2552.74 0 1 1 1 1 3 0 3 54 2
2561.81 0 1 1 1 1 4 0 4 54 1
2562.85 0 1 1 1 1 3 0 3 54 2
2568.07 0 2 1 1 1 3 1 3 53 2
2569.73 0 2 1 1 1 2 1 2 53 3
2577.26 0 3 1 1 1 2 2 2 52 3
2579.18 0 4 1 1 2 2 2 1 52 3
2588.03 0 3 1 1 1 2 2 2 52 3
2588.68 0 3 1 1 1 3 2 3 52 2
2588.87 0 4 1 1 1 3 3 3 51 2
2594.65 0 5 1 1 2 3 3 2 51 2
2595.3 0 5 2 2 2 2 3 2 51 2
2596.36 0 6 2 2 2 2 4 2 50 2
2597.24 0 5 2 2 1 2 4 3 50 2
2597.85 0 5 2 2 0 1 5 3 50 2
2598.78 0 4 2 2 0 1 4 3 51 2
2601.27 0 5 2 2 1 1 4 2 51 2
2603.62 0 4 2 2 1 1 3 2 52 2
2612.37 0 5 2 2 1 1 4 2 51 2
2612.55 0 5 2 2 2 2 3 2 51 2
2617.34 0 4 2 2 2 2 2 2 52 2
2620.14 0 4 2 2 3 3 1 2 52 2
2620.19 0 3 2 2 2 3 1 3 52 2
2624.14 0 4 2 2 3 3 1 2 52 2
2626.53 0 4 2 2 2 2 2 2 52 2
2628 0 4 2 2 2 1 2 1 52 3
2637.32 0 3 2 2 1 1 2 2 52 3
2641.99 0 4 2 2 2 1 2 1 52 3
2646.83 0 4 1 1 2 2 2 1 52 3
2651.8 0 4 1 1 1 1 3 1 52 3
2661.62 0 4 1 1 1 2 3 2 52 2
2663.32 1 5 1 1 0 2 3 2 52 2
2663.92 0 4 1 1 1 2 3 2 52 2
2664.38 0 4 1 1 1 3 3 3 52 1
2664.81 0 5 1 1 1 3 4 3 51 1
2665.66 0 5 1 1 0 2 5 3 51 1
2685.96 0 4 1 1 0 2 4 3 52 1
2686.68 0 4 1 1 0 3 4 4 52 0
2688.23 0 3 1 1 0 3 3 4 53 0
2688.99 0 3 0 0 0 4 3 4 53 0
2693.06 0 3 0 0 0 3 3 3 53 1
2695.55 0 3 0 0 0 2 3 2 53 2
2696.43 0 3 0 0 0 3 3 3 53 1
2705.39 0 2 0 0 0 3 2 3 54 1
2705.74 0 2 0 0 0 2 2 2 54 2
2718.28 0 1 0 0 0 2 1 2 55 2
2727.04 0 1 0 0 0 3 1 3 55 1
2729.73 0 1 0 0 0 2 1 2 55 2
2730.79 0 2 0 0 0 2 2 2 54 2
2744.03 0 3 0 0 1 2 2 1 54 2
2749.58 0 3 0 0 1 3 2 2 54 1
2750.68 0 2 0 0 0 3 2 3 54 1
2750.71 0 2 1 1 0 2 2 3 54 1
2757.32 0 2 1 1 1 3 1 3 54 1
2758.84 0 1 1 1 1 3 0 3 55 1
2761.08 0 1 0 0 1 4 0 3 55 1
2763.17 0 1 0 0 1 3 0 2 55 2
2768.18 1 2 0 0 0 3 0 2 55 2
2782.4 1 2 1 1 0 2 0 2 55 2
2786.65 0 1 1 1 1 2 0 2 55 2
2787.2 0 2 1 1 2 2 0 1 55 2
2800.27 0 1 1 1 1 2 0 2 55 2
2804.43 0 2 1 1 2 2 0 1 55 2
2808.66 0 2 1 1 2 1 0 0 55 3
2817.37 0 3 1 1 2 1 1 0 54 3
2827.25 1 4 1 1 1 1 1 0 54 3
2831.25 1 4 1 1 1 2 1 1 54 2
2831.33 1 3 1 1 0 2 1 2 54 2
2835 1 3 1 1 0 1 1 1 54 3
2853.12 1 2 1 1 0 1 0 1 55 3
2860.01 1 2 1 1 0 2 0 2 55 2
2869.73 0 1 1 1 1 2 0 2 55 2
2870.26 0 2 1 1 1 2 1 2 54 2
2873.44 0 2 1 1 0 1 2 2 54 2
2884.46 0 1 1 1 0 1 1 2 55 2
2905.66 0 1 1 1 0 0 1 1 55 3
2907.22 0 1 1 1 1 1 0 1 55 3
2914.28 0 1 2 2 1 0 0 1 55 3
2914.74 0 1 2 2 1 1 0 2 55 2
2916.19 0 1 2 2 0 0 1 2 55 2
2922.82 0 1 2 2 0 1 1 3 55 1
2924.09 0 1 2 2 0 2 1 4 55 0
2924.68 0 2 2 2 1 2 1 3 55 0
2928.73 0 2 2 2 1 1 1 2 55 1
2940.5 1 3 2 2 0 1 1 2 55 1
2942.79 1 3 2 2 1 2 0 2 55 1
2949.85 1 3 2 2 1 3 0 3 55 0
2951.06 1 3 1 1 1 4 0 3 55 0
2952.53 1 3 1 1 1 3 0 2 55 1
2960 1 4 1 1 2 3 0 1 55 1
2963.2 1 3 1 1 1 3 0 2 55 1
2975.69 1 2 1 1 0 3 0 3 55 1
2979.39 1 2 1 1 0 2 0 2 55 2
2981.85 1 2 2 2 0 1 0 2 55 2
2989.05 1 3 2 2 0 1 1 2 54 2
2991.31 1 3 2 2 0 2 1 3 54 1
2994.84 1 3 2 2 0 1 1 2 54 2
2995.68 1 2 2 2 0 1 0 2 55 2
2995.68 1 2 2 2 0 1 0 2 55 2
