0 60 120 60 60 0 0 0 0 0 0
0.0189348 59 119 60 60 1 0 0 0 0 0
0.036054 58 118 60 60 2 0 0 0 0 0
0.0367029 58 118 59 59 2 1 0 0 0 0
0.0466549 57 117 59 59 3 1 0 0 0 0
0.0660404 56 116 59 59 4 1 0 0 0 0
0.0961368 55 115 59 59 5 1 0 0 0 0
0.0977925 54 114 59 59 6 1 0 0 0 0
0.11551 54 114 58 58 6 2 0 0 0 0
0.11978 53 113 58 58 7 2 0 0 0 0
0.140783 53 113 57 57 7 3 0 0 0 0
0.156785 52 112 57 57 8 3 0 0 0 0
0.16537 52 112 56 56 8 4 0 0 0 0
0.184361 52 112 55 55 8 5 0 0 0 0
0.193616 51 111 55 55 9 5 0 0 0 0
0.202279 51 111 54 54 9 6 0 0 0 0
0.204129 51 111 53 53 9 7 0 0 0 0
0.240082 50 110 53 53 10 7 0 0 0 0
0.265149 49 109 53 53 11 7 0 0 0 0
0.309529 49 109 52 52 11 8 0 0 0 0
0.328468 48 108 52 52 12 8 0 0 0 0
0.332432 47 107 52 52 13 8 0 0 0 0
0.336044 47 107 51 51 13 9 0 0 0 0
0.345987 46 106 51 51 14 9 0 0 0 0
0.355338 45 105 51 51 15 9 0 0 0 0
0.382754 45 105 50 50 15 10 0 0 0 0
0.383854 44 104 50 50 16 10 0 0 0 0
0.402565 43 103 50 50 17 10 0 0 0 0
0.441517 43 103 49 49 17 11 0 0 0 0
0.46773 43 103 48 48 17 12 0 0 0 0
0.473686 43 103 47 47 17 13 0 0 0 0
0.486881 43 103 46 46 17 14 0 0 0 0
0.498216 42 102 46 46 18 14 0 0 0 0
0.503922 42 102 45 45 18 15 0 0 0 0
0.513556 42 102 44 44 18 16 0 0 0 0
0.532621 42 101 44 44 17 16 0 1 0 0
0.592542 41 100 44 44 18 16 0 1 0 0
0.618736 41 99 44 44 17 16 0 2 0 0
0.624088 41 99 43 43 17 17 0 2 0 0
0.626621 40 98 43 43 18 17 0 2 0 0
0.626895 39 97 43 43 19 17 0 2 0 0
0.687764 39 96 43 43 18 17 0 3 0 0
0.699907 38 95 43 43 19 17 0 3 0 0
0.717469 38 95 42 42 19 18 0 3 0 0
0.719534 38 95 41 41 19 19 0 3 0 0
0.749499 38 95 40 40 19 20 0 3 0 0
0.771409 38 95 39 39 19 21 0 3 0 0
0.806913 38 94 39 39 18 21 0 4 0 0
0.841059 38 93 39 39 17 21 0 5 0 0
0.855032 38 93 38 38 17 22 0 5 0 0
0.864606 38 92 38 38 16 22 0 6 0 0
0.875973 38 92 37 37 16 23 0 6 0 0
0.878097 38 91 37 37 15 23 0 7 0 0
0.894079 38 91 36 36 15 24 0 7 0 0
0.907548 37 90 36 36 16 24 0 7 0 0
0.909375 36 89 36 36 17 24 0 7 0 0
0.930758 36 88 36 36 16 24 0 8 0 0
0.949174 36 87 36 36 15 24 0 9 0 0
0.976769 36 86 36 36 14 24 0 10 0 0
0.993406 35 85 36 36 15 24 0 10 0 0
1.01482 35 85 35 35 15 25 0 10 0 0
1.02091 35 85 34 34 15 26 0 10 0 0
1.04689 35 84 34 34 14 26 0 11 0 0
1.06251 34 83 34 34 15 26 0 11 0 0
1.06832 33 82 34 34 16 26 0 11 0 0
1.10364 32 81 34 34 17 26 0 11 0 0
1.1084 32 80 34 34 16 26 0 12 0 0
1.18286 32 80 34 34 15 25 1 12 0 0
1.19601 32 80 33 33 15 26 1 12 0 0
1.22137 31 79 33 33 16 26 1 12 0 0
1.22566 30 78 33 33 17 26 1 12 0 0
1.23753 29 77 33 33 18 26 1 12 0 0
1.27492 28 76 33 33 19 26 1 12 0 0
1.33693 28 76 32 32 19 27 1 12 0 0
1.34073 28 76 31 31 19 28 1 12 0 0
1.35008 27 75 31 31 20 28 1 12 0 0
1.38653 27 75 30 30 20 29 1 12 0 0
1.38783 27 75 30 30 19 28 2 12 0 0
1.41308 27 75 29 29 19 29 2 12 0 0
1.48663 26 74 29 29 20 29 2 12 0 0
1.50651 25 73 29 29 21 29 2 12 0 0
1.52182 24 72 29 29 22 29 2 12 0 0
1.58811 24 72 29 29 21 28 3 12 0 0
1.70799 24 71 29 29 20 28 3 13 0 0
1.76633 24 71 28 28 20 29 3 13 0 0
1.77319 24 71 28 28 20 28 3 12 0 1
1.78543 24 71 27 27 20 29 3 12 0 1
1.83553 24 70 27 27 19 29 3 13 0 1
1.85834 23 69 27 27 20 29 3 13 0 1
1.88591 22 68 27 27 21 29 3 13 0 1
1.8917 21 67 27 27 22 29 3 13 0 1
1.90846 20 66 27 27 23 29 3 13 0 1
1.92655 20 66 27 27 22 28 4 13 0 1
1.94034 20 66 27 27 22 27 4 12 0 2
1.94094 20 65 27 27 21 27 4 13 0 2
2.01732 20 65 26 26 21 28 4 13 0 2
2.01804 20 64 26 26 20 28 4 14 0 2
2.02745 19 63 26 26 21 28 4 14 0 2
2.07086 19 62 26 26 20 28 4 15 0 2
2.0811 19 62 25 25 20 29 4 15 0 2
2.14892 19 62 25 25 19 28 5 15 0 2
2.18479 19 61 25 25 18 28 5 16 0 2
2.18787 19 61 25 25 17 27 6 16 0 2
2.20293 19 61 24 24 17 28 6 16 0 2
2.21229 18 60 24 24 18 28 6 16 0 2
2.22565 18 59 24 24 18 28 5 16 1 2
2.30406 17 58 24 24 19 28 5 16 1 2
2.31977 17 57 24 24 18 28 5 17 1 2
2.32987 17 57 23 23 18 29 5 17 1 2
2.35035 17 56 23 23 17 29 5 18 1 2
2.35181 17 55 23 23 16 29 5 19 1 2
2.41535 17 55 23 23 16 28 5 18 1 3
2.46216 17 55 23 23 16 27 5 17 1 4
2.46219 17 54 23 23 16 27 4 17 2 4
2.4775 17 53 23 23 15 27 4 18 2 4
2.48053 17 52 23 23 14 27 4 19 2 4
2.54144 16 51 23 23 15 27 4 19 2 4
2.5646 15 50 23 23 16 27 4 19 2 4
2.57566 14 49 23 23 17 27 4 19 2 4
2.60413 14 48 23 23 17 27 3 19 3 4
2.66472 13 47 23 23 18 27 3 19 3 4
2.76101 13 47 22 22 18 28 3 19 3 4
2.79777 13 46 22 22 17 28 3 20 3 4
2.99945 12 45 22 22 18 28 3 20 3 4
3.16143 12 44 22 22 17 28 3 21 3 4
3.16469 12 45 22 22 18 28 3 20 3 4
3.23065 11 44 22 22 19 28 3 20 3 4
3.23403 11 43 22 22 18 28 3 21 3 4
3.37161 11 43 22 22 18 27 3 20 3 5
3.48717 11 42 22 22 17 27 3 21 3 5
3.50777 10 41 22 22 18 27 3 21 3 5
3.53722 10 41 22 22 18 26 3 20 3 6
3.60023 9 40 22 22 19 26 3 20 3 6
3.75499 8 39 22 22 20 26 3 20 3 6
3.80737 8 38 22 22 19 26 3 21 3 6
3.83449 8 37 22 22 18 26 3 22 3 6
3.84913 8 36 22 22 17 26 3 23 3 6
3.85067 8 36 21 21 17 27 3 23 3 6
3.89229 8 36 21 21 18 28 2 23 3 6
3.94191 8 35 21 21 17 28 2 24 3 6
3.9726 8 35 21 21 16 27 3 24 3 6
4.01288 8 35 21 21 16 26 3 23 3 7
4.05888 8 35 21 21 15 25 4 23 3 7
4.12217 8 34 21 21 15 25 3 23 4 7
4.1867 8 34 21 21 14 24 4 23 4 7
4.27498 8 34 21 21 14 25 4 24 4 6
4.3231 8 34 21 21 14 24 4 23 4 7
4.33015 8 34 21 21 14 23 4 22 4 8
4.33566 8 34 21 21 14 22 4 21 4 9
4.35091 8 34 20 20 14 23 4 21 4 9
4.39574 8 34 20 20 13 22 5 21 4 9
4.40418 8 34 19 19 13 23 5 21 4 9
4.56599 8 34 19 19 13 22 5 20 4 10
4.61996 8 33 19 19 12 22 5 21 4 10
4.63251 8 33 19 19 12 21 5 20 4 11
4.85916 8 33 19 19 11 20 6 20 4 11
4.99101 8 32 19 19 11 20 5 20 5 11
5.11256 8 31 19 19 10 20 5 21 5 11
5.11764 8 30 19 19 10 20 4 21 6 11
5.29531 8 30 18 18 10 21 4 21 6 11
5.29796 8 30 18 18 9 20 5 21 6 11
5.40663 8 30 18 18 8 19 6 21 6 11
5.57974 8 30 17 17 8 20 6 21 6 11
5.7463 7 29 17 17 9 20 6 21 6 11
5.94395 7 29 17 17 9 19 6 20 6 12
6.04543 7 28 17 17 8 19 6 21 6 12
6.15115 7 28 16 16 8 20 6 21 6 12
6.16486 7 27 16 16 8 20 5 21 7 12
6.44156 7 27 16 16 7 19 6 21 7 12
6.44592 7 27 16 16 7 18 6 20 7 13
6.6309 6 26 16 16 8 18 6 20 7 13
6.75597 6 26 16 16 7 17 7 20 7 13
6.82367 6 25 16 16 7 17 6 20 8 13
6.82981 6 24 16 16 7 17 5 20 9 13
7.19576 5 23 16 16 8 17 5 20 9 13
7.22985 4 22 16 16 9 17 5 20 9 13
7.33242 3 21 16 16 10 17 5 20 9 13
7.43086 3 20 16 16 9 17 5 21 9 13
7.63333 3 19 16 16 8 17 5 22 9 13
7.69697 3 19 16 16 7 16 6 22 9 13
7.78334 3 19 16 16 7 15 6 21 9 14
7.79973 3 19 16 16 7 14 6 20 9 15
8.09712 3 19 16 16 7 13 6 19 9 16
8.30958 3 19 15 15 7 14 6 19 9 16
8.70879 3 19 14 14 7 15 6 19 9 16
9.1143 3 19 13 13 7 16 6 19 9 16
9.35894 3 18 13 13 7 16 5 19 10 16
9.44611 3 18 13 13 7 15 5 18 10 17
9.47127 3 17 13 13 6 15 5 19 10 17
9.75499 3 17 13 13 6 14 5 18 10 18
9.85312 4 18 13 13 5 14 5 18 10 18
9.87145 4 18 13 13 5 15 5 19 10 17
9.88438 4 18 13 13 4 14 6 19 10 17
9.99988 4 18 12 12 4 15 6 19 10 17
10.0207 4 18 11 11 4 16 6 19 10 17
10.1829 4 17 11 11 4 16 5 19 11 17
10.183 4 17 11 11 3 15 6 19 11 17
10.474 4 17 10 10 3 16 6 19 11 17
11.4924 4 16 10 10 2 16 6 20 11 17
11.7327 3 15 10 10 3 16 6 20 11 17
11.8268 3 14 10 10 3 16 5 20 12 17
12.069 3 14 10 10 3 15 5 19 12 18
12.1458 3 14 10 10 3 14 5 18 12 19
12.3009 3 14 10 10 3 13 5 17 12 20
12.5492 3 14 10 10 3 12 5 16 12 21
12.7568 3 15 10 10 4 12 5 15 12 21
12.8891 3 14 10 10 4 12 4 15 13 21
12.9264 3 13 10 10 3 12 4 16 13 21
13.0401 3 12 10 10 3 12 3 16 14 21
13.1803 3 12 10 10 3 11 3 15 14 22
13.4072 3 12 10 10 3 12 3 16 14 21
13.433 3 11 10 10 2 12 3 17 14 21
13.8398 3 11 9 9 2 13 3 17 14 21
13.9994 3 11 9 9 1 12 4 17 14 21
14.1831 4 12 9 9 0 12 4 17 14 21
14.5429 4 12 8 8 0 13 4 17 14 21
15.0586 4 12 8 8 0 12 4 16 14 22
15.0838 4 13 8 8 1 12 4 15 14 22
15.3431 4 12 8 8 0 12 4 16 14 22
15.6323 4 12 8 8 0 11 4 15 14 23
16.5157 4 12 9 9 0 10 4 15 14 23
16.6549 4 12 9 9 0 9 4 14 14 24
17.3369 4 12 9 9 0 8 4 13 14 25
18.1101 4 12 9 9 0 7 4 12 14 26
18.1621 4 12 9 9 0 6 4 11 14 27
18.6621 4 12 8 8 0 7 4 11 14 27
18.8237 4 12 7 7 0 8 4 11 14 27
18.9351 4 12 7 7 0 9 4 12 14 26
19.3924 4 11 7 7 0 9 3 12 15 26
20.2204 4 11 7 7 0 10 3 13 15 25
20.936 4 11 7 7 0 9 3 12 15 26
23.3856 4 10 7 7 0 9 2 12 16 26
25.012 4 10 7 7 0 10 2 13 16 25
25.6877 4 10 7 7 0 9 2 12 16 26
26.1883 4 10 7 7 0 8 2 11 16 27
26.9505 4 10 7 7 0 7 2 10 16 28
27.3994 4 10 7 7 0 8 2 11 16 27
28.853 4 10 7 7 0 7 2 10 16 28
29.3462 4 10 6 6 0 8 2 10 16 28
29.879 4 10 5 5 0 9 2 10 16 28
29.93 4 10 5 5 0 8 2 9 16 29
30.2207 4 10 5 5 0 7 2 8 16 30
30.2814 4 9 5 5 0 7 1 8 17 30
30.7256 4 9 4 4 0 8 1 8 17 30
30.9476 4 9 5 5 0 7 1 8 17 30
32.4924 4 9 5 5 0 8 1 9 17 29
33.8258 3 8 5 5 1 8 1 9 17 29
34.7032 3 8 4 4 1 9 1 9 17 29
36.7689 3 8 4 4 1 8 1 8 17 30
37.1061 3 8 4 4 1 7 1 7 17 31
39.183 3 8 4 4 1 8 1 8 17 30
39.3419 3 8 4 4 1 7 1 7 17 31
39.6 3 8 4 4 1 8 1 8 17 30
41.3207 2 7 4 4 2 8 1 8 17 30
43.6134 2 7 4 4 2 7 1 7 17 31
44.3041 2 7 4 4 2 8 1 8 17 30
45.6046 2 7 4 4 2 9 1 9 17 29
45.9722 1 6 4 4 3 9 1 9 17 29
46.5466 1 6 3 3 3 10 1 9 17 29
47.2653 1 6 3 3 2 9 2 9 17 29
47.4606 1 6 3 3 2 8 2 8 17 30
47.4671 1 6 3 3 2 9 2 9 17 29
47.9109 1 5 3 3 1 9 2 10 17 29
52.04 1 5 3 3 1 8 2 9 17 30
52.3186 1 5 4 4 1 7 2 9 17 30
52.3946 1 5 4 4 1 8 2 10 17 29
52.9682 1 6 4 4 2 8 2 9 17 29
53.9131 1 6 4 4 1 7 3 9 17 29
54.3588 1 6 4 4 1 6 3 8 17 30
55.5038 1 6 4 4 1 5 3 7 17 31
55.7406 1 7 4 4 2 5 3 6 17 31
56.2838 1 7 4 4 2 6 3 7 17 30
56.6563 1 7 3 3 2 7 3 7 17 30
56.7009 1 7 3 3 2 8 3 8 17 29
58.1722 1 6 3 3 2 8 2 8 18 29
60.0117 1 6 3 3 2 9 2 9 18 28
60.3241 1 6 2 2 2 10 2 9 18 28
60.5499 1 6 2 2 1 9 3 9 18 28
61.3806 1 7 2 2 2 9 3 8 18 28
61.6748 1 7 2 2 2 10 3 9 18 27
62.3821 1 7 2 2 2 9 3 8 18 28
62.5983 1 8 2 2 3 9 3 7 18 28
63.5002 1 8 2 2 3 10 3 8 18 27
63.5876 1 9 2 2 4 10 3 7 18 27
64.3121 1 9 2 2 3 9 4 7 18 27
64.9551 0 8 2 2 4 9 4 7 18 27
65.1615 0 8 2 2 4 10 4 8 18 26
65.2144 0 7 2 2 3 10 4 9 18 26
65.2881 0 7 2 2 3 11 4 10 18 25
65.9411 0 7 2 2 3 12 4 11 18 24
67.175 0 7 2 2 3 11 4 10 18 25
67.2738 0 7 2 2 3 10 4 9 18 26
67.7685 0 7 2 2 3 9 4 8 18 27
67.9148 0 7 3 3 3 8 4 8 18 27
68.889 0 7 3 3 3 7 4 7 18 28
69.154 0 7 3 3 3 6 4 6 18 29
69.1891 0 7 3 3 3 5 4 5 18 30
70.3528 0 6 3 3 3 5 3 5 19 30
71.2964 0 6 3 3 2 4 4 5 19 30
71.3538 0 7 3 3 3 4 4 4 19 30
72.8884 0 6 3 3 3 4 3 4 20 30
73.3774 0 6 3 3 3 5 3 5 20 29
75.4421 0 6 3 3 3 4 3 4 20 30
77.1692 0 6 3 3 3 5 3 5 20 29
78.101 0 6 3 3 3 4 3 4 20 30
78.1497 0 6 3 3 3 3 3 3 20 31
78.4075 0 6 3 3 3 4 3 4 20 30
80.6855 0 5 3 3 3 4 2 4 21 30
81.9834 0 5 3 3 3 5 2 5 21 29
82.0994 1 6 3 3 2 5 2 5 21 29
83.2709 1 6 4 4 2 4 2 5 21 29
83.271 1 5 4 4 2 4 1 5 22 29
83.3222 1 4 4 4 2 4 0 5 23 29
84.2612 1 4 4 4 2 3 0 4 23 30
85.6283 1 4 4 4 2 2 0 3 23 31
85.798 1 4 4 4 2 3 0 4 23 30
86.3468 1 5 4 4 3 3 0 3 23 30
87.4921 1 5 4 4 3 4 0 4 23 29
87.5142 1 5 5 5 3 3 0 4 23 29
87.8834 1 4 5 5 2 3 0 5 23 29
87.9275 1 4 5 5 2 4 0 6 23 28
88.2325 1 4 5 5 2 5 0 7 23 27
89.0226 1 4 5 5 2 6 0 8 23 26
89.0889 1 5 5 5 3 6 0 7 23 26
89.3649 1 5 5 5 3 7 0 8 23 25
90.5276 1 5 5 5 3 8 0 9 23 24
91.1771 1 5 5 5 2 7 1 9 23 24
92.1909 1 5 5 5 2 6 1 8 23 25
92.8593 1 6 5 5 2 6 2 8 22 25
93.232 1 6 5 5 2 7 2 9 22 24
95.4263 1 6 5 5 2 6 2 8 22 25
96.4721 1 6 6 6 2 5 2 8 22 25
96.5004 1 6 6 6 2 4 2 7 22 26
97.2386 1 6 6 6 2 5 2 8 22 25
98.7357 1 6 5 5 2 6 2 8 22 25
99.7267 1 6 4 4 2 7 2 8 22 25
99.9378 0 5 4 4 3 7 2 8 22 25
100.069 0 5 4 4 2 6 3 8 22 25
100.216 0 5 4 4 2 7 3 9 22 24
100.312 0 5 4 4 2 6 3 8 22 25
100.773 0 5 3 3 2 7 3 8 22 25
101.265 0 5 3 3 2 8 3 9 22 24
102.193 0 5 3 3 2 9 3 10 22 23
103.076 0 5 4 4 2 8 3 10 22 23
103.601 0 5 4 4 2 9 3 11 22 22
104.071 0 5 4 4 2 8 3 10 22 23
104.771 0 5 5 5 2 7 3 10 22 23
105.976 0 5 5 5 2 6 3 9 22 24
106.839 0 5 5 5 2 5 3 8 22 25
107.967 0 5 5 5 2 4 3 7 22 26
108.319 0 5 5 5 2 3 3 6 22 27
108.912 0 5 5 5 2 2 3 5 22 28
109.598 0 4 5 5 1 2 3 6 22 28
110.18 0 4 5 5 1 1 3 5 22 29
112.603 0 5 5 5 2 1 3 4 22 29
112.73 0 5 5 5 2 2 3 5 22 28
113.36 0 5 5 5 2 1 3 4 22 29
113.871 0 5 5 5 2 2 3 5 22 28
115.515 0 5 5 5 2 3 3 6 22 27
116.144 0 5 5 5 2 4 3 7 22 26
116.402 0 5 5 5 2 5 3 8 22 25
117.919 0 5 4 4 2 6 3 8 22 25
118.226 0 5 4 4 2 5 3 7 22 26
119.028 0 5 4 4 2 6 3 8 22 25
119.116 0 5 4 4 3 7 2 8 22 25
119.702 0 5 4 4 3 6 2 7 22 26
121.096 0 5 4 4 3 7 2 8 22 25
121.097 0 5 4 4 4 8 1 8 22 25
121.743 0 5 4 4 4 7 1 7 22 26
123.85 0 5 4 4 4 6 1 6 22 27
125.92 0 5 4 4 4 7 1 7 22 26
127.03 1 6 4 4 3 7 1 7 22 26
127.746 1 6 4 4 3 8 1 8 22 25
128.283 1 6 4 4 3 7 1 7 22 26
128.504 1 6 4 4 3 8 1 8 22 25
129.422 1 6 4 4 3 7 1 7 22 26
129.456 1 6 4 4 3 6 1 6 22 27
129.887 1 6 5 5 3 5 1 6 22 27
130.138 1 6 5 5 3 6 1 7 22 26
130.473 2 7 5 5 2 6 1 7 22 26
130.796 2 7 4 4 2 7 1 7 22 26
131.996 2 7 4 4 2 8 1 8 22 25
133.733 2 7 4 4 1 7 2 8 22 25
134.216 2 7 4 4 1 6 2 7 22 26
134.401 2 7 4 4 1 5 2 6 22 27
134.433 2 7 4 4 1 6 2 7 22 26
134.956 2 7 3 3 1 7 2 7 22 26
135.522 2 7 3 3 1 8 2 8 22 25
138.027 2 7 3 3 1 9 2 9 22 24
138.493 2 8 3 3 2 9 2 8 22 24
138.544 2 9 3 3 3 9 2 7 22 24
139.334 2 9 3 3 3 10 2 8 22 23
140.32 2 9 3 3 3 11 2 9 22 22
140.65 2 9 3 3 3 12 2 10 22 21
140.726 2 9 3 3 2 11 3 10 22 21
141.043 2 9 3 3 2 10 3 9 22 22
141.818 3 10 3 3 1 10 3 9 22 22
142.436 3 9 3 3 0 10 3 10 22 22
142.476 3 9 3 3 0 11 3 11 22 21
142.614 3 9 3 3 0 10 3 10 22 22
143.102 3 9 4 4 0 9 3 10 22 22
143.403 3 9 4 4 0 10 3 11 22 21
143.448 2 8 4 4 1 10 3 11 22 21
143.519 2 8 4 4 1 11 3 12 22 20
144.953 2 8 4 4 1 10 3 11 22 21
145.123 2 8 4 4 1 11 3 12 22 20
146.127 2 8 4 4 1 12 3 13 22 19
146.197 2 8 4 4 1 11 3 12 22 20
146.276 2 8 4 4 1 10 3 11 22 21
147.157 2 8 4 4 1 9 3 10 22 22
147.531 2 8 5 5 1 8 3 10 22 22
148.498 2 9 5 5 2 8 3 9 22 22
148.938 2 9 5 5 2 7 3 8 22 23
150.376 2 8 5 5 1 7 3 9 22 23
151.003 2 8 5 5 1 8 3 10 22 22
152.243 2 9 5 5 2 8 3 9 22 22
152.522 3 10 5 5 1 8 3 9 22 22
152.659 3 10 5 5 1 7 3 8 22 23
152.766 3 10 5 5 1 6 3 7 22 24
153.242 3 10 5 5 1 7 3 8 22 23
155.231 3 10 4 4 1 8 3 8 22 23
155.315 3 10 3 3 1 9 3 8 22 23
156.24 3 10 4 4 1 8 3 8 22 23
156.708 2 9 4 4 2 8 3 8 22 23
158.094 2 9 4 4 2 7 3 7 22 24
158.269 2 9 4 4 2 6 3 6 22 25
158.944 2 9 4 4 2 7 3 7 22 24
159.536 2 9 4 4 2 8 3 8 22 23
159.962 2 9 4 4 2 7 3 7 22 24
160.898 2 9 4 4 2 8 3 8 22 23
161.494 2 8 4 4 1 8 3 9 22 23
161.726 2 8 4 4 1 9 3 10 22 22
163.072 2 8 4 4 1 8 3 9 22 23
163.498 2 8 4 4 1 9 3 10 22 22
164.624 1 7 4 4 2 9 3 10 22 22
164.727 1 6 4 4 2 9 2 10 23 22
165.645 2 7 4 4 1 9 2 10 23 22
166.289 2 7 4 4 1 8 2 9 23 23
166.863 2 7 4 4 1 9 2 10 23 22
167.288 2 7 4 4 1 8 2 9 23 23
167.786 2 6 4 4 0 8 2 10 23 23
169.067 2 6 4 4 0 9 2 11 23 22
169.998 2 6 4 4 0 8 2 10 23 23
170.233 2 7 4 4 1 8 2 9 23 23
171.935 2 7 4 4 1 9 2 10 23 22
172.237 2 7 4 4 1 8 2 9 23 23
172.991 2 7 4 4 1 7 2 8 23 24
173.604 2 7 4 4 1 6 2 7 23 25
173.786 2 7 4 4 1 7 2 8 23 24
174.518 2 7 4 4 1 8 2 9 23 23
174.538 2 6 4 4 1 8 1 9 24 23
175.972 2 5 4 4 1 8 0 9 25 23
176.03 2 5 4 4 1 7 0 8 25 24
176.418 2 5 4 4 1 6 0 7 25 25
177.489 2 5 3 3 1 7 0 7 25 25
177.586 2 5 3 3 1 8 0 8 25 24
178.315 2 5 2 2 1 9 0 8 25 24
178.62 2 5 3 3 1 8 0 8 25 24
178.975 2 5 3 3 1 7 0 7 25 25
179.829 2 5 3 3 1 8 0 8 25 24
180.646 1 4 3 3 2 8 0 8 25 24
181.943 1 5 3 3 3 8 0 7 25 24
182.783 1 5 4 4 3 7 0 7 25 24
184.27 1 5 4 4 2 6 1 7 25 24
184.702 1 5 4 4 2 5 1 6 25 25
186.989 1 5 5 5 2 4 1 6 25 25
187.266 1 5 5 5 1 3 2 6 25 25
187.531 1 5 5 5 1 4 2 7 25 24
187.829 1 5 5 5 1 3 2 6 25 25
191.177 1 5 4 4 1 4 2 6 25 25
191.8 1 5 4 4 1 5 2 7 25 24
191.928 1 5 4 4 1 6 2 8 25 23
195.297 1 5 4 4 1 5 2 7 25 24
195.723 1 6 4 4 2 5 2 6 25 24
195.742 1 6 3 3 2 6 2 6 25 24
196.531 1 6 3 3 2 5 2 5 25 25
199.12 1 7 3 3 3 5 2 4 25 25
201.528 1 6 3 3 2 5 2 5 25 25
202.83 1 5 3 3 2 5 1 5 26 25
203.46 1 5 3 3 2 6 1 6 26 24
203.722 1 6 3 3 3 6 1 5 26 24
204.407 1 6 3 3 3 5 1 4 26 25
204.518 1 5 3 3 2 5 1 5 26 25
206.253 1 6 3 3 3 5 1 4 26 25
206.649 1 5 3 3 3 5 0 4 27 25
207.035 1 4 3 3 2 5 0 5 27 25
208.931 1 5 3 3 3 5 0 4 27 25
210.554 1 5 3 3 2 4 1 4 27 25
212.874 1 5 3 3 2 5 1 5 27 24
212.993 1 5 3 3 1 4 2 5 27 24
213.083 1 5 3 3 1 3 2 4 27 25
214.052 0 4 3 3 2 3 2 4 27 25
214.131 0 4 3 3 2 4 2 5 27 24
215.178 0 3 3 3 1 4 2 6 27 24
215.482 0 3 3 3 1 5 2 7 27 23
218.086 0 3 3 3 2 6 1 7 27 23
218.543 0 3 4 4 2 5 1 7 27 23
221.223 1 4 4 4 1 5 1 7 27 23
221.416 1 4 4 4 1 4 1 6 27 24
223.522 1 4 5 5 1 3 1 6 27 24
224.28 1 4 5 5 1 4 1 7 27 23
224.586 1 4 5 5 1 5 1 8 27 22
225.353 1 4 5 5 1 6 1 9 27 21
225.408 1 4 5 5 1 5 1 8 27 22
225.562 1 4 5 5 1 6 1 9 27 21
225.839 1 4 5 5 1 7 1 10 27 20
227.29 1 3 5 5 1 7 0 10 28 20
227.484 1 3 4 4 1 8 0 10 28 20
227.687 1 3 4 4 1 7 0 9 28 21
228.718 1 3 4 4 1 6 0 8 28 22
230.393 1 3 4 4 1 5 0 7 28 23
232.782 1 3 4 4 1 6 0 8 28 22
232.785 1 2 4 4 0 6 0 9 28 22
233.844 1 2 4 4 0 7 0 10 28 21
234.53 1 2 4 4 0 6 0 9 28 22
235.636 1 2 4 4 0 7 0 10 28 21
236.476 1 2 3 3 0 8 0 10 28 21
236.771 1 2 3 3 0 9 0 11 28 20
238.866 1 2 4 4 0 8 0 11 28 20
239.513 1 2 4 4 0 9 0 12 28 19
240.023 1 2 4 4 0 8 0 11 28 20
240.309 1 2 5 5 0 7 0 11 28 20
241.086 1 2 5 5 0 6 0 10 28 21
241.358 1 2 4 4 0 7 0 10 28 21
241.689 1 2 3 3 0 8 0 10 28 21
241.97 1 2 3 3 0 9 0 11 28 20
242.547 1 2 3 3 0 10 0 12 28 19
242.786 1 2 3 3 0 9 0 11 28 20
245.26 1 2 3 3 0 8 0 10 28 21
246.304 1 2 3 3 0 7 0 9 28 22
246.826 1 3 3 3 1 7 0 8 28 22
247.48 1 3 3 3 1 8 0 9 28 21
247.736 1 3 3 3 1 7 0 8 28 22
247.902 1 3 3 3 1 8 0 9 28 21
248.006 1 3 3 3 1 7 0 8 28 22
248.307 1 3 3 3 1 6 0 7 28 23
249.134 1 3 3 3 1 5 0 6 28 24
253.598 1 3 3 3 1 6 0 7 28 23
253.682 1 3 3 3 1 7 0 8 28 22
257.156 1 3 4 4 1 6 0 8 28 22
257.336 1 3 4 4 1 7 0 9 28 21
257.94 1 3 4 4 1 6 0 8 28 22
258.441 1 3 4 4 1 5 0 7 28 23
258.704 1 4 4 4 2 5 0 6 28 23
260.048 1 4 3 3 2 6 0 6 28 23
261.953 1 4 3 3 2 7 0 7 28 22
262.222 1 5 3 3 3 7 0 6 28 22
262.342 1 5 3 3 3 6 0 5 28 23
262.439 1 5 3 3 3 7 0 6 28 22
263.491 1 5 3 3 3 8 0 7 28 21
266.893 1 5 2 2 3 9 0 7 28 21
268.252 1 5 2 2 3 8 0 6 28 22
268.885 1 4 2 2 2 8 0 7 28 22
269.838 1 4 2 2 2 7 0 6 28 23
269.865 1 4 2 2 2 6 0 5 28 24
273.76 1 4 2 2 2 7 0 6 28 23
275.793 2 5 2 2 1 7 0 6 28 23
278.017 2 5 2 2 1 8 0 7 28 22
278.278 2 5 2 2 1 9 0 8 28 21
279.067 1 4 2 2 2 9 0 8 28 21
282.436 1 4 2 2 2 8 0 7 28 22
282.507 1 4 2 2 2 9 0 8 28 21
283.682 1 4 2 2 2 10 0 9 28 20
284.647 1 3 2 2 1 10 0 10 28 20
285.131 1 3 2 2 1 9 0 9 28 21
285.188 1 3 2 2 1 8 0 8 28 22
285.647 1 2 2 2 0 8 0 9 28 22
289.403 1 2 2 2 0 7 0 8 28 23
290.697 1 2 2 2 0 6 0 7 28 24
291.548 1 2 2 2 0 5 0 6 28 25
291.956 1 2 2 2 0 6 0 7 28 24
294.93 1 2 2 2 0 7 0 8 28 23
297.682 1 2 2 2 0 6 0 7 28 24
298.258 1 2 2 2 0 7 0 8 28 23
300.484 1 2 1 1 0 8 0 8 28 23
300.611 1 2 1 1 0 7 0 7 28 24
301.263 1 2 1 1 0 8 0 8 28 23
301.356 1 2 1 1 0 9 0 9 28 22
301.81 1 2 1 1 0 8 0 8 28 23
301.859 1 2 1 1 0 7 0 7 28 24
302.208 1 2 1 1 0 8 0 8 28 23
302.638 1 2 1 1 0 7 0 7 28 24
302.641 1 2 1 1 0 8 0 8 28 23
303.46 1 2 1 1 0 7 0 7 28 24
306.908 1 2 1 1 0 8 0 8 28 23
307.462 1 2 1 1 0 9 0 9 28 22
308.091 1 3 1 1 1 9 0 8 28 22
308.42 2 4 1 1 0 9 0 8 28 22
308.52 2 4 1 1 0 8 0 7 28 23
309.432 1 3 1 1 1 8 0 7 28 23
310.508 1 3 1 1 1 7 0 6 28 24
312.491 1 3 1 1 1 8 0 7 28 23
314.602 1 2 1 1 0 8 0 8 28 23
314.916 1 2 1 1 0 9 0 9 28 22
316.121 1 3 1 1 1 9 0 8 28 22
316.249 0 2 1 1 2 9 0 8 28 22
316.708 0 2 1 1 2 8 0 7 28 23
317.646 0 2 2 2 2 7 0 7 28 23
319.204 0 2 2 2 2 8 0 8 28 22
319.312 0 2 2 2 2 7 0 7 28 23
319.537 0 2 2 2 2 6 0 6 28 24
322.477 0 2 2 2 2 5 0 5 28 25
324.872 0 2 2 2 2 6 0 6 28 24
325.001 0 2 2 2 1 5 1 6 28 24
328.089 0 2 2 2 1 4 1 5 28 25
331.685 0 3 2 2 2 4 1 4 28 25
332.317 0 3 2 2 2 3 1 3 28 26
333.862 0 3 2 2 2 4 1 4 28 25
335.289 0 3 2 2 1 3 2 4 28 25
336.388 0 3 2 2 1 4 2 5 28 24
336.695 0 3 2 2 1 3 2 4 28 25
337.381 0 3 2 2 2 4 1 4 28 25
337.531 0 3 1 1 2 5 1 4 28 25
337.57 0 2 1 1 2 5 0 4 29 25
337.778 0 2 1 1 2 6 0 5 29 24
338.979 0 2 1 1 2 7 0 6 29 23
340.198 0 2 1 1 2 6 0 5 29 24
340.233 0 2 2 2 2 5 0 5 29 24
342.15 0 2 2 2 2 6 0 6 29 23
342.851 0 2 2 2 2 5 0 5 29 24
345.052 0 2 2 2 2 6 0 6 29 23
345.351 0 2 2 2 2 7 0 7 29 22
345.453 0 1 2 2 1 7 0 8 29 22
346.007 0 1 2 2 1 6 0 7 29 23
347.635 0 1 2 2 1 5 0 6 29 24
347.776 0 1 2 2 0 4 1 6 29 24
349.003 0 1 2 2 0 5 1 7 29 23
350.097 0 1 2 2 0 4 1 6 29 24
350.957 0 2 2 2 1 4 1 5 29 24
352.094 0 3 2 2 1 4 2 5 28 24
353.902 0 3 2 2 1 5 2 6 28 23
356.721 0 3 2 2 1 6 2 7 28 22
358.007 0 2 2 2 1 6 1 7 29 22
360.647 0 2 3 3 1 5 1 7 29 22
360.713 0 2 3 3 1 6 1 8 29 21
360.846 0 1 3 3 0 6 1 9 29 21
362.21 0 2 3 3 1 6 1 8 29 21
362.251 0 2 3 3 1 5 1 7 29 22
362.521 0 3 3 3 1 5 2 7 28 22
363.412 0 3 2 2 1 6 2 7 28 22
363.909 0 3 2 2 1 5 2 6 28 23
366.579 0 2 2 2 1 5 1 6 29 23
366.693 0 3 2 2 2 5 1 5 29 23
367.685 0 3 3 3 2 4 1 5 29 23
376.055 0 3 3 3 2 5 1 6 29 22
376.125 0 3 3 3 2 4 1 5 29 23
376.437 0 3 2 2 2 5 1 5 29 23
376.572 0 3 2 2 1 4 2 5 29 23
379.516 0 3 1 1 1 5 2 5 29 23
380.09 0 2 1 1 1 5 1 5 30 23
380.698 0 3 1 1 2 5 1 4 30 23
382.846 0 3 1 1 2 6 1 5 30 22
384.812 0 2 1 1 1 6 1 6 30 22
387.251 0 2 0 0 1 7 1 6 30 22
387.632 0 3 0 0 2 7 1 5 30 22
390.787 0 3 0 0 2 6 1 4 30 23
390.804 0 3 0 0 2 5 1 3 30 24
391.905 0 3 0 0 2 6 1 4 30 23
392.255 0 3 0 0 2 7 1 5 30 22
393.314 0 3 0 0 2 8 1 6 30 21
393.458 0 3 0 0 2 7 1 5 30 22
396.896 0 4 0 0 3 7 1 4 30 22
397.919 0 4 0 0 3 8 1 5 30 21
398.18 0 4 0 0 3 7 1 4 30 22
398.226 0 4 0 0 3 6 1 3 30 23
398.842 0 5 0 0 4 6 1 2 30 23
398.87 0 5 0 0 4 7 1 3 30 22
399.442 0 5 0 0 3 6 2 3 30 22
406.376 0 5 0 0 3 7 2 4 30 21
408.117 0 5 0 0 3 8 2 5 30 20
409.102 0 4 0 0 2 8 2 6 30 20
411.303 0 4 0 0 2 7 2 5 30 21
412.204 0 4 1 1 2 6 2 5 30 21
413.89 0 3 1 1 1 6 2 6 30 21
414.707 0 4 1 1 2 6 2 5 30 21
414.73 0 4 1 1 2 5 2 4 30 22
414.745 0 4 1 1 1 4 3 4 30 22
419.303 0 4 1 1 1 3 3 3 30 23
419.328 0 4 1 1 1 4 3 4 30 22
419.463 0 4 1 1 1 5 3 5 30 21
421.358 0 4 2 2 1 4 3 5 30 21
422.155 0 3 2 2 0 4 3 6 30 21
423.753 0 2 2 2 0 4 2 6 31 21
425.221 0 2 2 2 0 3 2 5 31 22
425.474 0 2 2 2 0 4 2 6 31 21
429.474 0 2 2 2 0 3 2 5 31 22
429.779 0 2 2 2 0 2 2 4 31 23
430.98 0 3 2 2 0 2 3 4 30 23
431.456 0 3 2 2 0 3 3 5 30 22
432.62 0 3 2 2 0 2 3 4 30 23
434.172 0 3 2 2 0 3 3 5 30 22
434.806 0 4 2 2 0 3 4 5 29 22
435.831 0 4 2 2 0 4 4 6 29 21
436.124 0 4 2 2 1 5 3 6 29 21
436.858 0 4 2 2 1 6 3 7 29 20
437.742 0 4 2 2 1 7 3 8 29 19
439.097 0 4 1 1 1 8 3 8 29 19
443.023 0 4 1 1 1 7 3 7 29 20
444.979 0 4 1 1 1 6 3 6 29 21
445.046 0 4 1 1 0 5 4 6 29 21
451.965 0 3 1 1 0 5 3 6 30 21
454.016 0 3 1 1 0 6 3 7 30 20
455.948 0 3 1 1 0 7 3 8 30 19
458.124 0 3 1 1 0 8 3 9 30 18
458.647 0 3 2 2 0 7 3 9 30 18
459.92 0 3 1 1 0 8 3 9 30 18
461.932 0 3 1 1 0 9 3 10 30 17
462.624 0 3 1 1 0 8 3 9 30 18
462.952 0 3 1 1 0 7 3 8 30 19
465.1 0 3 1 1 0 6 3 7 30 20
465.12 0 4 1 1 1 6 3 6 30 20
468.49 0 4 1 1 1 5 3 5 30 21
469.169 0 3 1 1 1 5 2 5 31 21
469.444 0 3 1 1 1 6 2 6 31 20
470.356 0 3 1 1 1 7 2 7 31 19
470.634 0 3 1 1 1 6 2 6 31 20
470.921 0 3 1 1 0 5 3 6 31 20
472.48 0 2 1 1 0 5 2 6 32 20
472.799 0 3 1 1 0 5 3 6 31 20
479.374 0 3 1 1 0 4 3 5 31 21
482.729 0 3 1 1 0 3 3 4 31 22
484.323 0 3 1 1 0 2 3 3 31 23
486.913 0 3 1 1 0 3 3 4 31 22
487.097 0 3 1 1 0 4 3 5 31 21
490.46 0 2 1 1 0 4 2 5 32 21
492.84 0 2 1 1 0 3 2 4 32 22
493.729 0 3 1 1 0 3 3 4 31 22
495.691 0 3 1 1 0 2 3 3 31 23
497.587 0 3 1 1 0 1 3 2 31 24
510.3 0 3 1 1 0 2 3 3 31 23
510.413 0 3 1 1 0 3 3 4 31 22
512.211 0 3 1 1 0 4 3 5 31 21
512.572 0 3 1 1 0 5 3 6 31 20
512.971 0 3 1 1 0 6 3 7 31 19
514.954 0 3 1 1 0 7 3 8 31 18
519.264 0 3 1 1 0 6 3 7 31 19
522.576 0 3 1 1 0 5 3 6 31 20
523.303 0 3 1 1 0 4 3 5 31 21
525.198 0 4 1 1 1 4 3 4 31 21
526.772 0 4 2 2 1 3 3 4 31 21
527.67 0 4 2 2 1 4 3 5 31 20
528.473 0 3 2 2 0 4 3 6 31 20
528.563 0 3 2 2 0 5 3 7 31 19
529.627 0 3 2 2 0 4 3 6 31 20
533.276 0 3 3 3 0 3 3 6 31 20
535.628 0 3 2 2 0 4 3 6 31 20
537.806 0 3 2 2 0 5 3 7 31 19
538.134 0 2 2 2 0 5 2 7 32 19
539.712 0 3 2 2 1 5 2 6 32 19
540.261 0 3 3 3 1 4 2 6 32 19
541.858 0 3 3 3 1 5 2 7 32 18
541.992 0 3 3 3 1 4 2 6 32 19
544.784 0 3 4 4 1 3 2 6 32 19
545.179 0 3 4 4 1 2 2 5 32 20
551.132 0 3 3 3 1 3 2 5 32 20
551.28 0 3 3 3 1 4 2 6 32 19
551.711 1 4 3 3 0 4 2 6 32 19
552.033 1 4 3 3 0 5 2 7 32 18
553.217 1 4 3 3 0 4 2 6 32 19
558.91 1 4 4 4 0 3 2 6 32 19
559.391 1 3 4 4 0 3 1 6 33 19
560.375 1 3 4 4 0 4 1 7 33 18
560.597 1 3 4 4 0 3 1 6 33 19
568.01 1 3 3 3 0 4 1 6 33 19
568.235 1 3 3 3 0 5 1 7 33 18
568.658 1 3 3 3 0 4 1 6 33 19
570.214 1 3 3 3 0 5 1 7 33 18
570.948 1 3 3 3 0 4 1 6 33 19
574.008 1 3 3 3 0 3 1 5 33 20
574.075 1 2 3 3 0 3 0 5 34 20
575.521 1 2 3 3 0 4 0 6 34 19
575.985 1 2 3 3 0 3 0 5 34 20
577.918 1 2 3 3 0 4 0 6 34 19
578.138 1 2 3 3 0 5 0 7 34 18
578.437 1 2 3 3 0 6 0 8 34 17
580.21 1 2 3 3 0 5 0 7 34 18
583.036 1 2 3 3 0 6 0 8 34 17
583.93 1 2 3 3 0 7 0 9 34 16
586.54 1 2 3 3 0 6 0 8 34 17
588.709 1 2 3 3 0 7 0 9 34 16
590.612 1 2 3 3 0 8 0 10 34 15
592.467 1 2 3 3 0 7 0 9 34 16
593.134 1 3 3 3 1 7 0 8 34 16
596.38 1 3 4 4 1 6 0 8 34 16
599.248 0 2 4 4 2 6 0 8 34 16
599.422 0 2 4 4 2 5 0 7 34 17
599.571 1 3 4 4 1 5 0 7 34 17
599.967 1 3 4 4 1 4 0 6 34 18
602.579 1 4 4 4 2 4 0 5 34 18
602.599 1 4 4 4 2 5 0 6 34 17
603.425 1 4 4 4 1 4 1 6 34 17
604.363 1 5 4 4 2 4 1 5 34 17
612.44 1 5 4 4 2 5 1 6 34 16
612.963 1 5 3 3 2 6 1 6 34 16
613.761 1 5 3 3 2 7 1 7 34 15
616.671 2 6 3 3 1 7 1 7 34 15
617.011 2 6 3 3 0 6 2 7 34 15
618.837 2 5 3 3 0 6 1 7 35 15
618.938 2 5 3 3 0 5 1 6 35 16
619.028 2 5 3 3 0 6 1 7 35 15
620.708 2 5 3 3 0 7 1 8 35 14
621.409 2 5 2 2 0 8 1 8 35 14
622.417 2 5 2 2 0 7 1 7 35 15
623.602 2 5 2 2 0 6 1 6 35 16
623.829 2 5 2 2 0 5 1 5 35 17
624.898 2 5 2 2 0 4 1 4 35 18
625.832 2 5 2 2 0 5 1 5 35 17
625.877 2 6 2 2 0 5 2 5 34 17
625.915 2 6 3 3 0 4 2 5 34 17
626.465 2 6 3 3 0 3 2 4 34 18
627.894 2 6 3 3 0 4 2 5 34 17
630.994 1 5 3 3 1 4 2 5 34 17
631.113 1 4 3 3 0 4 2 6 34 17
632.648 1 4 3 3 0 5 2 7 34 16
633.44 1 4 3 3 0 4 2 6 34 17
633.72 1 4 3 3 0 5 2 7 34 16
637.098 1 4 3 3 0 4 2 6 34 17
637.193 1 4 3 3 0 3 2 5 34 18
638.058 1 4 3 3 0 2 2 4 34 19
638.071 1 5 3 3 0 2 3 4 33 19
638.761 1 5 3 3 1 3 2 4 33 19
639.128 1 4 3 3 1 3 1 4 34 19
640.34 1 4 3 3 1 4 1 5 34 18
640.626 1 4 3 3 1 3 1 4 34 19
642.366 1 4 3 3 2 4 0 4 34 19
642.508 1 4 3 3 2 5 0 5 34 18
644.45 0 3 3 3 3 5 0 5 34 18
644.654 0 3 3 3 2 4 1 5 34 18
646.275 0 2 3 3 1 4 1 6 34 18
646.307 0 2 3 3 1 5 1 7 34 17
647.212 0 2 3 3 1 6 1 8 34 16
647.662 1 3 3 3 0 6 1 8 34 16
649.891 1 3 4 4 0 5 1 8 34 16
653.763 1 3 4 4 0 6 1 9 34 15
653.847 1 3 3 3 0 7 1 9 34 15
655.548 1 3 3 3 0 6 1 8 34 16
656.329 1 3 3 3 0 7 1 9 34 15
656.529 0 2 3 3 1 7 1 9 34 15
656.835 0 2 4 4 1 6 1 9 34 15
657.648 0 2 3 3 1 7 1 9 34 15
659.557 0 2 3 3 1 6 1 8 34 16
659.769 0 2 3 3 1 5 1 7 34 17
661.043 0 3 3 3 2 5 1 6 34 17
661.877 0 4 3 3 3 5 1 5 34 17
662.014 0 4 3 3 3 4 1 4 34 18
662.739 0 4 3 3 3 3 1 3 34 19
664.505 0 3 3 3 2 3 1 4 34 19
664.531 1 4 3 3 1 3 1 4 34 19
664.744 0 3 3 3 2 3 1 4 34 19
667.142 0 3 3 3 2 4 1 5 34 18
671.041 0 3 3 3 2 3 1 4 34 19
672.55 0 4 3 3 3 3 1 3 34 19
673.857 0 3 3 3 3 3 0 3 35 19
674.679 0 3 3 3 2 2 1 3 35 19
674.922 0 3 2 2 2 3 1 3 35 19
677.473 0 3 1 1 2 4 1 3 35 19
678.948 0 3 1 1 1 3 2 3 35 19
680.759 0 3 1 1 1 4 2 4 35 18
681.247 0 3 1 1 1 5 2 5 35 17
682.269 0 3 1 1 1 6 2 6 35 16
683.452 0 2 1 1 1 6 1 6 36 16
687.742 0 2 1 1 1 7 1 7 36 15
689.007 0 2 1 1 0 6 2 7 36 15
691.414 0 2 1 1 0 5 2 6 36 16
696.09 0 2 1 1 0 4 2 5 36 17
702.101 0 2 1 1 0 3 2 4 36 18
702.467 0 3 1 1 1 3 2 3 36 18
703.134 0 3 1 1 1 2 2 2 36 19
704.078 0 3 2 2 1 1 2 2 36 19
706.087 0 3 2 2 1 2 2 3 36 18
708.108 0 3 2 2 1 3 2 4 36 17
709.186 0 3 2 2 1 4 2 5 36 16
709.681 0 3 2 2 1 5 2 6 36 15
710.359 0 3 2 2 1 4 2 5 36 16
710.541 0 2 2 2 1 4 1 5 37 16
713.863 0 2 2 2 1 3 1 4 37 17
716.693 0 2 2 2 1 2 1 3 37 18
723.943 0 2 2 2 1 3 1 4 37 17
726.848 0 2 2 2 1 2 1 3 37 18
727.206 1 3 2 2 0 2 1 3 37 18
728.215 1 3 2 2 0 3 1 4 37 17
729.994 1 4 2 2 1 3 1 3 37 17
732.086 1 3 2 2 1 3 0 3 38 17
732.642 0 2 2 2 2 3 0 3 38 17
734.126 0 2 2 2 2 2 0 2 38 18
735.534 0 2 2 2 2 3 0 3 38 17
735.842 0 2 2 2 1 2 1 3 38 17
736.736 0 2 2 2 1 3 1 4 38 16
741.964 0 2 2 2 1 2 1 3 38 17
747.248 0 2 2 2 1 3 1 4 38 16
748.851 0 2 2 2 1 2 1 3 38 17
751.741 0 2 2 2 1 3 1 4 38 16
753.313 0 2 2 2 1 2 1 3 38 17
755.926 0 2 2 2 1 3 1 4 38 16
757.077 0 2 2 2 1 2 1 3 38 17
765.877 0 2 2 2 1 1 1 2 38 18
772.091 0 2 2 2 1 2 1 3 38 17
772.8 0 3 2 2 2 2 1 2 38 17
773.834 0 3 2 2 2 3 1 3 38 16
775.418 0 3 2 2 1 2 2 3 38 16
776.189 0 3 2 2 1 3 2 4 38 15
776.231 0 4 2 2 2 3 2 3 38 15
780.436 0 4 2 2 2 4 2 4 38 14
783.235 0 3 2 2 2 4 1 4 39 14
783.261 0 3 2 2 2 3 1 3 39 15
786.891 1 4 2 2 1 3 1 3 39 15
788.116 1 4 3 3 1 2 1 3 39 15
791.719 0 3 3 3 2 2 1 3 39 15
792.162 0 3 3 3 3 3 0 3 39 15
792.682 0 3 3 3 3 2 0 2 39 16
793.382 0 3 3 3 3 3 0 3 39 15
794.224 0 3 3 3 3 4 0 4 39 14
796.493 0 3 3 3 3 3 0 3 39 15
799.04 0 3 3 3 3 4 0 4 39 14
799.239 0 4 3 3 4 4 0 3 39 14
799.294 1 5 3 3 3 4 0 3 39 14
799.891 1 5 3 3 3 5 0 4 39 13
802.297 1 6 3 3 4 5 0 3 39 13
802.892 1 5 3 3 3 5 0 4 39 13
802.964 2 6 3 3 2 5 0 4 39 13
803.606 1 5 3 3 3 5 0 4 39 13
807.554 1 5 3 3 2 4 1 4 39 13
808.392 1 5 3 3 1 3 2 4 39 13
811.135 1 4 3 3 0 3 2 5 39 13
811.723 1 4 3 3 0 4 2 6 39 12
812.184 1 4 3 3 0 3 2 5 39 13
812.823 1 4 3 3 0 2 2 4 39 14
815.924 1 4 3 3 0 3 2 5 39 13
816.488 1 4 3 3 0 2 2 4 39 14
816.96 1 4 3 3 0 3 2 5 39 13
820.599 1 4 3 3 0 4 2 6 39 12
823.187 1 4 3 3 0 5 2 7 39 11
823.695 1 4 3 3 0 4 2 6 39 12
824.611 1 4 3 3 0 3 2 5 39 13
825.268 1 4 4 4 0 2 2 5 39 13
825.442 1 3 4 4 0 2 1 5 40 13
826.38 1 3 4 4 0 3 1 6 40 12
827.642 1 3 3 3 0 4 1 6 40 12
830.705 1 4 3 3 1 4 1 5 40 12
831.62 1 4 3 3 1 5 1 6 40 11
832.271 1 4 3 3 1 4 1 5 40 12
834.024 1 4 3 3 1 3 1 4 40 13
834.661 1 5 3 3 1 3 2 4 39 13
836.711 1 5 3 3 1 2 2 3 39 14
842.431 1 5 2 2 1 3 2 3 39 14
847.212 1 4 2 2 1 3 1 3 40 14
847.526 1 4 2 2 1 2 1 2 40 15
859.863 1 4 2 2 1 3 1 3 40 14
860.743 1 5 2 2 2 3 1 2 40 14
860.978 1 4 2 2 1 3 1 3 40 14
865.736 1 4 2 2 1 4 1 4 40 13
866.421 1 4 2 2 1 5 1 5 40 12
866.881 1 3 2 2 1 5 0 5 41 12
866.986 1 3 2 2 1 6 0 6 41 11
867.166 1 3 2 2 1 5 0 5 41 12
867.444 2 4 2 2 0 5 0 5 41 12
867.734 2 4 2 2 0 4 0 4 41 13
868.004 2 5 2 2 1 4 0 3 41 13
868.476 2 5 1 1 1 5 0 3 41 13
875.296 2 5 1 1 1 6 0 4 41 12
877.389 1 4 1 1 2 6 0 4 41 12
883.156 1 4 1 1 1 5 1 4 41 12
884.865 0 3 1 1 2 5 1 4 41 12
885.463 0 3 1 1 1 4 2 4 41 12
886.477 0 4 1 1 1 4 3 4 40 12
888.091 0 4 1 1 1 5 3 5 40 11
889.637 0 3 1 1 1 5 2 5 41 11
891.033 0 2 1 1 1 5 1 5 42 11
893.312 0 2 1 1 1 4 1 4 42 12
899.058 0 2 1 1 1 3 1 3 42 13
899.281 0 2 1 1 1 4 1 4 42 12
900.016 0 2 1 1 1 5 1 5 42 11
903.84 0 2 1 1 2 6 0 5 42 11
905.535 0 2 1 1 2 7 0 6 42 10
905.863 0 2 1 1 2 6 0 5 42 11
906.318 0 2 1 1 1 5 1 5 42 11
907.729 0 2 1 1 1 6 1 6 42 10
910.27 0 2 1 1 1 7 1 7 42 9
910.565 0 2 1 1 1 8 1 8 42 8
910.656 0 2 1 1 1 7 1 7 42 9
911.581 0 2 1 1 1 6 1 6 42 10
914.793 0 2 1 1 1 7 1 7 42 9
915.869 0 2 1 1 1 6 1 6 42 10
921.182 0 3 1 1 2 6 1 5 42 10
921.193 0 3 1 1 1 5 2 5 42 10
921.276 0 3 1 1 1 6 2 6 42 9
926.031 0 3 2 2 1 5 2 6 42 9
926.652 0 2 2 2 0 5 2 7 42 9
928.896 0 2 1 1 0 6 2 7 42 9
932.651 0 2 1 1 0 5 2 6 42 10
934.416 0 2 1 1 0 6 2 7 42 9
937.758 0 2 1 1 0 7 2 8 42 8
938.398 0 2 1 1 0 6 2 7 42 9
938.86 0 2 1 1 0 5 2 6 42 10
941.493 0 3 1 1 1 5 2 5 42 10
941.766 0 3 1 1 1 6 2 6 42 9
947.309 0 3 1 1 1 7 2 7 42 8
947.843 0 3 1 1 1 6 2 6 42 9
948.654 0 4 1 1 1 6 3 6 41 9
950.646 0 4 1 1 1 5 3 5 41 10
950.968 0 3 1 1 1 5 2 5 42 10
952.235 0 3 1 1 1 6 2 6 42 9
952.432 0 3 1 1 1 5 2 5 42 10
957.772 0 2 1 1 0 5 2 6 42 10
960.751 0 2 1 1 0 4 2 5 42 11
964.176 0 3 1 1 1 4 2 4 42 11
973.592 0 3 1 1 1 3 2 3 42 12
975.255 0 3 1 1 1 4 2 4 42 11
976.008 0 3 1 1 1 3 2 3 42 12
982.037 0 3 1 1 1 4 2 4 42 11
982.155 0 3 1 1 1 5 2 5 42 10
982.718 0 3 1 1 1 6 2 6 42 9
982.805 0 3 1 1 1 5 2 5 42 10
984.211 1 4 1 1 0 5 2 5 42 10
988.41 1 5 1 1 1 5 2 4 42 10
991.958 1 5 1 1 1 6 2 5 42 9
992.088 2 6 1 1 0 6 2 5 42 9
992.424 2 7 1 1 1 6 2 4 42 9
992.714 2 7 1 1 1 7 2 5 42 8
992.763 1 6 1 1 2 7 2 5 42 8
997.784 1 5 1 1 2 7 1 5 43 8
998.342 0 4 1 1 3 7 1 5 43 8
999.099 0 4 1 1 2 6 2 5 43 8
999.685 0 3 1 1 1 6 2 6 43 8
1001.04 0 4 1 1 2 6 2 5 43 8
1003.33 0 4 1 1 2 5 2 4 43 9
1003.93 0 4 1 1 2 6 2 5 43 8
1005.49 1 5 1 1 1 6 2 5 43 8
1007.1 1 6 1 1 2 6 2 4 43 8
1009.39 1 6 1 1 2 5 2 3 43 9
1010.41 1 5 1 1 2 5 1 3 44 9
1012.06 1 5 1 1 2 4 1 2 44 10
1012.17 1 4 1 1 2 4 0 2 45 10
1015.49 1 4 1 1 2 5 0 3 45 9
1021.09 1 4 1 1 1 4 1 3 45 9
1021.66 1 4 0 0 1 5 1 3 45 9
1023.76 1 4 0 0 1 4 1 2 45 10
1029.62 1 4 0 0 1 5 1 3 45 9
1030.75 1 4 0 0 1 6 1 4 45 8
1033.92 0 3 0 0 2 6 1 4 45 8
1035.04 0 3 0 0 2 5 1 3 45 9
1036.95 0 2 0 0 1 5 1 4 45 9
1039.36 0 2 0 0 1 6 1 5 45 8
1039.59 0 3 0 0 1 6 2 5 44 8
1040.63 0 2 0 0 1 6 1 5 45 8
1044.16 0 1 0 0 1 6 0 5 46 8
1046 1 2 0 0 0 6 0 5 46 8
1047.47 1 2 0 0 0 5 0 4 46 9
1048.23 1 2 0 0 0 6 0 5 46 8
1053.41 1 2 0 0 0 7 0 6 46 7
1053.5 1 2 0 0 0 8 0 7 46 6
1053.69 1 2 0 0 0 7 0 6 46 7
1055.76 1 2 0 0 0 8 0 7 46 6
1057.74 1 2 0 0 0 9 0 8 46 5
1058.09 1 2 0 0 0 8 0 7 46 6
1058.16 1 2 0 0 0 7 0 6 46 7
1058.45 1 2 0 0 0 6 0 5 46 8
1059.85 1 2 0 0 0 5 0 4 46 9
1066.09 1 2 0 0 0 4 0 3 46 10
1066.45 1 2 0 0 0 5 0 4 46 9
1068.35 1 2 0 0 0 4 0 3 46 10
1069.38 1 2 0 0 0 5 0 4 46 9
1070.74 1 2 0 0 0 4 0 3 46 10
1075.55 1 2 1 1 0 3 0 3 46 10
1075.59 1 2 2 2 0 2 0 3 46 10
1082.05 1 2 2 2 0 3 0 4 46 9
1086.94 1 2 1 1 0 4 0 4 46 9
1090.7 1 3 1 1 0 4 1 4 45 9
1099.27 1 3 1 1 1 5 0 4 45 9
1101.03 1 3 1 1 1 6 0 5 45 8
1113.64 1 3 1 1 1 5 0 4 45 9
1118.74 1 3 1 1 1 6 0 5 45 8
1119.28 1 3 2 2 1 5 0 5 45 8
1124.9 1 3 2 2 1 6 0 6 45 7
1130.21 1 3 2 2 1 7 0 7 45 6
1131.2 1 3 2 2 1 6 0 6 45 7
1131.21 1 3 2 2 1 5 0 5 45 8
1132.91 2 4 2 2 0 5 0 5 45 8
1134.53 2 4 3 3 0 4 0 5 45 8
1134.65 2 4 3 3 0 3 0 4 45 9
1134.75 1 3 3 3 1 3 0 4 45 9
1136.97 1 3 2 2 1 4 0 4 45 9
1141.14 1 4 2 2 2 4 0 3 45 9
1141.94 1 4 2 2 1 3 1 3 45 9
1145.84 1 4 1 1 1 4 1 3 45 9
1160.07 1 3 1 1 1 4 0 3 46 9
1161.81 1 3 1 1 0 3 1 3 46 9
1170.91 1 3 1 1 0 2 1 2 46 10
1172.13 1 2 1 1 0 2 0 2 47 10
1181.75 1 2 1 1 0 3 0 3 47 9
1191.73 1 2 1 1 0 4 0 4 47 8
1195.43 1 2 0 0 0 5 0 4 47 8
1196 1 3 0 0 1 5 0 3 47 8
1197.07 1 3 0 0 1 4 0 2 47 9
1200.28 1 4 0 0 2 4 0 1 47 9
1201.16 1 3 0 0 1 4 0 2 47 9
1202.18 1 3 0 0 0 3 1 2 47 9
1205.06 1 3 0 0 0 4 1 3 47 8
1205.9 1 3 0 0 0 3 1 2 47 9
1215.4 1 3 0 0 0 4 1 3 47 8
1219.61 1 2 0 0 0 4 0 3 48 8
1225.76 1 2 0 0 0 5 0 4 48 7
1230.7 1 2 0 0 0 4 0 3 48 8
1241.65 1 2 0 0 0 5 0 4 48 7
1244.66 1 2 0 0 0 4 0 3 48 8
1246.1 1 2 1 1 0 3 0 3 48 8
1247.22 1 2 1 1 0 4 0 4 48 7
1249.56 1 3 1 1 0 4 1 4 47 7
1250.73 1 2 1 1 0 4 0 4 48 7
1251.3 0 1 1 1 1 4 0 4 48 7
1252.17 0 1 2 2 1 3 0 4 48 7
1255.67 1 2 2 2 0 3 0 4 48 7
1257.05 1 2 2 2 0 4 0 5 48 6
1260.09 1 2 2 2 0 3 0 4 48 7
1260.4 1 2 2 2 0 2 0 3 48 8
1264.09 1 2 1 1 0 3 0 3 48 8
1266.85 1 3 1 1 1 3 0 2 48 8
1267.01 1 3 1 1 1 4 0 3 48 7
1267.66 1 3 1 1 1 5 0 4 48 6
1269.02 1 3 1 1 0 4 1 4 48 6
1274.71 1 3 1 1 0 3 1 3 48 7
1276.77 1 3 1 1 0 4 1 4 48 6
1281.83 0 2 1 1 1 4 1 4 48 6
1283.99 0 2 1 1 1 5 1 5 48 5
1288.06 0 2 1 1 1 4 1 4 48 6
1288.51 0 2 1 1 1 5 1 5 48 5
1288.9 0 2 1 1 1 4 1 4 48 6
1291.78 1 3 1 1 0 4 1 4 48 6
1291.99 1 4 1 1 1 4 1 3 48 6
1292.2 1 4 1 1 1 5 1 4 48 5
1297.77 1 4 1 1 1 4 1 3 48 6
1308.71 2 5 1 1 0 4 1 3 48 6
1309.07 2 5 1 1 0 5 1 4 48 5
1312.54 2 5 2 2 0 4 1 4 48 5
1312.63 2 6 2 2 1 4 1 3 48 5
1313.04 1 5 2 2 2 4 1 3 48 5
1321.9 1 4 2 2 1 4 1 4 48 5
1338.19 1 4 2 2 0 3 2 4 48 5
1340.67 1 4 2 2 0 2 2 3 48 6
1351.54 1 4 3 3 0 1 2 3 48 6
1352.5 1 4 3 3 0 2 2 4 48 5
1354.61 1 4 3 3 0 1 2 3 48 6
1364.45 1 4 3 3 0 2 2 4 48 5
1371.69 1 4 3 3 0 3 2 5 48 4
1373.39 1 4 3 3 0 4 2 6 48 3
1373.8 1 4 3 3 0 3 2 5 48 4
1376.64 1 5 3 3 1 3 2 4 48 4
1380.84 1 5 2 2 1 4 2 4 48 4
1381.3 1 4 2 2 0 4 2 5 48 4
1381.65 1 5 2 2 1 4 2 4 48 4
1385.59 2 6 2 2 0 4 2 4 48 4
1385.87 1 5 2 2 1 4 2 4 48 4
1391.74 1 6 2 2 2 4 2 3 48 4
1393.6 1 5 2 2 1 4 2 4 48 4
1395.91 1 4 2 2 0 4 2 5 48 4
1403.28 0 3 2 2 1 4 2 5 48 4
1406.2 0 3 2 2 1 3 2 4 48 5
1407.37 0 3 2 2 1 2 2 3 48 6
1410.83 0 4 2 2 2 2 2 2 48 6
1414.12 0 4 2 2 2 3 2 3 48 5
1414.9 0 4 2 2 1 2 3 3 48 5
1417.44 0 4 1 1 1 3 3 3 48 5
1417.57 0 4 1 1 1 2 3 2 48 6
1422.33 0 5 1 1 2 2 3 1 48 6
1422.59 0 5 1 1 1 1 4 1 48 6
1424.48 0 4 1 1 1 1 3 1 49 6
1425.49 0 3 1 1 0 1 3 2 49 6
1432.35 0 3 1 1 0 2 3 3 49 5
1437.45 0 4 1 1 0 2 4 3 48 5
1441.47 0 4 1 1 1 3 3 3 48 5
1441.56 0 3 1 1 0 3 3 4 48 5
1442.83 0 3 1 1 0 2 3 3 48 6
1443.44 0 3 1 1 0 1 3 2 48 7
1445.9 0 2 1 1 0 1 2 2 49 7
1462.63 0 2 1 1 0 2 2 3 49 6
1481.32 0 2 1 1 0 3 2 4 49 5
1481.41 0 2 1 1 0 2 2 3 49 6
1482.46 0 2 1 1 0 3 2 4 49 5
1482.61 0 2 0 0 0 4 2 4 49 5
1483.87 0 2 0 0 0 5 2 5 49 4
1490.62 0 2 0 0 0 4 2 4 49 5
1490.9 0 2 0 0 0 5 2 5 49 4
1492.27 0 2 0 0 0 4 2 4 49 5
1493.67 0 2 0 0 0 5 2 5 49 4
1494.58 0 2 0 0 0 6 2 6 49 3
1496.21 0 2 1 1 0 5 2 6 49 3
1499.34 0 2 1 1 0 4 2 5 49 4
1499.59 0 2 1 1 0 3 2 4 49 5
1502.45 0 2 2 2 0 2 2 4 49 5
1507.05 0 2 3 3 0 1 2 4 49 5
1511.25 0 1 3 3 0 1 1 4 50 5
1517.16 0 0 3 3 0 1 0 4 51 5
1518.55 0 0 2 2 0 2 0 4 51 5
1524.94 0 1 2 2 1 2 0 3 51 5
1538.74 0 1 2 2 1 3 0 4 51 4
1540.74 0 1 2 2 0 2 1 4 51 4
1550.42 0 1 3 3 0 1 1 4 51 4
1550.66 0 2 3 3 1 1 1 3 51 4
1552.65 0 2 3 3 2 2 0 3 51 4
1554.42 0 1 3 3 1 2 0 4 51 4
1556.6 0 1 2 2 1 3 0 4 51 4
1556.63 0 2 2 2 2 3 0 3 51 4
1562.01 0 2 2 2 2 4 0 4 51 3
1562.23 1 3 2 2 1 4 0 4 51 3
1564.89 1 2 2 2 0 4 0 5 51 3
1571.24 1 3 2 2 0 4 1 5 50 3
1572.99 1 3 2 2 0 3 1 4 50 4
1585.04 1 3 2 2 0 2 1 3 50 5
1588.64 1 2 2 2 0 2 0 3 51 5
1588.85 1 2 3 3 0 1 0 3 51 5
1596.56 1 3 3 3 0 1 1 3 50 5
1598.84 1 3 2 2 0 2 1 3 50 5
1598.91 1 3 3 3 0 1 1 3 50 5
1619.63 1 4 3 3 0 1 2 3 49 5
1627.11 1 4 3 3 0 0 2 2 49 6
1627.46 1 5 3 3 0 0 3 2 48 6
1628.87 1 5 3 3 0 1 3 3 48 5
1631.12 1 6 3 3 1 1 3 2 48 5
1631.61 1 5 3 3 1 1 2 2 49 5
1633.9 1 5 2 2 1 2 2 2 49 5
1635.45 1 5 2 2 1 1 2 1 49 6
1635.75 0 4 2 2 2 1 2 1 49 6
1635.97 0 4 2 2 2 2 2 2 49 5
1638.74 0 3 2 2 1 2 2 3 49 5
1644.09 0 2 2 2 0 2 2 4 49 5
1645.01 0 2 2 2 0 1 2 3 49 6
1645.81 0 2 2 2 0 0 2 2 49 7
1647.84 0 2 2 2 0 1 2 3 49 6
1648.56 0 2 2 2 0 2 2 4 49 5
1651.96 0 2 2 2 0 3 2 5 49 4
1656.2 0 2 2 2 0 2 2 4 49 5
1658.18 0 2 2 2 0 3 2 5 49 4
1662.99 0 2 1 1 0 4 2 5 49 4
1664.11 0 1 1 1 0 4 1 5 50 4
1667.06 0 1 1 1 0 3 1 4 50 5
1673.23 0 1 1 1 0 4 1 5 50 4
1674.48 0 1 1 1 0 3 1 4 50 5
1684.56 0 2 1 1 1 3 1 3 50 5
1695.15 1 3 1 1 0 3 1 3 50 5
1695.38 1 3 1 1 0 2 1 2 50 6
1696.53 1 3 1 1 0 3 1 3 50 5
1698.33 1 4 1 1 0 3 2 3 49 5
1706.84 1 3 1 1 0 3 1 3 50 5
1710.05 1 3 1 1 0 4 1 4 50 4
1710.1 1 3 1 1 0 5 1 5 50 3
1710.42 1 3 1 1 0 4 1 4 50 4
1716.13 1 3 1 1 0 3 1 3 50 5
1724.18 1 3 1 1 0 2 1 2 50 6
1727.28 1 3 1 1 0 3 1 3 50 5
1730.79 1 3 1 1 0 4 1 4 50 4
1731.03 1 3 2 2 0 3 1 4 50 4
1731.47 1 3 3 3 0 2 1 4 50 4
1732.51 1 3 3 3 0 3 1 5 50 3
1737 1 4 3 3 1 3 1 4 50 3
1739.26 1 4 2 2 1 4 1 4 50 3
1747.28 1 4 2 2 0 3 2 4 50 3
1747.67 1 4 3 3 0 2 2 4 50 3
1748.32 1 4 3 3 0 3 2 5 50 2
1748.39 1 4 2 2 0 4 2 5 50 2
1748.71 1 4 2 2 0 5 2 6 50 1
1753.68 1 4 3 3 0 4 2 6 50 1
1757.17 1 3 3 3 0 4 1 6 51 1
1760.6 1 3 3 3 0 3 1 5 51 2
1761.89 1 4 3 3 0 3 2 5 50 2
1767.01 0 3 3 3 1 3 2 5 50 2
1768.03 0 3 2 2 1 4 2 5 50 2
1769 0 3 2 2 1 3 2 4 50 3
1770.19 0 3 2 2 1 2 2 3 50 4
1772.61 0 3 2 2 1 3 2 4 50 3
1777.42 0 3 2 2 1 4 2 5 50 2
1786.91 0 2 2 2 1 4 1 5 51 2
1793.32 0 3 2 2 2 4 1 4 51 2
1793.59 0 4 2 2 3 4 1 3 51 2
1793.93 0 5 2 2 3 4 2 3 50 2
1797.64 1 6 2 2 2 4 2 3 50 2
1798 1 6 2 2 1 3 3 3 50 2
1799.53 0 5 2 2 2 3 3 3 50 2
1801.09 1 6 2 2 1 3 3 3 50 2
1803.36 1 6 1 1 1 4 3 3 50 2
1804.83 1 5 1 1 0 4 3 4 50 2
1809.01 1 4 1 1 0 4 2 4 51 2
1810.75 1 5 1 1 1 4 2 3 51 2
1811.65 1 4 1 1 1 4 1 3 52 2
1815.69 1 3 1 1 1 4 0 3 53 2
1824 1 3 1 1 1 3 0 2 53 3
1833.95 1 3 0 0 1 4 0 2 53 3
1835.49 1 3 0 0 0 3 1 2 53 3
1859.24 1 3 1 1 0 2 1 2 53 3
1873.2 1 3 1 1 0 3 1 3 53 2
1876.92 1 2 1 1 0 3 0 3 54 2
1879.71 1 2 1 1 0 2 0 2 54 3
1885.14 0 1 1 1 1 2 0 2 54 3
1892.36 0 1 1 1 1 3 0 3 54 2
1893.18 0 1 2 2 1 2 0 3 54 2
1905.11 0 1 2 2 1 1 0 2 54 3
1917.04 0 1 2 2 1 0 0 1 54 4
1922.17 0 1 2 2 1 1 0 2 54 3
1934.48 0 1 2 2 0 0 1 2 54 3
1935.11 0 2 2 2 0 0 2 2 53 3
1941.5 0 2 1 1 0 1 2 2 53 3
1942.63 0 3 1 1 0 1 3 2 52 3
1953.63 0 3 1 1 1 2 2 2 52 3
1955.22 0 2 1 1 1 2 1 2 53 3
1967.03 0 3 1 1 2 2 1 1 53 3
1988.64 1 4 1 1 1 2 1 1 53 3
2015.26 2 5 1 1 0 2 1 1 53 3
2016.17 2 4 1 1 0 2 0 1 54 3
2018.36 1 3 1 1 1 2 0 1 54 3
2023.35 1 3 2 2 1 1 0 1 54 3
2024.8 2 4 2 2 0 1 0 1 54 3
2025.58 2 4 2 2 0 2 0 2 54 2
2026.81 2 4 1 1 0 3 0 2 54 2
2029.18 2 4 1 1 0 4 0 3 54 1
2031.37 2 4 1 1 0 3 0 2 54 2
2037.08 2 4 1 1 0 4 0 3 54 1
2039.31 1 3 1 1 1 4 0 3 54 1
2041.93 1 3 2 2 1 3 0 3 54 1
2043.29 1 3 1 1 1 4 0 3 54 1
2043.86 1 4 1 1 1 4 1 3 53 1
2043.99 1 5 1 1 1 4 2 3 52 1
2046.7 1 6 1 1 2 4 2 2 52 1
2048.4 1 6 1 1 1 3 3 2 52 1
2050.61 1 6 1 1 0 2 4 2 52 1
2054.25 1 6 1 1 1 3 3 2 52 1
2055.16 0 5 1 1 2 3 3 2 52 1
2057.97 0 5 1 1 2 2 3 1 52 2
2058.01 0 4 1 1 2 2 2 1 53 2
2058.18 1 5 1 1 1 2 2 1 53 2
2069.3 1 4 1 1 0 2 2 2 53 2
2077.69 1 3 1 1 0 2 1 2 54 2
2081.68 1 4 1 1 1 2 1 1 54 2
2084.53 0 3 1 1 2 2 1 1 54 2
2088.11 0 2 1 1 2 2 0 1 55 2
2097.29 0 1 1 1 1 2 0 2 55 2
2115.73 0 0 1 1 0 2 0 3 55 2
2128.2 0 0 2 2 0 1 0 3 55 2
2144.6 0 1 2 2 1 1 0 2 55 2
2148.2 0 1 3 3 1 0 0 2 55 2
2149.64 0 1 3 3 1 1 0 3 55 1
2154.91 0 1 3 3 1 0 0 2 55 2
2155.26 0 2 3 3 2 0 0 1 55 2
2169.16 0 2 3 3 2 1 0 2 55 1
2170 0 2 2 2 2 2 0 2 55 1
2172.81 0 3 2 2 3 2 0 1 55 1
2175.05 1 4 2 2 2 2 0 1 55 1
2180.63 0 3 2 2 3 2 0 1 55 1
2183.65 0 3 3 3 3 1 0 1 55 1
2192.83 0 4 3 3 4 1 0 0 55 1
2202.31 0 4 3 3 3 0 1 0 55 1
2207.83 0 4 2 2 3 1 1 0 55 1
2211.09 0 3 2 2 2 1 1 1 55 1
2214.3 1 4 2 2 1 1 1 1 55 1
2229.95 0 3 2 2 2 1 1 1 55 1
2242.05 0 4 2 2 2 1 2 1 54 1
2242.06 0 3 2 2 1 1 2 2 54 1
2247.41 0 3 2 2 1 2 2 3 54 0
2254.78 0 2 2 2 0 2 2 4 54 0
2255.43 0 2 1 1 0 3 2 4 54 0
2259.09 0 2 1 1 0 2 2 3 54 1
2259.78 0 2 0 0 0 3 2 3 54 1
2270.09 0 1 0 0 0 3 1 3 55 1
2283.46 0 1 0 0 1 4 0 3 55 1
2283.67 0 1 0 0 1 3 0 2 55 2
2287.23 0 1 0 0 0 2 1 2 55 2
2293.01 0 2 0 0 1 2 1 1 55 2
2307.4 0 2 0 0 1 3 1 2 55 1
2316.63 0 2 1 1 1 2 1 2 55 1
2320.93 0 1 1 1 0 2 1 3 55 1
2322.9 0 2 1 1 0 2 2 3 54 1
2339.36 0 3 1 1 1 2 2 2 54 1
2354.93 0 3 1 1 1 1 2 1 54 2
2356.98 0 2 1 1 1 1 1 1 55 2
2358.29 0 2 1 1 2 2 0 1 55 2
2366.61 0 1 1 1 1 2 0 2 55 2
2397.22 0 1 1 1 0 1 1 2 55 2
2407.89 0 1 1 1 0 0 1 1 55 3
2423.43 0 2 1 1 1 0 1 0 55 3
2425.75 0 1 1 1 0 0 1 1 55 3
2430.68 0 2 1 1 0 0 2 1 54 3
2444.15 0 1 1 1 0 0 1 1 55 3
2475.36 0 2 1 1 0 0 2 1 54 3
2496.79 0 1 1 1 0 0 1 1 55 3
2496.91 0 1 1 1 0 1 1 2 55 2
2504.19 0 1 1 1 0 2 1 3 55 1
2517.35 0 1 2 2 0 1 1 3 55 1
2522.52 0 1 1 1 0 2 1 3 55 1
2522.9 0 1 1 1 0 1 1 2 55 2
2531.27 0 1 1 1 0 2 1 3 55 1
2532.94 0 2 1 1 0 2 2 3 54 1
2547.65 0 3 1 1 1 2 2 2 54 1
2549.03 0 3 1 1 1 1 2 1 54 2
2549.28 0 3 0 0 1 2 2 1 54 2
2550.1 0 4 0 0 1 2 3 1 53 2
2556.18 0 3 0 0 0 2 3 2 53 2
2576.61 0 3 0 0 0 1 3 1 53 3
2579.15 0 2 0 0 0 1 2 1 54 3
2581.04 0 2 0 0 0 2 2 2 54 2
2588.53 0 3 0 0 1 2 2 1 54 2
2594.28 0 4 0 0 1 2 3 1 53 2
2596.86 0 3 0 0 0 2 3 2 53 2
2602.72 0 2 0 0 0 2 2 2 54 2
2605.12 0 2 0 0 0 1 2 1 54 3
2616.38 0 1 0 0 0 1 1 1 55 3
2644.05 0 0 0 0 0 1 0 1 56 3
2647.35 0 0 1 1 0 0 0 1 56 3
2649.38 0 0 1 1 0 1 0 2 56 2
2655.16 0 0 1 1 0 2 0 3 56 1
2660.14 0 0 2 2 0 1 0 3 56 1
2665.3 0 1 2 2 1 1 0 2 56 1
2665.65 1 2 2 2 0 1 0 2 56 1
2678.72 1 3 2 2 0 1 1 2 55 1
2681.56 0 2 2 2 1 1 1 2 55 1
2687.61 0 2 2 2 1 2 1 3 55 0
2688.72 0 2 3 3 1 1 1 3 55 0
2689.9 0 2 3 3 0 0 2 3 55 0
2699.81 0 2 2 2 0 1 2 3 55 0
2706.41 0 3 2 2 1 1 2 2 55 0
2711.18 1 4 2 2 0 1 2 2 55 0
2726.87 1 3 2 2 0 1 1 2 56 0
2729.41 1 4 2 2 0 1 2 2 55 0
2731.71 1 3 2 2 0 1 1 2 56 0
2739.82 1 3 1 1 0 2 1 2 56 0
2746.81 1 4 1 1 0 2 2 2 55 0
2748.93 1 5 1 1 1 2 2 1 55 0
2750.87 1 4 1 1 0 2 2 2 55 0
2754.81 1 5 1 1 0 2 3 2 54 0
2760.39 0 4 1 1 1 2 3 2 54 0
2761.06 0 4 1 1 1 1 3 1 54 1
2770.88 1 5 1 1 0 1 3 1 54 1
2775.52 1 6 1 1 1 1 3 0 54 1
2775.55 1 5 1 1 1 1 2 0 55 1
2789.67 1 4 1 1 1 1 1 0 56 1
2793.77 1 3 1 1 0 1 1 1 56 1
2824.73 1 3 2 2 0 0 1 1 56 1
2825.19 1 4 2 2 0 0 2 1 55 1
2830.86 1 3 2 2 0 0 1 1 56 1
2840.95 1 4 2 2 0 0 2 1 55 1
2842.04 1 3 2 2 0 0 1 1 56 1
2846.69 1 2 2 2 0 0 0 1 57 1
2852.58 1 2 1 1 0 1 0 1 57 1
2877.72 0 1 1 1 1 1 0 1 57 1
2914.34 1 2 1 1 0 1 0 1 57 1
2933.52 1 2 1 1 0 2 0 2 57 0
2969.6 1 2 1 1 0 1 0 1 57 1
2977.67 1 2 2 2 0 0 0 1 57 1
2993.44 1 3 2 2 0 0 1 1 56 1
2993.73 1 3 1 1 0 1 1 1 56 1
2994.66 1 3 1 1 0 0 1 0 56 2
2997.37 1 3 1 1 0 1 1 1 56 1
2997.37 1 3 1 1 0 1 1 1 56 1
