0 60 120 60 60 0 0 0 0 0 0
0.0100649 59 119 60 60 1 0 0 0 0 0
0.0256259 58 118 60 60 2 0 0 0 0 0
0.033614 58 118 59 59 2 1 0 0 0 0
0.0356123 57 117 59 59 3 1 0 0 0 0
0.0406919 56 116 59 59 4 1 0 0 0 0
0.0642973 56 116 58 58 4 2 0 0 0 0
0.0788755 55 115 58 58 5 2 0 0 0 0
0.0812012 54 114 58 58 6 2 0 0 0 0
0.082833 54 114 57 57 6 3 0 0 0 0
0.0905345 54 114 56 56 6 4 0 0 0 0
0.100308 54 114 55 55 6 5 0 0 0 0
0.101297 53 113 55 55 7 5 0 0 0 0
0.109948 52 112 55 55 8 5 0 0 0 0
0.113908 52 112 54 54 8 6 0 0 0 0
0.117692 51 111 54 54 9 6 0 0 0 0
0.118768 50 110 54 54 10 6 0 0 0 0
0.126738 49 109 54 54 11 6 0 0 0 0
0.130762 48 108 54 54 12 6 0 0 0 0
0.155362 48 108 53 53 12 7 0 0 0 0
0.171886 48 108 52 52 12 8 0 0 0 0
0.173916 47 107 52 52 13 8 0 0 0 0
0.181473 46 106 52 52 14 8 0 0 0 0
0.188417 45 105 52 52 15 8 0 0 0 0
0.200504 44 104 52 52 16 8 0 0 0 0
0.21981 43 103 52 52 17 8 0 0 0 0
0.234478 43 103 51 51 17 9 0 0 0 0
0.239365 42 102 51 51 18 9 0 0 0 0
0.274094 41 101 51 51 19 9 0 0 0 0
0.283684 41 100 51 51 18 9 0 1 0 0
0.385866 40 99 51 51 19 9 0 1 0 0
0.401893 40 98 51 51 18 9 0 2 0 0
0.41242 40 97 51 51 17 9 0 3 0 0
0.44424 39 96 51 51 18 9 0 3 0 0
0.492271 38 95 51 51 19 9 0 3 0 0
0.494044 37 94 51 51 20 9 0 3 0 0
0.521746 37 94 51 51 19 8 1 3 0 0
0.524002 37 93 51 51 18 8 1 4 0 0
0.524364 37 93 50 50 18 9 1 4 0 0
0.548957 36 92 50 50 19 9 1 4 0 0
0.613321 36 92 49 49 19 10 1 4 0 0
0.627609 35 91 49 49 20 10 1 4 0 0
0.648933 34 90 49 49 21 10 1 4 0 0
0.654605 34 90 48 48 21 11 1 4 0 0
0.669205 33 89 48 48 22 11 1 4 0 0
0.692655 33 89 47 47 22 12 1 4 0 0
0.702511 33 89 46 46 22 13 1 4 0 0
0.720624 32 88 46 46 23 13 1 4 0 0
0.730259 32 88 45 45 23 14 1 4 0 0
0.747593 32 88 44 44 23 15 1 4 0 0
0.750287 31 87 44 44 24 15 1 4 0 0
0.810144 30 86 44 44 25 15 1 4 0 0
0.859583 30 85 44 44 24 15 1 5 0 0
0.8623 29 84 44 44 25 15 1 5 0 0
0.879198 28 83 44 44 26 15 1 5 0 0
0.893588 28 83 43 43 26 16 1 5 0 0
0.902264 28 82 43 43 25 16 1 6 0 0
0.905073 28 81 43 43 24 16 1 7 0 0
0.948862 28 81 42 42 24 17 1 7 0 0
0.969548 28 81 41 41 24 18 1 7 0 0
0.972172 28 81 41 41 23 17 2 7 0 0
1.04511 28 81 40 40 23 18 2 7 0 0
1.07016 28 81 39 39 23 19 2 7 0 0
1.08159 28 80 39 39 22 19 2 8 0 0
1.08267 27 79 39 39 23 19 2 8 0 0
1.09488 27 78 39 39 22 19 2 9 0 0
1.12202 27 78 39 39 21 18 3 9 0 0
1.12466 27 78 38 38 21 19 3 9 0 0
1.1385 27 77 38 38 20 19 3 10 0 0
1.15755 28 78 38 38 19 19 3 10 0 0
1.16037 28 77 38 38 18 19 3 11 0 0
1.17988 28 77 37 37 18 20 3 11 0 0
1.18277 27 76 37 37 19 20 3 11 0 0
1.19954 26 75 37 37 20 20 3 11 0 0
1.20137 26 74 37 37 19 20 3 12 0 0
1.21443 26 73 37 37 18 20 3 13 0 0
1.22978 26 73 37 37 17 19 4 13 0 0
1.26184 26 72 37 37 16 19 4 14 0 0
1.34103 26 71 37 37 15 19 4 15 0 0
1.34729 25 70 37 37 16 19 4 15 0 0
1.35047 25 70 36 36 16 20 4 15 0 0
1.35569 24 69 36 36 17 20 4 15 0 0
1.48923 24 68 36 36 16 20 4 16 0 0
1.50411 24 68 35 35 16 21 4 16 0 0
1.52465 23 67 35 35 17 21 4 16 0 0
1.54177 23 67 34 34 17 22 4 16 0 0
1.54219 23 68 34 34 18 22 4 15 0 0
1.54465 23 67 34 34 17 22 4 16 0 0
1.57763 23 67 33 33 17 23 4 16 0 0
1.58101 22 66 33 33 18 23 4 16 0 0
1.61525 22 66 32 32 18 24 4 16 0 0
1.69723 22 65 32 32 17 24 4 17 0 0
1.76141 22 65 31 31 17 25 4 17 0 0
1.77084 21 64 31 31 18 25 4 17 0 0
1.81418 21 64 31 31 17 24 5 17 0 0
1.86829 20 63 31 31 18 24 5 17 0 0
1.87146 20 64 31 31 19 24 5 16 0 0
1.90504 20 64 31 31 19 23 5 15 0 1
1.91518 20 64 31 31 19 22 5 14 0 2
1.93843 19 63 31 31 20 22 5 14 0 2
1.93965 18 62 31 31 21 22 5 14 0 2
1.9569 18 62 31 31 21 21 5 13 0 3
2.08075 18 62 31 31 20 20 6 13 0 3
2.0871 18 62 30 30 20 21 6 13 0 3
2.08991 18 61 30 30 19 21 6 14 0 3
2.10758 17 60 30 30 20 21 6 14 0 3
2.16169 17 59 30 30 20 21 5 14 1 3
2.24467 17 59 29 29 20 22 5 14 1 3
2.47005 17 58 29 29 19 22 5 15 1 3
2.49556 16 57 29 29 20 22 5 15 1 3
2.53317 16 56 29 29 19 22 5 16 1 3
2.56897 16 56 28 28 19 23 5 16 1 3
2.58436 16 55 28 28 18 23 5 17 1 3
2.65282 16 55 27 27 18 24 5 17 1 3
2.67057 16 54 27 27 17 24 5 18 1 3
2.69154 16 53 27 27 17 24 4 18 2 3
2.70814 15 52 27 27 18 24 4 18 2 3
2.73312 15 51 27 27 17 24 4 19 2 3
2.75046 15 51 26 26 17 25 4 19 2 3
2.9191 15 50 26 26 17 25 3 19 3 3
3.03375 15 49 26 26 16 25 3 20 3 3
3.04351 15 49 25 25 16 26 3 20 3 3
3.10267 15 49 25 25 16 25 3 19 3 4
3.12664 15 49 24 24 16 26 3 19 3 4
3.14199 14 48 24 24 17 26 3 19 3 4
3.173 13 47 24 24 18 26 3 19 3 4
3.1876 13 47 24 24 18 25 3 18 3 5
3.24202 13 47 23 23 18 26 3 18 3 5
3.26754 13 47 23 23 17 25 4 18 3 5
3.28088 12 46 23 23 18 25 4 18 3 5
3.39171 12 46 22 22 18 26 4 18 3 5
3.40346 12 45 22 22 17 26 4 19 3 5
3.43797 12 45 21 21 17 27 4 19 3 5
3.47895 11 44 21 21 18 27 4 19 3 5
3.49878 11 44 21 21 17 26 5 19 3 5
3.51594 11 43 21 21 16 26 5 20 3 5
3.67457 11 42 21 21 16 26 4 20 4 5
3.67528 11 42 20 20 16 27 4 20 4 5
3.72463 11 41 20 20 15 27 4 21 4 5
3.75654 10 40 20 20 16 27 4 21 4 5
3.78127 9 39 20 20 17 27 4 21 4 5
3.88599 9 39 20 20 16 26 5 21 4 5
3.89128 9 39 20 20 15 25 6 21 4 5
3.90953 9 38 20 20 15 25 5 21 5 5
3.91574 9 37 20 20 15 25 4 21 6 5
3.9393 9 38 20 20 16 25 4 20 6 5
3.95238 9 38 20 20 15 24 5 20 6 5
3.97034 9 38 19 19 15 25 5 20 6 5
3.98695 9 38 18 18 15 26 5 20 6 5
4.03849 9 38 18 18 14 25 6 20 6 5
4.06931 8 37 18 18 15 25 6 20 6 5
4.18833 8 36 18 18 14 25 6 21 6 5
4.21805 7 35 18 18 15 25 6 21 6 5
4.22236 6 34 18 18 16 25 6 21 6 5
4.24552 6 33 18 18 16 25 5 21 7 5
4.40022 6 33 18 18 15 24 6 21 7 5
4.44322 6 33 17 17 15 25 6 21 7 5
4.47047 6 32 17 17 15 25 5 21 8 5
4.49796 6 32 17 17 14 24 6 21 8 5
4.50512 6 31 17 17 13 24 6 22 8 5
4.51694 6 30 17 17 12 24 6 23 8 5
4.56047 6 29 17 17 11 24 6 24 8 5
4.8742 6 29 17 17 10 23 7 24 8 5
4.8805 6 29 17 17 10 22 7 23 8 6
4.94496 6 29 17 17 9 21 8 23 8 6
5.08422 5 28 17 17 10 21 8 23 8 6
5.14874 5 28 17 17 9 20 9 23 8 6
5.18115 4 27 17 17 10 20 9 23 8 6
5.24981 4 26 17 17 9 20 9 24 8 6
5.4778 4 26 16 16 9 21 9 24 8 6
5.68507 4 26 15 15 9 22 9 24 8 6
5.7549 4 26 15 15 9 21 9 23 8 7
5.84004 4 26 14 14 9 22 9 23 8 7
6.13934 3 25 14 14 10 22 9 23 8 7
6.20439 3 25 14 14 10 21 9 22 8 8
6.24995 3 24 14 14 10 21 8 22 9 8
6.31516 3 24 13 13 10 22 8 22 9 8
6.31788 3 23 13 13 9 22 8 23 9 8
6.39711 3 23 13 13 9 21 8 22 9 9
6.52379 3 23 13 13 9 20 8 21 9 10
6.68038 3 22 13 13 8 20 8 22 9 10
6.68831 3 22 13 13 8 19 8 21 9 11
6.71517 3 22 13 13 8 18 8 20 9 12
6.74849 3 22 13 13 7 17 9 20 9 12
6.93256 3 22 13 13 7 16 9 19 9 13
7.06142 3 21 13 13 7 16 8 19 10 13
7.06305 3 21 13 13 7 15 8 18 10 14
7.07372 3 20 13 13 7 15 7 18 11 14
7.08607 3 21 13 13 8 15 7 17 11 14
7.20475 3 20 13 13 8 15 6 17 12 14
7.22031 2 19 13 13 9 15 6 17 12 14
7.26559 2 18 13 13 9 15 5 17 13 14
7.50753 2 18 13 13 9 14 5 16 13 15
7.51959 2 18 13 13 9 13 5 15 13 16
7.60471 2 18 12 12 9 14 5 15 13 16
7.70775 2 18 12 12 9 13 5 14 13 17
7.77302 2 17 12 12 9 13 4 14 14 17
7.89478 2 16 12 12 8 13 4 15 14 17
8.37521 2 16 12 12 7 12 5 15 14 17
8.44264 2 16 12 12 6 11 6 15 14 17
8.93482 2 16 11 11 6 12 6 15 14 17
9.03444 2 16 10 10 6 13 6 15 14 17
9.05903 2 15 10 10 5 13 6 16 14 17
9.22789 2 15 10 10 5 12 6 15 14 18
9.38279 3 16 10 10 4 12 6 15 14 18
9.73773 3 15 10 10 4 12 5 15 15 18
9.75732 3 16 10 10 5 12 5 14 15 18
9.80591 3 16 9 9 5 13 5 14 15 18
9.90558 3 16 9 9 5 12 5 13 15 19
9.96846 3 16 9 9 4 11 6 13 15 19
9.9816 3 16 9 9 3 10 7 13 15 19
10.6946 3 16 9 9 3 9 7 12 15 20
10.767 3 15 9 9 2 9 7 13 15 20
11.4135 4 16 9 9 1 9 7 13 15 20
11.464 4 16 9 9 1 8 7 12 15 21
12.0485 4 16 9 9 1 9 7 13 15 20
12.0808 4 16 9 9 1 8 7 12 15 21
13.4366 4 16 9 9 1 7 7 11 15 22
13.8152 4 15 9 9 1 7 6 11 16 22
13.9979 4 15 9 9 1 6 6 10 16 23
14.3792 4 15 9 9 1 5 6 9 16 24
14.9609 4 15 8 8 1 6 6 9 16 24
15.0793 3 14 8 8 2 6 6 9 16 24
15.4462 3 13 8 8 2 6 5 9 17 24
15.5638 3 13 7 7 2 7 5 9 17 24
15.7657 3 13 7 7 2 6 5 8 17 25
16.1094 3 13 7 7 2 5 5 7 17 26
16.6184 3 13 6 6 2 6 5 7 17 26
17.2516 3 12 6 6 2 6 4 7 18 26
18.5443 2 11 6 6 3 6 4 7 18 26
19.2262 2 11 6 6 2 5 5 7 18 26
21.0419 2 11 5 5 2 6 5 7 18 26
21.0445 1 10 5 5 3 6 5 7 18 26
21.0751 1 9 5 5 3 6 4 7 19 26
21.476 1 9 5 5 3 5 4 6 19 27
22.8812 1 9 5 5 3 6 4 7 19 26
23.5536 1 8 5 5 3 6 3 7 20 26
24.8756 1 8 4 4 3 7 3 7 20 26
25.5519 1 8 4 4 3 6 3 6 20 27
26.1233 1 8 3 3 3 7 3 6 20 27
26.3899 1 8 2 2 3 8 3 6 20 27
26.5315 1 8 2 2 2 7 4 6 20 27
26.7435 1 7 2 2 2 7 3 6 21 27
27.5217 0 6 2 2 3 7 3 6 21 27
27.9247 0 6 2 2 3 6 3 5 21 28
29.7667 0 6 2 2 3 7 3 6 21 27
30.0608 0 5 2 2 3 7 2 6 22 27
32.9121 0 6 2 2 4 7 2 5 22 27
34.163 0 6 2 2 4 8 2 6 22 26
34.1725 0 7 2 2 5 8 2 5 22 26
34.6219 0 7 2 2 4 7 3 5 22 26
35.0195 0 7 2 2 4 8 3 6 22 25
35.5895 0 7 3 3 4 7 3 6 22 25
35.6558 0 7 3 3 4 8 3 7 22 24
36.5685 0 6 3 3 3 8 3 8 22 24
36.6472 0 6 3 3 3 9 3 9 22 23
37.1864 1 7 3 3 2 9 3 9 22 23
38.9127 1 6 3 3 2 9 2 9 23 23
39.0196 1 6 3 3 2 8 2 8 23 24
40.2781 1 6 3 3 2 7 2 7 23 25
40.3646 1 6 3 3 2 6 2 6 23 26
41.382 2 7 3 3 1 6 2 6 23 26
42.0944 2 7 3 3 1 5 2 5 23 27
43.3849 2 7 3 3 1 6 2 6 23 26
44.3766 2 6 3 3 1 6 1 6 24 26
45.3136 2 6 3 3 1 7 1 7 24 25
46.2172 2 6 3 3 1 8 1 8 24 24
46.5077 2 6 3 3 1 9 1 9 24 23
46.7763 2 6 3 3 1 8 1 8 24 24
47.2163 2 6 3 3 1 9 1 9 24 23
47.248 2 6 3 3 1 8 1 8 24 24
47.3799 2 6 3 3 1 7 1 7 24 25
48.9627 2 6 3 3 1 8 1 8 24 24
49.4578 1 5 3 3 2 8 1 8 24 24
50.269 1 6 3 3 3 8 1 7 24 24
50.8284 1 5 3 3 2 8 1 8 24 24
54.1013 1 5 3 3 2 9 1 9 24 23
54.2257 1 5 3 3 2 8 1 8 24 24
55.7456 1 5 3 3 1 7 2 8 24 24
57.5082 1 5 3 3 1 6 2 7 24 25
58.4793 1 5 3 3 1 5 2 6 24 26
59.6807 1 5 3 3 1 6 2 7 24 25
60.3794 0 4 3 3 2 6 2 7 24 25
61.0001 0 3 3 3 2 6 1 7 25 25
61.4683 0 3 3 3 1 5 2 7 25 25
64.0532 0 4 3 3 2 5 2 6 25 25
64.6704 0 4 3 3 2 6 2 7 25 24
64.7176 0 4 3 3 2 7 2 8 25 23
64.8487 0 4 3 3 2 6 2 7 25 24
65.1315 0 3 3 3 1 6 2 8 25 24
66.7107 0 3 3 3 1 5 2 7 25 25
67.5854 0 3 3 3 1 4 2 6 25 26
67.5882 0 3 3 3 1 3 2 5 25 27
68.1029 0 2 3 3 1 3 1 5 26 27
69.4402 0 2 3 3 1 4 1 6 26 26
70.0836 0 2 3 3 1 5 1 7 26 25
71.3667 0 2 3 3 1 6 1 8 26 24
72.1084 0 2 3 3 1 7 1 9 26 23
72.1512 0 2 2 2 1 8 1 9 26 23
72.161 1 3 2 2 0 8 1 9 26 23
74.3157 1 3 2 2 0 7 1 8 26 24
76.2593 1 4 2 2 1 7 1 7 26 24
79.6341 1 3 2 2 1 7 0 7 27 24
80.6497 1 3 2 2 1 8 0 8 27 23
81.1304 1 3 2 2 1 7 0 7 27 24
83.5557 1 3 2 2 1 8 0 8 27 23
84.5766 1 3 2 2 1 7 0 7 27 24
88.5805 1 3 2 2 1 6 0 6 27 25
88.7721 1 3 2 2 1 7 0 7 27 24
89.5665 1 3 2 2 1 6 0 6 27 25
90.318 1 3 2 2 0 5 1 6 27 25
95.8425 1 3 2 2 0 6 1 7 27 24
100.598 1 3 3 3 0 5 1 7 27 24
101.07 1 3 3 3 0 6 1 8 27 23
101.806 1 3 3 3 0 7 1 9 27 22
102.387 1 3 4 4 0 6 1 9 27 22
102.661 1 4 4 4 1 6 1 8 27 22
103.927 1 4 4 4 1 7 1 9 27 21
104.101 1 4 5 5 1 6 1 9 27 21
104.428 1 4 5 5 1 5 1 8 27 22
104.678 1 4 5 5 1 6 1 9 27 21
106.011 1 4 4 4 1 7 1 9 27 21
106.925 1 4 4 4 1 6 1 8 27 22
107.714 1 3 4 4 1 6 0 8 28 22
107.766 1 3 4 4 1 7 0 9 28 21
108.484 1 3 4 4 1 6 0 8 28 22
108.493 1 3 4 4 1 5 0 7 28 23
109.685 0 2 4 4 2 5 0 7 28 23
109.717 0 2 3 3 2 6 0 7 28 23
109.734 0 2 3 3 2 5 0 6 28 24
110.157 0 2 4 4 2 4 0 6 28 24
113.037 1 3 4 4 1 4 0 6 28 24
114.811 1 3 4 4 1 3 0 5 28 25
116.715 1 3 3 3 1 4 0 5 28 25
123.696 1 3 3 3 1 5 0 6 28 24
124.628 1 3 3 3 1 6 0 7 28 23
124.98 1 3 3 3 1 7 0 8 28 22
125.1 1 3 2 2 1 8 0 8 28 22
125.174 1 3 2 2 1 7 0 7 28 23
126.589 1 3 2 2 1 8 0 8 28 22
127.97 1 4 2 2 2 8 0 7 28 22
128.912 1 4 2 2 2 7 0 6 28 23
130.688 1 4 2 2 2 8 0 7 28 22
132.009 1 4 2 2 1 7 1 7 28 22
132.334 1 4 2 2 1 6 1 6 28 23
132.872 1 4 2 2 1 5 1 5 28 24
133.239 1 4 2 2 1 6 1 6 28 23
133.374 1 4 2 2 1 7 1 7 28 22
135.972 1 3 2 2 0 7 1 8 28 22
139.072 1 3 2 2 0 6 1 7 28 23
142.084 1 3 3 3 0 5 1 7 28 23
142.266 1 3 3 3 0 6 1 8 28 22
143.979 1 3 3 3 0 7 1 9 28 21
144.101 1 3 3 3 0 6 1 8 28 22
147.035 1 3 3 3 0 5 1 7 28 23
152.376 1 3 3 3 0 4 1 6 28 24
152.587 1 3 3 3 0 3 1 5 28 25
153.595 1 3 2 2 0 4 1 5 28 25
157.713 1 3 2 2 0 5 1 6 28 24
160.052 1 3 2 2 0 6 1 7 28 23
160.078 1 3 2 2 0 7 1 8 28 22
161.663 1 3 2 2 0 8 1 9 28 21
162.259 1 3 2 2 0 7 1 8 28 22
162.598 1 4 2 2 1 7 1 7 28 22
163.972 1 4 2 2 1 8 1 8 28 21
164.296 1 4 2 2 1 7 1 7 28 22
165.486 1 4 3 3 1 6 1 7 28 22
167.432 1 4 3 3 1 5 1 6 28 23
168.804 1 4 2 2 1 6 1 6 28 23
169.268 1 4 2 2 1 5 1 5 28 24
171.415 1 4 2 2 1 6 1 6 28 23
171.843 1 4 1 1 1 7 1 6 28 23
175.083 1 4 1 1 1 6 1 5 28 24
178.095 1 3 1 1 1 6 0 5 29 24
178.124 1 3 1 1 1 5 0 4 29 25
178.242 1 3 1 1 1 6 0 5 29 24
181.495 1 3 1 1 1 5 0 4 29 25
182.05 1 3 1 1 1 6 0 5 29 24
183.775 2 4 1 1 0 6 0 5 29 24
185.807 2 5 1 1 1 6 0 4 29 24
187.866 2 5 1 1 1 7 0 5 29 23
188.008 2 5 2 2 1 6 0 5 29 23
188.84 1 4 2 2 2 6 0 5 29 23
192.239 1 4 2 2 2 7 0 6 29 22
194.74 1 4 2 2 2 8 0 7 29 21
196.184 1 4 2 2 2 7 0 6 29 22
197.109 1 4 2 2 2 8 0 7 29 21
198.116 1 4 2 2 2 7 0 6 29 22
200.331 1 4 2 2 2 6 0 5 29 23
200.949 1 4 2 2 1 5 1 5 29 23
201.423 1 4 3 3 1 4 1 5 29 23
205.351 1 4 3 3 1 5 1 6 29 22
205.843 1 4 3 3 1 6 1 7 29 21
206.814 1 4 3 3 1 7 1 8 29 20
208.529 1 4 4 4 1 6 1 8 29 20
209.257 1 4 4 4 1 5 1 7 29 21
209.858 1 4 4 4 1 4 1 6 29 22
209.987 1 4 3 3 1 5 1 6 29 22
211.072 1 4 3 3 1 6 1 7 29 21
211.184 1 4 3 3 1 5 1 6 29 22
211.653 1 4 2 2 1 6 1 6 29 22
211.947 1 4 2 2 0 5 2 6 29 22
218.159 1 3 2 2 0 5 1 6 30 22
219.007 1 3 2 2 0 4 1 5 30 23
220.005 1 3 2 2 0 3 1 4 30 24
222.695 1 3 2 2 0 2 1 3 30 25
223.533 1 4 2 2 0 2 2 3 29 25
230.304 1 4 3 3 0 1 2 3 29 25
236.913 1 4 3 3 0 2 2 4 29 24
239.152 1 3 3 3 0 2 1 4 30 24
243.913 1 3 3 3 0 3 1 5 30 23
244.84 1 3 3 3 0 4 1 6 30 22
248.243 1 3 4 4 0 3 1 6 30 22
248.702 1 4 4 4 1 3 1 5 30 22
249.891 1 4 4 4 1 4 1 6 30 21
256.87 1 4 3 3 1 5 1 6 30 21
257.235 1 4 3 3 1 6 1 7 30 20
259.059 1 4 3 3 1 7 1 8 30 19
259.165 1 5 3 3 2 7 1 7 30 19
259.282 1 5 3 3 2 6 1 6 30 20
259.41 1 5 2 2 2 7 1 6 30 20
259.806 1 5 2 2 2 6 1 5 30 21
260.877 1 5 2 2 2 7 1 6 30 20
261.031 1 5 2 2 2 6 1 5 30 21
263.345 1 5 2 2 1 5 2 5 30 21
263.989 1 4 2 2 1 5 1 5 31 21
264.206 1 3 2 2 0 5 1 6 31 21
264.445 1 3 2 2 0 6 1 7 31 20
265.025 1 4 2 2 1 6 1 6 31 20
265.974 1 4 1 1 1 7 1 6 31 20
267.765 1 4 1 1 1 6 1 5 31 21
270.195 1 4 1 1 1 7 1 6 31 20
271.834 1 4 1 1 1 6 1 5 31 21
272.282 1 3 1 1 0 6 1 6 31 21
275.674 1 4 1 1 1 6 1 5 31 21
276.398 1 4 1 1 1 7 1 6 31 20
276.816 1 4 1 1 1 6 1 5 31 21
277.707 1 4 1 1 0 5 2 5 31 21
277.788 1 4 1 1 0 4 2 4 31 22
278.984 1 3 1 1 0 4 1 4 32 22
280.32 1 2 1 1 0 4 0 4 33 22
282.852 1 2 2 2 0 3 0 4 33 22
285.546 1 2 2 2 0 2 0 3 33 23
288.327 1 2 2 2 0 3 0 4 33 22
289.04 1 2 2 2 0 4 0 5 33 21
289.119 1 2 2 2 0 5 0 6 33 20
291.584 1 2 2 2 0 4 0 5 33 21
291.824 1 3 2 2 1 4 0 4 33 21
293.132 1 3 2 2 1 5 0 5 33 20
293.915 1 4 2 2 2 5 0 4 33 20
296.337 1 4 2 2 1 4 1 4 33 20
297.382 1 4 2 2 1 5 1 5 33 19
298.618 0 3 2 2 2 5 1 5 33 19
298.676 0 3 2 2 2 4 1 4 33 20
300.12 1 4 2 2 1 4 1 4 33 20
301.428 1 4 2 2 1 5 1 5 33 19
302.294 1 4 2 2 1 6 1 6 33 18
304.239 1 4 2 2 1 7 1 7 33 17
304.438 1 4 2 2 1 6 1 6 33 18
304.876 2 5 2 2 0 6 1 6 33 18
306.712 2 6 2 2 1 6 1 5 33 18
307.668 2 6 2 2 1 5 1 4 33 19
308.009 2 6 2 2 1 4 1 3 33 20
308.162 2 5 2 2 1 4 0 3 34 20
308.316 2 5 3 3 1 3 0 3 34 20
308.715 1 4 3 3 2 3 0 3 34 20
309.383 1 4 3 3 2 2 0 2 34 21
309.447 1 4 2 2 2 3 0 2 34 21
311.401 1 4 2 2 2 4 0 3 34 20
312.692 1 4 2 2 2 5 0 4 34 19
314.097 1 4 2 2 2 6 0 5 34 18
314.736 1 4 2 2 2 7 0 6 34 17
315.3 1 4 2 2 2 8 0 7 34 16
315.617 1 4 2 2 2 7 0 6 34 17
316.901 1 4 2 2 2 6 0 5 34 18
316.935 2 5 2 2 1 6 0 5 34 18
320.107 2 5 2 2 1 5 0 4 34 19
326.718 2 5 2 2 1 6 0 5 34 18
327.092 2 5 2 2 1 7 0 6 34 17
329.737 2 6 2 2 1 7 1 6 33 17
330.702 2 6 2 2 1 8 1 7 33 16
330.973 1 5 2 2 2 8 1 7 33 16
332.487 1 5 3 3 2 7 1 7 33 16
334.296 1 5 3 3 2 6 1 6 33 17
334.774 2 6 3 3 1 6 1 6 33 17
336.282 1 5 3 3 2 6 1 6 33 17
337.058 1 5 3 3 2 7 1 7 33 16
337.126 1 5 2 2 2 8 1 7 33 16
337.493 2 6 2 2 1 8 1 7 33 16
338.111 2 6 2 2 1 9 1 8 33 15
340.223 2 6 2 2 1 8 1 7 33 16
340.8 2 5 2 2 1 8 0 7 34 16
340.881 2 5 2 2 1 7 0 6 34 17
344.659 2 6 2 2 2 7 0 5 34 17
345.473 2 6 2 2 1 6 1 5 34 17
346.793 2 6 2 2 1 7 1 6 34 16
350.634 1 5 2 2 2 7 1 6 34 16
350.688 1 4 2 2 1 7 1 7 34 16
350.922 1 4 2 2 0 6 2 7 34 16
351.29 1 4 2 2 0 5 2 6 34 17
351.816 0 3 2 2 1 5 2 6 34 17
352.891 0 3 2 2 1 4 2 5 34 18
353.127 0 3 2 2 1 3 2 4 34 19
355.49 0 4 2 2 2 3 2 3 34 19
360.308 0 4 2 2 2 4 2 4 34 18
361.27 0 3 2 2 2 4 1 4 35 18
363.247 0 3 2 2 1 3 2 4 35 18
365.417 0 3 2 2 1 2 2 3 35 19
366.378 1 4 2 2 0 2 2 3 35 19
366.614 1 4 1 1 0 3 2 3 35 19
368.083 1 4 1 1 0 2 2 2 35 20
368.126 1 4 1 1 0 3 2 3 35 19
370.426 1 4 1 1 0 4 2 4 35 18
370.972 1 3 1 1 0 4 1 4 36 18
377.954 1 4 1 1 1 4 1 3 36 18
378.925 1 4 1 1 1 5 1 4 36 17
380.057 1 4 0 0 1 6 1 4 36 17
380.195 1 4 0 0 1 5 1 3 36 18
381.566 1 3 0 0 0 5 1 4 36 18
381.764 1 4 0 0 1 5 1 3 36 18
381.797 2 5 0 0 0 5 1 3 36 18
382.586 2 5 0 0 0 4 1 2 36 19
384.034 2 5 0 0 0 5 1 3 36 18
385.341 1 4 0 0 1 5 1 3 36 18
387.392 1 4 0 0 1 4 1 2 36 19
390.357 1 4 0 0 1 5 1 3 36 18
391.202 1 3 0 0 0 5 1 4 36 18
393.36 1 3 0 0 0 6 1 5 36 17
396.672 1 2 0 0 0 6 0 5 37 17
400.967 1 2 0 0 0 5 0 4 37 18
402.141 1 2 0 0 0 6 0 5 37 17
402.33 1 2 0 0 0 5 0 4 37 18
402.948 1 2 0 0 0 6 0 5 37 17
404.433 1 2 0 0 0 5 0 4 37 18
404.436 1 2 0 0 0 4 0 3 37 19
405.236 1 2 0 0 0 5 0 4 37 18
405.812 1 2 1 1 0 4 0 4 37 18
408.778 1 2 1 1 0 3 0 3 37 19
411.565 1 2 1 1 0 4 0 4 37 18
413.722 1 2 1 1 0 5 0 5 37 17
417.534 1 2 1 1 0 6 0 6 37 16
418.868 1 2 1 1 0 7 0 7 37 15
419.181 1 2 1 1 0 8 0 8 37 14
419.612 1 2 1 1 0 9 0 9 37 13
419.809 1 3 1 1 1 9 0 8 37 13
422.114 1 3 1 1 1 8 0 7 37 14
423.007 1 3 1 1 1 9 0 8 37 13
423.805 1 3 1 1 1 8 0 7 37 14
424.047 1 3 1 1 1 9 0 8 37 13
424.975 1 4 1 1 2 9 0 7 37 13
426.485 1 4 1 1 1 8 1 7 37 13
426.748 1 4 1 1 1 9 1 8 37 12
427.483 1 4 1 1 0 8 2 8 37 12
429.231 1 5 1 1 1 8 2 7 37 12
429.479 1 5 1 1 1 7 2 6 37 13
430.499 1 5 1 1 1 8 2 7 37 12
432.349 1 5 1 1 1 9 2 8 37 11
432.718 1 5 1 1 1 10 2 9 37 10
433.1 1 5 1 1 1 9 2 8 37 11
433.193 1 5 1 1 1 8 2 7 37 12
435.185 0 4 1 1 2 8 2 7 37 12
435.36 0 4 1 1 2 7 2 6 37 13
442.016 0 4 1 1 2 6 2 5 37 14
442.29 0 4 1 1 2 7 2 6 37 13
444.317 0 3 1 1 1 7 2 7 37 13
444.897 0 3 1 1 1 6 2 6 37 14
446.524 0 3 1 1 1 5 2 5 37 15
448.254 0 3 1 1 1 6 2 6 37 14
449.365 1 4 1 1 0 6 2 6 37 14
450.176 1 4 1 1 0 5 2 5 37 15
453.57 0 3 1 1 1 5 2 5 37 15
456.478 0 3 1 1 1 4 2 4 37 16
456.729 0 3 1 1 1 5 2 5 37 15
458.802 1 4 1 1 0 5 2 5 37 15
461.474 1 4 1 1 0 4 2 4 37 16
461.565 1 4 1 1 0 3 2 3 37 17
465.187 1 4 1 1 0 4 2 4 37 16
465.24 1 4 1 1 0 3 2 3 37 17
470.49 1 4 1 1 0 4 2 4 37 16
480.2 1 4 1 1 0 3 2 3 37 17
480.21 1 4 1 1 0 4 2 4 37 16
481.054 1 4 1 1 0 3 2 3 37 17
487.963 1 4 1 1 0 4 2 4 37 16
492.469 1 5 1 1 0 4 3 4 36 16
493.505 1 5 1 1 0 5 3 5 36 15
493.959 1 6 1 1 1 5 3 4 36 15
494.485 1 6 1 1 1 6 3 5 36 14
494.49 1 6 1 1 1 5 3 4 36 15
494.885 1 5 1 1 1 5 2 4 37 15
499.269 1 5 1 1 1 6 2 5 37 14
500.33 0 4 1 1 2 6 2 5 37 14
501.835 0 4 2 2 2 5 2 5 37 14
502.129 0 4 2 2 2 4 2 4 37 15
502.398 0 4 2 2 2 5 2 5 37 14
505.924 0 4 2 2 2 6 2 6 37 13
508.14 0 4 2 2 1 5 3 6 37 13
509.175 0 4 2 2 1 6 3 7 37 12
510.349 0 4 2 2 1 5 3 6 37 13
510.657 0 4 2 2 1 4 3 5 37 14
516.966 0 4 2 2 1 3 3 4 37 15
520.261 0 4 2 2 1 4 3 5 37 14
525.477 0 4 2 2 1 5 3 6 37 13
526.027 0 4 1 1 1 6 3 6 37 13
527.239 0 4 1 1 1 5 3 5 37 14
529.03 0 4 1 1 1 4 3 4 37 15
530.666 0 4 1 1 1 5 3 5 37 14
531.799 0 5 1 1 2 5 3 4 37 14
533.005 0 4 1 1 1 5 3 5 37 14
541.603 0 4 1 1 1 4 3 4 37 15
544.531 0 3 1 1 1 4 2 4 38 15
548.7 0 3 1 1 1 3 2 3 38 16
552.731 0 3 1 1 1 4 2 4 38 15
556.265 0 4 1 1 1 4 3 4 37 15
560.033 0 4 1 1 1 5 3 5 37 14
565.516 0 3 1 1 1 5 2 5 38 14
567.447 0 3 1 1 1 4 2 4 38 15
567.654 0 3 1 1 1 3 2 3 38 16
574.969 0 3 1 1 1 4 2 4 38 15
576.791 1 4 1 1 0 4 2 4 38 15
588.062 1 4 1 1 0 5 2 5 38 14
588.241 1 4 1 1 0 4 2 4 38 15
589.759 1 4 1 1 0 3 2 3 38 16
594.845 1 4 1 1 0 4 2 4 38 15
595.656 1 3 1 1 0 4 1 4 39 15
599.818 1 3 1 1 0 5 1 5 39 14
602.974 1 3 1 1 0 4 1 4 39 15
606.527 1 3 1 1 0 3 1 3 39 16
606.916 1 3 1 1 1 4 0 3 39 16
607.165 1 3 1 1 1 5 0 4 39 15
609.302 1 3 1 1 1 6 0 5 39 14
612.932 1 4 1 1 2 6 0 4 39 14
616.297 0 3 1 1 3 6 0 4 39 14
616.321 0 3 1 1 2 5 1 4 39 14
617.243 0 3 1 1 2 4 1 3 39 15
618.287 0 4 1 1 3 4 1 2 39 15
623.071 1 5 1 1 2 4 1 2 39 15
623.12 1 5 2 2 2 3 1 2 39 15
623.392 1 5 1 1 2 4 1 2 39 15
624.956 1 5 2 2 2 3 1 2 39 15
628.074 1 5 3 3 2 2 1 2 39 15
629.859 1 4 3 3 1 2 1 3 39 15
630.238 1 5 3 3 2 2 1 2 39 15
630.842 1 5 3 3 2 3 1 3 39 14
630.959 1 5 4 4 2 2 1 3 39 14
631.645 1 5 3 3 2 3 1 3 39 14
632.712 1 5 3 3 2 4 1 4 39 13
632.902 1 5 4 4 2 3 1 4 39 13
633.303 1 5 4 4 2 4 1 5 39 12
633.643 1 4 4 4 1 4 1 6 39 12
635.759 1 4 4 4 1 3 1 5 39 13
635.894 1 3 4 4 1 3 0 5 40 13
636.205 1 3 4 4 1 4 0 6 40 12
636.497 1 4 4 4 2 4 0 5 40 12
636.541 1 4 4 4 1 3 1 5 40 12
639.012 1 4 3 3 1 4 1 5 40 12
639.353 1 4 4 4 1 3 1 5 40 12
640.428 1 5 4 4 1 3 2 5 39 12
643.012 1 5 4 4 0 2 3 5 39 12
644.88 1 5 3 3 0 3 3 5 39 12
645.15 1 5 3 3 0 4 3 6 39 11
646.703 1 5 3 3 0 3 3 5 39 12
647.183 1 4 3 3 0 3 2 5 40 12
655.124 1 4 4 4 0 2 2 5 40 12
659.376 1 4 4 4 0 3 2 6 40 11
659.626 1 3 4 4 0 3 1 6 41 11
663.173 1 3 4 4 0 4 1 7 41 10
663.897 1 3 4 4 0 5 1 8 41 9
664.442 1 3 4 4 0 4 1 7 41 10
665.048 1 3 5 5 0 3 1 7 41 10
665.585 1 3 5 5 0 4 1 8 41 9
665.897 1 3 5 5 0 3 1 7 41 10
666.94 1 3 4 4 0 4 1 7 41 10
669.733 1 4 4 4 1 4 1 6 41 10
670.573 1 4 4 4 1 3 1 5 41 11
670.915 1 4 4 4 1 2 1 4 41 12
672.212 1 4 3 3 1 3 1 4 41 12
672.62 1 3 3 3 1 3 0 4 42 12
674.431 1 3 3 3 1 4 0 5 42 11
674.872 2 4 3 3 0 4 0 5 42 11
675.808 2 5 3 3 1 4 0 4 42 11
676.039 2 5 3 3 1 5 0 5 42 10
677.329 2 5 3 3 1 4 0 4 42 11
677.83 1 4 3 3 2 4 0 4 42 11
677.855 1 4 3 3 2 3 0 3 42 12
678.38 1 4 3 3 2 4 0 4 42 11
680.145 2 5 3 3 1 4 0 4 42 11
682.735 2 5 3 3 1 5 0 5 42 10
682.913 2 5 3 3 1 4 0 4 42 11
683.869 2 5 3 3 1 3 0 3 42 12
684.027 2 5 3 3 1 2 0 2 42 13
684.277 2 5 3 3 1 1 0 1 42 14
685.553 2 5 3 3 1 2 0 2 42 13
686.348 1 4 3 3 2 2 0 2 42 13
687.727 2 5 3 3 1 2 0 2 42 13
689.049 1 4 3 3 2 2 0 2 42 13
693.353 1 4 3 3 2 1 0 1 42 14
693.56 1 4 3 3 2 2 0 2 42 13
693.683 1 4 3 3 2 3 0 3 42 12
694.404 1 4 3 3 2 4 0 4 42 11
698.157 1 4 3 3 2 3 0 3 42 12
699.05 1 4 3 3 2 2 0 2 42 13
707.707 1 4 3 3 2 3 0 3 42 12
709.759 1 4 3 3 2 4 0 4 42 11
711.977 1 4 3 3 2 5 0 5 42 10
713.442 1 4 3 3 1 4 1 5 42 10
715.356 1 3 3 3 0 4 1 6 42 10
716.232 1 3 3 3 0 5 1 7 42 9
716.278 1 3 3 3 0 4 1 6 42 10
716.41 1 3 3 3 0 3 1 5 42 11
716.862 1 3 3 3 0 2 1 4 42 12
717.929 1 3 3 3 0 3 1 5 42 11
718.137 1 4 3 3 0 3 2 5 41 11
719.405 1 4 3 3 0 4 2 6 41 10
721.885 1 3 3 3 0 4 1 6 42 10
722.343 1 3 3 3 0 3 1 5 42 11
723.213 1 3 3 3 0 2 1 4 42 12
723.705 1 3 3 3 0 3 1 5 42 11
726.486 1 3 2 2 0 4 1 5 42 11
727.577 1 4 2 2 0 4 2 5 41 11
732.03 1 4 2 2 0 5 2 6 41 10
732.509 1 4 2 2 0 4 2 5 41 11
735.242 1 4 2 2 0 3 2 4 41 12
737.548 1 3 2 2 0 3 1 4 42 12
738.398 1 3 2 2 0 2 1 3 42 13
739.325 1 3 2 2 0 3 1 4 42 12
739.976 1 3 2 2 0 2 1 3 42 13
742.078 1 3 2 2 0 3 1 4 42 12
742.22 0 2 2 2 1 3 1 4 42 12
743.703 0 2 2 2 1 2 1 3 42 13
747.784 1 3 2 2 0 2 1 3 42 13
749.552 1 3 2 2 0 3 1 4 42 12
750.313 1 3 2 2 0 2 1 3 42 13
751.824 0 2 2 2 1 2 1 3 42 13
753.561 0 2 2 2 1 1 1 2 42 14
755.262 0 2 2 2 1 2 1 3 42 13
760.133 1 3 2 2 0 2 1 3 42 13
767.803 1 4 2 2 0 2 2 3 41 13
768.658 1 4 3 3 0 1 2 3 41 13
769.785 1 4 3 3 0 0 2 2 41 14
770.683 1 3 3 3 0 0 1 2 42 14
770.847 1 3 3 3 0 1 1 3 42 13
771.727 1 4 3 3 0 1 2 3 41 13
776.218 1 4 3 3 0 2 2 4 41 12
778.106 1 4 3 3 0 3 2 5 41 11
778.409 1 5 3 3 1 3 2 4 41 11
785.702 1 4 3 3 0 3 2 5 41 11
786.888 1 4 3 3 0 4 2 6 41 10
787.378 1 4 2 2 0 5 2 6 41 10
787.815 1 4 2 2 0 4 2 5 41 11
789.992 1 4 2 2 0 3 2 4 41 12
790.192 1 4 3 3 0 2 2 4 41 12
791.075 1 4 3 3 0 3 2 5 41 11
791.263 1 4 3 3 0 2 2 4 41 12
793.286 1 5 3 3 0 2 3 4 40 12
793.707 1 5 2 2 0 3 3 4 40 12
793.919 1 5 2 2 0 4 3 5 40 11
794.814 1 5 2 2 1 5 2 5 40 11
797.414 1 6 2 2 2 5 2 4 40 11
799.053 1 6 2 2 2 4 2 3 40 12
800.251 1 6 2 2 1 3 3 3 40 12
802.539 1 6 2 2 1 2 3 2 40 13
803.635 1 6 2 2 1 3 3 3 40 12
806.18 1 5 2 2 1 3 2 3 41 12
806.279 1 5 2 2 1 4 2 4 41 11
807.192 1 4 2 2 1 4 1 4 42 11
809.28 1 4 2 2 1 3 1 3 42 12
809.853 0 3 2 2 2 3 1 3 42 12
811.402 0 3 2 2 2 4 1 4 42 11
813.111 0 3 2 2 2 5 1 5 42 10
815.526 0 2 2 2 1 5 1 6 42 10
823.385 0 1 2 2 1 5 0 6 43 10
823.449 0 1 3 3 1 4 0 6 43 10
823.988 0 1 3 3 0 3 1 6 43 10
826.268 0 1 2 2 0 4 1 6 43 10
826.893 0 1 2 2 0 5 1 7 43 9
829.76 0 1 1 1 0 6 1 7 43 9
831.854 0 2 1 1 1 6 1 6 43 9
832.166 0 2 1 1 1 5 1 5 43 10
837.174 0 2 1 1 1 6 1 6 43 9
838.254 0 2 2 2 1 5 1 6 43 9
843.257 0 2 2 2 1 6 1 7 43 8
845.836 0 3 2 2 2 6 1 6 43 8
846.01 1 4 2 2 1 6 1 6 43 8
846.997 1 4 2 2 1 5 1 5 43 9
847.994 1 5 2 2 2 5 1 4 43 9
849.093 1 5 2 2 2 4 1 3 43 10
849.349 1 5 2 2 2 3 1 2 43 11
852.8 1 5 3 3 2 2 1 2 43 11
853.807 2 6 3 3 1 2 1 2 43 11
854.615 2 5 3 3 1 2 0 2 44 11
856.912 2 5 3 3 1 3 0 3 44 10
858.967 2 6 3 3 2 3 0 2 44 10
859.766 2 6 2 2 2 4 0 2 44 10
862.798 2 7 2 2 3 4 0 1 44 10
862.821 2 7 3 3 3 3 0 1 44 10
864.31 1 6 3 3 4 3 0 1 44 10
865.187 1 6 3 3 4 2 0 0 44 11
865.417 1 5 3 3 3 2 0 1 44 11
868.259 1 4 3 3 2 2 0 2 44 11
868.902 1 4 3 3 2 3 0 3 44 10
872.949 1 4 3 3 1 2 1 3 44 10
875.22 0 3 3 3 2 2 1 3 44 10
875.983 0 3 4 4 2 1 1 3 44 10
877.064 0 2 4 4 2 1 0 3 45 10
882.432 0 2 4 4 1 0 1 3 45 10
883.514 0 3 4 4 1 0 2 3 44 10
888.077 0 3 3 3 1 1 2 3 44 10
892.991 0 3 3 3 1 2 2 4 44 9
896.118 0 3 3 3 1 1 2 3 44 10
897.738 0 2 3 3 1 1 1 3 45 10
905.581 0 2 3 3 1 2 1 4 45 9
908.751 0 3 3 3 2 2 1 3 45 9
910.286 0 3 3 3 1 1 2 3 45 9
916.107 0 3 3 3 1 2 2 4 45 8
917.473 0 3 3 3 1 3 2 5 45 7
918.624 0 4 3 3 2 3 2 4 45 7
922.416 0 4 3 3 2 4 2 5 45 6
922.964 0 5 3 3 3 4 2 4 45 6
923.908 0 4 3 3 2 4 2 5 45 6
926.693 1 5 3 3 1 4 2 5 45 6
927.46 1 5 3 3 1 5 2 6 45 5
930.321 1 6 3 3 1 5 3 6 44 5
930.392 1 5 3 3 1 5 2 6 45 5
931.059 1 4 3 3 1 5 1 6 46 5
931.713 1 4 3 3 0 4 2 6 46 5
933.144 1 5 3 3 0 4 3 6 45 5
936.544 1 6 3 3 0 4 4 6 44 5
937.923 1 6 3 3 0 3 4 5 44 6
937.98 1 6 3 3 0 2 4 4 44 7
939.528 1 5 3 3 0 2 3 4 45 7
941.479 0 4 3 3 1 2 3 4 45 7
944.51 0 4 3 3 1 1 3 3 45 8
960.787 0 4 3 3 1 2 3 4 45 7
962.736 0 4 3 3 1 1 3 3 45 8
965.547 0 4 3 3 2 2 2 3 45 8
969.151 0 4 3 3 2 3 2 4 45 7
970.513 0 3 3 3 1 3 2 5 45 7
971.033 0 3 3 3 1 2 2 4 45 8
972.089 0 3 3 3 1 1 2 3 45 9
973.238 0 2 3 3 1 1 1 3 46 9
974.768 0 2 2 2 1 2 1 3 46 9
982.965 0 2 2 2 1 3 1 4 46 8
983.153 1 3 2 2 0 3 1 4 46 8
985.564 1 3 2 2 0 4 1 5 46 7
995.087 1 3 2 2 0 5 1 6 46 6
996.73 1 3 2 2 0 4 1 5 46 7
996.962 1 4 2 2 1 4 1 4 46 7
996.963 1 4 2 2 1 5 1 5 46 6
997.654 1 4 2 2 1 4 1 4 46 7
999.401 0 3 2 2 2 4 1 4 46 7
1006.44 0 3 3 3 2 3 1 4 46 7
1006.46 0 3 3 3 2 2 1 3 46 8
1006.5 0 3 3 3 2 3 1 4 46 7
1006.56 0 3 4 4 2 2 1 4 46 7
1010.03 1 4 4 4 1 2 1 4 46 7
1010.11 1 4 4 4 1 3 1 5 46 6
1010.57 0 3 4 4 2 3 1 5 46 6
1011.6 0 3 5 5 2 2 1 5 46 6
1012.79 0 3 4 4 2 3 1 5 46 6
1013.69 0 3 4 4 2 2 1 4 46 7
1013.95 0 3 3 3 2 3 1 4 46 7
1013.99 0 4 3 3 3 3 1 3 46 7
1014.49 0 4 3 3 3 4 1 4 46 6
1015.08 0 4 3 3 3 3 1 3 46 7
1016.84 0 4 3 3 2 2 2 3 46 7
1018.49 0 3 3 3 1 2 2 4 46 7
1019.08 0 3 3 3 1 1 2 3 46 8
1019.18 0 3 3 3 1 2 2 4 46 7
1022.81 0 3 3 3 1 3 2 5 46 6
1024.74 0 3 3 3 1 2 2 4 46 7
1026.15 0 3 3 3 1 1 2 3 46 8
1030.09 0 2 3 3 0 1 2 4 46 8
1032.96 0 2 3 3 0 2 2 5 46 7
1040.17 0 2 3 3 0 3 2 6 46 6
1040.57 0 3 3 3 1 3 2 5 46 6
1042.14 0 4 3 3 2 3 2 4 46 6
1042.68 0 4 3 3 2 2 2 3 46 7
1044.13 0 4 3 3 2 1 2 2 46 8
1046.1 0 3 3 3 2 1 1 2 47 8
1046.12 0 3 3 3 2 2 1 3 47 7
1048.58 0 3 3 3 2 1 1 2 47 8
1052.07 0 3 2 2 2 2 1 2 47 8
1052.24 0 2 2 2 1 2 1 3 47 8
1052.38 0 1 2 2 1 2 0 3 48 8
1058 1 2 2 2 0 2 0 3 48 8
1059.81 1 2 2 2 0 3 0 4 48 7
1060.72 1 2 2 2 0 4 0 5 48 6
1065.87 1 2 2 2 0 3 0 4 48 7
1066.92 1 2 2 2 0 2 0 3 48 8
1074.85 1 3 2 2 1 2 0 2 48 8
1075.1 1 4 2 2 2 2 0 1 48 8
1078.65 1 4 2 2 2 3 0 2 48 7
1084.69 1 4 2 2 2 4 0 3 48 6
1088 1 4 2 2 2 3 0 2 48 7
1095.37 1 4 2 2 1 2 1 2 48 7
1098.06 1 4 2 2 1 1 1 1 48 8
1099.29 1 4 2 2 1 2 1 2 48 7
1100.77 1 5 2 2 1 2 2 2 47 7
1100.79 2 6 2 2 0 2 2 2 47 7
1101.26 1 5 2 2 1 2 2 2 47 7
1101.38 1 4 2 2 0 2 2 3 47 7
1101.41 1 4 2 2 0 3 2 4 47 6
1104.2 1 4 1 1 0 4 2 4 47 6
1104.47 1 4 0 0 0 5 2 4 47 6
1106.83 0 3 0 0 1 5 2 4 47 6
1107.78 0 3 0 0 1 4 2 3 47 7
1108.89 0 3 0 0 1 5 2 4 47 6
1108.89 0 4 0 0 2 5 2 3 47 6
1109.36 0 3 0 0 2 5 1 3 48 6
1111.96 0 3 0 0 2 6 1 4 48 5
1113.45 0 3 1 1 2 5 1 4 48 5
1115.97 0 2 1 1 2 5 0 4 49 5
1117.7 0 2 1 1 2 6 0 5 49 4
1118.11 0 2 1 1 2 5 0 4 49 5
1119.68 1 3 1 1 1 5 0 4 49 5
1120.69 1 3 1 1 1 4 0 3 49 6
1127.56 1 4 1 1 1 4 1 3 48 6
1132.1 1 4 1 1 1 3 1 2 48 7
1132.81 0 3 1 1 2 3 1 2 48 7
1134.63 0 2 1 1 2 3 0 2 49 7
1141.8 0 1 1 1 1 3 0 3 49 7
1144.51 0 1 1 1 1 4 0 4 49 6
1149.92 1 2 1 1 0 4 0 4 49 6
1151.97 1 2 1 1 0 5 0 5 49 5
1152.92 1 2 1 1 0 6 0 6 49 4
1153.39 1 2 1 1 0 5 0 5 49 5
1154.77 1 2 1 1 0 4 0 4 49 6
1158.59 1 2 0 0 0 5 0 4 49 6
1170.35 1 2 0 0 0 4 0 3 49 7
1172.79 1 3 0 0 0 4 1 3 48 7
1173.75 1 3 0 0 0 3 1 2 48 8
1173.85 1 3 0 0 0 4 1 3 48 7
1174.47 1 3 0 0 0 3 1 2 48 8
1179.18 1 3 0 0 0 4 1 3 48 7
1184.06 1 3 0 0 0 5 1 4 48 6
1184.73 1 3 0 0 0 4 1 3 48 7
1196.36 1 3 0 0 0 3 1 2 48 8
1204.95 1 3 0 0 0 2 1 1 48 9
1206.43 1 3 0 0 0 3 1 2 48 8
1214.22 1 3 1 1 0 2 1 2 48 8
1217.14 1 3 1 1 0 3 1 3 48 7
1219.11 1 3 0 0 0 4 1 3 48 7
1229.64 1 3 0 0 0 5 1 4 48 6
1234.88 0 2 0 0 1 5 1 4 48 6
1234.89 0 2 1 1 1 4 1 4 48 6
1236.39 0 3 1 1 2 4 1 3 48 6
1236.84 1 4 1 1 1 4 1 3 48 6
1238.22 1 4 2 2 1 3 1 3 48 6
1239.19 1 4 2 2 1 4 1 4 48 5
1242.16 1 4 2 2 1 5 1 5 48 4
1242.79 1 4 1 1 1 6 1 5 48 4
1245.27 1 4 2 2 1 5 1 5 48 4
1247.57 1 4 2 2 1 4 1 4 48 5
1247.72 0 3 2 2 2 4 1 4 48 5
1256.82 0 3 2 2 1 3 2 4 48 5
1259 0 3 2 2 1 2 2 3 48 6
1273.47 0 3 1 1 1 3 2 3 48 6
1275.02 0 3 1 1 0 2 3 3 48 6
1275.41 0 3 1 1 0 3 3 4 48 5
1282.36 0 3 1 1 0 4 3 5 48 4
1284.75 0 3 1 1 1 5 2 5 48 4
1285.7 0 3 1 1 1 4 2 4 48 5
1289.36 0 2 1 1 0 4 2 5 48 5
1289.67 0 2 1 1 0 5 2 6 48 4
1294.71 0 2 1 1 0 4 2 5 48 5
1295.13 0 2 1 1 0 5 2 6 48 4
1298.5 0 2 1 1 0 4 2 5 48 5
1300.02 0 2 2 2 0 3 2 5 48 5
1302.14 0 2 3 3 0 2 2 5 48 5
1303.89 0 2 3 3 0 1 2 4 48 6
1305.81 0 2 2 2 0 2 2 4 48 6
1319.48 0 3 2 2 1 2 2 3 48 6
1330.43 0 4 2 2 1 2 3 3 47 6
1331.59 0 4 2 2 1 3 3 4 47 5
1333.95 0 5 2 2 2 3 3 3 47 5
1334.34 0 5 2 2 3 4 2 3 47 5
1335.75 0 4 2 2 2 4 2 4 47 5
1346.61 1 5 2 2 1 4 2 4 47 5
1347.36 1 5 2 2 1 5 2 5 47 4
1348.19 1 6 2 2 1 5 3 5 46 4
1352.25 1 6 2 2 1 4 3 4 46 5
1353.04 1 5 2 2 1 4 2 4 47 5
1354.06 1 4 2 2 1 4 1 4 48 5
1354.45 1 4 1 1 1 5 1 4 48 5
1355.1 1 4 1 1 1 4 1 3 48 6
1356.37 1 4 1 1 1 3 1 2 48 7
1358.96 1 5 1 1 1 3 2 2 47 7
1359.13 1 5 1 1 1 2 2 1 47 8
1362.99 1 5 2 2 1 1 2 1 47 8
1365.67 1 6 2 2 1 1 3 1 46 8
1368.13 1 5 2 2 1 1 2 1 47 8
1370.79 1 5 2 2 1 2 2 2 47 7
1371.79 1 4 2 2 1 2 1 2 48 7
1374.04 1 3 2 2 0 2 1 3 48 7
1378.46 1 3 1 1 0 3 1 3 48 7
1384.61 1 3 1 1 0 2 1 2 48 8
1386.79 1 3 1 1 0 3 1 3 48 7
1388.19 1 3 1 1 0 2 1 2 48 8
1401.98 1 4 1 1 1 2 1 1 48 8
1406.17 1 4 1 1 1 3 1 2 48 7
1406.39 1 4 1 1 1 4 1 3 48 6
1412.06 1 4 1 1 1 3 1 2 48 7
1413.89 0 3 1 1 2 3 1 2 48 7
1414.48 0 3 1 1 2 4 1 3 48 6
1415.59 0 2 1 1 1 4 1 4 48 6
1417.87 0 2 1 1 1 5 1 5 48 5
1419.78 0 3 1 1 2 5 1 4 48 5
1420.28 0 3 1 1 1 4 2 4 48 5
1424.06 0 3 1 1 1 3 2 3 48 6
1426.28 1 4 1 1 0 3 2 3 48 6
1429.32 1 5 1 1 0 3 3 3 47 6
1429.62 1 5 1 1 0 4 3 4 47 5
1431.35 1 5 1 1 0 3 3 3 47 6
1436.05 1 5 1 1 0 2 3 2 47 7
1443.45 1 5 1 1 0 1 3 1 47 8
1447.47 0 4 1 1 1 1 3 1 47 8
1450.68 0 3 1 1 0 1 3 2 47 8
1454.69 0 3 1 1 0 2 3 3 47 7
1457.54 0 2 1 1 0 2 2 3 48 7
1458.83 0 1 1 1 0 2 1 3 49 7
1463.12 0 1 1 1 0 1 1 2 49 8
1477.39 0 1 1 1 0 2 1 3 49 7
1477.42 0 1 1 1 0 3 1 4 49 6
1477.69 0 1 1 1 0 2 1 3 49 7
1486.94 0 2 1 1 0 2 2 3 48 7
1488.17 0 3 1 1 1 2 2 2 48 7
1497.69 0 4 1 1 2 2 2 1 48 7
1499.83 1 5 1 1 1 2 2 1 48 7
1504.59 1 6 1 1 1 2 3 1 47 7
1512.11 1 5 1 1 1 2 2 1 48 7
1518.36 1 4 1 1 1 2 1 1 49 7
1522.78 2 5 1 1 0 2 1 1 49 7
1523.95 2 5 1 1 0 3 1 2 49 6
1526.76 1 4 1 1 1 3 1 2 49 6
1527.26 1 4 1 1 0 2 2 2 49 6
1532.35 1 3 1 1 0 2 1 2 50 6
1537.55 1 3 1 1 0 1 1 1 50 7
1551.53 1 3 2 2 0 0 1 1 50 7
1559.77 0 2 2 2 1 0 1 1 50 7
1562.88 1 3 2 2 0 0 1 1 50 7
1567.4 1 2 2 2 0 0 0 1 51 7
1568.39 1 2 2 2 0 1 0 2 51 6
1568.85 1 2 3 3 0 0 0 2 51 6
1589.18 1 2 2 2 0 1 0 2 51 6
1589.21 0 1 2 2 1 1 0 2 51 6
1593.76 0 1 1 1 1 2 0 2 51 6
1598.28 0 1 1 1 1 3 0 3 51 5
1600.18 0 0 1 1 0 3 0 4 51 5
1604.34 0 0 1 1 0 2 0 3 51 6
1610.61 0 0 1 1 0 1 0 2 51 7
1620.72 0 0 1 1 0 2 0 3 51 6
1624.65 0 1 1 1 1 2 0 2 51 6
1625.17 0 2 1 1 2 2 0 1 51 6
1625.88 0 2 1 1 1 1 1 1 51 6
1629.2 0 2 2 2 1 0 1 1 51 6
1633.73 0 2 2 2 1 1 1 2 51 5
1635.61 0 1 2 2 0 1 1 3 51 5
1640.2 0 2 2 2 1 1 1 2 51 5
1642.45 1 3 2 2 0 1 1 2 51 5
1644.11 1 4 2 2 1 1 1 1 51 5
1646.75 1 4 1 1 1 2 1 1 51 5
1647.99 1 4 1 1 1 3 1 2 51 4
1648.67 1 3 1 1 0 3 1 3 51 4
1662.56 1 2 1 1 0 3 0 3 52 4
1666.97 1 2 1 1 0 2 0 2 52 5
1672.26 1 3 1 1 1 2 0 1 52 5
1672.8 1 3 1 1 1 3 0 2 52 4
1681.41 1 3 1 1 1 4 0 3 52 3
1684.33 1 3 1 1 1 5 0 4 52 2
1684.64 1 3 1 1 1 6 0 5 52 1
1686.88 1 3 1 1 1 5 0 4 52 2
1687.13 0 2 1 1 2 5 0 4 52 2
1688.35 0 2 1 1 2 4 0 3 52 3
1689.78 0 1 1 1 1 4 0 4 52 3
1690.51 0 1 1 1 1 3 0 3 52 4
1691.18 0 1 1 1 1 2 0 2 52 5
1695.2 0 2 1 1 2 2 0 1 52 5
1701.9 0 2 1 1 2 1 0 0 52 6
1702.26 1 3 1 1 1 1 0 0 52 6
1706.51 2 4 1 1 0 1 0 0 52 6
1709.54 2 4 1 1 0 2 0 1 52 5
1709.95 2 4 2 2 0 1 0 1 52 5
1711.39 1 3 2 2 1 1 0 1 52 5
1717.53 1 3 1 1 1 2 0 1 52 5
1737.42 1 3 1 1 0 1 1 1 52 5
1749.79 1 3 2 2 0 0 1 1 52 5
1753.83 0 2 2 2 1 0 1 1 52 5
1759.02 0 2 1 1 1 1 1 1 52 5
1764.41 0 2 0 0 1 2 1 1 52 5
1770.16 0 1 0 0 0 2 1 2 52 5
1776.33 0 1 0 0 0 1 1 1 52 6
1781.31 0 1 0 0 0 2 1 2 52 5
1782.91 0 1 0 0 0 3 1 3 52 4
1793.59 0 2 0 0 1 3 1 2 52 4
1813.61 0 2 1 1 1 2 1 2 52 4
1829.28 0 3 1 1 1 2 2 2 51 4
1832.43 0 3 1 1 1 3 2 3 51 3
1840.33 0 2 1 1 1 3 1 3 52 3
1858.01 0 2 1 1 1 2 1 2 52 4
1862.6 0 2 0 0 1 3 1 2 52 4
1865.12 0 2 1 1 1 2 1 2 52 4
1869.52 0 2 1 1 0 1 2 2 52 4
1873.12 0 2 1 1 0 2 2 3 52 3
1882.15 0 2 1 1 0 3 2 4 52 2
1882.83 0 2 1 1 0 2 2 3 52 3
1892.32 0 2 1 1 0 1 2 2 52 4
1894.46 0 2 1 1 0 2 2 3 52 3
1909.07 0 2 2 2 0 1 2 3 52 3
1913.73 0 1 2 2 0 1 1 3 53 3
1923.93 0 1 2 2 1 2 0 3 53 3
1925.17 0 1 2 2 1 1 0 2 53 4
1942.75 0 0 2 2 0 1 0 3 53 4
1952.66 0 0 1 1 0 2 0 3 53 4
1957.45 0 0 1 1 0 1 0 2 53 5
1962.18 0 0 1 1 0 2 0 3 53 4
1970.53 0 0 1 1 0 1 0 2 53 5
1978.13 0 0 1 1 0 2 0 3 53 4
1988.89 0 0 1 1 0 3 0 4 53 3
1992.39 0 0 1 1 0 2 0 3 53 4
1993 0 0 2 2 0 1 0 3 53 4
1993.88 0 0 1 1 0 2 0 3 53 4
1997.5 0 1 1 1 1 2 0 2 53 4
1999.1 0 2 1 1 2 2 0 1 53 4
2011.52 0 1 1 1 1 2 0 2 53 4
2012.83 0 1 1 1 1 1 0 1 53 5
2016.08 0 1 1 1 1 2 0 2 53 4
2019.66 0 2 1 1 2 2 0 1 53 4
2020.81 0 3 1 1 3 2 0 0 53 4
2021.64 0 2 1 1 2 2 0 1 53 4
2021.88 0 2 1 1 2 1 0 0 53 5
2036.37 0 1 1 1 1 1 0 1 53 5
2041.81 0 2 1 1 1 1 1 1 52 5
2042.71 0 2 1 1 1 2 1 2 52 4
2047.44 0 2 1 1 1 1 1 1 52 5
2047.66 1 3 1 1 0 1 1 1 52 5
2050.32 1 3 1 1 0 2 1 2 52 4
2055.84 1 2 1 1 0 2 0 2 53 4
2061.43 1 2 0 0 0 3 0 2 53 4
2062.69 1 3 0 0 0 3 1 2 52 4
2068.88 1 4 0 0 0 3 2 2 51 4
2069.9 1 4 0 0 0 4 2 3 51 3
2076.15 1 4 0 0 0 3 2 2 51 4
2078.38 1 4 0 0 0 4 2 3 51 3
2089.96 1 4 0 0 0 3 2 2 51 4
2096.77 1 4 0 0 0 4 2 3 51 3
2097.79 1 3 0 0 0 4 1 3 52 3
2104.45 1 3 0 0 0 3 1 2 52 4
2106.16 0 2 0 0 1 3 1 2 52 4
2107.16 0 2 0 0 0 2 2 2 52 4
2112.99 0 2 0 0 0 3 2 3 52 3
2117.7 0 1 0 0 0 3 1 3 53 3
2120.51 0 2 0 0 1 3 1 2 53 3
2127.77 0 2 0 0 0 2 2 2 53 3
2129.03 0 1 0 0 0 2 1 2 54 3
2134.22 0 1 0 0 0 1 1 1 54 4
2138.83 0 2 0 0 0 1 2 1 53 4
2188.93 0 2 0 0 0 2 2 2 53 3
2192.44 0 3 0 0 0 2 3 2 52 3
2194.21 0 3 0 0 1 3 2 2 52 3
2194.39 0 3 0 0 1 4 2 3 52 2
2196.12 0 3 1 1 1 3 2 3 52 2
2203.11 0 4 1 1 1 3 3 3 51 2
2203.52 0 5 1 1 2 3 3 2 51 2
2204.04 1 6 1 1 1 3 3 2 51 2
2204.23 1 5 1 1 1 3 2 2 52 2
2206.82 1 4 1 1 1 3 1 2 53 2
2212.96 0 3 1 1 2 3 1 2 53 2
2228.01 0 3 1 1 2 2 1 1 53 3
2243.49 0 3 1 1 2 3 1 2 53 2
2246.55 0 3 1 1 2 2 1 1 53 3
2246.84 0 3 1 1 1 1 2 1 53 3
2248.02 0 3 1 1 1 2 2 2 53 2
2249.03 0 2 1 1 0 2 2 3 53 2
2252.88 0 2 2 2 0 1 2 3 53 2
2252.99 0 2 2 2 0 0 2 2 53 3
2259.61 0 3 2 2 0 0 3 2 52 3
2270 0 3 2 2 1 1 2 2 52 3
2274.83 0 3 1 1 1 2 2 2 52 3
2279.05 0 2 1 1 1 2 1 2 53 3
2280.97 0 2 1 1 1 1 1 1 53 4
2287.9 0 1 1 1 1 1 0 1 54 4
2291.64 0 2 1 1 1 1 1 1 53 4
2303.99 0 3 1 1 2 1 1 0 53 4
2304.29 0 2 1 1 2 1 0 0 54 4
2309.17 1 3 1 1 1 1 0 0 54 4
2311.54 2 4 1 1 0 1 0 0 54 4
2317.77 2 4 2 2 0 0 0 0 54 4
2324.83 1 3 2 2 1 0 0 0 54 4
2325.63 1 3 2 2 1 1 0 1 54 3
2327.53 1 3 2 2 1 2 0 2 54 2
2333.36 0 2 2 2 2 2 0 2 54 2
2337.09 0 2 2 2 2 1 0 1 54 3
2339.51 0 3 2 2 3 1 0 0 54 3
2342.89 0 3 1 1 3 2 0 0 54 3
2343.24 0 3 1 1 2 1 1 0 54 3
2349.32 0 2 1 1 1 1 1 1 54 3
2358.12 0 2 1 1 1 2 1 2 54 2
2359.48 0 2 1 1 1 1 1 1 54 3
2363.62 0 3 1 1 2 1 1 0 54 3
2366.48 0 3 0 0 2 2 1 0 54 3
2378.42 0 2 0 0 1 2 1 1 54 3
2384.28 0 2 1 1 1 1 1 1 54 3
2385.94 0 3 1 1 2 1 1 0 54 3
2387.81 0 3 2 2 2 0 1 0 54 3
2391.01 0 2 2 2 1 0 1 1 54 3
2395.4 0 2 2 2 1 1 1 2 54 2
2399.2 0 2 2 2 1 2 1 3 54 1
2405.14 0 2 2 2 0 1 2 3 54 1
2407.21 0 3 2 2 1 1 2 2 54 1
2416.19 1 4 2 2 0 1 2 2 54 1
2416.7 1 3 2 2 0 1 1 2 55 1
2417.41 1 3 1 1 0 2 1 2 55 1
2423.21 1 4 1 1 0 2 2 2 54 1
2425.79 1 4 1 1 0 3 2 3 54 0
2429.52 1 3 1 1 0 3 1 3 55 0
2429.71 1 3 1 1 0 2 1 2 55 1
2434.73 1 3 1 1 0 1 1 1 55 2
2434.75 1 2 1 1 0 1 0 1 56 2
2463.51 1 3 1 1 1 1 0 0 56 2
2464.18 1 3 2 2 1 0 0 0 56 2
2479.93 1 2 2 2 0 0 0 1 56 2
2487.81 1 3 2 2 1 0 0 0 56 2
2494.64 1 4 2 2 1 0 1 0 55 2
2495.88 0 3 2 2 2 0 1 0 55 2
2499.92 0 3 2 2 2 1 1 1 55 1
2501.23 0 2 2 2 1 1 1 2 55 1
2506.15 0 2 2 2 2 2 0 2 55 1
2508.7 0 3 2 2 3 2 0 1 55 1
2512.84 0 3 2 2 2 1 1 1 55 1
2513.72 0 3 3 3 2 0 1 1 55 1
2518.58 0 4 3 3 2 0 2 1 54 1
2523.74 0 4 3 3 3 1 1 1 54 1
2529.76 0 4 3 3 2 0 2 1 54 1
2539.13 0 4 2 2 2 1 2 1 54 1
2539.29 0 4 1 1 2 2 2 1 54 1
2539.92 0 4 1 1 1 1 3 1 54 1
2543.67 0 3 1 1 1 1 2 1 55 1
2545.7 0 4 1 1 1 1 3 1 54 1
2559.45 0 3 1 1 0 1 3 2 54 1
2559.61 0 3 1 1 0 0 3 1 54 2
2564.75 0 4 1 1 1 0 3 0 54 2
2565.04 0 4 1 1 1 1 3 1 54 1
2569.2 0 3 1 1 0 1 3 2 54 1
2570.43 0 4 1 1 0 1 4 2 53 1
2572.09 0 4 2 2 0 0 4 2 53 1
2575.14 0 4 1 1 0 1 4 2 53 1
2578.74 0 5 1 1 0 1 5 2 52 1
2579.12 0 4 1 1 0 1 4 2 53 1
2593.92 0 4 1 1 0 2 4 3 53 0
2594.56 0 4 0 0 0 3 4 3 53 0
2594.59 0 4 1 1 0 2 4 3 53 0
2604.6 0 3 1 1 0 2 3 3 54 0
2627.32 0 4 1 1 0 2 4 3 53 0
2632.3 0 3 1 1 0 2 3 3 54 0
2638.08 0 2 1 1 0 2 2 3 55 0
2641.32 0 3 1 1 1 2 2 2 55 0
2664.42 0 3 1 1 1 1 2 1 55 1
2666.05 0 2 1 1 0 1 2 2 55 1
2687.62 0 3 1 1 0 1 3 2 54 1
2698.22 0 4 1 1 0 1 4 2 53 1
2704.59 0 4 1 1 1 2 3 2 53 1
2705.23 0 4 2 2 1 1 3 2 53 1
2707.99 0 4 3 3 1 0 3 2 53 1
2712.06 0 3 3 3 1 0 2 2 54 1
2713.57 0 3 2 2 1 1 2 2 54 1
2716.64 0 3 2 2 2 2 1 2 54 1
2717.03 1 4 2 2 1 2 1 2 54 1
2724.32 1 5 2 2 2 2 1 1 54 1
2727.02 1 4 2 2 1 2 1 2 54 1
2727.08 1 4 3 3 1 1 1 2 54 1
2728.33 1 3 3 3 0 1 1 3 54 1
2730.91 1 4 3 3 0 1 2 3 53 1
2738.35 1 4 2 2 0 2 2 3 53 1
2745.7 1 4 1 1 0 3 2 3 53 1
2745.86 1 3 1 1 0 3 1 3 54 1
2765.91 1 2 1 1 0 3 0 3 55 1
2781.53 1 3 1 1 1 3 0 2 55 1
2781.82 2 4 1 1 0 3 0 2 55 1
2784.48 1 3 1 1 1 3 0 2 55 1
2795.35 1 3 1 1 1 2 0 1 55 2
2799.63 1 3 2 2 1 1 0 1 55 2
2815.6 1 2 2 2 0 1 0 2 55 2
2825.29 1 2 1 1 0 2 0 2 55 2
2833.96 1 3 1 1 1 2 0 1 55 2
2836.11 1 2 1 1 0 2 0 2 55 2
2841.51 1 2 2 2 0 1 0 2 55 2
2842.27 0 1 2 2 1 1 0 2 55 2
2854.18 0 1 1 1 1 2 0 2 55 2
2859.37 0 1 1 1 1 1 0 1 55 3
2869.41 0 1 2 2 1 0 0 1 55 3
2872.41 1 2 2 2 0 0 0 1 55 3
2876.63 1 2 2 2 0 1 0 2 55 2
2889.96 1 3 2 2 0 1 1 2 54 2
2896.81 1 4 2 2 1 1 1 1 54 2
2897.53 1 3 2 2 1 1 0 1 55 2
2909.72 1 2 2 2 0 1 0 2 55 2
2928.37 1 2 1 1 0 2 0 2 55 2
2930.51 1 2 1 1 0 1 0 1 55 3
2938.22 0 1 1 1 1 1 0 1 55 3
2957.71 0 0 1 1 0 1 0 2 55 3
2966.67 0 1 1 1 1 1 0 1 55 3
2971.14 1 2 1 1 0 1 0 1 55 3
2974.95 1 2 1 1 0 2 0 2 55 2
2982.95 1 2 0 0 0 3 0 2 55 2
2999.18 1 3 0 0 0 3 1 2 54 2
2999.18 1 3 0 0 0 3 1 2 54 2
