0 60 120 60 60 0 0 0 0 0 0
0.0123564 60 120 59 59 0 1 0 0 0 0
0.0149961 59 119 59 59 1 1 0 0 0 0
0.0219544 58 118 59 59 2 1 0 0 0 0
0.0567305 57 117 59 59 3 1 0 0 0 0
0.0793331 57 117 58 58 3 2 0 0 0 0
0.0892153 57 117 57 57 3 3 0 0 0 0
0.104747 56 116 57 57 4 3 0 0 0 0
0.106263 55 115 57 57 5 3 0 0 0 0
0.109192 54 114 57 57 6 3 0 0 0 0
0.112128 53 113 57 57 7 3 0 0 0 0
0.119367 53 113 56 56 7 4 0 0 0 0
0.12244 52 112 56 56 8 4 0 0 0 0
0.136298 51 111 56 56 9 4 0 0 0 0
0.144902 50 110 56 56 10 4 0 0 0 0
0.169033 50 110 55 55 10 5 0 0 0 0
0.184656 49 109 55 55 11 5 0 0 0 0
0.188147 48 108 55 55 12 5 0 0 0 0
0.19053 47 107 55 55 13 5 0 0 0 0
0.210659 47 106 55 55 12 5 0 1 0 0
0.219058 46 105 55 55 13 5 0 1 0 0
0.222134 45 104 55 55 14 5 0 1 0 0
0.241459 44 103 55 55 15 5 0 1 0 0
0.272282 43 102 55 55 16 5 0 1 0 0
0.282793 43 101 55 55 15 5 0 2 0 0
0.288257 42 100 55 55 16 5 0 2 0 0
0.31375 41 99 55 55 17 5 0 2 0 0
0.314024 42 100 55 55 16 5 0 2 0 0
0.322144 41 99 55 55 17 5 0 2 0 0
0.349016 40 98 55 55 18 5 0 2 0 0
0.355256 39 97 55 55 19 5 0 2 0 0
0.356321 38 96 55 55 20 5 0 2 0 0
0.35769 38 96 54 54 20 6 0 2 0 0
0.387829 38 96 53 53 20 7 0 2 0 0
0.428216 37 95 53 53 21 7 0 2 0 0
0.43453 37 95 52 52 21 8 0 2 0 0
0.437537 37 95 51 51 21 9 0 2 0 0
0.443756 36 94 51 51 22 9 0 2 0 0
0.451853 36 93 51 51 21 9 0 3 0 0
0.473784 35 92 51 51 22 9 0 3 0 0
0.478619 35 91 51 51 21 9 0 4 0 0
0.493546 35 90 51 51 20 9 0 5 0 0
0.516735 34 89 51 51 21 9 0 5 0 0
0.517685 34 88 51 51 20 9 0 6 0 0
0.522619 33 87 51 51 21 9 0 6 0 0
0.616848 33 87 50 50 21 10 0 6 0 0
0.630158 33 86 50 50 20 10 0 7 0 0
0.645465 33 86 49 49 20 11 0 7 0 0
0.653444 33 86 48 48 20 12 0 7 0 0
0.687184 33 86 48 48 19 11 1 7 0 0
0.771838 33 85 48 48 18 11 1 8 0 0
0.790119 33 84 48 48 17 11 1 9 0 0
0.811058 32 83 48 48 18 11 1 9 0 0
0.811889 32 83 48 48 18 10 1 8 0 1
0.813749 31 82 48 48 19 10 1 8 0 1
0.861392 31 82 47 47 19 11 1 8 0 1
0.892556 31 82 46 46 19 12 1 8 0 1
0.902526 31 82 45 45 19 13 1 8 0 1
0.903762 31 82 44 44 19 14 1 8 0 1
0.925086 31 82 44 44 18 13 2 8 0 1
0.932714 30 81 44 44 19 13 2 8 0 1
0.974228 29 80 44 44 20 13 2 8 0 1
0.999273 29 80 43 43 20 14 2 8 0 1
1.01038 29 80 43 43 20 13 2 7 0 2
1.04594 29 79 43 43 19 13 2 8 0 2
1.05316 28 78 43 43 20 13 2 8 0 2
1.06328 27 77 43 43 21 13 2 8 0 2
1.12639 27 77 43 43 21 14 2 9 0 1
1.16123 26 76 43 43 22 14 2 9 0 1
1.16178 25 75 43 43 23 14 2 9 0 1
1.19256 24 74 43 43 24 14 2 9 0 1
1.19769 24 74 42 42 24 15 2 9 0 1
1.20949 24 74 41 41 24 16 2 9 0 1
1.20965 24 74 40 40 24 17 2 9 0 1
1.41132 24 74 39 39 24 18 2 9 0 1
1.44402 24 73 39 39 23 18 2 10 0 1
1.45136 24 73 38 38 23 19 2 10 0 1
1.45403 23 72 38 38 24 19 2 10 0 1
1.57757 23 72 37 37 24 20 2 10 0 1
1.65631 22 71 37 37 25 20 2 10 0 1
1.68805 22 70 37 37 24 20 2 11 0 1
1.71016 22 69 37 37 23 20 2 12 0 1
1.71293 22 69 36 36 23 21 2 12 0 1
1.71484 21 68 36 36 24 21 2 12 0 1
1.73254 21 67 36 36 23 21 2 13 0 1
1.77034 21 66 36 36 22 21 2 14 0 1
1.77078 20 65 36 36 23 21 2 14 0 1
1.80698 20 65 36 36 22 20 3 14 0 1
1.82768 19 64 36 36 23 20 3 14 0 1
1.88337 19 64 35 35 23 21 3 14 0 1
1.89645 19 64 34 34 23 22 3 14 0 1
1.94522 19 64 33 33 23 23 3 14 0 1
1.95129 18 63 33 33 24 23 3 14 0 1
1.97529 18 62 33 33 23 23 3 15 0 1
1.99113 18 62 33 33 22 22 4 15 0 1
2.09688 18 61 33 33 21 22 4 16 0 1
2.13863 18 61 32 32 21 23 4 16 0 1
2.14521 17 60 32 32 22 23 4 16 0 1
2.1468 17 59 32 32 21 23 4 17 0 1
2.18751 17 59 31 31 21 24 4 17 0 1
2.20146 17 59 31 31 20 23 5 17 0 1
2.24623 17 58 31 31 20 23 4 17 1 1
2.26394 17 58 31 31 19 22 5 17 1 1
2.31435 16 57 31 31 20 22 5 17 1 1
2.32194 16 57 30 30 20 23 5 17 1 1
2.34211 16 57 29 29 20 24 5 17 1 1
2.35105 16 56 29 29 19 24 5 18 1 1
2.35828 16 55 29 29 19 24 4 18 2 1
2.36515 16 55 28 28 19 25 4 18 2 1
2.398 16 55 27 27 19 26 4 18 2 1
2.40881 16 55 27 27 18 25 5 18 2 1
2.45391 15 54 27 27 19 25 5 18 2 1
2.45814 14 53 27 27 20 25 5 18 2 1
2.52574 14 52 27 27 19 25 5 19 2 1
2.53216 14 52 27 27 18 24 6 19 2 1
2.57727 14 52 27 27 17 23 7 19 2 1
2.57821 14 51 27 27 17 23 6 19 3 1
2.66148 14 50 27 27 17 23 5 19 4 1
2.75886 14 50 26 26 17 24 5 19 4 1
2.77766 14 50 26 26 17 23 5 18 4 2
2.79159 13 49 26 26 18 23 5 18 4 2
2.83876 13 49 26 26 17 22 6 18 4 2
2.84181 12 48 26 26 18 22 6 18 4 2
2.95487 12 47 26 26 17 22 6 19 4 2
2.99563 12 47 26 26 16 21 7 19 4 2
3.07453 11 46 26 26 17 21 7 19 4 2
3.07873 11 46 26 26 16 20 8 19 4 2
3.16787 11 45 26 26 15 20 8 20 4 2
3.19421 11 45 25 25 15 21 8 20 4 2
3.21493 11 45 25 25 14 20 9 20 4 2
3.22872 11 45 25 25 14 19 9 19 4 3
3.23327 11 44 25 25 13 19 9 20 4 3
3.26602 10 43 25 25 14 19 9 20 4 3
3.32856 10 42 25 25 14 19 8 20 5 3
3.37792 10 42 25 25 14 18 8 19 5 4
3.41363 9 41 25 25 15 18 8 19 5 4
3.52792 9 41 25 25 15 17 8 18 5 5
3.55602 8 40 25 25 16 17 8 18 5 5
3.55677 8 39 25 25 15 17 8 19 5 5
3.56877 8 39 24 24 15 18 8 19 5 5
3.6766 8 39 24 24 16 19 7 19 5 5
3.71226 7 38 24 24 17 19 7 19 5 5
3.75686 7 37 24 24 16 19 7 20 5 5
3.76507 6 36 24 24 17 19 7 20 5 5
3.76605 6 35 24 24 17 19 6 20 6 5
3.81438 6 34 24 24 16 19 6 21 6 5
3.86015 6 34 24 24 15 18 7 21 6 5
3.90819 6 34 24 24 15 19 7 22 6 4
3.96481 6 33 24 24 14 19 7 23 6 4
3.99519 6 33 24 24 14 18 7 22 6 5
4.01933 6 33 23 23 14 19 7 22 6 5
4.02651 6 33 23 23 14 18 7 21 6 6
4.02848 6 32 23 23 14 18 6 21 7 6
4.03894 7 33 23 23 13 18 6 21 7 6
4.1597 7 32 23 23 12 18 6 22 7 6
4.23389 7 32 22 22 12 19 6 22 7 6
4.26383 7 32 22 22 12 18 6 21 7 7
4.3327 6 31 22 22 13 18 6 21 7 7
4.37616 6 31 21 21 13 19 6 21 7 7
4.52314 6 30 21 21 13 19 5 21 8 7
4.54312 6 29 21 21 12 19 5 22 8 7
4.64433 6 29 20 20 12 20 5 22 8 7
4.64959 6 29 20 20 12 19 5 21 8 8
4.76413 6 29 19 19 12 20 5 21 8 8
4.82116 6 29 19 19 12 19 5 20 8 9
4.9984 6 29 18 18 12 20 5 20 8 9
5.0002 5 28 18 18 13 20 5 20 8 9
5.00188 6 29 18 18 12 20 5 20 8 9
5.0582 6 29 18 18 12 19 5 19 8 10
5.06653 6 28 18 18 11 19 5 20 8 10
5.12614 6 28 17 17 11 20 5 20 8 10
5.12692 6 28 16 16 11 21 5 20 8 10
5.3102 6 28 16 16 10 20 6 20 8 10
5.43145 6 28 16 16 10 19 6 19 8 11
5.47533 6 28 16 16 9 18 7 19 8 11
5.62949 6 28 16 16 8 17 8 19 8 11
5.63269 6 27 16 16 8 17 7 19 9 11
5.68046 6 27 16 16 8 16 7 18 9 12
5.85261 6 27 16 16 8 15 7 17 9 13
6.01281 6 26 16 16 7 15 7 18 9 13
6.05117 6 26 16 16 6 14 8 18 9 13
6.06905 6 25 16 16 5 14 8 19 9 13
6.19411 6 25 16 16 5 13 8 18 9 14
6.24993 6 25 16 16 5 12 8 17 9 15
6.30076 6 24 16 16 5 12 7 17 10 15
6.38623 6 24 15 15 5 13 7 17 10 15
6.4172 6 23 15 15 5 13 6 17 11 15
6.5721 7 24 15 15 4 13 6 17 11 15
6.58766 7 23 15 15 4 13 5 17 12 15
6.66543 7 22 15 15 4 13 4 17 13 15
6.66748 7 22 15 15 4 12 4 16 13 16
6.68272 7 23 15 15 5 12 4 15 13 16
6.89133 7 22 15 15 5 12 3 15 14 16
6.91602 7 22 15 15 4 11 4 15 14 16
7.06851 6 21 15 15 5 11 4 15 14 16
7.39971 5 20 15 15 6 11 4 15 14 16
7.53955 5 20 15 15 6 12 4 16 14 15
7.57514 5 20 15 15 6 11 4 15 14 16
7.6058 5 20 15 15 5 10 5 15 14 16
7.68118 5 19 15 15 5 10 4 15 15 16
7.68339 5 19 14 14 5 11 4 15 15 16
7.75238 5 19 14 14 5 10 4 14 15 17
7.82069 4 18 14 14 6 10 4 14 15 17
7.88874 4 17 14 14 5 10 4 15 15 17
7.9857 4 17 13 13 5 11 4 15 15 17
8.42355 4 16 13 13 4 11 4 16 15 17
8.95317 3 15 13 13 5 11 4 16 15 17
9.07609 3 15 13 13 4 10 5 16 15 17
9.20472 3 14 13 13 4 10 4 16 16 17
9.25933 3 14 13 13 4 11 4 17 16 16
9.40982 3 15 13 13 5 11 4 16 16 16
9.97642 3 16 13 13 6 11 4 15 16 16
9.99297 3 16 13 13 6 10 4 14 16 17
10.0609 3 16 13 13 6 9 4 13 16 18
10.3221 3 16 13 13 5 8 5 13 16 18
10.6357 3 16 12 12 5 9 5 13 16 18
10.7751 3 16 12 12 5 10 5 14 16 17
11.3338 3 16 11 11 5 11 5 14 16 17
11.3402 3 16 11 11 5 10 5 13 16 18
11.3785 3 15 11 11 4 10 5 14 16 18
12.0127 3 15 11 11 4 11 5 15 16 17
12.4023 3 15 10 10 4 12 5 15 16 17
12.4044 3 15 10 10 4 11 5 14 16 18
12.5797 3 14 10 10 3 11 5 15 16 18
13.0474 3 14 10 10 2 10 6 15 16 18
13.2344 3 14 10 10 2 9 6 14 16 19
13.686 3 14 10 10 2 8 6 13 16 20
13.8389 3 14 9 9 2 9 6 13 16 20
14.0885 3 13 9 9 2 9 5 13 17 20
14.1266 3 13 9 9 2 8 5 12 17 21
14.2441 3 13 8 8 2 9 5 12 17 21
15.2274 3 13 8 8 1 8 6 12 17 21
16.0726 3 13 7 7 1 9 6 12 17 21
16.3124 2 12 7 7 2 9 6 12 17 21
16.3386 2 11 7 7 2 9 5 12 18 21
16.501 1 10 7 7 3 9 5 12 18 21
16.9239 1 11 7 7 4 9 5 11 18 21
17.5897 1 10 7 7 4 9 4 11 19 21
17.7874 1 10 7 7 4 8 4 10 19 22
17.8391 2 11 7 7 3 8 4 10 19 22
17.8587 2 10 7 7 3 8 3 10 20 22
18.2241 2 10 6 6 3 9 3 10 20 22
18.2365 1 9 6 6 4 9 3 10 20 22
18.7732 1 8 6 6 3 9 3 11 20 22
19.2118 1 8 6 6 2 8 4 11 20 22
20.0904 1 8 5 5 2 9 4 11 20 22
20.6264 1 7 5 5 2 9 3 11 21 22
21.1449 1 7 5 5 2 8 3 10 21 23
21.7025 1 7 5 5 2 9 3 11 21 22
22.0458 1 7 5 5 2 8 3 10 21 23
22.7838 1 7 5 5 1 7 4 10 21 23
23.4962 1 7 5 5 1 6 4 9 21 24
25.5975 1 7 5 5 1 5 4 8 21 25
25.6239 1 7 6 6 1 4 4 8 21 25
26.9724 1 7 6 6 1 5 4 9 21 24
27.5559 1 7 5 5 1 6 4 9 21 24
28.5384 1 7 5 5 1 7 4 10 21 23
29.3252 1 6 5 5 1 7 3 10 22 23
29.3642 1 6 5 5 1 6 3 9 22 24
29.6971 1 6 5 5 1 5 3 8 22 25
29.8852 1 6 5 5 1 6 3 9 22 24
30.4822 1 6 4 4 1 7 3 9 22 24
32.4886 1 6 4 4 1 8 3 10 22 23
32.8352 1 6 4 4 1 7 3 9 22 24
33.0575 1 6 4 4 0 6 4 9 22 24
33.2668 0 5 4 4 1 6 4 9 22 24
34.1944 0 5 4 4 0 5 5 9 22 24
34.5733 0 5 4 4 0 4 5 8 22 25
35.0654 0 6 4 4 1 4 5 7 22 25
38.2835 0 6 4 4 1 5 5 8 22 24
38.9089 0 6 4 4 1 4 5 7 22 25
38.998 0 6 4 4 1 5 5 8 22 24
39.8743 0 5 4 4 1 5 4 8 23 24
39.9244 0 5 4 4 1 4 4 7 23 25
40.1427 0 5 4 4 2 5 3 7 23 25
40.5444 0 5 5 5 2 4 3 7 23 25
41.3453 0 5 4 4 2 5 3 7 23 25
41.6102 0 5 4 4 2 4 3 6 23 26
41.6852 0 5 4 4 2 3 3 5 23 27
41.7563 0 5 4 4 2 4 3 6 23 26
42.5041 0 5 4 4 2 5 3 7 23 25
42.8305 0 5 4 4 2 6 3 8 23 24
42.9935 0 5 4 4 2 5 3 7 23 25
44.6473 0 5 4 4 2 4 3 6 23 26
44.6697 0 4 4 4 2 4 2 6 24 26
46.3223 0 4 4 4 2 3 2 5 24 27
46.8098 0 4 3 3 2 4 2 5 24 27
48.7962 0 4 2 2 2 5 2 5 24 27
50.074 0 3 2 2 2 5 1 5 25 27
51.4729 0 2 2 2 2 5 0 5 26 27
51.8951 0 2 2 2 2 6 0 6 26 26
52.253 0 1 2 2 1 6 0 7 26 26
55.8166 0 1 3 3 1 5 0 7 26 26
56.4043 0 1 3 3 1 6 0 8 26 25
56.6201 0 1 4 4 1 5 0 8 26 25
57.1004 0 1 4 4 1 4 0 7 26 26
58.7402 0 1 4 4 1 3 0 6 26 27
62.2571 0 1 3 3 1 4 0 6 26 27
62.7517 0 1 3 3 1 3 0 5 26 28
63.7664 0 1 3 3 1 4 0 6 26 27
64.9125 0 1 3 3 1 5 0 7 26 26
67.4077 0 1 3 3 0 4 1 7 26 26
67.6532 0 1 3 3 0 3 1 6 26 27
71.2557 0 1 3 3 0 2 1 5 26 28
72.6911 0 1 3 3 0 3 1 6 26 27
74.6154 0 1 3 3 0 2 1 5 26 28
76.3542 0 1 2 2 0 3 1 5 26 28
78.5338 0 1 2 2 0 4 1 6 26 27
79.627 0 1 2 2 0 5 1 7 26 26
80.9268 0 1 2 2 0 4 1 6 26 27
82.2015 0 1 1 1 0 5 1 6 26 27
82.9811 0 1 1 1 0 6 1 7 26 26
84.3006 0 1 1 1 0 7 1 8 26 25
84.6068 0 1 1 1 0 6 1 7 26 26
84.7613 0 1 1 1 0 5 1 6 26 27
85.2556 0 1 1 1 0 4 1 5 26 28
85.2898 0 1 1 1 0 5 1 6 26 27
86.632 0 1 1 1 0 6 1 7 26 26
89.1975 0 2 1 1 0 6 2 7 25 26
89.2347 0 3 1 1 1 6 2 6 25 26
89.3744 0 3 1 1 1 5 2 5 25 27
89.8455 0 3 1 1 1 4 2 4 25 28
91.7996 0 3 1 1 1 5 2 5 25 27
92.3732 0 3 1 1 1 6 2 6 25 26
92.5706 0 3 1 1 0 5 3 6 25 26
97.1359 0 3 1 1 0 4 3 5 25 27
102.406 0 3 1 1 0 5 3 6 25 26
102.476 0 3 1 1 0 4 3 5 25 27
104.465 0 3 1 1 0 5 3 6 25 26
105.626 0 3 1 1 0 4 3 5 25 27
105.674 0 3 1 1 0 3 3 4 25 28
106.972 0 3 1 1 0 4 3 5 25 27
107.051 0 3 1 1 0 5 3 6 25 26
107.413 0 2 1 1 0 5 2 6 26 26
108.998 0 2 1 1 0 6 2 7 26 25
109.563 0 2 1 1 0 5 2 6 26 26
109.588 0 2 1 1 0 4 2 5 26 27
110.838 0 2 1 1 0 3 2 4 26 28
112.97 0 2 1 1 0 2 2 3 26 29
113.008 0 2 1 1 0 1 2 2 26 30
117.506 0 2 0 0 0 2 2 2 26 30
119.29 0 2 1 1 0 1 2 2 26 30
120.262 0 2 1 1 0 2 2 3 26 29
121.528 0 2 1 1 0 3 2 4 26 28
126.473 0 2 1 1 0 4 2 5 26 27
132.361 0 1 1 1 0 4 1 5 27 27
137.264 0 1 1 1 0 5 1 6 27 26
137.303 0 1 1 1 0 6 1 7 27 25
138.783 0 1 1 1 0 7 1 8 27 24
141.677 0 2 1 1 1 7 1 7 27 24
142.515 0 2 1 1 1 8 1 8 27 23
142.682 0 2 1 1 1 7 1 7 27 24
146.307 0 2 1 1 1 6 1 6 27 25
146.77 0 2 1 1 1 5 1 5 27 26
148.104 0 2 1 1 1 6 1 6 27 25
149.043 0 2 2 2 1 5 1 6 27 25
149.544 0 2 2 2 1 6 1 7 27 24
150.069 0 2 2 2 1 5 1 6 27 25
151.996 0 2 2 2 1 4 1 5 27 26
154.5 0 2 2 2 1 3 1 4 27 27
158.698 0 2 2 2 1 2 1 3 27 28
160.782 0 2 2 2 1 1 1 2 27 29
161.534 0 2 2 2 1 2 1 3 27 28
165.277 0 2 2 2 1 3 1 4 27 27
171.775 0 2 2 2 1 2 1 3 27 28
172.623 0 2 2 2 1 3 1 4 27 27
172.785 0 2 2 2 1 4 1 5 27 26
172.894 0 2 2 2 1 5 1 6 27 25
173.261 0 2 2 2 1 6 1 7 27 24
174.757 0 2 2 2 1 5 1 6 27 25
176.394 0 2 2 2 1 6 1 7 27 24
176.919 0 2 2 2 1 7 1 8 27 23
177.416 0 2 2 2 1 6 1 7 27 24
178.954 0 2 2 2 1 7 1 8 27 23
179.853 0 2 2 2 1 6 1 7 27 24
182.261 1 3 2 2 0 6 1 7 27 24
182.791 1 3 2 2 0 5 1 6 27 25
183.458 1 3 2 2 0 4 1 5 27 26
183.961 1 3 2 2 0 5 1 6 27 25
185.555 1 3 2 2 0 6 1 7 27 24
185.639 1 3 2 2 0 7 1 8 27 23
187.256 1 3 2 2 0 8 1 9 27 22
188.132 1 3 2 2 0 7 1 8 27 23
188.398 1 3 2 2 0 6 1 7 27 24
188.726 1 3 1 1 0 7 1 7 27 24
190.17 1 2 1 1 0 7 0 7 28 24
190.455 1 2 1 1 0 8 0 8 28 23
195.803 1 2 1 1 0 7 0 7 28 24
197.838 1 2 1 1 0 6 0 6 28 25
199.792 1 2 1 1 0 7 0 7 28 24
200.205 1 2 1 1 0 6 0 6 28 25
203.64 1 2 1 1 0 5 0 5 28 26
203.996 1 2 1 1 0 6 0 6 28 25
204.539 1 3 1 1 1 6 0 5 28 25
205.653 1 3 1 1 1 7 0 6 28 24
207.265 1 3 1 1 1 6 0 5 28 25
207.388 1 3 2 2 1 5 0 5 28 25
209.603 1 3 2 2 1 4 0 4 28 26
210.349 1 3 2 2 1 5 0 5 28 25
211.435 1 3 2 2 1 4 0 4 28 26
217.134 1 3 2 2 1 5 0 5 28 25
218.32 1 3 2 2 1 6 0 6 28 24
218.837 1 3 2 2 1 5 0 5 28 25
220.95 1 3 2 2 1 6 0 6 28 24
221.395 1 3 2 2 1 5 0 5 28 25
222.552 2 4 2 2 0 5 0 5 28 25
222.854 2 5 2 2 1 5 0 4 28 25
223.234 2 5 2 2 1 6 0 5 28 24
225.163 2 5 2 2 1 5 0 4 28 25
228.046 2 5 2 2 1 6 0 5 28 24
229.136 2 5 2 2 1 5 0 4 28 25
229.157 2 5 2 2 1 4 0 3 28 26
229.433 2 5 2 2 0 3 1 3 28 26
230.222 2 6 2 2 1 3 1 2 28 26
232.959 1 5 2 2 2 3 1 2 28 26
233.257 1 4 2 2 2 3 0 2 29 26
233.613 1 3 2 2 1 3 0 3 29 26
233.63 1 3 2 2 1 4 0 4 29 25
234.28 1 3 2 2 1 3 0 3 29 26
236.433 1 4 2 2 1 3 1 3 28 26
237.117 1 4 2 2 1 4 1 4 28 25
237.534 1 5 2 2 1 4 2 4 27 25
239.546 1 6 2 2 1 4 3 4 26 25
242.887 1 6 2 2 1 3 3 3 26 26
242.993 1 5 2 2 1 3 2 3 27 26
247.511 1 5 2 2 1 2 2 2 27 27
248.474 0 4 2 2 2 2 2 2 27 27
249.183 0 4 3 3 2 1 2 2 27 27
251.627 0 3 3 3 1 1 2 3 27 27
251.988 0 4 3 3 2 1 2 2 27 27
253.784 0 4 3 3 2 2 2 3 27 26
254.674 0 4 3 3 1 1 3 3 27 26
254.918 0 4 3 3 1 2 3 4 27 25
255.753 0 4 3 3 1 3 3 5 27 24
256.172 0 4 3 3 1 4 3 6 27 23
256.349 0 4 3 3 1 3 3 5 27 24
257.113 0 4 3 3 1 4 3 6 27 23
257.319 0 4 3 3 1 5 3 7 27 22
259.689 0 4 3 3 1 6 3 8 27 21
261.229 0 4 2 2 1 7 3 8 27 21
263.559 0 4 2 2 1 6 3 7 27 22
264.641 0 5 2 2 2 6 3 6 27 22
265.904 0 5 2 2 2 7 3 7 27 21
265.91 0 5 2 2 2 6 3 6 27 22
267.299 0 5 2 2 2 7 3 7 27 21
267.44 0 5 2 2 2 6 3 6 27 22
268.289 0 5 2 2 2 5 3 5 27 23
268.713 0 4 2 2 1 5 3 6 27 23
268.801 0 4 2 2 1 4 3 5 27 24
269.096 0 4 2 2 1 5 3 6 27 23
271.763 0 4 2 2 1 6 3 7 27 22
275 0 5 2 2 2 6 3 6 27 22
276.262 0 5 2 2 2 7 3 7 27 21
276.948 0 5 2 2 2 6 3 6 27 22
277.169 0 6 2 2 3 6 3 5 27 22
277.938 0 6 2 2 3 7 3 6 27 21
278.002 0 6 2 2 3 8 3 7 27 20
278.51 0 5 2 2 3 8 2 7 28 20
278.694 0 5 2 2 3 7 2 6 28 21
279.015 0 5 2 2 2 6 3 6 28 21
280.209 0 5 2 2 2 5 3 5 28 22
280.767 0 5 2 2 2 6 3 6 28 21
280.817 0 5 2 2 2 5 3 5 28 22
285.308 0 5 2 2 2 6 3 6 28 21
285.927 0 5 2 2 2 7 3 7 28 20
286.48 0 5 3 3 2 6 3 7 28 20
287.156 0 5 3 3 2 5 3 6 28 21
288.33 0 5 3 3 2 6 3 7 28 20
289.01 0 5 3 3 2 7 3 8 28 19
290.519 0 5 3 3 2 6 3 7 28 20
291.24 1 6 3 3 1 6 3 7 28 20
292.921 1 6 3 3 1 5 3 6 28 21
293.885 1 7 3 3 2 5 3 5 28 21
294.381 1 6 3 3 2 5 2 5 29 21
296.156 1 5 3 3 1 5 2 6 29 21
297.79 1 5 3 3 1 4 2 5 29 22
297.992 1 5 3 3 1 5 2 6 29 21
299.686 1 5 3 3 1 6 2 7 29 20
301.711 1 4 3 3 0 6 2 8 29 20
302.124 1 5 3 3 1 6 2 7 29 20
304.927 1 4 3 3 0 6 2 8 29 20
306.139 1 4 3 3 0 5 2 7 29 21
306.385 1 5 3 3 1 5 2 6 29 21
307.692 1 5 3 3 1 4 2 5 29 22
308.727 1 5 3 3 1 3 2 4 29 23
309.472 1 5 3 3 1 4 2 5 29 22
312.564 1 5 3 3 1 5 2 6 29 21
313.961 1 5 3 3 1 4 2 5 29 22
315.005 1 5 3 3 1 5 2 6 29 21
315.441 1 6 3 3 2 5 2 5 29 21
317.185 1 6 3 3 2 6 2 6 29 20
319.216 1 6 2 2 2 7 2 6 29 20
319.459 1 6 2 2 2 6 2 5 29 21
319.627 1 6 2 2 2 7 2 6 29 20
320.113 1 6 2 2 2 6 2 5 29 21
320.659 1 7 2 2 2 6 3 5 28 21
320.917 1 7 2 2 2 7 3 6 28 20
322.263 1 7 2 2 2 6 3 5 28 21
322.792 1 7 2 2 2 5 3 4 28 22
322.924 0 6 2 2 3 5 3 4 28 22
327.405 0 6 2 2 3 4 3 3 28 23
327.502 0 6 2 2 2 3 4 3 28 23
329.365 0 5 2 2 2 3 3 3 29 23
330.1 0 5 2 2 2 4 3 4 29 22
332.924 0 4 2 2 1 4 3 5 29 22
334.634 0 4 2 2 1 3 3 4 29 23
337.131 1 5 2 2 0 3 3 4 29 23
338.764 1 5 2 2 0 4 3 5 29 22
339.155 1 4 2 2 0 4 2 5 30 22
339.36 1 4 2 2 0 3 2 4 30 23
339.896 1 5 2 2 1 3 2 3 30 23
347.636 1 6 2 2 2 3 2 2 30 23
348.962 1 5 2 2 2 3 1 2 31 23
353.071 1 5 2 2 2 4 1 3 31 22
353.488 1 5 2 2 2 5 1 4 31 21
353.528 1 5 2 2 2 6 1 5 31 20
354.524 1 5 2 2 2 7 1 6 31 19
354.68 1 5 3 3 2 6 1 6 31 19
357.079 1 5 3 3 2 5 1 5 31 20
358.475 1 4 3 3 2 5 0 5 32 20
358.894 1 4 4 4 2 4 0 5 32 20
359.756 1 4 4 4 2 5 0 6 32 19
359.757 1 4 4 4 2 6 0 7 32 18
359.892 1 5 4 4 3 6 0 6 32 18
362.848 1 6 4 4 4 6 0 5 32 18
364.896 1 7 4 4 5 6 0 4 32 18
366.188 1 7 3 3 5 7 0 4 32 18
367.285 1 7 3 3 5 6 0 3 32 19
368.309 1 6 3 3 4 6 0 4 32 19
368.889 1 6 2 2 4 7 0 4 32 19
370.087 1 6 2 2 4 6 0 3 32 20
370.291 1 7 2 2 5 6 0 2 32 20
371.162 1 7 3 3 5 5 0 2 32 20
372.231 1 7 3 3 5 4 0 1 32 21
374.472 1 7 4 4 5 3 0 1 32 21
374.829 1 7 4 4 5 4 0 2 32 20
376.279 1 7 4 4 4 3 1 2 32 20
376.588 1 7 4 4 3 2 2 2 32 20
379.621 1 7 5 5 3 1 2 2 32 20
379.635 1 7 4 4 3 2 2 2 32 20
380.784 1 7 3 3 3 3 2 2 32 20
380.913 2 8 3 3 2 3 2 2 32 20
382.809 2 8 2 2 2 4 2 2 32 20
384.759 2 8 2 2 2 3 2 1 32 21
385.639 2 8 2 2 2 4 2 2 32 20
386.255 2 8 2 2 2 5 2 3 32 19
387.685 2 7 2 2 1 5 2 4 32 19
388.558 2 8 2 2 2 5 2 3 32 19
391.06 2 8 2 2 2 6 2 4 32 18
392.703 2 7 2 2 2 6 1 4 33 18
393.53 2 7 2 2 2 7 1 5 33 17
396.153 2 7 3 3 2 6 1 5 33 17
398.167 2 7 3 3 2 7 1 6 33 16
398.221 2 7 3 3 1 6 2 6 33 16
399.029 2 7 3 3 1 7 2 7 33 15
400.029 2 7 3 3 1 8 2 8 33 14
403.177 2 6 3 3 1 8 1 8 34 14
403.936 2 5 3 3 0 8 1 9 34 14
404.802 2 5 3 3 0 7 1 8 34 15
405.111 2 5 3 3 0 8 1 9 34 14
406.062 2 5 3 3 0 7 1 8 34 15
406.474 2 5 3 3 0 6 1 7 34 16
406.803 2 5 2 2 0 7 1 7 34 16
408.161 2 5 2 2 0 8 1 8 34 15
408.167 2 5 2 2 0 7 1 7 34 16
410.99 2 5 2 2 0 6 1 6 34 17
412.147 2 4 2 2 0 6 0 6 35 17
414.631 2 4 3 3 0 5 0 6 35 17
414.651 2 4 2 2 0 6 0 6 35 17
415.022 2 4 2 2 0 5 0 5 35 18
419.908 2 4 1 1 0 6 0 5 35 18
421.949 1 3 1 1 1 6 0 5 35 18
423.527 1 3 1 1 1 7 0 6 35 17
425.1 1 3 1 1 1 8 0 7 35 16
426.39 1 3 1 1 0 7 1 7 35 16
426.975 1 4 1 1 1 7 1 6 35 16
428.154 1 4 1 1 1 6 1 5 35 17
429.798 1 3 1 1 1 6 0 5 36 17
430.896 1 4 1 1 2 6 0 4 36 17
437.96 1 4 1 1 2 5 0 3 36 18
441.236 1 4 1 1 1 4 1 3 36 18
441.34 1 5 1 1 2 4 1 2 36 18
443.611 1 5 1 1 1 3 2 2 36 18
447.819 1 4 1 1 1 3 1 2 37 18
450.841 1 4 1 1 1 4 1 3 37 17
451.557 1 4 1 1 1 3 1 2 37 18
451.583 1 4 1 1 1 4 1 3 37 17
453.502 1 4 1 1 1 3 1 2 37 18
454.387 1 4 1 1 1 4 1 3 37 17
459.296 1 4 1 1 1 5 1 4 37 16
459.886 1 4 1 1 1 6 1 5 37 15
460.504 1 4 1 1 0 5 2 5 37 15
466.378 1 4 1 1 0 6 2 6 37 14
468.535 1 4 1 1 0 5 2 5 37 15
469.422 1 4 1 1 0 4 2 4 37 16
469.436 1 4 1 1 0 5 2 5 37 15
471.287 1 4 1 1 0 6 2 6 37 14
473.201 1 4 2 2 0 5 2 6 37 14
477.575 1 4 2 2 0 4 2 5 37 15
477.884 1 4 2 2 0 3 2 4 37 16
480.576 1 5 2 2 1 3 2 3 37 16
481.51 1 4 2 2 1 3 1 3 38 16
482.959 1 4 2 2 1 4 1 4 38 15
483.925 1 4 2 2 0 3 2 4 38 15
484.917 1 4 2 2 0 4 2 5 38 14
488.754 1 4 2 2 0 3 2 4 38 15
490.791 1 4 2 2 0 4 2 5 38 14
492.416 1 4 2 2 0 3 2 4 38 15
493.021 1 4 2 2 0 4 2 5 38 14
493.177 1 4 2 2 0 3 2 4 38 15
493.432 1 4 2 2 0 4 2 5 38 14
498.425 1 4 2 2 0 3 2 4 38 15
498.762 1 4 2 2 0 2 2 3 38 16
499.228 1 4 2 2 0 3 2 4 38 15
499.899 1 4 2 2 0 4 2 5 38 14
502.731 1 4 2 2 0 5 2 6 38 13
505.441 1 4 2 2 0 6 2 7 38 12
507.47 1 4 2 2 1 7 1 7 38 12
507.795 1 4 2 2 1 8 1 8 38 11
508.012 1 4 2 2 1 7 1 7 38 12
508.914 1 4 2 2 1 8 1 8 38 11
509.287 1 5 2 2 2 8 1 7 38 11
509.625 1 5 2 2 1 7 2 7 38 11
511.221 1 5 2 2 1 6 2 6 38 12
511.592 1 4 2 2 1 6 1 6 39 12
511.915 1 4 3 3 1 5 1 6 39 12
515.727 1 4 3 3 1 6 1 7 39 11
515.929 1 4 3 3 1 7 1 8 39 10
517.716 1 4 3 3 1 6 1 7 39 11
517.953 1 4 3 3 1 7 1 8 39 10
519.191 1 4 2 2 1 8 1 8 39 10
519.304 1 4 2 2 1 7 1 7 39 11
519.514 1 3 2 2 1 7 0 7 40 11
521.775 1 3 2 2 1 6 0 6 40 12
521.868 1 3 2 2 1 7 0 7 40 11
521.896 1 3 2 2 1 6 0 6 40 12
522.028 1 4 2 2 1 6 1 6 39 12
523.97 1 4 3 3 1 5 1 6 39 12
524.323 1 4 3 3 1 4 1 5 39 13
528.508 1 4 3 3 1 3 1 4 39 14
529.309 1 4 3 3 1 4 1 5 39 13
532.286 1 5 3 3 2 4 1 4 39 13
532.765 0 4 3 3 3 4 1 4 39 13
533.425 0 4 3 3 3 5 1 5 39 12
533.922 0 4 3 3 3 4 1 4 39 13
534.181 0 4 2 2 3 5 1 4 39 13
535.16 0 5 2 2 4 5 1 3 39 13
536.047 0 4 2 2 3 5 1 4 39 13
536.255 0 4 3 3 3 4 1 4 39 13
536.339 0 4 3 3 3 5 1 5 39 12
536.877 0 4 3 3 3 6 1 6 39 11
538.641 0 4 3 3 3 5 1 5 39 12
539.305 0 4 3 3 3 4 1 4 39 13
541.677 0 4 3 3 3 3 1 3 39 14
541.766 0 3 3 3 2 3 1 4 39 14
541.933 0 4 3 3 2 3 2 4 38 14
545.107 0 4 2 2 2 4 2 4 38 14
546.966 0 4 2 2 2 5 2 5 38 13
550.428 0 4 2 2 2 6 2 6 38 12
550.716 0 5 2 2 3 6 2 5 38 12
551.723 1 6 2 2 2 6 2 5 38 12
552.03 1 6 2 2 2 7 2 6 38 11
553.078 1 5 2 2 1 7 2 7 38 11
554.58 1 4 2 2 0 7 2 8 38 11
554.636 1 4 2 2 0 6 2 7 38 12
559.277 1 4 3 3 0 5 2 7 38 12
562.197 1 4 3 3 0 4 2 6 38 13
564.907 1 4 3 3 0 5 2 7 38 12
565.406 1 4 3 3 0 4 2 6 38 13
569.026 1 5 3 3 1 4 2 5 38 13
569.637 0 4 3 3 2 4 2 5 38 13
571.668 0 4 3 3 2 5 2 6 38 12
574.731 0 4 3 3 2 4 2 5 38 13
575.295 0 3 3 3 2 4 1 5 39 13
576.342 0 3 3 3 2 3 1 4 39 14
576.441 0 3 3 3 2 4 1 5 39 13
580.038 0 4 3 3 3 4 1 4 39 13
580.271 0 4 3 3 3 3 1 3 39 14
580.281 0 4 3 3 2 2 2 3 39 14
580.949 0 4 3 3 2 3 2 4 39 13
582.851 0 4 3 3 2 4 2 5 39 12
583.704 0 4 3 3 2 3 2 4 39 13
583.736 0 4 3 3 2 4 2 5 39 12
586.291 0 5 3 3 2 4 3 5 38 12
588.942 0 4 3 3 2 4 2 5 39 12
590.55 0 4 3 3 2 5 2 6 39 11
592.094 0 4 3 3 2 4 2 5 39 12
592.823 0 4 3 3 2 3 2 4 39 13
595.992 0 3 3 3 1 3 2 5 39 13
596.999 0 4 3 3 2 3 2 4 39 13
597.45 1 5 3 3 1 3 2 4 39 13
598.315 1 5 3 3 1 4 2 5 39 12
600.464 1 5 3 3 1 3 2 4 39 13
602.309 1 4 3 3 1 3 1 4 40 13
603.376 0 3 3 3 2 3 1 4 40 13
606.488 0 3 3 3 2 4 1 5 40 12
606.904 0 3 3 3 2 5 1 6 40 11
608.406 0 4 3 3 3 5 1 5 40 11
609.312 0 4 3 3 3 4 1 4 40 12
610.534 0 4 4 4 3 3 1 4 40 12
610.849 0 4 4 4 3 4 1 5 40 11
611.927 0 4 3 3 3 5 1 5 40 11
613.238 0 4 2 2 3 6 1 5 40 11
614.071 0 4 2 2 3 5 1 4 40 12
615.583 0 4 2 2 2 4 2 4 40 12
618.383 0 4 2 2 1 3 3 4 40 12
619.301 0 4 2 2 1 4 3 5 40 11
619.328 0 4 2 2 1 5 3 6 40 10
621.437 0 4 2 2 1 4 3 5 40 11
625.345 0 4 2 2 1 5 3 6 40 10
626.868 0 4 2 2 1 4 3 5 40 11
627.469 0 3 2 2 1 4 2 5 41 11
633.754 0 3 1 1 1 5 2 5 41 11
633.967 1 4 1 1 0 5 2 5 41 11
635.016 1 4 1 1 0 4 2 4 41 12
638.705 1 4 1 1 0 3 2 3 41 13
644.141 1 4 1 1 0 4 2 4 41 12
645.636 1 4 2 2 0 3 2 4 41 12
646.472 0 3 2 2 1 3 2 4 41 12
646.475 0 3 1 1 1 4 2 4 41 12
650.93 0 2 1 1 0 4 2 5 41 12
655.106 0 2 1 1 0 5 2 6 41 11
655.152 0 2 1 1 0 4 2 5 41 12
656.284 0 2 1 1 0 3 2 4 41 13
658.311 0 2 1 1 0 4 2 5 41 12
666.128 0 2 1 1 0 5 2 6 41 11
666.143 0 2 1 1 0 6 2 7 41 10
666.218 0 1 1 1 0 6 1 7 42 10
666.634 0 1 1 1 0 7 1 8 42 9
667.447 0 1 1 1 0 6 1 7 42 10
670.432 0 2 1 1 1 6 1 6 42 10
670.937 0 2 1 1 1 5 1 5 42 11
672.823 0 2 1 1 1 4 1 4 42 12
673.448 0 2 1 1 0 3 2 4 42 12
677.206 0 2 1 1 0 4 2 5 42 11
682.54 0 2 1 1 0 3 2 4 42 12
682.699 0 2 1 1 0 2 2 3 42 13
689.737 0 2 1 1 0 3 2 4 42 12
692.252 0 2 1 1 0 4 2 5 42 11
696.83 0 2 1 1 0 5 2 6 42 10
698.546 0 2 1 1 0 4 2 5 42 11
699.437 0 2 1 1 0 3 2 4 42 12
699.712 0 2 1 1 0 4 2 5 42 11
701.635 0 2 1 1 0 5 2 6 42 10
703.082 0 2 0 0 0 6 2 6 42 10
709.009 0 3 0 0 0 6 3 6 41 10
709.499 0 4 0 0 1 6 3 5 41 10
709.616 0 3 0 0 1 6 2 5 42 10
719.702 0 4 0 0 1 6 3 5 41 10
722.352 0 4 0 0 1 5 3 4 41 11
723.81 0 4 0 0 1 4 3 3 41 12
724.783 0 4 0 0 1 3 3 2 41 13
726.215 0 4 0 0 1 4 3 3 41 12
728.645 0 4 0 0 1 5 3 4 41 11
730.12 0 4 0 0 1 4 3 3 41 12
730.597 0 4 0 0 1 5 3 4 41 11
731.474 0 4 0 0 1 4 3 3 41 12
734.209 0 4 1 1 1 3 3 3 41 12
739.045 0 4 1 1 1 4 3 4 41 11
742.11 0 4 2 2 1 3 3 4 41 11
742.826 0 3 2 2 1 3 2 4 42 11
746.081 0 3 2 2 1 2 2 3 42 12
758.647 0 2 2 2 1 2 1 3 43 12
760.268 0 2 1 1 1 3 1 3 43 12
760.726 0 2 1 1 1 4 1 4 43 11
763.819 0 2 1 1 1 3 1 3 43 12
773.992 0 2 1 1 1 4 1 4 43 11
774.922 0 3 1 1 1 4 2 4 42 11
775.972 0 3 1 1 1 5 2 5 42 10
777.264 0 3 1 1 0 4 3 5 42 10
779.182 0 3 1 1 0 3 3 4 42 11
779.449 0 2 1 1 0 3 2 4 43 11
780.24 0 2 1 1 0 2 2 3 43 12
782.249 0 2 1 1 0 3 2 4 43 11
782.681 0 2 1 1 0 4 2 5 43 10
784.6 0 3 1 1 0 4 3 5 42 10
784.648 0 4 1 1 1 4 3 4 42 10
784.648 0 4 1 1 1 5 3 5 42 9
784.945 0 4 1 1 1 4 3 4 42 10
784.954 0 5 1 1 2 4 3 3 42 10
787.003 0 4 1 1 2 4 2 3 43 10
787.065 0 3 1 1 1 4 2 4 43 10
791.324 0 4 1 1 2 4 2 3 43 10
791.553 0 4 1 1 2 5 2 4 43 9
792.394 0 4 1 1 2 4 2 3 43 10
792.833 0 4 1 1 1 3 3 3 43 10
793.77 0 4 1 1 1 4 3 4 43 9
799.724 0 4 1 1 1 3 3 3 43 10
800.069 0 4 1 1 2 4 2 3 43 10
802.548 0 5 1 1 3 4 2 2 43 10
804.464 0 6 1 1 3 4 3 2 42 10
806.443 0 5 1 1 3 4 2 2 43 10
807.998 0 4 1 1 3 4 1 2 44 10
810.388 0 3 1 1 2 4 1 3 44 10
810.778 0 3 1 1 2 3 1 2 44 11
810.953 0 2 1 1 2 3 0 2 45 11
812.62 0 2 1 1 2 4 0 3 45 10
814.406 0 2 1 1 2 5 0 4 45 9
815.646 0 2 1 1 2 4 0 3 45 10
817.572 0 1 1 1 1 4 0 4 45 10
818.318 0 1 1 1 1 3 0 3 45 11
823.54 0 1 2 2 1 2 0 3 45 11
823.718 0 1 2 2 1 1 0 2 45 12
824.39 0 1 2 2 1 2 0 3 45 11
825.014 0 1 2 2 0 1 1 3 45 11
827.509 0 1 2 2 0 0 1 2 45 12
828.237 0 1 2 2 0 1 1 3 45 11
831.179 0 1 3 3 0 0 1 3 45 11
841.14 0 1 3 3 0 1 1 4 45 10
843.429 0 1 3 3 0 2 1 5 45 9
851.631 0 1 4 4 0 1 1 5 45 9
860.025 0 2 4 4 1 1 1 4 45 9
862.847 0 2 5 5 1 0 1 4 45 9
865.798 0 2 5 5 1 1 1 5 45 8
866.06 0 3 5 5 2 1 1 4 45 8
873.022 1 4 5 5 1 1 1 4 45 8
873.031 1 4 4 4 1 2 1 4 45 8
879.685 1 4 4 4 1 3 1 5 45 7
881.232 1 4 4 4 1 4 1 6 45 6
881.71 1 4 4 4 0 3 2 6 45 6
881.733 1 4 3 3 0 4 2 6 45 6
883.42 1 5 3 3 1 4 2 5 45 6
888.049 1 5 3 3 1 5 2 6 45 5
891.718 1 5 2 2 1 6 2 6 45 5
892.355 1 5 2 2 1 5 2 5 45 6
897.502 1 5 3 3 1 4 2 5 45 6
903.686 1 5 2 2 1 5 2 5 45 6
905.643 1 5 2 2 1 4 2 4 45 7
906.557 2 6 2 2 0 4 2 4 45 7
909.297 2 6 2 2 0 3 2 3 45 8
911.528 2 5 2 2 0 3 1 3 46 8
916.587 2 4 2 2 0 3 0 3 47 8
918.762 2 4 1 1 0 4 0 3 47 8
922.327 2 4 1 1 0 5 0 4 47 7
929.273 1 3 1 1 1 5 0 4 47 7
933.134 0 2 1 1 2 5 0 4 47 7
935.575 1 3 1 1 1 5 0 4 47 7
935.865 1 3 1 1 1 4 0 3 47 8
937.882 1 3 1 1 1 5 0 4 47 7
939.371 1 3 1 1 0 4 1 4 47 7
941.029 1 3 2 2 0 3 1 4 47 7
941.599 1 4 2 2 0 3 2 4 46 7
942.655 1 4 1 1 0 4 2 4 46 7
942.777 1 4 1 1 0 3 2 3 46 8
943.616 1 3 1 1 0 3 1 3 47 8
944.374 1 2 1 1 0 3 0 3 48 8
947.169 1 2 1 1 0 4 0 4 48 7
949.51 1 2 1 1 0 5 0 5 48 6
954.718 1 3 1 1 1 5 0 4 48 6
954.975 1 3 1 1 1 4 0 3 48 7
955.533 1 3 1 1 0 3 1 3 48 7
960.551 1 2 1 1 0 3 0 3 49 7
962.066 1 2 1 1 0 2 0 2 49 8
965.158 1 2 1 1 0 1 0 1 49 9
978.284 0 1 1 1 1 1 0 1 49 9
984.521 0 1 1 1 1 2 0 2 49 8
986.594 0 0 1 1 0 2 0 3 49 8
993.235 0 0 2 2 0 1 0 3 49 8
999.829 0 0 2 2 0 0 0 2 49 9
1002.85 0 0 1 1 0 1 0 2 49 9
1008 0 0 1 1 0 2 0 3 49 8
1017.94 0 0 1 1 0 3 0 4 49 7
1022.24 0 1 1 1 1 3 0 3 49 7
1022.88 0 1 2 2 1 2 0 3 49 7
1026.71 0 1 2 2 1 3 0 4 49 6
1028.1 0 1 2 2 1 2 0 3 49 7
1028.86 0 1 2 2 1 3 0 4 49 6
1032.37 1 2 2 2 0 3 0 4 49 6
1049.84 1 2 2 2 0 4 0 5 49 5
1050.98 1 2 1 1 0 5 0 5 49 5
1051.26 1 2 1 1 0 6 0 6 49 4
1051.89 1 2 1 1 0 5 0 5 49 5
1058.86 1 2 1 1 0 6 0 6 49 4
1059.33 1 2 1 1 0 5 0 5 49 5
1064.02 1 2 1 1 0 4 0 4 49 6
1067.71 1 2 2 2 0 3 0 4 49 6
1068.69 1 2 2 2 0 2 0 3 49 7
1072.25 1 2 1 1 0 3 0 3 49 7
1086.97 1 2 1 1 0 2 0 2 49 8
1090.14 1 3 1 1 0 2 1 2 48 8
1090.16 1 2 1 1 0 2 0 2 49 8
1092.84 1 2 1 1 0 3 0 3 49 7
1105.81 1 2 1 1 0 4 0 4 49 6
1109.58 0 1 1 1 1 4 0 4 49 6
1110.43 0 1 1 1 1 5 0 5 49 5
1115.04 0 1 2 2 1 4 0 5 49 5
1115.2 0 1 2 2 1 5 0 6 49 4
1118.99 0 1 1 1 1 6 0 6 49 4
1119.26 0 1 1 1 1 7 0 7 49 3
1121.02 0 1 1 1 0 6 1 7 49 3
1123.14 0 1 1 1 0 5 1 6 49 4
1124.39 0 1 1 1 0 4 1 5 49 5
1131.57 0 0 1 1 0 4 0 5 50 5
1137.24 0 0 1 1 0 3 0 4 50 6
1142.18 0 1 1 1 1 3 0 3 50 6
1144.72 0 1 1 1 1 2 0 2 50 7
1145.53 0 1 1 1 0 1 1 2 50 7
1159.73 0 1 1 1 0 2 1 3 50 6
1159.84 0 2 1 1 0 2 2 3 49 6
1160.19 0 2 1 1 0 3 2 4 49 5
1163.6 0 1 1 1 0 3 1 4 50 5
1167.51 0 1 1 1 0 2 1 3 50 6
1167.72 0 2 1 1 1 2 1 2 50 6
1172.42 0 2 1 1 1 3 1 3 50 5
1174.88 0 3 1 1 2 3 1 2 50 5
1175.3 0 3 1 1 2 4 1 3 50 4
1178.23 0 3 1 1 2 3 1 2 50 5
1178.4 0 3 1 1 2 2 1 1 50 6
1180.97 0 3 1 1 1 1 2 1 50 6
1183.7 0 3 1 1 1 2 2 2 50 5
1184.62 0 3 1 1 0 1 3 2 50 5
1197.86 0 4 1 1 1 1 3 1 50 5
1205.54 0 3 1 1 1 1 2 1 51 5
1208.77 0 2 1 1 1 1 1 1 52 5
1212.16 0 2 2 2 1 0 1 1 52 5
1213.2 0 2 2 2 1 1 1 2 52 4
1216.76 0 1 2 2 1 1 0 2 53 4
1224.25 0 1 3 3 1 0 0 2 53 4
1225.87 0 2 3 3 2 0 0 1 53 4
1231.92 0 2 2 2 2 1 0 1 53 4
1238.18 0 2 2 2 1 0 1 1 53 4
1252.56 0 3 2 2 2 0 1 0 53 4
1254.84 0 3 1 1 2 1 1 0 53 4
1271.13 0 2 1 1 2 1 0 0 54 4
1282.59 0 3 1 1 2 1 1 0 53 4
1283.02 0 3 1 1 2 2 1 1 53 3
1285 0 3 1 1 2 3 1 2 53 2
1286.97 0 3 1 1 3 4 0 2 53 2
1292.72 0 3 1 1 2 3 1 2 53 2
1293.21 0 3 2 2 2 2 1 2 53 2
1295.73 0 3 3 3 2 1 1 2 53 2
1297.43 0 3 2 2 2 2 1 2 53 2
1297.75 0 3 2 2 2 3 1 3 53 1
1300.17 1 4 2 2 1 3 1 3 53 1
1302.3 1 4 3 3 1 2 1 3 53 1
1302.57 1 5 3 3 1 2 2 3 52 1
1302.86 0 4 3 3 2 2 2 3 52 1
1305.21 0 3 3 3 1 2 2 4 52 1
1313.89 0 3 3 3 1 1 2 3 52 2
1315.43 0 3 2 2 1 2 2 3 52 2
1327.25 1 4 2 2 0 2 2 3 52 2
1334.09 1 4 3 3 0 1 2 3 52 2
1336.28 1 5 3 3 0 1 3 3 51 2
1338.8 1 5 3 3 0 0 3 2 51 3
1339.41 1 5 2 2 0 1 3 2 51 3
1342.76 1 4 2 2 0 1 2 2 52 3
1359.94 0 3 2 2 1 1 2 2 52 3
1364.56 0 3 2 2 1 2 2 3 52 2
1364.83 0 4 2 2 2 2 2 2 52 2
1366.4 0 3 2 2 1 2 2 3 52 2
1368.59 0 3 2 2 1 1 2 2 52 3
1374.55 0 3 2 2 1 0 2 1 52 4
1377.61 0 4 2 2 2 0 2 0 52 4
1377.62 1 5 2 2 1 0 2 0 52 4
1384.71 2 6 2 2 0 0 2 0 52 4
1385.34 1 5 2 2 1 0 2 0 52 4
1390.59 0 4 2 2 2 0 2 0 52 4
1391.14 0 4 2 2 2 1 2 1 52 3
1392.13 0 3 2 2 2 1 1 1 53 3
1395.21 1 4 2 2 1 1 1 1 53 3
1397.32 1 4 2 2 1 2 1 2 53 2
1397.57 2 5 2 2 0 2 1 2 53 2
1397.96 2 5 1 1 0 3 1 2 53 2
1400.09 2 6 1 1 1 3 1 1 53 2
1406.95 1 5 1 1 2 3 1 1 53 2
1410.75 2 6 1 1 1 3 1 1 53 2
1411.79 2 5 1 1 0 3 1 2 53 2
1419.69 1 4 1 1 1 3 1 2 53 2
1425.01 1 4 0 0 1 4 1 2 53 2
1425.48 1 4 0 0 1 3 1 1 53 3
1426.44 1 4 0 0 2 4 0 1 53 3
1428.22 0 3 0 0 3 4 0 1 53 3
1429.27 0 3 0 0 3 3 0 0 53 4
1429.89 1 4 0 0 2 3 0 0 53 4
1430.94 1 3 0 0 1 3 0 1 53 4
1444.12 1 3 0 0 1 2 0 0 53 5
1452.61 0 2 0 0 2 2 0 0 53 5
1470.29 0 2 0 0 1 1 1 0 53 5
1478.39 0 2 0 0 1 2 1 1 53 4
1478.53 1 3 0 0 0 2 1 1 53 4
1479.85 1 2 0 0 0 2 0 1 54 4
1499.19 1 3 0 0 1 2 0 0 54 4
1500.39 1 2 0 0 0 2 0 1 54 4
1502.28 0 1 0 0 1 2 0 1 54 4
1509.18 0 1 0 0 1 3 0 2 54 3
1513.24 0 1 0 0 1 2 0 1 54 4
1519.86 0 1 0 0 0 1 1 1 54 4
1535.15 0 1 0 0 0 0 1 0 54 5
1542.15 0 0 0 0 0 0 0 0 55 5
1548.88 0 0 0 0 0 1 0 1 55 4
1558.64 0 0 0 0 0 2 0 2 55 3
1561.86 0 1 0 0 1 2 0 1 55 3
1565.14 0 1 0 0 1 3 0 2 55 2
1566.68 0 1 0 0 1 4 0 3 55 1
1571.45 0 1 1 1 1 3 0 3 55 1
1576.53 0 0 1 1 0 3 0 4 55 1
1602.84 0 0 1 1 0 2 0 3 55 2
1605.68 0 0 1 1 0 3 0 4 55 1
1607.78 0 0 1 1 0 2 0 3 55 2
1608.51 0 0 0 0 0 3 0 3 55 2
1621.29 0 0 0 0 0 2 0 2 55 3
1635.12 0 1 0 0 0 2 1 2 54 3
1641.65 0 1 1 1 0 1 1 2 54 3
1646.17 0 1 1 1 0 2 1 3 54 2
1651.82 0 1 1 1 0 1 1 2 54 3
1664.88 0 1 1 1 0 2 1 3 54 2
1666.46 0 1 1 1 0 3 1 4 54 1
1670.53 0 1 1 1 0 2 1 3 54 2
1673.89 0 1 1 1 0 1 1 2 54 3
1682.32 0 1 1 1 0 2 1 3 54 2
1682.7 0 2 1 1 1 2 1 2 54 2
1697.2 0 2 1 1 1 3 1 3 54 1
1704.88 0 3 1 1 1 3 2 3 53 1
1705.8 0 4 1 1 2 3 2 2 53 1
1710.77 1 5 1 1 1 3 2 2 53 1
1711.19 1 4 1 1 1 3 1 2 54 1
1723.08 0 3 1 1 2 3 1 2 54 1
1723.8 0 3 1 1 2 2 1 1 54 2
1727.53 0 2 1 1 1 2 1 2 54 2
1732.62 0 2 1 1 1 3 1 3 54 1
1735.12 1 3 1 1 0 3 1 3 54 1
1736.97 1 3 1 1 0 2 1 2 54 2
1741.11 0 2 1 1 1 2 1 2 54 2
1742.46 0 2 1 1 0 1 2 2 54 2
1750.95 0 1 1 1 0 1 1 2 55 2
1781.62 0 1 1 1 0 0 1 1 55 3
1783.05 0 0 1 1 0 0 0 1 56 3
1802.89 0 0 0 0 0 1 0 1 56 3
1804.7 0 0 0 0 0 0 0 0 56 4
1806.07 0 1 0 0 0 0 1 0 55 4
1810.54 0 1 0 0 0 1 1 1 55 3
1820.42 0 1 0 0 0 2 1 2 55 2
1821.83 0 1 0 0 0 1 1 1 55 3
1838.39 0 2 0 0 0 1 2 1 54 3
1842.18 0 3 0 0 1 1 2 0 54 3
1853.84 0 2 0 0 1 1 1 0 55 3
1865.82 0 2 0 0 1 2 1 1 55 2
1869.74 0 3 0 0 1 2 2 1 54 2
1869.94 0 2 0 0 0 2 2 2 54 2
1871.07 0 2 0 0 0 1 2 1 54 3
1876.86 0 2 0 0 0 2 2 2 54 2
1880.73 0 2 0 0 0 1 2 1 54 3
1929.54 0 2 0 0 0 2 2 2 54 2
1935.09 0 2 0 0 0 3 2 3 54 1
1936.27 0 2 0 0 0 2 2 2 54 2
1936.76 0 2 1 1 0 1 2 2 54 2
1952.15 0 2 1 1 0 0 2 1 54 3
1965.09 0 2 1 1 0 1 2 2 54 2
1969.68 0 2 2 2 0 0 2 2 54 2
1979.94 0 2 1 1 0 1 2 2 54 2
2001.19 0 2 2 2 0 0 2 2 54 2
2008.42 0 1 2 2 0 0 1 2 55 2
2021.55 0 1 2 2 0 1 1 3 55 1
2047.47 0 1 1 1 0 2 1 3 55 1
2056.17 0 2 1 1 1 2 1 2 55 1
2060.18 0 3 1 1 1 2 2 2 54 1
2061.46 0 3 1 1 0 1 3 2 54 1
2072.12 0 4 1 1 0 1 4 2 53 1
2072.73 0 4 1 1 0 0 4 1 53 2
2075.06 0 4 1 1 1 1 3 1 53 2
2075.13 0 4 1 1 1 0 3 0 53 3
2083.45 0 3 1 1 1 0 2 0 54 3
2084.17 0 2 1 1 0 0 2 1 54 3
2105.03 0 3 1 1 0 0 3 1 53 3
2106 0 2 1 1 0 0 2 1 54 3
2110.14 0 2 1 1 0 1 2 2 54 2
2112.03 0 2 0 0 0 2 2 2 54 2
2122.43 0 1 0 0 0 2 1 2 55 2
2122.63 0 1 0 0 0 1 1 1 55 3
2137.22 0 1 0 0 1 2 0 1 55 3
2151.9 0 1 0 0 1 3 0 2 55 2
2166.45 0 1 0 0 1 4 0 3 55 1
2167.14 0 1 0 0 1 3 0 2 55 2
2169.35 0 2 0 0 1 3 1 2 54 2
2169.89 0 2 0 0 1 2 1 1 54 3
2175.4 0 2 0 0 1 3 1 2 54 2
2176.03 0 2 1 1 1 2 1 2 54 2
2176.03 0 3 1 1 2 2 1 1 54 2
2199.97 0 3 1 1 1 1 2 1 54 2
2208.79 0 3 1 1 1 2 2 2 54 1
2212.57 0 4 1 1 2 2 2 1 54 1
2213.46 0 3 1 1 2 2 1 1 55 1
2214.12 0 3 0 0 2 3 1 1 55 1
2219.77 0 4 0 0 2 3 2 1 54 1
2224.49 0 4 0 0 2 2 2 0 54 2
2233.12 0 3 0 0 1 2 2 1 54 2
2239.55 0 2 0 0 1 2 1 1 55 2
2247.51 0 1 0 0 1 2 0 1 56 2
2253.71 0 1 0 0 1 3 0 2 56 1
2254.45 0 1 0 0 1 2 0 1 56 2
2264.19 1 2 0 0 0 2 0 1 56 2
2278.41 1 2 0 0 0 1 0 0 56 3
2279.83 1 2 1 1 0 0 0 0 56 3
2280.36 1 2 1 1 0 1 0 1 56 2
2292.14 1 2 0 0 0 2 0 1 56 2
2294.83 1 2 0 0 0 3 0 2 56 1
2321.77 1 2 1 1 0 2 0 2 56 1
2348.64 1 2 1 1 0 3 0 3 56 0
2352.14 1 2 1 1 0 2 0 2 56 1
2354.57 1 3 1 1 1 2 0 1 56 1
2355.62 1 4 1 1 2 2 0 0 56 1
2362.75 1 4 0 0 2 3 0 0 56 1
2374.75 1 3 0 0 1 3 0 1 56 1
2381.83 2 4 0 0 0 3 0 1 56 1
2386.04 1 3 0 0 1 3 0 1 56 1
2386.62 1 4 0 0 1 3 1 1 55 1
2389.93 1 4 0 0 0 2 2 1 55 1
2411.67 1 3 0 0 0 2 1 1 56 1
2419.47 1 3 0 0 0 3 1 2 56 0
2427.7 1 3 0 0 1 4 0 2 56 0
2436.2 0 2 0 0 2 4 0 2 56 0
2438.78 0 2 0 0 1 3 1 2 56 0
2441.65 1 3 0 0 0 3 1 2 56 0
2457.33 1 2 0 0 0 3 0 2 57 0
2458.24 1 3 0 0 0 3 1 2 56 0
2484.53 1 3 0 0 1 4 0 2 56 0
2486.08 1 2 0 0 0 4 0 3 56 0
2486.64 1 3 0 0 0 4 1 3 55 0
2487.59 1 3 0 0 0 3 1 2 55 1
2494.03 1 3 0 0 0 2 1 1 55 2
2500.83 1 2 0 0 0 2 0 1 56 2
2516.97 1 2 0 0 0 3 0 2 56 1
2523.78 1 2 0 0 0 2 0 1 56 2
2536.3 1 2 0 0 0 3 0 2 56 1
2547.93 1 2 1 1 0 2 0 2 56 1
2553.29 1 2 1 1 0 1 0 1 56 2
2558.53 0 1 1 1 1 1 0 1 56 2
2563.81 0 1 1 1 1 0 0 0 56 3
2568.7 0 1 1 1 1 1 0 1 56 2
2577.08 0 2 1 1 1 1 1 1 55 2
2582.37 1 3 1 1 0 1 1 1 55 2
2592.44 1 3 0 0 0 2 1 1 55 2
2595.33 1 2 0 0 0 2 0 1 56 2
2642.52 1 3 0 0 0 2 1 1 55 2
2649.43 1 3 0 0 0 1 1 0 55 3
2650.81 1 3 0 0 0 2 1 1 55 2
2654.63 0 2 0 0 1 2 1 1 55 2
2656.96 0 2 0 0 0 1 2 1 55 2
2668.87 0 2 0 0 0 2 2 2 55 1
2670.51 0 2 1 1 0 1 2 2 55 1
2675.35 0 2 1 1 0 0 2 1 55 2
2676.78 0 1 1 1 0 0 1 1 56 2
2689.31 0 2 1 1 0 0 2 1 55 2
2698.36 0 2 0 0 0 1 2 1 55 2
2721.45 0 2 0 0 0 2 2 2 55 1
2725.58 0 2 0 0 1 3 1 2 55 1
2733.35 0 3 0 0 2 3 1 1 55 1
2734.37 0 4 0 0 3 3 1 0 55 1
2744.97 0 4 1 1 3 2 1 0 55 1
2748.4 0 3 1 1 2 2 1 1 55 1
2757.48 0 2 1 1 2 2 0 1 56 1
2765.5 0 3 1 1 2 2 1 1 55 1
2771 0 3 1 1 2 3 1 2 55 0
2772.07 1 4 1 1 1 3 1 2 55 0
2772.21 1 4 1 1 1 2 1 1 55 1
2783.92 1 4 1 1 1 1 1 0 55 2
2784.5 1 4 1 1 1 2 1 1 55 1
2786.16 1 3 1 1 1 2 0 1 56 1
2792.23 0 2 1 1 2 2 0 1 56 1
2798.54 1 3 1 1 1 2 0 1 56 1
2798.94 1 3 1 1 1 3 0 2 56 0
2813.13 1 3 1 1 0 2 1 2 56 0
2814.85 1 4 1 1 0 2 2 2 55 0
2827.91 1 5 1 1 0 2 3 2 54 0
2829.57 1 4 1 1 0 2 2 2 55 0
2836.15 1 5 1 1 0 2 3 2 54 0
2837.22 1 4 1 1 0 2 2 2 55 0
2840.21 0 3 1 1 1 2 2 2 55 0
2843.57 0 2 1 1 0 2 2 3 55 0
2845.99 0 2 1 1 0 1 2 2 55 1
2846.81 0 3 1 1 1 1 2 1 55 1
2870.26 0 4 1 1 1 1 3 1 54 1
2871.56 0 4 2 2 1 0 3 1 54 1
2881.56 0 3 2 2 1 0 2 1 55 1
2882.43 0 2 2 2 0 0 2 2 55 1
2886.24 0 3 2 2 1 0 2 1 55 1
2892.13 0 3 2 2 2 1 1 1 55 1
2892.19 0 3 2 2 1 0 2 1 55 1
2895.76 0 3 1 1 1 1 2 1 55 1
2919.71 0 2 1 1 1 1 1 1 56 1
2924.29 0 1 1 1 0 1 1 2 56 1
2958.66 0 1 2 2 0 0 1 2 56 1
2960.15 0 2 2 2 0 0 2 2 55 1
2967.32 0 1 2 2 0 0 1 2 56 1
2967.82 0 1 1 1 0 1 1 2 56 1
2969.1 0 1 1 1 0 2 1 3 56 0
2969.78 0 2 1 1 1 2 1 2 56 0
2972.33 0 2 2 2 1 1 1 2 56 0
2975.23 0 3 2 2 1 1 2 2 55 0
2976.21 0 2 2 2 0 1 2 3 55 0
2985.64 0 2 2 2 0 0 2 2 55 1
2994.88 0 3 2 2 0 0 3 2 54 1
2994.88 0 3 2 2 0 0 3 2 54 1
