0 60 120 60 60 0 0 0 0 0 0
0.0258387 60 120 59 59 0 1 0 0 0 0
0.0325242 59 119 59 59 1 1 0 0 0 0
0.0698417 58 118 59 59 2 1 0 0 0 0
0.0791868 57 117 59 59 3 1 0 0 0 0
0.0807346 56 116 59 59 4 1 0 0 0 0
0.090379 55 115 59 59 5 1 0 0 0 0
0.0940533 55 115 58 58 5 2 0 0 0 0
0.110091 55 115 57 57 5 3 0 0 0 0
0.118415 54 114 57 57 6 3 0 0 0 0
0.11975 54 114 56 56 6 4 0 0 0 0
0.157624 53 113 56 56 7 4 0 0 0 0
0.163184 52 112 56 56 8 4 0 0 0 0
0.183083 52 111 56 56 7 4 0 1 0 0
0.203062 51 110 56 56 8 4 0 1 0 0
0.211342 51 110 55 55 8 5 0 1 0 0
0.237483 51 110 54 54 8 6 0 1 0 0
0.247678 51 110 53 53 8 7 0 1 0 0
0.249219 50 109 53 53 9 7 0 1 0 0
0.278455 49 108 53 53 10 7 0 1 0 0
0.304615 48 107 53 53 11 7 0 1 0 0
0.315985 48 107 52 52 11 8 0 1 0 0
0.341728 47 106 52 52 12 8 0 1 0 0
0.351095 46 105 52 52 13 8 0 1 0 0
0.379044 45 104 52 52 14 8 0 1 0 0
0.384017 44 103 52 52 15 8 0 1 0 0
0.385165 44 103 51 51 15 9 0 1 0 0
0.393989 44 103 50 50 15 10 0 1 0 0
0.438974 44 103 49 49 15 11 0 1 0 0
0.447823 43 102 49 49 16 11 0 1 0 0
0.450047 42 101 49 49 17 11 0 1 0 0
0.494932 41 100 49 49 18 11 0 1 0 0
0.498114 41 100 48 48 18 12 0 1 0 0
0.502048 41 100 47 47 18 13 0 1 0 0
0.538875 41 99 47 47 17 13 0 2 0 0
0.576472 40 98 47 47 18 13 0 2 0 0
0.577273 40 98 46 46 18 14 0 2 0 0
0.57842 39 97 46 46 19 14 0 2 0 0
0.5822 38 96 46 46 20 14 0 2 0 0
0.590554 38 95 46 46 19 14 0 3 0 0
0.600956 37 94 46 46 20 14 0 3 0 0
0.660341 37 94 45 45 20 15 0 3 0 0
0.696594 37 94 44 44 20 16 0 3 0 0
0.741607 36 93 44 44 21 16 0 3 0 0
0.757647 36 93 43 43 21 17 0 3 0 0
0.770621 35 92 43 43 22 17 0 3 0 0
0.774836 35 92 42 42 22 18 0 3 0 0
0.796052 35 92 41 41 22 19 0 3 0 0
0.83614 34 91 41 41 23 19 0 3 0 0
0.856453 33 90 41 41 24 19 0 3 0 0
0.917641 33 90 40 40 24 20 0 3 0 0
0.930494 34 91 40 40 23 20 0 3 0 0
0.994713 34 91 39 39 23 21 0 3 0 0
1.03386 34 90 39 39 22 21 0 4 0 0
1.03529 34 89 39 39 21 21 0 5 0 0
1.03958 34 89 38 38 21 22 0 5 0 0
1.08597 34 88 38 38 20 22 0 6 0 0
1.08645 33 87 38 38 21 22 0 6 0 0
1.10295 32 86 38 38 22 22 0 6 0 0
1.12052 32 85 38 38 21 22 0 7 0 0
1.1274 32 84 38 38 20 22 0 8 0 0
1.16681 32 84 37 37 20 23 0 8 0 0
1.18234 32 84 36 36 20 24 0 8 0 0
1.22492 32 84 35 35 20 25 0 8 0 0
1.23616 32 84 34 34 20 26 0 8 0 0
1.23984 32 84 34 34 19 25 1 8 0 0
1.24098 31 83 34 34 20 25 1 8 0 0
1.25103 32 84 34 34 19 25 1 8 0 0
1.25556 32 83 34 34 18 25 1 9 0 0
1.25991 32 82 34 34 17 25 1 10 0 0
1.27473 32 82 33 33 17 26 1 10 0 0
1.30876 32 82 32 32 17 27 1 10 0 0
1.32613 31 81 32 32 18 27 1 10 0 0
1.32934 31 81 32 32 18 26 1 9 0 1
1.36033 30 80 32 32 19 26 1 9 0 1
1.36542 29 79 32 32 20 26 1 9 0 1
1.40036 29 79 32 32 20 25 1 8 0 2
1.41615 29 78 32 32 19 25 1 9 0 2
1.43542 29 78 32 32 18 24 2 9 0 2
1.46208 28 77 32 32 19 24 2 9 0 2
1.50758 27 76 32 32 20 24 2 9 0 2
1.51609 26 75 32 32 21 24 2 9 0 2
1.53084 25 74 32 32 22 24 2 9 0 2
1.58908 25 74 31 31 22 25 2 9 0 2
1.64074 25 74 31 31 22 24 2 8 0 3
1.694 25 73 31 31 21 24 2 9 0 3
1.7091 25 73 30 30 21 25 2 9 0 3
1.74109 24 72 30 30 22 25 2 9 0 3
1.75562 23 71 30 30 23 25 2 9 0 3
1.75575 23 70 30 30 22 25 2 10 0 3
1.77567 23 69 30 30 21 25 2 11 0 3
1.77958 23 68 30 30 20 25 2 12 0 3
1.78676 23 68 29 29 20 26 2 12 0 3
1.80909 22 67 29 29 21 26 2 12 0 3
1.88501 22 66 29 29 20 26 2 13 0 3
1.91943 21 65 29 29 21 26 2 13 0 3
2.03389 20 64 29 29 22 26 2 13 0 3
2.0646 20 64 29 29 21 25 3 13 0 3
2.09273 20 64 28 28 21 26 3 13 0 3
2.09347 20 64 28 28 20 25 4 13 0 3
2.12144 19 63 28 28 21 25 4 13 0 3
2.16966 20 64 28 28 20 25 4 13 0 3
2.19256 20 64 28 28 19 24 5 13 0 3
2.29179 19 63 28 28 20 24 5 13 0 3
2.30254 18 62 28 28 21 24 5 13 0 3
2.30441 17 61 28 28 22 24 5 13 0 3
2.3098 17 60 28 28 21 24 5 14 0 3
2.31162 17 59 28 28 20 24 5 15 0 3
2.36326 17 59 27 27 20 25 5 15 0 3
2.36752 17 59 26 26 20 26 5 15 0 3
2.41654 16 58 26 26 21 26 5 15 0 3
2.43741 16 58 25 25 21 27 5 15 0 3
2.48573 16 58 25 25 21 26 5 14 0 4
2.49122 16 57 25 25 20 26 5 15 0 4
2.52483 16 56 25 25 19 26 5 16 0 4
2.58402 16 55 25 25 18 26 5 17 0 4
2.58616 16 55 25 25 17 25 6 17 0 4
2.59488 16 55 25 25 16 24 7 17 0 4
2.59673 16 54 25 25 15 24 7 18 0 4
2.62385 16 53 25 25 14 24 7 19 0 4
2.62894 16 53 25 25 13 23 8 19 0 4
2.63416 16 52 25 25 12 23 8 20 0 4
2.68992 16 52 25 25 12 22 8 19 0 5
2.73368 16 52 25 25 11 21 9 19 0 5
2.79487 15 51 25 25 12 21 9 19 0 5
2.80538 15 51 25 25 11 20 10 19 0 5
2.84083 15 51 24 24 11 21 10 19 0 5
2.85356 15 50 24 24 10 21 10 20 0 5
2.91695 15 49 24 24 10 21 9 20 1 5
2.9658 15 48 24 24 10 21 8 20 2 5
3.00558 15 47 24 24 10 21 7 20 3 5
3.04497 15 47 23 23 10 22 7 20 3 5
3.04594 14 46 23 23 11 22 7 20 3 5
3.05615 14 46 23 23 11 21 7 19 3 6
3.17817 14 46 22 22 11 22 7 19 3 6
3.20436 14 46 23 23 11 21 7 19 3 6
3.21759 14 46 23 23 10 20 8 19 3 6
3.23579 13 45 23 23 11 20 8 19 3 6
3.29712 12 44 23 23 12 20 8 19 3 6
3.33087 12 43 23 23 12 20 7 19 4 6
3.39431 12 43 22 22 12 21 7 19 4 6
3.5612 12 42 22 22 11 21 7 20 4 6
3.58529 12 42 22 22 11 20 7 19 4 7
3.62926 12 42 22 22 11 19 7 18 4 8
3.68186 12 42 22 22 11 18 7 17 4 9
3.7176 12 42 22 22 11 17 7 16 4 10
3.77674 11 41 22 22 12 17 7 16 4 10
3.86528 11 41 21 21 12 18 7 16 4 10
3.94899 10 40 21 21 13 18 7 16 4 10
4.02517 10 40 20 20 13 19 7 16 4 10
4.08606 10 40 20 20 13 18 7 15 4 11
4.15702 9 39 20 20 14 18 7 15 4 11
4.21861 8 38 20 20 15 18 7 15 4 11
4.32453 8 37 20 20 14 18 7 16 4 11
4.47274 8 36 20 20 13 18 7 17 4 11
4.56534 8 36 20 20 12 17 8 17 4 11
4.7794 8 36 19 19 12 18 8 17 4 11
4.89676 8 35 19 19 11 18 8 18 4 11
5.05614 8 34 19 19 10 18 8 19 4 11
5.09367 8 33 19 19 10 18 7 19 5 11
5.15011 8 33 18 18 10 19 7 19 5 11
5.22642 8 33 18 18 10 18 7 18 5 12
5.36861 8 32 18 18 9 18 7 19 5 12
5.48984 8 32 18 18 8 17 8 19 5 12
5.5231 8 31 18 18 8 17 7 19 6 12
5.54382 7 30 18 18 9 17 7 19 6 12
5.61794 6 29 18 18 10 17 7 19 6 12
5.75476 6 29 18 18 10 16 7 18 6 13
5.91957 6 29 18 18 9 15 8 18 6 13
5.9803 6 29 17 17 9 16 8 18 6 13
6.16313 6 29 17 17 9 15 8 17 6 14
6.19735 6 29 16 16 9 16 8 17 6 14
6.42085 6 29 16 16 9 15 8 16 6 15
6.43171 6 29 15 15 9 16 8 16 6 15
6.49077 6 28 15 15 9 16 7 16 7 15
6.52217 5 27 15 15 10 16 7 16 7 15
6.56478 5 27 14 14 10 17 7 16 7 15
6.57419 5 27 14 14 10 16 7 15 7 16
6.60725 5 27 13 13 10 17 7 15 7 16
6.74929 5 26 13 13 10 17 6 15 8 16
6.79359 4 25 13 13 11 17 6 15 8 16
6.87878 4 25 12 12 11 18 6 15 8 16
7.06844 4 25 12 12 11 17 6 14 8 17
7.07609 4 24 12 12 11 17 5 14 9 17
7.35025 4 23 12 12 11 17 4 14 10 17
7.4082 4 23 12 12 10 16 5 14 10 17
7.59176 4 23 12 12 9 15 6 14 10 17
7.70224 4 23 12 12 8 14 7 14 10 17
7.90635 4 23 12 12 7 13 8 14 10 17
7.98878 4 23 12 12 7 12 8 13 10 18
8.01236 4 23 12 12 6 11 9 13 10 18
8.03841 4 22 12 12 6 11 8 13 11 18
8.17616 4 22 12 12 6 10 8 12 11 19
8.34935 4 22 11 11 6 11 8 12 11 19
8.36502 4 21 11 11 5 11 8 13 11 19
8.45853 4 20 11 11 4 11 8 14 11 19
8.52277 3 19 11 11 5 11 8 14 11 19
8.58954 3 19 12 12 5 10 8 14 11 19
8.63878 3 18 12 12 4 10 8 15 11 19
8.90364 4 19 12 12 3 10 8 15 11 19
9.34287 4 19 13 13 3 9 8 15 11 19
9.72958 4 19 13 13 2 8 9 15 11 19
10.0125 4 18 13 13 2 8 8 15 12 19
10.0822 4 17 13 13 2 8 7 15 13 19
10.0944 4 17 12 12 2 9 7 15 13 19
10.3719 4 17 12 12 2 8 7 14 13 20
10.4866 4 17 11 11 2 9 7 14 13 20
10.7535 3 16 11 11 3 9 7 14 13 20
10.7743 3 16 11 11 3 8 7 13 13 21
11.1345 3 16 11 11 3 7 7 12 13 22
11.4133 4 17 11 11 2 7 7 12 13 22
11.6403 3 16 11 11 3 7 7 12 13 22
11.659 3 16 10 10 3 8 7 12 13 22
11.6626 3 16 10 10 3 7 7 11 13 23
11.7313 3 16 9 9 3 8 7 11 13 23
11.8815 3 17 9 9 4 8 7 10 13 23
12.3702 3 17 9 9 4 7 7 9 13 24
12.7474 3 16 9 9 4 7 6 9 14 24
13.0803 3 16 9 9 4 8 6 10 14 23
13.1038 3 16 9 9 3 7 7 10 14 23
13.4731 3 16 8 8 3 8 7 10 14 23
14.2048 3 16 8 8 3 9 7 11 14 22
14.4886 3 15 8 8 3 9 6 11 15 22
14.4922 3 15 8 8 2 8 7 11 15 22
15.1375 3 15 7 7 2 9 7 11 15 22
15.7998 3 14 7 7 2 9 6 11 16 22
16.6404 3 14 7 7 2 8 6 10 16 23
16.8461 2 13 7 7 3 8 6 10 16 23
16.9783 2 12 7 7 2 8 6 11 16 23
17.1013 2 11 7 7 1 8 6 12 16 23
17.1851 2 10 7 7 1 8 5 12 17 23
17.6062 2 10 7 7 1 9 5 13 17 22
18.7109 2 10 7 7 1 8 5 12 17 23
19.1085 2 9 7 7 1 8 4 12 18 23
19.31 2 8 7 7 1 8 3 12 19 23
19.4943 2 8 7 7 1 9 3 13 19 22
19.7625 2 8 8 8 1 8 3 13 19 22
19.8242 2 8 8 8 1 9 3 14 19 21
20.4821 2 9 8 8 2 9 3 13 19 21
21.0716 2 8 8 8 2 9 2 13 20 21
22.0538 2 7 8 8 1 9 2 14 20 21
22.1245 2 7 7 7 1 10 2 14 20 21
22.1548 2 7 7 7 1 9 2 13 20 22
22.8941 2 7 7 7 1 8 2 12 20 23
22.8994 2 7 7 7 1 9 2 13 20 22
23.8994 2 8 7 7 2 9 2 12 20 22
24.4885 2 8 7 7 2 8 2 11 20 23
24.6027 2 7 7 7 1 8 2 12 20 23
25.5171 2 7 6 6 1 9 2 12 20 23
25.6612 2 8 6 6 2 9 2 11 20 23
25.9674 2 8 6 6 2 8 2 10 20 24
26.1003 2 8 5 5 2 9 2 10 20 24
26.8783 2 8 5 5 2 8 2 9 20 25
28.7307 2 8 5 5 2 7 2 8 20 26
29.1471 2 7 5 5 2 7 1 8 21 26
29.2931 2 7 5 5 2 6 1 7 21 27
29.612 2 7 6 6 2 5 1 7 21 27
29.7611 2 7 6 6 2 4 1 6 21 28
31.6956 1 6 6 6 3 4 1 6 21 28
32.8948 1 6 5 5 3 5 1 6 21 28
32.9047 1 5 5 5 2 5 1 7 21 28
33.0046 1 4 5 5 2 5 0 7 22 28
33.1312 1 4 5 5 2 6 0 8 22 27
33.5186 1 4 4 4 2 7 0 8 22 27
33.6068 1 4 4 4 2 6 0 7 22 28
33.7242 1 4 4 4 2 5 0 6 22 29
33.903 1 4 4 4 2 6 0 7 22 28
34.4476 1 4 3 3 2 7 0 7 22 28
35.445 1 4 4 4 2 6 0 7 22 28
36.0203 1 4 4 4 2 7 0 8 22 27
36.1335 1 4 4 4 2 6 0 7 22 28
36.8102 1 4 4 4 2 5 0 6 22 29
36.8148 1 4 4 4 2 4 0 5 22 30
39.2261 1 4 3 3 2 5 0 5 22 30
40.4441 1 4 3 3 2 4 0 4 22 31
42.5809 1 4 3 3 2 3 0 3 22 32
43.0727 1 4 2 2 2 4 0 3 22 32
43.7699 1 4 2 2 2 5 0 4 22 31
44.1179 1 3 2 2 1 5 0 5 22 31
44.7489 1 3 2 2 1 6 0 6 22 30
45.3403 1 3 3 3 1 5 0 6 22 30
48.217 2 4 3 3 0 5 0 6 22 30
50.5564 2 4 3 3 0 6 0 7 22 29
51.3072 2 4 3 3 0 5 0 6 22 30
53.1427 1 3 3 3 1 5 0 6 22 30
54.5005 1 3 2 2 1 6 0 6 22 30
55.6543 1 3 2 2 1 7 0 7 22 29
56.156 1 3 2 2 1 6 0 6 22 30
59.2901 1 3 2 2 1 7 0 7 22 29
60.1163 1 3 2 2 1 6 0 6 22 30
63.5766 1 3 2 2 1 7 0 7 22 29
63.9371 1 3 2 2 1 8 0 8 22 28
64.3107 1 3 2 2 1 7 0 7 22 29
65.5632 1 3 2 2 1 6 0 6 22 30
66.3775 1 3 2 2 1 7 0 7 22 29
69.6772 1 3 2 2 0 6 1 7 22 29
70.8308 1 3 2 2 0 5 1 6 22 30
71.7368 1 4 2 2 1 5 1 5 22 30
72.0974 1 4 2 2 1 6 1 6 22 29
72.1514 1 4 2 2 1 7 1 7 22 28
72.1571 1 4 2 2 1 6 1 6 22 29
76.0124 1 4 2 2 1 5 1 5 22 30
80.4729 1 4 2 2 1 6 1 6 22 29
80.8634 1 4 2 2 0 5 2 6 22 29
82.1584 1 3 2 2 0 5 1 6 23 29
83.1322 1 3 3 3 0 4 1 6 23 29
83.5499 1 3 3 3 0 3 1 5 23 30
86.7008 1 4 3 3 1 3 1 4 23 30
87.822 1 4 4 4 1 2 1 4 23 30
88.1611 1 4 4 4 1 3 1 5 23 29
89.7612 1 4 4 4 1 4 1 6 23 28
89.7899 1 4 4 4 1 5 1 7 23 27
89.8701 1 4 4 4 1 4 1 6 23 28
92.2477 1 4 4 4 1 5 1 7 23 27
93.0915 1 4 3 3 1 6 1 7 23 27
93.5865 1 4 3 3 1 5 1 6 23 28
94.8418 1 4 3 3 1 6 1 7 23 27
95.0967 1 4 3 3 1 5 1 6 23 28
96.5747 2 5 3 3 0 5 1 6 23 28
97.5455 2 5 3 3 0 6 1 7 23 27
98.0829 2 5 3 3 0 7 1 8 23 26
98.0982 2 5 3 3 0 6 1 7 23 27
101.227 2 5 2 2 0 7 1 7 23 27
101.592 2 5 2 2 0 6 1 6 23 28
102.402 2 5 3 3 0 5 1 6 23 28
103.47 2 5 3 3 0 6 1 7 23 27
104.782 2 5 3 3 0 5 1 6 23 28
105.881 2 5 3 3 0 4 1 5 23 29
106.123 2 6 3 3 1 4 1 4 23 29
106.292 2 5 3 3 1 4 0 4 24 29
107 2 6 3 3 2 4 0 3 24 29
107.436 2 6 3 3 2 5 0 4 24 28
109.821 2 6 3 3 2 4 0 3 24 29
111.501 2 6 3 3 2 3 0 2 24 30
111.594 2 6 3 3 2 4 0 3 24 29
111.627 2 7 3 3 3 4 0 2 24 29
112.261 2 7 3 3 3 5 0 3 24 28
112.435 2 8 3 3 3 5 1 3 23 28
115.161 2 8 3 3 3 4 1 2 23 29
117.605 3 9 3 3 2 4 1 2 23 29
123.213 3 8 3 3 1 4 1 3 23 29
124.538 3 8 3 3 0 3 2 3 23 29
124.74 3 8 3 3 0 4 2 4 23 28
125.515 3 8 3 3 0 5 2 5 23 27
127.286 3 7 3 3 0 5 1 5 24 27
127.376 3 7 3 3 0 6 1 6 24 26
127.574 3 8 3 3 1 6 1 5 24 26
128.001 3 8 3 3 1 7 1 6 24 25
130.26 3 8 3 3 1 8 1 7 24 24
131.192 3 8 3 3 1 9 1 8 24 23
131.639 3 7 3 3 0 9 1 9 24 23
132.125 2 6 3 3 1 9 1 9 24 23
133.197 2 6 3 3 1 8 1 8 24 24
133.505 2 6 3 3 1 7 1 7 24 25
133.608 2 6 3 3 1 8 1 8 24 24
133.779 2 6 3 3 1 9 1 9 24 23
134.832 2 6 2 2 1 10 1 9 24 23
136.042 2 6 1 1 1 11 1 9 24 23
136.223 2 6 1 1 1 10 1 8 24 24
136.457 2 6 1 1 1 11 1 9 24 23
139.594 2 6 1 1 1 10 1 8 24 24
139.893 2 6 1 1 1 11 1 9 24 23
140.796 2 6 1 1 1 10 1 8 24 24
141.003 2 6 1 1 1 9 1 7 24 25
142.506 1 5 1 1 2 9 1 7 24 25
143.407 1 6 1 1 3 9 1 6 24 25
144.262 1 6 1 1 3 10 1 7 24 24
144.442 1 6 1 1 3 9 1 6 24 25
145.667 1 6 1 1 3 8 1 5 24 26
145.831 1 6 1 1 2 7 2 5 24 26
147.304 1 7 1 1 2 7 3 5 23 26
147.318 1 7 1 1 2 6 3 4 23 27
147.624 1 6 1 1 2 6 2 4 24 27
148.327 1 6 1 1 2 5 2 3 24 28
148.553 1 5 1 1 1 5 2 4 24 28
149.628 1 5 1 1 1 6 2 5 24 27
149.762 1 5 1 1 0 5 3 5 24 27
150.281 1 4 1 1 0 5 2 5 25 27
151.57 1 4 2 2 0 4 2 5 25 27
152.614 1 4 2 2 0 5 2 6 25 26
153.558 1 4 2 2 0 6 2 7 25 25
155.169 1 4 2 2 0 7 2 8 25 24
155.616 0 3 2 2 1 7 2 8 25 24
156.638 0 3 2 2 1 8 2 9 25 23
157.309 0 3 2 2 1 7 2 8 25 24
157.38 0 4 2 2 2 7 2 7 25 24
157.588 0 4 2 2 2 8 2 8 25 23
159.466 0 4 2 2 2 7 2 7 25 24
161.887 0 4 3 3 2 6 2 7 25 24
166.509 0 4 3 3 2 7 2 8 25 23
166.653 0 4 3 3 2 6 2 7 25 24
166.966 0 4 3 3 2 7 2 8 25 23
167.537 0 4 3 3 2 6 2 7 25 24
167.662 0 4 3 3 2 7 2 8 25 23
167.859 0 4 3 3 2 6 2 7 25 24
168.632 0 4 3 3 2 5 2 6 25 25
170.68 0 4 3 3 2 6 2 7 25 24
173.339 0 4 3 3 2 7 2 8 25 23
173.657 0 4 3 3 2 6 2 7 25 24
174.108 0 3 3 3 2 6 1 7 26 24
174.663 1 4 3 3 1 6 1 7 26 24
174.885 1 4 3 3 1 5 1 6 26 25
175.774 1 4 3 3 1 6 1 7 26 24
175.891 2 5 3 3 0 6 1 7 26 24
176.599 2 5 3 3 0 7 1 8 26 23
177.416 2 5 3 3 0 6 1 7 26 24
178.614 2 5 2 2 0 7 1 7 26 24
181.111 2 5 2 2 0 8 1 8 26 23
181.712 2 5 2 2 0 9 1 9 26 22
181.968 2 5 2 2 0 8 1 8 26 23
183.04 2 5 2 2 0 7 1 7 26 24
183.602 2 5 2 2 0 6 1 6 26 25
183.78 2 5 2 2 0 7 1 7 26 24
185.253 2 5 3 3 0 6 1 7 26 24
188.434 2 5 3 3 0 7 1 8 26 23
188.789 2 5 3 3 1 8 0 8 26 23
189.535 2 5 3 3 1 7 0 7 26 24
189.536 2 5 3 3 1 8 0 8 26 23
190.305 2 5 3 3 1 9 0 9 26 22
190.974 2 5 3 3 1 10 0 10 26 21
191.132 2 5 3 3 1 11 0 11 26 20
191.907 2 5 3 3 0 10 1 11 26 20
191.915 2 5 3 3 0 9 1 10 26 21
191.948 2 5 3 3 0 8 1 9 26 22
192.868 2 6 3 3 1 8 1 8 26 22
193.018 2 6 4 4 1 7 1 8 26 22
193.134 2 6 4 4 1 6 1 7 26 23
195.099 2 6 4 4 1 7 1 8 26 22
197.417 2 6 4 4 1 6 1 7 26 23
198.604 2 6 3 3 1 7 1 7 26 23
199.944 2 6 3 3 1 8 1 8 26 22
200.191 2 6 4 4 1 7 1 8 26 22
200.831 2 7 4 4 2 7 1 7 26 22
201.334 2 7 4 4 2 8 1 8 26 21
201.664 2 7 4 4 2 9 1 9 26 20
201.816 2 7 4 4 2 8 1 8 26 21
201.989 1 6 4 4 3 8 1 8 26 21
202.415 1 7 4 4 4 8 1 7 26 21
202.948 1 7 4 4 4 7 1 6 26 22
203.854 1 8 4 4 5 7 1 5 26 22
204.977 1 8 3 3 5 8 1 5 26 22
205.518 1 8 2 2 5 9 1 5 26 22
205.925 1 8 2 2 5 8 1 4 26 23
206.095 1 8 2 2 5 7 1 3 26 24
206.157 1 8 1 1 5 8 1 3 26 24
206.417 1 8 1 1 4 7 2 3 26 24
209.413 1 7 1 1 3 7 2 4 26 24
209.617 1 7 1 1 3 6 2 3 26 25
211.284 1 6 1 1 2 6 2 4 26 25
212.379 1 6 1 1 2 7 2 5 26 24
213.666 1 5 1 1 2 7 1 5 27 24
215.183 1 5 0 0 2 8 1 5 27 24
216.677 1 5 0 0 2 9 1 6 27 23
216.854 1 5 1 1 2 8 1 6 27 23
218.062 1 5 1 1 1 7 2 6 27 23
218.892 1 5 1 1 1 6 2 5 27 24
220.651 1 5 1 1 1 7 2 6 27 23
221.329 1 5 1 1 1 8 2 7 27 22
222.058 1 5 1 1 1 7 2 6 27 23
223.153 1 5 1 1 1 6 2 5 27 24
224.311 1 5 1 1 0 5 3 5 27 24
225.14 1 5 1 1 0 4 3 4 27 25
226.133 1 5 1 1 0 3 3 3 27 26
226.325 1 5 1 1 0 4 3 4 27 25
226.955 1 5 1 1 0 3 3 3 27 26
228.064 1 5 1 1 0 4 3 4 27 25
229.431 1 5 1 1 0 5 3 5 27 24
229.494 1 5 1 1 0 6 3 6 27 23
230.317 1 5 1 1 0 7 3 7 27 22
231.69 1 5 1 1 0 8 3 8 27 21
231.817 1 6 1 1 1 8 3 7 27 21
233.115 1 5 1 1 1 8 2 7 28 21
233.571 1 5 1 1 1 9 2 8 28 20
233.709 1 5 1 1 0 8 3 8 28 20
236.41 1 5 1 1 0 7 3 7 28 21
237.255 1 5 1 1 0 6 3 6 28 22
238.888 1 5 1 1 0 7 3 7 28 21
239.095 1 5 1 1 0 8 3 8 28 20
240.211 1 6 1 1 1 8 3 7 28 20
240.941 1 6 1 1 1 9 3 8 28 19
240.983 1 6 1 1 1 10 3 9 28 18
241.09 1 6 1 1 1 9 3 8 28 19
241.424 1 6 1 1 1 10 3 9 28 18
241.467 1 5 1 1 1 10 2 9 29 18
241.872 1 5 1 1 1 9 2 8 29 19
241.943 1 5 1 1 1 8 2 7 29 20
242.01 1 4 1 1 1 8 1 7 30 20
242.612 1 4 1 1 1 7 1 6 30 21
242.738 1 4 1 1 1 6 1 5 30 22
243.357 1 4 1 1 1 7 1 6 30 21
243.948 1 4 1 1 0 6 2 6 30 21
245.211 1 4 1 1 0 7 2 7 30 20
248.605 1 4 1 1 0 6 2 6 30 21
249.259 1 4 1 1 0 5 2 5 30 22
249.396 1 4 0 0 0 6 2 5 30 22
251.019 1 4 0 0 0 7 2 6 30 21
251.044 1 4 0 0 0 6 2 5 30 22
253.327 1 4 0 0 0 7 2 6 30 21
253.342 1 4 0 0 0 6 2 5 30 22
253.673 1 5 0 0 1 6 2 4 30 22
255.039 1 5 0 0 1 7 2 5 30 21
259.11 1 5 0 0 1 6 2 4 30 22
259.311 1 6 0 0 2 6 2 3 30 22
259.536 1 6 0 0 2 7 2 4 30 21
259.557 1 6 0 0 2 6 2 3 30 22
259.972 1 6 1 1 2 5 2 3 30 22
260.786 1 6 1 1 1 4 3 3 30 22
261.955 1 7 1 1 2 4 3 2 30 22
263.477 0 6 1 1 3 4 3 2 30 22
263.564 0 5 1 1 3 4 2 2 31 22
267.038 0 4 1 1 2 4 2 3 31 22
271.233 0 4 1 1 1 3 3 3 31 22
272.705 0 4 1 1 1 2 3 2 31 23
273.375 0 5 1 1 2 2 3 1 31 23
274.903 0 6 1 1 2 2 4 1 30 23
274.933 0 6 1 1 2 3 4 2 30 22
277.162 0 6 0 0 2 4 4 2 30 22
282.117 0 6 0 0 1 3 5 2 30 22
282.868 0 6 0 0 1 4 5 3 30 21
283.162 0 6 0 0 2 5 4 3 30 21
284.608 0 6 0 0 2 4 4 2 30 22
287.118 0 6 0 0 2 5 4 3 30 21
287.743 0 6 1 1 2 4 4 3 30 21
288.921 0 6 1 1 2 5 4 4 30 20
289.492 0 5 1 1 1 5 4 5 30 20
292.57 0 5 1 1 1 6 4 6 30 19
293.205 0 4 1 1 1 6 3 6 31 19
293.562 0 4 1 1 1 7 3 7 31 18
294.534 0 4 1 1 1 6 3 6 31 19
295.664 0 4 1 1 1 7 3 7 31 18
295.748 0 4 1 1 1 6 3 6 31 19
296.496 0 3 1 1 1 6 2 6 32 19
297.743 0 3 2 2 1 5 2 6 32 19
300.193 0 3 2 2 1 6 2 7 32 18
301.254 0 3 2 2 1 7 2 8 32 17
301.9 0 4 2 2 2 7 2 7 32 17
302.651 0 4 3 3 2 6 2 7 32 17
303.314 0 4 2 2 2 7 2 7 32 17
304.663 0 4 2 2 2 8 2 8 32 16
304.71 0 4 2 2 2 9 2 9 32 15
305.833 0 4 2 2 1 8 3 9 32 15
306.363 0 5 2 2 2 8 3 8 32 15
307.81 0 5 2 2 2 7 3 7 32 16
308.031 0 5 2 2 2 6 3 6 32 17
308.356 0 4 2 2 2 6 2 6 33 17
309.46 0 4 2 2 3 7 1 6 33 17
310.045 0 4 2 2 3 8 1 7 33 16
310.268 0 4 2 2 3 9 1 8 33 15
310.84 0 4 2 2 3 10 1 9 33 14
310.904 0 4 2 2 3 11 1 10 33 13
310.962 0 4 2 2 3 10 1 9 33 14
311.311 0 4 2 2 3 9 1 8 33 15
312.854 0 4 2 2 2 8 2 8 33 15
313.573 0 4 2 2 2 7 2 7 33 16
316.524 0 4 2 2 2 6 2 6 33 17
318.035 0 4 2 2 2 5 2 5 33 18
319.128 0 4 2 2 2 6 2 6 33 17
321.774 0 4 3 3 2 5 2 6 33 17
324.322 0 4 3 3 2 6 2 7 33 16
326.041 0 4 3 3 2 7 2 8 33 15
328.422 0 4 3 3 2 6 2 7 33 16
329.12 1 5 3 3 1 6 2 7 33 16
329.869 1 5 3 3 1 5 2 6 33 17
330.534 1 5 3 3 1 6 2 7 33 16
332.085 1 5 3 3 1 5 2 6 33 17
332.236 1 5 3 3 0 4 3 6 33 17
332.312 1 5 3 3 0 3 3 5 33 18
333.272 1 5 2 2 0 4 3 5 33 18
333.972 1 5 2 2 0 5 3 6 33 17
334.93 1 6 2 2 1 5 3 5 33 17
336.124 1 6 2 2 1 6 3 6 33 16
336.15 1 6 2 2 1 7 3 7 33 15
336.688 1 6 2 2 0 6 4 7 33 15
337.651 1 7 2 2 0 6 5 7 32 15
337.684 1 7 2 2 0 5 5 6 32 16
338.348 0 6 2 2 1 5 5 6 32 16
340.175 0 6 2 2 0 4 6 6 32 16
340.646 0 7 2 2 1 4 6 5 32 16
341.781 0 6 2 2 1 4 5 5 33 16
342.264 1 7 2 2 0 4 5 5 33 16
342.614 1 7 2 2 0 3 5 4 33 17
343.003 1 7 2 2 0 4 5 5 33 16
346.648 1 6 2 2 0 4 4 5 34 16
346.979 1 7 2 2 1 4 4 4 34 16
348.646 1 6 2 2 1 4 3 4 35 16
350.07 1 7 2 2 1 4 4 4 34 16
354.171 1 6 2 2 1 4 3 4 35 16
355.297 1 6 3 3 1 3 3 4 35 16
356.544 1 6 3 3 1 4 3 5 35 15
358.049 1 5 3 3 0 4 3 6 35 15
359.085 1 5 3 3 0 5 3 7 35 14
360.153 1 6 3 3 0 5 4 7 34 14
360.24 1 6 2 2 0 6 4 7 34 14
361.359 1 6 2 2 0 5 4 6 34 15
362.586 0 5 2 2 1 5 4 6 34 15
362.734 0 4 2 2 1 5 3 6 35 15
363.406 0 4 2 2 2 6 2 6 35 15
363.624 0 4 3 3 2 5 2 6 35 15
363.729 0 4 4 4 2 4 2 6 35 15
365.063 0 4 4 4 1 3 3 6 35 15
365.214 0 5 4 4 2 3 3 5 35 15
365.47 0 5 4 4 2 4 3 6 35 14
369.06 0 4 4 4 2 4 2 6 36 14
369.813 0 4 4 4 2 3 2 5 36 15
372.628 0 4 4 4 2 4 2 6 36 14
372.84 1 5 4 4 1 4 2 6 36 14
373.252 1 4 4 4 1 4 1 6 37 14
374.949 1 5 4 4 1 4 2 6 36 14
376.157 1 5 4 4 2 5 1 6 36 14
376.225 1 6 4 4 3 5 1 5 36 14
376.578 1 6 4 4 3 6 1 6 36 13
376.678 1 5 4 4 2 6 1 7 36 13
377.454 1 5 5 5 2 5 1 7 36 13
377.465 1 4 5 5 1 5 1 8 36 13
378.602 1 4 5 5 1 4 1 7 36 14
379.3 1 4 4 4 1 5 1 7 36 14
383.244 1 4 4 4 1 4 1 6 36 15
385.553 1 4 3 3 1 5 1 6 36 15
386.127 1 4 3 3 1 6 1 7 36 14
386.846 1 4 3 3 1 7 1 8 36 13
387.378 1 4 3 3 1 6 1 7 36 14
388.43 1 4 3 3 1 5 1 6 36 15
388.971 1 5 3 3 2 5 1 5 36 15
388.993 1 5 2 2 2 6 1 5 36 15
390.184 1 5 2 2 2 7 1 6 36 14
390.383 1 5 2 2 1 6 2 6 36 14
390.731 1 6 2 2 2 6 2 5 36 14
391.719 1 5 2 2 2 6 1 5 37 14
392.68 1 5 2 2 2 5 1 4 37 15
393.388 1 5 2 2 2 6 1 5 37 14
393.76 1 5 2 2 1 5 2 5 37 14
397.675 1 5 2 2 1 6 2 6 37 13
398.416 1 4 2 2 0 6 2 7 37 13
398.609 1 4 2 2 0 5 2 6 37 14
398.626 1 4 2 2 0 4 2 5 37 15
408.354 1 5 2 2 1 4 2 4 37 15
408.694 1 5 2 2 1 3 2 3 37 16
408.84 2 6 2 2 0 3 2 3 37 16
412.499 2 6 2 2 0 4 2 4 37 15
413.493 2 6 2 2 0 3 2 3 37 16
413.827 2 6 2 2 0 2 2 2 37 17
414.805 2 6 2 2 0 3 2 3 37 16
418.806 1 5 2 2 1 3 2 3 37 16
419.19 1 6 2 2 1 3 3 3 36 16
420.499 1 5 2 2 0 3 3 4 36 16
422.197 1 4 2 2 0 3 2 4 37 16
423.28 1 4 3 3 0 2 2 4 37 16
423.365 1 4 2 2 0 3 2 4 37 16
424.077 1 4 2 2 0 4 2 5 37 15
425.951 1 4 2 2 0 5 2 6 37 14
428.166 1 4 2 2 0 4 2 5 37 15
430.41 0 3 2 2 1 4 2 5 37 15
430.857 0 3 2 2 1 3 2 4 37 16
432.092 0 3 2 2 1 4 2 5 37 15
435.905 0 3 2 2 0 3 3 5 37 15
437.682 0 3 2 2 0 4 3 6 37 14
439.075 0 3 1 1 0 5 3 6 37 14
440.147 0 3 2 2 0 4 3 6 37 14
445.719 0 3 2 2 0 3 3 5 37 15
449.799 0 3 2 2 1 4 2 5 37 15
450.308 0 3 3 3 1 3 2 5 37 15
451.056 0 3 3 3 1 2 2 4 37 16
451.127 0 3 3 3 1 3 2 5 37 15
452.488 0 3 3 3 1 4 2 6 37 14
453.764 0 3 3 3 1 5 2 7 37 13
455.165 0 4 3 3 2 5 2 6 37 13
457.474 1 5 3 3 1 5 2 6 37 13
457.885 1 5 3 3 1 6 2 7 37 12
458.084 1 4 3 3 0 6 2 8 37 12
458.307 1 4 3 3 0 7 2 9 37 11
459.484 1 4 3 3 0 6 2 8 37 12
459.632 1 5 3 3 1 6 2 7 37 12
461.174 1 5 3 3 1 5 2 6 37 13
462.559 1 4 3 3 0 5 2 7 37 13
462.979 1 4 3 3 0 4 2 6 37 14
463.378 1 4 3 3 0 3 2 5 37 15
463.399 1 4 3 3 0 2 2 4 37 16
463.824 1 4 3 3 0 3 2 5 37 15
469.429 1 3 3 3 0 3 1 5 38 15
470.375 1 3 4 4 0 2 1 5 38 15
475.293 1 3 4 4 0 3 1 6 38 14
478.451 1 2 4 4 0 3 0 6 39 14
479.357 1 2 4 4 0 4 0 7 39 13
482.164 1 2 4 4 0 3 0 6 39 14
485.656 0 1 4 4 1 3 0 6 39 14
487.253 0 1 4 4 1 2 0 5 39 15
489.989 0 1 4 4 1 1 0 4 39 16
492.925 0 2 4 4 2 1 0 3 39 16
493.684 0 2 4 4 2 2 0 4 39 15
494.071 1 3 4 4 1 2 0 4 39 15
498.86 1 4 4 4 2 2 0 3 39 15
499.004 1 4 3 3 2 3 0 3 39 15
505.695 1 4 3 3 2 4 0 4 39 14
511.475 1 4 2 2 2 5 0 4 39 14
521.307 1 5 2 2 2 5 1 4 38 14
522.16 1 5 1 1 2 6 1 4 38 14
522.82 1 6 1 1 3 6 1 3 38 14
524.242 1 5 1 1 3 6 0 3 39 14
524.944 1 5 1 1 3 5 0 2 39 15
525.548 1 5 1 1 3 6 0 3 39 14
526.499 1 5 1 1 2 5 1 3 39 14
528.799 1 5 1 1 2 6 1 4 39 13
530.208 1 5 1 1 2 5 1 3 39 14
532.302 1 5 0 0 2 6 1 3 39 14
535.552 1 5 0 0 1 5 2 3 39 14
536.745 1 4 0 0 1 5 1 3 40 14
537.503 1 4 0 0 1 4 1 2 40 15
540.348 1 4 0 0 1 5 1 3 40 14
543.947 1 4 0 0 1 4 1 2 40 15
544.523 1 3 0 0 1 4 0 2 41 15
544.653 2 4 0 0 0 4 0 2 41 15
548.408 2 4 0 0 0 5 0 3 41 14
556.053 2 5 0 0 1 5 0 2 41 14
556.516 2 5 0 0 1 6 0 3 41 13
561.549 2 5 0 0 1 5 0 2 41 14
563.471 2 6 0 0 1 5 1 2 40 14
564.518 2 7 0 0 1 5 2 2 39 14
566.296 2 7 0 0 1 6 2 3 39 13
569.147 2 7 0 0 1 5 2 2 39 14
569.165 2 6 0 0 1 5 1 2 40 14
569.878 2 6 0 0 1 4 1 1 40 15
571.478 2 5 0 0 0 4 1 2 40 15
571.683 2 5 0 0 0 5 1 3 40 14
577.83 1 4 0 0 1 5 1 3 40 14
584.86 1 4 0 0 1 6 1 4 40 13
587.344 1 4 0 0 1 7 1 5 40 12
590.197 1 4 0 0 1 6 1 4 40 13
591.224 1 3 0 0 0 6 1 5 40 13
597.531 1 3 0 0 0 5 1 4 40 14
597.964 1 2 0 0 0 5 0 4 41 14
598.418 1 2 0 0 0 4 0 3 41 15
599.54 1 3 0 0 0 4 1 3 40 15
599.982 1 3 0 0 0 5 1 4 40 14
602.507 1 3 0 0 0 6 1 5 40 13
603.538 1 3 0 0 0 5 1 4 40 14
606.789 1 3 0 0 0 4 1 3 40 15
607.39 1 3 0 0 0 5 1 4 40 14
608.518 1 3 0 0 0 6 1 5 40 13
610.234 1 4 0 0 1 6 1 4 40 13
610.678 1 4 0 0 1 5 1 3 40 14
612.207 1 4 0 0 1 6 1 4 40 13
613.793 1 4 1 1 1 5 1 4 40 13
615.172 1 4 1 1 1 6 1 5 40 12
615.578 1 4 1 1 1 5 1 4 40 13
617.905 1 4 2 2 1 4 1 4 40 13
618.906 1 4 1 1 1 5 1 4 40 13
619.325 1 4 1 1 1 4 1 3 40 14
620.873 1 4 1 1 1 5 1 4 40 13
623.608 1 4 1 1 1 6 1 5 40 12
624.419 1 4 1 1 1 7 1 6 40 11
628.086 1 4 1 1 1 8 1 7 40 10
632.521 1 4 1 1 1 9 1 8 40 9
633.278 1 4 1 1 1 8 1 7 40 10
633.984 1 4 1 1 1 9 1 8 40 9
635.407 1 4 1 1 1 8 1 7 40 10
636.909 1 4 2 2 1 7 1 7 40 10
638.356 2 5 2 2 0 7 1 7 40 10
639.939 2 6 2 2 1 7 1 6 40 10
640.555 1 5 2 2 2 7 1 6 40 10
642.083 1 5 2 2 2 8 1 7 40 9
642.522 1 6 2 2 3 8 1 6 40 9
642.56 1 6 2 2 3 7 1 5 40 10
645.124 1 6 2 2 3 6 1 4 40 11
648.422 1 5 2 2 2 6 1 5 40 11
650.502 2 6 2 2 1 6 1 5 40 11
653.743 2 5 2 2 1 6 0 5 41 11
654.882 2 5 1 1 1 7 0 5 41 11
657.944 2 5 1 1 1 8 0 6 41 10
658.347 3 6 1 1 0 8 0 6 41 10
658.641 3 6 1 1 0 9 0 7 41 9
658.671 2 5 1 1 1 9 0 7 41 9
659.11 2 5 1 1 1 8 0 6 41 10
659.487 2 5 1 1 1 9 0 7 41 9
662.662 2 5 1 1 1 8 0 6 41 10
667.611 2 5 1 1 1 7 0 5 41 11
669.894 2 5 2 2 1 6 0 5 41 11
672.571 2 5 2 2 0 5 1 5 41 11
676.512 2 5 2 2 0 4 1 4 41 12
677.542 2 5 1 1 0 5 1 4 41 12
678.641 2 5 1 1 0 6 1 5 41 11
678.961 2 6 1 1 0 6 2 5 40 11
682.959 2 6 1 1 0 5 2 4 40 12
683.404 2 5 1 1 0 5 1 4 41 12
686.227 2 5 1 1 0 4 1 3 41 13
686.589 1 4 1 1 1 4 1 3 41 13
688.236 1 4 1 1 1 5 1 4 41 12
692.422 1 4 1 1 0 4 2 4 41 12
697.317 1 4 1 1 0 5 2 5 41 11
702.082 1 3 1 1 0 5 1 5 42 11
705.68 1 2 1 1 0 5 0 5 43 11
707.33 1 2 1 1 0 4 0 4 43 12
708.041 1 2 1 1 0 5 0 5 43 11
709.401 1 2 1 1 0 6 0 6 43 10
709.606 1 2 1 1 0 5 0 5 43 11
717.126 1 2 1 1 0 4 0 4 43 12
717.309 1 2 1 1 0 5 0 5 43 11
722.054 0 1 1 1 1 5 0 5 43 11
725.86 0 1 1 1 1 6 0 6 43 10
728.692 0 1 1 1 1 5 0 5 43 11
730.656 0 1 1 1 0 4 1 5 43 11
732.855 0 1 1 1 0 5 1 6 43 10
733.173 0 1 2 2 0 4 1 6 43 10
733.274 0 1 2 2 0 5 1 7 43 9
735.21 0 1 1 1 0 6 1 7 43 9
738.934 0 1 1 1 0 5 1 6 43 10
743.148 0 2 1 1 0 5 2 6 42 10
743.358 0 2 1 1 0 6 2 7 42 9
745.821 0 2 1 1 0 5 2 6 42 10
746.37 0 2 1 1 0 4 2 5 42 11
747.674 0 2 1 1 0 5 2 6 42 10
748.742 0 2 1 1 0 4 2 5 42 11
749.753 0 2 1 1 0 5 2 6 42 10
751.099 0 2 1 1 0 6 2 7 42 9
752.001 0 3 1 1 0 6 3 7 41 9
754.689 0 3 1 1 0 7 3 8 41 8
755.114 0 3 1 1 0 6 3 7 41 9
755.482 0 3 1 1 0 5 3 6 41 10
759.719 0 4 1 1 1 5 3 5 41 10
760.733 0 4 1 1 1 4 3 4 41 11
761.215 0 5 1 1 2 4 3 3 41 11
761.265 0 5 1 1 2 5 3 4 41 10
763.372 0 5 1 1 2 6 3 5 41 9
763.672 0 5 1 1 2 5 3 4 41 10
765.452 0 5 1 1 2 4 3 3 41 11
766.345 0 5 1 1 2 5 3 4 41 10
767.965 0 4 1 1 2 5 2 4 42 10
769.596 0 4 1 1 2 6 2 5 42 9
769.806 0 4 1 1 2 7 2 6 42 8
770.114 0 4 1 1 2 6 2 5 42 9
770.929 0 4 1 1 2 7 2 6 42 8
772.079 0 4 1 1 2 6 2 5 42 9
772.96 0 3 1 1 2 6 1 5 43 9
773.165 0 3 2 2 2 5 1 5 43 9
773.284 0 3 2 2 2 4 1 4 43 10
777.975 0 4 2 2 3 4 1 3 43 10
782.464 0 4 2 2 2 3 2 3 43 10
783.464 0 3 2 2 1 3 2 4 43 10
783.637 0 3 2 2 1 2 2 3 43 11
784.243 0 2 2 2 0 2 2 4 43 11
784.357 0 2 3 3 0 1 2 4 43 11
790.955 0 2 3 3 0 0 2 3 43 12
792.893 0 2 3 3 0 1 2 4 43 11
796.584 0 3 3 3 0 1 3 4 42 11
799.263 0 3 2 2 0 2 3 4 42 11
799.65 0 3 2 2 0 3 3 5 42 10
807.88 0 3 2 2 0 2 3 4 42 11
811.794 0 4 2 2 1 2 3 3 42 11
813.633 0 3 2 2 1 2 2 3 43 11
817.708 0 3 2 2 1 1 2 2 43 12
819.615 0 3 2 2 1 0 2 1 43 13
827.287 0 3 2 2 1 1 2 2 43 12
830.3 0 3 2 2 1 2 2 3 43 11
830.506 0 3 2 2 1 1 2 2 43 12
836.901 0 3 2 2 1 2 2 3 43 11
838.623 0 3 1 1 1 3 2 3 43 11
844.358 0 4 1 1 2 3 2 2 43 11
846.535 0 5 1 1 3 3 2 1 43 11
850.819 0 5 1 1 4 4 1 1 43 11
855.191 0 5 1 1 4 3 1 0 43 12
855.782 0 5 1 1 4 4 1 1 43 11
857.325 0 5 1 1 4 5 1 2 43 10
859.739 1 6 1 1 3 5 1 2 43 10
861.439 2 7 1 1 2 5 1 2 43 10
861.92 2 7 1 1 2 4 1 1 43 11
867.699 2 7 1 1 1 3 2 1 43 11
868.019 1 6 1 1 2 3 2 1 43 11
868.309 1 5 1 1 2 3 1 1 44 11
868.734 1 5 1 1 2 4 1 2 44 10
870.165 1 5 1 1 2 5 1 3 44 9
871.375 0 4 1 1 3 5 1 3 44 9
878.102 1 5 1 1 2 5 1 3 44 9
878.893 1 5 1 1 2 4 1 2 44 10
881.556 1 5 1 1 2 5 1 3 44 9
886.477 1 4 1 1 1 5 1 4 44 9
889.409 1 4 1 1 1 6 1 5 44 8
891.508 2 5 1 1 0 6 1 5 44 8
892.546 2 5 1 1 0 5 1 4 44 9
895.288 2 5 1 1 0 6 1 5 44 8
898.7 1 4 1 1 1 6 1 5 44 8
900.091 1 3 1 1 0 6 1 6 44 8
902.513 1 3 1 1 0 5 1 5 44 9
905.045 1 3 1 1 0 4 1 4 44 10
906.857 1 3 1 1 0 3 1 3 44 11
907.129 1 3 1 1 0 4 1 4 44 10
913.477 1 3 1 1 0 3 1 3 44 11
913.479 1 2 1 1 0 3 0 3 45 11
925.264 1 2 1 1 0 4 0 4 45 10
927.194 1 2 1 1 0 3 0 3 45 11
930.305 1 2 1 1 0 4 0 4 45 10
931.535 1 3 1 1 1 4 0 3 45 10
934.154 1 3 1 1 1 5 0 4 45 9
937.153 1 3 1 1 1 6 0 5 45 8
938.72 1 3 1 1 1 5 0 4 45 9
939.172 1 3 2 2 1 4 0 4 45 9
940.654 1 3 2 2 1 3 0 3 45 10
941.397 1 3 2 2 1 4 0 4 45 9
942.817 1 3 1 1 1 5 0 4 45 9
943.013 0 2 1 1 2 5 0 4 45 9
946.19 0 2 1 1 2 6 0 5 45 8
953.231 0 2 1 1 2 5 0 4 45 9
956.063 0 2 1 1 1 4 1 4 45 9
958.357 0 2 1 1 1 3 1 3 45 10
959.591 0 2 1 1 1 4 1 4 45 9
960.97 0 2 1 1 0 3 2 4 45 9
963.336 0 2 1 1 0 2 2 3 45 10
964.794 0 2 1 1 0 3 2 4 45 9
970.602 0 2 1 1 0 4 2 5 45 8
971.371 0 3 1 1 0 4 3 5 44 8
973.291 0 3 2 2 0 3 3 5 44 8
977.985 0 3 2 2 0 4 3 6 44 7
978.443 0 3 2 2 0 5 3 7 44 6
978.959 0 3 2 2 0 4 3 6 44 7
979.023 0 3 2 2 1 5 2 6 44 7
980.743 0 2 2 2 1 5 1 6 45 7
982.08 0 2 2 2 1 4 1 5 45 8
983.753 0 3 2 2 2 4 1 4 45 8
985.612 0 3 2 2 2 5 1 5 45 7
994.516 0 3 2 2 1 4 2 5 45 7
995.094 1 4 2 2 0 4 2 5 45 7
1000.05 1 3 2 2 0 4 1 5 46 7
1000.61 1 4 2 2 1 4 1 4 46 7
1007.87 1 4 2 2 1 5 1 5 46 6
1008.58 1 5 2 2 2 5 1 4 46 6
1009.7 1 5 2 2 1 4 2 4 46 6
1011.91 2 6 2 2 0 4 2 4 46 6
1017.08 1 5 2 2 1 4 2 4 46 6
1018.22 1 6 2 2 2 4 2 3 46 6
1019.53 1 6 2 2 2 3 2 2 46 7
1020.95 1 6 2 2 2 4 2 3 46 6
1021.54 1 6 2 2 2 5 2 4 46 5
1023.83 1 6 2 2 1 4 3 4 46 5
1024.46 1 6 2 2 1 3 3 3 46 6
1030.86 1 6 3 3 1 2 3 3 46 6
1031.62 1 7 3 3 2 2 3 2 46 6
1033.75 1 7 4 4 2 1 3 2 46 6
1040.88 0 6 4 4 3 1 3 2 46 6
1041.91 0 6 3 3 3 2 3 2 46 6
1049.13 0 5 3 3 3 2 2 2 47 6
1049.52 0 4 3 3 2 2 2 3 47 6
1051.96 0 4 2 2 2 3 2 3 47 6
1055.78 0 4 2 2 2 2 2 2 47 7
1059.13 0 5 2 2 3 2 2 1 47 7
1062.23 0 6 2 2 3 2 3 1 46 7
1064.61 0 6 3 3 3 1 3 1 46 7
1065.62 0 6 3 3 3 2 3 2 46 6
1066.25 0 7 3 3 3 2 4 2 45 6
1068.88 0 6 3 3 3 2 3 2 46 6
1070.33 0 5 3 3 3 2 2 2 47 6
1074.97 0 5 2 2 3 3 2 2 47 6
1085.05 0 4 2 2 2 3 2 3 47 6
1085.31 0 4 1 1 2 4 2 3 47 6
1087.02 0 4 1 1 2 3 2 2 47 7
1093.8 0 4 1 1 2 2 2 1 47 8
1094.93 0 4 1 1 2 3 2 2 47 7
1110.5 0 4 1 1 1 2 3 2 47 7
1119.89 0 3 1 1 1 2 2 2 48 7
1122.72 0 3 1 1 1 1 2 1 48 8
1122.96 0 3 1 1 1 2 2 2 48 7
1132.47 0 2 1 1 1 2 1 2 49 7
1135.95 0 2 1 1 1 3 1 3 49 6
1141.15 0 1 1 1 1 3 0 3 50 6
1144.06 1 2 1 1 0 3 0 3 50 6
1146.8 1 2 1 1 0 4 0 4 50 5
1148.54 1 3 1 1 0 4 1 4 49 5
1165.04 1 3 2 2 0 3 1 4 49 5
1182.14 1 3 2 2 0 4 1 5 49 4
1183.39 1 3 2 2 0 3 1 4 49 5
1186.87 1 4 2 2 1 3 1 3 49 5
1187.06 0 3 2 2 2 3 1 3 49 5
1188.5 0 3 2 2 2 4 1 4 49 4
1196 1 4 2 2 1 4 1 4 49 4
1200.89 1 4 2 2 1 3 1 3 49 5
1201.03 0 3 2 2 2 3 1 3 49 5
1205.57 0 3 1 1 2 4 1 3 49 5
1208.66 1 4 1 1 1 4 1 3 49 5
1209.73 1 4 1 1 1 3 1 2 49 6
1210.68 1 4 1 1 0 2 2 2 49 6
1211.05 1 3 1 1 0 2 1 2 50 6
1228.17 1 4 1 1 0 2 2 2 49 6
1228.63 0 3 1 1 1 2 2 2 49 6
1236.68 0 3 1 1 1 3 2 3 49 5
1236.92 0 4 1 1 2 3 2 2 49 5
1239.73 0 3 1 1 2 3 1 2 50 5
1242.36 0 2 1 1 1 3 1 3 50 5
1246.92 0 2 0 0 1 4 1 3 50 5
1251.76 0 2 0 0 1 3 1 2 50 6
1253.47 0 2 0 0 1 2 1 1 50 7
1254.49 0 2 0 0 1 3 1 2 50 6
1257.89 0 2 0 0 1 4 1 3 50 5
1259.44 0 3 0 0 2 4 1 2 50 5
1260.89 0 2 0 0 1 4 1 3 50 5
1265.54 0 2 0 0 1 3 1 2 50 6
1268.95 0 1 0 0 0 3 1 3 50 6
1271.12 0 1 0 0 1 4 0 3 50 6
1272.55 0 1 1 1 1 3 0 3 50 6
1275.32 0 1 1 1 1 4 0 4 50 5
1278.19 0 1 1 1 1 3 0 3 50 6
1280.72 0 1 1 1 1 4 0 4 50 5
1281.92 0 1 1 1 1 5 0 5 50 4
1290.45 0 1 1 1 1 6 0 6 50 3
1290.52 0 1 1 1 1 5 0 5 50 4
1293.73 1 2 1 1 0 5 0 5 50 4
1295.08 1 2 1 1 0 4 0 4 50 5
1300.29 0 1 1 1 1 4 0 4 50 5
1308.57 0 1 1 1 1 5 0 5 50 4
1309.25 0 1 2 2 1 4 0 5 50 4
1314.7 0 1 2 2 1 5 0 6 50 3
1323.25 0 1 2 2 1 4 0 5 50 4
1328.37 0 1 3 3 1 3 0 5 50 4
1328.38 0 2 3 3 2 3 0 4 50 4
1333.67 0 2 3 3 2 2 0 3 50 5
1335.41 1 3 3 3 1 2 0 3 50 5
1335.82 1 3 2 2 1 3 0 3 50 5
1340.17 2 4 2 2 0 3 0 3 50 5
1353.6 2 4 1 1 0 4 0 3 50 5
1355.88 2 4 1 1 0 5 0 4 50 4
1357.55 2 5 1 1 1 5 0 3 50 4
1358.78 1 4 1 1 2 5 0 3 50 4
1359.14 1 5 1 1 3 5 0 2 50 4
1362.48 1 5 1 1 3 6 0 3 50 3
1363.22 1 5 1 1 3 7 0 4 50 2
1364 2 6 1 1 2 7 0 4 50 2
1364.08 2 6 1 1 2 6 0 3 50 3
1366.07 1 5 1 1 3 6 0 3 50 3
1368.55 1 4 1 1 2 6 0 4 50 3
1368.78 1 4 1 1 2 5 0 3 50 4
1369.26 1 4 1 1 2 4 0 2 50 5
1369.6 1 4 2 2 2 3 0 2 50 5
1371.37 1 4 1 1 2 4 0 2 50 5
1375.17 2 5 1 1 1 4 0 2 50 5
1377.57 2 6 1 1 1 4 1 2 49 5
1379.05 2 6 1 1 1 5 1 3 49 4
1380.36 1 5 1 1 2 5 1 3 49 4
1384.38 1 4 1 1 1 5 1 4 49 4
1384.47 1 4 1 1 1 4 1 3 49 5
1387.7 1 4 2 2 1 3 1 3 49 5
1391.3 1 4 2 2 1 4 1 4 49 4
1393.51 1 3 2 2 1 4 0 4 50 4
1395.38 1 4 2 2 1 4 1 4 49 4
1398.14 1 4 3 3 1 3 1 4 49 4
1404.92 1 4 2 2 1 4 1 4 49 4
1410.35 1 5 2 2 2 4 1 3 49 4
1411.22 1 5 2 2 2 5 1 4 49 3
1412.27 1 5 2 2 1 4 2 4 49 3
1416.67 1 6 2 2 1 4 3 4 48 3
1417.21 1 6 2 2 1 3 3 3 48 4
1418.41 1 5 2 2 1 3 2 3 49 4
1419.94 1 5 1 1 1 4 2 3 49 4
1421.97 2 6 1 1 0 4 2 3 49 4
1423.78 2 5 1 1 0 4 1 3 50 4
1423.78 2 6 1 1 1 4 1 2 50 4
1423.78 2 6 1 1 0 3 2 2 50 4
1424.94 2 5 1 1 0 3 1 2 51 4
1427.43 1 4 1 1 1 3 1 2 51 4
1434.62 1 5 1 1 2 3 1 1 51 4
1434.92 1 5 1 1 1 2 2 1 51 4
1448.45 0 4 1 1 2 2 2 1 51 4
1458.17 0 4 2 2 2 1 2 1 51 4
1458.2 1 5 2 2 1 1 2 1 51 4
1458.67 0 4 2 2 2 1 2 1 51 4
1461.61 1 5 2 2 1 1 2 1 51 4
1462.93 1 5 2 2 1 2 2 2 51 3
1463.23 1 5 2 2 0 1 3 2 51 3
1472.16 1 4 2 2 0 1 2 2 52 3
1472.7 1 4 2 2 0 0 2 1 52 4
1474.31 1 4 2 2 0 1 2 2 52 3
1479.25 1 5 2 2 0 1 3 2 51 3
1485.62 1 5 2 2 0 2 3 3 51 2
1492.42 1 5 2 2 0 1 3 2 51 3
1498.72 1 4 2 2 0 1 2 2 52 3
1502.04 0 3 2 2 1 1 2 2 52 3
1505.88 0 3 2 2 1 0 2 1 52 4
1519.23 1 4 2 2 0 0 2 1 52 4
1527.82 0 3 2 2 1 0 2 1 52 4
1539.64 0 3 1 1 1 1 2 1 52 4
1548.41 1 4 1 1 0 1 2 1 52 4
1550.49 1 4 1 1 0 2 2 2 52 3
1553.53 1 4 2 2 0 1 2 2 52 3
1565.78 1 4 2 2 0 0 2 1 52 4
1566.28 1 4 2 2 0 1 2 2 52 3
1575.14 1 4 3 3 0 0 2 2 52 3
1575.9 1 3 3 3 0 0 1 2 53 3
1581.59 1 3 3 3 0 1 1 3 53 2
1585.08 1 2 3 3 0 1 0 3 54 2
1587.35 1 3 3 3 0 1 1 3 53 2
1589.06 1 3 2 2 0 2 1 3 53 2
1590.74 1 3 1 1 0 3 1 3 53 2
1592.86 1 4 1 1 1 3 1 2 53 2
1594.83 1 5 1 1 1 3 2 2 52 2
1595.39 2 6 1 1 0 3 2 2 52 2
1595.91 1 5 1 1 1 3 2 2 52 2
1600.7 1 4 1 1 0 3 2 3 52 2
1601.26 1 4 1 1 1 4 1 3 52 2
1608.98 1 4 1 1 1 5 1 4 52 1
1611.96 1 4 1 1 1 6 1 5 52 0
1612.23 1 4 1 1 1 5 1 4 52 1
1613.5 2 5 1 1 0 5 1 4 52 1
1613.76 2 6 1 1 1 5 1 3 52 1
1614.53 2 5 1 1 1 5 0 3 53 1
1617.03 2 4 1 1 0 5 0 4 53 1
1630.26 1 3 1 1 1 5 0 4 53 1
1632.18 1 3 2 2 1 4 0 4 53 1
1637.02 1 3 1 1 1 5 0 4 53 1
1639.02 1 3 2 2 1 4 0 4 53 1
1639.22 1 3 2 2 1 3 0 3 53 2
1641.91 1 4 2 2 1 3 1 3 52 2
1645.36 1 4 3 3 1 2 1 3 52 2
1649.26 1 4 2 2 1 3 1 3 52 2
1652.08 1 3 2 2 0 3 1 4 52 2
1659.81 1 4 2 2 0 3 2 4 51 2
1663.16 1 4 2 2 0 4 2 5 51 1
1668.15 1 5 2 2 1 4 2 4 51 1
1668.92 0 4 2 2 2 4 2 4 51 1
1669.2 0 4 2 2 2 3 2 3 51 2
1671.36 0 3 2 2 2 3 1 3 52 2
1672.08 0 3 2 2 2 2 1 2 52 3
1675.77 0 2 2 2 1 2 1 3 52 3
1683.35 1 3 2 2 0 2 1 3 52 3
1687.18 1 4 2 2 0 2 2 3 51 3
1691.08 1 3 2 2 0 2 1 3 52 3
1691.17 1 3 2 2 0 3 1 4 52 2
1698.33 1 3 2 2 0 2 1 3 52 3
1701.24 1 3 2 2 0 1 1 2 52 4
1704.82 1 3 2 2 0 2 1 3 52 3
1705.84 1 4 2 2 0 2 2 3 51 3
1707.49 1 4 1 1 0 3 2 3 51 3
1709.15 1 5 1 1 1 3 2 2 51 3
1716.41 1 4 1 1 1 3 1 2 52 3
1717.02 1 4 1 1 1 4 1 3 52 2
1717.84 1 3 1 1 0 4 1 4 52 2
1722.76 1 3 1 1 0 3 1 3 52 3
1724.14 1 3 2 2 0 2 1 3 52 3
1724.91 1 3 2 2 0 3 1 4 52 2
1731.69 1 2 2 2 0 3 0 4 53 2
1734.22 1 2 2 2 0 2 0 3 53 3
1736.64 1 2 3 3 0 1 0 3 53 3
1742.17 1 3 3 3 1 1 0 2 53 3
1742.94 1 3 3 3 1 2 0 3 53 2
1748.76 1 3 3 3 0 1 1 3 53 2
1749.84 0 2 3 3 1 1 1 3 53 2
1749.95 0 1 3 3 0 1 1 4 53 2
1759.74 0 2 3 3 0 1 2 4 52 2
1766.57 0 2 2 2 0 2 2 4 52 2
1766.82 0 2 1 1 0 3 2 4 52 2
1773.55 0 3 1 1 0 3 3 4 51 2
1777.39 0 3 1 1 0 2 3 3 51 3
1783.31 0 2 1 1 0 2 2 3 52 3
1799.61 0 1 1 1 0 2 1 3 53 3
1799.85 0 1 1 1 0 1 1 2 53 4
1807.53 0 2 1 1 1 1 1 1 53 4
1809.68 0 2 1 1 1 2 1 2 53 3
1827.69 0 2 1 1 0 1 2 2 53 3
1829.49 0 2 1 1 0 2 2 3 53 2
1830.03 0 2 1 1 0 3 2 4 53 1
1836.82 0 3 1 1 0 3 3 4 52 1
1836.89 0 2 1 1 0 3 2 4 53 1
1845.81 0 1 1 1 0 3 1 4 54 1
1846.93 0 1 1 1 0 2 1 3 54 2
1853.66 0 2 1 1 1 2 1 2 54 2
1858.55 0 2 2 2 1 1 1 2 54 2
1863.2 0 3 2 2 2 1 1 1 54 2
1888.46 0 3 3 3 2 0 1 1 54 2
1889.32 0 3 2 2 2 1 1 1 54 2
1890.34 0 4 2 2 2 1 2 1 53 2
1895.51 0 3 2 2 2 1 1 1 54 2
1901.27 0 3 2 2 2 2 1 2 54 1
1908.29 0 2 2 2 1 2 1 3 54 1
1928.45 0 2 2 2 1 3 1 4 54 0
1934.56 0 3 2 2 2 3 1 3 54 0
1934.83 0 2 2 2 1 3 1 4 54 0
1936.59 0 3 2 2 2 3 1 3 54 0
1938.24 1 4 2 2 1 3 1 3 54 0
1949.89 1 3 2 2 0 3 1 4 54 0
1958.83 1 3 2 2 0 2 1 3 54 1
1968.65 1 3 2 2 0 1 1 2 54 2
1968.93 1 3 2 2 1 2 0 2 54 2
1974.87 1 3 2 2 1 3 0 3 54 1
1979.5 1 3 1 1 1 4 0 3 54 1
1996.37 1 3 0 0 1 5 0 3 54 1
1996.71 1 3 0 0 1 4 0 2 54 2
2002.02 1 3 0 0 0 3 1 2 54 2
2010.25 1 3 0 0 0 2 1 1 54 3
2014.74 1 2 0 0 0 2 0 1 55 3
2023.02 1 2 0 0 0 3 0 2 55 2
2035.29 1 2 0 0 0 2 0 1 55 3
2053.63 1 2 0 0 0 3 0 2 55 2
2063.96 1 3 0 0 1 3 0 1 55 2
2067.32 1 2 0 0 0 3 0 2 55 2
2081.24 1 3 0 0 0 3 1 2 54 2
2083.66 1 3 0 0 0 2 1 1 54 3
2095.22 1 4 0 0 0 2 2 1 53 3
2095.95 1 4 0 0 0 1 2 0 53 4
2099.25 1 3 0 0 0 1 1 0 54 4
2103.46 1 4 0 0 0 1 2 0 53 4
2110.79 1 3 0 0 0 1 1 0 54 4
2112.19 1 4 0 0 0 1 2 0 53 4
2114.37 0 3 0 0 1 1 2 0 53 4
2140.38 0 2 0 0 1 1 1 0 54 4
2149.1 0 2 1 1 1 0 1 0 54 4
2149.73 0 3 1 1 1 0 2 0 53 4
2151.69 0 2 1 1 1 0 1 0 54 4
2162.06 0 2 1 1 1 1 1 1 54 3
2163.76 0 2 1 1 1 2 1 2 54 2
2172.89 0 2 1 1 1 3 1 3 54 1
2176.2 0 3 1 1 2 3 1 2 54 1
2182.55 1 4 1 1 1 3 1 2 54 1
2185.76 0 3 1 1 2 3 1 2 54 1
2193.4 0 3 0 0 2 4 1 2 54 1
2198.43 0 3 1 1 2 3 1 2 54 1
2200.47 0 3 1 1 2 2 1 1 54 2
2207.66 0 2 1 1 1 2 1 2 54 2
2222.79 0 2 1 1 1 3 1 3 54 1
2225.98 0 2 1 1 0 2 2 3 54 1
2240.15 0 3 1 1 1 2 2 2 54 1
2243.7 0 3 0 0 1 3 2 2 54 1
2249.51 0 2 0 0 1 3 1 2 55 1
2263.67 1 3 0 0 0 3 1 2 55 1
2275.26 1 4 0 0 1 3 1 1 55 1
2280.26 1 3 0 0 1 3 0 1 56 1
2281.91 1 4 0 0 1 3 1 1 55 1
2289.88 1 4 0 0 1 4 1 2 55 0
2292.72 1 4 0 0 1 3 1 1 55 1
2327.03 2 5 0 0 0 3 1 1 55 1
2329.25 1 4 0 0 1 3 1 1 55 1
2334.52 1 4 0 0 0 2 2 1 55 1
2336.36 1 4 0 0 0 1 2 0 55 2
2339.36 1 5 0 0 0 1 3 0 54 2
2343.41 0 4 0 0 1 1 3 0 54 2
2344.04 0 3 0 0 0 1 3 1 54 2
2344.61 0 2 0 0 0 1 2 1 55 2
2350.34 0 1 0 0 0 1 1 1 56 2
2357.37 0 2 0 0 1 1 1 0 56 2
2360.38 0 3 0 0 1 1 2 0 55 2
2365.55 0 2 0 0 1 1 1 0 56 2
2392.46 0 1 0 0 0 1 1 1 56 2
2393.99 0 1 1 1 0 0 1 1 56 2
2418.27 0 2 1 1 0 0 2 1 55 2
2419.71 0 1 1 1 0 0 1 1 56 2
2420.15 0 2 1 1 0 0 2 1 55 2
2429.49 0 1 1 1 0 0 1 1 56 2
2433.79 0 0 1 1 0 0 0 1 57 2
2436.82 0 1 1 1 0 0 1 1 56 2
2437.72 0 2 1 1 0 0 2 1 55 2
2444.79 0 2 1 1 0 1 2 2 55 1
2446.92 0 2 1 1 0 0 2 1 55 2
2464.41 0 1 1 1 0 0 1 1 56 2
2471.27 0 1 1 1 0 1 1 2 56 1
2471.97 0 1 2 2 0 0 1 2 56 1
2480.56 0 1 2 2 1 1 0 2 56 1
2487.52 1 2 2 2 0 1 0 2 56 1
2491.51 1 2 1 1 0 2 0 2 56 1
2493.97 1 3 1 1 1 2 0 1 56 1
2496.95 2 4 1 1 0 2 0 1 56 1
2497.19 2 4 2 2 0 1 0 1 56 1
2511.64 1 3 2 2 1 1 0 1 56 1
2512.34 1 4 2 2 2 1 0 0 56 1
2515.83 2 5 2 2 1 1 0 0 56 1
2523.28 2 5 1 1 1 2 0 0 56 1
2523.38 3 6 1 1 0 2 0 0 56 1
2530.76 3 6 2 2 0 1 0 0 56 1
2540.39 2 5 2 2 1 1 0 0 56 1
2552.82 3 6 2 2 0 1 0 0 56 1
2561.47 2 5 2 2 1 1 0 0 56 1
2574.36 2 4 2 2 0 1 0 1 56 1
2580.3 2 4 1 1 0 2 0 1 56 1
2594.42 1 3 1 1 1 2 0 1 56 1
2596.35 1 4 1 1 2 2 0 0 56 1
2597.2 1 3 1 1 1 2 0 1 56 1
2601.68 1 4 1 1 1 2 1 1 55 1
2601.75 2 5 1 1 0 2 1 1 55 1
2610.71 2 6 1 1 1 2 1 0 55 1
2613.49 2 5 1 1 0 2 1 1 55 1
2616.04 2 5 2 2 0 1 1 1 55 1
2626.98 2 4 2 2 0 1 0 1 56 1
2632.71 1 3 2 2 1 1 0 1 56 1
2639.52 2 4 2 2 0 1 0 1 56 1
2641.12 2 4 1 1 0 2 0 1 56 1
2649.15 2 4 1 1 0 3 0 2 56 0
2653.65 2 4 1 1 0 2 0 1 56 1
2657.35 2 5 1 1 1 2 0 0 56 1
2658.04 3 6 1 1 0 2 0 0 56 1
2658.4 2 5 1 1 1 2 0 0 56 1
2660.77 2 5 2 2 1 1 0 0 56 1
2687.28 1 4 2 2 2 1 0 0 56 1
2689.9 1 4 2 2 2 2 0 1 56 0
2691.02 2 5 2 2 1 2 0 1 56 0
2691.61 1 4 2 2 2 2 0 1 56 0
2695.08 1 3 2 2 1 2 0 2 56 0
2695.26 1 3 2 2 1 1 0 1 56 1
2711.59 1 2 2 2 0 1 0 2 56 1
2712.26 1 2 2 2 0 0 0 1 56 2
2712.4 1 3 2 2 1 0 0 0 56 2
2713.37 1 3 1 1 1 1 0 0 56 2
2716.34 1 2 1 1 0 1 0 1 56 2
2719.87 1 2 1 1 0 0 0 0 56 3
2738.42 1 2 1 1 0 1 0 1 56 2
2776.03 0 1 1 1 1 1 0 1 56 2
2789.84 0 2 1 1 1 1 1 1 55 2
2790.31 0 1 1 1 0 1 1 2 55 2
2792.34 0 2 1 1 0 1 2 2 54 2
2803.98 0 3 1 1 0 1 3 2 53 2
2810.99 0 2 1 1 0 1 2 2 54 2
2812.35 0 3 1 1 1 1 2 1 54 2
2815.46 0 4 1 1 2 1 2 0 54 2
2820.6 1 5 1 1 1 1 2 0 54 2
2827.25 1 4 1 1 1 1 1 0 55 2
2840.11 1 4 0 0 1 2 1 0 55 2
2840.37 1 4 0 0 1 3 1 1 55 1
2843.52 2 5 0 0 0 3 1 1 55 1
2849.09 1 4 0 0 1 3 1 1 55 1
2849.44 1 4 0 0 1 2 1 0 55 2
2850.43 1 4 0 0 1 3 1 1 55 1
2852.03 0 3 0 0 2 3 1 1 55 1
2854.09 1 4 0 0 1 3 1 1 55 1
2859.96 1 3 0 0 0 3 1 2 55 1
2870.15 1 3 0 0 0 2 1 1 55 2
2901.57 1 3 1 1 0 1 1 1 55 2
2905.62 1 3 1 1 0 2 1 2 55 1
2915.12 1 3 0 0 0 3 1 2 55 1
2917.63 1 3 1 1 0 2 1 2 55 1
2918.64 1 4 1 1 1 2 1 1 55 1
2919.85 1 4 1 1 1 3 1 2 55 0
2931.24 1 4 2 2 1 2 1 2 55 0
2931.44 1 4 2 2 1 1 1 1 55 1
2936.3 1 4 1 1 1 2 1 1 55 1
2937.33 1 3 1 1 1 2 0 1 56 1
2938.53 1 3 2 2 1 1 0 1 56 1
2947.13 1 3 2 2 1 0 0 0 56 2
2949.68 1 3 2 2 1 1 0 1 56 1
2960.37 1 3 2 2 1 2 0 2 56 0
2966.32 1 2 2 2 0 2 0 3 56 0
2970.83 1 2 2 2 0 1 0 2 56 1
2972.04 0 1 2 2 1 1 0 2 56 1
2983.97 0 1 1 1 1 2 0 2 56 1
2992.5 0 2 1 1 2 2 0 1 56 1
2995.02 0 2 1 1 1 1 1 1 56 1
2997.63 1 3 1 1 0 1 1 1 56 1
2997.63 1 3 1 1 0 1 1 1 56 1
