0 60 120 60 60 0 0 0 0 0 0
0.0041113 59 119 60 60 1 0 0 0 0 0
0.0698305 58 118 60 60 2 0 0 0 0 0
0.0835034 57 117 60 60 3 0 0 0 0 0
0.106101 56 116 60 60 4 0 0 0 0 0
0.117253 56 116 59 59 4 1 0 0 0 0
0.120881 55 115 59 59 5 1 0 0 0 0
0.133332 54 114 59 59 6 1 0 0 0 0
0.136874 54 114 58 58 6 2 0 0 0 0
0.1459 54 114 57 57 6 3 0 0 0 0
0.163096 53 113 57 57 7 3 0 0 0 0
0.163982 52 112 57 57 8 3 0 0 0 0
0.171501 51 111 57 57 9 3 0 0 0 0
0.18528 51 111 56 56 9 4 0 0 0 0
0.187012 50 110 56 56 10 4 0 0 0 0
0.223167 50 109 56 56 9 4 0 1 0 0
0.227264 50 109 55 55 9 5 0 1 0 0
0.250054 50 109 54 54 9 6 0 1 0 0
0.250239 49 108 54 54 10 6 0 1 0 0
0.275441 48 107 54 54 11 6 0 1 0 0
0.281614 48 107 53 53 11 7 0 1 0 0
0.341146 47 106 53 53 12 7 0 1 0 0
0.370201 46 105 53 53 13 7 0 1 0 0
0.380393 46 104 53 53 12 7 0 2 0 0
0.411143 45 103 53 53 13 7 0 2 0 0
0.417062 44 102 53 53 14 7 0 2 0 0
0.42629 44 102 52 52 14 8 0 2 0 0
0.431746 43 101 52 52 15 8 0 2 0 0
0.43607 42 100 52 52 16 8 0 2 0 0
0.439124 42 100 51 51 16 9 0 2 0 0
0.448132 42 99 51 51 15 9 0 3 0 0
0.455995 41 98 51 51 16 9 0 3 0 0
0.461858 41 97 51 51 15 9 0 4 0 0
0.503904 41 97 50 50 15 10 0 4 0 0
0.520467 40 96 50 50 16 10 0 4 0 0
0.523248 39 95 50 50 17 10 0 4 0 0
0.525682 39 94 50 50 16 10 0 5 0 0
0.539459 38 93 50 50 17 10 0 5 0 0
0.562232 38 92 50 50 16 10 0 6 0 0
0.563579 37 91 50 50 17 10 0 6 0 0
0.563689 37 91 49 49 17 11 0 6 0 0
0.567016 37 91 48 48 17 12 0 6 0 0
0.594052 37 91 47 47 17 13 0 6 0 0
0.601169 37 91 48 48 17 12 0 6 0 0
0.609963 37 91 47 47 17 13 0 6 0 0
0.618237 36 90 47 47 18 13 0 6 0 0
0.634812 35 89 47 47 19 13 0 6 0 0
0.647104 34 88 47 47 20 13 0 6 0 0
0.692242 34 88 46 46 20 14 0 6 0 0
0.6963 34 88 45 45 20 15 0 6 0 0
0.698942 34 88 44 44 20 16 0 6 0 0
0.712013 34 88 44 44 19 15 1 6 0 0
0.724519 34 87 44 44 18 15 1 7 0 0
0.730094 34 86 44 44 17 15 1 8 0 0
0.73124 34 86 43 43 17 16 1 8 0 0
0.762104 34 85 43 43 16 16 1 9 0 0
0.787601 33 84 43 43 17 16 1 9 0 0
0.802824 33 84 42 42 17 17 1 9 0 0
0.813622 32 83 42 42 18 17 1 9 0 0
0.827325 31 82 42 42 19 17 1 9 0 0
0.835518 30 81 42 42 20 17 1 9 0 0
0.85418 29 80 42 42 21 17 1 9 0 0
0.872271 29 79 42 42 20 17 1 10 0 0
0.905982 29 79 41 41 20 18 1 10 0 0
0.919111 28 78 41 41 21 18 1 10 0 0
1.01951 28 78 40 40 21 19 1 10 0 0
1.02783 28 78 39 39 21 20 1 10 0 0
1.06798 27 77 39 39 22 20 1 10 0 0
1.08406 27 76 39 39 21 20 1 11 0 0
1.16052 27 76 38 38 21 21 1 11 0 0
1.17186 26 75 38 38 22 21 1 11 0 0
1.19474 26 74 38 38 21 21 1 12 0 0
1.22224 26 73 38 38 20 21 1 13 0 0
1.24189 26 73 38 38 20 20 1 12 0 1
1.31646 27 74 38 38 19 20 1 12 0 1
1.36229 27 73 38 38 18 20 1 13 0 1
1.40871 27 73 37 37 18 21 1 13 0 1
1.41312 27 73 36 36 18 22 1 13 0 1
1.42911 26 72 36 36 19 22 1 13 0 1
1.48034 25 71 36 36 20 22 1 13 0 1
1.54054 24 70 36 36 21 22 1 13 0 1
1.557 24 69 36 36 20 22 1 14 0 1
1.56733 24 68 36 36 19 22 1 15 0 1
1.66381 23 67 36 36 20 22 1 15 0 1
1.67563 22 66 36 36 21 22 1 15 0 1
1.68831 21 65 36 36 22 22 1 15 0 1
1.71891 20 64 36 36 23 22 1 15 0 1
1.76412 20 63 36 36 22 22 1 16 0 1
1.76703 20 62 36 36 21 22 1 17 0 1
1.78207 20 62 36 36 21 21 1 16 0 2
1.79488 20 61 36 36 20 21 1 17 0 2
1.80586 20 60 36 36 19 21 1 18 0 2
1.83814 20 60 35 35 19 22 1 18 0 2
1.86511 20 60 35 35 19 21 1 17 0 3
1.88084 20 60 35 35 18 20 2 17 0 3
2.06617 20 59 35 35 17 20 2 18 0 3
2.07684 20 59 34 34 17 21 2 18 0 3
2.09885 20 59 33 33 17 22 2 18 0 3
2.14371 20 59 32 32 17 23 2 18 0 3
2.1612 20 59 32 32 17 22 2 17 0 4
2.17765 19 58 32 32 18 22 2 17 0 4
2.23358 19 58 32 32 18 21 2 16 0 5
2.28083 19 58 31 31 18 22 2 16 0 5
2.29738 18 57 31 31 19 22 2 16 0 5
2.39515 17 56 31 31 20 22 2 16 0 5
2.47048 17 55 31 31 19 22 2 17 0 5
2.47085 17 54 31 31 18 22 2 18 0 5
2.49422 17 54 30 30 18 23 2 18 0 5
2.53233 17 54 30 30 18 22 2 17 0 6
2.58587 17 54 30 30 18 21 2 16 0 7
2.61082 16 53 30 30 19 21 2 16 0 7
2.62553 16 53 29 29 19 22 2 16 0 7
2.63473 15 52 29 29 20 22 2 16 0 7
2.65146 14 51 29 29 21 22 2 16 0 7
2.6631 14 51 28 28 21 23 2 16 0 7
2.66443 14 51 27 27 21 24 2 16 0 7
2.69379 13 50 27 27 22 24 2 16 0 7
2.73969 13 49 27 27 21 24 2 17 0 7
2.76322 13 49 27 27 21 23 2 16 0 8
2.7677 13 48 27 27 20 23 2 17 0 8
2.84397 12 47 27 27 21 23 2 17 0 8
2.89019 11 46 27 27 22 23 2 17 0 8
2.89792 11 46 27 27 22 22 2 16 0 9
2.92819 11 46 26 26 22 23 2 16 0 9
2.93649 11 45 26 26 21 23 2 17 0 9
3.01762 11 45 25 25 21 24 2 17 0 9
3.01797 11 45 25 25 21 23 2 16 0 10
3.04183 11 44 25 25 20 23 2 17 0 10
3.18503 11 44 24 24 20 24 2 17 0 10
3.19374 11 43 24 24 19 24 2 18 0 10
3.22772 11 42 24 24 18 24 2 19 0 10
3.3206 11 42 25 25 18 23 2 19 0 10
3.32247 11 42 25 25 17 22 3 19 0 10
3.33957 11 41 25 25 17 22 2 19 1 10
3.38515 11 40 25 25 16 22 2 20 1 10
3.48525 11 39 25 25 15 22 2 21 1 10
3.51045 11 39 25 25 14 21 3 21 1 10
3.52712 11 39 25 25 13 20 4 21 1 10
3.58417 11 39 24 24 13 21 4 21 1 10
3.60779 11 39 23 23 13 22 4 21 1 10
3.60843 11 39 23 23 13 21 4 20 1 11
3.64398 11 40 23 23 14 21 4 19 1 11
3.66632 10 39 23 23 15 21 4 19 1 11
3.68183 10 38 23 23 14 21 4 20 1 11
3.73684 10 37 23 23 13 21 4 21 1 11
3.77648 10 37 23 23 13 20 4 20 1 12
3.83376 10 36 23 23 12 20 4 21 1 12
3.84278 10 36 22 22 12 21 4 21 1 12
3.96498 10 35 22 22 11 21 4 22 1 12
3.97294 10 34 22 22 11 21 3 22 2 12
4.08405 9 33 22 22 12 21 3 22 2 12
4.21379 9 33 22 22 12 20 3 21 2 13
4.25781 9 33 22 22 12 19 3 20 2 14
4.34706 9 33 22 22 12 18 3 19 2 15
4.49644 10 34 22 22 11 18 3 19 2 15
4.67246 9 33 22 22 12 18 3 19 2 15
4.69131 9 32 22 22 11 18 3 20 2 15
4.86434 9 32 22 22 10 17 4 20 2 15
4.88371 9 32 22 22 10 16 4 19 2 16
5.02145 9 32 21 21 10 17 4 19 2 16
5.08337 9 31 21 21 9 17 4 20 2 16
5.31184 9 31 21 21 9 16 4 19 2 17
5.39617 9 31 21 21 9 15 4 18 2 18
5.52918 9 31 21 21 8 14 5 18 2 18
5.58895 8 30 21 21 9 14 5 18 2 18
5.81736 8 29 21 21 8 14 5 19 2 18
5.9996 8 29 20 20 8 15 5 19 2 18
6.05993 8 28 20 20 7 15 5 20 2 18
6.27068 8 28 20 20 7 14 5 19 2 19
6.32723 8 28 19 19 7 15 5 19 2 19
6.35532 8 27 19 19 6 15 5 20 2 19
6.46036 8 26 19 19 6 15 4 20 3 19
6.59274 8 26 19 19 5 14 5 20 3 19
6.59539 7 25 19 19 6 14 5 20 3 19
6.71981 7 25 18 18 6 15 5 20 3 19
6.88005 7 25 18 18 6 14 5 19 3 20
6.89936 7 25 17 17 6 15 5 19 3 20
6.95134 7 25 16 16 6 16 5 19 3 20
7.12417 7 25 16 16 6 15 5 18 3 21
7.16254 7 25 16 16 6 14 5 17 3 22
7.16866 7 25 16 16 6 13 5 16 3 23
7.27554 6 24 16 16 7 13 5 16 3 23
7.74261 6 25 16 16 8 13 5 15 3 23
7.77731 5 24 16 16 9 13 5 15 3 23
7.81105 5 24 15 15 9 14 5 15 3 23
7.93437 5 23 15 15 9 14 4 15 4 23
7.93808 5 23 15 15 9 13 4 14 4 24
8.36235 5 23 14 14 9 14 4 14 4 24
8.58744 4 22 14 14 10 14 4 14 4 24
8.74328 4 21 14 14 9 14 4 15 4 24
8.99484 4 20 14 14 8 14 4 16 4 24
9.17456 3 19 14 14 9 14 4 16 4 24
9.19805 3 20 14 14 10 14 4 15 4 24
9.40986 3 20 13 13 10 15 4 15 4 24
9.44469 3 21 13 13 11 15 4 14 4 24
9.47349 3 21 13 13 11 14 4 13 4 25
9.51354 3 21 13 13 10 13 5 13 4 25
9.5422 3 21 13 13 10 12 5 12 4 26
9.78934 3 20 13 13 9 12 5 13 4 26
9.80251 3 20 13 13 9 13 5 14 4 25
9.81829 3 20 13 13 8 12 6 14 4 25
9.93446 3 20 13 13 8 11 6 13 4 26
10.5015 3 19 13 13 7 11 6 14 4 26
10.8534 3 19 12 12 7 12 6 14 4 26
10.9577 3 18 12 12 7 12 5 14 5 26
11.0123 3 18 12 12 7 11 5 13 5 27
11.8274 2 17 12 12 8 11 5 13 5 27
11.8856 3 18 12 12 7 11 5 13 5 27
11.891 3 18 12 12 7 12 5 14 5 26
11.9012 3 18 12 12 7 11 5 13 5 27
11.9168 3 18 12 12 7 10 5 12 5 28
12.059 3 18 12 12 7 9 5 11 5 29
13.1183 3 18 12 12 6 8 6 11 5 29
13.2853 3 18 11 11 6 9 6 11 5 29
13.3079 3 17 11 11 6 9 5 11 6 29
13.7044 3 17 11 11 6 8 5 10 6 30
13.7957 3 16 11 11 5 8 5 11 6 30
13.8933 3 16 11 11 5 7 5 10 6 31
14.3208 3 16 11 11 5 6 5 9 6 32
14.3354 3 16 11 11 5 5 5 8 6 33
14.7109 3 15 11 11 4 5 5 9 6 33
14.9369 3 15 10 10 4 6 5 9 6 33
15.0342 3 15 9 9 4 7 5 9 6 33
15.62 3 15 9 9 4 6 5 8 6 34
16.1732 2 14 9 9 5 6 5 8 6 34
16.4325 2 14 8 8 5 7 5 8 6 34
16.4833 2 14 8 8 5 8 5 9 6 33
16.5589 2 14 8 8 5 9 5 10 6 32
16.9536 2 14 8 8 4 8 6 10 6 32
17.7692 2 14 7 7 4 9 6 10 6 32
17.9108 2 13 7 7 4 9 5 10 7 32
17.9177 2 12 7 7 4 9 4 10 8 32
17.9448 2 12 7 7 4 8 4 9 8 33
19.0988 2 12 6 6 4 9 4 9 8 33
19.381 2 12 6 6 4 10 4 10 8 32
19.426 2 12 6 6 4 9 4 9 8 33
19.5676 2 11 6 6 4 9 3 9 9 33
20.8945 2 10 6 6 3 9 3 10 9 33
21.1284 2 10 6 6 2 8 4 10 9 33
22.0806 2 11 6 6 3 8 4 9 9 33
22.6096 2 11 6 6 3 7 4 8 9 34
22.6719 2 11 5 5 3 8 4 8 9 34
22.957 2 11 5 5 3 7 4 7 9 35
24.859 2 11 5 5 3 8 4 8 9 34
24.8984 2 11 4 4 3 9 4 8 9 34
24.9058 2 11 4 4 3 8 4 7 9 35
25.4074 2 11 4 4 3 9 4 8 9 34
25.4615 2 10 4 4 3 9 3 8 10 34
25.6901 2 10 4 4 3 10 3 9 10 33
26.0892 2 10 3 3 3 11 3 9 10 33
26.1191 2 9 3 3 2 11 3 10 10 33
26.1935 2 9 3 3 2 10 3 9 10 34
26.4071 2 9 3 3 2 11 3 10 10 33
27.8394 2 8 3 3 2 11 2 10 11 33
29.059 2 7 3 3 2 11 1 10 12 33
29.0603 2 7 3 3 2 10 1 9 12 34
29.218 2 7 3 3 2 11 1 10 12 33
29.5429 2 7 3 3 2 10 1 9 12 34
29.8962 2 7 3 3 2 9 1 8 12 35
31.2931 2 7 3 3 2 8 1 7 12 36
31.582 2 7 2 2 2 9 1 7 12 36
34.4802 1 6 2 2 3 9 1 7 12 36
36.3853 1 6 2 2 3 10 1 8 12 35
37.103 1 6 3 3 3 9 1 8 12 35
37.2104 1 7 3 3 4 9 1 7 12 35
37.3547 1 7 3 3 4 10 1 8 12 34
40.6907 1 7 3 3 4 9 1 7 12 35
41.2242 1 7 4 4 4 8 1 7 12 35
41.6078 1 7 4 4 4 7 1 6 12 36
41.6826 2 8 4 4 3 7 1 6 12 36
41.9982 2 8 4 4 3 8 1 7 12 35
42.0088 2 8 4 4 3 7 1 6 12 36
42.1873 2 8 4 4 3 6 1 5 12 37
42.4731 2 7 4 4 2 6 1 6 12 37
44.4722 2 7 4 4 2 7 1 7 12 36
44.6732 2 7 4 4 2 8 1 8 12 35
44.7711 2 7 4 4 2 9 1 9 12 34
44.9538 2 7 4 4 2 10 1 10 12 33
45.1747 1 6 4 4 3 10 1 10 12 33
45.4523 1 6 4 4 3 9 1 9 12 34
45.6309 1 6 4 4 3 8 1 8 12 35
46.4464 1 6 4 4 3 9 1 9 12 34
46.4501 1 6 5 5 3 8 1 9 12 34
46.9946 1 6 5 5 3 7 1 8 12 35
48.4003 1 5 5 5 2 7 1 9 12 35
49.7899 1 5 5 5 2 8 1 10 12 34
50.8678 1 5 4 4 2 9 1 10 12 34
52.2857 1 5 4 4 2 10 1 11 12 33
52.544 1 6 4 4 3 10 1 10 12 33
53.3347 1 6 5 5 3 9 1 10 12 33
53.6781 1 6 5 5 3 10 1 11 12 32
54.1152 1 6 5 5 3 9 1 10 12 33
54.2884 1 6 5 5 2 8 2 10 12 33
55.0134 1 6 5 5 2 7 2 9 12 34
56.188 1 6 5 5 2 8 2 10 12 33
56.2665 1 6 5 5 2 9 2 11 12 32
57.041 1 6 5 5 1 8 3 11 12 32
57.3231 1 5 5 5 1 8 2 11 13 32
57.4558 0 4 5 5 2 8 2 11 13 32
57.635 0 4 5 5 2 9 2 12 13 31
58.3231 0 4 5 5 2 10 2 13 13 30
58.5508 0 4 5 5 2 9 2 12 13 31
58.5735 0 4 5 5 3 10 1 12 13 31
59.0658 0 4 5 5 3 9 1 11 13 32
59.4706 0 4 5 5 3 8 1 10 13 33
60.2638 0 4 5 5 3 9 1 11 13 32
60.5916 1 5 5 5 2 9 1 11 13 32
61.1427 1 5 5 5 2 8 1 10 13 33
61.2809 1 5 6 6 2 7 1 10 13 33
61.553 1 5 6 6 2 8 1 11 13 32
61.9193 1 5 6 6 2 7 1 10 13 33
62.0314 1 5 6 6 2 8 1 11 13 32
62.2705 1 5 6 6 2 7 1 10 13 33
62.2887 1 5 6 6 2 6 1 9 13 34
62.8249 1 5 6 6 2 7 1 10 13 33
63.4434 1 6 6 6 3 7 1 9 13 33
63.7758 1 6 6 6 3 8 1 10 13 32
64.7448 1 6 6 6 3 7 1 9 13 33
64.9487 1 6 6 6 3 6 1 8 13 34
66.4132 1 6 5 5 3 7 1 8 13 34
67.8133 1 6 5 5 3 6 1 7 13 35
69.0552 1 7 5 5 4 6 1 6 13 35
71.5667 1 7 5 5 4 5 1 5 13 36
71.6315 1 7 5 5 4 6 1 6 13 35
72.7482 1 7 5 5 4 5 1 5 13 36
72.9367 1 7 5 5 4 6 1 6 13 35
74.7512 2 8 5 5 3 6 1 6 13 35
75.2825 2 8 5 5 3 7 1 7 13 34
77.228 2 8 5 5 3 6 1 6 13 35
78.4094 2 8 5 5 3 5 1 5 13 36
79.8831 2 8 5 5 3 4 1 4 13 37
81.0639 2 8 5 5 3 5 1 5 13 36
81.5322 2 7 5 5 2 5 1 6 13 36
82.6936 2 7 5 5 1 4 2 6 13 36
82.779 2 6 5 5 1 4 1 6 14 36
83.5918 1 5 5 5 2 4 1 6 14 36
83.9366 1 6 5 5 3 4 1 5 14 36
84.2752 1 6 5 5 3 5 1 6 14 35
86.1158 2 7 5 5 2 5 1 6 14 35
86.6305 2 6 5 5 2 5 0 6 15 35
88.3351 2 6 5 5 1 4 1 6 15 35
88.3683 2 6 4 4 1 5 1 6 15 35
88.4943 2 6 4 4 1 4 1 5 15 36
88.6011 2 6 4 4 1 5 1 6 15 35
88.775 1 5 4 4 2 5 1 6 15 35
89.5882 1 5 4 4 2 6 1 7 15 34
90.0163 1 6 4 4 3 6 1 6 15 34
90.3616 1 6 3 3 3 7 1 6 15 34
90.3823 1 6 3 3 3 8 1 7 15 33
91.1626 1 6 3 3 3 9 1 8 15 32
92.3044 1 7 3 3 4 9 1 7 15 32
92.379 1 7 3 3 4 10 1 8 15 31
93.0937 1 7 3 3 4 9 1 7 15 32
93.4806 1 7 3 3 4 8 1 6 15 33
94.8957 0 6 3 3 5 8 1 6 15 33
95.2004 0 5 3 3 5 8 0 6 16 33
96.0099 1 6 3 3 4 8 0 6 16 33
96.61 1 6 3 3 3 7 1 6 16 33
96.6188 1 6 3 3 3 6 1 5 16 34
98.7751 1 6 3 3 3 7 1 6 16 33
99.5248 1 6 3 3 3 6 1 5 16 34
99.7562 1 6 3 3 3 7 1 6 16 33
101.794 1 6 3 3 3 6 1 5 16 34
104.244 1 6 2 2 3 7 1 5 16 34
105.412 1 6 2 2 3 6 1 4 16 35
105.493 1 6 2 2 3 5 1 3 16 36
107.942 1 6 2 2 3 6 1 4 16 35
109.275 1 6 2 2 3 5 1 3 16 36
110.324 1 6 2 2 3 6 1 4 16 35
110.643 1 6 2 2 3 5 1 3 16 36
110.901 1 6 2 2 3 4 1 2 16 37
111.303 1 6 1 1 3 5 1 2 16 37
111.415 1 6 1 1 2 4 2 2 16 37
113.04 1 6 1 1 2 5 2 3 16 36
113.968 1 6 1 1 2 4 2 2 16 37
114.368 1 6 1 1 2 5 2 3 16 36
114.642 1 6 2 2 2 4 2 3 16 36
114.98 1 6 2 2 2 5 2 4 16 35
115.153 1 6 2 2 2 6 2 5 16 34
115.278 1 6 2 2 1 5 3 5 16 34
117.183 1 6 2 2 1 6 3 6 16 33
117.874 1 5 2 2 1 6 2 6 17 33
118.406 1 5 2 2 1 7 2 7 17 32
118.908 1 5 2 2 1 8 2 8 17 31
119.593 1 5 2 2 1 7 2 7 17 32
120.503 1 4 2 2 0 7 2 8 17 32
121.017 0 3 2 2 1 7 2 8 17 32
122.267 0 3 2 2 1 6 2 7 17 33
124.37 0 3 3 3 1 5 2 7 17 33
125.439 0 4 3 3 2 5 2 6 17 33
125.697 0 4 2 2 2 6 2 6 17 33
126.863 0 4 3 3 2 5 2 6 17 33
127.554 0 4 2 2 2 6 2 6 17 33
128.516 0 4 2 2 2 5 2 5 17 34
128.772 0 4 2 2 2 4 2 4 17 35
129.834 0 4 2 2 2 5 2 5 17 34
136.266 0 4 2 2 2 6 2 6 17 33
138.131 0 5 2 2 3 6 2 5 17 33
138.699 0 5 2 2 3 7 2 6 17 32
139.289 0 5 2 2 3 8 2 7 17 31
139.329 0 5 2 2 3 9 2 8 17 30
140.733 0 5 2 2 3 8 2 7 17 31
140.851 0 5 2 2 3 7 2 6 17 32
140.872 0 5 2 2 3 8 2 7 17 31
141.014 0 5 2 2 3 7 2 6 17 32
141.599 0 5 3 3 3 6 2 6 17 32
142.447 0 5 3 3 3 7 2 7 17 31
144.101 0 5 3 3 3 8 2 8 17 30
144.277 0 5 3 3 3 7 2 7 17 31
145.642 0 5 3 3 3 6 2 6 17 32
145.951 1 6 3 3 2 6 2 6 17 32
146.582 1 6 3 3 2 7 2 7 17 31
147.289 1 6 4 4 2 6 2 7 17 31
148.327 1 6 4 4 2 7 2 8 17 30
149.188 1 6 4 4 2 8 2 9 17 29
149.287 1 5 4 4 1 8 2 10 17 29
149.672 1 5 4 4 1 9 2 11 17 28
149.844 1 5 4 4 1 8 2 10 17 29
150.588 1 6 4 4 2 8 2 9 17 29
151.213 1 6 4 4 1 7 3 9 17 29
153.378 1 6 4 4 1 8 3 10 17 28
153.575 1 6 4 4 1 7 3 9 17 29
153.909 1 6 4 4 1 8 3 10 17 28
154.818 1 6 4 4 1 7 3 9 17 29
155.649 1 6 4 4 1 6 3 8 17 30
155.69 1 6 4 4 1 7 3 9 17 29
155.724 1 6 4 4 1 6 3 8 17 30
156.017 1 6 4 4 1 5 3 7 17 31
159.329 1 6 4 4 1 6 3 8 17 30
160.354 1 6 4 4 1 5 3 7 17 31
160.673 1 6 3 3 1 6 3 7 17 31
161.162 1 5 3 3 0 6 3 8 17 31
163.213 1 5 3 3 0 5 3 7 17 32
163.611 1 5 3 3 0 4 3 6 17 33
167.031 1 5 2 2 0 5 3 6 17 33
167.596 1 4 2 2 0 5 2 6 18 33
167.708 1 4 2 2 0 4 2 5 18 34
168.584 1 4 2 2 0 5 2 6 18 33
170.592 1 4 2 2 0 6 2 7 18 32
170.669 1 4 3 3 0 5 2 7 18 32
172.699 1 4 3 3 0 6 2 8 18 31
173.4 1 3 3 3 0 6 1 8 19 31
174.614 1 3 3 3 0 5 1 7 19 32
175.499 1 3 3 3 0 4 1 6 19 33
178.199 1 3 3 3 0 5 1 7 19 32
178.708 1 3 3 3 0 6 1 8 19 31
178.881 1 3 3 3 0 5 1 7 19 32
182.245 1 3 3 3 0 6 1 8 19 31
182.931 1 3 3 3 0 7 1 9 19 30
183.808 1 3 4 4 0 6 1 9 19 30
184.059 1 3 4 4 0 7 1 10 19 29
184.436 1 4 4 4 1 7 1 9 19 29
185.443 1 4 4 4 0 6 2 9 19 29
186.882 1 4 4 4 0 5 2 8 19 30
187.031 1 4 3 3 0 6 2 8 19 30
187.106 0 3 3 3 1 6 2 8 19 30
187.109 0 3 3 3 1 5 2 7 19 31
189.501 0 3 3 3 1 4 2 6 19 32
190.159 0 3 3 3 1 5 2 7 19 31
190.681 0 3 3 3 1 6 2 8 19 30
191.934 0 3 3 3 1 5 2 7 19 31
192.726 0 3 3 3 0 4 3 7 19 31
193.73 0 4 3 3 1 4 3 6 19 31
197.319 0 4 3 3 1 5 3 7 19 30
198.8 0 4 3 3 1 4 3 6 19 31
199.649 0 4 3 3 1 5 3 7 19 30
200.647 0 4 3 3 0 4 4 7 19 30
201.129 0 4 3 3 0 5 4 8 19 29
202.695 0 4 3 3 0 6 4 9 19 28
204.88 0 3 3 3 0 6 3 9 20 28
204.918 0 3 2 2 0 7 3 9 20 28
207.393 0 3 2 2 0 8 3 10 20 27
208.114 0 3 2 2 0 7 3 9 20 28
209.388 0 3 2 2 0 8 3 10 20 27
209.669 0 3 2 2 0 9 3 11 20 26
209.991 0 3 2 2 0 10 3 12 20 25
211.623 0 3 2 2 0 9 3 11 20 26
213.619 0 3 2 2 0 8 3 10 20 27
214.014 0 3 2 2 0 7 3 9 20 28
214.81 0 3 2 2 0 8 3 10 20 27
215.359 0 3 2 2 0 9 3 11 20 26
215.503 0 3 2 2 0 10 3 12 20 25
215.527 0 3 2 2 0 9 3 11 20 26
216.009 0 3 2 2 0 8 3 10 20 27
216.975 0 3 3 3 0 7 3 10 20 27
218.194 0 3 3 3 0 6 3 9 20 28
218.652 0 3 3 3 0 5 3 8 20 29
220.231 0 3 2 2 0 6 3 8 20 29
221.007 0 3 3 3 0 5 3 8 20 29
228.026 0 3 3 3 0 4 3 7 20 30
229.356 0 3 3 3 0 5 3 8 20 29
231.412 0 3 3 3 0 4 3 7 20 30
231.751 0 3 3 3 0 3 3 6 20 31
231.883 0 3 4 4 0 2 3 6 20 31
233.408 0 3 4 4 0 1 3 5 20 32
235.634 0 3 4 4 0 2 3 6 20 31
237.735 0 3 3 3 0 3 3 6 20 31
238.214 0 2 3 3 0 3 2 6 21 31
239.187 0 2 3 3 0 2 2 5 21 32
240.832 0 2 3 3 0 3 2 6 21 31
241.122 0 2 3 3 0 4 2 7 21 30
244.559 0 3 3 3 0 4 3 7 20 30
244.719 0 3 3 3 0 3 3 6 20 31
245.744 0 3 3 3 0 2 3 5 20 32
246.137 0 3 3 3 0 3 3 6 20 31
246.994 0 3 2 2 0 4 3 6 20 31
249.95 0 3 2 2 0 5 3 7 20 30
250.787 0 3 2 2 0 6 3 8 20 29
250.936 0 3 2 2 0 5 3 7 20 30
252.72 0 3 2 2 0 4 3 6 20 31
253.165 0 4 2 2 1 4 3 5 20 31
253.179 0 4 2 2 1 5 3 6 20 30
254.074 0 4 2 2 1 6 3 7 20 29
256.796 0 4 2 2 1 7 3 8 20 28
256.904 0 4 2 2 1 6 3 7 20 29
257.223 0 4 2 2 1 7 3 8 20 28
257.258 0 4 2 2 1 8 3 9 20 27
258.945 0 4 2 2 1 9 3 10 20 26
260.861 0 4 2 2 1 8 3 9 20 27
262.238 0 4 2 2 1 9 3 10 20 26
264.941 0 5 2 2 1 9 4 10 19 26
265.012 0 4 2 2 1 9 3 10 20 26
265.76 0 4 2 2 1 8 3 9 20 27
265.79 0 4 2 2 1 7 3 8 20 28
266.028 0 4 2 2 1 6 3 7 20 29
266.965 0 4 2 2 1 5 3 6 20 30
267.545 0 4 2 2 1 4 3 5 20 31
268.743 0 4 1 1 1 5 3 5 20 31
272.205 0 4 2 2 1 4 3 5 20 31
272.274 0 4 2 2 1 5 3 6 20 30
272.491 0 4 2 2 1 6 3 7 20 29
272.948 0 4 2 2 1 7 3 8 20 28
273.657 0 4 2 2 1 8 3 9 20 27
274.043 0 4 2 2 1 7 3 8 20 28
275.067 0 4 2 2 1 8 3 9 20 27
275.934 0 4 2 2 1 7 3 8 20 28
276.592 0 4 2 2 1 6 3 7 20 29
277.371 0 4 2 2 1 7 3 8 20 28
277.804 0 4 2 2 1 6 3 7 20 29
281.409 0 4 2 2 1 5 3 6 20 30
281.99 0 4 2 2 1 4 3 5 20 31
282.206 0 3 2 2 1 4 2 5 21 31
282.528 0 3 2 2 1 3 2 4 21 32
284.874 0 3 2 2 1 4 2 5 21 31
285.475 0 2 2 2 0 4 2 6 21 31
285.847 0 3 2 2 1 4 2 5 21 31
286.142 0 3 3 3 1 3 2 5 21 31
288.112 0 3 3 3 1 2 2 4 21 32
291.068 0 3 3 3 1 3 2 5 21 31
291.448 0 4 3 3 2 3 2 4 21 31
292.042 0 4 2 2 2 4 2 4 21 31
292.366 0 4 2 2 1 3 3 4 21 31
293.925 0 3 2 2 0 3 3 5 21 31
294.078 0 3 2 2 0 4 3 6 21 30
294.691 0 3 2 2 0 5 3 7 21 29
296.148 0 3 2 2 0 4 3 6 21 30
297.582 0 2 2 2 0 4 2 6 22 30
298.931 0 2 2 2 0 3 2 5 22 31
300.665 0 2 2 2 0 4 2 6 22 30
300.769 0 2 2 2 0 5 2 7 22 29
301.23 0 2 2 2 0 6 2 8 22 28
302.284 0 2 3 3 0 5 2 8 22 28
305.356 0 2 3 3 0 6 2 9 22 27
305.696 0 2 3 3 0 5 2 8 22 28
306.658 0 2 4 4 0 4 2 8 22 28
307.208 0 2 3 3 0 5 2 8 22 28
307.914 0 2 3 3 0 4 2 7 22 29
310.594 0 2 3 3 0 5 2 8 22 28
311.187 0 2 2 2 0 6 2 8 22 28
311.495 0 2 2 2 0 5 2 7 22 29
311.574 0 2 1 1 0 6 2 7 22 29
312.6 0 2 1 1 0 5 2 6 22 30
315.048 0 2 1 1 0 6 2 7 22 29
316.209 0 2 1 1 1 7 1 7 22 29
317.318 0 2 1 1 1 6 1 6 22 30
318.355 0 2 1 1 0 5 2 6 22 30
318.386 0 2 1 1 0 6 2 7 22 29
319.201 0 1 1 1 0 6 1 7 23 29
320.372 0 1 1 1 0 5 1 6 23 30
322.371 0 1 1 1 0 6 1 7 23 29
322.864 0 1 1 1 0 7 1 8 23 28
323.058 0 1 1 1 0 6 1 7 23 29
324.855 0 1 1 1 0 7 1 8 23 28
328.544 0 1 1 1 0 8 1 9 23 27
328.578 0 1 1 1 0 9 1 10 23 26
331.84 0 1 1 1 0 10 1 11 23 25
331.988 0 1 1 1 0 9 1 10 23 26
333.476 0 1 1 1 0 10 1 11 23 25
334.607 0 1 1 1 0 9 1 10 23 26
335.292 0 1 1 1 0 8 1 9 23 27
335.471 0 1 1 1 0 9 1 10 23 26
335.935 0 1 1 1 0 10 1 11 23 25
336.284 0 1 1 1 0 9 1 10 23 26
336.425 0 1 1 1 0 10 1 11 23 25
337.383 0 1 1 1 0 9 1 10 23 26
337.574 0 1 1 1 0 10 1 11 23 25
337.641 0 1 2 2 0 9 1 11 23 25
339.246 0 1 2 2 0 8 1 10 23 26
339.727 0 1 2 2 0 7 1 9 23 27
339.783 0 1 3 3 0 6 1 9 23 27
339.849 0 1 3 3 0 7 1 10 23 26
340.594 0 1 3 3 0 8 1 11 23 25
341.341 0 1 4 4 0 7 1 11 23 25
341.61 0 1 5 5 0 6 1 11 23 25
343.295 0 0 5 5 0 6 0 11 24 25
344.872 0 0 5 5 0 7 0 12 24 24
353.385 0 1 5 5 1 7 0 11 24 24
353.589 1 2 5 5 0 7 0 11 24 24
353.773 1 2 5 5 0 6 0 10 24 25
354.2 1 2 4 4 0 7 0 10 24 25
354.542 1 2 4 4 0 6 0 9 24 26
354.547 1 3 4 4 1 6 0 8 24 26
357.649 1 3 3 3 1 7 0 8 24 26
357.953 1 4 3 3 2 7 0 7 24 26
359.111 1 5 3 3 3 7 0 6 24 26
360.716 1 4 3 3 2 7 0 7 24 26
361.131 1 4 4 4 2 6 0 7 24 26
361.163 0 3 4 4 3 6 0 7 24 26
362.598 0 4 4 4 4 6 0 6 24 26
362.987 0 4 4 4 4 5 0 5 24 27
363.142 0 4 4 4 4 6 0 6 24 26
364.171 0 4 4 4 4 7 0 7 24 25
364.673 0 4 3 3 4 8 0 7 24 25
365.237 0 4 3 3 4 7 0 6 24 26
365.57 0 4 3 3 3 6 1 6 24 26
366.479 0 4 3 3 3 5 1 5 24 27
367.195 0 4 3 3 3 4 1 4 24 28
367.273 0 5 3 3 4 4 1 3 24 28
368.028 0 5 3 3 4 5 1 4 24 27
369.855 0 5 3 3 4 6 1 5 24 26
370.854 0 4 3 3 3 6 1 6 24 26
370.874 0 4 3 3 3 7 1 7 24 25
370.963 0 4 3 3 3 8 1 8 24 24
370.981 0 4 3 3 2 7 2 8 24 24
371.364 1 5 3 3 1 7 2 8 24 24
372.088 1 5 3 3 1 6 2 7 24 25
372.966 1 5 3 3 1 7 2 8 24 24
373.919 1 5 3 3 1 8 2 9 24 23
374.098 1 5 3 3 1 9 2 10 24 22
375.109 1 5 3 3 1 8 2 9 24 23
375.199 1 5 3 3 1 7 2 8 24 24
375.378 1 5 3 3 1 6 2 7 24 25
375.394 1 5 3 3 1 7 2 8 24 24
375.457 1 5 3 3 1 6 2 7 24 25
376.332 1 5 2 2 1 7 2 7 24 25
377.653 1 5 2 2 1 8 2 8 24 24
378.446 1 5 2 2 1 7 2 7 24 25
378.812 1 5 2 2 1 6 2 6 24 26
380.665 1 5 2 2 1 7 2 7 24 25
381.558 1 5 2 2 1 8 2 8 24 24
382.682 1 5 2 2 1 9 2 9 24 23
383.62 1 5 3 3 1 8 2 9 24 23
384.085 1 5 3 3 1 7 2 8 24 24
384.55 1 5 3 3 1 6 2 7 24 25
385.38 1 5 3 3 1 7 2 8 24 24
385.561 1 5 3 3 1 6 2 7 24 25
386.371 1 6 3 3 2 6 2 6 24 25
386.688 1 6 3 3 2 5 2 5 24 26
387.672 1 7 3 3 3 5 2 4 24 26
387.777 1 7 3 3 3 6 2 5 24 25
388.059 1 7 3 3 2 5 3 5 24 25
388.702 1 7 2 2 2 6 3 5 24 25
389.63 1 6 2 2 2 6 2 5 25 25
390.554 1 6 2 2 2 5 2 4 25 26
390.761 1 6 2 2 2 6 2 5 25 25
391.852 1 6 2 2 1 5 3 5 25 25
392.42 1 7 2 2 2 5 3 4 25 25
392.707 1 7 2 2 1 4 4 4 25 25
394.286 1 6 2 2 1 4 3 4 26 25
395.15 1 6 2 2 1 5 3 5 26 24
397.22 1 5 2 2 0 5 3 6 26 24
397.258 1 6 2 2 1 5 3 5 26 24
397.345 1 6 2 2 1 6 3 6 26 23
397.345 1 6 2 2 1 5 3 5 26 24
398.656 1 6 2 2 1 6 3 6 26 23
401.347 0 5 2 2 2 6 3 6 26 23
404.916 1 6 2 2 1 6 3 6 26 23
407.017 1 6 2 2 1 5 3 5 26 24
407.35 2 7 2 2 0 5 3 5 26 24
407.454 2 7 3 3 0 4 3 5 26 24
408.855 2 6 3 3 0 4 2 5 27 24
409.386 2 6 3 3 0 5 2 6 27 23
409.562 2 6 3 3 0 4 2 5 27 24
414.122 1 5 3 3 1 4 2 5 27 24
414.497 1 5 4 4 1 3 2 5 27 24
414.856 1 5 4 4 1 4 2 6 27 23
415.084 1 5 4 4 1 5 2 7 27 22
415.841 1 5 4 4 1 6 2 8 27 21
416.707 1 5 4 4 1 5 2 7 27 22
420.102 1 6 4 4 2 5 2 6 27 22
421.054 1 6 3 3 2 6 2 6 27 22
421.371 1 6 3 3 2 5 2 5 27 23
421.785 1 6 3 3 2 6 2 6 27 22
422.02 1 6 3 3 2 5 2 5 27 23
423.108 1 6 3 3 2 6 2 6 27 22
423.134 1 6 4 4 2 5 2 6 27 22
423.204 1 6 5 5 2 4 2 6 27 22
423.828 1 6 5 5 2 5 2 7 27 21
426.917 1 6 5 5 2 4 2 6 27 22
427.044 1 6 5 5 2 5 2 7 27 21
429.507 1 6 5 5 2 4 2 6 27 22
429.908 1 6 5 5 2 5 2 7 27 21
430.852 1 6 4 4 2 6 2 7 27 21
431.271 1 7 4 4 3 6 2 6 27 21
431.676 2 8 4 4 2 6 2 6 27 21
432.385 2 8 4 4 2 7 2 7 27 20
432.595 2 8 3 3 2 8 2 7 27 20
433.332 2 8 3 3 2 7 2 6 27 21
433.362 2 8 2 2 2 8 2 6 27 21
433.508 2 7 2 2 1 8 2 7 27 21
433.665 2 7 2 2 1 9 2 8 27 20
433.705 2 8 2 2 2 9 2 7 27 20
434.305 2 8 2 2 2 8 2 6 27 21
434.786 2 8 2 2 2 7 2 5 27 22
438.832 2 8 2 2 2 6 2 4 27 23
440.244 1 7 2 2 3 6 2 4 27 23
443.349 1 7 2 2 3 7 2 5 27 22
443.401 1 6 2 2 2 7 2 6 27 22
447.959 1 6 2 2 2 6 2 5 27 23
450.325 1 6 3 3 2 5 2 5 27 23
451.96 1 6 3 3 2 4 2 4 27 24
452.573 1 6 3 3 2 5 2 5 27 23
453.031 1 6 3 3 2 6 2 6 27 22
453.938 2 7 3 3 1 6 2 6 27 22
456.272 2 6 3 3 1 6 1 6 28 22
456.361 2 6 3 3 1 7 1 7 28 21
460.467 2 6 3 3 1 8 1 8 28 20
460.798 2 6 3 3 1 7 1 7 28 21
461.825 2 5 3 3 1 7 0 7 29 21
461.931 2 5 3 3 1 6 0 6 29 22
462.448 2 5 2 2 1 7 0 6 29 22
463.421 2 6 2 2 2 7 0 5 29 22
463.424 2 6 2 2 2 6 0 4 29 23
467.223 1 5 2 2 3 6 0 4 29 23
467.335 1 5 2 2 2 5 1 4 29 23
467.935 1 5 2 2 1 4 2 4 29 23
468.545 1 4 2 2 1 4 1 4 30 23
472.676 1 4 2 2 1 3 1 3 30 24
475.938 1 5 2 2 2 3 1 2 30 24
476.118 1 4 2 2 1 3 1 3 30 24
476.829 1 4 2 2 1 4 1 4 30 23
479.785 1 4 2 2 1 5 1 5 30 22
480.326 1 4 2 2 1 6 1 6 30 21
483.027 1 4 2 2 1 7 1 7 30 20
486.985 0 3 2 2 2 7 1 7 30 20
488.086 0 3 2 2 3 8 0 7 30 20
489.959 0 4 2 2 4 8 0 6 30 20
490.953 0 4 2 2 3 7 1 6 30 20
493.266 0 4 2 2 3 6 1 5 30 21
495.552 0 4 2 2 3 7 1 6 30 20
496.267 0 5 2 2 4 7 1 5 30 20
498.365 0 5 2 2 3 6 2 5 30 20
498.436 0 4 2 2 3 6 1 5 31 20
499.44 0 4 2 2 2 5 2 5 31 20
500.064 0 4 2 2 2 4 2 4 31 21
501.757 0 3 2 2 1 4 2 5 31 21
505.319 0 3 3 3 1 3 2 5 31 21
505.441 0 3 3 3 1 4 2 6 31 20
507.35 0 3 2 2 1 5 2 6 31 20
507.712 0 3 2 2 1 4 2 5 31 21
512.954 0 2 2 2 1 4 1 5 32 21
513.077 0 2 2 2 1 3 1 4 32 22
513.381 0 2 2 2 1 2 1 3 32 23
516.002 0 2 2 2 1 3 1 4 32 22
516.967 0 3 2 2 1 3 2 4 31 22
517.086 0 3 2 2 0 2 3 4 31 22
520.961 0 3 1 1 0 3 3 4 31 22
524.097 0 2 1 1 0 3 2 4 32 22
527.348 0 2 1 1 0 4 2 5 32 21
530.863 0 2 1 1 0 5 2 6 32 20
531.064 0 2 2 2 0 4 2 6 32 20
535.475 0 2 2 2 0 5 2 7 32 19
535.662 0 2 2 2 0 6 2 8 32 18
536.042 0 2 2 2 0 5 2 7 32 19
541.574 0 2 3 3 0 4 2 7 32 19
542.92 0 2 2 2 0 5 2 7 32 19
543.649 0 2 2 2 0 4 2 6 32 20
546.241 0 2 2 2 1 5 1 6 32 20
547.035 0 2 3 3 1 4 1 6 32 20
548.426 0 1 3 3 0 4 1 7 32 20
548.629 0 1 3 3 0 3 1 6 32 21
551.214 0 1 2 2 0 4 1 6 32 21
552.966 0 1 3 3 0 3 1 6 32 21
557.473 0 1 3 3 0 4 1 7 32 20
557.477 0 1 3 3 0 3 1 6 32 21
559.247 0 1 3 3 0 4 1 7 32 20
559.898 0 1 3 3 0 3 1 6 32 21
560.176 0 1 3 3 0 4 1 7 32 20
561.497 0 2 3 3 1 4 1 6 32 20
562.106 1 3 3 3 0 4 1 6 32 20
565.77 1 3 2 2 0 5 1 6 32 20
566.823 1 3 2 2 0 6 1 7 32 19
568.035 1 3 2 2 0 7 1 8 32 18
570.272 1 3 2 2 0 8 1 9 32 17
571.998 1 3 2 2 0 7 1 8 32 18
574.395 1 3 1 1 0 8 1 8 32 18
574.578 1 3 1 1 0 7 1 7 32 19
578.074 1 3 1 1 0 6 1 6 32 20
578.475 1 3 1 1 0 5 1 5 32 21
578.947 1 3 1 1 0 6 1 6 32 20
580.457 1 3 1 1 0 5 1 5 32 21
581.21 1 3 1 1 0 6 1 6 32 20
582.109 1 3 2 2 0 5 1 6 32 20
583.063 1 3 2 2 0 6 1 7 32 19
586.556 1 3 2 2 0 5 1 6 32 20
587.957 1 3 2 2 0 4 1 5 32 21
590.296 1 3 2 2 0 5 1 6 32 20
590.535 1 3 2 2 0 6 1 7 32 19
591.244 1 3 2 2 0 7 1 8 32 18
591.81 1 3 2 2 0 8 1 9 32 17
592.466 1 4 2 2 1 8 1 8 32 17
592.667 1 4 2 2 1 7 1 7 32 18
595.465 1 4 2 2 1 8 1 8 32 17
596.021 1 4 2 2 1 9 1 9 32 16
600.749 1 4 2 2 1 8 1 8 32 17
601.267 1 4 2 2 1 7 1 7 32 18
602.231 1 4 2 2 1 6 1 6 32 19
603.541 1 4 2 2 1 7 1 7 32 18
603.945 1 4 2 2 1 8 1 8 32 17
604.053 1 5 2 2 2 8 1 7 32 17
606.655 1 5 2 2 2 7 1 6 32 18
606.743 1 5 2 2 2 6 1 5 32 19
608.825 1 5 2 2 2 7 1 6 32 18
608.876 1 6 2 2 3 7 1 5 32 18
609.139 1 6 2 2 3 6 1 4 32 19
609.872 1 5 2 2 2 6 1 5 32 19
611.297 1 5 2 2 2 5 1 4 32 20
611.867 1 5 2 2 2 4 1 3 32 21
614.282 1 4 2 2 2 4 0 3 33 21
616.824 1 3 2 2 1 4 0 4 33 21
617.955 1 3 2 2 1 5 0 5 33 20
618.877 1 3 2 2 1 6 0 6 33 19
618.888 1 3 2 2 1 7 0 7 33 18
619.051 1 4 2 2 2 7 0 6 33 18
619.356 1 4 2 2 2 8 0 7 33 17
620.147 1 4 2 2 2 9 0 8 33 16
622.806 1 4 2 2 2 8 0 7 33 17
624.836 1 4 2 2 2 7 0 6 33 18
627.091 1 4 2 2 1 6 1 6 33 18
627.149 1 4 2 2 1 7 1 7 33 17
627.653 1 4 2 2 1 6 1 6 33 18
629.886 1 4 2 2 1 7 1 7 33 17
630.169 1 4 2 2 1 8 1 8 33 16
631.365 1 4 2 2 1 9 1 9 33 15
634.874 1 4 2 2 1 8 1 8 33 16
636.722 1 4 2 2 1 7 1 7 33 17
638.163 1 5 2 2 2 7 1 6 33 17
638.989 1 4 2 2 1 7 1 7 33 17
639.604 1 4 2 2 1 6 1 6 33 18
639.675 1 4 2 2 1 5 1 5 33 19
643.235 1 4 2 2 1 4 1 4 33 20
646.315 1 4 2 2 0 3 2 4 33 20
646.852 1 4 2 2 0 2 2 3 33 21
649.029 1 4 2 2 0 3 2 4 33 20
650.98 1 4 2 2 0 2 2 3 33 21
651.525 1 4 2 2 0 3 2 4 33 20
652.051 1 4 2 2 0 4 2 5 33 19
652.224 1 5 2 2 1 4 2 4 33 19
652.668 1 4 2 2 1 4 1 4 34 19
653.857 1 4 2 2 1 5 1 5 34 18
654.412 1 5 2 2 2 5 1 4 34 18
656.085 1 5 2 2 2 6 1 5 34 17
657.441 1 5 2 2 2 7 1 6 34 16
659.064 1 5 2 2 2 8 1 7 34 15
661.712 1 4 2 2 2 8 0 7 35 15
663.195 1 4 2 2 1 7 1 7 35 15
663.885 1 4 2 2 1 6 1 6 35 16
665.601 1 4 2 2 1 5 1 5 35 17
666.266 1 5 2 2 2 5 1 4 35 17
668.759 1 5 2 2 2 6 1 5 35 16
668.899 1 5 2 2 2 7 1 6 35 15
668.951 2 6 2 2 1 7 1 6 35 15
669.132 2 6 2 2 1 8 1 7 35 14
670.919 2 6 2 2 1 7 1 6 35 15
674.405 2 6 3 3 1 6 1 6 35 15
675.603 2 7 3 3 2 6 1 5 35 15
676.949 2 7 3 3 2 5 1 4 35 16
677.401 2 7 3 3 2 4 1 3 35 17
678.655 2 7 3 3 2 5 1 4 35 16
679.48 2 6 3 3 1 5 1 5 35 16
683.279 2 7 3 3 2 5 1 4 35 16
683.925 2 7 3 3 2 4 1 3 35 17
687.085 2 7 3 3 2 5 1 4 35 16
687.229 2 8 3 3 3 5 1 3 35 16
688.092 1 7 3 3 4 5 1 3 35 16
688.467 1 6 3 3 3 5 1 4 35 16
688.51 2 7 3 3 2 5 1 4 35 16
688.546 2 7 3 3 2 6 1 5 35 15
689.265 2 7 2 2 2 7 1 5 35 15
690.195 2 7 2 2 2 6 1 4 35 16
690.485 2 8 2 2 3 6 1 3 35 16
691.84 1 7 2 2 4 6 1 3 35 16
692.82 1 7 2 2 4 7 1 4 35 15
693.221 1 7 3 3 4 6 1 4 35 15
693.39 1 7 3 3 3 5 2 4 35 15
695.145 1 7 3 3 3 6 2 5 35 14
695.298 1 7 3 3 4 7 1 5 35 14
695.925 1 7 3 3 4 8 1 6 35 13
696.32 1 6 3 3 3 8 1 7 35 13
696.669 1 6 2 2 3 9 1 7 35 13
697.381 1 6 2 2 3 8 1 6 35 14
698.27 1 6 2 2 3 7 1 5 35 15
703.919 1 5 2 2 2 7 1 6 35 15
705.735 1 5 2 2 2 6 1 5 35 16
706.649 2 6 2 2 1 6 1 5 35 16
710.333 2 5 2 2 1 6 0 5 36 16
711.819 2 5 2 2 1 5 0 4 36 17
713.695 2 5 2 2 1 6 0 5 36 16
715.49 2 5 2 2 1 7 0 6 36 15
716.376 2 5 1 1 1 8 0 6 36 15
719.252 2 5 2 2 1 7 0 6 36 15
719.263 2 5 2 2 1 8 0 7 36 14
720.157 2 5 2 2 1 7 0 6 36 15
720.329 1 4 2 2 2 7 0 6 36 15
720.532 1 4 2 2 2 6 0 5 36 16
724.098 1 4 2 2 2 5 0 4 36 17
724.298 1 4 2 2 2 4 0 3 36 18
725.108 1 4 2 2 2 5 0 4 36 17
725.492 1 4 2 2 2 6 0 5 36 16
726.743 1 3 2 2 1 6 0 6 36 16
728.059 1 3 2 2 1 5 0 5 36 17
729.202 1 3 2 2 1 6 0 6 36 16
729.587 1 3 2 2 1 7 0 7 36 15
730.569 0 2 2 2 2 7 0 7 36 15
730.933 0 2 2 2 2 8 0 8 36 14
732.965 0 3 2 2 3 8 0 7 36 14
733.479 0 3 2 2 2 7 1 7 36 14
733.812 0 3 1 1 2 8 1 7 36 14
734.36 0 3 1 1 2 7 1 6 36 15
738.274 0 3 1 1 2 6 1 5 36 16
741.108 0 3 1 1 1 5 2 5 36 16
741.738 0 3 0 0 1 6 2 5 36 16
742.667 0 3 0 0 1 5 2 4 36 17
742.891 0 3 0 0 1 4 2 3 36 18
747.57 0 3 0 0 1 3 2 2 36 19
748.877 0 3 0 0 1 4 2 3 36 18
749.584 0 3 0 0 0 3 3 3 36 18
753.237 0 4 0 0 1 3 3 2 36 18
753.643 0 4 0 0 1 4 3 3 36 17
754.981 0 5 0 0 1 4 4 3 35 17
755.925 0 6 0 0 2 4 4 2 35 17
757.424 0 5 0 0 2 4 3 2 36 17
757.948 0 4 0 0 2 4 2 2 37 17
761.367 0 4 0 0 2 3 2 1 37 18
762.1 0 3 0 0 2 3 1 1 38 18
762.766 0 3 0 0 2 4 1 2 38 17
765.229 1 4 0 0 1 4 1 2 38 17
765.641 1 4 0 0 1 5 1 3 38 16
766.277 1 4 0 0 1 6 1 4 38 15
769.493 1 4 0 0 1 7 1 5 38 14
769.553 1 5 0 0 2 7 1 4 38 14
771.242 1 5 1 1 2 6 1 4 38 14
771.696 1 5 1 1 2 5 1 3 38 15
775.219 2 6 1 1 1 5 1 3 38 15
778.83 2 6 2 2 1 4 1 3 38 15
783.024 2 7 2 2 2 4 1 2 38 15
785.492 2 6 2 2 1 4 1 3 38 15
785.859 2 6 2 2 1 5 1 4 38 14
786.837 2 6 2 2 1 6 1 5 38 13
788.812 2 5 2 2 1 6 0 5 39 13
791.641 2 5 2 2 1 7 0 6 39 12
796.056 2 5 2 2 1 6 0 5 39 13
797.441 2 5 2 2 1 7 0 6 39 12
799.136 1 4 2 2 2 7 0 6 39 12
799.855 1 4 2 2 2 6 0 5 39 13
800.02 1 4 2 2 2 5 0 4 39 14
803.99 1 4 2 2 1 4 1 4 39 14
807.343 1 4 2 2 1 5 1 5 39 13
808.082 1 4 2 2 1 4 1 4 39 14
810.074 1 4 2 2 1 5 1 5 39 13
810.344 1 4 2 2 1 4 1 4 39 14
812.038 0 3 2 2 2 4 1 4 39 14
812.344 0 2 2 2 1 4 1 5 39 14
812.47 0 2 2 2 1 3 1 4 39 15
816.655 0 1 2 2 0 3 1 5 39 15
817.971 0 1 2 2 0 2 1 4 39 16
823.579 0 1 2 2 0 3 1 5 39 15
824.346 0 2 2 2 1 3 1 4 39 15
826.105 0 2 2 2 1 4 1 5 39 14
827.096 0 2 2 2 1 5 1 6 39 13
828.704 0 2 2 2 1 4 1 5 39 14
830.014 1 3 2 2 0 4 1 5 39 14
830.906 1 3 2 2 0 5 1 6 39 13
833.285 1 3 2 2 0 4 1 5 39 14
833.448 1 4 2 2 1 4 1 4 39 14
845.292 1 4 2 2 1 5 1 5 39 13
845.294 1 4 2 2 1 4 1 4 39 14
845.716 1 4 2 2 1 5 1 5 39 13
846.555 1 4 2 2 1 6 1 6 39 12
848.828 1 5 2 2 2 6 1 5 39 12
848.987 1 6 2 2 3 6 1 4 39 12
853.549 0 5 2 2 4 6 1 4 39 12
854.755 0 5 3 3 4 5 1 4 39 12
855.572 0 6 3 3 5 5 1 3 39 12
855.943 0 6 3 3 4 4 2 3 39 12
856.233 0 6 3 3 3 3 3 3 39 12
856.996 0 5 3 3 3 3 2 3 40 12
857.964 0 4 3 3 3 3 1 3 41 12
858.059 0 4 3 3 3 4 1 4 41 11
859.179 0 4 3 3 3 5 1 5 41 10
860.508 0 4 3 3 3 4 1 4 41 11
861.206 0 3 3 3 2 4 1 5 41 11
861.422 0 3 3 3 2 3 1 4 41 12
864.385 0 3 3 3 2 2 1 3 41 13
868.391 0 3 3 3 2 1 1 2 41 14
872.171 0 3 2 2 2 2 1 2 41 14
876.507 0 2 2 2 1 2 1 3 41 14
884.869 0 2 2 2 1 3 1 4 41 13
884.955 0 3 2 2 2 3 1 3 41 13
887.407 0 3 2 2 2 4 1 4 41 12
888.218 0 3 2 2 1 3 2 4 41 12
888.813 0 2 2 2 0 3 2 5 41 12
891.035 0 2 2 2 0 2 2 4 41 13
893.351 0 2 3 3 0 1 2 4 41 13
900.325 0 2 3 3 0 2 2 5 41 12
904.155 0 2 4 4 0 1 2 5 41 12
906.409 0 2 4 4 0 2 2 6 41 11
906.83 0 1 4 4 0 2 1 6 42 11
909.79 0 1 3 3 0 3 1 6 42 11
910.474 0 1 3 3 0 2 1 5 42 12
912.655 0 1 3 3 0 3 1 6 42 11
914.394 0 2 3 3 1 3 1 5 42 11
918.179 1 3 3 3 0 3 1 5 42 11
923.071 1 3 2 2 0 4 1 5 42 11
929.734 1 3 2 2 0 3 1 4 42 12
930.28 1 3 2 2 0 4 1 5 42 11
931.672 1 4 2 2 0 4 2 5 41 11
931.865 1 4 2 2 0 5 2 6 41 10
932.123 1 4 2 2 0 4 2 5 41 11
934.797 1 4 2 2 0 5 2 6 41 10
937.182 1 4 2 2 0 4 2 5 41 11
939.037 1 5 2 2 1 4 2 4 41 11
941.154 1 4 2 2 1 4 1 4 42 11
941.361 1 4 3 3 1 3 1 4 42 11
944.27 1 5 3 3 1 3 2 4 41 11
944.304 1 6 3 3 1 3 3 4 40 11
945.176 1 5 3 3 0 3 3 5 40 11
947.598 1 6 3 3 1 3 3 4 40 11
947.703 1 5 3 3 1 3 2 4 41 11
947.962 1 5 3 3 1 4 2 5 41 10
948.35 1 5 4 4 1 3 2 5 41 10
948.985 1 4 4 4 1 3 1 5 42 10
951.542 1 4 4 4 1 2 1 4 42 11
954.506 1 4 3 3 1 3 1 4 42 11
954.694 1 4 3 3 1 2 1 3 42 12
962.767 1 4 2 2 1 3 1 3 42 12
962.916 1 4 2 2 1 2 1 2 42 13
963.515 1 3 2 2 1 2 0 2 43 13
964.876 1 3 2 2 1 3 0 3 43 12
965.443 1 3 2 2 1 4 0 4 43 11
967.89 1 3 2 2 1 5 0 5 43 10
969.123 1 3 2 2 1 6 0 6 43 9
971.543 1 4 2 2 2 6 0 5 43 9
972.222 1 4 2 2 1 5 1 5 43 9
975.793 1 4 2 2 1 4 1 4 43 10
979.883 1 4 2 2 1 5 1 5 43 9
983.027 1 4 2 2 1 6 1 6 43 8
985.324 1 4 2 2 1 5 1 5 43 9
987.03 1 4 2 2 1 4 1 4 43 10
988.485 1 4 2 2 1 3 1 3 43 11
988.698 1 4 3 3 1 2 1 3 43 11
990.596 1 4 3 3 1 3 1 4 43 10
990.753 1 4 3 3 0 2 2 4 43 10
996.711 1 4 3 3 1 3 1 4 43 10
996.895 1 4 3 3 1 4 1 5 43 9
998.549 1 3 3 3 1 4 0 5 44 9
999.37 1 3 3 3 1 5 0 6 44 8
1002.77 1 3 3 3 1 6 0 7 44 7
1003.33 1 4 3 3 1 6 1 7 43 7
1008.46 1 5 3 3 2 6 1 6 43 7
1010.15 1 5 3 3 1 5 2 6 43 7
1010.64 1 5 3 3 1 4 2 5 43 8
1010.72 1 5 3 3 1 5 2 6 43 7
1011.01 1 4 3 3 0 5 2 7 43 7
1012.59 1 4 3 3 0 4 2 6 43 8
1013.48 1 3 3 3 0 4 1 6 44 8
1013.89 1 3 2 2 0 5 1 6 44 8
1017.9 1 4 2 2 1 5 1 5 44 8
1020.18 1 3 2 2 1 5 0 5 45 8
1022.6 1 2 2 2 0 5 0 6 45 8
1027.69 1 3 2 2 1 5 0 5 45 8
1029.34 1 4 2 2 2 5 0 4 45 8
1030.28 1 4 2 2 2 4 0 3 45 9
1031.29 1 3 2 2 1 4 0 4 45 9
1033.91 1 4 2 2 1 4 1 4 44 9
1039.37 1 4 3 3 1 3 1 4 44 9
1039.87 1 4 3 3 1 4 1 5 44 8
1039.88 1 5 3 3 2 4 1 4 44 8
1040.43 1 6 3 3 3 4 1 3 44 8
1044.45 1 6 2 2 3 5 1 3 44 8
1047.54 2 7 2 2 2 5 1 3 44 8
1049.05 2 7 2 2 2 6 1 4 44 7
1049.47 2 7 2 2 2 5 1 3 44 8
1050.05 1 6 2 2 3 5 1 3 44 8
1050.58 1 6 2 2 3 6 1 4 44 7
1052.66 1 6 3 3 3 5 1 4 44 7
1053.24 1 6 3 3 3 4 1 3 44 8
1054.22 1 6 3 3 2 3 2 3 44 8
1057.07 1 6 2 2 2 4 2 3 44 8
1058.21 1 6 2 2 2 3 2 2 44 9
1058.71 1 6 2 2 2 2 2 1 44 10
1063.86 1 6 2 2 2 1 2 0 44 11
1066.08 0 5 2 2 3 1 2 0 44 11
1068.86 0 5 2 2 2 0 3 0 44 11
1069.13 0 4 2 2 1 0 3 1 44 11
1074.61 0 4 1 1 1 1 3 1 44 11
1084.57 0 5 1 1 1 1 4 1 43 11
1084.7 0 5 1 1 1 2 4 2 43 10
1084.71 0 5 1 1 2 3 3 2 43 10
1085.23 0 6 1 1 2 3 4 2 42 10
1086.16 0 6 1 1 2 4 4 3 42 9
1087.36 0 5 1 1 2 4 3 3 43 9
1088.28 0 5 1 1 2 5 3 4 43 8
1089.49 0 6 1 1 2 5 4 4 42 8
1092.58 0 6 1 1 2 6 4 5 42 7
1094.15 0 7 1 1 3 6 4 4 42 7
1094.84 0 6 1 1 3 6 3 4 43 7
1095.92 0 6 1 1 3 7 3 5 43 6
1096.84 0 6 1 1 3 6 3 4 43 7
1096.88 0 5 1 1 2 6 3 5 43 7
1100.7 0 4 1 1 2 6 2 5 44 7
1102.32 0 4 1 1 1 5 3 5 44 7
1103.14 0 4 1 1 1 4 3 4 44 8
1103.45 0 4 2 2 1 3 3 4 44 8
1103.67 0 4 3 3 1 2 3 4 44 8
1106.21 0 4 3 3 1 1 3 3 44 9
1107.48 0 4 3 3 1 2 3 4 44 8
1108.21 0 3 3 3 1 2 2 4 45 8
1108.91 0 3 3 3 0 1 3 4 45 8
1109.02 0 3 3 3 0 2 3 5 45 7
1114.08 0 2 3 3 0 2 2 5 46 7
1114.98 0 3 3 3 1 2 2 4 46 7
1116.3 0 3 2 2 1 3 2 4 46 7
1117.71 0 3 1 1 1 4 2 4 46 7
1118.08 1 4 1 1 0 4 2 4 46 7
1120.67 1 4 1 1 0 5 2 5 46 6
1121.55 1 4 1 1 1 6 1 5 46 6
1129.57 1 4 1 1 1 5 1 4 46 7
1129.61 1 4 1 1 1 6 1 5 46 6
1129.76 1 4 1 1 1 7 1 6 46 5
1130.81 1 4 1 1 1 6 1 5 46 6
1132.56 1 4 1 1 0 5 2 5 46 6
1141.67 1 3 1 1 0 5 1 5 47 6
1144.67 1 4 1 1 1 5 1 4 47 6
1147.54 1 3 1 1 0 5 1 5 47 6
1148.63 1 3 1 1 0 4 1 4 47 7
1150.67 1 3 1 1 0 3 1 3 47 8
1159.26 1 3 0 0 0 4 1 3 47 8
1161.36 1 4 0 0 1 4 1 2 47 8
1167.33 1 4 0 0 1 3 1 1 47 9
1172.56 1 4 1 1 1 2 1 1 47 9
1176.74 1 4 1 1 1 3 1 2 47 8
1182.05 1 3 1 1 0 3 1 3 47 8
1188.53 1 2 1 1 0 3 0 3 48 8
1195.46 1 2 0 0 0 4 0 3 48 8
1208.45 1 2 0 0 0 5 0 4 48 7
1211.83 1 2 0 0 0 4 0 3 48 8
1212.85 1 2 0 0 0 3 0 2 48 9
1215.94 0 1 0 0 1 3 0 2 48 9
1225.01 0 1 0 0 1 4 0 3 48 8
1229.05 0 1 0 0 1 5 0 4 48 7
1233.96 0 2 0 0 2 5 0 3 48 7
1239.98 0 2 0 0 2 4 0 2 48 8
1240.47 0 2 1 1 2 3 0 2 48 8
1240.89 0 2 1 1 2 4 0 3 48 7
1240.99 0 2 1 1 1 3 1 3 48 7
1243.78 0 2 1 1 1 2 1 2 48 8
1244.1 0 2 1 1 1 3 1 3 48 7
1246.14 0 2 1 1 0 2 2 3 48 7
1247.43 0 2 1 1 0 3 2 4 48 6
1254.24 0 2 1 1 0 4 2 5 48 5
1257.15 0 2 1 1 0 3 2 4 48 6
1263.62 0 1 1 1 0 3 1 4 49 6
1264.63 0 2 1 1 1 3 1 3 49 6
1271.59 0 2 1 1 1 4 1 4 49 5
1274.33 0 2 1 1 1 3 1 3 49 6
1276.24 0 2 2 2 1 2 1 3 49 6
1282.79 0 3 2 2 2 2 1 2 49 6
1283.71 0 3 1 1 2 3 1 2 49 6
1287.92 0 3 2 2 2 2 1 2 49 6
1288.03 0 2 2 2 2 2 0 2 50 6
1289.34 0 2 2 2 2 1 0 1 50 7
1292.66 0 2 2 2 2 2 0 2 50 6
1292.71 0 2 2 2 2 3 0 3 50 5
1293.85 0 3 2 2 3 3 0 2 50 5
1294.85 0 3 2 2 3 4 0 3 50 4
1296.55 0 3 1 1 3 5 0 3 50 4
1299.38 1 4 1 1 2 5 0 3 50 4
1303.66 0 3 1 1 3 5 0 3 50 4
1306.53 0 2 1 1 2 5 0 4 50 4
1306.81 1 3 1 1 1 5 0 4 50 4
1307.75 1 3 1 1 1 4 0 3 50 5
1313.31 1 3 1 1 1 5 0 4 50 4
1318.73 1 3 1 1 1 6 0 5 50 3
1319.04 1 3 1 1 1 5 0 4 50 4
1320.6 1 4 1 1 2 5 0 3 50 4
1321.86 1 3 1 1 1 5 0 4 50 4
1325.72 0 2 1 1 2 5 0 4 50 4
1326.1 0 1 1 1 1 5 0 5 50 4
1335.7 0 1 1 1 1 4 0 4 50 5
1335.95 0 2 1 1 2 4 0 3 50 5
1338.87 0 2 1 1 2 3 0 2 50 6
1339.81 0 3 1 1 2 3 1 2 49 6
1351.72 0 3 1 1 2 4 1 3 49 5
1352.8 0 2 1 1 1 4 1 4 49 5
1357.37 1 3 1 1 0 4 1 4 49 5
1357.62 1 3 1 1 0 5 1 5 49 4
1372.05 1 2 1 1 0 5 0 5 50 4
1372.89 1 2 1 1 0 4 0 4 50 5
1372.89 1 3 1 1 0 4 1 4 49 5
1375.1 1 3 2 2 0 3 1 4 49 5
1377.88 0 2 2 2 1 3 1 4 49 5
1378.66 0 3 2 2 1 3 2 4 48 5
1385.13 0 3 3 3 1 2 2 4 48 5
1385.61 0 3 2 2 1 3 2 4 48 5
1390.61 0 4 2 2 2 3 2 3 48 5
1391.07 0 4 2 2 2 2 2 2 48 6
1396.15 1 5 2 2 1 2 2 2 48 6
1401.58 1 5 1 1 1 3 2 2 48 6
1403.45 1 6 1 1 2 3 2 1 48 6
1405.2 2 7 1 1 1 3 2 1 48 6
1407.64 2 6 1 1 1 3 1 1 49 6
1409.11 2 5 1 1 1 3 0 1 50 6
1411.69 2 5 1 1 0 2 1 1 50 6
1414.75 2 5 1 1 0 1 1 0 50 7
1415.12 2 5 1 1 0 2 1 1 50 6
1415.12 2 4 1 1 0 2 0 1 51 6
1443.12 2 4 1 1 0 3 0 2 51 5
1443.23 1 3 1 1 1 3 0 2 51 5
1446.84 1 3 1 1 1 4 0 3 51 4
1451.92 2 4 1 1 0 4 0 3 51 4
1453.86 1 3 1 1 1 4 0 3 51 4
1462.67 1 4 1 1 1 4 1 3 50 4
1464.06 1 3 1 1 1 4 0 3 51 4
1464.39 1 3 1 1 0 3 1 3 51 4
1464.44 1 3 1 1 0 2 1 2 51 5
1465.56 1 3 1 1 0 1 1 1 51 6
1467.34 1 3 2 2 0 0 1 1 51 6
1469.66 1 3 1 1 0 1 1 1 51 6
1471.73 0 2 1 1 1 1 1 1 51 6
1474.06 0 2 1 1 1 2 1 2 51 5
1487.82 0 3 1 1 2 2 1 1 51 5
1488.04 0 3 1 1 1 1 2 1 51 5
1492.12 0 3 1 1 1 2 2 2 51 4
1499.97 0 3 1 1 1 3 2 3 51 3
1501.02 0 3 1 1 1 2 2 2 51 4
1505.09 0 2 1 1 0 2 2 3 51 4
1509.88 0 2 2 2 0 1 2 3 51 4
1526.25 0 2 2 2 0 2 2 4 51 3
1528.19 0 2 2 2 0 3 2 5 51 2
1536.38 0 2 3 3 0 2 2 5 51 2
1540.63 0 3 3 3 1 2 2 4 51 2
1540.82 0 3 2 2 1 3 2 4 51 2
1544.82 0 3 2 2 1 2 2 3 51 3
1550.27 0 3 2 2 1 3 2 4 51 2
1551.33 0 4 2 2 2 3 2 3 51 2
1552.79 0 4 3 3 2 2 2 3 51 2
1554.51 0 3 3 3 1 2 2 4 51 2
1555.18 0 3 3 3 1 3 2 5 51 1
1557.31 0 4 3 3 2 3 2 4 51 1
1557.93 0 4 3 3 1 2 3 4 51 1
1561.17 0 4 2 2 1 3 3 4 51 1
1563.11 1 5 2 2 0 3 3 4 51 1
1564.63 1 5 2 2 0 2 3 3 51 2
1565.88 1 5 1 1 0 3 3 3 51 2
1568.18 1 5 1 1 1 4 2 3 51 2
1568.67 1 5 2 2 1 3 2 3 51 2
1569.81 1 5 3 3 1 2 2 3 51 2
1570.39 1 6 3 3 2 2 2 2 51 2
1572.67 0 5 3 3 3 2 2 2 51 2
1572.97 0 5 2 2 3 3 2 2 51 2
1573.22 0 4 2 2 2 3 2 3 51 2
1573.77 0 3 2 2 1 3 2 4 51 2
1573.88 1 4 2 2 0 3 2 4 51 2
1577.09 1 4 2 2 0 2 2 3 51 3
1579.17 1 4 1 1 0 3 2 3 51 3
1581.16 1 4 1 1 0 4 2 4 51 2
1585.22 0 3 1 1 1 4 2 4 51 2
1586.86 0 4 1 1 2 4 2 3 51 2
1588.17 0 3 1 1 2 4 1 3 52 2
1598.25 0 3 1 1 1 3 2 3 52 2
1598.28 0 4 1 1 2 3 2 2 52 2
1598.85 1 5 1 1 1 3 2 2 52 2
1600.34 1 5 1 1 1 2 2 1 52 3
1602.38 1 5 1 1 1 3 2 2 52 2
1603.7 1 4 1 1 0 3 2 3 52 2
1616.92 1 4 1 1 0 2 2 2 52 3
1617.47 1 4 1 1 0 3 2 3 52 2
1617.63 1 5 1 1 1 3 2 2 52 2
1620.04 1 4 1 1 1 3 1 2 53 2
1625.35 0 3 1 1 2 3 1 2 53 2
1628.29 0 4 1 1 2 3 2 2 52 2
1628.6 1 5 1 1 1 3 2 2 52 2
1628.99 1 4 1 1 0 3 2 3 52 2
1631.43 1 4 1 1 0 2 2 2 52 3
1633.08 1 4 1 1 0 1 2 1 52 4
1636.33 1 5 1 1 0 1 3 1 51 4
1639.83 1 4 1 1 0 1 2 1 52 4
1645.47 0 3 1 1 1 1 2 1 52 4
1645.55 0 3 1 1 1 2 2 2 52 3
1645.6 0 3 2 2 1 1 2 2 52 3
1650.67 0 3 1 1 1 2 2 2 52 3
1658.13 0 2 1 1 1 2 1 2 53 3
1658.92 0 1 1 1 1 2 0 2 54 3
1676.9 0 1 1 1 1 1 0 1 54 4
1682.75 1 2 1 1 0 1 0 1 54 4
1691.84 1 2 1 1 0 2 0 2 54 3
1706.86 1 2 1 1 0 1 0 1 54 4
1711.31 1 2 1 1 0 2 0 2 54 3
1713.72 1 2 0 0 0 3 0 2 54 3
1718.57 1 2 1 1 0 2 0 2 54 3
1721.38 1 2 1 1 0 3 0 3 54 2
1734.82 0 1 1 1 1 3 0 3 54 2
1739.81 0 1 1 1 1 2 0 2 54 3
1754.33 0 1 1 1 1 1 0 1 54 4
1763.37 0 1 1 1 0 0 1 1 54 4
1763.78 0 1 1 1 0 1 1 2 54 3
1783.73 0 1 1 1 0 0 1 1 54 4
1785.7 0 1 1 1 0 1 1 2 54 3
1796.65 0 1 1 1 0 2 1 3 54 2
1805.25 0 2 1 1 1 2 1 2 54 2
1815.23 0 2 2 2 1 1 1 2 54 2
1817.95 0 1 2 2 1 1 0 2 55 2
1818.97 0 1 2 2 0 0 1 2 55 2
1831.28 0 2 2 2 1 0 1 1 55 2
1839.44 0 3 2 2 2 0 1 0 55 2
1839.64 0 3 1 1 2 1 1 0 55 2
1841.46 0 3 1 1 1 0 2 0 55 2
1859.79 0 2 1 1 1 0 1 0 56 2
1867.41 0 1 1 1 1 0 0 0 57 2
1879.29 0 1 1 1 1 1 0 1 57 1
1894.2 1 2 1 1 0 1 0 1 57 1
1906.67 1 2 1 1 0 0 0 0 57 2
1917.09 0 1 1 1 1 0 0 0 57 2
1932.95 0 1 1 1 1 1 0 1 57 1
1960.71 0 1 2 2 1 0 0 1 57 1
1967.89 0 1 1 1 1 1 0 1 57 1
1985.97 0 1 1 1 0 0 1 1 57 1
1996.82 0 1 0 0 0 1 1 1 57 1
2012.25 0 2 0 0 1 1 1 0 57 1
2017.48 0 3 0 0 1 1 2 0 56 1
2022.04 1 4 0 0 0 1 2 0 56 1
2024.76 1 3 0 0 0 1 1 0 57 1
2030.24 1 4 0 0 0 1 2 0 56 1
2038.25 0 3 0 0 1 1 2 0 56 1
2038.79 0 3 0 0 2 2 1 0 56 1
2039.84 0 2 0 0 2 2 0 0 57 1
2057.45 0 1 0 0 1 2 0 1 57 1
2063.66 0 1 1 1 1 1 0 1 57 1
2073.12 0 2 1 1 2 1 0 0 57 1
2081.52 1 3 1 1 1 1 0 0 57 1
2090.57 1 4 1 1 1 1 1 0 56 1
2092.69 1 3 1 1 0 1 1 1 56 1
2092.8 1 3 0 0 0 2 1 1 56 1
2097.46 1 2 0 0 0 2 0 1 57 1
2137.16 1 2 0 0 0 1 0 0 57 2
2190.85 1 3 0 0 0 1 1 0 56 2
2193.74 1 4 0 0 0 1 2 0 55 2
2194.92 1 3 0 0 0 1 1 0 56 2
2202.1 0 2 0 0 1 1 1 0 56 2
2209.57 1 3 0 0 0 1 1 0 56 2
2210.47 1 2 0 0 0 1 0 0 57 2
2218.37 0 1 0 0 1 1 0 0 57 2
2227 0 0 0 0 0 1 0 1 57 2
2234.56 0 0 0 0 0 2 0 2 57 1
2235.81 0 0 0 0 0 3 0 3 57 0
2243.22 0 0 0 0 0 2 0 2 57 1
2245.5 0 0 0 0 0 1 0 1 57 2
2249.04 0 0 0 0 0 2 0 2 57 1
2261.34 0 0 1 1 0 1 0 2 57 1
2286.61 0 0 2 2 0 0 0 2 57 1
2294.5 0 0 1 1 0 1 0 2 57 1
2295.67 0 0 2 2 0 0 0 2 57 1
2297.35 0 1 2 2 1 0 0 1 57 1
2301.92 0 0 2 2 0 0 0 2 57 1
2302.86 0 0 1 1 0 1 0 2 57 1
2306.01 0 0 1 1 0 2 0 3 57 0
2314.85 0 0 1 1 0 1 0 2 57 1
2316.94 0 0 1 1 0 2 0 3 57 0
2323.88 0 0 1 1 0 1 0 2 57 1
2327.76 0 0 2 2 0 0 0 2 57 1
2339.9 0 0 1 1 0 1 0 2 57 1
2346.58 0 0 1 1 0 0 0 1 57 2
2375.74 0 1 1 1 0 0 1 1 56 2
2376.15 0 2 1 1 0 0 2 1 55 2
2379.55 0 1 1 1 0 0 1 1 56 2
2382.5 0 1 1 1 1 1 0 1 56 2
2395.1 0 2 1 1 2 1 0 0 56 2
2399.84 0 2 1 1 1 0 1 0 56 2
2407.32 0 1 1 1 1 0 0 0 57 2
2416.54 1 2 1 1 0 0 0 0 57 2
2436.67 1 2 0 0 0 1 0 0 57 2
2458.2 1 2 0 0 0 2 0 1 57 1
2463.68 0 1 0 0 1 2 0 1 57 1
2470.68 0 1 0 0 0 1 1 1 57 1
2480.64 0 1 0 0 0 0 1 0 57 2
2496.38 0 1 0 0 0 1 1 1 57 1
2514.95 0 1 0 0 0 2 1 2 57 0
2543.87 0 1 1 1 0 1 1 2 57 0
2557.01 0 1 0 0 0 2 1 2 57 0
2557.95 0 0 0 0 0 2 0 2 58 0
2581.94 0 1 0 0 0 2 1 2 57 0
2594.13 0 1 0 0 0 1 1 1 57 1
2606.31 0 1 0 0 0 2 1 2 57 0
2613.3 0 2 0 0 1 2 1 1 57 0
2650.16 0 2 0 0 0 1 2 1 57 0
2665.36 0 1 0 0 0 1 1 1 58 0
2689.32 0 2 0 0 0 1 2 1 57 0
2690.81 0 3 0 0 1 1 2 0 57 0
2694.95 0 2 0 0 1 1 1 0 58 0
2695.41 0 1 0 0 1 1 0 0 59 0
2705.76 1 2 0 0 0 1 0 0 59 0
2705.84 1 3 0 0 0 1 1 0 58 0
2719.3 0 2 0 0 1 1 1 0 58 0
2734.86 0 2 1 1 1 0 1 0 58 0
2765.24 0 1 1 1 1 0 0 0 59 0
2769.76 0 0 1 1 0 0 0 1 59 0
2772.35 0 0 0 0 0 1 0 1 59 0
2783.07 0 1 0 0 0 1 1 1 58 0
2784.03 0 1 0 0 0 0 1 0 58 1
2815.78 0 1 0 0 0 1 1 1 58 0
2850.83 0 2 0 0 0 1 2 1 57 0
2869.19 0 2 0 0 0 0 2 0 57 1
2907.53 0 1 0 0 0 0 1 0 58 1
2934.84 0 2 0 0 0 0 2 0 57 1
2945.88 0 1 0 0 0 0 1 0 58 1
2951.45 0 0 0 0 0 0 0 0 59 1
2965.06 0 0 0 0 0 1 0 1 59 0
2969.1 0 0 0 0 0 0 0 0 59 1
2974.31 0 1 0 0 0 0 1 0 58 1
2981.7 0 1 0 0 0 1 1 1 58 0
2981.7 0 1 0 0 0 1 1 1 58 0
