0 0 0 0 0 0 0 0 0 0 0 8 1 2 1 1 0 0 0 0
1.60409 0 0 0 1 0 0 0 0 0 0 7 1 2 1 0 0 0 0 0
4.12861 0 0 1 1 0 0 0 0 0 0 6 1 2 0 0 0 0 0 0
7.0273 1 0 1 1 0 0 0 0 0 0 5 0 2 0 0 0 0 0 0
14.2283 1 1 1 1 0 0 0 0 0 0 4 0 1 0 0 0 0 0 0
17.3151 1 2 1 1 0 0 0 0 0 0 3 0 0 0 0 0 0 0 0
19.5564 0 1 1 1 1 0 0 0 0 0 4 0 0 0 0 0 0 0 0
61.287 0 1 0 0 1 1 0 0 0 0 5 0 0 0 0 0 0 0 0
70.6895 0 1 0 0 0 0 1 0 0 0 6 0 0 0 0 0 0 0 0
76.2295 0 0 0 0 0 0 0 0 1 0 7 0 0 0 0 0 0 0 0
78.3645 0 0 0 0 0 0 1 0 0 0 7 0 1 0 0 0 0 0 0
99.2244 0 1 0 0 0 0 1 0 0 0 6 0 0 0 0 0 0 0 0
100.062 0 0 0 0 0 0 0 0 1 0 7 0 0 0 0 0 0 0 0
125.919 0 0 0 0 0 0 1 0 0 0 7 0 1 0 0 0 0 0 0
146.171 0 1 0 0 0 0 1 0 0 0 6 0 0 0 0 0 0 0 0
146.199 0 0 0 0 0 0 0 0 1 0 7 0 0 0 0 0 0 0 0
178.616 0 0 0 0 0 0 1 0 0 0 7 0 1 0 0 0 0 0 0
192.333 0 1 0 0 0 0 1 0 0 0 6 0 0 0 0 0 0 0 0
246.346 0 1 0 0 0 1 0 0 0 0 6 0 0 0 0 1 0 0 0
246.611 0 1 0 0 1 1 0 0 0 0 5 0 0 0 0 0 0 0 0
250.323 1 1 0 0 0 1 0 0 0 0 5 0 1 0 0 0 0 0 0
257.548 1 2 0 0 0 1 0 0 0 0 4 0 0 0 0 0 0 0 0
299.287 0 1 0 0 1 1 0 0 0 0 5 0 0 0 0 0 0 0 0
299.888 1 1 0 0 0 1 0 0 0 0 5 0 1 0 0 0 0 0 0
303.412 1 2 0 0 0 1 0 0 0 0 4 0 0 0 0 0 0 0 0
348.613 0 1 0 0 1 1 0 0 0 0 5 0 0 0 0 0 0 0 0
414.607 0 0 0 0 0 1 0 1 0 0 6 0 0 0 0 0 0 0 0
442.552 0 0 0 0 0 0 0 0 0 1 7 0 0 0 0 0 0 0 0
442.552 0 0 0 0 0 0 0 0 0 1 7 0 0 0 0 0 0 0 0
