0 0 0 0 0 0 0 0 0 0 0 8 1 2 1 1 0 0 0 0
1.76101 0 0 0 1 0 0 0 0 0 0 7 1 2 1 0 0 0 0 0
11.6437 1 0 0 1 0 0 0 0 0 0 6 0 2 1 0 0 0 0 0
12.1355 1 1 0 1 0 0 0 0 0 0 5 0 1 1 0 0 0 0 0
13.2984 1 1 1 1 0 0 0 0 0 0 4 0 1 0 0 0 0 0 0
98.388 0 0 1 1 1 0 0 0 0 0 5 0 1 0 0 0 0 0 0
143.951 0 1 1 1 1 0 0 0 0 0 4 0 0 0 0 0 0 0 0
179.594 0 1 0 0 1 1 0 0 0 0 5 0 0 0 0 0 0 0 0
244.937 0 1 1 0 1 0 0 0 0 0 5 0 0 0 1 0 0 0 0
265.648 0 1 1 1 1 0 0 0 0 0 4 0 0 0 0 0 0 0 0
317.938 0 1 0 0 1 1 0 0 0 0 5 0 0 0 0 0 0 0 0
334.395 0 0 0 0 0 1 0 1 0 0 6 0 0 0 0 0 0 0 0
367.001 0 0 0 0 1 1 0 0 0 0 6 0 1 0 0 0 0 0 0
379.515 0 1 0 0 1 1 0 0 0 0 5 0 0 0 0 0 0 0 0
384.489 0 1 0 0 0 0 1 0 0 0 6 0 0 0 0 0 0 0 0
389.894 0 0 0 0 0 0 0 0 1 0 7 0 0 0 0 0 0 0 0
428.867 0 0 0 0 0 0 1 0 0 0 7 0 1 0 0 0 0 0 0
459.89 0 1 0 0 0 0 1 0 0 0 6 0 0 0 0 0 0 0 0
494.351 0 0 0 0 0 0 0 0 1 0 7 0 0 0 0 0 0 0 0
500.164 0 0 0 0 0 0 1 0 0 0 7 0 1 0 0 0 0 0 0
502.312 0 1 0 0 0 0 1 0 0 0 6 0 0 0 0 0 0 0 0
537.837 0 1 0 0 0 1 0 0 0 0 6 0 0 0 0 1 0 0 0
556.199 0 1 0 0 1 1 0 0 0 0 5 0 0 0 0 0 0 0 0
557.679 0 0 0 0 0 1 0 1 0 0 6 0 0 0 0 0 0 0 0
575.224 0 0 0 0 0 0 0 0 0 1 7 0 0 0 0 0 0 0 0
2077.3 0 0 0 0 0 1 0 0 0 0 7 0 0 0 0 0 0 0 1
2089.23 0 0 0 0 0 1 0 1 0 0 6 0 0 0 0 0 0 0 0
2150.79 0 0 0 0 1 1 0 0 0 0 6 0 1 0 0 0 0 0 0
2172.97 0 1 0 0 1 1 0 0 0 0 5 0 0 0 0 0 0 0 0
2199.06 0 1 1 0 1 0 0 0 0 0 5 0 0 0 1 0 0 0 0
2208.58 1 1 1 0 0 0 0 0 0 0 5 0 1 0 1 0 0 0 0
2238.48 1 1 1 1 0 0 0 0 0 0 4 0 1 0 0 0 0 0 0
2247.08 0 0 1 1 1 0 0 0 0 0 5 0 1 0 0 0 0 0 0
2280.16 0 0 0 0 1 1 0 0 0 0 6 0 1 0 0 0 0 0 0
2300.28 0 1 0 0 1 1 0 0 0 0 5 0 0 0 0 0 0 0 0
2315.28 0 1 1 0 1 0 0 0 0 0 5 0 0 0 1 0 0 0 0
2319.36 0 1 1 1 1 0 0 0 0 0 4 0 0 0 0 0 0 0 0
2322.93 1 1 1 1 0 0 0 0 0 0 4 0 1 0 0 0 0 0 0
2328.66 1 2 1 1 0 0 0 0 0 0 3 0 0 0 0 0 0 0 0
2355.24 0 1 1 1 1 0 0 0 0 0 4 0 0 0 0 0 0 0 0
2358.15 0 1 0 0 1 1 0 0 0 0 5 0 0 0 0 0 0 0 0
2360.57 0 0 0 0 0 1 0 1 0 0 6 0 0 0 0 0 0 0 0
2392.45 0 0 0 0 0 0 0 0 0 1 7 0 0 0 0 0 0 0 0
2480.12 0 0 0 0 0 1 0 0 0 0 7 0 0 0 0 0 0 0 1
2490.68 0 0 0 0 0 1 0 1 0 0 6 0 0 0 0 0 0 0 0
2524.6 0 0 0 0 1 1 0 0 0 0 6 0 1 0 0 0 0 0 0
2533.69 0 0 1 0 1 0 0 0 0 0 6 0 1 0 1 0 0 0 0
2537.18 0 0 1 1 1 0 0 0 0 0 5 0 1 0 0 0 0 0 0
2545.67 0 1 1 1 1 0 0 0 0 0 4 0 0 0 0 0 0 0 0
2545.74 1 1 1 1 0 0 0 0 0 0 4 0 1 0 0 0 0 0 0
2554.11 1 2 1 1 0 0 0 0 0 0 3 0 0 0 0 0 0 0 0
2565.78 0 1 1 1 1 0 0 0 0 0 4 0 0 0 0 0 0 0 0
2584.61 0 0 1 1 0 0 0 1 0 0 5 0 0 0 0 0 0 0 0
2641.44 0 0 0 0 0 1 0 1 0 0 6 0 0 0 0 0 0 0 0
2690.13 0 0 1 0 0 0 0 1 0 0 6 0 0 0 1 0 0 0 0
2706.7 0 0 1 0 1 0 0 0 0 0 6 0 1 0 1 0 0 0 0
2709.55 0 1 1 0 1 0 0 0 0 0 5 0 0 0 1 0 0 0 0
2722.61 0 0 1 0 0 0 0 1 0 0 6 0 0 0 1 0 0 0 0
2745.07 0 0 1 1 0 0 0 1 0 0 5 0 0 0 0 0 0 0 0
2775.24 0 0 1 1 1 0 0 0 0 0 5 0 1 0 0 0 0 0 0
2781.91 0 1 1 1 1 0 0 0 0 0 4 0 0 0 0 0 0 0 0
2796.31 1 1 1 1 0 0 0 0 0 0 4 0 1 0 0 0 0 0 0
2820.98 0 0 1 1 1 0 0 0 0 0 5 0 1 0 0 0 0 0 0
2822.26 0 1 1 1 1 0 0 0 0 0 4 0 0 0 0 0 0 0 0
2827.55 1 1 1 1 0 0 0 0 0 0 4 0 1 0 0 0 0 0 0
2846.09 1 1 0 0 0 1 0 0 0 0 5 0 1 0 0 0 0 0 0
2860.45 1 2 0 0 0 1 0 0 0 0 4 0 0 0 0 0 0 0 0
2874.38 0 1 0 0 1 1 0 0 0 0 5 0 0 0 0 0 0 0 0
2898.02 1 1 0 0 0 1 0 0 0 0 5 0 1 0 0 0 0 0 0
2900.46 1 2 0 0 0 1 0 0 0 0 4 0 0 0 0 0 0 0 0
2925.54 0 1 0 0 1 1 0 0 0 0 5 0 0 0 0 0 0 0 0
2936.17 0 1 0 0 0 0 1 0 0 0 6 0 0 0 0 0 0 0 0
2995.74 0 1 0 0 0 1 0 0 0 0 6 0 0 0 0 1 0 0 0
3033.9 0 1 0 0 1 1 0 0 0 0 5 0 0 0 0 0 0 0 0
3061.76 1 1 0 0 0 1 0 0 0 0 5 0 1 0 0 0 0 0 0
3086.86 1 2 0 0 0 1 0 0 0 0 4 0 0 0 0 0 0 0 0
3113.95 0 1 0 0 1 1 0 0 0 0 5 0 0 0 0 0 0 0 0
3119.28 1 1 0 0 0 1 0 0 0 0 5 0 1 0 0 0 0 0 0
3122.63 1 2 0 0 0 1 0 0 0 0 4 0 0 0 0 0 0 0 0
3167.59 0 1 0 0 1 1 0 0 0 0 5 0 0 0 0 0 0 0 0
3179.15 0 0 0 0 0 1 0 1 0 0 6 0 0 0 0 0 0 0 0
3182.76 0 0 0 0 1 1 0 0 0 0 6 0 1 0 0 0 0 0 0
3194.59 0 1 0 0 1 1 0 0 0 0 5 0 0 0 0 0 0 0 0
3202.97 1 1 0 0 0 1 0 0 0 0 5 0 1 0 0 0 0 0 0
3218.38 1 2 0 0 0 1 0 0 0 0 4 0 0 0 0 0 0 0 0
3285.33 0 1 0 0 1 1 0 0 0 0 5 0 0 0 0 0 0 0 0
3294.53 1 1 0 0 0 1 0 0 0 0 5 0 1 0 0 0 0 0 0
3298.32 1 2 0 0 0 1 0 0 0 0 4 0 0 0 0 0 0 0 0
3313.81 1 2 1 0 0 0 0 0 0 0 4 0 0 0 1 0 0 0 0
3324.5 1 2 1 1 0 0 0 0 0 0 3 0 0 0 0 0 0 0 0
3346.3 0 1 1 1 1 0 0 0 0 0 4 0 0 0 0 0 0 0 0
3357.95 1 1 1 1 0 0 0 0 0 0 4 0 1 0 0 0 0 0 0
3375.64 1 1 0 0 0 1 0 0 0 0 5 0 1 0 0 0 0 0 0
3393.84 0 0 0 0 1 1 0 0 0 0 6 0 1 0 0 0 0 0 0
3393.99 0 1 0 0 1 1 0 0 0 0 5 0 0 0 0 0 0 0 0
3403.05 1 1 0 0 0 1 0 0 0 0 5 0 1 0 0 0 0 0 0
3404.69 1 2 0 0 0 1 0 0 0 0 4 0 0 0 0 0 0 0 0
3427.94 0 1 0 0 1 1 0 0 0 0 5 0 0 0 0 0 0 0 0
3428.18 0 1 0 0 0 0 1 0 0 0 6 0 0 0 0 0 0 0 0
3441.97 0 0 0 0 0 0 0 0 1 0 7 0 0 0 0 0 0 0 0
3461 0 0 0 0 0 0 1 0 0 0 7 0 1 0 0 0 0 0 0
3525.55 0 1 0 0 0 0 1 0 0 0 6 0 0 0 0 0 0 0 0
3562.34 0 0 0 0 0 0 0 0 1 0 7 0 0 0 0 0 0 0 0
3635.84 0 0 0 0 0 0 1 0 0 0 7 0 1 0 0 0 0 0 0
3642.88 0 1 0 0 0 0 1 0 0 0 6 0 0 0 0 0 0 0 0
3652.13 0 1 0 0 0 1 0 0 0 0 6 0 0 0 0 1 0 0 0
3677.54 0 1 0 0 1 1 0 0 0 0 5 0 0 0 0 0 0 0 0
3684.72 0 0 0 0 0 1 0 1 0 0 6 0 0 0 0 0 0 0 0
3693.45 0 0 0 0 1 1 0 0 0 0 6 0 1 0 0 0 0 0 0
3700.02 0 1 0 0 1 1 0 0 0 0 5 0 0 0 0 0 0 0 0
3718.31 0 1 0 0 0 0 1 0 0 0 6 0 0 0 0 0 0 0 0
3788.5 0 0 0 0 0 0 0 0 1 0 7 0 0 0 0 0 0 0 0
3801.98 0 0 0 0 0 0 1 0 0 0 7 0 1 0 0 0 0 0 0
3812.43 0 1 0 0 0 0 1 0 0 0 6 0 0 0 0 0 0 0 0
3828.67 0 0 0 0 0 0 0 0 1 0 7 0 0 0 0 0 0 0 0
3830.8 0 0 0 0 0 0 1 0 0 0 7 0 1 0 0 0 0 0 0
3865.65 0 1 0 0 0 0 1 0 0 0 6 0 0 0 0 0 0 0 0
3911.91 0 0 0 0 0 0 0 0 1 0 7 0 0 0 0 0 0 0 0
3922.69 0 0 0 0 0 0 1 0 0 0 7 0 1 0 0 0 0 0 0
3928.89 0 1 0 0 0 0 1 0 0 0 6 0 0 0 0 0 0 0 0
3928.89 0 1 0 0 0 0 1 0 0 0 6 0 0 0 0 0 0 0 0
