0 0 0 0 0 0 0 0 0 0 0 8 1 2 1 1 0 0 0 0
1.03331 0 1 0 0 0 0 0 0 0 0 7 1 1 1 1 0 0 0 0
2.00472 0 1 1 0 0 0 0 0 0 0 6 1 1 0 1 0 0 0 0
3.25379 0 2 1 0 0 0 0 0 0 0 5 1 0 0 1 0 0 0 0
13.0372 0 2 1 1 0 0 0 0 0 0 4 1 0 0 0 0 0 0 0
25.198 1 2 1 1 0 0 0 0 0 0 3 0 0 0 0 0 0 0 0
49.0472 0 1 1 1 1 0 0 0 0 0 4 0 0 0 0 0 0 0 0
58.1049 1 1 1 1 0 0 0 0 0 0 4 0 1 0 0 0 0 0 0
64.0469 1 2 1 1 0 0 0 0 0 0 3 0 0 0 0 0 0 0 0
92.8319 0 1 1 1 1 0 0 0 0 0 4 0 0 0 0 0 0 0 0
112.34 0 0 1 1 0 0 0 1 0 0 5 0 0 0 0 0 0 0 0
156.579 0 0 0 0 0 1 0 1 0 0 6 0 0 0 0 0 0 0 0
208.208 0 0 0 0 0 0 0 0 0 1 7 0 0 0 0 0 0 0 0
208.208 0 0 0 0 0 0 0 0 0 1 7 0 0 0 0 0 0 0 0
