0 0 0 0 0 0 0 0 0 0 0 8 1 2 1 1 0 0 0 0
1.32065 0 1 0 0 0 0 0 0 0 0 7 1 1 1 1 0 0 0 0
2.94832 0 1 0 1 0 0 0 0 0 0 6 1 1 1 0 0 0 0 0
6.62333 0 1 1 1 0 0 0 0 0 0 5 1 1 0 0 0 0 0 0
27.0492 1 1 1 1 0 0 0 0 0 0 4 0 1 0 0 0 0 0 0
39.7029 1 1 0 0 0 1 0 0 0 0 5 0 1 0 0 0 0 0 0
124.401 1 2 0 0 0 1 0 0 0 0 4 0 0 0 0 0 0 0 0
129.581 0 1 0 0 1 1 0 0 0 0 5 0 0 0 0 0 0 0 0
169.84 0 1 1 0 1 0 0 0 0 0 5 0 0 0 1 0 0 0 0
191.238 0 1 1 1 1 0 0 0 0 0 4 0 0 0 0 0 0 0 0
194.444 0 1 0 0 1 1 0 0 0 0 5 0 0 0 0 0 0 0 0
245.456 0 1 0 0 0 0 1 0 0 0 6 0 0 0 0 0 0 0 0
264.461 0 0 0 0 0 0 0 0 1 0 7 0 0 0 0 0 0 0 0
309.315 0 0 0 0 0 0 1 0 0 0 7 0 1 0 0 0 0 0 0
317.52 0 1 0 0 0 0 1 0 0 0 6 0 0 0 0 0 0 0 0
436.446 0 1 0 0 0 1 0 0 0 0 6 0 0 0 0 1 0 0 0
442.551 0 1 0 0 1 1 0 0 0 0 5 0 0 0 0 0 0 0 0
469.339 0 0 0 0 0 1 0 1 0 0 6 0 0 0 0 0 0 0 0
489.628 0 0 0 0 1 1 0 0 0 0 6 0 1 0 0 0 0 0 0
504.924 0 1 0 0 1 1 0 0 0 0 5 0 0 0 0 0 0 0 0
556.046 1 1 0 0 0 1 0 0 0 0 5 0 1 0 0 0 0 0 0
557.26 0 0 0 0 1 1 0 0 0 0 6 0 1 0 0 0 0 0 0
563.514 0 1 0 0 1 1 0 0 0 0 5 0 0 0 0 0 0 0 0
594.187 1 1 0 0 0 1 0 0 0 0 5 0 1 0 0 0 0 0 0
599.814 1 2 0 0 0 1 0 0 0 0 4 0 0 0 0 0 0 0 0
626.893 0 1 0 0 1 1 0 0 0 0 5 0 0 0 0 0 0 0 0
641.606 0 0 0 0 0 1 0 1 0 0 6 0 0 0 0 0 0 0 0
657.426 0 0 0 0 0 0 0 0 0 1 7 0 0 0 0 0 0 0 0
657.426 0 0 0 0 0 0 0 0 0 1 7 0 0 0 0 0 0 0 0
