0 0 0 0 0 0 0 0 0 0 0 8 1 2 1 1 0 0 0 0
4.28108 1 0 0 0 0 0 0 0 0 0 7 0 2 1 1 0 0 0 0
8.44807 1 1 0 0 0 0 0 0 0 0 6 0 1 1 1 0 0 0 0
15.8363 0 0 0 0 1 0 0 0 0 0 7 0 1 1 1 0 0 0 0
16.1964 0 0 0 1 1 0 0 0 0 0 6 0 1 1 0 0 0 0 0
30.0119 0 0 1 1 1 0 0 0 0 0 5 0 1 0 0 0 0 0 0
75.1803 0 0 0 0 1 1 0 0 0 0 6 0 1 0 0 0 0 0 0
80.6765 0 1 0 0 1 1 0 0 0 0 5 0 0 0 0 0 0 0 0
107.322 0 1 1 0 1 0 0 0 0 0 5 0 0 0 1 0 0 0 0
108.077 1 1 1 0 0 0 0 0 0 0 5 0 1 0 1 0 0 0 0
111.426 1 1 1 1 0 0 0 0 0 0 4 0 1 0 0 0 0 0 0
125.051 0 0 1 1 1 0 0 0 0 0 5 0 1 0 0 0 0 0 0
139.46 0 0 0 0 1 1 0 0 0 0 6 0 1 0 0 0 0 0 0
149.011 0 0 0 0 0 0 1 0 0 0 7 0 1 0 0 0 0 0 0
150.664 0 1 0 0 0 0 1 0 0 0 6 0 0 0 0 0 0 0 0
181.899 0 0 0 0 0 0 0 0 1 0 7 0 0 0 0 0 0 0 0
297.648 0 0 0 0 0 0 1 0 0 0 7 0 1 0 0 0 0 0 0
309.683 0 1 0 0 0 0 1 0 0 0 6 0 0 0 0 0 0 0 0
393.45 0 0 0 0 0 0 0 0 1 0 7 0 0 0 0 0 0 0 0
423.484 0 0 0 0 0 0 1 0 0 0 7 0 1 0 0 0 0 0 0
436.77 0 1 0 0 0 0 1 0 0 0 6 0 0 0 0 0 0 0 0
443.852 0 0 0 0 0 0 0 0 1 0 7 0 0 0 0 0 0 0 0
460.436 0 0 0 0 0 0 1 0 0 0 7 0 1 0 0 0 0 0 0
460.546 0 1 0 0 0 0 1 0 0 0 6 0 0 0 0 0 0 0 0
510.918 0 1 0 0 0 1 0 0 0 0 6 0 0 0 0 1 0 0 0
561.907 0 1 1 0 0 0 0 0 0 0 6 0 0 0 1 1 0 0 0
563.679 0 1 1 1 0 0 0 0 0 0 5 0 0 0 0 1 0 0 0
599.132 0 1 0 0 0 1 0 0 0 0 6 0 0 0 0 1 0 0 0
607.963 0 1 0 0 1 1 0 0 0 0 5 0 0 0 0 0 0 0 0
649.415 0 0 0 0 0 1 0 1 0 0 6 0 0 0 0 0 0 0 0
716.687 0 0 1 0 0 0 0 1 0 0 6 0 0 0 1 0 0 0 0
722.569 0 0 1 1 0 0 0 1 0 0 5 0 0 0 0 0 0 0 0
761.093 0 0 0 0 0 1 0 1 0 0 6 0 0 0 0 0 0 0 0
785.372 0 0 1 0 0 0 0 1 0 0 6 0 0 0 1 0 0 0 0
790.765 0 0 1 1 0 0 0 1 0 0 5 0 0 0 0 0 0 0 0
804.289 0 0 0 0 0 1 0 1 0 0 6 0 0 0 0 0 0 0 0
838.107 0 0 1 0 0 0 0 1 0 0 6 0 0 0 1 0 0 0 0
850.024 0 0 1 1 0 0 0 1 0 0 5 0 0 0 0 0 0 0 0
983.25 0 0 0 0 0 1 0 1 0 0 6 0 0 0 0 0 0 0 0
992.773 0 0 0 0 0 0 0 0 0 1 7 0 0 0 0 0 0 0 0
992.773 0 0 0 0 0 0 0 0 0 1 7 0 0 0 0 0 0 0 0
