0 0 0 0 0 0 0 0 0 0 0 8 1 2 1 1 0 0 0 0
0.454432 0 1 0 0 0 0 0 0 0 0 7 1 1 1 1 0 0 0 0
1.40943 0 1 1 0 0 0 0 0 0 0 6 1 1 0 1 0 0 0 0
6.42036 1 1 1 0 0 0 0 0 0 0 5 0 1 0 1 0 0 0 0
26.7617 1 1 1 1 0 0 0 0 0 0 4 0 1 0 0 0 0 0 0
35.5306 1 2 1 1 0 0 0 0 0 0 3 0 0 0 0 0 0 0 0
64.6325 0 1 1 1 1 0 0 0 0 0 4 0 0 0 0 0 0 0 0
67.0309 0 1 0 0 1 1 0 0 0 0 5 0 0 0 0 0 0 0 0
92.2831 1 1 0 0 0 1 0 0 0 0 5 0 1 0 0 0 0 0 0
98.3638 1 2 0 0 0 1 0 0 0 0 4 0 0 0 0 0 0 0 0
101.671 0 1 0 0 1 1 0 0 0 0 5 0 0 0 0 0 0 0 0
102.489 1 1 0 0 0 1 0 0 0 0 5 0 1 0 0 0 0 0 0
129.911 1 2 0 0 0 1 0 0 0 0 4 0 0 0 0 0 0 0 0
133.4 1 2 1 0 0 0 0 0 0 0 4 0 0 0 1 0 0 0 0
135.534 0 1 1 0 1 0 0 0 0 0 5 0 0 0 1 0 0 0 0
152.941 0 1 1 1 1 0 0 0 0 0 4 0 0 0 0 0 0 0 0
157.593 0 1 0 0 1 1 0 0 0 0 5 0 0 0 0 0 0 0 0
182.686 1 1 0 0 0 1 0 0 0 0 5 0 1 0 0 0 0 0 0
185.539 1 2 0 0 0 1 0 0 0 0 4 0 0 0 0 0 0 0 0
193.319 1 2 1 0 0 0 0 0 0 0 4 0 0 0 1 0 0 0 0
201.265 0 1 1 0 1 0 0 0 0 0 5 0 0 0 1 0 0 0 0
203.791 0 1 1 1 1 0 0 0 0 0 4 0 0 0 0 0 0 0 0
210.825 1 1 1 1 0 0 0 0 0 0 4 0 1 0 0 0 0 0 0
212.554 1 2 1 1 0 0 0 0 0 0 3 0 0 0 0 0 0 0 0
233.838 0 1 1 1 1 0 0 0 0 0 4 0 0 0 0 0 0 0 0
234.444 0 1 0 0 1 1 0 0 0 0 5 0 0 0 0 0 0 0 0
236.881 0 1 1 0 1 0 0 0 0 0 5 0 0 0 1 0 0 0 0
237.391 0 0 1 0 0 0 0 1 0 0 6 0 0 0 1 0 0 0 0
241.281 0 0 1 1 0 0 0 1 0 0 5 0 0 0 0 0 0 0 0
248.463 0 0 0 0 0 1 0 1 0 0 6 0 0 0 0 0 0 0 0
321.317 0 0 0 0 0 0 0 0 0 1 7 0 0 0 0 0 0 0 0
321.317 0 0 0 0 0 0 0 0 0 1 7 0 0 0 0 0 0 0 0
