0 0 0 0 0 0 0 0 0 0 0 8 1 2 1 1 0 0 0 0
3.58833 1 0 0 0 0 0 0 0 0 0 7 0 2 1 1 0 0 0 0
4.8656 1 1 0 0 0 0 0 0 0 0 6 0 1 1 1 0 0 0 0
5.19501 1 1 1 0 0 0 0 0 0 0 5 0 1 0 1 0 0 0 0
13.4311 1 1 1 1 0 0 0 0 0 0 4 0 1 0 0 0 0 0 0
14.9927 0 0 1 1 1 0 0 0 0 0 5 0 1 0 0 0 0 0 0
18.5336 0 0 0 0 1 1 0 0 0 0 6 0 1 0 0 0 0 0 0
52.158 0 1 0 0 1 1 0 0 0 0 5 0 0 0 0 0 0 0 0
95.5038 0 1 0 0 0 0 1 0 0 0 6 0 0 0 0 0 0 0 0
138.118 0 0 0 0 0 0 0 0 1 0 7 0 0 0 0 0 0 0 0
187.862 0 0 0 0 0 0 1 0 0 0 7 0 1 0 0 0 0 0 0
193.67 0 1 0 0 0 0 1 0 0 0 6 0 0 0 0 0 0 0 0
228.929 0 0 0 0 0 0 0 0 1 0 7 0 0 0 0 0 0 0 0
248.861 0 0 0 0 0 0 1 0 0 0 7 0 1 0 0 0 0 0 0
257.198 0 1 0 0 0 0 1 0 0 0 6 0 0 0 0 0 0 0 0
259.453 0 1 0 0 0 1 0 0 0 0 6 0 0 0 0 1 0 0 0
314.714 0 1 0 0 1 1 0 0 0 0 5 0 0 0 0 0 0 0 0
373.768 1 1 0 0 0 1 0 0 0 0 5 0 1 0 0 0 0 0 0
383.961 1 2 0 0 0 1 0 0 0 0 4 0 0 0 0 0 0 0 0
412.982 1 2 1 0 0 0 0 0 0 0 4 0 0 0 1 0 0 0 0
418.596 0 1 1 0 1 0 0 0 0 0 5 0 0 0 1 0 0 0 0
463.906 0 1 1 1 1 0 0 0 0 0 4 0 0 0 0 0 0 0 0
487.095 0 1 0 0 1 1 0 0 0 0 5 0 0 0 0 0 0 0 0
517.995 0 0 0 0 0 1 0 1 0 0 6 0 0 0 0 0 0 0 0
565.065 0 0 1 0 0 0 0 1 0 0 6 0 0 0 1 0 0 0 0
588.846 0 0 1 1 0 0 0 1 0 0 5 0 0 0 0 0 0 0 0
625.575 0 0 1 1 1 0 0 0 0 0 5 0 1 0 0 0 0 0 0
626.433 0 1 1 1 1 0 0 0 0 0 4 0 0 0 0 0 0 0 0
636.874 0 0 1 1 0 0 0 1 0 0 5 0 0 0 0 0 0 0 0
659.557 0 0 0 0 0 1 0 1 0 0 6 0 0 0 0 0 0 0 0
707.686 0 0 1 0 0 0 0 1 0 0 6 0 0 0 1 0 0 0 0
749.474 0 0 1 1 0 0 0 1 0 0 5 0 0 0 0 0 0 0 0
763.101 0 0 0 0 0 1 0 1 0 0 6 0 0 0 0 0 0 0 0
764.946 0 0 0 0 0 0 0 0 0 1 7 0 0 0 0 0 0 0 0
764.946 0 0 0 0 0 0 0 0 0 1 7 0 0 0 0 0 0 0 0
