0 0 0 0 0 0 0 0 0 0 0 8 1 2 1 1 0 0 0 0
3.11544 0 0 1 0 0 0 0 0 0 0 7 1 2 0 1 0 0 0 0
7.30654 1 0 1 0 0 0 0 0 0 0 6 0 2 0 1 0 0 0 0
9.50743 1 1 1 0 0 0 0 0 0 0 5 0 1 0 1 0 0 0 0
14.4114 0 0 1 0 1 0 0 0 0 0 6 0 1 0 1 0 0 0 0
21.7514 0 1 1 0 1 0 0 0 0 0 5 0 0 0 1 0 0 0 0
34.2695 0 0 1 0 0 0 0 1 0 0 6 0 0 0 1 0 0 0 0
46.5225 0 0 1 1 0 0 0 1 0 0 5 0 0 0 0 0 0 0 0
137.757 0 0 1 1 1 0 0 0 0 0 5 0 1 0 0 0 0 0 0
153.155 0 1 1 1 1 0 0 0 0 0 4 0 0 0 0 0 0 0 0
162.066 0 0 1 1 0 0 0 1 0 0 5 0 0 0 0 0 0 0 0
239.299 0 0 1 1 1 0 0 0 0 0 5 0 1 0 0 0 0 0 0
246.797 0 0 0 0 1 1 0 0 0 0 6 0 1 0 0 0 0 0 0
257.492 1 0 0 0 0 1 0 0 0 0 6 0 2 0 0 0 0 0 0
261.192 1 1 0 0 0 1 0 0 0 0 5 0 1 0 0 0 0 0 0
262.321 1 2 0 0 0 1 0 0 0 0 4 0 0 0 0 0 0 0 0
358.721 0 1 0 0 1 1 0 0 0 0 5 0 0 0 0 0 0 0 0
366.704 0 0 0 0 0 1 0 1 0 0 6 0 0 0 0 0 0 0 0
402.393 0 0 0 0 0 0 0 0 0 1 7 0 0 0 0 0 0 0 0
402.393 0 0 0 0 0 0 0 0 0 1 7 0 0 0 0 0 0 0 0
