0 0 0 0 0 0 0 0 0 0 0 8 1 2 1 1 0 0 0 0
0.827969 0 1 0 0 0 0 0 0 0 0 7 1 1 1 1 0 0 0 0
1.1024 0 1 0 1 0 0 0 0 0 0 6 1 1 1 0 0 0 0 0
3.14154 0 2 0 1 0 0 0 0 0 0 5 1 0 1 0 0 0 0 0
6.1875 1 2 0 1 0 0 0 0 0 0 4 0 0 1 0 0 0 0 0
44.0333 1 2 1 1 0 0 0 0 0 0 3 0 0 0 0 0 0 0 0
44.7548 1 2 0 0 0 1 0 0 0 0 4 0 0 0 0 0 0 0 0
73.0557 0 1 0 0 1 1 0 0 0 0 5 0 0 0 0 0 0 0 0
93.9536 1 1 0 0 0 1 0 0 0 0 5 0 1 0 0 0 0 0 0
104.07 1 2 0 0 0 1 0 0 0 0 4 0 0 0 0 0 0 0 0
115.324 0 1 0 0 1 1 0 0 0 0 5 0 0 0 0 0 0 0 0
118.276 0 1 0 0 0 0 1 0 0 0 6 0 0 0 0 0 0 0 0
141.542 0 0 0 0 0 0 0 0 1 0 7 0 0 0 0 0 0 0 0
299.999 0 0 0 0 0 0 1 0 0 0 7 0 1 0 0 0 0 0 0
306.671 0 0 0 0 0 1 0 0 0 0 7 0 1 0 0 1 0 0 0
307.608 0 0 0 0 1 1 0 0 0 0 6 0 1 0 0 0 0 0 0
338.396 0 1 0 0 1 1 0 0 0 0 5 0 0 0 0 0 0 0 0
365.8 0 1 1 0 1 0 0 0 0 0 5 0 0 0 1 0 0 0 0
372.632 0 1 1 1 1 0 0 0 0 0 4 0 0 0 0 0 0 0 0
383.417 0 1 0 0 1 1 0 0 0 0 5 0 0 0 0 0 0 0 0
410.464 1 1 0 0 0 1 0 0 0 0 5 0 1 0 0 0 0 0 0
448.631 1 1 1 0 0 0 0 0 0 0 5 0 1 0 1 0 0 0 0
453.608 1 2 1 0 0 0 0 0 0 0 4 0 0 0 1 0 0 0 0
456.957 1 2 1 1 0 0 0 0 0 0 3 0 0 0 0 0 0 0 0
505.903 0 1 1 1 1 0 0 0 0 0 4 0 0 0 0 0 0 0 0
511.859 1 1 1 1 0 0 0 0 0 0 4 0 1 0 0 0 0 0 0
529.181 1 2 1 1 0 0 0 0 0 0 3 0 0 0 0 0 0 0 0
532.58 1 2 0 0 0 1 0 0 0 0 4 0 0 0 0 0 0 0 0
536.474 1 2 1 0 0 0 0 0 0 0 4 0 0 0 1 0 0 0 0
552.615 1 2 1 1 0 0 0 0 0 0 3 0 0 0 0 0 0 0 0
555.809 0 1 1 1 1 0 0 0 0 0 4 0 0 0 0 0 0 0 0
593.103 1 1 1 1 0 0 0 0 0 0 4 0 1 0 0 0 0 0 0
596.997 1 1 0 0 0 1 0 0 0 0 5 0 1 0 0 0 0 0 0
598.791 1 2 0 0 0 1 0 0 0 0 4 0 0 0 0 0 0 0 0
628.11 0 1 0 0 1 1 0 0 0 0 5 0 0 0 0 0 0 0 0
637.318 1 1 0 0 0 1 0 0 0 0 5 0 1 0 0 0 0 0 0
662.996 1 2 0 0 0 1 0 0 0 0 4 0 0 0 0 0 0 0 0
669.669 0 1 0 0 1 1 0 0 0 0 5 0 0 0 0 0 0 0 0
719.292 1 1 0 0 0 1 0 0 0 0 5 0 1 0 0 0 0 0 0
726.451 0 0 0 0 1 1 0 0 0 0 6 0 1 0 0 0 0 0 0
728.411 0 0 1 0 1 0 0 0 0 0 6 0 1 0 1 0 0 0 0
728.831 1 0 1 0 0 0 0 0 0 0 6 0 2 0 1 0 0 0 0
729.078 1 0 1 1 0 0 0 0 0 0 5 0 2 0 0 0 0 0 0
756.098 1 1 1 1 0 0 0 0 0 0 4 0 1 0 0 0 0 0 0
761.88 1 1 0 0 0 1 0 0 0 0 5 0 1 0 0 0 0 0 0
778.889 1 2 0 0 0 1 0 0 0 0 4 0 0 0 0 0 0 0 0
795.414 0 1 0 0 1 1 0 0 0 0 5 0 0 0 0 0 0 0 0
811.248 0 0 0 0 0 1 0 1 0 0 6 0 0 0 0 0 0 0 0
815.698 0 0 0 0 0 0 0 0 0 1 7 0 0 0 0 0 0 0 0
815.698 0 0 0 0 0 0 0 0 0 1 7 0 0 0 0 0 0 0 0
