0 0 0 0 0 0 0 0 0 0 0 8 1 2 1 1 0 0 0 0
1.62046 0 1 0 0 0 0 0 0 0 0 7 1 1 1 1 0 0 0 0
1.74928 1 1 0 0 0 0 0 0 0 0 6 0 1 1 1 0 0 0 0
2.38189 1 2 0 0 0 0 0 0 0 0 5 0 0 1 1 0 0 0 0
6.43417 1 2 0 1 0 0 0 0 0 0 4 0 0 1 0 0 0 0 0
23.5267 1 2 1 1 0 0 0 0 0 0 3 0 0 0 0 0 0 0 0
31.6219 0 1 1 1 1 0 0 0 0 0 4 0 0 0 0 0 0 0 0
32.0759 0 0 1 1 0 0 0 1 0 0 5 0 0 0 0 0 0 0 0
65.288 0 0 1 1 1 0 0 0 0 0 5 0 1 0 0 0 0 0 0
67.1623 0 1 1 1 1 0 0 0 0 0 4 0 0 0 0 0 0 0 0
67.623 1 1 1 1 0 0 0 0 0 0 4 0 1 0 0 0 0 0 0
90.547 1 1 0 0 0 1 0 0 0 0 5 0 1 0 0 0 0 0 0
104.565 1 2 0 0 0 1 0 0 0 0 4 0 0 0 0 0 0 0 0
121.027 0 1 0 0 1 1 0 0 0 0 5 0 0 0 0 0 0 0 0
131.582 1 1 0 0 0 1 0 0 0 0 5 0 1 0 0 0 0 0 0
156.614 1 2 0 0 0 1 0 0 0 0 4 0 0 0 0 0 0 0 0
349.923 0 1 0 0 1 1 0 0 0 0 5 0 0 0 0 0 0 0 0
384.575 0 1 1 0 1 0 0 0 0 0 5 0 0 0 1 0 0 0 0
386.311 0 0 1 0 0 0 0 1 0 0 6 0 0 0 1 0 0 0 0
403.391 0 0 1 1 0 0 0 1 0 0 5 0 0 0 0 0 0 0 0
418.342 0 0 0 0 0 1 0 1 0 0 6 0 0 0 0 0 0 0 0
421.214 0 0 0 0 0 0 0 0 0 1 7 0 0 0 0 0 0 0 0
1748.38 0 0 0 0 0 1 0 0 0 0 7 0 0 0 0 0 0 0 1
1751.69 0 0 0 0 0 1 0 1 0 0 6 0 0 0 0 0 0 0 0
1763.76 0 0 1 0 0 0 0 1 0 0 6 0 0 0 1 0 0 0 0
1764.81 0 0 1 1 0 0 0 1 0 0 5 0 0 0 0 0 0 0 0
1792.02 0 0 0 0 0 1 0 1 0 0 6 0 0 0 0 0 0 0 0
1795.5 0 0 0 0 1 1 0 0 0 0 6 0 1 0 0 0 0 0 0
1796.63 0 1 0 0 1 1 0 0 0 0 5 0 0 0 0 0 0 0 0
1796.69 0 0 0 0 0 1 0 1 0 0 6 0 0 0 0 0 0 0 0
1838.75 0 0 0 0 0 0 0 0 0 1 7 0 0 0 0 0 0 0 0
1838.75 0 0 0 0 0 0 0 0 0 1 7 0 0 0 0 0 0 0 0
