0 0 0 0 0 0 0 0 0 0 0 8 1 2 1 1 0 0 0 0
0.644936 0 1 0 0 0 0 0 0 0 0 7 1 1 1 1 0 0 0 0
5.27163 0 1 0 1 0 0 0 0 0 0 6 1 1 1 0 0 0 0 0
7.38522 0 1 1 1 0 0 0 0 0 0 5 1 1 0 0 0 0 0 0
11.629 1 1 1 1 0 0 0 0 0 0 4 0 1 0 0 0 0 0 0
31.5622 1 1 0 0 0 1 0 0 0 0 5 0 1 0 0 0 0 0 0
40.9304 1 2 0 0 0 1 0 0 0 0 4 0 0 0 0 0 0 0 0
68.9924 0 1 0 0 1 1 0 0 0 0 5 0 0 0 0 0 0 0 0
102.702 1 1 0 0 0 1 0 0 0 0 5 0 1 0 0 0 0 0 0
122.95 1 2 0 0 0 1 0 0 0 0 4 0 0 0 0 0 0 0 0
131.212 1 2 1 0 0 0 0 0 0 0 4 0 0 0 1 0 0 0 0
144.188 0 1 1 0 1 0 0 0 0 0 5 0 0 0 1 0 0 0 0
158.046 0 1 1 1 1 0 0 0 0 0 4 0 0 0 0 0 0 0 0
207.814 1 1 1 1 0 0 0 0 0 0 4 0 1 0 0 0 0 0 0
217.561 1 1 0 0 0 1 0 0 0 0 5 0 1 0 0 0 0 0 0
226.251 1 2 0 0 0 1 0 0 0 0 4 0 0 0 0 0 0 0 0
237.257 0 1 0 0 1 1 0 0 0 0 5 0 0 0 0 0 0 0 0
237.636 0 1 1 0 1 0 0 0 0 0 5 0 0 0 1 0 0 0 0
272.514 0 1 1 1 1 0 0 0 0 0 4 0 0 0 0 0 0 0 0
274.428 1 1 1 1 0 0 0 0 0 0 4 0 1 0 0 0 0 0 0
274.799 0 0 1 1 1 0 0 0 0 0 5 0 1 0 0 0 0 0 0
275.472 0 1 1 1 1 0 0 0 0 0 4 0 0 0 0 0 0 0 0
287.296 0 1 0 0 1 1 0 0 0 0 5 0 0 0 0 0 0 0 0
313.704 1 1 0 0 0 1 0 0 0 0 5 0 1 0 0 0 0 0 0
313.915 1 2 0 0 0 1 0 0 0 0 4 0 0 0 0 0 0 0 0
354.471 0 1 0 0 1 1 0 0 0 0 5 0 0 0 0 0 0 0 0
373.818 1 1 0 0 0 1 0 0 0 0 5 0 1 0 0 0 0 0 0
376.907 1 2 0 0 0 1 0 0 0 0 4 0 0 0 0 0 0 0 0
454.449 1 2 1 0 0 0 0 0 0 0 4 0 0 0 1 0 0 0 0
469.543 1 2 1 1 0 0 0 0 0 0 3 0 0 0 0 0 0 0 0
496.378 1 2 0 0 0 1 0 0 0 0 4 0 0 0 0 0 0 0 0
543.273 1 2 1 0 0 0 0 0 0 0 4 0 0 0 1 0 0 0 0
569.714 0 1 1 0 1 0 0 0 0 0 5 0 0 0 1 0 0 0 0
571.328 1 1 1 0 0 0 0 0 0 0 5 0 1 0 1 0 0 0 0
573.171 1 1 1 1 0 0 0 0 0 0 4 0 1 0 0 0 0 0 0
575.242 1 2 1 1 0 0 0 0 0 0 3 0 0 0 0 0 0 0 0
576.565 1 2 0 0 0 1 0 0 0 0 4 0 0 0 0 0 0 0 0
613.311 0 1 0 0 1 1 0 0 0 0 5 0 0 0 0 0 0 0 0
657.968 0 0 0 0 0 1 0 1 0 0 6 0 0 0 0 0 0 0 0
699.423 0 0 0 0 0 0 0 0 0 1 7 0 0 0 0 0 0 0 0
964.276 0 0 0 0 0 1 0 0 0 0 7 0 0 0 0 0 0 0 1
967.152 0 0 0 0 0 1 0 1 0 0 6 0 0 0 0 0 0 0 0
1043.86 0 0 1 0 0 0 0 1 0 0 6 0 0 0 1 0 0 0 0
1043.87 0 0 1 1 0 0 0 1 0 0 5 0 0 0 0 0 0 0 0
1073.87 0 0 0 0 0 1 0 1 0 0 6 0 0 0 0 0 0 0 0
1085.5 0 0 0 0 1 1 0 0 0 0 6 0 1 0 0 0 0 0 0
1101.35 0 1 0 0 1 1 0 0 0 0 5 0 0 0 0 0 0 0 0
1107.33 0 0 0 0 0 1 0 1 0 0 6 0 0 0 0 0 0 0 0
1287.92 0 0 1 0 0 0 0 1 0 0 6 0 0 0 1 0 0 0 0
1296.22 0 0 1 1 0 0 0 1 0 0 5 0 0 0 0 0 0 0 0
1334.61 0 0 0 0 0 1 0 1 0 0 6 0 0 0 0 0 0 0 0
1351.2 0 0 0 0 0 0 0 0 0 1 7 0 0 0 0 0 0 0 0
1351.2 0 0 0 0 0 0 0 0 0 1 7 0 0 0 0 0 0 0 0
