0 0 0 0 0 0 0 0 0 0 0 8 1 2 1 1 0 0 0 0
9.70285 0 1 0 0 0 0 0 0 0 0 7 1 1 1 1 0 0 0 0
10.2563 0 1 0 1 0 0 0 0 0 0 6 1 1 1 0 0 0 0 0
19.4741 0 1 1 1 0 0 0 0 0 0 5 1 1 0 0 0 0 0 0
27.9873 1 1 1 1 0 0 0 0 0 0 4 0 1 0 0 0 0 0 0
45.5512 1 2 1 1 0 0 0 0 0 0 3 0 0 0 0 0 0 0 0
83.7549 0 1 1 1 1 0 0 0 0 0 4 0 0 0 0 0 0 0 0
137.516 1 1 1 1 0 0 0 0 0 0 4 0 1 0 0 0 0 0 0
158.832 1 1 0 0 0 1 0 0 0 0 5 0 1 0 0 0 0 0 0
183.069 0 0 0 0 1 1 0 0 0 0 6 0 1 0 0 0 0 0 0
193.064 1 0 0 0 0 1 0 0 0 0 6 0 2 0 0 0 0 0 0
198.445 1 1 0 0 0 1 0 0 0 0 5 0 1 0 0 0 0 0 0
266.373 0 0 0 0 1 1 0 0 0 0 6 0 1 0 0 0 0 0 0
271.052 1 0 0 0 0 1 0 0 0 0 6 0 2 0 0 0 0 0 0
272.407 1 0 1 0 0 0 0 0 0 0 6 0 2 0 1 0 0 0 0
272.49 1 1 1 0 0 0 0 0 0 0 5 0 1 0 1 0 0 0 0
279.902 0 0 1 0 1 0 0 0 0 0 6 0 1 0 1 0 0 0 0
286.01 0 1 1 0 1 0 0 0 0 0 5 0 0 0 1 0 0 0 0
287.911 0 1 1 1 1 0 0 0 0 0 4 0 0 0 0 0 0 0 0
335.215 0 1 0 0 1 1 0 0 0 0 5 0 0 0 0 0 0 0 0
396.582 0 0 0 0 0 1 0 1 0 0 6 0 0 0 0 0 0 0 0
403.5 0 0 0 0 0 0 0 0 0 1 7 0 0 0 0 0 0 0 0
3648.38 0 0 0 0 0 1 0 0 0 0 7 0 0 0 0 0 0 0 1
3648.89 0 0 0 0 0 1 0 1 0 0 6 0 0 0 0 0 0 0 0
3698.75 0 0 0 0 0 0 0 0 0 1 7 0 0 0 0 0 0 0 0
3698.75 0 0 0 0 0 0 0 0 0 1 7 0 0 0 0 0 0 0 0
