0 0 0 0 0 0 0 0 0 0 0 8 1 2 1 1 0 0 0 0
2.8197 1 0 0 0 0 0 0 0 0 0 7 0 2 1 1 0 0 0 0
6.14158 1 1 0 0 0 0 0 0 0 0 6 0 1 1 1 0 0 0 0
13.0662 1 1 1 0 0 0 0 0 0 0 5 0 1 0 1 0 0 0 0
17.6729 1 1 1 1 0 0 0 0 0 0 4 0 1 0 0 0 0 0 0
19.8583 1 1 0 0 0 1 0 0 0 0 5 0 1 0 0 0 0 0 0
32.5628 1 2 0 0 0 1 0 0 0 0 4 0 0 0 0 0 0 0 0
36.1964 0 1 0 0 1 1 0 0 0 0 5 0 0 0 0 0 0 0 0
52.7871 1 1 0 0 0 1 0 0 0 0 5 0 1 0 0 0 0 0 0
58.2204 1 2 0 0 0 1 0 0 0 0 4 0 0 0 0 0 0 0 0
78.7444 1 2 1 0 0 0 0 0 0 0 4 0 0 0 1 0 0 0 0
116.316 0 1 1 0 1 0 0 0 0 0 5 0 0 0 1 0 0 0 0
129.713 1 1 1 0 0 0 0 0 0 0 5 0 1 0 1 0 0 0 0
133.879 1 2 1 0 0 0 0 0 0 0 4 0 0 0 1 0 0 0 0
137.361 0 1 1 0 1 0 0 0 0 0 5 0 0 0 1 0 0 0 0
137.976 0 1 1 1 1 0 0 0 0 0 4 0 0 0 0 0 0 0 0
143.761 0 1 0 0 1 1 0 0 0 0 5 0 0 0 0 0 0 0 0
145.008 0 1 0 0 0 0 1 0 0 0 6 0 0 0 0 0 0 0 0
200.175 0 0 0 0 0 0 0 0 1 0 7 0 0 0 0 0 0 0 0
219.377 0 0 0 0 0 0 1 0 0 0 7 0 1 0 0 0 0 0 0
243.511 0 1 0 0 0 0 1 0 0 0 6 0 0 0 0 0 0 0 0
317.807 0 0 0 0 0 0 0 0 1 0 7 0 0 0 0 0 0 0 0
381.507 0 0 0 0 0 0 1 0 0 0 7 0 1 0 0 0 0 0 0
395.763 0 1 0 0 0 0 1 0 0 0 6 0 0 0 0 0 0 0 0
412.647 0 0 0 0 0 0 0 0 1 0 7 0 0 0 0 0 0 0 0
415.638 0 0 0 0 0 0 1 0 0 0 7 0 1 0 0 0 0 0 0
417.305 0 1 0 0 0 0 1 0 0 0 6 0 0 0 0 0 0 0 0
477.278 0 0 0 0 0 0 0 0 1 0 7 0 0 0 0 0 0 0 0
525.949 0 0 0 0 0 0 1 0 0 0 7 0 1 0 0 0 0 0 0
537.051 0 1 0 0 0 0 1 0 0 0 6 0 0 0 0 0 0 0 0
749.755 0 0 0 0 0 0 0 0 1 0 7 0 0 0 0 0 0 0 0
752.6 0 0 0 0 0 0 1 0 0 0 7 0 1 0 0 0 0 0 0
758.466 0 1 0 0 0 0 1 0 0 0 6 0 0 0 0 0 0 0 0
762.624 0 1 0 0 0 1 0 0 0 0 6 0 0 0 0 1 0 0 0
812.825 0 1 0 0 1 1 0 0 0 0 5 0 0 0 0 0 0 0 0
814.361 0 1 0 0 0 0 1 0 0 0 6 0 0 0 0 0 0 0 0
823.637 0 0 0 0 0 0 0 0 1 0 7 0 0 0 0 0 0 0 0
832.949 0 0 0 0 0 0 1 0 0 0 7 0 1 0 0 0 0 0 0
849.435 0 1 0 0 0 0 1 0 0 0 6 0 0 0 0 0 0 0 0
886.198 0 0 0 0 0 0 0 0 1 0 7 0 0 0 0 0 0 0 0
964.309 0 0 0 0 0 0 1 0 0 0 7 0 1 0 0 0 0 0 0
985.631 0 1 0 0 0 0 1 0 0 0 6 0 0 0 0 0 0 0 0
1037.11 0 0 0 0 0 0 0 0 1 0 7 0 0 0 0 0 0 0 0
1092.01 0 0 0 0 0 0 1 0 0 0 7 0 1 0 0 0 0 0 0
1102.49 0 1 0 0 0 0 1 0 0 0 6 0 0 0 0 0 0 0 0
1133.51 0 0 0 0 0 0 0 0 1 0 7 0 0 0 0 0 0 0 0
1134.44 0 0 0 0 0 0 1 0 0 0 7 0 1 0 0 0 0 0 0
1152.72 0 1 0 0 0 0 1 0 0 0 6 0 0 0 0 0 0 0 0
1214.15 0 0 0 0 0 0 0 0 1 0 7 0 0 0 0 0 0 0 0
1229.58 0 0 0 0 0 0 1 0 0 0 7 0 1 0 0 0 0 0 0
1235.71 0 1 0 0 0 0 1 0 0 0 6 0 0 0 0 0 0 0 0
1269.1 0 0 0 0 0 0 0 0 1 0 7 0 0 0 0 0 0 0 0
1280.32 0 0 0 0 0 0 1 0 0 0 7 0 1 0 0 0 0 0 0
1291.5 0 1 0 0 0 0 1 0 0 0 6 0 0 0 0 0 0 0 0
1348.78 0 1 0 0 0 1 0 0 0 0 6 0 0 0 0 1 0 0 0
1349 0 1 0 0 1 1 0 0 0 0 5 0 0 0 0 0 0 0 0
1370 0 1 0 0 0 0 1 0 0 0 6 0 0 0 0 0 0 0 0
1422.57 0 0 0 0 0 0 0 0 1 0 7 0 0 0 0 0 0 0 0
1433.37 0 0 0 0 0 0 1 0 0 0 7 0 1 0 0 0 0 0 0
1449.8 0 1 0 0 0 0 1 0 0 0 6 0 0 0 0 0 0 0 0
1560.14 0 1 0 0 0 1 0 0 0 0 6 0 0 0 0 1 0 0 0
1567.09 0 1 1 0 0 0 0 0 0 0 6 0 0 0 1 1 0 0 0
1576.55 0 1 1 0 1 0 0 0 0 0 5 0 0 0 1 0 0 0 0
1580.77 0 1 1 1 1 0 0 0 0 0 4 0 0 0 0 0 0 0 0
1651.74 0 1 0 0 1 1 0 0 0 0 5 0 0 0 0 0 0 0 0
1652.43 1 1 0 0 0 1 0 0 0 0 5 0 1 0 0 0 0 0 0
1655 1 2 0 0 0 1 0 0 0 0 4 0 0 0 0 0 0 0 0
1709.2 0 1 0 0 1 1 0 0 0 0 5 0 0 0 0 0 0 0 0
1714.33 1 1 0 0 0 1 0 0 0 0 5 0 1 0 0 0 0 0 0
1723.91 0 0 0 0 1 1 0 0 0 0 6 0 1 0 0 0 0 0 0
1731.11 0 1 0 0 1 1 0 0 0 0 5 0 0 0 0 0 0 0 0
1743.68 1 1 0 0 0 1 0 0 0 0 5 0 1 0 0 0 0 0 0
1749.33 1 2 0 0 0 1 0 0 0 0 4 0 0 0 0 0 0 0 0
1766.7 0 1 0 0 1 1 0 0 0 0 5 0 0 0 0 0 0 0 0
1783.22 1 1 0 0 0 1 0 0 0 0 5 0 1 0 0 0 0 0 0
1792.4 1 2 0 0 0 1 0 0 0 0 4 0 0 0 0 0 0 0 0
1803.98 0 1 0 0 1 1 0 0 0 0 5 0 0 0 0 0 0 0 0
1812.55 0 1 1 0 1 0 0 0 0 0 5 0 0 0 1 0 0 0 0
1812.73 1 1 1 0 0 0 0 0 0 0 5 0 1 0 1 0 0 0 0
1817.41 0 0 1 0 1 0 0 0 0 0 6 0 1 0 1 0 0 0 0
1820.5 0 1 1 0 1 0 0 0 0 0 5 0 0 0 1 0 0 0 0
1825.07 0 1 1 1 1 0 0 0 0 0 4 0 0 0 0 0 0 0 0
1897.29 1 1 1 1 0 0 0 0 0 0 4 0 1 0 0 0 0 0 0
1897.52 1 2 1 1 0 0 0 0 0 0 3 0 0 0 0 0 0 0 0
1919.72 0 1 1 1 1 0 0 0 0 0 4 0 0 0 0 0 0 0 0
1922.01 1 1 1 1 0 0 0 0 0 0 4 0 1 0 0 0 0 0 0
1922.76 1 1 0 0 0 1 0 0 0 0 5 0 1 0 0 0 0 0 0
1928.47 1 2 0 0 0 1 0 0 0 0 4 0 0 0 0 0 0 0 0
1960.31 0 1 0 0 1 1 0 0 0 0 5 0 0 0 0 0 0 0 0
1961.1 1 1 0 0 0 1 0 0 0 0 5 0 1 0 0 0 0 0 0
1961.46 1 2 0 0 0 1 0 0 0 0 4 0 0 0 0 0 0 0 0
1997.03 0 1 0 0 1 1 0 0 0 0 5 0 0 0 0 0 0 0 0
2007.22 0 1 1 0 1 0 0 0 0 0 5 0 0 0 1 0 0 0 0
2013.93 0 1 1 1 1 0 0 0 0 0 4 0 0 0 0 0 0 0 0
2044.88 0 1 0 0 1 1 0 0 0 0 5 0 0 0 0 0 0 0 0
2054.91 0 1 1 0 1 0 0 0 0 0 5 0 0 0 1 0 0 0 0
2059.49 1 1 1 0 0 0 0 0 0 0 5 0 1 0 1 0 0 0 0
2068.45 1 1 1 1 0 0 0 0 0 0 4 0 1 0 0 0 0 0 0
2103.3 1 1 0 0 0 1 0 0 0 0 5 0 1 0 0 0 0 0 0
2112.26 1 2 0 0 0 1 0 0 0 0 4 0 0 0 0 0 0 0 0
2118.11 0 1 0 0 1 1 0 0 0 0 5 0 0 0 0 0 0 0 0
2141.5 1 1 0 0 0 1 0 0 0 0 5 0 1 0 0 0 0 0 0
2144.09 1 2 0 0 0 1 0 0 0 0 4 0 0 0 0 0 0 0 0
2171.58 0 1 0 0 1 1 0 0 0 0 5 0 0 0 0 0 0 0 0
2212.48 0 0 0 0 0 1 0 1 0 0 6 0 0 0 0 0 0 0 0
2217.86 0 0 0 0 0 0 0 0 0 1 7 0 0 0 0 0 0 0 0
2217.86 0 0 0 0 0 0 0 0 0 1 7 0 0 0 0 0 0 0 0
