0 0 0 0 0 0 0 0 0 0 0 8 1 2 1 1 0 0 0 0
2.86313 1 0 0 0 0 0 0 0 0 0 7 0 2 1 1 0 0 0 0
6.42159 1 1 0 0 0 0 0 0 0 0 6 0 1 1 1 0 0 0 0
10.5434 1 2 0 0 0 0 0 0 0 0 5 0 0 1 1 0 0 0 0
20.3437 1 2 0 1 0 0 0 0 0 0 4 0 0 1 0 0 0 0 0
21.2442 0 1 0 1 1 0 0 0 0 0 5 0 0 1 0 0 0 0 0
21.2986 0 0 0 1 0 0 0 1 0 0 6 0 0 1 0 0 0 0 0
109.142 0 0 1 1 0 0 0 1 0 0 5 0 0 0 0 0 0 0 0
118.005 0 0 1 1 1 0 0 0 0 0 5 0 1 0 0 0 0 0 0
119.573 1 0 1 1 0 0 0 0 0 0 5 0 2 0 0 0 0 0 0
132.178 1 1 1 1 0 0 0 0 0 0 4 0 1 0 0 0 0 0 0
145.347 1 2 1 1 0 0 0 0 0 0 3 0 0 0 0 0 0 0 0
163.264 0 1 1 1 1 0 0 0 0 0 4 0 0 0 0 0 0 0 0
221.118 1 1 1 1 0 0 0 0 0 0 4 0 1 0 0 0 0 0 0
233.441 1 1 0 0 0 1 0 0 0 0 5 0 1 0 0 0 0 0 0
247.96 1 2 0 0 0 1 0 0 0 0 4 0 0 0 0 0 0 0 0
254.433 0 1 0 0 1 1 0 0 0 0 5 0 0 0 0 0 0 0 0
259.995 0 1 0 0 0 0 1 0 0 0 6 0 0 0 0 0 0 0 0
272.693 0 0 0 0 0 0 0 0 1 0 7 0 0 0 0 0 0 0 0
310.888 0 0 0 0 0 0 1 0 0 0 7 0 1 0 0 0 0 0 0
336.556 0 1 0 0 0 0 1 0 0 0 6 0 0 0 0 0 0 0 0
418.92 0 0 0 0 0 0 0 0 1 0 7 0 0 0 0 0 0 0 0
453.187 0 0 0 0 0 0 1 0 0 0 7 0 1 0 0 0 0 0 0
460.127 0 1 0 0 0 0 1 0 0 0 6 0 0 0 0 0 0 0 0
460.891 0 0 0 0 0 0 0 0 1 0 7 0 0 0 0 0 0 0 0
494.61 0 0 0 0 0 0 1 0 0 0 7 0 1 0 0 0 0 0 0
501.283 0 1 0 0 0 0 1 0 0 0 6 0 0 0 0 0 0 0 0
507.724 0 0 0 0 0 0 0 0 1 0 7 0 0 0 0 0 0 0 0
590.521 0 0 0 0 0 0 1 0 0 0 7 0 1 0 0 0 0 0 0
592.065 0 1 0 0 0 0 1 0 0 0 6 0 0 0 0 0 0 0 0
649.756 0 0 0 0 0 0 0 0 1 0 7 0 0 0 0 0 0 0 0
745.181 0 0 0 0 0 0 1 0 0 0 7 0 1 0 0 0 0 0 0
746.986 0 1 0 0 0 0 1 0 0 0 6 0 0 0 0 0 0 0 0
818.974 0 0 0 0 0 0 0 0 1 0 7 0 0 0 0 0 0 0 0
819.921 0 0 0 0 0 0 1 0 0 0 7 0 1 0 0 0 0 0 0
824.349 0 1 0 0 0 0 1 0 0 0 6 0 0 0 0 0 0 0 0
838.923 0 1 0 0 0 1 0 0 0 0 6 0 0 0 0 1 0 0 0
859.001 0 1 1 0 0 0 0 0 0 0 6 0 0 0 1 1 0 0 0
875.016 0 1 1 0 1 0 0 0 0 0 5 0 0 0 1 0 0 0 0
893.786 0 0 1 0 0 0 0 1 0 0 6 0 0 0 1 0 0 0 0
910.673 0 0 1 1 0 0 0 1 0 0 5 0 0 0 0 0 0 0 0
955.77 0 0 1 1 1 0 0 0 0 0 5 0 1 0 0 0 0 0 0
971.815 1 0 1 1 0 0 0 0 0 0 5 0 2 0 0 0 0 0 0
972.308 1 1 1 1 0 0 0 0 0 0 4 0 1 0 0 0 0 0 0
997.111 1 2 1 1 0 0 0 0 0 0 3 0 0 0 0 0 0 0 0
1002.15 0 1 1 1 1 0 0 0 0 0 4 0 0 0 0 0 0 0 0
1062.35 1 1 1 1 0 0 0 0 0 0 4 0 1 0 0 0 0 0 0
1068.95 1 2 1 1 0 0 0 0 0 0 3 0 0 0 0 0 0 0 0
1079.26 1 2 0 0 0 1 0 0 0 0 4 0 0 0 0 0 0 0 0
1093.21 0 1 0 0 1 1 0 0 0 0 5 0 0 0 0 0 0 0 0
1109.73 0 0 0 0 0 1 0 1 0 0 6 0 0 0 0 0 0 0 0
1120.46 0 0 0 0 0 0 0 0 0 1 7 0 0 0 0 0 0 0 0
1120.46 0 0 0 0 0 0 0 0 0 1 7 0 0 0 0 0 0 0 0
