0 0 0 0 0 0 0 0 0 0 0 8 1 2 1 1 0 0 0 0
1.40534 0 1 0 0 0 0 0 0 0 0 7 1 1 1 1 0 0 0 0
3.75193 1 1 0 0 0 0 0 0 0 0 6 0 1 1 1 0 0 0 0
8.8545 1 1 1 0 0 0 0 0 0 0 5 0 1 0 1 0 0 0 0
10.2041 1 1 1 1 0 0 0 0 0 0 4 0 1 0 0 0 0 0 0
24.3957 1 2 1 1 0 0 0 0 0 0 3 0 0 0 0 0 0 0 0
35.4818 0 1 1 1 1 0 0 0 0 0 4 0 0 0 0 0 0 0 0
62.7938 1 1 1 1 0 0 0 0 0 0 4 0 1 0 0 0 0 0 0
64.6168 1 2 1 1 0 0 0 0 0 0 3 0 0 0 0 0 0 0 0
81.7167 0 1 1 1 1 0 0 0 0 0 4 0 0 0 0 0 0 0 0
90.8068 1 1 1 1 0 0 0 0 0 0 4 0 1 0 0 0 0 0 0
100.123 0 0 1 1 1 0 0 0 0 0 5 0 1 0 0 0 0 0 0
108.798 0 1 1 1 1 0 0 0 0 0 4 0 0 0 0 0 0 0 0
116.587 0 0 1 1 0 0 0 1 0 0 5 0 0 0 0 0 0 0 0
131.846 0 0 0 0 0 1 0 1 0 0 6 0 0 0 0 0 0 0 0
150.11 0 0 0 0 1 1 0 0 0 0 6 0 1 0 0 0 0 0 0
155.555 0 0 0 0 0 0 1 0 0 0 7 0 1 0 0 0 0 0 0
179.265 0 1 0 0 0 0 1 0 0 0 6 0 0 0 0 0 0 0 0
236.016 0 0 0 0 0 0 0 0 1 0 7 0 0 0 0 0 0 0 0
251.208 0 0 0 0 0 0 1 0 0 0 7 0 1 0 0 0 0 0 0
276.919 0 1 0 0 0 0 1 0 0 0 6 0 0 0 0 0 0 0 0
427.945 0 0 0 0 0 0 0 0 1 0 7 0 0 0 0 0 0 0 0
453.671 0 0 0 0 0 0 1 0 0 0 7 0 1 0 0 0 0 0 0
467.373 0 1 0 0 0 0 1 0 0 0 6 0 0 0 0 0 0 0 0
474.143 0 1 0 0 0 1 0 0 0 0 6 0 0 0 0 1 0 0 0
477.743 0 1 0 0 1 1 0 0 0 0 5 0 0 0 0 0 0 0 0
491.338 0 0 0 0 0 1 0 1 0 0 6 0 0 0 0 0 0 0 0
508.139 0 0 0 0 1 1 0 0 0 0 6 0 1 0 0 0 0 0 0
547.083 1 0 0 0 0 1 0 0 0 0 6 0 2 0 0 0 0 0 0
555.77 1 1 0 0 0 1 0 0 0 0 5 0 1 0 0 0 0 0 0
558.225 1 2 0 0 0 1 0 0 0 0 4 0 0 0 0 0 0 0 0
575.452 0 1 0 0 1 1 0 0 0 0 5 0 0 0 0 0 0 0 0
575.822 1 1 0 0 0 1 0 0 0 0 5 0 1 0 0 0 0 0 0
585.485 1 2 0 0 0 1 0 0 0 0 4 0 0 0 0 0 0 0 0
627.289 0 1 0 0 1 1 0 0 0 0 5 0 0 0 0 0 0 0 0
639.813 0 0 0 0 0 1 0 1 0 0 6 0 0 0 0 0 0 0 0
727.37 0 0 1 0 0 0 0 1 0 0 6 0 0 0 1 0 0 0 0
761.004 0 0 1 1 0 0 0 1 0 0 5 0 0 0 0 0 0 0 0
764.879 0 0 0 0 0 1 0 1 0 0 6 0 0 0 0 0 0 0 0
772.146 0 0 0 0 1 1 0 0 0 0 6 0 1 0 0 0 0 0 0
785.639 0 1 0 0 1 1 0 0 0 0 5 0 0 0 0 0 0 0 0
807.085 1 1 0 0 0 1 0 0 0 0 5 0 1 0 0 0 0 0 0
809.135 1 2 0 0 0 1 0 0 0 0 4 0 0 0 0 0 0 0 0
818.392 1 2 1 0 0 0 0 0 0 0 4 0 0 0 1 0 0 0 0
842.652 0 1 1 0 1 0 0 0 0 0 5 0 0 0 1 0 0 0 0
849.076 0 0 1 0 0 0 0 1 0 0 6 0 0 0 1 0 0 0 0
850.676 0 0 1 0 1 0 0 0 0 0 6 0 1 0 1 0 0 0 0
856.829 0 0 1 1 1 0 0 0 0 0 5 0 1 0 0 0 0 0 0
859.605 0 1 1 1 1 0 0 0 0 0 4 0 0 0 0 0 0 0 0
894.496 1 1 1 1 0 0 0 0 0 0 4 0 1 0 0 0 0 0 0
894.605 1 2 1 1 0 0 0 0 0 0 3 0 0 0 0 0 0 0 0
918.463 0 1 1 1 1 0 0 0 0 0 4 0 0 0 0 0 0 0 0
945.239 0 0 1 1 0 0 0 1 0 0 5 0 0 0 0 0 0 0 0
970.779 0 0 0 0 0 1 0 1 0 0 6 0 0 0 0 0 0 0 0
975.082 0 0 0 0 0 0 0 0 0 1 7 0 0 0 0 0 0 0 0
1094.62 0 0 0 0 0 1 0 0 0 0 7 0 0 0 0 0 0 0 1
1096.04 0 0 0 0 0 1 0 1 0 0 6 0 0 0 0 0 0 0 0
1100.6 0 0 0 0 1 1 0 0 0 0 6 0 1 0 0 0 0 0 0
1115.99 0 1 0 0 1 1 0 0 0 0 5 0 0 0 0 0 0 0 0
1124.81 0 0 0 0 0 1 0 1 0 0 6 0 0 0 0 0 0 0 0
1141.15 0 0 0 0 0 0 0 0 0 1 7 0 0 0 0 0 0 0 0
1141.15 0 0 0 0 0 0 0 0 0 1 7 0 0 0 0 0 0 0 0
