0 0 0 0 0 0 0 0 0 0 0 8 1 2 1 1 0 0 0 0
0.654735 0 1 0 0 0 0 0 0 0 0 7 1 1 1 1 0 0 0 0
7.18582 1 1 0 0 0 0 0 0 0 0 6 0 1 1 1 0 0 0 0
9.9284 1 2 0 0 0 0 0 0 0 0 5 0 0 1 1 0 0 0 0
12.5099 0 1 0 0 1 0 0 0 0 0 6 0 0 1 1 0 0 0 0
19.1331 1 1 0 0 0 0 0 0 0 0 6 0 1 1 1 0 0 0 0
28.2736 0 0 0 0 1 0 0 0 0 0 7 0 1 1 1 0 0 0 0
29.2955 0 1 0 0 1 0 0 0 0 0 6 0 0 1 1 0 0 0 0
34.9854 0 1 0 1 1 0 0 0 0 0 5 0 0 1 0 0 0 0 0
38.486 0 0 0 1 0 0 0 1 0 0 6 0 0 1 0 0 0 0 0
47.6101 0 0 1 1 0 0 0 1 0 0 5 0 0 0 0 0 0 0 0
60.7962 0 0 0 0 0 1 0 1 0 0 6 0 0 0 0 0 0 0 0
63.9125 0 0 0 0 0 0 0 0 0 1 7 0 0 0 0 0 0 0 0
149.888 0 0 0 0 0 1 0 0 0 0 7 0 0 0 0 0 0 0 1
162.798 0 0 0 0 0 1 0 1 0 0 6 0 0 0 0 0 0 0 0
181.287 0 0 0 0 1 1 0 0 0 0 6 0 1 0 0 0 0 0 0
184.052 1 0 0 0 0 1 0 0 0 0 6 0 2 0 0 0 0 0 0
194.224 1 1 0 0 0 1 0 0 0 0 5 0 1 0 0 0 0 0 0
204.131 1 2 0 0 0 1 0 0 0 0 4 0 0 0 0 0 0 0 0
254.53 0 1 0 0 1 1 0 0 0 0 5 0 0 0 0 0 0 0 0
256.904 1 1 0 0 0 1 0 0 0 0 5 0 1 0 0 0 0 0 0
272.426 0 0 0 0 1 1 0 0 0 0 6 0 1 0 0 0 0 0 0
278.748 0 0 0 0 0 0 1 0 0 0 7 0 1 0 0 0 0 0 0
293.176 0 1 0 0 0 0 1 0 0 0 6 0 0 0 0 0 0 0 0
296.436 0 0 0 0 0 0 0 0 1 0 7 0 0 0 0 0 0 0 0
298.248 0 0 0 0 0 0 1 0 0 0 7 0 1 0 0 0 0 0 0
303.906 0 1 0 0 0 0 1 0 0 0 6 0 0 0 0 0 0 0 0
503.174 0 0 0 0 0 0 0 0 1 0 7 0 0 0 0 0 0 0 0
503.684 0 0 0 0 0 0 1 0 0 0 7 0 1 0 0 0 0 0 0
516.802 0 1 0 0 0 0 1 0 0 0 6 0 0 0 0 0 0 0 0
562.951 0 1 0 0 0 1 0 0 0 0 6 0 0 0 0 1 0 0 0
593.528 0 1 0 0 1 1 0 0 0 0 5 0 0 0 0 0 0 0 0
621.705 0 0 0 0 0 1 0 1 0 0 6 0 0 0 0 0 0 0 0
700.738 0 0 1 0 0 0 0 1 0 0 6 0 0 0 1 0 0 0 0
722.121 0 0 1 1 0 0 0 1 0 0 5 0 0 0 0 0 0 0 0
726.932 0 0 0 0 0 1 0 1 0 0 6 0 0 0 0 0 0 0 0
736.721 0 0 0 0 0 0 0 0 0 1 7 0 0 0 0 0 0 0 0
736.721 0 0 0 0 0 0 0 0 0 1 7 0 0 0 0 0 0 0 0
