0 0 0 0 0 0 0 0 0 0 0 8 1 2 1 1 0 0 0 0
5.58277 0 0 1 0 0 0 0 0 0 0 7 1 2 0 1 0 0 0 0
9.10746 0 0 1 1 0 0 0 0 0 0 6 1 2 0 0 0 0 0 0
15.4672 0 1 1 1 0 0 0 0 0 0 5 1 1 0 0 0 0 0 0
27.8918 1 1 1 1 0 0 0 0 0 0 4 0 1 0 0 0 0 0 0
37.0924 0 0 1 1 1 0 0 0 0 0 5 0 1 0 0 0 0 0 0
63.5381 0 1 1 1 1 0 0 0 0 0 4 0 0 0 0 0 0 0 0
80.5753 1 1 1 1 0 0 0 0 0 0 4 0 1 0 0 0 0 0 0
82.505 1 2 1 1 0 0 0 0 0 0 3 0 0 0 0 0 0 0 0
106.749 0 1 1 1 1 0 0 0 0 0 4 0 0 0 0 0 0 0 0
118.41 1 1 1 1 0 0 0 0 0 0 4 0 1 0 0 0 0 0 0
125.332 1 1 0 0 0 1 0 0 0 0 5 0 1 0 0 0 0 0 0
132.945 1 2 0 0 0 1 0 0 0 0 4 0 0 0 0 0 0 0 0
143.097 0 1 0 0 1 1 0 0 0 0 5 0 0 0 0 0 0 0 0
150.718 0 1 1 0 1 0 0 0 0 0 5 0 0 0 1 0 0 0 0
158.331 0 1 1 1 1 0 0 0 0 0 4 0 0 0 0 0 0 0 0
163.984 1 1 1 1 0 0 0 0 0 0 4 0 1 0 0 0 0 0 0
174.671 0 0 1 1 1 0 0 0 0 0 5 0 1 0 0 0 0 0 0
180.207 0 1 1 1 1 0 0 0 0 0 4 0 0 0 0 0 0 0 0
242.132 1 1 1 1 0 0 0 0 0 0 4 0 1 0 0 0 0 0 0
267.367 1 2 1 1 0 0 0 0 0 0 3 0 0 0 0 0 0 0 0
268.343 0 1 1 1 1 0 0 0 0 0 4 0 0 0 0 0 0 0 0
290.117 0 0 1 1 0 0 0 1 0 0 5 0 0 0 0 0 0 0 0
389.927 0 0 0 0 0 1 0 1 0 0 6 0 0 0 0 0 0 0 0
441.851 0 0 0 0 0 0 0 0 0 1 7 0 0 0 0 0 0 0 0
441.851 0 0 0 0 0 0 0 0 0 1 7 0 0 0 0 0 0 0 0
