0 0 0 0 0 0 0 0 0 0 0 8 1 2 1 1 0 0 0 0
0.419258 0 1 0 0 0 0 0 0 0 0 7 1 1 1 1 0 0 0 0
1.41936 0 1 1 0 0 0 0 0 0 0 6 1 1 0 1 0 0 0 0
5.93834 0 2 1 0 0 0 0 0 0 0 5 1 0 0 1 0 0 0 0
11.5 0 2 1 1 0 0 0 0 0 0 4 1 0 0 0 0 0 0 0
65.688 1 2 1 1 0 0 0 0 0 0 3 0 0 0 0 0 0 0 0
93.0169 0 1 1 1 1 0 0 0 0 0 4 0 0 0 0 0 0 0 0
107.484 1 1 1 1 0 0 0 0 0 0 4 0 1 0 0 0 0 0 0
170.587 0 0 1 1 1 0 0 0 0 0 5 0 1 0 0 0 0 0 0
171.425 1 0 1 1 0 0 0 0 0 0 5 0 2 0 0 0 0 0 0
180.855 1 0 0 0 0 1 0 0 0 0 6 0 2 0 0 0 0 0 0
181.174 1 1 0 0 0 1 0 0 0 0 5 0 1 0 0 0 0 0 0
186.509 1 2 0 0 0 1 0 0 0 0 4 0 0 0 0 0 0 0 0
196.436 0 1 0 0 1 1 0 0 0 0 5 0 0 0 0 0 0 0 0
200.426 0 1 0 0 0 0 1 0 0 0 6 0 0 0 0 0 0 0 0
248.9 0 0 0 0 0 0 0 0 1 0 7 0 0 0 0 0 0 0 0
277.904 0 0 0 0 0 0 1 0 0 0 7 0 1 0 0 0 0 0 0
283.283 0 1 0 0 0 0 1 0 0 0 6 0 0 0 0 0 0 0 0
296.857 0 0 0 0 0 0 0 0 1 0 7 0 0 0 0 0 0 0 0
303.894 0 0 0 0 0 0 1 0 0 0 7 0 1 0 0 0 0 0 0
308.934 0 1 0 0 0 0 1 0 0 0 6 0 0 0 0 0 0 0 0
328.872 0 1 0 0 0 1 0 0 0 0 6 0 0 0 0 1 0 0 0
330.218 0 1 0 0 1 1 0 0 0 0 5 0 0 0 0 0 0 0 0
331.032 0 1 1 0 1 0 0 0 0 0 5 0 0 0 1 0 0 0 0
347.795 0 1 1 1 1 0 0 0 0 0 4 0 0 0 0 0 0 0 0
378.009 0 0 1 1 0 0 0 1 0 0 5 0 0 0 0 0 0 0 0
382.039 0 0 0 0 0 1 0 1 0 0 6 0 0 0 0 0 0 0 0
402.047 0 0 1 0 0 0 0 1 0 0 6 0 0 0 1 0 0 0 0
407.173 0 0 1 1 0 0 0 1 0 0 5 0 0 0 0 0 0 0 0
428.366 0 0 0 0 0 1 0 1 0 0 6 0 0 0 0 0 0 0 0
469.019 0 0 0 0 1 1 0 0 0 0 6 0 1 0 0 0 0 0 0
473.555 0 1 0 0 1 1 0 0 0 0 5 0 0 0 0 0 0 0 0
500.949 0 0 0 0 0 1 0 1 0 0 6 0 0 0 0 0 0 0 0
508.548 0 0 0 0 0 0 0 0 0 1 7 0 0 0 0 0 0 0 0
508.548 0 0 0 0 0 0 0 0 0 1 7 0 0 0 0 0 0 0 0
