0 0 0 0 0 0 0 0 0 0 0 8 1 2 1 1 0 0 0 0
2.03901 0 1 0 0 0 0 0 0 0 0 7 1 1 1 1 0 0 0 0
17.8125 0 1 1 0 0 0 0 0 0 0 6 1 1 0 1 0 0 0 0
21.3808 0 1 1 1 0 0 0 0 0 0 5 1 1 0 0 0 0 0 0
34.0496 0 2 1 1 0 0 0 0 0 0 4 1 0 0 0 0 0 0 0
43.2639 1 2 1 1 0 0 0 0 0 0 3 0 0 0 0 0 0 0 0
50.1604 1 2 0 0 0 1 0 0 0 0 4 0 0 0 0 0 0 0 0
63.4963 0 1 0 0 1 1 0 0 0 0 5 0 0 0 0 0 0 0 0
75.066 1 1 0 0 0 1 0 0 0 0 5 0 1 0 0 0 0 0 0
98.8138 1 2 0 0 0 1 0 0 0 0 4 0 0 0 0 0 0 0 0
169.521 0 1 0 0 1 1 0 0 0 0 5 0 0 0 0 0 0 0 0
186.452 1 1 0 0 0 1 0 0 0 0 5 0 1 0 0 0 0 0 0
191.049 0 0 0 0 1 1 0 0 0 0 6 0 1 0 0 0 0 0 0
201.031 0 1 0 0 1 1 0 0 0 0 5 0 0 0 0 0 0 0 0
218.038 1 1 0 0 0 1 0 0 0 0 5 0 1 0 0 0 0 0 0
220.868 1 2 0 0 0 1 0 0 0 0 4 0 0 0 0 0 0 0 0
248.097 0 1 0 0 1 1 0 0 0 0 5 0 0 0 0 0 0 0 0
248.721 0 0 0 0 0 1 0 1 0 0 6 0 0 0 0 0 0 0 0
251.856 0 0 1 0 0 0 0 1 0 0 6 0 0 0 1 0 0 0 0
267.637 0 0 1 0 1 0 0 0 0 0 6 0 1 0 1 0 0 0 0
274.495 0 0 1 1 1 0 0 0 0 0 5 0 1 0 0 0 0 0 0
309.697 0 0 0 0 1 1 0 0 0 0 6 0 1 0 0 0 0 0 0
312.082 0 1 0 0 1 1 0 0 0 0 5 0 0 0 0 0 0 0 0
323.649 0 0 0 0 0 1 0 1 0 0 6 0 0 0 0 0 0 0 0
350.19 0 0 0 0 1 1 0 0 0 0 6 0 1 0 0 0 0 0 0
353.247 0 1 0 0 1 1 0 0 0 0 5 0 0 0 0 0 0 0 0
385.133 0 1 0 0 0 0 1 0 0 0 6 0 0 0 0 0 0 0 0
487.229 0 1 0 0 0 1 0 0 0 0 6 0 0 0 0 1 0 0 0
510.206 0 1 0 0 1 1 0 0 0 0 5 0 0 0 0 0 0 0 0
518.448 1 1 0 0 0 1 0 0 0 0 5 0 1 0 0 0 0 0 0
537.548 1 2 0 0 0 1 0 0 0 0 4 0 0 0 0 0 0 0 0
591.743 0 1 0 0 1 1 0 0 0 0 5 0 0 0 0 0 0 0 0
598.605 0 1 0 0 0 0 1 0 0 0 6 0 0 0 0 0 0 0 0
600.619 0 0 0 0 0 0 0 0 1 0 7 0 0 0 0 0 0 0 0
617.245 0 0 0 0 0 0 1 0 0 0 7 0 1 0 0 0 0 0 0
621.464 0 1 0 0 0 0 1 0 0 0 6 0 0 0 0 0 0 0 0
705.857 0 0 0 0 0 0 0 0 1 0 7 0 0 0 0 0 0 0 0
792.566 0 0 0 0 0 0 1 0 0 0 7 0 1 0 0 0 0 0 0
803.764 0 1 0 0 0 0 1 0 0 0 6 0 0 0 0 0 0 0 0
865.037 0 1 0 0 0 1 0 0 0 0 6 0 0 0 0 1 0 0 0
881.684 0 1 1 0 0 0 0 0 0 0 6 0 0 0 1 1 0 0 0
890.415 0 1 1 1 0 0 0 0 0 0 5 0 0 0 0 1 0 0 0
915.477 0 1 1 1 1 0 0 0 0 0 4 0 0 0 0 0 0 0 0
935.319 0 0 1 1 0 0 0 1 0 0 5 0 0 0 0 0 0 0 0
935.774 0 0 0 0 0 1 0 1 0 0 6 0 0 0 0 0 0 0 0
935.847 0 0 0 0 0 0 0 0 0 1 7 0 0 0 0 0 0 0 0
935.847 0 0 0 0 0 0 0 0 0 1 7 0 0 0 0 0 0 0 0
