0 0 0 0 0 0 0 0 0 0 0 8 1 2 1 1 0 0 0 0
3.95541 0 0 1 0 0 0 0 0 0 0 7 1 2 0 1 0 0 0 0
9.06972 0 0 1 1 0 0 0 0 0 0 6 1 2 0 0 0 0 0 0
9.40875 0 1 1 1 0 0 0 0 0 0 5 1 1 0 0 0 0 0 0
14.617 0 2 1 1 0 0 0 0 0 0 4 1 0 0 0 0 0 0 0
15.107 0 2 0 0 0 1 0 0 0 0 5 1 0 0 0 0 0 0 0
40.5244 1 2 0 0 0 1 0 0 0 0 4 0 0 0 0 0 0 0 0
42.7175 0 1 0 0 1 1 0 0 0 0 5 0 0 0 0 0 0 0 0
87.2656 0 1 0 0 0 0 1 0 0 0 6 0 0 0 0 0 0 0 0
121.947 0 1 0 0 0 1 0 0 0 0 6 0 0 0 0 1 0 0 0
160.449 0 1 0 0 1 1 0 0 0 0 5 0 0 0 0 0 0 0 0
171.629 0 0 0 0 0 1 0 1 0 0 6 0 0 0 0 0 0 0 0
186.43 0 0 0 0 0 0 0 0 0 1 7 0 0 0 0 0 0 0 0
520.368 0 0 0 0 0 1 0 0 0 0 7 0 0 0 0 0 0 0 1
528.693 0 0 0 0 0 1 0 1 0 0 6 0 0 0 0 0 0 0 0
530.633 0 0 0 0 1 1 0 0 0 0 6 0 1 0 0 0 0 0 0
532.129 1 0 0 0 0 1 0 0 0 0 6 0 2 0 0 0 0 0 0
535.897 1 1 0 0 0 1 0 0 0 0 5 0 1 0 0 0 0 0 0
537.377 1 2 0 0 0 1 0 0 0 0 4 0 0 0 0 0 0 0 0
537.777 0 1 0 0 1 1 0 0 0 0 5 0 0 0 0 0 0 0 0
570.578 0 1 1 0 1 0 0 0 0 0 5 0 0 0 1 0 0 0 0
578.04 0 1 1 1 1 0 0 0 0 0 4 0 0 0 0 0 0 0 0
624.894 0 0 1 1 0 0 0 1 0 0 5 0 0 0 0 0 0 0 0
626.469 0 0 0 0 0 1 0 1 0 0 6 0 0 0 0 0 0 0 0
648.809 0 0 1 0 0 0 0 1 0 0 6 0 0 0 1 0 0 0 0
680.917 0 0 1 1 0 0 0 1 0 0 5 0 0 0 0 0 0 0 0
689.131 0 0 1 1 1 0 0 0 0 0 5 0 1 0 0 0 0 0 0
689.437 0 1 1 1 1 0 0 0 0 0 4 0 0 0 0 0 0 0 0
696.026 1 1 1 1 0 0 0 0 0 0 4 0 1 0 0 0 0 0 0
705.43 1 1 0 0 0 1 0 0 0 0 5 0 1 0 0 0 0 0 0
728.626 1 2 0 0 0 1 0 0 0 0 4 0 0 0 0 0 0 0 0
798.868 0 1 0 0 1 1 0 0 0 0 5 0 0 0 0 0 0 0 0
809.15 1 1 0 0 0 1 0 0 0 0 5 0 1 0 0 0 0 0 0
837.477 1 2 0 0 0 1 0 0 0 0 4 0 0 0 0 0 0 0 0
877.361 0 1 0 0 1 1 0 0 0 0 5 0 0 0 0 0 0 0 0
879.125 0 0 0 0 0 1 0 1 0 0 6 0 0 0 0 0 0 0 0
963.875 0 0 0 0 0 0 0 0 0 1 7 0 0 0 0 0 0 0 0
2676.68 0 0 0 0 0 1 0 0 0 0 7 0 0 0 0 0 0 0 1
2677.96 0 0 0 0 0 1 0 1 0 0 6 0 0 0 0 0 0 0 0
2707.59 0 0 0 0 0 0 0 0 0 1 7 0 0 0 0 0 0 0 0
2707.59 0 0 0 0 0 0 0 0 0 1 7 0 0 0 0 0 0 0 0
