0 0 0 0 0 0 0 0 0 0 0 8 1 2 1 1 0 0 0 0
1.7729 0 1 0 0 0 0 0 0 0 0 7 1 1 1 1 0 0 0 0
2.52056 0 2 0 0 0 0 0 0 0 0 6 1 0 1 1 0 0 0 0
14.604 0 2 0 1 0 0 0 0 0 0 5 1 0 1 0 0 0 0 0
20.4262 1 2 0 1 0 0 0 0 0 0 4 0 0 1 0 0 0 0 0
25.4314 0 1 0 1 1 0 0 0 0 0 5 0 0 1 0 0 0 0 0
35.3558 0 1 1 1 1 0 0 0 0 0 4 0 0 0 0 0 0 0 0
48.3696 1 1 1 1 0 0 0 0 0 0 4 0 1 0 0 0 0 0 0
65.9514 1 2 1 1 0 0 0 0 0 0 3 0 0 0 0 0 0 0 0
72.7696 0 1 1 1 1 0 0 0 0 0 4 0 0 0 0 0 0 0 0
79.7091 1 1 1 1 0 0 0 0 0 0 4 0 1 0 0 0 0 0 0
89.3538 0 0 1 1 1 0 0 0 0 0 5 0 1 0 0 0 0 0 0
93.2228 1 0 1 1 0 0 0 0 0 0 5 0 2 0 0 0 0 0 0
105.347 1 1 1 1 0 0 0 0 0 0 4 0 1 0 0 0 0 0 0
107.14 1 2 1 1 0 0 0 0 0 0 3 0 0 0 0 0 0 0 0
110.164 0 1 1 1 1 0 0 0 0 0 4 0 0 0 0 0 0 0 0
206.569 0 0 1 1 0 0 0 1 0 0 5 0 0 0 0 0 0 0 0
243.188 0 0 1 1 1 0 0 0 0 0 5 0 1 0 0 0 0 0 0
247.3 0 1 1 1 1 0 0 0 0 0 4 0 0 0 0 0 0 0 0
261.196 0 1 0 0 1 1 0 0 0 0 5 0 0 0 0 0 0 0 0
270.529 0 1 0 0 0 0 1 0 0 0 6 0 0 0 0 0 0 0 0
306.331 0 0 0 0 0 0 0 0 1 0 7 0 0 0 0 0 0 0 0
307.328 0 0 0 0 0 0 1 0 0 0 7 0 1 0 0 0 0 0 0
308.547 0 1 0 0 0 0 1 0 0 0 6 0 0 0 0 0 0 0 0
321.016 0 0 0 0 0 0 0 0 1 0 7 0 0 0 0 0 0 0 0
325.598 0 0 0 0 0 0 1 0 0 0 7 0 1 0 0 0 0 0 0
334.675 0 1 0 0 0 0 1 0 0 0 6 0 0 0 0 0 0 0 0
367.12 0 0 0 0 0 0 0 0 1 0 7 0 0 0 0 0 0 0 0
381.982 0 0 0 0 0 0 1 0 0 0 7 0 1 0 0 0 0 0 0
391.018 0 1 0 0 0 0 1 0 0 0 6 0 0 0 0 0 0 0 0
439.63 0 0 0 0 0 0 0 0 1 0 7 0 0 0 0 0 0 0 0
455.966 0 0 0 0 0 0 1 0 0 0 7 0 1 0 0 0 0 0 0
460.19 0 1 0 0 0 0 1 0 0 0 6 0 0 0 0 0 0 0 0
538.928 0 0 0 0 0 0 0 0 1 0 7 0 0 0 0 0 0 0 0
559.649 0 0 0 0 0 0 1 0 0 0 7 0 1 0 0 0 0 0 0
564.755 0 1 0 0 0 0 1 0 0 0 6 0 0 0 0 0 0 0 0
566.554 0 0 0 0 0 0 0 0 1 0 7 0 0 0 0 0 0 0 0
621.58 0 0 0 0 0 0 1 0 0 0 7 0 1 0 0 0 0 0 0
640.442 0 1 0 0 0 0 1 0 0 0 6 0 0 0 0 0 0 0 0
729.637 0 0 0 0 0 0 0 0 1 0 7 0 0 0 0 0 0 0 0
739.655 0 0 0 0 0 0 1 0 0 0 7 0 1 0 0 0 0 0 0
747.743 0 1 0 0 0 0 1 0 0 0 6 0 0 0 0 0 0 0 0
795.587 0 0 0 0 0 0 0 0 1 0 7 0 0 0 0 0 0 0 0
820.682 0 0 0 0 0 0 1 0 0 0 7 0 1 0 0 0 0 0 0
822.667 0 1 0 0 0 0 1 0 0 0 6 0 0 0 0 0 0 0 0
858.55 0 0 0 0 0 0 0 0 1 0 7 0 0 0 0 0 0 0 0
893.85 0 0 0 0 0 0 1 0 0 0 7 0 1 0 0 0 0 0 0
899.136 0 0 0 0 0 1 0 0 0 0 7 0 1 0 0 1 0 0 0
915.624 0 0 0 0 1 1 0 0 0 0 6 0 1 0 0 0 0 0 0
923.175 0 1 0 0 1 1 0 0 0 0 5 0 0 0 0 0 0 0 0
931.608 0 1 0 0 0 0 1 0 0 0 6 0 0 0 0 0 0 0 0
950.501 0 0 0 0 0 0 0 0 1 0 7 0 0 0 0 0 0 0 0
984.443 0 0 0 0 0 0 1 0 0 0 7 0 1 0 0 0 0 0 0
992.48 0 1 0 0 0 0 1 0 0 0 6 0 0 0 0 0 0 0 0
996.042 0 0 0 0 0 0 0 0 1 0 7 0 0 0 0 0 0 0 0
1012.03 0 0 0 0 0 0 1 0 0 0 7 0 1 0 0 0 0 0 0
1015.43 0 1 0 0 0 0 1 0 0 0 6 0 0 0 0 0 0 0 0
1022.74 0 0 0 0 0 0 0 0 1 0 7 0 0 0 0 0 0 0 0
1069.98 0 0 0 0 0 0 1 0 0 0 7 0 1 0 0 0 0 0 0
1091.59 0 1 0 0 0 0 1 0 0 0 6 0 0 0 0 0 0 0 0
1166.01 0 0 0 0 0 0 0 0 1 0 7 0 0 0 0 0 0 0 0
1199.78 0 0 0 0 0 0 1 0 0 0 7 0 1 0 0 0 0 0 0
1202.88 0 1 0 0 0 0 1 0 0 0 6 0 0 0 0 0 0 0 0
1230.64 0 1 0 0 0 1 0 0 0 0 6 0 0 0 0 1 0 0 0
1232.33 0 1 1 0 0 0 0 0 0 0 6 0 0 0 1 1 0 0 0
1238.67 0 1 1 0 1 0 0 0 0 0 5 0 0 0 1 0 0 0 0
1258.25 0 0 1 0 0 0 0 1 0 0 6 0 0 0 1 0 0 0 0
1286 0 0 1 1 0 0 0 1 0 0 5 0 0 0 0 0 0 0 0
1455.07 0 0 1 1 1 0 0 0 0 0 5 0 1 0 0 0 0 0 0
1484.19 0 1 1 1 1 0 0 0 0 0 4 0 0 0 0 0 0 0 0
1503.48 1 1 1 1 0 0 0 0 0 0 4 0 1 0 0 0 0 0 0
1510.52 0 0 1 1 1 0 0 0 0 0 5 0 1 0 0 0 0 0 0
1513.11 0 1 1 1 1 0 0 0 0 0 4 0 0 0 0 0 0 0 0
1535.4 0 1 0 0 1 1 0 0 0 0 5 0 0 0 0 0 0 0 0
1540.06 1 1 0 0 0 1 0 0 0 0 5 0 1 0 0 0 0 0 0
1574.08 0 0 0 0 1 1 0 0 0 0 6 0 1 0 0 0 0 0 0
1587.92 0 1 0 0 1 1 0 0 0 0 5 0 0 0 0 0 0 0 0
1598.16 0 1 0 0 0 0 1 0 0 0 6 0 0 0 0 0 0 0 0
1646.39 0 0 0 0 0 0 0 0 1 0 7 0 0 0 0 0 0 0 0
1649.47 0 0 0 0 0 0 1 0 0 0 7 0 1 0 0 0 0 0 0
1668.81 0 1 0 0 0 0 1 0 0 0 6 0 0 0 0 0 0 0 0
1679.28 0 0 0 0 0 0 0 0 1 0 7 0 0 0 0 0 0 0 0
1699.51 0 0 0 0 0 0 1 0 0 0 7 0 1 0 0 0 0 0 0
1700.28 0 1 0 0 0 0 1 0 0 0 6 0 0 0 0 0 0 0 0
1724.22 0 0 0 0 0 0 0 0 1 0 7 0 0 0 0 0 0 0 0
1746.48 0 0 0 0 0 0 1 0 0 0 7 0 1 0 0 0 0 0 0
1751.21 0 1 0 0 0 0 1 0 0 0 6 0 0 0 0 0 0 0 0
1831.93 0 0 0 0 0 0 0 0 1 0 7 0 0 0 0 0 0 0 0
1849.6 0 0 0 0 0 0 1 0 0 0 7 0 1 0 0 0 0 0 0
1858.49 0 1 0 0 0 0 1 0 0 0 6 0 0 0 0 0 0 0 0
1973.56 0 0 0 0 0 0 0 0 1 0 7 0 0 0 0 0 0 0 0
2003.99 0 0 0 0 0 0 1 0 0 0 7 0 1 0 0 0 0 0 0
2004.08 0 1 0 0 0 0 1 0 0 0 6 0 0 0 0 0 0 0 0
2053.86 0 0 0 0 0 0 0 0 1 0 7 0 0 0 0 0 0 0 0
2117.43 0 0 0 0 0 0 1 0 0 0 7 0 1 0 0 0 0 0 0
2122.38 0 1 0 0 0 0 1 0 0 0 6 0 0 0 0 0 0 0 0
2145.07 0 0 0 0 0 0 0 0 1 0 7 0 0 0 0 0 0 0 0
2152.83 0 0 0 0 0 0 1 0 0 0 7 0 1 0 0 0 0 0 0
2162.91 0 1 0 0 0 0 1 0 0 0 6 0 0 0 0 0 0 0 0
2182.41 0 0 0 0 0 0 0 0 1 0 7 0 0 0 0 0 0 0 0
2191.46 0 0 0 0 0 0 1 0 0 0 7 0 1 0 0 0 0 0 0
2217.19 0 1 0 0 0 0 1 0 0 0 6 0 0 0 0 0 0 0 0
2289.81 0 0 0 0 0 0 0 0 1 0 7 0 0 0 0 0 0 0 0
2291.81 0 0 0 0 0 0 1 0 0 0 7 0 1 0 0 0 0 0 0
2292.8 0 1 0 0 0 0 1 0 0 0 6 0 0 0 0 0 0 0 0
2393.24 0 0 0 0 0 0 0 0 1 0 7 0 0 0 0 0 0 0 0
2498.84 0 0 0 0 0 0 1 0 0 0 7 0 1 0 0 0 0 0 0
2510.92 0 0 0 0 0 1 0 0 0 0 7 0 1 0 0 1 0 0 0
2515.96 0 0 0 0 1 1 0 0 0 0 6 0 1 0 0 0 0 0 0
2524.49 0 1 0 0 1 1 0 0 0 0 5 0 0 0 0 0 0 0 0
2572.13 0 1 0 0 0 0 1 0 0 0 6 0 0 0 0 0 0 0 0
2575.62 0 0 0 0 0 0 0 0 1 0 7 0 0 0 0 0 0 0 0
2590.55 0 0 0 0 0 0 1 0 0 0 7 0 1 0 0 0 0 0 0
2592 0 1 0 0 0 0 1 0 0 0 6 0 0 0 0 0 0 0 0
2637.15 0 0 0 0 0 0 0 0 1 0 7 0 0 0 0 0 0 0 0
2690.19 0 0 0 0 0 0 1 0 0 0 7 0 1 0 0 0 0 0 0
2693.83 0 1 0 0 0 0 1 0 0 0 6 0 0 0 0 0 0 0 0
2720.34 0 0 0 0 0 0 0 0 1 0 7 0 0 0 0 0 0 0 0
2732.41 0 0 0 0 0 0 1 0 0 0 7 0 1 0 0 0 0 0 0
2734.98 0 1 0 0 0 0 1 0 0 0 6 0 0 0 0 0 0 0 0
2735.77 0 1 0 0 0 1 0 0 0 0 6 0 0 0 0 1 0 0 0
2742.2 0 1 1 0 0 0 0 0 0 0 6 0 0 0 1 1 0 0 0
2748 0 1 1 1 0 0 0 0 0 0 5 0 0 0 0 1 0 0 0
2796.36 0 1 1 1 1 0 0 0 0 0 4 0 0 0 0 0 0 0 0
2800.5 0 0 1 1 0 0 0 1 0 0 5 0 0 0 0 0 0 0 0
2826.04 0 0 1 1 1 0 0 0 0 0 5 0 1 0 0 0 0 0 0
2832.76 0 1 1 1 1 0 0 0 0 0 4 0 0 0 0 0 0 0 0
2842.39 0 1 0 0 1 1 0 0 0 0 5 0 0 0 0 0 0 0 0
2874.8 1 1 0 0 0 1 0 0 0 0 5 0 1 0 0 0 0 0 0
2893.58 1 2 0 0 0 1 0 0 0 0 4 0 0 0 0 0 0 0 0
2949.64 0 1 0 0 1 1 0 0 0 0 5 0 0 0 0 0 0 0 0
2954.5 0 1 1 0 1 0 0 0 0 0 5 0 0 0 1 0 0 0 0
2958.21 1 1 1 0 0 0 0 0 0 0 5 0 1 0 1 0 0 0 0
2959.22 1 2 1 0 0 0 0 0 0 0 4 0 0 0 1 0 0 0 0
2960.36 1 2 1 1 0 0 0 0 0 0 3 0 0 0 0 0 0 0 0
3099.67 1 2 0 0 0 1 0 0 0 0 4 0 0 0 0 0 0 0 0
3109.83 0 1 0 0 1 1 0 0 0 0 5 0 0 0 0 0 0 0 0
3111.36 0 1 0 0 0 0 1 0 0 0 6 0 0 0 0 0 0 0 0
3132.04 0 1 0 0 0 1 0 0 0 0 6 0 0 0 0 1 0 0 0
3162.89 0 1 0 0 1 1 0 0 0 0 5 0 0 0 0 0 0 0 0
3179.33 1 1 0 0 0 1 0 0 0 0 5 0 1 0 0 0 0 0 0
3191.46 1 2 0 0 0 1 0 0 0 0 4 0 0 0 0 0 0 0 0
3246.71 0 1 0 0 1 1 0 0 0 0 5 0 0 0 0 0 0 0 0
3282.03 0 0 0 0 0 1 0 1 0 0 6 0 0 0 0 0 0 0 0
3299.12 0 0 0 0 0 0 0 0 0 1 7 0 0 0 0 0 0 0 0
3299.12 0 0 0 0 0 0 0 0 0 1 7 0 0 0 0 0 0 0 0
