0 0 0 0 0 0 0 0 0 0 0 8 1 2 1 1 0 0 0 0
2.53682 1 0 0 0 0 0 0 0 0 0 7 0 2 1 1 0 0 0 0
3.75203 1 1 0 0 0 0 0 0 0 0 6 0 1 1 1 0 0 0 0
8.24319 1 1 1 0 0 0 0 0 0 0 5 0 1 0 1 0 0 0 0
12.5858 1 2 1 0 0 0 0 0 0 0 4 0 0 0 1 0 0 0 0
19.8538 0 1 1 0 1 0 0 0 0 0 5 0 0 0 1 0 0 0 0
30.8432 0 1 1 1 1 0 0 0 0 0 4 0 0 0 0 0 0 0 0
36.5702 1 1 1 1 0 0 0 0 0 0 4 0 1 0 0 0 0 0 0
45.4854 0 0 1 1 1 0 0 0 0 0 5 0 1 0 0 0 0 0 0
54.7702 0 1 1 1 1 0 0 0 0 0 4 0 0 0 0 0 0 0 0
61.2251 0 1 0 0 1 1 0 0 0 0 5 0 0 0 0 0 0 0 0
68.8077 1 1 0 0 0 1 0 0 0 0 5 0 1 0 0 0 0 0 0
71.6392 1 2 0 0 0 1 0 0 0 0 4 0 0 0 0 0 0 0 0
95.1212 0 1 0 0 1 1 0 0 0 0 5 0 0 0 0 0 0 0 0
111.746 1 1 0 0 0 1 0 0 0 0 5 0 1 0 0 0 0 0 0
126.96 1 2 0 0 0 1 0 0 0 0 4 0 0 0 0 0 0 0 0
146.855 0 1 0 0 1 1 0 0 0 0 5 0 0 0 0 0 0 0 0
158.895 0 1 0 0 0 0 1 0 0 0 6 0 0 0 0 0 0 0 0
316.556 0 1 0 0 0 1 0 0 0 0 6 0 0 0 0 1 0 0 0
320.711 0 1 0 0 1 1 0 0 0 0 5 0 0 0 0 0 0 0 0
365.954 0 0 0 0 0 1 0 1 0 0 6 0 0 0 0 0 0 0 0
510.707 0 0 1 0 0 0 0 1 0 0 6 0 0 0 1 0 0 0 0
511.177 0 0 1 1 0 0 0 1 0 0 5 0 0 0 0 0 0 0 0
553.041 0 0 0 0 0 1 0 1 0 0 6 0 0 0 0 0 0 0 0
559.611 0 0 0 0 1 1 0 0 0 0 6 0 1 0 0 0 0 0 0
570.093 0 1 0 0 1 1 0 0 0 0 5 0 0 0 0 0 0 0 0
571.924 0 1 0 0 0 0 1 0 0 0 6 0 0 0 0 0 0 0 0
663.353 0 0 0 0 0 0 0 0 1 0 7 0 0 0 0 0 0 0 0
679.396 0 0 0 0 0 0 1 0 0 0 7 0 1 0 0 0 0 0 0
679.853 0 0 0 0 0 1 0 0 0 0 7 0 1 0 0 1 0 0 0
685.429 0 1 0 0 0 1 0 0 0 0 6 0 0 0 0 1 0 0 0
695.082 0 1 0 0 1 1 0 0 0 0 5 0 0 0 0 0 0 0 0
695.891 0 1 0 0 0 0 1 0 0 0 6 0 0 0 0 0 0 0 0
836.694 0 0 0 0 0 0 0 0 1 0 7 0 0 0 0 0 0 0 0
837.503 0 0 0 0 0 0 1 0 0 0 7 0 1 0 0 0 0 0 0
843.017 0 1 0 0 0 0 1 0 0 0 6 0 0 0 0 0 0 0 0
940.01 0 0 0 0 0 0 0 0 1 0 7 0 0 0 0 0 0 0 0
957.749 0 0 0 0 0 0 1 0 0 0 7 0 1 0 0 0 0 0 0
968.528 0 1 0 0 0 0 1 0 0 0 6 0 0 0 0 0 0 0 0
993.704 0 0 0 0 0 0 0 0 1 0 7 0 0 0 0 0 0 0 0
1003.41 0 0 0 0 0 0 1 0 0 0 7 0 1 0 0 0 0 0 0
1006.44 0 1 0 0 0 0 1 0 0 0 6 0 0 0 0 0 0 0 0
1007.62 0 1 0 0 0 1 0 0 0 0 6 0 0 0 0 1 0 0 0
1022.64 0 1 0 0 1 1 0 0 0 0 5 0 0 0 0 0 0 0 0
1033.67 0 0 0 0 0 1 0 1 0 0 6 0 0 0 0 0 0 0 0
1050.94 0 0 0 0 1 1 0 0 0 0 6 0 1 0 0 0 0 0 0
1055.88 0 0 0 0 0 0 1 0 0 0 7 0 1 0 0 0 0 0 0
1057.52 0 1 0 0 0 0 1 0 0 0 6 0 0 0 0 0 0 0 0
1169.51 0 1 0 0 0 1 0 0 0 0 6 0 0 0 0 1 0 0 0
1177.55 0 1 1 0 0 0 0 0 0 0 6 0 0 0 1 1 0 0 0
1179.64 0 1 1 1 0 0 0 0 0 0 5 0 0 0 0 1 0 0 0
1207.11 0 1 1 1 1 0 0 0 0 0 4 0 0 0 0 0 0 0 0
1209.53 1 1 1 1 0 0 0 0 0 0 4 0 1 0 0 0 0 0 0
1249.49 1 1 0 0 0 1 0 0 0 0 5 0 1 0 0 0 0 0 0
1255.67 1 2 0 0 0 1 0 0 0 0 4 0 0 0 0 0 0 0 0
1270.07 0 1 0 0 1 1 0 0 0 0 5 0 0 0 0 0 0 0 0
1278.45 0 0 0 0 0 1 0 1 0 0 6 0 0 0 0 0 0 0 0
1278.77 0 0 1 0 0 0 0 1 0 0 6 0 0 0 1 0 0 0 0
1293.69 0 0 1 1 0 0 0 1 0 0 5 0 0 0 0 0 0 0 0
1362.27 0 0 1 1 1 0 0 0 0 0 5 0 1 0 0 0 0 0 0
1367.17 0 1 1 1 1 0 0 0 0 0 4 0 0 0 0 0 0 0 0
1369.7 0 1 0 0 1 1 0 0 0 0 5 0 0 0 0 0 0 0 0
1373.06 1 1 0 0 0 1 0 0 0 0 5 0 1 0 0 0 0 0 0
1375.68 1 2 0 0 0 1 0 0 0 0 4 0 0 0 0 0 0 0 0
1384.23 0 1 0 0 1 1 0 0 0 0 5 0 0 0 0 0 0 0 0
1440.32 0 0 0 0 0 1 0 1 0 0 6 0 0 0 0 0 0 0 0
1454.96 0 0 0 0 0 0 0 0 0 1 7 0 0 0 0 0 0 0 0
1454.96 0 0 0 0 0 0 0 0 0 1 7 0 0 0 0 0 0 0 0
