0 0 0 0 0 0 0 0 0 0 0 8 1 2 1 1 0 0 0 0
0.472748 0 0 1 0 0 0 0 0 0 0 7 1 2 0 1 0 0 0 0
0.809256 0 1 1 0 0 0 0 0 0 0 6 1 1 0 1 0 0 0 0
6.07001 1 1 1 0 0 0 0 0 0 0 5 0 1 0 1 0 0 0 0
23.562 1 1 1 1 0 0 0 0 0 0 4 0 1 0 0 0 0 0 0
29.9362 1 2 1 1 0 0 0 0 0 0 3 0 0 0 0 0 0 0 0
66.7196 1 2 0 0 0 1 0 0 0 0 4 0 0 0 0 0 0 0 0
213.239 0 1 0 0 1 1 0 0 0 0 5 0 0 0 0 0 0 0 0
230.697 1 1 0 0 0 1 0 0 0 0 5 0 1 0 0 0 0 0 0
242.953 1 2 0 0 0 1 0 0 0 0 4 0 0 0 0 0 0 0 0
261.666 1 2 1 0 0 0 0 0 0 0 4 0 0 0 1 0 0 0 0
302.846 1 2 1 1 0 0 0 0 0 0 3 0 0 0 0 0 0 0 0
353.764 0 1 1 1 1 0 0 0 0 0 4 0 0 0 0 0 0 0 0
362.414 1 1 1 1 0 0 0 0 0 0 4 0 1 0 0 0 0 0 0
366.901 1 2 1 1 0 0 0 0 0 0 3 0 0 0 0 0 0 0 0
406.36 0 1 1 1 1 0 0 0 0 0 4 0 0 0 0 0 0 0 0
406.804 1 1 1 1 0 0 0 0 0 0 4 0 1 0 0 0 0 0 0
408.765 1 2 1 1 0 0 0 0 0 0 3 0 0 0 0 0 0 0 0
417.011 0 1 1 1 1 0 0 0 0 0 4 0 0 0 0 0 0 0 0
472.213 1 1 1 1 0 0 0 0 0 0 4 0 1 0 0 0 0 0 0
472.508 1 2 1 1 0 0 0 0 0 0 3 0 0 0 0 0 0 0 0
486.839 0 1 1 1 1 0 0 0 0 0 4 0 0 0 0 0 0 0 0
501.013 0 0 1 1 0 0 0 1 0 0 5 0 0 0 0 0 0 0 0
523.315 0 0 1 1 1 0 0 0 0 0 5 0 1 0 0 0 0 0 0
541.858 0 1 1 1 1 0 0 0 0 0 4 0 0 0 0 0 0 0 0
545.328 1 1 1 1 0 0 0 0 0 0 4 0 1 0 0 0 0 0 0
546.779 1 2 1 1 0 0 0 0 0 0 3 0 0 0 0 0 0 0 0
557.928 0 1 1 1 1 0 0 0 0 0 4 0 0 0 0 0 0 0 0
586.205 0 1 0 0 1 1 0 0 0 0 5 0 0 0 0 0 0 0 0
586.392 0 1 1 0 1 0 0 0 0 0 5 0 0 0 1 0 0 0 0
605.37 1 1 1 0 0 0 0 0 0 0 5 0 1 0 1 0 0 0 0
626.447 1 2 1 0 0 0 0 0 0 0 4 0 0 0 1 0 0 0 0
653.319 1 2 1 1 0 0 0 0 0 0 3 0 0 0 0 0 0 0 0
711.766 1 2 0 0 0 1 0 0 0 0 4 0 0 0 0 0 0 0 0
754.96 0 1 0 0 1 1 0 0 0 0 5 0 0 0 0 0 0 0 0
763.271 0 1 0 0 0 0 1 0 0 0 6 0 0 0 0 0 0 0 0
771.619 0 0 0 0 0 0 0 0 1 0 7 0 0 0 0 0 0 0 0
804.215 0 0 0 0 0 0 1 0 0 0 7 0 1 0 0 0 0 0 0
809.048 0 1 0 0 0 0 1 0 0 0 6 0 0 0 0 0 0 0 0
876.089 0 1 0 0 0 1 0 0 0 0 6 0 0 0 0 1 0 0 0
877.599 0 1 0 0 1 1 0 0 0 0 5 0 0 0 0 0 0 0 0
887.557 1 1 0 0 0 1 0 0 0 0 5 0 1 0 0 0 0 0 0
933.219 0 0 0 0 1 1 0 0 0 0 6 0 1 0 0 0 0 0 0
935.39 1 0 0 0 0 1 0 0 0 0 6 0 2 0 0 0 0 0 0
941.227 1 1 0 0 0 1 0 0 0 0 5 0 1 0 0 0 0 0 0
957.835 1 2 0 0 0 1 0 0 0 0 4 0 0 0 0 0 0 0 0
959.241 0 1 0 0 1 1 0 0 0 0 5 0 0 0 0 0 0 0 0
962.289 0 1 0 0 0 0 1 0 0 0 6 0 0 0 0 0 0 0 0
1022.21 0 1 0 0 0 1 0 0 0 0 6 0 0 0 0 1 0 0 0
1023.32 0 1 0 0 1 1 0 0 0 0 5 0 0 0 0 0 0 0 0
1074.5 1 1 0 0 0 1 0 0 0 0 5 0 1 0 0 0 0 0 0
1079.49 1 2 0 0 0 1 0 0 0 0 4 0 0 0 0 0 0 0 0
1087.54 0 1 0 0 1 1 0 0 0 0 5 0 0 0 0 0 0 0 0
1111.01 0 0 0 0 0 1 0 1 0 0 6 0 0 0 0 0 0 0 0
1112.6 0 0 1 0 0 0 0 1 0 0 6 0 0 0 1 0 0 0 0
1128.35 0 0 1 1 0 0 0 1 0 0 5 0 0 0 0 0 0 0 0
1142.77 0 0 1 1 1 0 0 0 0 0 5 0 1 0 0 0 0 0 0
1147.78 0 1 1 1 1 0 0 0 0 0 4 0 0 0 0 0 0 0 0
1195.14 0 0 1 1 0 0 0 1 0 0 5 0 0 0 0 0 0 0 0
1332.15 0 0 0 0 0 1 0 1 0 0 6 0 0 0 0 0 0 0 0
1375.58 0 0 0 0 0 0 0 0 0 1 7 0 0 0 0 0 0 0 0
1375.58 0 0 0 0 0 0 0 0 0 1 7 0 0 0 0 0 0 0 0
