0 0 0 0 0 0 0 0 0 0 0 8 1 2 1 1 0 0 0 0
0.0887556 0 0 1 0 0 0 0 0 0 0 7 1 2 0 1 0 0 0 0
0.904743 0 1 1 0 0 0 0 0 0 0 6 1 1 0 1 0 0 0 0
13.7184 0 2 1 0 0 0 0 0 0 0 5 1 0 0 1 0 0 0 0
17.5795 1 2 1 0 0 0 0 0 0 0 4 0 0 0 1 0 0 0 0
27.2288 0 1 1 0 1 0 0 0 0 0 5 0 0 0 1 0 0 0 0
37.8889 0 1 1 1 1 0 0 0 0 0 4 0 0 0 0 0 0 0 0
82.2941 1 1 1 1 0 0 0 0 0 0 4 0 1 0 0 0 0 0 0
116.123 1 2 1 1 0 0 0 0 0 0 3 0 0 0 0 0 0 0 0
122.187 0 1 1 1 1 0 0 0 0 0 4 0 0 0 0 0 0 0 0
154.182 0 0 1 1 0 0 0 1 0 0 5 0 0 0 0 0 0 0 0
159.273 0 0 0 0 0 1 0 1 0 0 6 0 0 0 0 0 0 0 0
215.87 0 0 0 0 1 1 0 0 0 0 6 0 1 0 0 0 0 0 0
218.813 0 1 0 0 1 1 0 0 0 0 5 0 0 0 0 0 0 0 0
234.838 0 1 0 0 0 0 1 0 0 0 6 0 0 0 0 0 0 0 0
257.878 0 1 0 0 0 1 0 0 0 0 6 0 0 0 0 1 0 0 0
265.749 0 1 0 0 1 1 0 0 0 0 5 0 0 0 0 0 0 0 0
280.98 0 0 0 0 0 1 0 1 0 0 6 0 0 0 0 0 0 0 0
284.499 0 0 1 0 0 0 0 1 0 0 6 0 0 0 1 0 0 0 0
285.303 0 0 1 1 0 0 0 1 0 0 5 0 0 0 0 0 0 0 0
285.936 0 0 0 0 0 1 0 1 0 0 6 0 0 0 0 0 0 0 0
301.053 0 0 0 0 0 0 0 0 0 1 7 0 0 0 0 0 0 0 0
1015.39 0 0 0 0 0 1 0 0 0 0 7 0 0 0 0 0 0 0 1
1028.48 0 0 0 0 0 1 0 1 0 0 6 0 0 0 0 0 0 0 0
1050.67 0 0 0 0 0 0 0 0 0 1 7 0 0 0 0 0 0 0 0
1050.67 0 0 0 0 0 0 0 0 0 1 7 0 0 0 0 0 0 0 0
