0 0 0 0 0 0 0 0 0 0 0 8 1 2 1 1 0 0 0 0
16.933 1 0 0 0 0 0 0 0 0 0 7 0 2 1 1 0 0 0 0
17.3138 1 1 0 0 0 0 0 0 0 0 6 0 1 1 1 0 0 0 0
19.3658 1 1 0 1 0 0 0 0 0 0 5 0 1 1 0 0 0 0 0
21.666 1 1 1 1 0 0 0 0 0 0 4 0 1 0 0 0 0 0 0
59.816 1 2 1 1 0 0 0 0 0 0 3 0 0 0 0 0 0 0 0
137.549 0 1 1 1 1 0 0 0 0 0 4 0 0 0 0 0 0 0 0
145.275 0 0 1 1 0 0 0 1 0 0 5 0 0 0 0 0 0 0 0
150.856 0 0 1 1 1 0 0 0 0 0 5 0 1 0 0 0 0 0 0
169.073 0 1 1 1 1 0 0 0 0 0 4 0 0 0 0 0 0 0 0
179.815 0 0 1 1 0 0 0 1 0 0 5 0 0 0 0 0 0 0 0
215.29 0 0 1 1 1 0 0 0 0 0 5 0 1 0 0 0 0 0 0
216.92 0 1 1 1 1 0 0 0 0 0 4 0 0 0 0 0 0 0 0
217.312 0 1 0 0 1 1 0 0 0 0 5 0 0 0 0 0 0 0 0
227.43 0 0 0 0 0 1 0 1 0 0 6 0 0 0 0 0 0 0 0
247.947 0 0 0 0 1 1 0 0 0 0 6 0 1 0 0 0 0 0 0
252.905 0 1 0 0 1 1 0 0 0 0 5 0 0 0 0 0 0 0 0
324.04 0 0 0 0 0 1 0 1 0 0 6 0 0 0 0 0 0 0 0
329.132 0 0 1 0 0 0 0 1 0 0 6 0 0 0 1 0 0 0 0
350.996 0 0 1 1 0 0 0 1 0 0 5 0 0 0 0 0 0 0 0
398.31 0 0 0 0 0 1 0 1 0 0 6 0 0 0 0 0 0 0 0
443.816 0 0 0 0 0 0 0 0 0 1 7 0 0 0 0 0 0 0 0
2292.86 0 0 0 0 0 1 0 0 0 0 7 0 0 0 0 0 0 0 1
2297.39 0 0 0 0 0 1 0 1 0 0 6 0 0 0 0 0 0 0 0
2310.11 0 0 0 0 1 1 0 0 0 0 6 0 1 0 0 0 0 0 0
2321.95 1 0 0 0 0 1 0 0 0 0 6 0 2 0 0 0 0 0 0
2331.58 1 1 0 0 0 1 0 0 0 0 5 0 1 0 0 0 0 0 0
2351.75 0 0 0 0 1 1 0 0 0 0 6 0 1 0 0 0 0 0 0
2357.61 1 0 0 0 0 1 0 0 0 0 6 0 2 0 0 0 0 0 0
2363.38 1 1 0 0 0 1 0 0 0 0 5 0 1 0 0 0 0 0 0
2370.36 1 2 0 0 0 1 0 0 0 0 4 0 0 0 0 0 0 0 0
2370.75 0 1 0 0 1 1 0 0 0 0 5 0 0 0 0 0 0 0 0
2384.08 0 1 0 0 0 0 1 0 0 0 6 0 0 0 0 0 0 0 0
2403.26 0 0 0 0 0 0 0 0 1 0 7 0 0 0 0 0 0 0 0
2414.35 0 0 0 0 0 0 1 0 0 0 7 0 1 0 0 0 0 0 0
2415.01 0 0 0 0 0 1 0 0 0 0 7 0 1 0 0 1 0 0 0
2426.3 0 1 0 0 0 1 0 0 0 0 6 0 0 0 0 1 0 0 0
2441.33 0 1 0 0 1 1 0 0 0 0 5 0 0 0 0 0 0 0 0
2484.55 0 1 0 0 0 0 1 0 0 0 6 0 0 0 0 0 0 0 0
2510.43 0 0 0 0 0 0 0 0 1 0 7 0 0 0 0 0 0 0 0
2511.92 0 0 0 0 0 0 1 0 0 0 7 0 1 0 0 0 0 0 0
2558.1 0 1 0 0 0 0 1 0 0 0 6 0 0 0 0 0 0 0 0
2582.5 0 0 0 0 0 0 0 0 1 0 7 0 0 0 0 0 0 0 0
2611.51 0 0 0 0 0 0 1 0 0 0 7 0 1 0 0 0 0 0 0
2621.81 0 1 0 0 0 0 1 0 0 0 6 0 0 0 0 0 0 0 0
2682.64 0 0 0 0 0 0 0 0 1 0 7 0 0 0 0 0 0 0 0
2688.23 0 0 0 0 0 0 1 0 0 0 7 0 1 0 0 0 0 0 0
2706.55 0 1 0 0 0 0 1 0 0 0 6 0 0 0 0 0 0 0 0
2768.39 0 1 0 0 0 1 0 0 0 0 6 0 0 0 0 1 0 0 0
2774.17 0 1 1 0 0 0 0 0 0 0 6 0 0 0 1 1 0 0 0
2775.5 0 1 1 0 1 0 0 0 0 0 5 0 0 0 1 0 0 0 0
2829.41 0 0 1 0 0 0 0 1 0 0 6 0 0 0 1 0 0 0 0
2832.58 0 0 1 1 0 0 0 1 0 0 5 0 0 0 0 0 0 0 0
2833.18 0 0 1 1 1 0 0 0 0 0 5 0 1 0 0 0 0 0 0
2843.63 0 1 1 1 1 0 0 0 0 0 4 0 0 0 0 0 0 0 0
2852.42 0 0 1 1 0 0 0 1 0 0 5 0 0 0 0 0 0 0 0
2879.91 0 0 1 1 1 0 0 0 0 0 5 0 1 0 0 0 0 0 0
2886.02 0 0 0 0 1 1 0 0 0 0 6 0 1 0 0 0 0 0 0
2886.59 0 1 0 0 1 1 0 0 0 0 5 0 0 0 0 0 0 0 0
2908.11 0 0 0 0 0 1 0 1 0 0 6 0 0 0 0 0 0 0 0
2913.99 0 0 1 0 0 0 0 1 0 0 6 0 0 0 1 0 0 0 0
2925.17 0 0 1 1 0 0 0 1 0 0 5 0 0 0 0 0 0 0 0
2927.72 0 0 1 1 1 0 0 0 0 0 5 0 1 0 0 0 0 0 0
2927.91 1 0 1 1 0 0 0 0 0 0 5 0 2 0 0 0 0 0 0
2931.69 1 1 1 1 0 0 0 0 0 0 4 0 1 0 0 0 0 0 0
2950.81 1 2 1 1 0 0 0 0 0 0 3 0 0 0 0 0 0 0 0
2979.59 0 1 1 1 1 0 0 0 0 0 4 0 0 0 0 0 0 0 0
2993.87 0 1 0 0 1 1 0 0 0 0 5 0 0 0 0 0 0 0 0
3002.73 0 0 0 0 0 1 0 1 0 0 6 0 0 0 0 0 0 0 0
3003.78 0 0 0 0 0 0 0 0 0 1 7 0 0 0 0 0 0 0 0
3003.78 0 0 0 0 0 0 0 0 0 1 7 0 0 0 0 0 0 0 0
