0 0 0 0 0 0 0 0 0 0 0 8 1 2 1 1 0 0 0 0
0.233336 0 0 1 0 0 0 0 0 0 0 7 1 2 0 1 0 0 0 0
2.44703 0 0 1 1 0 0 0 0 0 0 6 1 2 0 0 0 0 0 0
4.90699 1 0 1 1 0 0 0 0 0 0 5 0 2 0 0 0 0 0 0
12.1429 1 1 1 1 0 0 0 0 0 0 4 0 1 0 0 0 0 0 0
25.1321 1 2 1 1 0 0 0 0 0 0 3 0 0 0 0 0 0 0 0
32.3019 1 2 0 0 0 1 0 0 0 0 4 0 0 0 0 0 0 0 0
54.3844 0 1 0 0 1 1 0 0 0 0 5 0 0 0 0 0 0 0 0
61.7912 1 1 0 0 0 1 0 0 0 0 5 0 1 0 0 0 0 0 0
83.5227 1 1 1 0 0 0 0 0 0 0 5 0 1 0 1 0 0 0 0
85.3948 1 2 1 0 0 0 0 0 0 0 4 0 0 0 1 0 0 0 0
88.7311 0 1 1 0 1 0 0 0 0 0 5 0 0 0 1 0 0 0 0
94.159 1 1 1 0 0 0 0 0 0 0 5 0 1 0 1 0 0 0 0
95.4466 1 2 1 0 0 0 0 0 0 0 4 0 0 0 1 0 0 0 0
107.915 0 1 1 0 1 0 0 0 0 0 5 0 0 0 1 0 0 0 0
109.138 0 1 1 1 1 0 0 0 0 0 4 0 0 0 0 0 0 0 0
128.737 1 1 1 1 0 0 0 0 0 0 4 0 1 0 0 0 0 0 0
137.382 1 2 1 1 0 0 0 0 0 0 3 0 0 0 0 0 0 0 0
148.629 0 1 1 1 1 0 0 0 0 0 4 0 0 0 0 0 0 0 0
192.259 0 1 0 0 1 1 0 0 0 0 5 0 0 0 0 0 0 0 0
201.256 1 1 0 0 0 1 0 0 0 0 5 0 1 0 0 0 0 0 0
203.934 1 2 0 0 0 1 0 0 0 0 4 0 0 0 0 0 0 0 0
241.696 0 1 0 0 1 1 0 0 0 0 5 0 0 0 0 0 0 0 0
252.06 0 1 1 0 1 0 0 0 0 0 5 0 0 0 1 0 0 0 0
348.02 0 1 1 1 1 0 0 0 0 0 4 0 0 0 0 0 0 0 0
384.55 1 1 1 1 0 0 0 0 0 0 4 0 1 0 0 0 0 0 0
410.285 1 2 1 1 0 0 0 0 0 0 3 0 0 0 0 0 0 0 0
412.079 1 2 0 0 0 1 0 0 0 0 4 0 0 0 0 0 0 0 0
452.606 0 1 0 0 1 1 0 0 0 0 5 0 0 0 0 0 0 0 0
478.83 1 1 0 0 0 1 0 0 0 0 5 0 1 0 0 0 0 0 0
480.544 0 0 0 0 1 1 0 0 0 0 6 0 1 0 0 0 0 0 0
487.817 1 0 0 0 0 1 0 0 0 0 6 0 2 0 0 0 0 0 0
488.095 1 0 1 0 0 0 0 0 0 0 6 0 2 0 1 0 0 0 0
496.603 1 1 1 0 0 0 0 0 0 0 5 0 1 0 1 0 0 0 0
511.96 1 2 1 0 0 0 0 0 0 0 4 0 0 0 1 0 0 0 0
519.367 1 2 1 1 0 0 0 0 0 0 3 0 0 0 0 0 0 0 0
522.75 0 1 1 1 1 0 0 0 0 0 4 0 0 0 0 0 0 0 0
566.777 0 1 0 0 1 1 0 0 0 0 5 0 0 0 0 0 0 0 0
574.713 1 1 0 0 0 1 0 0 0 0 5 0 1 0 0 0 0 0 0
635.005 1 2 0 0 0 1 0 0 0 0 4 0 0 0 0 0 0 0 0
654.221 0 1 0 0 1 1 0 0 0 0 5 0 0 0 0 0 0 0 0
668.977 1 1 0 0 0 1 0 0 0 0 5 0 1 0 0 0 0 0 0
693.621 1 2 0 0 0 1 0 0 0 0 4 0 0 0 0 0 0 0 0
715.655 0 1 0 0 1 1 0 0 0 0 5 0 0 0 0 0 0 0 0
750.322 1 1 0 0 0 1 0 0 0 0 5 0 1 0 0 0 0 0 0
750.362 0 0 0 0 1 1 0 0 0 0 6 0 1 0 0 0 0 0 0
752.103 0 1 0 0 1 1 0 0 0 0 5 0 0 0 0 0 0 0 0
773.708 1 1 0 0 0 1 0 0 0 0 5 0 1 0 0 0 0 0 0
783.344 1 2 0 0 0 1 0 0 0 0 4 0 0 0 0 0 0 0 0
809.903 0 1 0 0 1 1 0 0 0 0 5 0 0 0 0 0 0 0 0
812.8 0 1 1 0 1 0 0 0 0 0 5 0 0 0 1 0 0 0 0
822.841 0 1 1 1 1 0 0 0 0 0 4 0 0 0 0 0 0 0 0
844.739 0 0 1 1 0 0 0 1 0 0 5 0 0 0 0 0 0 0 0
853.258 0 0 0 0 0 1 0 1 0 0 6 0 0 0 0 0 0 0 0
894.131 0 0 0 0 1 1 0 0 0 0 6 0 1 0 0 0 0 0 0
897.992 0 1 0 0 1 1 0 0 0 0 5 0 0 0 0 0 0 0 0
977.871 0 1 0 0 0 0 1 0 0 0 6 0 0 0 0 0 0 0 0
1028.03 0 0 0 0 0 0 0 0 1 0 7 0 0 0 0 0 0 0 0
1048.14 0 0 0 0 0 0 1 0 0 0 7 0 1 0 0 0 0 0 0
1056.03 0 1 0 0 0 0 1 0 0 0 6 0 0 0 0 0 0 0 0
1092.19 0 0 0 0 0 0 0 0 1 0 7 0 0 0 0 0 0 0 0
1102.33 0 0 0 0 0 0 1 0 0 0 7 0 1 0 0 0 0 0 0
1154.78 0 0 0 0 0 1 0 0 0 0 7 0 1 0 0 1 0 0 0
1167.51 0 1 0 0 0 1 0 0 0 0 6 0 0 0 0 1 0 0 0
1175.85 0 1 0 0 1 1 0 0 0 0 5 0 0 0 0 0 0 0 0
1211.26 0 0 0 0 0 1 0 1 0 0 6 0 0 0 0 0 0 0 0
1235.11 0 0 1 0 0 0 0 1 0 0 6 0 0 0 1 0 0 0 0
1263.28 0 0 1 1 0 0 0 1 0 0 5 0 0 0 0 0 0 0 0
1342.18 0 0 1 1 1 0 0 0 0 0 5 0 1 0 0 0 0 0 0
1344.28 0 1 1 1 1 0 0 0 0 0 4 0 0 0 0 0 0 0 0
1349.92 0 0 1 1 0 0 0 1 0 0 5 0 0 0 0 0 0 0 0
1425.63 0 0 1 1 1 0 0 0 0 0 5 0 1 0 0 0 0 0 0
1430.77 0 1 1 1 1 0 0 0 0 0 4 0 0 0 0 0 0 0 0
1431.72 0 1 0 0 1 1 0 0 0 0 5 0 0 0 0 0 0 0 0
1450.82 1 1 0 0 0 1 0 0 0 0 5 0 1 0 0 0 0 0 0
1453.29 1 2 0 0 0 1 0 0 0 0 4 0 0 0 0 0 0 0 0
1532.52 0 1 0 0 1 1 0 0 0 0 5 0 0 0 0 0 0 0 0
1561.94 0 1 0 0 0 0 1 0 0 0 6 0 0 0 0 0 0 0 0
1590.6 0 0 0 0 0 0 0 0 1 0 7 0 0 0 0 0 0 0 0
1607.42 0 0 0 0 0 0 1 0 0 0 7 0 1 0 0 0 0 0 0
1609.34 0 1 0 0 0 0 1 0 0 0 6 0 0 0 0 0 0 0 0
1640.22 0 0 0 0 0 0 0 0 1 0 7 0 0 0 0 0 0 0 0
1675.25 0 0 0 0 0 0 1 0 0 0 7 0 1 0 0 0 0 0 0
1700.75 0 1 0 0 0 0 1 0 0 0 6 0 0 0 0 0 0 0 0
1724.72 0 1 0 0 0 1 0 0 0 0 6 0 0 0 0 1 0 0 0
1726.74 0 1 0 0 1 1 0 0 0 0 5 0 0 0 0 0 0 0 0
1740.34 0 1 0 0 0 0 1 0 0 0 6 0 0 0 0 0 0 0 0
1829.34 0 0 0 0 0 0 0 0 1 0 7 0 0 0 0 0 0 0 0
1846.34 0 0 0 0 0 0 1 0 0 0 7 0 1 0 0 0 0 0 0
1862.64 0 1 0 0 0 0 1 0 0 0 6 0 0 0 0 0 0 0 0
1885.68 0 0 0 0 0 0 0 0 1 0 7 0 0 0 0 0 0 0 0
1892.25 0 0 0 0 0 0 1 0 0 0 7 0 1 0 0 0 0 0 0
1897.56 0 0 0 0 0 1 0 0 0 0 7 0 1 0 0 1 0 0 0
1899.33 0 1 0 0 0 1 0 0 0 0 6 0 0 0 0 1 0 0 0
1913.54 0 1 0 0 1 1 0 0 0 0 5 0 0 0 0 0 0 0 0
1931.43 0 1 0 0 0 0 1 0 0 0 6 0 0 0 0 0 0 0 0
2075.86 0 1 0 0 0 1 0 0 0 0 6 0 0 0 0 1 0 0 0
2084.21 0 1 0 0 1 1 0 0 0 0 5 0 0 0 0 0 0 0 0
2092.75 1 1 0 0 0 1 0 0 0 0 5 0 1 0 0 0 0 0 0
2095.12 1 1 1 0 0 0 0 0 0 0 5 0 1 0 1 0 0 0 0
2098.37 1 1 1 1 0 0 0 0 0 0 4 0 1 0 0 0 0 0 0
2103.83 0 0 1 1 1 0 0 0 0 0 5 0 1 0 0 0 0 0 0
2107.46 0 1 1 1 1 0 0 0 0 0 4 0 0 0 0 0 0 0 0
2133.29 0 1 0 0 1 1 0 0 0 0 5 0 0 0 0 0 0 0 0
2236.76 1 1 0 0 0 1 0 0 0 0 5 0 1 0 0 0 0 0 0
2256.05 1 2 0 0 0 1 0 0 0 0 4 0 0 0 0 0 0 0 0
2265.21 0 1 0 0 1 1 0 0 0 0 5 0 0 0 0 0 0 0 0
2285.25 0 0 0 0 0 1 0 1 0 0 6 0 0 0 0 0 0 0 0
2372.76 0 0 0 0 0 0 0 0 0 1 7 0 0 0 0 0 0 0 0
2372.76 0 0 0 0 0 0 0 0 0 1 7 0 0 0 0 0 0 0 0
