0 3 6 3 3 0 0 0 0 0 0
1.19126 2 5 3 3 1 0 0 0 0 0
4.59768 1 4 3 3 2 0 0 0 0 0
12.9917 1 3 3 3 1 0 0 1 0 0
21.9999 1 4 3 3 2 0 0 0 0 0
22.458 1 3 3 3 1 0 0 1 0 0
26.8184 0 2 3 3 2 0 0 1 0 0
40.5657 1 3 3 3 1 0 0 1 0 0
50.8395 0 2 3 3 2 0 0 1 0 0
61.1924 1 3 3 3 1 0 0 1 0 0
61.2036 1 3 2 2 1 1 0 1 0 0
61.5953 1 3 2 2 0 0 1 1 0 0
62.3627 1 3 1 1 0 1 1 1 0 0
62.6936 0 2 1 1 1 1 1 1 0 0
79.9347 0 2 1 1 2 2 0 1 0 0
85.3982 1 3 1 1 1 2 0 1 0 0
93.8229 1 3 1 1 0 1 1 1 0 0
95.2634 1 4 1 1 1 1 1 0 0 0
98.5751 0 3 1 1 2 1 1 0 0 0
101.695 0 3 2 2 2 0 1 0 0 0
120.505 0 2 2 2 1 0 1 1 0 0
128.625 1 3 2 2 0 0 1 1 0 0
133.651 1 2 2 2 0 0 0 1 1 0
140.359 1 3 2 2 1 0 0 0 1 0
142.792 1 4 2 2 1 0 1 0 0 0
144.324 1 3 2 2 0 0 1 1 0 0
158.151 1 2 2 2 0 0 0 1 1 0
177.762 1 2 1 1 0 1 0 1 1 0
215.766 0 1 1 1 1 1 0 1 1 0
229.134 0 1 1 1 1 0 0 0 1 1
283.053 0 2 1 1 1 0 1 0 0 1
286.486 0 1 1 1 0 0 1 1 0 1
431.734 0 2 1 1 1 0 1 0 0 1
453.792 1 3 1 1 0 0 1 0 0 1
457.39 1 3 1 1 1 1 0 0 0 1
463.211 2 4 1 1 0 1 0 0 0 1
471.566 1 3 1 1 1 1 0 0 0 1
478.989 0 2 1 1 2 1 0 0 0 1
482.184 0 2 1 1 1 0 1 0 0 1
525.433 0 1 1 1 0 0 1 1 0 1
528.934 0 2 1 1 1 0 1 0 0 1
554.382 0 1 1 1 1 0 0 0 1 1
560.661 1 2 1 1 0 0 0 0 1 1
575.23 1 3 1 1 0 0 1 0 0 1
585.265 1 2 1 1 0 0 0 0 1 1
585.671 1 3 1 1 0 0 1 0 0 1
599.17 1 2 1 1 0 0 0 0 1 1
599.232 1 3 1 1 0 0 1 0 0 1
611.32 0 2 1 1 1 0 1 0 0 1
643.01 0 1 1 1 1 0 0 0 1 1
665.393 0 2 1 1 1 0 1 0 0 1
690.504 1 3 1 1 0 0 1 0 0 1
692.487 1 2 1 1 0 0 0 0 1 1
693.309 1 3 1 1 0 0 1 0 0 1
695.395 0 2 1 1 1 0 1 0 0 1
730.302 1 3 1 1 0 0 1 0 0 1
731.506 0 2 1 1 1 0 1 0 0 1
818.737 0 1 1 1 0 0 1 1 0 1
827.43 0 0 1 1 0 0 0 1 1 1
850.986 0 1 1 1 0 0 1 1 0 1
913.075 0 0 1 1 0 0 0 1 1 1
913.875 0 1 1 1 0 0 1 1 0 1
1001.76 0 2 1 1 1 0 1 0 0 1
1035.98 0 1 1 1 0 0 1 1 0 1
1087.52 0 0 1 1 0 0 0 1 1 1
1088.99 0 1 1 1 0 0 1 1 0 1
1175.46 0 1 0 0 0 1 1 1 0 1
1215.87 0 2 0 0 1 1 1 0 0 1
1216.66 0 1 0 0 1 1 0 0 1 1
1223.05 0 2 0 0 1 1 1 0 0 1
1245.94 1 3 0 0 0 1 1 0 0 1
1253.98 0 2 0 0 1 1 1 0 0 1
1285.53 1 3 0 0 0 1 1 0 0 1
1290.37 1 3 1 1 0 0 1 0 0 1
1331.97 0 2 1 1 1 0 1 0 0 1
1354.52 0 1 1 1 1 0 0 0 1 1
1370.13 1 2 1 1 0 0 0 0 1 1
1371.52 1 3 1 1 0 0 1 0 0 1
1401.25 0 2 1 1 1 0 1 0 0 1
1456.44 0 1 1 1 0 0 1 1 0 1
1491.97 0 2 1 1 1 0 1 0 0 1
1493.89 0 1 1 1 0 0 1 1 0 1
1564.58 0 1 0 0 0 1 1 1 0 1
1587.27 0 0 0 0 0 1 0 1 1 1
1606.83 0 0 0 0 0 0 0 0 1 2
1608.98 0 1 0 0 0 0 1 0 0 2
1624.48 0 0 0 0 0 0 0 0 1 2
1634.31 0 1 0 0 0 0 1 0 0 2
1768.8 0 0 0 0 0 0 0 0 1 2
1772.38 0 1 0 0 0 0 1 0 0 2
1823.78 0 0 0 0 0 0 0 0 1 2
1839.47 0 1 0 0 0 0 1 0 0 2
1920.47 0 0 0 0 0 0 0 0 1 2
1951.07 0 1 0 0 0 0 1 0 0 2
1998.14 0 0 0 0 0 0 0 0 1 2
2114.98 0 1 0 0 0 0 1 0 0 2
2201.27 0 1 0 0 1 1 0 0 0 2
2223.58 1 2 0 0 0 1 0 0 0 2
2357.76 1 2 1 1 0 0 0 0 0 2
2380.49 0 1 1 1 1 0 0 0 0 2
2382.62 1 2 1 1 0 0 0 0 0 2
2386.06 1 2 0 0 0 1 0 0 0 2
2486.68 0 1 0 0 1 1 0 0 0 2
2494.25 0 0 0 0 0 1 0 1 0 2
2576.23 0 1 0 0 1 1 0 0 0 2
2587.69 1 2 0 0 0 1 0 0 0 2
2598.05 0 1 0 0 1 1 0 0 0 2
2610.81 0 0 0 0 0 1 0 1 0 2
2622.57 0 1 0 0 1 1 0 0 0 2
2628.86 1 2 0 0 0 1 0 0 0 2
2673.22 1 2 1 1 0 0 0 0 0 2
2729.01 1 2 0 0 0 1 0 0 0 2
2743.76 1 2 1 1 0 0 0 0 0 2
2804.96 1 2 0 0 0 1 0 0 0 2
2830.53 1 2 1 1 0 0 0 0 0 2
2919.5 0 1 1 1 1 0 0 0 0 2
2948.25 0 1 0 0 1 1 0 0 0 2
2981.86 1 2 0 0 0 1 0 0 0 2
2997.04 0 1 0 0 1 1 0 0 0 2
2997.04 0 1 0 0 1 1 0 0 0 2
