0 3 6 3 3 0 0 0 0 0 0
6.23542 2 5 3 3 1 0 0 0 0 0
24.5504 1 4 3 3 2 0 0 0 0 0
31.1588 1 3 3 3 1 0 0 1 0 0
34.105 1 4 3 3 2 0 0 0 0 0
37.0287 2 5 3 3 1 0 0 0 0 0
39.1006 2 4 3 3 0 0 0 1 0 0
43.909 2 5 3 3 1 0 0 0 0 0
58.5743 1 4 3 3 2 0 0 0 0 0
67.6361 0 3 3 3 3 0 0 0 0 0
67.8025 0 2 3 3 2 0 0 1 0 0
70.8615 0 1 3 3 1 0 0 2 0 0
83.5607 0 1 2 2 1 1 0 2 0 0
86.2717 0 2 2 2 2 1 0 1 0 0
89.4575 1 3 2 2 1 1 0 1 0 0
92.3329 1 3 1 1 1 2 0 1 0 0
95.1226 1 4 1 1 2 2 0 0 0 0
99.9374 2 5 1 1 1 2 0 0 0 0
112.57 2 4 1 1 0 2 0 1 0 0
118.668 2 4 2 2 0 1 0 1 0 0
121.558 1 3 2 2 1 1 0 1 0 0
123.92 1 3 1 1 1 2 0 1 0 0
123.997 1 3 1 1 0 1 1 1 0 0
137.816 0 2 1 1 1 1 1 1 0 0
143.418 0 2 1 1 1 0 1 0 0 1
186.933 0 1 1 1 0 0 1 1 0 1
189.141 0 2 1 1 1 0 1 0 0 1
219.776 0 1 1 1 1 0 0 0 1 1
220.47 0 2 1 1 1 0 1 0 0 1
268.923 1 3 1 1 0 0 1 0 0 1
277.092 1 2 1 1 0 0 0 0 1 1
278.612 1 2 0 0 0 1 0 0 1 1
283.35 1 2 1 1 0 0 0 0 1 1
325.14 1 3 1 1 0 0 1 0 0 1
363.847 1 2 1 1 0 0 0 0 1 1
370.102 1 3 1 1 0 0 1 0 0 1
375.702 1 3 0 0 0 1 1 0 0 1
401.635 1 2 0 0 0 1 0 0 1 1
407.087 1 3 0 0 0 1 1 0 0 1
411.624 0 2 0 0 1 1 1 0 0 1
448.966 0 2 1 1 1 0 1 0 0 1
450.234 0 2 0 0 1 1 1 0 0 1
458.258 0 1 0 0 1 1 0 0 1 1
479.162 0 2 0 0 1 1 1 0 0 1
532.251 0 1 0 0 1 1 0 0 1 1
556.662 0 2 0 0 1 1 1 0 0 1
602.575 0 2 0 0 0 0 2 0 0 1
705.684 0 2 0 0 1 1 1 0 0 1
717.819 0 1 0 0 1 1 0 0 1 1
722.282 0 2 0 0 1 1 1 0 0 1
726.877 0 1 0 0 0 1 1 1 0 1
751.379 0 1 1 1 0 0 1 1 0 1
755.441 0 1 1 1 1 1 0 1 0 1
780.534 1 2 1 1 0 1 0 1 0 1
812.794 1 3 1 1 1 1 0 0 0 1
813.035 1 3 0 0 1 2 0 0 0 1
815.02 1 3 1 1 1 1 0 0 0 1
828.117 1 3 1 1 0 0 1 0 0 1
906.284 1 2 1 1 0 0 0 0 1 1
906.443 0 1 1 1 1 0 0 0 1 1
908.967 0 0 1 1 0 0 0 1 1 1
915.653 0 1 1 1 1 0 0 0 1 1
936.635 0 2 1 1 1 0 1 0 0 1
942.327 1 3 1 1 0 0 1 0 0 1
945.064 1 3 0 0 0 1 1 0 0 1
967.4 1 2 0 0 0 1 0 0 1 1
969.76 1 3 0 0 0 1 1 0 0 1
1014.55 1 2 0 0 0 1 0 0 1 1
1033.04 1 2 1 1 0 0 0 0 1 1
1049.57 1 3 1 1 0 0 1 0 0 1
1073.52 0 2 1 1 1 0 1 0 0 1
1075.49 0 2 0 0 1 1 1 0 0 1
1094.68 0 1 0 0 1 1 0 0 1 1
1103.12 1 2 0 0 0 1 0 0 1 1
1107.07 1 3 0 0 0 1 1 0 0 1
1125.84 1 2 0 0 0 1 0 0 1 1
1132.37 0 1 0 0 1 1 0 0 1 1
1140.62 0 2 0 0 1 1 1 0 0 1
1143.97 0 1 0 0 1 1 0 0 1 1
1149.71 0 2 0 0 1 1 1 0 0 1
1154.89 0 2 0 0 2 2 0 0 0 1
1167.45 1 3 0 0 1 2 0 0 0 1
1172.26 1 3 0 0 0 1 1 0 0 1
1190.4 0 2 0 0 1 1 1 0 0 1
1197.39 1 3 0 0 0 1 1 0 0 1
1206.8 1 3 1 1 0 0 1 0 0 1
1241.3 1 3 0 0 0 1 1 0 0 1
1324.51 1 2 0 0 0 1 0 0 1 1
1330.33 1 3 0 0 0 1 1 0 0 1
1335.59 1 2 0 0 0 1 0 0 1 1
1379.64 0 1 0 0 1 1 0 0 1 1
1403.53 0 2 0 0 1 1 1 0 0 1
1431.48 1 3 0 0 0 1 1 0 0 1
1437.11 1 3 0 0 1 2 0 0 0 1
1437.11 1 3 0 0 0 1 1 0 0 1
1445.16 1 2 0 0 0 1 0 0 1 1
1464.57 1 3 0 0 0 1 1 0 0 1
1485.48 1 3 0 0 1 2 0 0 0 1
1500.65 2 4 0 0 0 2 0 0 0 1
1565.92 2 4 1 1 0 1 0 0 0 1
1576.91 1 3 1 1 1 1 0 0 0 1
1579.55 1 2 1 1 0 1 0 1 0 1
1631.94 1 3 1 1 1 1 0 0 0 1
1674.14 2 4 1 1 0 1 0 0 0 1
1687.62 1 3 1 1 1 1 0 0 0 1
1700.97 1 2 1 1 0 1 0 1 0 1
1703.78 1 2 1 1 0 0 0 0 0 2
1768.02 0 1 1 1 1 0 0 0 0 2
1811.29 1 2 1 1 0 0 0 0 0 2
1993.36 0 1 1 1 1 0 0 0 0 2
2024.49 1 2 1 1 0 0 0 0 0 2
2026.29 1 2 0 0 0 1 0 0 0 2
2051.52 0 1 0 0 1 1 0 0 0 2
2060.66 0 1 1 1 1 0 0 0 0 2
2062.2 1 2 1 1 0 0 0 0 0 2
2076.26 0 1 1 1 1 0 0 0 0 2
2112.5 1 2 1 1 0 0 0 0 0 2
2113.12 0 1 1 1 1 0 0 0 0 2
2144.93 0 1 0 0 1 1 0 0 0 2
2185.31 1 2 0 0 0 1 0 0 0 2
2195.37 0 1 0 0 1 1 0 0 0 2
2239.1 1 2 0 0 0 1 0 0 0 2
2366.71 0 1 0 0 1 1 0 0 0 2
2375.11 0 0 0 0 0 1 0 1 0 2
2413.48 0 1 0 0 1 1 0 0 0 2
2429 1 2 0 0 0 1 0 0 0 2
2470.55 0 1 0 0 1 1 0 0 0 2
2490.79 0 1 1 1 1 0 0 0 0 2
2498.55 0 1 0 0 1 1 0 0 0 2
2504.63 1 2 0 0 0 1 0 0 0 2
2511.71 0 1 0 0 1 1 0 0 0 2
2565.2 0 1 0 0 0 0 1 0 0 2
2820.71 0 0 0 0 0 0 0 0 1 2
2838.61 0 1 0 0 0 0 1 0 0 2
2838.61 0 1 0 0 0 0 1 0 0 2
