0 3 6 3 3 0 0 0 0 0 0
5.14611 2 5 3 3 1 0 0 0 0 0
12.598 1 4 3 3 2 0 0 0 0 0
12.8136 0 3 3 3 3 0 0 0 0 0
33.9667 0 3 2 2 3 1 0 0 0 0
48.6407 0 2 2 2 2 1 0 1 0 0
65.5288 0 2 2 2 1 0 1 1 0 0
89.9997 1 3 2 2 0 0 1 1 0 0
92.0166 0 2 2 2 1 0 1 1 0 0
92.9416 1 3 2 2 0 0 1 1 0 0
102.479 1 3 1 1 0 1 1 1 0 0
116.098 1 3 0 0 0 2 1 1 0 0
130.972 1 2 0 0 0 2 0 1 1 0
133.316 1 3 0 0 0 2 1 1 0 0
134.94 0 2 0 0 1 2 1 1 0 0
136.49 0 1 0 0 0 2 1 2 0 0
149.34 0 1 0 0 0 1 1 1 0 1
152.526 0 1 1 1 0 0 1 1 0 1
202.226 0 2 1 1 1 0 1 0 0 1
208.14 0 1 1 1 1 0 0 0 1 1
251.564 0 2 1 1 1 0 1 0 0 1
258.102 0 1 1 1 1 0 0 0 1 1
305.242 0 2 1 1 1 0 1 0 0 1
307.916 1 3 1 1 0 0 1 0 0 1
364.184 1 2 1 1 0 0 0 0 1 1
374.989 1 3 1 1 0 0 1 0 0 1
421.319 1 2 1 1 0 0 0 0 1 1
424.746 1 2 0 0 0 1 0 0 1 1
442.423 1 3 0 0 0 1 1 0 0 1
479.733 0 2 0 0 1 1 1 0 0 1
483.711 0 2 0 0 2 2 0 0 0 1
489.261 0 2 0 0 1 1 1 0 0 1
515.013 0 1 0 0 0 1 1 1 0 1
521.989 0 1 1 1 0 0 1 1 0 1
564.203 0 0 1 1 0 0 0 1 1 1
570.977 0 1 1 1 0 0 1 1 0 1
615.536 0 0 1 1 0 0 0 1 1 1
628.067 0 1 1 1 0 0 1 1 0 1
685.119 0 0 1 1 0 0 0 1 1 1
715.619 0 1 1 1 0 0 1 1 0 1
778.527 0 2 1 1 1 0 1 0 0 1
784.025 0 1 1 1 1 0 0 0 1 1
790.432 0 2 1 1 1 0 1 0 0 1
799.399 0 2 0 0 1 1 1 0 0 1
824.563 1 3 0 0 0 1 1 0 0 1
847.84 1 3 0 0 1 2 0 0 0 1
851.848 1 3 1 1 1 1 0 0 0 1
876.94 2 4 1 1 0 1 0 0 0 1
893.736 2 4 2 2 0 0 0 0 0 1
906.091 1 3 2 2 1 0 0 0 0 1
916.343 0 2 2 2 2 0 0 0 0 1
916.777 1 3 2 2 1 0 0 0 0 1
925.748 1 3 1 1 1 1 0 0 0 1
972.968 1 2 1 1 0 1 0 1 0 1
975.501 0 1 1 1 1 1 0 1 0 1
977.167 0 1 0 0 1 2 0 1 0 1
1038.91 1 2 0 0 0 2 0 1 0 1
1060.43 1 2 1 1 0 1 0 1 0 1
1096.41 1 3 1 1 1 1 0 0 0 1
1100.85 1 3 1 1 0 0 1 0 0 1
1109.15 1 3 1 1 1 1 0 0 0 1
1121.7 1 3 0 0 1 2 0 0 0 1
1124.15 1 2 0 0 0 2 0 1 0 1
1151.21 0 1 0 0 1 2 0 1 0 1
1162.98 1 2 0 0 0 2 0 1 0 1
1169.78 1 2 1 1 0 1 0 1 0 1
1180.23 1 2 2 2 0 0 0 1 0 1
1193.59 0 1 2 2 1 0 0 1 0 1
1223.63 0 0 2 2 0 0 0 2 0 1
1230.57 0 0 1 1 0 1 0 2 0 1
1236.44 0 1 1 1 1 1 0 1 0 1
1273.32 0 1 2 2 1 0 0 1 0 1
1295.37 0 1 1 1 1 1 0 1 0 1
1308.88 0 1 1 1 1 0 0 0 0 2
1344.36 0 1 0 0 1 1 0 0 0 2
1349.48 0 1 1 1 1 0 0 0 0 2
1422.91 0 1 0 0 1 1 0 0 0 2
1455.21 0 1 1 1 1 0 0 0 0 2
1467.55 1 2 1 1 0 0 0 0 0 2
1467.95 0 1 1 1 1 0 0 0 0 2
1547.74 1 2 1 1 0 0 0 0 0 2
1554.06 1 2 0 0 0 1 0 0 0 2
1602.83 0 1 0 0 1 1 0 0 0 2
1610.09 1 2 0 0 0 1 0 0 0 2
1616.32 0 1 0 0 1 1 0 0 0 2
1633.14 1 2 0 0 0 1 0 0 0 2
1744.12 0 1 0 0 1 1 0 0 0 2
1768.78 1 2 0 0 0 1 0 0 0 2
1951.06 1 2 1 1 0 0 0 0 0 2
1963.52 0 1 1 1 1 0 0 0 0 2
1966.02 1 2 1 1 0 0 0 0 0 2
2023.87 0 1 1 1 1 0 0 0 0 2
2032.6 1 2 1 1 0 0 0 0 0 2
2036.9 0 1 1 1 1 0 0 0 0 2
2121.25 1 2 1 1 0 0 0 0 0 2
2153.48 0 1 1 1 1 0 0 0 0 2
2170.07 0 0 1 1 0 0 0 1 0 2
2181.42 0 1 1 1 1 0 0 0 0 2
2191.74 1 2 1 1 0 0 0 0 0 2
2233.49 0 1 1 1 1 0 0 0 0 2
2330.37 1 2 1 1 0 0 0 0 0 2
2402.13 0 1 1 1 1 0 0 0 0 2
2422.15 1 2 1 1 0 0 0 0 0 2
2457.92 0 1 1 1 1 0 0 0 0 2
2487.43 0 1 0 0 1 1 0 0 0 2
2491.07 0 0 0 0 0 1 0 1 0 2
2501.02 0 0 0 0 0 0 0 0 0 3
2501.02 0 0 0 0 0 0 0 0 0 3
