0 3 6 3 3 0 0 0 0 0 0
14.7312 2 5 3 3 1 0 0 0 0 0
15.59 1 4 3 3 2 0 0 0 0 0
16.4474 0 3 3 3 3 0 0 0 0 0
18.0296 0 3 2 2 3 1 0 0 0 0
18.5544 0 2 2 2 2 1 0 1 0 0
19.6507 0 3 2 2 3 1 0 0 0 0
24.4787 0 2 2 2 2 1 0 1 0 0
26.6337 1 3 2 2 1 1 0 1 0 0
35.4066 1 3 3 3 1 0 0 1 0 0
36.2152 2 4 3 3 0 0 0 1 0 0
40.7323 1 3 3 3 1 0 0 1 0 0
46.6183 0 2 3 3 2 0 0 1 0 0
55.4736 1 3 3 3 1 0 0 1 0 0
65.3709 1 3 2 2 1 1 0 1 0 0
67.0207 1 3 1 1 1 2 0 1 0 0
80.083 1 3 2 2 1 1 0 1 0 0
83.2107 0 2 2 2 2 1 0 1 0 0
107.148 0 2 2 2 2 0 0 0 0 1
127.649 1 3 2 2 1 0 0 0 0 1
129.893 0 2 2 2 2 0 0 0 0 1
144.379 1 3 2 2 1 0 0 0 0 1
175.847 1 2 2 2 0 0 0 1 0 1
199.33 1 2 1 1 0 1 0 1 0 1
211.332 1 2 1 1 0 0 0 0 0 2
228.612 0 1 1 1 1 0 0 0 0 2
247.608 0 0 1 1 0 0 0 1 0 2
254.601 0 0 1 1 0 1 0 2 0 1
275.806 0 0 1 1 0 0 0 1 0 2
289.413 0 1 1 1 1 0 0 0 0 2
299.736 1 2 1 1 0 0 0 0 0 2
305.169 1 2 0 0 0 1 0 0 0 2
336.967 0 1 0 0 1 1 0 0 0 2
337.432 1 2 0 0 0 1 0 0 0 2
433.499 0 1 0 0 1 1 0 0 0 2
461.464 0 1 1 1 1 0 0 0 0 2
510.81 1 2 1 1 0 0 0 0 0 2
532.271 0 1 1 1 1 0 0 0 0 2
569.138 1 2 1 1 0 0 0 0 0 2
684.3 1 2 0 0 0 1 0 0 0 2
711.783 1 2 1 1 0 0 0 0 0 2
760.372 0 1 1 1 1 0 0 0 0 2
760.91 0 0 1 1 0 0 0 1 0 2
922.085 0 0 0 0 0 1 0 1 0 2
958.167 0 1 0 0 1 1 0 0 0 2
959.342 0 1 0 0 0 0 1 0 0 2
1025.27 0 1 0 0 1 1 0 0 0 2
1103.62 0 1 1 1 1 0 0 0 0 2
1130.64 0 1 0 0 1 1 0 0 0 2
1148.54 1 2 0 0 0 1 0 0 0 2
1229.71 1 2 1 1 0 0 0 0 0 2
1264.4 0 1 1 1 1 0 0 0 0 2
1290.92 0 1 0 0 1 1 0 0 0 2
1303.07 1 2 0 0 0 1 0 0 0 2
1303.74 1 2 1 1 0 0 0 0 0 2
1327.37 0 1 1 1 1 0 0 0 0 2
1351.62 1 2 1 1 0 0 0 0 0 2
1374.64 0 1 1 1 1 0 0 0 0 2
1431.71 1 2 1 1 0 0 0 0 0 2
1443.31 0 1 1 1 1 0 0 0 0 2
1463.22 1 2 1 1 0 0 0 0 0 2
1480.09 1 2 1 1 0 1 0 1 0 1
1492.24 1 2 2 2 0 0 0 1 0 1
1493.12 1 3 2 2 1 0 0 0 0 1
1496.21 1 3 1 1 1 1 0 0 0 1
1504.52 1 3 2 2 1 0 0 0 0 1
1519.1 2 4 2 2 0 0 0 0 0 1
1533.56 2 4 1 1 0 1 0 0 0 1
1573.94 2 4 2 2 0 0 0 0 0 1
1583.97 1 3 2 2 1 0 0 0 0 1
1589.82 0 2 2 2 2 0 0 0 0 1
1596.14 0 2 1 1 2 1 0 0 0 1
1596.92 0 2 1 1 1 0 1 0 0 1
1609.68 0 2 0 0 1 1 1 0 0 1
1612.78 0 1 0 0 1 1 0 0 1 1
1618.73 1 2 0 0 0 1 0 0 1 1
1619.1 1 2 1 1 0 0 0 0 1 1
1638.88 1 3 1 1 0 0 1 0 0 1
1687.46 0 2 1 1 1 0 1 0 0 1
1698.6 1 3 1 1 0 0 1 0 0 1
1704.12 0 2 1 1 1 0 1 0 0 1
1709.23 0 2 0 0 1 1 1 0 0 1
1788 0 2 0 0 0 0 2 0 0 1
1797.54 0 1 0 0 0 0 1 0 1 1
1799.34 0 0 0 0 0 0 0 0 2 1
1835.27 0 1 0 0 0 0 1 0 1 1
1883.55 0 2 0 0 0 0 2 0 0 1
1899.05 0 1 0 0 0 0 1 0 1 1
1903.86 0 0 0 0 0 0 0 0 2 1
1934.07 0 1 0 0 0 0 1 0 1 1
1961.41 0 2 0 0 0 0 2 0 0 1
1962.25 0 1 0 0 0 0 1 0 1 1
2009.88 0 2 0 0 0 0 2 0 0 1
2015.07 0 1 0 0 0 0 1 0 1 1
2026.83 0 2 0 0 0 0 2 0 0 1
2138.22 0 1 0 0 0 0 1 0 1 1
2159.47 0 2 0 0 0 0 2 0 0 1
2188.62 0 1 0 0 0 0 1 0 1 1
2194.01 0 0 0 0 0 0 0 0 2 1
2205.95 0 1 0 0 0 0 1 0 1 1
2247.75 0 2 0 0 0 0 2 0 0 1
2287.69 0 1 0 0 0 0 1 0 1 1
2324.39 0 2 0 0 0 0 2 0 0 1
2354.85 0 1 0 0 0 0 1 0 1 1
2358.91 0 2 0 0 0 0 2 0 0 1
2371.28 0 1 0 0 0 0 1 0 1 1
2403.15 0 2 0 0 0 0 2 0 0 1
2427.18 0 1 0 0 0 0 1 0 1 1
2429.4 0 1 0 0 1 1 0 0 1 1
2437.56 0 1 1 1 1 0 0 0 1 1
2445.63 0 2 1 1 1 0 1 0 0 1
2448.87 0 2 1 1 2 1 0 0 0 1
2461 0 2 1 1 1 0 1 0 0 1
2478.12 0 2 0 0 1 1 1 0 0 1
2502.32 0 2 1 1 1 0 1 0 0 1
2505.55 0 1 1 1 1 0 0 0 1 1
2520.55 0 1 0 0 1 1 0 0 1 1
2526.63 0 2 0 0 1 1 1 0 0 1
2529.18 0 2 0 0 2 2 0 0 0 1
2534.5 1 3 0 0 1 2 0 0 0 1
2544.2 0 2 0 0 2 2 0 0 0 1
2546.13 1 3 0 0 1 2 0 0 0 1
2548.53 0 2 0 0 2 2 0 0 0 1
2581.06 1 3 0 0 1 2 0 0 0 1
2589.79 1 2 0 0 0 2 0 1 0 1
2617.91 0 1 0 0 1 2 0 1 0 1
2641.64 0 1 0 0 0 1 1 1 0 1
2738.82 0 1 1 1 0 0 1 1 0 1
2793.47 0 0 1 1 0 0 0 1 1 1
2803.37 0 1 1 1 0 0 1 1 0 1
2855.31 0 0 1 1 0 0 0 1 1 1
2859.83 0 1 1 1 0 0 1 1 0 1
2884.63 0 0 1 1 0 0 0 1 1 1
2919.21 0 1 1 1 0 0 1 1 0 1
2951.22 0 2 1 1 1 0 1 0 0 1
2951.22 0 2 1 1 1 0 1 0 0 1
