0 3 6 3 3 0 0 0 0 0 0
0.606207 2 5 3 3 1 0 0 0 0 0
6.49787 2 4 3 3 0 0 0 1 0 0
11.0182 1 3 3 3 1 0 0 1 0 0
26.9329 1 3 2 2 1 1 0 1 0 0
27.1128 1 3 3 3 1 0 0 1 0 0
52.383 0 2 3 3 2 0 0 1 0 0
62.9736 0 1 3 3 1 0 0 2 0 0
76.0177 0 1 2 2 1 1 0 2 0 0
89.8148 1 2 2 2 0 1 0 2 0 0
100.119 1 2 1 1 0 2 0 2 0 0
117.678 1 3 1 1 1 2 0 1 0 0
136.267 1 3 2 2 1 1 0 1 0 0
141.81 1 3 2 2 0 0 1 1 0 0
155.856 1 2 2 2 0 0 0 1 1 0
172.292 1 2 1 1 0 1 0 1 1 0
205.944 0 1 1 1 1 1 0 1 1 0
206.387 1 2 1 1 0 1 0 1 1 0
207.265 1 3 1 1 0 1 1 1 0 0
218.324 0 2 1 1 1 1 1 1 0 0
219.077 0 1 1 1 0 1 1 2 0 0
219.741 0 2 1 1 1 1 1 1 0 0
229.063 0 1 1 1 1 1 0 1 1 0
235.565 0 2 1 1 1 1 1 1 0 0
240.687 0 2 2 2 1 0 1 1 0 0
254.63 0 2 1 1 1 1 1 1 0 0
255.069 0 2 1 1 1 0 1 0 0 1
257.315 0 2 0 0 1 1 1 0 0 1
272.983 0 1 0 0 0 1 1 1 0 1
290.649 0 1 0 0 1 2 0 1 0 1
309.508 0 1 1 1 1 1 0 1 0 1
309.889 0 0 1 1 0 1 0 2 0 1
312.007 0 1 1 1 1 1 0 1 0 1
317.741 0 1 2 2 1 0 0 1 0 1
330.666 0 1 1 1 1 1 0 1 0 1
332.617 0 1 1 1 1 0 0 0 0 2
353.734 1 2 1 1 0 0 0 0 0 2
401.751 1 2 0 0 0 1 0 0 0 2
547.369 1 2 1 1 0 0 0 0 0 2
568.825 1 2 0 0 0 1 0 0 0 2
587.646 1 2 1 1 0 0 0 0 0 2
602.045 0 1 1 1 1 0 0 0 0 2
628.4 1 2 1 1 0 0 0 0 0 2
645.29 1 2 0 0 0 1 0 0 0 2
645.386 0 1 0 0 1 1 0 0 0 2
665.508 0 0 0 0 0 1 0 1 0 2
665.87 0 0 1 1 0 0 0 1 0 2
703.594 0 1 1 1 1 0 0 0 0 2
734.636 0 1 0 0 1 1 0 0 0 2
742.728 1 2 0 0 0 1 0 0 0 2
791.888 0 1 0 0 1 1 0 0 0 2
836.195 0 1 1 1 1 0 0 0 0 2
860.321 1 2 1 1 0 0 0 0 0 2
871.913 0 1 1 1 1 0 0 0 0 2
900.466 0 0 1 1 0 0 0 1 0 2
1006.24 0 0 0 0 0 1 0 1 0 2
1054.5 0 1 0 0 1 1 0 0 0 2
1064.9 1 2 0 0 0 1 0 0 0 2
1096.03 0 1 0 0 1 1 0 0 0 2
1112.9 1 2 0 0 0 1 0 0 0 2
1138.05 1 2 1 1 0 0 0 0 0 2
1152.68 0 1 1 1 1 0 0 0 0 2
1181.16 0 0 1 1 0 0 0 1 0 2
1228.05 0 1 1 1 1 0 0 0 0 2
1251.17 0 1 0 0 1 1 0 0 0 2
1266.01 1 2 0 0 0 1 0 0 0 2
1276.6 1 2 1 1 0 0 0 0 0 2
1297.25 0 1 1 1 1 0 0 0 0 2
1339.94 0 0 1 1 0 0 0 1 0 2
1358.17 0 1 1 1 1 0 0 0 0 2
1365.2 1 2 1 1 0 0 0 0 0 2
1381.97 0 1 1 1 1 0 0 0 0 2
1389.15 0 0 1 1 0 0 0 1 0 2
1400.68 0 0 0 0 0 1 0 1 0 2
1415.04 0 0 1 1 0 0 0 1 0 2
1429.7 0 0 0 0 0 1 0 1 0 2
1478.03 0 0 1 1 0 0 0 1 0 2
1489.29 0 1 1 1 1 0 0 0 0 2
1498.11 0 0 1 1 0 0 0 1 0 2
1544.79 0 0 0 0 0 1 0 1 0 2
1576.64 0 0 0 0 0 0 0 0 0 3
1576.64 0 0 0 0 0 0 0 0 0 3
