0 3 6 3 3 0 0 0 0 0 0
2.53247 2 5 3 3 1 0 0 0 0 0
4.38559 3 6 3 3 0 0 0 0 0 0
6.35515 3 6 2 2 0 1 0 0 0 0
13.0407 2 5 2 2 1 1 0 0 0 0
14.8341 1 4 2 2 2 1 0 0 0 0
17.8453 1 4 1 1 2 2 0 0 0 0
32.1719 2 5 1 1 1 2 0 0 0 0
36.637 2 5 2 2 1 1 0 0 0 0
37.8039 1 4 2 2 2 1 0 0 0 0
41.2078 1 4 2 2 1 0 1 0 0 0
47.78 2 5 2 2 0 0 1 0 0 0
70.1831 1 4 2 2 1 0 1 0 0 0
70.4209 1 3 2 2 0 0 1 1 0 0
81.0795 1 4 2 2 1 0 1 0 0 0
81.8757 2 5 2 2 0 0 1 0 0 0
82.108 1 4 2 2 1 0 1 0 0 0
87.1064 1 3 2 2 0 0 1 1 0 0
95.9088 0 2 2 2 1 0 1 1 0 0
107.485 1 3 2 2 0 0 1 1 0 0
110.313 0 2 2 2 1 0 1 1 0 0
111.7 0 1 2 2 1 0 0 1 1 0
123.052 0 2 2 2 2 0 0 0 1 0
136.329 0 3 2 2 2 0 1 0 0 0
136.707 0 3 1 1 2 1 1 0 0 0
152.35 0 2 1 1 1 1 1 1 0 0
162.439 0 2 1 1 1 0 1 0 0 1
177.766 0 1 1 1 0 0 1 1 0 1
283.656 0 0 1 1 0 0 0 1 1 1
319.884 0 1 1 1 0 0 1 1 0 1
365.742 0 1 0 0 0 1 1 1 0 1
396.443 0 1 0 0 0 0 1 0 0 2
446.774 0 1 0 0 1 1 0 0 0 2
449.013 0 1 0 0 0 0 1 0 0 2
774.293 0 0 0 0 0 0 0 0 1 2
780.25 0 1 0 0 0 0 1 0 0 2
866.575 0 1 0 0 1 1 0 0 0 2
908.002 1 2 0 0 0 1 0 0 0 2
924.988 0 1 0 0 1 1 0 0 0 2
941.005 1 2 0 0 0 1 0 0 0 2
981.884 1 2 1 1 0 0 0 0 0 2
1066.53 1 2 0 0 0 1 0 0 0 2
1136.41 0 1 0 0 1 1 0 0 0 2
1170.6 0 0 0 0 0 1 0 1 0 2
1172.65 0 0 1 1 0 0 0 1 0 2
1192.98 0 0 0 0 0 1 0 1 0 2
1222.22 0 0 0 0 0 0 0 0 0 3
1222.22 0 0 0 0 0 0 0 0 0 3
