0 3 6 3 3 0 0 0 0 0 0
0.122444 3 6 2 2 0 1 0 0 0 0
1.43349 2 5 2 2 1 1 0 0 0 0
2.60407 1 4 2 2 2 1 0 0 0 0
3.19051 0 3 2 2 3 1 0 0 0 0
3.67754 1 4 2 2 2 1 0 0 0 0
6.47429 0 3 2 2 3 1 0 0 0 0
29.0112 1 4 2 2 2 1 0 0 0 0
35.3389 1 3 2 2 1 1 0 1 0 0
40.5908 1 3 1 1 1 2 0 1 0 0
43.0231 1 3 2 2 1 1 0 1 0 0
45.6611 2 4 2 2 0 1 0 1 0 0
57.418 2 4 1 1 0 2 0 1 0 0
61.2336 1 3 1 1 1 2 0 1 0 0
76.6858 1 3 2 2 1 1 0 1 0 0
100.799 2 4 2 2 0 1 0 1 0 0
116.765 1 3 2 2 1 1 0 1 0 0
122.433 1 4 2 2 2 1 0 0 0 0
127.572 1 4 1 1 2 2 0 0 0 0
127.721 1 4 1 1 1 1 1 0 0 0
133.424 2 5 1 1 0 1 1 0 0 0
143.877 1 4 1 1 1 1 1 0 0 0
144.725 1 4 0 0 1 2 1 0 0 0
146.398 1 4 0 0 0 1 2 0 0 0
148.07 1 3 0 0 0 1 1 0 1 0
155.131 1 3 0 0 1 2 0 0 1 0
168.272 1 3 0 0 0 1 1 0 1 0
179.904 1 2 0 0 0 1 0 0 2 0
180.842 0 1 0 0 1 1 0 0 2 0
181.996 0 0 0 0 0 1 0 1 2 0
184.156 0 1 0 0 1 1 0 0 2 0
185.164 0 2 0 0 1 1 1 0 1 0
185.454 1 3 0 0 0 1 1 0 1 0
185.987 1 2 0 0 0 1 0 0 2 0
189.478 1 3 0 0 0 1 1 0 1 0
193.098 0 2 0 0 1 1 1 0 1 0
195.069 0 3 0 0 1 1 2 0 0 0
205.949 1 4 0 0 0 1 2 0 0 0
218.739 0 3 0 0 1 1 2 0 0 0
219.06 0 2 0 0 1 1 1 0 1 0
227.208 1 3 0 0 0 1 1 0 1 0
231.289 1 4 0 0 0 1 2 0 0 0
233.865 0 3 0 0 1 1 2 0 0 0
253.804 1 4 0 0 0 1 2 0 0 0
278.42 0 3 0 0 1 1 2 0 0 0
281.021 0 3 1 1 1 0 2 0 0 0
281.511 0 2 1 1 0 0 2 1 0 0
283.716 0 3 1 1 1 0 2 0 0 0
311.352 1 4 1 1 0 0 2 0 0 0
322.355 1 3 1 1 0 0 1 0 1 0
325.287 0 2 1 1 1 0 1 0 1 0
368.618 0 2 1 1 2 1 0 0 1 0
396.244 0 1 1 1 1 1 0 1 1 0
408.016 1 2 1 1 0 1 0 1 1 0
417.554 1 2 1 1 0 0 0 0 1 1
433.798 1 3 1 1 0 0 1 0 0 1
438.038 0 2 1 1 1 0 1 0 0 1
447.568 0 1 1 1 0 0 1 1 0 1
513.483 0 2 1 1 1 0 1 0 0 1
538.112 0 1 1 1 1 0 0 0 1 1
543.129 0 1 0 0 1 1 0 0 1 1
570.518 0 2 0 0 1 1 1 0 0 1
576.73 0 2 0 0 0 0 2 0 0 1
590.556 0 1 0 0 0 0 1 0 1 1
593.737 0 2 0 0 0 0 2 0 0 1
610.14 0 1 0 0 0 0 1 0 1 1
610.865 0 2 0 0 0 0 2 0 0 1
649.58 0 1 0 0 0 0 1 0 1 1
651.72 0 2 0 0 0 0 2 0 0 1
684.168 0 1 0 0 0 0 1 0 1 1
687.897 0 2 0 0 0 0 2 0 0 1
720.482 0 1 0 0 0 0 1 0 1 1
725.165 0 2 0 0 0 0 2 0 0 1
769.208 0 2 0 0 1 1 1 0 0 1
777.583 0 1 0 0 0 1 1 1 0 1
821.539 0 1 0 0 0 0 1 0 0 2
892.186 0 0 0 0 0 0 0 0 1 2
892.872 0 1 0 0 0 0 1 0 0 2
979.881 0 0 0 0 0 0 0 0 1 2
984.398 0 1 0 0 0 0 1 0 0 2
1045.75 0 0 0 0 0 0 0 0 1 2
1049.57 0 1 0 0 0 0 1 0 0 2
1052.29 0 0 0 0 0 0 0 0 1 2
1075.14 0 1 0 0 0 0 1 0 0 2
1109.28 0 1 0 0 1 1 0 0 0 2
1143.76 1 2 0 0 0 1 0 0 0 2
1176.71 0 1 0 0 1 1 0 0 0 2
1222.5 0 0 0 0 0 1 0 1 0 2
1256.21 0 0 1 1 0 0 0 1 0 2
1335.71 0 0 0 0 0 1 0 1 0 2
1344.75 0 0 1 1 0 0 0 1 0 2
1411.32 0 0 0 0 0 1 0 1 0 2
1419.72 0 0 0 0 0 0 0 0 0 3
1419.72 0 0 0 0 0 0 0 0 0 3
