0 3 6 3 3 0 0 0 0 0 0
3.14368 2 5 3 3 1 0 0 0 0 0
5.41909 1 4 3 3 2 0 0 0 0 0
8.26285 1 4 2 2 2 1 0 0 0 0
19.1964 2 5 2 2 1 1 0 0 0 0
22.346 2 5 1 1 1 2 0 0 0 0
30.7277 1 4 1 1 2 2 0 0 0 0
45.1407 1 4 0 0 2 3 0 0 0 0
60.369 1 4 0 0 1 2 1 0 0 0
103.718 0 3 0 0 2 2 1 0 0 0
104.364 0 3 0 0 1 1 2 0 0 0
107.568 0 2 0 0 0 1 2 1 0 0
110.806 0 3 0 0 1 1 2 0 0 0
113.061 0 3 1 1 1 0 2 0 0 0
114.86 0 2 1 1 1 0 1 0 1 0
115.432 0 3 1 1 1 0 2 0 0 0
124.918 0 2 1 1 1 0 1 0 1 0
127.777 0 2 0 0 1 1 1 0 1 0
132.728 1 3 0 0 0 1 1 0 1 0
148.067 1 4 0 0 0 1 2 0 0 0
169.023 1 3 0 0 0 1 1 0 1 0
181.078 1 2 0 0 0 1 0 0 2 0
181.892 1 3 0 0 0 1 1 0 1 0
188.252 1 4 0 0 0 1 2 0 0 0
190.7 1 3 0 0 0 1 1 0 1 0
235.99 1 4 0 0 0 1 2 0 0 0
240.322 1 3 0 0 0 1 1 0 1 0
252.609 1 2 0 0 0 1 0 0 2 0
258.706 0 1 0 0 1 1 0 0 2 0
268.824 0 2 0 0 1 1 1 0 1 0
275.617 0 1 0 0 0 1 1 1 1 0
302.489 0 2 0 0 1 1 1 0 1 0
305.052 0 3 0 0 1 1 2 0 0 0
305.378 0 2 0 0 1 1 1 0 1 0
317.891 0 1 0 0 0 1 1 1 1 0
343.036 0 2 0 0 0 1 2 1 0 0
385.925 0 2 0 0 0 0 2 0 0 1
392.308 0 1 0 0 0 0 1 0 1 1
393.295 0 2 0 0 0 0 2 0 0 1
393.344 0 1 0 0 0 0 1 0 1 1
394.953 0 0 0 0 0 0 0 0 2 1
407.956 0 1 0 0 0 0 1 0 1 1
414.369 0 2 0 0 0 0 2 0 0 1
509.732 0 1 0 0 0 0 1 0 1 1
512.403 0 2 0 0 0 0 2 0 0 1
519.829 0 1 0 0 0 0 1 0 1 1
528.938 0 2 0 0 0 0 2 0 0 1
559.43 0 1 0 0 0 0 1 0 1 1
563.154 0 2 0 0 0 0 2 0 0 1
567.665 0 1 0 0 0 0 1 0 1 1
582.675 0 0 0 0 0 0 0 0 2 1
591.512 0 1 0 0 0 0 1 0 1 1
605.182 0 2 0 0 0 0 2 0 0 1
619.506 0 1 0 0 0 0 1 0 1 1
627.396 0 2 0 0 0 0 2 0 0 1
666.304 0 1 0 0 0 0 1 0 1 1
677.728 0 2 0 0 0 0 2 0 0 1
720.312 0 1 0 0 0 0 1 0 1 1
739.977 0 1 0 0 1 1 0 0 1 1
745.08 1 2 0 0 0 1 0 0 1 1
754.006 1 3 0 0 0 1 1 0 0 1
760.104 0 2 0 0 1 1 1 0 0 1
775.709 0 2 0 0 0 0 2 0 0 1
784.394 0 1 0 0 0 0 1 0 1 1
809.705 0 2 0 0 0 0 2 0 0 1
837.231 0 2 0 0 1 1 1 0 0 1
845.339 0 2 1 1 1 0 1 0 0 1
860.239 0 1 1 1 1 0 0 0 1 1
880.562 0 1 0 0 1 1 0 0 1 1
886.654 0 2 0 0 1 1 1 0 0 1
894.617 0 2 1 1 1 0 1 0 0 1
903.403 0 1 1 1 1 0 0 0 1 1
912.82 0 2 1 1 1 0 1 0 0 1
922.988 0 2 1 1 2 1 0 0 0 1
956.734 0 1 1 1 1 1 0 1 0 1
977.684 1 2 1 1 0 1 0 1 0 1
985.32 1 3 1 1 1 1 0 0 0 1
986.17 0 2 1 1 2 1 0 0 0 1
1034.85 1 3 1 1 1 1 0 0 0 1
1050.33 1 3 0 0 1 2 0 0 0 1
1067.07 2 4 0 0 0 2 0 0 0 1
1090.36 2 4 1 1 0 1 0 0 0 1
1098.15 1 3 1 1 1 1 0 0 0 1
1098.59 2 4 1 1 0 1 0 0 0 1
1105.12 1 3 1 1 1 1 0 0 0 1
1107.96 0 2 1 1 2 1 0 0 0 1
1115.86 0 1 1 1 1 1 0 1 0 1
1129.47 0 1 0 0 1 2 0 1 0 1
1149.56 0 2 0 0 2 2 0 0 0 1
1149.71 0 1 0 0 1 2 0 1 0 1
1168.65 0 1 0 0 1 1 0 0 0 2
1170.99 0 1 1 1 1 0 0 0 0 2
1216.69 1 2 1 1 0 0 0 0 0 2
1216.82 0 1 1 1 1 0 0 0 0 2
1237.83 0 0 1 1 0 0 0 1 0 2
1270.49 0 1 1 1 1 0 0 0 0 2
1272.86 1 2 1 1 0 0 0 0 0 2
1299.14 0 1 1 1 1 0 0 0 0 2
1330.82 1 2 1 1 0 0 0 0 0 2
1382.86 1 2 0 0 0 1 0 0 0 2
1473.75 0 1 0 0 1 1 0 0 0 2
1515.83 1 2 0 0 0 1 0 0 0 2
1546.1 0 1 0 0 1 1 0 0 0 2
1557.28 1 2 0 0 0 1 0 0 0 2
1580.66 0 1 0 0 1 1 0 0 0 2
1581.43 0 1 1 1 1 0 0 0 0 2
1585.49 1 2 1 1 0 0 0 0 0 2
1598.51 0 1 1 1 1 0 0 0 0 2
1608.26 1 2 1 1 0 0 0 0 0 2
1657.11 0 1 1 1 1 0 0 0 0 2
1768.69 1 2 1 1 0 0 0 0 0 2
1770.4 1 2 0 0 0 1 0 0 0 2
1788.69 0 1 0 0 1 1 0 0 0 2
1809.53 0 1 0 0 0 0 1 0 0 2
2093.37 0 1 0 0 1 1 0 0 0 2
2093.64 0 0 0 0 0 1 0 1 0 2
2099.75 0 0 0 0 0 0 0 0 0 3
2704.03 0 0 0 0 0 1 0 1 0 2
2713.52 0 0 1 1 0 0 0 1 0 2
2863 0 0 0 0 0 1 0 1 0 2
2979.46 0 0 0 0 0 0 0 0 0 3
2979.46 0 0 0 0 0 0 0 0 0 3
