0 3 6 3 3 0 0 0 0 0 0
4.62906 3 6 2 2 0 1 0 0 0 0
9.26154 3 6 1 1 0 2 0 0 0 0
11.1296 3 6 2 2 0 1 0 0 0 0
15.8315 2 5 2 2 1 1 0 0 0 0
30.1021 1 4 2 2 2 1 0 0 0 0
30.2978 0 3 2 2 3 1 0 0 0 0
31.874 1 4 2 2 2 1 0 0 0 0
44.8219 1 3 2 2 1 1 0 1 0 0
51.2788 1 2 2 2 0 1 0 2 0 0
79.7906 0 1 2 2 1 1 0 2 0 0
86.5085 1 2 2 2 0 1 0 2 0 0
101.627 1 3 2 2 1 1 0 1 0 0
108.904 1 3 2 2 0 0 1 1 0 0
114.823 1 2 2 2 0 0 0 1 1 0
116.014 1 3 2 2 0 0 1 1 0 0
117.352 1 3 1 1 0 1 1 1 0 0
130.491 1 3 0 0 0 2 1 1 0 0
154.038 0 2 0 0 1 2 1 1 0 0
166.85 1 3 0 0 0 2 1 1 0 0
183.952 1 2 0 0 0 2 0 1 1 0
184.264 1 2 0 0 0 1 0 0 1 1
201.65 1 3 0 0 0 1 1 0 0 1
271.79 1 2 0 0 0 1 0 0 1 1
287.091 1 3 0 0 0 1 1 0 0 1
399.17 1 2 0 0 0 1 0 0 1 1
407.209 1 3 0 0 0 1 1 0 0 1
454.008 1 3 1 1 0 0 1 0 0 1
473.766 1 3 0 0 0 1 1 0 0 1
491.478 1 3 0 0 1 2 0 0 0 1
509.428 1 3 0 0 0 1 1 0 0 1
518.503 0 2 0 0 1 1 1 0 0 1
527.08 0 2 0 0 2 2 0 0 0 1
534.894 1 3 0 0 1 2 0 0 0 1
568.059 2 4 0 0 0 2 0 0 0 1
585.078 1 3 0 0 1 2 0 0 0 1
614.772 1 3 0 0 0 1 1 0 0 1
628.372 1 2 0 0 0 1 0 0 1 1
628.465 1 3 0 0 0 1 1 0 0 1
629.388 1 2 0 0 0 1 0 0 1 1
629.924 1 3 0 0 0 1 1 0 0 1
631.075 1 2 0 0 0 1 0 0 1 1
645.191 0 1 0 0 1 1 0 0 1 1
654.068 0 2 0 0 1 1 1 0 0 1
664.768 0 2 1 1 1 0 1 0 0 1
670.355 1 3 1 1 0 0 1 0 0 1
701.816 0 2 1 1 1 0 1 0 0 1
705.577 1 3 1 1 0 0 1 0 0 1
728.287 0 2 1 1 1 0 1 0 0 1
741.944 0 1 1 1 1 0 0 0 1 1
742.539 0 2 1 1 1 0 1 0 0 1
750.989 0 2 0 0 1 1 1 0 0 1
751.05 0 2 0 0 0 0 2 0 0 1
770.359 0 2 0 0 1 1 1 0 0 1
778.985 0 1 0 0 0 1 1 1 0 1
803.679 0 1 1 1 0 0 1 1 0 1
837.259 0 0 1 1 0 0 0 1 1 1
874.342 0 1 1 1 1 0 0 0 1 1
889.749 0 2 1 1 1 0 1 0 0 1
897.545 1 3 1 1 0 0 1 0 0 1
907.313 0 2 1 1 1 0 1 0 0 1
916.903 1 3 1 1 0 0 1 0 0 1
923.46 0 2 1 1 1 0 1 0 0 1
935.203 0 2 1 1 2 1 0 0 0 1
940.241 0 2 2 2 2 0 0 0 0 1
952.654 1 3 2 2 1 0 0 0 0 1
956.536 2 4 2 2 0 0 0 0 0 1
961.781 2 4 1 1 0 1 0 0 0 1
1014.35 1 3 1 1 1 1 0 0 0 1
1018.83 1 2 1 1 0 1 0 1 0 1
1031.35 0 1 1 1 1 1 0 1 0 1
1062.04 0 2 1 1 2 1 0 0 0 1
1070.6 0 1 1 1 1 1 0 1 0 1
1074.18 0 1 2 2 1 0 0 1 0 1
1074.47 0 1 1 1 1 1 0 1 0 1
1080.28 1 2 1 1 0 1 0 1 0 1
1085.02 0 1 1 1 1 1 0 1 0 1
1102.83 1 2 1 1 0 1 0 1 0 1
1112.01 1 3 1 1 1 1 0 0 0 1
1121.1 1 3 0 0 1 2 0 0 0 1
1123.64 2 4 0 0 0 2 0 0 0 1
1125.38 1 3 0 0 1 2 0 0 0 1
1128.95 1 2 0 0 0 2 0 1 0 1
1157.52 1 2 1 1 0 1 0 1 0 1
1167.55 1 3 1 1 1 1 0 0 0 1
1180.56 0 2 1 1 2 1 0 0 0 1
1228.01 0 1 1 1 1 1 0 1 0 1
1259.85 1 2 1 1 0 1 0 1 0 1
1264.94 1 3 1 1 1 1 0 0 0 1
1279.89 2 4 1 1 0 1 0 0 0 1
1293.56 2 4 2 2 0 0 0 0 0 1
1305.95 1 3 2 2 1 0 0 0 0 1
1321.25 1 2 2 2 0 0 0 1 0 1
1328.93 1 3 2 2 1 0 0 0 0 1
1336.96 0 2 2 2 2 0 0 0 0 1
1354.88 0 2 1 1 2 1 0 0 0 1
1355.61 0 2 0 0 2 2 0 0 0 1
1357.8 1 3 0 0 1 2 0 0 0 1
1364.01 0 2 0 0 2 2 0 0 0 1
1372.39 0 2 0 0 1 1 1 0 0 1
1373.82 1 3 0 0 0 1 1 0 0 1
1390.82 1 3 1 1 0 0 1 0 0 1
1415.53 1 3 0 0 0 1 1 0 0 1
1432.06 0 2 0 0 1 1 1 0 0 1
1444.57 1 3 0 0 0 1 1 0 0 1
1448.28 1 3 1 1 0 0 1 0 0 1
1455.17 0 2 1 1 1 0 1 0 0 1
1455.55 0 2 1 1 2 1 0 0 0 1
1457.93 1 3 1 1 1 1 0 0 0 1
1459.99 1 3 0 0 1 2 0 0 0 1
1462.79 0 2 0 0 2 2 0 0 0 1
1467.96 1 3 0 0 1 2 0 0 0 1
1493.24 1 3 0 0 0 1 1 0 0 1
1510.41 1 2 0 0 0 1 0 0 1 1
1527.54 1 3 0 0 0 1 1 0 0 1
1529.61 0 2 0 0 1 1 1 0 0 1
1538.42 0 1 0 0 1 1 0 0 1 1
1559.05 0 2 0 0 1 1 1 0 0 1
1562.52 1 3 0 0 0 1 1 0 0 1
1565.1 0 2 0 0 1 1 1 0 0 1
1582.94 1 3 0 0 0 1 1 0 0 1
1632.87 0 2 0 0 1 1 1 0 0 1
1635.81 0 2 0 0 0 0 2 0 0 1
1637.47 0 1 0 0 0 0 1 0 1 1
1646.1 0 2 0 0 0 0 2 0 0 1
1648.1 0 1 0 0 0 0 1 0 1 1
1652.47 0 2 0 0 0 0 2 0 0 1
1698.52 0 2 0 0 1 1 1 0 0 1
1700.31 1 3 0 0 0 1 1 0 0 1
1708.96 0 2 0 0 1 1 1 0 0 1
1724.5 0 1 0 0 0 1 1 1 0 1
1739.86 0 2 0 0 1 1 1 0 0 1
1743.55 1 3 0 0 0 1 1 0 0 1
1748.46 1 2 0 0 0 1 0 0 1 1
1763.86 1 3 0 0 0 1 1 0 0 1
1767.01 1 2 0 0 0 1 0 0 1 1
1788.22 1 3 0 0 0 1 1 0 0 1
1793.5 0 2 0 0 1 1 1 0 0 1
1794.42 1 3 0 0 0 1 1 0 0 1
1799.11 1 2 0 0 0 1 0 0 1 1
1812.62 1 3 0 0 0 1 1 0 0 1
1856.26 0 2 0 0 1 1 1 0 0 1
1880.5 0 1 0 0 1 1 0 0 1 1
1900.93 0 0 0 0 0 1 0 1 1 1
1904.03 0 1 0 0 1 1 0 0 1 1
1917.32 1 2 0 0 0 1 0 0 1 1
1935.96 1 3 0 0 0 1 1 0 0 1
1970.8 0 2 0 0 1 1 1 0 0 1
1975.06 0 2 1 1 1 0 1 0 0 1
1980.44 0 1 1 1 1 0 0 0 1 1
1990.02 0 2 1 1 1 0 1 0 0 1
1991.27 1 3 1 1 0 0 1 0 0 1
2004.69 1 2 1 1 0 0 0 0 1 1
2005.09 1 3 1 1 0 0 1 0 0 1
2023.41 1 2 1 1 0 0 0 0 1 1
2080.52 1 3 1 1 0 0 1 0 0 1
2095 0 2 1 1 1 0 1 0 0 1
2130.44 1 3 1 1 0 0 1 0 0 1
2146.95 0 2 1 1 1 0 1 0 0 1
2151.65 0 1 1 1 1 0 0 0 1 1
2175.79 0 0 1 1 0 0 0 1 1 1
2192.07 0 1 1 1 0 0 1 1 0 1
2272.7 0 1 1 1 1 1 0 1 0 1
2278.2 0 2 1 1 2 1 0 0 0 1
2285.97 0 1 1 1 1 1 0 1 0 1
2332.31 0 1 0 0 1 2 0 1 0 1
2387.31 0 2 0 0 2 2 0 0 0 1
2388.67 0 1 0 0 1 2 0 1 0 1
2394 0 1 1 1 1 1 0 1 0 1
2395.53 0 1 0 0 1 2 0 1 0 1
2402.18 0 2 0 0 2 2 0 0 0 1
2403.65 0 2 0 0 1 1 1 0 0 1
2442.87 0 2 0 0 2 2 0 0 0 1
2446.23 0 1 0 0 1 2 0 1 0 1
2459.77 1 2 0 0 0 2 0 1 0 1
2465.81 1 2 1 1 0 1 0 1 0 1
2476.24 0 1 1 1 1 1 0 1 0 1
2510.45 1 2 1 1 0 1 0 1 0 1
2516.59 1 3 1 1 1 1 0 0 0 1
2523.17 0 2 1 1 2 1 0 0 0 1
2538.06 1 3 1 1 1 1 0 0 0 1
2554.11 1 3 0 0 1 2 0 0 0 1
2559.52 0 2 0 0 2 2 0 0 0 1
2562.13 0 1 0 0 1 2 0 1 0 1
2562.31 1 2 0 0 0 2 0 1 0 1
2584.16 1 2 1 1 0 1 0 1 0 1
2594.43 0 1 1 1 1 1 0 1 0 1
2601.77 1 2 1 1 0 1 0 1 0 1
2642.23 1 2 0 0 0 2 0 1 0 1
2673.48 1 2 0 0 0 1 0 0 0 2
2683.31 1 2 1 1 0 0 0 0 0 2
2815.28 0 1 1 1 1 0 0 0 0 2
2898.85 0 1 0 0 1 1 0 0 0 2
2949.55 0 1 1 1 1 0 0 0 0 2
2950.01 1 2 1 1 0 0 0 0 0 2
2950.01 1 2 1 1 0 0 0 0 0 2
