0 3 6 3 3 0 0 0 0 0 0
0.257598 2 5 3 3 1 0 0 0 0 0
1.52192 2 5 2 2 1 1 0 0 0 0
4.00816 2 5 1 1 1 2 0 0 0 0
8.95886 3 6 1 1 0 2 0 0 0 0
27.4627 2 5 1 1 1 2 0 0 0 0
31.6419 1 4 1 1 2 2 0 0 0 0
39.185 2 5 1 1 1 2 0 0 0 0
40.0028 3 6 1 1 0 2 0 0 0 0
41.7561 2 5 1 1 1 2 0 0 0 0
43.2401 1 4 1 1 2 2 0 0 0 0
44.5518 0 3 1 1 3 2 0 0 0 0
45.6889 1 4 1 1 2 2 0 0 0 0
64.8129 2 5 1 1 1 2 0 0 0 0
70.1373 2 5 2 2 1 1 0 0 0 0
72.0983 3 6 2 2 0 1 0 0 0 0
84.3936 2 5 2 2 1 1 0 0 0 0
150.985 3 6 2 2 0 1 0 0 0 0
156.378 2 5 2 2 1 1 0 0 0 0
161.962 3 6 2 2 0 1 0 0 0 0
165.751 2 5 2 2 1 1 0 0 0 0
166.416 1 4 2 2 2 1 0 0 0 0
167.368 1 4 1 1 2 2 0 0 0 0
169.332 2 5 1 1 1 2 0 0 0 0
169.467 2 5 0 0 1 3 0 0 0 0
170.086 3 6 0 0 0 3 0 0 0 0
172.765 2 5 0 0 1 3 0 0 0 0
173.104 2 5 0 0 0 2 1 0 0 0
179.707 2 5 0 0 1 3 0 0 0 0
188.82 3 6 0 0 0 3 0 0 0 0
189.058 3 6 1 1 0 2 0 0 0 0
191.131 2 5 1 1 1 2 0 0 0 0
194.222 2 4 1 1 0 2 0 1 0 0
194.226 1 3 1 1 1 2 0 1 0 0
202.2 1 2 1 1 0 2 0 2 0 0
203.856 1 3 1 1 1 2 0 1 0 0
205.288 2 4 1 1 0 2 0 1 0 0
205.762 2 4 1 1 0 1 0 0 0 1
206.56 1 3 1 1 1 1 0 0 0 1
217.065 1 3 2 2 1 0 0 0 0 1
237.839 1 3 1 1 1 1 0 0 0 1
242.412 2 4 1 1 0 1 0 0 0 1
287.983 1 3 1 1 1 1 0 0 0 1
302.948 1 2 1 1 0 1 0 1 0 1
313.121 1 2 1 1 0 0 0 0 0 2
365.062 0 1 1 1 1 0 0 0 0 2
389.042 0 1 0 0 1 1 0 0 0 2
399.041 0 1 0 0 0 0 1 0 0 2
422.697 0 1 0 0 1 1 0 0 0 2
486.904 0 1 0 0 0 0 1 0 0 2
725.471 0 1 0 0 1 1 0 0 0 2
796.763 0 1 1 1 1 0 0 0 0 2
807.31 0 1 0 0 1 1 0 0 0 2
820.1 1 2 0 0 0 1 0 0 0 2
836.928 0 1 0 0 1 1 0 0 0 2
851.067 0 1 1 1 1 0 0 0 0 2
882.554 0 0 1 1 0 0 0 1 0 2
907.216 0 0 0 0 0 1 0 1 0 2
911.617 0 1 0 0 1 1 0 0 0 2
915.686 1 2 0 0 0 1 0 0 0 2
949.152 0 1 0 0 1 1 0 0 0 2
1006.43 0 1 1 1 1 0 0 0 0 2
1054.98 1 2 1 1 0 0 0 0 0 2
1055.24 1 2 0 0 0 1 0 0 0 2
1090.46 0 1 0 0 1 1 0 0 0 2
1144.76 1 2 0 0 0 1 0 0 0 2
1318.24 0 1 0 0 1 1 0 0 0 2
1339.83 1 2 0 0 0 1 0 0 0 2
1413.82 0 1 0 0 1 1 0 0 0 2
1438.39 0 1 1 1 1 0 0 0 0 2
1524.54 1 2 1 1 0 0 0 0 0 2
1539.65 0 1 1 1 1 0 0 0 0 2
1586.86 0 0 1 1 0 0 0 1 0 2
1599.37 0 0 0 0 0 1 0 1 0 2
1644.68 0 1 0 0 1 1 0 0 0 2
1656.44 1 2 0 0 0 1 0 0 0 2
1664.93 1 2 1 1 0 0 0 0 0 2
1679.52 0 1 1 1 1 0 0 0 0 2
1700.01 1 2 1 1 0 0 0 0 0 2
1700.07 1 2 0 0 0 1 0 0 0 2
1710.54 0 1 0 0 1 1 0 0 0 2
1729.06 0 1 1 1 1 0 0 0 0 2
1766.56 1 2 1 1 0 0 0 0 0 2
1794.35 0 1 1 1 1 0 0 0 0 2
1796.28 1 2 1 1 0 0 0 0 0 2
1842.77 1 2 1 1 0 1 0 1 0 1
1845.78 0 1 1 1 1 1 0 1 0 1
1859.59 0 1 0 0 1 2 0 1 0 1
1870.14 0 0 0 0 0 2 0 2 0 1
1895.75 0 1 0 0 1 2 0 1 0 1
1897.33 0 1 1 1 1 1 0 1 0 1
1906.43 1 2 1 1 0 1 0 1 0 1
1919.04 0 1 1 1 1 1 0 1 0 1
1923.77 0 1 0 0 1 2 0 1 0 1
1923.78 0 1 1 1 1 1 0 1 0 1
1978.72 0 1 2 2 1 0 0 1 0 1
1981.18 0 0 2 2 0 0 0 2 0 1
1991.84 0 0 1 1 0 1 0 2 0 1
2009.56 0 0 0 0 0 2 0 2 0 1
2016.75 0 0 0 0 0 1 0 1 0 2
2134.86 0 1 0 0 1 1 0 0 0 2
2160.91 0 1 1 1 1 0 0 0 0 2
2250.91 1 2 1 1 0 0 0 0 0 2
2486.37 0 1 1 1 1 0 0 0 0 2
2486.45 0 1 0 0 1 1 0 0 0 2
2520.84 0 1 1 1 1 0 0 0 0 2
2640.3 1 2 1 1 0 0 0 0 0 2
2663.84 0 1 1 1 1 0 0 0 0 2
2734.02 0 0 1 1 0 0 0 1 0 2
2760.09 0 0 0 0 0 1 0 1 0 2
2867.11 0 1 0 0 1 1 0 0 0 2
2870.12 0 1 1 1 1 0 0 0 0 2
2921.78 1 2 1 1 0 0 0 0 0 2
2921.78 1 2 1 1 0 0 0 0 0 2
