0 3 6 3 3 0 0 0 0 0 0
3.58042 3 6 2 2 0 1 0 0 0 0
6.63095 2 5 2 2 1 1 0 0 0 0
12.8593 2 5 1 1 1 2 0 0 0 0
13.4478 1 4 1 1 2 2 0 0 0 0
16.2902 2 5 1 1 1 2 0 0 0 0
23.1635 1 4 1 1 2 2 0 0 0 0
29.1661 1 4 0 0 2 3 0 0 0 0
32.2591 0 3 0 0 3 3 0 0 0 0
34.9876 0 2 0 0 2 3 0 1 0 0
35.1299 0 2 1 1 2 2 0 1 0 0
42.1233 0 1 1 1 1 2 0 2 0 0
51.4894 0 0 1 1 0 2 0 3 0 0
53.9399 0 0 2 2 0 1 0 3 0 0
55.8103 0 0 3 3 0 0 0 3 0 0
55.9002 0 1 3 3 1 0 0 2 0 0
69.5599 0 1 2 2 1 1 0 2 0 0
73.8515 0 2 2 2 2 1 0 1 0 0
76.6761 0 3 2 2 3 1 0 0 0 0
82.3357 0 2 2 2 2 1 0 1 0 0
88.7141 0 2 1 1 2 2 0 1 0 0
95.8162 1 3 1 1 1 2 0 1 0 0
115.858 2 4 1 1 0 2 0 1 0 0
116.127 2 4 1 1 0 1 0 0 0 1
117.456 1 3 1 1 1 1 0 0 0 1
142.008 2 4 1 1 0 1 0 0 0 1
154.179 1 3 1 1 1 1 0 0 0 1
175.215 2 4 1 1 0 1 0 0 0 1
179.556 2 4 2 2 0 0 0 0 0 1
189.691 1 3 2 2 1 0 0 0 0 1
194.718 1 3 1 1 1 1 0 0 0 1
204.981 2 4 1 1 0 1 0 0 0 1
206.658 1 3 1 1 1 1 0 0 0 1
211.356 1 2 1 1 0 1 0 1 0 1
266.473 0 1 1 1 1 1 0 1 0 1
293.365 1 2 1 1 0 1 0 1 0 1
349.295 1 2 1 1 0 0 0 0 0 2
405.418 0 1 1 1 1 0 0 0 0 2
440.958 0 0 1 1 0 0 0 1 0 2
451.961 0 0 0 0 0 1 0 1 0 2
460.054 0 1 0 0 1 1 0 0 0 2
517.547 0 0 0 0 0 1 0 1 0 2
546.493 0 0 0 0 0 0 0 0 0 3
572.217 0 0 0 0 0 1 0 1 0 2
627.272 0 0 1 1 0 0 0 1 0 2
641.317 0 1 1 1 1 0 0 0 0 2
648.196 0 1 0 0 1 1 0 0 0 2
655.251 1 2 0 0 0 1 0 0 0 2
708.54 0 1 0 0 1 1 0 0 0 2
742.801 1 2 0 0 0 1 0 0 0 2
773.044 0 1 0 0 1 1 0 0 0 2
775.973 1 2 0 0 0 1 0 0 0 2
1056.11 0 1 0 0 1 1 0 0 0 2
1063.63 0 0 0 0 0 1 0 1 0 2
1097.26 0 0 1 1 0 0 0 1 0 2
1134.21 0 0 0 0 0 1 0 1 0 2
1159.23 0 1 0 0 1 1 0 0 0 2
1177.95 0 1 0 0 0 0 1 0 0 2
1185.12 0 0 0 0 0 0 0 0 1 2
1227.97 0 1 0 0 0 0 1 0 0 2
1240.62 0 0 0 0 0 0 0 0 1 2
1319.65 0 1 0 0 0 0 1 0 0 2
1441.73 0 1 0 0 1 1 0 0 0 2
1468.6 1 2 0 0 0 1 0 0 0 2
1526.93 0 1 0 0 1 1 0 0 0 2
1528.86 1 2 0 0 0 1 0 0 0 2
1666.52 1 2 1 1 0 0 0 0 0 2
1713.22 0 1 1 1 1 0 0 0 0 2
1713.39 0 1 0 0 1 1 0 0 0 2
1739.19 1 2 0 0 0 1 0 0 0 2
1757.04 1 2 1 1 0 0 0 0 0 2
1774.19 0 1 1 1 1 0 0 0 0 2
1793.47 0 1 0 0 1 1 0 0 0 2
1830.39 1 2 0 0 0 1 0 0 0 2
1851.06 0 1 0 0 1 1 0 0 0 2
1862.72 1 2 0 0 0 1 0 0 0 2
1893.45 1 2 1 1 0 0 0 0 0 2
1976.18 1 2 0 0 0 1 0 0 0 2
2004.21 0 1 0 0 1 1 0 0 0 2
2034.79 1 2 0 0 0 1 0 0 0 2
2132.86 0 1 0 0 1 1 0 0 0 2
2146.95 0 1 0 0 0 0 1 0 0 2
2422.11 0 1 0 0 1 1 0 0 0 2
2462.78 0 1 0 0 0 0 1 0 0 2
2796.51 0 0 0 0 0 0 0 0 1 2
2819.33 0 1 0 0 0 0 1 0 0 2
2888.1 0 0 0 0 0 0 0 0 1 2
2891.33 0 1 0 0 0 0 1 0 0 2
2994.47 0 0 0 0 0 0 0 0 1 2
2994.47 0 0 0 0 0 0 0 0 1 2
