0 3 6 3 3 0 0 0 0 0 0
8.28749 2 5 3 3 1 0 0 0 0 0
16.3998 1 4 3 3 2 0 0 0 0 0
22.5438 2 5 3 3 1 0 0 0 0 0
40.7148 2 5 2 2 1 1 0 0 0 0
51.6457 3 6 2 2 0 1 0 0 0 0
63.1263 3 6 1 1 0 2 0 0 0 0
68.7662 2 5 1 1 1 2 0 0 0 0
87.357 3 6 1 1 0 2 0 0 0 0
102.414 2 5 1 1 1 2 0 0 0 0
107.426 2 5 2 2 1 1 0 0 0 0
107.69 2 4 2 2 0 1 0 1 0 0
129.764 1 3 2 2 1 1 0 1 0 0
136.369 1 3 1 1 1 2 0 1 0 0
181.84 2 4 1 1 0 2 0 1 0 0
204.134 1 3 1 1 1 2 0 1 0 0
209.953 1 3 1 1 0 1 1 1 0 0
217.95 1 3 1 1 0 0 1 0 0 1
230.317 1 2 1 1 0 0 0 0 1 1
236.806 1 3 1 1 0 0 1 0 0 1
247.134 1 2 1 1 0 0 0 0 1 1
261.13 1 3 1 1 0 0 1 0 0 1
265.432 1 2 1 1 0 0 0 0 1 1
304.495 1 3 1 1 0 0 1 0 0 1
310.632 0 2 1 1 1 0 1 0 0 1
311.044 0 1 1 1 1 0 0 0 1 1
339.855 0 2 1 1 1 0 1 0 0 1
341.16 0 1 1 1 1 0 0 0 1 1
376.495 1 2 1 1 0 0 0 0 1 1
384.803 0 1 1 1 1 0 0 0 1 1
416.341 0 2 1 1 1 0 1 0 0 1
425.251 1 3 1 1 0 0 1 0 0 1
502.53 0 2 1 1 1 0 1 0 0 1
521.498 0 1 1 1 0 0 1 1 0 1
522.149 0 1 0 0 0 1 1 1 0 1
603.558 0 1 1 1 0 0 1 1 0 1
607.51 0 0 1 1 0 0 0 1 1 1
634.946 0 1 1 1 0 0 1 1 0 1
668.215 0 0 1 1 0 0 0 1 1 1
681.187 0 0 0 0 0 1 0 1 1 1
690.566 0 1 0 0 0 1 1 1 0 1
727.373 0 2 0 0 1 1 1 0 0 1
740.424 0 1 0 0 1 1 0 0 1 1
740.889 0 1 1 1 1 0 0 0 1 1
749.275 0 2 1 1 1 0 1 0 0 1
757.216 1 3 1 1 0 0 1 0 0 1
777.517 0 2 1 1 1 0 1 0 0 1
797.011 0 1 1 1 1 0 0 0 1 1
812.437 0 2 1 1 1 0 1 0 0 1
815.125 0 1 1 1 1 0 0 0 1 1
820.55 0 2 1 1 1 0 1 0 0 1
822.548 0 1 1 1 0 0 1 1 0 1
852.927 0 1 0 0 0 1 1 1 0 1
888.601 0 2 0 0 1 1 1 0 0 1
898.94 1 3 0 0 0 1 1 0 0 1
900.278 0 2 0 0 1 1 1 0 0 1
918.943 0 1 0 0 1 1 0 0 1 1
921.508 0 2 0 0 1 1 1 0 0 1
936.099 1 3 0 0 0 1 1 0 0 1
959.811 1 3 0 0 1 2 0 0 0 1
970.323 1 3 1 1 1 1 0 0 0 1
975.207 2 4 1 1 0 1 0 0 0 1
1002.13 2 4 1 1 0 2 0 1 0 0
1028.65 1 3 1 1 1 2 0 1 0 0
1032.07 1 3 2 2 1 1 0 1 0 0
1033.47 1 3 1 1 1 2 0 1 0 0
1035.04 2 4 1 1 0 2 0 1 0 0
1035.42 1 3 1 1 1 2 0 1 0 0
1036.46 1 3 0 0 1 3 0 1 0 0
1055.42 1 2 0 0 0 3 0 2 0 0
1086.66 0 1 0 0 1 3 0 2 0 0
1092 0 1 0 0 1 2 0 1 0 1
1112.43 0 1 0 0 1 1 0 0 0 2
1176.32 1 2 0 0 0 1 0 0 0 2
1268.86 0 1 0 0 1 1 0 0 0 2
1283.29 1 2 0 0 0 1 0 0 0 2
1344.76 0 1 0 0 1 1 0 0 0 2
1380.76 1 2 0 0 0 1 0 0 0 2
1444.49 0 1 0 0 1 1 0 0 0 2
1447.54 0 1 1 1 1 0 0 0 0 2
1493.92 1 2 1 1 0 0 0 0 0 2
1553.29 0 1 1 1 1 0 0 0 0 2
1576.49 0 0 1 1 0 0 0 1 0 2
1646.29 0 0 0 0 0 1 0 1 0 2
1677.15 0 0 1 1 0 0 0 1 0 2
1694.1 0 1 1 1 1 0 0 0 0 2
1722.79 0 0 1 1 0 0 0 1 0 2
1732.21 0 1 1 1 1 0 0 0 0 2
1749.27 1 2 1 1 0 0 0 0 0 2
1823.42 1 2 0 0 0 1 0 0 0 2
1879.78 1 2 1 1 0 0 0 0 0 2
1948.28 0 1 1 1 1 0 0 0 0 2
1948.44 1 2 1 1 0 0 0 0 0 2
1952.32 0 1 1 1 1 0 0 0 0 2
1960.69 1 2 1 1 0 0 0 0 0 2
2050.77 1 2 0 0 0 1 0 0 0 2
2078.52 0 1 0 0 1 1 0 0 0 2
2168.53 0 1 0 0 0 0 1 0 0 2
2209.68 0 0 0 0 0 0 0 0 1 2
2240.79 0 1 0 0 0 0 1 0 0 2
2269.85 0 0 0 0 0 0 0 0 1 2
2285.21 0 1 0 0 0 0 1 0 0 2
2377.41 0 0 0 0 0 0 0 0 1 2
2387.91 0 1 0 0 0 0 1 0 0 2
2472.04 0 1 0 0 1 1 0 0 0 2
2484.18 1 2 0 0 0 1 0 0 0 2
2503.09 1 2 1 1 0 0 0 0 0 2
2576.4 0 1 1 1 1 0 0 0 0 2
2613.76 0 1 0 0 1 1 0 0 0 2
2616.99 0 1 0 0 0 0 1 0 0 2
2624.77 0 0 0 0 0 0 0 0 1 2
2725.08 0 1 0 0 0 0 1 0 0 2
2802.5 0 0 0 0 0 0 0 0 1 2
2826.24 0 1 0 0 0 0 1 0 0 2
2907.17 0 1 0 0 1 1 0 0 0 2
2958.47 0 1 0 0 0 0 1 0 0 2
2966.58 0 1 0 0 1 1 0 0 0 2
2966.58 0 1 0 0 1 1 0 0 0 2
