0 3 6 3 3 0 0 0 0 0 0
15.243 3 6 2 2 0 1 0 0 0 0
20.8328 2 5 2 2 1 1 0 0 0 0
21.4158 2 4 2 2 0 1 0 1 0 0
22.3573 2 4 1 1 0 2 0 1 0 0
53.5616 2 4 0 0 0 3 0 1 0 0
54.3933 2 4 1 1 0 2 0 1 0 0
66.2351 1 3 1 1 1 2 0 1 0 0
76.9897 1 3 2 2 1 1 0 1 0 0
80.0507 1 4 2 2 2 1 0 0 0 0
95.9313 1 3 2 2 1 1 0 1 0 0
111.902 1 2 2 2 0 1 0 2 0 0
115.108 1 2 1 1 0 2 0 2 0 0
121.282 1 2 0 0 0 3 0 2 0 0
142.726 1 3 0 0 1 3 0 1 0 0
145.732 0 2 0 0 2 3 0 1 0 0
153.687 1 3 0 0 1 3 0 1 0 0
178.186 2 4 0 0 0 3 0 1 0 0
180.188 2 5 0 0 1 3 0 0 0 0
186.717 2 4 0 0 0 3 0 1 0 0
190.382 1 3 0 0 1 3 0 1 0 0
199.376 1 3 0 0 1 2 0 0 0 1
223.544 1 2 0 0 0 2 0 1 0 1
226.228 1 2 0 0 0 1 0 0 0 2
256.611 0 1 0 0 1 1 0 0 0 2
284.313 1 2 0 0 0 1 0 0 0 2
410.922 0 1 0 0 1 1 0 0 0 2
450.324 0 1 1 1 1 0 0 0 0 2
453.96 1 2 1 1 0 0 0 0 0 2
739.698 0 1 1 1 1 0 0 0 0 2
754.607 1 2 1 1 0 0 0 0 0 2
837.754 1 2 0 0 0 1 0 0 0 2
879.83 0 1 0 0 1 1 0 0 0 2
893.744 0 0 0 0 0 1 0 1 0 2
973.526 0 1 0 0 1 1 0 0 0 2
976.782 1 2 0 0 0 1 0 0 0 2
1031.64 0 1 0 0 1 1 0 0 0 2
1057.05 1 2 0 0 0 1 0 0 0 2
1068.98 0 1 0 0 1 1 0 0 0 2
1074.51 0 0 0 0 0 1 0 1 0 2
1084.15 0 0 0 0 0 0 0 0 0 3
1512.88 0 0 0 0 0 1 0 1 0 2
1532.08 0 0 0 0 0 0 0 0 0 3
2557.29 0 0 0 0 0 1 0 1 0 2
2563.75 0 1 0 0 1 1 0 0 0 2
2580.77 1 2 0 0 0 1 0 0 0 2
2629.28 1 2 1 1 0 0 0 0 0 2
2674.06 1 2 0 0 0 1 0 0 0 2
2680.68 1 2 1 1 0 0 0 0 0 2
2685.12 1 2 1 1 0 1 0 1 0 1
2688.32 1 2 2 2 0 0 0 1 0 1
2692.55 0 1 2 2 1 0 0 1 0 1
2693.12 0 1 1 1 1 1 0 1 0 1
2702.23 1 2 1 1 0 1 0 1 0 1
2722.08 1 2 0 0 0 2 0 1 0 1
2722.16 0 1 0 0 1 2 0 1 0 1
2730.96 0 1 1 1 1 1 0 1 0 1
2786.93 0 1 1 1 0 0 1 1 0 1
2791.04 0 2 1 1 1 0 1 0 0 1
2798.97 1 3 1 1 0 0 1 0 0 1
2817.61 0 2 1 1 1 0 1 0 0 1
2844.86 1 3 1 1 0 0 1 0 0 1
2848.6 1 2 1 1 0 0 0 0 1 1
2864.6 1 3 1 1 0 0 1 0 0 1
2876.28 0 2 1 1 1 0 1 0 0 1
2883.16 0 1 1 1 0 0 1 1 0 1
2964.19 0 0 1 1 0 0 0 1 1 1
2976.66 0 0 0 0 0 1 0 1 1 1
2984.48 0 0 0 0 0 0 0 0 1 2
2991.34 0 1 0 0 0 0 1 0 0 2
2991.34 0 1 0 0 0 0 1 0 0 2
