0 3 6 3 3 0 0 0 0 0 0
7.34028 2 5 3 3 1 0 0 0 0 0
9.89144 2 5 2 2 1 1 0 0 0 0
14.9626 2 5 2 2 0 0 1 0 0 0
16.8728 2 4 2 2 0 0 0 0 1 0
17.1462 1 3 2 2 1 0 0 0 1 0
26.4882 0 2 2 2 2 0 0 0 1 0
32.2734 1 3 2 2 1 0 0 0 1 0
39.3872 1 4 2 2 1 0 1 0 0 0
55.7108 2 5 2 2 0 0 1 0 0 0
55.8747 1 4 2 2 1 0 1 0 0 0
58.2134 1 3 2 2 0 0 1 1 0 0
60.5296 1 3 1 1 0 1 1 1 0 0
60.795 0 2 1 1 1 1 1 1 0 0
69.2563 0 1 1 1 1 1 0 1 1 0
70.5634 0 2 1 1 1 1 1 1 0 0
75.8375 0 2 1 1 0 0 2 1 0 0
101.43 0 1 1 1 0 0 1 1 1 0
104.827 0 2 1 1 0 0 2 1 0 0
107.257 0 1 1 1 0 0 1 1 1 0
114.443 0 2 1 1 0 0 2 1 0 0
124.544 0 3 1 1 1 0 2 0 0 0
126.225 0 3 0 0 1 1 2 0 0 0
130.922 0 2 0 0 1 1 1 0 1 0
132.983 0 3 0 0 1 1 2 0 0 0
154.233 1 4 0 0 0 1 2 0 0 0
156.965 1 3 0 0 0 1 1 0 1 0
162.222 1 3 1 1 0 0 1 0 1 0
173.69 1 3 1 1 1 1 0 0 1 0
177.826 1 4 1 1 1 1 1 0 0 0
178.734 1 3 1 1 1 1 0 0 1 0
184.134 2 4 1 1 0 1 0 0 1 0
188.613 2 5 1 1 0 1 1 0 0 0
190.711 1 4 1 1 1 1 1 0 0 0
196.533 1 3 1 1 0 1 1 1 0 0
260.452 0 2 1 1 1 1 1 1 0 0
268.637 1 3 1 1 0 1 1 1 0 0
299.493 1 3 0 0 0 2 1 1 0 0
304.336 1 3 1 1 0 1 1 1 0 0
310.627 1 2 1 1 0 1 0 1 1 0
321.364 1 3 1 1 0 1 1 1 0 0
337.841 0 2 1 1 1 1 1 1 0 0
344.498 0 3 1 1 2 1 1 0 0 0
346.708 0 3 2 2 2 0 1 0 0 0
351.967 0 2 2 2 2 0 0 0 1 0
354.196 0 1 2 2 1 0 0 1 1 0
355.514 0 1 1 1 1 1 0 1 1 0
356.465 0 1 2 2 1 0 0 1 1 0
381.41 0 2 2 2 1 0 1 1 0 0
382.201 0 1 2 2 0 0 1 2 0 0
401.696 0 2 2 2 1 0 1 1 0 0
405.982 1 3 2 2 0 0 1 1 0 0
413.4 1 2 2 2 0 0 0 1 1 0
436.364 1 2 1 1 0 1 0 1 1 0
445.827 1 3 1 1 0 1 1 1 0 0
451.149 1 4 1 1 1 1 1 0 0 0
457.22 1 4 2 2 1 0 1 0 0 0
476.248 0 3 2 2 2 0 1 0 0 0
477.772 1 4 2 2 1 0 1 0 0 0
478.267 1 4 1 1 1 1 1 0 0 0
490.74 1 3 1 1 0 1 1 1 0 0
494.904 0 2 1 1 1 1 1 1 0 0
495.042 1 3 1 1 0 1 1 1 0 0
501.817 0 2 1 1 1 1 1 1 0 0
515.286 0 2 1 1 1 0 1 0 0 1
523.036 1 3 1 1 0 0 1 0 0 1
537.322 0 2 1 1 1 0 1 0 0 1
552.375 0 2 1 1 2 1 0 0 0 1
578.225 1 3 1 1 1 1 0 0 0 1
600.702 1 2 1 1 0 1 0 1 0 1
626.315 1 3 1 1 1 1 0 0 0 1
635.804 2 4 1 1 0 1 0 0 0 1
639.909 1 3 1 1 1 1 0 0 0 1
642.995 1 2 1 1 0 1 0 1 0 1
664.577 1 2 2 2 0 0 0 1 0 1
666.934 1 2 1 1 0 1 0 1 0 1
686.312 1 2 1 1 0 0 0 0 0 2
705.574 0 1 1 1 1 0 0 0 0 2
750.666 0 0 1 1 0 0 0 1 0 2
795.117 0 1 1 1 1 0 0 0 0 2
803.982 0 1 0 0 1 1 0 0 0 2
851.336 0 0 0 0 0 1 0 1 0 2
884.74 0 0 1 1 0 0 0 1 0 2
985.104 0 1 1 1 1 0 0 0 0 2
1046.14 0 0 1 1 0 0 0 1 0 2
1182.32 0 1 1 1 1 0 0 0 0 2
1238.82 1 2 1 1 0 0 0 0 0 2
1310.8 1 2 0 0 0 1 0 0 0 2
1413.32 1 2 1 1 0 0 0 0 0 2
1448.73 0 1 1 1 1 0 0 0 0 2
1460 0 0 1 1 0 0 0 1 0 2
1662.77 0 0 0 0 0 1 0 1 0 2
1665.5 0 1 0 0 1 1 0 0 0 2
1683.63 0 1 0 0 0 0 1 0 0 2
1691.34 0 1 0 0 1 1 0 0 0 2
1700.48 1 2 0 0 0 1 0 0 0 2
1818.1 1 2 1 1 0 0 0 0 0 2
1824.54 0 1 1 1 1 0 0 0 0 2
1850.49 0 1 0 0 1 1 0 0 0 2
1931.94 1 2 0 0 0 1 0 0 0 2
1973.62 0 1 0 0 1 1 0 0 0 2
2126.77 1 2 0 0 0 1 0 0 0 2
2142.56 0 1 0 0 1 1 0 0 0 2
2163.14 1 2 0 0 0 1 0 0 0 2
2238.7 1 2 1 1 0 0 0 0 0 2
2298.49 1 2 0 0 0 1 0 0 0 2
2363.01 0 1 0 0 1 1 0 0 0 2
2363.78 0 0 0 0 0 1 0 1 0 2
2364.67 0 0 1 1 0 0 0 1 0 2
2429.7 0 1 1 1 1 0 0 0 0 2
2456.34 0 1 0 0 1 1 0 0 0 2
2471.12 1 2 0 0 0 1 0 0 0 2
2476.78 0 1 0 0 1 1 0 0 0 2
2476.87 0 0 0 0 0 1 0 1 0 2
2507.14 0 0 0 0 0 0 0 0 0 3
2848.42 0 0 0 0 0 1 0 1 0 2
2918.58 0 1 0 0 1 1 0 0 0 2
2941.11 0 1 1 1 1 0 0 0 0 2
2941.11 0 1 1 1 1 0 0 0 0 2
