0 3 6 3 3 0 0 0 0 0 0
0.18565 2 5 3 3 1 0 0 0 0 0
8.73285 3 6 3 3 0 0 0 0 0 0
11.6582 3 6 2 2 0 1 0 0 0 0
19.4898 2 5 2 2 1 1 0 0 0 0
21.8164 3 6 2 2 0 1 0 0 0 0
26.1652 2 5 2 2 1 1 0 0 0 0
29.2482 1 4 2 2 2 1 0 0 0 0
31.3048 1 4 1 1 2 2 0 0 0 0
46.6213 1 4 1 1 1 1 1 0 0 0
60.6706 1 3 1 1 1 1 0 0 1 0
60.6933 0 2 1 1 2 1 0 0 1 0
68.2779 0 2 2 2 2 0 0 0 1 0
68.6222 0 3 2 2 2 0 1 0 0 0
69.6996 0 3 1 1 2 1 1 0 0 0
90.0265 0 3 1 1 1 0 2 0 0 0
93.2246 0 3 0 0 1 1 2 0 0 0
95.7862 0 3 0 0 2 2 1 0 0 0
95.8375 0 2 0 0 2 2 0 0 1 0
97.8432 0 1 0 0 1 2 0 1 1 0
104.131 1 2 0 0 0 2 0 1 1 0
127.023 1 3 0 0 1 2 0 0 1 0
139.575 1 4 0 0 1 2 1 0 0 0
149.509 1 4 1 1 1 1 1 0 0 0
150.124 1 3 1 1 1 1 0 0 1 0
160.537 0 2 1 1 2 1 0 0 1 0
161.534 0 1 1 1 1 1 0 1 1 0
179.423 0 1 1 1 1 0 0 0 1 1
179.61 0 0 1 1 0 0 0 1 1 1
220.37 0 1 1 1 1 0 0 0 1 1
236.409 0 0 1 1 0 0 0 1 1 1
332.658 0 0 0 0 0 1 0 1 1 1
357.413 0 1 0 0 0 1 1 1 0 1
474.6 0 1 0 0 0 0 1 0 0 2
674.596 0 1 0 0 1 1 0 0 0 2
692.659 1 2 0 0 0 1 0 0 0 2
761.396 0 1 0 0 1 1 0 0 0 2
775.306 1 2 0 0 0 1 0 0 0 2
820.866 1 2 1 1 0 0 0 0 0 2
866.768 0 1 1 1 1 0 0 0 0 2
919.051 1 2 1 1 0 0 0 0 0 2
963.363 0 1 1 1 1 0 0 0 0 2
964.446 1 2 1 1 0 0 0 0 0 2
1012.82 1 2 0 0 0 1 0 0 0 2
1029.55 0 1 0 0 1 1 0 0 0 2
1034.9 0 1 0 0 0 0 1 0 0 2
1069.6 0 1 0 0 1 1 0 0 0 2
1123.79 0 1 1 1 1 0 0 0 0 2
1139.74 0 1 0 0 1 1 0 0 0 2
1188.56 1 2 0 0 0 1 0 0 0 2
1192.85 0 1 0 0 1 1 0 0 0 2
1223.61 0 1 0 0 0 0 1 0 0 2
1341.46 0 1 0 0 1 1 0 0 0 2
1356.56 1 2 0 0 0 1 0 0 0 2
1371.46 1 2 1 1 0 0 0 0 0 2
1376.1 1 2 0 0 0 1 0 0 0 2
1400.73 0 1 0 0 1 1 0 0 0 2
1401.76 1 2 0 0 0 1 0 0 0 2
1410.36 0 1 0 0 1 1 0 0 0 2
1428.34 1 2 0 0 0 1 0 0 0 2
1439.88 0 1 0 0 1 1 0 0 0 2
1455.31 1 2 0 0 0 1 0 0 0 2
1549.45 1 2 1 1 0 0 0 0 0 2
1595.49 1 2 0 0 0 1 0 0 0 2
1605.68 0 1 0 0 1 1 0 0 0 2
1628.31 1 2 0 0 0 1 0 0 0 2
1715.57 1 2 1 1 0 0 0 0 0 2
1724.33 0 1 1 1 1 0 0 0 0 2
1740.93 0 0 1 1 0 0 0 1 0 2
1969.23 0 0 0 0 0 1 0 1 0 2
2020.03 0 1 0 0 1 1 0 0 0 2
2061.95 0 1 1 1 1 0 0 0 0 2
2111.8 0 1 0 0 1 1 0 0 0 2
2135.23 0 1 0 0 0 0 1 0 0 2
2205.02 0 1 0 0 1 1 0 0 0 2
2221.16 0 0 0 0 0 1 0 1 0 2
2288.1 0 0 0 0 0 0 0 0 0 3
2288.1 0 0 0 0 0 0 0 0 0 3
