0 3 6 3 3 0 0 0 0 0 0
9.17456 2 5 3 3 1 0 0 0 0 0
9.78649 2 4 3 3 0 0 0 1 0 0
17.7213 1 3 3 3 1 0 0 1 0 0
22.7232 1 3 2 2 1 1 0 1 0 0
23.4748 1 3 1 1 1 2 0 1 0 0
36.2337 1 3 1 1 1 1 0 0 0 1
128.671 1 3 2 2 1 0 0 0 0 1
132.94 2 4 2 2 0 0 0 0 0 1
136.944 1 3 2 2 1 0 0 0 0 1
137.592 1 3 1 1 1 1 0 0 0 1
155.804 2 4 1 1 0 1 0 0 0 1
162.464 1 3 1 1 1 1 0 0 0 1
162.836 1 2 1 1 0 1 0 1 0 1
181.989 0 1 1 1 1 1 0 1 0 1
195.821 1 2 1 1 0 1 0 1 0 1
205.18 1 2 1 1 0 0 0 0 0 2
261.588 0 1 1 1 1 0 0 0 0 2
289.983 1 2 1 1 0 0 0 0 0 2
300.778 1 2 0 0 0 1 0 0 0 2
408.547 1 2 1 1 0 0 0 0 0 2
493.644 0 1 1 1 1 0 0 0 0 2
527.539 0 1 0 0 1 1 0 0 0 2
563.138 0 1 0 0 0 0 1 0 0 2
563.775 0 1 0 0 1 1 0 0 0 2
574.361 0 1 1 1 1 0 0 0 0 2
609.581 1 2 1 1 0 0 0 0 0 2
618.112 1 2 0 0 0 1 0 0 0 2
641.338 1 2 1 1 0 0 0 0 0 2
664.334 0 1 1 1 1 0 0 0 0 2
666.433 0 1 0 0 1 1 0 0 0 2
678.539 1 2 0 0 0 1 0 0 0 2
701.88 1 2 1 1 0 0 0 0 0 2
798.397 1 2 0 0 0 1 0 0 0 2
826.248 1 2 1 1 0 0 0 0 0 2
831.457 0 1 1 1 1 0 0 0 0 2
846.987 0 1 0 0 1 1 0 0 0 2
848.92 0 1 1 1 1 0 0 0 0 2
899.639 0 1 0 0 1 1 0 0 0 2
901.059 0 0 0 0 0 1 0 1 0 2
986.745 0 0 1 1 0 0 0 1 0 2
1111.63 0 1 1 1 1 0 0 0 0 2
1133.44 1 2 1 1 0 0 0 0 0 2
1178.86 0 1 1 1 1 0 0 0 0 2
1187.93 1 2 1 1 0 0 0 0 0 2
1299.19 1 2 0 0 0 1 0 0 0 2
1300.3 1 2 1 1 0 0 0 0 0 2
1361.25 0 1 1 1 1 0 0 0 0 2
1376.46 0 0 1 1 0 0 0 1 0 2
1411.44 0 0 0 0 0 1 0 1 0 2
1463.56 0 0 1 1 0 0 0 1 0 2
1479.47 0 1 1 1 1 0 0 0 0 2
1501.77 1 2 1 1 0 0 0 0 0 2
1511.29 1 2 0 0 0 1 0 0 0 2
1517.88 1 2 1 1 0 0 0 0 0 2
1524.85 1 2 0 0 0 1 0 0 0 2
1570.37 1 2 1 1 0 0 0 0 0 2
1609.54 1 2 0 0 0 1 0 0 0 2
1613.13 1 2 1 1 0 0 0 0 0 2
1616.35 1 2 0 0 0 1 0 0 0 2
1629.58 0 1 0 0 1 1 0 0 0 2
1656.72 1 2 0 0 0 1 0 0 0 2
1671.4 0 1 0 0 1 1 0 0 0 2
1703.35 1 2 0 0 0 1 0 0 0 2
1704.6 1 2 1 1 0 0 0 0 0 2
1738.64 0 1 1 1 1 0 0 0 0 2
1777.84 0 0 1 1 0 0 0 1 0 2
1900.77 0 1 1 1 1 0 0 0 0 2
1903.29 1 2 1 1 0 0 0 0 0 2
1940.84 1 2 0 0 0 1 0 0 0 2
1957.51 0 1 0 0 1 1 0 0 0 2
1964.32 0 1 0 0 0 0 1 0 0 2
2081.22 0 0 0 0 0 0 0 0 1 2
2084.61 0 1 0 0 0 0 1 0 0 2
2088.02 0 1 0 0 1 1 0 0 0 2
2092.07 1 2 0 0 0 1 0 0 0 2
2099.89 0 1 0 0 1 1 0 0 0 2
2121.8 1 2 0 0 0 1 0 0 0 2
2132 1 2 1 1 0 0 0 0 0 2
2137.6 1 2 0 0 0 1 0 0 0 2
2164.91 0 1 0 0 1 1 0 0 0 2
2273.16 0 1 1 1 1 0 0 0 0 2
2289.73 0 1 0 0 1 1 0 0 0 2
2303.65 1 2 0 0 0 1 0 0 0 2
2421.31 0 1 0 0 1 1 0 0 0 2
2453.08 1 2 0 0 0 1 0 0 0 2
2506.65 0 1 0 0 1 1 0 0 0 2
2512.25 1 2 0 0 0 1 0 0 0 2
2577.15 1 2 1 1 0 0 0 0 0 2
2590.06 0 1 1 1 1 0 0 0 0 2
2610.11 1 2 1 1 0 0 0 0 0 2
2614.97 0 1 1 1 1 0 0 0 0 2
2621.9 0 0 1 1 0 0 0 1 0 2
2627.21 0 1 1 1 1 0 0 0 0 2
2742.59 1 2 1 1 0 0 0 0 0 2
2788.56 0 1 1 1 1 0 0 0 0 2
2847.2 0 0 1 1 0 0 0 1 0 2
2904.07 0 1 1 1 1 0 0 0 0 2
2924.63 1 2 1 1 0 0 0 0 0 2
2990.24 0 1 1 1 1 0 0 0 0 2
2991.23 1 2 1 1 0 0 0 0 0 2
2991.23 1 2 1 1 0 0 0 0 0 2
