0 3 6 3 3 0 0 0 0 0 0
4.51199 3 6 2 2 0 1 0 0 0 0
40.7914 2 5 2 2 1 1 0 0 0 0
44.5727 1 4 2 2 2 1 0 0 0 0
46.5592 1 4 1 1 2 2 0 0 0 0
48.9841 2 5 1 1 1 2 0 0 0 0
66.1767 2 5 2 2 1 1 0 0 0 0
71.8461 1 4 2 2 2 1 0 0 0 0
72.8031 1 3 2 2 1 1 0 1 0 0
89.8534 2 4 2 2 0 1 0 1 0 0
90.9408 2 5 2 2 1 1 0 0 0 0
92.5711 2 5 1 1 1 2 0 0 0 0
102.924 1 4 1 1 2 2 0 0 0 0
103.361 1 4 0 0 2 3 0 0 0 0
110.231 1 4 0 0 1 2 1 0 0 0
115.548 0 3 0 0 2 2 1 0 0 0
117.132 0 3 1 1 2 1 1 0 0 0
136.476 1 4 1 1 1 1 1 0 0 0
141.815 1 3 1 1 0 1 1 1 0 0
144.061 0 2 1 1 1 1 1 1 0 0
145.96 0 2 1 1 1 0 1 0 0 1
186.663 1 3 1 1 0 0 1 0 0 1
199.358 1 3 0 0 0 1 1 0 0 1
239.966 0 2 0 0 1 1 1 0 0 1
268.72 0 1 0 0 1 1 0 0 1 1
291.759 0 1 0 0 0 0 1 0 1 1
334.101 0 2 0 0 0 0 2 0 0 1
350.033 0 1 0 0 0 0 1 0 1 1
376.134 0 2 0 0 0 0 2 0 0 1
392.874 0 1 0 0 0 0 1 0 1 1
402.435 0 0 0 0 0 0 0 0 2 1
407.919 0 1 0 0 0 0 1 0 1 1
409.713 0 2 0 0 0 0 2 0 0 1
446.819 0 1 0 0 0 0 1 0 1 1
467.991 0 0 0 0 0 0 0 0 2 1
474.467 0 1 0 0 0 0 1 0 1 1
486.228 0 2 0 0 0 0 2 0 0 1
537.905 0 1 0 0 0 0 1 0 1 1
570.817 0 2 0 0 0 0 2 0 0 1
593.197 0 1 0 0 0 0 1 0 1 1
609.484 0 2 0 0 0 0 2 0 0 1
632.004 0 1 0 0 0 0 1 0 1 1
644.487 0 2 0 0 0 0 2 0 0 1
644.921 0 2 0 0 1 1 1 0 0 1
656.613 0 1 0 0 0 1 1 1 0 1
676.22 0 0 0 0 0 1 0 1 1 1
686.631 0 0 1 1 0 0 0 1 1 1
697.537 0 1 1 1 0 0 1 1 0 1
698.666 0 2 1 1 1 0 1 0 0 1
700.495 0 1 1 1 1 0 0 0 1 1
701.731 0 2 1 1 1 0 1 0 0 1
710.725 0 1 1 1 0 0 1 1 0 1
753.832 0 2 1 1 1 0 1 0 0 1
762.605 0 1 1 1 0 0 1 1 0 1
762.72 0 1 0 0 0 1 1 1 0 1
764.959 0 1 1 1 0 0 1 1 0 1
779.471 0 0 1 1 0 0 0 1 1 1
821.673 0 1 1 1 0 0 1 1 0 1
859.649 0 1 0 0 0 1 1 1 0 1
916.488 0 2 0 0 1 1 1 0 0 1
923.762 1 3 0 0 0 1 1 0 0 1
924.761 0 2 0 0 1 1 1 0 0 1
927.889 0 1 0 0 0 1 1 1 0 1
940.033 0 2 0 0 1 1 1 0 0 1
956.017 1 3 0 0 0 1 1 0 0 1
990.44 0 2 0 0 1 1 1 0 0 1
1026.42 1 3 0 0 0 1 1 0 0 1
1030.5 1 2 0 0 0 1 0 0 1 1
1043.37 1 3 0 0 0 1 1 0 0 1
1044.65 1 2 0 0 0 1 0 0 1 1
1059.32 1 3 0 0 0 1 1 0 0 1
1059.88 0 2 0 0 1 1 1 0 0 1
1084.12 0 2 0 0 0 0 2 0 0 1
1112.38 0 1 0 0 0 0 1 0 1 1
1149.13 0 2 0 0 0 0 2 0 0 1
1175.53 0 2 0 0 1 1 1 0 0 1
1210.1 0 1 0 0 1 1 0 0 1 1
1210.1 0 2 0 0 1 1 1 0 0 1
1212.68 1 3 0 0 0 1 1 0 0 1
1218.71 0 2 0 0 1 1 1 0 0 1
1244.18 0 2 1 1 1 0 1 0 0 1
1256.69 0 1 1 1 1 0 0 0 1 1
1264.28 1 2 1 1 0 0 0 0 1 1
1270.88 0 1 1 1 1 0 0 0 1 1
1276.59 0 2 1 1 1 0 1 0 0 1
1286 0 1 1 1 1 0 0 0 1 1
1297.17 0 2 1 1 1 0 1 0 0 1
1322.07 1 3 1 1 0 0 1 0 0 1
1330.05 1 2 1 1 0 0 0 0 1 1
1355.18 1 3 1 1 0 0 1 0 0 1
1402.41 1 2 1 1 0 0 0 0 1 1
1409.86 0 1 1 1 1 0 0 0 1 1
1410.68 0 2 1 1 1 0 1 0 0 1
1449.2 1 3 1 1 0 0 1 0 0 1
1470.39 1 2 1 1 0 0 0 0 1 1
1575.69 1 3 1 1 0 0 1 0 0 1
1582.46 1 3 0 0 0 1 1 0 0 1
1586.47 0 2 0 0 1 1 1 0 0 1
1590.41 0 1 0 0 0 1 1 1 0 1
1616.62 0 1 1 1 0 0 1 1 0 1
1692.14 0 2 1 1 1 0 1 0 0 1
1701.21 0 1 1 1 0 0 1 1 0 1
1724.11 0 2 1 1 1 0 1 0 0 1
1745.5 0 1 1 1 1 0 0 0 1 1
1758.51 0 2 1 1 1 0 1 0 0 1
1841.3 0 1 1 1 0 0 1 1 0 1
1904.95 0 2 1 1 1 0 1 0 0 1
1911.64 0 2 0 0 1 1 1 0 0 1
1928.78 1 3 0 0 0 1 1 0 0 1
1930.44 1 2 0 0 0 1 0 0 1 1
1939.15 1 3 0 0 0 1 1 0 0 1
1973.54 0 2 0 0 1 1 1 0 0 1
1987.6 0 2 0 0 2 2 0 0 0 1
1992.52 0 2 0 0 1 1 1 0 0 1
2005.22 0 2 0 0 2 2 0 0 0 1
2009.4 1 3 0 0 1 2 0 0 0 1
2009.8 0 2 0 0 2 2 0 0 0 1
2027.07 1 3 0 0 1 2 0 0 0 1
2056.2 1 2 0 0 0 2 0 1 0 1
2063.76 1 2 0 0 0 1 0 0 0 2
2338.17 1 2 1 1 0 0 0 0 0 2
2617.31 0 1 1 1 1 0 0 0 0 2
2650.08 1 2 1 1 0 0 0 0 0 2
2706.05 1 2 0 0 0 1 0 0 0 2
2739.04 0 1 0 0 1 1 0 0 0 2
2768.02 0 1 0 0 0 0 1 0 0 2
2959.1 0 0 0 0 0 0 0 0 1 2
2986.9 0 1 0 0 0 0 1 0 0 2
2986.9 0 1 0 0 0 0 1 0 0 2
