0 3 6 3 3 0 0 0 0 0 0
2.29871 2 5 3 3 1 0 0 0 0 0
6.29449 1 4 3 3 2 0 0 0 0 0
11.2512 1 4 2 2 2 1 0 0 0 0
14.3154 0 3 2 2 3 1 0 0 0 0
15.6033 0 3 2 2 2 0 1 0 0 0
16.5438 0 2 2 2 2 0 0 0 1 0
25.4253 1 3 2 2 1 0 0 0 1 0
41.8578 1 4 2 2 1 0 1 0 0 0
48.9831 1 3 2 2 1 0 0 0 1 0
70.6785 0 2 2 2 2 0 0 0 1 0
71.6192 0 1 2 2 1 0 0 1 1 0
71.9075 0 1 1 1 1 1 0 1 1 0
79.0982 1 2 1 1 0 1 0 1 1 0
116.987 1 3 1 1 0 1 1 1 0 0
121.392 1 3 0 0 0 2 1 1 0 0
121.466 1 2 0 0 0 2 0 1 1 0
122.149 1 2 1 1 0 1 0 1 1 0
128.183 1 2 1 1 0 0 0 0 1 1
135.754 0 1 1 1 1 0 0 0 1 1
145.83 1 2 1 1 0 0 0 0 1 1
158.583 1 3 1 1 0 0 1 0 0 1
162.856 1 2 1 1 0 0 0 0 1 1
203.584 1 3 1 1 0 0 1 0 0 1
210.247 1 3 0 0 0 1 1 0 0 1
224.161 1 2 0 0 0 1 0 0 1 1
235.593 1 2 1 1 0 0 0 0 1 1
276.333 1 3 1 1 0 0 1 0 0 1
287.75 1 2 1 1 0 0 0 0 1 1
290.901 1 3 1 1 0 0 1 0 0 1
308.919 1 2 1 1 0 0 0 0 1 1
310.739 1 2 0 0 0 1 0 0 1 1
313.007 1 3 0 0 0 1 1 0 0 1
316.475 1 2 0 0 0 1 0 0 1 1
346.219 1 3 0 0 0 1 1 0 0 1
352.184 1 2 0 0 0 1 0 0 1 1
353.203 0 1 0 0 1 1 0 0 1 1
383.843 0 2 0 0 1 1 1 0 0 1
435.899 0 1 0 0 1 1 0 0 1 1
441.674 0 2 0 0 1 1 1 0 0 1
447.252 0 1 0 0 1 1 0 0 1 1
457.118 1 2 0 0 0 1 0 0 1 1
470.722 1 3 0 0 0 1 1 0 0 1
476.322 0 2 0 0 1 1 1 0 0 1
501.469 1 3 0 0 0 1 1 0 0 1
511.202 1 2 0 0 0 1 0 0 1 1
549.892 1 3 0 0 0 1 1 0 0 1
551.178 1 3 0 0 0 2 1 1 0 0
563.749 1 3 1 1 0 1 1 1 0 0
572.474 1 2 1 1 0 1 0 1 1 0
590.475 1 2 0 0 0 2 0 1 1 0
607.149 1 2 0 0 0 1 0 0 1 1
622.414 1 2 1 1 0 0 0 0 1 1
623.963 1 3 1 1 0 0 1 0 0 1
634.576 1 2 1 1 0 0 0 0 1 1
664.494 0 1 1 1 1 0 0 0 1 1
670.018 0 2 1 1 1 0 1 0 0 1
682.642 0 1 1 1 1 0 0 0 1 1
702.262 1 2 1 1 0 0 0 0 1 1
734.6 1 3 1 1 0 0 1 0 0 1
738.852 1 2 1 1 0 0 0 0 1 1
795.326 1 3 1 1 0 0 1 0 0 1
821.409 1 3 1 1 1 1 0 0 0 1
822.628 1 2 1 1 0 1 0 1 0 1
829.344 1 2 0 0 0 2 0 1 0 1
872.82 1 3 0 0 1 2 0 0 0 1
878.23 1 3 0 0 0 1 1 0 0 1
912.005 0 2 0 0 1 1 1 0 0 1
918.301 0 2 0 0 0 0 2 0 0 1
936.27 0 1 0 0 0 0 1 0 1 1
946.091 0 2 0 0 0 0 2 0 0 1
965.951 0 1 0 0 0 0 1 0 1 1
987.402 0 2 0 0 0 0 2 0 0 1
1005.64 0 1 0 0 0 0 1 0 1 1
1044.1 0 2 0 0 0 0 2 0 0 1
1097.59 0 2 0 0 1 1 1 0 0 1
1110.9 0 1 0 0 1 1 0 0 1 1
1112.68 0 2 0 0 1 1 1 0 0 1
1141.56 1 3 0 0 0 1 1 0 0 1
1167.92 1 3 1 1 0 0 1 0 0 1
1198 0 2 1 1 1 0 1 0 0 1
1200.68 1 3 1 1 0 0 1 0 0 1
1208.43 0 2 1 1 1 0 1 0 0 1
1211.06 0 1 1 1 1 0 0 0 1 1
1249.29 1 2 1 1 0 0 0 0 1 1
1260.34 1 3 1 1 0 0 1 0 0 1
1306.13 0 2 1 1 1 0 1 0 0 1
1352.2 0 1 1 1 0 0 1 1 0 1
1352.68 0 1 1 1 1 1 0 1 0 1
1385 0 1 1 1 0 0 1 1 0 1
1433.63 0 0 1 1 0 0 0 1 1 1
1472.96 0 1 1 1 0 0 1 1 0 1
1501.67 0 1 0 0 0 1 1 1 0 1
1531.45 0 1 1 1 0 0 1 1 0 1
1539.24 0 1 1 1 1 1 0 1 0 1
1550.35 0 2 1 1 2 1 0 0 0 1
1551.51 0 1 1 1 1 1 0 1 0 1
1554.94 1 2 1 1 0 1 0 1 0 1
1576.74 1 2 2 2 0 0 0 1 0 1
1579.33 1 2 1 1 0 1 0 1 0 1
1649.54 1 2 0 0 0 2 0 1 0 1
1681.95 0 1 0 0 1 2 0 1 0 1
1692.61 0 0 0 0 0 2 0 2 0 1
1701.02 0 0 0 0 0 1 0 1 0 2
1708.89 0 1 0 0 1 1 0 0 0 2
1722.24 0 1 0 0 0 0 1 0 0 2
1724.29 0 1 0 0 1 1 0 0 0 2
1731.18 1 2 0 0 0 1 0 0 0 2
1743.91 0 1 0 0 1 1 0 0 0 2
1832.57 1 2 0 0 0 1 0 0 0 2
1849.5 0 1 0 0 1 1 0 0 0 2
1864.73 1 2 0 0 0 1 0 0 0 2
1870.68 0 1 0 0 1 1 0 0 0 2
1921.53 0 0 0 0 0 1 0 1 0 2
2088.22 0 0 0 0 0 0 0 0 0 3
2088.22 0 0 0 0 0 0 0 0 0 3
