0 3 6 3 3 0 0 0 0 0 0
0.913764 3 6 2 2 0 1 0 0 0 0
1.86254 2 5 2 2 1 1 0 0 0 0
3.42955 1 4 2 2 2 1 0 0 0 0
7.14534 1 3 2 2 1 1 0 1 0 0
12.2316 0 2 2 2 2 1 0 1 0 0
14.968 1 3 2 2 1 1 0 1 0 0
25.5046 2 4 2 2 0 1 0 1 0 0
29.6555 2 4 1 1 0 2 0 1 0 0
29.9912 1 3 1 1 1 2 0 1 0 0
38.0217 1 2 1 1 0 2 0 2 0 0
53.3851 1 3 1 1 1 2 0 1 0 0
67.1601 1 3 2 2 1 1 0 1 0 0
76.5745 1 2 2 2 0 1 0 2 0 0
111.255 1 2 2 2 0 0 0 1 0 1
170.398 1 2 1 1 0 1 0 1 0 1
177.846 1 3 1 1 1 1 0 0 0 1
181.149 1 2 1 1 0 1 0 1 0 1
201.882 1 2 1 1 0 0 0 0 0 2
222.076 1 2 0 0 0 1 0 0 0 2
396.964 0 1 0 0 1 1 0 0 0 2
477.346 1 2 0 0 0 1 0 0 0 2
488.599 0 1 0 0 1 1 0 0 0 2
507.784 1 2 0 0 0 1 0 0 0 2
611.432 0 1 0 0 1 1 0 0 0 2
632.554 1 2 0 0 0 1 0 0 0 2
640.906 1 2 1 1 0 0 0 0 0 2
694.549 0 1 1 1 1 0 0 0 0 2
711.492 1 2 1 1 0 0 0 0 0 2
730.514 0 1 1 1 1 0 0 0 0 2
767.586 1 2 1 1 0 0 0 0 0 2
805.333 0 1 1 1 1 0 0 0 0 2
822.365 0 1 0 0 1 1 0 0 0 2
836.985 0 1 1 1 1 0 0 0 0 2
846.64 0 1 0 0 1 1 0 0 0 2
850.171 1 2 0 0 0 1 0 0 0 2
893.146 1 2 1 1 0 0 0 0 0 2
927.034 0 1 1 1 1 0 0 0 0 2
971.172 1 2 1 1 0 0 0 0 0 2
997.366 0 1 1 1 1 0 0 0 0 2
1027.54 0 1 1 1 1 1 0 1 0 1
1030.83 0 1 1 1 0 0 1 1 0 1
1043.95 0 1 0 0 0 1 1 1 0 1
1086.1 0 1 0 0 0 0 1 0 0 2
1112.68 0 1 0 0 1 1 0 0 0 2
1115.53 0 1 0 0 0 0 1 0 0 2
1164.58 0 0 0 0 0 0 0 0 1 2
1260.85 0 1 0 0 0 0 1 0 0 2
1318.32 0 0 0 0 0 0 0 0 1 2
1387.99 0 1 0 0 0 0 1 0 0 2
1407.49 0 1 0 0 1 1 0 0 0 2
1407.54 0 0 0 0 0 1 0 1 0 2
1412.71 0 0 1 1 0 0 0 1 0 2
1476.99 0 0 0 0 0 1 0 1 0 2
1513.37 0 1 0 0 1 1 0 0 0 2
1533.68 1 2 0 0 0 1 0 0 0 2
1539.09 0 1 0 0 1 1 0 0 0 2
1539.61 1 2 0 0 0 1 0 0 0 2
1583.21 0 1 0 0 1 1 0 0 0 2
1587.47 0 1 0 0 0 0 1 0 0 2
1812.57 0 1 0 0 1 1 0 0 0 2
1860.74 1 2 0 0 0 1 0 0 0 2
1982.73 0 1 0 0 1 1 0 0 0 2
1988.56 1 2 0 0 0 1 0 0 0 2
1998.9 1 2 1 1 0 0 0 0 0 2
2007.09 0 1 1 1 1 0 0 0 0 2
2011.68 1 2 1 1 0 0 0 0 0 2
2023.22 1 2 0 0 0 1 0 0 0 2
2076.83 0 1 0 0 1 1 0 0 0 2
2080.76 1 2 0 0 0 1 0 0 0 2
2363.71 0 1 0 0 1 1 0 0 0 2
2382.14 0 1 1 1 1 0 0 0 0 2
2399.58 1 2 1 1 0 0 0 0 0 2
2433.95 1 2 0 0 0 1 0 0 0 2
2452.06 0 1 0 0 1 1 0 0 0 2
2526.88 1 2 0 0 0 1 0 0 0 2
2660.5 0 1 0 0 1 1 0 0 0 2
2684.29 0 1 0 0 0 0 1 0 0 2
2766.69 0 0 0 0 0 0 0 0 1 2
2777.53 0 1 0 0 0 0 1 0 0 2
2777.53 0 1 0 0 0 0 1 0 0 2
