0 60 120 60 60 0 0 0 0 0 0
0.0137086 60 120 59 59 0 1 0 0 0 0
0.0301601 60 120 58 58 0 2 0 0 0 0
0.0305653 59 119 58 58 1 2 0 0 0 0
0.0342239 59 119 57 57 1 3 0 0 0 0
0.0521297 58 118 57 57 2 3 0 0 0 0
0.0601647 58 118 56 56 2 4 0 0 0 0
0.0732411 58 118 55 55 2 5 0 0 0 0
0.0754592 58 118 54 54 2 6 0 0 0 0
0.0800075 57 117 54 54 3 6 0 0 0 0
0.0931668 57 116 54 54 2 6 0 1 0 0
0.0969424 56 115 54 54 3 6 0 1 0 0
0.121231 55 114 54 54 4 6 0 1 0 0
0.140255 55 114 53 53 4 7 0 1 0 0
0.15029 54 113 53 53 5 7 0 1 0 0
0.151701 53 112 53 53 6 7 0 1 0 0
0.159778 52 111 53 53 7 7 0 1 0 0
0.175716 52 111 52 52 7 8 0 1 0 0
0.198733 51 110 52 52 8 8 0 1 0 0
0.213365 51 109 52 52 7 8 0 2 0 0
0.234935 51 109 51 51 7 9 0 2 0 0
0.242436 51 109 50 50 7 10 0 2 0 0
0.25318 51 108 50 50 6 10 0 3 0 0
0.26134 50 107 50 50 7 10 0 3 0 0
0.265105 49 106 50 50 8 10 0 3 0 0
0.266608 48 105 50 50 9 10 0 3 0 0
0.286214 48 105 49 49 9 11 0 3 0 0
0.291461 47 104 49 49 10 11 0 3 0 0
0.293385 47 103 49 49 9 11 0 4 0 0
0.310042 46 102 49 49 10 11 0 4 0 0
0.342108 45 101 49 49 11 11 0 4 0 0
0.344024 45 101 48 48 11 12 0 4 0 0
0.355251 44 100 48 48 12 12 0 4 0 0
0.364955 44 100 47 47 12 13 0 4 0 0
0.375841 44 99 47 47 11 13 0 5 0 0
0.382349 44 99 46 46 11 14 0 5 0 0
0.392361 43 98 46 46 12 14 0 5 0 0
0.402854 42 97 46 46 13 14 0 5 0 0
0.425187 41 96 46 46 14 14 0 5 0 0
0.441192 40 95 46 46 15 14 0 5 0 0
0.45533 39 94 46 46 16 14 0 5 0 0
0.480931 39 94 45 45 16 15 0 5 0 0
0.481 39 93 45 45 15 15 0 6 0 0
0.509061 39 92 45 45 14 15 0 7 0 0
0.50994 39 92 44 44 14 16 0 7 0 0
0.53546 38 91 44 44 15 16 0 7 0 0
0.53828 37 90 44 44 16 16 0 7 0 0
0.542158 36 89 44 44 17 16 0 7 0 0
0.560877 35 88 44 44 18 16 0 7 0 0
0.605216 35 87 44 44 17 16 0 8 0 0
0.62784 35 86 44 44 16 16 0 9 0 0
0.635401 35 85 44 44 15 16 0 10 0 0
0.683632 34 84 44 44 16 16 0 10 0 0
0.684376 33 83 44 44 17 16 0 10 0 0
0.703928 32 82 44 44 18 16 0 10 0 0
0.720259 32 81 44 44 17 16 0 11 0 0
0.727995 32 81 43 43 17 17 0 11 0 0
0.738674 32 81 42 42 17 18 0 11 0 0
0.747003 32 80 42 42 16 18 0 12 0 0
0.759257 32 80 41 41 16 19 0 12 0 0
0.778283 32 79 41 41 15 19 0 13 0 0
0.785139 31 78 41 41 16 19 0 13 0 0
0.884296 31 78 40 40 16 20 0 13 0 0
0.893286 30 77 40 40 17 20 0 13 0 0
0.89435 30 76 40 40 16 20 0 14 0 0
0.921713 29 75 40 40 17 20 0 14 0 0
0.934524 28 74 40 40 18 20 0 14 0 0
0.976425 28 74 40 40 17 19 1 14 0 0
1.00892 27 73 40 40 18 19 1 14 0 0
1.07007 27 73 40 40 17 18 2 14 0 0
1.08616 27 73 39 39 17 19 2 14 0 0
1.10209 26 72 39 39 18 19 2 14 0 0
1.13534 25 71 39 39 19 19 2 14 0 0
1.13717 25 71 39 39 19 18 2 13 0 1
1.13723 25 71 38 38 19 19 2 13 0 1
1.15034 25 71 37 37 19 20 2 13 0 1
1.17677 25 71 36 36 19 21 2 13 0 1
1.18487 25 71 35 35 19 22 2 13 0 1
1.18704 25 71 34 34 19 23 2 13 0 1
1.19348 25 70 34 34 18 23 2 14 0 1
1.23558 24 69 34 34 19 23 2 14 0 1
1.2859 24 68 34 34 18 23 2 15 0 1
1.34262 24 68 33 33 18 24 2 15 0 1
1.36197 24 68 32 32 18 25 2 15 0 1
1.38208 24 68 32 32 17 24 3 15 0 1
1.45536 23 67 32 32 18 24 3 15 0 1
1.51044 23 67 32 32 17 23 4 15 0 1
1.55037 23 67 31 31 17 24 4 15 0 1
1.55817 22 66 31 31 18 24 4 15 0 1
1.58644 22 65 31 31 17 24 4 16 0 1
1.59705 22 66 31 31 18 24 4 15 0 1
1.64491 21 65 31 31 19 24 4 15 0 1
1.67645 21 65 31 31 19 23 4 14 0 2
1.70009 20 64 31 31 20 23 4 14 0 2
1.731 19 63 31 31 21 23 4 14 0 2
1.78908 19 63 31 31 20 22 5 14 0 2
1.82054 19 63 30 30 20 23 5 14 0 2
1.8495 19 63 30 30 19 22 6 14 0 2
1.8624 19 63 30 30 19 21 6 13 0 3
1.86542 18 62 30 30 20 21 6 13 0 3
1.88763 18 62 31 31 20 20 6 13 0 3
1.94074 18 61 31 31 20 20 5 13 1 3
1.95717 18 61 30 30 20 21 5 13 1 3
2.0394 18 61 29 29 20 22 5 13 1 3
2.05413 18 61 28 28 20 23 5 13 1 3
2.11907 18 61 27 27 20 24 5 13 1 3
2.14452 18 61 26 26 20 25 5 13 1 3
2.17338 18 60 26 26 19 25 5 14 1 3
2.21647 18 60 26 26 19 24 5 13 1 4
2.29862 18 59 26 26 18 24 5 14 1 4
2.36964 17 58 26 26 19 24 5 14 1 4
2.42127 17 58 26 26 18 23 6 14 1 4
2.44204 17 57 26 26 18 23 5 14 2 4
2.62084 16 56 26 26 19 23 5 14 2 4
2.64366 16 56 26 26 19 22 5 13 2 5
2.67895 15 55 26 26 20 22 5 13 2 5
2.68258 15 54 26 26 20 22 4 13 3 5
2.69618 15 54 26 26 19 21 5 13 3 5
2.82032 15 53 26 26 18 21 5 14 3 5
2.82482 15 52 26 26 17 21 5 15 3 5
2.88044 14 51 26 26 18 21 5 15 3 5
3.01612 14 50 26 26 17 21 5 16 3 5
3.05721 14 50 26 26 16 20 6 16 3 5
3.08257 14 49 26 26 15 20 6 17 3 5
3.12904 14 48 26 26 14 20 6 18 3 5
3.17969 14 48 26 26 13 19 7 18 3 5
3.18397 14 47 26 26 13 19 6 18 4 5
3.42941 14 47 26 26 12 18 7 18 4 5
3.50412 13 46 26 26 13 18 7 18 4 5
3.52055 13 45 26 26 12 18 7 19 4 5
3.52399 12 44 26 26 13 18 7 19 4 5
3.53407 12 44 26 26 13 17 7 18 4 6
3.55173 12 44 26 26 12 16 8 18 4 6
3.60531 12 43 26 26 11 16 8 19 4 6
3.66614 12 43 25 25 11 17 8 19 4 6
3.71005 12 42 25 25 11 17 7 19 5 6
3.77733 12 42 25 25 10 16 8 19 5 6
3.83968 12 41 25 25 9 16 8 20 5 6
3.842 12 41 25 25 9 15 8 19 5 7
3.90104 12 41 24 24 9 16 8 19 5 7
3.93577 12 40 24 24 8 16 8 20 5 7
3.94808 12 40 23 23 8 17 8 20 5 7
4.02577 12 40 23 23 8 16 8 19 5 8
4.02835 12 40 23 23 7 15 9 19 5 8
4.03957 12 39 23 23 7 15 8 19 6 8
4.12572 12 38 23 23 6 15 8 20 6 8
4.14136 11 37 23 23 7 15 8 20 6 8
4.17454 11 37 23 23 6 14 9 20 6 8
4.20716 11 38 23 23 7 14 9 19 6 8
4.29764 12 39 23 23 6 14 9 19 6 8
4.39319 12 38 23 23 5 14 9 20 6 8
4.43453 12 37 23 23 5 14 8 20 7 8
4.54766 12 37 23 23 5 13 8 19 7 9
4.65186 11 36 23 23 6 13 8 19 7 9
4.66882 11 35 23 23 6 13 7 19 8 9
4.72345 11 35 22 22 6 14 7 19 8 9
4.80927 11 35 21 21 6 15 7 19 8 9
4.82296 11 34 21 21 6 15 6 19 9 9
4.98171 11 34 21 21 6 14 6 18 9 10
5.14811 11 35 21 21 7 14 6 17 9 10
5.20764 11 35 20 20 7 15 6 17 9 10
5.22977 11 35 19 19 7 16 6 17 9 10
5.28426 11 35 18 18 7 17 6 17 9 10
5.30379 10 34 18 18 8 17 6 17 9 10
5.38636 9 33 18 18 9 17 6 17 9 10
5.57109 9 32 18 18 8 17 6 18 9 10
5.59233 9 31 18 18 7 17 6 19 9 10
5.74822 9 32 18 18 8 17 6 18 9 10
5.79779 9 32 18 18 7 16 7 18 9 10
5.95597 9 32 17 17 7 17 7 18 9 10
6.23006 9 31 17 17 6 17 7 19 9 10
6.25953 9 31 16 16 6 18 7 19 9 10
6.26126 9 30 16 16 6 18 6 19 10 10
6.70939 8 29 16 16 7 18 6 19 10 10
6.80525 7 28 16 16 8 18 6 19 10 10
7.01799 7 28 16 16 8 17 6 18 10 11
7.07546 7 28 16 16 8 16 6 17 10 12
7.28568 6 27 16 16 9 16 6 17 10 12
7.42539 7 28 16 16 8 16 6 17 10 12
7.57629 7 27 16 16 7 16 6 18 10 12
7.57777 7 27 15 15 7 17 6 18 10 12
7.72287 7 27 15 15 7 16 6 17 10 13
8.17832 7 26 15 15 7 16 5 17 11 13
8.20901 7 25 15 15 6 16 5 18 11 13
8.22686 7 26 15 15 6 16 6 18 10 13
8.23302 7 26 15 15 6 15 6 17 10 14
8.29365 7 25 15 15 5 15 6 18 10 14
8.44633 7 24 15 15 4 15 6 19 10 14
8.62645 7 24 14 14 4 16 6 19 10 14
8.67062 7 24 14 14 4 15 6 18 10 15
8.77802 7 24 14 14 4 14 6 17 10 16
8.88334 6 23 14 14 5 14 6 17 10 16
8.93376 6 22 14 14 4 14 6 18 10 16
9.27453 6 23 14 14 4 14 7 18 9 16
9.36466 6 23 13 13 4 15 7 18 9 16
9.43718 6 22 13 13 4 15 6 18 10 16
9.49422 6 22 13 13 4 14 6 17 10 17
9.68674 6 22 13 13 4 13 6 16 10 18
9.88083 5 21 13 13 5 13 6 16 10 18
10.0858 5 21 12 12 5 14 6 16 10 18
10.0882 5 21 11 11 5 15 6 16 10 18
10.5295 5 20 11 11 4 15 6 17 10 18
10.547 5 19 11 11 4 15 5 17 11 18
10.8507 5 19 10 10 4 16 5 17 11 18
10.9233 6 20 10 10 3 16 5 17 11 18
10.9701 5 19 10 10 4 16 5 17 11 18
11.0308 5 19 9 9 4 17 5 17 11 18
11.3986 5 18 9 9 4 17 4 17 12 18
11.4311 5 18 8 8 4 18 4 17 12 18
11.6113 5 17 8 8 4 18 3 17 13 18
11.7231 5 18 8 8 4 18 4 17 12 18
11.7479 5 18 8 8 3 17 5 17 12 18
11.7862 5 18 7 7 3 18 5 17 12 18
11.8035 4 17 7 7 4 18 5 17 12 18
12.099 4 17 7 7 3 17 6 17 12 18
12.3568 4 17 7 7 2 16 7 17 12 18
12.5369 4 16 7 7 2 16 6 17 13 18
12.5915 4 15 7 7 2 16 5 17 14 18
12.6755 4 16 7 7 2 16 6 17 13 18
12.8407 4 15 7 7 2 16 5 17 14 18
12.883 4 15 7 7 1 15 6 17 14 18
13.0719 4 15 7 7 1 14 6 16 14 19
13.2681 4 15 7 7 1 13 6 15 14 20
13.2881 4 14 7 7 1 13 5 15 15 20
13.3593 4 13 7 7 1 13 4 15 16 20
13.4858 4 12 7 7 1 13 3 15 17 20
13.8984 4 12 7 7 1 12 3 14 17 21
14.0976 3 11 7 7 2 12 3 14 17 21
14.2278 3 11 7 7 2 11 3 13 17 22
14.8307 3 12 7 7 2 11 4 13 16 22
14.9813 3 12 7 7 2 10 4 12 16 23
16.1041 2 11 7 7 3 10 4 12 16 23
16.2029 2 12 7 7 3 10 5 12 15 23
16.5517 2 11 7 7 2 10 5 13 15 23
16.6501 2 12 7 7 2 10 6 13 14 23
16.7393 2 12 7 7 2 9 6 12 14 24
18.2146 2 12 7 7 1 8 7 12 14 24
19.076 2 11 7 7 0 8 7 13 14 24
19.1853 1 10 7 7 1 8 7 13 14 24
19.3027 1 10 7 7 1 7 7 12 14 25
19.7982 1 9 7 7 1 7 6 12 15 25
19.8778 1 9 7 7 1 6 6 11 15 26
19.9359 1 8 7 7 1 6 5 11 16 26
20.1837 1 8 7 7 1 5 5 10 16 27
20.303 1 9 7 7 1 5 6 10 15 27
20.7778 1 8 7 7 1 5 5 10 16 27
21.6611 1 8 7 7 1 4 5 9 16 28
22.1105 1 9 7 7 1 4 6 9 15 28
22.892 1 10 7 7 1 4 7 9 14 28
23.4123 1 11 7 7 2 4 7 8 14 28
23.6602 1 11 6 6 2 5 7 8 14 28
23.9402 1 11 6 6 2 4 7 7 14 29
24.5137 1 11 6 6 2 3 7 6 14 30
25.9235 1 11 5 5 2 4 7 6 14 30
26.1315 1 12 5 5 2 4 8 6 13 30
26.3837 1 13 5 5 3 4 8 5 13 30
27.1527 1 12 5 5 3 4 7 5 14 30
27.4591 1 12 4 4 3 5 7 5 14 30
27.5665 1 12 4 4 2 4 8 5 14 30
27.8194 1 12 4 4 2 3 8 4 14 31
27.865 0 11 4 4 3 3 8 4 14 31
29.843 0 10 4 4 3 3 7 4 15 31
30.3411 0 9 4 4 2 3 7 5 15 31
32.3389 0 10 4 4 2 3 8 5 14 31
33.1208 0 9 4 4 2 3 7 5 15 31
33.3855 0 10 4 4 2 3 8 5 14 31
33.7669 0 9 4 4 2 3 7 5 15 31
34.2348 0 10 4 4 2 3 8 5 14 31
34.3021 0 10 4 4 2 2 8 4 14 32
34.3282 0 10 4 4 2 1 8 3 14 33
34.9769 0 9 4 4 1 1 8 4 14 33
35.3971 0 9 4 4 2 2 7 4 14 33
38.2566 0 8 4 4 2 2 6 4 15 33
38.5694 0 9 4 4 2 2 7 4 14 33
39.5049 0 8 4 4 2 2 6 4 15 33
40.1535 0 7 4 4 2 2 5 4 16 33
41.1345 1 8 4 4 1 2 5 4 16 33
42.085 1 9 4 4 1 2 6 4 15 33
42.1159 1 8 4 4 1 2 5 4 16 33
42.7793 1 7 4 4 1 2 4 4 17 33
42.9912 1 7 3 3 1 3 4 4 17 33
44.7377 1 6 3 3 0 3 4 5 17 33
45.7096 1 7 3 3 0 3 5 5 16 33
47.1345 1 6 3 3 0 3 4 5 17 33
48.6025 1 5 3 3 0 3 3 5 18 33
48.7723 1 6 3 3 0 3 4 5 17 33
49.0581 1 7 3 3 0 3 5 5 16 33
50.5168 1 8 3 3 0 3 6 5 15 33
51.0256 1 9 3 3 0 3 7 5 14 33
51.4398 1 10 3 3 0 3 8 5 13 33
52.7523 0 9 3 3 1 3 8 5 13 33
55.4165 0 8 3 3 0 3 8 6 13 33
55.9858 0 7 3 3 0 3 7 6 14 33
57.2646 0 7 3 3 0 2 7 5 14 34
57.5893 0 8 3 3 0 2 8 5 13 34
57.8893 0 8 3 3 0 1 8 4 13 35
58.0937 0 9 3 3 0 1 9 4 12 35
58.2583 0 8 3 3 0 1 8 4 13 35
58.9298 0 8 2 2 0 2 8 4 13 35
59.7314 0 9 2 2 0 2 9 4 12 35
61.1139 0 8 2 2 0 2 8 4 13 35
62.2102 0 9 2 2 0 2 9 4 12 35
62.5309 0 8 2 2 0 2 8 4 13 35
62.8632 0 7 2 2 0 2 7 4 14 35
63.8462 0 6 2 2 0 2 6 4 15 35
66.8447 0 7 2 2 0 2 7 4 14 35
67.9912 0 6 2 2 0 2 6 4 15 35
72.4427 0 7 2 2 0 2 7 4 14 35
73.2834 0 6 2 2 0 2 6 4 15 35
74.6481 0 5 2 2 0 2 5 4 16 35
74.7296 0 6 2 2 1 2 5 3 16 35
75.2004 0 7 2 2 1 2 6 3 15 35
75.3707 0 7 3 3 1 1 6 3 15 35
75.4775 0 6 3 3 1 1 5 3 16 35
76.2175 0 5 3 3 0 1 5 4 16 35
80.4368 0 6 3 3 0 1 6 4 15 35
81.0182 0 5 3 3 0 1 5 4 16 35
81.5496 0 4 3 3 0 1 4 4 17 35
81.7613 0 5 3 3 0 1 5 4 16 35
82.543 0 4 3 3 0 1 4 4 17 35
83.1189 0 5 3 3 0 1 5 4 16 35
83.4425 0 6 3 3 0 1 6 4 15 35
83.8979 0 7 3 3 0 1 7 4 14 35
84.1799 0 6 3 3 0 1 6 4 15 35
88.4366 0 6 2 2 0 2 6 4 15 35
90.0164 0 7 2 2 0 2 7 4 14 35
93.5982 0 8 2 2 0 2 8 4 13 35
93.9515 0 9 2 2 0 2 9 4 12 35
94.9038 0 9 2 2 0 1 9 3 12 36
96.3745 0 10 2 2 0 1 10 3 11 36
96.4622 0 9 2 2 0 1 9 3 12 36
97.0681 0 8 2 2 0 1 8 3 13 36
97.6536 0 7 2 2 0 1 7 3 14 36
97.9592 0 6 2 2 0 1 6 3 15 36
98.8416 0 5 2 2 0 1 5 3 16 36
99.4634 0 4 2 2 0 1 4 3 17 36
99.7174 0 5 2 2 0 1 5 3 16 36
104.938 0 6 2 2 0 1 6 3 15 36
107.353 0 7 2 2 0 1 7 3 14 36
107.966 0 6 2 2 0 1 6 3 15 36
108.213 0 7 2 2 0 1 7 3 14 36
110.771 0 8 2 2 0 1 8 3 13 36
111.18 0 9 2 2 0 1 9 3 12 36
111.497 0 10 2 2 1 1 9 2 12 36
112.326 0 11 2 2 1 1 10 2 11 36
112.484 0 10 2 2 1 1 9 2 12 36
114.225 0 9 2 2 1 1 8 2 13 36
114.498 0 10 2 2 1 1 9 2 12 36
115.138 0 9 2 2 1 1 8 2 13 36
117.78 0 10 2 2 1 1 9 2 12 36
118.025 0 10 2 2 2 2 8 2 12 36
118.035 0 9 2 2 1 2 8 3 12 36
118.035 0 9 1 1 1 3 8 3 12 36
121.058 0 8 1 1 1 3 7 3 13 36
121.299 0 9 1 1 1 3 8 3 12 36
122.439 0 9 1 1 1 2 8 2 12 37
123.299 0 8 1 1 1 2 7 2 13 37
124.171 0 7 1 1 1 2 6 2 14 37
126.382 0 6 1 1 1 2 5 2 15 37
130.551 0 7 1 1 1 2 6 2 14 37
136.287 0 8 1 1 1 2 7 2 13 37
136.597 0 7 1 1 1 2 6 2 14 37
138.66 0 7 2 2 1 1 6 2 14 37
138.926 0 8 2 2 1 1 7 2 13 37
138.985 0 9 2 2 1 1 8 2 12 37
139.61 0 10 2 2 1 1 9 2 11 37
140.22 0 9 2 2 1 1 8 2 12 37
141.534 0 8 2 2 1 1 7 2 13 37
142.24 0 7 2 2 1 1 6 2 14 37
142.794 0 6 2 2 1 1 5 2 15 37
142.981 0 7 2 2 1 1 6 2 14 37
143.177 0 6 2 2 1 1 5 2 15 37
144.997 0 5 2 2 1 1 4 2 16 37
146.583 0 5 2 2 2 2 3 2 16 37
147.78 1 6 2 2 1 2 3 2 16 37
148.026 1 6 3 3 1 1 3 2 16 37
150.349 1 7 3 3 1 1 4 2 15 37
151.14 1 6 3 3 1 1 3 2 16 37
151.149 1 5 3 3 1 1 2 2 17 37
151.33 1 6 3 3 1 1 3 2 16 37
154.193 2 7 3 3 0 1 3 2 16 37
154.735 2 8 3 3 0 1 4 2 15 37
154.91 2 9 3 3 0 1 5 2 14 37
158.36 2 8 3 3 0 1 4 2 15 37
160.7 2 9 3 3 0 1 5 2 14 37
161.204 2 10 3 3 0 1 6 2 13 37
161.852 2 9 3 3 0 1 5 2 14 37
163.462 2 10 3 3 0 1 6 2 13 37
163.822 2 9 3 3 0 1 5 2 14 37
168.885 1 8 3 3 1 1 5 2 14 37
169.168 1 9 3 3 1 1 6 2 13 37
170.071 1 10 3 3 1 1 7 2 12 37
170.96 1 11 3 3 1 1 8 2 11 37
172.425 1 10 3 3 1 1 7 2 12 37
174.414 0 9 3 3 2 1 7 2 12 37
175.553 0 8 3 3 2 1 6 2 13 37
176.518 0 9 3 3 2 1 7 2 12 37
176.801 0 8 3 3 2 1 6 2 13 37
177.109 0 9 3 3 2 1 7 2 12 37
177.657 0 10 3 3 2 1 8 2 11 37
178.448 0 9 3 3 2 1 7 2 12 37
178.67 0 10 3 3 2 1 8 2 11 37
179.161 0 11 3 3 2 1 9 2 10 37
179.634 0 10 3 3 2 1 8 2 11 37
180.34 0 9 3 3 2 1 7 2 12 37
181.686 0 8 3 3 2 1 6 2 13 37
182.722 0 9 3 3 2 1 7 2 12 37
185.685 0 10 3 3 2 1 8 2 11 37
186.376 0 9 3 3 2 1 7 2 12 37
191.116 0 8 3 3 1 1 7 3 12 37
192.792 0 7 3 3 1 1 6 3 13 37
193.205 0 8 3 3 1 1 7 3 12 37
195.046 0 7 3 3 1 1 6 3 13 37
195.372 0 8 3 3 1 1 7 3 12 37
197.273 0 7 3 3 1 1 6 3 13 37
197.661 0 7 3 3 2 2 5 3 13 37
198.621 0 7 3 3 2 1 5 2 13 38
199.735 0 8 3 3 2 1 6 2 12 38
200.581 0 9 3 3 2 1 7 2 11 38
202.528 0 10 3 3 2 1 8 2 10 38
203.302 0 9 3 3 2 1 7 2 11 38
203.319 0 10 3 3 2 1 8 2 10 38
203.407 0 10 2 2 2 2 8 2 10 38
204.178 0 9 2 2 2 2 7 2 11 38
205.66 0 8 2 2 2 2 6 2 12 38
205.854 0 7 2 2 2 2 5 2 13 38
206.288 0 7 3 3 2 1 5 2 13 38
206.404 0 8 3 3 2 1 6 2 12 38
206.523 0 9 3 3 2 1 7 2 11 38
206.871 0 9 2 2 2 2 7 2 11 38
206.978 0 8 2 2 2 2 6 2 12 38
207.597 0 7 2 2 2 2 5 2 13 38
207.797 0 8 2 2 2 2 6 2 12 38
209.471 0 7 2 2 2 2 5 2 13 38
209.796 0 6 2 2 2 2 4 2 14 38
212.847 0 5 2 2 2 2 3 2 15 38
213.436 0 5 2 2 1 1 4 2 15 38
213.67 0 6 2 2 1 1 5 2 14 38
217.017 0 5 2 2 1 1 4 2 15 38
217.271 0 4 2 2 0 1 4 3 15 38
217.964 0 5 2 2 0 1 5 3 14 38
218.614 0 4 2 2 0 1 4 3 15 38
221.472 0 5 2 2 0 1 5 3 14 38
224.902 0 5 1 1 0 2 5 3 14 38
227.541 0 6 1 1 0 2 6 3 13 38
231.672 0 5 1 1 0 2 5 3 14 38
234.513 0 6 1 1 0 2 6 3 13 38
236.061 0 7 1 1 0 2 7 3 12 38
237.007 0 7 1 1 0 1 7 2 12 39
239.053 0 6 1 1 0 1 6 2 13 39
239.431 0 5 1 1 0 1 5 2 14 39
241.183 0 6 1 1 0 1 6 2 13 39
242.775 0 5 1 1 0 1 5 2 14 39
242.983 0 6 1 1 0 1 6 2 13 39
244.415 0 7 1 1 0 1 7 2 12 39
245.023 0 8 1 1 0 1 8 2 11 39
246.281 0 7 1 1 0 1 7 2 12 39
248.179 0 7 1 1 0 0 7 1 12 40
248.589 0 6 1 1 0 0 6 1 13 40
249.659 0 7 1 1 0 0 7 1 12 40
254.103 0 7 1 1 1 1 6 1 12 40
254.27 0 6 1 1 1 1 5 1 13 40
258.184 0 5 1 1 1 1 4 1 14 40
261.697 0 6 1 1 1 1 5 1 13 40
262.339 0 5 1 1 1 1 4 1 14 40
262.94 0 6 1 1 1 1 5 1 13 40
263.824 0 7 1 1 1 1 6 1 12 40
264.229 0 8 1 1 1 1 7 1 11 40
267.556 0 8 1 1 2 2 6 1 11 40
269.523 0 7 1 1 2 2 5 1 12 40
271.09 0 8 1 1 2 2 6 1 11 40
272.293 0 8 2 2 2 1 6 1 11 40
272.329 0 7 2 2 1 1 6 2 11 40
277.732 0 8 2 2 1 1 7 2 10 40
277.975 0 7 2 2 1 1 6 2 11 40
278.719 0 8 2 2 1 1 7 2 10 40
278.772 0 7 2 2 1 1 6 2 11 40
278.81 0 7 1 1 1 2 6 2 11 40
279.503 0 6 1 1 1 2 5 2 12 40
280.431 0 5 1 1 1 2 4 2 13 40
282.033 0 4 1 1 1 2 3 2 14 40
282.962 0 5 1 1 1 2 4 2 13 40
286.671 0 4 1 1 0 2 4 3 13 40
287.401 0 3 1 1 0 2 3 3 14 40
287.728 0 4 1 1 0 2 4 3 13 40
288.793 0 3 1 1 0 2 3 3 14 40
289.806 0 4 1 1 0 2 4 3 13 40
290.497 0 5 1 1 0 2 5 3 12 40
292.072 0 6 1 1 0 2 6 3 11 40
294.41 0 5 1 1 0 2 5 3 12 40
297.601 0 6 1 1 0 2 6 3 11 40
297.656 0 5 1 1 0 2 5 3 12 40
300.78 0 6 1 1 0 2 6 3 11 40
304.518 0 7 1 1 0 2 7 3 10 40
304.545 0 7 1 1 1 3 6 3 10 40
304.752 0 6 1 1 1 3 5 3 11 40
305.233 0 6 1 1 1 2 5 2 11 41
308.264 0 7 1 1 1 2 6 2 10 41
308.903 0 8 1 1 1 2 7 2 9 41
309.075 0 7 1 1 1 2 6 2 10 41
309.957 0 6 1 1 1 2 5 2 11 41
310.969 0 6 0 0 1 3 5 2 11 41
313.336 0 5 0 0 1 3 4 2 12 41
314.303 0 6 0 0 1 3 5 2 11 41
314.689 0 7 0 0 1 3 6 2 10 41
315.252 0 8 0 0 1 3 7 2 9 41
316.314 1 9 0 0 0 3 7 2 9 41
316.416 1 8 0 0 0 3 6 2 10 41
317.196 1 9 0 0 0 3 7 2 9 41
319.149 1 8 0 0 0 3 6 2 10 41
319.928 1 9 0 0 1 3 6 1 10 41
320.188 1 8 0 0 1 3 5 1 11 41
321.376 1 9 0 0 1 3 6 1 10 41
321.446 1 10 0 0 1 3 7 1 9 41
321.924 1 11 0 0 1 3 8 1 8 41
322.809 1 10 0 0 1 3 7 1 9 41
324.626 1 11 0 0 1 3 8 1 8 41
326.593 1 10 0 0 1 3 7 1 9 41
326.673 1 9 0 0 0 3 7 2 9 41
326.914 1 10 0 0 0 3 8 2 8 41
328.183 1 9 0 0 0 3 7 2 9 41
328.896 1 9 0 0 1 4 6 2 9 41
334.298 1 8 0 0 1 4 5 2 10 41
336.515 1 8 0 0 1 3 5 1 10 42
337.63 1 7 0 0 1 3 4 1 11 42
344.055 1 8 0 0 1 3 5 1 10 42
345.541 1 9 0 0 1 3 6 1 9 42
348.107 1 9 1 1 1 2 6 1 9 42
348.551 0 8 1 1 2 2 6 1 9 42
349.17 0 7 1 1 2 2 5 1 10 42
349.423 0 8 1 1 2 2 6 1 9 42
350.604 0 9 1 1 2 2 7 1 8 42
350.907 0 8 1 1 2 2 6 1 9 42
352.419 0 9 1 1 2 2 7 1 8 42
355.688 0 8 1 1 2 2 6 1 9 42
356.971 0 7 1 1 2 2 5 1 10 42
357.882 0 8 1 1 2 2 6 1 9 42
357.943 0 7 1 1 1 2 6 2 9 42
359.731 0 6 1 1 1 2 5 2 10 42
359.733 0 7 1 1 1 2 6 2 9 42
361.006 0 7 0 0 1 3 6 2 9 42
361.787 0 8 0 0 1 3 7 2 8 42
362.054 0 8 1 1 1 2 7 2 8 42
363.515 0 7 1 1 1 2 6 2 9 42
364.07 0 8 1 1 1 2 7 2 8 42
364.458 0 7 1 1 1 2 6 2 9 42
364.766 0 6 1 1 1 2 5 2 10 42
365.977 0 7 1 1 1 2 6 2 9 42
366.834 0 8 1 1 1 2 7 2 8 42
368.781 0 7 1 1 0 2 7 3 8 42
369.185 0 7 1 1 0 1 7 2 8 43
369.404 0 6 1 1 0 1 6 2 9 43
371.115 0 7 1 1 0 1 7 2 8 43
371.625 0 7 1 1 1 2 6 2 8 43
371.791 0 8 1 1 1 2 7 2 7 43
373.637 0 7 1 1 1 2 6 2 8 43
374.109 0 8 1 1 1 2 7 2 7 43
374.229 0 7 1 1 1 2 6 2 8 43
375.541 0 6 1 1 1 2 5 2 9 43
375.623 0 6 1 1 0 1 6 2 9 43
380.308 0 7 1 1 0 1 7 2 8 43
381.333 0 8 1 1 0 1 8 2 7 43
381.738 0 9 1 1 0 1 9 2 6 43
382.886 0 8 1 1 0 1 8 2 7 43
383.567 0 7 1 1 0 1 7 2 8 43
383.898 0 6 1 1 0 1 6 2 9 43
388.399 0 7 1 1 0 1 7 2 8 43
389.275 0 6 1 1 0 1 6 2 9 43
390.515 0 5 1 1 0 1 5 2 10 43
390.56 0 5 1 1 0 0 5 1 10 44
390.683 0 4 1 1 0 0 4 1 11 44
391.702 0 5 1 1 0 0 5 1 10 44
391.812 0 6 1 1 0 0 6 1 9 44
395.192 0 5 1 1 0 0 5 1 10 44
395.875 0 4 1 1 0 0 4 1 11 44
397.966 0 5 1 1 0 0 5 1 10 44
398.519 0 6 1 1 0 0 6 1 9 44
399.446 0 6 1 1 1 1 5 1 9 44
399.943 0 7 1 1 1 1 6 1 8 44
400.446 0 6 1 1 1 1 5 1 9 44
401.587 0 6 1 1 2 2 4 1 9 44
402.248 0 6 1 1 3 3 3 1 9 44
404.884 0 5 1 1 3 3 2 1 10 44
404.988 0 6 1 1 3 3 3 1 9 44
406.186 0 7 1 1 3 3 4 1 8 44
406.273 0 6 1 1 2 3 4 2 8 44
409.598 1 7 1 1 1 3 4 2 8 44
409.621 0 6 1 1 2 3 4 2 8 44
415.467 0 5 1 1 2 3 3 2 9 44
417.054 0 6 1 1 2 3 4 2 8 44
419.432 0 7 1 1 2 3 5 2 7 44
420.513 0 8 1 1 2 3 6 2 6 44
421.299 0 8 0 0 2 4 6 2 6 44
422.387 0 7 0 0 2 4 5 2 7 44
422.468 0 6 0 0 2 4 4 2 8 44
423.27 0 6 0 0 2 3 4 1 8 45
424.081 0 5 0 0 2 3 3 1 9 45
424.147 0 6 0 0 2 3 4 1 8 45
425.64 0 7 0 0 2 3 5 1 7 45
427.193 0 8 0 0 2 3 6 1 6 45
427.476 0 7 0 0 2 3 5 1 7 45
430.268 0 8 0 0 2 3 6 1 6 45
430.584 0 7 0 0 2 3 5 1 7 45
430.689 0 8 0 0 2 3 6 1 6 45
432.528 0 7 0 0 2 3 5 1 7 45
433.502 0 6 0 0 1 3 5 2 7 45
433.554 0 7 0 0 1 3 6 2 6 45
435.12 0 6 0 0 0 3 6 3 6 45
435.243 0 7 0 0 0 3 7 3 5 45
435.729 0 8 0 0 0 3 8 3 4 45
436.019 0 7 0 0 0 3 7 3 5 45
437.876 0 6 0 0 0 3 6 3 6 45
439.129 0 5 0 0 0 3 5 3 7 45
443.096 0 6 0 0 0 3 6 3 6 45
446.382 0 5 0 0 0 3 5 3 7 45
447.249 0 6 0 0 0 3 6 3 6 45
447.876 0 7 0 0 0 3 7 3 5 45
448.169 0 6 0 0 0 3 6 3 6 45
448.42 0 7 0 0 0 3 7 3 5 45
450.492 0 6 0 0 0 3 6 3 6 45
456.632 0 7 0 0 0 3 7 3 5 45
457.677 0 8 0 0 1 3 7 2 5 45
458.206 0 9 0 0 1 3 8 2 4 45
459.065 0 8 0 0 1 3 7 2 5 45
459.848 0 7 0 0 1 3 6 2 6 45
460.972 0 6 0 0 1 3 5 2 7 45
462.174 0 7 0 0 1 3 6 2 6 45
462.624 0 8 0 0 1 3 7 2 5 45
462.647 0 9 0 0 1 3 8 2 4 45
462.954 0 8 0 0 1 3 7 2 5 45
464.64 0 7 0 0 1 3 6 2 6 45
468.993 0 8 0 0 1 3 7 2 5 45
471.644 0 9 0 0 1 3 8 2 4 45
472.672 0 10 0 0 2 3 8 1 4 45
473.156 0 9 0 0 1 3 8 2 4 45
476.252 0 8 0 0 0 3 8 3 4 45
477.504 0 7 0 0 0 3 7 3 5 45
478.195 0 6 0 0 0 3 6 3 6 45
479.764 0 5 0 0 0 3 5 3 7 45
480.573 0 6 0 0 0 3 6 3 6 45
482.622 0 5 0 0 0 3 5 3 7 45
484.974 0 6 0 0 0 3 6 3 6 45
485.286 0 6 0 0 0 4 6 4 6 44
485.854 0 7 0 0 0 4 7 4 5 44
486.097 0 6 0 0 0 4 6 4 6 44
486.211 0 5 0 0 0 4 5 4 7 44
486.521 0 6 0 0 1 4 5 3 7 44
490.769 0 7 0 0 1 4 6 3 6 44
490.996 0 6 0 0 0 4 6 4 6 44
491.101 0 6 0 0 0 3 6 3 6 45
494.784 0 6 0 0 0 4 6 4 6 44
498.372 0 6 0 0 0 3 6 3 6 45
499.335 0 7 0 0 0 3 7 3 5 45
500.243 0 8 0 0 0 3 8 3 4 45
500.52 0 7 0 0 0 3 7 3 5 45
500.735 0 6 0 0 0 3 6 3 6 45
502.903 0 5 0 0 0 3 5 3 7 45
503.2 0 4 0 0 0 3 4 3 8 45
507.104 0 5 0 0 0 3 5 3 7 45
507.288 0 6 0 0 1 3 5 2 7 45
507.336 0 7 0 0 1 3 6 2 6 45
511.214 0 8 0 0 1 3 7 2 5 45
511.498 0 7 0 0 1 3 6 2 6 45
511.924 0 7 1 1 1 2 6 2 6 45
512.75 0 7 1 1 2 3 5 2 6 45
516.006 0 7 1 1 3 4 4 2 6 45
516.505 0 6 1 1 3 4 3 2 7 45
518.899 0 5 1 1 3 4 2 2 8 45
519.064 0 6 1 1 3 4 3 2 7 45
521.493 0 7 1 1 3 4 4 2 6 45
521.642 0 7 1 1 2 3 5 2 6 45
521.946 0 6 1 1 2 3 4 2 7 45
524.644 0 7 1 1 2 3 5 2 6 45
526.544 0 6 1 1 2 3 4 2 7 45
529.144 0 5 1 1 2 3 3 2 8 45
531.318 0 4 1 1 2 3 2 2 9 45
531.36 0 4 1 1 2 2 2 1 9 46
531.486 0 5 1 1 2 2 3 1 8 46
532.952 0 6 1 1 2 2 4 1 7 46
534.384 0 6 0 0 2 3 4 1 7 46
536.047 1 7 0 0 1 3 4 1 7 46
536.644 0 6 0 0 2 3 4 1 7 46
537.245 0 7 0 0 2 3 5 1 6 46
539.29 0 7 0 0 2 2 5 0 6 47
540.195 0 6 0 0 2 2 4 0 7 47
542.405 0 5 0 0 1 2 4 1 7 47
544.08 0 4 0 0 1 2 3 1 8 47
545.192 0 5 0 0 1 2 4 1 7 47
545.843 0 6 0 0 1 2 5 1 6 47
546.064 0 7 0 0 1 2 6 1 5 47
546.083 0 6 0 0 1 2 5 1 6 47
552.083 0 7 0 0 1 2 6 1 5 47
553.328 0 8 0 0 1 2 7 1 4 47
553.76 0 9 0 0 1 2 8 1 3 47
554.308 0 8 0 0 1 2 7 1 4 47
554.452 0 8 0 0 1 3 7 2 4 46
555.007 0 7 0 0 0 3 7 3 4 46
562.19 0 6 0 0 0 3 6 3 5 46
563.644 0 5 0 0 0 3 5 3 6 46
563.813 0 5 0 0 0 4 5 4 6 45
564.532 0 4 0 0 0 4 4 4 7 45
566.038 0 3 0 0 0 4 3 4 8 45
568.513 0 2 0 0 0 4 2 4 9 45
569.255 0 3 0 0 1 4 2 3 9 45
569.506 0 4 0 0 1 4 3 3 8 45
569.725 0 5 0 0 1 4 4 3 7 45
570.291 0 6 0 0 1 4 5 3 6 45
570.586 0 5 0 0 1 4 4 3 7 45
570.778 0 5 0 0 2 5 3 3 7 45
574.658 1 6 0 0 1 5 3 3 7 45
575.146 1 7 0 0 2 5 3 2 7 45
575.965 1 6 0 0 1 5 3 3 7 45
576.816 2 7 0 0 0 5 3 3 7 45
577.308 2 8 0 0 1 5 3 2 7 45
577.615 2 8 1 1 1 4 3 2 7 45
577.649 2 7 1 1 0 4 3 3 7 45
577.95 2 7 1 1 0 3 3 2 7 46
579.032 1 6 1 1 1 3 3 2 7 46
580.44 1 5 1 1 1 3 2 2 8 46
585.258 1 4 1 1 0 3 2 3 8 46
585.82 1 5 1 1 1 3 2 2 8 46
589.203 1 5 2 2 1 2 2 2 8 46
589.47 1 6 2 2 2 2 2 1 8 46
590.227 1 7 2 2 2 2 3 1 7 46
591.161 1 8 2 2 2 2 4 1 6 46
592.838 1 7 2 2 2 2 3 1 7 46
593.451 1 8 2 2 2 2 4 1 6 46
594.097 1 7 2 2 2 2 3 1 7 46
595.636 1 6 2 2 2 2 2 1 8 46
598.223 1 6 2 2 1 1 3 1 8 46
598.295 1 5 2 2 1 1 2 1 9 46
599.315 1 6 2 2 1 1 3 1 8 46
600.254 1 6 1 1 1 2 3 1 8 46
600.51 0 5 1 1 2 2 3 1 8 46
602.635 0 6 1 1 2 2 4 1 7 46
604.516 0 5 1 1 2 2 3 1 8 46
604.739 0 5 2 2 2 1 3 1 8 46
605.911 0 6 2 2 2 1 4 1 7 46
607.251 0 5 2 2 2 1 3 1 8 46
608.498 0 6 2 2 3 1 3 0 8 46
608.777 0 7 2 2 3 1 4 0 7 46
610.934 0 6 2 2 2 1 4 1 7 46
611.776 0 7 2 2 2 1 5 1 6 46
612.28 0 8 2 2 2 1 6 1 5 46
614.655 0 9 2 2 2 1 7 1 4 46
617.451 0 8 2 2 2 1 6 1 5 46
620.639 1 9 2 2 1 1 6 1 5 46
620.763 1 8 2 2 0 1 6 2 5 46
621.134 1 9 2 2 0 1 7 2 4 46
621.621 0 8 2 2 1 1 7 2 4 46
622.11 0 8 1 1 1 2 7 2 4 46
624.832 0 7 1 1 1 2 6 2 5 46
625.986 0 7 2 2 1 1 6 2 5 46
627.709 0 8 2 2 1 1 7 2 4 46
628.016 0 9 2 2 1 1 8 2 3 46
628.16 0 8 2 2 1 1 7 2 4 46
628.839 0 7 2 2 1 1 6 2 5 46
631.963 0 6 2 2 1 1 5 2 6 46
632.06 0 7 2 2 1 1 6 2 5 46
634.876 0 6 2 2 1 1 5 2 6 46
635.348 0 5 2 2 1 1 4 2 7 46
638.05 0 6 2 2 1 1 5 2 6 46
638.17 0 5 2 2 1 1 4 2 7 46
639.388 0 6 2 2 1 1 5 2 6 46
639.54 0 5 2 2 1 1 4 2 7 46
639.987 0 6 2 2 1 1 5 2 6 46
642.615 0 7 2 2 1 1 6 2 5 46
645.101 0 7 2 2 2 2 5 2 5 46
645.879 0 6 2 2 1 2 5 3 5 46
646.715 0 5 2 2 1 2 4 3 6 46
648.574 1 6 2 2 0 2 4 3 6 46
655.428 1 7 2 2 1 2 4 2 6 46
656.207 1 6 2 2 1 2 3 2 7 46
659.079 1 6 2 2 2 3 2 2 7 46
668.015 1 5 2 2 1 3 2 3 7 46
668.732 1 6 2 2 1 3 3 3 6 46
669.543 1 7 2 2 1 3 4 3 5 46
670.26 1 7 2 2 1 2 4 2 5 47
675.117 1 7 2 2 0 1 5 2 5 47
677.543 1 8 2 2 1 1 5 1 5 47
679.068 0 7 2 2 2 1 5 1 5 47
679.905 0 6 2 2 1 1 5 2 5 47
679.964 0 7 2 2 1 1 6 2 4 47
682.115 0 6 2 2 1 1 5 2 5 47
684.202 0 7 2 2 1 1 6 2 4 47
684.31 1 8 2 2 0 1 6 2 4 47
685.847 1 9 2 2 0 1 7 2 3 47
686.424 1 10 2 2 1 1 7 1 3 47
688.942 1 10 2 2 2 2 6 1 3 47
689.655 1 10 2 2 1 1 7 1 3 47
691.589 1 9 2 2 1 1 6 1 4 47
691.754 1 9 2 2 2 2 5 1 4 47
694.716 1 8 2 2 2 2 4 1 5 47
696.248 1 8 2 2 1 1 5 1 5 47
696.909 1 7 2 2 0 1 5 2 5 47
700.756 1 7 2 2 0 2 5 3 5 46
701.513 1 8 2 2 0 2 6 3 4 46
702.308 1 7 2 2 0 2 5 3 5 46
703.481 1 8 2 2 0 2 6 3 4 46
706.262 1 9 2 2 0 2 7 3 3 46
706.678 0 8 2 2 1 2 7 3 3 46
707.643 0 7 2 2 1 2 6 3 4 46
712.469 0 6 2 2 1 2 5 3 5 46
716.868 0 5 2 2 1 2 4 3 6 46
716.896 0 6 2 2 1 2 5 3 5 46
719.072 0 5 2 2 1 2 4 3 6 46
719.506 0 4 2 2 1 2 3 3 7 46
719.567 0 5 2 2 1 2 4 3 6 46
720.348 0 4 2 2 1 2 3 3 7 46
727.459 0 3 2 2 0 2 3 4 7 46
727.714 0 2 2 2 0 2 2 4 8 46
730.439 0 3 2 2 0 2 3 4 7 46
730.833 0 4 2 2 0 2 4 4 6 46
735.396 0 4 2 2 0 1 4 3 6 47
736.176 0 3 2 2 0 1 3 3 7 47
741.302 0 4 2 2 0 1 4 3 6 47
743.831 0 5 2 2 0 1 5 3 5 47
745.178 0 4 2 2 0 1 4 3 6 47
745.825 0 5 2 2 0 1 5 3 5 47
747.171 0 6 2 2 0 1 6 3 4 47
750.237 0 7 2 2 0 1 7 3 3 47
750.385 0 7 2 2 0 2 7 4 3 46
750.444 0 8 2 2 0 2 8 4 2 46
750.627 0 7 2 2 0 2 7 4 3 46
753.235 0 8 2 2 0 2 8 4 2 46
753.368 0 7 2 2 0 2 7 4 3 46
758.389 0 6 2 2 0 2 6 4 4 46
759.293 0 7 2 2 0 2 7 4 3 46
763.409 0 7 3 3 0 1 7 4 3 46
765.975 0 8 3 3 0 1 8 4 2 46
766.018 0 7 3 3 0 1 7 4 3 46
768.321 0 6 3 3 0 1 6 4 4 46
768.431 0 7 3 3 0 1 7 4 3 46
769.01 0 7 3 3 0 0 7 3 3 47
770.668 0 6 3 3 0 0 6 3 4 47
772.234 0 5 3 3 0 0 5 3 5 47
779.116 0 4 3 3 0 0 4 3 6 47
780.373 0 4 2 2 0 1 4 3 6 47
783.648 0 5 2 2 0 1 5 3 5 47
784.687 0 4 2 2 0 1 4 3 6 47
787.076 0 5 2 2 0 1 5 3 5 47
788.485 0 4 2 2 0 1 4 3 6 47
789.222 0 3 2 2 0 1 3 3 7 47
792.377 0 4 2 2 0 1 4 3 6 47
792.812 0 5 2 2 0 1 5 3 5 47
793.932 0 6 2 2 0 1 6 3 4 47
794.362 0 7 2 2 0 1 7 3 3 47
798.141 0 7 2 2 1 2 6 3 3 47
798.954 0 8 2 2 1 2 7 3 2 47
800.109 0 9 2 2 2 2 7 2 2 47
804.116 0 9 2 2 3 3 6 2 2 47
804.758 0 9 2 2 2 2 7 2 2 47
806.448 0 8 2 2 2 2 6 2 3 47
809.886 0 7 2 2 2 2 5 2 4 47
810.65 1 8 2 2 1 2 5 2 4 47
810.75 1 9 2 2 2 2 5 1 4 47
812.606 1 8 2 2 2 2 4 1 5 47
813.998 1 9 2 2 2 2 5 1 4 47
814.687 1 8 2 2 1 2 5 2 4 47
815.083 1 7 2 2 1 2 4 2 5 47
818.426 1 6 2 2 1 2 3 2 6 47
821.251 1 7 2 2 1 2 4 2 5 47
823.975 1 6 2 2 1 2 3 2 6 47
824.69 1 7 2 2 1 2 4 2 5 47
828.074 1 7 1 1 1 3 4 2 5 47
828.506 1 6 1 1 1 3 3 2 6 47
828.512 1 5 1 1 1 3 2 2 7 47
831.284 1 4 1 1 1 3 1 2 8 47
832.802 1 4 1 1 1 2 1 1 8 48
833.503 1 4 0 0 1 3 1 1 8 48
842.938 1 5 0 0 1 3 2 1 7 48
849.39 1 4 0 0 1 3 1 1 8 48
853.978 1 5 0 0 1 3 2 1 7 48
857.346 1 6 0 0 1 3 3 1 6 48
862.528 1 7 0 0 1 3 4 1 5 48
866.336 1 6 0 0 1 3 3 1 6 48
868.515 1 5 0 0 1 3 2 1 7 48
872.829 1 6 0 0 1 3 3 1 6 48
873.687 1 7 0 0 1 3 4 1 5 48
875.786 1 8 0 0 1 3 5 1 4 48
875.929 0 7 0 0 2 3 5 1 4 48
876.052 0 8 0 0 2 3 6 1 3 48
877.375 0 7 0 0 2 3 5 1 4 48
880.368 0 8 0 0 2 3 6 1 3 48
881.405 0 9 0 0 2 3 7 1 2 48
881.478 0 8 0 0 2 3 6 1 3 48
882.302 0 9 0 0 3 3 6 0 3 48
882.676 0 8 0 0 2 3 6 1 3 48
883.951 0 9 0 0 2 3 7 1 2 48
885.139 0 8 0 0 2 3 6 1 3 48
885.3 0 7 0 0 2 3 5 1 4 48
885.945 0 6 0 0 2 3 4 1 5 48
886.312 0 7 0 0 2 3 5 1 4 48
886.832 0 6 0 0 2 3 4 1 5 48
887.761 0 6 0 0 1 2 5 1 5 48
890.738 0 5 0 0 0 2 5 2 5 48
896.646 0 4 0 0 0 2 4 2 6 48
898.88 0 5 0 0 0 2 5 2 5 48
901.631 0 5 0 0 1 3 4 2 5 48
903.904 0 6 0 0 1 3 5 2 4 48
905.407 0 5 0 0 1 3 4 2 5 48
908.083 0 5 0 0 1 4 4 3 5 47
910.507 0 5 0 0 0 3 5 3 5 47
911.285 0 6 0 0 0 3 6 3 4 47
911.413 0 5 0 0 0 3 5 3 5 47
915.545 0 6 0 0 0 3 6 3 4 47
916.616 0 7 0 0 0 3 7 3 3 47
922.066 0 6 0 0 0 3 6 3 4 47
923.049 0 7 0 0 0 3 7 3 3 47
923.378 0 6 0 0 0 3 6 3 4 47
923.858 0 5 0 0 0 3 5 3 5 47
924.658 0 6 0 0 0 3 6 3 4 47
927.93 0 5 0 0 0 3 5 3 5 47
930.311 0 5 0 0 0 2 5 2 5 48
931.329 0 6 0 0 0 2 6 2 4 48
934.199 0 5 0 0 0 2 5 2 5 48
934.419 0 5 1 1 0 1 5 2 5 48
940.295 0 4 1 1 0 1 4 2 6 48
942.007 0 5 1 1 0 1 5 2 5 48
942.455 0 4 1 1 0 1 4 2 6 48
942.938 0 5 1 1 1 1 4 1 6 48
945.785 0 4 1 1 0 1 4 2 6 48
946.519 0 3 1 1 0 1 3 2 7 48
947.282 0 4 1 1 0 1 4 2 6 48
954.375 0 5 1 1 0 1 5 2 5 48
955.953 0 6 1 1 0 1 6 2 4 48
957.007 0 5 1 1 0 1 5 2 5 48
957.921 0 6 1 1 0 1 6 2 4 48
960.683 0 6 1 1 0 2 6 3 4 47
963.397 0 7 1 1 0 2 7 3 3 47
964.193 0 6 1 1 0 2 6 3 4 47
964.206 0 6 1 1 0 1 6 2 4 48
976.777 0 5 1 1 0 1 5 2 5 48
977.617 0 5 1 1 1 2 4 2 5 48
977.986 1 6 1 1 0 2 4 2 5 48
978.054 1 7 1 1 0 2 5 2 4 48
979.394 1 6 1 1 0 2 4 2 5 48
985.292 1 5 1 1 0 2 3 2 6 48
986.665 1 6 1 1 0 2 4 2 5 48
987.81 1 7 1 1 0 2 5 2 4 48
989.549 0 6 1 1 1 2 5 2 4 48
991.089 0 6 1 1 1 3 5 3 4 47
993.293 0 5 1 1 1 3 4 3 5 47
993.776 1 6 1 1 0 3 4 3 5 47
997.786 0 5 1 1 1 3 4 3 5 47
999.261 0 6 1 1 1 3 5 3 4 47
1000.44 0 5 1 1 0 3 5 4 4 47
1003 0 5 1 1 0 2 5 3 4 48
1004.46 0 6 1 1 1 2 5 2 4 48
1011.44 0 5 1 1 1 2 4 2 5 48
1012.88 0 5 1 1 1 3 4 3 5 47
1018.95 0 5 1 1 1 4 4 4 5 46
1021.34 0 4 1 1 1 4 3 4 6 46
1023.88 0 5 1 1 1 4 4 4 5 46
1024.03 0 6 1 1 1 4 5 4 4 46
1025.42 0 5 1 1 1 4 4 4 5 46
1025.58 0 6 1 1 1 4 5 4 4 46
1027.38 0 5 1 1 1 4 4 4 5 46
1027.41 0 4 1 1 1 4 3 4 6 46
1027.96 0 3 1 1 1 4 2 4 7 46
1032.16 0 3 1 1 1 3 2 3 7 47
1032.52 0 4 1 1 1 3 3 3 6 47
1033.42 0 3 1 1 1 3 2 3 7 47
1038.03 0 2 1 1 0 3 2 4 7 47
1043.31 0 2 1 1 0 2 2 3 7 48
1044.99 0 3 1 1 0 2 3 3 6 48
1050.3 0 4 1 1 0 2 4 3 5 48
1051.56 0 4 1 1 0 1 4 2 5 49
1052.66 0 5 1 1 0 1 5 2 4 49
1057.41 0 5 1 1 1 2 4 2 4 49
1058.39 1 6 1 1 0 2 4 2 4 49
1058.63 1 6 1 1 0 1 4 1 4 50
1060.81 1 5 1 1 0 1 3 1 5 50
1061.66 1 4 1 1 0 1 2 1 6 50
1065.35 1 5 1 1 0 1 3 1 5 50
1067.31 1 4 1 1 0 1 2 1 6 50
1068.58 1 4 1 1 1 2 1 1 6 50
1068.59 1 4 1 1 1 1 1 0 6 51
1070.95 1 4 1 1 0 0 2 0 6 51
1073.45 1 5 1 1 0 0 3 0 5 51
1077.54 1 5 1 1 0 1 3 1 5 50
1082.47 1 4 1 1 0 1 2 1 6 50
1084.14 1 5 1 1 0 1 3 1 5 50
1084.91 1 4 1 1 0 1 2 1 6 50
1086.39 1 5 1 1 0 1 3 1 5 50
1086.86 1 4 1 1 0 1 2 1 6 50
1089.12 1 5 1 1 0 1 3 1 5 50
1089.67 1 6 1 1 0 1 4 1 4 50
1089.78 1 5 1 1 0 1 3 1 5 50
1093.35 1 4 1 1 0 1 2 1 6 50
1104.83 1 5 1 1 0 1 3 1 5 50
1106.05 1 6 1 1 0 1 4 1 4 50
1111.72 1 7 1 1 0 1 5 1 3 50
1111.78 1 6 1 1 0 1 4 1 4 50
1112.49 1 5 1 1 0 1 3 1 5 50
1118.48 0 4 1 1 1 1 3 1 5 50
1120.87 0 3 1 1 1 1 2 1 6 50
1123.72 0 3 0 0 1 2 2 1 6 50
1132.1 0 2 0 0 1 2 1 1 7 50
1136.12 0 3 0 0 1 2 2 1 6 50
1144.39 0 2 0 0 1 2 1 1 7 50
1144.6 0 3 0 0 1 2 2 1 6 50
1145.1 0 4 0 0 1 2 3 1 5 50
1147.51 0 5 0 0 1 2 4 1 4 50
1150.46 0 6 0 0 1 2 5 1 3 50
1157.34 0 5 0 0 1 2 4 1 4 50
1159.3 0 6 0 0 1 2 5 1 3 50
1172.98 0 5 0 0 0 2 5 2 3 50
1176.01 0 6 0 0 1 2 5 1 3 50
1180.87 0 5 0 0 1 2 4 1 4 50
1183.1 0 4 0 0 1 2 3 1 5 50
1190.08 0 5 0 0 1 2 4 1 4 50
1191.77 0 4 0 0 0 2 4 2 4 50
1192.29 0 5 0 0 0 2 5 2 3 50
1193.63 0 4 0 0 0 2 4 2 4 50
1198.05 0 5 0 0 0 2 5 2 3 50
1202.51 0 4 0 0 0 2 4 2 4 50
1207.41 0 3 0 0 0 2 3 2 5 50
1207.73 0 4 0 0 0 2 4 2 4 50
1208.29 0 3 0 0 0 2 3 2 5 50
1212.2 0 4 0 0 0 2 4 2 4 50
1214.08 0 5 0 0 0 2 5 2 3 50
1215.65 0 5 0 0 0 1 5 1 3 51
1219.26 0 6 0 0 0 1 6 1 2 51
1221.02 0 5 0 0 0 1 5 1 3 51
1221.16 0 6 0 0 0 1 6 1 2 51
1222.34 0 5 0 0 0 1 5 1 3 51
1223.2 0 4 0 0 0 1 4 1 4 51
1225.58 0 5 0 0 0 1 5 1 3 51
1226.64 0 4 0 0 0 1 4 1 4 51
1227.93 0 5 0 0 0 1 5 1 3 51
1228.73 0 6 0 0 0 1 6 1 2 51
1235.13 0 7 0 0 1 1 6 0 2 51
1235.34 0 7 0 0 1 2 6 1 2 50
1236.44 0 7 0 0 1 1 6 0 2 51
1239.8 0 8 0 0 1 1 7 0 1 51
1240.71 0 7 0 0 1 1 6 0 2 51
1241.75 0 6 0 0 1 1 5 0 3 51
1244.92 0 7 0 0 1 1 6 0 2 51
1251.78 1 8 0 0 0 1 6 0 2 51
1254 1 8 0 0 0 2 6 1 2 50
1254.68 1 9 0 0 0 2 7 1 1 50
1260.62 1 8 0 0 0 2 6 1 2 50
1264.93 1 7 0 0 0 2 5 1 3 50
1272.46 1 8 0 0 0 2 6 1 2 50
1273.33 1 7 0 0 0 2 5 1 3 50
1274.01 1 6 0 0 0 2 4 1 4 50
1275.31 1 7 0 0 0 2 5 1 3 50
1277.54 1 6 0 0 0 2 4 1 4 50
1278.08 1 7 0 0 0 2 5 1 3 50
1281.31 1 7 0 0 0 3 5 2 3 49
1281.81 1 8 0 0 0 3 6 2 2 49
1282.33 1 7 0 0 0 3 5 2 3 49
1282.38 1 7 0 0 0 4 5 3 3 48
1284.52 0 6 0 0 1 4 5 3 3 48
1284.96 0 6 0 0 1 3 5 2 3 49
1296.15 0 5 0 0 1 3 4 2 4 49
1297.42 0 5 0 0 0 2 5 2 4 49
1297.67 0 6 0 0 0 2 6 2 3 49
1299 0 7 0 0 0 2 7 2 2 49
1300.52 0 6 0 0 0 2 6 2 3 49
1301.49 0 5 0 0 0 2 5 2 4 49
1302.95 0 4 0 0 0 2 4 2 5 49
1302.99 0 5 0 0 0 2 5 2 4 49
1303.83 0 6 0 0 0 2 6 2 3 49
1304.27 0 7 0 0 0 2 7 2 2 49
1304.74 0 6 0 0 0 2 6 2 3 49
1305.38 0 5 0 0 0 2 5 2 4 49
1305.44 0 6 0 0 0 2 6 2 3 49
1306.92 0 5 0 0 0 2 5 2 4 49
1307.69 0 4 0 0 0 2 4 2 5 49
1308.06 0 5 0 0 0 2 5 2 4 49
1308.78 0 4 0 0 0 2 4 2 5 49
1309.53 0 5 0 0 0 2 5 2 4 49
1315.54 0 4 0 0 0 2 4 2 5 49
1317.02 0 5 0 0 0 2 5 2 4 49
1318.87 0 4 0 0 0 2 4 2 5 49
1319.79 0 3 0 0 0 2 3 2 6 49
1322.12 0 4 0 0 0 2 4 2 5 49
1322.31 0 3 0 0 0 2 3 2 6 49
1324.41 0 4 0 0 0 2 4 2 5 49
1331.12 0 3 0 0 0 2 3 2 6 49
1334.22 0 4 0 0 0 2 4 2 5 49
1334.9 0 3 0 0 0 2 3 2 6 49
1336.63 0 3 1 1 0 1 3 2 6 49
1338.27 0 3 2 2 0 0 3 2 6 49
1339.96 0 4 2 2 0 0 4 2 5 49
1352.07 0 3 2 2 0 0 3 2 6 49
1352.44 0 4 2 2 0 0 4 2 5 49
1352.53 0 5 2 2 1 0 4 1 5 49
1358.49 0 5 2 2 2 1 3 1 5 49
1359.95 1 6 2 2 1 1 3 1 5 49
1360.5 1 5 2 2 1 1 2 1 6 49
1361.76 1 4 2 2 1 1 1 1 7 49
1361.96 1 5 2 2 1 1 2 1 6 49
1364.25 1 4 2 2 0 1 2 2 6 49
1367.9 1 5 2 2 0 1 3 2 5 49
1368.89 1 6 2 2 0 1 4 2 4 49
1371.72 1 5 2 2 0 1 3 2 5 49
1371.93 1 6 2 2 0 1 4 2 4 49
1372.61 1 5 2 2 0 1 3 2 5 49
1378.05 1 4 2 2 0 1 2 2 6 49
1378.19 1 4 1 1 0 2 2 2 6 49
1379.43 1 5 1 1 0 2 3 2 5 49
1379.69 1 6 1 1 0 2 4 2 4 49
1380.17 1 7 1 1 1 2 4 1 4 49
1383.8 1 6 1 1 1 2 3 1 5 49
1385.11 1 7 1 1 1 2 4 1 4 49
1386.26 1 7 1 1 0 1 5 1 4 49
1390.42 1 6 1 1 0 1 4 1 5 49
1391.49 1 5 1 1 0 1 3 1 6 49
1391.85 1 6 1 1 0 1 4 1 5 49
1391.96 1 6 2 2 0 0 4 1 5 49
1393.6 1 5 2 2 0 0 3 1 6 49
1393.63 1 4 2 2 0 0 2 1 7 49
1400.72 1 5 2 2 0 0 3 1 6 49
1400.99 1 4 2 2 0 0 2 1 7 49
1409.66 1 5 2 2 0 0 3 1 6 49
1412.56 1 6 2 2 0 0 4 1 5 49
1413.42 1 5 2 2 0 0 3 1 6 49
1416.71 1 6 2 2 0 0 4 1 5 49
1420.37 1 5 2 2 0 0 3 1 6 49
1420.91 1 6 2 2 0 0 4 1 5 49
1423.45 1 5 2 2 0 0 3 1 6 49
1423.86 1 5 2 2 1 1 2 1 6 49
1424.36 2 6 2 2 0 1 2 1 6 49
1424.48 2 7 2 2 0 1 3 1 5 49
1426.61 2 8 2 2 0 1 4 1 4 49
1429.32 2 9 2 2 0 1 5 1 3 49
1432.41 2 9 1 1 0 2 5 1 3 49
1434.76 2 9 0 0 0 3 5 1 3 49
1434.86 1 8 0 0 1 3 5 1 3 49
1436.36 1 9 0 0 2 3 5 0 3 49
1436.41 1 8 0 0 1 3 5 1 3 49
1437.11 1 7 0 0 0 3 5 2 3 49
1437.28 1 8 0 0 0 3 6 2 2 49
1440.69 1 7 0 0 0 3 5 2 3 49
1442.86 1 8 0 0 0 3 6 2 2 49
1443.14 1 7 0 0 0 3 5 2 3 49
1445.6 1 7 1 1 0 2 5 2 3 49
1450.24 0 6 1 1 1 2 5 2 3 49
1454.03 0 5 1 1 1 2 4 2 4 49
1454.64 0 5 1 1 1 1 4 1 4 50
1454.79 0 5 1 1 1 2 4 2 4 49
1457.29 0 4 1 1 1 2 3 2 5 49
1461.41 0 5 1 1 1 2 4 2 4 49
1464.25 0 4 1 1 1 2 3 2 5 49
1465.21 0 5 1 1 1 2 4 2 4 49
1470.33 0 6 1 1 1 2 5 2 3 49
1472.28 0 7 1 1 1 2 6 2 2 49
1474.5 0 6 1 1 1 2 5 2 3 49
1475.33 0 5 1 1 1 2 4 2 4 49
1477.32 0 5 1 1 1 3 4 3 4 48
1479.38 0 4 1 1 1 3 3 3 5 48
1480.36 0 5 1 1 1 3 4 3 4 48
1480.44 0 6 1 1 1 3 5 3 3 48
1481.03 0 5 1 1 1 3 4 3 4 48
1481.54 0 5 1 1 1 2 4 2 4 49
1482.62 0 6 1 1 1 2 5 2 3 49
1484.14 0 7 1 1 2 2 5 1 3 49
1484.53 0 7 1 1 2 1 5 0 3 50
1485.74 0 6 1 1 2 1 4 0 4 50
1486.21 0 5 1 1 2 1 3 0 5 50
1486.82 0 6 1 1 2 1 4 0 4 50
1487.16 0 5 1 1 2 1 3 0 5 50
1488.14 0 4 1 1 2 1 2 0 6 50
1490.09 0 3 1 1 1 1 2 1 6 50
1491.78 0 4 1 1 1 1 3 1 5 50
1495 0 5 1 1 1 1 4 1 4 50
1499.76 0 6 1 1 1 1 5 1 3 50
1501.03 0 5 1 1 1 1 4 1 4 50
1501.99 0 4 1 1 1 1 3 1 5 50
1506.15 0 4 1 1 2 2 2 1 5 50
1506.73 0 5 1 1 2 2 3 1 4 50
1510.61 0 4 1 1 2 2 2 1 5 50
1511.13 0 4 1 1 2 3 2 2 5 49
1511.27 0 3 1 1 1 3 2 3 5 49
1517.58 0 4 1 1 1 3 3 3 4 49
1519.03 0 5 1 1 1 3 4 3 3 49
1519.97 0 4 1 1 0 3 4 4 3 49
1530.83 0 3 1 1 0 3 3 4 4 49
1532.5 0 3 2 2 0 2 3 4 4 49
1533.75 0 2 2 2 0 2 2 4 5 49
1536.55 0 3 2 2 1 2 2 3 5 49
1545.06 0 4 2 2 1 2 3 3 4 49
1545.27 0 5 2 2 1 2 4 3 3 49
1546.25 1 6 2 2 0 2 4 3 3 49
1546.47 1 7 2 2 0 2 5 3 2 49
1551.51 1 7 2 2 0 1 5 2 2 50
1552.19 1 6 2 2 0 1 4 2 3 50
1552.28 1 5 2 2 0 1 3 2 4 50
1556.09 1 6 2 2 0 1 4 2 3 50
1556.42 1 5 2 2 0 1 3 2 4 50
1557.62 1 4 2 2 0 1 2 2 5 50
1562.8 1 3 2 2 0 1 1 2 6 50
1563.49 1 2 2 2 0 1 0 2 7 50
1565.05 1 3 2 2 0 1 1 2 6 50
1566.29 1 3 2 2 0 0 1 1 6 51
1569.12 0 2 2 2 1 0 1 1 6 51
1574.55 0 3 2 2 1 0 2 1 5 51
1576.4 0 2 2 2 1 0 1 1 6 51
1585.03 1 3 2 2 0 0 1 1 6 51
1586.12 1 3 2 2 0 1 1 2 6 50
1593.54 1 4 2 2 0 1 2 2 5 50
1594.68 1 5 2 2 0 1 3 2 4 50
1602.34 1 6 2 2 0 1 4 2 3 50
1604.85 1 5 2 2 0 1 3 2 4 50
1606.49 1 4 2 2 0 1 2 2 5 50
1607.86 1 3 2 2 0 1 1 2 6 50
1609.26 1 4 2 2 0 1 2 2 5 50
1611.4 1 4 2 2 1 2 1 2 5 50
1611.43 1 4 1 1 1 3 1 2 5 50
1612.11 1 5 1 1 1 3 2 2 4 50
1614.73 1 4 1 1 1 3 1 2 5 50
1615.64 1 5 1 1 1 3 2 2 4 50
1616.56 1 4 1 1 1 3 1 2 5 50
1617.64 1 5 1 1 1 3 2 2 4 50
1619.33 1 4 1 1 0 3 2 3 4 50
1620.16 1 5 1 1 0 3 3 3 3 50
1624.53 1 5 1 1 0 2 3 2 3 51
1627.27 1 4 1 1 0 2 2 2 4 51
1636.31 1 5 1 1 0 2 3 2 3 51
1638.1 1 5 1 1 1 3 2 2 3 51
1638.15 1 4 1 1 1 3 1 2 4 51
1638.77 1 5 1 1 1 3 2 2 3 51
1638.83 1 4 1 1 1 3 1 2 4 51
1647.16 1 5 1 1 2 3 1 1 4 51
1649.49 1 6 1 1 2 3 2 1 3 51
1650.53 1 6 2 2 2 2 2 1 3 51
1659.01 1 5 2 2 2 2 1 1 4 51
1662.44 1 6 2 2 2 2 2 1 3 51
1663.58 1 7 2 2 2 2 3 1 2 51
1665.11 0 6 2 2 3 2 3 1 2 51
1667.69 0 5 2 2 3 2 2 1 3 51
1668.58 0 4 2 2 2 2 2 2 3 51
1669.86 0 4 1 1 2 3 2 2 3 51
1670.76 0 4 1 1 3 4 1 2 3 51
1671.17 0 3 1 1 2 4 1 3 3 51
1674.16 0 4 1 1 2 4 2 3 2 51
1676.12 0 4 1 1 1 3 3 3 2 51
1678.51 0 4 1 1 1 2 3 2 2 52
1681.73 0 4 1 1 1 1 3 1 2 53
1685.69 0 5 1 1 1 1 4 1 1 53
1689.96 0 5 1 1 1 2 4 2 1 52
1692.24 0 4 1 1 1 2 3 2 2 52
1696.15 0 5 1 1 1 2 4 2 1 52
1709.98 0 6 1 1 1 2 5 2 0 52
1711.27 0 5 1 1 1 2 4 2 1 52
1711.29 0 6 1 1 1 2 5 2 0 52
1712.36 0 5 1 1 0 2 5 3 0 52
1715.81 0 4 1 1 0 2 4 3 1 52
1716.95 0 3 1 1 0 2 3 3 2 52
1717.13 0 3 1 1 1 3 2 3 2 52
1721.03 0 2 1 1 0 3 2 4 2 52
1724.77 0 3 1 1 0 3 3 4 1 52
1728.71 0 4 1 1 0 3 4 4 0 52
1735.68 0 4 1 1 0 2 4 3 0 53
1741.37 0 3 1 1 0 2 3 3 1 53
1744.9 0 3 1 1 0 1 3 2 1 54
1749.36 0 4 1 1 1 1 3 1 1 54
1750.03 0 5 1 1 1 1 4 1 0 54
1751.74 0 5 2 2 1 0 4 1 0 54
1753.19 0 4 2 2 1 0 3 1 1 54
1758.09 1 5 2 2 0 0 3 1 1 54
1766.46 1 5 2 2 0 1 3 2 1 53
1770.38 1 4 2 2 0 1 2 2 2 53
1775.73 0 3 2 2 1 1 2 2 2 53
1778.33 0 2 2 2 1 1 1 2 3 53
1780.2 0 3 2 2 1 1 2 2 2 53
1783.26 0 3 1 1 1 2 2 2 2 53
1785.59 0 4 1 1 1 2 3 2 1 53
1786.41 0 4 2 2 1 1 3 2 1 53
1788.81 0 4 1 1 1 2 3 2 1 53
1795.25 0 4 0 0 1 3 3 2 1 53
1796.93 1 5 0 0 0 3 3 2 1 53
1797.14 1 4 0 0 0 3 2 2 2 53
1800.38 1 4 1 1 0 2 2 2 2 53
1804.78 1 4 0 0 0 3 2 2 2 53
1805.48 1 5 0 0 0 3 3 2 1 53
1806.22 1 6 0 0 1 3 3 1 1 53
1807.29 1 6 0 0 0 2 4 1 1 53
1809.76 1 7 0 0 1 2 4 0 1 53
1813.29 1 7 0 0 1 3 4 1 1 52
1816.93 1 7 0 0 2 4 3 1 1 52
1817.3 1 6 0 0 1 4 3 2 1 52
1817.55 1 5 0 0 1 4 2 2 2 52
1819.43 1 5 1 1 1 3 2 2 2 52
1826.38 0 4 1 1 2 3 2 2 2 52
1827.12 0 3 1 1 2 3 1 2 3 52
1837.15 0 3 1 1 2 2 1 1 3 53
1837.46 0 4 1 1 3 2 1 0 3 53
1837.92 0 3 1 1 2 2 1 1 3 53
1839.99 0 2 1 1 1 2 1 2 3 53
1843.05 1 3 1 1 0 2 1 2 3 53
1843.58 1 3 1 1 0 1 1 1 3 54
1848.96 1 4 1 1 0 1 2 1 2 54
1852.99 1 5 1 1 0 1 3 1 1 54
1855.74 1 5 1 1 0 0 3 0 1 55
1856.7 1 4 1 1 0 0 2 0 2 55
1859.86 1 5 1 1 0 0 3 0 1 55
1864.3 1 4 1 1 0 0 2 0 2 55
1881.22 1 5 1 1 0 0 3 0 1 55
1889.72 0 4 1 1 1 0 3 0 1 55
1890.15 0 5 1 1 1 0 4 0 0 55
1894.21 0 5 1 1 2 1 3 0 0 55
1898.65 0 4 1 1 2 1 2 0 1 55
1898.99 0 3 1 1 2 1 1 0 2 55
1900.98 1 4 1 1 1 1 1 0 2 55
1905.78 1 4 0 0 1 2 1 0 2 55
1906.39 1 3 0 0 1 2 0 0 3 55
1910.65 1 2 0 0 0 2 0 1 3 55
1911.75 1 3 0 0 0 2 1 1 2 55
1927.9 1 3 1 1 0 1 1 1 2 55
1931.6 1 4 1 1 1 1 1 0 2 55
1943.33 0 3 1 1 2 1 1 0 2 55
1946.29 1 4 1 1 1 1 1 0 2 55
1948.73 1 4 2 2 1 0 1 0 2 55
1953.27 1 5 2 2 1 0 2 0 1 55
1954.56 1 4 2 2 1 0 1 0 2 55
1956.11 0 3 2 2 2 0 1 0 2 55
1962.71 0 3 1 1 2 1 1 0 2 55
1966.68 0 2 1 1 2 1 0 0 3 55
1974.37 0 1 1 1 1 1 0 1 3 55
1976.69 0 2 1 1 1 1 1 1 2 55
1984.92 0 3 1 1 1 1 2 1 1 55
1985.77 0 3 1 1 2 2 1 1 1 55
1986.78 0 3 2 2 2 1 1 1 1 55
1989.38 0 4 2 2 2 1 2 1 0 55
2000.79 0 4 2 2 1 0 3 1 0 55
2002.14 0 3 2 2 1 0 2 1 1 55
2009.55 0 2 2 2 1 0 1 1 2 55
2012.1 0 3 2 2 2 0 1 0 2 55
2012.49 0 3 1 1 2 1 1 0 2 55
2014.37 0 4 1 1 2 1 2 0 1 55
2019.01 0 3 1 1 1 1 2 1 1 55
2020.4 0 3 2 2 1 0 2 1 1 55
2025.15 0 2 2 2 1 0 1 1 2 55
2026.5 0 3 2 2 1 0 2 1 1 55
2032.63 0 2 2 2 0 0 2 2 1 55
2043.15 0 3 2 2 0 0 3 2 0 55
2068.72 0 3 1 1 0 1 3 2 0 55
2077.22 0 4 1 1 1 1 3 1 0 55
2078.15 0 4 1 1 2 2 2 1 0 55
2079.57 0 4 1 1 3 3 1 1 0 55
2089.7 0 3 1 1 2 3 1 2 0 55
2100.09 0 2 1 1 1 3 1 3 0 55
2101.11 0 2 2 2 1 2 1 3 0 55
2108.77 0 2 3 3 1 1 1 3 0 55
2110 0 3 3 3 2 1 1 2 0 55
2114.08 0 3 2 2 2 2 1 2 0 55
2118.99 0 3 2 2 1 1 2 2 0 55
2120.52 0 3 3 3 1 0 2 2 0 55
2125.24 0 2 3 3 1 0 1 2 1 55
2129.89 0 3 3 3 1 0 2 2 0 55
2146.61 1 4 3 3 0 0 2 2 0 55
2151.46 0 3 3 3 1 0 2 2 0 55
2152.39 1 4 3 3 0 0 2 2 0 55
2152.84 1 3 3 3 0 0 1 2 1 55
2155.53 1 3 3 3 1 1 0 2 1 55
2157.94 2 4 3 3 0 1 0 2 1 55
2167.97 2 4 4 4 0 0 0 2 1 55
2185.14 2 5 4 4 1 0 0 1 1 55
2188.11 2 5 3 3 1 1 0 1 1 55
2189.62 1 4 3 3 2 1 0 1 1 55
2196.31 0 3 3 3 3 1 0 1 1 55
2200.14 0 2 3 3 2 1 0 2 1 55
2206.26 0 2 2 2 2 2 0 2 1 55
2212.05 0 2 3 3 2 1 0 2 1 55
2213.64 0 2 4 4 2 0 0 2 1 55
2216.87 1 3 4 4 1 0 0 2 1 55
2220.45 1 4 4 4 1 0 1 2 0 55
2221.19 1 4 3 3 1 1 1 2 0 55
2223.51 1 4 3 3 1 0 1 1 0 56
2223.73 1 4 2 2 1 1 1 1 0 56
2229.18 1 3 2 2 0 1 1 2 0 56
2230.05 1 2 2 2 0 1 0 2 1 56
2241.57 1 3 2 2 1 1 0 1 1 56
2246.51 1 3 3 3 1 0 0 1 1 56
2256.67 1 3 2 2 1 1 0 1 1 56
2257.53 1 3 2 2 0 0 1 1 1 56
2270.31 1 3 1 1 0 1 1 1 1 56
2271.73 1 3 1 1 0 0 1 0 1 57
2282.21 0 2 1 1 1 0 1 0 1 57
2302.86 0 2 0 0 1 1 1 0 1 57
2304.55 0 2 0 0 2 2 0 0 1 57
2305.95 0 1 0 0 1 2 0 1 1 57
2312.52 0 2 0 0 1 2 1 1 0 57
2318.07 0 2 0 0 0 1 2 1 0 57
2331.34 0 2 0 0 0 0 2 0 0 58
2361.08 0 2 0 0 1 1 1 0 0 58
2400.72 0 1 0 0 1 1 0 0 1 58
2415.75 1 2 0 0 0 1 0 0 1 58
2456.97 1 3 0 0 0 1 1 0 0 58
2457.8 0 2 0 0 1 1 1 0 0 58
2459.58 0 2 1 1 1 0 1 0 0 58
2467.85 0 2 0 0 1 1 1 0 0 58
2508.3 0 1 0 0 0 1 1 1 0 58
2522.93 0 1 1 1 0 0 1 1 0 58
2539.98 0 2 1 1 1 0 1 0 0 58
2551.01 0 1 1 1 0 0 1 1 0 58
2589.18 0 0 1 1 0 0 0 1 1 58
2596.65 0 1 1 1 1 0 0 0 1 58
2597.29 1 2 1 1 0 0 0 0 1 58
2601.56 1 3 1 1 0 0 1 0 0 58
2607.32 0 2 1 1 1 0 1 0 0 58
2637.45 1 3 1 1 0 0 1 0 0 58
2663.8 1 3 0 0 0 1 1 0 0 58
2712.29 0 2 0 0 1 1 1 0 0 58
2735.14 0 2 0 0 1 2 1 1 0 57
2741.31 0 2 0 0 0 1 2 1 0 57
2744.27 0 1 0 0 0 1 1 1 1 57
2768.89 0 2 0 0 1 1 1 0 1 57
2775.18 0 3 0 0 1 1 2 0 0 57
2786.28 0 2 0 0 1 1 1 0 1 57
2796.45 0 3 0 0 1 1 2 0 0 57
2803.72 0 2 0 0 0 1 2 1 0 57
2839.2 0 1 0 0 0 1 1 1 1 57
2854.18 0 0 0 0 0 1 0 1 2 57
2866.78 0 0 1 1 0 0 0 1 2 57
2877.04 0 0 1 1 0 1 0 2 2 56
2894.85 0 1 1 1 0 1 1 2 1 56
2897.85 0 1 2 2 0 0 1 2 1 56
2898.07 0 2 2 2 1 0 1 1 1 56
2902.45 0 2 1 1 1 1 1 1 1 56
2904.37 0 2 1 1 0 0 2 1 1 56
2919.18 0 3 1 1 0 0 3 1 0 56
2936.85 0 2 1 1 0 0 2 1 1 56
2944.94 0 3 1 1 0 0 3 1 0 56
2969.37 0 3 1 1 1 1 2 1 0 56
2971.53 0 2 1 1 0 1 2 2 0 56
2978.17 0 1 1 1 0 1 1 2 1 56
2978.17 0 1 1 1 0 1 1 2 1 56
