0 60 120 60 60 0 0 0 0 0 0
0.00998298 59 119 60 60 1 0 0 0 0 0
0.012438 58 118 60 60 2 0 0 0 0 0
0.0207335 58 118 59 59 2 1 0 0 0 0
0.0291795 57 117 59 59 3 1 0 0 0 0
0.0294745 57 117 58 58 3 2 0 0 0 0
0.0336132 57 117 57 57 3 3 0 0 0 0
0.0541997 56 116 57 57 4 3 0 0 0 0
0.0585156 56 116 56 56 4 4 0 0 0 0
0.0599563 55 115 56 56 5 4 0 0 0 0
0.0635987 55 115 55 55 5 5 0 0 0 0
0.0687859 54 114 55 55 6 5 0 0 0 0
0.0748024 53 113 55 55 7 5 0 0 0 0
0.0801912 53 113 54 54 7 6 0 0 0 0
0.111881 53 113 53 53 7 7 0 0 0 0
0.127271 53 113 52 52 7 8 0 0 0 0
0.134095 53 113 51 51 7 9 0 0 0 0
0.136307 52 112 51 51 8 9 0 0 0 0
0.152059 51 111 51 51 9 9 0 0 0 0
0.182774 51 111 50 50 9 10 0 0 0 0
0.188693 50 110 50 50 10 10 0 0 0 0
0.19621 49 109 50 50 11 10 0 0 0 0
0.198599 49 109 49 49 11 11 0 0 0 0
0.209391 48 108 49 49 12 11 0 0 0 0
0.221133 47 107 49 49 13 11 0 0 0 0
0.224349 46 106 49 49 14 11 0 0 0 0
0.256714 45 105 49 49 15 11 0 0 0 0
0.258946 45 105 48 48 15 12 0 0 0 0
0.261518 44 104 48 48 16 12 0 0 0 0
0.268021 44 103 48 48 15 12 0 1 0 0
0.283306 43 102 48 48 16 12 0 1 0 0
0.290292 42 101 48 48 17 12 0 1 0 0
0.29401 41 100 48 48 18 12 0 1 0 0
0.306903 40 99 48 48 19 12 0 1 0 0
0.308795 40 99 47 47 19 13 0 1 0 0
0.430998 40 99 46 46 19 14 0 1 0 0
0.437391 40 99 45 45 19 15 0 1 0 0
0.437958 40 99 44 44 19 16 0 1 0 0
0.452763 39 98 44 44 20 16 0 1 0 0
0.489923 39 97 44 44 19 16 0 2 0 0
0.492752 39 96 44 44 18 16 0 3 0 0
0.530689 39 95 44 44 17 16 0 4 0 0
0.546235 39 95 44 44 17 15 0 3 0 1
0.551517 38 94 44 44 18 15 0 3 0 1
0.563084 37 93 44 44 19 15 0 3 0 1
0.590169 37 92 44 44 18 15 0 4 0 1
0.606644 37 91 44 44 17 15 0 5 0 1
0.607838 36 90 44 44 18 15 0 5 0 1
0.625807 35 89 44 44 19 15 0 5 0 1
0.646005 34 88 44 44 20 15 0 5 0 1
0.646314 33 87 44 44 21 15 0 5 0 1
0.649381 33 87 43 43 21 16 0 5 0 1
0.65006 33 86 43 43 20 16 0 6 0 1
0.68199 32 85 43 43 21 16 0 6 0 1
0.70793 31 84 43 43 22 16 0 6 0 1
0.734228 30 83 43 43 23 16 0 6 0 1
0.762386 30 83 42 42 23 17 0 6 0 1
0.807879 30 83 42 42 22 16 1 6 0 1
0.827597 30 82 42 42 21 16 1 7 0 1
0.82822 30 81 42 42 20 16 1 8 0 1
0.855945 29 80 42 42 21 16 1 8 0 1
0.859267 29 80 42 42 20 15 2 8 0 1
0.911702 29 79 42 42 19 15 2 9 0 1
0.913405 29 79 41 41 19 16 2 9 0 1
0.950253 28 78 41 41 20 16 2 9 0 1
0.955758 27 77 41 41 21 16 2 9 0 1
0.965913 27 77 41 41 20 15 3 9 0 1
0.96951 27 77 40 40 20 16 3 9 0 1
0.987311 26 76 40 40 21 16 3 9 0 1
1.10585 26 75 40 40 20 16 3 10 0 1
1.12814 25 74 40 40 21 16 3 10 0 1
1.1308 25 74 40 40 20 15 4 10 0 1
1.13972 24 73 40 40 21 15 4 10 0 1
1.16554 23 72 40 40 22 15 4 10 0 1
1.16866 23 72 39 39 22 16 4 10 0 1
1.25971 22 71 39 39 23 16 4 10 0 1
1.2757 22 70 39 39 22 16 4 11 0 1
1.27913 22 70 39 39 21 15 5 11 0 1
1.28881 22 69 39 39 20 15 5 12 0 1
1.34407 22 68 39 39 19 15 5 13 0 1
1.40903 22 67 39 39 18 15 5 14 0 1
1.47934 22 66 39 39 17 15 5 15 0 1
1.49568 22 66 39 39 17 14 5 14 0 2
1.5254 21 65 39 39 18 14 5 14 0 2
1.66433 21 65 38 38 18 15 5 14 0 2
1.6711 21 65 37 37 18 16 5 14 0 2
1.68368 21 64 37 37 18 16 4 14 1 2
1.76295 21 64 36 36 18 17 4 14 1 2
1.7736 21 64 35 35 18 18 4 14 1 2
1.79856 21 64 35 35 17 17 5 14 1 2
1.80735 21 64 34 34 17 18 5 14 1 2
1.81608 20 63 34 34 18 18 5 14 1 2
1.84825 20 62 34 34 18 18 4 14 2 2
1.85104 19 61 34 34 19 18 4 14 2 2
1.87782 18 60 34 34 20 18 4 14 2 2
1.87973 18 60 33 33 20 19 4 14 2 2
1.88112 17 59 33 33 21 19 4 14 2 2
1.92452 17 59 33 33 20 18 5 14 2 2
1.92584 17 58 33 33 20 18 4 14 3 2
1.94598 17 58 33 33 20 17 4 13 3 3
1.94648 17 58 32 32 20 18 4 13 3 3
1.98047 17 57 32 32 20 18 3 13 4 3
2.09724 17 57 31 31 20 19 3 13 4 3
2.0977 17 56 31 31 19 19 3 14 4 3
2.10257 17 56 30 30 19 20 3 14 4 3
2.14381 17 55 30 30 19 20 2 14 5 3
2.1478 16 54 30 30 20 20 2 14 5 3
2.15119 16 54 29 29 20 21 2 14 5 3
2.16396 16 53 29 29 19 21 2 15 5 3
2.21028 15 52 29 29 20 21 2 15 5 3
2.21556 15 52 28 28 20 22 2 15 5 3
2.23069 15 51 28 28 19 22 2 16 5 3
2.28339 15 51 28 28 19 21 2 15 5 4
2.32654 15 51 27 27 19 22 2 15 5 4
2.34946 15 51 27 27 19 21 2 14 5 5
2.41678 15 51 27 27 18 20 3 14 5 5
2.47534 15 50 27 27 18 20 2 14 6 5
2.54616 15 50 26 26 18 21 2 14 6 5
2.69621 14 49 26 26 19 21 2 14 6 5
2.84148 14 49 26 26 19 20 2 13 6 6
2.86332 14 49 25 25 19 21 2 13 6 6
2.89171 14 49 25 25 18 20 3 13 6 6
2.92849 14 49 25 25 17 19 4 13 6 6
2.94022 13 48 25 25 18 19 4 13 6 6
2.99975 12 47 25 25 19 19 4 13 6 6
3.05314 11 46 25 25 20 19 4 13 6 6
3.10491 10 45 25 25 21 19 4 13 6 6
3.10503 10 44 25 25 20 19 4 14 6 6
3.10654 10 44 24 24 20 20 4 14 6 6
3.1143 10 43 24 24 20 20 3 14 7 6
3.18338 9 42 24 24 21 20 3 14 7 6
3.29635 9 41 24 24 21 20 2 14 8 6
3.31948 9 41 23 23 21 21 2 14 8 6
3.33025 9 40 23 23 20 21 2 15 8 6
3.36757 9 40 23 23 20 20 2 14 8 7
3.39681 8 39 23 23 21 20 2 14 8 7
3.48061 8 39 22 22 21 21 2 14 8 7
3.50514 8 38 22 22 20 21 2 15 8 7
3.53582 8 38 22 22 19 20 3 15 8 7
3.54498 8 38 22 22 19 19 3 14 8 8
3.58467 8 38 21 21 19 20 3 14 8 8
3.77846 8 38 21 21 19 19 3 13 8 9
3.87849 7 37 21 21 20 19 3 13 8 9
3.92413 7 37 20 20 20 20 3 13 8 9
3.98337 7 37 20 20 19 19 4 13 8 9
4.00443 7 36 20 20 18 19 4 14 8 9
4.06439 7 36 20 20 18 18 4 13 8 10
4.18267 6 35 20 20 19 18 4 13 8 10
4.31154 6 36 20 20 20 18 4 12 8 10
4.33186 6 35 20 20 19 18 4 13 8 10
4.34283 6 35 20 20 18 17 5 13 8 10
4.35952 5 34 20 20 19 17 5 13 8 10
4.41335 5 34 20 20 18 16 6 13 8 10
4.43293 4 33 20 20 19 16 6 13 8 10
4.44324 4 32 20 20 18 16 6 14 8 10
4.44818 4 32 20 20 17 15 7 14 8 10
4.46459 4 33 20 20 17 15 8 14 7 10
4.56647 3 32 20 20 18 15 8 14 7 10
4.86707 3 31 20 20 17 15 8 15 7 10
4.99817 3 30 20 20 17 15 7 15 8 10
5.19736 3 30 20 20 17 14 7 14 8 11
5.41988 3 29 20 20 17 14 6 14 9 11
5.44506 3 29 19 19 17 15 6 14 9 11
5.49699 3 29 19 19 17 14 6 13 9 12
5.62263 3 29 18 18 17 15 6 13 9 12
5.67424 3 29 17 17 17 16 6 13 9 12
5.71747 3 29 17 17 16 15 7 13 9 12
5.87801 3 29 16 16 16 16 7 13 9 12
5.90036 4 30 16 16 15 16 7 13 9 12
6.07946 4 29 16 16 14 16 7 14 9 12
6.13463 3 28 16 16 15 16 7 14 9 12
6.43803 3 28 16 16 14 15 8 14 9 12
6.72375 3 28 16 16 13 14 9 14 9 12
6.82204 3 28 15 15 13 15 9 14 9 12
7.15906 3 27 15 15 12 15 9 15 9 12
7.23429 3 27 14 14 12 16 9 15 9 12
7.31415 3 26 14 14 11 16 9 16 9 12
7.36782 3 26 13 13 11 17 9 16 9 12
7.39294 3 26 12 12 11 18 9 16 9 12
7.64025 2 25 12 12 12 18 9 16 9 12
7.73125 2 24 12 12 11 18 9 17 9 12
7.96772 1 23 12 12 12 18 9 17 9 12
7.96811 1 23 12 12 11 17 10 17 9 12
8.21363 1 23 12 12 11 16 10 16 9 13
8.39477 1 23 12 12 10 15 11 16 9 13
8.49954 1 23 12 12 10 14 11 15 9 14
8.64286 1 22 12 12 10 14 10 15 10 14
8.91322 1 21 12 12 10 14 9 15 11 14
8.95096 1 20 12 12 9 14 9 16 11 14
9.06577 1 20 12 12 9 13 9 15 11 15
9.49753 1 21 12 12 9 13 10 15 10 15
9.51112 1 20 12 12 8 13 10 16 10 15
9.62226 1 19 12 12 7 13 10 17 10 15
9.67384 1 19 12 12 6 12 11 17 10 15
9.74116 1 19 12 12 6 11 11 16 10 16
9.94922 1 19 11 11 6 12 11 16 10 16
10.0778 1 18 11 11 6 12 10 16 11 16
10.4456 1 17 11 11 6 12 9 16 12 16
10.5121 1 17 11 11 5 11 10 16 12 16
10.7831 1 18 11 11 5 11 11 16 11 16
10.912 1 18 11 11 5 10 11 15 11 17
10.9847 1 18 11 11 5 9 11 14 11 18
11.3844 1 18 11 11 5 8 11 13 11 19
11.7215 1 19 11 11 5 8 12 13 10 19
11.9512 1 18 11 11 4 8 12 14 10 19
12.0287 1 17 11 11 4 8 11 14 11 19
12.1495 1 16 11 11 3 8 11 15 11 19
12.1769 1 16 10 10 3 9 11 15 11 19
12.6784 1 15 10 10 2 9 11 16 11 19
12.957 1 15 10 10 2 8 11 15 11 20
13.1794 1 15 10 10 2 7 11 14 11 21
13.2202 1 16 10 10 2 7 12 14 10 21
14.2435 1 17 10 10 3 7 12 13 10 21
14.4984 1 17 10 10 3 6 12 12 10 22
14.8796 1 16 10 10 3 6 11 12 11 22
15.0048 1 16 10 10 3 5 11 11 11 23
15.3806 1 15 10 10 3 5 10 11 12 23
15.5631 1 14 10 10 3 5 9 11 13 23
16.206 1 14 10 10 3 4 9 10 13 24
16.6046 1 13 10 10 3 4 8 10 14 24
16.9302 1 14 10 10 4 4 8 9 14 24
16.9953 1 15 10 10 4 4 9 9 13 24
17.158 1 14 10 10 3 4 9 10 13 24
18.4174 1 14 10 10 3 3 9 9 13 25
18.8153 1 13 10 10 3 3 8 9 14 25
19.0816 1 13 10 10 3 2 8 8 14 26
19.1011 1 12 10 10 3 2 7 8 15 26
19.2919 1 13 10 10 4 2 7 7 15 26
19.7168 1 14 10 10 4 2 8 7 14 26
19.8525 1 13 10 10 4 2 7 7 15 26
20.0671 1 13 9 9 4 3 7 7 15 26
20.5759 1 14 9 9 4 3 8 7 14 26
20.748 1 14 9 9 5 4 7 7 14 26
21.2639 1 14 9 9 5 3 7 6 14 27
21.4831 1 13 9 9 5 3 6 6 15 27
22.1134 1 14 9 9 5 3 7 6 14 27
22.3569 0 13 9 9 6 3 7 6 14 27
22.3941 0 13 8 8 6 4 7 6 14 27
22.5173 0 14 8 8 6 4 8 6 13 27
22.5935 0 14 7 7 6 5 8 6 13 27
23.0659 0 13 7 7 6 5 7 6 14 27
23.1659 0 12 7 7 6 5 6 6 15 27
23.3538 0 11 7 7 6 5 5 6 16 27
24.0697 0 12 7 7 6 5 6 6 15 27
24.4781 0 13 7 7 6 5 7 6 14 27
24.7439 0 14 7 7 6 5 8 6 13 27
25.363 1 15 7 7 5 5 8 6 13 27
25.4615 2 16 7 7 4 5 8 6 13 27
25.6555 2 17 7 7 5 5 8 5 13 27
25.848 2 17 6 6 5 6 8 5 13 27
26.0678 2 17 6 6 5 5 8 4 13 28
27.063 1 16 6 6 6 5 8 4 13 28
27.1592 1 17 6 6 6 5 9 4 12 28
27.8474 1 16 6 6 6 5 8 4 13 28
27.8902 1 17 6 6 6 5 9 4 12 28
28.1058 1 17 6 6 5 4 10 4 12 28
28.6223 1 16 6 6 5 4 9 4 13 28
28.9793 1 17 6 6 5 4 10 4 12 28
29.113 1 16 6 6 5 4 9 4 13 28
29.1985 0 15 6 6 6 4 9 4 13 28
29.5167 0 14 6 6 6 4 8 4 14 28
29.5342 0 13 6 6 5 4 8 5 14 28
30.8549 0 13 6 6 5 3 8 4 14 29
31.2667 0 12 6 6 4 3 8 5 14 29
31.4422 0 13 6 6 4 3 9 5 13 29
31.5858 0 12 6 6 4 3 8 5 14 29
31.7689 0 13 6 6 4 3 9 5 13 29
32.4607 0 12 6 6 4 3 8 5 14 29
32.6101 0 11 6 6 4 3 7 5 15 29
32.6574 0 11 6 6 4 2 7 4 15 30
33.3969 0 10 6 6 4 2 6 4 16 30
33.5523 0 9 6 6 3 2 6 5 16 30
33.7734 0 9 5 5 3 3 6 5 16 30
34.531 0 8 5 5 3 3 5 5 17 30
34.7892 0 8 4 4 3 4 5 5 17 30
35.4024 0 8 4 4 2 3 6 5 17 30
36.1144 0 7 4 4 2 3 5 5 18 30
36.3927 0 7 4 4 2 2 5 4 18 31
38.5912 0 7 3 3 2 3 5 4 18 31
41.831 0 8 3 3 2 3 6 4 17 31
44.7708 0 9 3 3 2 3 7 4 16 31
44.807 0 10 3 3 2 3 8 4 15 31
45.2383 0 9 3 3 2 3 7 4 16 31
46.6374 0 8 3 3 2 3 6 4 17 31
47.1759 0 8 2 2 2 4 6 4 17 31
47.2887 0 9 2 2 2 4 7 4 16 31
47.8153 0 10 2 2 2 4 8 4 15 31
48.8581 0 9 2 2 2 4 7 4 16 31
49.0599 0 9 2 2 2 3 7 3 16 32
49.5209 0 8 2 2 1 3 7 4 16 32
49.9631 0 9 2 2 1 3 8 4 15 32
50.4544 0 10 2 2 1 3 9 4 14 32
51.3287 0 9 2 2 1 3 8 4 15 32
52.1167 0 8 2 2 1 3 7 4 16 32
53.1185 0 7 2 2 1 3 6 4 17 32
55.0983 0 6 2 2 0 3 6 5 17 32
57.1928 0 5 2 2 0 3 5 5 18 32
61.8652 0 6 2 2 0 3 6 5 17 32
63.3283 0 5 2 2 0 3 5 5 18 32
63.4672 0 6 2 2 0 3 6 5 17 32
65.0217 0 7 2 2 0 3 7 5 16 32
65.7565 0 8 2 2 0 3 8 5 15 32
66.6272 0 9 2 2 0 3 9 5 14 32
66.7736 0 8 2 2 0 3 8 5 15 32
68.4616 0 7 2 2 0 3 7 5 16 32
69.0396 0 8 2 2 0 3 8 5 15 32
70.0595 0 7 2 2 0 3 7 5 16 32
70.4409 0 8 2 2 0 3 8 5 15 32
71.5937 0 8 2 2 0 4 8 6 15 31
71.6583 0 8 3 3 0 3 8 6 15 31
72.4441 0 8 2 2 0 4 8 6 15 31
72.5743 0 8 2 2 0 3 8 5 15 32
74.7615 0 9 2 2 0 3 9 5 14 32
76.5568 0 8 2 2 0 3 8 5 15 32
76.5588 0 9 2 2 1 3 8 4 15 32
76.5751 0 8 2 2 1 3 7 4 16 32
76.8727 0 8 2 2 1 2 7 3 16 33
77.0145 0 7 2 2 1 2 6 3 17 33
79.8034 0 8 2 2 1 2 7 3 16 33
81.5145 0 7 2 2 1 2 6 3 17 33
84.6542 0 8 2 2 1 2 7 3 16 33
84.7595 0 7 2 2 1 2 6 3 17 33
85.0945 0 8 2 2 1 2 7 3 16 33
85.1879 0 9 2 2 1 2 8 3 15 33
85.6861 0 10 2 2 1 2 9 3 14 33
86.2247 0 11 2 2 1 2 10 3 13 33
86.344 0 10 2 2 1 2 9 3 14 33
87.066 0 11 2 2 1 2 10 3 13 33
88.2297 0 10 2 2 1 2 9 3 14 33
89.4471 0 9 2 2 1 2 8 3 15 33
90.1134 0 8 2 2 1 2 7 3 16 33
90.9838 0 7 2 2 1 2 6 3 17 33
91.4831 0 6 2 2 1 2 5 3 18 33
93.2609 0 7 2 2 1 2 6 3 17 33
93.3775 0 6 2 2 1 2 5 3 18 33
93.5896 0 7 2 2 1 2 6 3 17 33
93.6358 0 8 2 2 1 2 7 3 16 33
94.8693 0 9 2 2 1 2 8 3 15 33
96.0592 0 8 2 2 1 2 7 3 16 33
96.5162 0 9 2 2 1 2 8 3 15 33
96.5584 0 8 2 2 1 2 7 3 16 33
96.9235 0 9 2 2 1 2 8 3 15 33
97.6799 0 9 1 1 1 3 8 3 15 33
97.9686 0 9 2 2 1 2 8 3 15 33
98.5341 0 10 2 2 1 2 9 3 14 33
98.7618 0 11 2 2 1 2 10 3 13 33
100.838 0 10 2 2 1 2 9 3 14 33
103.161 0 10 2 2 2 3 8 3 14 33
104 0 9 2 2 2 3 7 3 15 33
105.038 0 8 2 2 2 3 6 3 16 33
105.603 0 7 2 2 2 3 5 3 17 33
107.655 0 7 3 3 2 2 5 3 17 33
107.911 0 6 3 3 1 2 5 4 17 33
110.155 0 7 3 3 2 2 5 3 17 33
110.829 0 8 3 3 2 2 6 3 16 33
111.096 0 7 3 3 1 2 6 4 16 33
111.362 0 6 3 3 0 2 6 5 16 33
112.965 0 5 3 3 0 2 5 5 17 33
113.919 0 6 3 3 0 2 6 5 16 33
114.289 0 7 3 3 0 2 7 5 15 33
114.537 0 7 3 3 0 1 7 4 15 34
114.75 0 8 3 3 0 1 8 4 14 34
115.361 0 9 3 3 0 1 9 4 13 34
116.057 0 10 3 3 0 1 10 4 12 34
118.385 0 11 3 3 0 1 11 4 11 34
118.393 0 10 3 3 0 1 10 4 12 34
118.621 0 9 3 3 0 1 9 4 13 34
118.626 0 8 3 3 0 1 8 4 14 34
119.427 0 7 3 3 0 1 7 4 15 34
120.2 0 8 3 3 0 1 8 4 14 34
120.438 0 7 3 3 0 1 7 4 15 34
121.669 0 8 3 3 0 1 8 4 14 34
122.216 0 7 3 3 0 1 7 4 15 34
122.656 0 8 3 3 0 1 8 4 14 34
123.577 0 7 3 3 0 1 7 4 15 34
123.763 0 6 3 3 0 1 6 4 16 34
124.081 0 7 3 3 0 1 7 4 15 34
124.15 0 6 3 3 0 1 6 4 16 34
124.927 0 6 3 3 0 0 6 3 16 35
128.146 0 7 3 3 0 0 7 3 15 35
131.245 0 7 2 2 0 1 7 3 15 35
134.034 0 8 2 2 0 1 8 3 14 35
136.02 0 7 2 2 0 1 7 3 15 35
137.349 0 8 2 2 0 1 8 3 14 35
139.152 0 9 2 2 0 1 9 3 13 35
139.934 0 10 2 2 0 1 10 3 12 35
140.018 0 11 2 2 0 1 11 3 11 35
140.632 0 10 2 2 0 1 10 3 12 35
142.064 0 9 2 2 0 1 9 3 13 35
142.892 0 8 2 2 0 1 8 3 14 35
143.8 0 7 2 2 0 1 7 3 15 35
144.244 0 6 2 2 0 1 6 3 16 35
144.436 0 7 2 2 0 1 7 3 15 35
145.471 0 6 2 2 0 1 6 3 16 35
145.535 0 7 2 2 0 1 7 3 15 35
145.721 0 8 2 2 1 1 7 2 15 35
146.44 0 9 2 2 1 1 8 2 14 35
146.651 0 9 2 2 2 2 7 2 14 35
146.683 0 8 2 2 2 2 6 2 15 35
148.59 0 7 2 2 2 2 5 2 16 35
148.826 0 8 2 2 2 2 6 2 15 35
151.986 0 9 2 2 2 2 7 2 14 35
153.257 0 8 2 2 1 2 7 3 14 35
155.152 0 7 2 2 1 2 6 3 15 35
155.794 0 8 2 2 1 2 7 3 14 35
155.89 0 9 2 2 1 2 8 3 13 35
156.164 0 9 2 2 1 1 8 2 13 36
159.529 1 10 2 2 0 1 8 2 13 36
161.25 1 9 2 2 0 1 7 2 14 36
161.372 1 9 1 1 0 2 7 2 14 36
161.573 1 10 1 1 0 2 8 2 13 36
163.891 1 9 1 1 0 2 7 2 14 36
164.342 1 10 1 1 0 2 8 2 13 36
164.485 1 10 1 1 0 1 8 1 13 37
164.581 1 11 1 1 0 1 9 1 12 37
164.88 1 11 1 1 1 2 8 1 12 37
165.443 1 12 1 1 1 2 9 1 11 37
166.165 1 12 1 1 1 1 9 0 11 38
167.45 1 11 1 1 1 1 8 0 12 38
169.617 1 12 1 1 1 1 9 0 11 38
169.627 1 13 1 1 1 1 10 0 10 38
169.974 1 12 1 1 0 1 10 1 10 38
170.462 1 11 1 1 0 1 9 1 11 38
171.526 1 10 1 1 0 1 8 1 12 38
171.534 1 9 1 1 0 1 7 1 13 38
171.869 1 10 1 1 0 1 8 1 12 38
172.012 1 11 1 1 0 1 9 1 11 38
174.346 1 10 1 1 0 1 8 1 12 38
174.78 1 11 1 1 0 1 9 1 11 38
177.499 1 10 1 1 0 1 8 1 12 38
177.639 1 11 1 1 0 1 9 1 11 38
178.996 1 10 1 1 0 1 8 1 12 38
179.752 1 9 1 1 0 1 7 1 13 38
183.451 1 10 1 1 0 1 8 1 12 38
187.113 1 9 1 1 0 1 7 1 13 38
188.372 0 8 1 1 1 1 7 1 13 38
191.425 0 9 1 1 1 1 8 1 12 38
191.747 0 9 1 1 1 0 8 0 12 39
192.478 0 10 1 1 1 0 9 0 11 39
193.874 0 9 1 1 1 0 8 0 12 39
195.933 0 10 1 1 1 0 9 0 11 39
197.13 0 11 1 1 1 0 10 0 10 39
197.43 0 10 1 1 1 0 9 0 11 39
198.163 0 9 1 1 1 0 8 0 12 39
199.688 0 8 1 1 1 0 7 0 13 39
199.916 0 7 1 1 1 0 6 0 14 39
201.883 0 8 1 1 1 0 7 0 13 39
202.871 0 9 1 1 1 0 8 0 12 39
203.48 0 8 1 1 1 0 7 0 13 39
205.17 0 9 1 1 1 0 8 0 12 39
205.832 0 8 1 1 1 0 7 0 13 39
206.465 0 9 1 1 1 0 8 0 12 39
207.506 0 8 1 1 1 0 7 0 13 39
209.809 0 9 1 1 1 0 8 0 12 39
211.21 0 8 1 1 1 0 7 0 13 39
212.625 0 7 1 1 1 0 6 0 14 39
214.355 0 8 1 1 1 0 7 0 13 39
215.567 0 9 1 1 1 0 8 0 12 39
215.759 0 10 1 1 1 0 9 0 11 39
217.155 0 9 1 1 1 0 8 0 12 39
218.649 0 9 0 0 1 1 8 0 12 39
221.053 0 8 0 0 1 1 7 0 13 39
221.057 0 7 0 0 0 1 7 1 13 39
221.057 0 8 0 0 0 1 8 1 12 39
221.189 0 7 0 0 0 1 7 1 13 39
224.29 0 6 0 0 0 1 6 1 14 39
224.789 0 7 0 0 0 1 7 1 13 39
224.865 0 6 0 0 0 1 6 1 14 39
225.033 0 5 0 0 0 1 5 1 15 39
225.307 0 4 0 0 0 1 4 1 16 39
226.775 0 3 0 0 0 1 3 1 17 39
227.944 0 4 0 0 0 1 4 1 16 39
228.701 0 5 0 0 0 1 5 1 15 39
229.684 0 6 0 0 0 1 6 1 14 39
230.523 0 7 0 0 0 1 7 1 13 39
231.512 0 8 0 0 0 1 8 1 12 39
231.905 0 8 0 0 0 0 8 0 12 40
234.241 0 9 0 0 0 0 9 0 11 40
234.257 0 8 0 0 0 0 8 0 12 40
235.947 0 9 0 0 0 0 9 0 11 40
237.084 0 8 0 0 0 0 8 0 12 40
238.593 0 8 0 0 0 1 8 1 12 39
238.694 0 7 0 0 0 1 7 1 13 39
243.726 0 8 0 0 0 1 8 1 12 39
245.25 0 9 0 0 0 1 9 1 11 39
245.356 0 9 0 0 1 2 8 1 11 39
245.442 0 8 0 0 1 2 7 1 12 39
247.166 0 8 0 0 1 1 7 0 12 40
249.386 0 9 0 0 1 1 8 0 11 40
249.472 0 10 0 0 1 1 9 0 10 40
250.358 0 9 0 0 1 1 8 0 11 40
251.311 0 8 0 0 1 1 7 0 12 40
251.472 0 7 0 0 0 1 7 1 12 40
251.819 0 8 0 0 0 1 8 1 11 40
252.351 0 9 0 0 0 1 9 1 10 40
252.688 0 10 0 0 0 1 10 1 9 40
253.906 0 11 0 0 0 1 11 1 8 40
253.954 0 10 0 0 0 1 10 1 9 40
255.585 0 11 0 0 0 1 11 1 8 40
255.617 0 10 0 0 0 1 10 1 9 40
255.832 0 11 0 0 0 1 11 1 8 40
259.219 0 10 0 0 0 1 10 1 9 40
260.617 0 9 0 0 0 1 9 1 10 40
262.207 0 8 0 0 0 1 8 1 11 40
262.343 0 7 0 0 0 1 7 1 12 40
262.352 0 6 0 0 0 1 6 1 13 40
263.355 0 6 1 1 0 0 6 1 13 40
264.908 0 5 1 1 0 0 5 1 14 40
265.106 0 4 1 1 0 0 4 1 15 40
267.728 0 5 1 1 0 0 5 1 14 40
272.284 0 6 1 1 0 0 6 1 13 40
273.403 0 5 1 1 0 0 5 1 14 40
273.604 0 6 1 1 0 0 6 1 13 40
274.6 0 5 1 1 0 0 5 1 14 40
276.188 0 6 1 1 0 0 6 1 13 40
277.276 0 5 1 1 0 0 5 1 14 40
279.026 0 6 1 1 0 0 6 1 13 40
279.282 0 7 1 1 0 0 7 1 12 40
279.781 0 6 1 1 0 0 6 1 13 40
279.987 0 7 1 1 0 0 7 1 12 40
282.274 0 8 1 1 0 0 8 1 11 40
282.512 0 9 1 1 0 0 9 1 10 40
284.04 0 8 1 1 0 0 8 1 11 40
284.078 0 7 1 1 0 0 7 1 12 40
286.086 0 6 1 1 0 0 6 1 13 40
286.799 0 5 1 1 0 0 5 1 14 40
291.275 0 4 1 1 0 0 4 1 15 40
292.199 0 5 1 1 0 0 5 1 14 40
293.506 0 4 1 1 0 0 4 1 15 40
293.578 0 5 1 1 0 0 5 1 14 40
294.685 0 6 1 1 0 0 6 1 13 40
294.876 0 7 1 1 0 0 7 1 12 40
295.057 0 8 1 1 0 0 8 1 11 40
296.482 0 7 1 1 0 0 7 1 12 40
296.872 0 6 1 1 0 0 6 1 13 40
300.138 0 7 1 1 0 0 7 1 12 40
300.146 0 8 1 1 0 0 8 1 11 40
300.884 0 7 1 1 0 0 7 1 12 40
305.416 0 7 1 1 1 1 6 1 12 40
306.811 0 6 1 1 1 1 5 1 13 40
307.401 0 7 1 1 1 1 6 1 12 40
308.314 0 8 1 1 1 1 7 1 11 40
308.393 0 8 1 1 0 0 8 1 11 40
308.974 0 7 1 1 0 0 7 1 12 40
312.921 0 8 1 1 0 0 8 1 11 40
315.773 0 7 1 1 0 0 7 1 12 40
315.832 0 8 1 1 0 0 8 1 11 40
317.282 0 9 1 1 0 0 9 1 10 40
317.731 0 8 1 1 0 0 8 1 11 40
318.907 0 7 1 1 0 0 7 1 12 40
319.348 0 6 1 1 0 0 6 1 13 40
321.156 0 7 1 1 0 0 7 1 12 40
322.491 0 8 1 1 0 0 8 1 11 40
322.597 0 7 1 1 0 0 7 1 12 40
324.223 0 6 1 1 0 0 6 1 13 40
324.932 0 7 1 1 0 0 7 1 12 40
327.507 0 6 1 1 0 0 6 1 13 40
328.231 0 5 1 1 0 0 5 1 14 40
332.02 0 4 1 1 0 0 4 1 15 40
333.456 0 3 1 1 0 0 3 1 16 40
333.944 0 4 1 1 0 0 4 1 15 40
334.667 0 5 1 1 0 0 5 1 14 40
335.927 0 6 1 1 0 0 6 1 13 40
336.843 0 5 1 1 0 0 5 1 14 40
337.969 0 6 1 1 0 0 6 1 13 40
339.087 0 5 1 1 0 0 5 1 14 40
340.824 0 6 1 1 0 0 6 1 13 40
341.033 0 7 1 1 0 0 7 1 12 40
341.935 0 8 1 1 0 0 8 1 11 40
346.958 0 9 1 1 0 0 9 1 10 40
346.967 0 8 1 1 0 0 8 1 11 40
347.438 0 7 1 1 0 0 7 1 12 40
347.949 0 6 1 1 0 0 6 1 13 40
350.325 0 7 1 1 0 0 7 1 12 40
351.38 0 8 1 1 0 0 8 1 11 40
351.56 0 7 1 1 0 0 7 1 12 40
355.607 0 7 1 1 1 1 6 1 12 40
355.798 1 8 1 1 0 1 6 1 12 40
356.918 1 7 1 1 0 1 5 1 13 40
357.733 1 8 1 1 0 1 6 1 12 40
359.471 1 9 1 1 0 1 7 1 11 40
366.045 1 8 1 1 0 1 6 1 12 40
366.521 1 9 1 1 0 1 7 1 11 40
368.383 1 8 1 1 0 1 6 1 12 40
368.922 1 7 1 1 0 1 5 1 13 40
369.056 1 8 1 1 0 1 6 1 12 40
369.336 1 9 1 1 0 1 7 1 11 40
369.659 1 8 1 1 0 1 6 1 12 40
369.913 1 9 1 1 0 1 7 1 11 40
371.688 1 8 1 1 0 1 6 1 12 40
372.549 0 7 1 1 1 1 6 1 12 40
373.671 0 8 1 1 1 1 7 1 11 40
374.402 0 7 1 1 1 1 6 1 12 40
374.438 0 8 1 1 1 1 7 1 11 40
374.987 0 7 1 1 0 1 7 2 11 40
375.378 0 8 1 1 0 1 8 2 10 40
376.269 0 9 1 1 0 1 9 2 9 40
377.336 0 8 1 1 0 1 8 2 10 40
377.931 0 7 1 1 0 1 7 2 11 40
379.601 0 6 1 1 0 1 6 2 12 40
380.085 0 5 1 1 0 1 5 2 13 40
380.348 0 6 1 1 0 1 6 2 12 40
380.798 0 7 1 1 0 1 7 2 11 40
380.887 0 8 1 1 0 1 8 2 10 40
381.723 0 7 1 1 0 1 7 2 11 40
382.084 0 8 1 1 0 1 8 2 10 40
384.234 0 7 1 1 0 1 7 2 11 40
385.193 0 8 1 1 0 1 8 2 10 40
386.271 0 7 1 1 0 1 7 2 11 40
387.009 0 8 1 1 1 1 7 1 11 40
387.092 0 7 1 1 1 1 6 1 12 40
387.334 0 6 1 1 1 1 5 1 13 40
392.839 0 5 1 1 1 1 4 1 14 40
393.81 0 6 1 1 1 1 5 1 13 40
394.296 0 7 1 1 1 1 6 1 12 40
394.53 0 6 1 1 0 1 6 2 12 40
394.646 0 7 1 1 0 1 7 2 11 40
394.816 0 8 1 1 0 1 8 2 10 40
396.49 0 9 1 1 0 1 9 2 9 40
398.395 0 10 1 1 0 1 10 2 8 40
398.475 0 11 1 1 0 1 11 2 7 40
398.823 0 10 1 1 0 1 10 2 8 40
401.71 0 9 1 1 0 1 9 2 9 40
402.035 0 8 1 1 0 1 8 2 10 40
402.71 0 7 1 1 0 1 7 2 11 40
403.792 0 7 2 2 0 0 7 2 11 40
404.509 0 6 2 2 0 0 6 2 12 40
404.716 0 7 2 2 0 0 7 2 11 40
405.841 0 6 2 2 0 0 6 2 12 40
408.155 0 5 2 2 0 0 5 2 13 40
411.318 0 5 1 1 0 1 5 2 13 40
412.382 0 4 1 1 0 1 4 2 14 40
413.018 0 5 1 1 0 1 5 2 13 40
413.605 0 6 1 1 0 1 6 2 12 40
416.124 0 7 1 1 0 1 7 2 11 40
416.773 0 6 1 1 0 1 6 2 12 40
417.208 0 5 1 1 0 1 5 2 13 40
420.098 0 6 1 1 0 1 6 2 12 40
421.46 0 7 1 1 0 1 7 2 11 40
423.484 0 8 1 1 0 1 8 2 10 40
425.674 0 9 1 1 0 1 9 2 9 40
426.626 0 10 1 1 0 1 10 2 8 40
426.773 0 9 1 1 0 1 9 2 9 40
428.063 0 8 1 1 0 1 8 2 10 40
428.626 0 7 1 1 0 1 7 2 11 40
429.929 0 8 1 1 0 1 8 2 10 40
430.787 0 9 1 1 0 1 9 2 9 40
431.074 0 8 1 1 0 1 8 2 10 40
432.976 0 7 1 1 0 1 7 2 11 40
437.934 0 6 1 1 0 1 6 2 12 40
439.836 0 7 1 1 0 1 7 2 11 40
440.934 0 8 1 1 1 1 7 1 11 40
441.098 0 8 2 2 1 0 7 1 11 40
441.428 0 7 2 2 1 0 6 1 12 40
442.479 0 8 2 2 1 0 7 1 11 40
444.606 0 8 2 2 2 1 6 1 11 40
445.233 1 9 2 2 1 1 6 1 11 40
446.572 1 8 2 2 1 1 5 1 12 40
446.836 1 9 2 2 1 1 6 1 11 40
447.254 1 8 2 2 1 1 5 1 12 40
452.207 0 7 2 2 2 1 5 1 12 40
454.663 1 8 2 2 1 1 5 1 12 40
454.85 1 9 2 2 1 1 6 1 11 40
455.352 0 8 2 2 2 1 6 1 11 40
456.636 0 9 2 2 2 1 7 1 10 40
457.585 0 8 2 2 1 1 7 2 10 40
459.139 0 9 2 2 1 1 8 2 9 40
459.798 0 8 2 2 1 1 7 2 10 40
460.983 0 7 2 2 1 1 6 2 11 40
462.312 0 8 2 2 1 1 7 2 10 40
464.132 0 7 2 2 1 1 6 2 11 40
465.519 0 8 2 2 1 1 7 2 10 40
470.976 1 9 2 2 0 1 7 2 10 40
473.002 1 10 2 2 0 1 8 2 9 40
474.955 1 11 2 2 0 1 9 2 8 40
476.356 1 10 2 2 0 1 8 2 9 40
476.549 1 9 2 2 0 1 7 2 10 40
477.053 1 10 2 2 0 1 8 2 9 40
478.657 1 9 2 2 0 1 7 2 10 40
479.044 1 8 2 2 0 1 6 2 11 40
479.228 0 7 2 2 1 1 6 2 11 40
484.006 0 6 2 2 1 1 5 2 12 40
484.222 0 7 2 2 1 1 6 2 11 40
486.189 0 6 2 2 1 1 5 2 12 40
486.506 0 7 2 2 1 1 6 2 11 40
486.587 0 8 2 2 1 1 7 2 10 40
486.599 0 7 2 2 1 1 6 2 11 40
487.009 0 7 2 2 1 2 6 3 11 39
487.227 0 8 2 2 1 2 7 3 10 39
487.468 0 9 2 2 1 2 8 3 9 39
487.866 0 10 2 2 2 2 8 2 9 39
489.921 0 9 2 2 2 2 7 2 10 39
491.052 0 10 2 2 2 2 8 2 9 39
492.761 0 9 2 2 2 2 7 2 10 39
492.832 0 10 2 2 2 2 8 2 9 39
492.877 0 11 2 2 2 2 9 2 8 39
492.976 0 12 2 2 2 2 10 2 7 39
493.073 0 11 2 2 1 2 10 3 7 39
493.611 0 10 2 2 1 2 9 3 8 39
493.696 0 9 2 2 1 2 8 3 9 39
494.21 0 10 2 2 1 2 9 3 8 39
495.393 0 9 2 2 1 2 8 3 9 39
497.705 0 10 2 2 1 2 9 3 8 39
498.194 0 11 2 2 1 2 10 3 7 39
498.358 0 10 2 2 1 2 9 3 8 39
498.49 0 9 2 2 1 2 8 3 9 39
499.516 0 10 2 2 1 2 9 3 8 39
499.577 0 9 2 2 0 2 9 4 8 39
500.005 0 8 2 2 0 2 8 4 9 39
502.493 0 8 2 2 0 1 8 3 9 40
502.641 0 7 2 2 0 1 7 3 10 40
503.971 0 8 2 2 0 1 8 3 9 40
509.253 0 7 2 2 0 1 7 3 10 40
510.17 0 7 2 2 0 0 7 2 10 41
511.883 0 6 2 2 0 0 6 2 11 41
512.228 0 7 2 2 0 0 7 2 10 41
514.196 0 7 1 1 0 1 7 2 10 41
515.345 0 6 1 1 0 1 6 2 11 41
515.361 0 7 1 1 1 1 6 1 11 41
517.296 0 8 1 1 1 1 7 1 10 41
518.561 0 7 1 1 1 1 6 1 11 41
520.246 0 8 1 1 1 1 7 1 10 41
525.74 0 7 1 1 1 1 6 1 11 41
527.3 0 8 1 1 1 1 7 1 10 41
528.876 0 7 1 1 1 1 6 1 11 41
530.808 0 6 1 1 1 1 5 1 12 41
531.971 0 7 1 1 1 1 6 1 11 41
532.133 0 6 1 1 0 1 6 2 11 41
532.52 0 5 1 1 0 1 5 2 12 41
532.616 0 4 1 1 0 1 4 2 13 41
533.114 0 5 1 1 0 1 5 2 12 41
533.321 0 6 1 1 0 1 6 2 11 41
533.719 0 5 1 1 0 1 5 2 12 41
535.786 0 6 1 1 0 1 6 2 11 41
537.694 0 7 1 1 0 1 7 2 10 41
538.489 0 8 1 1 0 1 8 2 9 41
539.214 0 9 1 1 0 1 9 2 8 41
540.675 0 8 1 1 0 1 8 2 9 41
540.685 0 7 1 1 0 1 7 2 10 41
542.807 0 6 1 1 0 1 6 2 11 41
542.927 0 6 2 2 0 0 6 2 11 41
544.354 0 5 2 2 0 0 5 2 12 41
544.416 0 4 2 2 0 0 4 2 13 41
544.825 0 5 2 2 0 0 5 2 12 41
545.61 0 6 2 2 0 0 6 2 11 41
546.019 0 5 2 2 0 0 5 2 12 41
547.279 0 6 2 2 0 0 6 2 11 41
549.04 0 5 2 2 0 0 5 2 12 41
549.186 0 6 2 2 0 0 6 2 11 41
549.275 0 5 2 2 0 0 5 2 12 41
555.313 0 6 2 2 0 0 6 2 11 41
555.706 0 7 2 2 0 0 7 2 10 41
557.35 0 7 1 1 0 1 7 2 10 41
560.271 0 6 1 1 0 1 6 2 11 41
561.13 0 5 1 1 0 1 5 2 12 41
562.15 0 6 1 1 0 1 6 2 11 41
562.641 0 7 1 1 0 1 7 2 10 41
562.918 0 8 1 1 0 1 8 2 9 41
565.364 0 8 2 2 0 0 8 2 9 41
566.473 0 9 2 2 0 0 9 2 8 41
567.743 0 8 2 2 0 0 8 2 9 41
571.09 0 9 2 2 0 0 9 2 8 41
571.376 0 8 2 2 0 0 8 2 9 41
571.456 0 9 2 2 0 0 9 2 8 41
571.573 0 10 2 2 0 0 10 2 7 41
571.735 0 11 2 2 0 0 11 2 6 41
572.614 0 10 2 2 0 0 10 2 7 41
573.322 0 9 2 2 0 0 9 2 8 41
573.846 0 8 2 2 0 0 8 2 9 41
573.958 0 7 2 2 0 0 7 2 10 41
574.127 0 6 2 2 0 0 6 2 11 41
574.809 0 7 2 2 0 0 7 2 10 41
576.362 0 6 2 2 0 0 6 2 11 41
578.312 0 6 2 2 1 1 5 2 11 41
584.521 0 7 2 2 1 1 6 2 10 41
586.869 0 6 2 2 1 1 5 2 11 41
587.2 0 5 2 2 1 1 4 2 12 41
591.533 0 6 2 2 1 1 5 2 11 41
592.326 0 7 2 2 2 1 5 1 11 41
594.15 0 6 2 2 1 1 5 2 11 41
594.357 0 5 2 2 1 1 4 2 12 41
595.813 0 4 2 2 1 1 3 2 13 41
596.448 0 5 2 2 1 1 4 2 12 41
596.687 0 4 2 2 0 1 4 3 12 41
598.094 0 5 2 2 0 1 5 3 11 41
599.4 0 4 2 2 0 1 4 3 12 41
602.164 0 4 1 1 0 2 4 3 12 41
602.366 0 5 1 1 0 2 5 3 11 41
603.507 0 4 1 1 0 2 4 3 12 41
603.66 0 5 1 1 0 2 5 3 11 41
604.04 0 4 1 1 0 2 4 3 12 41
604.419 0 5 1 1 0 2 5 3 11 41
606.401 0 6 1 1 0 2 6 3 10 41
609.57 0 7 1 1 0 2 7 3 9 41
609.82 0 6 1 1 0 2 6 3 10 41
611.63 0 7 1 1 0 2 7 3 9 41
612.868 0 8 1 1 0 2 8 3 8 41
613.002 0 7 1 1 0 2 7 3 9 41
613.948 0 8 1 1 0 2 8 3 8 41
615.316 0 9 1 1 0 2 9 3 7 41
616.048 0 10 1 1 0 2 10 3 6 41
617.611 0 9 1 1 0 2 9 3 7 41
617.883 0 8 1 1 0 2 8 3 8 41
620.038 0 7 1 1 0 2 7 3 9 41
622.081 0 6 1 1 0 2 6 3 10 41
622.55 0 7 1 1 1 2 6 2 10 41
625.145 1 8 1 1 0 2 6 2 10 41
625.889 1 7 1 1 0 2 5 2 11 41
627.3 1 8 1 1 0 2 6 2 10 41
629.162 1 7 1 1 0 2 5 2 11 41
629.219 1 7 1 1 1 3 4 2 11 41
629.434 1 6 1 1 1 3 3 2 12 41
632.246 1 7 1 1 1 3 4 2 11 41
633.452 1 8 1 1 1 3 5 2 10 41
634.306 1 9 1 1 1 3 6 2 9 41
635.044 1 10 1 1 1 3 7 2 8 41
635.876 2 11 1 1 0 3 7 2 8 41
636.281 2 10 1 1 0 3 6 2 9 41
636.579 2 11 1 1 0 3 7 2 8 41
637.368 2 12 1 1 0 3 8 2 7 41
637.496 1 11 1 1 1 3 8 2 7 41
637.567 1 12 1 1 1 3 9 2 6 41
637.916 1 11 1 1 1 3 8 2 7 41
638.768 1 12 1 1 1 3 9 2 6 41
640.576 1 11 1 1 1 3 8 2 7 41
642.302 0 10 1 1 2 3 8 2 7 41
644.897 0 11 1 1 2 3 9 2 6 41
645.652 0 10 1 1 2 3 8 2 7 41
645.968 0 10 1 1 3 4 7 2 7 41
646.191 0 9 1 1 3 4 6 2 8 41
646.944 0 8 1 1 3 4 5 2 9 41
648.985 0 9 1 1 3 4 6 2 8 41
649.059 0 10 1 1 3 4 7 2 7 41
652.366 0 10 1 1 3 3 7 1 7 42
652.886 0 9 1 1 3 3 6 1 8 42
653.373 0 8 1 1 3 3 5 1 9 42
653.989 0 7 1 1 2 3 5 2 9 42
655.146 0 6 1 1 2 3 4 2 10 42
655.178 0 7 1 1 2 3 5 2 9 42
657.403 0 6 1 1 2 3 4 2 10 42
658.916 0 5 1 1 2 3 3 2 11 42
661.913 0 5 1 1 2 2 3 1 11 43
664.015 0 6 1 1 2 2 4 1 10 43
664.907 0 7 1 1 2 2 5 1 9 43
666.681 0 6 1 1 2 2 4 1 10 43
669.836 0 7 1 1 2 2 5 1 9 43
670.631 0 6 1 1 2 2 4 1 10 43
671.53 1 7 1 1 1 2 4 1 10 43
671.542 1 8 1 1 1 2 5 1 9 43
674.157 1 8 1 1 1 1 5 0 9 44
674.189 1 9 1 1 1 1 6 0 8 44
674.252 1 8 1 1 1 1 5 0 9 44
676.074 1 7 1 1 1 1 4 0 10 44
676.541 1 6 1 1 1 1 3 0 11 44
680.778 1 7 1 1 1 1 4 0 10 44
682.562 1 6 1 1 1 1 3 0 11 44
685.449 1 6 1 1 2 2 2 0 11 44
685.901 2 7 1 1 1 2 2 0 11 44
686.054 2 6 1 1 1 2 1 0 12 44
687.719 2 6 1 1 0 1 2 0 12 44
688.688 2 7 1 1 0 1 3 0 11 44
688.958 1 6 1 1 1 1 3 0 11 44
689.554 2 7 1 1 0 1 3 0 11 44
690.448 2 8 1 1 0 1 4 0 10 44
690.581 2 9 1 1 0 1 5 0 9 44
692.475 2 10 1 1 0 1 6 0 8 44
693.484 2 10 0 0 0 2 6 0 8 44
694.452 2 9 0 0 0 2 5 0 9 44
695.329 1 8 0 0 1 2 5 0 9 44
695.5 1 8 1 1 1 1 5 0 9 44
700.545 1 7 1 1 1 1 4 0 10 44
700.633 1 6 1 1 1 1 3 0 11 44
701.513 1 7 1 1 1 1 4 0 10 44
702.279 2 8 1 1 0 1 4 0 10 44
702.356 2 9 1 1 0 1 5 0 9 44
702.942 2 8 1 1 0 1 4 0 10 44
704.243 2 7 1 1 0 1 3 0 11 44
705.02 1 6 1 1 1 1 3 0 11 44
705.317 1 5 1 1 1 1 2 0 12 44
705.795 1 6 1 1 1 1 3 0 11 44
706.071 1 7 1 1 1 1 4 0 10 44
706.756 1 6 1 1 1 1 3 0 11 44
709.841 0 5 1 1 2 1 3 0 11 44
710.016 0 6 1 1 2 1 4 0 10 44
712.539 0 7 1 1 2 1 5 0 9 44
714.739 0 6 1 1 2 1 4 0 10 44
714.83 0 5 1 1 2 1 3 0 11 44
716.363 0 6 1 1 2 1 4 0 10 44
716.661 0 7 1 1 2 1 5 0 9 44
716.68 0 8 1 1 2 1 6 0 8 44
716.793 1 9 1 1 1 1 6 0 8 44
718.327 1 8 1 1 1 1 5 0 9 44
721.714 1 9 1 1 1 1 6 0 8 44
722.843 1 10 1 1 1 1 7 0 7 44
726.463 1 9 1 1 1 1 6 0 8 44
726.985 1 10 1 1 1 1 7 0 7 44
729.314 1 9 1 1 1 1 6 0 8 44
731.853 1 8 1 1 1 1 5 0 9 44
733.407 0 7 1 1 2 1 5 0 9 44
733.573 0 6 1 1 1 1 5 1 9 44
733.95 0 5 1 1 1 1 4 1 10 44
734.569 0 6 1 1 1 1 5 1 9 44
736.908 0 5 1 1 1 1 4 1 10 44
739.337 0 4 1 1 1 1 3 1 11 44
744.542 0 3 1 1 0 1 3 2 11 44
744.966 0 4 1 1 1 1 3 1 11 44
745.288 0 3 1 1 1 1 2 1 12 44
747.732 0 4 1 1 1 1 3 1 11 44
747.819 0 5 1 1 1 1 4 1 10 44
748.167 0 6 1 1 2 1 4 0 10 44
748.518 1 7 1 1 1 1 4 0 10 44
748.744 1 8 1 1 1 1 5 0 9 44
749.177 1 9 1 1 1 1 6 0 8 44
751.416 0 8 1 1 2 1 6 0 8 44
751.439 0 7 1 1 2 1 5 0 9 44
752.354 0 8 1 1 2 1 6 0 8 44
754.983 0 7 1 1 2 1 5 0 9 44
755.94 0 6 1 1 2 1 4 0 10 44
757.8 0 7 1 1 2 1 5 0 9 44
759.091 0 6 1 1 2 1 4 0 10 44
759.15 0 5 1 1 2 1 3 0 11 44
761.019 0 6 1 1 2 1 4 0 10 44
762.926 0 7 1 1 2 1 5 0 9 44
763.392 0 6 1 1 2 1 4 0 10 44
765.506 0 7 1 1 2 1 5 0 9 44
767.592 0 6 1 1 2 1 4 0 10 44
767.621 0 5 1 1 2 1 3 0 11 44
767.733 0 6 1 1 2 1 4 0 10 44
772.469 0 5 1 1 2 1 3 0 11 44
772.998 0 5 1 1 1 0 4 0 11 44
776.672 0 4 1 1 1 0 3 0 12 44
777.093 1 5 1 1 0 0 3 0 12 44
778.545 1 5 1 1 1 1 2 0 12 44
779.474 1 6 1 1 1 1 3 0 11 44
785.364 1 7 1 1 1 1 4 0 10 44
789.175 1 8 1 1 1 1 5 0 9 44
791.542 1 7 1 1 1 1 4 0 10 44
791.892 1 6 1 1 0 1 4 1 10 44
791.938 1 7 1 1 0 1 5 1 9 44
792.531 1 6 1 1 0 1 4 1 10 44
798.971 1 7 1 1 0 1 5 1 9 44
801.063 0 6 1 1 1 1 5 1 9 44
801.12 0 5 1 1 1 1 4 1 10 44
801.728 0 5 0 0 1 2 4 1 10 44
803.943 0 5 0 0 2 3 3 1 10 44
809.307 1 6 0 0 1 3 3 1 10 44
809.959 1 7 0 0 1 3 4 1 9 44
810.648 1 7 0 0 0 2 5 1 9 44
813.934 1 6 0 0 0 2 4 1 10 44
814.265 1 5 0 0 0 2 3 1 11 44
817.567 1 6 0 0 0 2 4 1 10 44
821.038 1 5 0 0 0 2 3 1 11 44
823.324 1 6 0 0 0 2 4 1 10 44
823.774 1 5 0 0 0 2 3 1 11 44
825.394 1 6 0 0 0 2 4 1 10 44
826.655 1 6 0 0 1 3 3 1 10 44
828.364 1 7 0 0 1 3 4 1 9 44
829.579 1 6 0 0 1 3 3 1 10 44
829.748 1 5 0 0 1 3 2 1 11 44
831.735 1 4 0 0 1 3 1 1 12 44
832.788 1 5 0 0 1 3 2 1 11 44
833.801 1 4 0 0 1 3 1 1 12 44
837.061 1 3 0 0 0 3 1 2 12 44
839.407 1 4 0 0 0 3 2 2 11 44
841.369 1 3 0 0 0 3 1 2 12 44
843.103 1 4 0 0 0 3 2 2 11 44
843.125 1 5 0 0 0 3 3 2 10 44
843.49 1 5 0 0 0 2 3 1 10 45
845.125 1 6 0 0 0 2 4 1 9 45
846.297 1 7 0 0 0 2 5 1 8 45
855.471 1 8 0 0 0 2 6 1 7 45
857.507 1 7 0 0 0 2 5 1 8 45
858.107 1 8 0 0 0 2 6 1 7 45
858.78 1 7 0 0 0 2 5 1 8 45
859.178 1 8 0 0 0 2 6 1 7 45
859.609 1 7 0 0 0 2 5 1 8 45
861.829 1 6 0 0 0 2 4 1 9 45
862.992 1 6 0 0 0 1 4 0 9 46
864.561 1 7 0 0 0 1 5 0 8 46
865.269 1 8 0 0 0 1 6 0 7 46
865.434 0 7 0 0 1 1 6 0 7 46
867.556 0 8 0 0 1 1 7 0 6 46
868.359 0 7 0 0 1 1 6 0 7 46
871.368 0 8 0 0 1 1 7 0 6 46
872.002 1 9 0 0 0 1 7 0 6 46
872.306 1 8 0 0 0 1 6 0 7 46
873.009 0 7 0 0 1 1 6 0 7 46
873.066 0 6 0 0 1 1 5 0 8 46
873.725 0 7 0 0 1 1 6 0 7 46
873.923 0 6 0 0 1 1 5 0 8 46
875.12 0 7 0 0 1 1 6 0 7 46
875.514 0 8 0 0 1 1 7 0 6 46
875.675 0 7 0 0 1 1 6 0 7 46
878.79 0 6 0 0 1 1 5 0 8 46
883.158 0 7 0 0 1 1 6 0 7 46
887.152 0 8 0 0 1 1 7 0 6 46
887.407 0 7 0 0 1 1 6 0 7 46
887.65 0 6 0 0 1 1 5 0 8 46
889.259 0 6 0 0 1 2 5 1 8 45
890.886 0 5 0 0 1 2 4 1 9 45
891.646 0 4 0 0 1 2 3 1 10 45
892.431 1 5 0 0 0 2 3 1 10 45
895.596 1 6 0 0 0 2 4 1 9 45
896.56 1 7 0 0 0 2 5 1 8 45
899.048 1 6 0 0 0 2 4 1 9 45
900.99 1 7 0 0 0 2 5 1 8 45
905.208 1 6 0 0 0 2 4 1 9 45
906.605 1 7 0 0 0 2 5 1 8 45
908.098 1 8 0 0 0 2 6 1 7 45
909.931 1 7 0 0 0 2 5 1 8 45
911.512 1 6 0 0 0 2 4 1 9 45
912.937 1 5 0 0 0 2 3 1 10 45
913.665 1 5 0 0 0 1 3 0 10 46
914.73 0 4 0 0 1 1 3 0 10 46
917.221 0 5 0 0 1 1 4 0 9 46
921.677 0 6 0 0 1 1 5 0 8 46
925.51 0 7 0 0 1 1 6 0 7 46
927.92 0 6 0 0 1 1 5 0 8 46
929.615 0 7 0 0 1 1 6 0 7 46
932.466 1 8 0 0 0 1 6 0 7 46
934.596 1 7 0 0 0 1 5 0 8 46
936.684 1 6 0 0 0 1 4 0 9 46
937.667 1 7 0 0 0 1 5 0 8 46
939.884 1 8 0 0 0 1 6 0 7 46
941.62 1 7 0 0 0 1 5 0 8 46
942.993 1 8 0 0 0 1 6 0 7 46
943.182 1 9 0 0 0 1 7 0 6 46
943.366 1 8 0 0 0 1 6 0 7 46
946 1 7 0 0 0 1 5 0 8 46
946.77 1 6 0 0 0 1 4 0 9 46
948.425 1 7 0 0 0 1 5 0 8 46
949.937 1 7 1 1 0 0 5 0 8 46
951.17 1 8 1 1 0 0 6 0 7 46
951.49 1 9 1 1 0 0 7 0 6 46
952.703 1 10 1 1 0 0 8 0 5 46
953.682 1 9 1 1 0 0 7 0 6 46
954.73 1 9 1 1 1 1 6 0 6 46
954.819 0 8 1 1 2 1 6 0 6 46
955.929 0 7 1 1 2 1 5 0 7 46
965.663 0 8 1 1 2 1 6 0 6 46
966.091 0 7 1 1 2 1 5 0 7 46
967.404 0 7 2 2 2 0 5 0 7 46
969.154 0 6 2 2 2 0 4 0 8 46
972.146 1 7 2 2 1 0 4 0 8 46
972.623 1 8 2 2 1 0 5 0 7 46
972.716 1 7 2 2 1 0 4 0 8 46
973.766 1 6 2 2 1 0 3 0 9 46
974.498 1 7 2 2 1 0 4 0 8 46
974.583 1 6 2 2 0 0 4 1 8 46
974.913 1 5 2 2 0 0 3 1 9 46
976.628 1 4 2 2 0 0 2 1 10 46
976.689 1 5 2 2 0 0 3 1 9 46
976.748 1 6 2 2 0 0 4 1 8 46
976.937 1 5 2 2 0 0 3 1 9 46
981.565 1 6 2 2 0 0 4 1 8 46
985.023 1 7 2 2 0 0 5 1 7 46
986.807 1 7 2 2 1 1 4 1 7 46
988.133 1 8 2 2 1 1 5 1 6 46
988.358 1 7 2 2 0 1 5 2 6 46
991.762 1 7 3 3 0 0 5 2 6 46
993.3 0 6 3 3 1 0 5 2 6 46
993.827 0 7 3 3 1 0 6 2 5 46
995.232 0 6 3 3 1 0 5 2 6 46
995.435 0 5 3 3 1 0 4 2 7 46
995.738 0 6 3 3 1 0 5 2 6 46
996.372 0 5 3 3 1 0 4 2 7 46
996.398 0 6 3 3 1 0 5 2 6 46
999.702 0 7 3 3 2 0 5 1 6 46
1000.54 0 7 2 2 2 1 5 1 6 46
1002.03 0 7 2 2 3 2 4 1 6 46
1002.1 0 6 2 2 2 2 4 2 6 46
1003.24 0 5 2 2 2 2 3 2 7 46
1007.49 0 6 2 2 2 2 4 2 6 46
1007.58 0 7 2 2 2 2 5 2 5 46
1008.53 0 7 2 2 1 1 6 2 5 46
1009.52 0 8 2 2 1 1 7 2 4 46
1012.28 0 7 2 2 1 1 6 2 5 46
1012.62 0 6 2 2 0 1 6 3 5 46
1013.39 0 7 2 2 0 1 7 3 4 46
1013.59 0 6 2 2 0 1 6 3 5 46
1015.18 0 6 2 2 0 0 6 2 5 47
1015.67 0 5 2 2 0 0 5 2 6 47
1018.83 0 6 2 2 0 0 6 2 5 47
1020.84 0 7 2 2 0 0 7 2 4 47
1020.89 0 8 2 2 0 0 8 2 3 47
1022.05 0 9 2 2 0 0 9 2 2 47
1023.93 0 10 2 2 0 0 10 2 1 47
1025.73 0 9 2 2 0 0 9 2 2 47
1025.9 0 8 2 2 0 0 8 2 3 47
1027.91 0 7 2 2 0 0 7 2 4 47
1030.49 0 8 2 2 0 0 8 2 3 47
1032.32 0 7 2 2 0 0 7 2 4 47
1037.11 0 6 2 2 0 0 6 2 5 47
1037.31 0 7 2 2 0 0 7 2 4 47
1037.7 0 8 2 2 0 0 8 2 3 47
1039.97 0 7 2 2 0 0 7 2 4 47
1041.74 0 7 1 1 0 1 7 2 4 47
1042.56 0 6 1 1 0 1 6 2 5 47
1042.71 0 7 1 1 1 1 6 1 5 47
1044.21 0 8 1 1 1 1 7 1 4 47
1044.7 0 9 1 1 1 1 8 1 3 47
1044.95 0 10 1 1 1 1 9 1 2 47
1045.16 0 9 1 1 1 1 8 1 3 47
1046.76 0 8 1 1 0 1 8 2 3 47
1049.25 0 7 1 1 0 1 7 2 4 47
1053.13 0 6 1 1 0 1 6 2 5 47
1055.17 0 5 1 1 0 1 5 2 6 47
1055.7 0 5 1 1 0 0 5 1 6 48
1057.24 0 6 1 1 0 0 6 1 5 48
1061.4 0 5 1 1 0 0 5 1 6 48
1063.15 0 4 1 1 0 0 4 1 7 48
1064.73 0 5 1 1 0 0 5 1 6 48
1067.07 0 4 1 1 0 0 4 1 7 48
1069.2 0 3 1 1 0 0 3 1 8 48
1074.31 0 4 1 1 0 0 4 1 7 48
1078.44 0 5 1 1 0 0 5 1 6 48
1079.23 0 4 1 1 0 0 4 1 7 48
1079.72 0 5 1 1 0 0 5 1 6 48
1086.12 0 4 1 1 0 0 4 1 7 48
1089.63 0 3 1 1 0 0 3 1 8 48
1090.73 0 4 1 1 0 0 4 1 7 48
1091.71 0 3 1 1 0 0 3 1 8 48
1092.4 0 4 1 1 0 0 4 1 7 48
1094.52 0 3 1 1 0 0 3 1 8 48
1099.49 0 4 1 1 0 0 4 1 7 48
1100.73 0 5 1 1 0 0 5 1 6 48
1100.87 0 4 1 1 0 0 4 1 7 48
1102.78 0 3 1 1 0 0 3 1 8 48
1105.83 0 4 1 1 0 0 4 1 7 48
1107.09 0 5 1 1 0 0 5 1 6 48
1107.74 0 6 1 1 0 0 6 1 5 48
1109.94 0 5 1 1 0 0 5 1 6 48
1110.34 0 4 1 1 0 0 4 1 7 48
1120.38 0 5 1 1 0 0 5 1 6 48
1123.3 0 4 1 1 0 0 4 1 7 48
1127.84 0 5 1 1 0 0 5 1 6 48
1128.88 0 6 1 1 0 0 6 1 5 48
1128.93 0 5 1 1 0 0 5 1 6 48
1131.52 0 4 1 1 0 0 4 1 7 48
1132.39 0 5 1 1 0 0 5 1 6 48
1132.39 0 4 1 1 0 0 4 1 7 48
1137.57 0 5 1 1 0 0 5 1 6 48
1139.24 0 6 1 1 0 0 6 1 5 48
1142.1 0 7 1 1 0 0 7 1 4 48
1143.28 0 8 1 1 0 0 8 1 3 48
1145.2 0 7 1 1 0 0 7 1 4 48
1145.89 0 6 1 1 0 0 6 1 5 48
1146.47 0 5 1 1 0 0 5 1 6 48
1146.91 0 6 1 1 0 0 6 1 5 48
1148.62 0 5 1 1 0 0 5 1 6 48
1155.33 0 6 1 1 0 0 6 1 5 48
1160.76 0 7 1 1 0 0 7 1 4 48
1162.14 0 6 1 1 0 0 6 1 5 48
1166.6 0 7 1 1 0 0 7 1 4 48
1167.98 0 8 1 1 0 0 8 1 3 48
1169.89 0 7 1 1 0 0 7 1 4 48
1173.21 0 6 1 1 0 0 6 1 5 48
1175.05 0 7 1 1 0 0 7 1 4 48
1180.6 0 6 1 1 0 0 6 1 5 48
1182.15 0 6 1 1 1 1 5 1 5 48
1183.35 0 7 1 1 1 1 6 1 4 48
1183.61 0 6 1 1 1 1 5 1 5 48
1185.25 0 6 1 1 2 2 4 1 5 48
1185.74 0 5 1 1 2 2 3 1 6 48
1187.55 0 4 1 1 2 2 2 1 7 48
1189.61 0 4 1 1 3 3 1 1 7 48
1189.98 1 5 1 1 2 3 1 1 7 48
1193.5 1 4 1 1 1 3 1 2 7 48
1194.95 1 4 1 1 1 2 1 1 7 49
1200.5 1 4 1 1 1 3 1 2 7 48
1205.18 1 4 2 2 1 2 1 2 7 48
1206.9 1 4 2 2 1 1 1 1 7 49
1207.31 1 5 2 2 1 1 2 1 6 49
1207.45 1 6 2 2 1 1 3 1 5 49
1208.7 1 5 2 2 1 1 2 1 6 49
1210.42 1 5 1 1 1 2 2 1 6 49
1214.13 1 4 1 1 0 2 2 2 6 49
1217.11 1 5 1 1 0 2 3 2 5 49
1217.21 1 5 0 0 0 3 3 2 5 49
1217.47 1 5 0 0 0 2 3 1 5 50
1220.67 1 4 0 0 0 2 2 1 6 50
1221.24 1 3 0 0 0 2 1 1 7 50
1222.15 1 3 0 0 0 3 1 2 7 49
1224.43 1 3 1 1 0 2 1 2 7 49
1228.1 1 4 1 1 0 2 2 2 6 49
1231.89 1 4 1 1 1 3 1 2 6 49
1232.03 1 5 1 1 1 3 2 2 5 49
1232.92 1 6 1 1 1 3 3 2 4 49
1234.01 2 7 1 1 0 3 3 2 4 49
1234.75 1 6 1 1 1 3 3 2 4 49
1241.89 1 5 1 1 1 3 2 2 5 49
1245.13 1 4 1 1 1 3 1 2 6 49
1246.76 1 5 1 1 1 3 2 2 5 49
1247.08 1 5 1 1 1 2 2 1 5 50
1248.13 1 6 1 1 1 2 3 1 4 50
1248.58 1 7 1 1 1 2 4 1 3 50
1254.61 1 7 1 1 1 1 4 0 3 51
1259.76 1 8 1 1 1 1 5 0 2 51
1260.62 1 7 1 1 1 1 4 0 3 51
1267.17 1 8 1 1 1 1 5 0 2 51
1272.58 1 7 1 1 1 1 4 0 3 51
1275.29 1 7 1 1 1 2 4 1 3 50
1275.29 1 8 1 1 1 2 5 1 2 50
1275.7 1 7 1 1 1 2 4 1 3 50
1276.84 1 6 1 1 1 2 3 1 4 50
1277.61 2 7 1 1 0 2 3 1 4 50
1278.57 2 8 1 1 0 2 4 1 3 50
1278.95 1 7 1 1 1 2 4 1 3 50
1280.33 2 8 1 1 0 2 4 1 3 50
1281.29 1 7 1 1 1 2 4 1 3 50
1282.88 1 6 1 1 1 2 3 1 4 50
1287.63 1 5 1 1 0 2 3 2 4 50
1294.8 1 4 1 1 0 2 2 2 5 50
1298.43 1 5 1 1 0 2 3 2 4 50
1299.27 1 4 1 1 0 2 2 2 5 50
1300.76 1 5 1 1 0 2 3 2 4 50
1302 1 6 1 1 0 2 4 2 3 50
1302.57 1 6 2 2 0 1 4 2 3 50
1302.99 1 5 2 2 0 1 3 2 4 50
1307.26 1 4 2 2 0 1 2 2 5 50
1315.36 1 5 2 2 0 1 3 2 4 50
1315.36 1 6 2 2 0 1 4 2 3 50
1315.72 1 7 2 2 0 1 5 2 2 50
1316.06 1 6 2 2 0 1 4 2 3 50
1317.71 1 5 2 2 0 1 3 2 4 50
1319.47 1 6 2 2 1 1 3 1 4 50
1319.74 1 6 2 2 2 2 2 1 4 50
1321.35 1 7 2 2 2 2 3 1 3 50
1321.63 1 7 3 3 2 1 3 1 3 50
1322.38 1 6 3 3 1 1 3 2 3 50
1327.58 1 5 3 3 1 1 2 2 4 50
1329.86 1 6 3 3 1 1 3 2 3 50
1333.93 1 6 2 2 1 2 3 2 3 50
1336.22 1 6 2 2 1 3 3 3 3 49
1336.76 1 6 2 2 1 2 3 2 3 50
1338.77 1 7 2 2 1 2 4 2 2 50
1340.21 1 6 2 2 1 2 3 2 3 50
1341.59 1 5 2 2 1 2 2 2 4 50
1345.27 1 4 2 2 0 2 2 3 4 50
1346.27 1 5 2 2 0 2 3 3 3 50
1346.71 1 4 2 2 0 2 2 3 4 50
1347.79 1 5 2 2 0 2 3 3 3 50
1348.16 1 5 1 1 0 3 3 3 3 50
1349.11 1 6 1 1 0 3 4 3 2 50
1349.38 1 5 1 1 0 3 3 3 3 50
1352.3 1 6 1 1 1 3 3 2 3 50
1353.35 1 6 2 2 1 2 3 2 3 50
1354.12 1 7 2 2 1 2 4 2 2 50
1354.38 0 6 2 2 2 2 4 2 2 50
1354.93 0 6 2 2 2 1 4 1 2 51
1356.04 0 5 2 2 2 1 3 1 3 51
1358.05 0 5 2 2 1 0 4 1 3 51
1359.68 0 5 2 2 1 1 4 2 3 50
1361.83 0 6 2 2 1 1 5 2 2 50
1364.06 0 5 2 2 1 1 4 2 3 50
1365.8 0 4 2 2 1 1 3 2 4 50
1368.68 0 3 2 2 1 1 2 2 5 50
1368.83 0 2 2 2 1 1 1 2 6 50
1372.21 0 3 2 2 1 1 2 2 5 50
1372.36 0 2 2 2 1 1 1 2 6 50
1372.38 1 3 2 2 0 1 1 2 6 50
1377.43 1 4 2 2 0 1 2 2 5 50
1377.51 1 5 2 2 0 1 3 2 4 50
1380.19 1 6 2 2 0 1 4 2 3 50
1380.32 1 6 1 1 0 2 4 2 3 50
1382.09 1 6 1 1 0 1 4 1 3 51
1385.37 1 7 1 1 0 1 5 1 2 51
1386.37 1 8 1 1 0 1 6 1 1 51
1386.54 0 7 1 1 1 1 6 1 1 51
1387.51 0 6 1 1 1 1 5 1 2 51
1391.43 0 5 1 1 1 1 4 1 3 51
1393.34 0 5 1 1 1 0 4 0 3 52
1396.83 0 4 1 1 1 0 3 0 4 52
1397.68 0 5 1 1 1 0 4 0 3 52
1404.85 0 6 1 1 1 0 5 0 2 52
1405.24 0 5 1 1 1 0 4 0 3 52
1429.52 0 4 1 1 1 0 3 0 4 52
1430.77 0 5 1 1 1 0 4 0 3 52
1430.91 0 4 1 1 1 0 3 0 4 52
1431.58 0 5 1 1 1 0 4 0 3 52
1436.52 0 4 1 1 1 0 3 0 4 52
1439.18 0 4 1 1 2 1 2 0 4 52
1443.6 0 3 1 1 2 1 1 0 5 52
1447.11 0 2 1 1 1 1 1 1 5 52
1453.63 0 2 1 1 1 2 1 2 5 51
1456.24 0 3 1 1 1 2 2 2 4 51
1463.15 0 4 1 1 2 2 2 1 4 51
1463.31 1 5 1 1 1 2 2 1 4 51
1465.73 1 6 1 1 1 2 3 1 3 51
1471.77 1 5 1 1 0 2 3 2 3 51
1474.13 1 6 1 1 1 2 3 1 3 51
1475.39 1 5 1 1 1 2 2 1 4 51
1489.34 1 4 1 1 1 2 1 1 5 51
1491.84 1 5 1 1 2 2 1 0 5 51
1494.41 1 4 1 1 2 2 0 0 6 51
1494.8 1 5 1 1 2 2 1 0 5 51
1496.27 1 4 1 1 1 2 1 1 5 51
1504.87 1 5 1 1 1 2 2 1 4 51
1507.13 1 4 1 1 0 2 2 2 4 51
1507.27 1 5 1 1 0 2 3 2 3 51
1510.14 1 4 1 1 0 2 2 2 4 51
1527.36 1 5 1 1 0 2 3 2 3 51
1530.38 1 6 1 1 1 2 3 1 3 51
1530.55 1 7 1 1 1 2 4 1 2 51
1531.4 0 6 1 1 2 2 4 1 2 51
1534.22 0 5 1 1 2 2 3 1 3 51
1534.31 0 6 1 1 2 2 4 1 2 51
1535.52 0 7 1 1 3 2 4 0 2 51
1538.79 0 7 0 0 3 3 4 0 2 51
1538.92 0 6 0 0 2 3 4 1 2 51
1541.79 0 6 0 0 3 4 3 1 2 51
1546.33 0 6 1 1 3 3 3 1 2 51
1550.44 0 5 1 1 3 3 2 1 3 51
1551.51 1 6 1 1 2 3 2 1 3 51
1552.83 1 6 1 1 2 2 2 0 3 52
1557.04 1 7 1 1 2 2 3 0 2 52
1557.09 1 6 1 1 2 2 2 0 3 52
1559.19 1 5 1 1 2 2 1 0 4 52
1564.7 1 4 1 1 1 2 1 1 4 52
1571.83 1 5 1 1 1 2 2 1 3 52
1574.76 1 4 1 1 0 2 2 2 3 52
1575.02 1 3 1 1 0 2 1 2 4 52
1580.07 1 4 1 1 0 2 2 2 3 52
1584.34 1 4 1 1 0 1 2 1 3 53
1587.16 1 3 1 1 0 1 1 1 4 53
1587.3 1 4 1 1 0 1 2 1 3 53
1601.03 0 3 1 1 1 1 2 1 3 53
1603.29 0 2 1 1 1 1 1 1 4 53
1610.35 0 2 1 1 1 0 1 0 4 54
1611.98 0 3 1 1 1 0 2 0 3 54
1613.24 0 4 1 1 1 0 3 0 2 54
1615.01 0 5 1 1 1 0 4 0 1 54
1624.27 0 4 1 1 1 0 3 0 2 54
1634.88 0 3 1 1 1 0 2 0 3 54
1638.76 0 2 1 1 1 0 1 0 4 54
1656.81 0 3 1 1 1 0 2 0 3 54
1659.33 0 4 1 1 1 0 3 0 2 54
1667.21 0 5 1 1 1 0 4 0 1 54
1670.12 0 4 1 1 1 0 3 0 2 54
1675.33 0 4 1 1 1 1 3 1 2 53
1676.59 0 3 1 1 1 1 2 1 3 53
1677.75 0 4 1 1 1 1 3 1 2 53
1682.01 0 3 1 1 1 1 2 1 3 53
1682.31 0 4 1 1 1 1 3 1 2 53
1684.62 0 4 1 1 2 2 2 1 2 53
1688.81 0 3 1 1 1 2 2 2 2 53
1691.15 0 4 1 1 2 2 2 1 2 53
1699.43 0 4 2 2 2 1 2 1 2 53
1709.46 0 3 2 2 2 1 1 1 3 53
1709.94 1 4 2 2 1 1 1 1 3 53
1713.47 1 5 2 2 1 1 2 1 2 53
1717.07 1 5 2 2 1 2 2 2 2 52
1717.49 1 4 2 2 0 2 2 3 2 52
1718.05 1 3 2 2 0 2 1 3 3 52
1718.08 1 3 1 1 0 3 1 3 3 52
1722.16 1 4 1 1 0 3 2 3 2 52
1724.92 0 3 1 1 1 3 2 3 2 52
1727.28 0 4 1 1 1 3 3 3 1 52
1729.82 0 3 1 1 0 3 3 4 1 52
1733.97 0 3 1 1 0 4 3 5 1 51
1741.54 0 3 1 1 0 3 3 4 1 52
1745.68 0 3 2 2 0 2 3 4 1 52
1747.92 0 3 2 2 0 1 3 3 1 53
1754.1 0 3 3 3 0 0 3 3 1 53
1756.69 0 3 2 2 0 1 3 3 1 53
1767.1 0 4 2 2 1 1 3 2 1 53
1777.83 0 3 2 2 1 1 2 2 2 53
1778.08 0 4 2 2 2 1 2 1 2 53
1778.2 0 5 2 2 2 1 3 1 1 53
1782.34 0 6 2 2 3 1 3 0 1 53
1782.45 0 5 2 2 2 1 3 1 1 53
1783.65 0 4 2 2 2 1 2 1 2 53
1785.09 0 3 2 2 2 1 1 1 3 53
1791.27 0 3 1 1 2 2 1 1 3 53
1793.28 1 4 1 1 1 2 1 1 3 53
1802.64 1 5 1 1 1 2 2 1 2 53
1810.1 1 4 1 1 1 2 1 1 3 53
1814.92 1 5 1 1 1 2 2 1 2 53
1815.66 1 5 1 1 1 1 2 0 2 54
1820.57 1 4 1 1 1 1 1 0 3 54
1822.05 1 3 1 1 0 1 1 1 3 54
1827.86 1 4 1 1 0 1 2 1 2 54
1828.67 1 3 1 1 0 1 1 1 3 54
1830.65 1 4 1 1 0 1 2 1 2 54
1843.51 1 5 1 1 1 1 2 0 2 54
1844.51 0 4 1 1 2 1 2 0 2 54
1847.04 0 3 1 1 1 1 2 1 2 54
1851.18 0 2 1 1 1 1 1 1 3 54
1853.82 0 3 1 1 1 1 2 1 2 54
1860.37 0 2 1 1 1 1 1 1 3 54
1871.21 1 3 1 1 0 1 1 1 3 54
1872.37 1 2 1 1 0 1 0 1 4 54
1873.96 0 1 1 1 1 1 0 1 4 54
1874.53 0 2 1 1 1 1 1 1 3 54
1876.96 0 1 1 1 0 1 1 2 3 54
1877.44 0 2 1 1 0 1 2 2 2 54
1881.1 0 2 1 1 0 0 2 1 2 55
1899.32 0 3 1 1 0 0 3 1 1 55
1903.86 0 4 1 1 0 0 4 1 0 55
1913.48 0 3 1 1 0 0 3 1 1 55
1915.73 0 3 1 1 0 1 3 2 1 54
1918.3 0 2 1 1 0 1 2 2 2 54
1923.54 0 1 1 1 0 1 1 2 3 54
1928.45 0 1 0 0 0 2 1 2 3 54
1930.37 0 2 0 0 0 2 2 2 2 54
1939.61 0 3 0 0 0 2 3 2 1 54
1955.46 0 2 0 0 0 2 2 2 2 54
1972.22 0 3 0 0 0 2 3 2 1 54
1986.21 0 4 0 0 1 2 3 1 1 54
1990.73 0 4 1 1 1 1 3 1 1 54
2000.64 0 3 1 1 1 1 2 1 2 54
2017.61 0 4 1 1 1 1 3 1 1 54
2020.49 0 3 1 1 1 1 2 1 2 54
2033.21 0 2 1 1 1 1 1 1 3 54
2033.62 1 3 1 1 0 1 1 1 3 54
2035.61 1 4 1 1 0 1 2 1 2 54
2041.76 1 3 1 1 0 1 1 1 3 54
2042.19 1 4 1 1 0 1 2 1 2 54
2046.39 1 3 1 1 0 1 1 1 3 54
2047.89 1 3 0 0 0 2 1 1 3 54
2061.2 1 4 0 0 1 2 1 0 3 54
2061.36 1 4 0 0 0 1 2 0 3 54
2061.54 0 3 0 0 1 1 2 0 3 54
2061.88 0 2 0 0 1 1 1 0 4 54
2062.08 0 2 1 1 1 0 1 0 4 54
2063.59 0 1 1 1 1 0 0 0 5 54
2066.59 0 2 1 1 1 0 1 0 4 54
2068.1 0 1 1 1 1 0 0 0 5 54
2068.58 0 2 1 1 1 0 1 0 4 54
2078.52 0 3 1 1 1 0 2 0 3 54
2089.03 0 4 1 1 1 0 3 0 2 54
2092.21 0 3 1 1 1 0 2 0 3 54
2100.8 1 4 1 1 0 0 2 0 3 54
2110.42 1 5 1 1 0 0 3 0 2 54
2111.46 1 6 1 1 0 0 4 0 1 54
2112.52 1 6 1 1 1 1 3 0 1 54
2113.07 1 5 1 1 0 1 3 1 1 54
2113.12 1 6 1 1 0 1 4 1 0 54
2114.32 1 6 1 1 1 2 3 1 0 54
2114.85 1 5 1 1 0 2 3 2 0 54
2121.79 1 4 1 1 0 2 2 2 1 54
2123.16 1 5 1 1 0 2 3 2 0 54
2127.4 1 4 1 1 0 2 2 2 1 54
2128.45 1 3 1 1 0 2 1 2 2 54
2134.46 1 4 1 1 1 2 1 1 2 54
2143.97 1 3 1 1 0 2 1 2 2 54
2145.27 1 4 1 1 0 2 2 2 1 54
2146.11 1 5 1 1 1 2 2 1 1 54
2164.78 1 5 1 1 1 3 2 2 1 53
2166.59 1 5 2 2 1 2 2 2 1 53
2167.05 1 4 2 2 1 2 1 2 2 53
2168.61 1 5 2 2 1 2 2 2 1 53
2189.82 1 5 2 2 1 1 2 1 1 54
2192.26 2 6 2 2 0 1 2 1 1 54
2194.43 2 6 1 1 0 2 2 1 1 54
2197.79 2 6 2 2 0 1 2 1 1 54
2197.95 1 5 2 2 1 1 2 1 1 54
2200.72 1 4 2 2 1 1 1 1 2 54
2202.52 1 3 2 2 1 1 0 1 3 54
2204.8 1 4 2 2 2 1 0 0 3 54
2210.25 1 5 2 2 2 1 1 0 2 54
2213.34 0 4 2 2 3 1 1 0 2 54
2217.51 0 3 2 2 3 1 0 0 3 54
2217.68 0 2 2 2 2 1 0 1 3 54
2224.3 0 3 2 2 2 1 1 1 2 54
2234.5 0 3 1 1 2 2 1 1 2 54
2235.35 0 4 1 1 2 2 2 1 1 54
2236.26 0 4 1 1 3 3 1 1 1 54
2239.43 0 3 1 1 2 3 1 2 1 54
2241.72 0 4 1 1 2 3 2 2 0 54
2243.07 0 5 1 1 3 3 2 1 0 54
2244.3 0 4 1 1 2 3 2 2 0 54
2252.53 0 4 1 1 1 2 3 2 0 54
2252.74 1 5 1 1 0 2 3 2 0 54
2256.63 1 4 1 1 0 2 2 2 1 54
2258.36 1 4 2 2 0 1 2 2 1 54
2265.05 0 3 2 2 1 1 2 2 1 54
2267.33 0 3 2 2 1 0 2 1 1 55
2273.95 1 4 2 2 0 0 2 1 1 55
2274.93 1 3 2 2 0 0 1 1 2 55
2289.73 1 4 2 2 1 0 1 0 2 55
2292.08 1 5 2 2 1 0 2 0 1 55
2293.86 1 4 2 2 1 0 1 0 2 55
2295.45 0 3 2 2 2 0 1 0 2 55
2297.2 0 2 2 2 2 0 0 0 3 55
2297.66 1 3 2 2 1 0 0 0 3 55
2306.27 1 4 2 2 1 0 1 0 2 55
2306.27 1 4 1 1 1 1 1 0 2 55
2308.24 1 5 1 1 1 1 2 0 1 55
2327.94 0 4 1 1 2 1 2 0 1 55
2331.02 1 5 1 1 1 1 2 0 1 55
2332.61 2 6 1 1 0 1 2 0 1 55
2333.53 1 5 1 1 1 1 2 0 1 55
2338.8 0 4 1 1 2 1 2 0 1 55
2339.28 0 3 1 1 2 1 1 0 2 55
2341.28 0 3 1 1 2 2 1 1 2 54
2352.17 0 2 1 1 1 2 1 2 2 54
2352.69 0 3 1 1 1 2 2 2 1 54
2354.53 1 4 1 1 0 2 2 2 1 54
2356.04 1 3 1 1 0 2 1 2 2 54
2356.78 1 4 1 1 0 2 2 2 1 54
2358.2 0 3 1 1 1 2 2 2 1 54
2365.73 0 4 1 1 1 2 3 2 0 54
2370.5 0 4 1 1 2 3 2 2 0 54
2371.72 0 3 1 1 2 3 1 2 1 54
2371.93 0 2 1 1 2 3 0 2 2 54
2383.36 0 2 2 2 2 2 0 2 2 54
2383.53 0 3 2 2 2 2 1 2 1 54
2383.71 0 2 2 2 2 2 0 2 2 54
2383.79 0 3 2 2 2 2 1 2 1 54
2387.35 1 4 2 2 1 2 1 2 1 54
2388.01 1 3 2 2 0 2 1 3 1 54
2388.39 1 4 2 2 0 2 2 3 0 54
2396.04 1 4 2 2 0 1 2 2 0 55
2401.95 1 5 2 2 1 1 2 1 0 55
2402.06 1 5 1 1 1 2 2 1 0 55
2404.52 1 5 1 1 1 1 2 0 0 56
2411.06 1 4 1 1 0 1 2 1 0 56
2416.75 1 3 1 1 0 1 1 1 1 56
2420.55 0 2 1 1 1 1 1 1 1 56
2421.05 0 2 2 2 1 0 1 1 1 56
2428.87 0 2 2 2 1 1 1 2 1 55
2438.09 0 1 2 2 0 1 1 3 1 55
2439.41 0 1 1 1 0 2 1 3 1 55
2443.13 0 2 1 1 1 2 1 2 1 55
2465.32 0 2 1 1 1 3 1 3 1 54
2468.63 0 3 1 1 2 3 1 2 1 54
2471.66 0 2 1 1 1 3 1 3 1 54
2473.76 0 2 2 2 1 2 1 3 1 54
2473.84 0 3 2 2 2 2 1 2 1 54
2476.22 0 4 2 2 3 2 1 1 1 54
2481.52 0 4 2 2 2 1 2 1 1 54
2483.02 0 3 2 2 1 1 2 2 1 54
2483.76 0 3 1 1 1 2 2 2 1 54
2496.34 0 3 1 1 1 1 2 1 1 55
2503.49 0 3 0 0 1 2 2 1 1 55
2518.16 0 3 1 1 1 1 2 1 1 55
2518.22 0 2 1 1 1 1 1 1 2 55
2518.3 0 3 1 1 1 1 2 1 1 55
2523.05 1 4 1 1 0 1 2 1 1 55
2525.76 1 3 1 1 0 1 1 1 2 55
2529.81 0 2 1 1 1 1 1 1 2 55
2536.54 0 2 1 1 1 2 1 2 2 54
2540.13 0 3 1 1 2 2 1 1 2 54
2542.23 1 4 1 1 1 2 1 1 2 54
2542.61 1 4 0 0 1 3 1 1 2 54
2546.08 0 3 0 0 2 3 1 1 2 54
2551.55 0 3 0 0 1 2 2 1 2 54
2554.17 0 2 0 0 1 2 1 1 3 54
2561.25 0 3 0 0 1 2 2 1 2 54
2563.77 0 3 1 1 1 1 2 1 2 54
2565.98 0 4 1 1 1 1 3 1 1 54
2573.37 1 5 1 1 0 1 3 1 1 54
2573.68 1 5 0 0 0 2 3 1 1 54
2576.98 1 4 0 0 0 2 2 1 2 54
2578.39 0 3 0 0 1 2 2 1 2 54
2579.13 0 2 0 0 0 2 2 2 2 54
2588.93 0 2 0 0 0 1 2 1 2 55
2599 0 3 0 0 0 1 3 1 1 55
2613.03 0 4 0 0 0 1 4 1 0 55
2626.28 0 3 0 0 0 1 3 1 1 55
2626.39 0 3 1 1 0 0 3 1 1 55
2640.51 0 2 1 1 0 0 2 1 2 55
2644.32 0 3 1 1 0 0 3 1 1 55
2653.15 0 4 1 1 0 0 4 1 0 55
2659.78 0 4 1 1 1 1 3 1 0 55
2665.01 0 4 1 1 1 2 3 2 0 54
2667.66 0 3 1 1 0 2 3 3 0 54
2670.23 0 3 1 1 0 1 3 2 0 55
2672.42 0 2 1 1 0 1 2 2 1 55
2673.69 0 2 1 1 1 2 1 2 1 55
2683.77 0 3 1 1 1 2 2 2 0 55
2685.17 0 2 1 1 1 2 1 2 1 55
2685.8 0 2 0 0 1 3 1 2 1 55
2709.92 0 2 0 0 0 2 2 2 1 55
2710.8 0 1 0 0 0 2 1 2 2 55
2727.83 0 2 0 0 1 2 1 1 2 55
2730.28 0 2 0 0 1 1 1 0 2 56
2748.39 1 3 0 0 0 1 1 0 2 56
2748.81 1 3 1 1 0 0 1 0 2 56
2766 1 2 1 1 0 0 0 0 3 56
2776.07 1 3 1 1 0 0 1 0 2 56
2785.48 1 4 1 1 0 0 2 0 1 56
2806.73 1 5 1 1 0 0 3 0 0 56
2814.09 1 4 1 1 0 0 2 0 1 56
2847.46 0 3 1 1 1 0 2 0 1 56
2856.59 0 2 1 1 1 0 1 0 2 56
2857.95 0 1 1 1 1 0 0 0 3 56
2862.47 0 2 1 1 1 0 1 0 2 56
2880.64 0 3 1 1 1 0 2 0 1 56
2882.58 0 3 1 1 1 1 2 1 1 55
2885.02 0 4 1 1 1 1 3 1 0 55
2885.92 0 3 1 1 1 1 2 1 1 55
2901.34 0 4 1 1 2 1 2 0 1 55
2903.81 0 4 0 0 2 2 2 0 1 55
2908.71 1 5 0 0 1 2 2 0 1 55
2913.48 1 4 0 0 0 2 2 1 1 55
2923.61 1 4 1 1 0 1 2 1 1 55
2929.08 1 4 0 0 0 2 2 1 1 55
2932.52 1 4 0 0 1 3 1 1 1 55
2953.58 1 4 0 0 1 2 1 0 1 56
2954.78 1 3 0 0 1 2 0 0 2 56
2956.69 1 4 0 0 1 2 1 0 1 56
2962.58 1 3 0 0 1 2 0 0 2 56
2968.52 2 4 0 0 0 2 0 0 2 56
2969.95 1 3 0 0 1 2 0 0 2 56
2975.24 1 3 1 1 1 1 0 0 2 56
2975.27 1 2 1 1 0 1 0 1 2 56
2977.27 0 1 1 1 1 1 0 1 2 56
2989.12 0 1 2 2 1 0 0 1 2 56
2989.12 0 1 2 2 1 0 0 1 2 56
