0 60 120 60 60 0 0 0 0 0 0
0.00265053 60 120 59 59 0 1 0 0 0 0
0.0206901 59 119 59 59 1 1 0 0 0 0
0.0844287 58 118 59 59 2 1 0 0 0 0
0.15323 58 118 58 58 2 2 0 0 0 0
0.155347 57 117 58 58 3 2 0 0 0 0
0.163175 56 116 58 58 4 2 0 0 0 0
0.166248 55 115 58 58 5 2 0 0 0 0
0.172011 54 114 58 58 6 2 0 0 0 0
0.177177 53 113 58 58 7 2 0 0 0 0
0.178207 52 112 58 58 8 2 0 0 0 0
0.202699 52 112 57 57 8 3 0 0 0 0
0.233085 52 112 56 56 8 4 0 0 0 0
0.239974 52 112 55 55 8 5 0 0 0 0
0.252271 51 111 55 55 9 5 0 0 0 0
0.257082 51 111 54 54 9 6 0 0 0 0
0.274065 50 110 54 54 10 6 0 0 0 0
0.283696 49 109 54 54 11 6 0 0 0 0
0.307473 48 108 54 54 12 6 0 0 0 0
0.310773 47 107 54 54 13 6 0 0 0 0
0.327798 47 107 53 53 13 7 0 0 0 0
0.338017 47 106 53 53 12 7 0 1 0 0
0.361132 46 105 53 53 13 7 0 1 0 0
0.376341 46 104 53 53 12 7 0 2 0 0
0.383936 45 103 53 53 13 7 0 2 0 0
0.384888 45 103 52 52 13 8 0 2 0 0
0.394054 44 102 52 52 14 8 0 2 0 0
0.424316 44 102 51 51 14 9 0 2 0 0
0.42444 44 102 50 50 14 10 0 2 0 0
0.435118 43 101 50 50 15 10 0 2 0 0
0.436651 42 100 50 50 16 10 0 2 0 0
0.465009 41 99 50 50 17 10 0 2 0 0
0.46973 41 99 49 49 17 11 0 2 0 0
0.474236 41 98 49 49 16 11 0 3 0 0
0.500743 41 98 48 48 16 12 0 3 0 0
0.533829 41 98 47 47 16 13 0 3 0 0
0.560887 41 98 46 46 16 14 0 3 0 0
0.577305 40 97 46 46 17 14 0 3 0 0
0.578303 40 97 45 45 17 15 0 3 0 0
0.600135 40 97 44 44 17 16 0 3 0 0
0.603935 39 96 44 44 18 16 0 3 0 0
0.6462 38 95 44 44 19 16 0 3 0 0
0.665816 37 94 44 44 20 16 0 3 0 0
0.725967 36 93 44 44 21 16 0 3 0 0
0.830449 36 93 43 43 21 17 0 3 0 0
0.836001 36 92 43 43 20 17 0 4 0 0
0.840607 36 91 43 43 19 17 0 5 0 0
0.880082 36 91 42 42 19 18 0 5 0 0
0.889679 36 90 42 42 18 18 0 6 0 0
0.904141 36 89 42 42 17 18 0 7 0 0
0.920068 36 89 41 41 17 19 0 7 0 0
0.941678 36 89 40 40 17 20 0 7 0 0
0.968087 36 89 40 40 16 19 1 7 0 0
1.01742 35 88 40 40 17 19 1 7 0 0
1.03193 34 87 40 40 18 19 1 7 0 0
1.03715 33 86 40 40 19 19 1 7 0 0
1.04727 33 85 40 40 18 19 1 8 0 0
1.05569 33 84 40 40 17 19 1 9 0 0
1.10195 33 84 40 40 16 18 2 9 0 0
1.12905 32 83 40 40 17 18 2 9 0 0
1.15823 31 82 40 40 18 18 2 9 0 0
1.23102 30 81 40 40 19 18 2 9 0 0
1.23207 29 80 40 40 20 18 2 9 0 0
1.24407 29 80 39 39 20 19 2 9 0 0
1.30792 28 79 39 39 21 19 2 9 0 0
1.32975 28 79 38 38 21 20 2 9 0 0
1.33803 28 78 38 38 20 20 2 10 0 0
1.37846 28 78 38 38 20 19 2 9 0 1
1.39638 27 77 38 38 21 19 2 9 0 1
1.43521 27 77 38 38 21 18 2 8 0 2
1.44536 27 77 38 38 21 17 2 7 0 3
1.47671 26 76 38 38 22 17 2 7 0 3
1.4806 26 75 38 38 21 17 2 8 0 3
1.51686 26 75 38 38 21 16 2 7 0 4
1.52715 26 75 37 37 21 17 2 7 0 4
1.58615 26 74 37 37 20 17 2 8 0 4
1.60117 25 73 37 37 21 17 2 8 0 4
1.60154 25 73 36 36 21 18 2 8 0 4
1.63294 25 73 35 35 21 19 2 8 0 4
1.69986 25 73 34 34 21 20 2 8 0 4
1.71161 25 73 33 33 21 21 2 8 0 4
1.71501 24 72 33 33 22 21 2 8 0 4
1.75872 23 71 33 33 23 21 2 8 0 4
1.7899 23 70 33 33 22 21 2 9 0 4
1.82058 23 70 32 32 22 22 2 9 0 4
1.83309 23 70 33 33 22 21 2 9 0 4
1.85269 23 69 33 33 21 21 2 10 0 4
1.89033 23 69 32 32 21 22 2 10 0 4
1.89429 23 69 31 31 21 23 2 10 0 4
1.92694 23 69 30 30 21 24 2 10 0 4
2.02737 23 69 29 29 21 25 2 10 0 4
2.04952 23 69 29 29 20 24 3 10 0 4
2.06666 23 69 28 28 20 25 3 10 0 4
2.1326 23 68 28 28 19 25 3 11 0 4
2.23722 22 67 28 28 20 25 3 11 0 4
2.28198 22 66 28 28 19 25 3 12 0 4
2.29505 21 65 28 28 20 25 3 12 0 4
2.41276 21 64 28 28 19 25 3 13 0 4
2.46856 21 64 27 27 19 26 3 13 0 4
2.48892 21 64 27 27 18 25 4 13 0 4
2.49365 20 63 27 27 19 25 4 13 0 4
2.51619 20 63 26 26 19 26 4 13 0 4
2.59386 20 62 26 26 18 26 4 14 0 4
2.6053 20 62 26 26 18 25 4 13 0 5
2.64928 19 61 26 26 19 25 4 13 0 5
2.67292 19 61 25 25 19 26 4 13 0 5
2.69971 20 62 25 25 18 26 4 13 0 5
2.70312 19 61 25 25 19 26 4 13 0 5
2.73214 18 60 25 25 20 26 4 13 0 5
2.7361 18 60 25 25 19 25 5 13 0 5
2.79182 17 59 25 25 20 25 5 13 0 5
2.86042 17 58 25 25 19 25 5 14 0 5
2.91228 16 57 25 25 20 25 5 14 0 5
2.92384 16 57 25 25 19 24 6 14 0 5
2.94844 16 57 24 24 19 25 6 14 0 5
2.95099 16 57 23 23 19 26 6 14 0 5
2.98163 16 57 23 23 18 25 7 14 0 5
2.99277 16 56 23 23 18 25 6 14 1 5
3.05281 16 56 23 23 17 24 7 14 1 5
3.07962 16 56 23 23 16 23 8 14 1 5
3.1074 15 55 23 23 17 23 8 14 1 5
3.11604 15 55 23 23 17 22 8 13 1 6
3.11634 15 54 23 23 16 22 8 14 1 6
3.11669 15 54 23 23 15 21 9 14 1 6
3.13008 15 54 23 23 15 20 9 13 1 7
3.13483 15 54 23 23 15 19 9 12 1 8
3.32902 14 53 23 23 16 19 9 12 1 8
3.33847 14 53 22 22 16 20 9 12 1 8
3.40729 14 52 22 22 16 20 8 12 2 8
3.42533 14 51 22 22 15 20 8 13 2 8
3.43559 14 50 22 22 15 20 7 13 3 8
3.54071 13 49 22 22 16 20 7 13 3 8
3.68717 13 48 22 22 15 20 7 14 3 8
3.69917 13 48 21 21 15 21 7 14 3 8
3.75635 13 48 20 20 15 22 7 14 3 8
3.7702 13 47 20 20 14 22 7 15 3 8
3.83106 13 46 20 20 14 22 6 15 4 8
3.84378 13 46 19 19 14 23 6 15 4 8
3.91174 13 45 19 19 13 23 6 16 4 8
3.92898 12 44 19 19 14 23 6 16 4 8
3.95163 12 43 19 19 13 23 6 17 4 8
3.9543 12 42 19 19 12 23 6 18 4 8
3.97764 12 41 19 19 11 23 6 19 4 8
3.98183 12 41 19 19 11 22 6 18 4 9
4.05588 12 40 19 19 10 22 6 19 4 9
4.0864 11 39 19 19 11 22 6 19 4 9
4.18364 11 38 19 19 10 22 6 20 4 9
4.2517 11 38 18 18 10 23 6 20 4 9
4.28584 10 37 18 18 11 23 6 20 4 9
4.32726 10 37 18 18 11 22 6 19 4 10
4.38322 10 37 17 17 11 23 6 19 4 10
4.40354 10 37 17 17 11 22 6 18 4 11
4.41368 10 36 17 17 11 22 5 18 5 11
4.62327 9 35 17 17 12 22 5 18 5 11
4.70768 9 35 17 17 12 21 5 17 5 12
4.84281 9 36 17 17 12 21 6 17 4 12
4.90618 8 35 17 17 13 21 6 17 4 12
4.93682 7 34 17 17 14 21 6 17 4 12
4.94613 7 33 17 17 13 21 6 18 4 12
4.94799 7 33 16 16 13 22 6 18 4 12
5.06993 7 32 16 16 12 22 6 19 4 12
5.16575 7 31 16 16 12 22 5 19 5 12
5.25435 7 30 16 16 11 22 5 20 5 12
5.28535 7 30 16 16 11 21 5 19 5 13
5.30563 7 30 15 15 11 22 5 19 5 13
5.32015 7 30 14 14 11 23 5 19 5 13
5.37621 7 29 14 14 10 23 5 20 5 13
5.37833 7 29 14 14 9 22 6 20 5 13
5.57182 6 28 14 14 10 22 6 20 5 13
5.62905 6 27 14 14 10 22 5 20 6 13
5.64762 6 27 14 14 10 21 5 19 6 14
5.73431 6 27 13 13 10 22 5 19 6 14
5.75459 5 26 13 13 11 22 5 19 6 14
5.8629 5 26 13 13 11 21 5 18 6 15
5.90585 5 26 13 13 10 20 6 18 6 15
5.91996 5 26 13 13 10 19 6 17 6 16
5.93209 5 26 12 12 10 20 6 17 6 16
6.07471 5 26 12 12 9 19 7 17 6 16
6.0986 5 26 13 13 9 18 7 17 6 16
6.31198 5 25 13 13 8 18 7 18 6 16
6.51706 5 26 13 13 9 18 7 17 6 16
6.53934 5 26 13 13 9 17 7 16 6 17
6.60352 5 26 13 13 9 16 7 15 6 18
6.93714 5 25 13 13 8 16 7 16 6 18
6.96102 5 24 13 13 7 16 7 17 6 18
7.23887 5 23 13 13 6 16 7 18 6 18
7.40703 5 22 13 13 5 16 7 19 6 18
7.42517 4 21 13 13 6 16 7 19 6 18
7.50024 4 21 12 12 6 17 7 19 6 18
7.53453 4 21 11 11 6 18 7 19 6 18
7.63018 4 21 11 11 6 17 7 18 6 19
8.00088 4 20 11 11 6 17 6 18 7 19
8.03178 4 19 11 11 6 17 5 18 8 19
8.10738 4 19 11 11 6 16 5 17 8 20
8.30962 4 19 11 11 6 15 5 16 8 21
8.57429 4 18 11 11 6 15 4 16 9 21
8.62642 3 17 11 11 7 15 4 16 9 21
8.98213 3 17 11 11 6 14 5 16 9 21
9.01865 3 17 10 10 6 15 5 16 9 21
10.4079 3 17 10 10 6 14 5 15 9 22
10.4557 3 17 9 9 6 15 5 15 9 22
10.6967 2 16 9 9 7 15 5 15 9 22
10.7847 2 16 9 9 6 14 6 15 9 22
11.167 2 16 9 9 5 13 7 15 9 22
11.384 2 17 9 9 5 13 8 15 8 22
11.5517 2 17 9 9 5 12 8 14 8 23
11.6688 2 16 9 9 4 12 8 15 8 23
11.9838 2 15 9 9 4 12 7 15 9 23
12.0213 3 16 9 9 3 12 7 15 9 23
13.1176 3 16 8 8 3 13 7 15 9 23
13.2318 3 16 8 8 2 12 8 15 9 23
13.3622 3 15 8 8 2 12 7 15 10 23
13.7234 3 15 8 8 2 11 7 14 10 24
13.8326 2 14 8 8 3 11 7 14 10 24
13.8582 2 14 8 8 3 10 7 13 10 25
13.9586 2 14 8 8 3 9 7 12 10 26
14.0337 2 15 8 8 4 9 7 11 10 26
14.1167 2 14 8 8 4 9 6 11 11 26
14.6903 2 15 8 8 4 9 7 11 10 26
14.8263 2 14 8 8 3 9 7 12 10 26
14.8826 2 14 7 7 3 10 7 12 10 26
15.1872 2 13 7 7 3 10 6 12 11 26
15.3616 2 13 7 7 3 9 6 11 11 27
15.436 2 12 7 7 3 9 5 11 12 27
15.7047 2 12 7 7 4 10 4 11 12 27
15.8942 2 12 6 6 4 11 4 11 12 27
17.0449 2 12 6 6 3 10 5 11 12 27
17.3372 2 11 6 6 3 10 4 11 13 27
17.3859 2 11 5 5 3 11 4 11 13 27
17.7851 2 11 6 6 3 10 4 11 13 27
17.8775 1 10 6 6 4 10 4 11 13 27
18.1521 1 10 6 6 4 9 4 10 13 28
19.4364 1 9 6 6 4 9 3 10 14 28
19.4441 1 9 6 6 3 8 4 10 14 28
20.3459 1 9 6 6 3 7 4 9 14 29
20.5132 1 10 6 6 4 7 4 8 14 29
20.6927 1 10 5 5 4 8 4 8 14 29
21.1331 1 9 5 5 4 8 3 8 15 29
21.3051 1 9 5 5 3 7 4 8 15 29
21.493 1 9 5 5 2 6 5 8 15 29
24.9182 1 8 5 5 2 6 4 8 16 29
25.6971 1 8 4 4 2 7 4 8 16 29
26.1884 1 9 4 4 2 7 5 8 15 29
26.8268 1 8 4 4 2 7 4 8 16 29
26.9435 1 9 4 4 2 7 5 8 15 29
28.2484 1 9 4 4 2 6 5 7 15 30
28.4582 1 9 4 4 2 5 5 6 15 31
29.6108 1 10 4 4 2 5 6 6 14 31
29.741 1 10 4 4 1 4 7 6 14 31
29.7815 1 11 4 4 1 4 8 6 13 31
29.9472 1 11 4 4 1 3 8 5 13 32
30.0071 1 10 4 4 1 3 7 5 14 32
30.2205 1 9 4 4 1 3 6 5 15 32
30.4868 1 8 4 4 1 3 5 5 16 32
31.0577 1 7 4 4 0 3 5 6 16 32
31.4847 1 7 5 5 0 2 5 6 16 32
31.8386 1 8 5 5 0 2 6 6 15 32
32.3578 1 8 4 4 0 3 6 6 15 32
32.807 1 9 4 4 0 3 7 6 14 32
33.5173 1 8 4 4 0 3 6 6 15 32
34.0973 1 8 4 4 0 2 6 5 15 33
34.1136 1 7 4 4 0 2 5 5 16 33
36.8586 1 7 3 3 0 3 5 5 16 33
36.9295 1 8 3 3 0 3 6 5 15 33
37.9738 1 9 3 3 0 3 7 5 14 33
38.1578 0 8 3 3 1 3 7 5 14 33
38.6988 0 9 3 3 1 3 8 5 13 33
39.249 0 8 3 3 1 3 7 5 14 33
39.2566 0 7 3 3 1 3 6 5 15 33
39.605 0 7 3 3 1 2 6 4 15 34
40.1417 0 6 3 3 1 2 5 4 16 34
40.1933 0 5 3 3 1 2 4 4 17 34
42.2951 0 6 3 3 1 2 5 4 16 34
43.5096 0 7 3 3 1 2 6 4 15 34
44.6486 0 8 3 3 1 2 7 4 14 34
46.8271 0 9 3 3 1 2 8 4 13 34
48.3536 0 9 3 3 0 1 9 4 13 34
48.3949 0 8 3 3 0 1 8 4 14 34
49.8271 0 9 3 3 0 1 9 4 13 34
52.4183 0 8 3 3 0 1 8 4 14 34
52.6918 0 9 3 3 0 1 9 4 13 34
53.2013 0 8 3 3 0 1 8 4 14 34
53.7644 0 8 2 2 0 2 8 4 14 34
54.4095 0 8 2 2 1 3 7 4 14 34
55.8139 0 7 2 2 1 3 6 4 15 34
55.8185 0 8 2 2 1 3 7 4 14 34
56.5505 0 9 2 2 1 3 8 4 13 34
56.5815 0 9 2 2 1 2 8 3 13 35
57.3308 0 8 2 2 1 2 7 3 14 35
58.5862 0 9 2 2 1 2 8 3 13 35
58.6536 0 8 2 2 1 2 7 3 14 35
59.3421 0 7 2 2 1 2 6 3 15 35
60.265 0 7 2 2 1 1 6 2 15 36
61.6466 0 8 2 2 1 1 7 2 14 36
62.8093 0 7 2 2 1 1 6 2 15 36
65.3152 0 7 2 2 0 0 7 2 15 36
67.4116 0 8 2 2 0 0 8 2 14 36
68.6577 0 9 2 2 0 0 9 2 13 36
69.0457 0 10 2 2 0 0 10 2 12 36
70.3518 0 11 2 2 0 0 11 2 11 36
70.4087 0 10 2 2 0 0 10 2 12 36
70.837 0 9 2 2 0 0 9 2 13 36
72.5976 0 8 2 2 0 0 8 2 14 36
72.6978 0 9 2 2 0 0 9 2 13 36
72.893 0 8 2 2 0 0 8 2 14 36
74.2754 0 9 2 2 0 0 9 2 13 36
74.9331 0 10 2 2 0 0 10 2 12 36
75.1203 0 11 2 2 0 0 11 2 11 36
76.6276 0 10 2 2 0 0 10 2 12 36
77.2596 0 9 2 2 0 0 9 2 13 36
78.1739 0 8 2 2 0 0 8 2 14 36
78.9412 0 8 2 2 1 1 7 2 14 36
80.5793 0 9 2 2 1 1 8 2 13 36
82.0793 0 10 2 2 1 1 9 2 12 36
82.6138 0 9 2 2 1 1 8 2 13 36
82.9629 0 8 2 2 1 1 7 2 14 36
83.4814 0 7 2 2 1 1 6 2 15 36
83.7276 0 8 2 2 1 1 7 2 14 36
83.9198 0 9 2 2 1 1 8 2 13 36
85.0644 0 10 2 2 1 1 9 2 12 36
85.2003 0 9 2 2 1 1 8 2 13 36
86.1181 0 8 2 2 1 1 7 2 14 36
87.5258 0 7 2 2 1 1 6 2 15 36
89.2124 0 6 2 2 0 1 6 3 15 36
91.042 0 7 2 2 0 1 7 3 14 36
91.2995 0 8 2 2 0 1 8 3 13 36
92.8459 0 7 2 2 0 1 7 3 14 36
95.7287 0 6 2 2 0 1 6 3 15 36
95.7473 0 5 2 2 0 1 5 3 16 36
97.6266 0 6 2 2 0 1 6 3 15 36
98.1591 0 7 2 2 0 1 7 3 14 36
98.2333 0 6 2 2 0 1 6 3 15 36
100.434 0 7 2 2 0 1 7 3 14 36
100.513 0 8 2 2 0 1 8 3 13 36
101.385 0 7 2 2 0 1 7 3 14 36
101.955 0 6 2 2 0 1 6 3 15 36
102.343 0 7 2 2 0 1 7 3 14 36
102.926 0 8 2 2 0 1 8 3 13 36
105.413 0 9 2 2 0 1 9 3 12 36
106.494 0 8 2 2 0 1 8 3 13 36
107.324 0 7 2 2 0 1 7 3 14 36
107.504 0 8 2 2 0 1 8 3 13 36
108.599 0 9 2 2 0 1 9 3 12 36
112.183 0 8 2 2 0 1 8 3 13 36
114.004 0 7 2 2 0 1 7 3 14 36
114.234 0 8 2 2 0 1 8 3 13 36
116.362 0 9 2 2 0 1 9 3 12 36
116.371 0 8 2 2 0 1 8 3 13 36
117.135 0 9 2 2 0 1 9 3 12 36
118.483 0 10 2 2 0 1 10 3 11 36
120.243 0 11 2 2 0 1 11 3 10 36
121.803 0 12 2 2 0 1 12 3 9 36
122.005 0 11 2 2 0 1 11 3 10 36
122.201 0 12 2 2 0 1 12 3 9 36
122.705 0 11 2 2 0 1 11 3 10 36
124.417 0 12 2 2 0 1 12 3 9 36
125.692 0 13 2 2 0 1 13 3 8 36
126.074 0 12 2 2 0 1 12 3 9 36
126.182 0 11 2 2 0 1 11 3 10 36
126.359 0 11 1 1 0 2 11 3 10 36
126.54 0 10 1 1 0 2 10 3 11 36
126.731 0 11 1 1 0 2 11 3 10 36
127.546 0 12 1 1 0 2 12 3 9 36
128.79 0 13 1 1 0 2 13 3 8 36
129.008 0 12 1 1 0 2 12 3 9 36
129.29 0 13 1 1 0 2 13 3 8 36
130.317 0 13 1 1 0 1 13 2 8 37
130.595 0 14 1 1 0 1 14 2 7 37
131.013 0 13 1 1 0 1 13 2 8 37
131.2 0 14 1 1 0 1 14 2 7 37
131.621 0 14 1 1 1 2 13 2 7 37
131.714 0 13 1 1 1 2 12 2 8 37
131.863 0 12 1 1 1 2 11 2 9 37
133.427 0 11 1 1 1 2 10 2 10 37
133.481 0 12 1 1 1 2 11 2 9 37
133.778 0 11 1 1 0 2 11 3 9 37
134.339 0 10 1 1 0 2 10 3 10 37
134.755 0 11 1 1 0 2 11 3 9 37
135.924 0 12 1 1 0 2 12 3 8 37
136.282 0 13 1 1 0 2 13 3 7 37
137.505 0 12 1 1 0 2 12 3 8 37
137.728 0 11 1 1 0 2 11 3 9 37
140.561 0 10 1 1 0 2 10 3 10 37
141.739 0 9 1 1 0 2 9 3 11 37
141.979 0 10 1 1 1 2 9 2 11 37
142.639 0 9 1 1 1 2 8 2 12 37
142.812 0 8 1 1 1 2 7 2 13 37
142.956 0 9 1 1 1 2 8 2 12 37
143.316 0 10 1 1 1 2 9 2 11 37
144.477 0 9 1 1 0 2 9 3 11 37
144.634 0 10 1 1 0 2 10 3 10 37
145.61 0 9 1 1 0 2 9 3 11 37
146.672 0 10 1 1 0 2 10 3 10 37
148.423 0 9 1 1 0 2 9 3 11 37
148.78 0 10 1 1 0 2 10 3 10 37
149.474 0 11 1 1 0 2 11 3 9 37
149.505 0 10 1 1 0 2 10 3 10 37
151.177 0 11 1 1 1 2 10 2 10 37
151.664 0 10 1 1 1 2 9 2 11 37
152.258 0 9 1 1 1 2 8 2 12 37
153.171 0 10 1 1 1 2 9 2 11 37
153.693 0 9 1 1 1 2 8 2 12 37
155.06 0 8 1 1 1 2 7 2 13 37
155.291 0 9 1 1 1 2 8 2 12 37
156.232 0 8 1 1 1 2 7 2 13 37
156.944 0 7 1 1 1 2 6 2 14 37
157.043 0 8 1 1 1 2 7 2 13 37
157.703 0 7 1 1 1 2 6 2 14 37
158.071 0 8 1 1 1 2 7 2 13 37
158.354 0 7 1 1 1 2 6 2 14 37
159.483 0 6 1 1 1 2 5 2 15 37
161.334 0 5 1 1 0 2 5 3 15 37
162.693 0 5 1 1 1 3 4 3 15 37
164.148 0 6 1 1 1 3 5 3 14 37
164.531 0 7 1 1 1 3 6 3 13 37
166.553 0 6 1 1 1 3 5 3 14 37
166.953 0 7 1 1 1 3 6 3 13 37
168.384 0 8 1 1 1 3 7 3 12 37
171.14 0 7 1 1 1 3 6 3 13 37
171.375 0 7 1 1 1 2 6 2 13 38
174.366 0 6 1 1 1 2 5 2 14 38
174.979 0 7 1 1 2 2 5 1 14 38
177.836 0 6 1 1 2 2 4 1 15 38
179.676 0 7 1 1 2 2 5 1 14 38
180.006 0 8 1 1 2 2 6 1 13 38
181.828 0 7 1 1 2 2 5 1 14 38
184.004 0 6 1 1 1 2 5 2 14 38
185.145 0 7 1 1 1 2 6 2 13 38
185.566 0 8 1 1 1 2 7 2 12 38
186.713 0 7 1 1 1 2 6 2 13 38
187.624 1 8 1 1 0 2 6 2 13 38
188.469 1 7 1 1 0 2 5 2 14 38
190.866 1 8 1 1 0 2 6 2 13 38
194.251 1 7 1 1 0 2 5 2 14 38
194.604 1 8 1 1 0 2 6 2 13 38
195.177 1 9 1 1 0 2 7 2 12 38
197.285 1 8 1 1 0 2 6 2 13 38
197.554 1 7 1 1 0 2 5 2 14 38
199.02 1 8 1 1 1 2 5 1 14 38
199.067 0 7 1 1 2 2 5 1 14 38
199.154 0 6 1 1 2 2 4 1 15 38
201.895 0 5 1 1 2 2 3 1 16 38
202.826 0 6 1 1 2 2 4 1 15 38
203.578 0 5 1 1 2 2 3 1 16 38
205.979 0 6 1 1 2 2 4 1 15 38
206.703 0 7 1 1 2 2 5 1 14 38
207.995 0 8 1 1 2 2 6 1 13 38
208.341 0 7 1 1 1 2 6 2 13 38
208.762 0 8 1 1 1 2 7 2 12 38
209.275 0 7 1 1 1 2 6 2 13 38
209.87 0 6 1 1 1 2 5 2 14 38
211.661 0 7 1 1 1 2 6 2 13 38
212.775 0 7 1 1 1 3 6 3 13 37
212.91 0 8 1 1 1 3 7 3 12 37
212.938 0 9 1 1 1 3 8 3 11 37
213.305 0 10 1 1 1 3 9 3 10 37
213.352 0 11 1 1 1 3 10 3 9 37
213.394 0 10 1 1 1 3 9 3 10 37
214.614 0 9 1 1 1 3 8 3 11 37
215.137 0 8 1 1 1 3 7 3 12 37
216.29 0 7 1 1 1 3 6 3 13 37
216.371 0 8 1 1 1 3 7 3 12 37
219.058 0 9 1 1 1 3 8 3 11 37
222.795 0 10 1 1 1 3 9 3 10 37
223.587 0 10 1 1 1 2 9 2 10 38
225.133 0 11 1 1 1 2 10 2 9 38
225.303 0 10 1 1 1 2 9 2 10 38
225.671 0 9 1 1 1 2 8 2 11 38
226.581 0 8 1 1 0 2 8 3 11 38
226.808 0 7 1 1 0 2 7 3 12 38
227.985 0 7 1 1 0 1 7 2 12 39
229.714 0 6 1 1 0 1 6 2 13 39
231.773 0 5 1 1 0 1 5 2 14 39
232.266 0 6 1 1 0 1 6 2 13 39
232.847 0 5 1 1 0 1 5 2 14 39
233.206 0 6 1 1 0 1 6 2 13 39
234.656 0 7 1 1 0 1 7 2 12 39
235.419 0 6 1 1 0 1 6 2 13 39
236.889 0 7 1 1 0 1 7 2 12 39
239.364 0 8 1 1 0 1 8 2 11 39
241.386 0 7 1 1 0 1 7 2 12 39
241.918 0 8 1 1 0 1 8 2 11 39
242.372 0 7 1 1 0 1 7 2 12 39
244.947 0 6 1 1 0 1 6 2 13 39
245.226 0 7 1 1 0 1 7 2 12 39
246.403 0 6 1 1 0 1 6 2 13 39
247.667 0 7 1 1 0 1 7 2 12 39
248.606 0 8 1 1 0 1 8 2 11 39
248.866 0 7 1 1 0 1 7 2 12 39
256.163 0 6 1 1 0 1 6 2 13 39
257.331 0 7 1 1 0 1 7 2 12 39
258.546 0 8 1 1 0 1 8 2 11 39
259.367 0 9 1 1 0 1 9 2 10 39
261.461 0 10 1 1 0 1 10 2 9 39
262.21 0 9 1 1 0 1 9 2 10 39
262.926 0 8 1 1 0 1 8 2 11 39
263.62 0 7 1 1 0 1 7 2 12 39
264.35 0 6 1 1 0 1 6 2 13 39
265.506 0 7 1 1 0 1 7 2 12 39
267.321 0 6 1 1 0 1 6 2 13 39
268.034 0 7 1 1 0 1 7 2 12 39
269.201 0 8 1 1 0 1 8 2 11 39
270.95 0 9 1 1 0 1 9 2 10 39
271.564 0 10 1 1 1 1 9 1 10 39
271.573 0 9 1 1 1 1 8 1 11 39
272.419 0 8 1 1 1 1 7 1 12 39
273.645 0 9 1 1 1 1 8 1 11 39
275.604 0 10 1 1 1 1 9 1 10 39
275.958 0 9 1 1 1 1 8 1 11 39
276.486 0 8 1 1 1 1 7 1 12 39
277.227 0 7 1 1 1 1 6 1 13 39
277.666 0 6 1 1 1 1 5 1 14 39
279.766 0 5 1 1 1 1 4 1 15 39
281.826 0 6 1 1 1 1 5 1 14 39
281.979 0 7 1 1 1 1 6 1 13 39
282.219 0 7 1 1 2 2 5 1 13 39
286.329 0 6 1 1 2 2 4 1 14 39
287.365 0 5 1 1 2 2 3 1 15 39
292.213 0 6 1 1 2 2 4 1 14 39
294.042 0 6 1 1 1 1 5 1 14 39
294.927 0 7 1 1 1 1 6 1 13 39
295.964 0 8 1 1 1 1 7 1 12 39
296.923 0 8 2 2 1 0 7 1 12 39
297.482 0 7 2 2 1 0 6 1 13 39
297.758 0 6 2 2 1 0 5 1 14 39
300.005 0 5 2 2 1 0 4 1 15 39
301.98 0 6 2 2 1 0 5 1 14 39
303.453 0 7 2 2 1 0 6 1 13 39
306.441 0 8 2 2 1 0 7 1 12 39
311.608 0 9 2 2 1 0 8 1 11 39
311.657 0 10 2 2 1 0 9 1 10 39
312.408 0 11 2 2 1 0 10 1 9 39
316.15 0 12 2 2 1 0 11 1 8 39
317.292 0 11 2 2 1 0 10 1 9 39
317.476 0 10 2 2 1 0 9 1 10 39
320.269 0 9 2 2 1 0 8 1 11 39
323.383 0 8 2 2 1 0 7 1 12 39
325.953 0 7 2 2 1 0 6 1 13 39
325.971 0 8 2 2 1 0 7 1 12 39
326.681 0 9 2 2 1 0 8 1 11 39
326.846 0 10 2 2 1 0 9 1 10 39
329.405 0 9 2 2 1 0 8 1 11 39
330.026 0 8 2 2 1 0 7 1 12 39
330.798 0 9 2 2 1 0 8 1 11 39
330.923 0 8 2 2 1 0 7 1 12 39
331.539 0 9 2 2 1 0 8 1 11 39
332.668 0 10 2 2 1 0 9 1 10 39
332.859 0 9 2 2 1 0 8 1 11 39
333.052 0 9 1 1 1 1 8 1 11 39
334.07 0 9 2 2 1 0 8 1 11 39
334.917 0 8 2 2 1 0 7 1 12 39
335.04 0 7 2 2 1 0 6 1 13 39
335.249 0 8 2 2 1 0 7 1 12 39
335.367 0 9 2 2 1 0 8 1 11 39
335.773 0 8 2 2 1 0 7 1 12 39
336.334 0 7 2 2 0 0 7 2 12 39
339.346 0 8 2 2 0 0 8 2 11 39
339.966 0 9 2 2 0 0 9 2 10 39
339.966 0 8 2 2 0 0 8 2 11 39
341.706 0 9 2 2 0 0 9 2 10 39
342.322 0 10 2 2 0 0 10 2 9 39
342.631 0 11 2 2 0 0 11 2 8 39
342.872 0 10 2 2 0 0 10 2 9 39
344.497 0 9 2 2 0 0 9 2 10 39
345.158 0 8 2 2 0 0 8 2 11 39
347.124 0 9 2 2 0 0 9 2 10 39
347.234 0 8 2 2 0 0 8 2 11 39
348.293 0 9 2 2 0 0 9 2 10 39
351.671 0 8 2 2 0 0 8 2 11 39
352.333 0 9 2 2 0 0 9 2 10 39
352.714 0 8 2 2 0 0 8 2 11 39
354.557 0 9 2 2 0 0 9 2 10 39
354.811 0 10 2 2 0 0 10 2 9 39
355.711 0 11 2 2 0 0 11 2 8 39
355.891 0 10 2 2 0 0 10 2 9 39
356.274 0 9 2 2 0 0 9 2 10 39
357.376 0 8 2 2 0 0 8 2 11 39
359.249 0 7 2 2 0 0 7 2 12 39
359.42 0 6 2 2 0 0 6 2 13 39
360.031 0 5 2 2 0 0 5 2 14 39
360.259 0 6 2 2 0 0 6 2 13 39
361.805 0 7 2 2 0 0 7 2 12 39
362.007 0 8 2 2 0 0 8 2 11 39
362.828 0 9 2 2 0 0 9 2 10 39
362.872 0 9 1 1 0 1 9 2 10 39
363.436 0 9 1 1 1 2 8 2 10 39
365.242 0 10 1 1 1 2 9 2 9 39
366.038 0 11 1 1 1 2 10 2 8 39
366.576 0 11 1 1 2 3 9 2 8 39
366.847 0 10 1 1 2 3 8 2 9 39
367.765 0 9 1 1 2 3 7 2 10 39
368.177 0 9 2 2 2 2 7 2 10 39
368.5 0 10 2 2 2 2 8 2 9 39
368.77 0 9 2 2 1 2 8 3 9 39
370.521 0 8 2 2 1 2 7 3 10 39
370.577 0 8 1 1 1 3 7 3 10 39
372.587 0 7 1 1 1 3 6 3 11 39
372.91 0 8 1 1 2 3 6 2 11 39
372.978 0 7 1 1 2 3 5 2 12 39
373.14 0 8 1 1 2 3 6 2 11 39
374.579 0 7 1 1 1 3 6 3 11 39
375.284 0 6 1 1 0 3 6 4 11 39
377.44 0 7 1 1 0 3 7 4 10 39
378.796 0 8 1 1 0 3 8 4 9 39
379.192 0 8 1 1 0 4 8 5 9 38
379.219 0 7 1 1 0 4 7 5 10 38
380.337 0 8 1 1 0 4 8 5 9 38
380.729 0 7 1 1 0 4 7 5 10 38
381.637 0 7 1 1 0 3 7 4 10 39
382.193 0 7 1 1 1 4 6 4 10 39
382.515 0 7 2 2 1 3 6 4 10 39
383.109 0 8 2 2 1 3 7 4 9 39
383.317 0 7 2 2 1 3 6 4 10 39
383.485 0 8 2 2 1 3 7 4 9 39
384.101 0 9 2 2 1 3 8 4 8 39
384.512 0 10 2 2 1 3 9 4 7 39
386.144 0 9 2 2 1 3 8 4 8 39
387.864 0 8 2 2 1 3 7 4 9 39
390.296 0 7 2 2 1 3 6 4 10 39
390.313 0 8 2 2 1 3 7 4 9 39
391.103 0 9 2 2 1 3 8 4 8 39
391.327 0 10 2 2 1 3 9 4 7 39
391.802 0 9 2 2 1 3 8 4 8 39
391.962 0 10 2 2 2 3 8 3 8 39
392.108 0 9 2 2 2 3 7 3 9 39
392.63 0 9 2 2 2 2 7 2 9 40
396.835 0 8 2 2 2 2 6 2 10 40
397.673 0 9 2 2 2 2 7 2 9 40
398.422 0 8 2 2 2 2 6 2 10 40
399.008 0 9 2 2 3 2 6 1 10 40
402.94 0 8 2 2 3 2 5 1 11 40
403.219 0 7 2 2 3 2 4 1 12 40
404.316 0 8 2 2 3 2 5 1 11 40
405.089 0 7 2 2 2 2 5 2 11 40
406.235 0 6 2 2 1 2 5 3 11 40
408.137 0 7 2 2 1 2 6 3 10 40
409.193 0 7 1 1 1 3 6 3 10 40
409.767 0 8 1 1 2 3 6 2 10 40
410.586 0 7 1 1 1 3 6 3 10 40
410.649 0 6 1 1 1 3 5 3 11 40
410.786 0 6 1 1 2 4 4 3 11 40
410.965 0 7 1 1 2 4 5 3 10 40
411.453 0 6 1 1 2 4 4 3 11 40
411.813 0 5 1 1 2 4 3 3 12 40
412.431 0 5 1 1 2 3 3 2 12 41
415.941 0 6 1 1 2 3 4 2 11 41
416.807 0 7 1 1 2 3 5 2 10 41
417.117 0 8 1 1 2 3 6 2 9 41
417.441 0 7 1 1 2 3 5 2 10 41
418.779 0 6 1 1 2 3 4 2 11 41
419.269 0 7 1 1 2 3 5 2 10 41
419.381 0 6 1 1 2 3 4 2 11 41
420.161 0 6 1 1 3 4 3 2 11 41
423.782 0 7 1 1 4 4 3 1 11 41
423.83 0 8 1 1 5 4 3 0 11 41
425.077 0 9 1 1 5 4 4 0 10 41
425.694 0 9 1 1 4 3 5 0 10 41
425.951 0 8 1 1 4 3 4 0 11 41
426.826 0 7 1 1 3 3 4 1 11 41
428.615 0 7 1 1 2 2 5 1 11 41
428.912 0 6 1 1 2 2 4 1 12 41
429.515 0 5 1 1 1 2 4 2 12 41
432.837 0 5 1 1 2 3 3 2 12 41
435.472 0 6 1 1 2 3 4 2 11 41
436.074 1 7 1 1 1 3 4 2 11 41
436.164 1 6 1 1 1 3 3 2 12 41
436.191 1 7 1 1 1 3 4 2 11 41
437.423 1 7 1 1 2 4 3 2 11 41
438.622 1 7 1 1 2 3 3 1 11 42
439.49 1 6 1 1 2 3 2 1 12 42
440.719 1 7 1 1 2 3 3 1 11 42
443.044 1 8 1 1 2 3 4 1 10 42
443.196 1 9 1 1 2 3 5 1 9 42
449.85 1 8 1 1 2 3 4 1 10 42
450.918 1 7 1 1 2 3 3 1 11 42
452.384 1 6 1 1 2 3 2 1 12 42
453.376 1 7 1 1 2 3 3 1 11 42
454.383 1 8 1 1 2 3 4 1 10 42
455.681 1 8 2 2 2 2 4 1 10 42
456.714 1 9 2 2 2 2 5 1 9 42
460.541 1 8 2 2 2 2 4 1 10 42
462.263 0 7 2 2 3 2 4 1 10 42
464.345 0 7 2 2 4 3 3 1 10 42
465.065 1 8 2 2 3 3 3 1 10 42
465.073 0 7 2 2 4 3 3 1 10 42
465.291 0 6 2 2 3 3 3 2 10 42
465.612 0 7 2 2 3 3 4 2 9 42
467.09 0 8 2 2 3 3 5 2 8 42
467.227 0 7 2 2 3 3 4 2 9 42
467.306 0 6 2 2 3 3 3 2 10 42
468.215 0 5 2 2 3 3 2 2 11 42
469.299 0 6 2 2 3 3 3 2 10 42
471.492 0 7 2 2 3 3 4 2 9 42
472.24 0 7 2 2 3 2 4 1 9 43
473.214 0 8 2 2 3 2 5 1 8 43
474.198 0 7 2 2 2 2 5 2 8 43
475.942 0 7 2 2 3 3 4 2 8 43
476.803 0 6 2 2 2 3 4 3 8 43
478.8 0 6 2 2 2 4 4 4 8 42
478.875 0 5 2 2 2 4 3 4 9 42
484.97 0 6 2 2 2 4 4 4 8 42
485.581 0 7 2 2 2 4 5 4 7 42
485.931 0 8 2 2 2 4 6 4 6 42
486.815 0 8 2 2 2 3 6 3 6 43
489.006 0 7 2 2 2 3 5 3 7 43
489.177 1 8 2 2 1 3 5 3 7 43
489.809 1 7 2 2 1 3 4 3 8 43
490.569 1 8 2 2 1 3 5 3 7 43
492.65 1 8 1 1 1 4 5 3 7 43
494.353 2 9 1 1 0 4 5 3 7 43
494.365 2 9 2 2 0 3 5 3 7 43
497.062 2 8 2 2 0 3 4 3 8 43
498.693 2 8 3 3 0 2 4 3 8 43
499.213 2 7 3 3 0 2 3 3 9 43
499.98 2 8 3 3 0 2 4 3 8 43
500.419 2 8 3 3 0 1 4 2 8 44
501.799 2 7 3 3 0 1 3 2 9 44
503.318 1 6 3 3 1 1 3 2 9 44
505.994 1 7 3 3 1 1 4 2 8 44
506.514 1 6 3 3 1 1 3 2 9 44
509.666 1 7 3 3 1 1 4 2 8 44
509.784 1 8 3 3 1 1 5 2 7 44
509.98 1 7 3 3 1 1 4 2 8 44
511.06 0 6 3 3 2 1 4 2 8 44
511.931 0 7 3 3 2 1 5 2 7 44
512.499 0 6 3 3 1 1 5 3 7 44
514.147 0 7 3 3 1 1 6 3 6 44
514.493 0 7 3 3 1 0 6 2 6 45
516.152 0 6 3 3 1 0 5 2 7 45
519.75 0 7 3 3 1 0 6 2 6 45
524.499 0 8 3 3 1 0 7 2 5 45
525.474 0 7 3 3 1 0 6 2 6 45
528.6 0 8 3 3 1 0 7 2 5 45
529.56 0 7 3 3 1 0 6 2 6 45
530.294 0 6 3 3 1 0 5 2 7 45
531.129 0 7 3 3 1 0 6 2 6 45
531.6 0 6 3 3 1 0 5 2 7 45
532.928 0 6 3 3 2 1 4 2 7 45
532.942 0 7 3 3 2 1 5 2 6 45
533.624 0 6 3 3 1 1 5 3 6 45
534.458 0 5 3 3 1 1 4 3 7 45
538.994 0 6 3 3 1 1 5 3 6 45
547.228 0 7 3 3 1 1 6 3 5 45
548.117 0 6 3 3 1 1 5 3 6 45
550.093 0 7 3 3 1 1 6 3 5 45
552.252 0 6 3 3 1 1 5 3 6 45
553.477 0 7 3 3 1 1 6 3 5 45
553.943 0 6 3 3 0 1 6 4 5 45
555.003 0 5 3 3 0 1 5 4 6 45
555.26 0 4 3 3 0 1 4 4 7 45
557.191 0 5 3 3 0 1 5 4 6 45
557.453 0 5 2 2 0 2 5 4 6 45
557.487 0 4 2 2 0 2 4 4 7 45
558.242 0 5 2 2 1 2 4 3 7 45
560.959 0 4 2 2 1 2 3 3 8 45
562.2 0 5 2 2 1 2 4 3 7 45
563.238 0 6 2 2 1 2 5 3 6 45
563.749 1 7 2 2 0 2 5 3 6 45
565.052 1 6 2 2 0 2 4 3 7 45
565.267 1 7 2 2 0 2 5 3 6 45
565.412 1 7 1 1 0 3 5 3 6 45
570.19 1 6 1 1 0 3 4 3 7 45
570.559 1 7 1 1 0 3 5 3 6 45
570.634 1 6 1 1 0 3 4 3 7 45
570.685 1 7 1 1 0 3 5 3 6 45
571.842 1 6 1 1 0 3 4 3 7 45
573.933 1 5 1 1 0 3 3 3 8 45
575.41 1 4 1 1 0 3 2 3 9 45
576.26 1 3 1 1 0 3 1 3 10 45
579.062 1 4 1 1 0 3 2 3 9 45
580.767 1 5 1 1 0 3 3 3 8 45
581.56 1 6 1 1 1 3 3 2 8 45
583.334 1 5 1 1 0 3 3 3 8 45
584.551 1 6 1 1 0 3 4 3 7 45
585.32 1 6 1 1 0 2 4 2 7 46
586.694 1 7 1 1 0 2 5 2 6 46
587.864 1 6 1 1 0 2 4 2 7 46
588.033 1 5 1 1 0 2 3 2 8 46
590.559 1 6 1 1 0 2 4 2 7 46
591.417 1 5 1 1 0 2 3 2 8 46
592.178 1 4 1 1 0 2 2 2 9 46
593.28 1 5 1 1 1 2 2 1 9 46
594.879 0 4 1 1 2 2 2 1 9 46
597.598 0 3 1 1 2 2 1 1 10 46
601.239 0 4 1 1 2 2 2 1 9 46
601.41 0 5 1 1 2 2 3 1 8 46
604.067 0 6 1 1 2 2 4 1 7 46
605.131 0 6 2 2 2 1 4 1 7 46
605.258 0 6 1 1 2 2 4 1 7 46
607.178 0 6 2 2 2 1 4 1 7 46
608.607 0 7 2 2 2 1 5 1 6 46
612.078 0 8 2 2 2 1 6 1 5 46
613.695 0 8 1 1 2 2 6 1 5 46
615.77 0 7 1 1 1 2 6 2 5 46
615.981 0 8 1 1 1 2 7 2 4 46
616.234 0 7 1 1 1 2 6 2 5 46
616.349 0 6 1 1 1 2 5 2 6 46
617.452 0 5 1 1 1 2 4 2 7 46
618.896 0 6 1 1 1 2 5 2 6 46
620.37 0 7 1 1 1 2 6 2 5 46
622.596 0 6 1 1 1 2 5 2 6 46
625.51 0 5 1 1 0 2 5 3 6 46
625.735 0 6 1 1 0 2 6 3 5 46
634.424 0 7 1 1 0 2 7 3 4 46
634.93 0 6 1 1 0 2 6 3 5 46
636.701 0 5 1 1 0 2 5 3 6 46
641.373 0 5 2 2 0 1 5 3 6 46
646.994 0 4 2 2 0 1 4 3 7 46
648.597 0 3 2 2 0 1 3 3 8 46
648.663 0 4 2 2 0 1 4 3 7 46
653.614 0 5 2 2 0 1 5 3 6 46
653.81 0 5 1 1 0 2 5 3 6 46
656.735 0 5 1 1 0 1 5 2 6 47
658.818 0 6 1 1 0 1 6 2 5 47
662.065 0 7 1 1 0 1 7 2 4 47
664.106 0 6 1 1 0 1 6 2 5 47
667.913 0 5 1 1 0 1 5 2 6 47
668.179 0 4 1 1 0 1 4 2 7 47
672.09 0 5 1 1 0 1 5 2 6 47
672.431 0 6 1 1 0 1 6 2 5 47
675.517 0 5 1 1 0 1 5 2 6 47
681.21 0 4 1 1 0 1 4 2 7 47
682.055 0 3 1 1 0 1 3 2 8 47
682.965 0 2 1 1 0 1 2 2 9 47
685.278 0 3 1 1 0 1 3 2 8 47
686.858 0 4 1 1 0 1 4 2 7 47
688.655 0 5 1 1 0 1 5 2 6 47
690 0 6 1 1 0 1 6 2 5 47
690.266 0 7 1 1 0 1 7 2 4 47
691.896 0 6 1 1 0 1 6 2 5 47
692.495 0 7 1 1 0 1 7 2 4 47
693.725 0 8 1 1 0 1 8 2 3 47
696.222 0 7 1 1 0 1 7 2 4 47
696.366 0 6 1 1 0 1 6 2 5 47
698.92 0 7 1 1 0 1 7 2 4 47
700.939 0 6 1 1 0 1 6 2 5 47
710.62 0 5 1 1 0 1 5 2 6 47
711.146 0 6 1 1 0 1 6 2 5 47
712.414 0 5 1 1 0 1 5 2 6 47
712.667 0 6 1 1 0 1 6 2 5 47
716.388 0 5 1 1 0 1 5 2 6 47
718.181 0 6 1 1 0 1 6 2 5 47
718.463 0 7 1 1 1 1 6 1 5 47
720.335 0 8 1 1 1 1 7 1 4 47
720.471 1 9 1 1 0 1 7 1 4 47
720.767 1 8 1 1 0 1 6 1 5 47
722.133 1 7 1 1 0 1 5 1 6 47
723.252 1 7 1 1 1 2 4 1 6 47
723.894 1 6 1 1 1 2 3 1 7 47
734.592 1 7 1 1 1 2 4 1 6 47
737.048 1 6 1 1 1 2 3 1 7 47
738.577 1 5 1 1 1 2 2 1 8 47
739.274 1 4 1 1 1 2 1 1 9 47
739.392 1 4 1 1 1 1 1 0 9 48
740.194 1 5 1 1 1 1 2 0 8 48
744.132 1 6 1 1 1 1 3 0 7 48
746.786 1 7 1 1 1 1 4 0 6 48
748.091 1 6 1 1 1 1 3 0 7 48
749.148 1 7 1 1 1 1 4 0 6 48
749.395 1 6 1 1 0 1 4 1 6 48
750.783 1 7 1 1 0 1 5 1 5 48
754.38 1 8 1 1 0 1 6 1 4 48
754.417 1 7 1 1 0 1 5 1 5 48
755.538 1 7 1 1 1 2 4 1 5 48
759.1 1 6 1 1 0 2 4 2 5 48
760.125 1 5 1 1 0 2 3 2 6 48
760.441 0 4 1 1 1 2 3 2 6 48
761.626 0 5 1 1 1 2 4 2 5 48
764.401 0 5 2 2 1 1 4 2 5 48
764.86 0 6 2 2 2 1 4 1 5 48
766.632 0 7 2 2 3 1 4 0 5 48
766.909 1 8 2 2 2 1 4 0 5 48
767.731 1 7 2 2 2 1 3 0 6 48
768.158 1 6 2 2 2 1 2 0 7 48
772.041 1 7 2 2 2 1 3 0 6 48
772.728 1 7 2 2 3 2 2 0 6 48
774.504 1 8 2 2 3 2 3 0 5 48
775.273 1 7 2 2 3 2 2 0 6 48
776.385 1 7 2 2 2 1 3 0 6 48
776.458 2 8 2 2 1 1 3 0 6 48
777.064 2 7 2 2 0 1 3 1 6 48
777.09 2 7 2 2 0 0 3 0 6 49
778.044 2 7 2 2 1 1 2 0 6 49
781.862 2 8 2 2 1 1 3 0 5 49
785.323 2 9 2 2 1 1 4 0 4 49
785.529 2 8 2 2 1 1 3 0 5 49
785.676 2 9 2 2 1 1 4 0 4 49
788.444 2 8 2 2 1 1 3 0 5 49
794.479 2 9 2 2 1 1 4 0 4 49
795.103 1 8 2 2 2 1 4 0 4 49
795.971 1 7 2 2 2 1 3 0 5 49
796.382 1 8 2 2 2 1 4 0 4 49
799.552 1 7 2 2 2 1 3 0 5 49
802.427 2 8 2 2 1 1 3 0 5 49
803.592 1 7 2 2 2 1 3 0 5 49
806.055 1 6 2 2 2 1 2 0 6 49
806.688 1 5 2 2 2 1 1 0 7 49
807.318 1 4 2 2 1 1 1 1 7 49
807.807 1 5 2 2 1 1 2 1 6 49
811.143 1 6 2 2 1 1 3 1 5 49
811.547 1 6 1 1 1 2 3 1 5 49
813.168 1 7 1 1 1 2 4 1 4 49
813.547 1 7 1 1 1 1 4 0 4 50
816.463 1 8 1 1 1 1 5 0 3 50
817.515 1 9 1 1 1 1 6 0 2 50
817.521 1 8 1 1 1 1 5 0 3 50
820.217 1 8 1 1 2 2 4 0 3 50
826.419 1 7 1 1 2 2 3 0 4 50
829.865 1 6 1 1 2 2 2 0 5 50
829.92 1 7 1 1 2 2 3 0 4 50
831.764 1 6 1 1 2 2 2 0 5 50
832.101 1 6 0 0 2 3 2 0 5 50
833.702 1 6 1 1 2 2 2 0 5 50
835.411 1 5 1 1 2 2 1 0 6 50
837.119 1 6 1 1 2 2 2 0 5 50
840.225 1 5 1 1 2 2 1 0 6 50
840.778 1 6 1 1 2 2 2 0 5 50
847.311 1 6 2 2 2 1 2 0 5 50
849.771 1 5 2 2 2 1 1 0 6 50
851.62 1 6 2 2 2 1 2 0 5 50
855.284 1 5 2 2 1 1 2 1 5 50
855.316 1 4 2 2 0 1 2 2 5 50
859.608 0 3 2 2 1 1 2 2 5 50
860.492 0 3 3 3 1 0 2 2 5 50
864.709 0 4 3 3 1 0 3 2 4 50
872.429 0 5 3 3 1 0 4 2 3 50
872.585 0 6 3 3 1 0 5 2 2 50
873.341 0 5 3 3 1 0 4 2 3 50
875.016 0 5 2 2 1 1 4 2 3 50
876.002 0 5 2 2 1 2 4 3 3 49
876.401 0 6 2 2 1 2 5 3 2 49
878.87 0 6 2 2 1 1 5 2 2 50
880.02 0 5 2 2 1 1 4 2 3 50
883.759 0 6 2 2 1 1 5 2 2 50
884.839 0 6 2 2 1 0 5 1 2 51
885.477 0 6 2 2 2 1 4 1 2 51
890.204 1 7 2 2 1 1 4 1 2 51
893.8 1 6 2 2 1 1 3 1 3 51
894.437 1 7 2 2 1 1 4 1 2 51
895.048 0 6 2 2 2 1 4 1 2 51
896.043 0 6 2 2 3 2 3 1 2 51
897.04 0 5 2 2 2 2 3 2 2 51
897.827 0 4 2 2 2 2 2 2 3 51
897.882 0 3 2 2 2 2 1 2 4 51
899.943 0 4 2 2 2 2 2 2 3 51
903.943 0 3 2 2 1 2 2 3 3 51
905.7 1 4 2 2 0 2 2 3 3 51
905.907 1 4 1 1 0 3 2 3 3 51
906.411 1 3 1 1 0 3 1 3 4 51
914.786 1 4 1 1 0 3 2 3 3 51
915.312 1 5 1 1 0 3 3 3 2 51
919.087 1 6 1 1 1 3 3 2 2 51
920.264 1 5 1 1 1 3 2 2 3 51
923.197 1 4 1 1 0 3 2 3 3 51
926.213 0 3 1 1 1 3 2 3 3 51
929.09 0 3 0 0 1 4 2 3 3 51
929.428 0 3 0 0 1 5 2 4 3 50
930.568 0 3 1 1 1 4 2 4 3 50
933.393 0 3 2 2 1 3 2 4 3 50
933.851 0 4 2 2 1 3 3 4 2 50
937.361 0 4 1 1 1 4 3 4 2 50
942.694 0 5 1 1 1 4 4 4 1 50
943.9 0 5 1 1 0 3 5 4 1 50
944.006 0 4 1 1 0 3 4 4 2 50
948.471 0 3 1 1 0 3 3 4 3 50
948.853 0 2 1 1 0 3 2 4 4 50
949.252 0 2 1 1 0 2 2 3 4 51
970.466 0 3 1 1 0 2 3 3 3 51
972.402 0 3 1 1 0 1 3 2 3 52
973.101 0 4 1 1 1 1 3 1 3 52
976.32 0 3 1 1 1 1 2 1 4 52
976.439 0 2 1 1 0 1 2 2 4 52
983.345 0 3 1 1 0 1 3 2 3 52
983.887 0 4 1 1 0 1 4 2 2 52
991.597 0 5 1 1 0 1 5 2 1 52
995.691 0 4 1 1 0 1 4 2 2 52
996.717 0 3 1 1 0 1 3 2 3 52
1004.37 0 3 1 1 0 0 3 1 3 53
1008.54 0 2 1 1 0 0 2 1 4 53
1010.06 0 3 1 1 0 0 3 1 3 53
1019.23 0 4 1 1 0 0 4 1 2 53
1021.04 0 3 1 1 0 0 3 1 3 53
1022.39 0 4 1 1 0 0 4 1 2 53
1025.4 0 3 1 1 0 0 3 1 3 53
1025.42 0 2 1 1 0 0 2 1 4 53
1031.68 0 3 1 1 0 0 3 1 3 53
1034.34 0 2 1 1 0 0 2 1 4 53
1036.42 0 3 1 1 0 0 3 1 3 53
1037.33 0 4 1 1 0 0 4 1 2 53
1042.49 0 4 1 1 0 1 4 2 2 52
1047.66 0 4 1 1 1 2 3 2 2 52
1051.18 0 4 1 1 0 1 4 2 2 52
1066.27 0 4 1 1 0 0 4 1 2 53
1070.69 0 3 1 1 0 0 3 1 3 53
1072.9 0 2 1 1 0 0 2 1 4 53
1085.66 0 3 1 1 0 0 3 1 3 53
1087.13 0 4 1 1 0 0 4 1 2 53
1087.94 0 3 1 1 0 0 3 1 3 53
1092.18 0 2 1 1 0 0 2 1 4 53
1093.02 0 3 1 1 0 0 3 1 3 53
1094.73 0 2 1 1 0 0 2 1 4 53
1095.79 0 3 1 1 0 0 3 1 3 53
1100.14 0 4 1 1 0 0 4 1 2 53
1110.75 0 3 1 1 0 0 3 1 3 53
1127.18 0 3 1 1 1 1 2 1 3 53
1133.59 0 2 1 1 0 1 2 2 3 53
1151.26 0 3 1 1 0 1 3 2 2 53
1156.61 0 2 1 1 0 1 2 2 3 53
1169.51 0 3 1 1 0 1 3 2 2 53
1172.88 0 4 1 1 0 1 4 2 1 53
1173.68 0 4 1 1 0 0 4 1 1 54
1177.05 0 3 1 1 0 0 3 1 2 54
1183.33 0 2 1 1 0 0 2 1 3 54
1198.3 0 3 1 1 0 0 3 1 2 54
1200.33 0 4 1 1 1 0 3 0 2 54
1207.53 0 3 1 1 1 0 2 0 3 54
1219.22 0 3 0 0 1 1 2 0 3 54
1220.81 0 4 0 0 1 1 3 0 2 54
1223.81 0 5 0 0 1 1 4 0 1 54
1224.84 0 4 0 0 1 1 3 0 2 54
1231.34 0 4 0 0 1 2 3 1 2 53
1231.97 0 3 0 0 1 2 2 1 3 53
1234.36 0 2 0 0 1 2 1 1 4 53
1239.17 0 3 0 0 1 2 2 1 3 53
1239.58 0 4 0 0 1 2 3 1 2 53
1243.33 0 5 0 0 1 2 4 1 1 53
1246.2 0 6 0 0 1 2 5 1 0 53
1249.35 0 6 0 0 1 1 5 0 0 54
1253.64 0 5 0 0 1 1 4 0 1 54
1255.94 0 6 0 0 1 1 5 0 0 54
1259.16 0 5 0 0 0 1 5 1 0 54
1263.21 0 4 0 0 0 1 4 1 1 54
1264.62 0 3 0 0 0 1 3 1 2 54
1264.83 0 2 0 0 0 1 2 1 3 54
1265.36 0 3 0 0 0 1 3 1 2 54
1266.69 0 2 0 0 0 1 2 1 3 54
1268.73 0 3 0 0 0 1 3 1 2 54
1274.04 0 2 0 0 0 1 2 1 3 54
1275.2 0 3 0 0 0 1 3 1 2 54
1275.8 0 4 0 0 0 1 4 1 1 54
1279.03 0 3 0 0 0 1 3 1 2 54
1283.35 0 4 0 0 1 1 3 0 2 54
1291.33 0 5 0 0 1 1 4 0 1 54
1292.61 0 4 0 0 1 1 3 0 2 54
1299.32 0 3 0 0 1 1 2 0 3 54
1303.9 0 4 0 0 1 1 3 0 2 54
1303.92 0 5 0 0 1 1 4 0 1 54
1317.6 1 6 0 0 0 1 4 0 1 54
1318.07 1 6 0 0 0 2 4 1 1 53
1333.98 1 6 1 1 0 1 4 1 1 53
1335.06 1 6 1 1 1 2 3 1 1 53
1335.28 1 5 1 1 1 2 2 1 2 53
1338.05 1 4 1 1 1 2 1 1 3 53
1339.41 1 3 1 1 1 2 0 1 4 53
1353.31 1 4 1 1 1 2 1 1 3 53
1353.37 1 4 2 2 1 1 1 1 3 53
1353.94 1 4 2 2 1 0 1 0 3 54
1356.8 0 3 2 2 2 0 1 0 3 54
1362.69 0 2 2 2 2 0 0 0 4 54
1366.33 0 3 2 2 2 0 1 0 3 54
1369.58 0 4 2 2 2 0 2 0 2 54
1382.79 0 3 2 2 1 0 2 1 2 54
1385.47 0 3 1 1 1 1 2 1 2 54
1393.29 1 4 1 1 0 1 2 1 2 54
1408.19 1 3 1 1 0 1 1 1 3 54
1415.71 1 4 1 1 0 1 2 1 2 54
1436.94 1 4 0 0 0 2 2 1 2 54
1444.85 1 4 0 0 0 1 2 0 2 55
1448.84 1 5 0 0 0 1 3 0 1 55
1450.52 1 4 0 0 0 1 2 0 2 55
1454.76 1 5 0 0 0 1 3 0 1 55
1467.21 1 4 0 0 0 1 2 0 2 55
1478.22 1 4 0 0 1 2 1 0 2 55
1483.34 1 3 0 0 0 2 1 1 2 55
1484.83 1 4 0 0 0 2 2 1 1 55
1485.74 1 3 0 0 0 2 1 1 2 55
1489.05 1 4 0 0 0 2 2 1 1 55
1491.02 1 3 0 0 0 2 1 1 2 55
1491.37 1 4 0 0 1 2 1 0 2 55
1493.61 1 4 0 0 1 3 1 1 2 54
1501.69 1 5 0 0 1 3 2 1 1 54
1502.65 1 5 0 0 0 2 3 1 1 54
1515.39 1 6 0 0 1 2 3 0 1 54
1517.07 1 5 0 0 1 2 2 0 2 54
1517.74 1 4 0 0 1 2 1 0 3 54
1529.14 1 3 0 0 0 2 1 1 3 54
1529.2 1 2 0 0 0 2 0 1 4 54
1531.54 1 2 0 0 0 1 0 0 4 55
1533.6 1 2 0 0 0 2 0 1 4 54
1536.95 1 3 0 0 0 2 1 1 3 54
1538.4 1 3 1 1 0 1 1 1 3 54
1539.93 1 3 2 2 0 0 1 1 3 54
1546.92 1 4 2 2 0 0 2 1 2 54
1550.14 1 4 1 1 0 1 2 1 2 54
1555.06 0 3 1 1 1 1 2 1 2 54
1563.06 1 4 1 1 0 1 2 1 2 54
1583.66 1 5 1 1 1 1 2 0 2 54
1585.34 0 4 1 1 2 1 2 0 2 54
1585.69 0 3 1 1 2 1 1 0 3 54
1587.82 0 4 1 1 2 1 2 0 2 54
1590.29 0 4 2 2 2 0 2 0 2 54
1601.52 0 3 2 2 1 0 2 1 2 54
1602.56 0 4 2 2 1 0 3 1 1 54
1604.48 0 3 2 2 0 0 3 2 1 54
1606.89 0 3 1 1 0 1 3 2 1 54
1627.77 0 2 1 1 0 1 2 2 2 54
1631.55 0 3 1 1 0 1 3 2 1 54
1633.14 0 4 1 1 0 1 4 2 0 54
1640.68 0 3 1 1 0 1 3 2 1 54
1667.05 0 3 1 1 1 2 2 2 1 54
1671.1 0 2 1 1 1 2 1 2 2 54
1681.55 1 3 1 1 0 2 1 2 2 54
1690.62 1 4 1 1 0 2 2 2 1 54
1693.95 0 3 1 1 1 2 2 2 1 54
1694 0 2 1 1 1 2 1 2 2 54
1694.85 0 2 2 2 1 1 1 2 2 54
1696.1 0 3 2 2 2 1 1 1 2 54
1709.13 1 4 2 2 1 1 1 1 2 54
1711.35 1 5 2 2 1 1 2 1 1 54
1719.37 1 5 2 2 0 0 3 1 1 54
1719.96 0 4 2 2 1 0 3 1 1 54
1721.69 0 3 2 2 1 0 2 1 2 54
1722.04 0 2 2 2 0 0 2 2 2 54
1731.51 0 2 1 1 0 1 2 2 2 54
1733.5 0 2 1 1 0 0 2 1 2 55
1735.4 0 1 1 1 0 0 1 1 3 55
1741.37 0 2 1 1 1 0 1 0 3 55
1744.63 0 3 1 1 1 0 2 0 2 55
1747.11 0 2 1 1 1 0 1 0 3 55
1749.19 0 3 1 1 1 0 2 0 2 55
1758.84 0 3 1 1 2 1 1 0 2 55
1767.6 0 3 1 1 2 2 1 1 2 54
1770.87 0 2 1 1 2 2 0 1 3 54
1773.27 0 2 1 1 1 1 1 1 3 54
1773.77 0 3 1 1 1 1 2 1 2 54
1779.96 0 4 1 1 1 1 3 1 1 54
1780.84 0 4 1 1 1 2 3 2 1 53
1787.01 0 4 1 1 2 3 2 2 1 53
1789.67 0 3 1 1 1 3 2 3 1 53
1789.95 0 2 1 1 1 3 1 3 2 53
1791.55 0 3 1 1 1 3 2 3 1 53
1795.96 0 2 1 1 1 3 1 3 2 53
1797.8 0 3 1 1 2 3 1 2 2 53
1798.86 0 2 1 1 1 3 1 3 2 53
1798.97 0 2 1 1 1 2 1 2 2 54
1799.42 0 1 1 1 1 2 0 2 3 54
1799.49 0 1 1 1 0 1 1 2 3 54
1811.52 0 2 1 1 0 1 2 2 2 54
1819.22 0 3 1 1 0 1 3 2 1 54
1823.88 0 2 1 1 0 1 2 2 2 54
1830.13 0 3 1 1 0 1 3 2 1 54
1830.27 0 2 1 1 0 1 2 2 2 54
1832.35 0 1 1 1 0 1 1 2 3 54
1832.68 0 1 1 1 0 0 1 1 3 55
1836.7 0 2 1 1 0 0 2 1 2 55
1846.53 0 1 1 1 0 0 1 1 3 55
1850.59 0 2 1 1 0 0 2 1 2 55
1859.27 0 1 1 1 0 0 1 1 3 55
1864.91 0 1 0 0 0 1 1 1 3 55
1870.46 0 2 0 0 0 1 2 1 2 55
1875.79 0 2 0 0 1 2 1 1 2 55
1878.67 0 2 1 1 1 1 1 1 2 55
1883.64 0 3 1 1 1 1 2 1 1 55
1884.26 0 4 1 1 1 1 3 1 0 55
1888.7 0 3 1 1 1 1 2 1 1 55
1889.05 0 4 1 1 1 1 3 1 0 55
1900.68 0 5 1 1 2 1 3 0 0 55
1900.7 1 6 1 1 1 1 3 0 0 55
1909.65 1 6 1 1 2 2 2 0 0 55
1909.76 1 5 1 1 1 2 2 1 0 55
1910.65 1 4 1 1 1 2 1 1 1 55
1911.15 1 3 1 1 0 2 1 2 1 55
1912.24 1 2 1 1 0 2 0 2 2 55
1915.66 1 2 1 1 0 1 0 1 2 56
1926.03 0 1 1 1 1 1 0 1 2 56
1928.16 0 2 1 1 1 1 1 1 1 56
1935.3 0 2 1 1 1 0 1 0 1 57
1949.6 0 3 1 1 1 0 2 0 0 57
1972.99 0 2 1 1 1 0 1 0 1 57
1978.43 1 3 1 1 0 0 1 0 1 57
1985.44 1 2 1 1 0 0 0 0 2 57
1997.27 1 3 1 1 0 0 1 0 1 57
2005.62 1 2 1 1 0 0 0 0 2 57
2013.93 1 3 1 1 0 0 1 0 1 57
2028.08 1 2 1 1 0 0 0 0 2 57
2044.64 0 1 1 1 1 0 0 0 2 57
2048.34 0 0 1 1 0 0 0 1 2 57
2056.97 0 1 1 1 0 0 1 1 1 57
2072.67 0 1 0 0 0 1 1 1 1 57
2075.24 0 2 0 0 0 1 2 1 0 57
2113.59 0 2 1 1 0 0 2 1 0 57
2128.4 0 1 1 1 0 0 1 1 1 57
2129.66 0 2 1 1 0 0 2 1 0 57
2148.45 0 2 0 0 0 1 2 1 0 57
2151.71 0 2 0 0 0 2 2 2 0 56
2157.66 0 2 0 0 0 1 2 1 0 57
2169.77 0 3 0 0 1 1 2 0 0 57
2170.42 0 3 0 0 2 2 1 0 0 57
2182.5 0 2 0 0 1 2 1 1 0 57
2190.43 0 2 0 0 1 1 1 0 0 58
2193.53 1 3 0 0 0 1 1 0 0 58
2204.86 1 2 0 0 0 1 0 0 1 58
2209.86 1 2 0 0 0 2 0 1 1 57
2209.97 0 1 0 0 1 2 0 1 1 57
2210.11 0 2 0 0 1 2 1 1 0 57
2213.36 0 2 0 0 0 1 2 1 0 57
2227.42 0 1 0 0 0 1 1 1 1 57
2235.86 0 1 0 0 1 2 0 1 1 57
2238.25 0 2 0 0 1 2 1 1 0 57
2249.17 1 3 0 0 0 2 1 1 0 57
2252.27 1 4 0 0 1 2 1 0 0 57
2253.31 0 3 0 0 2 2 1 0 0 57
2255.97 1 4 0 0 1 2 1 0 0 57
2275.7 1 4 1 1 1 1 1 0 0 57
2288.63 1 3 1 1 1 1 0 0 1 57
2299.82 1 3 1 1 1 2 0 1 1 56
2314.19 1 4 1 1 1 2 1 1 0 56
2318.78 1 4 2 2 1 1 1 1 0 56
2320.9 1 3 2 2 1 1 0 1 1 56
2321.56 1 3 3 3 1 0 0 1 1 56
2329.46 1 2 3 3 0 0 0 2 1 56
2331.71 1 3 3 3 0 0 1 2 0 56
2334.24 1 3 2 2 0 1 1 2 0 56
2334.86 1 2 2 2 0 1 0 2 1 56
2353.47 1 2 1 1 0 2 0 2 1 56
2392.1 1 3 1 1 1 2 0 1 1 56
2410.71 1 4 1 1 1 2 1 1 0 56
2433.37 2 5 1 1 0 2 1 1 0 56
2435.83 1 4 1 1 1 2 1 1 0 56
2439.2 1 4 2 2 1 1 1 1 0 56
2442.55 2 5 2 2 0 1 1 1 0 56
2443.77 2 4 2 2 0 1 0 1 1 56
2447.58 1 3 2 2 1 1 0 1 1 56
2452.07 1 3 1 1 1 2 0 1 1 56
2454.33 1 3 1 1 1 1 0 0 1 57
2454.98 1 3 1 1 1 2 0 1 1 56
2455.08 1 3 2 2 1 1 0 1 1 56
2458.52 1 3 3 3 1 0 0 1 1 56
2459.07 1 2 3 3 0 0 0 2 1 56
2473.03 0 1 3 3 1 0 0 2 1 56
2475.15 0 1 2 2 1 1 0 2 1 56
2476.34 0 2 2 2 1 1 1 2 0 56
2506.09 0 3 2 2 2 1 1 1 0 56
2510.06 1 4 2 2 1 1 1 1 0 56
2510.39 0 3 2 2 2 1 1 1 0 56
2514.21 0 2 2 2 1 1 1 2 0 56
2515.25 0 1 2 2 1 1 0 2 1 56
2528.14 1 2 2 2 0 1 0 2 1 56
2532.51 1 3 2 2 0 1 1 2 0 56
2535.64 1 3 1 1 0 2 1 2 0 56
2563.06 1 3 1 1 0 1 1 1 0 57
2580.4 0 2 1 1 1 1 1 1 0 57
2594.83 0 2 1 1 2 2 0 1 0 57
2597.29 0 2 1 1 1 1 1 1 0 57
2609.99 0 3 1 1 2 1 1 0 0 57
2623.29 0 3 0 0 2 2 1 0 0 57
2623.33 0 3 0 0 1 1 2 0 0 57
2625.34 0 3 0 0 0 0 3 0 0 57
2626.96 0 2 0 0 0 0 2 0 1 57
2631.73 0 3 0 0 0 0 3 0 0 57
2643.92 0 2 0 0 0 0 2 0 1 57
2658.75 0 1 0 0 0 0 1 0 2 57
2666.4 0 2 0 0 0 0 2 0 1 57
2671.95 0 1 0 0 0 0 1 0 2 57
2696.95 0 2 0 0 0 0 2 0 1 57
2709.69 0 1 0 0 0 0 1 0 2 57
2710.64 0 2 0 0 0 0 2 0 1 57
2733.75 0 1 0 0 0 0 1 0 2 57
2744.92 0 2 0 0 0 0 2 0 1 57
2759.12 0 3 0 0 0 0 3 0 0 57
2763.09 0 2 0 0 0 0 2 0 1 57
2767.57 0 3 0 0 0 0 3 0 0 57
2775.68 0 2 0 0 0 0 2 0 1 57
2779.91 0 1 0 0 0 0 1 0 2 57
2782.47 0 2 0 0 0 0 2 0 1 57
2803.97 0 1 0 0 0 0 1 0 2 57
2809.72 0 2 0 0 0 0 2 0 1 57
2822.08 0 1 0 0 0 0 1 0 2 57
2822.32 0 0 0 0 0 0 0 0 3 57
2835.89 0 1 0 0 0 0 1 0 2 57
2848 0 2 0 0 0 0 2 0 1 57
2865.85 0 1 0 0 0 0 1 0 2 57
2884.89 0 2 0 0 0 0 2 0 1 57
2895.06 0 3 0 0 0 0 3 0 0 57
2909.81 0 3 0 0 1 1 2 0 0 57
2921.6 0 3 0 0 1 2 2 1 0 56
2930.1 0 3 0 0 1 3 2 2 0 55
2931.81 0 3 1 1 1 2 2 2 0 55
2935.83 0 2 1 1 0 2 2 3 0 55
2949.08 0 2 1 1 0 1 2 2 0 56
2950.98 0 1 1 1 0 1 1 2 1 56
2958.99 0 2 1 1 0 1 2 2 0 56
2960.75 0 3 1 1 1 1 2 1 0 56
2964.68 0 3 1 1 2 2 1 1 0 56
2965.49 0 3 2 2 2 1 1 1 0 56
2965.91 0 3 2 2 1 0 2 1 0 56
2972.17 0 3 1 1 1 1 2 1 0 56
2977.27 1 4 1 1 0 1 2 1 0 56
2981.1 1 4 1 1 0 2 2 2 0 55
2989.94 1 5 1 1 1 2 2 1 0 55
2991.21 1 4 1 1 1 2 1 1 1 55
2991.82 0 3 1 1 2 2 1 1 1 55
2995.44 1 4 1 1 1 2 1 1 1 55
2996.48 1 5 1 1 2 2 1 0 1 55
2996.48 1 5 1 1 2 2 1 0 1 55
