0 60 120 60 60 0 0 0 0 0 0
0.00123156 59 119 60 60 1 0 0 0 0 0
0.00381582 58 118 60 60 2 0 0 0 0 0
0.013555 57 117 60 60 3 0 0 0 0 0
0.0241061 57 117 59 59 3 1 0 0 0 0
0.0580553 56 116 59 59 4 1 0 0 0 0
0.0616638 55 115 59 59 5 1 0 0 0 0
0.0672409 54 114 59 59 6 1 0 0 0 0
0.0714323 53 113 59 59 7 1 0 0 0 0
0.0782422 53 112 59 59 6 1 0 1 0 0
0.094 52 111 59 59 7 1 0 1 0 0
0.106894 52 110 59 59 6 1 0 2 0 0
0.114752 52 110 58 58 6 2 0 2 0 0
0.119471 51 109 58 58 7 2 0 2 0 0
0.120493 51 109 57 57 7 3 0 2 0 0
0.125792 50 108 57 57 8 3 0 2 0 0
0.131583 50 108 56 56 8 4 0 2 0 0
0.140193 49 107 56 56 9 4 0 2 0 0
0.145546 48 106 56 56 10 4 0 2 0 0
0.148176 47 105 56 56 11 4 0 2 0 0
0.154092 47 104 56 56 10 4 0 3 0 0
0.163349 46 103 56 56 11 4 0 3 0 0
0.192309 45 102 56 56 12 4 0 3 0 0
0.195241 45 101 56 56 11 4 0 4 0 0
0.200289 44 100 56 56 12 4 0 4 0 0
0.203231 43 99 56 56 13 4 0 4 0 0
0.209207 42 98 56 56 14 4 0 4 0 0
0.209212 41 97 56 56 15 4 0 4 0 0
0.247266 41 97 55 55 15 5 0 4 0 0
0.250122 40 96 55 55 16 5 0 4 0 0
0.26589 40 96 54 54 16 6 0 4 0 0
0.281169 39 95 54 54 17 6 0 4 0 0
0.315559 39 94 54 54 16 6 0 5 0 0
0.326128 39 94 54 54 15 5 1 5 0 0
0.326611 38 93 54 54 16 5 1 5 0 0
0.327369 38 93 53 53 16 6 1 5 0 0
0.349152 38 93 52 52 16 7 1 5 0 0
0.394253 37 92 52 52 17 7 1 5 0 0
0.400607 37 91 52 52 16 7 1 6 0 0
0.421431 36 90 52 52 17 7 1 6 0 0
0.441464 35 89 52 52 18 7 1 6 0 0
0.45565 34 88 52 52 19 7 1 6 0 0
0.474296 34 88 51 51 19 8 1 6 0 0
0.498578 34 88 50 50 19 9 1 6 0 0
0.531453 33 87 50 50 20 9 1 6 0 0
0.545317 33 87 49 49 20 10 1 6 0 0
0.553881 33 86 49 49 19 10 1 7 0 0
0.563614 33 86 49 49 18 9 2 7 0 0
0.567292 32 85 49 49 19 9 2 7 0 0
0.577746 32 84 49 49 18 9 2 8 0 0
0.591006 32 84 48 48 18 10 2 8 0 0
0.607373 32 83 48 48 17 10 2 9 0 0
0.672281 32 83 47 47 17 11 2 9 0 0
0.70262 32 83 46 46 17 12 2 9 0 0
0.720711 32 83 45 45 17 13 2 9 0 0
0.75946 32 83 45 45 16 12 3 9 0 0
0.767462 32 83 44 44 16 13 3 9 0 0
0.773172 31 82 44 44 17 13 3 9 0 0
0.828774 30 81 44 44 18 13 3 9 0 0
0.84376 29 80 44 44 19 13 3 9 0 0
0.886286 29 80 44 44 19 12 3 8 0 1
0.891131 29 79 44 44 18 12 3 9 0 1
0.894577 29 79 43 43 18 13 3 9 0 1
0.908312 29 79 42 42 18 14 3 9 0 1
0.922065 28 78 42 42 19 14 3 9 0 1
0.938787 27 77 42 42 20 14 3 9 0 1
0.947912 27 76 42 42 19 14 3 10 0 1
0.951455 27 75 42 42 19 14 2 10 1 1
0.970896 26 74 42 42 20 14 2 10 1 1
0.989999 26 73 42 42 19 14 2 11 1 1
1.00124 26 73 41 41 19 15 2 11 1 1
1.01321 25 72 41 41 20 15 2 11 1 1
1.0498 25 72 40 40 20 16 2 11 1 1
1.0752 24 71 40 40 21 16 2 11 1 1
1.09736 24 70 40 40 20 16 2 12 1 1
1.11253 24 70 39 39 20 17 2 12 1 1
1.1167 24 70 38 38 20 18 2 12 1 1
1.14489 24 69 38 38 19 18 2 13 1 1
1.15194 24 68 38 38 18 18 2 14 1 1
1.17759 23 67 38 38 19 18 2 14 1 1
1.27788 23 66 38 38 18 18 2 15 1 1
1.30518 23 65 38 38 18 18 1 15 2 1
1.31125 22 64 38 38 19 18 1 15 2 1
1.33663 21 63 38 38 20 18 1 15 2 1
1.36864 21 62 38 38 19 18 1 16 2 1
1.43007 21 62 38 38 19 17 1 15 2 2
1.45144 21 61 38 38 18 17 1 16 2 2
1.4891 21 60 38 38 17 17 1 17 2 2
1.55183 21 60 38 38 16 16 2 17 2 2
1.65124 21 60 37 37 16 17 2 17 2 2
1.67112 21 60 36 36 16 18 2 17 2 2
1.73813 21 60 35 35 16 19 2 17 2 2
1.73911 21 60 34 34 16 20 2 17 2 2
1.81309 21 59 34 34 15 20 2 18 2 2
1.84669 21 59 33 33 15 21 2 18 2 2
1.94097 21 59 32 32 15 22 2 18 2 2
1.97358 21 59 31 31 15 23 2 18 2 2
2.05228 20 58 31 31 16 23 2 18 2 2
2.06502 20 58 30 30 16 24 2 18 2 2
2.09222 19 57 30 30 17 24 2 18 2 2
2.12422 19 57 30 30 16 23 3 18 2 2
2.28674 19 57 30 30 16 22 3 17 2 3
2.32552 19 57 29 29 16 23 3 17 2 3
2.34214 19 57 28 28 16 24 3 17 2 3
2.34292 19 56 28 28 15 24 3 18 2 3
2.45801 19 56 28 28 14 23 4 18 2 3
2.50575 18 55 28 28 15 23 4 18 2 3
2.50906 17 54 28 28 16 23 4 18 2 3
2.52547 16 53 28 28 17 23 4 18 2 3
2.77018 15 52 28 28 18 23 4 18 2 3
2.79484 14 51 28 28 19 23 4 18 2 3
2.8282 14 51 28 28 19 22 4 17 2 4
2.85483 14 51 28 28 18 21 5 17 2 4
2.93915 13 50 28 28 19 21 5 17 2 4
3.05353 13 49 28 28 19 21 4 17 3 4
3.11245 13 49 28 28 18 20 5 17 3 4
3.18468 13 49 27 27 18 21 5 17 3 4
3.2272 13 49 27 27 17 20 6 17 3 4
3.25193 12 48 27 27 18 20 6 17 3 4
3.43405 12 47 27 27 18 20 5 17 4 4
3.45075 11 46 27 27 19 20 5 17 4 4
3.57276 12 47 27 27 18 20 5 17 4 4
3.63674 12 47 28 28 18 19 5 17 4 4
3.70101 12 47 28 28 18 18 5 16 4 5
3.90244 12 47 27 27 18 19 5 16 4 5
3.906 12 46 27 27 18 19 4 16 5 5
3.96173 12 46 26 26 18 20 4 16 5 5
3.9975 12 45 26 26 17 20 4 17 5 5
4.00318 12 44 26 26 17 20 3 17 6 5
4.17363 12 44 26 26 17 19 3 16 6 6
4.259 12 44 25 25 17 20 3 16 6 6
4.30341 12 44 24 24 17 21 3 16 6 6
4.33547 12 43 24 24 16 21 3 17 6 6
4.34101 11 42 24 24 17 21 3 17 6 6
4.35292 11 42 24 24 17 20 3 16 6 7
4.3763 11 42 24 24 16 19 4 16 6 7
4.37744 11 41 24 24 15 19 4 17 6 7
4.4205 11 41 23 23 15 20 4 17 6 7
4.44063 11 40 23 23 14 20 4 18 6 7
4.56569 11 39 23 23 13 20 4 19 6 7
4.56917 10 38 23 23 14 20 4 19 6 7
4.65035 10 38 22 22 14 21 4 19 6 7
4.70617 10 37 22 22 13 21 4 20 6 7
4.8709 10 37 21 21 13 22 4 20 6 7
4.94093 9 36 21 21 14 22 4 20 6 7
5.03071 9 35 21 21 14 22 3 20 7 7
5.0926 9 34 21 21 13 22 3 21 7 7
5.10096 9 34 21 21 13 21 3 20 7 8
5.15533 9 34 21 21 13 20 3 19 7 9
5.42749 9 34 20 20 13 21 3 19 7 9
5.45275 9 33 20 20 12 21 3 20 7 9
5.47483 9 32 20 20 11 21 3 21 7 9
5.54489 9 32 19 19 11 22 3 21 7 9
5.55292 8 31 19 19 12 22 3 21 7 9
5.56021 7 30 19 19 13 22 3 21 7 9
5.5766 7 30 19 19 13 21 3 20 7 10
5.79603 6 29 19 19 14 21 3 20 7 10
5.97344 6 28 19 19 14 21 2 20 8 10
5.99197 6 28 18 18 14 22 2 20 8 10
6.01558 6 28 17 17 14 23 2 20 8 10
6.11825 6 29 17 17 14 23 3 20 7 10
6.15425 6 28 17 17 13 23 3 21 7 10
6.18983 6 27 17 17 12 23 3 22 7 10
6.23513 5 26 17 17 13 23 3 22 7 10
6.33576 5 25 17 17 12 23 3 23 7 10
6.42716 5 26 17 17 13 23 3 22 7 10
6.53602 4 25 17 17 14 23 3 22 7 10
6.56953 4 25 17 17 14 22 3 21 7 11
6.67988 4 24 17 17 13 22 3 22 7 11
6.70649 4 24 16 16 13 23 3 22 7 11
6.75437 4 23 16 16 12 23 3 23 7 11
7.08372 4 23 16 16 12 22 3 22 7 12
7.13085 4 23 15 15 12 23 3 22 7 12
7.35756 4 22 15 15 12 23 2 22 8 12
7.47217 4 22 15 15 12 22 2 21 8 13
7.53911 4 21 15 15 11 22 2 22 8 13
7.56089 4 21 14 14 11 23 2 22 8 13
7.71203 4 20 14 14 10 23 2 23 8 13
7.75819 4 20 14 14 10 22 2 22 8 14
7.8265 5 21 14 14 9 22 2 22 8 14
7.92973 5 21 14 14 9 21 2 21 8 15
7.94088 5 21 14 14 9 20 2 20 8 16
7.95063 5 21 14 14 9 19 2 19 8 17
8.10341 5 21 13 13 9 20 2 19 8 17
8.35741 4 20 13 13 10 20 2 19 8 17
8.48013 4 20 13 13 10 19 2 18 8 18
8.55552 4 20 13 13 9 18 3 18 8 18
8.70451 4 20 12 12 9 19 3 18 8 18
8.79369 4 19 12 12 9 19 2 18 9 18
8.87908 4 19 12 12 9 18 2 17 9 19
9.08886 3 18 12 12 10 18 2 17 9 19
9.23285 2 17 12 12 11 18 2 17 9 19
9.49293 2 17 12 12 11 17 2 16 9 20
9.60514 2 17 12 12 11 16 2 15 9 21
9.76263 2 18 12 12 12 16 2 14 9 21
9.81416 2 18 12 12 12 15 2 13 9 22
9.84099 2 17 12 12 11 15 2 14 9 22
10.0009 2 17 12 12 11 14 2 13 9 23
10.2967 2 17 12 12 11 13 2 12 9 24
10.3062 2 17 12 12 10 12 3 12 9 24
10.3816 2 17 12 12 9 11 4 12 9 24
10.3834 2 17 11 11 9 12 4 12 9 24
10.4564 2 17 11 11 8 11 5 12 9 24
10.6658 2 17 10 10 8 12 5 12 9 24
10.7357 3 18 10 10 7 12 5 12 9 24
10.7374 3 19 10 10 7 12 6 12 8 24
10.7535 3 18 10 10 7 12 5 12 9 24
10.7605 2 17 10 10 8 12 5 12 9 24
10.7765 2 16 10 10 8 12 4 12 10 24
10.807 2 16 10 10 7 11 5 12 10 24
11.001 2 15 10 10 6 11 5 13 10 24
11.8664 2 15 10 10 5 10 6 13 10 24
12.2775 2 14 10 10 5 10 5 13 11 24
13.1945 2 13 10 10 5 10 4 13 12 24
13.9706 2 14 10 10 6 10 4 12 12 24
14.0751 2 14 10 10 6 9 4 11 12 25
14.4168 2 14 10 10 6 8 4 10 12 26
14.4334 2 15 10 10 7 8 4 9 12 26
14.4425 2 15 10 10 6 7 5 9 12 26
14.9484 2 15 10 10 6 6 5 8 12 27
15.4371 2 15 9 9 6 7 5 8 12 27
15.5833 2 15 8 8 6 8 5 8 12 27
15.7873 2 14 8 8 5 8 5 9 12 27
16.3121 2 13 8 8 5 8 4 9 13 27
17.672 1 12 8 8 6 8 4 9 13 27
17.7817 1 11 8 8 5 8 4 10 13 27
17.9412 2 12 8 8 4 8 4 10 13 27
18.0652 2 13 8 8 4 8 5 10 12 27
18.7118 2 13 8 8 4 7 5 9 12 28
19.2969 2 13 7 7 4 8 5 9 12 28
19.4198 2 14 7 7 4 8 6 9 11 28
19.4442 2 15 7 7 5 8 6 8 11 28
19.6553 2 16 7 7 5 8 7 8 10 28
19.6632 2 15 7 7 5 8 6 8 11 28
20.2182 2 15 6 6 5 9 6 8 11 28
20.793 2 14 6 6 5 9 5 8 12 28
21.1957 3 15 6 6 4 9 5 8 12 28
21.4325 3 15 7 7 4 8 5 8 12 28
21.767 3 15 7 7 4 7 5 7 12 29
22.2494 3 14 7 7 4 7 4 7 13 29
22.3532 3 15 7 7 5 7 4 6 13 29
22.4181 3 14 7 7 5 7 3 6 14 29
22.5329 3 13 7 7 4 7 3 7 14 29
23.1152 3 14 7 7 4 7 4 7 13 29
23.6026 3 13 7 7 4 7 3 7 14 29
24.5472 3 14 7 7 5 7 3 6 14 29
25.0013 2 13 7 7 6 7 3 6 14 29
25.005 2 14 7 7 6 7 4 6 13 29
25.0418 2 15 7 7 6 7 5 6 12 29
25.4376 2 15 6 6 6 8 5 6 12 29
26.1889 2 14 6 6 5 8 5 7 12 29
26.4684 2 13 6 6 5 8 4 7 13 29
26.968 2 14 6 6 5 8 5 7 12 29
27.4839 2 14 6 6 5 7 5 6 12 30
27.6446 2 13 6 6 4 7 5 7 12 30
28.9735 2 12 6 6 4 7 4 7 13 30
29.2844 2 13 6 6 4 7 5 7 12 30
29.364 2 13 6 6 3 6 6 7 12 30
29.7463 1 12 6 6 4 6 6 7 12 30
30.6883 1 12 6 6 4 5 6 6 12 31
31.0176 1 12 6 6 3 4 7 6 12 31
31.2042 1 13 6 6 3 4 8 6 11 31
31.8587 1 13 6 6 3 3 8 5 11 32
32.0897 1 13 5 5 3 4 8 5 11 32
32.3069 1 14 5 5 3 4 9 5 10 32
32.9724 1 14 5 5 3 3 9 4 10 33
33.3848 1 13 5 5 2 3 9 5 10 33
34.2964 1 12 5 5 1 3 9 6 10 33
34.5345 1 11 5 5 1 3 8 6 11 33
35.197 1 10 5 5 1 3 7 6 12 33
35.2531 1 9 5 5 1 3 6 6 13 33
35.4681 1 8 5 5 1 3 5 6 14 33
36.5047 2 9 5 5 0 3 5 6 14 33
36.8378 2 10 5 5 0 3 6 6 13 33
37.1659 2 11 5 5 0 3 7 6 12 33
37.8196 2 11 4 4 0 4 7 6 12 33
37.8385 1 10 4 4 1 4 7 6 12 33
37.8969 1 9 4 4 1 4 6 6 13 33
38.1269 1 9 4 4 1 3 6 5 13 34
38.9068 1 8 4 4 1 3 5 5 14 34
39.5198 1 9 4 4 1 3 6 5 13 34
41.1536 1 10 4 4 1 3 7 5 12 34
42.0438 1 9 4 4 1 3 6 5 13 34
42.4551 1 10 4 4 1 3 7 5 12 34
42.7031 1 11 4 4 1 3 8 5 11 34
43.5872 1 11 4 4 1 2 8 4 11 35
44.4107 1 12 4 4 2 2 8 3 11 35
46.5505 1 11 4 4 2 2 7 3 12 35
46.9433 2 12 4 4 1 2 7 3 12 35
47.9204 2 12 3 3 1 3 7 3 12 35
48.4798 2 11 3 3 0 3 7 4 12 35
49.3563 2 10 3 3 0 3 6 4 13 35
49.7179 2 9 3 3 0 3 5 4 14 35
50.139 2 8 3 3 0 3 4 4 15 35
50.4009 2 9 3 3 1 3 4 3 15 35
50.674 2 8 3 3 1 3 3 3 16 35
51.1956 2 9 3 3 1 3 4 3 15 35
53.0167 2 10 3 3 1 3 5 3 14 35
54.6153 2 11 3 3 1 3 6 3 13 35
54.7895 2 12 3 3 1 3 7 3 12 35
55.1059 1 11 3 3 2 3 7 3 12 35
55.6417 1 12 3 3 2 3 8 3 11 35
57.6813 1 11 3 3 2 3 7 3 12 35
58.1876 1 10 3 3 1 3 7 4 12 35
59.5807 1 11 3 3 1 3 8 4 11 35
59.7535 1 10 3 3 0 3 8 5 11 35
60.7179 1 10 2 2 0 4 8 5 11 35
60.7316 1 11 2 2 0 4 9 5 10 35
61.5829 1 11 2 2 0 3 9 4 10 36
62.5359 0 10 2 2 1 3 9 4 10 36
62.9715 0 10 2 2 1 4 9 5 10 35
63.9065 0 9 2 2 1 4 8 5 11 35
64.0465 0 8 2 2 1 4 7 5 12 35
64.0742 0 9 2 2 2 4 7 4 12 35
65.9841 0 10 2 2 2 4 8 4 11 35
66.1461 0 10 2 2 3 5 7 4 11 35
66.2995 0 9 2 2 3 5 6 4 12 35
66.6415 0 10 2 2 3 5 7 4 11 35
66.8464 0 9 2 2 3 5 6 4 12 35
67.4522 0 10 2 2 3 5 7 4 11 35
67.6077 0 9 2 2 3 5 6 4 12 35
68.1413 0 9 2 2 2 4 7 4 12 35
69.0976 0 8 2 2 1 4 7 5 12 35
69.1051 0 8 3 3 1 3 7 5 12 35
71.655 0 7 3 3 1 3 6 5 13 35
72.0796 0 8 3 3 1 3 7 5 12 35
73.2191 0 9 3 3 1 3 8 5 11 35
73.4571 0 8 3 3 1 3 7 5 12 35
74.526 0 9 3 3 1 3 8 5 11 35
76.7406 0 8 3 3 1 3 7 5 12 35
77.4039 0 9 3 3 1 3 8 5 11 35
79.5415 0 8 3 3 1 3 7 5 12 35
81.4729 0 9 3 3 1 3 8 5 11 35
83.427 0 10 3 3 1 3 9 5 10 35
83.6076 0 9 3 3 1 3 8 5 11 35
83.8577 0 9 3 3 1 2 8 4 11 36
84.1346 0 8 3 3 1 2 7 4 12 36
84.5335 0 8 2 2 1 3 7 4 12 36
84.9123 0 9 2 2 1 3 8 4 11 36
85.3597 0 10 2 2 1 3 9 4 10 36
85.4389 0 9 2 2 1 3 8 4 11 36
86.3822 0 8 2 2 1 3 7 4 12 36
88.3689 0 7 2 2 1 3 6 4 13 36
89.6789 0 7 2 2 1 2 6 3 13 37
89.955 0 6 2 2 1 2 5 3 14 37
90.26 0 5 2 2 1 2 4 3 15 37
92.328 0 6 2 2 1 2 5 3 14 37
93.1546 0 5 2 2 1 2 4 3 15 37
93.9454 0 6 2 2 1 2 5 3 14 37
96.3628 0 5 2 2 1 2 4 3 15 37
99.4699 0 6 2 2 1 2 5 3 14 37
99.6348 0 7 2 2 1 2 6 3 13 37
102.883 0 7 2 2 2 3 5 3 13 37
103.108 0 8 2 2 2 3 6 3 12 37
104.869 0 7 2 2 2 3 5 3 13 37
105.743 0 7 2 2 1 2 6 3 13 37
106.293 0 8 2 2 1 2 7 3 12 37
107.803 0 9 2 2 1 2 8 3 11 37
108.01 0 8 2 2 1 2 7 3 12 37
110.264 0 8 3 3 1 1 7 3 12 37
110.494 0 9 3 3 1 1 8 3 11 37
110.709 0 10 3 3 1 1 9 3 10 37
111.014 0 9 3 3 1 1 8 3 11 37
112.271 0 8 3 3 1 1 7 3 12 37
112.46 0 7 3 3 1 1 6 3 13 37
113.204 0 8 3 3 1 1 7 3 12 37
114.761 0 7 3 3 1 1 6 3 13 37
115.155 0 6 3 3 1 1 5 3 14 37
115.323 0 7 3 3 1 1 6 3 13 37
115.383 0 7 2 2 1 2 6 3 13 37
115.542 0 6 2 2 1 2 5 3 14 37
118.916 0 7 2 2 1 2 6 3 13 37
121.511 0 6 2 2 1 2 5 3 14 37
123.631 0 7 2 2 1 2 6 3 13 37
123.966 0 6 2 2 1 2 5 3 14 37
124.905 0 7 2 2 1 2 6 3 13 37
127.271 0 6 2 2 1 2 5 3 14 37
128.101 0 7 2 2 1 2 6 3 13 37
128.873 0 8 2 2 1 2 7 3 12 37
128.887 0 7 2 2 1 2 6 3 13 37
131.637 1 8 2 2 0 2 6 3 13 37
133.301 1 7 2 2 0 2 5 3 14 37
133.508 1 8 2 2 0 2 6 3 13 37
134.186 1 9 2 2 0 2 7 3 12 37
135.138 1 8 2 2 0 2 6 3 13 37
135.511 1 7 2 2 0 2 5 3 14 37
135.743 1 8 2 2 0 2 6 3 13 37
136.153 1 9 2 2 0 2 7 3 12 37
136.155 1 10 2 2 0 2 8 3 11 37
136.382 1 11 2 2 0 2 9 3 10 37
138.51 1 10 2 2 0 2 8 3 11 37
139.735 1 9 2 2 0 2 7 3 12 37
140.557 1 10 2 2 0 2 8 3 11 37
140.597 1 11 2 2 0 2 9 3 10 37
141.251 1 12 2 2 0 2 10 3 9 37
142.419 1 11 2 2 0 2 9 3 10 37
143.097 1 10 2 2 0 2 8 3 11 37
143.32 1 9 2 2 0 2 7 3 12 37
144.568 1 8 2 2 0 2 6 3 13 37
144.639 1 9 2 2 0 2 7 3 12 37
144.923 1 10 2 2 0 2 8 3 11 37
145.071 1 9 2 2 0 2 7 3 12 37
146.009 1 8 2 2 0 2 6 3 13 37
146.846 1 7 2 2 0 2 5 3 14 37
148.08 1 6 2 2 0 2 4 3 15 37
150.944 1 7 2 2 0 2 5 3 14 37
151.946 1 6 2 2 0 2 4 3 15 37
152.637 1 7 2 2 0 2 5 3 14 37
156.305 1 8 2 2 0 2 6 3 13 37
156.661 1 8 2 2 0 1 6 2 13 38
157.514 1 9 2 2 0 1 7 2 12 38
157.551 1 10 2 2 0 1 8 2 11 38
158.692 1 11 2 2 0 1 9 2 10 38
160.482 1 10 2 2 0 1 8 2 11 38
164.261 0 9 2 2 1 1 8 2 11 38
165.973 0 10 2 2 1 1 9 2 10 38
166.319 0 10 2 2 1 2 9 3 10 37
167.294 0 10 2 2 0 1 10 3 10 37
167.868 0 11 2 2 0 1 11 3 9 37
168.579 0 12 2 2 0 1 12 3 8 37
168.623 0 11 2 2 0 1 11 3 9 37
169.789 0 10 2 2 0 1 10 3 10 37
169.975 0 11 2 2 0 1 11 3 9 37
171.395 0 12 2 2 0 1 12 3 8 37
172.274 0 13 2 2 0 1 13 3 7 37
173.022 0 12 2 2 0 1 12 3 8 37
173.219 0 11 2 2 0 1 11 3 9 37
173.619 0 10 2 2 0 1 10 3 10 37
173.624 0 11 2 2 0 1 11 3 9 37
174.061 0 11 1 1 0 2 11 3 9 37
174.293 0 11 2 2 0 1 11 3 9 37
174.501 0 10 2 2 0 1 10 3 10 37
174.781 0 9 2 2 0 1 9 3 11 37
175.567 0 8 2 2 0 1 8 3 12 37
175.801 0 9 2 2 0 1 9 3 11 37
178.649 0 10 2 2 0 1 10 3 10 37
179.672 0 9 2 2 0 1 9 3 11 37
182.099 0 8 2 2 0 1 8 3 12 37
185.696 0 7 2 2 0 1 7 3 13 37
185.775 0 6 2 2 0 1 6 3 14 37
188.737 0 5 2 2 0 1 5 3 15 37
193.103 0 6 2 2 0 1 6 3 14 37
193.946 0 7 2 2 0 1 7 3 13 37
194.116 0 7 2 2 1 2 6 3 13 37
195.309 0 7 2 2 1 1 6 2 13 38
196.086 0 6 2 2 1 1 5 2 14 38
198.452 0 5 2 2 1 1 4 2 15 38
199.455 0 6 2 2 1 1 5 2 14 38
200.841 0 7 2 2 1 1 6 2 13 38
203.768 0 6 2 2 1 1 5 2 14 38
204.201 0 5 2 2 1 1 4 2 15 38
204.425 0 6 2 2 2 1 4 1 15 38
205.547 0 7 2 2 2 1 5 1 14 38
208.181 0 6 2 2 1 1 5 2 14 38
210.57 0 6 1 1 1 2 5 2 14 38
210.973 0 5 1 1 1 2 4 2 15 38
212.736 0 6 1 1 1 2 5 2 14 38
216.296 0 7 1 1 1 2 6 2 13 38
217.405 0 8 1 1 1 2 7 2 12 38
218.919 0 9 1 1 1 2 8 2 11 38
219.955 0 10 1 1 1 2 9 2 10 38
220.212 0 9 1 1 1 2 8 2 11 38
220.239 0 8 1 1 1 2 7 2 12 38
221.41 0 7 1 1 1 2 6 2 13 38
224.387 0 6 1 1 0 2 6 3 13 38
225.545 0 7 1 1 0 2 7 3 12 38
226.331 0 6 1 1 0 2 6 3 13 38
226.681 0 7 1 1 0 2 7 3 12 38
228.957 0 8 1 1 0 2 8 3 11 38
230.277 0 7 1 1 0 2 7 3 12 38
230.459 0 8 1 1 1 2 7 2 12 38
231.189 0 7 1 1 1 2 6 2 13 38
231.531 0 8 1 1 1 2 7 2 12 38
231.716 0 7 1 1 1 2 6 2 13 38
232.617 0 6 1 1 1 2 5 2 14 38
232.915 0 7 1 1 1 2 6 2 13 38
233.199 0 8 1 1 1 2 7 2 12 38
234.706 0 9 1 1 1 2 8 2 11 38
235.035 0 8 1 1 0 2 8 3 11 38
238.834 0 9 1 1 0 2 9 3 10 38
238.913 0 8 1 1 0 2 8 3 11 38
239.578 0 7 1 1 0 2 7 3 12 38
240.086 0 6 1 1 0 2 6 3 13 38
241.581 0 7 1 1 0 2 7 3 12 38
244.044 0 8 1 1 0 2 8 3 11 38
247.384 0 9 1 1 0 2 9 3 10 38
247.925 0 8 1 1 0 2 8 3 11 38
250.822 0 7 1 1 0 2 7 3 12 38
254.048 0 8 1 1 0 2 8 3 11 38
255.024 0 8 1 1 0 1 8 2 11 39
255.081 0 7 1 1 0 1 7 2 12 39
256.691 0 8 1 1 0 1 8 2 11 39
257.115 0 7 1 1 0 1 7 2 12 39
258.033 0 6 1 1 0 1 6 2 13 39
263.087 0 7 1 1 0 1 7 2 12 39
265.419 0 8 1 1 0 1 8 2 11 39
265.531 0 9 1 1 0 1 9 2 10 39
266.541 0 8 1 1 0 1 8 2 11 39
266.601 0 9 1 1 0 1 9 2 10 39
267.748 0 8 1 1 0 1 8 2 11 39
269.361 0 7 1 1 0 1 7 2 12 39
273.824 0 8 1 1 0 1 8 2 11 39
273.967 0 7 1 1 0 1 7 2 12 39
276.893 0 8 1 1 0 1 8 2 11 39
276.916 0 7 1 1 0 1 7 2 12 39
277.92 0 8 1 1 0 1 8 2 11 39
278.403 0 9 1 1 0 1 9 2 10 39
278.829 0 8 1 1 0 1 8 2 11 39
280.726 0 7 1 1 0 1 7 2 12 39
281.158 0 6 1 1 0 1 6 2 13 39
281.816 0 7 1 1 0 1 7 2 12 39
284.2 0 8 1 1 0 1 8 2 11 39
284.942 0 7 1 1 0 1 7 2 12 39
288.622 0 7 1 1 0 0 7 1 12 40
290.987 0 6 1 1 0 0 6 1 13 40
291.895 0 6 1 1 1 1 5 1 13 40
292.337 0 7 1 1 1 1 6 1 12 40
294.476 0 8 1 1 1 1 7 1 11 40
294.999 0 7 1 1 1 1 6 1 12 40
295.775 0 8 1 1 1 1 7 1 11 40
296.119 0 9 1 1 1 1 8 1 10 40
296.754 0 8 1 1 1 1 7 1 11 40
297.231 0 7 1 1 1 1 6 1 12 40
297.673 0 8 1 1 1 1 7 1 11 40
299.034 0 7 1 1 1 1 6 1 12 40
303.84 0 8 1 1 1 1 7 1 11 40
305.469 0 7 1 1 1 1 6 1 12 40
306.581 0 8 1 1 1 1 7 1 11 40
307.054 0 7 1 1 1 1 6 1 12 40
309.083 0 8 1 1 1 1 7 1 11 40
309.327 0 9 1 1 1 1 8 1 10 40
311.055 0 8 1 1 1 1 7 1 11 40
312.662 0 7 1 1 1 1 6 1 12 40
315.418 0 8 1 1 1 1 7 1 11 40
315.983 0 9 1 1 1 1 8 1 10 40
316.777 0 8 1 1 1 1 7 1 11 40
317.374 0 9 1 1 1 1 8 1 10 40
317.729 0 8 1 1 1 1 7 1 11 40
319.796 0 7 1 1 1 1 6 1 12 40
323.431 0 7 1 1 1 0 6 0 12 41
323.743 0 6 1 1 1 0 5 0 13 41
325.245 0 6 0 0 1 1 5 0 13 41
327.275 0 7 0 0 1 1 6 0 12 41
327.654 0 8 0 0 1 1 7 0 11 41
329.668 0 9 0 0 1 1 8 0 10 41
330.078 0 10 0 0 1 1 9 0 9 41
330.522 0 11 0 0 1 1 10 0 8 41
331.128 0 12 0 0 1 1 11 0 7 41
332.37 0 11 0 0 1 1 10 0 8 41
332.668 0 12 0 0 1 1 11 0 7 41
333.847 0 11 0 0 1 1 10 0 8 41
335.661 0 12 0 0 1 1 11 0 7 41
337.225 0 12 0 0 2 2 10 0 7 41
340.803 0 11 0 0 2 2 9 0 8 41
342.093 0 10 0 0 2 2 8 0 9 41
342.397 0 11 0 0 2 2 9 0 8 41
344.086 0 10 0 0 2 2 8 0 9 41
344.102 0 9 0 0 2 2 7 0 10 41
344.365 0 10 0 0 2 2 8 0 9 41
345.745 0 11 0 0 2 2 9 0 8 41
346.105 0 12 0 0 2 2 10 0 7 41
346.183 0 11 0 0 2 2 9 0 8 41
346.443 0 10 0 0 2 2 8 0 9 41
348.508 0 11 0 0 2 2 9 0 8 41
348.545 0 12 0 0 2 2 10 0 7 41
348.812 0 11 0 0 2 2 9 0 8 41
348.863 0 12 0 0 2 2 10 0 7 41
348.909 0 11 0 0 2 2 9 0 8 41
349.305 0 12 0 0 2 2 10 0 7 41
350.109 0 12 0 0 3 3 9 0 7 41
355.138 0 12 0 0 2 2 10 0 7 41
355.31 0 11 0 0 2 2 9 0 8 41
357.345 0 11 0 0 3 3 8 0 8 41
357.939 0 12 0 0 3 3 9 0 7 41
358.44 0 11 0 0 2 3 9 1 7 41
358.641 0 10 0 0 2 3 8 1 8 41
359.154 0 10 0 0 2 2 8 0 8 42
360.041 0 9 0 0 2 2 7 0 9 42
363.079 0 8 0 0 2 2 6 0 10 42
364.962 0 8 0 0 1 1 7 0 10 42
366.488 0 9 0 0 1 1 8 0 9 42
368.396 0 8 0 0 1 1 7 0 10 42
368.849 0 7 0 0 1 1 6 0 11 42
370.554 0 6 0 0 1 1 5 0 12 42
374.856 0 7 0 0 1 1 6 0 11 42
377.836 0 6 0 0 1 1 5 0 12 42
378.478 0 7 0 0 1 1 6 0 11 42
380.759 0 8 0 0 1 1 7 0 10 42
381.248 0 9 0 0 1 1 8 0 9 42
381.865 0 8 0 0 1 1 7 0 10 42
383.232 0 7 0 0 1 1 6 0 11 42
384.901 0 8 0 0 1 1 7 0 10 42
391.002 0 9 0 0 1 1 8 0 9 42
393.04 0 8 0 0 1 1 7 0 10 42
395.421 0 7 0 0 1 1 6 0 11 42
399.019 0 6 0 0 1 1 5 0 12 42
401.221 0 5 0 0 1 1 4 0 13 42
401.971 0 6 0 0 1 1 5 0 12 42
403.55 0 7 0 0 1 1 6 0 11 42
405.788 0 6 0 0 1 1 5 0 12 42
406.852 0 5 0 0 1 1 4 0 13 42
408.167 0 4 0 0 1 1 3 0 14 42
411.08 0 5 0 0 1 1 4 0 13 42
411.393 0 6 0 0 1 1 5 0 12 42
413.502 0 5 0 0 0 1 5 1 12 42
413.557 0 6 0 0 0 1 6 1 11 42
414.079 0 5 0 0 0 1 5 1 12 42
415.544 0 6 0 0 0 1 6 1 11 42
415.713 0 7 0 0 0 1 7 1 10 42
416.077 0 6 0 0 0 1 6 1 11 42
416.278 0 7 0 0 0 1 7 1 10 42
417.432 0 6 0 0 0 1 6 1 11 42
421.939 0 5 0 0 0 1 5 1 12 42
421.992 0 6 0 0 0 1 6 1 11 42
422.138 0 5 0 0 0 1 5 1 12 42
422.611 0 6 0 0 0 1 6 1 11 42
423.894 0 5 0 0 0 1 5 1 12 42
425.077 0 6 0 0 0 1 6 1 11 42
425.499 0 5 0 0 0 1 5 1 12 42
426.963 0 6 0 0 0 1 6 1 11 42
427.579 0 5 0 0 0 1 5 1 12 42
428.663 0 6 0 0 0 1 6 1 11 42
429.408 0 7 0 0 0 1 7 1 10 42
433.074 0 7 1 1 0 0 7 1 10 42
434.17 0 8 1 1 0 0 8 1 9 42
434.978 0 7 1 1 0 0 7 1 10 42
435.562 0 8 1 1 0 0 8 1 9 42
436.688 0 9 1 1 0 0 9 1 8 42
436.724 0 8 1 1 0 0 8 1 9 42
440.017 0 9 1 1 0 0 9 1 8 42
440.758 0 10 1 1 0 0 10 1 7 42
442.123 0 11 1 1 0 0 11 1 6 42
442.148 0 10 1 1 0 0 10 1 7 42
442.816 0 9 1 1 0 0 9 1 8 42
447.879 0 10 1 1 0 0 10 1 7 42
448.234 0 9 1 1 0 0 9 1 8 42
449.684 0 8 1 1 0 0 8 1 9 42
454.149 0 9 1 1 0 0 9 1 8 42
456.623 0 8 1 1 0 0 8 1 9 42
457.866 0 7 1 1 0 0 7 1 10 42
457.983 0 8 1 1 0 0 8 1 9 42
458.159 0 7 1 1 0 0 7 1 10 42
458.438 0 6 1 1 0 0 6 1 11 42
460.427 0 7 1 1 0 0 7 1 10 42
461.059 0 6 1 1 0 0 6 1 11 42
461.687 0 5 1 1 0 0 5 1 12 42
464.86 0 6 1 1 0 0 6 1 11 42
469.054 0 5 1 1 0 0 5 1 12 42
469.815 0 6 1 1 0 0 6 1 11 42
470.087 0 7 1 1 0 0 7 1 10 42
471.124 0 7 1 1 1 1 6 1 10 42
472.691 0 8 1 1 1 1 7 1 9 42
473.064 0 7 1 1 1 1 6 1 10 42
473.736 0 8 1 1 1 1 7 1 9 42
474.77 0 9 1 1 1 1 8 1 8 42
475.794 0 8 1 1 1 1 7 1 9 42
476.008 0 7 1 1 1 1 6 1 10 42
476.146 0 8 1 1 1 1 7 1 9 42
476.943 0 7 1 1 1 1 6 1 10 42
478.042 0 6 1 1 1 1 5 1 11 42
479.054 0 5 1 1 1 1 4 1 12 42
481.06 0 6 1 1 1 1 5 1 11 42
481.079 0 5 1 1 1 1 4 1 12 42
481.539 0 6 1 1 1 1 5 1 11 42
481.701 0 7 1 1 1 1 6 1 10 42
483.545 0 6 1 1 1 1 5 1 11 42
486.8 0 7 1 1 1 1 6 1 10 42
489.987 0 8 1 1 1 1 7 1 9 42
490.154 0 9 1 1 1 1 8 1 8 42
490.591 0 8 1 1 1 1 7 1 9 42
491.116 0 7 1 1 1 1 6 1 10 42
491.744 0 6 1 1 0 1 6 2 10 42
493.591 0 7 1 1 0 1 7 2 9 42
496.432 0 8 1 1 0 1 8 2 8 42
496.907 0 7 1 1 0 1 7 2 9 42
497.001 0 6 1 1 0 1 6 2 10 42
497.67 0 5 1 1 0 1 5 2 11 42
498.034 0 6 1 1 0 1 6 2 10 42
498.973 0 7 1 1 0 1 7 2 9 42
500.94 0 6 1 1 0 1 6 2 10 42
504.203 0 7 1 1 0 1 7 2 9 42
504.538 0 6 1 1 0 1 6 2 10 42
510.417 0 7 1 1 0 1 7 2 9 42
514.69 0 8 1 1 0 1 8 2 8 42
515.419 0 9 1 1 0 1 9 2 7 42
517.345 0 8 1 1 0 1 8 2 8 42
517.7 0 9 1 1 0 1 9 2 7 42
518.144 0 8 1 1 0 1 8 2 8 42
519.592 0 9 1 1 0 1 9 2 7 42
519.79 0 10 1 1 1 1 9 1 7 42
520.811 0 11 1 1 1 1 10 1 6 42
522.418 0 12 1 1 1 1 11 1 5 42
522.442 0 13 1 1 1 1 12 1 4 42
522.785 0 12 1 1 1 1 11 1 5 42
523.332 0 12 1 1 2 2 10 1 5 42
523.39 0 11 1 1 2 2 9 1 6 42
524.342 0 10 1 1 1 2 9 2 6 42
524.538 0 9 1 1 1 2 8 2 7 42
525.118 0 10 1 1 1 2 9 2 6 42
526.533 0 9 1 1 1 2 8 2 7 42
527.142 0 8 1 1 1 2 7 2 8 42
528.479 0 7 1 1 1 2 6 2 9 42
530.655 0 8 1 1 2 2 6 1 9 42
531.858 0 7 1 1 1 2 6 2 9 42
532.191 0 6 1 1 1 2 5 2 10 42
533.241 0 5 1 1 1 2 4 2 11 42
533.328 0 6 1 1 1 2 5 2 10 42
536.659 0 7 1 1 1 2 6 2 9 42
537.374 0 8 1 1 1 2 7 2 8 42
538.397 0 7 1 1 1 2 6 2 9 42
539.199 0 6 1 1 1 2 5 2 10 42
539.785 0 7 1 1 1 2 6 2 9 42
543.702 0 6 1 1 0 2 6 3 9 42
546.176 0 7 1 1 0 2 7 3 8 42
547.678 0 6 1 1 0 2 6 3 9 42
548.105 0 7 1 1 0 2 7 3 8 42
548.405 0 6 1 1 0 2 6 3 9 42
550.836 0 7 1 1 1 2 6 2 9 42
554.837 1 8 1 1 0 2 6 2 9 42
555.773 1 9 1 1 0 2 7 2 8 42
556.157 1 10 1 1 0 2 8 2 7 42
556.233 1 9 1 1 0 2 7 2 8 42
556.874 0 8 1 1 1 2 7 2 8 42
557.536 0 7 1 1 1 2 6 2 9 42
557.965 0 8 1 1 2 2 6 1 9 42
559.814 0 7 1 1 2 2 5 1 10 42
561.22 0 8 1 1 2 2 6 1 9 42
563.829 0 7 1 1 2 2 5 1 10 42
565.237 0 6 1 1 2 2 4 1 11 42
565.253 0 7 1 1 2 2 5 1 10 42
565.718 0 8 1 1 2 2 6 1 9 42
566.443 0 7 1 1 1 2 6 2 9 42
566.736 0 8 1 1 1 2 7 2 8 42
567.625 0 9 1 1 1 2 8 2 7 42
569.097 0 10 1 1 1 2 9 2 6 42
569.496 0 11 1 1 1 2 10 2 5 42
569.609 0 10 1 1 1 2 9 2 6 42
570.08 0 9 1 1 1 2 8 2 7 42
570.613 0 8 1 1 1 2 7 2 8 42
571.264 0 7 1 1 1 2 6 2 9 42
573.686 0 8 1 1 1 2 7 2 8 42
574.349 0 7 1 1 1 2 6 2 9 42
574.972 0 8 1 1 1 2 7 2 8 42
575.178 0 9 1 1 1 2 8 2 7 42
575.238 0 10 1 1 1 2 9 2 6 42
575.755 0 9 1 1 1 2 8 2 7 42
576.364 0 8 1 1 1 2 7 2 8 42
578.878 0 7 1 1 1 2 6 2 9 42
579.14 0 7 1 1 2 3 5 2 9 42
581.101 0 6 1 1 2 3 4 2 10 42
581.962 0 7 1 1 2 3 5 2 9 42
587.189 0 6 1 1 1 3 5 3 9 42
588.326 0 7 1 1 1 3 6 3 8 42
588.564 0 7 1 1 0 2 7 3 8 42
588.879 0 6 1 1 0 2 6 3 9 42
590.429 0 7 1 1 0 2 7 3 8 42
592.864 0 8 1 1 0 2 8 3 7 42
593.934 0 9 1 1 0 2 9 3 6 42
594.533 0 8 1 1 0 2 8 3 7 42
594.947 0 7 1 1 0 2 7 3 8 42
598.447 0 6 1 1 0 2 6 3 9 42
601.228 0 7 1 1 0 2 7 3 8 42
602.491 0 6 1 1 0 2 6 3 9 42
602.514 0 5 1 1 0 2 5 3 10 42
602.783 0 4 1 1 0 2 4 3 11 42
605.033 0 5 1 1 0 2 5 3 10 42
610.838 0 4 1 1 0 2 4 3 11 42
611.332 0 5 1 1 0 2 5 3 10 42
611.513 0 6 1 1 0 2 6 3 9 42
612.573 0 7 1 1 0 2 7 3 8 42
612.62 0 8 1 1 0 2 8 3 7 42
613.195 0 7 1 1 0 2 7 3 8 42
613.597 0 6 1 1 0 2 6 3 9 42
613.75 0 5 1 1 0 2 5 3 10 42
615.776 0 6 1 1 0 2 6 3 9 42
616.048 0 5 1 1 0 2 5 3 10 42
616.224 0 6 1 1 1 2 5 2 10 42
616.254 0 5 1 1 1 2 4 2 11 42
618.387 0 6 1 1 1 2 5 2 10 42
619.405 0 5 1 1 1 2 4 2 11 42
622.351 0 6 1 1 1 2 5 2 10 42
623.493 0 5 1 1 1 2 4 2 11 42
629.719 0 4 1 1 1 2 3 2 12 42
630.479 0 5 1 1 1 2 4 2 11 42
630.901 0 4 1 1 1 2 3 2 12 42
631.746 0 5 1 1 1 2 4 2 11 42
631.853 0 4 1 1 1 2 3 2 12 42
632.119 0 5 1 1 1 2 4 2 11 42
634.288 0 6 1 1 1 2 5 2 10 42
634.312 0 7 1 1 1 2 6 2 9 42
635.639 0 8 1 1 1 2 7 2 8 42
635.813 0 7 1 1 1 2 6 2 9 42
636.113 0 8 1 1 1 2 7 2 8 42
636.85 0 7 1 1 1 2 6 2 9 42
637.132 0 7 1 1 0 1 7 2 9 42
640.04 0 8 1 1 0 1 8 2 8 42
640.382 0 7 1 1 0 1 7 2 9 42
643.395 0 8 1 1 0 1 8 2 8 42
643.756 0 9 1 1 0 1 9 2 7 42
644.181 0 8 1 1 0 1 8 2 8 42
644.407 0 7 1 1 0 1 7 2 9 42
646.466 0 8 1 1 0 1 8 2 8 42
647.384 0 7 1 1 0 1 7 2 9 42
648.518 0 8 1 1 0 1 8 2 8 42
648.775 0 7 1 1 0 1 7 2 9 42
650.831 0 6 1 1 0 1 6 2 10 42
653.031 0 5 1 1 0 1 5 2 11 42
654.452 0 4 1 1 0 1 4 2 12 42
654.597 0 5 1 1 0 1 5 2 11 42
659.376 0 6 1 1 0 1 6 2 10 42
659.442 0 5 1 1 0 1 5 2 11 42
660.103 0 6 1 1 0 1 6 2 10 42
660.579 0 7 1 1 0 1 7 2 9 42
661.564 0 6 1 1 0 1 6 2 10 42
662.597 0 5 1 1 0 1 5 2 11 42
662.648 0 5 1 1 0 0 5 1 11 43
664.096 0 4 1 1 0 0 4 1 12 43
668.408 0 5 1 1 0 0 5 1 11 43
670.749 0 6 1 1 0 0 6 1 10 43
671.535 0 5 1 1 0 0 5 1 11 43
671.639 0 6 1 1 0 0 6 1 10 43
673.954 0 5 1 1 0 0 5 1 11 43
674.127 0 6 1 1 0 0 6 1 10 43
676.738 0 7 1 1 0 0 7 1 9 43
677.496 0 6 1 1 0 0 6 1 10 43
678.449 0 7 1 1 0 0 7 1 9 43
679.719 0 6 1 1 0 0 6 1 10 43
681.857 0 5 1 1 0 0 5 1 11 43
681.895 0 6 1 1 0 0 6 1 10 43
682.682 0 7 1 1 0 0 7 1 9 43
682.832 0 8 1 1 0 0 8 1 8 43
683.103 0 7 1 1 0 0 7 1 9 43
683.491 0 8 1 1 0 0 8 1 8 43
685.396 0 7 1 1 0 0 7 1 9 43
686.605 0 8 1 1 0 0 8 1 8 43
689.905 0 7 1 1 0 0 7 1 9 43
690.511 0 6 1 1 0 0 6 1 10 43
691.486 0 7 1 1 0 0 7 1 9 43
691.57 0 8 1 1 0 0 8 1 8 43
692.806 0 7 1 1 0 0 7 1 9 43
692.86 0 8 1 1 0 0 8 1 8 43
696.234 0 7 1 1 0 0 7 1 9 43
699.149 0 6 1 1 0 0 6 1 10 43
700.216 0 5 1 1 0 0 5 1 11 43
704.929 0 4 1 1 0 0 4 1 12 43
705.905 0 5 1 1 0 0 5 1 11 43
706.555 0 6 1 1 0 0 6 1 10 43
708.503 0 6 1 1 1 1 5 1 10 43
710.343 0 7 1 1 1 1 6 1 9 43
711.414 0 8 1 1 1 1 7 1 8 43
712.742 0 7 1 1 0 1 7 2 8 43
716.261 0 8 1 1 1 1 7 1 8 43
716.488 0 8 2 2 1 0 7 1 8 43
717.231 0 9 2 2 1 0 8 1 7 43
718.408 0 10 2 2 1 0 9 1 6 43
719.583 0 9 2 2 1 0 8 1 7 43
719.769 0 8 2 2 1 0 7 1 8 43
720.248 0 9 2 2 1 0 8 1 7 43
720.646 0 8 2 2 1 0 7 1 8 43
723.776 0 9 2 2 1 0 8 1 7 43
725.132 0 8 2 2 0 0 8 2 7 43
725.549 0 9 2 2 1 0 8 1 7 43
728.794 0 9 1 1 1 1 8 1 7 43
729.759 0 8 1 1 1 1 7 1 8 43
730.564 0 9 1 1 1 1 8 1 7 43
733.649 0 10 1 1 1 1 9 1 6 43
734.548 0 9 1 1 1 1 8 1 7 43
734.73 0 8 1 1 1 1 7 1 8 43
735.062 0 7 1 1 1 1 6 1 9 43
742.308 0 6 1 1 1 1 5 1 10 43
744.024 0 5 1 1 1 1 4 1 11 43
745.457 0 4 1 1 1 1 3 1 12 43
746.12 0 3 1 1 1 1 2 1 13 43
749.702 0 4 1 1 1 1 3 1 12 43
751.946 0 3 1 1 0 1 3 2 12 43
755.745 0 4 1 1 0 1 4 2 11 43
755.994 0 5 1 1 0 1 5 2 10 43
757.063 0 6 1 1 0 1 6 2 9 43
757.294 0 7 1 1 0 1 7 2 8 43
759.163 0 6 1 1 0 1 6 2 9 43
759.473 0 5 1 1 0 1 5 2 10 43
761.914 0 4 1 1 0 1 4 2 11 43
763.277 0 3 1 1 0 1 3 2 12 43
764.781 0 4 1 1 0 1 4 2 11 43
766.118 0 5 1 1 0 1 5 2 10 43
767.951 0 6 1 1 0 1 6 2 9 43
768.374 0 7 1 1 0 1 7 2 8 43
768.438 0 6 1 1 0 1 6 2 9 43
768.711 0 5 1 1 0 1 5 2 10 43
769.055 0 4 1 1 0 1 4 2 11 43
771.241 0 5 1 1 0 1 5 2 10 43
771.924 0 4 1 1 0 1 4 2 11 43
772.316 0 3 1 1 0 1 3 2 12 43
776.745 0 4 1 1 0 1 4 2 11 43
780.159 0 5 1 1 0 1 5 2 10 43
785.278 0 6 1 1 1 1 5 1 10 43
785.828 0 5 1 1 1 1 4 1 11 43
788.482 0 4 1 1 1 1 3 1 12 43
790.168 0 5 1 1 1 1 4 1 11 43
791.651 0 6 1 1 1 1 5 1 10 43
795.077 0 7 1 1 1 1 6 1 9 43
795.669 0 8 1 1 1 1 7 1 8 43
796.54 1 9 1 1 0 1 7 1 8 43
797.925 1 8 1 1 0 1 6 1 9 43
798.403 1 7 1 1 0 1 5 1 10 43
799.581 1 7 1 1 0 2 5 2 10 42
803.154 1 6 1 1 0 2 4 2 11 42
805.825 1 7 1 1 0 2 5 2 10 42
807.404 1 6 1 1 0 2 4 2 11 42
808.299 1 7 1 1 0 2 5 2 10 42
808.94 1 8 1 1 0 2 6 2 9 42
809.96 1 7 1 1 0 2 5 2 10 42
810.129 1 8 1 1 0 2 6 2 9 42
811.037 1 7 1 1 0 2 5 2 10 42
812.791 1 8 1 1 0 2 6 2 9 42
815.542 1 7 1 1 0 2 5 2 10 42
816.196 1 8 1 1 0 2 6 2 9 42
817.964 1 7 1 1 0 2 5 2 10 42
819.36 1 8 1 1 0 2 6 2 9 42
820.373 0 7 1 1 1 2 6 2 9 42
820.893 0 8 1 1 1 2 7 2 8 42
824.547 0 9 1 1 1 2 8 2 7 42
824.555 0 8 1 1 1 2 7 2 8 42
825.118 0 7 1 1 1 2 6 2 9 42
826.091 0 6 1 1 1 2 5 2 10 42
826.455 0 5 1 1 1 2 4 2 11 42
826.872 0 4 1 1 1 2 3 2 12 42
828.295 0 5 1 1 1 2 4 2 11 42
828.557 0 6 1 1 1 2 5 2 10 42
828.709 0 5 1 1 1 2 4 2 11 42
829.109 0 5 0 0 1 3 4 2 11 42
830.142 0 5 1 1 1 2 4 2 11 42
830.554 0 6 1 1 1 2 5 2 10 42
831.54 0 5 1 1 1 2 4 2 11 42
833.478 0 6 1 1 1 2 5 2 10 42
835.959 0 7 1 1 1 2 6 2 9 42
836.22 0 6 1 1 1 2 5 2 10 42
836.76 0 7 1 1 1 2 6 2 9 42
837.873 0 6 1 1 1 2 5 2 10 42
840.929 0 7 1 1 1 2 6 2 9 42
841.931 0 8 1 1 1 2 7 2 8 42
841.956 0 7 1 1 1 2 6 2 9 42
845.022 0 6 1 1 1 2 5 2 10 42
845.241 0 7 1 1 1 2 6 2 9 42
846.898 0 8 1 1 1 2 7 2 8 42
850.467 0 7 1 1 1 2 6 2 9 42
850.824 1 8 1 1 0 2 6 2 9 42
851.885 1 7 1 1 0 2 5 2 10 42
853.674 1 8 1 1 0 2 6 2 9 42
854.237 1 8 1 1 0 1 6 1 9 43
854.445 1 9 1 1 0 1 7 1 8 43
855.291 1 9 1 1 1 2 6 1 8 43
859.967 1 8 1 1 1 2 5 1 9 43
860.893 1 7 1 1 1 2 4 1 10 43
861.96 1 8 1 1 1 2 5 1 9 43
863.371 1 9 1 1 1 2 6 1 8 43
864.221 1 8 1 1 1 2 5 1 9 43
866.764 2 9 1 1 0 2 5 1 9 43
867.215 2 10 1 1 1 2 5 0 9 43
867.96 2 11 1 1 1 2 6 0 8 43
868.249 2 10 1 1 1 2 5 0 9 43
875.534 2 9 1 1 1 2 4 0 10 43
878.548 2 8 1 1 1 2 3 0 11 43
884.749 2 7 1 1 1 2 2 0 12 43
886.248 2 8 1 1 1 2 3 0 11 43
886.402 2 7 1 1 1 2 2 0 12 43
887.533 2 6 1 1 0 2 2 1 12 43
887.766 2 7 1 1 0 2 3 1 11 43
888.682 2 6 1 1 0 2 2 1 12 43
888.855 2 6 1 1 0 3 2 2 12 42
888.971 2 5 1 1 0 3 1 2 13 42
889.123 2 6 1 1 0 3 2 2 12 42
890.089 1 5 1 1 1 3 2 2 12 42
890.158 1 4 1 1 0 3 2 3 12 42
896.376 1 5 1 1 0 3 3 3 11 42
899.125 1 6 1 1 0 3 4 3 10 42
899.151 1 5 1 1 0 3 3 3 11 42
901.283 1 5 0 0 0 4 3 3 11 42
902.058 1 5 0 0 0 3 3 2 11 43
903.547 1 6 0 0 0 3 4 2 10 43
903.71 1 5 0 0 0 3 3 2 11 43
907.036 1 5 1 1 0 2 3 2 11 43
907.735 1 5 1 1 0 3 3 3 11 42
908.066 1 4 1 1 0 3 2 3 12 42
909.844 1 5 1 1 0 3 3 3 11 42
912.437 1 5 1 1 0 2 3 2 11 43
912.577 1 4 1 1 0 2 2 2 12 43
913.341 1 5 1 1 0 2 3 2 11 43
916.785 1 6 1 1 0 2 4 2 10 43
917.473 1 5 1 1 0 2 3 2 11 43
922.622 1 6 1 1 0 2 4 2 10 43
922.779 0 5 1 1 1 2 4 2 10 43
922.819 0 4 1 1 1 2 3 2 11 43
926.94 0 5 1 1 1 2 4 2 10 43
928.357 0 6 1 1 1 2 5 2 9 43
929.367 0 5 1 1 1 2 4 2 10 43
929.774 0 6 1 1 1 2 5 2 9 43
930.403 0 6 1 1 1 1 5 1 9 44
931.145 1 7 1 1 0 1 5 1 9 44
931.861 1 8 1 1 0 1 6 1 8 44
934.366 1 9 1 1 0 1 7 1 7 44
936.283 0 8 1 1 1 1 7 1 7 44
936.423 0 9 1 1 1 1 8 1 6 44
937.18 0 8 1 1 1 1 7 1 7 44
938.189 0 7 1 1 1 1 6 1 8 44
940.705 0 6 1 1 0 1 6 2 8 44
940.762 0 5 1 1 0 1 5 2 9 44
941.915 0 6 1 1 0 1 6 2 8 44
944.365 0 7 1 1 0 1 7 2 7 44
945.374 0 8 1 1 0 1 8 2 6 44
948.45 0 8 0 0 0 2 8 2 6 44
948.53 0 9 0 0 0 2 9 2 5 44
949.047 0 8 0 0 0 2 8 2 6 44
950.605 0 7 0 0 0 2 7 2 7 44
955.024 0 8 0 0 0 2 8 2 6 44
957.027 0 7 0 0 0 2 7 2 7 44
957.485 0 6 0 0 0 2 6 2 8 44
959.513 0 7 0 0 0 2 7 2 7 44
961.399 0 8 0 0 0 2 8 2 6 44
961.961 0 9 0 0 0 2 9 2 5 44
962.012 0 10 0 0 0 2 10 2 4 44
963.536 0 11 0 0 0 2 11 2 3 44
963.637 0 10 0 0 0 2 10 2 4 44
963.788 0 9 0 0 0 2 9 2 5 44
964.948 0 8 0 0 0 2 8 2 6 44
965.313 0 7 0 0 0 2 7 2 7 44
966.723 0 8 0 0 0 2 8 2 6 44
968.138 0 7 0 0 0 2 7 2 7 44
969.948 0 8 0 0 0 2 8 2 6 44
971.6 0 7 0 0 0 2 7 2 7 44
972.435 0 6 0 0 0 2 6 2 8 44
973.42 0 5 0 0 0 2 5 2 9 44
973.575 0 6 0 0 0 2 6 2 8 44
973.71 0 5 0 0 0 2 5 2 9 44
974.536 0 6 0 0 0 2 6 2 8 44
974.677 0 7 0 0 0 2 7 2 7 44
976.05 0 6 0 0 0 2 6 2 8 44
977.156 0 5 0 0 0 2 5 2 9 44
977.347 0 5 0 0 0 1 5 1 9 45
979.049 0 4 0 0 0 1 4 1 10 45
979.67 0 3 0 0 0 1 3 1 11 45
980.338 0 2 0 0 0 1 2 1 12 45
980.669 0 2 0 0 0 0 2 0 12 46
985.241 0 3 0 0 0 0 3 0 11 46
986.02 0 4 0 0 0 0 4 0 10 46
987.576 0 4 0 0 1 1 3 0 10 46
987.766 0 3 0 0 1 1 2 0 11 46
988.984 0 4 0 0 1 1 3 0 10 46
989.315 0 5 0 0 1 1 4 0 9 46
997.214 0 6 0 0 1 1 5 0 8 46
1002.38 0 7 0 0 1 1 6 0 7 46
1006.9 0 6 0 0 1 1 5 0 8 46
1011.37 0 7 0 0 1 1 6 0 7 46
1011.88 0 8 0 0 1 1 7 0 6 46
1011.99 0 7 0 0 1 1 6 0 7 46
1014.23 0 8 0 0 1 1 7 0 6 46
1015.94 0 9 0 0 1 1 8 0 5 46
1016.25 0 8 0 0 1 1 7 0 6 46
1020.98 0 9 0 0 1 1 8 0 5 46
1022.49 1 10 0 0 0 1 8 0 5 46
1023.79 1 10 0 0 1 2 7 0 5 46
1029.36 1 9 0 0 1 2 6 0 6 46
1029.65 1 8 0 0 1 2 5 0 7 46
1033.66 1 8 0 0 2 3 4 0 7 46
1037.68 0 7 0 0 3 3 4 0 7 46
1040.59 0 6 0 0 3 3 3 0 8 46
1048.38 0 5 0 0 3 3 2 0 9 46
1049.39 0 5 0 0 2 2 3 0 9 46
1049.94 0 4 0 0 1 2 3 1 9 46
1055.88 0 5 0 0 1 2 4 1 8 46
1057.64 0 4 0 0 1 2 3 1 9 46
1059.97 0 5 0 0 1 2 4 1 8 46
1062.53 0 4 0 0 1 2 3 1 9 46
1062.92 1 5 0 0 0 2 3 1 9 46
1062.93 1 4 0 0 0 2 2 1 10 46
1070.92 1 5 0 0 0 2 3 1 9 46
1071.16 0 4 0 0 1 2 3 1 9 46
1072.35 0 5 0 0 1 2 4 1 8 46
1073.31 0 6 0 0 1 2 5 1 7 46
1075.2 0 7 0 0 1 2 6 1 6 46
1075.78 0 6 0 0 1 2 5 1 7 46
1076.28 0 7 0 0 1 2 6 1 6 46
1077 0 6 0 0 1 2 5 1 7 46
1077.45 0 5 0 0 1 2 4 1 8 46
1078.58 0 6 0 0 1 2 5 1 7 46
1086.35 0 7 0 0 1 2 6 1 6 46
1089.78 0 6 0 0 1 2 5 1 7 46
1090.62 0 5 0 0 1 2 4 1 8 46
1092.28 0 5 1 1 1 1 4 1 8 46
1093.12 1 6 1 1 0 1 4 1 8 46
1094.24 1 7 1 1 0 1 5 1 7 46
1094.78 1 6 1 1 0 1 4 1 8 46
1095.45 1 5 1 1 0 1 3 1 9 46
1099.71 1 4 1 1 0 1 2 1 10 46
1099.98 1 5 1 1 0 1 3 1 9 46
1100.1 1 6 1 1 0 1 4 1 8 46
1100.28 1 7 1 1 0 1 5 1 7 46
1102.58 1 7 1 1 0 0 5 0 7 47
1102.62 0 6 1 1 1 0 5 0 7 47
1102.85 1 7 1 1 0 0 5 0 7 47
1103.15 1 8 1 1 0 0 6 0 6 47
1104.36 1 9 1 1 0 0 7 0 5 47
1106.42 0 8 1 1 1 0 7 0 5 47
1108.13 0 7 1 1 0 0 7 1 5 47
1109.33 0 8 1 1 0 0 8 1 4 47
1114.44 0 7 1 1 0 0 7 1 5 47
1115.26 0 8 1 1 0 0 8 1 4 47
1116.35 0 7 1 1 0 0 7 1 5 47
1122.52 0 6 1 1 0 0 6 1 6 47
1123.46 0 7 1 1 0 0 7 1 5 47
1128.24 0 6 1 1 0 0 6 1 6 47
1129.71 0 7 1 1 0 0 7 1 5 47
1132.09 0 8 1 1 0 0 8 1 4 47
1133.16 0 7 1 1 0 0 7 1 5 47
1133.66 0 6 1 1 0 0 6 1 6 47
1134.21 0 7 1 1 0 0 7 1 5 47
1136.42 0 6 1 1 0 0 6 1 6 47
1137.62 0 5 1 1 0 0 5 1 7 47
1140.43 0 6 1 1 0 0 6 1 6 47
1144.42 0 7 1 1 0 0 7 1 5 47
1144.79 0 6 1 1 0 0 6 1 6 47
1145.15 0 5 1 1 0 0 5 1 7 47
1145.32 0 4 1 1 0 0 4 1 8 47
1145.99 0 5 1 1 0 0 5 1 7 47
1146.15 0 4 1 1 0 0 4 1 8 47
1146.5 0 4 1 1 0 1 4 2 8 46
1146.65 0 4 1 1 1 2 3 2 8 46
1146.72 0 3 1 1 1 2 2 2 9 46
1152.43 0 4 1 1 1 2 3 2 8 46
1154.18 0 5 1 1 1 2 4 2 7 46
1154.49 0 4 1 1 1 2 3 2 8 46
1156.28 0 3 1 1 1 2 2 2 9 46
1158.3 0 4 1 1 2 2 2 1 9 46
1159.17 0 5 1 1 2 2 3 1 8 46
1159.55 0 6 1 1 2 2 4 1 7 46
1160.88 0 7 1 1 2 2 5 1 6 46
1160.99 0 6 1 1 2 2 4 1 7 46
1165.87 0 7 1 1 2 2 5 1 6 46
1166.65 0 8 1 1 2 2 6 1 5 46
1166.94 0 7 1 1 1 2 6 2 5 46
1169.59 0 7 2 2 1 1 6 2 5 46
1170.61 0 6 2 2 1 1 5 2 6 46
1181.27 0 5 2 2 0 1 5 3 6 46
1183.68 0 4 2 2 0 1 4 3 7 46
1183.8 0 5 2 2 0 1 5 3 6 46
1184.05 0 6 2 2 0 1 6 3 5 46
1184.26 0 5 2 2 0 1 5 3 6 46
1184.42 0 4 2 2 0 1 4 3 7 46
1187.49 0 5 2 2 0 1 5 3 6 46
1187.63 0 5 1 1 0 2 5 3 6 46
1189.95 0 4 1 1 0 2 4 3 7 46
1190.81 0 3 1 1 0 2 3 3 8 46
1191.79 0 4 1 1 0 2 4 3 7 46
1196.99 0 3 1 1 0 2 3 3 8 46
1198.45 0 4 1 1 0 2 4 3 7 46
1199.03 0 5 1 1 0 2 5 3 6 46
1200.2 0 4 1 1 0 2 4 3 7 46
1200.64 0 5 1 1 0 2 5 3 6 46
1201.16 0 4 1 1 0 2 4 3 7 46
1202.17 0 5 1 1 0 2 5 3 6 46
1202.52 0 5 1 1 1 3 4 3 6 46
1203.72 0 6 1 1 1 3 5 3 5 46
1204.08 0 5 1 1 0 3 5 4 5 46
1212.47 0 4 1 1 0 3 4 4 6 46
1212.51 0 5 1 1 1 3 4 3 6 46
1216.64 0 4 1 1 1 3 3 3 7 46
1218.78 0 5 1 1 1 3 4 3 6 46
1219.91 0 6 1 1 2 3 4 2 6 46
1221.04 0 6 2 2 2 2 4 2 6 46
1223.49 0 6 1 1 2 3 4 2 6 46
1224.55 0 7 1 1 3 3 4 1 6 46
1225.02 0 7 1 1 2 2 5 1 6 46
1226.98 0 6 1 1 1 2 5 2 6 46
1227.8 0 6 1 1 0 1 6 2 6 46
1228.63 0 5 1 1 0 1 5 2 7 46
1229.23 0 6 1 1 0 1 6 2 6 46
1229.74 0 5 1 1 0 1 5 2 7 46
1232.91 0 6 1 1 0 1 6 2 6 46
1233.62 0 5 1 1 0 1 5 2 7 46
1234.65 0 6 1 1 0 1 6 2 6 46
1237.91 0 7 1 1 0 1 7 2 5 46
1237.99 0 6 1 1 0 1 6 2 6 46
1239.4 0 5 1 1 0 1 5 2 7 46
1240.94 0 6 1 1 1 1 5 1 7 46
1244.97 0 7 1 1 1 1 6 1 6 46
1245.04 1 8 1 1 0 1 6 1 6 46
1245.65 1 8 1 1 1 2 5 1 6 46
1246.21 1 9 1 1 1 2 6 1 5 46
1248.36 1 8 1 1 1 2 5 1 6 46
1248.42 1 9 1 1 1 2 6 1 5 46
1249.19 2 10 1 1 0 2 6 1 5 46
1250.65 2 9 1 1 0 2 5 1 6 46
1250.7 2 8 1 1 0 2 4 1 7 46
1250.94 2 9 1 1 0 2 5 1 6 46
1251.36 2 8 1 1 0 2 4 1 7 46
1253.2 2 9 1 1 0 2 5 1 6 46
1255.67 2 8 1 1 0 2 4 1 7 46
1257.05 2 9 1 1 0 2 5 1 6 46
1257.47 2 10 1 1 0 2 6 1 5 46
1258.13 2 11 1 1 0 2 7 1 4 46
1258.74 2 10 1 1 0 2 6 1 5 46
1259.72 2 9 1 1 0 2 5 1 6 46
1261.93 1 8 1 1 1 2 5 1 6 46
1264.6 1 7 1 1 1 2 4 1 7 46
1266 1 7 1 1 0 1 5 1 7 46
1268.68 1 8 1 1 0 1 6 1 6 46
1268.99 1 7 1 1 0 1 5 1 7 46
1271.26 1 8 1 1 0 1 6 1 6 46
1278.05 1 7 1 1 0 1 5 1 7 46
1279.53 1 8 1 1 0 1 6 1 6 46
1280.35 1 9 1 1 0 1 7 1 5 46
1280.92 1 9 1 1 1 2 6 1 5 46
1280.96 0 8 1 1 2 2 6 1 5 46
1282.27 1 9 1 1 1 2 6 1 5 46
1282.35 1 10 1 1 1 2 7 1 4 46
1283.04 1 9 1 1 1 2 6 1 5 46
1283.95 1 10 1 1 2 2 6 0 5 46
1284.31 1 9 1 1 1 2 6 1 5 46
1287.21 1 10 1 1 1 2 7 1 4 46
1290.25 1 9 1 1 1 2 6 1 5 46
1290.27 1 8 1 1 1 2 5 1 6 46
1291.35 1 9 1 1 1 2 6 1 5 46
1291.68 1 9 2 2 1 1 6 1 5 46
1292.39 1 10 2 2 1 1 7 1 4 46
1292.58 1 11 2 2 2 1 7 0 4 46
1293.21 1 10 2 2 2 1 6 0 5 46
1293.6 1 9 2 2 2 1 5 0 6 46
1295.83 1 8 2 2 1 1 5 1 6 46
1297.9 1 7 2 2 1 1 4 1 7 46
1299.47 1 6 2 2 1 1 3 1 8 46
1300.75 1 7 2 2 1 1 4 1 7 46
1301.4 1 8 2 2 1 1 5 1 6 46
1301.56 1 7 2 2 1 1 4 1 7 46
1302.24 1 7 2 2 1 2 4 2 7 45
1304.28 1 8 2 2 1 2 5 2 6 45
1305.19 1 7 2 2 1 2 4 2 7 45
1305.21 1 8 2 2 2 2 4 1 7 45
1309.68 1 9 2 2 2 2 5 1 6 45
1310.09 1 8 2 2 1 2 5 2 6 45
1310.94 1 7 2 2 0 2 5 3 6 45
1311.76 0 6 2 2 1 2 5 3 6 45
1311.82 0 5 2 2 1 2 4 3 7 45
1314.37 0 4 2 2 1 2 3 3 8 45
1314.47 0 5 2 2 1 2 4 3 7 45
1315.2 0 4 2 2 1 2 3 3 8 45
1316.06 0 3 2 2 1 2 2 3 9 45
1318.9 1 4 2 2 0 2 2 3 9 45
1323.31 1 3 2 2 0 2 1 3 10 45
1324.12 1 4 2 2 0 2 2 3 9 45
1328.4 1 5 2 2 0 2 3 3 8 45
1329.76 1 6 2 2 0 2 4 3 7 45
1333 1 6 2 2 0 1 4 2 7 46
1333.97 1 5 2 2 0 1 3 2 8 46
1337.05 1 4 2 2 0 1 2 2 9 46
1337.58 1 5 2 2 0 1 3 2 8 46
1337.94 1 5 2 2 0 0 3 1 8 47
1338.43 1 6 2 2 0 0 4 1 7 47
1339.27 0 5 2 2 1 0 4 1 7 47
1339.43 0 6 2 2 1 0 5 1 6 47
1340.78 0 6 2 2 2 1 4 1 6 47
1340.93 0 5 2 2 2 1 3 1 7 47
1341.58 0 4 2 2 2 1 2 1 8 47
1343.45 0 5 2 2 2 1 3 1 7 47
1346.03 0 5 2 2 1 0 4 1 7 47
1347.19 0 4 2 2 0 0 4 2 7 47
1347.24 0 4 1 1 0 1 4 2 7 47
1347.28 0 3 1 1 0 1 3 2 8 47
1349.01 0 4 1 1 0 1 4 2 7 47
1351.84 0 5 1 1 0 1 5 2 6 47
1352.15 0 4 1 1 0 1 4 2 7 47
1354 0 5 1 1 0 1 5 2 6 47
1355.74 0 4 1 1 0 1 4 2 7 47
1357.37 0 3 1 1 0 1 3 2 8 47
1360.57 0 4 1 1 0 1 4 2 7 47
1361.43 0 5 1 1 0 1 5 2 6 47
1372.86 0 6 1 1 0 1 6 2 5 47
1373.12 0 7 1 1 0 1 7 2 4 47
1373.62 0 6 1 1 0 1 6 2 5 47
1374.88 0 6 0 0 0 2 6 2 5 47
1376.93 0 5 0 0 0 2 5 2 6 47
1379.02 0 4 0 0 0 2 4 2 7 47
1383.6 0 4 1 1 0 1 4 2 7 47
1385.5 0 5 1 1 0 1 5 2 6 47
1385.66 0 6 1 1 0 1 6 2 5 47
1387.69 0 7 1 1 0 1 7 2 4 47
1387.99 0 8 1 1 0 1 8 2 3 47
1389.05 0 7 1 1 0 1 7 2 4 47
1393.55 0 7 0 0 0 2 7 2 4 47
1395.13 0 6 0 0 0 2 6 2 5 47
1396.72 0 5 0 0 0 2 5 2 6 47
1401.18 0 5 0 0 0 1 5 1 6 48
1401.99 0 4 0 0 0 1 4 1 7 48
1406.69 0 5 0 0 0 1 5 1 6 48
1409.66 0 6 0 0 0 1 6 1 5 48
1411.25 0 6 0 0 1 2 5 1 5 48
1411.74 0 7 0 0 1 2 6 1 4 48
1411.83 0 8 0 0 1 2 7 1 3 48
1414.31 0 7 0 0 1 2 6 1 4 48
1415.33 0 6 0 0 1 2 5 1 5 48
1418.92 0 7 0 0 1 2 6 1 4 48
1419.07 0 7 0 0 1 3 6 2 4 47
1419.57 0 6 0 0 1 3 5 2 5 47
1421.71 0 7 0 0 1 3 6 2 4 47
1423.06 0 7 1 1 1 2 6 2 4 47
1426.03 0 8 1 1 1 2 7 2 3 47
1426.39 0 7 1 1 1 2 6 2 4 47
1428.34 0 6 1 1 1 2 5 2 5 47
1430.63 0 5 1 1 0 2 5 3 5 47
1430.77 0 5 1 1 1 3 4 3 5 47
1434.49 0 5 1 1 1 2 4 2 5 48
1438.14 0 6 1 1 1 2 5 2 4 48
1440.9 0 5 1 1 1 2 4 2 5 48
1441.31 0 5 1 1 1 1 4 1 5 49
1442.84 0 4 1 1 0 1 4 2 5 49
1444.53 0 5 1 1 0 1 5 2 4 49
1447.69 0 4 1 1 0 1 4 2 5 49
1448.81 0 4 0 0 0 2 4 2 5 49
1449.15 0 5 0 0 1 2 4 1 5 49
1449.59 0 4 0 0 1 2 3 1 6 49
1450.65 0 4 0 0 1 3 3 2 6 48
1454.67 1 5 0 0 0 3 3 2 6 48
1457.6 1 5 1 1 0 2 3 2 6 48
1457.8 1 6 1 1 0 2 4 2 5 48
1457.99 1 7 1 1 0 2 5 2 4 48
1462.07 0 6 1 1 1 2 5 2 4 48
1464.71 0 5 1 1 1 2 4 2 5 48
1464.77 1 6 1 1 0 2 4 2 5 48
1466.59 1 7 1 1 0 2 5 2 4 48
1466.74 1 8 1 1 0 2 6 2 3 48
1469.54 1 7 1 1 0 2 5 2 4 48
1470.43 1 6 1 1 0 2 4 2 5 48
1470.56 1 5 1 1 0 2 3 2 6 48
1472.2 1 6 1 1 0 2 4 2 5 48
1475 1 5 1 1 0 2 3 2 6 48
1479.83 1 6 1 1 0 2 4 2 5 48
1482.34 1 5 1 1 0 2 3 2 6 48
1484.76 1 6 1 1 0 2 4 2 5 48
1485.38 1 5 1 1 0 2 3 2 6 48
1490.26 1 6 1 1 0 2 4 2 5 48
1494.74 1 5 1 1 0 2 3 2 6 48
1495.51 1 5 1 1 0 1 3 1 6 49
1497.14 1 6 1 1 0 1 4 1 5 49
1497.47 1 7 1 1 0 1 5 1 4 49
1498.93 1 8 1 1 0 1 6 1 3 49
1499.14 1 7 1 1 0 1 5 1 4 49
1501.83 1 6 1 1 0 1 4 1 5 49
1506.36 1 5 1 1 0 1 3 1 6 49
1506.93 1 6 1 1 0 1 4 1 5 49
1515.83 0 5 1 1 1 1 4 1 5 49
1515.97 0 4 1 1 1 1 3 1 6 49
1516.03 0 3 1 1 1 1 2 1 7 49
1518.37 0 4 1 1 1 1 3 1 6 49
1518.89 0 3 1 1 1 1 2 1 7 49
1520.34 0 4 1 1 1 1 3 1 6 49
1520.83 0 5 1 1 1 1 4 1 5 49
1525.07 0 5 1 1 2 2 3 1 5 49
1530.5 0 6 1 1 2 2 4 1 4 49
1533.36 0 7 1 1 2 2 5 1 3 49
1534.15 1 8 1 1 1 2 5 1 3 49
1534.66 1 7 1 1 1 2 4 1 4 49
1536.48 1 7 1 1 1 3 4 2 4 48
1542.94 1 6 1 1 0 3 4 3 4 48
1546.2 1 7 1 1 0 3 5 3 3 48
1549.68 1 6 1 1 0 3 4 3 4 48
1549.93 0 5 1 1 1 3 4 3 4 48
1552 0 6 1 1 1 3 5 3 3 48
1554.01 0 7 1 1 1 3 6 3 2 48
1556.76 0 6 1 1 1 3 5 3 3 48
1556.85 0 7 1 1 1 3 6 3 2 48
1560.87 0 7 2 2 1 2 6 3 2 48
1562.1 0 6 2 2 1 2 5 3 3 48
1564.23 0 5 2 2 0 2 5 4 3 48
1564.36 0 5 2 2 0 1 5 3 3 49
1566.08 0 5 2 2 0 0 5 2 3 50
1569.83 0 4 2 2 0 0 4 2 4 50
1577.23 0 5 2 2 0 0 5 2 3 50
1581.33 0 4 2 2 0 0 4 2 4 50
1587.12 0 3 2 2 0 0 3 2 5 50
1587.33 0 2 2 2 0 0 2 2 6 50
1588.86 0 3 2 2 0 0 3 2 5 50
1592.04 0 3 2 2 0 1 3 3 5 49
1593.18 0 4 2 2 0 1 4 3 4 49
1593.86 0 5 2 2 0 1 5 3 3 49
1594.21 0 6 2 2 0 1 6 3 2 49
1595.2 0 7 2 2 1 1 6 2 2 49
1596.43 0 6 2 2 1 1 5 2 3 49
1599.71 0 7 2 2 1 1 6 2 2 49
1600.4 0 6 2 2 1 1 5 2 3 49
1602.4 0 5 2 2 1 1 4 2 4 49
1603.15 0 6 2 2 1 1 5 2 3 49
1604.92 0 7 2 2 1 1 6 2 2 49
1607.2 0 6 2 2 0 1 6 3 2 49
1607.34 0 5 2 2 0 1 5 3 3 49
1613.5 0 6 2 2 0 1 6 3 2 49
1614.15 0 6 2 2 1 2 5 3 2 49
1614.88 0 5 2 2 1 2 4 3 3 49
1615.58 0 4 2 2 1 2 3 3 4 49
1615.95 1 5 2 2 0 2 3 3 4 49
1619.33 1 6 2 2 0 2 4 3 3 49
1622.41 1 7 2 2 0 2 5 3 2 49
1623.14 1 7 3 3 0 1 5 3 2 49
1631.41 1 8 3 3 0 1 6 3 1 49
1632.29 1 7 3 3 0 1 5 3 2 49
1638.17 1 8 3 3 1 1 5 2 2 49
1638.36 1 8 3 3 1 0 5 1 2 50
1639.17 1 7 3 3 1 0 4 1 3 50
1640.18 1 8 3 3 1 0 5 1 2 50
1640.22 1 7 3 3 1 0 4 1 3 50
1642.23 0 6 3 3 2 0 4 1 3 50
1644.08 0 6 2 2 2 1 4 1 3 50
1644.57 0 5 2 2 2 1 3 1 4 50
1647.92 1 6 2 2 1 1 3 1 4 50
1649.57 0 5 2 2 2 1 3 1 4 50
1657.56 0 6 2 2 2 1 4 1 3 50
1657.96 0 5 2 2 2 1 3 1 4 50
1659.09 0 5 2 2 2 0 3 0 4 51
1668.01 0 5 2 2 3 1 2 0 4 51
1670.13 1 6 2 2 2 1 2 0 4 51
1672.65 1 5 2 2 1 1 2 1 4 51
1674.08 1 4 2 2 1 1 1 1 5 51
1678.49 1 3 2 2 1 1 0 1 6 51
1680.42 1 4 2 2 1 1 1 1 5 51
1686.68 1 5 2 2 1 1 2 1 4 51
1689.55 1 4 2 2 0 1 2 2 4 51
1691.36 1 5 2 2 0 1 3 2 3 51
1693 1 4 2 2 0 1 2 2 4 51
1693.49 1 5 2 2 0 1 3 2 3 51
1693.84 1 4 2 2 0 1 2 2 4 51
1694.14 1 5 2 2 1 1 2 1 4 51
1701.42 1 6 2 2 1 1 3 1 3 51
1705.36 1 6 3 3 1 0 3 1 3 51
1708.64 1 6 2 2 1 1 3 1 3 51
1711.44 2 7 2 2 0 1 3 1 3 51
1711.83 2 6 2 2 0 1 2 1 4 51
1717.83 2 5 2 2 0 1 1 1 5 51
1718.26 2 4 2 2 0 1 0 1 6 51
1719.62 2 5 2 2 0 1 1 1 5 51
1725.27 2 6 2 2 0 1 2 1 4 51
1725.54 2 5 2 2 0 1 1 1 5 51
1729.66 2 6 2 2 0 1 2 1 4 51
1733.34 2 7 2 2 0 1 3 1 3 51
1733.73 1 6 2 2 1 1 3 1 3 51
1734.81 1 7 2 2 1 1 4 1 2 51
1736.52 1 6 2 2 1 1 3 1 3 51
1737.54 1 5 2 2 0 1 3 2 3 51
1741.22 1 6 2 2 0 1 4 2 2 51
1745.41 1 5 2 2 0 1 3 2 3 51
1752.73 1 4 2 2 0 1 2 2 4 51
1758.14 1 5 2 2 1 1 2 1 4 51
1763.03 1 4 2 2 1 1 1 1 5 51
1765.93 0 3 2 2 2 1 1 1 5 51
1767.32 0 3 1 1 2 2 1 1 5 51
1769.8 0 4 1 1 2 2 2 1 4 51
1770.43 0 3 1 1 1 2 2 2 4 51
1774.67 0 3 1 1 0 1 3 2 4 51
1775.48 0 4 1 1 0 1 4 2 3 51
1775.99 0 5 1 1 0 1 5 2 2 51
1777.44 0 4 1 1 0 1 4 2 3 51
1780.71 0 3 1 1 0 1 3 2 4 51
1791.39 0 2 1 1 0 1 2 2 5 51
1793.44 0 3 1 1 0 1 3 2 4 51
1793.81 0 4 1 1 0 1 4 2 3 51
1794.22 0 4 1 1 0 2 4 3 3 50
1797.67 0 3 1 1 0 2 3 3 4 50
1797.91 0 4 1 1 0 2 4 3 3 50
1800.84 0 3 1 1 0 2 3 3 4 50
1803 0 3 0 0 0 3 3 3 4 50
1806.36 0 4 0 0 1 3 3 2 4 50
1807.03 0 3 0 0 1 3 2 2 5 50
1810.68 0 3 0 0 0 2 3 2 5 50
1816.58 0 2 0 0 0 2 2 2 6 50
1818.53 0 1 0 0 0 2 1 2 7 50
1819.56 0 1 0 0 1 3 0 2 7 50
1821.3 0 1 0 0 1 2 0 1 7 51
1825.72 0 2 0 0 1 2 1 1 6 51
1831.6 0 3 0 0 1 2 2 1 5 51
1831.81 0 2 0 0 1 2 1 1 6 51
1833.3 0 3 0 0 1 2 2 1 5 51
1842.07 0 4 0 0 1 2 3 1 4 51
1842.38 0 4 0 0 1 3 3 2 4 50
1844.55 0 3 0 0 0 3 3 3 4 50
1848.23 0 4 0 0 1 3 3 2 4 50
1851.52 0 5 0 0 1 3 4 2 3 50
1851.84 0 4 0 0 1 3 3 2 4 50
1852.64 0 3 0 0 1 3 2 2 5 50
1859.34 0 4 0 0 1 3 3 2 4 50
1863.45 0 5 0 0 1 3 4 2 3 50
1863.67 0 6 0 0 1 3 5 2 2 50
1864.11 0 5 0 0 1 3 4 2 3 50
1871.66 0 4 0 0 1 3 3 2 4 50
1881.61 0 3 0 0 1 3 2 2 5 50
1881.9 0 4 0 0 2 3 2 1 5 50
1884.97 0 4 1 1 2 2 2 1 5 50
1885.6 0 3 1 1 1 2 2 2 5 50
1887.74 0 4 1 1 1 2 3 2 4 50
1890.77 0 5 1 1 1 2 4 2 3 50
1890.88 0 5 2 2 1 1 4 2 3 50
1891.3 0 4 2 2 1 1 3 2 4 50
1895.31 0 5 2 2 1 1 4 2 3 50
1898.47 0 6 2 2 2 1 4 1 3 50
1898.81 0 5 2 2 2 1 3 1 4 50
1899.16 0 5 1 1 2 2 3 1 4 50
1910.29 0 6 1 1 2 2 4 1 3 50
1910.33 0 7 1 1 2 2 5 1 2 50
1913.2 0 7 1 1 1 1 6 1 2 50
1913.46 0 6 1 1 1 1 5 1 3 50
1916.85 0 7 1 1 1 1 6 1 2 50
1920.21 0 6 1 1 1 1 5 1 3 50
1922.92 0 7 1 1 1 1 6 1 2 50
1923.27 0 7 2 2 1 0 6 1 2 50
1924.15 0 6 2 2 1 0 5 1 3 50
1925.01 0 5 2 2 0 0 5 2 3 50
1925.67 0 4 2 2 0 0 4 2 4 50
1926.22 0 4 1 1 0 1 4 2 4 50
1930.55 0 3 1 1 0 1 3 2 5 50
1930.57 0 2 1 1 0 1 2 2 6 50
1932.98 0 3 1 1 0 1 3 2 5 50
1939.25 0 4 1 1 0 1 4 2 4 50
1940.71 0 3 1 1 0 1 3 2 5 50
1944.5 0 4 1 1 0 1 4 2 4 50
1950.34 0 3 1 1 0 1 3 2 5 50
1959.56 0 4 1 1 0 1 4 2 4 50
1959.65 0 3 1 1 0 1 3 2 5 50
1960.08 0 3 1 1 0 0 3 1 5 51
1965.96 0 4 1 1 0 0 4 1 4 51
1975.96 0 5 1 1 0 0 5 1 3 51
1976.32 0 6 1 1 0 0 6 1 2 51
1978.44 0 5 1 1 0 0 5 1 3 51
1982.42 0 4 1 1 0 0 4 1 4 51
1983.64 0 5 1 1 0 0 5 1 3 51
1986.37 0 6 1 1 0 0 6 1 2 51
1987.62 0 7 1 1 0 0 7 1 1 51
1988.95 0 6 1 1 0 0 6 1 2 51
1991.32 0 5 1 1 0 0 5 1 3 51
1991.6 0 6 1 1 0 0 6 1 2 51
2002.26 0 5 1 1 0 0 5 1 3 51
2002.47 0 4 1 1 0 0 4 1 4 51
2005.27 0 5 1 1 0 0 5 1 3 51
2008.68 0 4 1 1 0 0 4 1 4 51
2014.58 0 5 1 1 0 0 5 1 3 51
2024.25 0 4 1 1 0 0 4 1 4 51
2027.52 0 5 1 1 0 0 5 1 3 51
2027.58 0 6 1 1 0 0 6 1 2 51
2028.91 0 5 1 1 0 0 5 1 3 51
2035.24 0 4 1 1 0 0 4 1 4 51
2036.11 0 5 1 1 0 0 5 1 3 51
2051.04 0 4 1 1 0 0 4 1 4 51
2053.84 0 5 1 1 0 0 5 1 3 51
2059.05 0 6 1 1 0 0 6 1 2 51
2059.83 0 5 1 1 0 0 5 1 3 51
2061.46 0 6 1 1 0 0 6 1 2 51
2066.27 0 5 1 1 0 0 5 1 3 51
2066.78 0 5 1 1 1 1 4 1 3 51
2069.17 0 4 1 1 1 1 3 1 4 51
2069.38 0 5 1 1 1 1 4 1 3 51
2070.32 0 6 1 1 2 1 4 0 3 51
2070.7 0 5 1 1 2 1 3 0 4 51
2070.95 0 6 1 1 2 1 4 0 3 51
2071.08 0 5 1 1 1 1 4 1 3 51
2078.06 0 4 1 1 1 1 3 1 4 51
2078.66 0 5 1 1 1 1 4 1 3 51
2080.05 0 6 1 1 1 1 5 1 2 51
2083.3 0 5 1 1 1 1 4 1 3 51
2085.91 0 4 1 1 1 1 3 1 4 51
2086.2 0 3 1 1 1 1 2 1 5 51
2088.21 0 4 1 1 1 1 3 1 4 51
2088.53 0 5 1 1 1 1 4 1 3 51
2099.47 0 6 1 1 1 1 5 1 2 51
2102.26 0 5 1 1 1 1 4 1 3 51
2102.48 0 4 1 1 1 1 3 1 4 51
2111.46 0 5 1 1 1 1 4 1 3 51
2115.54 0 6 1 1 1 1 5 1 2 51
2116.27 0 5 1 1 1 1 4 1 3 51
2117.14 0 6 1 1 1 1 5 1 2 51
2118.18 0 7 1 1 1 1 6 1 1 51
2118.77 0 6 1 1 1 1 5 1 2 51
2119.73 0 5 1 1 1 1 4 1 3 51
2123.01 0 6 1 1 1 1 5 1 2 51
2125.13 1 7 1 1 0 1 5 1 2 51
2127.29 1 6 1 1 0 1 4 1 3 51
2127.74 1 7 1 1 0 1 5 1 2 51
2128.16 1 7 1 1 0 0 5 0 2 52
2129.21 1 8 1 1 0 0 6 0 1 52
2130.66 1 9 1 1 0 0 7 0 0 52
2132.78 1 8 1 1 0 0 6 0 1 52
2135.83 1 7 1 1 0 0 5 0 2 52
2142.68 1 6 1 1 0 0 4 0 3 52
2146.55 1 7 1 1 0 0 5 0 2 52
2147.78 1 7 1 1 0 1 5 1 2 51
2149.43 1 6 1 1 0 1 4 1 3 51
2150.01 1 5 1 1 0 1 3 1 4 51
2150.92 1 5 1 1 0 0 3 0 4 52
2152.54 0 4 1 1 1 0 3 0 4 52
2155.46 0 3 1 1 1 0 2 0 5 52
2156.51 0 4 1 1 1 0 3 0 4 52
2159.98 0 5 1 1 1 0 4 0 3 52
2160.8 0 4 1 1 1 0 3 0 4 52
2164.46 1 5 1 1 0 0 3 0 4 52
2174.25 1 6 1 1 0 0 4 0 3 52
2176.94 1 5 1 1 0 0 3 0 4 52
2181.29 1 6 1 1 0 0 4 0 3 52
2182.29 1 5 1 1 0 0 3 0 4 52
2190.38 1 6 1 1 0 0 4 0 3 52
2196.22 1 6 1 1 1 1 3 0 3 52
2196.34 2 7 1 1 0 1 3 0 3 52
2196.47 2 8 1 1 0 1 4 0 2 52
2196.78 2 7 1 1 0 1 3 0 3 52
2200.39 2 6 1 1 0 1 2 0 4 52
2201.27 2 7 1 1 0 1 3 0 3 52
2202.99 2 6 1 1 0 1 2 0 4 52
2205.06 2 7 1 1 0 1 3 0 3 52
2211.09 1 6 1 1 1 1 3 0 3 52
2218.1 1 5 1 1 1 1 2 0 4 52
2219.28 1 5 0 0 1 2 2 0 4 52
2223.03 0 4 0 0 2 2 2 0 4 52
2225.26 0 4 1 1 2 1 2 0 4 52
2226.4 0 3 1 1 2 1 1 0 5 52
2226.84 0 4 1 1 2 1 2 0 4 52
2232.86 0 4 0 0 2 2 2 0 4 52
2235.14 0 3 0 0 2 2 1 0 5 52
2236.62 0 3 1 1 2 1 1 0 5 52
2237.11 0 4 1 1 2 1 2 0 4 52
2243.96 0 3 1 1 2 1 1 0 5 52
2244.06 0 4 1 1 2 1 2 0 4 52
2244.83 1 5 1 1 1 1 2 0 4 52
2248.02 1 4 1 1 1 1 1 0 5 52
2251.47 1 5 1 1 1 1 2 0 4 52
2253.35 1 4 1 1 0 1 2 1 4 52
2253.8 1 3 1 1 0 1 1 1 5 52
2256.15 1 2 1 1 0 1 0 1 6 52
2261.08 0 1 1 1 1 1 0 1 6 52
2262.29 0 1 1 1 1 2 0 2 6 51
2267.31 0 2 1 1 1 2 1 2 5 51
2268.21 0 2 2 2 1 1 1 2 5 51
2269.88 0 2 2 2 1 0 1 1 5 52
2272.94 1 3 2 2 0 0 1 1 5 52
2274.64 1 4 2 2 0 0 2 1 4 52
2275.82 1 5 2 2 0 0 3 1 3 52
2278.68 1 6 2 2 0 0 4 1 2 52
2280.11 1 6 1 1 0 1 4 1 2 52
2285.27 1 7 1 1 1 1 4 0 2 52
2286.98 1 6 1 1 1 1 3 0 3 52
2289.41 0 5 1 1 2 1 3 0 3 52
2289.54 0 4 1 1 2 1 2 0 4 52
2294.02 1 5 1 1 1 1 2 0 4 52
2296.35 2 6 1 1 0 1 2 0 4 52
2298.21 1 5 1 1 1 1 2 0 4 52
2300.28 1 6 1 1 1 1 3 0 3 52
2300.92 1 5 1 1 1 1 2 0 4 52
2308.24 1 4 1 1 0 1 2 1 4 52
2310.91 1 5 1 1 0 1 3 1 3 52
2312.49 1 5 0 0 0 2 3 1 3 52
2313.02 1 4 0 0 0 2 2 1 4 52
2313.44 1 3 0 0 0 2 1 1 5 52
2325.37 1 4 0 0 0 2 2 1 4 52
2328.09 1 3 0 0 0 2 1 1 5 52
2331.11 1 4 0 0 1 2 1 0 5 52
2332.07 1 5 0 0 1 2 2 0 4 52
2332.16 1 6 0 0 1 2 3 0 3 52
2337.08 1 5 0 0 1 2 2 0 4 52
2341.78 1 6 0 0 1 2 3 0 3 52
2342.59 1 7 0 0 1 2 4 0 2 52
2343.08 1 6 0 0 1 2 3 0 3 52
2345.02 1 5 0 0 0 2 3 1 3 52
2347.26 1 5 1 1 0 1 3 1 3 52
2347.3 1 5 1 1 0 2 3 2 3 51
2353.85 1 5 1 1 1 3 2 2 3 51
2359.1 1 6 1 1 2 3 2 1 3 51
2359.18 0 5 1 1 3 3 2 1 3 51
2362.32 0 5 0 0 3 4 2 1 3 51
2363.68 0 5 1 1 3 3 2 1 3 51
2366.9 0 6 1 1 4 3 2 0 3 51
2367.67 0 7 1 1 4 3 3 0 2 51
2367.97 0 6 1 1 3 3 3 1 2 51
2368.75 0 6 1 1 3 4 3 2 2 50
2369.05 0 7 1 1 3 4 4 2 1 50
2369.81 0 6 1 1 2 4 4 3 1 50
2370.68 0 5 1 1 2 4 3 3 2 50
2371.08 0 5 1 1 1 3 4 3 2 50
2380.71 0 4 1 1 1 3 3 3 3 50
2381.72 0 4 0 0 1 4 3 3 3 50
2384.42 0 5 0 0 1 4 4 3 2 50
2385.47 0 5 0 0 1 3 4 2 2 51
2386.22 0 5 0 0 1 2 4 1 2 52
2388.46 0 5 0 0 1 3 4 2 2 51
2389.79 0 5 0 0 1 4 4 3 2 50
2390.59 0 6 0 0 1 4 5 3 1 50
2390.67 0 5 0 0 1 4 4 3 2 50
2391.17 0 6 0 0 1 4 5 3 1 50
2391.19 0 5 0 0 1 4 4 3 2 50
2391.7 0 6 0 0 1 4 5 3 1 50
2393.79 0 5 0 0 1 4 4 3 2 50
2395.75 0 6 0 0 2 4 4 2 2 50
2396.11 0 5 0 0 2 4 3 2 3 50
2401.72 0 6 0 0 2 4 4 2 2 50
2402.84 1 7 0 0 1 4 4 2 2 50
2403.16 1 8 0 0 1 4 5 2 1 50
2404.23 1 7 0 0 1 4 4 2 2 50
2406.37 1 6 0 0 1 4 3 2 3 50
2412.73 1 7 0 0 1 4 4 2 2 50
2415.34 1 7 0 0 1 3 4 1 2 51
2415.89 1 8 0 0 1 3 5 1 1 51
2417.28 1 7 0 0 0 3 5 2 1 51
2420.03 1 6 0 0 0 3 4 2 2 51
2421.64 1 5 0 0 0 3 3 2 3 51
2422.57 1 4 0 0 0 3 2 2 4 51
2429.6 0 3 0 0 1 3 2 2 4 51
2430.56 0 3 0 0 2 4 1 2 4 51
2439.13 0 3 1 1 2 3 1 2 4 51
2439.96 0 3 1 1 1 2 2 2 4 51
2442.99 0 3 1 1 1 1 2 1 4 52
2443.68 0 2 1 1 0 1 2 2 4 52
2452.42 0 3 1 1 0 1 3 2 3 52
2453.99 0 3 1 1 1 2 2 2 3 52
2455.78 0 4 1 1 1 2 3 2 2 52
2460.6 0 5 1 1 1 2 4 2 1 52
2463.47 0 5 0 0 1 3 4 2 1 52
2464.16 0 6 0 0 1 3 5 2 0 52
2464.92 0 5 0 0 1 3 4 2 1 52
2471.42 0 4 0 0 1 3 3 2 2 52
2474.74 0 5 0 0 1 3 4 2 1 52
2476.25 0 4 0 0 1 3 3 2 2 52
2476.62 0 3 0 0 1 3 2 2 3 52
2476.77 0 4 0 0 2 3 2 1 3 52
2477.22 0 5 0 0 2 3 3 1 2 52
2487.97 0 4 0 0 2 3 2 1 3 52
2488.07 0 5 0 0 2 3 3 1 2 52
2489.98 0 4 0 0 2 3 2 1 3 52
2494.64 0 3 0 0 2 3 1 1 4 52
2496.39 0 4 0 0 2 3 2 1 3 52
2496.65 0 5 0 0 2 3 3 1 2 52
2497.77 0 4 0 0 2 3 2 1 3 52
2498.42 0 4 0 0 2 2 2 0 3 53
2505.11 1 5 0 0 1 2 2 0 3 53
2507.42 1 4 0 0 1 2 1 0 4 53
2508.29 1 5 0 0 1 2 2 0 3 53
2518.2 1 4 0 0 1 2 1 0 4 53
2522.77 1 5 0 0 1 2 2 0 3 53
2524.07 1 4 0 0 1 2 1 0 4 53
2524.64 1 5 0 0 1 2 2 0 3 53
2524.87 1 6 0 0 1 2 3 0 2 53
2525.63 1 7 0 0 1 2 4 0 1 53
2526.45 1 6 0 0 1 2 3 0 2 53
2545.98 1 7 0 0 1 2 4 0 1 53
2548.15 1 6 0 0 1 2 3 0 2 53
2549.15 1 5 0 0 1 2 2 0 3 53
2552.62 1 4 0 0 1 2 1 0 4 53
2554.37 1 4 0 0 0 1 2 0 4 53
2555.38 1 5 0 0 0 1 3 0 3 53
2556.84 1 4 0 0 0 1 2 0 4 53
2556.92 1 5 0 0 0 1 3 0 3 53
2564.78 0 4 0 0 1 1 3 0 3 53
2565.48 0 3 0 0 0 1 3 1 3 53
2565.64 0 4 0 0 0 1 4 1 2 53
2567.54 0 5 0 0 0 1 5 1 1 53
2580.12 0 4 0 0 0 1 4 1 2 53
2581.7 0 5 0 0 0 1 5 1 1 53
2584.5 0 4 0 0 0 1 4 1 2 53
2597.4 0 3 0 0 0 1 3 1 3 53
2602.85 0 4 0 0 0 1 4 1 2 53
2617.68 0 3 0 0 0 1 3 1 3 53
2618.79 0 3 1 1 0 0 3 1 3 53
2623.56 0 3 1 1 1 1 2 1 3 53
2626.29 0 2 1 1 1 1 1 1 4 53
2634.25 0 2 1 1 1 0 1 0 4 54
2638.36 0 1 1 1 0 0 1 1 4 54
2640.84 0 2 1 1 0 0 2 1 3 54
2651.69 0 3 1 1 0 0 3 1 2 54
2651.89 0 2 1 1 0 0 2 1 3 54
2651.91 0 3 1 1 0 0 3 1 2 54
2652.1 0 3 0 0 0 1 3 1 2 54
2661.57 0 4 0 0 0 1 4 1 1 54
2662.47 0 4 1 1 0 0 4 1 1 54
2676.08 0 5 1 1 0 0 5 1 0 54
2684.85 0 4 1 1 0 0 4 1 1 54
2690.32 0 3 1 1 0 0 3 1 2 54
2695.41 0 2 1 1 0 0 2 1 3 54
2699.1 0 3 1 1 0 0 3 1 2 54
2702.55 0 2 1 1 0 0 2 1 3 54
2702.69 0 3 1 1 0 0 3 1 2 54
2710.27 0 2 1 1 0 0 2 1 3 54
2711.15 0 3 1 1 1 0 2 0 3 54
2711.21 0 2 1 1 1 0 1 0 4 54
2715.49 0 3 1 1 1 0 2 0 3 54
2723.68 1 4 1 1 0 0 2 0 3 54
2726.37 1 4 0 0 0 1 2 0 3 54
2730.1 1 5 0 0 0 1 3 0 2 54
2730.92 1 4 0 0 0 1 2 0 3 54
2735.02 1 5 0 0 0 1 3 0 2 54
2742.16 1 4 0 0 0 1 2 0 3 54
2747.99 1 5 0 0 0 1 3 0 2 54
2749.3 1 6 0 0 0 1 4 0 1 54
2750.64 1 5 0 0 0 1 3 0 2 54
2753.28 1 4 0 0 0 1 2 0 3 54
2758.07 1 5 0 0 0 1 3 0 2 54
2758.2 1 5 0 0 1 2 2 0 2 54
2758.45 1 6 0 0 1 2 3 0 1 54
2760.15 1 7 0 0 1 2 4 0 0 54
2760.49 0 6 0 0 2 2 4 0 0 54
2760.85 0 6 0 0 1 1 5 0 0 54
2763.41 0 5 0 0 1 1 4 0 1 54
2768.9 0 6 0 0 1 1 5 0 0 54
2773.85 0 5 0 0 1 1 4 0 1 54
2779.97 0 4 0 0 0 1 4 1 1 54
2780.23 0 3 0 0 0 1 3 1 2 54
2789.67 0 2 0 0 0 1 2 1 3 54
2790.21 0 3 0 0 1 1 2 0 3 54
2790.37 0 4 0 0 1 1 3 0 2 54
2797.22 0 3 0 0 0 1 3 1 2 54
2798.18 0 4 0 0 0 1 4 1 1 54
2822.91 0 5 0 0 0 1 5 1 0 54
2829.41 0 6 0 0 1 1 5 0 0 54
2830.75 0 5 0 0 0 1 5 1 0 54
2831.38 0 4 0 0 0 1 4 1 1 54
2832.36 0 4 0 0 1 2 3 1 1 54
2834.44 0 3 0 0 1 2 2 1 2 54
2842.14 0 4 0 0 1 2 3 1 1 54
2849.63 0 3 0 0 1 2 2 1 2 54
2850.14 0 3 0 0 1 1 2 0 2 55
2870.08 0 4 0 0 1 1 3 0 1 55
2871.58 0 3 0 0 1 1 2 0 2 55
2885.09 0 4 0 0 1 1 3 0 1 55
2894.94 0 3 0 0 1 1 2 0 2 55
2902.67 0 2 0 0 0 1 2 1 2 55
2907.03 0 1 0 0 0 1 1 1 3 55
2907.61 0 2 0 0 0 1 2 1 2 55
2908.28 0 1 0 0 0 1 1 1 3 55
2913.09 0 2 0 0 0 1 2 1 2 55
2913.52 0 2 0 0 1 2 1 1 2 55
2926.38 0 3 0 0 1 2 2 1 1 55
2938.39 0 3 0 0 2 3 1 1 1 55
2952.62 0 2 0 0 1 3 1 2 1 55
2955.58 0 1 0 0 0 3 1 3 1 55
2957.66 0 1 1 1 0 2 1 3 1 55
2961.46 0 2 1 1 0 2 2 3 0 55
2970.02 0 2 1 1 0 1 2 2 0 56
2970.55 0 1 1 1 0 1 1 2 1 56
2970.83 0 0 1 1 0 1 0 2 2 56
2977.35 0 0 2 2 0 0 0 2 2 56
2984.05 0 0 1 1 0 1 0 2 2 56
2993.21 0 1 1 1 0 1 1 2 1 56
2998.82 0 1 1 1 0 0 1 1 1 57
2998.82 0 1 1 1 0 0 1 1 1 57
