0 60 120 60 60 0 0 0 0 0 0
0.04248 60 120 59 59 0 1 0 0 0 0
0.0495088 59 119 59 59 1 1 0 0 0 0
0.0532616 58 118 59 59 2 1 0 0 0 0
0.0539251 57 117 59 59 3 1 0 0 0 0
0.0722809 57 117 58 58 3 2 0 0 0 0
0.0730929 57 116 58 58 2 2 0 1 0 0
0.108552 57 116 57 57 2 3 0 1 0 0
0.148703 56 115 57 57 3 3 0 1 0 0
0.167478 56 115 56 56 3 4 0 1 0 0
0.173525 55 114 56 56 4 4 0 1 0 0
0.186982 55 114 55 55 4 5 0 1 0 0
0.217015 54 113 55 55 5 5 0 1 0 0
0.22062 54 113 54 54 5 6 0 1 0 0
0.228929 53 112 54 54 6 6 0 1 0 0
0.232523 52 111 54 54 7 6 0 1 0 0
0.25717 52 111 53 53 7 7 0 1 0 0
0.25775 52 111 52 52 7 8 0 1 0 0
0.276876 52 111 51 51 7 9 0 1 0 0
0.291568 51 110 51 51 8 9 0 1 0 0
0.292067 50 109 51 51 9 9 0 1 0 0
0.322172 50 108 51 51 8 9 0 2 0 0
0.330125 49 107 51 51 9 9 0 2 0 0
0.332697 49 107 50 50 9 10 0 2 0 0
0.353812 48 106 50 50 10 10 0 2 0 0
0.362216 48 105 50 50 9 10 0 3 0 0
0.374951 48 104 50 50 8 10 0 4 0 0
0.383458 47 103 50 50 9 10 0 4 0 0
0.395688 46 102 50 50 10 10 0 4 0 0
0.407723 45 101 50 50 11 10 0 4 0 0
0.409743 44 100 50 50 12 10 0 4 0 0
0.45644 43 99 50 50 13 10 0 4 0 0
0.500418 42 98 50 50 14 10 0 4 0 0
0.503691 41 97 50 50 15 10 0 4 0 0
0.509077 40 96 50 50 16 10 0 4 0 0
0.518752 40 96 49 49 16 11 0 4 0 0
0.522315 40 96 48 48 16 12 0 4 0 0
0.531163 39 95 48 48 17 12 0 4 0 0
0.532758 38 94 48 48 18 12 0 4 0 0
0.583482 37 93 48 48 19 12 0 4 0 0
0.594228 37 93 47 47 19 13 0 4 0 0
0.640893 36 92 47 47 20 13 0 4 0 0
0.649942 36 92 46 46 20 14 0 4 0 0
0.660307 35 91 46 46 21 14 0 4 0 0
0.721372 34 90 46 46 22 14 0 4 0 0
0.76153 34 89 46 46 21 14 0 5 0 0
0.783585 33 88 46 46 22 14 0 5 0 0
0.783767 32 87 46 46 23 14 0 5 0 0
0.814724 32 86 46 46 22 14 0 6 0 0
0.820764 32 85 46 46 21 14 0 7 0 0
0.907043 31 84 46 46 22 14 0 7 0 0
0.916387 31 83 46 46 21 14 0 8 0 0
1.00467 30 82 46 46 22 14 0 8 0 0
1.03421 30 81 46 46 21 14 0 9 0 0
1.04215 29 80 46 46 22 14 0 9 0 0
1.09082 28 79 46 46 23 14 0 9 0 0
1.09207 27 78 46 46 24 14 0 9 0 0
1.12297 27 78 45 45 24 15 0 9 0 0
1.12657 27 77 45 45 23 15 0 10 0 0
1.13655 27 76 45 45 22 15 0 11 0 0
1.13992 27 75 45 45 21 15 0 12 0 0
1.14481 26 74 45 45 22 15 0 12 0 0
1.14643 26 73 45 45 21 15 0 13 0 0
1.15991 25 72 45 45 22 15 0 13 0 0
1.17146 24 71 45 45 23 15 0 13 0 0
1.23632 24 71 44 44 23 16 0 13 0 0
1.24838 24 71 44 44 22 15 1 13 0 0
1.26742 24 71 43 43 22 16 1 13 0 0
1.26922 24 70 43 43 22 16 0 13 1 0
1.28428 24 70 42 42 22 17 0 13 1 0
1.28445 24 70 42 42 21 16 1 13 1 0
1.28855 24 69 42 42 20 16 1 14 1 0
1.29353 23 68 42 42 21 16 1 14 1 0
1.31217 23 68 42 42 20 15 2 14 1 0
1.31504 22 67 42 42 21 15 2 14 1 0
1.33053 22 66 42 42 20 15 2 15 1 0
1.334 22 66 41 41 20 16 2 15 1 0
1.3359 22 65 41 41 19 16 2 16 1 0
1.38636 22 65 40 40 19 17 2 16 1 0
1.38793 22 64 40 40 18 17 2 17 1 0
1.39447 21 63 40 40 19 17 2 17 1 0
1.42059 21 63 39 39 19 18 2 17 1 0
1.43067 21 62 39 39 18 18 2 18 1 0
1.54685 21 62 39 39 17 17 3 18 1 0
1.5645 21 62 38 38 17 18 3 18 1 0
1.60623 21 62 37 37 17 19 3 18 1 0
1.65311 20 61 37 37 18 19 3 18 1 0
1.67537 19 60 37 37 19 19 3 18 1 0
1.72656 19 60 37 37 19 18 3 17 1 1
1.73725 18 59 37 37 20 18 3 17 1 1
1.81049 18 59 36 36 20 19 3 17 1 1
1.81589 18 59 36 36 20 18 3 16 1 2
1.83074 18 58 36 36 19 18 3 17 1 2
1.83856 18 57 36 36 18 18 3 18 1 2
1.88207 18 56 36 36 17 18 3 19 1 2
1.90146 17 55 36 36 18 18 3 19 1 2
1.91159 17 55 36 36 18 17 3 18 1 3
1.93805 17 55 35 35 18 18 3 18 1 3
1.94474 17 55 34 34 18 19 3 18 1 3
2.03184 17 55 33 33 18 20 3 18 1 3
2.1367 17 55 32 32 18 21 3 18 1 3
2.13945 17 55 31 31 18 22 3 18 1 3
2.16951 17 55 30 30 18 23 3 18 1 3
2.21287 17 54 30 30 18 23 2 18 2 3
2.24892 16 53 30 30 19 23 2 18 2 3
2.26173 16 53 29 29 19 24 2 18 2 3
2.30986 16 53 29 29 18 23 3 18 2 3
2.34019 16 53 29 29 18 22 3 17 2 4
2.38345 15 52 29 29 19 22 3 17 2 4
2.39748 15 51 29 29 19 22 2 17 3 4
2.39858 15 51 28 28 19 23 2 17 3 4
2.41491 15 50 28 28 18 23 2 18 3 4
2.47493 14 49 28 28 19 23 2 18 3 4
2.54905 13 48 28 28 20 23 2 18 3 4
2.5689 13 48 27 27 20 24 2 18 3 4
2.60334 13 47 27 27 19 24 2 19 3 4
2.62608 13 47 26 26 19 25 2 19 3 4
2.62874 12 46 26 26 20 25 2 19 3 4
2.63976 12 46 25 25 20 26 2 19 3 4
2.65852 11 45 25 25 21 26 2 19 3 4
2.71745 11 45 25 25 20 25 3 19 3 4
2.73779 11 44 25 25 20 25 2 19 4 4
2.74191 10 43 25 25 21 25 2 19 4 4
2.77875 10 43 24 24 21 26 2 19 4 4
2.8301 9 42 24 24 22 26 2 19 4 4
2.83796 9 42 23 23 22 27 2 19 4 4
2.87903 9 41 23 23 22 27 1 19 5 4
3.07547 9 40 23 23 21 27 1 20 5 4
3.09663 9 40 22 22 21 28 1 20 5 4
3.11362 9 40 21 21 21 29 1 20 5 4
3.1537 9 40 20 20 21 30 1 20 5 4
3.15675 8 39 20 20 22 30 1 20 5 4
3.18946 8 39 20 20 22 29 1 19 5 5
3.34113 8 39 20 20 21 28 2 19 5 5
3.4471 8 38 20 20 20 28 2 20 5 5
3.48989 8 38 20 20 19 27 3 20 5 5
3.64337 7 37 20 20 20 27 3 20 5 5
3.64784 8 38 20 20 19 27 3 20 5 5
3.74661 8 38 20 20 18 26 4 20 5 5
3.83113 8 37 20 20 18 26 3 20 6 5
3.86858 7 36 20 20 19 26 3 20 6 5
3.88252 7 36 20 20 19 25 3 19 6 6
3.91543 7 36 20 20 19 24 3 18 6 7
3.94932 7 36 19 19 19 25 3 18 6 7
3.95072 7 36 19 19 18 24 4 18 6 7
3.99604 7 36 19 19 17 23 5 18 6 7
4.05162 7 36 19 19 16 22 6 18 6 7
4.1042 7 36 19 19 16 21 6 17 6 8
4.1847 7 35 19 19 16 21 5 17 7 8
4.29322 7 35 19 19 15 20 6 17 7 8
4.41131 7 34 19 19 14 20 6 18 7 8
4.42747 7 34 18 18 14 21 6 18 7 8
4.45215 7 33 18 18 13 21 6 19 7 8
4.56815 7 33 18 18 13 20 6 18 7 9
4.75735 7 33 18 18 12 19 7 18 7 9
4.83977 7 32 18 18 11 19 7 19 7 9
4.90003 6 31 18 18 12 19 7 19 7 9
4.95357 5 30 18 18 13 19 7 19 7 9
4.96089 4 29 18 18 14 19 7 19 7 9
5.0769 4 29 18 18 14 18 7 18 7 10
5.16716 4 28 18 18 13 18 7 19 7 10
5.26883 4 28 18 18 13 17 7 18 7 11
5.45799 4 28 18 18 13 16 7 17 7 12
5.4963 4 28 18 18 12 15 8 17 7 12
5.63786 4 28 18 18 12 14 8 16 7 13
5.65729 4 28 18 18 11 13 9 16 7 13
5.72845 4 27 18 18 10 13 9 17 7 13
5.77583 4 27 17 17 10 14 9 17 7 13
5.89076 4 27 17 17 10 13 9 16 7 14
6.21219 4 26 17 17 10 13 8 16 8 14
6.36828 4 26 17 17 9 12 9 16 8 14
6.36936 4 25 17 17 8 12 9 17 8 14
6.44878 4 24 17 17 8 12 8 17 9 14
6.48676 4 23 17 17 8 12 7 17 10 14
6.55737 4 24 17 17 8 12 8 17 9 14
6.7002 4 24 17 17 8 11 8 16 9 15
6.75071 4 23 17 17 7 11 8 17 9 15
6.80835 4 23 17 17 7 10 8 16 9 16
6.95236 4 23 16 16 7 11 8 16 9 16
7.18033 4 22 16 16 7 11 7 16 10 16
7.45218 4 23 16 16 8 11 7 15 10 16
7.45904 4 22 16 16 7 11 7 16 10 16
7.52806 4 21 16 16 7 11 6 16 11 16
7.55773 4 22 16 16 7 11 7 16 10 16
7.68411 4 22 16 16 7 10 7 15 10 17
7.84208 4 21 16 16 6 10 7 16 10 17
8.05162 4 21 15 15 6 11 7 16 10 17
8.213 4 21 15 15 6 10 7 15 10 18
8.2436 3 20 15 15 7 10 7 15 10 18
8.52698 3 20 15 15 6 9 8 15 10 18
9.07676 3 19 15 15 6 9 7 15 11 18
9.2889 3 18 15 15 5 9 7 16 11 18
9.74479 3 19 15 15 5 9 8 16 10 18
9.87 3 18 15 15 5 9 7 16 11 18
10.1384 3 17 15 15 4 9 7 17 11 18
10.1435 3 17 14 14 4 10 7 17 11 18
10.2196 3 18 14 14 4 10 8 17 10 18
10.2214 3 18 13 13 4 11 8 17 10 18
10.3469 3 18 13 13 4 10 8 16 10 19
10.6444 3 18 13 13 5 11 7 16 10 19
10.7183 3 17 13 13 4 11 7 17 10 19
10.8324 3 18 13 13 4 11 8 17 9 19
10.8578 4 19 13 13 3 11 8 17 9 19
10.9312 4 19 13 13 3 10 8 16 9 20
10.9378 4 19 13 13 3 9 8 15 9 21
11.4284 3 18 13 13 4 9 8 15 9 21
11.6636 3 17 13 13 4 9 7 15 10 21
11.7369 3 16 13 13 4 9 6 15 11 21
11.9959 3 16 12 12 4 10 6 15 11 21
12.044 3 15 12 12 3 10 6 16 11 21
12.0808 3 15 12 12 3 9 6 15 11 22
12.1093 3 14 12 12 3 9 5 15 12 22
12.1985 3 15 12 12 3 9 6 15 11 22
12.2549 3 15 11 11 3 10 6 15 11 22
12.3468 3 16 11 11 4 10 6 14 11 22
12.8703 3 15 11 11 4 10 5 14 12 22
13.0173 3 15 11 11 4 9 5 13 12 23
13.3551 3 14 11 11 4 9 4 13 13 23
13.5166 3 15 11 11 4 9 5 13 12 23
14.0854 3 14 11 11 3 9 5 14 12 23
14.1561 3 14 10 10 3 10 5 14 12 23
14.3359 2 13 10 10 4 10 5 14 12 23
14.4893 2 13 9 9 4 11 5 14 12 23
14.6973 2 14 9 9 4 11 6 14 11 23
14.9343 2 14 9 9 3 10 7 14 11 23
15.1901 2 14 9 9 2 9 8 14 11 23
16.1366 2 13 9 9 2 9 7 14 12 23
16.2173 2 13 9 9 2 8 7 13 12 24
16.8086 2 13 9 9 2 7 7 12 12 25
16.8315 2 14 9 9 2 7 8 12 11 25
17.0216 1 13 9 9 3 7 8 12 11 25
17.5634 1 13 8 8 3 8 8 12 11 25
17.6847 1 12 8 8 3 8 7 12 12 25
17.9157 1 12 8 8 2 7 8 12 12 25
18.2626 1 12 8 8 2 6 8 11 12 26
18.3787 1 12 7 7 2 7 8 11 12 26
18.4629 1 11 7 7 2 7 7 11 13 26
19.0723 1 10 7 7 2 7 6 11 14 26
19.4014 1 10 7 7 2 6 6 10 14 27
20.067 1 11 7 7 2 6 7 10 13 27
20.0927 1 11 7 7 2 5 7 9 13 28
21.1273 1 12 7 7 3 5 7 8 13 28
21.1735 1 13 7 7 3 5 8 8 12 28
21.3103 1 13 6 6 3 6 8 8 12 28
21.6604 1 13 6 6 3 5 8 7 12 29
21.7096 1 14 6 6 4 5 8 6 12 29
21.8603 1 14 5 5 4 6 8 6 12 29
22.9198 1 13 5 5 4 6 7 6 13 29
23.1898 1 12 5 5 3 6 7 7 13 29
23.4205 1 13 5 5 3 6 8 7 12 29
24.1308 1 12 5 5 3 6 7 7 13 29
25.4024 1 13 5 5 4 6 7 6 13 29
25.6258 1 12 5 5 4 6 6 6 14 29
26.0877 1 12 4 4 4 7 6 6 14 29
26.1032 1 12 4 4 4 6 6 5 14 30
26.1473 1 13 4 4 4 6 7 5 13 30
26.838 0 12 4 4 5 6 7 5 13 30
26.8927 0 12 4 4 4 5 8 5 13 30
26.9499 0 11 4 4 3 5 8 6 13 30
27.8837 0 10 4 4 3 5 7 6 14 30
28.6582 0 10 3 3 3 6 7 6 14 30
29.3466 0 11 3 3 3 6 8 6 13 30
30.3643 0 10 3 3 3 6 7 6 14 30
31.0092 0 10 4 4 3 5 7 6 14 30
31.0452 0 11 4 4 3 5 8 6 13 30
31.3247 0 10 4 4 3 5 7 6 14 30
32.0755 1 11 4 4 2 5 7 6 14 30
33.214 1 12 4 4 2 5 8 6 13 30
33.2487 1 11 4 4 2 5 7 6 14 30
33.3015 1 12 4 4 2 5 8 6 13 30
34.5753 1 13 4 4 2 5 9 6 12 30
34.6762 1 12 4 4 2 5 8 6 13 30
34.7656 2 13 4 4 1 5 8 6 13 30
35.2087 2 13 5 5 1 4 8 6 13 30
35.8129 2 12 5 5 1 4 7 6 14 30
37.5393 2 11 5 5 0 4 7 7 14 30
37.7978 2 10 5 5 0 4 6 7 15 30
38.2478 2 11 5 5 0 4 7 7 14 30
38.4669 2 12 5 5 0 4 8 7 13 30
38.8961 2 12 5 5 0 3 8 6 13 31
39.0885 1 11 5 5 1 3 8 6 13 31
39.254 1 12 5 5 2 3 8 5 13 31
39.4539 1 13 5 5 2 3 9 5 12 31
39.5468 1 12 5 5 1 3 9 6 12 31
40.0904 1 12 5 5 2 4 8 6 12 31
40.4257 1 11 5 5 2 4 7 6 13 31
40.7501 1 10 5 5 2 4 6 6 14 31
40.9195 1 9 5 5 2 4 5 6 15 31
43.089 1 9 5 5 1 3 6 6 15 31
44.4745 1 8 5 5 1 3 5 6 16 31
44.6814 1 8 4 4 1 4 5 6 16 31
44.7717 1 7 4 4 0 4 5 7 16 31
45.3144 1 7 4 4 0 3 5 6 16 32
46.7748 1 6 4 4 0 3 4 6 17 32
48.3518 1 7 4 4 0 3 5 6 16 32
48.5281 1 8 4 4 0 3 6 6 15 32
48.8426 1 9 4 4 0 3 7 6 14 32
48.9551 1 8 4 4 0 3 6 6 15 32
49.591 1 9 4 4 0 3 7 6 14 32
49.6002 1 10 4 4 0 3 8 6 13 32
50.1815 1 9 4 4 0 3 7 6 14 32
51.1448 1 10 4 4 1 3 7 5 14 32
51.2549 0 9 4 4 2 3 7 5 14 32
51.9067 0 10 4 4 2 3 8 5 13 32
52.9674 0 9 4 4 1 3 8 6 13 32
54.0488 0 10 4 4 1 3 9 6 12 32
54.2932 0 9 4 4 1 3 8 6 13 32
55.0639 0 8 4 4 1 3 7 6 14 32
55.6383 0 8 4 4 1 2 7 5 14 33
56.436 0 9 4 4 1 2 8 5 13 33
57.9067 0 8 4 4 1 2 7 5 14 33
58.4384 0 9 4 4 1 2 8 5 13 33
58.6563 0 8 4 4 1 2 7 5 14 33
60.065 0 7 4 4 1 2 6 5 15 33
62.4204 0 6 4 4 1 2 5 5 16 33
66.4565 0 7 4 4 1 2 6 5 15 33
66.7946 0 6 4 4 1 2 5 5 16 33
67.4588 0 7 4 4 1 2 6 5 15 33
68.4725 0 8 4 4 1 2 7 5 14 33
69.1956 0 8 4 4 1 1 7 4 14 34
69.9961 0 9 4 4 1 1 8 4 13 34
70.6389 0 9 3 3 1 2 8 4 13 34
70.8986 0 10 3 3 1 2 9 4 12 34
71.8669 0 9 3 3 1 2 8 4 13 34
72.8554 0 10 3 3 1 2 9 4 12 34
72.9982 0 9 3 3 1 2 8 4 13 34
73.1568 0 8 3 3 1 2 7 4 14 34
74.3824 0 8 3 3 2 3 6 4 14 34
74.6543 0 7 3 3 1 3 6 5 14 34
74.8963 0 8 3 3 1 3 7 5 13 34
75.3539 0 9 3 3 1 3 8 5 12 34
76.3503 0 8 3 3 1 3 7 5 13 34
78.733 0 9 3 3 1 3 8 5 12 34
78.9287 0 8 3 3 1 3 7 5 13 34
79.3136 0 7 3 3 1 3 6 5 14 34
79.4425 0 7 2 2 1 4 6 5 14 34
79.6318 0 6 2 2 1 4 5 5 15 34
81.7812 0 7 2 2 1 4 6 5 14 34
83.9359 0 7 2 2 1 3 6 4 14 35
84.2536 0 6 2 2 0 3 6 5 14 35
91.8912 0 7 2 2 0 3 7 5 13 35
92.1068 0 8 2 2 0 3 8 5 12 35
92.2265 0 7 2 2 0 3 7 5 13 35
93.1488 0 8 2 2 0 3 8 5 12 35
93.8591 0 7 2 2 0 3 7 5 13 35
94.8245 0 6 2 2 0 3 6 5 14 35
94.9114 0 7 2 2 0 3 7 5 13 35
96.1487 0 8 2 2 1 3 7 4 13 35
96.9582 0 7 2 2 1 3 6 4 14 35
97.976 0 7 1 1 1 4 6 4 14 35
99.3094 0 6 1 1 1 4 5 4 15 35
102.38 0 5 1 1 1 4 4 4 16 35
103.073 0 4 1 1 1 4 3 4 17 35
103.682 0 5 1 1 1 4 4 4 16 35
104.386 0 5 1 1 1 3 4 3 16 36
104.422 0 6 1 1 1 3 5 3 15 36
104.637 0 7 1 1 1 3 6 3 14 36
105.75 0 8 1 1 1 3 7 3 13 36
105.945 0 9 1 1 1 3 8 3 12 36
107.017 0 8 1 1 1 3 7 3 13 36
107.158 0 9 1 1 1 3 8 3 12 36
108.203 0 10 1 1 1 3 9 3 11 36
109.156 0 9 1 1 0 3 9 4 11 36
109.402 0 10 1 1 0 3 10 4 10 36
109.776 0 9 1 1 0 3 9 4 11 36
110.067 0 10 1 1 0 3 10 4 10 36
111.027 0 11 1 1 0 3 11 4 9 36
111.103 0 12 1 1 0 3 12 4 8 36
111.171 0 11 1 1 0 3 11 4 9 36
111.823 0 10 1 1 0 3 10 4 10 36
112.052 0 9 1 1 0 3 9 4 11 36
112.132 0 9 1 1 0 2 9 3 11 37
113.916 0 8 1 1 0 2 8 3 12 37
115.28 0 9 1 1 0 2 9 3 11 37
115.327 0 8 1 1 0 2 8 3 12 37
116.874 0 9 1 1 0 2 9 3 11 37
118.398 0 8 1 1 0 2 8 3 12 37
118.935 0 8 1 1 0 1 8 2 12 38
121.675 0 7 1 1 0 1 7 2 13 38
123.706 0 8 1 1 0 1 8 2 12 38
124.592 0 9 1 1 0 1 9 2 11 38
125.153 0 10 1 1 0 1 10 2 10 38
125.535 0 9 1 1 0 1 9 2 11 38
126.131 0 8 1 1 0 1 8 2 12 38
126.217 0 9 1 1 0 1 9 2 11 38
126.266 0 10 1 1 0 1 10 2 10 38
127.27 0 11 1 1 0 1 11 2 9 38
128.404 0 10 1 1 0 1 10 2 10 38
130.392 0 9 1 1 0 1 9 2 11 38
131.253 0 8 1 1 0 1 8 2 12 38
134.988 0 9 1 1 0 1 9 2 11 38
135.135 0 8 1 1 0 1 8 2 12 38
137.327 0 7 1 1 0 1 7 2 13 38
137.739 0 6 1 1 0 1 6 2 14 38
138.046 0 7 1 1 0 1 7 2 13 38
138.173 0 6 1 1 0 1 6 2 14 38
138.523 0 7 1 1 0 1 7 2 13 38
138.595 0 6 1 1 0 1 6 2 14 38
138.717 0 7 1 1 0 1 7 2 13 38
138.786 0 8 1 1 0 1 8 2 12 38
139.711 0 9 1 1 0 1 9 2 11 38
140.378 0 10 1 1 0 1 10 2 10 38
140.622 0 11 1 1 0 1 11 2 9 38
141.946 0 12 1 1 0 1 12 2 8 38
143.006 0 11 1 1 0 1 11 2 9 38
143.084 0 10 1 1 0 1 10 2 10 38
144.436 0 11 1 1 0 1 11 2 9 38
145.028 0 10 1 1 0 1 10 2 10 38
146.399 0 9 1 1 0 1 9 2 11 38
147.002 0 10 1 1 1 1 9 1 11 38
149.796 0 9 1 1 1 1 8 1 12 38
151.302 0 10 1 1 1 1 9 1 11 38
151.412 0 9 1 1 1 1 8 1 12 38
152.959 0 10 1 1 1 1 9 1 11 38
153.372 0 9 1 1 1 1 8 1 12 38
153.829 0 8 1 1 1 1 7 1 13 38
157.648 0 7 1 1 1 1 6 1 14 38
157.958 0 8 1 1 1 1 7 1 13 38
158.135 0 9 1 1 1 1 8 1 12 38
158.562 0 8 1 1 1 1 7 1 13 38
159.212 0 8 1 1 2 2 6 1 13 38
160.348 0 9 1 1 2 2 7 1 12 38
161.432 0 10 1 1 2 2 8 1 11 38
163.58 0 9 1 1 2 2 7 1 12 38
163.628 0 9 2 2 2 1 7 1 12 38
164.272 0 10 2 2 2 1 8 1 11 38
167.102 0 10 2 2 3 2 7 1 11 38
167.302 0 11 2 2 3 2 8 1 10 38
167.44 0 12 2 2 3 2 9 1 9 38
167.68 0 11 2 2 3 2 8 1 10 38
169.358 0 10 2 2 3 2 7 1 11 38
169.961 0 9 2 2 3 2 6 1 12 38
170.721 0 8 2 2 3 2 5 1 13 38
170.82 0 7 2 2 3 2 4 1 14 38
172.664 0 8 2 2 3 2 5 1 13 38
173.737 0 9 2 2 3 2 6 1 12 38
176.06 0 9 2 2 4 3 5 1 12 38
176.755 0 8 2 2 3 3 5 2 12 38
177.557 0 8 2 2 3 2 5 1 12 39
177.692 0 7 2 2 2 2 5 2 12 39
180.116 0 6 2 2 1 2 5 3 12 39
181.387 0 5 2 2 1 2 4 3 13 39
185.299 0 4 2 2 1 2 3 3 14 39
189.365 0 5 2 2 1 2 4 3 13 39
192.434 0 6 2 2 1 2 5 3 12 39
193.841 0 5 2 2 1 2 4 3 13 39
197.707 0 6 2 2 1 2 5 3 12 39
199.114 0 6 2 2 2 3 4 3 12 39
206.185 0 5 2 2 2 3 3 3 13 39
206.57 0 4 2 2 2 3 2 3 14 39
206.937 0 4 2 2 1 2 3 3 14 39
207.147 0 5 2 2 1 2 4 3 13 39
207.651 0 5 2 2 1 1 4 2 13 40
210.03 0 4 2 2 1 1 3 2 14 40
210.376 0 4 2 2 0 0 4 2 14 40
211.593 0 5 2 2 0 0 5 2 13 40
212.899 0 6 2 2 0 0 6 2 12 40
217.503 0 7 2 2 0 0 7 2 11 40
217.596 0 6 2 2 0 0 6 2 12 40
219.103 0 6 1 1 0 1 6 2 12 40
219.363 0 7 1 1 0 1 7 2 11 40
221.305 0 8 1 1 0 1 8 2 10 40
222.286 0 7 1 1 0 1 7 2 11 40
223.627 0 6 1 1 0 1 6 2 12 40
224.049 0 5 1 1 0 1 5 2 13 40
224.827 0 6 1 1 0 1 6 2 12 40
227.888 0 7 1 1 0 1 7 2 11 40
229.439 0 8 1 1 0 1 8 2 10 40
229.798 0 7 1 1 0 1 7 2 11 40
229.971 0 7 1 1 1 2 6 2 11 40
230.756 0 6 1 1 1 2 5 2 12 40
231.894 0 7 1 1 1 2 6 2 11 40
234.329 0 7 1 1 1 1 6 1 11 41
235.54 0 6 1 1 1 1 5 1 12 41
236.412 0 7 1 1 1 1 6 1 11 41
239.644 0 6 1 1 1 1 5 1 12 41
241.073 0 5 1 1 1 1 4 1 13 41
243.237 0 6 1 1 1 1 5 1 12 41
243.529 0 7 1 1 1 1 6 1 11 41
245.598 0 8 1 1 1 1 7 1 10 41
246.124 0 9 1 1 1 1 8 1 9 41
250.419 0 10 1 1 1 1 9 1 8 41
251.822 0 9 1 1 1 1 8 1 9 41
252.505 0 10 1 1 1 1 9 1 8 41
252.748 0 9 1 1 1 1 8 1 9 41
253.541 0 8 1 1 1 1 7 1 10 41
253.933 0 9 1 1 1 1 8 1 9 41
255.556 0 10 1 1 1 1 9 1 8 41
256.619 0 9 1 1 1 1 8 1 9 41
256.738 0 10 1 1 1 1 9 1 8 41
257.872 0 11 1 1 1 1 10 1 7 41
259.23 0 10 1 1 1 1 9 1 8 41
260.507 0 9 1 1 1 1 8 1 9 41
261.42 0 8 1 1 1 1 7 1 10 41
261.435 0 8 1 1 2 2 6 1 10 41
261.997 0 8 1 1 3 3 5 1 10 41
262.996 0 8 2 2 3 2 5 1 10 41
264.085 1 9 2 2 2 2 5 1 10 41
264.176 1 10 2 2 2 2 6 1 9 41
264.735 1 10 3 3 2 1 6 1 9 41
265.997 0 9 3 3 3 1 6 1 9 41
266.032 0 10 3 3 3 1 7 1 8 41
266.148 0 9 3 3 3 1 6 1 9 41
266.37 0 8 3 3 3 1 5 1 10 41
266.663 0 9 3 3 3 1 6 1 9 41
269.934 0 9 2 2 3 2 6 1 9 41
270.347 0 8 2 2 3 2 5 1 10 41
270.736 0 9 2 2 3 2 6 1 9 41
271.15 0 8 2 2 3 2 5 1 10 41
271.2 0 8 2 2 4 3 4 1 10 41
271.551 0 8 2 2 4 2 4 0 10 42
273 0 8 2 2 3 1 5 0 10 42
275.014 1 9 2 2 2 1 5 0 10 42
275.435 1 9 1 1 2 2 5 0 10 42
276.245 1 8 1 1 2 2 4 0 11 42
276.571 1 9 1 1 2 2 5 0 10 42
278.196 1 10 1 1 2 2 6 0 9 42
278.583 1 10 1 1 1 1 7 0 9 42
278.701 1 9 1 1 1 1 6 0 10 42
280.1 1 10 1 1 1 1 7 0 9 42
282.044 1 9 1 1 1 1 6 0 10 42
282.454 1 10 1 1 1 1 7 0 9 42
283.07 1 9 1 1 1 1 6 0 10 42
283.489 1 8 1 1 1 1 5 0 11 42
284.396 1 9 1 1 1 1 6 0 10 42
284.623 1 8 1 1 1 1 5 0 11 42
286.673 0 7 1 1 2 1 5 0 11 42
288.441 0 6 1 1 2 1 4 0 12 42
289.007 0 7 1 1 2 1 5 0 11 42
290.113 0 6 1 1 2 1 4 0 12 42
292.946 0 5 1 1 2 1 3 0 13 42
293.213 0 5 2 2 2 0 3 0 13 42
293.391 0 6 2 2 2 0 4 0 12 42
294.554 0 7 2 2 2 0 5 0 11 42
294.612 0 8 2 2 2 0 6 0 10 42
295.618 0 7 2 2 2 0 5 0 11 42
301.466 0 6 2 2 2 0 4 0 12 42
301.646 0 7 2 2 2 0 5 0 11 42
302.582 0 8 2 2 2 0 6 0 10 42
302.955 0 9 2 2 2 0 7 0 9 42
304.662 0 8 2 2 1 0 7 1 9 42
307.24 0 7 2 2 1 0 6 1 10 42
307.92 0 6 2 2 1 0 5 1 11 42
308.401 0 5 2 2 1 0 4 1 12 42
310.407 0 4 2 2 1 0 3 1 13 42
311.994 0 5 2 2 1 0 4 1 12 42
313.873 0 4 2 2 1 0 3 1 13 42
314.377 0 3 2 2 1 0 2 1 14 42
314.96 1 4 2 2 0 0 2 1 14 42
315.045 1 5 2 2 0 0 3 1 13 42
315.286 1 6 2 2 0 0 4 1 12 42
315.705 1 7 2 2 0 0 5 1 11 42
316.755 1 8 2 2 0 0 6 1 10 42
317.856 1 9 2 2 0 0 7 1 9 42
319.729 1 8 2 2 0 0 6 1 10 42
319.89 1 7 2 2 0 0 5 1 11 42
320.447 1 8 2 2 1 0 5 0 11 42
320.793 1 7 2 2 1 0 4 0 12 42
322.177 1 7 2 2 2 1 3 0 12 42
323.026 1 8 2 2 2 1 4 0 11 42
323.64 1 9 2 2 2 1 5 0 10 42
328.48 1 10 2 2 2 1 6 0 9 42
330.74 1 11 2 2 2 1 7 0 8 42
333.17 1 12 2 2 2 1 8 0 7 42
333.251 0 11 2 2 3 1 8 0 7 42
333.881 1 12 2 2 2 1 8 0 7 42
334.644 1 11 2 2 2 1 7 0 8 42
335.045 1 12 2 2 2 1 8 0 7 42
335.177 0 11 2 2 3 1 8 0 7 42
335.391 0 11 2 2 2 0 9 0 7 42
336.875 0 10 2 2 1 0 9 1 7 42
337.733 0 11 2 2 1 0 10 1 6 42
338.118 0 10 2 2 1 0 9 1 7 42
340.431 0 11 2 2 1 0 10 1 6 42
340.844 0 10 2 2 1 0 9 1 7 42
341.334 0 9 2 2 1 0 8 1 8 42
342.109 0 8 2 2 0 0 8 2 8 42
345.147 0 7 2 2 0 0 7 2 9 42
346.573 0 6 2 2 0 0 6 2 10 42
348.042 0 5 2 2 0 0 5 2 11 42
351.102 0 6 2 2 0 0 6 2 10 42
358.448 0 7 2 2 0 0 7 2 9 42
362.632 0 8 2 2 0 0 8 2 8 42
363.9 0 9 2 2 0 0 9 2 7 42
364.339 0 8 2 2 0 0 8 2 8 42
364.445 0 9 2 2 0 0 9 2 7 42
364.734 0 8 2 2 0 0 8 2 8 42
365.225 0 7 2 2 0 0 7 2 9 42
366.231 0 8 2 2 0 0 8 2 8 42
367.397 0 7 2 2 0 0 7 2 9 42
368.807 0 8 2 2 1 0 7 1 9 42
370.248 0 9 2 2 1 0 8 1 8 42
370.808 0 8 2 2 1 0 7 1 9 42
371.861 0 9 2 2 1 0 8 1 8 42
372.556 0 10 2 2 1 0 9 1 7 42
374.144 0 9 2 2 0 0 9 2 7 42
374.676 0 8 2 2 0 0 8 2 8 42
376.703 0 9 2 2 0 0 9 2 7 42
376.908 0 8 2 2 0 0 8 2 8 42
377.641 0 7 2 2 0 0 7 2 9 42
378.191 0 6 2 2 0 0 6 2 10 42
379.815 0 5 2 2 0 0 5 2 11 42
380.198 0 5 1 1 0 1 5 2 11 42
380.483 0 4 1 1 0 1 4 2 12 42
380.95 0 4 1 1 0 0 4 1 12 43
382.818 0 3 1 1 0 0 3 1 13 43
385.806 0 4 1 1 0 0 4 1 12 43
385.899 0 5 1 1 0 0 5 1 11 43
391.938 0 6 1 1 0 0 6 1 10 43
392.421 0 7 1 1 0 0 7 1 9 43
395.186 0 8 1 1 0 0 8 1 8 43
397.127 0 9 1 1 0 0 9 1 7 43
399.557 0 8 1 1 0 0 8 1 8 43
400.666 0 9 1 1 0 0 9 1 7 43
400.722 0 10 1 1 0 0 10 1 6 43
401.539 0 9 1 1 0 0 9 1 7 43
402.488 0 10 1 1 0 0 10 1 6 43
405.441 0 9 1 1 0 0 9 1 7 43
405.714 0 10 1 1 0 0 10 1 6 43
406.441 0 9 1 1 0 0 9 1 7 43
408.901 0 10 1 1 0 0 10 1 6 43
409.316 0 9 1 1 0 0 9 1 7 43
410.116 0 8 1 1 0 0 8 1 8 43
412.871 0 7 1 1 0 0 7 1 9 43
412.911 0 8 1 1 0 0 8 1 8 43
416.293 0 7 1 1 0 0 7 1 9 43
416.663 0 6 1 1 0 0 6 1 10 43
416.879 0 7 1 1 0 0 7 1 9 43
417.396 0 6 1 1 0 0 6 1 10 43
417.681 0 7 1 1 0 0 7 1 9 43
419.617 0 6 1 1 0 0 6 1 10 43
421.69 0 7 1 1 0 0 7 1 9 43
425.721 0 6 1 1 0 0 6 1 10 43
425.872 0 7 1 1 0 0 7 1 9 43
428.082 0 6 1 1 0 0 6 1 10 43
429.551 0 5 1 1 0 0 5 1 11 43
432 0 4 1 1 0 0 4 1 12 43
432.799 0 5 1 1 0 0 5 1 11 43
433.492 0 6 1 1 0 0 6 1 10 43
435.645 0 7 1 1 0 0 7 1 9 43
436.354 0 6 1 1 0 0 6 1 10 43
436.801 0 5 1 1 0 0 5 1 11 43
437.645 0 6 1 1 0 0 6 1 10 43
439.729 0 5 1 1 0 0 5 1 11 43
439.889 0 4 1 1 0 0 4 1 12 43
439.983 0 3 1 1 0 0 3 1 13 43
441.84 0 4 1 1 0 0 4 1 12 43
442.131 0 5 1 1 0 0 5 1 11 43
443.198 0 6 1 1 0 0 6 1 10 43
445.212 0 7 1 1 0 0 7 1 9 43
447.862 0 8 1 1 0 0 8 1 8 43
451.292 0 7 1 1 0 0 7 1 9 43
451.759 0 8 1 1 0 0 8 1 8 43
454.45 0 7 1 1 0 0 7 1 9 43
455.525 0 6 1 1 0 0 6 1 10 43
461.549 0 5 1 1 0 0 5 1 11 43
462.169 0 6 1 1 0 0 6 1 10 43
463.416 0 5 1 1 0 0 5 1 11 43
464.998 0 6 1 1 0 0 6 1 10 43
465.782 0 5 1 1 0 0 5 1 11 43
466.139 0 6 1 1 0 0 6 1 10 43
467.324 0 5 1 1 0 0 5 1 11 43
467.769 0 4 1 1 0 0 4 1 12 43
468.646 0 5 1 1 0 0 5 1 11 43
472.936 0 6 1 1 0 0 6 1 10 43
477.731 0 5 1 1 0 0 5 1 11 43
478.723 0 4 1 1 0 0 4 1 12 43
479.577 0 5 1 1 0 0 5 1 11 43
479.905 0 6 1 1 0 0 6 1 10 43
480.553 0 5 1 1 0 0 5 1 11 43
484.203 0 6 1 1 0 0 6 1 10 43
485.77 0 7 1 1 0 0 7 1 9 43
486.889 0 8 1 1 0 0 8 1 8 43
489.655 0 9 1 1 0 0 9 1 7 43
490.373 0 9 1 1 1 1 8 1 7 43
492.447 0 8 1 1 1 1 7 1 8 43
494.035 0 8 2 2 1 0 7 1 8 43
494.825 0 7 2 2 1 0 6 1 9 43
494.909 0 6 2 2 1 0 5 1 10 43
496.487 0 6 1 1 1 1 5 1 10 43
501.586 0 5 1 1 0 1 5 2 10 43
503.918 0 6 1 1 0 1 6 2 9 43
504.981 0 7 1 1 0 1 7 2 8 43
505.183 0 6 1 1 0 1 6 2 9 43
505.925 0 7 1 1 0 1 7 2 8 43
506.594 0 8 1 1 0 1 8 2 7 43
508.584 0 9 1 1 1 1 8 1 7 43
509.242 0 9 1 1 1 0 8 0 7 44
509.485 0 8 1 1 0 0 8 1 7 44
510.376 0 7 1 1 0 0 7 1 8 44
511.805 0 8 1 1 0 0 8 1 7 44
512.318 0 8 1 1 1 1 7 1 7 44
513.935 0 7 1 1 1 1 6 1 8 44
514.443 0 6 1 1 1 1 5 1 9 44
516.111 0 5 1 1 1 1 4 1 10 44
518.522 0 5 2 2 1 0 4 1 10 44
519.921 0 6 2 2 1 0 5 1 9 44
519.971 0 7 2 2 1 0 6 1 8 44
521.367 0 8 2 2 1 0 7 1 7 44
523.003 0 8 2 2 1 1 7 2 7 43
524.237 0 9 2 2 1 1 8 2 6 43
524.571 0 8 2 2 1 1 7 2 7 43
524.71 0 7 2 2 1 1 6 2 8 43
526.662 0 8 2 2 1 1 7 2 7 43
526.725 0 9 2 2 1 1 8 2 6 43
530.297 0 8 2 2 1 1 7 2 7 43
531.388 0 9 2 2 1 1 8 2 6 43
531.402 0 9 2 2 1 0 8 1 6 44
531.496 0 8 2 2 0 0 8 2 6 44
531.616 0 7 2 2 0 0 7 2 7 44
532.079 0 6 2 2 0 0 6 2 8 44
532.803 0 5 2 2 0 0 5 2 9 44
533.574 0 6 2 2 0 0 6 2 8 44
537.085 0 6 1 1 0 1 6 2 8 44
538.406 0 5 1 1 0 1 5 2 9 44
545.064 0 6 1 1 0 1 6 2 8 44
547.057 0 7 1 1 0 1 7 2 7 44
548.479 0 6 1 1 0 1 6 2 8 44
553.502 0 7 1 1 0 1 7 2 7 44
553.675 0 7 1 1 0 2 7 3 7 43
555.074 0 8 1 1 0 2 8 3 6 43
556.466 0 9 1 1 0 2 9 3 5 43
556.954 0 8 1 1 0 2 8 3 6 43
557.912 0 7 1 1 0 2 7 3 7 43
566.477 0 6 1 1 0 2 6 3 8 43
566.755 0 7 1 1 0 2 7 3 7 43
567.629 0 6 1 1 0 2 6 3 8 43
567.776 0 5 1 1 0 2 5 3 9 43
571.741 0 4 1 1 0 2 4 3 10 43
574.473 0 5 1 1 0 2 5 3 9 43
575.897 0 4 1 1 0 2 4 3 10 43
577.741 0 5 1 1 0 2 5 3 9 43
577.741 0 6 1 1 0 2 6 3 8 43
577.879 0 5 1 1 0 2 5 3 9 43
579.592 0 6 1 1 0 2 6 3 8 43
584.359 0 7 1 1 0 2 7 3 7 43
584.79 0 6 1 1 0 2 6 3 8 43
585.863 0 5 1 1 0 2 5 3 9 43
586.485 0 6 1 1 1 2 5 2 9 43
586.566 0 7 1 1 1 2 6 2 8 43
588.013 0 8 1 1 1 2 7 2 7 43
589.045 0 9 1 1 1 2 8 2 6 43
590.511 0 8 1 1 1 2 7 2 7 43
593.943 0 7 1 1 1 2 6 2 8 43
595.305 0 6 1 1 1 2 5 2 9 43
595.473 0 7 1 1 1 2 6 2 8 43
596.371 0 6 1 1 1 2 5 2 9 43
597.361 0 6 1 1 2 3 4 2 9 43
597.386 0 6 1 1 2 2 4 1 9 44
598.243 0 5 1 1 1 2 4 2 9 44
600.713 0 6 1 1 1 2 5 2 8 44
605.029 0 7 1 1 1 2 6 2 7 44
605.064 0 7 1 1 1 1 6 1 7 45
606.678 0 8 1 1 1 1 7 1 6 45
607.557 0 7 1 1 1 1 6 1 7 45
609.112 0 8 1 1 1 1 7 1 6 45
612.747 0 9 1 1 1 1 8 1 5 45
613.123 0 8 1 1 1 1 7 1 6 45
616.049 0 9 1 1 1 1 8 1 5 45
616.515 0 8 1 1 1 1 7 1 6 45
620.315 0 7 1 1 1 1 6 1 7 45
622.342 1 8 1 1 0 1 6 1 7 45
622.64 1 9 1 1 0 1 7 1 6 45
625.848 1 10 1 1 0 1 8 1 5 45
627.716 1 9 1 1 0 1 7 1 6 45
630.289 1 8 1 1 0 1 6 1 7 45
632.322 1 7 1 1 0 1 5 1 8 45
633.877 1 6 1 1 0 1 4 1 9 45
634.387 1 7 1 1 0 1 5 1 8 45
634.595 1 6 1 1 0 1 4 1 9 45
647.507 1 5 1 1 0 1 3 1 10 45
651.528 0 4 1 1 1 1 3 1 10 45
660.666 0 5 1 1 1 1 4 1 9 45
662.363 0 4 1 1 1 1 3 1 10 45
663.242 0 3 1 1 1 1 2 1 11 45
664.294 0 4 1 1 1 1 3 1 10 45
665.179 0 5 1 1 1 1 4 1 9 45
667.607 0 6 1 1 1 1 5 1 8 45
668.41 0 5 1 1 1 1 4 1 9 45
671.022 0 6 1 1 1 1 5 1 8 45
671.062 0 5 1 1 1 1 4 1 9 45
673.806 0 4 1 1 1 1 3 1 10 45
674.937 0 5 1 1 1 1 4 1 9 45
676.46 0 4 1 1 0 1 4 2 9 45
678.88 0 4 1 1 1 2 3 2 9 45
679.944 1 5 1 1 0 2 3 2 9 45
681.107 1 6 1 1 0 2 4 2 8 45
682.801 1 7 1 1 0 2 5 2 7 45
683.78 1 8 1 1 0 2 6 2 6 45
684.351 1 7 1 1 0 2 5 2 7 45
684.64 1 6 1 1 0 2 4 2 8 45
684.896 1 6 2 2 0 1 4 2 8 45
688.734 1 6 1 1 0 2 4 2 8 45
688.904 1 7 1 1 0 2 5 2 7 45
690.117 1 6 1 1 0 2 4 2 8 45
691.222 1 6 1 1 0 1 4 1 8 46
692.484 1 7 1 1 0 1 5 1 7 46
693.196 0 6 1 1 1 1 5 1 7 46
695.078 0 5 1 1 1 1 4 1 8 46
697.002 0 6 1 1 1 1 5 1 7 46
698.643 0 7 1 1 1 1 6 1 6 46
698.707 0 8 1 1 1 1 7 1 5 46
699.367 0 7 1 1 1 1 6 1 6 46
700.534 0 6 1 1 1 1 5 1 7 46
704.521 0 5 1 1 1 1 4 1 8 46
706.649 0 6 1 1 1 1 5 1 7 46
708.243 0 5 1 1 1 1 4 1 8 46
710.01 0 6 1 1 1 1 5 1 7 46
712.032 0 5 1 1 1 1 4 1 8 46
714.801 0 6 1 1 1 1 5 1 7 46
716.214 0 7 1 1 1 1 6 1 6 46
718.625 0 8 1 1 1 1 7 1 5 46
719.562 0 9 1 1 1 1 8 1 4 46
724.633 0 10 1 1 1 1 9 1 3 46
724.685 0 9 1 1 1 1 8 1 4 46
725.534 0 8 1 1 1 1 7 1 5 46
727.132 0 7 1 1 1 1 6 1 6 46
729.167 0 8 1 1 1 1 7 1 5 46
729.482 0 9 1 1 1 1 8 1 4 46
732.311 0 10 1 1 1 1 9 1 3 46
732.435 0 9 1 1 1 1 8 1 4 46
732.658 0 8 1 1 1 1 7 1 5 46
733.319 0 7 1 1 1 1 6 1 6 46
733.66 0 8 1 1 1 1 7 1 5 46
734.527 0 7 1 1 1 1 6 1 6 46
735.055 0 8 1 1 2 1 6 0 6 46
735.345 0 9 1 1 2 1 7 0 5 46
735.423 0 8 1 1 2 1 6 0 6 46
735.724 0 9 1 1 2 1 7 0 5 46
737.846 1 10 1 1 1 1 7 0 5 46
739.074 1 9 1 1 1 1 6 0 6 46
742.035 1 8 1 1 0 1 6 1 6 46
745.049 1 7 1 1 0 1 5 1 7 46
745.918 1 8 1 1 0 1 6 1 6 46
749.076 1 9 1 1 0 1 7 1 5 46
749.32 0 8 1 1 1 1 7 1 5 46
752.201 0 8 1 1 1 0 7 0 5 47
753.929 0 9 1 1 1 0 8 0 4 47
754.067 0 8 1 1 1 0 7 0 5 47
754.614 0 7 1 1 1 0 6 0 6 47
757.721 0 6 1 1 1 0 5 0 7 47
759.335 0 7 1 1 1 0 6 0 6 47
761.154 0 6 1 1 1 0 5 0 7 47
763.548 0 5 1 1 1 0 4 0 8 47
765.959 0 5 1 1 2 1 3 0 8 47
766.195 0 6 1 1 2 1 4 0 7 47
770.018 0 7 1 1 2 1 5 0 6 47
771.936 0 6 1 1 2 1 4 0 7 47
773.765 0 7 1 1 2 1 5 0 6 47
776.504 0 6 1 1 1 1 5 1 6 47
777.491 0 6 0 0 1 2 5 1 6 47
778.798 0 7 0 0 1 2 6 1 5 47
779.442 0 8 0 0 1 2 7 1 4 47
780.541 0 7 0 0 1 2 6 1 5 47
780.707 0 6 0 0 1 2 5 1 6 47
790.638 0 5 0 0 1 2 4 1 7 47
791.813 1 6 0 0 0 2 4 1 7 47
800.457 1 7 0 0 0 2 5 1 6 47
800.9 1 6 0 0 0 2 4 1 7 47
808.761 0 5 0 0 1 2 4 1 7 47
809.391 0 6 0 0 1 2 5 1 6 47
809.972 0 7 0 0 1 2 6 1 5 47
810.173 0 6 0 0 1 2 5 1 6 47
814.586 0 5 0 0 1 2 4 1 7 47
814.767 0 4 0 0 1 2 3 1 8 47
815.503 0 5 0 0 1 2 4 1 7 47
818.11 0 4 0 0 1 2 3 1 8 47
821.394 0 5 0 0 1 2 4 1 7 47
821.424 0 6 0 0 1 2 5 1 6 47
822.638 0 7 0 0 1 2 6 1 5 47
822.935 0 6 0 0 1 2 5 1 6 47
823.044 0 5 0 0 1 2 4 1 7 47
823.174 0 6 0 0 1 2 5 1 6 47
825.524 0 7 0 0 1 2 6 1 5 47
827.836 0 6 0 0 1 2 5 1 6 47
828.249 0 7 0 0 1 2 6 1 5 47
830.917 0 6 0 0 0 2 6 2 5 47
831.321 0 5 0 0 0 2 5 2 6 47
832.62 0 6 0 0 0 2 6 2 5 47
834.849 0 5 0 0 0 2 5 2 6 47
838.742 0 4 0 0 0 2 4 2 7 47
838.845 0 5 0 0 0 2 5 2 6 47
842.106 0 4 0 0 0 2 4 2 7 47
844.389 0 3 0 0 0 2 3 2 8 47
844.776 0 4 0 0 0 2 4 2 7 47
850.373 0 5 0 0 0 2 5 2 6 47
852.336 0 4 0 0 0 2 4 2 7 47
858.419 0 4 0 0 0 1 4 1 7 48
858.462 0 4 0 0 1 2 3 1 7 48
865.537 0 3 0 0 1 2 2 1 8 48
866.64 0 4 0 0 1 2 3 1 7 48
870.456 0 5 0 0 1 2 4 1 6 48
872.614 0 5 0 0 0 1 5 1 6 48
872.853 0 6 0 0 0 1 6 1 5 48
873.078 0 5 0 0 0 1 5 1 6 48
875.442 0 4 0 0 0 1 4 1 7 48
879.111 0 4 1 1 0 0 4 1 7 48
880.974 0 5 1 1 0 0 5 1 6 48
882.662 0 6 1 1 0 0 6 1 5 48
883.567 0 5 1 1 0 0 5 1 6 48
884.282 0 6 1 1 0 0 6 1 5 48
891.945 0 5 1 1 0 0 5 1 6 48
892.568 0 4 1 1 0 0 4 1 7 48
894.526 0 5 1 1 0 0 5 1 6 48
896.457 0 6 1 1 0 0 6 1 5 48
896.512 0 5 1 1 0 0 5 1 6 48
898.941 0 4 1 1 0 0 4 1 7 48
899.209 0 5 1 1 0 0 5 1 6 48
903.448 0 6 1 1 0 0 6 1 5 48
904.437 0 5 1 1 0 0 5 1 6 48
914.012 0 5 1 1 0 1 5 2 6 47
918.672 0 4 1 1 0 1 4 2 7 47
921.53 0 5 1 1 0 1 5 2 6 47
922.307 0 6 1 1 0 1 6 2 5 47
923.826 0 5 1 1 0 1 5 2 6 47
928.267 0 4 1 1 0 1 4 2 7 47
934.008 0 3 1 1 0 1 3 2 8 47
936.752 0 4 1 1 0 1 4 2 7 47
940.008 0 5 1 1 0 1 5 2 6 47
941.095 0 6 1 1 0 1 6 2 5 47
943.34 0 6 1 1 1 2 5 2 5 47
943.81 0 7 1 1 1 2 6 2 4 47
944.279 1 8 1 1 0 2 6 2 4 47
945.713 1 9 1 1 0 2 7 2 3 47
946.726 0 8 1 1 1 2 7 2 3 47
946.759 0 7 1 1 1 2 6 2 4 47
954.822 0 6 1 1 1 2 5 2 5 47
955.354 0 5 1 1 1 2 4 2 6 47
956.059 0 5 1 1 1 1 4 1 6 48
961.129 0 4 1 1 1 1 3 1 7 48
961.663 0 3 1 1 1 1 2 1 8 48
964.181 0 4 1 1 1 1 3 1 7 48
966.427 0 5 1 1 1 1 4 1 6 48
967.067 0 6 1 1 1 1 5 1 5 48
968.405 0 5 1 1 1 1 4 1 6 48
970.765 0 6 1 1 1 1 5 1 5 48
970.886 0 5 1 1 1 1 4 1 6 48
972.386 0 6 1 1 1 1 5 1 5 48
972.862 0 7 1 1 1 1 6 1 4 48
973.746 0 6 1 1 1 1 5 1 5 48
973.902 1 7 1 1 0 1 5 1 5 48
974.43 1 8 1 1 0 1 6 1 4 48
975.073 1 7 1 1 0 1 5 1 5 48
977.763 1 6 1 1 0 1 4 1 6 48
977.875 1 5 1 1 0 1 3 1 7 48
979.291 1 6 1 1 0 1 4 1 6 48
980.479 1 7 1 1 0 1 5 1 5 48
981.328 1 8 1 1 0 1 6 1 4 48
982.132 1 7 1 1 0 1 5 1 5 48
983.079 1 6 1 1 0 1 4 1 6 48
983.713 1 7 1 1 0 1 5 1 5 48
983.807 1 8 1 1 0 1 6 1 4 48
988.473 1 7 1 1 0 1 5 1 5 48
990.341 1 8 1 1 0 1 6 1 4 48
992.037 1 9 1 1 1 1 6 0 4 48
995.131 1 8 1 1 1 1 5 0 5 48
996.058 1 9 1 1 1 1 6 0 4 48
998.199 1 8 1 1 1 1 5 0 5 48
999.794 1 7 1 1 1 1 4 0 6 48
1000.66 1 6 1 1 1 1 3 0 7 48
1001.12 1 5 1 1 1 1 2 0 8 48
1007.24 2 6 1 1 0 1 2 0 8 48
1012.84 2 7 1 1 0 1 3 0 7 48
1015.01 2 8 1 1 0 1 4 0 6 48
1019.28 2 9 1 1 0 1 5 0 5 48
1019.6 2 10 1 1 0 1 6 0 4 48
1019.77 2 9 1 1 0 1 5 0 5 48
1020.8 2 10 1 1 0 1 6 0 4 48
1022.79 2 11 1 1 0 1 7 0 3 48
1023.08 2 10 1 1 0 1 6 0 4 48
1023.29 2 11 1 1 0 1 7 0 3 48
1023.47 2 10 1 1 0 1 6 0 4 48
1023.84 1 9 1 1 1 1 6 0 4 48
1024.46 1 8 1 1 1 1 5 0 5 48
1025.48 1 7 1 1 1 1 4 0 6 48
1027 1 6 1 1 1 1 3 0 7 48
1028.75 2 7 1 1 0 1 3 0 7 48
1029.49 2 6 1 1 0 1 2 0 8 48
1033.11 1 5 1 1 1 1 2 0 8 48
1036.93 1 4 1 1 1 1 1 0 9 48
1037.1 1 5 1 1 1 1 2 0 8 48
1042.42 1 6 1 1 1 1 3 0 7 48
1043.01 1 7 1 1 1 1 4 0 6 48
1043.54 1 8 1 1 1 1 5 0 5 48
1044.75 1 7 1 1 1 1 4 0 6 48
1045.86 1 6 1 1 1 1 3 0 7 48
1047.64 1 5 1 1 0 1 3 1 7 48
1048.41 1 4 1 1 0 1 2 1 8 48
1050.31 1 5 1 1 0 1 3 1 7 48
1053.35 1 5 1 1 0 2 3 2 7 47
1054.41 1 6 1 1 0 2 4 2 6 47
1056.67 0 5 1 1 1 2 4 2 6 47
1060.05 0 5 1 1 1 3 4 3 6 46
1061.26 0 5 1 1 1 2 4 2 6 47
1074.57 0 6 1 1 1 2 5 2 5 47
1075.4 0 7 1 1 1 2 6 2 4 47
1076.07 0 7 1 1 2 3 5 2 4 47
1076.52 0 6 1 1 2 3 4 2 5 47
1078.46 0 5 1 1 1 3 4 3 5 47
1080.37 0 6 1 1 1 3 5 3 4 47
1090.18 0 7 1 1 1 3 6 3 3 47
1094.01 0 6 1 1 1 3 5 3 4 47
1096.09 0 7 1 1 1 3 6 3 3 47
1096.97 0 7 1 1 2 4 5 3 3 47
1099.51 0 8 1 1 2 4 6 3 2 47
1099.85 1 9 1 1 1 4 6 3 2 47
1100.61 0 8 1 1 2 4 6 3 2 47
1100.89 0 8 1 1 2 3 6 2 2 48
1104.48 0 7 1 1 2 3 5 2 3 48
1108.3 0 6 1 1 2 3 4 2 4 48
1108.33 0 6 1 1 3 4 3 2 4 48
1115.26 1 7 1 1 2 4 3 2 4 48
1116.55 1 7 1 1 3 5 2 2 4 48
1120.65 1 7 2 2 3 4 2 2 4 48
1122.7 1 6 2 2 2 4 2 3 4 48
1123.79 1 5 2 2 2 4 1 3 5 48
1125.76 2 6 2 2 1 4 1 3 5 48
1126.52 2 6 3 3 1 3 1 3 5 48
1128.15 2 6 2 2 1 4 1 3 5 48
1129.81 3 7 2 2 0 4 1 3 5 48
1134.89 2 6 2 2 1 4 1 3 5 48
1136.83 2 6 3 3 1 3 1 3 5 48
1139.4 1 5 3 3 2 3 1 3 5 48
1141.41 1 4 3 3 2 3 0 3 6 48
1142.94 1 4 3 3 2 2 0 2 6 49
1144.94 1 4 3 3 2 1 0 1 6 50
1149.94 2 5 3 3 1 1 0 1 6 50
1156.37 2 6 3 3 1 1 1 1 5 50
1160.5 1 5 3 3 2 1 1 1 5 50
1163.25 1 4 3 3 1 1 1 2 5 50
1164.86 1 5 3 3 1 1 2 2 4 50
1165.98 1 6 3 3 1 1 3 2 3 50
1168.03 1 5 3 3 1 1 2 2 4 50
1169.82 1 6 3 3 1 1 3 2 3 50
1171.36 1 7 3 3 1 1 4 2 2 50
1173.41 1 6 3 3 1 1 3 2 3 50
1183.71 2 7 3 3 0 1 3 2 3 50
1187.73 2 7 2 2 0 2 3 2 3 50
1188.2 2 6 2 2 0 2 2 2 4 50
1189.65 2 6 1 1 0 3 2 2 4 50
1190 2 7 1 1 0 3 3 2 3 50
1190.9 2 8 1 1 1 3 3 1 3 50
1192.89 3 9 1 1 0 3 3 1 3 50
1193.98 3 8 1 1 0 3 2 1 4 50
1194.33 3 9 1 1 0 3 3 1 3 50
1194.6 3 8 1 1 0 3 2 1 4 50
1195.56 3 7 1 1 0 3 1 1 5 50
1198.97 2 6 1 1 1 3 1 1 5 50
1199.6 2 7 1 1 1 3 2 1 4 50
1200.08 2 7 1 1 0 2 3 1 4 50
1201.41 1 6 1 1 1 2 3 1 4 50
1201.94 1 6 1 1 1 1 3 0 4 51
1202.47 1 7 1 1 1 1 4 0 3 51
1202.97 1 6 1 1 0 1 4 1 3 51
1205.45 1 5 1 1 0 1 3 1 4 51
1205.96 1 4 1 1 0 1 2 1 5 51
1210.28 1 5 1 1 0 1 3 1 4 51
1214.59 1 6 1 1 0 1 4 1 3 51
1218.61 1 7 1 1 0 1 5 1 2 51
1224.51 0 6 1 1 1 1 5 1 2 51
1225.79 0 7 1 1 1 1 6 1 1 51
1227.58 0 6 1 1 1 1 5 1 2 51
1229.71 0 5 1 1 0 1 5 2 2 51
1234.53 0 4 1 1 0 1 4 2 3 51
1238.28 0 4 1 1 0 2 4 3 3 50
1240.89 0 5 1 1 0 2 5 3 2 50
1246.45 0 4 1 1 0 2 4 3 3 50
1248.89 0 5 1 1 1 2 4 2 3 50
1253.68 0 4 1 1 1 2 3 2 4 50
1255.35 0 4 1 1 2 3 2 2 4 50
1256.63 0 4 1 1 2 2 2 1 4 51
1257.24 0 5 1 1 2 2 3 1 3 51
1257.53 0 5 1 1 1 1 4 1 3 51
1259.74 0 4 1 1 1 1 3 1 4 51
1260.37 0 4 1 1 2 2 2 1 4 51
1265.15 0 4 1 1 2 1 2 0 4 52
1267.49 0 5 1 1 2 1 3 0 3 52
1268.85 0 6 1 1 2 1 4 0 2 52
1272.24 0 7 1 1 2 1 5 0 1 52
1278.03 0 6 1 1 1 1 5 1 1 52
1278.55 0 5 1 1 1 1 4 1 2 52
1280.81 0 6 1 1 1 1 5 1 1 52
1281.79 0 7 1 1 1 1 6 1 0 52
1282.08 0 7 1 1 1 0 6 0 0 53
1286.55 0 6 1 1 1 0 5 0 1 53
1289.36 0 5 1 1 0 0 5 1 1 53
1290.18 0 4 1 1 0 0 4 1 2 53
1292.52 0 5 1 1 0 0 5 1 1 53
1298.28 0 4 1 1 0 0 4 1 2 53
1299.21 0 3 1 1 0 0 3 1 3 53
1301.9 0 3 1 1 0 1 3 2 3 52
1305.35 0 2 1 1 0 1 2 2 4 52
1307.7 0 1 1 1 0 1 1 2 5 52
1307.94 0 2 1 1 0 1 2 2 4 52
1308.46 0 2 0 0 0 2 2 2 4 52
1311.91 0 3 0 0 0 2 3 2 3 52
1314.74 0 4 0 0 1 2 3 1 3 52
1316.1 0 3 0 0 1 2 2 1 4 52
1316.72 0 4 0 0 1 2 3 1 3 52
1328.35 0 4 0 0 0 1 4 1 3 52
1328.49 0 3 0 0 0 1 3 1 4 52
1329.72 0 4 0 0 0 1 4 1 3 52
1331.71 0 3 0 0 0 1 3 1 4 52
1334.8 0 4 0 0 0 1 4 1 3 52
1338.42 0 3 0 0 0 1 3 1 4 52
1339.05 0 4 0 0 1 1 3 0 4 52
1343.42 0 3 0 0 1 1 2 0 5 52
1357.19 0 4 0 0 1 1 3 0 4 52
1360.53 0 5 0 0 1 1 4 0 3 52
1361.58 0 4 0 0 1 1 3 0 4 52
1361.64 0 3 0 0 1 1 2 0 5 52
1361.74 0 4 0 0 1 1 3 0 4 52
1371.17 0 5 0 0 1 1 4 0 3 52
1372.39 0 6 0 0 1 1 5 0 2 52
1376.88 1 7 0 0 0 1 5 0 2 52
1377.13 1 6 0 0 0 1 4 0 3 52
1383.51 1 6 1 1 0 0 4 0 3 52
1383.75 1 7 1 1 0 0 5 0 2 52
1383.79 1 6 1 1 0 0 4 0 3 52
1385.67 1 5 1 1 0 0 3 0 4 52
1386.93 1 4 1 1 0 0 2 0 5 52
1390.88 1 5 1 1 0 0 3 0 4 52
1392.13 1 4 1 1 0 0 2 0 5 52
1392.86 0 3 1 1 1 0 2 0 5 52
1397.01 0 4 1 1 1 0 3 0 4 52
1400.99 0 3 1 1 1 0 2 0 5 52
1402.49 1 4 1 1 0 0 2 0 5 52
1403.36 1 5 1 1 0 0 3 0 4 52
1403.62 1 4 1 1 0 0 2 0 5 52
1405.29 0 3 1 1 1 0 2 0 5 52
1412.36 0 4 1 1 1 0 3 0 4 52
1417.16 0 3 1 1 1 0 2 0 5 52
1423.49 0 2 1 1 1 0 1 0 6 52
1423.66 1 3 1 1 0 0 1 0 6 52
1425.86 1 4 1 1 0 0 2 0 5 52
1428.15 1 3 1 1 0 0 1 0 6 52
1428.76 1 4 1 1 0 0 2 0 5 52
1434.59 1 5 1 1 0 0 3 0 4 52
1439.43 0 4 1 1 1 0 3 0 4 52
1441.26 0 5 1 1 1 0 4 0 3 52
1443.11 0 6 1 1 1 0 5 0 2 52
1443.5 0 5 1 1 1 0 4 0 3 52
1448.55 0 5 1 1 2 1 3 0 3 52
1448.71 0 4 1 1 2 1 2 0 4 52
1455.84 0 5 1 1 2 1 3 0 3 52
1460.06 0 4 1 1 2 1 2 0 4 52
1466.82 1 5 1 1 1 1 2 0 4 52
1468.89 1 4 1 1 1 1 1 0 5 52
1470.37 1 5 1 1 1 1 2 0 4 52
1472.73 1 4 1 1 1 1 1 0 5 52
1472.93 1 4 1 1 1 2 1 1 5 51
1475.3 1 5 1 1 1 2 2 1 4 51
1475.7 1 6 1 1 1 2 3 1 3 51
1478.41 0 5 1 1 2 2 3 1 3 51
1479.41 0 6 1 1 2 2 4 1 2 51
1480.38 0 5 1 1 2 2 3 1 3 51
1480.86 0 4 1 1 1 2 3 2 3 51
1483.37 0 4 0 0 1 3 3 2 3 51
1488.54 0 4 0 0 1 2 3 1 3 52
1495.22 0 3 0 0 1 2 2 1 4 52
1495.37 1 4 0 0 0 2 2 1 4 52
1497.82 0 3 0 0 1 2 2 1 4 52
1498.5 0 3 0 0 0 1 3 1 4 52
1502.65 0 4 0 0 0 1 4 1 3 52
1505.42 0 5 0 0 0 1 5 1 2 52
1506.76 0 4 0 0 0 1 4 1 3 52
1507.51 0 3 0 0 0 1 3 1 4 52
1513.86 0 4 0 0 0 1 4 1 3 52
1514.85 0 4 0 0 1 2 3 1 3 52
1515.7 0 4 0 0 1 1 3 0 3 53
1518.61 0 3 0 0 0 1 3 1 3 53
1520.63 0 2 0 0 0 1 2 1 4 53
1520.99 0 1 0 0 0 1 1 1 5 53
1526.77 0 1 1 1 0 0 1 1 5 53
1530.54 0 2 1 1 0 0 2 1 4 53
1535.98 0 3 1 1 0 0 3 1 3 53
1537.17 0 4 1 1 0 0 4 1 2 53
1540.3 0 4 1 1 1 1 3 1 2 53
1540.81 0 5 1 1 1 1 4 1 1 53
1549.44 0 4 1 1 1 1 3 1 2 53
1550.87 0 5 1 1 1 1 4 1 1 53
1551.72 0 4 1 1 1 1 3 1 2 53
1552.26 0 4 1 1 1 2 3 2 2 52
1557.61 0 4 2 2 1 1 3 2 2 52
1559.69 0 5 2 2 2 1 3 1 2 52
1566.65 0 5 1 1 2 2 3 1 2 52
1569.18 0 5 2 2 2 1 3 1 2 52
1572.58 0 4 2 2 2 1 2 1 3 52
1573.16 1 5 2 2 1 1 2 1 3 52
1575.79 1 4 2 2 1 1 1 1 4 52
1587.6 1 5 2 2 1 1 2 1 3 52
1588.57 1 6 2 2 1 1 3 1 2 52
1589.81 1 5 2 2 1 1 2 1 3 52
1592.33 1 4 2 2 0 1 2 2 3 52
1601.23 1 4 3 3 0 0 2 2 3 52
1601.75 1 5 3 3 0 0 3 2 2 52
1605.97 1 4 3 3 0 0 2 2 3 52
1610.19 1 4 2 2 0 1 2 2 3 52
1611.82 1 4 3 3 0 0 2 2 3 52
1612.71 1 4 2 2 0 1 2 2 3 52
1615.46 1 5 2 2 0 1 3 2 2 52
1620.92 1 6 2 2 0 1 4 2 1 52
1622.43 1 5 2 2 0 1 3 2 2 52
1627.91 1 4 2 2 0 1 2 2 3 52
1637.24 1 5 2 2 0 1 3 2 2 52
1638.34 0 4 2 2 1 1 3 2 2 52
1641.73 0 3 2 2 0 1 3 3 2 52
1642.07 0 3 2 2 0 2 3 4 2 51
1643.47 0 3 2 2 0 1 3 3 2 52
1646.42 0 4 2 2 0 1 4 3 1 52
1646.99 0 3 2 2 0 1 3 3 2 52
1649.61 0 2 2 2 0 1 2 3 3 52
1679.53 0 3 2 2 0 1 3 3 2 52
1685.18 0 4 2 2 0 1 4 3 1 52
1689.42 0 4 1 1 0 2 4 3 1 52
1690.12 0 5 1 1 0 2 5 3 0 52
1690.49 0 5 0 0 0 3 5 3 0 52
1691.72 0 4 0 0 0 3 4 3 1 52
1694.05 0 5 0 0 0 3 5 3 0 52
1694.36 0 5 0 0 0 2 5 2 0 53
1697.15 0 4 0 0 0 2 4 2 1 53
1698.72 0 5 0 0 0 2 5 2 0 53
1708.74 0 4 0 0 0 2 4 2 1 53
1709.54 0 4 0 0 1 3 3 2 1 53
1709.67 0 3 0 0 1 3 2 2 2 53
1712.4 0 4 0 0 1 3 3 2 1 53
1713.72 0 4 0 0 0 2 4 2 1 53
1713.93 0 4 1 1 0 1 4 2 1 53
1714.67 0 3 1 1 0 1 3 2 2 53
1720.29 0 2 1 1 0 1 2 2 3 53
1727.55 0 1 1 1 0 1 1 2 4 53
1727.63 0 1 1 1 0 0 1 1 4 54
1738.04 0 2 1 1 0 0 2 1 3 54
1740.99 0 3 1 1 0 0 3 1 2 54
1744.96 0 4 1 1 0 0 4 1 1 54
1751.95 0 4 1 1 0 1 4 2 1 53
1760.44 0 5 1 1 1 1 4 1 1 53
1761.15 0 4 1 1 1 1 3 1 2 53
1763.37 0 4 1 1 2 2 2 1 2 53
1763.56 1 5 1 1 1 2 2 1 2 53
1763.67 1 4 1 1 1 2 1 1 3 53
1767.46 1 5 1 1 1 2 2 1 2 53
1770.19 1 4 1 1 1 2 1 1 3 53
1774.21 1 3 1 1 1 2 0 1 4 53
1776.74 1 4 1 1 1 2 1 1 3 53
1779.52 1 5 1 1 1 2 2 1 2 53
1780.2 1 4 1 1 0 2 2 2 2 53
1780.61 1 4 1 1 0 3 2 3 2 52
1788.18 1 4 1 1 0 2 2 2 2 53
1789.85 1 5 1 1 0 2 3 2 1 53
1800.31 1 6 1 1 1 2 3 1 1 53
1801.78 1 5 1 1 1 2 2 1 2 53
1802.16 1 4 1 1 1 2 1 1 3 53
1805.27 2 5 1 1 0 2 1 1 3 53
1815.83 2 4 1 1 0 2 0 1 4 53
1815.87 1 3 1 1 1 2 0 1 4 53
1816.74 2 4 1 1 0 2 0 1 4 53
1818.32 1 3 1 1 1 2 0 1 4 53
1819.97 0 2 1 1 2 2 0 1 4 53
1822.31 0 1 1 1 1 2 0 2 4 53
1823.91 0 1 1 1 1 3 0 3 4 52
1824.12 0 2 1 1 1 3 1 3 3 52
1826.78 0 3 1 1 1 3 2 3 2 52
1829.19 1 4 1 1 0 3 2 3 2 52
1832.53 1 3 1 1 0 3 1 3 3 52
1838.72 1 3 2 2 0 2 1 3 3 52
1847.88 1 4 2 2 0 2 2 3 2 52
1849.42 1 5 2 2 1 2 2 2 2 52
1854.14 0 4 2 2 2 2 2 2 2 52
1856.54 0 3 2 2 2 2 1 2 3 52
1859.01 0 3 2 2 2 1 1 1 3 53
1863.64 0 2 2 2 1 1 1 2 3 53
1864.75 0 3 2 2 2 1 1 1 3 53
1867.42 1 4 2 2 1 1 1 1 3 53
1867.53 0 3 2 2 2 1 1 1 3 53
1869.43 0 4 2 2 2 1 2 1 2 53
1889.75 0 4 2 2 2 0 2 0 2 54
1897.73 0 3 2 2 1 0 2 1 2 54
1902.62 0 4 2 2 1 0 3 1 1 54
1925.66 0 4 2 2 2 1 2 1 1 54
1926.76 0 3 2 2 2 1 1 1 2 54
1933.88 0 4 2 2 2 1 2 1 1 54
1934.03 0 5 2 2 2 1 3 1 0 54
1934.75 0 4 2 2 2 1 2 1 1 54
1935.17 0 3 2 2 2 1 1 1 2 54
1938.89 0 2 2 2 1 1 1 2 2 54
1940.89 0 3 2 2 1 1 2 2 1 54
1943.46 0 2 2 2 0 1 2 3 1 54
1946.1 0 2 1 1 0 2 2 3 1 54
1946.95 0 3 1 1 0 2 3 3 0 54
1961.17 0 3 1 1 0 1 3 2 0 55
1971.25 0 2 1 1 0 1 2 2 1 55
1971.35 0 2 1 1 0 0 2 1 1 56
1978.09 0 1 1 1 0 0 1 1 2 56
1978.16 0 2 1 1 0 0 2 1 1 56
2001.77 0 3 1 1 0 0 3 1 0 56
2005.02 0 2 1 1 0 0 2 1 1 56
2010.86 0 3 1 1 0 0 3 1 0 56
2032.44 0 2 1 1 0 0 2 1 1 56
2034.38 0 2 0 0 0 1 2 1 1 56
2038.91 0 1 0 0 0 1 1 1 2 56
2048.47 0 2 0 0 0 1 2 1 1 56
2049.2 0 2 0 0 0 2 2 2 1 55
2051.31 0 2 0 0 1 3 1 2 1 55
2075.54 0 2 1 1 1 2 1 2 1 55
2084.97 0 2 1 1 0 1 2 2 1 55
2106.87 0 2 2 2 0 0 2 2 1 55
2121.26 0 2 1 1 0 1 2 2 1 55
2122.63 0 3 1 1 0 1 3 2 0 55
2129.26 0 4 1 1 1 1 3 1 0 55
2137.02 0 3 1 1 1 1 2 1 1 55
2140.28 0 4 1 1 2 1 2 0 1 55
2141.24 0 3 1 1 2 1 1 0 2 55
2143.53 0 4 1 1 2 1 2 0 1 55
2146.29 0 3 1 1 1 1 2 1 1 55
2146.73 0 2 1 1 1 1 1 1 2 55
2148.92 0 2 1 1 1 0 1 0 2 56
2154.67 0 3 1 1 1 0 2 0 1 56
2165.72 0 2 1 1 1 0 1 0 2 56
2177.83 0 1 1 1 0 0 1 1 2 56
2179.79 0 2 1 1 0 0 2 1 1 56
2192.1 0 3 1 1 1 0 2 0 1 56
2193.28 0 2 1 1 0 0 2 1 1 56
2194.02 0 3 1 1 0 0 3 1 0 56
2211.29 0 2 1 1 0 0 2 1 1 56
2218.1 0 2 1 1 1 1 1 1 1 56
2219.21 0 2 1 1 0 0 2 1 1 56
2230.27 0 3 1 1 0 0 3 1 0 56
2243.53 0 3 1 1 0 1 3 2 0 55
2247.42 0 3 1 1 1 2 2 2 0 55
2251.92 0 3 1 1 1 1 2 1 0 56
2252.13 0 2 1 1 1 1 1 1 1 56
2253.83 1 3 1 1 0 1 1 1 1 56
2255.96 0 2 1 1 1 1 1 1 1 56
2259.21 0 2 1 1 1 2 1 2 1 55
2267.12 1 3 1 1 0 2 1 2 1 55
2273.22 1 3 2 2 0 1 1 2 1 55
2279.66 1 3 1 1 0 2 1 2 1 55
2299.33 1 2 1 1 0 2 0 2 2 55
2299.85 1 2 1 1 0 1 0 1 2 56
2303.59 1 3 1 1 0 1 1 1 1 56
2307.56 1 3 2 2 0 0 1 1 1 56
2312.25 1 3 2 2 0 1 1 2 1 55
2323.06 1 4 2 2 0 1 2 2 0 55
2323.34 1 4 3 3 0 0 2 2 0 55
2325.95 1 4 2 2 0 1 2 2 0 55
2332.94 1 3 2 2 0 1 1 2 1 55
2336.81 0 2 2 2 1 1 1 2 1 55
2357.98 0 1 2 2 0 1 1 3 1 55
2373.05 0 2 2 2 0 1 2 3 0 55
2382.3 0 1 2 2 0 1 1 3 1 55
2395.34 0 2 2 2 0 1 2 3 0 55
2395.82 0 2 2 2 0 0 2 2 0 56
2396.95 0 2 2 2 0 1 2 3 0 55
2398.5 0 3 2 2 1 1 2 2 0 55
2407.81 0 2 2 2 1 1 1 2 1 55
2415.7 0 3 2 2 1 1 2 2 0 55
2415.95 0 3 2 2 2 2 1 2 0 55
2416.98 0 3 2 2 1 1 2 2 0 55
2419.64 1 4 2 2 0 1 2 2 0 55
2420.18 1 4 1 1 0 2 2 2 0 55
2431.42 1 4 0 0 0 3 2 2 0 55
2432.41 1 4 0 0 0 2 2 1 0 56
2440.69 1 4 0 0 1 3 1 1 0 56
2440.71 1 3 0 0 0 3 1 2 0 56
2445.01 1 2 0 0 0 3 0 2 1 56
2446.55 1 3 0 0 0 3 1 2 0 56
2446.8 1 3 1 1 0 2 1 2 0 56
2458.48 1 4 1 1 1 2 1 1 0 56
2460.33 0 3 1 1 2 2 1 1 0 56
2462.4 0 4 1 1 3 2 1 0 0 56
2465.41 0 4 1 1 4 3 0 0 0 56
2466.43 0 3 1 1 3 3 0 1 0 56
2467.51 0 3 1 1 3 2 0 0 0 57
2470.41 0 2 1 1 2 2 0 1 0 57
2479.38 0 2 1 1 2 1 0 0 0 58
2483.86 0 1 1 1 1 1 0 1 0 58
2488.74 1 2 1 1 0 1 0 1 0 58
2531.39 0 1 1 1 1 1 0 1 0 58
2547.11 0 1 0 0 1 2 0 1 0 58
2556.65 0 2 0 0 2 2 0 0 0 58
2565.12 0 1 0 0 1 2 0 1 0 58
2571.61 0 1 0 0 1 1 0 0 0 59
2571.85 0 1 1 1 1 0 0 0 0 59
2609.54 1 2 1 1 0 0 0 0 0 59
2615.21 1 2 1 1 0 1 0 1 0 58
2623.52 1 2 0 0 0 2 0 1 0 58
2625.99 1 2 0 0 0 1 0 0 0 59
2633.74 1 2 1 1 0 0 0 0 0 59
2636.88 0 1 1 1 1 0 0 0 0 59
2723.6 0 0 1 1 0 0 0 1 0 59
2728.77 0 1 1 1 1 0 0 0 0 59
2741.29 1 2 1 1 0 0 0 0 0 59
2806 1 2 0 0 0 1 0 0 0 59
2822.93 0 1 0 0 1 1 0 0 0 59
2827.72 0 1 0 0 0 0 1 0 0 59
2884.58 0 0 0 0 0 0 0 0 1 59
2914.92 0 0 0 0 0 1 0 1 1 58
2924.37 0 1 0 0 0 1 1 1 0 58
2932.09 0 2 0 0 1 1 1 0 0 58
2932.22 1 3 0 0 0 1 1 0 0 58
2938.72 1 2 0 0 0 1 0 0 1 58
2940.42 1 3 0 0 0 1 1 0 0 58
2940.42 1 3 0 0 0 1 1 0 0 58
