0 60 120 60 60 0 0 0 0 0 0
0.0328995 60 120 59 59 0 1 0 0 0 0
0.0432288 59 119 59 59 1 1 0 0 0 0
0.0444356 58 118 59 59 2 1 0 0 0 0
0.0520538 57 117 59 59 3 1 0 0 0 0
0.0702675 57 117 58 58 3 2 0 0 0 0
0.0925381 56 116 58 58 4 2 0 0 0 0
0.100241 56 116 57 57 4 3 0 0 0 0
0.150368 55 115 57 57 5 3 0 0 0 0
0.151206 54 114 57 57 6 3 0 0 0 0
0.170498 53 113 57 57 7 3 0 0 0 0
0.186482 52 112 57 57 8 3 0 0 0 0
0.189849 51 111 57 57 9 3 0 0 0 0
0.193335 51 111 56 56 9 4 0 0 0 0
0.195385 50 110 56 56 10 4 0 0 0 0
0.209899 49 109 56 56 11 4 0 0 0 0
0.216223 48 108 56 56 12 4 0 0 0 0
0.217578 47 107 56 56 13 4 0 0 0 0
0.219525 47 107 55 55 13 5 0 0 0 0
0.237218 46 106 55 55 14 5 0 0 0 0
0.24909 46 106 54 54 14 6 0 0 0 0
0.267674 46 106 53 53 14 7 0 0 0 0
0.267738 46 106 52 52 14 8 0 0 0 0
0.287675 45 105 52 52 15 8 0 0 0 0
0.318231 44 104 52 52 16 8 0 0 0 0
0.333997 43 103 52 52 17 8 0 0 0 0
0.343519 43 103 51 51 17 9 0 0 0 0
0.34883 42 102 51 51 18 9 0 0 0 0
0.37363 41 101 51 51 19 9 0 0 0 0
0.408266 40 100 51 51 20 9 0 0 0 0
0.415647 39 99 51 51 21 9 0 0 0 0
0.443732 38 98 51 51 22 9 0 0 0 0
0.445413 37 97 51 51 23 9 0 0 0 0
0.462245 37 96 51 51 22 9 0 1 0 0
0.46392 37 96 50 50 22 10 0 1 0 0
0.490591 36 95 50 50 23 10 0 1 0 0
0.517982 36 95 49 49 23 11 0 1 0 0
0.518345 35 94 49 49 24 11 0 1 0 0
0.537159 34 93 49 49 25 11 0 1 0 0
0.563932 34 93 48 48 25 12 0 1 0 0
0.57768 34 93 47 47 25 13 0 1 0 0
0.580643 35 94 47 47 24 13 0 1 0 0
0.605613 35 94 46 46 24 14 0 1 0 0
0.625791 35 94 45 45 24 15 0 1 0 0
0.680423 34 93 45 45 25 15 0 1 0 0
0.692238 34 93 44 44 25 16 0 1 0 0
0.694123 34 93 44 44 24 15 1 1 0 0
0.695114 34 92 44 44 23 15 1 2 0 0
0.69981 33 91 44 44 24 15 1 2 0 0
0.710017 33 91 44 44 23 14 2 2 0 0
0.710845 33 90 44 44 22 14 2 3 0 0
0.77823 32 89 44 44 23 14 2 3 0 0
0.80328 31 88 44 44 24 14 2 3 0 0
0.823691 31 88 43 43 24 15 2 3 0 0
0.850282 31 88 42 42 24 16 2 3 0 0
0.901707 31 87 42 42 24 16 1 3 1 0
0.942564 31 86 42 42 23 16 1 4 1 0
0.949713 30 85 42 42 24 16 1 4 1 0
0.965013 29 84 42 42 25 16 1 4 1 0
0.969233 29 84 41 41 25 17 1 4 1 0
0.985733 28 83 41 41 26 17 1 4 1 0
1.01985 27 82 41 41 27 17 1 4 1 0
1.09914 26 81 41 41 28 17 1 4 1 0
1.13868 26 80 41 41 27 17 1 5 1 0
1.15616 26 79 41 41 26 17 1 6 1 0
1.17247 26 79 40 40 26 18 1 6 1 0
1.18729 26 79 39 39 26 19 1 6 1 0
1.20043 26 78 39 39 25 19 1 7 1 0
1.21564 26 77 39 39 24 19 1 8 1 0
1.23774 26 76 39 39 23 19 1 9 1 0
1.25607 26 76 38 38 23 20 1 9 1 0
1.27376 26 76 37 37 23 21 1 9 1 0
1.29727 25 75 37 37 24 21 1 9 1 0
1.29823 25 74 37 37 23 21 1 10 1 0
1.3376 25 73 37 37 22 21 1 11 1 0
1.36254 25 73 37 37 21 20 2 11 1 0
1.41906 25 73 36 36 21 21 2 11 1 0
1.53423 24 72 36 36 22 21 2 11 1 0
1.54297 23 71 36 36 23 21 2 11 1 0
1.54482 22 70 36 36 24 21 2 11 1 0
1.54756 22 70 35 35 24 22 2 11 1 0
1.56271 22 70 34 34 24 23 2 11 1 0
1.56504 21 69 34 34 25 23 2 11 1 0
1.60822 21 69 33 33 25 24 2 11 1 0
1.70867 21 69 33 33 24 23 3 11 1 0
1.75243 21 69 32 32 24 24 3 11 1 0
1.83594 21 68 32 32 23 24 3 12 1 0
1.90673 21 68 31 31 23 25 3 12 1 0
1.91097 20 67 31 31 24 25 3 12 1 0
1.94716 19 66 31 31 25 25 3 12 1 0
1.9529 19 65 31 31 24 25 3 13 1 0
1.96234 19 65 31 31 24 24 3 12 1 1
2.00679 19 64 31 31 23 24 3 13 1 1
2.09198 19 64 31 31 23 23 3 12 1 2
2.09517 20 65 31 31 22 23 3 12 1 2
2.1668 20 64 31 31 21 23 3 13 1 2
2.19516 20 63 31 31 20 23 3 14 1 2
2.24343 20 63 30 30 20 24 3 14 1 2
2.25145 20 63 29 29 20 25 3 14 1 2
2.26083 20 62 29 29 19 25 3 15 1 2
2.47566 20 62 29 29 19 24 3 14 1 3
2.51691 19 61 29 29 20 24 3 14 1 3
2.53268 19 61 28 28 20 25 3 14 1 3
2.55768 19 61 28 28 19 24 4 14 1 3
2.58815 19 60 28 28 18 24 4 15 1 3
2.60906 18 59 28 28 19 24 4 15 1 3
2.64085 17 58 28 28 20 24 4 15 1 3
2.70744 17 57 28 28 20 24 3 15 2 3
2.94937 16 56 28 28 21 24 3 15 2 3
2.97065 16 56 28 28 21 23 3 14 2 4
3.03016 16 55 28 28 20 23 3 15 2 4
3.04338 16 54 28 28 20 23 2 15 3 4
3.0891 16 54 28 28 20 22 2 14 3 5
3.09278 15 53 28 28 21 22 2 14 3 5
3.13589 15 52 28 28 20 22 2 15 3 5
3.141 15 52 27 27 20 23 2 15 3 5
3.16166 14 51 27 27 21 23 2 15 3 5
3.20063 14 51 26 26 21 24 2 15 3 5
3.22628 14 51 26 26 21 23 2 14 3 6
3.24089 14 51 26 26 21 22 2 13 3 7
3.262 14 51 25 25 21 23 2 13 3 7
3.33916 13 50 25 25 22 23 2 13 3 7
3.36731 13 50 24 24 22 24 2 13 3 7
3.38722 13 50 24 24 21 23 3 13 3 7
3.4158 12 49 24 24 22 23 3 13 3 7
3.45383 12 48 24 24 21 23 3 14 3 7
3.46216 11 47 24 24 22 23 3 14 3 7
3.51484 10 46 24 24 23 23 3 14 3 7
3.65908 10 46 23 23 23 24 3 14 3 7
3.72932 10 46 23 23 22 23 4 14 3 7
3.7354 9 45 23 23 23 23 4 14 3 7
3.75141 9 45 23 23 22 22 5 14 3 7
3.81497 8 44 23 23 23 22 5 14 3 7
3.83215 8 43 23 23 22 22 5 15 3 7
3.8347 8 43 23 23 21 21 6 15 3 7
3.84999 8 42 23 23 21 21 5 15 4 7
3.87192 8 42 23 23 21 20 5 14 4 8
3.90183 8 42 22 22 21 21 5 14 4 8
3.98352 8 42 21 21 21 22 5 14 4 8
4.00316 8 41 21 21 20 22 5 15 4 8
4.05585 7 40 21 21 21 22 5 15 4 8
4.09954 7 40 20 20 21 23 5 15 4 8
4.17891 7 39 20 20 20 23 5 16 4 8
4.23869 7 39 19 19 20 24 5 16 4 8
4.23969 7 38 19 19 19 24 5 17 4 8
4.26436 7 38 19 19 19 23 5 16 4 9
4.28943 7 38 19 19 18 22 6 16 4 9
4.35503 7 38 19 19 18 21 6 15 4 10
4.40387 6 37 19 19 19 21 6 15 4 10
4.42492 6 37 19 19 18 20 7 15 4 10
4.47752 6 36 19 19 18 20 6 15 5 10
4.48023 5 35 19 19 19 20 6 15 5 10
4.54963 5 34 19 19 18 20 6 16 5 10
4.64097 5 33 19 19 17 20 6 17 5 10
4.66391 6 34 19 19 16 20 6 17 5 10
4.74915 5 33 19 19 17 20 6 17 5 10
4.9474 5 32 19 19 16 20 6 18 5 10
5.03203 5 32 19 19 15 19 7 18 5 10
5.08286 5 31 19 19 14 19 7 19 5 10
5.12558 5 30 19 19 14 19 6 19 6 10
5.24757 5 30 18 18 14 20 6 19 6 10
5.33089 5 30 18 18 14 19 6 18 6 11
5.37478 5 29 18 18 13 19 6 19 6 11
5.39566 4 28 18 18 14 19 6 19 6 11
5.4237 4 27 18 18 14 19 5 19 7 11
5.49456 4 27 17 17 14 20 5 19 7 11
5.50015 4 27 17 17 13 19 6 19 7 11
5.62613 4 27 17 17 12 18 7 19 7 11
5.634 4 26 17 17 12 18 6 19 8 11
5.6498 4 25 17 17 11 18 6 20 8 11
5.72757 4 25 16 16 11 19 6 20 8 11
5.75752 4 24 16 16 10 19 6 21 8 11
5.77095 3 23 16 16 11 19 6 21 8 11
5.79413 3 22 16 16 11 19 5 21 9 11
5.83263 3 22 16 16 10 18 6 21 9 11
5.84947 3 22 16 16 10 17 6 20 9 12
5.91019 3 22 15 15 10 18 6 20 9 12
5.94185 3 22 14 14 10 19 6 20 9 12
5.95721 3 21 14 14 9 19 6 21 9 12
6.1494 3 21 14 14 9 18 6 20 9 13
6.68474 3 21 14 14 9 17 6 19 9 14
6.72343 3 22 14 14 9 17 7 19 8 14
7.38679 3 23 14 14 9 17 8 19 7 14
7.55443 4 24 14 14 8 17 8 19 7 14
7.64325 3 23 14 14 9 17 8 19 7 14
7.71056 3 23 14 14 9 16 8 18 7 15
7.89764 3 23 14 14 8 15 9 18 7 15
8.01062 3 23 13 13 8 16 9 18 7 15
8.15085 3 23 12 12 8 17 9 18 7 15
8.24914 2 22 12 12 9 17 9 18 7 15
8.32414 2 21 12 12 9 17 8 18 8 15
8.3389 2 21 11 11 9 18 8 18 8 15
8.42895 2 21 11 11 9 17 8 17 8 16
8.60519 2 20 11 11 9 17 7 17 9 16
8.85607 2 19 11 11 8 17 7 18 9 16
8.86497 2 19 11 11 7 16 8 18 9 16
9.29455 2 19 11 11 7 15 8 17 9 17
9.62737 2 19 10 10 7 16 8 17 9 17
9.69878 2 18 10 10 7 16 7 17 10 17
9.70232 2 18 9 9 7 17 7 17 10 17
9.83986 2 18 9 9 7 16 7 16 10 18
9.84205 2 18 9 9 7 15 7 15 10 19
9.87745 2 17 9 9 7 15 6 15 11 19
9.94093 2 17 8 8 7 16 6 15 11 19
10.041 2 17 8 8 6 15 7 15 11 19
10.4147 2 17 7 7 6 16 7 15 11 19
10.5626 1 16 7 7 7 16 7 15 11 19
10.8345 1 17 7 7 7 16 8 15 10 19
10.9076 1 16 7 7 6 16 8 16 10 19
11.1299 1 16 7 7 6 15 8 15 10 20
11.1416 1 15 7 7 6 15 7 15 11 20
11.1419 1 16 7 7 7 15 7 14 11 20
11.1603 1 16 7 7 6 14 8 14 11 20
11.7642 1 16 7 7 6 13 8 13 11 21
11.9347 1 16 6 6 6 14 8 13 11 21
12.0362 1 16 7 7 6 13 8 13 11 21
12.1618 1 16 7 7 6 12 8 12 11 22
12.3196 1 15 7 7 6 12 7 12 12 22
14.0187 1 15 7 7 5 11 8 12 12 22
14.1866 1 15 7 7 5 10 8 11 12 23
14.4577 1 15 7 7 5 9 8 10 12 24
14.5625 2 16 7 7 4 9 8 10 12 24
14.6683 2 17 7 7 4 9 9 10 11 24
14.7387 2 16 7 7 4 9 8 10 12 24
14.9796 2 16 6 6 4 10 8 10 12 24
15.4574 2 15 6 6 4 10 7 10 13 24
15.7954 2 15 6 6 3 9 8 10 13 24
16.109 2 14 6 6 3 9 7 10 14 24
16.5094 2 13 6 6 3 9 6 10 15 24
16.5986 3 14 6 6 2 9 6 10 15 24
16.8699 3 13 6 6 2 9 5 10 16 24
17.0317 2 12 6 6 3 9 5 10 16 24
18.5113 2 12 5 5 3 10 5 10 16 24
18.8383 1 11 5 5 4 10 5 10 16 24
19.2043 1 12 5 5 4 10 6 10 15 24
19.3849 1 12 5 5 4 9 6 9 15 25
19.5831 1 11 5 5 4 9 5 9 16 25
19.8107 1 10 5 5 4 9 4 9 17 25
20.4316 1 9 5 5 3 9 4 10 17 25
20.6278 1 9 5 5 3 8 4 9 17 26
21.046 1 10 5 5 3 8 5 9 16 26
22.8295 1 10 5 5 4 9 4 9 16 26
25.7298 1 9 5 5 3 9 4 10 16 26
25.7474 1 8 5 5 2 9 4 11 16 26
25.8433 1 9 5 5 2 9 5 11 15 26
27.0766 1 8 5 5 2 9 4 11 16 26
27.9802 1 8 6 6 2 8 4 11 16 26
28.5484 1 8 6 6 1 7 5 11 16 26
28.6274 1 9 6 6 1 7 6 11 15 26
29.4594 1 8 6 6 1 7 5 11 16 26
29.6933 1 9 6 6 1 7 6 11 15 26
29.717 1 8 6 6 1 7 5 11 16 26
31.1452 1 8 6 6 1 6 5 10 16 27
31.5329 1 7 6 6 1 6 4 10 17 27
31.6324 1 7 5 5 1 7 4 10 17 27
31.6786 1 6 5 5 1 7 3 10 18 27
31.7173 1 7 5 5 1 7 4 10 17 27
31.7357 1 8 5 5 1 7 5 10 16 27
32.3366 1 9 5 5 1 7 6 10 15 27
33.0744 1 9 5 5 0 6 7 10 15 27
33.2995 1 8 5 5 0 6 6 10 16 27
33.824 1 9 5 5 0 6 7 10 15 27
33.8259 1 10 5 5 0 6 8 10 14 27
33.8499 1 11 5 5 0 6 9 10 13 27
34.3106 1 11 4 4 0 7 9 10 13 27
35.6189 0 10 4 4 1 7 9 10 13 27
35.6729 0 10 3 3 1 8 9 10 13 27
36.3937 0 11 3 3 1 8 10 10 12 27
36.6838 0 11 3 3 1 7 10 9 12 28
37.4084 0 10 3 3 1 7 9 9 13 28
37.5082 0 9 3 3 1 7 8 9 14 28
37.7843 0 10 3 3 1 7 9 9 13 28
39.0724 0 10 3 3 1 6 9 8 13 29
39.2752 0 9 3 3 1 6 8 8 14 29
39.6864 0 10 3 3 1 6 9 8 13 29
40.0288 0 9 3 3 1 6 8 8 14 29
40.9142 0 10 3 3 1 6 9 8 13 29
40.9361 0 9 3 3 1 6 8 8 14 29
41.2065 0 10 3 3 1 6 9 8 13 29
42.6839 0 10 2 2 1 7 9 8 13 29
44.3859 0 9 2 2 1 7 8 8 14 29
46.326 0 10 2 2 1 7 9 8 13 29
47.3406 0 9 2 2 1 7 8 8 14 29
47.4076 0 9 2 2 2 8 7 8 14 29
47.4269 0 8 2 2 2 8 6 8 15 29
49.1783 0 9 2 2 2 8 7 8 14 29
49.9009 1 10 2 2 1 8 7 8 14 29
50.2235 1 9 2 2 1 8 6 8 15 29
51.0801 1 8 2 2 1 8 5 8 16 29
51.2517 1 9 2 2 1 8 6 8 15 29
52.25 1 8 2 2 1 8 5 8 16 29
52.3247 1 8 2 2 1 7 5 7 16 30
53.2742 1 9 2 2 1 7 6 7 15 30
53.571 1 10 2 2 1 7 7 7 14 30
53.73 1 10 2 2 2 8 6 7 14 30
53.7941 1 11 2 2 2 8 7 7 13 30
53.892 1 12 2 2 2 8 8 7 12 30
54.0335 1 13 2 2 3 8 8 6 12 30
54.7914 1 13 2 2 3 7 8 5 12 31
54.9855 1 12 2 2 3 7 7 5 13 31
55.1308 2 13 2 2 2 7 7 5 13 31
55.1643 1 12 2 2 3 7 7 5 13 31
55.6843 1 11 2 2 2 7 7 6 13 31
56.2503 1 11 2 2 2 6 7 5 13 32
56.4374 1 11 2 2 1 5 8 5 13 32
57.1839 1 12 2 2 1 5 9 5 12 32
57.714 1 11 2 2 1 5 8 5 13 32
58.4692 1 11 2 2 1 4 8 4 13 33
60.8638 1 12 2 2 1 4 9 4 12 33
61.2893 1 13 2 2 1 4 10 4 11 33
61.5722 1 12 2 2 1 4 9 4 12 33
61.8911 1 11 2 2 1 4 8 4 13 33
62.6678 1 10 2 2 1 4 7 4 14 33
63.3084 1 9 2 2 0 4 7 5 14 33
63.3341 1 9 1 1 0 5 7 5 14 33
63.6853 1 10 1 1 0 5 8 5 13 33
63.8653 1 10 1 1 0 4 8 4 13 34
64.1045 1 9 1 1 0 4 7 4 14 34
66.5475 1 8 1 1 0 4 6 4 15 34
66.847 1 9 1 1 0 4 7 4 14 34
68.2119 0 8 1 1 1 4 7 4 14 34
68.5394 0 9 1 1 1 4 8 4 13 34
69.8083 0 10 1 1 2 4 8 3 13 34
70.8894 0 9 1 1 2 4 7 3 14 34
70.9829 0 10 1 1 2 4 8 3 13 34
74.5237 0 9 1 1 1 4 8 4 13 34
76.3725 0 9 2 2 1 3 8 4 13 34
76.446 0 8 2 2 1 3 7 4 14 34
76.5081 0 7 2 2 1 3 6 4 15 34
76.6194 0 8 2 2 1 3 7 4 14 34
77.4315 1 9 2 2 0 3 7 4 14 34
77.8356 1 8 2 2 0 3 6 4 15 34
80.0398 1 7 2 2 0 3 5 4 16 34
81.2099 1 6 2 2 0 3 4 4 17 34
82.074 0 5 2 2 1 3 4 4 17 34
82.1661 0 6 2 2 1 3 5 4 16 34
85.9283 0 7 2 2 1 3 6 4 15 34
87.3847 0 6 2 2 1 3 5 4 16 34
87.9465 0 6 3 3 1 2 5 4 16 34
88.76 0 7 3 3 1 2 6 4 15 34
90.6603 0 7 3 3 1 1 6 3 15 35
90.7306 0 6 3 3 1 1 5 3 16 35
94.1203 0 7 3 3 1 1 6 3 15 35
94.5911 0 8 3 3 2 1 6 2 15 35
96.216 1 9 3 3 1 1 6 2 15 35
96.3388 1 9 3 3 2 2 5 2 15 35
99.5154 1 8 3 3 1 2 5 3 15 35
99.8298 1 8 2 2 1 3 5 3 15 35
100.004 0 7 2 2 2 3 5 3 15 35
101.303 0 6 2 2 2 3 4 3 16 35
105.8 0 5 2 2 2 3 3 3 17 35
105.943 0 5 2 2 1 2 4 3 17 35
106.264 0 4 2 2 1 2 3 3 18 35
107.868 0 5 2 2 1 2 4 3 17 35
108.65 0 6 2 2 1 2 5 3 16 35
108.946 0 7 2 2 1 2 6 3 15 35
110.982 0 8 2 2 1 2 7 3 14 35
111.143 0 7 2 2 1 2 6 3 15 35
111.773 0 7 3 3 1 1 6 3 15 35
113.756 0 8 3 3 1 1 7 3 14 35
113.797 0 8 3 3 1 2 7 4 14 34
115.07 0 9 3 3 2 2 7 3 14 34
115.645 0 10 3 3 2 2 8 3 13 34
117.427 0 9 3 3 2 2 7 3 14 34
117.48 0 8 3 3 2 2 6 3 15 34
117.974 0 9 3 3 2 2 7 3 14 34
118.54 0 8 3 3 2 2 6 3 15 34
118.561 0 7 3 3 2 2 5 3 16 34
119.188 0 6 3 3 2 2 4 3 17 34
119.78 0 7 3 3 3 2 4 2 17 34
119.87 0 6 3 3 2 2 4 3 17 34
120.346 0 6 2 2 2 3 4 3 17 34
120.373 0 7 2 2 2 3 5 3 16 34
121.859 0 7 2 2 3 4 4 3 16 34
121.95 0 6 2 2 2 4 4 4 16 34
123.502 0 7 2 2 2 4 5 4 15 34
124.485 0 7 2 2 2 3 5 3 15 35
124.656 0 8 2 2 2 3 6 3 14 35
125.584 0 9 2 2 2 3 7 3 13 35
127.451 0 8 2 2 2 3 6 3 14 35
128.676 0 9 2 2 2 3 7 3 13 35
129.893 0 10 2 2 2 3 8 3 12 35
131.802 0 9 2 2 2 3 7 3 13 35
131.842 1 10 2 2 1 3 7 3 13 35
132.528 1 9 2 2 1 3 6 3 14 35
133.015 1 8 2 2 1 3 5 3 15 35
133.244 1 7 2 2 1 3 4 3 16 35
134.288 1 8 2 2 1 3 5 3 15 35
134.738 1 9 2 2 1 3 6 3 14 35
135.915 1 9 2 2 1 2 6 2 14 36
136.061 1 8 2 2 1 2 5 2 15 36
137.044 1 7 2 2 1 2 4 2 16 36
137.235 1 6 2 2 1 2 3 2 17 36
137.284 1 5 2 2 1 2 2 2 18 36
139.917 1 5 1 1 1 3 2 2 18 36
140.849 1 6 1 1 1 3 3 2 17 36
141.234 1 7 1 1 1 3 4 2 16 36
144.082 1 8 1 1 1 3 5 2 15 36
144.242 0 7 1 1 2 3 5 2 15 36
145.273 0 6 1 1 2 3 4 2 16 36
145.989 0 7 1 1 2 3 5 2 15 36
146.535 0 6 1 1 2 3 4 2 16 36
149.318 0 7 1 1 2 3 5 2 15 36
152.958 0 8 1 1 2 3 6 2 14 36
153.706 0 7 1 1 2 3 5 2 15 36
155.372 0 6 1 1 2 3 4 2 16 36
155.751 0 7 1 1 2 3 5 2 15 36
156.534 0 8 1 1 2 3 6 2 14 36
156.827 0 7 1 1 1 3 6 3 14 36
157.196 0 8 1 1 1 3 7 3 13 36
157.927 0 7 1 1 1 3 6 3 14 36
159.738 0 6 1 1 1 3 5 3 15 36
159.996 0 5 1 1 1 3 4 3 16 36
160.083 0 6 1 1 1 3 5 3 15 36
161.625 0 5 1 1 0 3 5 4 15 36
161.768 0 6 1 1 0 3 6 4 14 36
163.701 0 7 1 1 0 3 7 4 13 36
168.7 0 6 1 1 0 3 6 4 14 36
169.821 0 5 1 1 0 3 5 4 15 36
169.928 0 6 1 1 0 3 6 4 14 36
171.252 0 5 1 1 0 3 5 4 15 36
174.265 0 6 1 1 1 3 5 3 15 36
174.762 0 7 1 1 1 3 6 3 14 36
175.427 0 6 1 1 0 3 6 4 14 36
175.519 0 5 1 1 0 3 5 4 15 36
177.572 0 5 1 1 1 4 4 4 15 36
178.759 0 5 1 1 1 3 4 3 15 37
179.514 0 4 1 1 1 3 3 3 16 37
180.231 0 5 1 1 1 3 4 3 15 37
180.577 0 6 1 1 1 3 5 3 14 37
180.943 0 7 1 1 1 3 6 3 13 37
181.613 0 8 1 1 1 3 7 3 12 37
184.011 1 9 1 1 0 3 7 3 12 37
185.924 1 8 1 1 0 3 6 3 13 37
186.509 0 7 1 1 1 3 6 3 13 37
188.006 0 8 1 1 1 3 7 3 12 37
189.948 0 7 1 1 1 3 6 3 13 37
190.118 0 8 1 1 1 3 7 3 12 37
190.299 0 7 1 1 1 3 6 3 13 37
192.628 0 8 1 1 1 3 7 3 12 37
193.179 0 7 1 1 1 3 6 3 13 37
195.387 0 8 1 1 1 3 7 3 12 37
195.862 0 9 1 1 1 3 8 3 11 37
200.731 0 8 1 1 1 3 7 3 12 37
203.051 0 9 1 1 1 3 8 3 11 37
203.097 0 10 1 1 1 3 9 3 10 37
203.879 0 9 1 1 1 3 8 3 11 37
204.201 0 8 1 1 1 3 7 3 12 37
204.203 0 9 1 1 1 3 8 3 11 37
204.302 0 9 1 1 1 2 8 2 11 38
204.446 0 8 1 1 1 2 7 2 12 38
205.336 0 9 1 1 2 2 7 1 12 38
206.088 0 8 1 1 2 2 6 1 13 38
206.383 0 7 1 1 2 2 5 1 14 38
206.891 0 8 1 1 2 2 6 1 13 38
212.291 0 7 1 1 2 2 5 1 14 38
214.567 0 6 1 1 2 2 4 1 15 38
217.611 0 7 1 1 2 2 5 1 14 38
217.903 0 6 1 1 2 2 4 1 15 38
218.045 0 7 1 1 2 2 5 1 14 38
218.256 0 8 1 1 2 2 6 1 13 38
218.679 0 7 1 1 2 2 5 1 14 38
219.956 0 6 1 1 1 2 5 2 14 38
220.469 0 5 1 1 0 2 5 3 14 38
222.881 0 6 1 1 0 2 6 3 13 38
223.075 0 5 1 1 0 2 5 3 14 38
223.606 0 5 1 1 0 1 5 2 14 39
223.61 0 4 1 1 0 1 4 2 15 39
224.549 0 5 1 1 0 1 5 2 14 39
225.981 0 4 1 1 0 1 4 2 15 39
226.779 0 5 1 1 0 1 5 2 14 39
228.34 0 6 1 1 0 1 6 2 13 39
229.288 0 6 1 1 1 2 5 2 13 39
230.353 0 5 1 1 1 2 4 2 14 39
231.349 1 6 1 1 0 2 4 2 14 39
234.5 1 5 1 1 0 2 3 2 15 39
237.254 1 6 1 1 0 2 4 2 14 39
238.201 1 7 1 1 0 2 5 2 13 39
241.281 1 6 1 1 0 2 4 2 14 39
241.686 1 5 1 1 0 2 3 2 15 39
242.238 1 6 1 1 0 2 4 2 14 39
244.043 1 6 2 2 0 1 4 2 14 39
244.253 1 5 2 2 0 1 3 2 15 39
245.402 1 6 2 2 0 1 4 2 14 39
245.426 1 7 2 2 0 1 5 2 13 39
246.206 1 8 2 2 0 1 6 2 12 39
248.294 1 9 2 2 0 1 7 2 11 39
249.657 1 10 2 2 0 1 8 2 10 39
250.95 1 11 2 2 0 1 9 2 9 39
251.062 1 11 2 2 1 2 8 2 9 39
251.078 1 12 2 2 1 2 9 2 8 39
251.082 1 11 2 2 1 2 8 2 9 39
251.371 1 10 2 2 1 2 7 2 10 39
251.9 1 11 2 2 1 2 8 2 9 39
252.305 1 10 2 2 1 2 7 2 10 39
256.712 1 9 2 2 1 2 6 2 11 39
256.856 1 8 2 2 1 2 5 2 12 39
257.388 1 9 2 2 1 2 6 2 11 39
258.062 0 8 2 2 2 2 6 2 11 39
260.491 0 7 2 2 1 2 6 3 11 39
260.705 0 8 2 2 1 2 7 3 10 39
264.028 0 9 2 2 2 2 7 2 10 39
264.741 0 8 2 2 2 2 6 2 11 39
265.239 0 9 2 2 2 2 7 2 10 39
265.262 0 8 2 2 1 2 7 3 10 39
266.183 0 9 2 2 1 2 8 3 9 39
266.952 0 8 2 2 1 2 7 3 10 39
269.705 0 7 2 2 1 2 6 3 11 39
269.851 0 8 2 2 1 2 7 3 10 39
269.95 0 7 2 2 0 2 7 4 10 39
270.08 0 8 2 2 0 2 8 4 9 39
270.384 0 9 2 2 0 2 9 4 8 39
272.094 0 8 2 2 0 2 8 4 9 39
272.901 0 9 2 2 0 2 9 4 8 39
273.807 0 8 2 2 0 2 8 4 9 39
275.852 0 7 2 2 0 2 7 4 10 39
277.94 0 6 2 2 0 2 6 4 11 39
280.018 0 7 2 2 0 2 7 4 10 39
280.864 0 8 2 2 0 2 8 4 9 39
282.065 0 7 2 2 0 2 7 4 10 39
283.544 0 8 2 2 0 2 8 4 9 39
284.485 0 9 2 2 0 2 9 4 8 39
286.428 0 8 2 2 0 2 8 4 9 39
286.594 0 8 1 1 0 3 8 4 9 39
289.041 0 9 1 1 0 3 9 4 8 39
289.717 0 10 1 1 1 3 9 3 8 39
290.042 0 9 1 1 1 3 8 3 9 39
290.315 0 10 1 1 1 3 9 3 8 39
290.753 0 9 1 1 1 3 8 3 9 39
291.369 0 10 1 1 2 3 8 2 9 39
291.589 0 10 1 1 2 2 8 1 9 40
292.993 0 11 1 1 2 2 9 1 8 40
293.127 0 10 1 1 2 2 8 1 9 40
293.641 0 9 1 1 2 2 7 1 10 40
295.247 0 10 1 1 2 2 8 1 9 40
295.462 0 9 1 1 2 2 7 1 10 40
295.946 0 8 1 1 2 2 6 1 11 40
297.726 0 9 1 1 2 2 7 1 10 40
298.107 0 8 1 1 2 2 6 1 11 40
298.416 0 9 1 1 2 2 7 1 10 40
298.628 0 8 1 1 2 2 6 1 11 40
298.924 0 7 1 1 1 2 6 2 11 40
299.805 0 7 2 2 1 1 6 2 11 40
301.137 0 6 2 2 1 1 5 2 12 40
301.582 0 7 2 2 1 1 6 2 11 40
305.154 0 7 2 2 1 0 6 1 11 41
306.023 0 6 2 2 1 0 5 1 12 41
307.258 0 5 2 2 0 0 5 2 12 41
307.955 0 6 2 2 0 0 6 2 11 41
308.536 0 7 2 2 0 0 7 2 10 41
308.783 0 6 2 2 0 0 6 2 11 41
310.57 0 6 2 2 1 1 5 2 11 41
311.182 0 6 2 2 2 2 4 2 11 41
313.467 0 5 2 2 1 2 4 3 11 41
314.429 0 6 2 2 1 2 5 3 10 41
317.917 0 5 2 2 1 2 4 3 11 41
320.654 0 6 2 2 1 2 5 3 10 41
320.974 0 7 2 2 1 2 6 3 9 41
322.343 0 6 2 2 1 2 5 3 10 41
322.842 0 6 1 1 1 3 5 3 10 41
322.908 0 7 1 1 1 3 6 3 9 41
323.721 0 6 1 1 0 3 6 4 9 41
323.748 0 7 1 1 0 3 7 4 8 41
324.04 0 7 1 1 1 4 6 4 8 41
324.21 0 7 1 1 1 3 6 3 8 42
325.238 0 8 1 1 1 3 7 3 7 42
325.361 0 9 1 1 1 3 8 3 6 42
327.551 0 8 1 1 1 3 7 3 7 42
329.443 0 7 1 1 1 3 6 3 8 42
329.665 0 8 1 1 1 3 7 3 7 42
331.549 0 9 1 1 1 3 8 3 6 42
331.555 0 8 1 1 1 3 7 3 7 42
331.909 0 9 1 1 1 3 8 3 6 42
331.966 0 8 1 1 1 3 7 3 7 42
332.1 1 9 1 1 0 3 7 3 7 42
334.818 1 10 1 1 0 3 8 3 6 42
335.811 1 9 1 1 0 3 7 3 7 42
337.177 1 8 1 1 0 3 6 3 8 42
338.029 1 8 0 0 0 4 6 3 8 42
338.08 1 7 0 0 0 4 5 3 9 42
338.904 1 6 0 0 0 4 4 3 10 42
343.352 1 6 0 0 0 3 4 2 10 43
346.682 1 5 0 0 0 3 3 2 11 43
346.759 1 5 0 0 0 2 3 1 11 44
348.223 1 6 0 0 0 2 4 1 10 44
348.244 1 7 0 0 0 2 5 1 9 44
348.788 1 8 0 0 1 2 5 0 9 44
348.851 1 7 0 0 1 2 4 0 10 44
349.245 1 8 0 0 1 2 5 0 9 44
350.206 1 9 0 0 1 2 6 0 8 44
350.951 1 8 0 0 0 2 6 1 8 44
351.926 1 9 0 0 0 2 7 1 7 44
354.247 1 10 0 0 0 2 8 1 6 44
355.807 1 9 0 0 0 2 7 1 7 44
356.013 1 8 0 0 0 2 6 1 8 44
356.024 1 7 0 0 0 2 5 1 9 44
356.831 0 6 0 0 1 2 5 1 9 44
357.191 0 7 0 0 1 2 6 1 8 44
359.52 0 8 0 0 1 2 7 1 7 44
359.531 1 9 0 0 0 2 7 1 7 44
360.286 1 10 0 0 0 2 8 1 6 44
361.783 1 9 0 0 0 2 7 1 7 44
361.832 1 8 0 0 0 2 6 1 8 44
362.407 1 9 0 0 0 2 7 1 7 44
365.212 1 8 0 0 0 2 6 1 8 44
366.563 1 9 0 0 0 2 7 1 7 44
367.015 1 10 0 0 0 2 8 1 6 44
367.727 1 11 0 0 0 2 9 1 5 44
368.182 1 10 0 0 0 2 8 1 6 44
368.991 1 9 0 0 0 2 7 1 7 44
369.071 1 8 0 0 0 2 6 1 8 44
369.32 1 7 0 0 0 2 5 1 9 44
370.376 1 8 0 0 0 2 6 1 8 44
372.459 1 9 0 0 0 2 7 1 7 44
373.668 1 8 0 0 0 2 6 1 8 44
375.265 1 9 0 0 0 2 7 1 7 44
377.311 1 8 0 0 0 2 6 1 8 44
380.09 1 7 0 0 0 2 5 1 9 44
380.519 1 8 0 0 0 2 6 1 8 44
380.719 1 9 0 0 0 2 7 1 7 44
380.837 1 8 0 0 0 2 6 1 8 44
381.849 1 8 1 1 0 1 6 1 8 44
385.323 1 9 1 1 1 1 6 0 8 44
386.328 1 10 1 1 1 1 7 0 7 44
386.656 1 11 1 1 1 1 8 0 6 44
388.376 1 10 1 1 1 1 7 0 7 44
389.463 1 11 1 1 1 1 8 0 6 44
391.034 1 12 1 1 1 1 9 0 5 44
391.445 1 11 1 1 1 1 8 0 6 44
392.042 1 12 1 1 1 1 9 0 5 44
392.464 1 12 1 1 2 2 8 0 5 44
392.574 1 11 1 1 1 2 8 1 5 44
393.463 0 10 1 1 2 2 8 1 5 44
393.538 0 9 1 1 2 2 7 1 6 44
393.81 0 10 1 1 2 2 8 1 5 44
393.829 0 9 1 1 1 2 8 2 5 44
398.567 0 8 1 1 1 2 7 2 6 44
400.172 0 7 1 1 1 2 6 2 7 44
401.33 0 8 1 1 1 2 7 2 6 44
401.628 0 7 1 1 1 2 6 2 7 44
402.349 0 8 1 1 1 2 7 2 6 44
402.575 0 9 1 1 1 2 8 2 5 44
402.649 0 9 1 1 0 1 9 2 5 44
402.915 0 8 1 1 0 1 8 2 6 44
404.07 0 7 1 1 0 1 7 2 7 44
405.037 0 6 1 1 0 1 6 2 8 44
408.076 0 5 1 1 0 1 5 2 9 44
408.467 0 6 1 1 0 1 6 2 8 44
409.992 0 7 1 1 0 1 7 2 7 44
410.575 0 6 1 1 0 1 6 2 8 44
411.659 0 7 1 1 0 1 7 2 7 44
411.88 0 6 1 1 0 1 6 2 8 44
415.538 0 5 1 1 0 1 5 2 9 44
416.385 0 6 1 1 0 1 6 2 8 44
416.664 0 5 1 1 0 1 5 2 9 44
417.273 0 6 1 1 0 1 6 2 8 44
418.952 0 7 1 1 0 1 7 2 7 44
420.341 0 6 1 1 0 1 6 2 8 44
421.272 0 5 1 1 0 1 5 2 9 44
421.577 0 6 1 1 1 1 5 1 9 44
422.611 0 5 1 1 1 1 4 1 10 44
430.673 0 6 1 1 1 1 5 1 9 44
431.099 0 7 1 1 1 1 6 1 8 44
433.267 0 6 1 1 1 1 5 1 9 44
434.221 0 7 1 1 1 1 6 1 8 44
435.777 0 6 1 1 1 1 5 1 9 44
436.712 0 5 1 1 1 1 4 1 10 44
437.594 0 6 1 1 1 1 5 1 9 44
439.298 0 5 1 1 1 1 4 1 10 44
441.993 0 4 1 1 1 1 3 1 11 44
442.816 0 5 1 1 1 1 4 1 10 44
443.623 0 5 1 1 1 2 4 2 10 43
444.825 0 5 1 1 0 1 5 2 10 43
446.906 0 4 1 1 0 1 4 2 11 43
449.765 0 3 1 1 0 1 3 2 12 43
456.828 0 4 1 1 0 1 4 2 11 43
458.069 0 3 1 1 0 1 3 2 12 43
459.802 0 4 1 1 0 1 4 2 11 43
460.105 0 5 1 1 0 1 5 2 10 43
461.557 0 5 1 1 1 2 4 2 10 43
462.615 0 6 1 1 1 2 5 2 9 43
463.772 0 5 1 1 1 2 4 2 10 43
463.84 0 4 1 1 1 2 3 2 11 43
464.383 1 5 1 1 0 2 3 2 11 43
466.565 1 6 1 1 0 2 4 2 10 43
467.717 1 7 1 1 0 2 5 2 9 43
467.953 1 6 1 1 0 2 4 2 10 43
468.113 1 5 1 1 0 2 3 2 11 43
471.718 1 4 1 1 0 2 2 2 12 43
473.561 1 5 1 1 0 2 3 2 11 43
475.383 1 6 1 1 0 2 4 2 10 43
480.154 1 7 1 1 0 2 5 2 9 43
481.437 1 6 1 1 0 2 4 2 10 43
484.905 1 5 1 1 0 2 3 2 11 43
489.489 1 6 1 1 0 2 4 2 10 43
490.174 1 7 1 1 0 2 5 2 9 43
491.916 1 6 1 1 0 2 4 2 10 43
492.612 1 5 1 1 0 2 3 2 11 43
495.817 1 6 1 1 0 2 4 2 10 43
496.755 1 6 2 2 0 1 4 2 10 43
498.681 0 5 2 2 1 1 4 2 10 43
500.489 0 4 2 2 1 1 3 2 11 43
504.039 0 3 2 2 0 1 3 3 11 43
505.528 0 3 2 2 1 2 2 3 11 43
506.993 0 4 2 2 1 2 3 3 10 43
507.94 0 5 2 2 1 2 4 3 9 43
510.64 0 6 2 2 1 2 5 3 8 43
511.379 0 7 2 2 1 2 6 3 7 43
515.225 0 8 2 2 1 2 7 3 6 43
515.441 0 7 2 2 1 2 6 3 7 43
517.324 0 6 2 2 0 2 6 4 7 43
517.873 0 6 3 3 0 1 6 4 7 43
518.707 0 5 3 3 0 1 5 4 8 43
519.102 0 6 3 3 0 1 6 4 7 43
519.651 0 5 3 3 0 1 5 4 8 43
522.881 0 6 3 3 1 1 5 3 8 43
524.369 0 5 3 3 0 1 5 4 8 43
527.806 0 5 3 3 1 2 4 4 8 43
528.366 0 6 3 3 1 2 5 4 7 43
528.827 0 6 3 3 0 1 6 4 7 43
530.309 0 5 3 3 0 1 5 4 8 43
530.547 0 6 3 3 0 1 6 4 7 43
530.732 0 5 3 3 0 1 5 4 8 43
534.071 0 6 3 3 1 1 5 3 8 43
536.645 0 7 3 3 2 1 5 2 8 43
540.312 0 6 3 3 2 1 4 2 9 43
541.441 0 7 3 3 2 1 5 2 8 43
541.523 0 7 2 2 2 2 5 2 8 43
544.704 0 8 2 2 2 2 6 2 7 43
545.058 0 9 2 2 2 2 7 2 6 43
548.114 0 10 2 2 2 2 8 2 5 43
548.372 0 9 2 2 2 2 7 2 6 43
549.514 0 10 2 2 2 2 8 2 5 43
549.628 0 10 1 1 2 3 8 2 5 43
550.358 0 9 1 1 1 3 8 3 5 43
552.545 0 10 1 1 1 3 9 3 4 43
552.668 0 11 1 1 2 3 9 2 4 43
553.483 0 11 1 1 2 2 9 1 4 44
554.177 0 10 1 1 2 2 8 1 5 44
554.526 0 9 1 1 1 2 8 2 5 44
555.387 0 9 1 1 2 3 7 2 5 44
559.448 0 10 1 1 2 3 8 2 4 44
560.102 0 11 1 1 2 3 9 2 3 44
560.174 0 10 1 1 2 3 8 2 4 44
560.54 0 9 1 1 1 3 8 3 4 44
561.659 0 9 1 1 1 2 8 2 4 45
562.409 0 8 1 1 1 2 7 2 5 45
564.985 0 9 1 1 1 2 8 2 4 45
564.989 0 8 1 1 1 2 7 2 5 45
565.161 0 7 1 1 1 2 6 2 6 45
565.845 0 7 0 0 1 3 6 2 6 45
567.674 0 6 0 0 0 3 6 3 6 45
567.689 0 7 0 0 0 3 7 3 5 45
569.641 0 6 0 0 0 3 6 3 6 45
572.733 0 7 0 0 1 3 6 2 6 45
576.76 1 8 0 0 0 3 6 2 6 45
577.212 0 7 0 0 1 3 6 2 6 45
578.136 0 6 0 0 1 3 5 2 7 45
583.212 0 6 0 0 1 2 5 1 7 46
583.58 0 7 0 0 1 2 6 1 6 46
587.219 0 6 0 0 1 2 5 1 7 46
588.575 0 7 0 0 1 2 6 1 6 46
590.523 1 8 0 0 0 2 6 1 6 46
591.61 1 7 0 0 0 2 5 1 7 46
592.407 1 6 0 0 0 2 4 1 8 46
592.988 1 5 0 0 0 2 3 1 9 46
595.039 0 4 0 0 1 2 3 1 9 46
595.616 0 4 1 1 1 1 3 1 9 46
596.494 0 4 1 1 0 0 4 1 9 46
597.014 0 5 1 1 0 0 5 1 8 46
597.049 0 6 1 1 0 0 6 1 7 46
598.647 0 7 1 1 0 0 7 1 6 46
598.768 0 8 1 1 0 0 8 1 5 46
598.879 0 9 1 1 0 0 9 1 4 46
600.106 0 8 1 1 0 0 8 1 5 46
600.652 0 7 1 1 0 0 7 1 6 46
600.831 0 6 1 1 0 0 6 1 7 46
605.17 0 5 1 1 0 0 5 1 8 46
605.811 0 6 1 1 0 0 6 1 7 46
607.259 0 5 1 1 0 0 5 1 8 46
607.408 0 4 1 1 0 0 4 1 9 46
608.564 0 4 1 1 1 1 3 1 9 46
611.996 0 4 1 1 2 2 2 1 9 46
612.851 0 5 1 1 2 2 3 1 8 46
614.667 1 6 1 1 1 2 3 1 8 46
615.425 1 5 1 1 1 2 2 1 9 46
617.86 0 4 1 1 2 2 2 1 9 46
623.733 0 3 1 1 1 2 2 2 9 46
633.35 0 4 1 1 2 2 2 1 9 46
636.683 0 4 2 2 2 1 2 1 9 46
637.353 0 5 2 2 2 1 3 1 8 46
637.605 0 6 2 2 2 1 4 1 7 46
637.612 0 7 2 2 2 1 5 1 6 46
637.985 0 8 2 2 2 1 6 1 5 46
638.81 0 7 2 2 2 1 5 1 6 46
642.667 0 6 2 2 1 1 5 2 6 46
644.17 0 7 2 2 1 1 6 2 5 46
644.609 0 7 2 2 1 0 6 1 5 47
652.487 0 6 2 2 1 0 5 1 6 47
653.965 0 5 2 2 1 0 4 1 7 47
654.384 0 4 2 2 1 0 3 1 8 47
655.149 0 3 2 2 1 0 2 1 9 47
659.316 0 4 2 2 1 0 3 1 8 47
662.039 0 3 2 2 1 0 2 1 9 47
662.793 0 4 2 2 1 0 3 1 8 47
664.042 0 5 2 2 1 0 4 1 7 47
666.382 1 6 2 2 0 0 4 1 7 47
673.497 1 5 2 2 0 0 3 1 8 47
675.457 1 6 2 2 0 0 4 1 7 47
681.691 1 7 2 2 0 0 5 1 6 47
687.344 1 7 1 1 0 1 5 1 6 47
688.948 1 6 1 1 0 1 4 1 7 47
689.433 1 5 1 1 0 1 3 1 8 47
695.25 1 6 1 1 0 1 4 1 7 47
696.439 1 7 1 1 0 1 5 1 6 47
699.713 1 6 1 1 0 1 4 1 7 47
700.669 1 7 1 1 0 1 5 1 6 47
702.077 1 8 1 1 0 1 6 1 5 47
702.835 1 9 1 1 0 1 7 1 4 47
702.895 1 8 1 1 0 1 6 1 5 47
705.38 1 7 1 1 0 1 5 1 6 47
705.856 1 6 1 1 0 1 4 1 7 47
705.933 1 7 1 1 0 1 5 1 6 47
706.245 1 6 1 1 0 1 4 1 7 47
707.271 1 7 1 1 0 1 5 1 6 47
709.412 1 8 1 1 0 1 6 1 5 47
709.42 1 8 1 1 1 2 5 1 5 47
712.924 1 9 1 1 1 2 6 1 4 47
713.118 1 8 1 1 1 2 5 1 5 47
713.956 1 7 1 1 1 2 4 1 6 47
714.593 1 8 1 1 1 2 5 1 5 47
714.973 1 7 1 1 1 2 4 1 6 47
715.846 1 6 1 1 1 2 3 1 7 47
720.471 1 5 1 1 1 2 2 1 8 47
720.532 0 4 1 1 2 2 2 1 8 47
721.74 0 3 1 1 2 2 1 1 9 47
722.935 0 3 2 2 2 1 1 1 9 47
723.693 0 4 2 2 2 1 2 1 8 47
728.307 0 5 2 2 2 1 3 1 7 47
728.533 0 6 2 2 2 1 4 1 6 47
730.05 0 5 2 2 2 1 3 1 7 47
732.132 0 5 2 2 2 0 3 0 7 48
732.37 1 6 2 2 1 0 3 0 7 48
735.609 1 7 2 2 1 0 4 0 6 48
736.529 1 8 2 2 1 0 5 0 5 48
739.341 1 7 2 2 1 0 4 0 6 48
740.604 1 8 2 2 1 0 5 0 5 48
741.468 0 7 2 2 2 0 5 0 5 48
744.446 1 8 2 2 1 0 5 0 5 48
746.383 1 8 1 1 1 1 5 0 5 48
746.957 1 9 1 1 1 1 6 0 4 48
748.572 1 8 1 1 1 1 5 0 5 48
751.577 0 7 1 1 2 1 5 0 5 48
751.978 0 6 1 1 2 1 4 0 6 48
753.094 0 7 1 1 2 1 5 0 5 48
753.177 0 8 1 1 2 1 6 0 4 48
753.398 0 7 1 1 2 1 5 0 5 48
755.011 0 8 1 1 2 1 6 0 4 48
755.506 0 7 1 1 1 1 6 1 4 48
756.705 0 6 1 1 1 1 5 1 5 48
758.895 0 7 1 1 1 1 6 1 4 48
759.845 0 8 1 1 1 1 7 1 3 48
760.609 0 7 1 1 1 1 6 1 4 48
760.799 0 8 1 1 1 1 7 1 3 48
761.121 0 7 1 1 1 1 6 1 4 48
761.284 0 6 1 1 1 1 5 1 5 48
768.802 0 5 1 1 1 1 4 1 6 48
769.389 0 4 1 1 1 1 3 1 7 48
772.843 0 5 1 1 1 1 4 1 6 48
774.73 0 6 1 1 1 1 5 1 5 48
777.678 0 5 1 1 1 1 4 1 6 48
778.309 0 4 1 1 1 1 3 1 7 48
779.299 0 3 1 1 1 1 2 1 8 48
779.747 0 4 1 1 1 1 3 1 7 48
780.597 1 5 1 1 0 1 3 1 7 48
781.495 0 4 1 1 1 1 3 1 7 48
792.594 0 3 1 1 0 1 3 2 7 48
793.047 0 4 1 1 0 1 4 2 6 48
795.308 0 5 1 1 0 1 5 2 5 48
797.52 0 4 1 1 0 1 4 2 6 48
797.704 0 3 1 1 0 1 3 2 7 48
798.551 0 4 1 1 1 1 3 1 7 48
800.078 0 5 1 1 1 1 4 1 6 48
804.648 0 6 1 1 1 1 5 1 5 48
810.511 0 6 1 1 1 0 5 0 5 49
811.786 0 5 1 1 1 0 4 0 6 49
811.975 0 4 1 1 1 0 3 0 7 49
814.588 0 5 1 1 1 0 4 0 6 49
816.598 0 4 1 1 1 0 3 0 7 49
816.711 0 3 1 1 1 0 2 0 8 49
818.39 0 4 1 1 1 0 3 0 7 49
823.165 0 5 1 1 1 0 4 0 6 49
823.412 0 5 0 0 1 1 4 0 6 49
827.57 0 4 0 0 1 1 3 0 7 49
828.299 0 5 0 0 1 1 4 0 6 49
829.699 0 6 0 0 1 1 5 0 5 49
830.006 0 5 0 0 1 1 4 0 6 49
831.061 0 4 0 0 0 1 4 1 6 49
831.742 0 5 0 0 0 1 5 1 5 49
836.481 0 6 0 0 0 1 6 1 4 49
839.1 0 7 0 0 0 1 7 1 3 49
843.378 0 6 0 0 0 1 6 1 4 49
843.393 0 5 0 0 0 1 5 1 5 49
843.912 0 4 0 0 0 1 4 1 6 49
845.016 0 5 0 0 0 1 5 1 5 49
846.538 0 4 0 0 0 1 4 1 6 49
849.01 0 5 0 0 0 1 5 1 5 49
849.704 0 4 0 0 0 1 4 1 6 49
850.667 0 5 0 0 0 1 5 1 5 49
851.839 0 4 0 0 0 1 4 1 6 49
853.846 0 3 0 0 0 1 3 1 7 49
859.714 0 4 0 0 0 1 4 1 6 49
861.889 0 5 0 0 0 1 5 1 5 49
862.66 0 4 0 0 0 1 4 1 6 49
864.415 0 5 0 0 0 1 5 1 5 49
871.092 0 6 0 0 0 1 6 1 4 49
872.29 0 5 0 0 0 1 5 1 5 49
879.043 0 6 0 0 0 1 6 1 4 49
879.995 0 7 0 0 0 1 7 1 3 49
880.005 0 6 0 0 0 1 6 1 4 49
880.957 0 5 0 0 0 1 5 1 5 49
882.542 0 4 0 0 0 1 4 1 6 49
886.472 0 3 0 0 0 1 3 1 7 49
889.406 0 4 0 0 0 1 4 1 6 49
893.657 0 4 0 0 0 2 4 2 6 48
895.929 0 5 0 0 0 2 5 2 5 48
899.983 0 5 0 0 1 3 4 2 5 48
906.357 0 6 0 0 1 3 5 2 4 48
908.535 0 7 0 0 1 3 6 2 3 48
908.782 0 8 0 0 1 3 7 2 2 48
909.376 0 9 0 0 1 3 8 2 1 48
909.88 0 8 0 0 1 3 7 2 2 48
913.1 0 8 0 0 1 2 7 1 2 49
913.405 0 8 0 0 1 1 7 0 2 50
914.201 1 9 0 0 0 1 7 0 2 50
918.112 1 8 0 0 0 1 6 0 3 50
919.983 1 7 0 0 0 1 5 0 4 50
922.29 1 6 0 0 0 1 4 0 5 50
922.532 1 7 0 0 0 1 5 0 4 50
923.807 1 6 0 0 0 1 4 0 5 50
924.667 1 7 0 0 0 1 5 0 4 50
925.093 1 8 0 0 0 1 6 0 3 50
926.413 1 9 0 0 0 1 7 0 2 50
927.525 1 8 0 0 0 1 6 0 3 50
928.34 1 7 0 0 0 1 5 0 4 50
929.31 1 6 0 0 0 1 4 0 5 50
932.339 1 5 0 0 0 1 3 0 6 50
933.931 1 4 0 0 0 1 2 0 7 50
942.754 1 5 0 0 0 1 3 0 6 50
947.767 1 6 0 0 0 1 4 0 5 50
951.673 1 5 0 0 0 1 3 0 6 50
951.818 1 6 0 0 0 1 4 0 5 50
952.199 1 5 0 0 0 1 3 0 6 50
957.198 1 6 0 0 0 1 4 0 5 50
957.23 1 7 0 0 0 1 5 0 4 50
957.507 1 7 0 0 1 2 4 0 4 50
958.362 1 7 0 0 2 3 3 0 4 50
959.444 1 7 0 0 1 2 4 0 4 50
960.615 0 6 0 0 2 2 4 0 4 50
960.765 0 5 0 0 2 2 3 0 5 50
962.857 0 5 1 1 2 1 3 0 5 50
964.495 0 6 1 1 2 1 4 0 4 50
964.795 0 5 1 1 2 1 3 0 5 50
970.756 0 6 1 1 2 1 4 0 4 50
972.529 0 5 1 1 2 1 3 0 5 50
973.781 0 6 1 1 2 1 4 0 4 50
975.358 0 5 1 1 1 1 4 1 4 50
979.654 0 4 1 1 1 1 3 1 5 50
980.213 0 3 1 1 0 1 3 2 5 50
988.383 0 4 1 1 0 1 4 2 4 50
997.927 0 5 1 1 1 1 4 1 4 50
999.738 0 6 1 1 1 1 5 1 3 50
1000.69 0 5 1 1 1 1 4 1 4 50
1001.15 0 4 1 1 1 1 3 1 5 50
1007.72 0 5 1 1 1 1 4 1 4 50
1010.01 0 5 1 1 1 0 4 0 4 51
1013.14 0 6 1 1 1 0 5 0 3 51
1017.25 0 5 1 1 1 0 4 0 4 51
1017.34 0 4 1 1 1 0 3 0 5 51
1024.15 1 5 1 1 0 0 3 0 5 51
1026.18 1 6 1 1 0 0 4 0 4 51
1035.3 1 7 1 1 0 0 5 0 3 51
1038.55 1 6 1 1 0 0 4 0 4 51
1041.62 0 5 1 1 1 0 4 0 4 51
1043.23 0 4 1 1 1 0 3 0 5 51
1043.67 0 5 1 1 1 0 4 0 4 51
1046.51 0 4 1 1 1 0 3 0 5 51
1050.16 0 4 0 0 1 1 3 0 5 51
1052.87 0 3 0 0 1 1 2 0 6 51
1057.57 0 4 0 0 1 1 3 0 5 51
1057.87 0 5 0 0 1 1 4 0 4 51
1071.3 0 4 0 0 1 1 3 0 5 51
1073.09 0 3 0 0 1 1 2 0 6 51
1075.85 0 4 0 0 1 1 3 0 5 51
1078.19 0 5 0 0 1 1 4 0 4 51
1078.42 0 6 0 0 1 1 5 0 3 51
1081.87 0 7 0 0 1 1 6 0 2 51
1081.99 0 6 0 0 1 1 5 0 3 51
1086.25 0 5 0 0 1 1 4 0 4 51
1087.96 0 6 0 0 1 1 5 0 3 51
1088.99 0 5 0 0 1 1 4 0 4 51
1091.93 0 5 0 0 0 0 5 0 4 51
1092.73 0 6 0 0 0 0 6 0 3 51
1101.51 0 5 0 0 0 0 5 0 4 51
1102.2 0 4 0 0 0 0 4 0 5 51
1103.46 0 5 0 0 0 0 5 0 4 51
1103.74 0 6 0 0 0 0 6 0 3 51
1103.92 0 5 0 0 0 0 5 0 4 51
1104.3 0 4 0 0 0 0 4 0 5 51
1104.34 0 3 0 0 0 0 3 0 6 51
1104.74 0 4 0 0 0 0 4 0 5 51
1108.61 0 3 0 0 0 0 3 0 6 51
1109.14 0 3 0 0 1 1 2 0 6 51
1110.76 0 2 0 0 1 1 1 0 7 51
1113 1 3 0 0 0 1 1 0 7 51
1113.93 1 3 1 1 0 0 1 0 7 51
1115.99 1 2 1 1 0 0 0 0 8 51
1122.05 1 3 1 1 0 0 1 0 7 51
1123.02 1 4 1 1 0 0 2 0 6 51
1125.39 1 5 1 1 0 0 3 0 5 51
1127.65 1 4 1 1 0 0 2 0 6 51
1132.28 1 5 1 1 0 0 3 0 5 51
1132.76 1 4 1 1 0 0 2 0 6 51
1133.32 1 5 1 1 0 0 3 0 5 51
1135.22 1 6 1 1 0 0 4 0 4 51
1142.11 1 5 1 1 0 0 3 0 5 51
1143.02 1 4 1 1 0 0 2 0 6 51
1144.96 1 5 1 1 0 0 3 0 5 51
1146.31 1 4 1 1 0 0 2 0 6 51
1147.84 1 3 1 1 0 0 1 0 7 51
1151.91 1 4 1 1 0 0 2 0 6 51
1155.85 1 5 1 1 0 0 3 0 5 51
1157.98 1 5 1 1 1 1 2 0 5 51
1163.07 1 4 1 1 1 1 1 0 6 51
1164.29 1 5 1 1 1 1 2 0 5 51
1164.97 1 5 1 1 0 0 3 0 5 51
1165.62 0 4 1 1 1 0 3 0 5 51
1167.71 0 5 1 1 1 0 4 0 4 51
1172.3 0 4 1 1 1 0 3 0 5 51
1175.31 0 5 1 1 1 0 4 0 4 51
1180.09 0 4 1 1 0 0 4 1 4 51
1186.96 0 5 1 1 0 0 5 1 3 51
1187.53 0 6 1 1 0 0 6 1 2 51
1189.31 0 5 1 1 0 0 5 1 3 51
1189.82 0 4 1 1 0 0 4 1 4 51
1191.58 0 3 1 1 0 0 3 1 5 51
1194.04 0 4 1 1 0 0 4 1 4 51
1220.46 0 4 0 0 0 1 4 1 4 51
1223.87 0 3 0 0 0 1 3 1 5 51
1229 0 2 0 0 0 1 2 1 6 51
1229.84 0 1 0 0 0 1 1 1 7 51
1236.45 0 2 0 0 0 1 2 1 6 51
1247.66 0 3 0 0 0 1 3 1 5 51
1252.72 0 3 0 0 0 0 3 0 5 52
1267.58 0 4 0 0 0 0 4 0 4 52
1267.73 0 3 0 0 0 0 3 0 5 52
1277.82 0 2 0 0 0 0 2 0 6 52
1286.56 0 3 0 0 0 0 3 0 5 52
1287.51 0 4 0 0 0 0 4 0 4 52
1291.12 0 5 0 0 0 0 5 0 3 52
1291.99 0 6 0 0 0 0 6 0 2 52
1292.65 0 5 0 0 0 0 5 0 3 52
1293.08 0 6 0 0 0 0 6 0 2 52
1296.52 0 5 0 0 0 0 5 0 3 52
1296.7 0 4 0 0 0 0 4 0 4 52
1301.48 0 5 0 0 0 0 5 0 3 52
1303.34 0 4 0 0 0 0 4 0 4 52
1307.25 0 5 0 0 0 0 5 0 3 52
1314.42 0 5 0 0 1 1 4 0 3 52
1314.89 0 4 0 0 1 1 3 0 4 52
1319.91 0 5 0 0 1 1 4 0 3 52
1323.17 0 4 0 0 1 1 3 0 4 52
1323.46 1 5 0 0 0 1 3 0 4 52
1328.46 1 6 0 0 0 1 4 0 3 52
1335.37 1 5 0 0 0 1 3 0 4 52
1338.9 1 6 0 0 0 1 4 0 3 52
1340.51 1 5 0 0 0 1 3 0 4 52
1346.99 1 4 0 0 0 1 2 0 5 52
1347.31 1 5 0 0 0 1 3 0 4 52
1348.54 1 6 0 0 0 1 4 0 3 52
1348.65 1 7 0 0 0 1 5 0 2 52
1349.87 1 6 0 0 0 1 4 0 3 52
1352.51 1 7 0 0 0 1 5 0 2 52
1357.36 1 6 0 0 0 1 4 0 3 52
1359.08 1 6 0 0 0 2 4 1 3 51
1360.25 1 7 0 0 0 2 5 1 2 51
1360.72 1 8 0 0 1 2 5 0 2 51
1365.34 1 7 0 0 0 2 5 1 2 51
1367.23 1 6 0 0 0 2 4 1 3 51
1369.43 1 5 0 0 0 2 3 1 4 51
1369.77 1 6 0 0 0 2 4 1 3 51
1372.3 1 5 0 0 0 2 3 1 4 51
1372.61 1 5 1 1 0 1 3 1 4 51
1372.9 1 6 1 1 0 1 4 1 3 51
1373.04 1 5 1 1 0 1 3 1 4 51
1374.22 1 6 1 1 0 1 4 1 3 51
1375.79 1 5 1 1 0 1 3 1 4 51
1378.31 1 6 1 1 1 1 3 0 4 51
1381.85 2 7 1 1 0 1 3 0 4 51
1383.68 2 8 1 1 0 1 4 0 3 51
1384.84 1 7 1 1 1 1 4 0 3 51
1386.08 1 6 1 1 1 1 3 0 4 51
1392.33 1 6 1 1 2 2 2 0 4 51
1397.43 1 5 1 1 1 2 2 1 4 51
1397.58 1 5 2 2 1 1 2 1 4 51
1406.14 1 6 2 2 1 1 3 1 3 51
1408.98 1 5 2 2 1 1 2 1 4 51
1412.28 1 4 2 2 1 1 1 1 5 51
1412.45 1 3 2 2 1 1 0 1 6 51
1423.28 1 4 2 2 1 1 1 1 5 51
1423.93 1 5 2 2 1 1 2 1 4 51
1424.53 1 4 2 2 1 1 1 1 5 51
1424.56 1 3 2 2 1 1 0 1 6 51
1428.12 1 2 2 2 0 1 0 2 6 51
1428.84 1 3 2 2 0 1 1 2 5 51
1442.27 1 4 2 2 0 1 2 2 4 51
1442.7 1 5 2 2 0 1 3 2 3 51
1443.54 1 6 2 2 1 1 3 1 3 51
1447.11 1 7 2 2 1 1 4 1 2 51
1448.71 1 7 2 2 0 0 5 1 2 51
1450.8 1 6 2 2 0 0 4 1 3 51
1462.35 1 7 2 2 0 0 5 1 2 51
1462.49 1 6 2 2 0 0 4 1 3 51
1462.7 1 7 2 2 0 0 5 1 2 51
1464.2 1 8 2 2 0 0 6 1 1 51
1464.7 1 7 2 2 0 0 5 1 2 51
1465.64 1 6 2 2 0 0 4 1 3 51
1466.67 1 5 2 2 0 0 3 1 4 51
1467.29 1 5 2 2 0 1 3 2 4 50
1467.61 1 6 2 2 0 1 4 2 3 50
1468.26 1 7 2 2 0 1 5 2 2 50
1485.04 1 6 2 2 0 1 4 2 3 50
1486.76 1 7 2 2 0 1 5 2 2 50
1487.85 1 7 2 2 0 0 5 1 2 51
1488.95 0 6 2 2 1 0 5 1 2 51
1489.22 0 6 1 1 1 1 5 1 2 51
1490.52 0 7 1 1 1 1 6 1 1 51
1491.19 0 6 1 1 1 1 5 1 2 51
1494.91 0 5 1 1 0 1 5 2 2 51
1497.65 0 6 1 1 0 1 6 2 1 51
1498.97 0 5 1 1 0 1 5 2 2 51
1507.97 0 4 1 1 0 1 4 2 3 51
1508.92 0 5 1 1 0 1 5 2 2 51
1509.16 0 4 1 1 0 1 4 2 3 51
1510.29 0 5 1 1 0 1 5 2 2 51
1515.3 0 4 1 1 0 1 4 2 3 51
1516.45 0 3 1 1 0 1 3 2 4 51
1524.07 0 2 1 1 0 1 2 2 5 51
1524.25 0 3 1 1 0 1 3 2 4 51
1524.52 0 4 1 1 0 1 4 2 3 51
1525.28 0 5 1 1 0 1 5 2 2 51
1526.91 0 4 1 1 0 1 4 2 3 51
1527.98 0 3 1 1 0 1 3 2 4 51
1528.29 0 4 1 1 1 1 3 1 4 51
1528.37 0 3 1 1 0 1 3 2 4 51
1529.77 0 4 1 1 0 1 4 2 3 51
1532.03 0 5 1 1 0 1 5 2 2 51
1532.52 0 4 1 1 0 1 4 2 3 51
1535.11 0 5 1 1 0 1 5 2 2 51
1535.58 0 4 1 1 0 1 4 2 3 51
1537.41 0 3 1 1 0 1 3 2 4 51
1538.82 0 3 1 1 0 0 3 1 4 52
1544.72 0 4 1 1 0 0 4 1 3 52
1547.3 0 3 1 1 0 0 3 1 4 52
1549.84 0 4 1 1 0 0 4 1 3 52
1550.82 0 3 1 1 0 0 3 1 4 52
1556.37 0 4 1 1 0 0 4 1 3 52
1557.49 0 4 0 0 0 1 4 1 3 52
1558.92 0 5 0 0 0 1 5 1 2 52
1559.05 0 5 1 1 0 0 5 1 2 52
1575.72 0 5 1 1 1 1 4 1 2 52
1580.11 0 4 1 1 0 1 4 2 2 52
1583.72 0 3 1 1 0 1 3 2 3 52
1584.62 0 4 1 1 0 1 4 2 2 52
1585.15 0 5 1 1 0 1 5 2 1 52
1594.13 0 4 1 1 0 1 4 2 2 52
1595.39 0 5 1 1 0 1 5 2 1 52
1596.27 0 5 1 1 0 2 5 3 1 51
1597.87 0 4 1 1 0 2 4 3 2 51
1603.5 0 3 1 1 0 2 3 3 3 51
1604.59 0 4 1 1 1 2 3 2 3 51
1606.7 0 4 0 0 1 3 3 2 3 51
1609.84 0 3 0 0 1 3 2 2 4 51
1621.36 0 3 0 0 0 2 3 2 4 51
1621.66 0 3 0 0 0 3 3 3 4 50
1622.84 0 4 0 0 1 3 3 2 4 50
1623.99 0 5 0 0 1 3 4 2 3 50
1625.86 0 5 0 0 0 2 5 2 3 50
1638.28 0 4 0 0 0 2 4 2 4 50
1638.55 0 5 0 0 0 2 5 2 3 50
1638.73 0 5 0 0 0 3 5 3 3 49
1641.21 0 5 0 0 1 4 4 3 3 49
1641.8 0 4 0 0 1 4 3 3 4 49
1642.78 0 4 0 0 1 3 3 2 4 50
1645.07 0 5 0 0 1 3 4 2 3 50
1646.87 0 4 0 0 1 3 3 2 4 50
1647.5 0 5 0 0 2 3 3 1 4 50
1651.52 0 4 0 0 2 3 2 1 5 50
1655.33 0 3 0 0 2 3 1 1 6 50
1660.53 0 2 0 0 2 3 0 1 7 50
1665.06 0 3 0 0 2 3 1 1 6 50
1672.88 0 4 0 0 2 3 2 1 5 50
1673.68 0 4 1 1 2 2 2 1 5 50
1674.1 0 5 1 1 2 2 3 1 4 50
1674.73 0 6 1 1 2 2 4 1 3 50
1675.76 1 7 1 1 1 2 4 1 3 50
1676.35 1 8 1 1 1 2 5 1 2 50
1678.14 1 7 1 1 1 2 4 1 3 50
1683.32 1 7 1 1 1 3 4 2 3 49
1683.68 1 6 1 1 1 3 3 2 4 49
1684.08 1 5 1 1 1 3 2 2 5 49
1685.08 1 6 1 1 1 3 3 2 4 49
1687.92 1 7 1 1 1 3 4 2 3 49
1688.54 1 6 1 1 1 3 3 2 4 49
1688.58 1 7 1 1 1 3 4 2 3 49
1689.61 1 6 1 1 1 3 3 2 4 49
1690.53 2 7 1 1 0 3 3 2 4 49
1690.63 2 6 1 1 0 3 2 2 5 49
1695.61 2 7 1 1 0 3 3 2 4 49
1700.92 2 8 1 1 0 3 4 2 3 49
1701.96 2 8 1 1 0 2 4 1 3 50
1703.04 2 7 1 1 0 2 3 1 4 50
1704.06 2 8 1 1 0 2 4 1 3 50
1704.51 2 8 1 1 0 1 4 0 3 51
1704.68 2 7 1 1 0 1 3 0 4 51
1708.59 2 8 1 1 0 1 4 0 3 51
1708.81 2 9 1 1 0 1 5 0 2 51
1710.72 1 8 1 1 1 1 5 0 2 51
1711.6 0 7 1 1 2 1 5 0 2 51
1712.66 0 6 1 1 1 1 5 1 2 51
1712.96 0 5 1 1 1 1 4 1 3 51
1713.79 0 4 1 1 0 1 4 2 3 51
1714.73 0 5 1 1 0 1 5 2 2 51
1715.18 0 6 1 1 0 1 6 2 1 51
1717.05 0 7 1 1 1 1 6 1 1 51
1717.7 0 6 1 1 1 1 5 1 2 51
1718.91 0 5 1 1 1 1 4 1 3 51
1721.85 0 4 1 1 1 1 3 1 4 51
1726.42 0 3 1 1 1 1 2 1 5 51
1726.61 0 2 1 1 1 1 1 1 6 51
1727.58 0 1 1 1 0 1 1 2 6 51
1728.01 0 2 1 1 0 1 2 2 5 51
1728.16 0 2 2 2 0 0 2 2 5 51
1729.06 0 3 2 2 0 0 3 2 4 51
1733.9 0 3 2 2 1 1 2 2 4 51
1739.44 0 2 2 2 1 1 1 2 5 51
1741.52 0 3 2 2 2 1 1 1 5 51
1742.66 0 2 2 2 1 1 1 2 5 51
1744.22 0 3 2 2 1 1 2 2 4 51
1750.06 0 2 2 2 1 1 1 2 5 51
1752.55 0 3 2 2 1 1 2 2 4 51
1758.26 0 3 1 1 1 2 2 2 4 51
1763.24 0 4 1 1 1 2 3 2 3 51
1766.62 0 4 1 1 1 1 3 1 3 52
1768.03 0 3 1 1 1 1 2 1 4 52
1769.98 0 3 1 1 2 2 1 1 4 52
1772.87 0 3 2 2 2 1 1 1 4 52
1781.45 1 4 2 2 1 1 1 1 4 52
1782.55 1 5 2 2 1 1 2 1 3 52
1782.7 1 5 2 2 1 2 2 2 3 51
1786.36 1 5 1 1 1 3 2 2 3 51
1791.17 1 6 1 1 1 3 3 2 2 51
1797.59 1 7 1 1 1 3 4 2 1 51
1802.64 1 7 1 1 1 2 4 1 1 52
1804.91 1 6 1 1 1 2 3 1 2 52
1805.45 1 7 1 1 1 2 4 1 1 52
1809.69 1 7 1 1 1 3 4 2 1 51
1809.83 1 6 1 1 1 3 3 2 2 51
1811.38 1 5 1 1 1 3 2 2 3 51
1811.92 1 4 1 1 1 3 1 2 4 51
1813.73 1 4 1 1 1 2 1 1 4 52
1815.4 1 5 1 1 1 2 2 1 3 52
1815.74 1 6 1 1 1 2 3 1 2 52
1818.99 1 5 1 1 0 2 3 2 2 52
1821.04 1 4 1 1 0 2 2 2 3 52
1822.91 1 5 1 1 0 2 3 2 2 52
1826.14 1 6 1 1 0 2 4 2 1 52
1827.75 1 5 1 1 0 2 3 2 2 52
1829.5 1 5 2 2 0 1 3 2 2 52
1836.25 1 6 2 2 1 1 3 1 2 52
1836.5 1 7 2 2 1 1 4 1 1 52
1836.99 0 6 2 2 2 1 4 1 1 52
1837.16 1 7 2 2 1 1 4 1 1 52
1839.07 1 6 2 2 1 1 3 1 2 52
1839.08 1 5 2 2 1 1 2 1 3 52
1840.48 1 4 2 2 0 1 2 2 3 52
1842.04 1 3 2 2 0 1 1 2 4 52
1845.2 1 4 2 2 0 1 2 2 3 52
1845.59 1 5 2 2 0 1 3 2 2 52
1851.86 1 4 2 2 0 1 2 2 3 52
1851.94 1 5 2 2 0 1 3 2 2 52
1856.89 1 4 2 2 0 1 2 2 3 52
1859.39 1 5 2 2 0 1 3 2 2 52
1860.15 0 4 2 2 1 1 3 2 2 52
1862.85 0 5 2 2 2 1 3 1 2 52
1870.93 0 4 2 2 2 1 2 1 3 52
1871.36 0 5 2 2 2 1 3 1 2 52
1873.69 0 6 2 2 2 1 4 1 1 52
1874.93 0 6 2 2 3 2 3 1 1 52
1877.94 0 5 2 2 2 2 3 2 1 52
1883.66 0 6 2 2 2 2 4 2 0 52
1888.76 0 6 2 2 2 1 4 1 0 53
1894.73 0 5 2 2 2 1 3 1 1 53
1898.3 0 5 1 1 2 2 3 1 1 53
1902 0 4 1 1 1 2 3 2 1 53
1905.04 0 3 1 1 1 2 2 2 2 53
1911.37 0 4 1 1 1 2 3 2 1 53
1913.13 0 4 2 2 1 1 3 2 1 53
1916.08 0 3 2 2 1 1 2 2 2 53
1916.97 0 4 2 2 2 1 2 1 2 53
1920.59 0 5 2 2 2 1 3 1 1 53
1924.48 0 4 2 2 2 1 2 1 2 53
1925.58 0 4 2 2 3 2 1 1 2 53
1937.6 0 3 2 2 2 2 1 2 2 53
1939.49 0 2 2 2 1 2 1 3 2 53
1939.82 0 3 2 2 1 2 2 3 1 53
1947.33 0 3 1 1 1 3 2 3 1 53
1950.21 0 2 1 1 1 3 1 3 2 53
1952.2 0 3 1 1 1 3 2 3 1 53
1957.23 0 4 1 1 2 3 2 2 1 53
1961.84 1 5 1 1 1 3 2 2 1 53
1967.87 1 4 1 1 0 3 2 3 1 53
1971.77 1 5 1 1 0 3 3 3 0 53
1978.37 1 5 2 2 0 2 3 3 0 53
1984.31 1 6 2 2 1 2 3 2 0 53
1985.15 1 5 2 2 1 2 2 2 1 53
1985.8 0 4 2 2 2 2 2 2 1 53
1986.74 0 4 2 2 2 1 2 1 1 54
1987.97 0 4 3 3 2 0 2 1 1 54
1988.51 0 3 3 3 2 0 1 1 2 54
2003.5 0 4 3 3 2 0 2 1 1 54
2003.54 0 4 2 2 2 1 2 1 1 54
2004.32 0 3 2 2 1 1 2 2 1 54
2008.62 0 2 2 2 0 1 2 3 1 54
2018.29 0 3 2 2 0 1 3 3 0 54
2025.8 0 2 2 2 0 1 2 3 1 54
2032.07 0 2 2 2 0 0 2 2 1 55
2033.32 0 3 2 2 0 0 3 2 0 55
2046.04 0 3 1 1 0 1 3 2 0 55
2050.67 0 2 1 1 0 1 2 2 1 55
2051.02 0 1 1 1 0 1 1 2 2 55
2051.81 0 2 1 1 0 1 2 2 1 55
2061.44 0 3 1 1 0 1 3 2 0 55
2070.17 0 3 0 0 0 2 3 2 0 55
2076.28 0 2 0 0 0 2 2 2 1 55
2084.27 0 2 1 1 0 1 2 2 1 55
2084.58 0 2 1 1 0 0 2 1 1 56
2090.15 0 3 1 1 0 0 3 1 0 56
2092.96 0 3 0 0 0 1 3 1 0 56
2108.82 0 3 0 0 0 2 3 2 0 55
2111.55 0 3 0 0 0 1 3 1 0 56
2120.42 0 2 0 0 0 1 2 1 1 56
2121.81 0 1 0 0 0 1 1 1 2 56
2124.58 0 0 0 0 0 1 0 1 3 56
2135.6 0 1 0 0 0 1 1 1 2 56
2143.46 0 1 1 1 0 0 1 1 2 56
2149.24 0 2 1 1 0 0 2 1 1 56
2149.63 0 3 1 1 1 0 2 0 1 56
2149.87 0 2 1 1 1 0 1 0 2 56
2150.88 1 3 1 1 0 0 1 0 2 56
2157.04 1 3 0 0 0 1 1 0 2 56
2158.8 1 3 0 0 1 2 0 0 2 56
2162.97 2 4 0 0 0 2 0 0 2 56
2174.2 1 3 0 0 1 2 0 0 2 56
2179.99 2 4 0 0 0 2 0 0 2 56
2190.35 1 3 0 0 1 2 0 0 2 56
2191.6 1 4 0 0 1 2 1 0 1 56
2205.89 1 4 1 1 1 1 1 0 1 56
2207 1 5 1 1 1 1 2 0 0 56
2208.54 0 4 1 1 2 1 2 0 0 56
2220.8 0 3 1 1 2 1 1 0 1 56
2228.82 1 4 1 1 1 1 1 0 1 56
2233.1 1 4 1 1 0 0 2 0 1 56
2237.83 1 3 1 1 0 0 1 0 2 56
2243.28 1 2 1 1 0 0 0 0 3 56
2244.77 1 2 1 1 0 1 0 1 3 55
2248.31 1 3 1 1 0 1 1 1 2 55
2254.95 0 2 1 1 1 1 1 1 2 55
2282.67 0 3 1 1 1 1 2 1 1 55
2288.86 0 2 1 1 0 1 2 2 1 55
2289.54 0 3 1 1 0 1 3 2 0 55
2295.3 0 3 1 1 1 2 2 2 0 55
2305.24 0 3 1 1 1 1 2 1 0 56
2311.66 0 3 1 1 1 2 2 2 0 55
2317.22 0 2 1 1 1 2 1 2 1 55
2333.36 1 3 1 1 0 2 1 2 1 55
2340.5 1 2 1 1 0 2 0 2 2 55
2353.9 1 3 1 1 0 2 1 2 1 55
2357.8 1 3 1 1 1 3 0 2 1 55
2364.12 0 2 1 1 2 3 0 2 1 55
2384.46 0 2 1 1 1 2 1 2 1 55
2384.58 0 2 2 2 1 1 1 2 1 55
2386.66 0 1 2 2 0 1 1 3 1 55
2389.41 0 2 2 2 0 1 2 3 0 55
2390.27 0 2 1 1 0 2 2 3 0 55
2405.31 0 3 1 1 1 2 2 2 0 55
2408.07 0 3 1 1 1 1 2 1 0 56
2412.55 0 3 2 2 1 0 2 1 0 56
2427.61 0 3 2 2 1 1 2 2 0 55
2429.15 0 2 2 2 0 1 2 3 0 55
2444.92 0 3 2 2 1 1 2 2 0 55
2445.16 0 2 2 2 1 1 1 2 1 55
2456.85 0 2 1 1 1 2 1 2 1 55
2464.78 0 3 1 1 1 2 2 2 0 55
2466.73 0 3 1 1 1 1 2 1 0 56
2469.27 1 4 1 1 0 1 2 1 0 56
2473.14 1 3 1 1 0 1 1 1 1 56
2483.15 1 2 1 1 0 1 0 1 2 56
2512.27 1 2 1 1 0 2 0 2 2 55
2537.86 1 3 1 1 1 2 0 1 2 55
2558.62 1 3 0 0 1 3 0 1 2 55
2560.11 1 4 0 0 1 3 1 1 1 55
2561.57 1 3 0 0 1 3 0 1 2 55
2566.05 1 4 0 0 1 3 1 1 1 55
2572.39 1 4 0 0 0 2 2 1 1 55
2578.38 1 3 0 0 0 2 1 1 2 55
2578.47 1 3 0 0 0 1 1 0 2 56
2580.05 0 2 0 0 1 1 1 0 2 56
2586.99 0 1 0 0 1 1 0 0 3 56
2588.49 0 0 0 0 0 1 0 1 3 56
2592.7 0 1 0 0 0 1 1 1 2 56
2594.78 0 1 1 1 0 0 1 1 2 56
2610.52 0 0 1 1 0 0 0 1 3 56
2616.67 0 1 1 1 0 0 1 1 2 56
2641.72 0 2 1 1 0 0 2 1 1 56
2661.48 0 1 1 1 0 0 1 1 2 56
2666.14 0 2 1 1 1 0 1 0 2 56
2668.64 1 3 1 1 0 0 1 0 2 56
2682.48 0 2 1 1 1 0 1 0 2 56
2694.77 0 2 1 1 2 1 0 0 2 56
2702.62 0 2 2 2 2 0 0 0 2 56
2704.08 0 1 2 2 1 0 0 1 2 56
2705.19 0 2 2 2 1 0 1 1 1 56
2712.55 0 1 2 2 1 0 0 1 2 56
2715.5 0 1 1 1 1 1 0 1 2 56
2723.61 1 2 1 1 0 1 0 1 2 56
2726.53 1 2 0 0 0 2 0 1 2 56
2733.48 1 3 0 0 1 2 0 0 2 56
2742.8 1 4 0 0 1 2 1 0 1 56
2754.03 1 3 0 0 1 2 0 0 2 56
2760.29 1 2 0 0 0 2 0 1 2 56
2767.5 1 2 0 0 0 3 0 2 2 55
2777.17 1 2 0 0 0 2 0 1 2 56
2785.75 1 3 0 0 0 2 1 1 1 56
2797.11 1 3 1 1 0 1 1 1 1 56
2799.32 1 3 2 2 0 0 1 1 1 56
2818.88 1 2 2 2 0 0 0 1 2 56
2820.95 1 3 2 2 1 0 0 0 2 56
2832.51 1 3 1 1 1 1 0 0 2 56
2843.46 1 4 1 1 1 1 1 0 1 56
2849.73 1 3 1 1 0 1 1 1 1 56
2872.98 0 2 1 1 1 1 1 1 1 56
2876.46 1 3 1 1 0 1 1 1 1 56
2876.81 1 4 1 1 1 1 1 0 1 56
2883.04 0 3 1 1 2 1 1 0 1 56
2893.8 0 3 2 2 2 0 1 0 1 56
2899.26 1 4 2 2 1 0 1 0 1 56
2901.28 1 3 2 2 0 0 1 1 1 56
2904.35 0 2 2 2 1 0 1 1 1 56
2904.91 0 3 2 2 2 0 1 0 1 56
2908.22 1 4 2 2 1 0 1 0 1 56
2913.15 2 5 2 2 0 0 1 0 1 56
2920.71 1 4 2 2 1 0 1 0 1 56
2923.69 1 3 2 2 1 0 0 0 2 56
2930.22 1 4 2 2 1 0 1 0 1 56
2938.8 2 5 2 2 0 0 1 0 1 56
2945.56 1 4 2 2 1 0 1 0 1 56
2947.23 1 5 2 2 1 0 2 0 0 56
2948.61 1 4 2 2 0 0 2 1 0 56
2950.3 0 3 2 2 1 0 2 1 0 56
2951.93 0 3 2 2 1 1 2 2 0 55
2953.09 0 3 2 2 0 0 3 2 0 55
2958.22 0 2 2 2 0 0 2 2 1 55
2960.26 0 2 1 1 0 1 2 2 1 55
2964.98 0 3 1 1 0 1 3 2 0 55
2982.76 0 2 1 1 0 1 2 2 1 55
2990 0 2 1 1 1 2 1 2 1 55
2991.5 0 2 1 1 2 3 0 2 1 55
2993 0 2 1 1 2 2 0 1 1 56
2993 0 2 1 1 2 2 0 1 1 56
