0 60 120 60 60 0 0 0 0 0 0
0.0115649 59 119 60 60 1 0 0 0 0 0
0.0363638 58 118 60 60 2 0 0 0 0 0
0.0426872 57 117 60 60 3 0 0 0 0 0
0.0647494 57 117 59 59 3 1 0 0 0 0
0.0721099 57 117 58 58 3 2 0 0 0 0
0.0941467 56 116 58 58 4 2 0 0 0 0
0.0970386 55 115 58 58 5 2 0 0 0 0
0.10065 54 114 58 58 6 2 0 0 0 0
0.106351 53 113 58 58 7 2 0 0 0 0
0.143608 52 112 58 58 8 2 0 0 0 0
0.174671 52 112 57 57 8 3 0 0 0 0
0.18511 52 112 56 56 8 4 0 0 0 0
0.203252 51 111 56 56 9 4 0 0 0 0
0.209091 50 110 56 56 10 4 0 0 0 0
0.218063 49 109 56 56 11 4 0 0 0 0
0.22583 49 108 56 56 10 4 0 1 0 0
0.22985 49 108 55 55 10 5 0 1 0 0
0.265867 48 107 55 55 11 5 0 1 0 0
0.270243 47 106 55 55 12 5 0 1 0 0
0.301176 46 105 55 55 13 5 0 1 0 0
0.301505 45 104 55 55 14 5 0 1 0 0
0.316386 45 104 54 54 14 6 0 1 0 0
0.333931 44 103 54 54 15 6 0 1 0 0
0.36652 44 102 54 54 14 6 0 2 0 0
0.375003 43 101 54 54 15 6 0 2 0 0
0.391691 43 101 53 53 15 7 0 2 0 0
0.393031 43 101 52 52 15 8 0 2 0 0
0.410646 42 100 52 52 16 8 0 2 0 0
0.431897 42 99 52 52 15 8 0 3 0 0
0.438705 42 99 51 51 15 9 0 3 0 0
0.475322 41 98 51 51 16 9 0 3 0 0
0.480655 41 97 51 51 15 9 0 4 0 0
0.481348 41 97 50 50 15 10 0 4 0 0
0.506275 41 97 49 49 15 11 0 4 0 0
0.550834 40 96 49 49 16 11 0 4 0 0
0.626156 39 95 49 49 17 11 0 4 0 0
0.633225 38 94 49 49 18 11 0 4 0 0
0.636383 38 93 49 49 17 11 0 5 0 0
0.648174 38 92 49 49 16 11 0 6 0 0
0.649061 37 91 49 49 17 11 0 6 0 0
0.685613 36 90 49 49 18 11 0 6 0 0
0.690211 35 89 49 49 19 11 0 6 0 0
0.731406 34 88 49 49 20 11 0 6 0 0
0.757745 33 87 49 49 21 11 0 6 0 0
0.800559 33 86 49 49 20 11 0 7 0 0
0.834228 32 85 49 49 21 11 0 7 0 0
0.871645 32 84 49 49 20 11 0 8 0 0
0.921471 31 83 49 49 21 11 0 8 0 0
0.928237 30 82 49 49 22 11 0 8 0 0
0.932503 30 81 49 49 21 11 0 9 0 0
0.940646 30 80 49 49 20 11 0 10 0 0
0.944206 29 79 49 49 21 11 0 10 0 0
0.977229 29 79 48 48 21 12 0 10 0 0
1.00113 29 79 48 48 20 11 1 10 0 0
1.01081 28 78 48 48 21 11 1 10 0 0
1.01494 28 77 48 48 20 11 1 11 0 0
1.02707 28 77 47 47 20 12 1 11 0 0
1.03121 28 77 46 46 20 13 1 11 0 0
1.03857 27 76 46 46 21 13 1 11 0 0
1.10105 27 75 46 46 20 13 1 12 0 0
1.10145 26 74 46 46 21 13 1 12 0 0
1.17714 25 73 46 46 22 13 1 12 0 0
1.22307 24 72 46 46 23 13 1 12 0 0
1.25687 24 71 46 46 22 13 1 13 0 0
1.27681 23 70 46 46 23 13 1 13 0 0
1.28756 22 69 46 46 24 13 1 13 0 0
1.29105 22 69 45 45 24 14 1 13 0 0
1.31084 21 68 45 45 25 14 1 13 0 0
1.35573 21 67 45 45 24 14 1 14 0 0
1.36137 21 66 45 45 23 14 1 15 0 0
1.44174 21 66 44 44 23 15 1 15 0 0
1.45632 21 66 43 43 23 16 1 15 0 0
1.49462 21 66 42 42 23 17 1 15 0 0
1.52614 21 66 42 42 23 16 1 14 0 1
1.54603 21 66 41 41 23 17 1 14 0 1
1.55303 21 66 40 40 23 18 1 14 0 1
1.56688 21 65 40 40 22 18 1 15 0 1
1.58171 21 64 40 40 21 18 1 16 0 1
1.58391 21 63 40 40 20 18 1 17 0 1
1.59919 21 63 39 39 20 19 1 17 0 1
1.60353 20 62 39 39 21 19 1 17 0 1
1.62603 20 61 39 39 20 19 1 18 0 1
1.63638 20 60 39 39 19 19 1 19 0 1
1.64321 20 59 39 39 18 19 1 20 0 1
1.65555 20 59 38 38 18 20 1 20 0 1
1.66849 20 58 38 38 17 20 1 21 0 1
1.71665 19 57 38 38 18 20 1 21 0 1
1.75214 19 57 37 37 18 21 1 21 0 1
1.76746 19 57 37 37 17 20 2 21 0 1
1.79787 18 56 37 37 18 20 2 21 0 1
1.79833 17 55 37 37 19 20 2 21 0 1
1.81829 17 55 37 37 18 19 3 21 0 1
1.81946 16 54 37 37 19 19 3 21 0 1
1.85755 16 54 37 37 19 18 3 20 0 2
1.8596 16 54 37 37 19 17 3 19 0 3
1.90775 16 53 37 37 18 17 3 20 0 3
1.98025 16 52 37 37 17 17 3 21 0 3
2.00317 16 51 37 37 16 17 3 22 0 3
2.02139 16 51 36 36 16 18 3 22 0 3
2.03488 16 51 35 35 16 19 3 22 0 3
2.03811 16 51 34 34 16 20 3 22 0 3
2.03867 15 50 34 34 17 20 3 22 0 3
2.05952 15 50 33 33 17 21 3 22 0 3
2.08032 14 49 33 33 18 21 3 22 0 3
2.08283 14 49 33 33 18 20 3 21 0 4
2.13177 14 49 33 33 18 19 3 20 0 5
2.21323 14 48 33 33 17 19 3 21 0 5
2.24066 13 47 33 33 18 19 3 21 0 5
2.24275 13 46 33 33 17 19 3 22 0 5
2.24356 13 46 33 33 17 18 3 21 0 6
2.25699 13 46 32 32 17 19 3 21 0 6
2.27262 13 46 32 32 17 18 3 20 0 7
2.27577 13 46 31 31 17 19 3 20 0 7
2.29249 13 46 31 31 16 18 4 20 0 7
2.31975 13 46 30 30 16 19 4 20 0 7
2.32914 13 46 29 29 16 20 4 20 0 7
2.34366 13 45 29 29 15 20 4 21 0 7
2.36795 13 45 28 28 15 21 4 21 0 7
2.47175 12 44 28 28 16 21 4 21 0 7
2.50485 11 43 28 28 17 21 4 21 0 7
2.59889 11 42 28 28 16 21 4 22 0 7
2.60063 11 42 27 27 16 22 4 22 0 7
2.62533 11 42 27 27 15 21 5 22 0 7
2.67653 11 41 27 27 15 21 4 22 1 7
2.73803 11 41 26 26 15 22 4 22 1 7
2.7796 10 40 26 26 16 22 4 22 1 7
2.80919 9 39 26 26 17 22 4 22 1 7
2.81617 9 39 26 26 16 21 5 22 1 7
2.87104 9 38 26 26 16 21 4 22 2 7
3.0717 9 38 26 26 16 20 4 21 2 8
3.07588 9 38 26 26 16 19 4 20 2 9
3.13546 9 37 26 26 15 19 4 21 2 9
3.16199 9 37 26 26 15 18 4 20 2 10
3.16516 9 36 26 26 14 18 4 21 2 10
3.30371 9 36 25 25 14 19 4 21 2 10
3.31899 9 36 24 24 14 20 4 21 2 10
3.41334 9 35 24 24 13 20 4 22 2 10
3.45736 9 35 24 24 13 19 4 21 2 11
3.55681 9 35 24 24 13 18 4 20 2 12
3.6242 9 35 24 24 12 17 5 20 2 12
3.74046 9 35 24 24 12 16 5 19 2 13
3.78486 9 34 24 24 11 16 5 20 2 13
3.79032 9 34 23 23 11 17 5 20 2 13
3.89759 9 34 22 22 11 18 5 20 2 13
3.90147 9 34 21 21 11 19 5 20 2 13
4.03315 9 34 21 21 11 18 5 19 2 14
4.22313 9 33 21 21 11 18 4 19 3 14
4.27241 9 32 21 21 10 18 4 20 3 14
4.33735 9 32 21 21 9 17 5 20 3 14
4.40338 9 31 21 21 9 17 4 20 4 14
4.41136 9 31 20 20 9 18 4 20 4 14
4.43346 8 30 20 20 10 18 4 20 4 14
4.43733 8 30 19 19 10 19 4 20 4 14
4.44365 8 30 18 18 10 20 4 20 4 14
4.63573 8 30 17 17 10 21 4 20 4 14
4.66978 8 30 16 16 10 22 4 20 4 14
4.88409 8 30 15 15 10 23 4 20 4 14
5.27109 7 29 15 15 11 23 4 20 4 14
5.31641 7 29 14 14 11 24 4 20 4 14
5.42477 7 28 14 14 10 24 4 21 4 14
5.48955 7 27 14 14 10 24 3 21 5 14
5.57002 7 26 14 14 9 24 3 22 5 14
5.57569 7 26 14 14 9 23 3 21 5 15
5.70585 7 26 14 14 8 22 4 21 5 15
5.79647 7 26 14 14 8 21 4 20 5 16
5.80621 7 26 14 14 7 20 5 20 5 16
5.81656 7 26 14 14 7 19 5 19 5 17
5.91086 7 26 14 14 7 18 5 18 5 18
5.9187 7 26 14 14 6 17 6 18 5 18
6.35014 6 25 14 14 7 17 6 18 5 18
6.40393 6 25 14 14 7 16 6 17 5 19
6.54709 6 25 14 14 7 15 6 16 5 20
6.56286 6 25 13 13 7 16 6 16 5 20
6.60531 6 24 13 13 7 16 5 16 6 20
6.68406 6 25 13 13 8 16 5 15 6 20
7.54497 5 24 13 13 9 16 5 15 6 20
7.65318 5 23 13 13 9 16 4 15 7 20
7.72669 5 23 13 13 8 15 5 15 7 20
7.87843 5 23 13 13 8 14 5 14 7 21
7.92051 5 23 13 13 8 13 5 13 7 22
8.01777 5 22 13 13 7 13 5 14 7 22
8.52933 5 21 13 13 7 13 4 14 8 22
8.70866 5 20 13 13 7 13 3 14 9 22
8.91653 5 20 12 12 7 14 3 14 9 22
8.95156 5 20 12 12 6 13 4 14 9 22
9.16362 5 19 12 12 6 13 3 14 10 22
9.99154 5 18 12 12 5 13 3 15 10 22
10.3379 5 18 13 13 5 12 3 15 10 22
10.3504 6 19 13 13 4 12 3 15 10 22
10.5414 6 18 13 13 4 12 2 15 11 22
10.5674 6 18 12 12 4 13 2 15 11 22
10.6979 6 18 11 11 4 14 2 15 11 22
10.7493 5 17 11 11 5 14 2 15 11 22
10.8258 4 16 11 11 6 14 2 15 11 22
10.8414 4 15 11 11 5 14 2 16 11 22
10.8774 4 14 11 11 4 14 2 17 11 22
11.4036 4 14 12 12 4 13 2 17 11 22
11.4312 4 13 12 12 4 13 1 17 12 22
11.6669 4 13 11 11 4 14 1 17 12 22
11.751 4 13 10 10 4 15 1 17 12 22
11.9076 4 14 10 10 5 15 1 16 12 22
12.0154 4 14 10 10 5 14 1 15 12 23
12.1321 4 14 10 10 5 13 1 14 12 24
12.3543 4 14 10 10 5 12 1 13 12 25
12.4659 4 14 10 10 5 11 1 12 12 26
13.5265 4 13 10 10 4 11 1 13 12 26
14.1139 4 13 10 10 4 10 1 12 12 27
14.1704 4 14 10 10 4 10 2 12 11 27
14.3029 4 13 10 10 3 10 2 13 11 27
14.303 4 13 10 10 3 9 2 12 11 28
14.3248 4 13 11 11 3 8 2 12 11 28
17.7977 3 12 11 11 4 8 2 12 11 28
17.9033 3 13 11 11 4 8 3 12 10 28
18.1575 2 12 11 11 5 8 3 12 10 28
19.0866 2 12 10 10 5 9 3 12 10 28
19.5713 2 11 10 10 4 9 3 13 10 28
20.3347 2 11 10 10 4 8 3 12 10 29
21.5219 2 11 10 10 4 7 3 11 10 30
21.7288 2 10 10 10 4 7 2 11 11 30
22.3112 2 10 9 9 4 8 2 11 11 30
22.966 2 10 8 8 4 9 2 11 11 30
23.0879 2 10 8 8 3 8 3 11 11 30
23.1955 2 10 8 8 3 7 3 10 11 31
23.9161 2 9 8 8 3 7 2 10 12 31
25.2067 2 9 7 7 3 8 2 10 12 31
25.2303 2 10 7 7 4 8 2 9 12 31
26.7272 2 11 7 7 4 8 3 9 11 31
28.6514 2 11 7 7 4 7 3 8 11 32
28.7364 2 10 7 7 3 7 3 9 11 32
28.8424 2 11 7 7 3 7 4 9 10 32
29.1118 1 10 7 7 4 7 4 9 10 32
29.5207 1 10 7 7 4 6 4 8 10 33
29.6247 1 9 7 7 3 6 4 9 10 33
30.2063 1 8 7 7 3 6 3 9 11 33
30.288 1 8 7 7 3 5 3 8 11 34
30.6066 1 8 6 6 3 6 3 8 11 34
30.7579 1 7 6 6 3 6 2 8 12 34
31.4233 1 7 6 6 3 5 2 7 12 35
31.5221 1 7 6 6 3 4 2 6 12 36
31.5667 1 8 6 6 3 4 3 6 11 36
31.786 1 9 6 6 3 4 4 6 10 36
31.8426 1 10 6 6 3 4 5 6 9 36
31.9498 1 11 6 6 3 4 6 6 8 36
32.3379 1 11 6 6 3 3 6 5 8 37
32.9512 1 10 6 6 3 3 5 5 9 37
33.3556 1 11 6 6 3 3 6 5 8 37
34.0636 1 12 6 6 3 3 7 5 7 37
34.3901 1 12 5 5 3 4 7 5 7 37
34.9346 1 13 5 5 3 4 8 5 6 37
35.3028 1 12 5 5 3 4 7 5 7 37
35.7839 1 12 4 4 3 5 7 5 7 37
36.4978 1 11 4 4 3 5 6 5 8 37
37.0773 1 11 4 4 3 4 6 4 8 38
37.2668 1 10 4 4 3 4 5 4 9 38
38.5542 2 11 4 4 2 4 5 4 9 38
39.7546 2 12 4 4 2 4 6 4 8 38
40.1032 1 11 4 4 3 4 6 4 8 38
40.3782 1 10 4 4 3 4 5 4 9 38
42.9715 1 10 4 4 2 3 6 4 9 38
44.783 1 9 4 4 2 3 5 4 10 38
45.3841 2 10 4 4 1 3 5 4 10 38
46.3123 2 11 4 4 1 3 6 4 9 38
46.7092 2 12 4 4 1 3 7 4 8 38
46.7623 2 13 4 4 2 3 7 3 8 38
46.9208 2 12 4 4 2 3 6 3 9 38
47.9272 2 12 4 4 1 2 7 3 9 38
48.3991 2 11 4 4 1 2 6 3 10 38
49.073 2 12 4 4 1 2 7 3 9 38
50.4329 2 12 3 3 1 3 7 3 9 38
51.7274 2 11 3 3 1 3 6 3 10 38
51.8456 2 10 3 3 1 3 5 3 11 38
53.1739 2 9 3 3 1 3 4 3 12 38
53.925 2 10 3 3 1 3 5 3 11 38
54.0457 2 9 3 3 1 3 4 3 12 38
57.0001 2 10 3 3 1 3 5 3 11 38
57.124 2 9 3 3 0 3 5 4 11 38
57.6096 2 9 2 2 0 4 5 4 11 38
58.6675 2 8 2 2 0 4 4 4 12 38
61.5046 2 7 2 2 0 4 3 4 13 38
63.5278 2 8 2 2 0 4 4 4 12 38
63.9293 2 7 2 2 0 4 3 4 13 38
67.482 2 6 2 2 0 4 2 4 14 38
67.6177 2 7 2 2 0 4 3 4 13 38
70.3322 1 6 2 2 1 4 3 4 13 38
70.857 1 5 2 2 1 4 2 4 14 38
72.0848 1 6 2 2 1 4 3 4 13 38
72.6723 1 7 2 2 1 4 4 4 12 38
72.7624 0 6 2 2 2 4 4 4 12 38
73.6674 0 7 2 2 2 4 5 4 11 38
74.3566 0 7 2 2 2 3 5 3 11 39
74.669 0 6 2 2 1 3 5 4 11 39
74.6971 0 5 2 2 0 3 5 5 11 39
75.5044 0 5 2 2 0 2 5 4 11 40
76.4247 0 6 2 2 0 2 6 4 10 40
77.2138 0 7 2 2 0 2 7 4 9 40
78.2438 0 6 2 2 0 2 6 4 10 40
82.1396 0 6 3 3 0 1 6 4 10 40
83.3391 0 7 3 3 0 1 7 4 9 40
83.448 0 6 3 3 0 1 6 4 10 40
83.4878 0 7 3 3 0 1 7 4 9 40
83.8789 0 6 3 3 0 1 6 4 10 40
91.3034 0 5 3 3 0 1 5 4 11 40
91.5226 0 6 3 3 0 1 6 4 10 40
92.992 0 5 3 3 0 1 5 4 11 40
93.4911 0 6 3 3 0 1 6 4 10 40
93.9181 0 6 3 3 0 0 6 3 10 41
96.4313 0 7 3 3 0 0 7 3 9 41
96.7497 0 8 3 3 0 0 8 3 8 41
96.7539 0 7 3 3 0 0 7 3 9 41
98.3425 0 6 3 3 0 0 6 3 10 41
98.3835 0 7 3 3 0 0 7 3 9 41
98.7299 0 7 2 2 0 1 7 3 9 41
100.97 0 6 2 2 0 1 6 3 10 41
101.026 0 5 2 2 0 1 5 3 11 41
101.693 0 6 2 2 0 1 6 3 10 41
102.369 0 5 2 2 0 1 5 3 11 41
104.529 0 6 2 2 0 1 6 3 10 41
105.09 0 5 2 2 0 1 5 3 11 41
106.022 0 5 2 2 0 2 5 4 11 40
107.435 0 4 2 2 0 2 4 4 12 40
107.746 0 3 2 2 0 2 3 4 13 40
108.326 0 4 2 2 1 2 3 3 13 40
108.669 0 5 2 2 1 2 4 3 12 40
109.204 0 6 2 2 1 2 5 3 11 40
109.548 0 7 2 2 2 2 5 2 11 40
110.816 0 8 2 2 2 2 6 2 10 40
111.226 0 7 2 2 2 2 5 2 11 40
111.544 0 8 2 2 2 2 6 2 10 40
112.982 0 9 2 2 2 2 7 2 9 40
113.044 0 10 2 2 2 2 8 2 8 40
113.418 0 9 2 2 1 2 8 3 8 40
114.722 0 10 2 2 1 2 9 3 7 40
116.235 0 11 2 2 1 2 10 3 6 40
116.249 0 10 2 2 0 2 10 4 6 40
116.317 0 9 2 2 0 2 9 4 7 40
116.358 0 10 2 2 0 2 10 4 6 40
117.105 0 9 2 2 0 2 9 4 7 40
117.442 0 8 2 2 0 2 8 4 8 40
119.896 0 7 2 2 0 2 7 4 9 40
119.898 0 8 2 2 0 2 8 4 8 40
121.075 0 7 2 2 0 2 7 4 9 40
121.691 0 7 1 1 0 3 7 4 9 40
122.749 0 6 1 1 0 3 6 4 10 40
122.94 0 7 1 1 0 3 7 4 9 40
126.119 0 8 1 1 0 3 8 4 8 40
126.766 0 9 1 1 0 3 9 4 7 40
127.784 0 10 1 1 0 3 10 4 6 40
128.234 0 9 1 1 0 3 9 4 7 40
128.531 0 8 1 1 0 3 8 4 8 40
130.035 0 8 1 1 1 4 7 4 8 40
130.106 0 7 1 1 1 4 6 4 9 40
131.102 0 6 1 1 1 4 5 4 10 40
131.291 0 5 1 1 1 4 4 4 11 40
131.962 0 6 1 1 2 4 4 3 11 40
132.761 0 7 1 1 2 4 5 3 10 40
132.964 0 8 1 1 2 4 6 3 9 40
133.063 0 7 1 1 1 4 6 4 9 40
133.24 0 6 1 1 1 4 5 4 10 40
133.535 0 7 1 1 1 4 6 4 9 40
133.57 0 8 1 1 1 4 7 4 8 40
134.247 0 8 1 1 1 3 7 3 8 41
134.879 0 9 1 1 1 3 8 3 7 41
135.986 0 8 1 1 1 3 7 3 8 41
137.004 0 7 1 1 1 3 6 3 9 41
137.358 0 8 1 1 1 3 7 3 8 41
137.705 0 8 1 1 2 4 6 3 8 41
137.873 0 7 1 1 2 4 5 3 9 41
141.457 0 8 1 1 2 4 6 3 8 41
142.901 1 9 1 1 1 4 6 3 8 41
143.318 1 10 1 1 1 4 7 3 7 41
144.747 1 9 1 1 1 4 6 3 8 41
145.303 1 8 1 1 1 4 5 3 9 41
145.412 1 7 1 1 0 4 5 4 9 41
146.464 1 8 1 1 0 4 6 4 8 41
148.729 1 7 1 1 0 4 5 4 9 41
149.507 1 8 1 1 0 4 6 4 8 41
149.619 1 7 1 1 0 4 5 4 9 41
150.457 1 6 1 1 0 4 4 4 10 41
152.3 1 7 1 1 0 4 5 4 9 41
153.795 1 8 1 1 1 4 5 3 9 41
154.48 0 7 1 1 2 4 5 3 9 41
154.939 0 6 1 1 1 4 5 4 9 41
157.302 0 7 1 1 1 4 6 4 8 41
160.245 0 6 1 1 1 4 5 4 9 41
161.645 0 7 1 1 1 4 6 4 8 41
164.078 0 7 1 1 1 3 6 3 8 42
166.015 0 8 1 1 1 3 7 3 7 42
166.539 0 7 1 1 1 3 6 3 8 42
169.33 0 6 1 1 1 3 5 3 9 42
169.641 0 5 1 1 1 3 4 3 10 42
170.841 0 5 1 1 1 2 4 2 10 43
171.055 0 5 1 1 1 1 4 1 10 44
172.6 0 5 2 2 1 0 4 1 10 44
173.564 0 6 2 2 1 0 5 1 9 44
175.647 0 7 2 2 1 0 6 1 8 44
176.301 0 8 2 2 1 0 7 1 7 44
176.471 0 7 2 2 1 0 6 1 8 44
178.98 0 7 1 1 1 1 6 1 8 44
179.001 0 6 1 1 1 1 5 1 9 44
180.43 0 5 1 1 1 1 4 1 10 44
180.476 0 6 1 1 1 1 5 1 9 44
180.783 0 5 1 1 1 1 4 1 10 44
183.498 0 6 1 1 1 1 5 1 9 44
185.415 0 5 1 1 1 1 4 1 10 44
186.606 0 4 1 1 1 1 3 1 11 44
187.717 0 5 1 1 1 1 4 1 10 44
189.246 0 6 1 1 1 1 5 1 9 44
191.295 0 7 1 1 1 1 6 1 8 44
191.633 0 8 1 1 1 1 7 1 7 44
192.632 0 7 1 1 1 1 6 1 8 44
193.145 0 6 1 1 1 1 5 1 9 44
193.403 0 7 1 1 1 1 6 1 8 44
194.785 0 7 1 1 0 0 7 1 8 44
195.563 0 6 1 1 0 0 6 1 9 44
197.751 0 6 1 1 0 1 6 2 9 43
198.387 0 5 1 1 0 1 5 2 10 43
199.526 0 6 1 1 0 1 6 2 9 43
200.881 0 7 1 1 0 1 7 2 8 43
200.971 0 8 1 1 0 1 8 2 7 43
205.798 0 7 1 1 0 1 7 2 8 43
206.108 0 7 1 1 1 2 6 2 8 43
207.448 0 6 1 1 1 2 5 2 9 43
207.478 0 7 1 1 1 2 6 2 8 43
212.56 0 8 1 1 1 2 7 2 7 43
213.456 0 7 1 1 1 2 6 2 8 43
213.719 0 6 1 1 1 2 5 2 9 43
214.542 0 7 1 1 1 2 6 2 8 43
214.934 0 8 1 1 1 2 7 2 7 43
215.383 0 7 1 1 1 2 6 2 8 43
216.937 0 8 1 1 1 2 7 2 7 43
218.268 0 9 1 1 2 2 7 1 7 43
220.001 0 10 1 1 2 2 8 1 6 43
220.721 0 9 1 1 1 2 8 2 6 43
221.351 0 8 1 1 1 2 7 2 7 43
222.694 0 8 1 1 1 1 7 1 7 44
222.916 0 7 1 1 1 1 6 1 8 44
225.654 0 6 1 1 1 1 5 1 9 44
227.331 0 5 1 1 1 1 4 1 10 44
227.618 1 6 1 1 0 1 4 1 10 44
227.805 1 5 1 1 0 1 3 1 11 44
228.104 1 6 1 1 0 1 4 1 10 44
229.272 1 6 1 1 1 2 3 1 10 44
230.762 1 5 1 1 1 2 2 1 11 44
232.454 1 5 1 1 0 1 3 1 11 44
233.434 1 6 1 1 0 1 4 1 10 44
239.346 1 7 1 1 0 1 5 1 9 44
239.985 1 6 1 1 0 1 4 1 10 44
240.452 1 5 1 1 0 1 3 1 11 44
240.776 1 5 1 1 1 2 2 1 11 44
241.848 1 4 1 1 1 2 1 1 12 44
242.043 1 5 1 1 1 2 2 1 11 44
244.084 0 4 1 1 2 2 2 1 11 44
245.012 0 5 1 1 2 2 3 1 10 44
247.852 0 5 2 2 2 1 3 1 10 44
256.648 0 5 2 2 1 0 4 1 10 44
257.16 0 6 2 2 1 0 5 1 9 44
257.559 0 5 2 2 1 0 4 1 10 44
259.819 0 4 2 2 1 0 3 1 11 44
261.172 0 5 2 2 1 0 4 1 10 44
263.646 0 4 2 2 1 0 3 1 11 44
265.796 1 5 2 2 0 0 3 1 11 44
265.866 1 6 2 2 0 0 4 1 10 44
267.058 1 7 2 2 0 0 5 1 9 44
270.793 1 6 2 2 0 0 4 1 10 44
276.632 1 7 2 2 0 0 5 1 9 44
277.728 1 8 2 2 0 0 6 1 8 44
277.76 1 9 2 2 0 0 7 1 7 44
277.804 1 8 2 2 0 0 6 1 8 44
278.991 1 7 2 2 0 0 5 1 9 44
279.036 1 6 2 2 0 0 4 1 10 44
281.755 1 7 2 2 0 0 5 1 9 44
283.722 1 8 2 2 0 0 6 1 8 44
283.798 1 7 2 2 0 0 5 1 9 44
286.906 1 6 2 2 0 0 4 1 10 44
289.885 1 5 2 2 0 0 3 1 11 44
291.215 1 6 2 2 0 0 4 1 10 44
291.996 1 6 2 2 1 1 3 1 10 44
293.321 1 6 1 1 1 2 3 1 10 44
296.311 1 7 1 1 1 2 4 1 9 44
297.551 1 6 1 1 1 2 3 1 10 44
300.877 1 7 1 1 1 2 4 1 9 44
304.194 1 7 1 1 0 1 5 1 9 44
304.785 0 6 1 1 1 1 5 1 9 44
305.469 0 5 1 1 1 1 4 1 10 44
308.277 0 6 1 1 1 1 5 1 9 44
309.34 0 5 1 1 0 1 5 2 9 44
311.347 0 6 1 1 0 1 6 2 8 44
313.091 0 5 1 1 0 1 5 2 9 44
315.212 0 6 1 1 0 1 6 2 8 44
315.817 0 6 1 1 0 0 6 1 8 45
316.14 0 5 1 1 0 0 5 1 9 45
316.263 0 6 1 1 0 0 6 1 8 45
317.165 0 5 1 1 0 0 5 1 9 45
318.292 0 6 1 1 0 0 6 1 8 45
318.524 0 7 1 1 1 0 6 0 8 45
318.651 0 7 1 1 1 1 6 1 8 44
318.84 0 7 1 1 0 0 7 1 8 44
322.432 0 7 1 1 1 1 6 1 8 44
326.04 0 8 1 1 1 1 7 1 7 44
326.608 0 7 1 1 1 1 6 1 8 44
328.09 0 6 1 1 1 1 5 1 9 44
328.756 0 7 1 1 1 1 6 1 8 44
328.869 0 7 0 0 1 2 6 1 8 44
328.933 0 6 0 0 1 2 5 1 9 44
330.079 0 7 0 0 1 2 6 1 8 44
330.571 0 6 0 0 1 2 5 1 9 44
330.891 0 7 0 0 1 2 6 1 8 44
331.281 0 6 0 0 1 2 5 1 9 44
339.11 0 5 0 0 1 2 4 1 10 44
342.264 0 6 0 0 1 2 5 1 9 44
344.183 0 5 0 0 1 2 4 1 10 44
344.405 0 4 0 0 1 2 3 1 11 44
348.755 0 5 0 0 1 2 4 1 10 44
349.316 0 4 0 0 1 2 3 1 11 44
349.948 0 5 0 0 1 2 4 1 10 44
351.327 0 4 0 0 1 2 3 1 11 44
352.541 0 3 0 0 1 2 2 1 12 44
353.109 0 4 0 0 1 2 3 1 11 44
357.332 0 5 0 0 1 2 4 1 10 44
358.024 0 6 0 0 1 2 5 1 9 44
359.692 0 5 0 0 0 2 5 2 9 44
359.936 0 4 0 0 0 2 4 2 10 44
370.734 0 5 0 0 0 2 5 2 9 44
371.764 0 4 0 0 0 2 4 2 10 44
371.886 0 5 0 0 0 2 5 2 9 44
372.09 0 4 0 0 0 2 4 2 10 44
372.57 0 5 0 0 0 2 5 2 9 44
374.244 0 6 0 0 0 2 6 2 8 44
374.752 0 5 0 0 0 2 5 2 9 44
381.275 0 5 0 0 1 3 4 2 9 44
382.549 0 5 0 0 2 4 3 2 9 44
383.613 0 6 0 0 2 4 4 2 8 44
384.423 0 5 0 0 2 4 3 2 9 44
385.82 0 6 0 0 2 4 4 2 8 44
385.956 0 6 0 0 1 3 5 2 8 44
388.292 0 5 0 0 1 3 4 2 9 44
389.744 0 4 0 0 1 3 3 2 10 44
391.349 0 5 0 0 1 3 4 2 9 44
391.913 0 6 0 0 1 3 5 2 8 44
393.211 0 7 0 0 1 3 6 2 7 44
393.792 0 6 0 0 1 3 5 2 8 44
394.008 0 6 0 0 1 2 5 1 8 45
398.228 0 5 0 0 1 2 4 1 9 45
400.432 0 6 0 0 1 2 5 1 8 45
402.138 0 5 0 0 1 2 4 1 9 45
404.711 0 6 0 0 1 2 5 1 8 45
405.132 0 7 0 0 1 2 6 1 7 45
405.54 0 6 0 0 1 2 5 1 8 45
405.66 0 5 0 0 1 2 4 1 9 45
405.725 0 6 0 0 1 2 5 1 8 45
408.477 0 5 0 0 1 2 4 1 9 45
413.038 0 6 0 0 1 2 5 1 8 45
415.279 1 7 0 0 0 2 5 1 8 45
415.286 1 8 0 0 0 2 6 1 7 45
416.536 1 7 0 0 0 2 5 1 8 45
417.35 0 6 0 0 1 2 5 1 8 45
417.877 0 6 0 0 1 1 5 0 8 46
419.11 0 7 0 0 1 1 6 0 7 46
419.642 0 8 0 0 1 1 7 0 6 46
420.352 0 7 0 0 1 1 6 0 7 46
424.181 0 8 0 0 1 1 7 0 6 46
424.393 0 9 0 0 1 1 8 0 5 46
425.139 0 8 0 0 1 1 7 0 6 46
427.534 0 7 0 0 1 1 6 0 7 46
427.972 0 6 0 0 1 1 5 0 8 46
430.023 0 7 0 0 1 1 6 0 7 46
431.829 0 6 0 0 1 1 5 0 8 46
432.947 0 7 0 0 1 1 6 0 7 46
433.209 0 6 0 0 0 1 6 1 7 46
434.417 0 5 0 0 0 1 5 1 8 46
434.559 0 4 0 0 0 1 4 1 9 46
437.044 0 5 0 0 0 1 5 1 8 46
438.173 0 6 0 0 0 1 6 1 7 46
439.635 0 5 0 0 0 1 5 1 8 46
440.723 0 4 0 0 0 1 4 1 9 46
443.087 0 5 0 0 0 1 5 1 8 46
443.355 0 4 0 0 0 1 4 1 9 46
444.771 0 5 0 0 0 1 5 1 8 46
445.199 0 6 0 0 0 1 6 1 7 46
445.414 0 7 0 0 0 1 7 1 6 46
445.704 0 6 0 0 0 1 6 1 7 46
446.979 0 5 0 0 0 1 5 1 8 46
448.101 0 4 0 0 0 1 4 1 9 46
448.846 0 5 0 0 0 1 5 1 8 46
450.093 0 4 0 0 0 1 4 1 9 46
450.958 0 5 0 0 0 1 5 1 8 46
453.156 0 5 0 0 0 2 5 2 8 45
457.057 0 6 0 0 0 2 6 2 7 45
457.443 0 7 0 0 0 2 7 2 6 45
460.027 0 6 0 0 0 2 6 2 7 45
460.847 0 6 1 1 0 1 6 2 7 45
466.285 0 6 1 1 0 0 6 1 7 46
466.905 0 7 1 1 0 0 7 1 6 46
467.061 0 6 1 1 0 0 6 1 7 46
469.534 0 7 1 1 0 0 7 1 6 46
473.617 0 6 1 1 0 0 6 1 7 46
473.633 0 7 1 1 0 0 7 1 6 46
475.935 0 6 1 1 0 0 6 1 7 46
476.879 0 7 1 1 0 0 7 1 6 46
476.914 0 6 1 1 0 0 6 1 7 46
480.071 0 7 1 1 0 0 7 1 6 46
480.892 0 6 1 1 0 0 6 1 7 46
481.717 0 7 1 1 0 0 7 1 6 46
483.142 0 6 1 1 0 0 6 1 7 46
485.357 0 7 1 1 0 0 7 1 6 46
485.695 0 8 1 1 0 0 8 1 5 46
488.706 0 9 1 1 0 0 9 1 4 46
489.842 0 10 1 1 0 0 10 1 3 46
490.802 0 9 1 1 0 0 9 1 4 46
492.095 0 8 1 1 0 0 8 1 5 46
495.192 0 7 1 1 0 0 7 1 6 46
495.591 0 6 1 1 0 0 6 1 7 46
502.261 0 5 1 1 0 0 5 1 8 46
503.07 0 6 1 1 0 0 6 1 7 46
503.091 0 7 1 1 0 0 7 1 6 46
503.534 0 6 1 1 0 0 6 1 7 46
505.743 0 5 1 1 0 0 5 1 8 46
506.514 0 6 1 1 0 0 6 1 7 46
510.736 0 5 1 1 0 0 5 1 8 46
512.72 0 5 1 1 1 1 4 1 8 46
513.373 0 4 1 1 1 1 3 1 9 46
515.71 0 5 1 1 1 1 4 1 8 46
521.396 0 6 1 1 1 1 5 1 7 46
522.076 0 6 1 1 1 0 5 0 7 47
527.536 0 5 1 1 1 0 4 0 8 47
531.252 0 4 1 1 1 0 3 0 9 47
532.832 0 5 1 1 1 0 4 0 8 47
535.423 0 6 1 1 1 0 5 0 7 47
535.463 0 7 1 1 1 0 6 0 6 47
538.693 0 8 1 1 1 0 7 0 5 47
539.425 0 9 1 1 1 0 8 0 4 47
541.976 0 10 1 1 1 0 9 0 3 47
543.419 1 11 1 1 0 0 9 0 3 47
543.589 1 10 1 1 0 0 8 0 4 47
543.678 1 9 1 1 0 0 7 0 5 47
544.013 1 8 1 1 0 0 6 0 6 47
545.351 1 7 1 1 0 0 5 0 7 47
546.641 1 6 1 1 0 0 4 0 8 47
546.991 1 5 1 1 0 0 3 0 9 47
547.104 1 6 1 1 0 0 4 0 8 47
550.27 1 5 1 1 0 0 3 0 9 47
556.321 1 6 1 1 0 0 4 0 8 47
561.907 1 5 1 1 0 0 3 0 9 47
565.349 0 4 1 1 1 0 3 0 9 47
568.052 0 5 1 1 1 0 4 0 8 47
580.307 0 6 1 1 1 0 5 0 7 47
582.903 0 5 1 1 1 0 4 0 8 47
583.343 0 6 1 1 1 0 5 0 7 47
583.416 0 7 1 1 1 0 6 0 6 47
583.587 0 8 1 1 1 0 7 0 5 47
583.766 0 7 1 1 0 0 7 1 5 47
584.87 0 6 1 1 0 0 6 1 6 47
585.342 0 6 0 0 0 1 6 1 6 47
585.827 0 7 0 0 0 1 7 1 5 47
588.931 0 8 0 0 0 1 8 1 4 47
589.948 0 7 0 0 0 1 7 1 5 47
590.253 0 6 0 0 0 1 6 1 6 47
596.268 0 7 0 0 0 1 7 1 5 47
596.436 0 6 0 0 0 1 6 1 6 47
596.578 0 5 0 0 0 1 5 1 7 47
597.737 0 6 0 0 0 1 6 1 6 47
602.247 0 7 0 0 0 1 7 1 5 47
606.795 0 8 0 0 0 1 8 1 4 47
608.371 0 7 0 0 0 1 7 1 5 47
609.367 0 6 0 0 0 1 6 1 6 47
609.524 0 5 0 0 0 1 5 1 7 47
609.667 0 5 0 0 1 2 4 1 7 47
610.238 0 6 0 0 1 2 5 1 6 47
611.639 1 7 0 0 0 2 5 1 6 47
613.504 1 7 0 0 1 3 4 1 6 47
615.723 1 8 0 0 1 3 5 1 5 47
615.744 1 8 0 0 0 2 6 1 5 47
617.084 0 7 0 0 1 2 6 1 5 47
617.105 0 6 0 0 1 2 5 1 6 47
619.446 0 7 0 0 1 2 6 1 5 47
620.481 0 8 0 0 1 2 7 1 4 47
620.718 0 7 0 0 0 2 7 2 4 47
621.357 0 8 0 0 0 2 8 2 3 47
622.309 0 7 0 0 0 2 7 2 4 47
622.395 0 6 0 0 0 2 6 2 5 47
624.756 0 7 0 0 0 2 7 2 4 47
625.825 0 6 0 0 0 2 6 2 5 47
627.973 0 5 0 0 0 2 5 2 6 47
628.083 0 6 0 0 0 2 6 2 5 47
628.481 0 5 0 0 0 2 5 2 6 47
630.367 0 4 0 0 0 2 4 2 7 47
634.777 0 4 0 0 1 3 3 2 7 47
638.521 0 5 0 0 1 3 4 2 6 47
640.146 0 4 0 0 1 3 3 2 7 47
640.371 0 5 0 0 1 3 4 2 6 47
645.618 0 5 0 0 1 2 4 1 6 48
646.856 0 6 0 0 1 2 5 1 5 48
652.675 0 5 0 0 1 2 4 1 6 48
653.071 0 6 0 0 1 2 5 1 5 48
655.492 0 7 0 0 1 2 6 1 4 48
656.188 0 6 0 0 0 2 6 2 4 48
657.057 0 5 0 0 0 2 5 2 5 48
657.56 0 6 0 0 1 2 5 1 5 48
658.966 0 7 0 0 1 2 6 1 4 48
659.423 0 6 0 0 1 2 5 1 5 48
665.382 0 5 0 0 1 2 4 1 6 48
667.547 0 4 0 0 1 2 3 1 7 48
668.83 0 5 0 0 1 2 4 1 6 48
669.412 0 5 0 0 0 1 5 1 6 48
670.336 0 6 0 0 0 1 6 1 5 48
671.068 0 7 0 0 0 1 7 1 4 48
675.645 0 6 0 0 0 1 6 1 5 48
676.546 0 5 0 0 0 1 5 1 6 48
678.121 0 5 0 0 1 2 4 1 6 48
678.861 0 6 0 0 1 2 5 1 5 48
681.462 0 5 0 0 1 2 4 1 6 48
683.607 0 6 0 0 1 2 5 1 5 48
684.688 0 5 0 0 1 2 4 1 6 48
684.933 0 4 0 0 1 2 3 1 7 48
685.129 0 5 0 0 1 2 4 1 6 48
687.395 0 6 0 0 1 2 5 1 5 48
687.747 0 7 0 0 1 2 6 1 4 48
690.922 0 6 0 0 1 2 5 1 5 48
693.752 0 7 0 0 1 2 6 1 4 48
695.29 0 8 0 0 1 2 7 1 3 48
696.125 0 7 0 0 1 2 6 1 4 48
696.899 1 8 0 0 0 2 6 1 4 48
698.526 1 7 0 0 0 2 5 1 5 48
698.977 1 8 0 0 0 2 6 1 4 48
699.424 1 7 0 0 0 2 5 1 5 48
700.179 0 6 0 0 1 2 5 1 5 48
700.463 0 5 0 0 1 2 4 1 6 48
700.615 0 5 0 0 1 1 4 0 6 49
704.366 0 6 0 0 1 1 5 0 5 49
705.874 0 5 0 0 1 1 4 0 6 49
707.581 0 6 0 0 1 1 5 0 5 49
712.809 0 5 0 0 1 1 4 0 6 49
714.259 0 4 0 0 1 1 3 0 7 49
715.097 0 5 0 0 1 1 4 0 6 49
719.445 0 4 0 0 1 1 3 0 7 49
720.476 0 5 0 0 1 1 4 0 6 49
723.856 0 4 0 0 1 1 3 0 7 49
726.289 0 5 0 0 1 1 4 0 6 49
727.536 0 4 0 0 1 1 3 0 7 49
729.403 1 5 0 0 0 1 3 0 7 49
730.444 1 4 0 0 0 1 2 0 8 49
733.144 1 5 0 0 0 1 3 0 7 49
737.459 1 4 0 0 0 1 2 0 8 49
737.592 1 5 0 0 0 1 3 0 7 49
742.888 1 6 0 0 0 1 4 0 6 49
744.479 1 7 0 0 0 1 5 0 5 49
747.109 1 6 0 0 0 1 4 0 6 49
747.323 1 7 0 0 0 1 5 0 5 49
747.745 1 7 0 0 1 2 4 0 5 49
748.817 1 8 0 0 1 2 5 0 4 49
749.288 1 7 0 0 1 2 4 0 5 49
749.987 1 8 0 0 1 2 5 0 4 49
751.033 0 7 0 0 2 2 5 0 4 49
751.952 0 6 0 0 2 2 4 0 5 49
754.74 0 5 0 0 2 2 3 0 6 49
756.407 0 6 0 0 2 2 4 0 5 49
759.446 0 7 0 0 2 2 5 0 4 49
760.97 0 6 0 0 2 2 4 0 5 49
765.114 0 5 0 0 2 2 3 0 6 49
765.712 0 4 0 0 2 2 2 0 7 49
766.231 0 3 0 0 1 2 2 1 7 49
766.716 0 2 0 0 1 2 1 1 8 49
767.256 0 3 0 0 1 2 2 1 7 49
767.65 0 4 0 0 1 2 3 1 6 49
770.151 0 4 1 1 1 1 3 1 6 49
771.535 0 3 1 1 1 1 2 1 7 49
772.7 1 4 1 1 0 1 2 1 7 49
778.953 1 3 1 1 0 1 1 1 8 49
781.999 1 4 1 1 0 1 2 1 7 49
785.324 1 5 1 1 0 1 3 1 6 49
786.048 1 6 1 1 0 1 4 1 5 49
787.754 1 7 1 1 0 1 5 1 4 49
788.859 1 8 1 1 0 1 6 1 3 49
790.739 1 7 1 1 0 1 5 1 4 49
793.533 0 6 1 1 1 1 5 1 4 49
793.69 0 5 1 1 1 1 4 1 5 49
796.218 0 6 1 1 1 1 5 1 4 49
800.898 0 5 1 1 1 1 4 1 5 49
802.536 0 6 1 1 2 1 4 0 5 49
803.015 0 7 1 1 2 1 5 0 4 49
804.65 0 6 1 1 2 1 4 0 5 49
804.679 0 5 1 1 2 1 3 0 6 49
805.646 0 4 1 1 2 1 2 0 7 49
809.135 0 4 1 1 2 2 2 1 7 48
809.684 0 5 1 1 2 2 3 1 6 48
810.819 0 5 2 2 2 1 3 1 6 48
813.383 0 5 1 1 2 2 3 1 6 48
814.832 0 6 1 1 2 2 4 1 5 48
814.974 0 7 1 1 2 2 5 1 4 48
815.941 0 6 1 1 2 2 4 1 5 48
816.086 0 5 1 1 1 2 4 2 5 48
819.312 0 4 1 1 1 2 3 2 6 48
822.595 0 4 1 1 1 1 3 1 6 49
824.79 0 5 1 1 1 1 4 1 5 49
827.637 0 4 1 1 1 1 3 1 6 49
828.915 0 5 1 1 1 1 4 1 5 49
830.189 0 6 1 1 1 1 5 1 4 49
830.816 0 5 1 1 1 1 4 1 5 49
831.72 0 6 1 1 2 1 4 0 5 49
834.764 0 5 1 1 1 1 4 1 5 49
836.397 0 6 1 1 1 1 5 1 4 49
836.433 0 7 1 1 1 1 6 1 3 49
836.796 0 6 1 1 1 1 5 1 4 49
837.732 0 7 1 1 1 1 6 1 3 49
840.009 0 6 1 1 1 1 5 1 4 49
840.183 0 5 1 1 1 1 4 1 5 49
841.109 0 4 1 1 1 1 3 1 6 49
842.984 0 5 1 1 1 1 4 1 5 49
844.762 0 6 1 1 1 1 5 1 4 49
845.639 0 7 1 1 1 1 6 1 3 49
849.5 0 6 1 1 1 1 5 1 4 49
851.107 0 7 1 1 1 1 6 1 3 49
851.376 0 6 1 1 1 1 5 1 4 49
851.512 0 5 1 1 0 1 5 2 4 49
855.833 0 4 1 1 0 1 4 2 5 49
870.899 0 5 1 1 0 1 5 2 4 49
871.069 0 5 1 1 0 2 5 3 4 48
872.793 0 6 1 1 0 2 6 3 3 48
874.403 0 5 1 1 0 2 5 3 4 48
875.963 0 6 1 1 0 2 6 3 3 48
878.37 0 5 1 1 0 2 5 3 4 48
878.448 0 6 1 1 1 2 5 2 4 48
879.536 0 5 1 1 1 2 4 2 5 48
879.754 0 5 1 1 0 1 5 2 5 48
882.152 0 6 1 1 0 1 6 2 4 48
882.589 0 5 1 1 0 1 5 2 5 48
883.02 0 4 1 1 0 1 4 2 6 48
887.223 0 5 1 1 0 1 5 2 5 48
888.901 0 4 1 1 0 1 4 2 6 48
892.523 0 5 1 1 0 1 5 2 5 48
895.469 0 4 1 1 0 1 4 2 6 48
898.084 0 3 1 1 0 1 3 2 7 48
902.009 0 4 1 1 0 1 4 2 6 48
902.057 0 5 1 1 0 1 5 2 5 48
902.182 0 5 2 2 0 0 5 2 5 48
904.105 0 4 2 2 0 0 4 2 6 48
904.338 0 4 2 2 1 1 3 2 6 48
907.672 0 5 2 2 1 1 4 2 5 48
907.997 0 4 2 2 1 1 3 2 6 48
909.518 0 3 2 2 1 1 2 2 7 48
910.37 0 3 3 3 1 0 2 2 7 48
911.198 0 4 3 3 1 0 3 2 6 48
912.314 0 5 3 3 1 0 4 2 5 48
915.35 0 5 2 2 1 1 4 2 5 48
922.166 0 5 2 2 1 0 4 1 5 49
922.736 0 4 2 2 1 0 3 1 6 49
923.514 0 3 2 2 1 0 2 1 7 49
925.128 0 4 2 2 2 0 2 0 7 49
925.164 0 5 2 2 2 0 3 0 6 49
926.028 0 6 2 2 2 0 4 0 5 49
933.508 0 5 2 2 2 0 3 0 6 49
937.14 0 6 2 2 2 0 4 0 5 49
938.401 0 5 2 2 1 0 4 1 5 49
940.453 0 4 2 2 1 0 3 1 6 49
941.869 0 5 2 2 1 0 4 1 5 49
943.028 0 4 2 2 1 0 3 1 6 49
946.32 0 3 2 2 0 0 3 2 6 49
946.889 0 4 2 2 0 0 4 2 5 49
951.026 0 4 1 1 0 1 4 2 5 49
965.921 0 3 1 1 0 1 3 2 6 49
967.685 0 4 1 1 0 1 4 2 5 49
969.1 0 3 1 1 0 1 3 2 6 49
969.284 0 2 1 1 0 1 2 2 7 49
973.249 0 3 1 1 1 1 2 1 7 49
974.241 0 4 1 1 1 1 3 1 6 49
974.631 0 5 1 1 1 1 4 1 5 49
980.935 0 4 1 1 1 1 3 1 6 49
982.027 0 5 1 1 1 1 4 1 5 49
983.746 0 4 1 1 1 1 3 1 6 49
983.778 0 3 1 1 1 1 2 1 7 49
994.613 0 4 1 1 1 1 3 1 6 49
997.342 0 3 1 1 0 1 3 2 6 49
997.578 0 2 1 1 0 1 2 2 7 49
1002.62 0 2 1 1 0 0 2 1 7 50
1007.42 0 3 1 1 0 0 3 1 6 50
1010.22 0 4 1 1 0 0 4 1 5 50
1010.25 0 3 1 1 0 0 3 1 6 50
1017.88 0 4 1 1 0 0 4 1 5 50
1022.89 0 3 1 1 0 0 3 1 6 50
1023.4 0 4 1 1 0 0 4 1 5 50
1026.85 0 5 1 1 0 0 5 1 4 50
1028.21 0 4 1 1 0 0 4 1 5 50
1029.03 0 3 1 1 0 0 3 1 6 50
1029.03 0 3 1 1 1 1 2 1 6 50
1032.22 0 3 1 1 1 2 2 2 6 49
1035.28 0 3 2 2 1 1 2 2 6 49
1036.71 0 4 2 2 1 1 3 2 5 49
1037.76 0 4 2 2 2 2 2 2 5 49
1038.15 0 5 2 2 2 2 3 2 4 49
1038.99 0 5 2 2 1 1 4 2 4 49
1045.58 0 4 2 2 1 1 3 2 5 49
1045.87 0 4 1 1 1 2 3 2 5 49
1050.77 0 4 1 1 1 3 3 3 5 48
1050.8 0 4 1 1 1 2 3 2 5 49
1053.29 0 5 1 1 1 2 4 2 4 49
1056.59 0 6 1 1 1 2 5 2 3 49
1057.78 0 7 1 1 1 2 6 2 2 49
1061.96 0 6 1 1 1 2 5 2 3 49
1066.27 0 5 1 1 1 2 4 2 4 49
1067.51 0 5 1 1 1 1 4 1 4 50
1073.87 0 6 1 1 1 1 5 1 3 50
1074.28 1 7 1 1 0 1 5 1 3 50
1075.53 1 6 1 1 0 1 4 1 4 50
1079.72 1 5 1 1 0 1 3 1 5 50
1082.56 1 6 1 1 0 1 4 1 4 50
1084.35 1 5 1 1 0 1 3 1 5 50
1084.48 1 4 1 1 0 1 2 1 6 50
1086.77 1 4 0 0 0 2 2 1 6 50
1089.71 1 5 0 0 0 2 3 1 5 50
1091.96 1 6 0 0 0 2 4 1 4 50
1094.93 1 7 0 0 0 2 5 1 3 50
1096.68 1 8 0 0 0 2 6 1 2 50
1097.85 1 7 0 0 0 2 5 1 3 50
1101.45 1 6 0 0 0 2 4 1 4 50
1102.54 1 7 0 0 0 2 5 1 3 50
1107.08 1 7 0 0 1 3 4 1 3 50
1107.88 1 8 0 0 1 3 5 1 2 50
1109.47 1 7 0 0 1 3 4 1 3 50
1111.03 1 6 0 0 0 3 4 2 3 50
1112.14 1 7 0 0 0 3 5 2 2 50
1113.9 1 6 0 0 0 3 4 2 3 50
1117.42 1 5 0 0 0 3 3 2 4 50
1119.32 1 6 0 0 0 3 4 2 3 50
1121.09 1 7 0 0 0 3 5 2 2 50
1125.13 1 8 0 0 0 3 6 2 1 50
1126.08 1 7 0 0 0 3 5 2 2 50
1127.2 0 6 0 0 1 3 5 2 2 50
1129.84 0 5 0 0 1 3 4 2 3 50
1131.21 0 5 0 0 1 2 4 1 3 51
1131.98 0 4 0 0 1 2 3 1 4 51
1136.31 0 5 0 0 1 2 4 1 3 51
1136.55 0 6 0 0 1 2 5 1 2 51
1137.02 0 5 0 0 1 2 4 1 3 51
1142.75 0 4 0 0 1 2 3 1 4 51
1143.14 0 5 0 0 1 2 4 1 3 51
1150.16 0 4 0 0 1 2 3 1 4 51
1150.66 0 3 0 0 1 2 2 1 5 51
1151.88 1 4 0 0 0 2 2 1 5 51
1151.93 1 3 0 0 0 2 1 1 6 51
1157.85 1 2 0 0 0 2 0 1 7 51
1167.73 1 3 0 0 0 2 1 1 6 51
1169.73 1 4 0 0 0 2 2 1 5 51
1170.52 1 5 0 0 0 2 3 1 4 51
1171.42 1 4 0 0 0 2 2 1 5 51
1175.21 1 5 0 0 0 2 3 1 4 51
1177.03 1 5 0 0 1 3 2 1 4 51
1179.72 1 5 0 0 1 2 2 0 4 52
1182.15 1 4 0 0 1 2 1 0 5 52
1183.03 1 5 0 0 1 2 2 0 4 52
1185.43 1 6 0 0 1 2 3 0 3 52
1188.59 1 5 0 0 0 2 3 1 3 52
1188.77 1 4 0 0 0 2 2 1 4 52
1189.51 1 5 0 0 0 2 3 1 3 52
1191.93 1 6 0 0 0 2 4 1 2 52
1192.66 1 6 0 0 0 1 4 0 2 53
1192.9 1 7 0 0 0 1 5 0 1 53
1195.23 1 6 0 0 0 1 4 0 2 53
1197.64 1 5 0 0 0 1 3 0 3 53
1201.75 1 4 0 0 0 1 2 0 4 53
1204.24 1 5 0 0 0 1 3 0 3 53
1205.58 0 4 0 0 1 1 3 0 3 53
1211.99 0 3 0 0 1 1 2 0 4 53
1214.49 0 4 0 0 1 1 3 0 3 53
1220.04 0 3 0 0 1 1 2 0 4 53
1226.92 0 4 0 0 1 1 3 0 3 53
1227.1 1 5 0 0 0 1 3 0 3 53
1233.04 1 6 0 0 0 1 4 0 2 53
1234.45 0 5 0 0 1 1 4 0 2 53
1236.58 0 4 0 0 1 1 3 0 3 53
1237.35 0 3 0 0 1 1 2 0 4 53
1238.41 0 4 0 0 1 1 3 0 3 53
1245.93 0 3 0 0 1 1 2 0 4 53
1252.06 0 4 0 0 1 1 3 0 3 53
1255.59 0 4 1 1 1 0 3 0 3 53
1256.42 0 5 1 1 1 0 4 0 2 53
1262.07 0 4 1 1 1 0 3 0 3 53
1275.99 0 3 1 1 0 0 3 1 3 53
1278.92 0 4 1 1 0 0 4 1 2 53
1307.31 0 5 1 1 0 0 5 1 1 53
1307.79 0 4 1 1 0 0 4 1 2 53
1311.23 0 5 1 1 0 0 5 1 1 53
1312.71 0 4 1 1 0 0 4 1 2 53
1314.09 0 3 1 1 0 0 3 1 3 53
1316.02 0 2 1 1 0 0 2 1 4 53
1320.26 0 3 1 1 0 0 3 1 3 53
1323.09 0 2 1 1 0 0 2 1 4 53
1330.53 0 3 1 1 0 0 3 1 3 53
1335.02 0 4 1 1 0 0 4 1 2 53
1340.29 0 5 1 1 0 0 5 1 1 53
1356.08 0 4 1 1 0 0 4 1 2 53
1357.43 0 3 1 1 0 0 3 1 3 53
1359.81 0 4 1 1 0 0 4 1 2 53
1362.23 0 3 1 1 0 0 3 1 3 53
1367.6 0 4 1 1 0 0 4 1 2 53
1367.76 0 3 1 1 0 0 3 1 3 53
1369.04 0 4 1 1 0 0 4 1 2 53
1381.83 0 3 1 1 0 0 3 1 3 53
1393.62 0 4 1 1 0 0 4 1 2 53
1394.74 0 5 1 1 0 0 5 1 1 53
1405.8 0 4 1 1 0 0 4 1 2 53
1411.72 0 4 1 1 1 1 3 1 2 53
1414.99 0 4 1 1 1 0 3 0 2 54
1419.93 0 5 1 1 1 0 4 0 1 54
1420.05 0 4 1 1 0 0 4 1 1 54
1422.39 0 4 1 1 0 1 4 2 1 53
1423.64 0 3 1 1 0 1 3 2 2 53
1431.86 0 3 1 1 0 0 3 1 2 54
1443.23 0 4 1 1 0 0 4 1 1 54
1446.32 0 3 1 1 0 0 3 1 2 54
1452.39 0 4 1 1 0 0 4 1 1 54
1454.17 0 3 1 1 0 0 3 1 2 54
1454.47 0 4 1 1 0 0 4 1 1 54
1457.22 0 3 1 1 0 0 3 1 2 54
1460.64 0 2 1 1 0 0 2 1 3 54
1461.88 0 3 1 1 0 0 3 1 2 54
1465.03 0 2 1 1 0 0 2 1 3 54
1473.79 0 2 0 0 0 1 2 1 3 54
1476.89 0 3 0 0 0 1 3 1 2 54
1477.72 0 4 0 0 0 1 4 1 1 54
1485.46 0 3 0 0 0 1 3 1 2 54
1488.87 0 3 0 0 0 2 3 2 2 53
1489.43 0 4 0 0 0 2 4 2 1 53
1493.8 0 3 0 0 0 2 3 2 2 53
1496.83 0 4 0 0 1 2 3 1 2 53
1499.22 0 5 0 0 1 2 4 1 1 53
1501.96 0 4 0 0 1 2 3 1 2 53
1516.4 0 3 0 0 0 2 3 2 2 53
1538.28 0 4 0 0 0 2 4 2 1 53
1541.83 0 4 0 0 0 1 4 1 1 54
1541.91 0 3 0 0 0 1 3 1 2 54
1551.24 0 4 0 0 0 1 4 1 1 54
1556.73 0 3 0 0 0 1 3 1 2 54
1559.66 0 4 0 0 1 1 3 0 2 54
1576.99 0 3 0 0 0 1 3 1 2 54
1581 0 2 0 0 0 1 2 1 3 54
1581.19 0 1 0 0 0 1 1 1 4 54
1590.07 0 2 0 0 0 1 2 1 3 54
1591.47 0 3 0 0 0 1 3 1 2 54
1592.14 0 2 0 0 0 1 2 1 3 54
1596.53 0 3 0 0 0 1 3 1 2 54
1605.84 0 4 0 0 1 1 3 0 2 54
1607.68 0 3 0 0 1 1 2 0 3 54
1613.45 0 4 0 0 1 1 3 0 2 54
1614.26 0 5 0 0 1 1 4 0 1 54
1619.68 0 5 0 0 2 2 3 0 1 54
1619.74 0 4 0 0 2 2 2 0 2 54
1623.26 0 3 0 0 1 2 2 1 2 54
1623.89 0 3 0 0 1 3 2 2 2 53
1629.05 0 4 0 0 1 3 3 2 1 53
1631.8 0 4 1 1 1 2 3 2 1 53
1639.52 0 3 1 1 0 2 3 3 1 53
1640.61 0 2 1 1 0 2 2 3 2 53
1646.9 0 3 1 1 0 2 3 3 1 53
1647.37 0 2 1 1 0 2 2 3 2 53
1647.92 0 2 1 1 0 1 2 2 2 54
1651.35 0 1 1 1 0 1 1 2 3 54
1658.7 0 1 1 1 1 2 0 2 3 54
1664.19 0 2 1 1 1 2 1 2 2 54
1664.72 0 1 1 1 1 2 0 2 3 54
1669.97 0 1 1 1 1 1 0 1 3 55
1670.28 0 1 2 2 1 0 0 1 3 55
1673.65 0 2 2 2 1 0 1 1 2 55
1676.6 1 3 2 2 0 0 1 1 2 55
1683.64 1 4 2 2 0 0 2 1 1 55
1690.03 1 5 2 2 0 0 3 1 0 55
1692.4 1 4 2 2 0 0 2 1 1 55
1701.81 1 3 2 2 0 0 1 1 2 55
1703.27 1 3 2 2 1 1 0 1 2 55
1703.33 1 4 2 2 1 1 1 1 1 55
1705.55 1 5 2 2 1 1 2 1 0 55
1716.4 1 5 1 1 1 2 2 1 0 55
1716.52 1 4 1 1 1 2 1 1 1 55
1720.44 1 3 1 1 1 2 0 1 2 55
1720.63 1 3 1 1 1 1 0 0 2 56
1726.37 1 2 1 1 0 1 0 1 2 56
1732.6 1 3 1 1 0 1 1 1 1 56
1737.02 0 2 1 1 1 1 1 1 1 56
1739.82 0 1 1 1 1 1 0 1 2 56
1745.28 0 1 0 0 1 2 0 1 2 56
1762.07 0 2 0 0 1 2 1 1 1 56
1763.68 0 3 0 0 1 2 2 1 0 56
1772.83 0 3 0 0 1 3 2 2 0 55
1784.07 0 3 0 0 0 2 3 2 0 55
1789.37 0 2 0 0 0 2 2 2 1 55
1791.48 0 1 0 0 0 2 1 2 2 55
1791.66 0 2 0 0 0 2 2 2 1 55
1800.26 0 3 0 0 1 2 2 1 1 55
1809.32 0 4 0 0 1 2 3 1 0 55
1816.75 0 3 0 0 1 2 2 1 1 55
1830.49 0 3 1 1 1 1 2 1 1 55
1835.35 1 4 1 1 0 1 2 1 1 55
1835.4 0 3 1 1 1 1 2 1 1 55
1838.53 0 3 1 1 2 2 1 1 1 55
1845.22 0 3 1 1 1 1 2 1 1 55
1847.27 0 2 1 1 1 1 1 1 2 55
1848.16 0 3 1 1 1 1 2 1 1 55
1874.57 0 2 1 1 1 1 1 1 2 55
1878.97 0 1 1 1 1 1 0 1 3 55
1889.52 0 2 1 1 2 1 0 0 3 55
1897.54 0 3 1 1 2 1 1 0 2 55
1914.8 0 2 1 1 2 1 0 0 3 55
1916.41 1 3 1 1 1 1 0 0 3 55
1927.56 1 4 1 1 1 1 1 0 2 55
1940.91 1 3 1 1 1 1 0 0 3 55
1954.71 1 3 0 0 1 2 0 0 3 55
1954.84 1 4 0 0 1 2 1 0 2 55
1956.53 1 4 0 0 1 3 1 1 2 54
1958.9 1 3 0 0 1 3 0 1 3 54
1960.66 1 4 0 0 1 3 1 1 2 54
1964.68 1 3 0 0 0 3 1 2 2 54
1975.65 1 3 0 0 0 2 1 1 2 55
1976.53 0 2 0 0 1 2 1 1 2 55
1982.58 1 3 0 0 0 2 1 1 2 55
1991.76 1 4 0 0 0 2 2 1 1 55
1998.56 1 3 0 0 0 2 1 1 2 55
2003.95 1 3 0 0 0 1 1 0 2 56
2007.76 0 2 0 0 1 1 1 0 2 56
2010.78 0 3 0 0 1 1 2 0 1 56
2029.59 0 4 0 0 1 1 3 0 0 56
2044.96 0 3 0 0 1 1 2 0 1 56
2045.87 0 2 0 0 1 1 1 0 2 56
2048.91 0 3 0 0 1 1 2 0 1 56
2075.23 0 2 0 0 1 1 1 0 2 56
2076.18 0 3 0 0 1 1 2 0 1 56
2076.25 0 2 0 0 1 1 1 0 2 56
2099.25 0 1 0 0 1 1 0 0 3 56
2104.56 0 2 0 0 1 1 1 0 2 56
2116.03 0 3 0 0 1 1 2 0 1 56
2125.2 0 2 0 0 0 1 2 1 1 56
2136.42 0 3 0 0 0 1 3 1 0 56
2137.72 0 3 1 1 0 0 3 1 0 56
2138.73 0 2 1 1 0 0 2 1 1 56
2140.02 0 3 1 1 0 0 3 1 0 56
2155.17 0 3 1 1 0 1 3 2 0 55
2164.45 0 2 1 1 0 1 2 2 1 55
2183.14 0 1 1 1 0 1 1 2 2 55
2191.04 0 2 1 1 0 1 2 2 1 55
2193.34 0 2 1 1 0 0 2 1 1 56
2193.79 0 3 1 1 0 0 3 1 0 56
2223.31 0 3 1 1 0 1 3 2 0 55
2224.44 0 2 1 1 0 1 2 2 1 55
2249.66 0 2 1 1 0 0 2 1 1 56
2319.01 0 1 1 1 0 0 1 1 2 56
2339.23 0 2 1 1 0 0 2 1 1 56
2343.28 0 2 1 1 1 1 1 1 1 56
2344.66 0 2 2 2 1 0 1 1 1 56
2357.71 0 3 2 2 1 0 2 1 0 56
2383.72 0 3 1 1 1 1 2 1 0 56
2392.59 0 2 1 1 1 1 1 1 1 56
2421.28 0 2 1 1 2 2 0 1 1 56
2424.8 0 2 1 1 1 1 1 1 1 56
2426.95 0 3 1 1 2 1 1 0 1 56
2427.75 1 4 1 1 1 1 1 0 1 56
2435.78 1 5 1 1 1 1 2 0 0 56
2446.13 1 4 1 1 1 1 1 0 1 56
2447.6 1 4 1 1 1 2 1 1 1 55
2452.03 1 5 1 1 1 2 2 1 0 55
2456.97 1 4 1 1 1 2 1 1 1 55
2469.82 1 3 1 1 0 2 1 2 1 55
2472.33 1 4 1 1 0 2 2 2 0 55
2473.01 1 3 1 1 0 2 1 2 1 55
2480.49 0 2 1 1 1 2 1 2 1 55
2488.47 0 2 1 1 1 1 1 1 1 56
2503.42 0 2 2 2 1 0 1 1 1 56
2507.7 0 2 1 1 1 1 1 1 1 56
2522.88 0 1 1 1 1 1 0 1 2 56
2531.9 0 2 1 1 2 1 0 0 2 56
2576.05 0 1 1 1 1 1 0 1 2 56
2582.63 1 2 1 1 0 1 0 1 2 56
2582.68 1 3 1 1 0 1 1 1 1 56
2587.39 1 4 1 1 0 1 2 1 0 56
2592.14 1 4 1 1 0 2 2 2 0 55
2595.1 1 4 1 1 1 3 1 2 0 55
2599.47 1 4 1 1 1 2 1 1 0 56
2606.78 0 3 1 1 2 2 1 1 0 56
2611.57 0 3 1 1 1 1 2 1 0 56
2616.02 1 4 1 1 0 1 2 1 0 56
2626.5 1 4 2 2 0 0 2 1 0 56
2647.22 1 4 1 1 0 1 2 1 0 56
2655.06 1 3 1 1 0 1 1 1 1 56
2659.89 1 3 1 1 0 0 1 0 1 57
2662.99 1 4 1 1 0 0 2 0 0 57
2671.54 1 3 1 1 0 0 1 0 1 57
2717.16 1 4 1 1 0 0 2 0 0 57
2770.92 0 3 1 1 1 0 2 0 0 57
2781.57 0 2 1 1 0 0 2 1 0 57
2785.6 0 3 1 1 1 0 2 0 0 57
2791.54 0 2 1 1 1 0 1 0 1 57
2795.26 0 3 1 1 1 0 2 0 0 57
2825.13 0 3 1 1 1 1 2 1 0 56
2825.53 0 2 1 1 0 1 2 2 0 56
2846.29 0 2 1 1 0 0 2 1 0 57
2873.91 0 1 1 1 0 0 1 1 1 57
2891.8 0 1 1 1 1 1 0 1 1 57
2894.24 0 2 1 1 1 1 1 1 0 57
2895.74 0 1 1 1 0 1 1 2 0 57
2926.07 0 2 1 1 1 1 1 1 0 57
2943.69 1 3 1 1 0 1 1 1 0 57
2955.64 0 2 1 1 1 1 1 1 0 57
2967.82 0 1 1 1 0 1 1 2 0 57
2991.35 0 2 1 1 1 1 1 1 0 57
2992.16 0 2 1 1 1 2 1 2 0 56
2997.09 0 2 1 1 1 1 1 1 0 57
2997.09 0 2 1 1 1 1 1 1 0 57
