0 60 120 60 60 0 0 0 0 0 0
0.00628979 59 119 60 60 1 0 0 0 0 0
0.00851307 58 118 60 60 2 0 0 0 0 0
0.00967532 57 117 60 60 3 0 0 0 0 0
0.0278555 57 117 59 59 3 1 0 0 0 0
0.0644404 56 116 59 59 4 1 0 0 0 0
0.0645285 55 115 59 59 5 1 0 0 0 0
0.0653148 54 114 59 59 6 1 0 0 0 0
0.0659867 53 113 59 59 7 1 0 0 0 0
0.0695417 53 112 59 59 6 1 0 1 0 0
0.0700803 53 112 58 58 6 2 0 1 0 0
0.0846332 52 111 58 58 7 2 0 1 0 0
0.0883321 52 111 57 57 7 3 0 1 0 0
0.105096 51 110 57 57 8 3 0 1 0 0
0.106336 51 110 56 56 8 4 0 1 0 0
0.108525 50 109 56 56 9 4 0 1 0 0
0.110264 49 108 56 56 10 4 0 1 0 0
0.127374 49 108 55 55 10 5 0 1 0 0
0.158757 48 107 55 55 11 5 0 1 0 0
0.225948 47 106 55 55 12 5 0 1 0 0
0.262466 46 105 55 55 13 5 0 1 0 0
0.275535 45 104 55 55 14 5 0 1 0 0
0.285393 44 103 55 55 15 5 0 1 0 0
0.318175 43 102 55 55 16 5 0 1 0 0
0.322771 43 101 55 55 15 5 0 2 0 0
0.336199 43 101 54 54 15 6 0 2 0 0
0.344443 43 101 53 53 15 7 0 2 0 0
0.350023 42 100 53 53 16 7 0 2 0 0
0.36245 41 99 53 53 17 7 0 2 0 0
0.376422 40 98 53 53 18 7 0 2 0 0
0.37963 39 97 53 53 19 7 0 2 0 0
0.389939 39 97 52 52 19 8 0 2 0 0
0.394869 39 96 52 52 18 8 0 3 0 0
0.408956 39 95 52 52 17 8 0 4 0 0
0.457933 38 94 52 52 18 8 0 4 0 0
0.484061 37 93 52 52 19 8 0 4 0 0
0.495628 37 93 51 51 19 9 0 4 0 0
0.52208 36 92 51 51 20 9 0 4 0 0
0.522202 35 91 51 51 21 9 0 4 0 0
0.534454 35 91 50 50 21 10 0 4 0 0
0.561876 35 90 50 50 20 10 0 5 0 0
0.577068 35 89 50 50 19 10 0 6 0 0
0.58398 34 88 50 50 20 10 0 6 0 0
0.617815 33 87 50 50 21 10 0 6 0 0
0.654542 33 87 49 49 21 11 0 6 0 0
0.666895 33 86 49 49 20 11 0 7 0 0
0.669843 32 85 49 49 21 11 0 7 0 0
0.677702 32 85 48 48 21 12 0 7 0 0
0.679993 31 84 48 48 22 12 0 7 0 0
0.695469 31 83 48 48 21 12 0 8 0 0
0.707875 31 83 47 47 21 13 0 8 0 0
0.757407 30 82 47 47 22 13 0 8 0 0
0.78141 29 81 47 47 23 13 0 8 0 0
0.832774 28 80 47 47 24 13 0 8 0 0
0.841994 28 80 46 46 24 14 0 8 0 0
0.911811 28 79 46 46 23 14 0 9 0 0
0.926413 28 79 45 45 23 15 0 9 0 0
0.935236 27 78 45 45 24 15 0 9 0 0
0.946084 27 77 45 45 23 15 0 10 0 0
0.969914 27 76 45 45 22 15 0 11 0 0
0.990038 27 75 45 45 21 15 0 12 0 0
0.997894 26 74 45 45 22 15 0 12 0 0
0.99996 26 74 44 44 22 16 0 12 0 0
1.00329 26 73 44 44 21 16 0 13 0 0
1.0209 25 72 44 44 22 16 0 13 0 0
1.02775 24 71 44 44 23 16 0 13 0 0
1.02776 24 70 44 44 22 16 0 14 0 0
1.09357 24 70 43 43 22 17 0 14 0 0
1.14126 23 69 43 43 23 17 0 14 0 0
1.15346 23 68 43 43 22 17 0 15 0 0
1.16128 23 68 43 43 21 16 1 15 0 0
1.17251 22 67 43 43 22 16 1 15 0 0
1.22747 22 67 42 42 22 17 1 15 0 0
1.24924 22 66 42 42 21 17 1 16 0 0
1.30211 22 65 42 42 20 17 1 17 0 0
1.3223 22 65 41 41 20 18 1 17 0 0
1.33468 21 64 41 41 21 18 1 17 0 0
1.34039 21 64 40 40 21 19 1 17 0 0
1.3564 21 63 40 40 21 19 0 17 1 0
1.38575 20 62 40 40 22 19 0 17 1 0
1.55037 19 61 40 40 23 19 0 17 1 0
1.63463 18 60 40 40 24 19 0 17 1 0
1.63637 17 59 40 40 25 19 0 17 1 0
1.66995 16 58 40 40 26 19 0 17 1 0
1.70783 16 58 40 40 26 18 0 16 1 1
1.71181 15 57 40 40 27 18 0 16 1 1
1.7283 15 57 39 39 27 19 0 16 1 1
1.77028 15 56 39 39 26 19 0 17 1 1
1.7761 15 55 39 39 25 19 0 18 1 1
1.80331 15 55 39 39 25 18 0 17 1 2
1.82843 15 54 39 39 24 18 0 18 1 2
1.85026 14 53 39 39 25 18 0 18 1 2
1.93565 14 53 38 38 25 19 0 18 1 2
1.95055 14 52 38 38 24 19 0 19 1 2
1.9507 15 53 38 38 23 19 0 19 1 2
1.96405 15 54 38 38 24 19 0 18 1 2
2.04266 15 53 38 38 23 19 0 19 1 2
2.25842 14 52 38 38 24 19 0 19 1 2
2.26425 14 52 37 37 24 20 0 19 1 2
2.33635 13 51 37 37 25 20 0 19 1 2
2.38444 13 51 38 38 25 19 0 19 1 2
2.45641 13 50 38 38 24 19 0 20 1 2
2.47951 13 50 37 37 24 20 0 20 1 2
2.50309 13 50 36 36 24 21 0 20 1 2
2.61724 13 50 36 36 24 20 0 19 1 3
2.66023 13 50 35 35 24 21 0 19 1 3
2.66791 13 49 35 35 23 21 0 20 1 3
2.68818 13 49 35 35 23 20 0 19 1 4
2.76719 13 49 34 34 23 21 0 19 1 4
2.79234 12 48 34 34 24 21 0 19 1 4
2.85483 12 48 33 33 24 22 0 19 1 4
2.93722 12 48 32 32 24 23 0 19 1 4
2.94161 11 47 32 32 25 23 0 19 1 4
2.98686 11 46 32 32 24 23 0 20 1 4
3.01975 11 46 31 31 24 24 0 20 1 4
3.02662 11 45 31 31 23 24 0 21 1 4
3.06232 11 45 31 31 23 23 0 20 1 5
3.09236 11 45 31 31 23 22 0 19 1 6
3.14014 12 46 31 31 22 22 0 19 1 6
3.19819 12 46 30 30 22 23 0 19 1 6
3.20292 12 46 30 30 21 22 1 19 1 6
3.21054 12 45 30 30 20 22 1 20 1 6
3.25762 12 45 29 29 20 23 1 20 1 6
3.2817 12 45 29 29 19 22 2 20 1 6
3.30383 11 44 29 29 20 22 2 20 1 6
3.32947 11 43 29 29 19 22 2 21 1 6
3.39218 11 42 29 29 18 22 2 22 1 6
3.52182 10 41 29 29 19 22 2 22 1 6
3.53339 10 41 28 28 19 23 2 22 1 6
3.54016 10 41 27 27 19 24 2 22 1 6
3.55199 10 40 27 27 18 24 2 23 1 6
3.55891 10 40 26 26 18 25 2 23 1 6
3.5792 10 40 25 25 18 26 2 23 1 6
3.69519 11 41 25 25 17 26 2 23 1 6
3.75062 11 41 24 24 17 27 2 23 1 6
3.80629 11 41 23 23 17 28 2 23 1 6
3.81341 10 40 23 23 18 28 2 23 1 6
3.81857 10 40 22 22 18 29 2 23 1 6
3.84763 10 40 22 22 17 28 3 23 1 6
3.86962 10 40 21 21 17 29 3 23 1 6
3.89964 10 40 20 20 17 30 3 23 1 6
3.90299 10 40 20 20 17 29 3 22 1 7
3.91049 10 41 20 20 18 29 3 21 1 7
3.91437 10 40 20 20 17 29 3 22 1 7
3.96702 10 40 20 20 17 28 3 21 1 8
3.97603 9 39 20 20 18 28 3 21 1 8
4.01318 9 38 20 20 17 28 3 22 1 8
4.07609 9 38 19 19 17 29 3 22 1 8
4.24486 9 38 19 19 16 28 4 22 1 8
4.36735 9 38 19 19 15 27 5 22 1 8
4.38549 9 38 19 19 14 26 6 22 1 8
4.41891 9 37 19 19 13 26 6 23 1 8
4.45265 9 36 19 19 13 26 5 23 2 8
4.46783 8 35 19 19 14 26 5 23 2 8
4.47273 8 35 19 19 13 25 6 23 2 8
4.55687 8 34 19 19 13 25 5 23 3 8
4.58802 8 34 18 18 13 26 5 23 3 8
4.67458 8 33 18 18 13 26 4 23 4 8
4.78495 8 33 17 17 13 27 4 23 4 8
4.9273 8 32 17 17 12 27 4 24 4 8
4.92964 9 33 17 17 11 27 4 24 4 8
4.9571 9 32 17 17 11 27 3 24 5 8
4.98578 9 32 18 18 11 26 3 24 5 8
5.02096 9 32 18 18 11 25 3 23 5 9
5.09275 9 32 18 18 11 24 3 22 5 10
5.31 8 31 18 18 12 24 3 22 5 10
5.46589 8 30 18 18 11 24 3 23 5 10
5.49635 8 30 18 18 11 23 3 22 5 11
5.71318 8 30 18 18 10 22 4 22 5 11
5.73254 8 31 18 18 10 22 5 22 4 11
5.74478 7 30 18 18 11 22 5 22 4 11
5.80703 7 29 18 18 11 22 4 22 5 11
5.92491 7 29 18 18 11 21 4 21 5 12
5.93054 7 29 18 18 10 20 5 21 5 12
5.94181 6 28 18 18 11 20 5 21 5 12
5.94724 6 28 18 18 11 19 5 20 5 13
5.9478 6 27 18 18 10 19 5 21 5 13
6.05739 6 26 18 18 9 19 5 22 5 13
6.11028 6 26 18 18 9 18 5 21 5 14
6.2116 6 26 18 18 9 17 5 20 5 15
6.26405 6 26 18 18 8 16 6 20 5 15
6.26422 6 26 18 18 8 15 6 19 5 16
6.26445 6 25 18 18 7 15 6 20 5 16
6.36995 5 24 18 18 8 15 6 20 5 16
6.62207 5 24 17 17 8 16 6 20 5 16
6.98509 5 24 18 18 8 15 6 20 5 16
7.16314 5 23 18 18 8 15 5 20 6 16
7.26237 5 23 18 18 7 14 6 20 6 16
7.46312 5 23 17 17 7 15 6 20 6 16
7.48587 4 22 17 17 8 15 6 20 6 16
7.59632 4 22 17 17 8 14 6 19 6 17
7.61051 4 22 17 17 7 13 7 19 6 17
7.74016 4 22 16 16 7 14 7 19 6 17
8.18208 4 22 16 16 7 13 7 18 6 18
8.53205 4 22 16 16 6 12 8 18 6 18
8.55618 4 21 16 16 5 12 8 19 6 18
8.59355 4 21 16 16 5 11 8 18 6 19
8.7443 4 21 16 16 5 10 8 17 6 20
8.85119 4 21 16 16 5 9 8 16 6 21
8.8824 4 20 16 16 5 9 7 16 7 21
8.90081 4 20 16 16 5 8 7 15 7 22
9.00468 3 19 16 16 6 8 7 15 7 22
9.19286 3 20 16 16 6 8 8 15 6 22
9.30608 3 19 16 16 6 8 7 15 7 22
9.51269 3 19 15 15 6 9 7 15 7 22
9.61281 3 18 15 15 5 9 7 16 7 22
10.0532 3 17 15 15 5 9 6 16 8 22
10.5446 3 16 15 15 5 9 5 16 9 22
10.633 3 16 14 14 5 10 5 16 9 22
10.8329 3 16 14 14 5 9 5 15 9 23
10.9858 3 16 13 13 5 10 5 15 9 23
11.1981 3 16 12 12 5 11 5 15 9 23
11.8861 3 16 12 12 5 10 5 14 9 24
12.8711 3 15 12 12 4 10 5 15 9 24
13.0524 3 15 12 12 4 9 5 14 9 25
13.5513 3 15 12 12 3 8 6 14 9 25
13.6462 3 15 12 12 3 7 6 13 9 26
13.8675 2 14 12 12 4 7 6 13 9 26
13.992 2 15 12 12 4 7 7 13 8 26
14.1517 2 16 12 12 4 7 8 13 7 26
14.4718 2 16 11 11 4 8 8 13 7 26
14.5885 2 15 11 11 4 8 7 13 8 26
14.7405 2 15 11 11 4 7 7 12 8 27
14.7982 2 15 10 10 4 8 7 12 8 27
14.8577 2 15 9 9 4 9 7 12 8 27
14.8855 2 15 9 9 3 8 8 12 8 27
15.1717 2 15 9 9 2 7 9 12 8 27
15.3661 2 14 9 9 2 7 8 12 9 27
15.3689 2 13 9 9 2 7 7 12 10 27
15.3854 2 12 9 9 2 7 6 12 11 27
15.7357 2 12 8 8 2 8 6 12 11 27
15.8164 2 12 7 7 2 9 6 12 11 27
15.9166 2 11 7 7 2 9 5 12 12 27
16.7974 2 10 7 7 2 9 4 12 13 27
17.4583 2 10 7 7 2 8 4 11 13 28
17.9336 2 10 7 7 2 7 4 10 13 29
18.0673 2 11 7 7 3 7 4 9 13 29
18.1473 2 10 7 7 3 7 3 9 14 29
18.3361 2 10 7 7 3 6 3 8 14 30
18.6671 2 9 7 7 2 6 3 9 14 30
18.7689 2 8 7 7 1 6 3 10 14 30
18.9215 2 8 6 6 1 7 3 10 14 30
19.1304 2 7 6 6 1 7 2 10 15 30
19.4029 2 8 6 6 1 7 3 10 14 30
19.5005 2 8 6 6 1 6 3 9 14 31
20.7436 2 8 5 5 1 7 3 9 14 31
20.9947 2 9 5 5 1 7 4 9 13 31
21.7031 2 9 5 5 1 6 4 8 13 32
22.808 2 8 5 5 0 6 4 9 13 32
22.9498 2 8 5 5 0 5 4 8 13 33
25.5542 2 8 4 4 0 6 4 8 13 33
25.6958 2 9 4 4 0 6 5 8 12 33
27.3086 2 9 5 5 0 5 5 8 12 33
28.9938 2 10 5 5 0 5 6 8 11 33
29.7669 2 10 5 5 0 4 6 7 11 34
30.7958 2 10 4 4 0 5 6 7 11 34
34.6581 2 11 4 4 1 5 6 6 11 34
35.3762 3 12 4 4 0 5 6 6 11 34
36.1886 3 13 4 4 0 5 7 6 10 34
36.7688 2 12 4 4 1 5 7 6 10 34
37.1612 2 11 4 4 1 5 6 6 11 34
37.8728 2 11 3 3 1 6 6 6 11 34
38.4294 2 11 3 3 1 5 6 5 11 35
38.7946 2 11 3 3 1 4 6 4 11 36
38.7991 2 10 3 3 1 4 5 4 12 36
38.855 1 9 3 3 2 4 5 4 12 36
39.3696 1 10 3 3 2 4 6 4 11 36
39.5378 1 10 3 3 2 3 6 3 11 37
40.2433 1 11 3 3 2 3 7 3 10 37
40.9641 2 12 3 3 1 3 7 3 10 37
41.4891 2 11 3 3 1 3 6 3 11 37
41.6434 2 10 3 3 1 3 5 3 12 37
42.1181 2 10 2 2 1 4 5 3 12 37
43.6388 2 11 2 2 1 4 6 3 11 37
45.6434 2 10 2 2 1 4 5 3 12 37
45.7006 2 10 2 2 1 3 5 2 12 38
50.9003 2 9 2 2 1 3 4 2 13 38
51.1806 2 8 2 2 1 3 3 2 14 38
51.3323 2 7 2 2 1 3 2 2 15 38
51.3459 2 8 2 2 1 3 3 2 14 38
51.7008 2 9 2 2 1 3 4 2 13 38
51.8262 2 8 2 2 1 3 3 2 14 38
52.239 2 9 2 2 1 3 4 2 13 38
52.408 1 8 2 2 2 3 4 2 13 38
52.9929 1 7 2 2 2 3 3 2 14 38
53.2675 0 6 2 2 3 3 3 2 14 38
53.5249 0 7 2 2 3 3 4 2 13 38
54.2439 0 6 2 2 2 3 4 3 13 38
54.6076 0 7 2 2 2 3 5 3 12 38
56.3971 0 8 2 2 2 3 6 3 11 38
58.1448 0 7 2 2 2 3 5 3 12 38
59.1703 0 6 2 2 2 3 4 3 13 38
60.2842 0 5 2 2 2 3 3 3 14 38
60.9272 0 4 2 2 1 3 3 4 14 38
61.9748 0 5 2 2 1 3 4 4 13 38
65.0453 0 4 2 2 1 3 3 4 14 38
65.9651 0 5 2 2 2 3 3 3 14 38
67.1298 0 4 2 2 2 3 2 3 15 38
67.6989 0 3 2 2 1 3 2 4 15 38
69.6645 0 3 2 2 1 2 2 3 15 39
70.952 0 4 2 2 2 2 2 2 15 39
73.198 0 3 2 2 1 2 2 3 15 39
74.0013 0 4 2 2 1 2 3 3 14 39
74.8848 1 5 2 2 0 2 3 3 14 39
76.5338 1 6 2 2 0 2 4 3 13 39
80.1549 1 7 2 2 0 2 5 3 12 39
80.4312 1 7 2 2 0 1 5 2 12 40
81.0608 1 6 2 2 0 1 4 2 13 40
81.9294 1 5 2 2 0 1 3 2 14 40
83.3705 1 6 2 2 0 1 4 2 13 40
83.7956 1 7 2 2 0 1 5 2 12 40
86.8466 1 6 2 2 0 1 4 2 13 40
88.1155 1 7 2 2 0 1 5 2 12 40
89.4416 0 6 2 2 1 1 5 2 12 40
90.0108 0 7 2 2 1 1 6 2 11 40
92.0942 0 7 2 2 0 0 7 2 11 40
92.8698 0 6 2 2 0 0 6 2 12 40
94.9536 0 5 2 2 0 0 5 2 13 40
102.595 0 6 2 2 0 0 6 2 12 40
103.941 0 5 2 2 0 0 5 2 13 40
105.196 0 6 2 2 0 0 6 2 12 40
105.594 0 5 2 2 0 0 5 2 13 40
105.835 0 6 2 2 0 0 6 2 12 40
107.213 0 5 2 2 0 0 5 2 13 40
108.159 0 6 2 2 0 0 6 2 12 40
109.681 0 5 2 2 0 0 5 2 13 40
112.279 0 6 2 2 0 0 6 2 12 40
113.343 0 7 2 2 0 0 7 2 11 40
113.531 0 8 2 2 0 0 8 2 10 40
114.171 0 7 2 2 0 0 7 2 11 40
115.442 0 8 2 2 0 0 8 2 10 40
116.136 0 9 2 2 0 0 9 2 9 40
118.584 0 10 2 2 0 0 10 2 8 40
118.591 0 9 2 2 0 0 9 2 9 40
119.318 0 8 2 2 0 0 8 2 10 40
120.37 0 9 2 2 0 0 9 2 9 40
120.608 0 8 2 2 0 0 8 2 10 40
122.934 0 9 2 2 0 0 9 2 9 40
123.662 0 8 2 2 0 0 8 2 10 40
128.642 0 8 1 1 0 1 8 2 10 40
130.364 0 7 1 1 0 1 7 2 11 40
132.013 0 6 1 1 0 1 6 2 12 40
132.402 0 7 1 1 0 1 7 2 11 40
132.473 0 8 1 1 0 1 8 2 10 40
133.202 0 7 1 1 0 1 7 2 11 40
135.912 0 8 1 1 0 1 8 2 10 40
137.458 0 9 1 1 0 1 9 2 9 40
137.711 0 8 1 1 0 1 8 2 10 40
138.716 0 9 1 1 0 1 9 2 9 40
139.55 0 10 1 1 0 1 10 2 8 40
141.37 0 11 1 1 0 1 11 2 7 40
141.538 0 12 1 1 0 1 12 2 6 40
141.556 0 13 1 1 0 1 13 2 5 40
141.931 0 12 1 1 0 1 12 2 6 40
142.549 0 11 1 1 0 1 11 2 7 40
143.154 0 10 1 1 0 1 10 2 8 40
143.232 0 11 1 1 0 1 11 2 7 40
145.956 0 10 1 1 0 1 10 2 8 40
146.654 0 11 1 1 1 1 10 1 8 40
147.682 0 12 1 1 2 1 10 0 8 40
148.184 0 11 1 1 2 1 9 0 9 40
148.288 0 11 1 1 3 2 8 0 9 40
150.641 0 10 1 1 2 2 8 1 9 40
152.684 0 9 1 1 2 2 7 1 10 40
153.486 0 8 1 1 1 2 7 2 10 40
154.593 1 9 1 1 0 2 7 2 10 40
155.62 1 8 1 1 0 2 6 2 11 40
156.419 1 7 1 1 0 2 5 2 12 40
159.11 1 7 0 0 0 3 5 2 12 40
159.361 1 8 0 0 0 3 6 2 11 40
159.852 1 7 0 0 0 3 5 2 12 40
161.832 1 8 0 0 0 3 6 2 11 40
165.484 1 7 0 0 0 3 5 2 12 40
167.268 1 8 0 0 0 3 6 2 11 40
168.988 1 8 0 0 0 2 6 1 11 41
169.817 1 9 0 0 0 2 7 1 10 41
169.925 1 8 0 0 0 2 6 1 11 41
170.848 1 9 0 0 0 2 7 1 10 41
174.592 1 8 0 0 0 2 6 1 11 41
175.656 1 7 0 0 0 2 5 1 12 41
178.8 1 8 0 0 0 2 6 1 11 41
182.95 1 7 0 0 0 2 5 1 12 41
183.031 1 8 0 0 0 2 6 1 11 41
183.283 0 7 0 0 1 2 6 1 11 41
183.923 0 8 0 0 1 2 7 1 10 41
184.487 0 7 0 0 1 2 6 1 11 41
184.592 0 8 0 0 1 2 7 1 10 41
184.837 0 9 0 0 1 2 8 1 9 41
188.158 0 8 0 0 1 2 7 1 10 41
189.021 0 7 0 0 1 2 6 1 11 41
189.756 0 8 0 0 1 2 7 1 10 41
189.797 0 7 0 0 1 2 6 1 11 41
191.147 0 6 0 0 0 2 6 2 11 41
192.406 0 5 0 0 0 2 5 2 12 41
192.441 0 6 0 0 0 2 6 2 11 41
192.708 0 5 0 0 0 2 5 2 12 41
193.528 0 6 0 0 0 2 6 2 11 41
194.418 0 7 0 0 0 2 7 2 10 41
195.64 0 6 0 0 0 2 6 2 11 41
196.414 0 7 0 0 1 2 6 1 11 41
196.465 0 6 0 0 1 2 5 1 12 41
198.512 0 7 0 0 1 2 6 1 11 41
198.539 0 6 0 0 1 2 5 1 12 41
198.783 0 6 0 0 0 1 6 1 12 41
202.839 0 5 0 0 0 1 5 1 13 41
204.82 0 6 0 0 0 1 6 1 12 41
206.741 0 5 0 0 0 1 5 1 13 41
211.061 0 6 0 0 0 1 6 1 12 41
211.65 0 7 0 0 0 1 7 1 11 41
211.717 0 8 0 0 0 1 8 1 10 41
213.227 0 9 0 0 0 1 9 1 9 41
213.601 0 10 0 0 0 1 10 1 8 41
214.035 0 9 0 0 0 1 9 1 9 41
215.081 0 8 0 0 0 1 8 1 10 41
215.752 0 9 0 0 0 1 9 1 9 41
215.764 0 8 0 0 0 1 8 1 10 41
218.264 0 7 0 0 0 1 7 1 11 41
219.449 0 6 0 0 0 1 6 1 12 41
221.559 0 5 0 0 0 1 5 1 13 41
224.89 0 4 0 0 0 1 4 1 14 41
225.922 0 5 0 0 0 1 5 1 13 41
226.113 0 6 0 0 0 1 6 1 12 41
226.799 0 7 0 0 0 1 7 1 11 41
228.094 0 6 0 0 0 1 6 1 12 41
229.38 0 5 0 0 0 1 5 1 13 41
229.534 0 6 0 0 0 1 6 1 12 41
232.945 0 7 0 0 0 1 7 1 11 41
233.778 0 8 0 0 0 1 8 1 10 41
233.997 0 9 0 0 0 1 9 1 9 41
234.327 0 8 0 0 0 1 8 1 10 41
234.543 0 9 0 0 0 1 9 1 9 41
234.642 0 10 0 0 0 1 10 1 8 41
234.72 0 9 0 0 0 1 9 1 9 41
238.06 0 8 0 0 0 1 8 1 10 41
238.783 0 7 0 0 0 1 7 1 11 41
239.898 0 6 0 0 0 1 6 1 12 41
240.787 0 5 0 0 0 1 5 1 13 41
241.052 0 4 0 0 0 1 4 1 14 41
243.344 0 4 1 1 0 0 4 1 14 41
244.776 0 5 1 1 0 0 5 1 13 41
245.785 0 5 1 1 1 1 4 1 13 41
247.494 0 6 1 1 1 1 5 1 12 41
247.61 0 7 1 1 1 1 6 1 11 41
249.027 0 8 1 1 1 1 7 1 10 41
249.397 0 7 1 1 1 1 6 1 11 41
251.883 0 8 1 1 1 1 7 1 10 41
252.184 0 7 1 1 1 1 6 1 11 41
253.053 0 8 1 1 1 1 7 1 10 41
254.233 0 8 1 1 1 0 7 0 10 42
254.453 0 9 1 1 1 0 8 0 9 42
254.845 0 8 1 1 1 0 7 0 10 42
254.904 0 7 1 1 1 0 6 0 11 42
255.685 0 8 1 1 1 0 7 0 10 42
256.872 0 9 1 1 1 0 8 0 9 42
256.879 0 10 1 1 1 0 9 0 8 42
257.694 0 9 1 1 1 0 8 0 9 42
260.2 0 10 1 1 1 0 9 0 8 42
262.255 0 9 1 1 1 0 8 0 9 42
262.86 0 8 1 1 1 0 7 0 10 42
263.184 0 7 1 1 1 0 6 0 11 42
264.121 0 8 1 1 1 0 7 0 10 42
264.328 0 7 1 1 1 0 6 0 11 42
264.406 0 6 1 1 1 0 5 0 12 42
264.493 0 5 1 1 1 0 4 0 13 42
264.694 0 6 1 1 1 0 5 0 12 42
267.082 0 7 1 1 1 0 6 0 11 42
272.385 0 6 1 1 1 0 5 0 12 42
272.721 0 7 1 1 1 0 6 0 11 42
272.819 0 6 1 1 1 0 5 0 12 42
274.305 0 7 1 1 1 0 6 0 11 42
274.398 0 8 1 1 1 0 7 0 10 42
275.387 0 7 1 1 1 0 6 0 11 42
276.269 0 8 1 1 1 0 7 0 10 42
280.156 0 7 1 1 1 0 6 0 11 42
280.181 0 8 1 1 1 0 7 0 10 42
281.386 0 7 1 1 1 0 6 0 11 42
281.866 0 6 1 1 1 0 5 0 12 42
282.331 0 7 1 1 1 0 6 0 11 42
283.143 0 8 1 1 1 0 7 0 10 42
283.231 0 7 1 1 1 0 6 0 11 42
284.328 0 6 1 1 1 0 5 0 12 42
284.357 0 7 1 1 1 0 6 0 11 42
286.155 0 8 1 1 1 0 7 0 10 42
291.481 0 7 1 1 1 0 6 0 11 42
291.587 0 6 1 1 1 0 5 0 12 42
294.871 0 7 1 1 1 0 6 0 11 42
297.466 0 8 1 1 1 0 7 0 10 42
297.621 0 9 1 1 1 0 8 0 9 42
300.354 0 10 1 1 1 0 9 0 8 42
300.673 0 9 1 1 1 0 8 0 9 42
301.038 0 8 1 1 1 0 7 0 10 42
301.797 0 7 1 1 1 0 6 0 11 42
303.493 0 6 1 1 1 0 5 0 12 42
308.348 0 7 1 1 1 0 6 0 11 42
308.477 0 8 1 1 1 0 7 0 10 42
310.273 0 7 1 1 1 0 6 0 11 42
313.65 0 6 1 1 1 0 5 0 12 42
314 0 5 1 1 0 0 5 1 12 42
314.059 0 6 1 1 0 0 6 1 11 42
315.082 0 7 1 1 0 0 7 1 10 42
317.621 0 8 1 1 0 0 8 1 9 42
317.992 0 7 1 1 0 0 7 1 10 42
320.747 0 8 1 1 0 0 8 1 9 42
320.834 0 7 1 1 0 0 7 1 10 42
321.703 0 8 1 1 0 0 8 1 9 42
323.33 0 7 1 1 0 0 7 1 10 42
323.776 0 8 1 1 0 0 8 1 9 42
324.332 0 9 1 1 1 0 8 0 9 42
327.953 0 9 1 1 2 1 7 0 9 42
328.189 0 10 1 1 2 1 8 0 8 42
328.621 0 10 1 1 1 0 9 0 8 42
329.854 1 11 1 1 0 0 9 0 8 42
331.256 0 10 1 1 1 0 9 0 8 42
334.717 0 9 1 1 1 0 8 0 9 42
334.895 0 8 1 1 1 0 7 0 10 42
338.244 0 8 1 1 1 1 7 1 10 41
340.569 0 9 1 1 1 1 8 1 9 41
341.848 0 8 1 1 1 1 7 1 10 41
342.865 0 7 1 1 1 1 6 1 11 41
343.818 0 8 1 1 1 1 7 1 10 41
343.984 0 9 1 1 1 1 8 1 9 41
345.807 0 8 1 1 0 1 8 2 9 41
346.582 0 9 1 1 0 1 9 2 8 41
347.171 0 8 1 1 0 1 8 2 9 41
348.057 0 7 1 1 0 1 7 2 10 41
348.989 0 6 1 1 0 1 6 2 11 41
350.365 0 7 1 1 0 1 7 2 10 41
350.656 0 8 1 1 0 1 8 2 9 41
350.898 0 9 1 1 0 1 9 2 8 41
351.188 0 9 2 2 0 0 9 2 8 41
352.288 0 10 2 2 0 0 10 2 7 41
352.684 0 9 2 2 0 0 9 2 8 41
353.201 0 10 2 2 0 0 10 2 7 41
353.484 0 10 1 1 0 1 10 2 7 41
355.2 0 9 1 1 0 1 9 2 8 41
355.248 0 8 1 1 0 1 8 2 9 41
355.326 0 7 1 1 0 1 7 2 10 41
355.968 0 6 1 1 0 1 6 2 11 41
356.074 0 5 1 1 0 1 5 2 12 41
365.464 0 6 1 1 0 1 6 2 11 41
366.315 0 7 1 1 0 1 7 2 10 41
367.226 0 8 1 1 0 1 8 2 9 41
368.856 0 7 1 1 0 1 7 2 10 41
369.717 0 6 1 1 0 1 6 2 11 41
372.733 0 5 1 1 0 1 5 2 12 41
373.231 0 6 1 1 0 1 6 2 11 41
376.607 0 5 1 1 0 1 5 2 12 41
376.678 0 6 1 1 0 1 6 2 11 41
378.275 0 7 1 1 0 1 7 2 10 41
378.689 0 7 1 1 0 0 7 1 10 42
378.827 0 8 1 1 0 0 8 1 9 42
379.639 0 9 1 1 0 0 9 1 8 42
379.873 0 8 1 1 0 0 8 1 9 42
381.373 0 9 1 1 0 0 9 1 8 42
382.672 0 8 1 1 0 0 8 1 9 42
385.134 0 9 1 1 0 0 9 1 8 42
385.4 0 8 1 1 0 0 8 1 9 42
385.702 0 7 1 1 0 0 7 1 10 42
385.811 0 6 1 1 0 0 6 1 11 42
389.288 0 5 1 1 0 0 5 1 12 42
390.191 0 6 1 1 0 0 6 1 11 42
391.18 0 7 1 1 0 0 7 1 10 42
393.37 0 6 1 1 0 0 6 1 11 42
394.854 0 7 1 1 0 0 7 1 10 42
397.293 0 6 1 1 0 0 6 1 11 42
404.22 0 5 1 1 0 0 5 1 12 42
404.625 0 6 1 1 0 0 6 1 11 42
404.769 0 7 1 1 0 0 7 1 10 42
405.36 0 6 1 1 0 0 6 1 11 42
407.054 0 7 1 1 0 0 7 1 10 42
408.009 0 6 1 1 0 0 6 1 11 42
408.333 0 5 1 1 0 0 5 1 12 42
412.388 0 6 1 1 0 0 6 1 11 42
414.124 0 6 0 0 0 1 6 1 11 42
414.311 0 6 1 1 0 0 6 1 11 42
418.939 0 7 1 1 0 0 7 1 10 42
420.954 0 8 1 1 0 0 8 1 9 42
423.607 0 7 1 1 0 0 7 1 10 42
428.493 0 6 1 1 0 0 6 1 11 42
428.576 0 5 1 1 0 0 5 1 12 42
429.46 0 6 1 1 0 0 6 1 11 42
431.463 0 5 1 1 0 0 5 1 12 42
432.649 0 4 1 1 0 0 4 1 13 42
432.756 0 3 1 1 0 0 3 1 14 42
434.54 0 4 1 1 0 0 4 1 13 42
438.957 0 5 1 1 0 0 5 1 12 42
439.505 0 6 1 1 0 0 6 1 11 42
442.45 0 7 1 1 0 0 7 1 10 42
443.488 0 6 1 1 0 0 6 1 11 42
443.83 0 5 1 1 0 0 5 1 12 42
444.081 0 6 1 1 0 0 6 1 11 42
444.422 0 5 1 1 0 0 5 1 12 42
445.907 0 6 1 1 0 0 6 1 11 42
446.924 0 6 1 1 1 1 5 1 11 42
448.26 0 6 1 1 2 2 4 1 11 42
448.909 0 7 1 1 2 2 5 1 10 42
450.022 0 8 1 1 2 2 6 1 9 42
451.295 0 9 1 1 2 2 7 1 8 42
454.506 0 8 1 1 2 2 6 1 9 42
459.806 0 7 1 1 2 2 5 1 10 42
460.611 0 6 1 1 2 2 4 1 11 42
462.368 0 5 1 1 2 2 3 1 12 42
462.421 0 5 1 1 3 3 2 1 12 42
467.393 0 5 2 2 3 2 2 1 12 42
467.603 0 6 2 2 3 2 3 1 11 42
467.93 0 7 2 2 3 2 4 1 10 42
468.423 0 7 3 3 3 1 4 1 10 42
468.696 0 7 2 2 3 2 4 1 10 42
469.565 0 6 2 2 3 2 3 1 11 42
470.499 0 7 2 2 3 2 4 1 10 42
470.841 0 6 2 2 3 2 3 1 11 42
471.07 0 5 2 2 3 2 2 1 12 42
471.112 0 4 2 2 3 2 1 1 13 42
475.769 0 4 1 1 3 3 1 1 13 42
476.979 0 4 1 1 2 2 2 1 13 42
478.283 0 5 1 1 2 2 3 1 12 42
481.204 0 6 1 1 2 2 4 1 11 42
483.575 0 5 1 1 2 2 3 1 12 42
486.914 0 4 1 1 2 2 2 1 13 42
487.893 0 5 1 1 2 2 3 1 12 42
494.282 0 4 1 1 1 2 3 2 12 42
494.932 0 5 1 1 1 2 4 2 11 42
495.155 0 6 1 1 1 2 5 2 10 42
495.609 0 5 1 1 0 2 5 3 10 42
496.057 0 4 1 1 0 2 4 3 11 42
498.709 0 5 1 1 0 2 5 3 10 42
500.635 0 4 1 1 0 2 4 3 11 42
501.351 0 4 1 1 0 1 4 2 11 43
504.316 0 5 1 1 0 1 5 2 10 43
506.504 0 6 1 1 0 1 6 2 9 43
506.986 0 7 1 1 0 1 7 2 8 43
507.829 0 8 1 1 0 1 8 2 7 43
509.033 0 9 1 1 0 1 9 2 6 43
509.08 0 8 1 1 0 1 8 2 7 43
509.192 0 7 1 1 0 1 7 2 8 43
510.361 0 8 1 1 0 1 8 2 7 43
510.682 0 7 1 1 0 1 7 2 8 43
511.416 0 8 1 1 0 1 8 2 7 43
512.158 0 7 1 1 0 1 7 2 8 43
512.19 0 6 1 1 0 1 6 2 9 43
513.218 0 5 1 1 0 1 5 2 10 43
513.577 0 6 1 1 0 1 6 2 9 43
515.938 0 6 1 1 1 2 5 2 9 43
519.686 0 6 1 1 1 1 5 1 9 44
522.654 0 5 1 1 1 1 4 1 10 44
528.651 0 6 1 1 1 1 5 1 9 44
533.307 0 7 1 1 1 1 6 1 8 44
533.715 0 6 1 1 1 1 5 1 9 44
535.587 0 7 1 1 1 1 6 1 8 44
535.697 0 6 1 1 1 1 5 1 9 44
538.287 0 5 1 1 1 1 4 1 10 44
541.562 0 6 1 1 1 1 5 1 9 44
542.758 0 7 1 1 1 1 6 1 8 44
543.467 0 6 1 1 1 1 5 1 9 44
547.886 0 7 1 1 1 1 6 1 8 44
549.442 0 7 1 1 2 2 5 1 8 44
549.797 0 6 1 1 2 2 4 1 9 44
551.176 0 7 1 1 3 2 4 0 9 44
551.82 0 6 1 1 2 2 4 1 9 44
553.147 0 7 1 1 2 2 5 1 8 44
553.411 0 6 1 1 1 2 5 2 8 44
554.089 0 7 1 1 1 2 6 2 7 44
559.858 0 6 1 1 1 2 5 2 8 44
561.645 0 5 1 1 1 2 4 2 9 44
565.421 0 4 1 1 1 2 3 2 10 44
566.518 1 5 1 1 0 2 3 2 10 44
567.414 1 6 1 1 0 2 4 2 9 44
569.596 0 5 1 1 1 2 4 2 9 44
571.016 0 6 1 1 1 2 5 2 8 44
574.667 1 7 1 1 0 2 5 2 8 44
575.836 1 6 1 1 0 2 4 2 9 44
580.334 1 5 1 1 0 2 3 2 10 44
581.316 1 6 1 1 0 2 4 2 9 44
583.844 1 5 1 1 0 2 3 2 10 44
583.984 1 6 1 1 0 2 4 2 9 44
584.089 1 7 1 1 0 2 5 2 8 44
588.455 1 8 1 1 0 2 6 2 7 44
589.102 0 7 1 1 1 2 6 2 7 44
589.137 0 8 1 1 1 2 7 2 6 44
590.323 0 7 1 1 1 2 6 2 7 44
592.806 0 8 1 1 1 2 7 2 6 44
594.041 0 9 1 1 1 2 8 2 5 44
594.593 0 8 1 1 0 2 8 3 5 44
594.821 0 7 1 1 0 2 7 3 6 44
595.801 0 8 1 1 0 2 8 3 5 44
596.642 0 9 1 1 1 2 8 2 5 44
597.787 0 8 1 1 1 2 7 2 6 44
599.86 0 9 1 1 1 2 8 2 5 44
603.373 0 8 1 1 1 2 7 2 6 44
606.095 0 9 1 1 1 2 8 2 5 44
610.24 0 8 1 1 1 2 7 2 6 44
610.666 0 7 1 1 1 2 6 2 7 44
611.302 0 6 1 1 1 2 5 2 8 44
614.231 0 7 1 1 1 2 6 2 7 44
616.105 0 7 1 1 1 1 6 1 7 45
616.661 0 6 1 1 1 1 5 1 8 45
617.926 0 5 1 1 1 1 4 1 9 45
620.813 0 4 1 1 1 1 3 1 10 45
621.496 0 3 1 1 1 1 2 1 11 45
625.828 0 3 2 2 1 0 2 1 11 45
625.881 0 4 2 2 1 0 3 1 10 45
629.192 0 5 2 2 1 0 4 1 9 45
631.85 0 4 2 2 0 0 4 2 9 45
634.559 0 3 2 2 0 0 3 2 10 45
635.103 0 4 2 2 0 0 4 2 9 45
638.048 0 5 2 2 0 0 5 2 8 45
639.637 0 6 2 2 1 0 5 1 8 45
639.845 0 5 2 2 1 0 4 1 9 45
642.122 0 5 1 1 1 1 4 1 9 45
642.814 0 6 1 1 1 1 5 1 8 45
643.748 0 5 1 1 1 1 4 1 9 45
643.794 0 4 1 1 1 1 3 1 10 45
645.405 0 3 1 1 1 1 2 1 11 45
649.816 0 2 1 1 0 1 2 2 11 45
653.155 0 3 1 1 0 1 3 2 10 45
655.438 0 3 2 2 0 0 3 2 10 45
655.745 0 4 2 2 0 0 4 2 9 45
657.065 0 3 2 2 0 0 3 2 10 45
657.296 0 4 2 2 0 0 4 2 9 45
659.35 0 5 2 2 0 0 5 2 8 45
662.631 0 6 2 2 0 0 6 2 7 45
663.915 0 7 2 2 0 0 7 2 6 45
664.816 0 6 2 2 0 0 6 2 7 45
665.465 0 7 2 2 0 0 7 2 6 45
666.933 0 6 2 2 0 0 6 2 7 45
668.579 0 7 2 2 1 0 6 1 7 45
669.026 0 6 2 2 1 0 5 1 8 45
669.035 0 5 2 2 1 0 4 1 9 45
670.141 0 4 2 2 1 0 3 1 10 45
672.394 0 5 2 2 1 0 4 1 9 45
674.378 0 6 2 2 1 0 5 1 8 45
674.458 0 5 2 2 1 0 4 1 9 45
677.498 0 6 2 2 1 0 5 1 8 45
679.503 0 5 2 2 1 0 4 1 9 45
681.815 0 6 2 2 1 0 5 1 8 45
682.267 0 5 2 2 0 0 5 2 8 45
684.731 0 4 2 2 0 0 4 2 9 45
690.04 0 5 2 2 0 0 5 2 8 45
691.015 0 6 2 2 0 0 6 2 7 45
691.678 0 6 2 2 0 1 6 3 7 44
694.923 0 5 2 2 0 1 5 3 8 44
695.007 0 6 2 2 0 1 6 3 7 44
696.354 0 7 2 2 1 1 6 2 7 44
700.471 0 8 2 2 2 1 6 1 7 44
704.06 0 7 2 2 2 1 5 1 8 44
704.467 0 6 2 2 2 1 4 1 9 44
710.05 0 7 2 2 2 1 5 1 8 44
710.772 0 6 2 2 2 1 4 1 9 44
713.363 0 7 2 2 2 1 5 1 8 44
715.027 0 6 2 2 1 1 5 2 8 44
715.954 0 6 2 2 0 0 6 2 8 44
716.109 0 7 2 2 0 0 7 2 7 44
717.932 0 8 2 2 1 0 7 1 7 44
718.45 0 9 2 2 1 0 8 1 6 44
718.774 0 8 2 2 1 0 7 1 7 44
718.924 0 9 2 2 1 0 8 1 6 44
719.899 0 10 2 2 1 0 9 1 5 44
720.166 0 11 2 2 1 0 10 1 4 44
720.377 1 12 2 2 0 0 10 1 4 44
720.521 1 12 2 2 1 1 9 1 4 44
721.905 1 11 2 2 1 1 8 1 5 44
723.271 1 10 2 2 1 1 7 1 6 44
724.604 1 11 2 2 1 1 8 1 5 44
725.411 1 10 2 2 1 1 7 1 6 44
725.782 1 9 2 2 0 1 7 2 6 44
725.904 1 8 2 2 0 1 6 2 7 44
726.264 1 9 2 2 0 1 7 2 6 44
729.325 0 8 2 2 1 1 7 2 6 44
729.607 0 9 2 2 1 1 8 2 5 44
729.659 0 8 2 2 1 1 7 2 6 44
732.623 0 9 2 2 1 1 8 2 5 44
733.545 0 8 2 2 1 1 7 2 6 44
734.021 0 7 2 2 1 1 6 2 7 44
735.367 0 6 2 2 1 1 5 2 8 44
740.602 0 5 2 2 1 1 4 2 9 44
742.516 0 4 2 2 1 1 3 2 10 44
742.885 0 5 2 2 1 1 4 2 9 44
744.296 0 4 2 2 1 1 3 2 10 44
746.093 0 5 2 2 1 1 4 2 9 44
747.118 0 4 2 2 1 1 3 2 10 44
748.145 0 5 2 2 1 1 4 2 9 44
750.073 0 4 2 2 0 1 4 3 9 44
752.629 0 5 2 2 0 1 5 3 8 44
754.314 0 4 2 2 0 1 4 3 9 44
758.025 0 4 2 2 1 2 3 3 9 44
758.865 0 3 2 2 0 2 3 4 9 44
762.055 0 2 2 2 0 2 2 4 10 44
762.583 0 3 2 2 0 2 3 4 9 44
765.084 0 2 2 2 0 2 2 4 10 44
767.1 0 3 2 2 0 2 3 4 9 44
768.966 0 4 2 2 0 2 4 4 8 44
770.141 0 3 2 2 0 2 3 4 9 44
772.983 0 4 2 2 1 2 3 3 9 44
775.165 0 5 2 2 1 2 4 3 8 44
775.505 0 6 2 2 1 2 5 3 7 44
776.128 0 5 2 2 1 2 4 3 8 44
778.224 0 6 2 2 2 2 4 2 8 44
778.726 1 7 2 2 1 2 4 2 8 44
780.094 1 7 1 1 1 3 4 2 8 44
780.802 2 8 1 1 0 3 4 2 8 44
781.926 2 7 1 1 0 3 3 2 9 44
782.336 2 8 1 1 0 3 4 2 8 44
784.098 2 8 1 1 0 2 4 1 8 45
785.1 2 8 1 1 0 1 4 0 8 46
785.714 2 9 1 1 0 1 5 0 7 46
785.935 1 8 1 1 1 1 5 0 7 46
786.839 1 7 1 1 1 1 4 0 8 46
789.133 1 8 1 1 1 1 5 0 7 46
790.688 1 7 1 1 1 1 4 0 8 46
792.358 1 6 1 1 1 1 3 0 9 46
794.209 0 5 1 1 2 1 3 0 9 46
795.372 0 6 1 1 2 1 4 0 8 46
795.385 0 5 1 1 2 1 3 0 9 46
798.658 1 6 1 1 1 1 3 0 9 46
800.627 1 7 1 1 1 1 4 0 8 46
800.811 1 8 1 1 1 1 5 0 7 46
800.838 1 8 1 1 2 2 4 0 7 46
802.115 1 7 1 1 2 2 3 0 8 46
804.758 1 8 1 1 2 2 4 0 7 46
805.059 1 9 1 1 2 2 5 0 6 46
805.408 1 8 1 1 1 2 5 1 6 46
805.574 1 7 1 1 1 2 4 1 7 46
811.183 1 6 1 1 1 2 3 1 8 46
816.771 1 5 1 1 0 2 3 2 8 46
817.639 1 5 2 2 0 1 3 2 8 46
818.97 1 5 2 2 0 2 3 3 8 45
820.63 0 4 2 2 1 2 3 3 8 45
821.505 1 5 2 2 0 2 3 3 8 45
823.897 1 6 2 2 0 2 4 3 7 45
824.348 1 7 2 2 0 2 5 3 6 45
825.272 1 8 2 2 0 2 6 3 5 45
826.68 1 7 2 2 0 2 5 3 6 45
828.491 1 8 2 2 0 2 6 3 5 45
828.824 1 7 2 2 0 2 5 3 6 45
829.49 1 7 2 2 0 1 5 2 6 46
831.352 1 6 2 2 0 1 4 2 7 46
833.979 1 5 2 2 0 1 3 2 8 46
834.742 1 4 2 2 0 1 2 2 9 46
837.024 1 5 2 2 0 1 3 2 8 46
837.936 1 5 2 2 0 2 3 3 8 45
841.9 1 4 2 2 0 2 2 3 9 45
841.929 1 5 2 2 0 2 3 3 8 45
844.99 1 6 2 2 0 2 4 3 7 45
845.142 1 6 2 2 0 1 4 2 7 46
846.873 1 7 2 2 0 1 5 2 6 46
851.704 1 8 2 2 0 1 6 2 5 46
853.311 1 7 2 2 0 1 5 2 6 46
854.571 1 8 2 2 0 1 6 2 5 46
857.201 1 7 2 2 0 1 5 2 6 46
860.612 1 8 2 2 0 1 6 2 5 46
860.867 1 7 2 2 0 1 5 2 6 46
863.397 0 6 2 2 1 1 5 2 6 46
864.094 0 7 2 2 1 1 6 2 5 46
865.73 0 7 1 1 1 2 6 2 5 46
866.456 0 8 1 1 2 2 6 1 5 46
877.403 0 8 1 1 3 3 5 1 5 46
879.903 0 9 1 1 4 3 5 0 5 46
881.366 0 8 1 1 4 3 4 0 6 46
881.991 0 7 1 1 4 3 3 0 7 46
882.322 0 8 1 1 4 3 4 0 6 46
882.515 0 9 1 1 4 3 5 0 5 46
882.604 0 8 1 1 4 3 4 0 6 46
884.271 0 7 1 1 3 3 4 1 6 46
884.518 0 6 1 1 2 3 4 2 6 46
885.209 0 7 1 1 3 3 4 1 6 46
887.19 0 6 1 1 2 3 4 2 6 46
888.559 0 5 1 1 1 3 4 3 6 46
889.575 0 4 1 1 1 3 3 3 7 46
891.559 0 5 1 1 1 3 4 3 6 46
895.745 0 6 1 1 2 3 4 2 6 46
895.914 0 5 1 1 2 3 3 2 7 46
896.482 0 5 1 1 1 2 4 2 7 46
901.189 0 6 1 1 2 2 4 1 7 46
902.908 0 7 1 1 2 2 5 1 6 46
905.793 0 6 1 1 2 2 4 1 7 46
906.483 0 6 1 1 2 3 4 2 7 45
906.55 0 6 2 2 2 2 4 2 7 45
909.144 0 5 2 2 2 2 3 2 8 45
909.206 0 5 1 1 2 3 3 2 8 45
909.974 0 6 1 1 2 3 4 2 7 45
910.011 0 7 1 1 2 3 5 2 6 45
913.295 0 6 1 1 2 3 4 2 7 45
915.065 0 7 1 1 2 3 5 2 6 45
916.072 0 7 2 2 2 2 5 2 6 45
916.854 0 7 2 2 2 1 5 1 6 46
917.542 0 6 2 2 1 1 5 2 6 46
918.247 0 5 2 2 1 1 4 2 7 46
919.588 0 6 2 2 1 1 5 2 6 46
921.596 0 7 2 2 1 1 6 2 5 46
922.95 0 6 2 2 1 1 5 2 6 46
923.012 0 5 2 2 1 1 4 2 7 46
924.541 0 6 2 2 1 1 5 2 6 46
925.293 0 7 2 2 1 1 6 2 5 46
928.551 0 7 2 2 1 0 6 1 5 47
929.289 0 8 2 2 1 0 7 1 4 47
931.535 0 7 2 2 1 0 6 1 5 47
932.399 0 6 2 2 1 0 5 1 6 47
941.709 0 7 2 2 1 0 6 1 5 47
941.782 0 6 2 2 1 0 5 1 6 47
942.892 0 5 2 2 0 0 5 2 6 47
949.396 0 4 2 2 0 0 4 2 7 47
949.424 0 5 2 2 0 0 5 2 6 47
950.847 0 5 2 2 1 1 4 2 6 47
952.405 0 6 2 2 1 1 5 2 5 47
954.483 0 7 2 2 1 1 6 2 4 47
956.505 0 6 2 2 1 1 5 2 5 47
956.589 0 7 2 2 1 1 6 2 4 47
959.161 0 6 2 2 0 1 6 3 4 47
961.127 0 5 2 2 0 1 5 3 5 47
964.471 0 5 1 1 0 2 5 3 5 47
970.031 0 5 1 1 0 1 5 2 5 48
971.158 0 6 1 1 0 1 6 2 4 48
971.815 0 6 1 1 1 2 5 2 4 48
972.924 0 6 1 1 2 3 4 2 4 48
976.772 0 5 1 1 2 3 3 2 5 48
979.707 0 4 1 1 2 3 2 2 6 48
982.208 0 3 1 1 2 3 1 2 7 48
982.484 0 4 1 1 2 3 2 2 6 48
983.258 0 4 1 1 2 2 2 1 6 49
984.248 0 4 0 0 2 3 2 1 6 49
987.558 0 5 0 0 2 3 3 1 5 49
990.075 0 4 0 0 2 3 2 1 6 49
990.921 0 4 1 1 2 2 2 1 6 49
991.491 0 4 1 1 1 1 3 1 6 49
991.963 0 4 1 1 1 2 3 2 6 48
998.818 0 5 1 1 1 2 4 2 5 48
1000.65 0 6 1 1 1 2 5 2 4 48
1001.72 0 5 1 1 1 2 4 2 5 48
1004.3 0 4 1 1 1 2 3 2 6 48
1004.69 1 5 1 1 0 2 3 2 6 48
1007.9 0 4 1 1 1 2 3 2 6 48
1009.2 0 5 1 1 1 2 4 2 5 48
1012.08 0 5 1 1 1 1 4 1 5 49
1014.53 0 6 1 1 1 1 5 1 4 49
1015.03 0 6 0 0 1 2 5 1 4 49
1015.14 0 6 0 0 0 1 6 1 4 49
1015.25 0 5 0 0 0 1 5 1 5 49
1019.42 0 6 0 0 0 1 6 1 4 49
1020.08 0 7 0 0 1 1 6 0 4 49
1020.79 0 6 0 0 0 1 6 1 4 49
1020.87 0 7 0 0 0 1 7 1 3 49
1022.28 0 6 0 0 0 1 6 1 4 49
1024.3 0 5 0 0 0 1 5 1 5 49
1025.81 0 6 0 0 0 1 6 1 4 49
1029.49 0 5 0 0 0 1 5 1 5 49
1035.01 0 4 0 0 0 1 4 1 6 49
1037.21 0 5 0 0 0 1 5 1 5 49
1037.27 0 6 0 0 0 1 6 1 4 49
1041.86 0 5 0 0 0 1 5 1 5 49
1042.93 0 6 0 0 0 1 6 1 4 49
1045.32 0 6 0 0 0 0 6 0 4 50
1045.5 0 5 0 0 0 0 5 0 5 50
1045.96 0 4 0 0 0 0 4 0 6 50
1046.19 0 5 0 0 0 0 5 0 5 50
1052.76 0 6 0 0 0 0 6 0 4 50
1057.04 0 5 0 0 0 0 5 0 5 50
1059.96 0 6 0 0 0 0 6 0 4 50
1061.88 0 7 0 0 0 0 7 0 3 50
1062.61 0 7 0 0 0 1 7 1 3 49
1064.19 0 8 0 0 0 1 8 1 2 49
1065.82 0 7 0 0 0 1 7 1 3 49
1067.97 0 8 0 0 0 1 8 1 2 49
1070.42 0 7 0 0 0 1 7 1 3 49
1071.62 0 6 0 0 0 1 6 1 4 49
1072.6 0 5 0 0 0 1 5 1 5 49
1075.87 0 5 0 0 0 2 5 2 5 48
1076.4 0 4 0 0 0 2 4 2 6 48
1079.61 0 5 0 0 0 2 5 2 5 48
1082.27 0 4 0 0 0 2 4 2 6 48
1086.05 0 4 1 1 0 1 4 2 6 48
1086.61 0 4 2 2 0 0 4 2 6 48
1088.69 0 3 2 2 0 0 3 2 7 48
1098.95 0 4 2 2 0 0 4 2 6 48
1099.28 0 5 2 2 0 0 5 2 5 48
1099.6 0 4 2 2 0 0 4 2 6 48
1100.86 0 3 2 2 0 0 3 2 7 48
1101.24 0 4 2 2 1 0 3 1 7 48
1107.15 0 3 2 2 1 0 2 1 8 48
1110.6 0 4 2 2 1 0 3 1 7 48
1112.45 0 5 2 2 1 0 4 1 6 48
1112.91 0 6 2 2 1 0 5 1 5 48
1113.16 0 6 2 2 2 1 4 1 5 48
1113.3 0 5 2 2 2 1 3 1 6 48
1116.2 0 4 2 2 2 1 2 1 7 48
1118.44 0 4 2 2 3 2 1 1 7 48
1119.33 0 3 2 2 3 2 0 1 8 48
1119.68 0 3 2 2 2 1 1 1 8 48
1122.4 0 4 2 2 2 1 2 1 7 48
1122.46 0 3 2 2 2 1 1 1 8 48
1123.67 0 4 2 2 2 1 2 1 7 48
1125.17 0 3 2 2 2 1 1 1 8 48
1130.3 0 4 2 2 2 1 2 1 7 48
1134.52 0 3 2 2 2 1 1 1 8 48
1136.2 0 4 2 2 2 1 2 1 7 48
1136.66 0 5 2 2 2 1 3 1 6 48
1139.15 0 6 2 2 2 1 4 1 5 48
1139.89 0 5 2 2 2 1 3 1 6 48
1142.88 0 6 2 2 2 1 4 1 5 48
1144.94 0 5 2 2 1 1 4 2 5 48
1145.32 0 6 2 2 1 1 5 2 4 48
1145.47 0 5 2 2 1 1 4 2 5 48
1145.83 0 6 2 2 1 1 5 2 4 48
1146.97 0 5 2 2 1 1 4 2 5 48
1147.98 1 6 2 2 0 1 4 2 5 48
1150.27 1 5 2 2 0 1 3 2 6 48
1152.5 1 6 2 2 0 1 4 2 5 48
1154.34 1 5 2 2 0 1 3 2 6 48
1157.89 1 6 2 2 0 1 4 2 5 48
1158.72 1 7 2 2 0 1 5 2 4 48
1158.8 1 6 2 2 0 1 4 2 5 48
1159.77 1 5 2 2 0 1 3 2 6 48
1164.91 1 4 2 2 0 1 2 2 7 48
1167.05 1 4 3 3 0 0 2 2 7 48
1167.31 1 5 3 3 0 0 3 2 6 48
1167.8 1 6 3 3 0 0 4 2 5 48
1169.5 1 7 3 3 0 0 5 2 4 48
1172.35 1 6 3 3 0 0 4 2 5 48
1173.79 1 7 3 3 0 0 5 2 4 48
1175.31 1 7 2 2 0 1 5 2 4 48
1177.57 1 8 2 2 0 1 6 2 3 48
1179.37 1 7 2 2 0 1 5 2 4 48
1180.3 1 8 2 2 0 1 6 2 3 48
1183.26 1 9 2 2 0 1 7 2 2 48
1184.97 1 9 2 2 1 2 6 2 2 48
1185.87 1 8 2 2 1 2 5 2 3 48
1187.6 1 8 2 2 0 1 6 2 3 48
1188.7 1 7 2 2 0 1 5 2 4 48
1190.21 1 8 2 2 0 1 6 2 3 48
1190.65 1 7 2 2 0 1 5 2 4 48
1191.37 1 6 2 2 0 1 4 2 5 48
1196.72 1 6 1 1 0 2 4 2 5 48
1199.27 1 5 1 1 0 2 3 2 6 48
1201.41 1 6 1 1 0 2 4 2 5 48
1207.61 1 7 1 1 0 2 5 2 4 48
1207.8 1 6 1 1 0 2 4 2 5 48
1208.87 1 5 1 1 0 2 3 2 6 48
1217.28 1 4 1 1 0 2 2 2 7 48
1217.32 1 3 1 1 0 2 1 2 8 48
1226.4 1 4 1 1 0 2 2 2 7 48
1235.21 1 5 1 1 0 2 3 2 6 48
1236.59 1 4 1 1 0 2 2 2 7 48
1237.52 0 3 1 1 1 2 2 2 7 48
1238.12 0 2 1 1 1 2 1 2 8 48
1238.15 0 3 1 1 1 2 2 2 7 48
1239.96 0 4 1 1 1 2 3 2 6 48
1244.99 0 5 1 1 1 2 4 2 5 48
1245.52 0 4 1 1 0 2 4 3 5 48
1245.96 0 3 1 1 0 2 3 3 6 48
1250.28 0 4 1 1 0 2 4 3 5 48
1262.56 0 3 1 1 0 2 3 3 6 48
1266.37 0 4 1 1 0 2 4 3 5 48
1269.08 0 3 1 1 0 2 3 3 6 48
1269.63 0 3 2 2 0 1 3 3 6 48
1271.77 0 4 2 2 0 1 4 3 5 48
1273.03 0 4 2 2 1 2 3 3 5 48
1275.17 0 3 2 2 1 2 2 3 6 48
1275.6 0 3 2 2 0 1 3 3 6 48
1279.71 0 4 2 2 0 1 4 3 5 48
1283.76 0 3 2 2 0 1 3 3 6 48
1288.73 0 4 2 2 0 1 4 3 5 48
1289.08 0 3 2 2 0 1 3 3 6 48
1293.04 0 4 2 2 0 1 4 3 5 48
1294.02 0 4 1 1 0 2 4 3 5 48
1294.48 0 5 1 1 0 2 5 3 4 48
1294.58 0 6 1 1 0 2 6 3 3 48
1294.63 0 5 1 1 0 2 5 3 4 48
1296.48 0 4 1 1 0 2 4 3 5 48
1298.44 0 3 1 1 0 2 3 3 6 48
1299.63 0 4 1 1 1 2 3 2 6 48
1304.88 0 3 1 1 1 2 2 2 7 48
1307.17 0 4 1 1 1 2 3 2 6 48
1309.25 0 3 1 1 1 2 2 2 7 48
1310.65 0 4 1 1 1 2 3 2 6 48
1311.07 0 5 1 1 1 2 4 2 5 48
1311.46 0 5 1 1 1 3 4 3 5 47
1312.99 0 6 1 1 1 3 5 3 4 47
1315.29 0 6 2 2 1 2 5 3 4 47
1317.07 0 7 2 2 2 2 5 2 4 47
1317.52 0 6 2 2 2 2 4 2 5 47
1317.86 0 7 2 2 2 2 5 2 4 47
1322.88 0 8 2 2 2 2 6 2 3 47
1323.03 0 7 2 2 2 2 5 2 4 47
1326.4 0 6 2 2 2 2 4 2 5 47
1326.9 0 7 2 2 2 2 5 2 4 47
1328.94 0 8 2 2 2 2 6 2 3 47
1328.96 0 7 2 2 1 2 6 3 3 47
1330.69 0 6 2 2 1 2 5 3 4 47
1330.93 0 7 2 2 1 2 6 3 3 47
1336.78 1 8 2 2 0 2 6 3 3 47
1337.4 1 9 2 2 0 2 7 3 2 47
1337.89 1 9 1 1 0 3 7 3 2 47
1338.65 1 10 1 1 1 3 7 2 2 47
1338.92 1 11 1 1 1 3 8 2 1 47
1339.03 1 10 1 1 1 3 7 2 2 47
1341.37 1 9 1 1 0 3 7 3 2 47
1343.32 1 8 1 1 0 3 6 3 3 47
1344.31 1 7 1 1 0 3 5 3 4 47
1345.05 1 7 1 1 0 2 5 2 4 48
1346.44 1 6 1 1 0 2 4 2 5 48
1348.52 1 7 1 1 0 2 5 2 4 48
1351.19 1 6 1 1 0 2 4 2 5 48
1353.2 1 6 1 1 1 3 3 2 5 48
1353.72 1 5 1 1 1 3 2 2 6 48
1355.26 1 6 1 1 1 3 3 2 5 48
1355.35 1 5 1 1 1 3 2 2 6 48
1356.26 1 6 1 1 1 3 3 2 5 48
1358.92 1 5 1 1 1 3 2 2 6 48
1359.95 0 4 1 1 2 3 2 2 6 48
1363.93 0 4 2 2 2 2 2 2 6 48
1365.16 0 3 2 2 1 2 2 3 6 48
1368.63 0 4 2 2 1 2 3 3 5 48
1370.52 0 5 2 2 1 2 4 3 4 48
1370.71 0 5 2 2 0 1 5 3 4 48
1373.03 0 4 2 2 0 1 4 3 5 48
1374.97 0 5 2 2 0 1 5 3 4 48
1379.93 0 6 2 2 0 1 6 3 3 48
1384.73 0 5 2 2 0 1 5 3 4 48
1387.71 0 6 2 2 0 1 6 3 3 48
1388.3 0 7 2 2 0 1 7 3 2 48
1389.1 0 6 2 2 0 1 6 3 3 48
1389.35 0 5 2 2 0 1 5 3 4 48
1391.78 0 4 2 2 0 1 4 3 5 48
1393.56 0 5 2 2 1 1 4 2 5 48
1397.53 0 6 2 2 1 1 5 2 4 48
1399.03 0 7 2 2 1 1 6 2 3 48
1399.2 0 7 2 2 1 0 6 1 3 49
1400.47 0 6 2 2 1 0 5 1 4 49
1402.21 0 5 2 2 1 0 4 1 5 49
1404.3 0 6 2 2 1 0 5 1 4 49
1404.77 0 7 2 2 1 0 6 1 3 49
1405.89 0 8 2 2 1 0 7 1 2 49
1406.75 0 7 2 2 1 0 6 1 3 49
1408.35 0 8 2 2 1 0 7 1 2 49
1409.46 0 7 2 2 1 0 6 1 3 49
1410.35 0 6 2 2 1 0 5 1 4 49
1410.62 0 5 2 2 1 0 4 1 5 49
1412.58 0 4 2 2 1 0 3 1 6 49
1413.75 0 5 2 2 1 0 4 1 5 49
1417.65 0 6 2 2 1 0 5 1 4 49
1418.83 0 6 2 2 2 1 4 1 4 49
1420.13 0 5 2 2 1 1 4 2 4 49
1422.58 0 5 1 1 1 2 4 2 4 49
1423.05 0 6 1 1 1 2 5 2 3 49
1424.76 0 5 1 1 1 2 4 2 4 49
1425.95 0 4 1 1 1 2 3 2 5 49
1431.39 0 3 1 1 1 2 2 2 6 49
1436.32 0 4 1 1 1 2 3 2 5 49
1436.91 0 5 1 1 1 2 4 2 4 49
1438.21 0 4 1 1 1 2 3 2 5 49
1438.93 0 3 1 1 1 2 2 2 6 49
1441.07 0 4 1 1 1 2 3 2 5 49
1441.99 0 5 1 1 1 2 4 2 4 49
1442.33 0 4 1 1 1 2 3 2 5 49
1442.83 0 3 1 1 1 2 2 2 6 49
1448.38 0 3 1 1 2 3 1 2 6 49
1449.15 0 4 1 1 2 3 2 2 5 49
1449.45 0 4 1 1 1 2 3 2 5 49
1450.51 0 5 1 1 1 2 4 2 4 49
1450.88 0 4 1 1 1 2 3 2 5 49
1451.09 1 5 1 1 0 2 3 2 5 49
1453.9 0 4 1 1 1 2 3 2 5 49
1455.22 0 4 2 2 1 1 3 2 5 49
1456.01 0 3 2 2 0 1 3 3 5 49
1464.66 0 3 2 2 0 0 3 2 5 50
1465.99 0 4 2 2 0 0 4 2 4 50
1468.23 0 3 2 2 0 0 3 2 5 50
1471.02 0 2 2 2 0 0 2 2 6 50
1471.02 0 3 2 2 0 0 3 2 5 50
1473.31 0 4 2 2 0 0 4 2 4 50
1476.54 0 5 2 2 0 0 5 2 3 50
1480.95 0 5 1 1 0 1 5 2 3 50
1484.67 0 4 1 1 0 1 4 2 4 50
1490.98 0 5 1 1 0 1 5 2 3 50
1491.72 0 5 1 1 0 2 5 3 3 49
1503.48 0 6 1 1 0 2 6 3 2 49
1505.32 0 5 1 1 0 2 5 3 3 49
1506.14 0 4 1 1 0 2 4 3 4 49
1506.71 0 4 1 1 0 1 4 2 4 50
1509.57 0 5 1 1 0 1 5 2 3 50
1510.35 0 4 1 1 0 1 4 2 4 50
1511.6 0 3 1 1 0 1 3 2 5 50
1517.16 0 2 1 1 0 1 2 2 6 50
1520.09 0 2 2 2 0 0 2 2 6 50
1523.22 0 3 2 2 1 0 2 1 6 50
1538.07 0 4 2 2 1 0 3 1 5 50
1539.7 0 3 2 2 1 0 2 1 6 50
1540.27 0 4 2 2 1 0 3 1 5 50
1543.73 0 5 2 2 2 0 3 0 5 50
1544.42 0 5 1 1 2 1 3 0 5 50
1544.55 0 6 1 1 2 1 4 0 4 50
1545.17 0 5 1 1 2 1 3 0 5 50
1550.94 1 6 1 1 1 1 3 0 5 50
1553.05 1 7 1 1 1 1 4 0 4 50
1553.21 1 8 1 1 1 1 5 0 3 50
1553.69 1 7 1 1 0 1 5 1 3 50
1553.99 1 6 1 1 0 1 4 1 4 50
1554.18 0 5 1 1 1 1 4 1 4 50
1555.79 0 4 1 1 1 1 3 1 5 50
1559.68 0 5 1 1 1 1 4 1 4 50
1562.92 0 4 1 1 1 1 3 1 5 50
1563.93 0 5 1 1 1 1 4 1 4 50
1565.85 1 6 1 1 0 1 4 1 4 50
1566.82 1 7 1 1 0 1 5 1 3 50
1568.36 1 6 1 1 0 1 4 1 4 50
1568.83 1 5 1 1 0 1 3 1 5 50
1573.64 1 6 1 1 0 1 4 1 4 50
1574.15 1 5 1 1 0 1 3 1 5 50
1583 1 4 1 1 0 1 2 1 6 50
1588.5 1 5 1 1 1 1 2 0 6 50
1601.02 1 6 1 1 1 1 3 0 5 50
1602.05 1 7 1 1 1 1 4 0 4 50
1604.15 1 6 1 1 0 1 4 1 4 50
1604.3 1 7 1 1 0 1 5 1 3 50
1604.5 1 6 1 1 0 1 4 1 4 50
1604.96 1 5 1 1 0 1 3 1 5 50
1607.16 1 6 1 1 0 1 4 1 4 50
1614.93 1 7 1 1 0 1 5 1 3 50
1621.24 1 7 1 1 1 2 4 1 3 50
1621.97 1 6 1 1 1 2 3 1 4 50
1626.49 1 5 1 1 0 2 3 2 4 50
1626.56 1 4 1 1 0 2 2 2 5 50
1633.44 1 5 1 1 0 2 3 2 4 50
1634.95 1 4 1 1 0 2 2 2 5 50
1634.96 1 5 1 1 0 2 3 2 4 50
1641.26 0 4 1 1 1 2 3 2 4 50
1642.41 0 5 1 1 1 2 4 2 3 50
1642.73 0 5 0 0 1 3 4 2 3 50
1645.58 0 6 0 0 1 3 5 2 2 50
1645.81 0 5 0 0 1 3 4 2 3 50
1656 0 6 0 0 1 3 5 2 2 50
1657.89 0 5 0 0 1 3 4 2 3 50
1661.16 0 4 0 0 0 3 4 3 3 50
1663.78 0 3 0 0 0 3 3 3 4 50
1669.15 0 2 0 0 0 3 2 3 5 50
1669.67 0 2 1 1 0 2 2 3 5 50
1671.3 0 3 1 1 0 2 3 3 4 50
1672.89 0 4 1 1 0 2 4 3 3 50
1674.38 0 3 1 1 0 2 3 3 4 50
1674.94 0 4 1 1 0 2 4 3 3 50
1675.2 0 5 1 1 1 2 4 2 3 50
1676.46 1 6 1 1 0 2 4 2 3 50
1677.41 1 5 1 1 0 2 3 2 4 50
1678.89 1 6 1 1 1 2 3 1 4 50
1681.58 1 5 1 1 0 2 3 2 4 50
1686.16 1 4 1 1 0 2 2 2 5 50
1690.89 1 5 1 1 0 2 3 2 4 50
1691.56 1 5 1 1 0 1 3 1 4 51
1701.14 1 4 1 1 0 1 2 1 5 51
1702.08 1 3 1 1 0 1 1 1 6 51
1706.83 1 4 1 1 0 1 2 1 5 51
1709.09 1 5 1 1 0 1 3 1 4 51
1711.72 1 5 0 0 0 2 3 1 4 51
1713.39 0 4 0 0 1 2 3 1 4 51
1716.98 0 4 0 0 1 1 3 0 4 52
1718.55 0 3 0 0 1 1 2 0 5 52
1722.35 0 2 0 0 0 1 2 1 5 52
1723.38 0 1 0 0 0 1 1 1 6 52
1724.78 0 2 0 0 0 1 2 1 5 52
1762.58 0 1 0 0 0 1 1 1 6 52
1763.3 0 2 0 0 0 1 2 1 5 52
1767.96 0 1 0 0 0 1 1 1 6 52
1769.01 0 2 0 0 0 1 2 1 5 52
1772.03 0 3 0 0 0 1 3 1 4 52
1777.15 0 2 0 0 0 1 2 1 5 52
1792.44 0 3 0 0 0 1 3 1 4 52
1793.13 0 4 0 0 0 1 4 1 3 52
1796.47 0 3 0 0 0 1 3 1 4 52
1798.23 0 3 0 0 0 2 3 2 4 51
1802.57 0 4 0 0 1 2 3 1 4 51
1805.35 0 5 0 0 1 2 4 1 3 51
1810.12 0 6 0 0 1 2 5 1 2 51
1814.54 0 7 0 0 1 2 6 1 1 51
1815.07 0 7 0 0 2 3 5 1 1 51
1817.2 1 8 0 0 1 3 5 1 1 51
1817.41 1 7 0 0 1 3 4 1 2 51
1817.51 1 6 0 0 1 3 3 1 3 51
1821.26 1 7 0 0 1 3 4 1 2 51
1823.48 1 7 0 0 1 2 4 0 2 52
1824.84 1 6 0 0 0 2 4 1 2 52
1825 1 5 0 0 0 2 3 1 3 52
1830.58 1 6 0 0 0 2 4 1 2 52
1836.72 1 5 0 0 0 2 3 1 3 52
1845.94 1 6 0 0 0 2 4 1 2 52
1847.5 1 5 0 0 0 2 3 1 3 52
1848.55 1 6 0 0 1 2 3 0 3 52
1851.9 1 7 0 0 1 2 4 0 2 52
1852.65 1 6 0 0 1 2 3 0 3 52
1853.08 1 5 0 0 1 2 2 0 4 52
1856.6 1 4 0 0 1 2 1 0 5 52
1860.94 1 3 0 0 1 2 0 0 6 52
1864.68 2 4 0 0 0 2 0 0 6 52
1867.78 2 5 0 0 0 2 1 0 5 52
1867.94 2 6 0 0 0 2 2 0 4 52
1872.24 2 5 0 0 0 2 1 0 5 52
1875.3 1 4 0 0 1 2 1 0 5 52
1883.18 1 5 0 0 1 2 2 0 4 52
1883.28 1 4 0 0 1 2 1 0 5 52
1888.88 0 3 0 0 2 2 1 0 5 52
1888.95 0 4 0 0 2 2 2 0 4 52
1891.79 0 5 0 0 2 2 3 0 3 52
1892.62 0 5 1 1 2 1 3 0 3 52
1894.05 0 4 1 1 1 1 3 1 3 52
1901.95 0 4 1 1 1 0 3 0 3 53
1902.15 0 3 1 1 0 0 3 1 3 53
1904.48 0 2 1 1 0 0 2 1 4 53
1907.08 0 3 1 1 1 0 2 0 4 53
1910.62 0 3 0 0 1 1 2 0 4 53
1913.5 0 3 1 1 1 0 2 0 4 53
1914.5 0 4 1 1 1 0 3 0 3 53
1914.94 0 3 1 1 1 0 2 0 4 53
1915.35 0 3 1 1 1 1 2 1 4 52
1916.34 0 4 1 1 1 1 3 1 3 52
1922.12 0 5 1 1 2 1 3 0 3 52
1922.4 0 4 1 1 2 1 2 0 4 52
1923.47 0 3 1 1 1 1 2 1 4 52
1923.98 0 4 1 1 1 1 3 1 3 52
1924.13 1 5 1 1 0 1 3 1 3 52
1924.47 0 4 1 1 1 1 3 1 3 52
1924.73 0 5 1 1 1 1 4 1 2 52
1927.07 0 4 1 1 0 1 4 2 2 52
1937.64 0 3 1 1 0 1 3 2 3 52
1940.49 0 4 1 1 0 1 4 2 2 52
1949.52 0 4 0 0 0 2 4 2 2 52
1949.96 0 5 0 0 0 2 5 2 1 52
1950.92 0 5 0 0 1 3 4 2 1 52
1958.09 0 5 0 0 1 2 4 1 1 53
1958.97 0 6 0 0 1 2 5 1 0 53
1960.77 0 7 0 0 2 2 5 0 0 53
1961.28 0 6 0 0 2 2 4 0 1 53
1966.74 0 5 0 0 2 2 3 0 2 53
1967.7 0 5 0 0 2 3 3 1 2 52
1967.84 1 6 0 0 1 3 3 1 2 52
1969.77 1 7 0 0 1 3 4 1 1 52
1970.44 1 6 0 0 1 3 3 1 2 52
1971.34 1 5 0 0 1 3 2 1 3 52
1971.47 1 6 0 0 1 3 3 1 2 52
1974.68 1 5 0 0 1 3 2 1 3 52
1978.41 1 4 0 0 0 3 2 2 3 52
1980.93 1 3 0 0 0 3 1 2 4 52
1985.64 1 3 0 0 0 2 1 1 4 53
1985.9 1 4 0 0 0 2 2 1 3 53
1986.43 1 5 0 0 0 2 3 1 2 53
1992.43 1 4 0 0 0 2 2 1 3 53
1994.14 1 4 0 0 0 3 2 2 3 52
1994.74 1 5 0 0 0 3 3 2 2 52
1996.99 1 5 0 0 0 2 3 1 2 53
1997.91 1 4 0 0 0 2 2 1 3 53
2003.72 1 3 0 0 0 2 1 1 4 53
2009.26 1 3 0 0 0 3 1 2 4 52
2010.85 1 3 0 0 0 4 1 3 4 51
2015.68 1 4 0 0 0 4 2 3 3 51
2016.47 1 4 0 0 0 3 2 2 3 52
2025.72 0 3 0 0 1 3 2 2 3 52
2026.18 0 3 1 1 1 2 2 2 3 52
2032.06 0 2 1 1 1 2 1 2 4 52
2032.98 0 1 1 1 0 2 1 3 4 52
2035.83 0 2 1 1 0 2 2 3 3 52
2036.54 0 3 1 1 0 2 3 3 2 52
2047.72 0 3 2 2 0 1 3 3 2 52
2049.33 0 4 2 2 1 1 3 2 2 52
2053.57 0 3 2 2 1 1 2 2 3 52
2056.35 0 3 1 1 1 2 2 2 3 52
2058.14 0 4 1 1 1 2 3 2 2 52
2061.98 0 5 1 1 1 2 4 2 1 52
2063.04 0 6 1 1 2 2 4 1 1 52
2063.35 0 7 1 1 2 2 5 1 0 52
2064.54 0 6 1 1 1 2 5 2 0 52
2067.04 0 5 1 1 0 2 5 3 0 52
2068.35 0 4 1 1 0 2 4 3 1 52
2074.67 0 5 1 1 0 2 5 3 0 52
2077.74 0 6 1 1 1 2 5 2 0 52
2077.74 0 6 1 1 2 3 4 2 0 52
2078.82 1 7 1 1 1 3 4 2 0 52
2080.02 1 6 1 1 0 3 4 3 0 52
2082.89 1 5 1 1 0 3 3 3 1 52
2084.54 1 5 1 1 0 2 3 2 1 53
2087.64 0 4 1 1 1 2 3 2 1 53
2088.97 0 4 1 1 0 1 4 2 1 53
2090.16 0 4 0 0 0 2 4 2 1 53
2090.47 0 3 0 0 0 2 3 2 2 53
2090.57 0 4 0 0 0 2 4 2 1 53
2094.8 0 4 0 0 0 1 4 1 1 54
2098.9 0 4 0 0 1 2 3 1 1 54
2106.33 0 3 0 0 1 2 2 1 2 54
2106.35 0 3 0 0 1 1 2 0 2 55
2106.47 0 2 0 0 0 1 2 1 2 55
2114.97 0 2 0 0 0 2 2 2 2 54
2122.36 0 3 0 0 1 2 2 1 2 54
2123.28 0 4 0 0 1 2 3 1 1 54
2125.32 0 3 0 0 1 2 2 1 2 54
2135.22 0 2 0 0 1 2 1 1 3 54
2136.29 0 3 0 0 1 2 2 1 2 54
2142.59 1 4 0 0 0 2 2 1 2 54
2145.11 0 3 0 0 1 2 2 1 2 54
2148.18 0 3 1 1 1 1 2 1 2 54
2151.67 1 4 1 1 0 1 2 1 2 54
2157.23 1 5 1 1 0 1 3 1 1 54
2171.78 1 5 1 1 1 2 2 1 1 54
2173.62 1 5 1 1 0 1 3 1 1 54
2174.13 1 4 1 1 0 1 2 1 2 54
2176.98 1 5 1 1 0 1 3 1 1 54
2177.01 1 6 1 1 0 1 4 1 0 54
2177.62 1 5 1 1 0 1 3 1 1 54
2178.5 1 4 1 1 0 1 2 1 2 54
2188.75 1 3 1 1 0 1 1 1 3 54
2189.77 1 2 1 1 0 1 0 1 4 54
2192.18 1 3 1 1 0 1 1 1 3 54
2193.39 1 4 1 1 0 1 2 1 2 54
2203.67 1 3 1 1 0 1 1 1 3 54
2204.1 1 4 1 1 0 1 2 1 2 54
2204.58 1 3 1 1 0 1 1 1 3 54
2215.25 1 2 1 1 0 1 0 1 4 54
2222.05 1 2 2 2 0 0 0 1 4 54
2246.77 1 3 2 2 0 0 1 1 3 54
2251.79 1 4 2 2 0 0 2 1 2 54
2255.13 1 5 2 2 1 0 2 0 2 54
2256.12 1 4 2 2 1 0 1 0 3 54
2256.92 1 5 2 2 1 0 2 0 2 54
2257.9 2 6 2 2 0 0 2 0 2 54
2262.47 2 7 2 2 0 0 3 0 1 54
2270.06 1 6 2 2 1 0 3 0 1 54
2276.32 1 5 2 2 0 0 3 1 1 54
2277.68 1 6 2 2 1 0 3 0 1 54
2279.25 1 6 2 2 2 1 2 0 1 54
2282.5 1 5 2 2 1 1 2 1 1 54
2285.13 1 5 1 1 1 2 2 1 1 54
2285.31 1 5 1 1 1 1 2 0 1 55
2288.58 1 4 1 1 1 1 1 0 2 55
2289.67 1 3 1 1 0 1 1 1 2 55
2303.1 1 3 0 0 0 2 1 1 2 55
2309.16 1 4 0 0 0 2 2 1 1 55
2320.94 0 3 0 0 1 2 2 1 1 55
2332.4 0 4 0 0 2 2 2 0 1 55
2333.64 0 5 0 0 2 2 3 0 0 55
2335.57 0 5 0 0 1 1 4 0 0 55
2336.61 0 4 0 0 0 1 4 1 0 55
2349.76 0 5 0 0 1 1 4 0 0 55
2353.85 1 6 0 0 0 1 4 0 0 55
2354.44 1 6 0 0 0 2 4 1 0 54
2355.75 1 5 0 0 0 2 3 1 1 54
2358.42 1 4 0 0 0 2 2 1 2 54
2362.5 1 4 0 0 0 1 2 0 2 55
2363.65 1 5 0 0 0 1 3 0 1 55
2365.27 1 4 0 0 0 1 2 0 2 55
2370.77 1 5 0 0 0 1 3 0 1 55
2371.84 1 5 0 0 1 2 2 0 1 55
2375.02 1 6 0 0 1 2 3 0 0 55
2375.42 1 5 0 0 1 2 2 0 1 55
2375.96 1 4 0 0 0 2 2 1 1 55
2380.08 1 3 0 0 0 2 1 1 2 55
2382.65 1 2 0 0 0 2 0 1 3 55
2394.78 1 3 0 0 0 2 1 1 2 55
2404.98 1 4 0 0 0 2 2 1 1 55
2407.74 0 3 0 0 1 2 2 1 1 55
2411.3 0 2 0 0 1 2 1 1 2 55
2419.24 0 2 0 0 0 1 2 1 2 55
2424.51 0 3 0 0 0 1 3 1 1 55
2428.94 0 2 0 0 0 1 2 1 2 55
2433.08 0 2 0 0 0 0 2 0 2 56
2433.77 0 2 0 0 0 1 2 1 2 55
2451.53 0 3 0 0 0 1 3 1 1 55
2453.98 0 3 1 1 0 0 3 1 1 55
2457.11 0 3 1 1 1 1 2 1 1 55
2468.12 1 4 1 1 0 1 2 1 1 55
2476.51 1 4 2 2 0 0 2 1 1 55
2504.17 1 5 2 2 1 0 2 0 1 55
2504.56 0 4 2 2 2 0 2 0 1 55
2506.28 0 4 1 1 2 1 2 0 1 55
2508.04 0 3 1 1 2 1 1 0 2 55
2517.03 0 2 1 1 2 1 0 0 3 55
2519.6 1 3 1 1 1 1 0 0 3 55
2526.98 0 2 1 1 2 1 0 0 3 55
2539.63 0 3 1 1 2 1 1 0 2 55
2544.14 0 4 1 1 2 1 2 0 1 55
2559.77 0 3 1 1 2 1 1 0 2 55
2562.26 0 2 1 1 2 1 0 0 3 55
2576.86 1 3 1 1 1 1 0 0 3 55
2578.88 1 4 1 1 1 1 1 0 2 55
2579.35 1 5 1 1 1 1 2 0 1 55
2585.41 0 4 1 1 2 1 2 0 1 55
2588.67 0 3 1 1 2 1 1 0 2 55
2602.61 0 2 1 1 1 1 1 1 2 55
2608.19 0 3 1 1 1 1 2 1 1 55
2612.31 0 2 1 1 1 1 1 1 2 55
2632.79 0 3 1 1 1 1 2 1 1 55
2640.33 0 3 2 2 1 0 2 1 1 55
2656.1 0 2 2 2 0 0 2 2 1 55
2658.58 0 2 1 1 0 1 2 2 1 55
2667.74 0 1 1 1 0 1 1 2 2 55
2669.35 0 2 1 1 0 1 2 2 1 55
2675.48 0 2 2 2 0 0 2 2 1 55
2681.54 0 2 2 2 1 1 1 2 1 55
2683.5 0 2 1 1 1 2 1 2 1 55
2691.9 0 2 2 2 1 1 1 2 1 55
2691.94 1 3 2 2 0 1 1 2 1 55
2693.46 1 3 2 2 0 0 1 1 1 56
2695.88 1 4 2 2 0 0 2 1 0 56
2696.85 0 3 2 2 1 0 2 1 0 56
2700.81 0 2 2 2 1 0 1 1 1 56
2712.4 0 3 2 2 1 0 2 1 0 56
2737.56 0 2 2 2 1 0 1 1 1 56
2747.99 0 2 1 1 1 1 1 1 1 56
2773.34 0 2 1 1 1 2 1 2 1 55
2781.13 0 2 1 1 1 1 1 1 1 56
2797.16 0 2 1 1 0 0 2 1 1 56
2800.96 0 3 1 1 0 0 3 1 0 56
2808.31 0 2 1 1 0 0 2 1 1 56
2832.07 0 1 1 1 0 0 1 1 2 56
2843.33 0 2 1 1 0 0 2 1 1 56
2845.38 0 1 1 1 0 0 1 1 2 56
2847.38 0 2 1 1 0 0 2 1 1 56
2849.89 0 3 1 1 0 0 3 1 0 56
2857.66 0 2 1 1 0 0 2 1 1 56
2861.56 0 2 0 0 0 1 2 1 1 56
2894.83 0 3 0 0 1 1 2 0 1 56
2897.72 0 2 0 0 1 1 1 0 2 56
2903.98 0 3 0 0 1 1 2 0 1 56
2916.28 0 2 0 0 0 1 2 1 1 56
2917.18 0 2 1 1 0 0 2 1 1 56
2919.36 0 2 0 0 0 1 2 1 1 56
2926.37 0 3 0 0 0 1 3 1 0 56
2930.62 0 3 0 0 0 2 3 2 0 55
2933.2 0 3 1 1 0 1 3 2 0 55
2947.06 0 3 1 1 0 2 3 3 0 54
2961.62 0 3 1 1 0 3 3 4 0 53
2966.42 0 4 1 1 1 3 3 3 0 53
2968.2 0 3 1 1 1 3 2 3 1 53
2971.19 0 3 1 1 0 2 3 3 1 53
2972.45 0 2 1 1 0 2 2 3 2 53
2984.45 0 3 1 1 0 2 3 3 1 53
2998.66 0 4 1 1 0 2 4 3 0 53
2999.28 0 3 1 1 0 2 3 3 1 53
2999.28 0 3 1 1 0 2 3 3 1 53
