0 60 120 60 60 0 0 0 0 0 0
0.00456053 59 119 60 60 1 0 0 0 0 0
0.0103031 59 119 59 59 1 1 0 0 0 0
0.0129185 58 118 59 59 2 1 0 0 0 0
0.015277 58 118 58 58 2 2 0 0 0 0
0.0168088 58 118 57 57 2 3 0 0 0 0
0.042802 57 117 57 57 3 3 0 0 0 0
0.0588997 57 117 56 56 3 4 0 0 0 0
0.0615155 57 117 55 55 3 5 0 0 0 0
0.0891228 57 117 54 54 3 6 0 0 0 0
0.109983 57 117 53 53 3 7 0 0 0 0
0.116866 56 116 53 53 4 7 0 0 0 0
0.125392 55 115 53 53 5 7 0 0 0 0
0.129185 55 115 52 52 5 8 0 0 0 0
0.141929 54 114 52 52 6 8 0 0 0 0
0.151474 53 113 52 52 7 8 0 0 0 0
0.169569 52 112 52 52 8 8 0 0 0 0
0.172661 52 111 52 52 7 8 0 1 0 0
0.206558 51 110 52 52 8 8 0 1 0 0
0.259102 51 109 52 52 7 8 0 2 0 0
0.269059 51 109 52 52 6 7 1 2 0 0
0.272278 51 109 51 51 6 8 1 2 0 0
0.290604 50 108 51 51 7 8 1 2 0 0
0.297869 49 107 51 51 8 8 1 2 0 0
0.298481 49 107 50 50 8 9 1 2 0 0
0.301567 48 106 50 50 9 9 1 2 0 0
0.308777 47 105 50 50 10 9 1 2 0 0
0.316877 46 104 50 50 11 9 1 2 0 0
0.329053 45 103 50 50 12 9 1 2 0 0
0.331383 45 102 50 50 11 9 1 3 0 0
0.339829 44 101 50 50 12 9 1 3 0 0
0.358282 44 100 50 50 11 9 1 4 0 0
0.3672 43 99 50 50 12 9 1 4 0 0
0.370915 43 99 49 49 12 10 1 4 0 0
0.375637 43 99 48 48 12 11 1 4 0 0
0.383833 42 98 48 48 13 11 1 4 0 0
0.388828 41 97 48 48 14 11 1 4 0 0
0.39005 40 96 48 48 15 11 1 4 0 0
0.401045 40 96 47 47 15 12 1 4 0 0
0.432041 39 95 47 47 16 12 1 4 0 0
0.453026 40 96 47 47 15 12 1 4 0 0
0.459967 40 95 47 47 14 12 1 5 0 0
0.475429 39 94 47 47 15 12 1 5 0 0
0.514257 39 93 47 47 14 12 1 6 0 0
0.522511 39 93 47 47 14 11 1 5 0 1
0.527442 38 92 47 47 15 11 1 5 0 1
0.546505 37 91 47 47 16 11 1 5 0 1
0.586581 37 90 47 47 15 11 1 6 0 1
0.614968 37 89 47 47 14 11 1 7 0 1
0.623757 37 89 47 47 14 10 1 6 0 2
0.629296 36 88 47 47 15 10 1 6 0 2
0.655787 36 88 46 46 15 11 1 6 0 2
0.663204 35 87 46 46 16 11 1 6 0 2
0.675056 34 86 46 46 17 11 1 6 0 2
0.680852 34 86 45 45 17 12 1 6 0 2
0.68748 33 85 45 45 18 12 1 6 0 2
0.694042 32 84 45 45 19 12 1 6 0 2
0.798639 31 83 45 45 20 12 1 6 0 2
0.806769 30 82 45 45 21 12 1 6 0 2
0.870973 29 81 45 45 22 12 1 6 0 2
0.918077 29 80 45 45 21 12 1 7 0 2
0.930705 29 80 44 44 21 13 1 7 0 2
0.932746 29 80 43 43 21 14 1 7 0 2
0.951783 28 79 43 43 22 14 1 7 0 2
0.963054 27 78 43 43 23 14 1 7 0 2
1.00917 27 78 42 42 23 15 1 7 0 2
1.03473 27 78 41 41 23 16 1 7 0 2
1.03804 26 77 41 41 24 16 1 7 0 2
1.05024 26 77 40 40 24 17 1 7 0 2
1.0831 25 76 40 40 25 17 1 7 0 2
1.12689 25 76 40 40 25 16 1 6 0 3
1.14824 25 75 40 40 24 16 1 7 0 3
1.17212 25 75 39 39 24 17 1 7 0 3
1.2506 24 74 39 39 25 17 1 7 0 3
1.26577 23 73 39 39 26 17 1 7 0 3
1.2901 23 73 39 39 25 16 2 7 0 3
1.29257 23 72 39 39 24 16 2 8 0 3
1.34564 23 71 39 39 23 16 2 9 0 3
1.35821 23 71 38 38 23 17 2 9 0 3
1.35932 22 70 38 38 24 17 2 9 0 3
1.37221 21 69 38 38 25 17 2 9 0 3
1.38664 21 68 38 38 24 17 2 10 0 3
1.40643 21 68 37 37 24 18 2 10 0 3
1.40766 20 67 37 37 25 18 2 10 0 3
1.41151 19 66 37 37 26 18 2 10 0 3
1.43586 18 65 37 37 27 18 2 10 0 3
1.48513 18 64 37 37 26 18 2 11 0 3
1.48783 18 64 37 37 25 17 3 11 0 3
1.52943 18 64 37 37 25 16 3 10 0 4
1.54446 18 63 37 37 24 16 3 11 0 4
1.64122 18 63 37 37 24 15 3 10 0 5
1.66691 18 62 37 37 23 15 3 11 0 5
1.66997 18 62 36 36 23 16 3 11 0 5
1.67841 18 62 35 35 23 17 3 11 0 5
1.75106 18 61 35 35 22 17 3 12 0 5
1.76059 18 60 35 35 21 17 3 13 0 5
1.76756 18 60 34 34 21 18 3 13 0 5
1.78173 18 60 33 33 21 19 3 13 0 5
1.79046 18 60 33 33 20 18 4 13 0 5
1.82452 18 59 33 33 20 18 3 13 1 5
1.8319 18 58 33 33 19 18 3 14 1 5
1.84633 18 58 33 33 19 17 3 13 1 6
1.86458 18 58 33 33 18 16 4 13 1 6
1.88798 18 57 33 33 17 16 4 14 1 6
1.91187 17 56 33 33 18 16 4 14 1 6
1.93034 17 56 33 33 17 15 5 14 1 6
2.02185 16 55 33 33 18 15 5 14 1 6
2.04771 16 55 34 34 18 14 5 14 1 6
2.06808 16 55 33 33 18 15 5 14 1 6
2.09328 16 54 33 33 18 15 4 14 2 6
2.09399 16 54 32 32 18 16 4 14 2 6
2.13103 16 53 32 32 17 16 4 15 2 6
2.15312 15 52 32 32 18 16 4 15 2 6
2.25568 15 52 31 31 18 17 4 15 2 6
2.2738 15 52 30 30 18 18 4 15 2 6
2.2747 15 52 29 29 18 19 4 15 2 6
2.3382 15 51 29 29 18 19 3 15 3 6
2.37466 15 50 29 29 17 19 3 16 3 6
2.44174 15 50 29 29 17 18 3 15 3 7
2.46119 15 49 29 29 16 18 3 16 3 7
2.59095 15 49 28 28 16 19 3 16 3 7
2.64705 14 48 28 28 17 19 3 16 3 7
2.7055 14 47 28 28 16 19 3 17 3 7
2.80012 14 47 28 28 16 18 3 16 3 8
2.93887 14 46 28 28 15 18 3 17 3 8
2.96976 13 45 28 28 16 18 3 17 3 8
2.97525 13 45 28 28 16 17 3 16 3 9
2.9849 13 45 27 27 16 18 3 16 3 9
2.98757 13 45 27 27 16 17 3 15 3 10
2.99847 13 44 27 27 16 17 2 15 4 10
3.05549 13 43 27 27 15 17 2 16 4 10
3.24391 13 43 27 27 14 16 3 16 4 10
3.29068 13 43 26 26 14 17 3 16 4 10
3.34713 13 42 26 26 14 17 2 16 5 10
3.40061 12 41 26 26 15 17 2 16 5 10
3.45793 12 41 25 25 15 18 2 16 5 10
3.53828 12 40 25 25 14 18 2 17 5 10
3.56986 12 40 25 25 13 17 3 17 5 10
3.61838 12 39 25 25 12 17 3 18 5 10
3.6783 12 39 25 25 11 16 4 18 5 10
3.74279 12 39 25 25 11 15 4 17 5 11
3.78294 12 39 24 24 11 16 4 17 5 11
3.79552 12 39 23 23 11 17 4 17 5 11
3.81702 12 38 23 23 10 17 4 18 5 11
3.90767 12 38 23 23 9 16 5 18 5 11
3.97821 12 37 23 23 9 16 4 18 6 11
4.06004 12 37 22 22 9 17 4 18 6 11
4.19564 12 36 22 22 8 17 4 19 6 11
4.20848 12 36 22 22 7 16 5 19 6 11
4.28161 11 35 22 22 8 16 5 19 6 11
4.33221 11 34 22 22 7 16 5 20 6 11
4.3627 11 34 22 22 7 15 5 19 6 12
4.43556 11 34 21 21 7 16 5 19 6 12
4.53649 11 34 21 21 7 15 5 18 6 13
4.53811 11 33 21 21 6 15 5 19 6 13
4.62767 11 33 20 20 6 16 5 19 6 13
4.67523 11 33 20 20 6 15 5 18 6 14
4.72135 11 33 19 19 6 16 5 18 6 14
4.84631 11 33 18 18 6 17 5 18 6 14
5.00458 11 33 18 18 5 16 6 18 6 14
5.02023 11 32 18 18 5 16 5 18 7 14
5.2329 10 31 18 18 6 16 5 18 7 14
5.2408 10 31 17 17 6 17 5 18 7 14
5.25085 10 31 17 17 6 16 5 17 7 15
5.27703 10 31 16 16 6 17 5 17 7 15
5.27787 10 31 15 15 6 18 5 17 7 15
5.64971 10 30 15 15 5 18 5 18 7 15
5.9787 10 30 15 15 4 17 6 18 7 15
5.98642 10 30 14 14 4 18 6 18 7 15
6.12517 10 30 14 14 4 17 6 17 7 16
6.12568 10 29 14 14 3 17 6 18 7 16
6.28524 10 28 14 14 3 17 5 18 8 16
6.36521 10 28 14 14 3 16 5 17 8 17
6.3688 10 28 14 14 3 15 5 16 8 18
6.60416 9 27 14 14 4 15 5 16 8 18
6.77415 8 26 14 14 5 15 5 16 8 18
6.82519 8 26 13 13 5 16 5 16 8 18
7.06116 8 25 13 13 4 16 5 17 8 18
7.12272 7 24 13 13 5 16 5 17 8 18
7.2626 7 24 13 13 4 15 6 17 8 18
7.41258 7 24 13 13 3 14 7 17 8 18
7.46757 7 24 13 13 2 13 8 17 8 18
8.07816 7 24 13 13 2 12 8 16 8 19
8.11365 7 25 13 13 2 12 9 16 7 19
8.5415 6 24 13 13 3 12 9 16 7 19
8.56448 5 23 13 13 4 12 9 16 7 19
8.61891 4 22 13 13 5 12 9 16 7 19
8.69154 4 22 12 12 5 13 9 16 7 19
8.69828 4 21 12 12 4 13 9 17 7 19
8.70225 4 21 11 11 4 14 9 17 7 19
8.75076 4 21 11 11 3 13 10 17 7 19
9.10226 4 20 11 11 3 13 9 17 8 19
9.18539 4 20 11 11 2 12 10 17 8 19
9.96998 4 20 10 10 2 13 10 17 8 19
10.1594 4 19 10 10 2 13 9 17 9 19
10.2378 4 19 10 10 2 12 9 16 9 20
10.303 4 18 10 10 2 12 8 16 10 20
10.8556 4 18 10 10 2 11 8 15 10 21
11.4149 5 19 10 10 1 11 8 15 10 21
11.4966 4 18 10 10 2 11 8 15 10 21
11.5095 4 17 10 10 1 11 8 16 10 21
11.8908 4 17 10 10 1 10 8 15 10 22
11.9919 4 17 10 10 1 9 8 14 10 23
12.0306 4 17 10 10 1 8 8 13 10 24
12.2678 4 17 10 10 1 7 8 12 10 25
12.3544 4 17 9 9 1 8 8 12 10 25
13.0711 4 17 10 10 1 7 8 12 10 25
13.2292 4 17 10 10 1 6 8 11 10 26
13.793 4 16 10 10 1 6 7 11 11 26
13.8058 4 15 10 10 1 6 6 11 12 26
13.821 4 14 10 10 0 6 6 12 12 26
14.377 4 14 10 10 0 5 6 11 12 27
14.3878 4 14 9 9 0 6 6 11 12 27
14.7144 3 13 9 9 1 6 6 11 12 27
15.4512 2 12 9 9 2 6 6 11 12 27
16.0909 2 12 8 8 2 7 6 11 12 27
16.2558 2 11 8 8 2 7 5 11 13 27
16.3834 2 10 8 8 2 7 4 11 14 27
17.0781 2 10 8 8 2 6 4 10 14 28
17.1134 2 10 8 8 2 5 4 9 14 29
17.5287 2 10 8 8 2 4 4 8 14 30
17.672 2 9 8 8 1 4 4 9 14 30
18.0313 2 9 7 7 1 5 4 9 14 30
18.9142 3 10 7 7 0 5 4 9 14 30
18.9673 3 10 6 6 0 6 4 9 14 30
19.9697 3 11 6 6 0 6 5 9 13 30
20.0974 3 10 6 6 0 6 4 9 14 30
20.4415 3 11 6 6 0 6 5 9 13 30
20.6776 3 12 6 6 1 6 5 8 13 30
20.7844 3 13 6 6 1 6 6 8 12 30
22.1046 3 14 6 6 2 6 6 7 12 30
22.1678 3 14 6 6 2 5 6 6 12 31
22.6223 3 13 6 6 1 5 6 7 12 31
24.6523 3 12 6 6 1 5 5 7 13 31
25.5537 3 13 6 6 1 5 6 7 12 31
26.4482 3 12 6 6 0 5 6 8 12 31
26.7182 3 13 6 6 0 5 7 8 11 31
27.8522 2 12 6 6 1 5 7 8 11 31
28.5659 2 11 6 6 1 5 6 8 12 31
28.6984 2 11 5 5 1 6 6 8 12 31
29.1086 2 12 5 5 1 6 7 8 11 31
31.335 2 11 5 5 1 6 6 8 12 31
31.9599 2 11 5 5 1 5 6 7 12 32
34.9308 2 12 5 5 1 5 7 7 11 32
35.2971 2 13 5 5 1 5 8 7 10 32
35.4541 2 12 5 5 1 5 7 7 11 32
35.5736 2 12 5 5 1 4 7 6 11 33
36.3196 2 12 4 4 1 5 7 6 11 33
37.2854 2 11 4 4 1 5 6 6 12 33
37.4845 2 10 4 4 1 5 5 6 13 33
38.4656 2 11 4 4 1 5 6 6 12 33
38.4899 2 12 4 4 1 5 7 6 11 33
38.6178 1 11 4 4 2 5 7 6 11 33
38.6528 0 10 4 4 3 5 7 6 11 33
39.25 0 10 5 5 3 4 7 6 11 33
40.2379 0 11 5 5 3 4 8 6 10 33
40.4613 0 10 5 5 3 4 7 6 11 33
41.9571 0 11 5 5 4 4 7 5 11 33
42.1127 0 11 4 4 4 5 7 5 11 33
42.1514 0 10 4 4 4 5 6 5 12 33
42.2152 1 11 4 4 3 5 6 5 12 33
42.3292 2 12 4 4 2 5 6 5 12 33
43.1008 1 11 4 4 3 5 6 5 12 33
43.1855 1 10 4 4 3 5 5 5 13 33
43.7897 1 10 4 4 3 4 5 4 13 34
43.9358 1 10 4 4 3 3 5 3 13 35
44.464 1 11 4 4 3 3 6 3 12 35
45.018 1 10 4 4 3 3 5 3 13 35
45.1537 1 9 4 4 3 3 4 3 14 35
46.0345 1 8 4 4 3 3 3 3 15 35
47.9793 1 8 4 4 3 2 3 2 15 36
51.3756 1 9 4 4 3 2 4 2 14 36
51.6581 1 9 3 3 3 3 4 2 14 36
51.9019 1 8 3 3 2 3 4 3 14 36
53.3803 1 9 3 3 2 3 5 3 13 36
53.6587 1 9 2 2 2 4 5 3 13 36
54.559 1 9 2 2 2 3 5 2 13 37
54.7749 1 9 3 3 2 2 5 2 13 37
55.1875 1 10 3 3 2 2 6 2 12 37
58.1797 1 11 3 3 3 2 6 1 12 37
59.238 1 12 3 3 3 2 7 1 11 37
59.579 2 13 3 3 2 2 7 1 11 37
59.9163 1 12 3 3 3 2 7 1 11 37
59.9396 1 11 3 3 3 2 6 1 12 37
60.6241 1 10 3 3 3 2 5 1 13 37
61.0263 1 9 3 3 2 2 5 2 13 37
61.2493 1 10 3 3 2 2 6 2 12 37
62.4224 1 9 3 3 2 2 5 2 13 37
62.713 1 10 3 3 2 2 6 2 12 37
62.7737 1 11 3 3 2 2 7 2 11 37
63.1052 1 10 3 3 1 2 7 3 11 37
63.1195 1 11 3 3 1 2 8 3 10 37
64.4396 1 12 3 3 1 2 9 3 9 37
64.8451 1 13 3 3 1 2 10 3 8 37
65.4035 1 12 3 3 1 2 9 3 9 37
65.5683 1 11 3 3 1 2 8 3 10 37
66.2558 1 10 3 3 1 2 7 3 11 37
67.1612 1 11 3 3 2 2 7 2 11 37
67.836 1 10 3 3 2 2 6 2 12 37
68.5849 1 11 3 3 2 2 7 2 11 37
68.9985 1 12 3 3 3 2 7 1 11 37
69.9011 1 11 3 3 3 2 6 1 12 37
70.2645 1 10 3 3 2 2 6 2 12 37
70.4297 1 9 3 3 2 2 5 2 13 37
71.1269 1 10 3 3 2 2 6 2 12 37
72.3447 1 10 2 2 2 3 6 2 12 37
73.122 1 9 2 2 2 3 5 2 13 37
75.8058 2 10 2 2 1 3 5 2 13 37
75.84 2 10 3 3 1 2 5 2 13 37
76.7592 2 9 3 3 1 2 4 2 14 37
78.3957 1 8 3 3 2 2 4 2 14 37
78.4005 1 9 3 3 2 2 5 2 13 37
79.0078 1 8 3 3 2 2 4 2 14 37
79.5785 1 9 3 3 2 2 5 2 13 37
79.9978 1 10 3 3 2 2 6 2 12 37
80.3153 1 9 3 3 2 2 5 2 13 37
80.3884 1 10 3 3 2 2 6 2 12 37
80.906 1 9 3 3 1 2 6 3 12 37
81.7097 1 8 3 3 1 2 5 3 13 37
81.8811 1 9 3 3 1 2 6 3 12 37
84.2004 0 8 3 3 2 2 6 3 12 37
84.2665 0 7 3 3 1 2 6 4 12 37
85.666 0 8 3 3 2 2 6 3 12 37
85.6714 0 7 3 3 2 2 5 3 13 37
86.2263 0 6 3 3 2 2 4 3 14 37
86.8069 0 7 3 3 2 2 5 3 13 37
87.6014 0 8 3 3 2 2 6 3 12 37
88.7128 0 9 3 3 2 2 7 3 11 37
88.8081 0 10 3 3 2 2 8 3 10 37
88.9499 0 9 3 3 2 2 7 3 11 37
89.1686 0 8 3 3 1 2 7 4 11 37
89.5154 0 9 3 3 1 2 8 4 10 37
90.2509 0 8 3 3 1 2 7 4 11 37
91.7115 0 9 3 3 1 2 8 4 10 37
92.2324 0 9 2 2 1 3 8 4 10 37
92.5643 0 9 2 2 1 2 8 3 10 38
94.6636 0 9 2 2 1 1 8 2 10 39
97.2318 0 8 2 2 1 1 7 2 11 39
97.797 0 7 2 2 1 1 6 2 12 39
98.4579 0 6 2 2 1 1 5 2 13 39
99.6223 0 5 2 2 1 1 4 2 14 39
99.7807 0 6 2 2 1 1 5 2 13 39
100.21 0 5 2 2 1 1 4 2 14 39
100.543 0 6 2 2 1 1 5 2 13 39
105.293 0 7 2 2 1 1 6 2 12 39
107.843 0 8 2 2 1 1 7 2 11 39
110.14 0 9 2 2 1 1 8 2 10 39
110.835 0 8 2 2 1 1 7 2 11 39
115.597 0 9 2 2 1 1 8 2 10 39
116.556 0 8 2 2 0 1 8 3 10 39
116.883 0 7 2 2 0 1 7 3 11 39
118.947 0 8 2 2 0 1 8 3 10 39
119.409 0 7 2 2 0 1 7 3 11 39
121.385 0 6 2 2 0 1 6 3 12 39
122.912 0 7 2 2 0 1 7 3 11 39
124.032 0 8 2 2 0 1 8 3 10 39
124.161 0 7 2 2 0 1 7 3 11 39
124.91 0 8 2 2 0 1 8 3 10 39
125.754 0 7 2 2 0 1 7 3 11 39
127.701 0 7 2 2 0 0 7 2 11 40
127.807 0 6 2 2 0 0 6 2 12 40
129.568 0 6 1 1 0 1 6 2 12 40
132.685 0 7 1 1 0 1 7 2 11 40
133.389 0 6 1 1 0 1 6 2 12 40
134.475 0 7 1 1 0 1 7 2 11 40
134.978 0 6 1 1 0 1 6 2 12 40
135.007 0 7 1 1 0 1 7 2 11 40
139.489 0 8 1 1 0 1 8 2 10 40
142.255 0 7 1 1 0 1 7 2 11 40
142.43 0 6 1 1 0 1 6 2 12 40
142.476 0 5 1 1 0 1 5 2 13 40
146.022 0 6 1 1 0 1 6 2 12 40
146.873 0 7 1 1 0 1 7 2 11 40
147.87 0 8 1 1 1 1 7 1 11 40
147.951 0 9 1 1 1 1 8 1 10 40
148.693 0 10 1 1 1 1 9 1 9 40
148.745 0 11 1 1 1 1 10 1 8 40
148.85 0 10 1 1 1 1 9 1 9 40
149.467 0 9 1 1 1 1 8 1 10 40
151.316 0 10 1 1 1 1 9 1 9 40
152.184 0 11 1 1 1 1 10 1 8 40
153.774 0 10 1 1 1 1 9 1 9 40
154.138 0 9 1 1 1 1 8 1 10 40
154.148 0 10 1 1 1 1 9 1 9 40
155.009 0 11 1 1 1 1 10 1 8 40
156.569 0 10 1 1 1 1 9 1 9 40
158.494 0 9 1 1 1 1 8 1 10 40
160.072 0 9 1 1 2 2 7 1 10 40
160.225 0 9 1 1 3 3 6 1 10 40
160.627 0 10 1 1 3 3 7 1 9 40
161.638 0 9 1 1 3 3 6 1 10 40
162.062 0 8 1 1 3 3 5 1 11 40
162.21 0 7 1 1 2 3 5 2 11 40
163.609 0 6 1 1 1 3 5 3 11 40
163.675 1 7 1 1 0 3 5 3 11 40
165.083 1 6 1 1 0 3 4 3 12 40
166.847 1 7 1 1 0 3 5 3 11 40
167.306 1 8 1 1 0 3 6 3 10 40
167.842 1 9 1 1 0 3 7 3 9 40
168.237 0 8 1 1 1 3 7 3 9 40
168.894 0 9 1 1 1 3 8 3 8 40
169.894 1 10 1 1 0 3 8 3 8 40
172.582 1 9 1 1 0 3 7 3 9 40
173.805 1 10 1 1 0 3 8 3 8 40
175.258 1 11 1 1 0 3 9 3 7 40
175.572 1 10 1 1 0 3 8 3 8 40
178.187 1 9 1 1 0 3 7 3 9 40
178.495 1 10 1 1 0 3 8 3 8 40
178.683 0 9 1 1 1 3 8 3 8 40
179.883 0 10 1 1 1 3 9 3 7 40
180.557 0 9 1 1 0 3 9 4 7 40
182.899 0 9 1 1 1 4 8 4 7 40
185.631 0 10 1 1 1 4 9 4 6 40
185.998 0 10 1 1 1 3 9 3 6 41
186.704 0 9 1 1 1 3 8 3 7 41
187.097 0 10 1 1 2 3 8 2 7 41
188.786 0 10 1 1 1 2 9 2 7 41
189.2 0 9 1 1 1 2 8 2 8 41
189.76 0 10 1 1 1 2 9 2 7 41
191.839 0 11 1 1 1 2 10 2 6 41
191.946 0 11 1 1 2 3 9 2 6 41
192.944 0 12 1 1 2 3 10 2 5 41
194.586 0 12 1 1 1 2 11 2 5 41
194.701 0 13 1 1 1 2 12 2 4 41
196.83 0 12 1 1 1 2 11 2 5 41
197.117 0 11 1 1 1 2 10 2 6 41
197.366 1 12 1 1 0 2 10 2 6 41
198.562 1 12 2 2 0 1 10 2 6 41
199.037 1 13 2 2 0 1 11 2 5 41
199.585 1 14 2 2 1 1 11 1 5 41
200.647 1 13 2 2 1 1 10 1 6 41
200.66 1 12 2 2 1 1 9 1 7 41
202.123 1 11 2 2 1 1 8 1 8 41
202.679 2 12 2 2 0 1 8 1 8 41
203.162 2 11 2 2 0 1 7 1 9 41
203.781 2 10 2 2 0 1 6 1 10 41
204.673 2 11 2 2 0 1 7 1 9 41
205.583 2 10 2 2 0 1 6 1 10 41
205.803 2 9 2 2 0 1 5 1 11 41
206.758 2 10 2 2 0 1 6 1 10 41
207.781 1 9 2 2 1 1 6 1 10 41
208.907 1 9 1 1 1 2 6 1 10 41
209.057 1 8 1 1 0 2 6 2 10 41
209.203 1 7 1 1 0 2 5 2 11 41
210.348 1 6 1 1 0 2 4 2 12 41
211.618 1 7 1 1 0 2 5 2 11 41
212.605 1 6 1 1 0 2 4 2 12 41
212.725 1 7 1 1 0 2 5 2 11 41
220.392 1 7 1 1 0 1 5 1 11 42
221.878 1 8 1 1 0 1 6 1 10 42
225.356 1 9 1 1 0 1 7 1 9 42
225.377 1 8 1 1 0 1 6 1 10 42
225.963 1 7 1 1 0 1 5 1 11 42
225.993 1 6 1 1 0 1 4 1 12 42
226.844 1 7 1 1 0 1 5 1 11 42
228.64 1 8 1 1 0 1 6 1 10 42
229.509 1 9 1 1 0 1 7 1 9 42
233.812 1 8 1 1 0 1 6 1 10 42
236.047 1 9 1 1 0 1 7 1 9 42
236.334 1 8 1 1 0 1 6 1 10 42
238.076 1 7 1 1 0 1 5 1 11 42
240.455 1 8 1 1 0 1 6 1 10 42
241.161 1 7 1 1 0 1 5 1 11 42
242.674 1 8 1 1 0 1 6 1 10 42
243.455 1 9 1 1 0 1 7 1 9 42
245.802 1 8 1 1 0 1 6 1 10 42
246.636 1 7 1 1 0 1 5 1 11 42
250.357 1 6 1 1 0 1 4 1 12 42
251.545 0 5 1 1 1 1 4 1 12 42
252.421 0 5 1 1 0 0 5 1 12 42
253.725 0 6 1 1 0 0 6 1 11 42
253.813 0 7 1 1 0 0 7 1 10 42
254.908 0 8 1 1 0 0 8 1 9 42
256.35 0 8 1 1 1 1 7 1 9 42
256.515 0 7 1 1 1 1 6 1 10 42
258.655 0 6 1 1 1 1 5 1 11 42
260.562 0 5 1 1 0 1 5 2 11 42
260.857 0 6 1 1 0 1 6 2 10 42
261.996 0 5 1 1 0 1 5 2 11 42
263.476 0 5 1 1 0 2 5 3 11 41
263.745 0 6 1 1 0 2 6 3 10 41
264.467 0 5 1 1 0 2 5 3 11 41
265.163 0 6 1 1 0 2 6 3 10 41
266.171 0 5 1 1 0 2 5 3 11 41
266.692 0 4 1 1 0 2 4 3 12 41
270.39 0 3 1 1 0 2 3 3 13 41
270.594 0 2 1 1 0 2 2 3 14 41
274.536 0 3 1 1 0 2 3 3 13 41
284.123 0 4 1 1 0 2 4 3 12 41
284.222 0 5 1 1 0 2 5 3 11 41
285.318 0 4 1 1 0 2 4 3 12 41
285.335 0 5 1 1 0 2 5 3 11 41
286.365 0 6 1 1 0 2 6 3 10 41
287.143 0 7 1 1 1 2 6 2 10 41
287.16 0 8 1 1 2 2 6 1 10 41
287.196 0 9 1 1 2 2 7 1 9 41
287.891 0 8 1 1 1 2 7 2 9 41
289.875 0 7 1 1 1 2 6 2 10 41
291.712 0 8 1 1 1 2 7 2 9 41
293.5 0 9 1 1 1 2 8 2 8 41
293.857 0 8 1 1 1 2 7 2 9 41
296.664 1 9 1 1 0 2 7 2 9 41
297.83 1 8 1 1 0 2 6 2 10 41
297.936 1 7 1 1 0 2 5 2 11 41
298.657 1 8 1 1 0 2 6 2 10 41
300.49 0 7 1 1 1 2 6 2 10 41
300.506 0 6 1 1 1 2 5 2 11 41
300.807 0 7 1 1 1 2 6 2 10 41
305.296 0 6 1 1 1 2 5 2 11 41
306.338 0 6 1 1 0 1 6 2 11 41
307.87 0 6 1 1 1 2 5 2 11 41
308.11 0 7 1 1 1 2 6 2 10 41
308.126 0 7 0 0 1 3 6 2 10 41
308.18 0 6 0 0 1 3 5 2 11 41
308.722 0 5 0 0 1 3 4 2 12 41
311.435 1 6 0 0 0 3 4 2 12 41
312.517 1 5 0 0 0 3 3 2 13 41
312.596 1 6 0 0 0 3 4 2 12 41
313.869 1 7 0 0 0 3 5 2 11 41
316.417 1 8 0 0 1 3 5 1 11 41
316.794 1 7 0 0 1 3 4 1 12 41
321.217 1 8 0 0 1 3 5 1 11 41
321.887 1 9 0 0 1 3 6 1 10 41
323.575 2 10 0 0 0 3 6 1 10 41
325.21 2 10 0 0 1 4 5 1 10 41
325.711 2 9 0 0 0 4 5 2 10 41
328.475 2 8 0 0 0 4 4 2 11 41
329.658 1 7 0 0 1 4 4 2 11 41
330.658 1 6 0 0 1 4 3 2 12 41
332.306 1 5 0 0 1 4 2 2 13 41
333.299 1 6 0 0 1 4 3 2 12 41
334.315 1 7 0 0 1 4 4 2 11 41
334.846 1 7 0 0 1 3 4 1 11 42
335.248 0 6 0 0 2 3 4 1 11 42
336.996 0 7 0 0 2 3 5 1 10 42
342.605 0 8 0 0 2 3 6 1 9 42
344.284 0 8 0 0 1 2 7 1 9 42
344.728 0 9 0 0 1 2 8 1 8 42
344.883 0 10 0 0 1 2 9 1 7 42
345.871 0 9 0 0 1 2 8 1 8 42
346.538 0 10 0 0 1 2 9 1 7 42
347.032 0 9 0 0 1 2 8 1 8 42
348.077 0 10 0 0 1 2 9 1 7 42
348.454 0 11 0 0 1 2 10 1 6 42
349.521 0 12 0 0 1 2 11 1 5 42
349.608 0 11 0 0 0 2 11 2 5 42
350.481 0 10 0 0 0 2 10 2 6 42
350.827 0 9 0 0 0 2 9 2 7 42
351.149 0 8 0 0 0 2 8 2 8 42
355.037 0 7 0 0 0 2 7 2 9 42
356.654 0 6 0 0 0 2 6 2 10 42
356.682 0 7 0 0 0 2 7 2 9 42
359.946 0 8 0 0 0 2 8 2 8 42
361.463 0 9 0 0 0 2 9 2 7 42
362.128 0 8 0 0 0 2 8 2 8 42
368.532 0 7 0 0 0 2 7 2 9 42
369.273 0 8 0 0 0 2 8 2 8 42
369.751 0 9 0 0 0 2 9 2 7 42
370.386 0 8 0 0 0 2 8 2 8 42
370.748 0 9 0 0 0 2 9 2 7 42
372.098 0 8 0 0 0 2 8 2 8 42
372.719 0 8 0 0 1 3 7 2 8 42
372.751 0 7 0 0 1 3 6 2 9 42
373.29 0 8 0 0 1 3 7 2 8 42
373.659 0 9 0 0 1 3 8 2 7 42
374 0 9 0 0 0 2 9 2 7 42
374.33 0 9 0 0 1 3 8 2 7 42
374.98 0 10 0 0 1 3 9 2 6 42
375.917 0 11 0 0 1 3 10 2 5 42
376.134 0 12 0 0 1 3 11 2 4 42
376.738 0 11 0 0 0 3 11 3 4 42
376.766 0 10 0 0 0 3 10 3 5 42
377.704 0 9 0 0 0 3 9 3 6 42
377.753 0 10 0 0 0 3 10 3 5 42
377.774 0 10 0 0 0 2 10 2 5 43
378.048 0 9 0 0 0 2 9 2 6 43
379.305 0 8 0 0 0 2 8 2 7 43
379.424 0 7 0 0 0 2 7 2 8 43
380.026 0 7 1 1 0 1 7 2 8 43
386.609 0 6 1 1 0 1 6 2 9 43
388.811 0 7 1 1 0 1 7 2 8 43
390.158 0 8 1 1 1 1 7 1 8 43
391.208 0 9 1 1 1 1 8 1 7 43
391.451 0 10 1 1 1 1 9 1 6 43
391.762 0 9 1 1 1 1 8 1 7 43
392.177 0 8 1 1 1 1 7 1 8 43
393.483 0 8 1 1 2 2 6 1 8 43
395.448 0 9 1 1 2 2 7 1 7 43
396.752 0 8 1 1 2 2 6 1 8 43
397.276 0 7 1 1 2 2 5 1 9 43
397.509 0 6 1 1 1 2 5 2 9 43
398.438 0 5 1 1 1 2 4 2 10 43
398.889 0 6 1 1 1 2 5 2 9 43
400.043 0 5 1 1 0 2 5 3 9 43
400.049 0 6 1 1 0 2 6 3 8 43
400.452 0 5 1 1 0 2 5 3 9 43
403.204 0 4 1 1 0 2 4 3 10 43
405.87 0 5 1 1 0 2 5 3 9 43
410.25 0 4 1 1 0 2 4 3 10 43
411.865 0 5 1 1 0 2 5 3 9 43
412.729 0 4 1 1 0 2 4 3 10 43
412.782 0 5 1 1 0 2 5 3 9 43
413.282 0 4 1 1 0 2 4 3 10 43
414.036 0 3 1 1 0 2 3 3 11 43
416.272 0 4 1 1 0 2 4 3 10 43
418.421 0 3 1 1 0 2 3 3 11 43
419.109 0 4 1 1 0 2 4 3 10 43
421.298 0 5 1 1 0 2 5 3 9 43
423.501 0 6 1 1 0 2 6 3 8 43
423.769 0 5 1 1 0 2 5 3 9 43
426.37 0 6 1 1 0 2 6 3 8 43
427.421 0 5 1 1 0 2 5 3 9 43
427.87 0 6 1 1 0 2 6 3 8 43
434.241 0 7 1 1 0 2 7 3 7 43
434.644 0 6 1 1 0 2 6 3 8 43
435.34 0 5 1 1 0 2 5 3 9 43
436.475 0 6 1 1 0 2 6 3 8 43
438.412 0 5 1 1 0 2 5 3 9 43
438.865 0 6 1 1 0 2 6 3 8 43
440.845 0 5 1 1 0 2 5 3 9 43
443.307 0 6 1 1 0 2 6 3 8 43
445.847 0 7 1 1 0 2 7 3 7 43
447.128 0 6 1 1 0 2 6 3 8 43
448.711 0 7 1 1 0 2 7 3 7 43
450.781 0 6 1 1 0 2 6 3 8 43
450.899 0 6 1 1 0 1 6 2 8 44
451.261 0 5 1 1 0 1 5 2 9 44
451.587 0 6 1 1 0 1 6 2 8 44
454.671 0 7 1 1 0 1 7 2 7 44
456.031 0 8 1 1 0 1 8 2 6 44
457.781 0 7 1 1 0 1 7 2 7 44
459.867 0 8 1 1 0 1 8 2 6 44
460.458 0 7 1 1 0 1 7 2 7 44
466.507 0 6 1 1 0 1 6 2 8 44
467.774 0 5 1 1 0 1 5 2 9 44
469.17 0 6 1 1 0 1 6 2 8 44
469.414 0 7 1 1 0 1 7 2 7 44
470.157 0 6 1 1 0 1 6 2 8 44
473.497 0 7 1 1 1 1 6 1 8 44
473.608 0 6 1 1 1 1 5 1 9 44
476.512 0 7 1 1 1 1 6 1 8 44
476.843 0 8 1 1 1 1 7 1 7 44
478.472 1 9 1 1 0 1 7 1 7 44
479.253 1 8 1 1 0 1 6 1 8 44
480.257 1 9 1 1 0 1 7 1 7 44
481.578 1 10 1 1 0 1 8 1 6 44
481.62 1 9 1 1 0 1 7 1 7 44
482.42 1 8 1 1 0 1 6 1 8 44
485.404 1 7 1 1 0 1 5 1 9 44
493.45 1 8 1 1 0 1 6 1 8 44
493.71 1 7 1 1 0 1 5 1 9 44
495.707 1 8 1 1 0 1 6 1 8 44
498.619 1 9 1 1 0 1 7 1 7 44
498.682 1 8 1 1 0 1 6 1 8 44
498.926 1 9 1 1 0 1 7 1 7 44
499.532 1 10 1 1 1 1 7 0 7 44
499.87 1 9 1 1 1 1 6 0 8 44
499.928 0 8 1 1 2 1 6 0 8 44
504.414 0 7 1 1 1 1 6 1 8 44
505.59 0 6 1 1 0 1 6 2 8 44
507.087 0 7 1 1 0 1 7 2 7 44
509.159 0 6 1 1 0 1 6 2 8 44
510.857 0 7 1 1 0 1 7 2 7 44
510.905 0 6 1 1 0 1 6 2 8 44
512.894 0 7 1 1 1 1 6 1 8 44
517.358 0 6 1 1 1 1 5 1 9 44
518.651 0 5 1 1 1 1 4 1 10 44
519.002 0 6 1 1 1 1 5 1 9 44
521.669 0 7 1 1 1 1 6 1 8 44
521.978 0 7 1 1 0 0 7 1 8 44
522.647 0 6 1 1 0 0 6 1 9 44
530.156 0 5 1 1 0 0 5 1 10 44
530.534 0 6 1 1 0 0 6 1 9 44
532.19 0 7 1 1 0 0 7 1 8 44
533.41 0 8 1 1 0 0 8 1 7 44
534.838 0 9 1 1 0 0 9 1 6 44
535.484 0 8 1 1 0 0 8 1 7 44
537.56 0 9 1 1 0 0 9 1 6 44
538.782 0 8 1 1 0 0 8 1 7 44
539.984 0 8 1 1 1 1 7 1 7 44
542.414 0 7 1 1 1 1 6 1 8 44
542.77 0 7 1 1 2 2 5 1 8 44
543.144 0 7 2 2 2 1 5 1 8 44
545.771 0 8 2 2 2 1 6 1 7 44
547.036 0 9 2 2 2 1 7 1 6 44
547.084 0 10 2 2 3 1 7 0 6 44
548.06 0 11 2 2 3 1 8 0 5 44
548.948 0 10 2 2 3 1 7 0 6 44
549.017 1 11 2 2 2 1 7 0 6 44
553.388 1 10 2 2 2 1 6 0 7 44
554.044 1 9 2 2 2 1 5 0 8 44
555.783 1 9 1 1 2 2 5 0 8 44
555.856 1 8 1 1 2 2 4 0 9 44
559.985 1 7 1 1 2 2 3 0 10 44
560.688 1 6 1 1 1 2 3 1 10 44
560.777 1 7 1 1 1 2 4 1 9 44
560.947 1 8 1 1 1 2 5 1 8 44
562.358 1 9 1 1 1 2 6 1 7 44
563.701 1 8 1 1 1 2 5 1 8 44
564.399 1 9 1 1 1 2 6 1 7 44
565.384 1 8 1 1 1 2 5 1 8 44
565.916 1 9 1 1 1 2 6 1 7 44
566.701 0 8 1 1 2 2 6 1 7 44
566.75 0 7 1 1 2 2 5 1 8 44
567.157 0 8 1 1 2 2 6 1 7 44
567.412 0 7 1 1 2 2 5 1 8 44
568.955 0 7 1 1 1 1 6 1 8 44
570.396 0 6 1 1 1 1 5 1 9 44
571.657 0 5 1 1 0 1 5 2 9 44
572.75 0 4 1 1 0 1 4 2 10 44
573.085 0 5 1 1 0 1 5 2 9 44
573.496 0 6 1 1 0 1 6 2 8 44
576.044 0 5 1 1 0 1 5 2 9 44
577.82 0 6 1 1 0 1 6 2 8 44
578.626 0 7 1 1 0 1 7 2 7 44
581.017 0 6 1 1 0 1 6 2 8 44
582.163 0 7 1 1 0 1 7 2 7 44
582.436 0 7 0 0 0 2 7 2 7 44
582.618 0 8 0 0 0 2 8 2 6 44
583.659 0 8 0 0 0 1 8 1 6 45
584.034 0 7 0 0 0 1 7 1 7 45
584.227 0 6 0 0 0 1 6 1 8 45
586.386 0 5 0 0 0 1 5 1 9 45
588.467 0 6 0 0 0 1 6 1 8 45
589.216 0 7 0 0 0 1 7 1 7 45
589.602 0 6 0 0 0 1 6 1 8 45
591.325 0 7 0 0 0 1 7 1 7 45
593.688 0 7 0 0 1 2 6 1 7 45
594.193 0 7 1 1 1 1 6 1 7 45
597.498 0 6 1 1 1 1 5 1 8 45
598.496 0 5 1 1 1 1 4 1 9 45
600.318 0 4 1 1 1 1 3 1 10 45
603.692 0 3 1 1 1 1 2 1 11 45
609.503 0 2 1 1 1 1 1 1 12 45
609.527 0 3 1 1 1 1 2 1 11 45
610.31 0 4 1 1 1 1 3 1 10 45
610.827 0 5 1 1 1 1 4 1 9 45
611.171 0 4 1 1 1 1 3 1 10 45
611.586 0 3 1 1 1 1 2 1 11 45
612.082 0 4 1 1 1 1 3 1 10 45
618.586 0 5 1 1 1 1 4 1 9 45
618.697 0 5 2 2 1 0 4 1 9 45
622.305 0 4 2 2 1 0 3 1 10 45
622.341 0 5 2 2 1 0 4 1 9 45
622.869 0 4 2 2 1 0 3 1 10 45
626.345 1 5 2 2 0 0 3 1 10 45
628.061 1 6 2 2 0 0 4 1 9 45
629.928 1 7 2 2 0 0 5 1 8 45
630.432 1 6 2 2 0 0 4 1 9 45
631.23 1 7 2 2 0 0 5 1 8 45
631.395 1 6 2 2 0 0 4 1 9 45
632.729 1 7 2 2 0 0 5 1 8 45
632.951 1 6 2 2 0 0 4 1 9 45
633.532 1 7 2 2 0 0 5 1 8 45
634.799 1 6 2 2 0 0 4 1 9 45
638.356 1 7 2 2 0 0 5 1 8 45
642.865 0 6 2 2 1 0 5 1 8 45
643.073 0 5 2 2 1 0 4 1 9 45
645.759 0 6 2 2 1 0 5 1 8 45
651.296 0 7 2 2 1 0 6 1 7 45
651.367 0 6 2 2 1 0 5 1 8 45
653.56 0 5 2 2 1 0 4 1 9 45
654.13 0 6 2 2 1 0 5 1 8 45
654.254 0 5 2 2 0 0 5 2 8 45
667.667 0 6 2 2 0 0 6 2 7 45
670.781 0 7 2 2 0 0 7 2 6 45
671.006 0 7 2 2 1 1 6 2 6 45
671.846 0 8 2 2 1 1 7 2 5 45
671.958 0 7 2 2 1 1 6 2 6 45
673.279 0 6 2 2 1 1 5 2 7 45
673.691 0 6 3 3 1 0 5 2 7 45
673.96 0 7 3 3 1 0 6 2 6 45
674.693 0 8 3 3 1 0 7 2 5 45
679.456 0 9 3 3 1 0 8 2 4 45
680.069 0 9 2 2 1 1 8 2 4 45
680.326 0 8 2 2 1 1 7 2 5 45
682.102 0 7 2 2 1 1 6 2 6 45
682.261 0 8 2 2 2 1 6 1 6 45
682.763 0 9 2 2 2 1 7 1 5 45
683.686 0 8 2 2 1 1 7 2 5 45
684.951 0 7 2 2 0 1 7 3 5 45
685.804 0 6 2 2 0 1 6 3 6 45
688.242 0 5 2 2 0 1 5 3 7 45
688.269 0 4 2 2 0 1 4 3 8 45
690.013 0 5 2 2 0 1 5 3 7 45
691.219 0 4 2 2 0 1 4 3 8 45
691.361 0 4 2 2 1 2 3 3 8 45
697.388 0 5 2 2 1 2 4 3 7 45
701.29 0 5 2 2 0 1 5 3 7 45
703.171 0 6 2 2 0 1 6 3 6 45
706.754 0 5 2 2 0 1 5 3 7 45
709.461 0 4 2 2 0 1 4 3 8 45
712.34 0 3 2 2 0 1 3 3 9 45
714.418 0 4 2 2 0 1 4 3 8 45
714.492 0 5 2 2 0 1 5 3 7 45
715.481 0 4 2 2 0 1 4 3 8 45
717.176 0 3 2 2 0 1 3 3 9 45
718.265 0 4 2 2 0 1 4 3 8 45
720.627 0 5 2 2 0 1 5 3 7 45
720.953 0 6 2 2 0 1 6 3 6 45
720.986 0 5 2 2 0 1 5 3 7 45
721.1 0 6 2 2 0 1 6 3 6 45
721.604 0 7 2 2 1 1 6 2 6 45
722.778 0 8 2 2 1 1 7 2 5 45
726.941 0 9 2 2 1 1 8 2 4 45
727.654 0 8 2 2 1 1 7 2 5 45
727.657 0 9 2 2 1 1 8 2 4 45
728.349 0 8 2 2 1 1 7 2 5 45
728.454 0 9 2 2 1 1 8 2 4 45
730.617 0 10 2 2 1 1 9 2 3 45
730.91 0 9 2 2 0 1 9 3 3 45
732.657 0 8 2 2 0 1 8 3 4 45
732.768 0 9 2 2 0 1 9 3 3 45
732.938 0 8 2 2 0 1 8 3 4 45
734.119 0 8 2 2 0 0 8 2 4 46
734.156 0 7 2 2 0 0 7 2 5 46
738.269 0 8 2 2 0 0 8 2 4 46
739.933 0 9 2 2 0 0 9 2 3 46
740.074 0 8 2 2 0 0 8 2 4 46
740.635 0 9 2 2 0 0 9 2 3 46
741.299 0 8 2 2 0 0 8 2 4 46
744.55 0 7 2 2 0 0 7 2 5 46
751.957 0 7 2 2 1 1 6 2 5 46
752.239 0 8 2 2 1 1 7 2 4 46
752.955 0 8 2 2 1 2 7 3 4 45
753.205 0 7 2 2 1 2 6 3 5 45
753.627 0 6 2 2 1 2 5 3 6 45
754.597 0 7 2 2 1 2 6 3 5 45
754.749 0 6 2 2 1 2 5 3 6 45
754.908 0 5 2 2 1 2 4 3 7 45
758.516 0 6 2 2 1 2 5 3 6 45
759.015 0 5 2 2 1 2 4 3 7 45
759.409 0 5 1 1 1 3 4 3 7 45
765.016 0 6 1 1 1 3 5 3 6 45
765.322 0 7 1 1 1 3 6 3 5 45
765.972 0 6 1 1 1 3 5 3 6 45
766.065 0 7 1 1 1 3 6 3 5 45
772.694 0 8 1 1 2 3 6 2 5 45
773.814 0 9 1 1 2 3 7 2 4 45
773.944 0 9 1 1 2 4 7 3 4 44
774.125 0 9 1 1 2 3 7 2 4 45
775.284 0 8 1 1 1 3 7 3 4 45
775.609 0 9 1 1 1 3 8 3 3 45
777.173 0 8 1 1 0 3 8 4 3 45
778.743 0 7 1 1 0 3 7 4 4 45
778.747 0 6 1 1 0 3 6 4 5 45
784.204 0 7 1 1 0 3 7 4 4 45
784.88 0 8 1 1 0 3 8 4 3 45
785.212 0 8 1 1 0 2 8 3 3 46
786.139 0 7 1 1 0 2 7 3 4 46
787.691 0 6 1 1 0 2 6 3 5 46
795.577 0 5 1 1 0 2 5 3 6 46
795.809 0 4 1 1 0 2 4 3 7 46
798.572 0 4 1 1 0 1 4 2 7 47
798.919 0 3 1 1 0 1 3 2 8 47
802.068 0 4 1 1 0 1 4 2 7 47
802.386 0 5 1 1 0 1 5 2 6 47
805.151 0 6 1 1 0 1 6 2 5 47
806.423 0 5 1 1 0 1 5 2 6 47
808.912 0 6 1 1 0 1 6 2 5 47
809.645 0 5 1 1 0 1 5 2 6 47
812.683 0 6 1 1 0 1 6 2 5 47
818.743 0 7 1 1 0 1 7 2 4 47
819.771 0 8 1 1 0 1 8 2 3 47
820.694 0 7 1 1 0 1 7 2 4 47
822.211 0 8 1 1 0 1 8 2 3 47
824.467 0 7 1 1 0 1 7 2 4 47
826.872 0 6 1 1 0 1 6 2 5 47
828.433 0 5 1 1 0 1 5 2 6 47
830.399 0 4 1 1 0 1 4 2 7 47
831.28 0 5 1 1 0 1 5 2 6 47
839.955 0 6 1 1 0 1 6 2 5 47
842.147 0 5 1 1 0 1 5 2 6 47
845.52 0 6 1 1 0 1 6 2 5 47
845.871 0 6 1 1 0 0 6 1 5 48
846.686 0 5 1 1 0 0 5 1 6 48
847.054 0 6 1 1 0 0 6 1 5 48
849.97 0 7 1 1 0 0 7 1 4 48
850.359 0 8 1 1 0 0 8 1 3 48
850.878 0 7 1 1 0 0 7 1 4 48
851.112 0 6 1 1 0 0 6 1 5 48
853.75 0 5 1 1 0 0 5 1 6 48
855.058 0 6 1 1 0 0 6 1 5 48
858.173 0 5 1 1 0 0 5 1 6 48
864.635 0 6 1 1 0 0 6 1 5 48
866.872 0 7 1 1 0 0 7 1 4 48
868.919 0 6 1 1 0 0 6 1 5 48
871.301 0 7 1 1 0 0 7 1 4 48
872.049 0 6 1 1 0 0 6 1 5 48
873.457 0 5 1 1 0 0 5 1 6 48
879.613 0 4 1 1 0 0 4 1 7 48
888.68 0 5 1 1 0 0 5 1 6 48
893.683 0 4 1 1 0 0 4 1 7 48
894.162 0 5 1 1 0 0 5 1 6 48
899.999 0 6 1 1 0 0 6 1 5 48
902.626 0 7 1 1 0 0 7 1 4 48
903.291 0 6 1 1 0 0 6 1 5 48
908.76 0 5 1 1 0 0 5 1 6 48
913.982 0 4 1 1 0 0 4 1 7 48
917.101 0 3 1 1 0 0 3 1 8 48
917.279 0 4 1 1 0 0 4 1 7 48
917.467 0 3 1 1 0 0 3 1 8 48
930.585 0 4 1 1 0 0 4 1 7 48
930.784 0 5 1 1 0 0 5 1 6 48
931.343 0 4 1 1 0 0 4 1 7 48
935.784 0 5 1 1 0 0 5 1 6 48
936.879 0 4 1 1 0 0 4 1 7 48
937.483 0 5 1 1 0 0 5 1 6 48
939.171 0 6 1 1 0 0 6 1 5 48
939.988 0 6 1 1 1 1 5 1 5 48
943.412 0 7 1 1 1 1 6 1 4 48
944.498 0 8 1 1 1 1 7 1 3 48
945.453 0 7 1 1 1 1 6 1 4 48
948.825 0 7 1 1 1 0 6 0 4 49
948.991 0 6 1 1 1 0 5 0 5 49
949.408 0 7 1 1 1 0 6 0 4 49
953.895 0 8 1 1 1 0 7 0 3 49
957.341 0 7 1 1 1 0 6 0 4 49
968.907 0 6 1 1 1 0 5 0 5 49
969.451 0 7 1 1 1 0 6 0 4 49
970.804 0 8 1 1 1 0 7 0 3 49
971.49 0 7 1 1 1 0 6 0 4 49
974.879 0 6 1 1 1 0 5 0 5 49
975.2 0 7 1 1 1 0 6 0 4 49
980.193 0 6 1 1 1 0 5 0 5 49
983.361 0 5 1 1 1 0 4 0 6 49
984.985 0 6 1 1 1 0 5 0 5 49
989.471 0 5 1 1 1 0 4 0 6 49
991.799 0 4 1 1 1 0 3 0 7 49
992.769 0 3 1 1 0 0 3 1 7 49
993.803 0 4 1 1 0 0 4 1 6 49
999.41 0 5 1 1 0 0 5 1 5 49
1002.89 0 4 1 1 0 0 4 1 6 49
1003.21 0 3 1 1 0 0 3 1 7 49
1006.84 0 4 1 1 0 0 4 1 6 49
1015.35 0 5 1 1 0 0 5 1 5 49
1016.58 0 6 1 1 0 0 6 1 4 49
1016.84 0 7 1 1 0 0 7 1 3 49
1020.6 0 7 1 1 1 1 6 1 3 49
1022.18 0 6 1 1 1 1 5 1 4 49
1024.82 0 6 1 1 2 2 4 1 4 49
1026.33 0 7 1 1 2 2 5 1 3 49
1027.86 0 6 1 1 1 2 5 2 3 49
1028.25 0 7 1 1 1 2 6 2 2 49
1028.56 0 6 1 1 1 2 5 2 3 49
1034.05 0 5 1 1 0 2 5 3 3 49
1043.78 0 4 1 1 0 2 4 3 4 49
1046.64 0 3 1 1 0 2 3 3 5 49
1048.88 0 3 1 1 0 1 3 2 5 50
1050.99 0 4 1 1 0 1 4 2 4 50
1051.27 0 5 1 1 0 1 5 2 3 50
1052.98 0 4 1 1 0 1 4 2 4 50
1056.9 0 4 1 1 0 0 4 1 4 51
1060.96 0 3 1 1 0 0 3 1 5 51
1067.31 0 4 1 1 0 0 4 1 4 51
1068.81 0 4 1 1 1 1 3 1 4 51
1071.75 0 3 1 1 1 1 2 1 5 51
1076.24 0 4 1 1 1 1 3 1 4 51
1077.42 0 3 1 1 1 1 2 1 5 51
1079.22 0 4 1 1 1 1 3 1 4 51
1080.8 0 5 1 1 1 1 4 1 3 51
1087.88 0 5 2 2 1 0 4 1 3 51
1088.3 0 4 2 2 1 0 3 1 4 51
1088.64 0 3 2 2 1 0 2 1 5 51
1089.95 0 4 2 2 1 0 3 1 4 51
1097.71 0 5 2 2 1 0 4 1 3 51
1109.89 1 6 2 2 0 0 4 1 3 51
1115.47 1 5 2 2 0 0 3 1 4 51
1123.87 1 4 2 2 0 0 2 1 5 51
1124.89 1 3 2 2 0 0 1 1 6 51
1130.97 1 4 2 2 0 0 2 1 5 51
1132.07 1 5 2 2 0 0 3 1 4 51
1134.22 1 6 2 2 1 0 3 0 4 51
1136.7 1 6 1 1 1 1 3 0 4 51
1143.52 1 7 1 1 1 1 4 0 3 51
1144.3 1 6 1 1 0 1 4 1 3 51
1145.68 1 7 1 1 0 1 5 1 2 51
1148.58 1 6 1 1 0 1 4 1 3 51
1152.78 1 5 1 1 0 1 3 1 4 51
1153.55 1 6 1 1 0 1 4 1 3 51
1154.86 1 7 1 1 0 1 5 1 2 51
1156.59 1 6 1 1 0 1 4 1 3 51
1158.52 1 5 1 1 0 1 3 1 4 51
1158.76 1 5 1 1 1 2 2 1 4 51
1169.12 1 6 1 1 1 2 3 1 3 51
1169.7 1 5 1 1 1 2 2 1 4 51
1179.04 2 6 1 1 0 2 2 1 4 51
1179.81 2 6 1 1 0 1 2 0 4 52
1181.99 1 5 1 1 1 1 2 0 4 52
1183.13 1 5 2 2 1 0 2 0 4 52
1191.73 1 4 2 2 1 0 1 0 5 52
1196.84 1 5 2 2 1 0 2 0 4 52
1202.23 1 4 2 2 0 0 2 1 4 52
1210.34 1 3 2 2 0 0 1 1 5 52
1211.86 1 4 2 2 0 0 2 1 4 52
1216.85 1 3 2 2 0 0 1 1 5 52
1217.98 1 4 2 2 0 0 2 1 4 52
1218.3 1 3 2 2 0 0 1 1 5 52
1222.72 1 4 2 2 0 0 2 1 4 52
1223.63 1 3 2 2 0 0 1 1 5 52
1226.36 1 4 2 2 0 0 2 1 4 52
1228.66 1 5 2 2 0 0 3 1 3 52
1237.28 1 4 2 2 0 0 2 1 4 52
1248.73 1 5 2 2 0 0 3 1 3 52
1251.79 1 6 2 2 0 0 4 1 2 52
1258.55 1 5 2 2 0 0 3 1 3 52
1265.67 1 4 2 2 0 0 2 1 4 52
1273.98 1 3 2 2 0 0 1 1 5 52
1274.86 1 2 2 2 0 0 0 1 6 52
1276.53 1 3 2 2 0 0 1 1 5 52
1285.48 1 4 2 2 0 0 2 1 4 52
1286.48 1 5 2 2 0 0 3 1 3 52
1288 1 6 2 2 0 0 4 1 2 52
1295.28 1 7 2 2 0 0 5 1 1 52
1296.9 1 7 2 2 1 1 4 1 1 52
1299.75 0 6 2 2 2 1 4 1 1 52
1301.81 1 7 2 2 1 1 4 1 1 52
1303.24 1 6 2 2 1 1 3 1 2 52
1309.16 1 5 2 2 0 1 3 2 2 52
1318.82 1 4 2 2 0 1 2 2 3 52
1323.09 1 4 1 1 0 2 2 2 3 52
1323.27 1 4 1 1 0 1 2 1 3 53
1326.66 0 3 1 1 1 1 2 1 3 53
1328.15 0 2 1 1 0 1 2 2 3 53
1335.01 0 3 1 1 0 1 3 2 2 53
1336.65 0 2 1 1 0 1 2 2 3 53
1343.7 0 3 1 1 0 1 3 2 2 53
1351.46 0 4 1 1 1 1 3 1 2 53
1358.62 0 3 1 1 1 1 2 1 3 53
1359.37 0 4 1 1 1 1 3 1 2 53
1366.77 0 3 1 1 1 1 2 1 3 53
1368.36 0 4 1 1 1 1 3 1 2 53
1368.56 0 3 1 1 1 1 2 1 3 53
1379.3 0 3 1 1 0 0 3 1 3 53
1380.36 0 2 1 1 0 0 2 1 4 53
1383.37 0 1 1 1 0 0 1 1 5 53
1389.65 0 2 1 1 0 0 2 1 4 53
1392.76 0 3 1 1 0 0 3 1 3 53
1395.58 0 2 1 1 0 0 2 1 4 53
1395.65 0 3 1 1 0 0 3 1 3 53
1398.12 0 4 1 1 0 0 4 1 2 53
1405.29 0 5 1 1 0 0 5 1 1 53
1411.67 0 4 1 1 0 0 4 1 2 53
1412.92 0 3 1 1 0 0 3 1 3 53
1414.64 0 4 1 1 0 0 4 1 2 53
1430.22 0 5 1 1 0 0 5 1 1 53
1431.48 0 4 1 1 0 0 4 1 2 53
1435.18 0 5 1 1 0 0 5 1 1 53
1435.38 0 4 1 1 0 0 4 1 2 53
1436.81 0 5 1 1 0 0 5 1 1 53
1438.44 0 4 1 1 0 0 4 1 2 53
1439.02 0 5 1 1 1 0 4 0 2 53
1439.78 0 4 1 1 1 0 3 0 3 53
1441.3 0 3 1 1 1 0 2 0 4 53
1442.92 0 4 1 1 1 0 3 0 3 53
1449.11 0 3 1 1 1 0 2 0 4 53
1453.31 0 3 1 1 2 1 1 0 4 53
1460.16 0 4 1 1 2 1 2 0 3 53
1460.84 0 5 1 1 2 1 3 0 2 53
1461.11 0 4 1 1 1 1 3 1 2 53
1463.76 0 5 1 1 2 1 3 0 2 53
1466.67 0 4 1 1 2 1 2 0 3 53
1468.08 0 5 1 1 2 1 3 0 2 53
1468.4 1 6 1 1 1 1 3 0 2 53
1471.49 1 5 1 1 0 1 3 1 2 53
1475.23 0 4 1 1 1 1 3 1 2 53
1475.58 0 3 1 1 1 1 2 1 3 53
1475.81 0 4 1 1 1 1 3 1 2 53
1477.32 0 4 2 2 1 0 3 1 2 53
1487.16 0 3 2 2 1 0 2 1 3 53
1492.5 0 2 2 2 1 0 1 1 4 53
1494.35 0 3 2 2 1 0 2 1 3 53
1495.93 0 4 2 2 1 0 3 1 2 53
1501.88 0 3 2 2 0 0 3 2 2 53
1503.46 0 3 1 1 0 1 3 2 2 53
1519.07 0 2 1 1 0 1 2 2 3 53
1532.29 0 3 1 1 0 1 3 2 2 53
1536.07 0 4 1 1 0 1 4 2 1 53
1542.08 0 3 1 1 0 1 3 2 2 53
1547.17 0 4 1 1 0 1 4 2 1 53
1547.18 0 5 1 1 0 1 5 2 0 53
1549.02 0 6 1 1 1 1 5 1 0 53
1549.05 0 5 1 1 1 1 4 1 1 53
1550.65 0 5 1 1 1 0 4 0 1 54
1557.04 0 4 1 1 0 0 4 1 1 54
1574.7 0 3 1 1 0 0 3 1 2 54
1574.73 0 4 1 1 0 0 4 1 1 54
1585.36 0 4 1 1 1 1 3 1 1 54
1588.43 0 3 1 1 1 1 2 1 2 54
1596.44 0 2 1 1 1 1 1 1 3 54
1600.16 0 2 1 1 1 0 1 0 3 55
1604.68 0 3 1 1 1 0 2 0 2 55
1606.96 0 4 1 1 1 0 3 0 1 55
1613.08 0 5 1 1 1 0 4 0 0 55
1618.13 0 4 1 1 1 0 3 0 1 55
1621.18 0 3 1 1 1 0 2 0 2 55
1626.45 0 2 1 1 1 0 1 0 3 55
1635.38 0 3 1 1 1 0 2 0 2 55
1637.09 0 4 1 1 1 0 3 0 1 55
1651.12 0 5 1 1 1 0 4 0 0 55
1653.61 0 4 1 1 1 0 3 0 1 55
1658.22 0 3 1 1 0 0 3 1 1 55
1659.93 0 3 1 1 1 1 2 1 1 55
1668.2 0 2 1 1 1 1 1 1 2 55
1668.86 0 2 2 2 1 0 1 1 2 55
1672.68 1 3 2 2 0 0 1 1 2 55
1674.98 0 2 2 2 1 0 1 1 2 55
1675.3 1 3 2 2 0 0 1 1 2 55
1675.54 1 3 1 1 0 1 1 1 2 55
1683.07 1 2 1 1 0 1 0 1 3 55
1683.54 1 3 1 1 0 1 1 1 2 55
1686.9 1 3 1 1 0 0 1 0 2 56
1709.48 1 4 1 1 0 0 2 0 1 56
1711.61 1 5 1 1 0 0 3 0 0 56
1713.77 1 4 1 1 0 0 2 0 1 56
1715.88 1 3 1 1 0 0 1 0 2 56
1716.62 0 2 1 1 1 0 1 0 2 56
1718.13 0 3 1 1 1 0 2 0 1 56
1720.74 0 2 1 1 1 0 1 0 2 56
1761.09 0 3 1 1 1 0 2 0 1 56
1765.87 1 4 1 1 0 0 2 0 1 56
1766 1 4 0 0 0 1 2 0 1 56
1770.04 1 5 0 0 0 1 3 0 0 56
1773.14 1 4 0 0 0 1 2 0 1 56
1784.74 1 5 0 0 0 1 3 0 0 56
1786.01 0 4 0 0 1 1 3 0 0 56
1787.56 0 3 0 0 1 1 2 0 1 56
1792.99 0 4 0 0 1 1 3 0 0 56
1801.94 0 3 0 0 1 1 2 0 1 56
1805.16 0 4 0 0 1 1 3 0 0 56
1805.16 0 3 0 0 1 1 2 0 1 56
1817.28 0 4 0 0 1 1 3 0 0 56
1821.23 0 4 0 0 1 2 3 1 0 55
1823.64 0 3 0 0 1 2 2 1 1 55
1838.54 0 3 1 1 1 1 2 1 1 55
1839.74 1 4 1 1 0 1 2 1 1 55
1850.6 1 5 1 1 0 1 3 1 0 55
1851.76 1 4 1 1 0 1 2 1 1 55
1853.63 1 3 1 1 0 1 1 1 2 55
1862.88 1 4 1 1 1 1 1 0 2 55
1869.2 0 3 1 1 2 1 1 0 2 55
1885.44 0 3 1 1 1 0 2 0 2 55
1890.22 1 4 1 1 0 0 2 0 2 55
1890.92 1 5 1 1 0 0 3 0 1 55
1892.72 1 4 1 1 0 0 2 0 2 55
1895.72 1 5 1 1 0 0 3 0 1 55
1896.33 1 5 1 1 1 1 2 0 1 55
1898.56 1 4 1 1 1 1 1 0 2 55
1899.93 1 4 1 1 0 0 2 0 2 55
1902.61 1 5 1 1 0 0 3 0 1 55
1903.52 1 4 1 1 0 0 2 0 2 55
1908.56 1 4 1 1 0 1 2 1 2 54
1915.67 1 3 1 1 0 1 1 1 3 54
1917.51 1 3 1 1 0 2 1 2 3 53
1919.86 1 4 1 1 1 2 1 1 3 53
1920.3 1 5 1 1 1 2 2 1 2 53
1920.31 1 6 1 1 1 2 3 1 1 53
1920.55 1 5 1 1 1 2 2 1 2 53
1923.43 1 6 1 1 1 2 3 1 1 53
1929.75 0 5 1 1 2 2 3 1 1 53
1933.17 1 6 1 1 1 2 3 1 1 53
1933.82 1 5 1 1 1 2 2 1 2 53
1936.35 1 4 1 1 1 2 1 1 3 53
1938.21 1 3 1 1 1 2 0 1 4 53
1940.12 1 2 1 1 0 2 0 2 4 53
1953.25 1 3 1 1 0 2 1 2 3 53
1955.06 1 4 1 1 0 2 2 2 2 53
1958.59 1 5 1 1 1 2 2 1 2 53
1959.92 1 5 0 0 1 3 2 1 2 53
1960.35 1 4 0 0 1 3 1 1 3 53
1968.69 1 5 0 0 1 3 2 1 2 53
1975.25 0 4 0 0 2 3 2 1 2 53
1976.43 0 4 0 0 1 2 3 1 2 53
1978.79 0 3 0 0 1 2 2 1 3 53
1979.42 0 4 0 0 1 2 3 1 2 53
1985.14 0 3 0 0 1 2 2 1 3 53
1989.42 0 3 0 0 0 1 3 1 3 53
1994.17 0 4 0 0 0 1 4 1 2 53
1998.01 0 4 0 0 0 2 4 2 2 52
2010.18 0 3 0 0 0 2 3 2 3 52
2016.71 0 2 0 0 0 2 2 2 4 52
2019.92 0 3 0 0 0 2 3 2 3 52
2022.33 0 4 0 0 0 2 4 2 2 52
2023.31 0 3 0 0 0 2 3 2 3 52
2037.62 0 4 0 0 0 2 4 2 2 52
2040.34 0 3 0 0 0 2 3 2 3 52
2044.04 0 4 0 0 0 2 4 2 2 52
2049.85 0 3 0 0 0 2 3 2 3 52
2051.56 0 4 0 0 0 2 4 2 2 52
2057.73 0 4 0 0 0 1 4 1 2 53
2061.92 0 3 0 0 0 1 3 1 3 53
2063.76 0 4 0 0 0 1 4 1 2 53
2067.54 0 3 0 0 0 1 3 1 3 53
2070.52 0 4 0 0 0 1 4 1 2 53
2086.13 0 4 1 1 0 0 4 1 2 53
2086.83 0 3 1 1 0 0 3 1 3 53
2088.87 0 2 1 1 0 0 2 1 4 53
2101.45 0 2 1 1 1 1 1 1 4 53
2108.33 0 3 1 1 1 1 2 1 3 53
2111.86 0 2 1 1 1 1 1 1 4 53
2114.95 0 3 1 1 1 1 2 1 3 53
2119.34 0 4 1 1 1 1 3 1 2 53
2121.87 1 5 1 1 0 1 3 1 2 53
2121.95 1 4 1 1 0 1 2 1 3 53
2127.04 1 3 1 1 0 1 1 1 4 53
2128.73 1 4 1 1 0 1 2 1 3 53
2131.11 1 3 1 1 0 1 1 1 4 53
2135.17 1 3 1 1 0 2 1 2 4 52
2138.47 1 4 1 1 1 2 1 1 4 52
2139.1 1 4 2 2 1 1 1 1 4 52
2141.21 1 5 2 2 1 1 2 1 3 52
2142.37 1 5 1 1 1 2 2 1 3 52
2142.37 1 6 1 1 1 2 3 1 2 52
2144.77 1 5 1 1 1 2 2 1 3 52
2146.19 1 6 1 1 1 2 3 1 2 52
2148.33 0 5 1 1 2 2 3 1 2 52
2149.07 0 6 1 1 2 2 4 1 1 52
2159.53 0 5 1 1 2 2 3 1 2 52
2162.24 0 5 1 1 2 3 3 2 2 51
2164.02 1 6 1 1 1 3 3 2 2 51
2168.22 1 6 1 1 0 2 4 2 2 51
2170.93 1 6 1 1 1 3 3 2 2 51
2172.41 1 6 1 1 2 4 2 2 2 51
2173.04 1 7 1 1 3 4 2 1 2 51
2173.62 1 6 1 1 2 4 2 2 2 51
2175.43 1 5 1 1 2 4 1 2 3 51
2178.63 1 5 0 0 2 5 1 2 3 51
2180.38 1 4 0 0 2 5 0 2 4 51
2180.73 1 5 0 0 2 5 1 2 3 51
2182.43 1 5 0 0 2 4 1 1 3 52
2183.39 1 6 0 0 2 4 2 1 2 52
2184.55 1 5 0 0 1 4 2 2 2 52
2185.53 2 6 0 0 0 4 2 2 2 52
2186.41 1 5 0 0 1 4 2 2 2 52
2187.76 1 4 0 0 1 4 1 2 3 52
2188.65 1 5 0 0 1 4 2 2 2 52
2191.45 0 4 0 0 2 4 2 2 2 52
2193.23 0 5 0 0 2 4 3 2 1 52
2193.59 0 4 0 0 2 4 2 2 2 52
2194.06 1 5 0 0 1 4 2 2 2 52
2194.7 1 4 0 0 1 4 1 2 3 52
2195.28 0 3 0 0 2 4 1 2 3 52
2198.29 0 2 0 0 1 4 1 3 3 52
2202.45 0 2 0 0 1 3 1 2 3 53
2211.89 0 3 0 0 1 3 2 2 2 53
2213.44 0 4 0 0 1 3 3 2 1 53
2215.3 0 3 0 0 1 3 2 2 2 53
2221.27 0 2 0 0 0 3 2 3 2 53
2221.93 0 3 0 0 1 3 2 2 2 53
2226.01 0 3 0 0 1 2 2 1 2 54
2235.95 0 2 0 0 1 2 1 1 3 54
2243.14 0 3 0 0 1 2 2 1 2 54
2251.63 0 4 0 0 1 2 3 1 1 54
2256.15 0 4 0 0 0 1 4 1 1 54
2256.4 0 3 0 0 0 1 3 1 2 54
2259.32 0 4 0 0 0 1 4 1 1 54
2263.73 0 3 0 0 0 1 3 1 2 54
2265.34 0 4 0 0 0 1 4 1 1 54
2267.38 0 3 0 0 0 1 3 1 2 54
2267.8 0 4 0 0 0 1 4 1 1 54
2269.6 0 3 0 0 0 1 3 1 2 54
2273.39 0 2 0 0 0 1 2 1 3 54
2274.41 0 3 0 0 0 1 3 1 2 54
2277.75 0 4 0 0 0 1 4 1 1 54
2280.01 0 5 0 0 0 1 5 1 0 54
2287.78 0 4 0 0 0 1 4 1 1 54
2287.99 0 3 0 0 0 1 3 1 2 54
2296.49 0 2 0 0 0 1 2 1 3 54
2309.83 0 3 0 0 0 1 3 1 2 54
2320.95 0 2 0 0 0 1 2 1 3 54
2322.7 0 3 0 0 0 1 3 1 2 54
2324.02 0 2 0 0 0 1 2 1 3 54
2334.89 0 3 0 0 0 1 3 1 2 54
2335.42 0 4 0 0 0 1 4 1 1 54
2338.42 0 5 0 0 0 1 5 1 0 54
2340.73 0 4 0 0 0 1 4 1 1 54
2344.98 0 3 0 0 0 1 3 1 2 54
2348.53 0 2 0 0 0 1 2 1 3 54
2349.77 0 1 0 0 0 1 1 1 4 54
2349.9 0 2 0 0 0 1 2 1 3 54
2350 0 1 0 0 0 1 1 1 4 54
2358.86 0 2 0 0 1 1 1 0 4 54
2362.04 0 3 0 0 1 1 2 0 3 54
2375.05 0 4 0 0 1 1 3 0 2 54
2396.89 0 3 0 0 1 1 2 0 3 54
2398.67 0 4 0 0 1 1 3 0 2 54
2398.89 0 3 0 0 0 1 3 1 2 54
2399.38 0 2 0 0 0 1 2 1 3 54
2420.42 0 3 0 0 0 1 3 1 2 54
2420.77 0 4 0 0 0 1 4 1 1 54
2422.78 0 3 0 0 0 1 3 1 2 54
2423.8 0 2 0 0 0 1 2 1 3 54
2426.66 0 3 0 0 0 1 3 1 2 54
2432.2 0 3 1 1 0 0 3 1 2 54
2436.75 0 2 1 1 0 0 2 1 3 54
2437.52 0 3 1 1 0 0 3 1 2 54
2441.72 0 2 1 1 0 0 2 1 3 54
2447.51 0 2 0 0 0 1 2 1 3 54
2451.26 0 3 0 0 0 1 3 1 2 54
2453.73 0 4 0 0 0 1 4 1 1 54
2455.77 0 3 0 0 0 1 3 1 2 54
2462.79 0 4 0 0 0 1 4 1 1 54
2463.79 0 3 0 0 0 1 3 1 2 54
2465.6 0 4 0 0 0 1 4 1 1 54
2481.85 0 4 1 1 0 0 4 1 1 54
2486.28 0 4 1 1 1 1 3 1 1 54
2493.75 0 3 1 1 1 1 2 1 2 54
2494.76 0 4 1 1 1 1 3 1 1 54
2496.76 0 3 1 1 1 1 2 1 2 54
2503.84 0 2 1 1 1 1 1 1 3 54
2506.9 0 1 1 1 1 1 0 1 4 54
2509.77 0 1 1 1 0 0 1 1 4 54
2518.8 0 2 1 1 1 0 1 0 4 54
2532.7 0 3 1 1 1 0 2 0 3 54
2537.03 0 4 1 1 1 0 3 0 2 54
2542.51 0 3 1 1 1 0 2 0 3 54
2557.05 0 4 1 1 1 0 3 0 2 54
2558.63 0 5 1 1 1 0 4 0 1 54
2559.51 0 4 1 1 1 0 3 0 2 54
2560.97 0 5 1 1 1 0 4 0 1 54
2569.93 0 4 1 1 1 0 3 0 2 54
2572.61 0 3 1 1 1 0 2 0 3 54
2576.86 1 4 1 1 0 0 2 0 3 54
2587.96 0 3 1 1 1 0 2 0 3 54
2590.81 0 2 1 1 0 0 2 1 3 54
2601.85 0 1 1 1 0 0 1 1 4 54
2606.44 0 2 1 1 0 0 2 1 3 54
2618.01 0 3 1 1 0 0 3 1 2 54
2620.28 0 2 1 1 0 0 2 1 3 54
2625.43 0 1 1 1 0 0 1 1 4 54
2625.83 0 2 1 1 0 0 2 1 3 54
2636.43 0 2 1 1 0 1 2 2 3 53
2642.43 0 3 1 1 1 1 2 1 3 53
2643.07 0 2 1 1 1 1 1 1 4 53
2648.17 0 3 1 1 1 1 2 1 3 53
2648.4 1 4 1 1 0 1 2 1 3 53
2649.7 1 4 1 1 1 2 1 1 3 53
2651.02 1 4 1 1 0 1 2 1 3 53
2651.66 1 5 1 1 0 1 3 1 2 53
2657.38 1 4 1 1 0 1 2 1 3 53
2665.92 1 3 1 1 0 1 1 1 4 53
2668.8 1 4 1 1 0 1 2 1 3 53
2677.78 1 5 1 1 0 1 3 1 2 53
2682.56 1 6 1 1 0 1 4 1 1 53
2682.87 1 5 1 1 0 1 3 1 2 53
2683.24 1 6 1 1 0 1 4 1 1 53
2685.82 0 5 1 1 1 1 4 1 1 53
2686.44 0 5 2 2 1 0 4 1 1 53
2686.53 0 4 2 2 0 0 4 2 1 53
2687.11 0 3 2 2 0 0 3 2 2 53
2693.53 0 4 2 2 0 0 4 2 1 53
2695.16 0 4 1 1 0 1 4 2 1 53
2700.24 0 3 1 1 0 1 3 2 2 53
2709.02 0 2 1 1 0 1 2 2 3 53
2717.56 0 3 1 1 0 1 3 2 2 53
2720.07 0 2 1 1 0 1 2 2 3 53
2721.3 0 1 1 1 0 1 1 2 4 53
2721.68 0 2 1 1 1 1 1 1 4 53
2722.5 0 2 1 1 1 0 1 0 4 54
2724.19 0 3 1 1 1 0 2 0 3 54
2724.53 0 4 1 1 1 0 3 0 2 54
2726.9 0 3 1 1 1 0 2 0 3 54
2728.56 1 4 1 1 0 0 2 0 3 54
2737.48 1 5 1 1 0 0 3 0 2 54
2746.38 0 4 1 1 1 0 3 0 2 54
2746.49 0 3 1 1 1 0 2 0 3 54
2747.22 0 4 1 1 1 0 3 0 2 54
2751.16 0 3 1 1 1 0 2 0 3 54
2764.18 0 4 1 1 1 0 3 0 2 54
2768.6 0 3 1 1 1 0 2 0 3 54
2768.68 0 3 1 1 1 1 2 1 3 53
2770.91 0 4 1 1 1 1 3 1 2 53
2779.25 0 4 1 1 1 0 3 0 2 54
2780.96 0 5 1 1 1 0 4 0 1 54
2782.15 0 4 1 1 1 0 3 0 2 54
2783.81 0 4 1 1 2 1 2 0 2 54
2798.46 0 3 1 1 2 1 1 0 3 54
2810.84 0 4 1 1 2 1 2 0 2 54
2812.24 0 3 1 1 2 1 1 0 3 54
2815.88 0 4 1 1 2 1 2 0 2 54
2821.41 0 3 1 1 1 1 2 1 2 54
2829.02 0 2 1 1 1 1 1 1 3 54
2842.37 0 3 1 1 1 1 2 1 2 54
2848.5 0 2 1 1 1 1 1 1 3 54
2856.33 0 3 1 1 1 1 2 1 2 54
2860.76 0 2 1 1 1 1 1 1 3 54
2863.03 0 2 0 0 1 2 1 1 3 54
2863.17 0 3 0 0 1 2 2 1 2 54
2866.14 0 4 0 0 1 2 3 1 1 54
2867.59 0 3 0 0 1 2 2 1 2 54
2881.15 0 3 0 0 1 1 2 0 2 55
2881.56 0 2 0 0 1 1 1 0 3 55
2883.86 0 2 0 0 1 2 1 1 3 54
2884.84 0 2 1 1 1 1 1 1 3 54
2893.3 0 2 1 1 1 0 1 0 3 55
2903.37 0 3 1 1 1 0 2 0 2 55
2905.98 0 2 1 1 0 0 2 1 2 55
2910.81 0 3 1 1 0 0 3 1 1 55
2934.89 0 4 1 1 0 0 4 1 0 55
2935.85 0 3 1 1 0 0 3 1 1 55
2941.05 0 2 1 1 0 0 2 1 2 55
2947.2 0 1 1 1 0 0 1 1 3 55
2956.78 0 2 1 1 0 0 2 1 2 55
2957.59 0 3 1 1 0 0 3 1 1 55
2975.95 0 3 1 1 1 1 2 1 1 55
2992.25 0 2 1 1 1 1 1 1 2 55
2992.25 0 2 1 1 1 1 1 1 2 55
