0 60 120 60 60 0 0 0 0 0 0
0.00844184 59 119 60 60 1 0 0 0 0 0
0.0195943 58 118 60 60 2 0 0 0 0 0
0.0389539 57 117 60 60 3 0 0 0 0 0
0.0479052 56 116 60 60 4 0 0 0 0 0
0.0549049 55 115 60 60 5 0 0 0 0 0
0.0654757 54 114 60 60 6 0 0 0 0 0
0.0656351 54 114 59 59 6 1 0 0 0 0
0.0674498 54 114 58 58 6 2 0 0 0 0
0.0988905 53 113 58 58 7 2 0 0 0 0
0.152243 52 112 58 58 8 2 0 0 0 0
0.152939 51 111 58 58 9 2 0 0 0 0
0.153349 50 110 58 58 10 2 0 0 0 0
0.178425 49 109 58 58 11 2 0 0 0 0
0.200138 48 108 58 58 12 2 0 0 0 0
0.211733 48 108 57 57 12 3 0 0 0 0
0.227699 48 107 57 57 11 3 0 1 0 0
0.234441 48 107 56 56 11 4 0 1 0 0
0.278234 48 107 55 55 11 5 0 1 0 0
0.28197 47 106 55 55 12 5 0 1 0 0
0.300751 46 105 55 55 13 5 0 1 0 0
0.30554 46 105 54 54 13 6 0 1 0 0
0.316115 46 105 53 53 13 7 0 1 0 0
0.327728 45 104 53 53 14 7 0 1 0 0
0.343837 45 104 52 52 14 8 0 1 0 0
0.354316 44 103 52 52 15 8 0 1 0 0
0.38905 43 102 52 52 16 8 0 1 0 0
0.398806 42 101 52 52 17 8 0 1 0 0
0.400783 42 101 51 51 17 9 0 1 0 0
0.419058 41 100 51 51 18 9 0 1 0 0
0.420171 41 100 50 50 18 10 0 1 0 0
0.426746 40 99 50 50 19 10 0 1 0 0
0.432458 39 98 50 50 20 10 0 1 0 0
0.43251 39 98 49 49 20 11 0 1 0 0
0.465305 39 98 49 49 19 10 1 1 0 0
0.485232 38 97 49 49 20 10 1 1 0 0
0.519414 37 96 49 49 21 10 1 1 0 0
0.551828 37 96 48 48 21 11 1 1 0 0
0.556929 37 96 47 47 21 12 1 1 0 0
0.55701 36 95 47 47 22 12 1 1 0 0
0.587106 36 95 46 46 22 13 1 1 0 0
0.600675 35 94 46 46 23 13 1 1 0 0
0.601344 35 94 47 47 23 12 1 1 0 0
0.619048 35 93 47 47 22 12 1 2 0 0
0.625404 35 93 46 46 22 13 1 2 0 0
0.626546 35 93 45 45 22 14 1 2 0 0
0.641466 35 93 44 44 22 15 1 2 0 0
0.643585 34 92 44 44 23 15 1 2 0 0
0.64553 34 91 44 44 22 15 1 3 0 0
0.647499 33 90 44 44 23 15 1 3 0 0
0.655352 32 89 44 44 24 15 1 3 0 0
0.670108 32 88 44 44 23 15 1 4 0 0
0.698413 32 88 43 43 23 16 1 4 0 0
0.715466 32 87 43 43 22 16 1 5 0 0
0.745382 32 87 42 42 22 17 1 5 0 0
0.799754 31 86 42 42 23 17 1 5 0 0
0.801492 31 86 41 41 23 18 1 5 0 0
0.8092 31 85 41 41 22 18 1 6 0 0
0.822488 30 84 41 41 23 18 1 6 0 0
0.82919 29 83 41 41 24 18 1 6 0 0
0.835748 29 83 41 41 23 17 2 6 0 0
0.838911 28 82 41 41 24 17 2 6 0 0
0.866802 28 81 41 41 23 17 2 7 0 0
0.891738 27 80 41 41 24 17 2 7 0 0
0.901521 26 79 41 41 25 17 2 7 0 0
0.935911 25 78 41 41 26 17 2 7 0 0
0.955076 25 77 41 41 26 17 1 7 1 0
1.00929 25 77 41 41 25 16 2 7 1 0
1.03832 25 77 40 40 25 17 2 7 1 0
1.04898 25 77 39 39 25 18 2 7 1 0
1.05082 25 76 39 39 24 18 2 8 1 0
1.05322 25 75 39 39 23 18 2 9 1 0
1.0892 25 75 38 38 23 19 2 9 1 0
1.09712 25 74 38 38 22 19 2 10 1 0
1.10824 25 74 37 37 22 20 2 10 1 0
1.10872 25 74 36 36 22 21 2 10 1 0
1.16363 25 73 36 36 21 21 2 11 1 0
1.17929 25 73 35 35 21 22 2 11 1 0
1.19275 25 72 35 35 20 22 2 12 1 0
1.20832 24 71 35 35 21 22 2 12 1 0
1.27546 24 70 35 35 20 22 2 13 1 0
1.29245 24 70 34 34 20 23 2 13 1 0
1.3151 24 70 34 34 19 22 3 13 1 0
1.36616 24 69 34 34 18 22 3 14 1 0
1.42226 24 68 34 34 17 22 3 15 1 0
1.4658 23 67 34 34 18 22 3 15 1 0
1.48685 22 66 34 34 19 22 3 15 1 0
1.48988 22 65 34 34 18 22 3 16 1 0
1.49997 22 65 34 34 17 21 4 16 1 0
1.52323 22 65 33 33 17 22 4 16 1 0
1.60283 22 65 32 32 17 23 4 16 1 0
1.61276 21 64 32 32 18 23 4 16 1 0
1.65136 20 63 32 32 19 23 4 16 1 0
1.66875 20 62 32 32 18 23 4 17 1 0
1.73371 19 61 32 32 19 23 4 17 1 0
1.80292 18 60 32 32 20 23 4 17 1 0
1.8067 18 59 32 32 19 23 4 18 1 0
1.81788 18 59 31 31 19 24 4 18 1 0
1.86035 18 58 31 31 18 24 4 19 1 0
1.96697 18 58 30 30 18 25 4 19 1 0
1.98135 18 58 29 29 18 26 4 19 1 0
2.00694 17 57 29 29 19 26 4 19 1 0
2.03945 17 57 28 28 19 27 4 19 1 0
2.04534 16 56 28 28 20 27 4 19 1 0
2.04558 16 56 27 27 20 28 4 19 1 0
2.0734 15 55 27 27 21 28 4 19 1 0
2.08368 14 54 27 27 22 28 4 19 1 0
2.13187 13 53 27 27 23 28 4 19 1 0
2.16115 13 52 27 27 22 28 4 20 1 0
2.16476 13 51 27 27 22 28 3 20 2 0
2.16698 12 50 27 27 23 28 3 20 2 0
2.17676 12 50 27 27 23 27 3 19 2 1
2.1921 12 50 27 27 22 26 4 19 2 1
2.26306 12 50 27 27 22 25 4 18 2 2
2.30476 12 50 26 26 22 26 4 18 2 2
2.34609 12 50 26 26 23 27 3 18 2 2
2.3761 12 49 26 26 22 27 3 19 2 2
2.45706 12 49 26 26 22 26 3 18 2 3
2.52465 12 49 26 26 22 25 3 17 2 4
2.52745 11 48 26 26 23 25 3 17 2 4
2.581 11 48 26 26 22 24 4 17 2 4
2.63999 10 47 26 26 23 24 4 17 2 4
2.66518 10 47 26 26 22 23 5 17 2 4
2.8058 11 48 26 26 21 23 5 17 2 4
2.85539 11 48 26 26 21 22 5 16 2 5
2.88214 11 48 25 25 21 23 5 16 2 5
2.88413 11 48 24 24 21 24 5 16 2 5
2.99516 11 47 24 24 20 24 5 17 2 5
3.0065 11 47 23 23 20 25 5 17 2 5
3.03285 10 46 23 23 21 25 5 17 2 5
3.07111 10 46 23 23 21 24 5 16 2 6
3.17459 10 46 23 23 21 23 5 15 2 7
3.19068 10 46 22 22 21 24 5 15 2 7
3.20622 10 46 22 22 21 23 5 14 2 8
3.2844 10 45 22 22 20 23 5 15 2 8
3.41865 10 45 22 22 19 22 6 15 2 8
3.59668 10 45 21 21 19 23 6 15 2 8
3.63421 10 44 21 21 18 23 6 16 2 8
3.6461 10 43 21 21 18 23 5 16 3 8
3.67749 9 42 21 21 19 23 5 16 3 8
3.72011 8 41 21 21 20 23 5 16 3 8
3.77627 8 41 21 21 19 22 6 16 3 8
3.82795 8 41 21 21 18 21 7 16 3 8
4.05275 8 41 20 20 18 22 7 16 3 8
4.07639 8 40 20 20 17 22 7 17 3 8
4.15072 7 39 20 20 18 22 7 17 3 8
4.19454 7 39 20 20 17 21 8 17 3 8
4.19732 7 39 19 19 17 22 8 17 3 8
4.2272 7 38 19 19 16 22 8 18 3 8
4.39624 7 38 19 19 16 21 8 17 3 9
4.46651 7 38 18 18 16 22 8 17 3 9
4.55116 7 38 18 18 15 21 9 17 3 9
4.60482 7 37 18 18 14 21 9 18 3 9
4.6103 7 37 17 17 14 22 9 18 3 9
4.7057 7 36 17 17 14 22 8 18 4 9
4.7823 7 35 17 17 13 22 8 19 4 9
4.82295 7 34 17 17 12 22 8 20 4 9
5.00582 7 34 17 17 12 21 8 19 4 10
5.18382 6 33 17 17 13 21 8 19 4 10
5.35597 6 33 17 17 13 20 8 18 4 11
5.38713 6 33 17 17 12 19 9 18 4 11
5.40305 6 33 16 16 12 20 9 18 4 11
5.42667 6 33 16 16 12 19 9 17 4 12
5.52363 6 33 16 16 11 18 10 17 4 12
5.59116 6 33 16 16 10 17 11 17 4 12
5.76274 6 32 16 16 9 17 11 18 4 12
5.82645 6 31 16 16 9 17 10 18 5 12
6.03091 6 31 16 16 9 16 10 17 5 13
6.23893 5 30 16 16 10 16 10 17 5 13
6.43391 5 30 16 16 9 15 11 17 5 13
6.5021 5 29 16 16 9 15 10 17 6 13
6.99088 4 28 16 16 10 15 10 17 6 13
7.21751 3 27 16 16 11 15 10 17 6 13
7.21992 3 27 15 15 11 16 10 17 6 13
7.39538 3 27 14 14 11 17 10 17 6 13
7.40322 3 27 14 14 11 16 10 16 6 14
7.48962 3 27 14 14 11 15 10 15 6 15
7.49442 3 27 13 13 11 16 10 15 6 15
7.56783 3 27 13 13 10 15 11 15 6 15
7.64326 4 28 13 13 9 15 11 15 6 15
7.69834 4 27 13 13 8 15 11 16 6 15
7.73986 3 26 13 13 9 15 11 16 6 15
8.24205 3 26 13 13 9 14 11 15 6 16
8.24396 3 26 12 12 9 15 11 15 6 16
8.2685 3 26 11 11 9 16 11 15 6 16
8.36349 3 25 11 11 9 16 10 15 7 16
8.43853 3 24 11 11 9 16 9 15 8 16
8.57631 3 23 11 11 8 16 9 16 8 16
8.65877 3 22 11 11 8 16 8 16 9 16
8.68416 3 22 11 11 8 15 8 15 9 17
8.82057 3 22 11 11 8 14 8 14 9 18
8.9122 3 22 11 11 8 13 8 13 9 19
9.02233 3 21 11 11 8 13 7 13 10 19
9.02411 3 22 11 11 9 13 7 12 10 19
9.06929 3 21 11 11 9 13 6 12 11 19
9.08001 3 20 11 11 9 13 5 12 12 19
9.4295 3 19 11 11 8 13 5 13 12 19
9.57623 3 19 10 10 8 14 5 13 12 19
9.72697 3 18 10 10 8 14 4 13 13 19
9.97658 3 18 10 10 7 13 5 13 13 19
10.1002 3 18 10 10 7 12 5 12 13 20
10.2247 2 17 10 10 8 12 5 12 13 20
10.5965 2 17 11 11 8 11 5 12 13 20
10.6653 2 17 11 11 8 10 5 11 13 21
11.0132 2 16 11 11 7 10 5 12 13 21
11.2136 2 15 11 11 6 10 5 13 13 21
11.4926 2 16 11 11 6 10 6 13 12 21
11.6963 2 16 11 11 6 9 6 12 12 22
11.8859 2 15 11 11 6 9 5 12 13 22
11.944 2 15 10 10 6 10 5 12 13 22
11.975 2 15 10 10 6 9 5 11 13 23
12.1319 1 14 10 10 7 9 5 11 13 23
12.4013 1 15 10 10 8 9 5 10 13 23
12.878 1 15 10 10 8 8 5 9 13 24
13.1202 1 14 10 10 8 8 4 9 14 24
14.3242 1 15 10 10 8 8 5 9 13 24
14.9198 1 14 10 10 7 8 5 10 13 24
14.9249 1 14 10 10 6 7 6 10 13 24
15.1701 1 14 10 10 6 6 6 9 13 25
15.1851 1 13 10 10 5 6 6 10 13 25
15.649 1 12 10 10 5 6 5 10 14 25
16.1948 1 11 10 10 4 6 5 11 14 25
16.6188 1 11 10 10 4 5 5 10 14 26
17.0433 1 11 10 10 4 4 5 9 14 27
17.052 1 11 9 9 4 5 5 9 14 27
17.0811 1 12 9 9 4 5 6 9 13 27
17.1527 1 11 9 9 4 5 5 9 14 27
17.2108 1 11 8 8 4 6 5 9 14 27
17.5347 0 10 8 8 5 6 5 9 14 27
17.553 0 11 8 8 5 6 6 9 13 27
17.9009 0 12 8 8 6 6 6 8 13 27
18.0029 0 11 8 8 5 6 6 9 13 27
18.2593 1 12 8 8 4 6 6 9 13 27
18.3612 1 13 8 8 4 6 7 9 12 27
18.6682 1 13 8 8 4 5 7 8 12 28
18.8929 1 13 8 8 4 4 7 7 12 29
19.9575 1 13 8 8 4 3 7 6 12 30
20.6602 1 12 8 8 4 3 6 6 13 30
21.1446 1 11 8 8 4 3 5 6 14 30
22.205 1 10 8 8 4 3 4 6 15 30
22.4509 1 10 7 7 4 4 4 6 15 30
23.3383 1 9 7 7 3 4 4 7 15 30
23.7079 1 9 6 6 3 5 4 7 15 30
23.9692 1 10 6 6 3 5 5 7 14 30
25.5215 1 10 6 6 3 4 5 6 14 31
25.6471 1 9 6 6 2 4 5 7 14 31
26.01 1 9 6 6 2 3 5 6 14 32
26.0307 1 9 5 5 2 4 5 6 14 32
26.8274 1 10 5 5 2 4 6 6 13 32
30.0808 1 11 5 5 2 4 7 6 12 32
30.5332 1 10 5 5 1 4 7 7 12 32
31.1241 1 9 5 5 0 4 7 8 12 32
31.906 1 9 5 5 0 3 7 7 12 33
31.9863 1 9 5 5 1 4 6 7 12 33
33.6353 0 8 5 5 2 4 6 7 12 33
33.6517 0 9 5 5 2 4 7 7 11 33
35.666 0 8 5 5 2 4 6 7 12 33
36.9777 0 8 5 5 2 3 6 6 12 34
38.1738 0 9 5 5 2 3 7 6 11 34
38.6341 0 8 5 5 2 3 6 6 12 34
39.4038 0 7 5 5 2 3 5 6 13 34
39.6718 0 8 5 5 2 3 6 6 12 34
39.7748 0 9 5 5 2 3 7 6 11 34
39.7986 0 8 5 5 2 3 6 6 12 34
40.4511 0 9 5 5 3 3 6 5 12 34
40.532 0 10 5 5 3 3 7 5 11 34
40.931 0 9 5 5 3 3 6 5 12 34
41.5688 0 10 5 5 3 3 7 5 11 34
41.6715 0 9 5 5 3 3 6 5 12 34
42.1409 0 10 5 5 3 3 7 5 11 34
42.9241 0 9 5 5 3 3 6 5 12 34
43.226 0 8 5 5 3 3 5 5 13 34
43.5578 0 9 5 5 3 3 6 5 12 34
43.6368 0 10 5 5 3 3 7 5 11 34
44.0018 0 9 5 5 3 3 6 5 12 34
45.6961 0 10 5 5 3 3 7 5 11 34
45.9057 0 11 5 5 3 3 8 5 10 34
46.0242 0 10 5 5 2 3 8 6 10 34
46.5061 0 11 5 5 2 3 9 6 9 34
46.6756 0 12 5 5 2 3 10 6 8 34
46.8308 0 11 5 5 1 3 10 7 8 34
47.0016 0 10 5 5 1 3 9 7 9 34
47.0604 0 9 5 5 1 3 8 7 10 34
48.4802 0 10 5 5 1 3 9 7 9 34
49.0301 0 10 5 5 1 2 9 6 9 35
49.276 0 10 6 6 1 1 9 6 9 35
50.7748 0 9 6 6 1 1 8 6 10 35
52.8977 0 10 6 6 1 1 9 6 9 35
54.2804 0 11 6 6 1 1 10 6 8 35
54.6279 0 10 6 6 0 1 10 7 8 35
55.3581 0 9 6 6 0 1 9 7 9 35
55.7309 0 9 5 5 0 2 9 7 9 35
56.3386 0 8 5 5 0 2 8 7 10 35
56.685 0 9 5 5 0 2 9 7 9 35
57.8753 0 8 5 5 0 2 8 7 10 35
58.0458 0 9 5 5 1 2 8 6 10 35
60.2699 0 8 5 5 0 2 8 7 10 35
61.4032 0 9 5 5 1 2 8 6 10 35
61.6568 0 8 5 5 1 2 7 6 11 35
61.9111 0 8 4 4 1 3 7 6 11 35
64.9625 0 7 4 4 1 3 6 6 12 35
65.0857 0 6 4 4 1 3 5 6 13 35
65.3189 0 7 4 4 1 3 6 6 12 35
65.4285 0 8 4 4 1 3 7 6 11 35
65.5395 0 7 4 4 0 3 7 7 11 35
65.9872 0 6 4 4 0 3 6 7 12 35
68.0094 0 5 4 4 0 3 5 7 13 35
69.2291 0 6 4 4 0 3 6 7 12 35
69.6437 0 7 4 4 1 3 6 6 12 35
70.2482 0 8 4 4 1 3 7 6 11 35
71.0688 0 7 4 4 1 3 6 6 12 35
71.2346 0 6 4 4 0 3 6 7 12 35
71.3528 0 6 3 3 0 4 6 7 12 35
72.2541 0 7 3 3 0 4 7 7 11 35
72.9216 0 6 3 3 0 4 6 7 12 35
73.2014 0 6 3 3 0 3 6 6 12 36
73.8214 0 7 3 3 0 3 7 6 11 36
74.266 0 6 3 3 0 3 6 6 12 36
74.9081 0 6 3 3 1 4 5 6 12 36
76.2744 0 6 3 3 1 3 5 5 12 37
76.3038 0 7 3 3 1 3 6 5 11 37
76.7457 0 6 3 3 1 3 5 5 12 37
79.6662 0 7 3 3 1 3 6 5 11 37
80.0634 0 8 3 3 1 3 7 5 10 37
80.1753 0 7 3 3 1 3 6 5 11 37
80.7287 0 6 3 3 1 3 5 5 12 37
81.4922 0 6 3 3 1 2 5 4 12 38
81.9483 0 5 3 3 0 2 5 5 12 38
82.8714 0 5 2 2 0 3 5 5 12 38
82.9232 0 6 2 2 1 3 5 4 12 38
84.9265 0 7 2 2 1 3 6 4 11 38
85.7788 0 8 2 2 1 3 7 4 10 38
86.8938 0 7 2 2 1 3 6 4 11 38
90.2494 0 8 2 2 1 3 7 4 10 38
90.765 0 7 2 2 1 3 6 4 11 38
92.1686 0 7 2 2 2 4 5 4 11 38
94.2254 0 8 2 2 2 4 6 4 10 38
94.614 0 7 2 2 2 4 5 4 11 38
94.8019 0 6 2 2 2 4 4 4 12 38
94.9289 0 7 2 2 2 4 5 4 11 38
95.6437 0 7 2 2 2 3 5 3 11 39
95.6925 0 8 2 2 2 3 6 3 10 39
95.8596 0 8 3 3 2 2 6 3 10 39
96.9808 0 7 3 3 2 2 5 3 11 39
97.3995 0 6 3 3 2 2 4 3 12 39
98.9142 0 7 3 3 2 2 5 3 11 39
98.9403 0 8 3 3 2 2 6 3 10 39
99.5184 0 7 3 3 2 2 5 3 11 39
99.7895 0 8 3 3 2 2 6 3 10 39
101.713 0 7 3 3 2 2 5 3 11 39
101.864 0 6 3 3 1 2 5 4 11 39
101.97 0 7 3 3 2 2 5 3 11 39
103.27 0 7 4 4 2 1 5 3 11 39
105.171 0 7 3 3 2 2 5 3 11 39
105.315 0 7 2 2 2 3 5 3 11 39
105.524 0 6 2 2 1 3 5 4 11 39
106.341 0 7 2 2 1 3 6 4 10 39
107.631 0 6 2 2 1 3 5 4 11 39
108.71 0 7 2 2 1 3 6 4 10 39
109.173 0 6 2 2 1 3 5 4 11 39
109.307 0 7 2 2 1 3 6 4 10 39
109.417 0 8 2 2 1 3 7 4 9 39
109.903 0 7 2 2 1 3 6 4 10 39
111.913 0 6 2 2 0 3 6 5 10 39
115.625 0 5 2 2 0 3 5 5 11 39
116.005 0 6 2 2 0 3 6 5 10 39
116.451 0 7 2 2 0 3 7 5 9 39
116.573 0 8 2 2 1 3 7 4 9 39
118.089 0 7 2 2 1 3 6 4 10 39
120.65 0 6 2 2 1 3 5 4 11 39
123.283 0 7 2 2 1 3 6 4 10 39
124.175 0 7 2 2 2 4 5 4 10 39
124.553 0 8 2 2 2 4 6 4 9 39
124.618 0 7 2 2 2 4 5 4 10 39
125.648 0 7 3 3 2 3 5 4 10 39
127.609 0 6 3 3 2 3 4 4 11 39
128.371 0 6 2 2 2 4 4 4 11 39
130.701 0 5 2 2 2 4 3 4 12 39
131.478 0 4 2 2 1 4 3 5 12 39
132.337 0 5 2 2 1 4 4 5 11 39
133.012 0 4 2 2 1 4 3 5 12 39
133.959 0 4 2 2 1 3 3 4 12 40
134.118 1 5 2 2 0 3 3 4 12 40
136.12 1 4 2 2 0 3 2 4 13 40
137.374 1 4 3 3 0 2 2 4 13 40
139.684 1 5 3 3 0 2 3 4 12 40
141.67 1 6 3 3 0 2 4 4 11 40
144.497 1 7 3 3 0 2 5 4 10 40
145.683 0 6 3 3 1 2 5 4 10 40
145.694 0 7 3 3 1 2 6 4 9 40
146.228 0 6 3 3 1 2 5 4 10 40
146.268 0 5 3 3 1 2 4 4 11 40
148.49 0 5 2 2 1 3 4 4 11 40
150.43 0 6 2 2 1 3 5 4 10 40
151.712 0 7 2 2 1 3 6 4 9 40
153.386 0 8 2 2 1 3 7 4 8 40
153.445 0 8 2 2 2 4 6 4 8 40
155.251 0 9 2 2 2 4 7 4 7 40
158.269 0 8 2 2 2 4 6 4 8 40
158.33 0 7 2 2 1 4 6 5 8 40
158.713 0 6 2 2 1 4 5 5 9 40
158.767 0 7 2 2 1 4 6 5 8 40
159.054 0 6 2 2 1 4 5 5 9 40
159.251 0 5 2 2 1 4 4 5 10 40
161.98 0 6 2 2 1 4 5 5 9 40
162.161 0 7 2 2 1 4 6 5 8 40
162.197 0 8 2 2 1 4 7 5 7 40
162.367 0 7 2 2 1 4 6 5 8 40
162.48 0 6 2 2 1 4 5 5 9 40
162.698 0 5 2 2 1 4 4 5 10 40
163.012 0 5 2 2 0 3 5 5 10 40
165.583 0 6 2 2 0 3 6 5 9 40
165.981 0 5 2 2 0 3 5 5 10 40
166.789 0 6 2 2 0 3 6 5 9 40
167.287 0 6 2 2 0 2 6 4 9 41
169.485 0 5 2 2 0 2 5 4 10 41
170.203 0 4 2 2 0 2 4 4 11 41
172.107 0 5 2 2 0 2 5 4 10 41
174.353 0 4 2 2 0 2 4 4 11 41
175.415 0 4 2 2 0 1 4 3 11 42
175.473 0 5 2 2 0 1 5 3 10 42
180.411 0 6 2 2 0 1 6 3 9 42
182.965 0 7 2 2 0 1 7 3 8 42
186.389 0 6 2 2 0 1 6 3 9 42
186.472 0 7 2 2 0 1 7 3 8 42
188.009 0 8 2 2 0 1 8 3 7 42
188.07 0 7 2 2 0 1 7 3 8 42
189.21 0 8 2 2 0 1 8 3 7 42
189.545 0 9 2 2 1 1 8 2 7 42
190.419 0 8 2 2 1 1 7 2 8 42
191.339 0 8 2 2 2 2 6 2 8 42
191.591 0 7 2 2 2 2 5 2 9 42
191.877 0 6 2 2 2 2 4 2 10 42
192.945 0 6 1 1 2 3 4 2 10 42
194.879 0 7 1 1 2 3 5 2 9 42
196.214 0 6 1 1 2 3 4 2 10 42
197.746 0 5 1 1 1 3 4 3 10 42
200.772 0 6 1 1 1 3 5 3 9 42
202.595 0 5 1 1 1 3 4 3 10 42
203.435 0 4 1 1 1 3 3 3 11 42
206.877 0 5 1 1 1 3 4 3 10 42
207.001 0 4 1 1 1 3 3 3 11 42
208.634 0 4 2 2 1 2 3 3 11 42
209.118 0 3 2 2 1 2 2 3 12 42
210.954 0 3 2 2 1 1 2 2 12 43
212.071 0 4 2 2 1 1 3 2 11 43
212.438 0 4 2 2 2 2 2 2 11 43
212.703 0 5 2 2 2 2 3 2 10 43
213.997 0 4 2 2 1 2 3 3 10 43
214.828 0 5 2 2 1 2 4 3 9 43
217.059 0 6 2 2 1 2 5 3 8 43
217.327 0 6 3 3 1 1 5 3 8 43
219.052 0 7 3 3 2 1 5 2 8 43
223.719 1 8 3 3 1 1 5 2 8 43
225.999 1 8 3 3 1 0 5 1 8 44
226.347 1 7 3 3 1 0 4 1 9 44
227.434 1 8 3 3 1 0 5 1 8 44
228.92 1 9 3 3 1 0 6 1 7 44
233.227 0 8 3 3 2 0 6 1 7 44
233.352 0 7 3 3 2 0 5 1 8 44
235.428 0 6 3 3 2 0 4 1 9 44
238.573 0 6 2 2 2 1 4 1 9 44
238.986 0 7 2 2 2 1 5 1 8 44
239.65 0 6 2 2 2 1 4 1 9 44
241.716 0 5 2 2 2 1 3 1 10 44
242.048 0 6 2 2 2 1 4 1 9 44
244.931 0 7 2 2 2 1 5 1 8 44
249.83 0 6 2 2 1 1 5 2 8 44
250.641 0 6 2 2 0 0 6 2 8 44
261.212 0 7 2 2 0 0 7 2 7 44
261.889 0 8 2 2 0 0 8 2 6 44
269.819 0 7 2 2 0 0 7 2 7 44
271.042 0 6 2 2 0 0 6 2 8 44
271.222 0 5 2 2 0 0 5 2 9 44
273.084 0 6 2 2 0 0 6 2 8 44
273.442 0 7 2 2 0 0 7 2 7 44
275.636 0 8 2 2 0 0 8 2 6 44
276.346 0 9 2 2 1 0 8 1 6 44
276.489 0 8 2 2 1 0 7 1 7 44
278.841 0 7 2 2 1 0 6 1 8 44
280.099 0 8 2 2 1 0 7 1 7 44
280.721 0 7 2 2 1 0 6 1 8 44
281.417 0 8 2 2 1 0 7 1 7 44
281.418 0 7 2 2 1 0 6 1 8 44
281.939 0 7 1 1 1 1 6 1 8 44
282.008 0 6 1 1 1 1 5 1 9 44
282.432 0 7 1 1 1 1 6 1 8 44
283.655 0 6 1 1 1 1 5 1 9 44
285.716 0 5 1 1 1 1 4 1 10 44
286.408 0 6 1 1 1 1 5 1 9 44
289.753 0 6 2 2 1 0 5 1 9 44
292.325 0 5 2 2 1 0 4 1 10 44
293.915 0 6 2 2 1 0 5 1 9 44
295.636 0 5 2 2 1 0 4 1 10 44
295.674 0 6 2 2 1 0 5 1 9 44
297.089 0 5 2 2 1 0 4 1 10 44
298.398 0 5 1 1 1 1 4 1 10 44
298.491 0 4 1 1 1 1 3 1 11 44
299.239 0 5 1 1 1 1 4 1 10 44
301.391 1 6 1 1 0 1 4 1 10 44
301.48 1 5 1 1 0 1 3 1 11 44
302.159 1 6 1 1 0 1 4 1 10 44
304.901 1 5 1 1 0 1 3 1 11 44
305.062 1 6 1 1 0 1 4 1 10 44
306.47 1 7 1 1 0 1 5 1 9 44
310.191 1 8 1 1 0 1 6 1 8 44
314.244 1 7 1 1 0 1 5 1 9 44
314.414 1 6 1 1 0 1 4 1 10 44
319.116 1 5 1 1 0 1 3 1 11 44
319.706 0 4 1 1 1 1 3 1 11 44
320.303 0 3 1 1 1 1 2 1 12 44
321.904 1 4 1 1 0 1 2 1 12 44
325.551 1 5 1 1 0 1 3 1 11 44
327.962 1 6 1 1 0 1 4 1 10 44
329.844 1 7 1 1 0 1 5 1 9 44
332.589 1 6 1 1 0 1 4 1 10 44
333.005 1 7 1 1 0 1 5 1 9 44
333.037 1 8 1 1 0 1 6 1 8 44
333.103 1 9 1 1 0 1 7 1 7 44
334.131 1 8 1 1 0 1 6 1 8 44
335.151 1 7 1 1 0 1 5 1 9 44
335.267 1 7 1 1 1 2 4 1 9 44
335.601 1 8 1 1 1 2 5 1 8 44
335.646 1 9 1 1 1 2 6 1 7 44
339.193 1 9 2 2 1 1 6 1 7 44
339.333 1 10 2 2 1 1 7 1 6 44
339.554 1 9 2 2 1 1 6 1 7 44
339.613 1 10 2 2 1 1 7 1 6 44
340.001 1 9 2 2 1 1 6 1 7 44
340.321 0 8 2 2 2 1 6 1 7 44
340.669 0 9 2 2 2 1 7 1 6 44
342.074 0 8 2 2 2 1 6 1 7 44
342.397 0 7 2 2 2 1 5 1 8 44
343.339 0 8 2 2 2 1 6 1 7 44
345.665 0 9 2 2 2 1 7 1 6 44
348.18 0 8 2 2 1 1 7 2 6 44
349.221 0 8 1 1 1 2 7 2 6 44
351.662 0 7 1 1 1 2 6 2 7 44
351.892 0 6 1 1 1 2 5 2 8 44
355.731 0 7 1 1 1 2 6 2 7 44
356.053 0 8 1 1 2 2 6 1 7 44
356.552 0 8 1 1 2 1 6 0 7 45
358.17 1 9 1 1 1 1 6 0 7 45
358.886 1 10 1 1 1 1 7 0 6 45
359.097 1 9 1 1 1 1 6 0 7 45
359.118 1 8 1 1 1 1 5 0 8 45
361.08 1 7 1 1 1 1 4 0 9 45
364.48 0 6 1 1 2 1 4 0 9 45
365.514 0 7 1 1 2 1 5 0 8 45
365.971 0 8 1 1 2 1 6 0 7 45
366.783 0 9 1 1 2 1 7 0 6 45
368.208 0 10 1 1 2 1 8 0 5 45
368.368 0 9 1 1 2 1 7 0 6 45
370.193 1 10 1 1 1 1 7 0 6 45
370.859 1 9 1 1 1 1 6 0 7 45
371.485 1 8 1 1 1 1 5 0 8 45
373.349 1 7 1 1 1 1 4 0 9 45
373.447 1 7 1 1 2 2 3 0 9 45
373.639 2 8 1 1 1 2 3 0 9 45
374.578 2 9 1 1 1 2 4 0 8 45
374.844 2 8 1 1 1 2 3 0 9 45
376.655 1 7 1 1 2 2 3 0 9 45
377.059 1 6 1 1 1 2 3 1 9 45
381.925 1 5 1 1 1 2 2 1 10 45
381.952 1 6 1 1 1 2 3 1 9 45
382.052 1 7 1 1 1 2 4 1 8 45
382.806 1 6 1 1 1 2 3 1 9 45
383.985 1 6 2 2 1 1 3 1 9 45
384.664 1 7 2 2 1 1 4 1 8 45
387.388 1 6 2 2 1 1 3 1 9 45
387.425 1 7 2 2 1 1 4 1 8 45
388.355 1 6 2 2 1 1 3 1 9 45
394.608 1 6 2 2 2 2 2 1 9 45
395.005 1 7 2 2 2 2 3 1 8 45
395.049 1 6 2 2 2 2 2 1 9 45
395.844 1 7 2 2 2 2 3 1 8 45
396.197 1 8 2 2 2 2 4 1 7 45
396.443 1 7 2 2 1 2 4 2 7 45
398.481 1 8 2 2 1 2 5 2 6 45
398.764 1 7 2 2 1 2 4 2 7 45
399.387 1 8 2 2 1 2 5 2 6 45
399.766 1 7 2 2 1 2 4 2 7 45
399.797 1 6 2 2 1 2 3 2 8 45
400.325 1 7 2 2 1 2 4 2 7 45
400.427 1 8 2 2 1 2 5 2 6 45
400.654 1 9 2 2 1 2 6 2 5 45
401.177 1 8 2 2 1 2 5 2 6 45
403.753 1 8 3 3 1 1 5 2 6 45
403.956 1 9 3 3 1 1 6 2 5 45
404.633 1 10 3 3 1 1 7 2 4 45
406.327 1 9 3 3 1 1 6 2 5 45
406.921 1 10 3 3 2 1 6 1 5 45
410.517 1 9 3 3 2 1 5 1 6 45
411.278 1 8 3 3 2 1 4 1 7 45
412.775 1 7 3 3 2 1 3 1 8 45
413.696 1 8 3 3 2 1 4 1 7 45
417.043 1 7 3 3 2 1 3 1 8 45
419.139 0 6 3 3 3 1 3 1 8 45
420.109 0 7 3 3 3 1 4 1 7 45
420.598 0 6 3 3 2 1 4 2 7 45
420.885 1 7 3 3 1 1 4 2 7 45
422.397 1 6 3 3 1 1 3 2 8 45
422.538 2 7 3 3 0 1 3 2 8 45
425.586 2 8 3 3 0 1 4 2 7 45
426.82 2 9 3 3 0 1 5 2 6 45
427.466 2 8 3 3 0 1 4 2 7 45
427.672 2 8 2 2 0 2 4 2 7 45
428.414 2 9 2 2 0 2 5 2 6 45
428.998 1 8 2 2 1 2 5 2 6 45
431.322 1 9 2 2 1 2 6 2 5 45
432.323 1 9 2 2 1 1 6 1 5 46
432.45 1 8 2 2 1 1 5 1 6 46
432.508 1 8 2 2 0 0 6 1 6 46
433.38 1 7 2 2 0 0 5 1 7 46
437.778 1 6 2 2 0 0 4 1 8 46
437.943 1 7 2 2 0 0 5 1 7 46
438.359 1 6 2 2 0 0 4 1 8 46
440.186 1 7 2 2 0 0 5 1 7 46
440.625 1 6 2 2 0 0 4 1 8 46
442.03 1 5 2 2 0 0 3 1 9 46
445.122 0 4 2 2 1 0 3 1 9 46
445.587 0 3 2 2 1 0 2 1 10 46
448.42 0 4 2 2 1 0 3 1 9 46
448.483 0 5 2 2 1 0 4 1 8 46
449.801 0 4 2 2 1 0 3 1 9 46
450.15 0 5 2 2 1 0 4 1 8 46
450.495 0 6 2 2 1 0 5 1 7 46
451.936 0 7 2 2 1 0 6 1 6 46
452.146 0 7 2 2 1 1 6 2 6 45
454.106 0 8 2 2 1 1 7 2 5 45
456.014 0 7 2 2 1 1 6 2 6 45
456.267 0 7 1 1 1 2 6 2 6 45
457.442 0 6 1 1 1 2 5 2 7 45
458.002 0 5 1 1 1 2 4 2 8 45
458.578 0 4 1 1 1 2 3 2 9 45
460.315 0 5 1 1 1 2 4 2 8 45
462.853 0 4 1 1 1 2 3 2 9 45
471.517 0 5 1 1 1 2 4 2 8 45
472.452 0 6 1 1 2 2 4 1 8 45
473.838 0 5 1 1 2 2 3 1 9 45
477.329 0 4 1 1 1 2 3 2 9 45
484.178 0 5 1 1 2 2 3 1 9 45
484.179 0 5 1 1 3 3 2 1 9 45
484.609 0 6 1 1 3 3 3 1 8 45
485.72 0 6 1 1 2 2 4 1 8 45
486.026 0 7 1 1 2 2 5 1 7 45
488.286 0 8 1 1 2 2 6 1 6 45
488.722 1 9 1 1 1 2 6 1 6 45
488.883 1 8 1 1 1 2 5 1 7 45
489.082 2 9 1 1 0 2 5 1 7 45
489.771 2 8 1 1 0 2 4 1 8 45
490.696 2 9 1 1 0 2 5 1 7 45
491.722 2 8 1 1 0 2 4 1 8 45
493.332 1 7 1 1 1 2 4 1 8 45
494.314 1 8 1 1 1 2 5 1 7 45
497.025 1 8 1 1 2 3 4 1 7 45
497.037 1 7 1 1 2 3 3 1 8 45
497.747 1 8 1 1 3 3 3 0 8 45
498.322 1 7 1 1 3 3 2 0 9 45
498.517 1 7 1 1 2 2 3 0 9 45
499.922 1 8 1 1 2 2 4 0 8 45
500.251 2 9 1 1 1 2 4 0 8 45
501.581 2 8 1 1 1 2 3 0 9 45
503.671 2 7 1 1 1 2 2 0 10 45
503.828 1 6 1 1 2 2 2 0 10 45
504.14 1 7 1 1 2 2 3 0 9 45
505.654 1 6 1 1 1 2 3 1 9 45
507.533 1 7 1 1 1 2 4 1 8 45
507.707 1 8 1 1 1 2 5 1 7 45
507.93 1 7 1 1 1 2 4 1 8 45
509.345 1 8 1 1 2 2 4 0 8 45
513.142 1 7 1 1 2 2 3 0 9 45
515.92 1 8 1 1 2 2 4 0 8 45
517.214 1 9 1 1 2 2 5 0 7 45
522.261 1 8 1 1 2 2 4 0 8 45
522.466 1 7 1 1 2 2 3 0 9 45
522.584 1 8 1 1 2 2 4 0 8 45
522.628 1 7 1 1 2 2 3 0 9 45
525.703 1 6 1 1 2 2 2 0 10 45
526.812 0 5 1 1 3 2 2 0 10 45
528.829 0 4 1 1 2 2 2 1 10 45
530.012 0 5 1 1 2 2 3 1 9 45
530.699 0 6 1 1 2 2 4 1 8 45
531.987 0 6 1 1 3 3 3 1 8 45
533.02 0 5 1 1 2 3 3 2 8 45
533.078 0 6 1 1 2 3 4 2 7 45
535.037 0 6 1 1 1 2 5 2 7 45
537.258 0 5 1 1 0 2 5 3 7 45
537.99 0 6 1 1 0 2 6 3 6 45
540.884 0 7 1 1 0 2 7 3 5 45
541.113 0 6 1 1 0 2 6 3 6 45
545.429 0 7 1 1 0 2 7 3 5 45
546.043 0 6 1 1 0 2 6 3 6 45
551.088 0 7 1 1 0 2 7 3 5 45
553.283 0 6 1 1 0 2 6 3 6 45
553.646 0 6 1 1 0 1 6 2 6 46
553.932 0 5 1 1 0 1 5 2 7 46
557.832 0 6 1 1 0 1 6 2 6 46
561.3 0 6 1 1 1 2 5 2 6 46
565.775 0 7 1 1 1 2 6 2 5 46
565.997 0 6 1 1 1 2 5 2 6 46
567.15 0 5 1 1 1 2 4 2 7 46
572.556 0 6 1 1 1 2 5 2 6 46
573.598 0 7 1 1 1 2 6 2 5 46
575.055 0 8 1 1 1 2 7 2 4 46
576.243 0 7 1 1 1 2 6 2 5 46
576.657 0 6 1 1 1 2 5 2 6 46
582.595 0 5 1 1 0 2 5 3 6 46
583.799 0 4 1 1 0 2 4 3 7 46
587.041 0 5 1 1 0 2 5 3 6 46
587.969 0 4 1 1 0 2 4 3 7 46
590.531 0 5 1 1 0 2 5 3 6 46
592.619 0 5 1 1 0 1 5 2 6 47
604.864 0 5 1 1 1 2 4 2 6 47
611.591 0 4 1 1 1 2 3 2 7 47
615.809 0 5 1 1 1 2 4 2 6 47
620.141 0 6 1 1 1 2 5 2 5 47
626.367 0 5 1 1 1 2 4 2 6 47
628.13 0 6 1 1 1 2 5 2 5 47
628.319 0 7 1 1 1 2 6 2 4 47
630.257 0 6 1 1 1 2 5 2 5 47
635.679 0 5 1 1 1 2 4 2 6 47
636.074 0 4 1 1 1 2 3 2 7 47
637.563 1 5 1 1 0 2 3 2 7 47
641.43 1 6 1 1 0 2 4 2 6 47
645.135 1 7 1 1 0 2 5 2 5 47
645.641 1 6 1 1 0 2 4 2 6 47
648.162 1 6 0 0 0 3 4 2 6 47
648.353 1 5 0 0 0 3 3 2 7 47
649.4 1 6 0 0 0 3 4 2 6 47
651.361 1 7 0 0 0 3 5 2 5 47
651.661 1 6 0 0 0 3 4 2 6 47
653.432 1 7 0 0 0 3 5 2 5 47
654.196 1 8 0 0 0 3 6 2 4 47
655.417 1 7 0 0 0 3 5 2 5 47
656.266 1 8 0 0 0 3 6 2 4 47
656.493 1 8 0 0 0 2 6 1 4 48
656.825 1 8 0 0 0 1 6 0 4 49
657.345 1 7 0 0 0 1 5 0 5 49
663.346 1 8 0 0 0 1 6 0 4 49
669.04 1 7 0 0 0 1 5 0 5 49
669.759 1 8 0 0 0 1 6 0 4 49
670.498 1 9 0 0 0 1 7 0 3 49
670.68 1 8 0 0 0 1 6 0 4 49
673.077 1 7 0 0 0 1 5 0 5 49
674.466 1 6 0 0 0 1 4 0 6 49
677.732 1 5 0 0 0 1 3 0 7 49
684.172 1 6 0 0 0 1 4 0 6 49
687.712 1 7 0 0 0 1 5 0 5 49
689.371 1 7 0 0 1 2 4 0 5 49
691.935 0 6 0 0 2 2 4 0 5 49
693.699 0 5 0 0 2 2 3 0 6 49
694.468 0 4 0 0 2 2 2 0 7 49
694.995 0 4 0 0 3 3 1 0 7 49
696.29 0 5 0 0 3 3 2 0 6 49
698.371 0 5 1 1 3 2 2 0 6 49
704.744 0 5 1 1 2 1 3 0 6 49
707.01 0 6 1 1 2 1 4 0 5 49
717.744 0 5 1 1 2 1 3 0 6 49
720.803 0 4 1 1 2 1 2 0 7 49
721.551 0 5 1 1 2 1 3 0 6 49
721.889 0 6 1 1 2 1 4 0 5 49
726.974 0 7 1 1 2 1 5 0 4 49
727.914 0 6 1 1 2 1 4 0 5 49
728.783 0 6 1 1 1 0 5 0 5 49
728.927 0 7 1 1 1 0 6 0 4 49
734.234 0 6 1 1 1 0 5 0 5 49
743.34 0 7 1 1 1 0 6 0 4 49
744.437 0 8 1 1 1 0 7 0 3 49
747.107 0 7 1 1 1 0 6 0 4 49
747.896 0 6 1 1 1 0 5 0 5 49
748.778 0 7 1 1 1 0 6 0 4 49
749.832 0 6 1 1 1 0 5 0 5 49
751.826 1 7 1 1 0 0 5 0 5 49
754.512 1 7 1 1 1 1 4 0 5 49
754.879 1 8 1 1 1 1 5 0 4 49
756.489 1 7 1 1 0 1 5 1 4 49
756.596 1 6 1 1 0 1 4 1 5 49
757.709 1 6 1 1 0 0 4 0 5 50
758.44 1 5 1 1 0 0 3 0 6 50
760.041 1 6 1 1 0 0 4 0 5 50
764.501 1 7 1 1 0 0 5 0 4 50
774.847 1 6 1 1 0 0 4 0 5 50
777.285 1 6 1 1 1 1 3 0 5 50
777.332 2 7 1 1 0 1 3 0 5 50
778.286 2 8 1 1 0 1 4 0 4 50
782.982 2 7 1 1 0 1 3 0 5 50
785.432 2 8 1 1 0 1 4 0 4 50
787.616 2 8 1 1 1 2 3 0 4 50
790.35 2 7 1 1 0 2 3 1 4 50
792.648 1 6 1 1 1 2 3 1 4 50
793.944 1 7 1 1 1 2 4 1 3 50
794.578 1 6 1 1 1 2 3 1 4 50
798.34 1 5 1 1 1 2 2 1 5 50
806.039 1 6 1 1 1 2 3 1 4 50
807.193 2 7 1 1 0 2 3 1 4 50
808.318 2 8 1 1 0 2 4 1 3 50
811.337 2 7 1 1 0 2 3 1 4 50
811.503 2 6 1 1 0 2 2 1 5 50
815.935 2 7 1 1 0 2 3 1 4 50
820.491 2 8 1 1 0 2 4 1 3 50
821.676 1 7 1 1 1 2 4 1 3 50
825.901 1 8 1 1 1 2 5 1 2 50
826.154 1 7 1 1 1 2 4 1 3 50
827.234 0 6 1 1 2 2 4 1 3 50
835.695 0 7 1 1 2 2 5 1 2 50
839.364 0 6 1 1 1 2 5 2 2 50
840.262 0 7 1 1 1 2 6 2 1 50
844.887 0 7 1 1 2 3 5 2 1 50
847.657 0 6 1 1 2 3 4 2 2 50
848.139 0 6 1 1 3 4 3 2 2 50
848.668 0 5 1 1 2 4 3 3 2 50
849.82 0 6 1 1 3 4 3 2 2 50
849.839 0 5 1 1 2 4 3 3 2 50
851.162 0 4 1 1 2 4 2 3 3 50
853.149 0 4 2 2 2 3 2 3 3 50
853.214 0 5 2 2 3 3 2 2 3 50
853.525 0 5 2 2 2 2 3 2 3 50
854.022 0 5 2 2 3 3 2 2 3 50
855.253 0 4 2 2 2 3 2 3 3 50
855.739 1 5 2 2 1 3 2 3 3 50
858.339 1 6 2 2 2 3 2 2 3 50
862.326 1 7 2 2 3 3 2 1 3 50
862.696 1 7 2 2 2 2 3 1 3 50
863.021 0 6 2 2 3 2 3 1 3 50
864.976 0 6 2 2 3 1 3 0 3 51
865.424 0 6 2 2 2 0 4 0 3 51
879.977 0 5 2 2 2 0 3 0 4 51
888.547 0 5 2 2 2 1 3 1 4 50
888.912 1 6 2 2 1 1 3 1 4 50
893.238 1 5 2 2 1 1 2 1 5 50
897.393 1 5 1 1 1 2 2 1 5 50
901.628 0 4 1 1 2 2 2 1 5 50
905.533 0 4 1 1 2 3 2 2 5 49
906.134 0 5 1 1 2 3 3 2 4 49
908.16 1 6 1 1 1 3 3 2 4 49
910.64 1 7 1 1 1 3 4 2 3 49
911.882 1 6 1 1 1 3 3 2 4 49
912.693 1 5 1 1 1 3 2 2 5 49
913.675 2 6 1 1 0 3 2 2 5 49
916.288 2 6 1 1 0 4 2 3 5 48
920.331 1 5 1 1 1 4 2 3 5 48
924.942 1 5 1 1 0 3 3 3 5 48
926.527 1 4 1 1 0 3 2 3 6 48
931.531 1 4 1 1 0 2 2 2 6 49
932.589 1 4 1 1 0 1 2 1 6 50
934.169 1 5 1 1 0 1 3 1 5 50
936.816 1 6 1 1 0 1 4 1 4 50
937.059 1 6 2 2 0 0 4 1 4 50
937.725 1 7 2 2 0 0 5 1 3 50
940.034 1 7 1 1 0 1 5 1 3 50
943.209 1 6 1 1 0 1 4 1 4 50
943.721 1 7 1 1 0 1 5 1 3 50
950.22 1 6 1 1 0 1 4 1 4 50
958.514 1 7 1 1 0 1 5 1 3 50
958.544 1 6 1 1 0 1 4 1 4 50
959.468 1 6 0 0 0 2 4 1 4 50
961.344 1 7 0 0 0 2 5 1 3 50
964.359 1 8 0 0 0 2 6 1 2 50
964.548 1 7 0 0 0 2 5 1 3 50
967.192 1 6 0 0 0 2 4 1 4 50
968.332 1 7 0 0 0 2 5 1 3 50
970.064 0 6 0 0 1 2 5 1 3 50
971.004 0 5 0 0 1 2 4 1 4 50
972.267 0 4 0 0 0 2 4 2 4 50
985.509 0 5 0 0 1 2 4 1 4 50
987.039 0 4 0 0 1 2 3 1 5 50
988.591 0 4 0 0 1 1 3 0 5 51
988.681 0 5 0 0 1 1 4 0 4 51
989.187 0 5 0 0 0 0 5 0 4 51
992.686 0 6 0 0 0 0 6 0 3 51
995.37 0 6 0 0 0 1 6 1 3 50
995.544 0 7 0 0 0 1 7 1 2 50
996.094 0 6 0 0 0 1 6 1 3 50
996.772 0 6 1 1 0 0 6 1 3 50
998.328 0 5 1 1 0 0 5 1 4 50
1002.25 0 4 1 1 0 0 4 1 5 50
1002.52 0 5 1 1 0 0 5 1 4 50
1007.65 0 5 1 1 1 1 4 1 4 50
1016.4 0 6 1 1 1 1 5 1 3 50
1016.44 0 5 1 1 1 1 4 1 4 50
1017.37 1 6 1 1 0 1 4 1 4 50
1020.46 1 5 1 1 0 1 3 1 5 50
1020.83 1 4 1 1 0 1 2 1 6 50
1021.24 1 5 1 1 0 1 3 1 5 50
1024.95 1 4 1 1 0 1 2 1 6 50
1026.91 1 5 1 1 0 1 3 1 5 50
1031.85 1 5 2 2 0 0 3 1 5 50
1034.22 1 6 2 2 0 0 4 1 4 50
1035.37 1 6 1 1 0 1 4 1 4 50
1036.62 1 5 1 1 0 1 3 1 5 50
1040.92 1 6 1 1 0 1 4 1 4 50
1043.86 1 5 1 1 0 1 3 1 5 50
1045.6 1 5 2 2 0 0 3 1 5 50
1046.57 1 6 2 2 0 0 4 1 4 50
1050.22 1 7 2 2 0 0 5 1 3 50
1051.26 1 8 2 2 0 0 6 1 2 50
1054.22 1 9 2 2 0 0 7 1 1 50
1056.93 0 8 2 2 1 0 7 1 1 50
1060.14 0 7 2 2 1 0 6 1 2 50
1060.65 0 6 2 2 1 0 5 1 3 50
1063.97 0 5 2 2 1 0 4 1 4 50
1073.63 0 4 2 2 1 0 3 1 5 50
1074.45 1 5 2 2 0 0 3 1 5 50
1077.44 1 4 2 2 0 0 2 1 6 50
1078.89 1 5 2 2 0 0 3 1 5 50
1080.68 1 6 2 2 0 0 4 1 4 50
1081.27 1 7 2 2 0 0 5 1 3 50
1081.38 1 6 2 2 0 0 4 1 4 50
1084.45 1 7 2 2 0 0 5 1 3 50
1084.72 1 6 2 2 0 0 4 1 4 50
1087.43 1 5 2 2 0 0 3 1 5 50
1089.78 1 6 2 2 0 0 4 1 4 50
1092.05 1 5 2 2 0 0 3 1 5 50
1093.45 1 6 2 2 0 0 4 1 4 50
1094.47 1 5 2 2 0 0 3 1 5 50
1094.59 1 6 2 2 0 0 4 1 4 50
1095.57 1 7 2 2 1 0 4 0 4 50
1098.08 1 6 2 2 1 0 3 0 5 50
1100.01 1 7 2 2 1 0 4 0 4 50
1100.51 0 6 2 2 2 0 4 0 4 50
1101.77 0 5 2 2 2 0 3 0 5 50
1102.14 0 4 2 2 1 0 3 1 5 50
1108.2 0 5 2 2 1 0 4 1 4 50
1109.32 0 4 2 2 1 0 3 1 5 50
1111.57 0 5 2 2 1 0 4 1 4 50
1111.83 0 6 2 2 1 0 5 1 3 50
1120.33 0 5 2 2 1 0 4 1 4 50
1123.4 0 4 2 2 1 0 3 1 5 50
1123.63 0 5 2 2 1 0 4 1 4 50
1123.73 1 6 2 2 0 0 4 1 4 50
1126.89 1 7 2 2 0 0 5 1 3 50
1128.53 1 8 2 2 0 0 6 1 2 50
1128.72 1 7 2 2 0 0 5 1 3 50
1130.94 1 6 2 2 0 0 4 1 4 50
1133.41 1 6 1 1 0 1 4 1 4 50
1135.97 1 7 1 1 0 1 5 1 3 50
1137.79 1 6 1 1 0 1 4 1 4 50
1141.3 1 5 1 1 0 1 3 1 5 50
1153.05 1 6 1 1 0 1 4 1 4 50
1153.19 1 5 1 1 0 1 3 1 5 50
1155.62 1 6 1 1 0 1 4 1 4 50
1159.1 1 5 1 1 0 1 3 1 5 50
1164.03 1 6 1 1 0 1 4 1 4 50
1164.42 0 5 1 1 1 1 4 1 4 50
1166.49 0 6 1 1 1 1 5 1 3 50
1167.42 0 6 1 1 2 2 4 1 3 50
1168.06 0 5 1 1 2 2 3 1 4 50
1169.04 0 5 2 2 2 1 3 1 4 50
1169.36 0 5 1 1 2 2 3 1 4 50
1169.47 0 4 1 1 2 2 2 1 5 50
1174.43 0 3 1 1 1 2 2 2 5 50
1180.11 0 4 1 1 1 2 3 2 4 50
1181.91 0 4 1 1 1 1 3 1 4 51
1188.72 0 4 1 1 2 2 2 1 4 51
1192.32 0 4 1 1 1 1 3 1 4 51
1192.33 0 5 1 1 1 1 4 1 3 51
1192.62 0 4 1 1 1 1 3 1 4 51
1199.14 0 3 1 1 1 1 2 1 5 51
1199.95 0 3 1 1 1 2 2 2 5 50
1205.26 0 2 1 1 0 2 2 3 5 50
1206.02 0 3 1 1 0 2 3 3 4 50
1206.19 0 4 1 1 0 2 4 3 3 50
1206.34 0 5 1 1 0 2 5 3 2 50
1211.34 0 6 1 1 0 2 6 3 1 50
1212.51 0 5 1 1 0 2 5 3 2 50
1220.41 0 6 1 1 0 2 6 3 1 50
1222.48 0 5 1 1 0 2 5 3 2 50
1225.59 0 6 1 1 1 2 5 2 2 50
1226.82 0 5 1 1 1 2 4 2 3 50
1228.73 0 6 1 1 1 2 5 2 2 50
1230.33 0 5 1 1 1 2 4 2 3 50
1231.93 0 4 1 1 1 2 3 2 4 50
1232.91 0 5 1 1 1 2 4 2 3 50
1234.86 0 4 1 1 0 2 4 3 3 50
1236.25 0 5 1 1 0 2 5 3 2 50
1237.16 0 4 1 1 0 2 4 3 3 50
1239.61 0 5 1 1 0 2 5 3 2 50
1239.76 0 4 1 1 0 2 4 3 3 50
1243.75 0 3 1 1 0 2 3 3 4 50
1248.67 0 4 1 1 0 2 4 3 3 50
1253.33 0 3 1 1 0 2 3 3 4 50
1254.85 0 4 1 1 0 2 4 3 3 50
1257.16 0 5 1 1 1 2 4 2 3 50
1258.61 0 5 1 1 0 1 5 2 3 50
1261.43 0 4 1 1 0 1 4 2 4 50
1261.84 0 5 1 1 0 1 5 2 3 50
1263.88 0 4 1 1 0 1 4 2 4 50
1268.4 0 3 1 1 0 1 3 2 5 50
1278.43 0 4 1 1 0 1 4 2 4 50
1279.7 0 5 1 1 0 1 5 2 3 50
1283 0 4 1 1 0 1 4 2 4 50
1290.3 0 5 1 1 0 1 5 2 3 50
1299.34 0 4 1 1 0 1 4 2 4 50
1305.44 0 3 1 1 0 1 3 2 5 50
1311.97 0 3 1 1 1 2 2 2 5 50
1316.97 1 4 1 1 0 2 2 2 5 50
1318.36 1 5 1 1 0 2 3 2 4 50
1318.41 0 4 1 1 1 2 3 2 4 50
1319.25 0 4 1 1 2 3 2 2 4 50
1324.17 0 4 1 1 1 2 3 2 4 50
1325.74 0 4 1 1 1 3 3 3 4 49
1325.86 0 4 1 1 0 2 4 3 4 49
1328.34 0 3 1 1 0 2 3 3 5 49
1332.64 0 4 1 1 0 2 4 3 4 49
1333 0 5 1 1 0 2 5 3 3 49
1338.06 0 4 1 1 0 2 4 3 4 49
1341.62 0 3 1 1 0 2 3 3 5 49
1341.82 0 3 1 1 0 1 3 2 5 50
1346.25 0 2 1 1 0 1 2 2 6 50
1347.92 0 3 1 1 0 1 3 2 5 50
1350.74 0 4 1 1 0 1 4 2 4 50
1351.58 0 3 1 1 0 1 3 2 5 50
1353.35 0 4 1 1 0 1 4 2 4 50
1359.39 0 3 1 1 0 1 3 2 5 50
1363.63 0 3 1 1 0 0 3 1 5 51
1366.84 0 4 1 1 0 0 4 1 4 51
1371.41 0 3 1 1 0 0 3 1 5 51
1371.85 0 4 1 1 0 0 4 1 4 51
1373.86 0 3 1 1 0 0 3 1 5 51
1381.78 0 4 1 1 0 0 4 1 4 51
1398.05 0 3 1 1 0 0 3 1 5 51
1399.85 0 3 1 1 1 1 2 1 5 51
1402.33 0 4 1 1 1 1 3 1 4 51
1403.96 0 5 1 1 1 1 4 1 3 51
1405.27 0 4 1 1 1 1 3 1 4 51
1411.14 0 3 1 1 1 1 2 1 5 51
1411.15 0 4 1 1 1 1 3 1 4 51
1417.81 0 5 1 1 1 1 4 1 3 51
1418.98 0 4 1 1 1 1 3 1 4 51
1419.27 0 5 1 1 1 1 4 1 3 51
1421.04 0 4 1 1 1 1 3 1 4 51
1421.81 0 5 1 1 1 1 4 1 3 51
1422.75 0 5 1 1 2 2 3 1 3 51
1424.65 0 4 1 1 2 2 2 1 4 51
1425.29 0 4 1 1 3 3 1 1 4 51
1426.11 0 5 1 1 3 3 2 1 3 51
1426.49 0 4 1 1 2 3 2 2 3 51
1432.94 0 3 1 1 1 3 2 3 3 51
1433.31 0 4 1 1 1 3 3 3 2 51
1441.2 0 4 1 1 1 2 3 2 2 52
1441.64 0 3 1 1 1 2 2 2 3 52
1443.65 0 4 1 1 1 2 3 2 2 52
1450.59 0 4 1 1 2 3 2 2 2 52
1452.74 0 5 1 1 2 3 3 2 1 52
1452.87 0 4 1 1 2 3 2 2 2 52
1453.78 0 4 1 1 2 2 2 1 2 53
1454.91 0 4 1 1 2 1 2 0 2 54
1459.9 0 3 1 1 1 1 2 1 2 54
1468.54 0 4 1 1 1 1 3 1 1 54
1470.15 0 5 1 1 2 1 3 0 1 54
1473.91 0 4 1 1 2 1 2 0 2 54
1474.97 0 3 1 1 2 1 1 0 3 54
1476.27 0 4 1 1 2 1 2 0 2 54
1479.07 1 5 1 1 1 1 2 0 2 54
1481.6 1 4 1 1 0 1 2 1 2 54
1491.97 1 3 1 1 0 1 1 1 3 54
1493.46 1 4 1 1 0 1 2 1 2 54
1500.12 1 5 1 1 0 1 3 1 1 54
1504.29 1 5 2 2 0 0 3 1 1 54
1506.03 1 4 2 2 0 0 2 1 2 54
1517.36 1 3 2 2 0 0 1 1 3 54
1518.42 1 4 2 2 0 0 2 1 2 54
1519 0 3 2 2 1 0 2 1 2 54
1526.24 0 3 1 1 1 1 2 1 2 54
1527.1 0 4 1 1 2 1 2 0 2 54
1541.1 0 3 1 1 2 1 1 0 3 54
1545.7 0 4 1 1 2 1 2 0 2 54
1549.79 0 4 1 1 1 0 3 0 2 54
1551.81 0 5 1 1 1 0 4 0 1 54
1553.25 0 4 1 1 1 0 3 0 2 54
1557.45 0 5 1 1 1 0 4 0 1 54
1559.83 0 4 1 1 1 0 3 0 2 54
1562.86 0 5 1 1 1 0 4 0 1 54
1576.63 0 6 1 1 1 0 5 0 0 54
1578.72 0 5 1 1 1 0 4 0 1 54
1584.48 0 4 1 1 0 0 4 1 1 54
1598.29 0 3 1 1 0 0 3 1 2 54
1603.4 0 3 1 1 0 1 3 2 2 53
1613.49 0 4 1 1 0 1 4 2 1 53
1630.83 0 4 1 1 0 2 4 3 1 52
1632.81 0 3 1 1 0 2 3 3 2 52
1640.43 0 4 1 1 1 2 3 2 2 52
1641 0 4 1 1 1 1 3 1 2 53
1669.07 0 3 1 1 0 1 3 2 2 53
1674.37 0 4 1 1 0 1 4 2 1 53
1676.48 0 5 1 1 0 1 5 2 0 53
1679.15 0 4 1 1 0 1 4 2 1 53
1679.7 0 4 0 0 0 2 4 2 1 53
1679.86 0 5 0 0 1 2 4 1 1 53
1680.2 0 4 0 0 1 2 3 1 2 53
1682.08 0 3 0 0 1 2 2 1 3 53
1691.18 0 4 0 0 1 2 3 1 2 53
1697.9 1 5 0 0 0 2 3 1 2 53
1699.57 1 4 0 0 0 2 2 1 3 53
1706.52 1 5 0 0 0 2 3 1 2 53
1711.31 1 6 0 0 0 2 4 1 1 53
1712.41 1 5 0 0 0 2 3 1 2 53
1713.71 1 5 0 0 0 1 3 0 2 54
1714.01 1 6 0 0 0 1 4 0 1 54
1727.19 1 5 0 0 0 1 3 0 2 54
1731.09 1 5 0 0 1 2 2 0 2 54
1746.42 1 6 0 0 1 2 3 0 1 54
1747.08 1 7 0 0 1 2 4 0 0 54
1747.34 1 6 0 0 0 2 4 1 0 54
1748.08 1 6 0 0 0 1 4 0 0 55
1753.38 1 5 0 0 0 1 3 0 1 55
1753.72 1 4 0 0 0 1 2 0 2 55
1767.32 0 3 0 0 1 1 2 0 2 55
1767.92 0 4 0 0 1 1 3 0 1 55
1772.64 0 3 0 0 1 1 2 0 2 55
1778.1 0 4 0 0 1 1 3 0 1 55
1778.86 0 3 0 0 1 1 2 0 2 55
1792.34 0 3 0 0 2 2 1 0 2 55
1794.46 0 3 0 0 1 1 2 0 2 55
1801.89 0 4 0 0 1 1 3 0 1 55
1807.94 1 5 0 0 0 1 3 0 1 55
1813.67 1 4 0 0 0 1 2 0 2 55
1816.97 0 3 0 0 1 1 2 0 2 55
1825.57 1 4 0 0 0 1 2 0 2 55
1826.17 0 3 0 0 1 1 2 0 2 55
1833.56 0 2 0 0 1 1 1 0 3 55
1838.3 1 3 0 0 0 1 1 0 3 55
1842.16 1 4 0 0 0 1 2 0 2 55
1849.02 1 3 0 0 0 1 1 0 3 55
1857.32 1 4 0 0 0 1 2 0 2 55
1861.02 1 5 0 0 0 1 3 0 1 55
1866.02 1 4 0 0 0 1 2 0 2 55
1867.82 1 3 0 0 0 1 1 0 3 55
1868.16 1 4 0 0 0 1 2 0 2 55
1872.41 1 3 0 0 0 1 1 0 3 55
1897.17 1 4 0 0 0 1 2 0 2 55
1897.91 1 3 0 0 0 1 1 0 3 55
1912.63 1 4 0 0 0 1 2 0 2 55
1917.2 1 3 0 0 0 1 1 0 3 55
1917.86 1 4 0 0 0 1 2 0 2 55
1923.95 1 3 0 0 0 1 1 0 3 55
1928.11 1 4 0 0 0 1 2 0 2 55
1933.7 0 3 0 0 1 1 2 0 2 55
1940.11 0 4 0 0 1 1 3 0 1 55
1943.84 0 3 0 0 0 1 3 1 1 55
1951.01 0 3 0 0 0 2 3 2 1 54
1959.24 0 4 0 0 0 2 4 2 0 54
1964 0 5 0 0 1 2 4 1 0 54
1970.61 0 4 0 0 1 2 3 1 1 54
1975.52 1 5 0 0 0 2 3 1 1 54
1978.12 1 4 0 0 0 2 2 1 2 54
1982.37 1 3 0 0 0 2 1 1 3 54
1984.54 1 4 0 0 0 2 2 1 2 54
1985.32 0 3 0 0 1 2 2 1 2 54
1986.27 0 4 0 0 1 2 3 1 1 54
1989.69 0 3 0 0 1 2 2 1 2 54
1990.08 0 4 0 0 2 2 2 0 2 54
1990.3 0 3 0 0 2 2 1 0 3 54
1990.31 0 2 0 0 1 2 1 1 3 54
1990.49 0 3 0 0 1 2 2 1 2 54
1991.27 0 2 0 0 0 2 2 2 2 54
1995.54 0 1 0 0 0 2 1 2 3 54
2013.36 0 2 0 0 0 2 2 2 2 54
2035.26 0 2 0 0 0 1 2 1 2 55
2048.03 0 2 0 0 1 2 1 1 2 55
2049.01 0 3 0 0 1 2 2 1 1 55
2051.24 0 2 0 0 1 2 1 1 2 55
2062.65 1 3 0 0 0 2 1 1 2 55
2064.38 1 3 0 0 0 3 1 2 2 54
2068.52 1 4 0 0 0 3 2 2 1 54
2069.9 1 5 0 0 0 3 3 2 0 54
2071.16 1 5 0 0 0 2 3 1 0 55
2072.11 1 4 0 0 0 2 2 1 1 55
2072.42 1 5 0 0 0 2 3 1 0 55
2072.76 1 5 0 0 1 3 2 1 0 55
2077.58 2 6 0 0 0 3 2 1 0 55
2083.54 2 6 0 0 0 2 2 0 0 56
2084.34 1 5 0 0 1 2 2 0 0 56
2086.62 1 5 1 1 1 1 2 0 0 56
2090.4 2 6 1 1 0 1 2 0 0 56
2098.08 1 5 1 1 1 1 2 0 0 56
2101.35 2 6 1 1 0 1 2 0 0 56
2104.06 2 5 1 1 0 1 1 0 1 56
2113.81 1 4 1 1 1 1 1 0 1 56
2116.42 2 5 1 1 0 1 1 0 1 56
2117.03 1 4 1 1 1 1 1 0 1 56
2121.35 2 5 1 1 0 1 1 0 1 56
2141.37 1 4 1 1 1 1 1 0 1 56
2148.58 1 4 1 1 1 2 1 1 1 55
2158.44 1 4 1 1 0 1 2 1 1 55
2159.14 1 3 1 1 0 1 1 1 2 55
2191.8 0 2 1 1 1 1 1 1 2 55
2201.6 0 3 1 1 1 1 2 1 1 55
2207.23 0 4 1 1 1 1 3 1 0 55
2208.93 0 4 1 1 2 2 2 1 0 55
2210.82 0 5 1 1 3 2 2 0 0 55
2216.52 0 4 1 1 3 2 1 0 1 55
2217.35 1 5 1 1 2 2 1 0 1 55
2218.07 1 5 1 1 2 3 1 1 1 54
2225.92 1 4 1 1 1 3 1 2 1 54
2227.85 1 4 1 1 1 4 1 3 1 53
2228.35 0 3 1 1 2 4 1 3 1 53
2229.75 0 4 1 1 2 4 2 3 0 53
2232.26 0 5 1 1 3 4 2 2 0 53
2232.61 0 4 1 1 2 4 2 3 0 53
2237.99 1 5 1 1 1 4 2 3 0 53
2238.11 1 5 1 1 0 3 3 3 0 53
2238.6 1 4 1 1 0 3 2 3 1 53
2238.6 1 3 1 1 0 3 1 3 2 53
2238.63 1 4 1 1 0 3 2 3 1 53
2246.71 1 4 2 2 0 2 2 3 1 53
2248.38 1 3 2 2 0 2 1 3 2 53
2249.31 1 3 2 2 0 1 1 2 2 54
2264.61 1 4 2 2 0 1 2 2 1 54
2268.52 0 3 2 2 1 1 2 2 1 54
2279.91 0 3 1 1 1 2 2 2 1 54
2289.91 0 4 1 1 2 2 2 1 1 54
2297.25 1 5 1 1 1 2 2 1 1 54
2297.97 1 4 1 1 0 2 2 2 1 54
2300.14 1 4 1 1 1 3 1 2 1 54
2310.88 1 5 1 1 1 3 2 2 0 54
2313.74 0 4 1 1 2 3 2 2 0 54
2314.03 0 3 1 1 2 3 1 2 1 54
2320.34 0 4 1 1 3 3 1 1 1 54
2322.11 0 4 1 1 2 2 2 1 1 54
2323.77 1 5 1 1 1 2 2 1 1 54
2324.58 1 4 1 1 1 2 1 1 2 54
2324.65 1 4 2 2 1 1 1 1 2 54
2325.86 0 3 2 2 2 1 1 1 2 54
2331.92 0 2 2 2 2 1 0 1 3 54
2339.38 1 3 2 2 1 1 0 1 3 54
2345.59 1 2 2 2 0 1 0 2 3 54
2352.42 1 3 2 2 0 1 1 2 2 54
2373.15 0 2 2 2 1 1 1 2 2 54
2373.56 0 3 2 2 1 1 2 2 1 54
2374.75 0 3 2 2 1 2 2 3 1 53
2377.99 0 2 2 2 1 2 1 3 2 53
2378 0 2 2 2 1 1 1 2 2 54
2381.22 0 2 2 2 0 0 2 2 2 54
2389.63 0 2 1 1 0 1 2 2 2 54
2396.29 0 3 1 1 1 1 2 1 2 54
2397.59 0 2 1 1 1 1 1 1 3 54
2405.91 0 3 1 1 1 1 2 1 2 54
2407.29 0 4 1 1 2 1 2 0 2 54
2408.2 0 4 1 1 2 2 2 1 2 53
2414.78 0 5 1 1 3 2 2 0 2 53
2417.91 0 4 1 1 2 2 2 1 2 53
2422.48 1 5 1 1 1 2 2 1 2 53
2423.35 1 4 1 1 1 2 1 1 3 53
2424.76 1 5 1 1 1 2 2 1 2 53
2425.01 1 4 1 1 0 2 2 2 2 53
2426.66 1 3 1 1 0 2 1 2 3 53
2428.35 1 4 1 1 0 2 2 2 2 53
2429.8 1 3 1 1 0 2 1 2 3 53
2430.54 1 3 1 1 0 3 1 3 3 52
2434.9 1 3 1 1 0 2 1 2 3 53
2435.5 0 2 1 1 1 2 1 2 3 53
2439.92 0 2 1 1 0 1 2 2 3 53
2440.96 0 1 1 1 0 1 1 2 4 53
2461.24 0 2 1 1 0 1 2 2 3 53
2473.55 0 1 1 1 0 1 1 2 4 53
2476.33 0 2 1 1 0 1 2 2 3 53
2479.54 0 3 1 1 0 1 3 2 2 53
2479.55 0 2 1 1 0 1 2 2 3 53
2491.55 0 3 1 1 0 1 3 2 2 53
2491.55 0 3 0 0 0 2 3 2 2 53
2500.61 0 4 0 0 0 2 4 2 1 53
2504.63 0 5 0 0 0 2 5 2 0 53
2508.54 0 4 0 0 0 2 4 2 1 53
2523.01 0 3 0 0 0 2 3 2 2 53
2535.93 0 3 0 0 0 1 3 1 2 54
2541.42 0 4 0 0 1 1 3 0 2 54
2545.48 0 5 0 0 1 1 4 0 1 54
2563.19 0 4 0 0 1 1 3 0 2 54
2563.99 0 4 0 0 0 0 4 0 2 54
2564.95 0 5 0 0 0 0 5 0 1 54
2571.95 0 4 0 0 0 0 4 0 2 54
2577.25 0 5 0 0 0 0 5 0 1 54
2583.4 0 4 0 0 0 0 4 0 2 54
2600.09 0 3 0 0 0 0 3 0 3 54
2623.76 0 2 0 0 0 0 2 0 4 54
2629.67 0 1 0 0 0 0 1 0 5 54
2631.59 0 2 0 0 0 0 2 0 4 54
2631.69 0 1 0 0 0 0 1 0 5 54
2632.7 0 0 0 0 0 0 0 0 6 54
2639.73 0 1 0 0 0 0 1 0 5 54
2645.6 0 2 0 0 0 0 2 0 4 54
2646.65 0 3 0 0 0 0 3 0 3 54
2652.45 0 4 0 0 0 0 4 0 2 54
2652.74 0 3 0 0 0 0 3 0 3 54
2653.52 0 4 0 0 0 0 4 0 2 54
2664.69 0 3 0 0 0 0 3 0 3 54
2674.62 0 4 0 0 0 0 4 0 2 54
2675.89 0 3 0 0 0 0 3 0 3 54
2677.31 0 4 0 0 0 0 4 0 2 54
2678.97 0 5 0 0 0 0 5 0 1 54
2679.72 0 4 0 0 0 0 4 0 2 54
2680.03 0 3 0 0 0 0 3 0 3 54
2681.23 0 4 0 0 0 0 4 0 2 54
2683.84 0 4 0 0 1 1 3 0 2 54
2684.14 0 5 0 0 1 1 4 0 1 54
2686.55 0 4 0 0 1 1 3 0 2 54
2690.14 0 3 0 0 1 1 2 0 3 54
2714.17 0 4 0 0 1 1 3 0 2 54
2721.29 0 5 0 0 1 1 4 0 1 54
2721.45 0 4 0 0 1 1 3 0 2 54
2722.91 0 3 0 0 1 1 2 0 3 54
2733.57 0 4 0 0 1 1 3 0 2 54
2736.63 0 5 0 0 1 1 4 0 1 54
2741.67 0 4 0 0 1 1 3 0 2 54
2743.33 0 4 0 0 1 2 3 1 2 53
2754.79 0 4 0 0 1 1 3 0 2 54
2769.51 0 4 0 0 1 2 3 1 2 53
2780.34 0 5 0 0 1 2 4 1 1 53
2780.67 0 5 0 0 1 1 4 0 1 54
2783.53 0 5 0 0 2 2 3 0 1 54
2786.1 0 5 0 0 2 3 3 1 1 53
2792.26 0 6 0 0 2 3 4 1 0 53
2794.87 0 5 0 0 2 3 3 1 1 53
2795.97 0 4 0 0 1 3 3 2 1 53
2805.26 1 5 0 0 0 3 3 2 1 53
2807.06 1 5 0 0 1 4 2 2 1 53
2808.13 2 6 0 0 0 4 2 2 1 53
2809.39 1 5 0 0 1 4 2 2 1 53
2810.95 1 6 0 0 1 4 3 2 0 53
2813.02 1 5 0 0 1 4 2 2 1 53
2813.36 1 5 0 0 1 3 2 1 1 54
2814.24 1 6 0 0 1 3 3 1 0 54
2816.5 2 7 0 0 0 3 3 1 0 54
2817.34 2 6 0 0 0 3 2 1 1 54
2820.02 1 5 0 0 1 3 2 1 1 54
2825.36 1 6 0 0 1 3 3 1 0 54
2830.09 1 5 0 0 1 3 2 1 1 54
2830.76 1 4 0 0 0 3 2 2 1 54
2834.33 1 4 0 0 0 2 2 1 1 55
2847.39 1 4 0 0 0 1 2 0 1 56
2860.98 1 4 0 0 1 2 1 0 1 56
2867.83 1 5 0 0 1 2 2 0 0 56
2872.27 1 5 0 0 2 3 1 0 0 56
2887.86 1 5 0 0 2 4 1 1 0 55
2888.29 1 4 0 0 1 4 1 2 0 55
2893.81 1 4 1 1 1 3 1 2 0 55
2893.96 0 3 1 1 2 3 1 2 0 55
2895.52 0 3 1 1 2 2 1 1 0 56
2896.3 0 2 1 1 1 2 1 2 0 56
2897.61 0 2 1 1 1 1 1 1 0 57
2901.88 0 2 0 0 1 2 1 1 0 57
2913.66 0 3 0 0 2 2 1 0 0 57
2920.04 0 3 0 0 1 1 2 0 0 57
2927.44 0 3 1 1 1 0 2 0 0 57
2932.22 0 2 1 1 0 0 2 1 0 57
2949.14 0 3 1 1 1 0 2 0 0 57
2962.87 0 2 1 1 0 0 2 1 0 57
2971.65 0 2 1 1 1 1 1 1 0 57
2976.76 1 3 1 1 0 1 1 1 0 57
2982 1 2 1 1 0 1 0 1 1 57
2982 1 2 1 1 0 1 0 1 1 57
