0 60 120 60 60 0 0 0 0 0 0
0.00153385 59 119 60 60 1 0 0 0 0 0
0.0413888 59 119 59 59 1 1 0 0 0 0
0.0422321 58 118 59 59 2 1 0 0 0 0
0.0453349 57 117 59 59 3 1 0 0 0 0
0.0601512 56 116 59 59 4 1 0 0 0 0
0.101539 55 115 59 59 5 1 0 0 0 0
0.113602 55 115 58 58 5 2 0 0 0 0
0.117326 54 114 58 58 6 2 0 0 0 0
0.131023 53 113 58 58 7 2 0 0 0 0
0.160884 53 113 57 57 7 3 0 0 0 0
0.161627 53 113 56 56 7 4 0 0 0 0
0.188802 52 112 56 56 8 4 0 0 0 0
0.200117 52 112 55 55 8 5 0 0 0 0
0.221727 51 111 55 55 9 5 0 0 0 0
0.234131 51 111 54 54 9 6 0 0 0 0
0.263847 50 110 54 54 10 6 0 0 0 0
0.264526 49 109 54 54 11 6 0 0 0 0
0.286464 49 108 54 54 10 6 0 1 0 0
0.292628 48 107 54 54 11 6 0 1 0 0
0.312178 48 106 54 54 10 6 0 2 0 0
0.342448 47 105 54 54 11 6 0 2 0 0
0.358398 46 104 54 54 12 6 0 2 0 0
0.380781 45 103 54 54 13 6 0 2 0 0
0.431252 45 103 53 53 13 7 0 2 0 0
0.43683 44 102 53 53 14 7 0 2 0 0
0.447924 44 102 52 52 14 8 0 2 0 0
0.525487 44 102 51 51 14 9 0 2 0 0
0.547788 43 101 51 51 15 9 0 2 0 0
0.561888 42 100 51 51 16 9 0 2 0 0
0.573163 42 99 51 51 15 9 0 3 0 0
0.602778 42 99 50 50 15 10 0 3 0 0
0.636076 41 98 50 50 16 10 0 3 0 0
0.639955 40 97 50 50 17 10 0 3 0 0
0.715744 39 96 50 50 18 10 0 3 0 0
0.732988 38 95 50 50 19 10 0 3 0 0
0.747444 38 95 49 49 19 11 0 3 0 0
0.756589 38 95 49 49 18 10 1 3 0 0
0.814961 38 94 49 49 17 10 1 4 0 0
0.817041 37 93 49 49 18 10 1 4 0 0
0.832704 37 93 48 48 18 11 1 4 0 0
0.859908 37 92 48 48 17 11 1 5 0 0
0.886467 36 91 48 48 18 11 1 5 0 0
0.89775 36 91 47 47 18 12 1 5 0 0
0.904953 36 90 47 47 17 12 1 6 0 0
0.905962 35 89 47 47 18 12 1 6 0 0
0.910345 34 88 47 47 19 12 1 6 0 0
0.914516 34 87 47 47 18 12 1 7 0 0
0.942826 34 87 46 46 18 13 1 7 0 0
0.967439 33 86 46 46 19 13 1 7 0 0
1.02627 33 86 45 45 19 14 1 7 0 0
1.03916 33 86 44 44 19 15 1 7 0 0
1.07742 32 85 44 44 20 15 1 7 0 0
1.10454 31 84 44 44 21 15 1 7 0 0
1.10578 30 83 44 44 22 15 1 7 0 0
1.13373 29 82 44 44 23 15 1 7 0 0
1.13991 29 82 43 43 23 16 1 7 0 0
1.16783 29 82 43 43 23 15 1 6 0 1
1.1751 29 81 43 43 22 15 1 7 0 1
1.19176 29 81 42 42 22 16 1 7 0 1
1.19745 29 81 41 41 22 17 1 7 0 1
1.20984 29 81 40 40 22 18 1 7 0 1
1.22409 28 80 40 40 23 18 1 7 0 1
1.23972 28 79 40 40 22 18 1 8 0 1
1.24029 28 78 40 40 21 18 1 9 0 1
1.34429 27 77 40 40 22 18 1 9 0 1
1.36354 27 77 39 39 22 19 1 9 0 1
1.37936 27 77 38 38 22 20 1 9 0 1
1.38935 27 76 38 38 21 20 1 10 0 1
1.39538 27 76 37 37 21 21 1 10 0 1
1.39705 26 75 37 37 22 21 1 10 0 1
1.39815 26 74 37 37 22 21 0 10 1 1
1.41449 25 73 37 37 23 21 0 10 1 1
1.42511 24 72 37 37 24 21 0 10 1 1
1.51216 23 71 37 37 25 21 0 10 1 1
1.52428 23 70 37 37 24 21 0 11 1 1
1.54075 22 69 37 37 25 21 0 11 1 1
1.56696 21 68 37 37 26 21 0 11 1 1
1.58188 21 67 37 37 25 21 0 12 1 1
1.58711 21 67 36 36 25 22 0 12 1 1
1.59865 21 66 36 36 24 22 0 13 1 1
1.61411 20 65 36 36 25 22 0 13 1 1
1.64154 19 64 36 36 26 22 0 13 1 1
1.65208 18 63 36 36 27 22 0 13 1 1
1.65622 18 63 35 35 27 23 0 13 1 1
1.6693 18 62 35 35 26 23 0 14 1 1
1.68892 18 62 35 35 25 22 1 14 1 1
1.7107 17 61 35 35 26 22 1 14 1 1
1.71688 16 60 35 35 27 22 1 14 1 1
1.75634 16 59 35 35 26 22 1 15 1 1
1.7977 16 58 35 35 25 22 1 16 1 1
1.81111 16 57 35 35 24 22 1 17 1 1
1.8897 15 56 35 35 25 22 1 17 1 1
1.89489 15 55 35 35 24 22 1 18 1 1
1.89881 15 54 35 35 23 22 1 19 1 1
1.95223 15 54 35 35 22 21 2 19 1 1
1.97478 15 53 35 35 21 21 2 20 1 1
1.99025 15 53 35 35 21 20 2 19 1 2
1.99562 15 53 34 34 21 21 2 19 1 2
1.99868 15 52 34 34 20 21 2 20 1 2
2.00706 15 52 34 34 19 20 3 20 1 2
2.03076 15 52 33 33 19 21 3 20 1 2
2.10336 15 53 33 33 20 21 3 19 1 2
2.14276 15 53 33 33 20 20 3 18 1 3
2.21699 15 52 33 33 20 20 2 18 2 3
2.22569 15 52 32 32 20 21 2 18 2 3
2.25272 15 52 31 31 20 22 2 18 2 3
2.31871 15 52 31 31 19 21 3 18 2 3
2.34857 14 51 31 31 20 21 3 18 2 3
2.40675 14 51 30 30 20 22 3 18 2 3
2.42081 14 51 29 29 20 23 3 18 2 3
2.42571 13 50 29 29 21 23 3 18 2 3
2.49108 13 50 29 29 20 22 4 18 2 3
2.58815 12 49 29 29 21 22 4 18 2 3
2.59518 11 48 29 29 22 22 4 18 2 3
2.60602 11 47 29 29 21 22 4 19 2 3
2.63051 11 47 28 28 21 23 4 19 2 3
2.63366 11 46 28 28 20 23 4 20 2 3
2.68789 11 46 27 27 20 24 4 20 2 3
2.70734 11 46 27 27 19 23 5 20 2 3
2.71425 11 46 27 27 18 22 6 20 2 3
2.72477 11 46 26 26 18 23 6 20 2 3
2.73149 11 46 26 26 18 22 6 19 2 4
2.73617 11 46 25 25 18 23 6 19 2 4
2.73718 10 45 25 25 19 23 6 19 2 4
2.75631 10 44 25 25 18 23 6 20 2 4
2.78524 10 43 25 25 18 23 5 20 3 4
2.79163 10 42 25 25 17 23 5 21 3 4
2.93555 10 42 25 25 17 22 5 20 3 5
2.94894 10 42 25 25 17 21 5 19 3 6
2.95098 10 41 25 25 17 21 4 19 4 6
2.98521 10 41 25 25 16 20 5 19 4 6
2.99666 10 41 25 25 15 19 6 19 4 6
3.08515 9 40 25 25 16 19 6 19 4 6
3.10455 9 40 25 25 16 18 6 18 4 7
3.14502 9 39 25 25 16 18 5 18 5 7
3.22538 9 39 24 24 16 19 5 18 5 7
3.23239 8 38 24 24 17 19 5 18 5 7
3.31852 8 37 24 24 16 19 5 19 5 7
3.37046 8 37 23 23 16 20 5 19 5 7
3.37648 7 36 23 23 17 20 5 19 5 7
3.38459 7 36 23 23 16 19 6 19 5 7
3.41529 7 35 23 23 15 19 6 20 5 7
3.53046 7 34 23 23 14 19 6 21 5 7
3.55275 7 34 23 23 14 18 6 20 5 8
3.59279 7 33 23 23 13 18 6 21 5 8
3.64724 6 32 23 23 14 18 6 21 5 8
3.76502 6 32 22 22 14 19 6 21 5 8
3.81184 6 32 22 22 13 18 7 21 5 8
3.88922 6 32 21 21 13 19 7 21 5 8
4.00499 6 32 21 21 13 18 7 20 5 9
4.02561 6 32 21 21 12 17 8 20 5 9
4.21485 6 31 21 21 11 17 8 21 5 9
4.26228 6 31 20 20 11 18 8 21 5 9
4.32829 7 32 20 20 10 18 8 21 5 9
4.38057 7 32 19 19 10 19 8 21 5 9
4.68858 7 32 19 19 9 18 9 21 5 9
4.70987 7 31 19 19 8 18 9 22 5 9
4.87969 7 31 19 19 8 17 9 21 5 10
4.98619 7 31 19 19 8 16 9 20 5 11
5.00109 7 31 19 19 8 15 9 19 5 12
5.06315 7 31 18 18 8 16 9 19 5 12
5.07453 7 30 18 18 7 16 9 20 5 12
5.13137 7 30 18 18 6 15 10 20 5 12
5.44113 7 30 18 18 6 14 10 19 5 13
5.49313 7 30 17 17 6 15 10 19 5 13
5.53116 7 30 16 16 6 16 10 19 5 13
5.57132 7 30 16 16 6 15 10 18 5 14
5.57453 7 30 15 15 6 16 10 18 5 14
5.87185 7 29 15 15 6 16 9 18 6 14
6.07301 7 28 15 15 6 16 8 18 7 14
6.10966 7 28 14 14 6 17 8 18 7 14
6.11777 7 27 14 14 6 17 7 18 8 14
6.14509 6 26 14 14 7 17 7 18 8 14
6.25056 5 25 14 14 8 17 7 18 8 14
6.26573 5 25 13 13 8 18 7 18 8 14
6.28035 5 24 13 13 8 18 6 18 9 14
6.35762 5 24 13 13 8 17 6 17 9 15
6.7666 4 23 13 13 9 17 6 17 9 15
7.00776 3 22 13 13 10 17 6 17 9 15
7.01844 3 22 13 13 10 16 6 16 9 16
7.17292 3 21 13 13 9 16 6 17 9 16
7.55744 3 22 13 13 9 16 7 17 8 16
7.69396 2 21 13 13 10 16 7 17 8 16
7.93175 2 20 13 13 10 16 6 17 9 16
8.04927 2 20 13 13 9 15 7 17 9 16
8.05641 2 20 12 12 9 16 7 17 9 16
8.16174 2 20 12 12 9 15 7 16 9 17
8.23572 2 20 12 12 8 14 8 16 9 17
8.24725 2 21 12 12 9 14 8 15 9 17
8.41674 2 21 12 12 9 13 8 14 9 18
8.64289 2 21 11 11 9 14 8 14 9 18
8.91155 2 21 11 11 9 13 8 13 9 19
8.92032 2 21 11 11 8 12 9 13 9 19
8.95846 2 21 10 10 8 13 9 13 9 19
9.16965 2 21 10 10 8 12 9 12 9 20
9.20633 2 20 10 10 7 12 9 13 9 20
9.4205 2 20 10 10 7 11 9 12 9 21
9.53768 2 19 10 10 6 11 9 13 9 21
9.56182 2 19 10 10 6 10 9 12 9 22
10.223 2 18 10 10 6 10 8 12 10 22
10.225 2 19 10 10 7 10 8 11 10 22
10.4017 2 18 10 10 7 10 7 11 11 22
10.4323 1 17 10 10 8 10 7 11 11 22
10.5075 1 17 10 10 8 9 7 10 11 23
11.6104 0 16 10 10 9 9 7 10 11 23
11.7298 0 16 10 10 8 8 8 10 11 23
12.1118 0 16 10 10 8 7 8 9 11 24
12.1196 0 16 9 9 8 8 8 9 11 24
12.1293 0 16 9 9 8 7 8 8 11 25
12.5143 0 16 9 9 7 6 9 8 11 25
12.7224 0 16 8 8 7 7 9 8 11 25
12.7813 0 16 8 8 7 6 9 7 11 26
12.8124 0 15 8 8 7 6 8 7 12 26
13.084 0 15 8 8 7 5 8 6 12 27
14.2283 0 14 8 8 7 5 7 6 13 27
15.1031 0 14 7 7 7 6 7 6 13 27
15.3845 0 13 7 7 6 6 7 7 13 27
15.6554 0 12 7 7 6 6 6 7 14 27
15.9122 0 12 7 7 5 5 7 7 14 27
16.8624 0 11 7 7 4 5 7 8 14 27
17.574 0 11 7 7 4 4 7 7 14 28
17.706 0 10 7 7 4 4 6 7 15 28
18.0965 0 10 7 7 5 5 5 7 15 28
18.3778 0 9 7 7 4 5 5 8 15 28
18.7354 0 10 7 7 4 5 6 8 14 28
18.9383 0 11 7 7 4 5 7 8 13 28
19.0304 0 10 7 7 4 5 6 8 14 28
19.1847 1 11 7 7 3 5 6 8 14 28
19.2911 1 11 6 6 3 6 6 8 14 28
19.6183 1 12 6 6 3 6 7 8 13 28
19.8557 1 11 6 6 2 6 7 9 13 28
19.9367 0 10 6 6 3 6 7 9 13 28
21.2433 0 9 6 6 3 6 6 9 14 28
21.8045 0 9 6 6 3 5 6 8 14 29
22.1788 0 8 6 6 2 5 6 9 14 29
23.5164 0 8 6 6 3 6 5 9 14 29
24.7059 0 9 6 6 3 6 6 9 13 29
25.9678 0 9 6 6 3 5 6 8 13 30
26.2777 0 9 6 6 3 4 6 7 13 31
26.3006 0 9 5 5 3 5 6 7 13 31
26.8389 0 9 5 5 3 4 6 6 13 32
26.8444 0 8 5 5 3 4 5 6 14 32
28.7082 0 9 5 5 3 4 6 6 13 32
28.7642 0 10 5 5 3 4 7 6 12 32
28.869 0 9 5 5 3 4 6 6 13 32
29.116 0 8 5 5 2 4 6 7 13 32
29.1369 0 8 5 5 2 3 6 6 13 33
29.7476 0 8 4 4 2 4 6 6 13 33
29.8859 0 9 4 4 2 4 7 6 12 33
30.2264 0 8 4 4 2 4 6 6 13 33
31.5254 0 9 4 4 2 4 7 6 12 33
35.0485 0 8 4 4 2 4 6 6 13 33
35.491 0 8 4 4 1 3 7 6 13 33
35.6437 0 8 4 4 0 2 8 6 13 33
35.9285 0 9 4 4 0 2 9 6 12 33
37.3908 0 8 4 4 0 2 8 6 13 33
38.1695 0 7 4 4 0 2 7 6 14 33
39.2102 0 7 4 4 0 1 7 5 14 34
39.3671 0 6 4 4 0 1 6 5 15 34
40.5757 0 7 4 4 0 1 7 5 14 34
41.0179 0 8 4 4 1 1 7 4 14 34
43.0228 0 9 4 4 1 1 8 4 13 34
43.5958 0 8 4 4 0 1 8 5 13 34
44.0063 0 7 4 4 0 1 7 5 14 34
45.2232 0 6 4 4 0 1 6 5 15 34
45.6889 0 6 4 4 1 2 5 5 15 34
45.7589 0 7 4 4 1 2 6 5 14 34
46.063 0 7 4 4 1 1 6 4 14 35
46.3726 0 8 4 4 1 1 7 4 13 35
46.858 0 7 4 4 1 1 6 4 14 35
47.9546 0 8 4 4 1 1 7 4 13 35
48.5108 0 9 4 4 1 1 8 4 12 35
48.6319 0 10 4 4 1 1 9 4 11 35
50.0462 0 11 4 4 1 1 10 4 10 35
51.9673 0 10 4 4 1 1 9 4 11 35
52.669 0 10 4 4 2 2 8 4 11 35
53.2841 0 9 4 4 2 2 7 4 12 35
54.2674 0 10 4 4 2 2 8 4 11 35
57.5893 0 11 4 4 2 2 9 4 10 35
58.5966 0 10 4 4 2 2 8 4 11 35
60.0238 0 11 4 4 2 2 9 4 10 35
60.2354 0 11 3 3 2 3 9 4 10 35
60.7194 0 10 3 3 2 3 8 4 11 35
61.1671 0 9 3 3 2 3 7 4 12 35
61.1958 0 8 3 3 2 3 6 4 13 35
61.5856 0 7 3 3 2 3 5 4 14 35
61.7505 0 6 3 3 2 3 4 4 15 35
61.7719 0 7 3 3 2 3 5 4 14 35
61.7772 0 6 3 3 2 3 4 4 15 35
62.6421 0 6 2 2 2 4 4 4 15 35
63.1545 0 7 2 2 2 4 5 4 14 35
63.4207 0 7 2 2 2 5 5 5 14 34
64.4681 0 7 1 1 2 6 5 5 14 34
64.5483 0 6 1 1 1 6 5 6 14 34
64.6167 0 5 1 1 1 6 4 6 15 34
65.1179 0 4 1 1 1 6 3 6 16 34
65.1545 0 4 1 1 1 5 3 5 16 35
67.2973 0 5 1 1 1 5 4 5 15 35
67.6125 0 6 1 1 1 5 5 5 14 35
68.0334 0 7 1 1 1 5 6 5 13 35
68.2726 0 6 1 1 1 5 5 5 14 35
68.3073 0 7 1 1 1 5 6 5 13 35
69.0733 0 8 1 1 1 5 7 5 12 35
70.1049 0 8 1 1 1 4 7 4 12 36
72.4809 0 9 1 1 1 4 8 4 11 36
73.1065 0 9 1 1 2 5 7 4 11 36
73.6805 0 8 1 1 2 5 6 4 12 36
74.0451 0 9 1 1 2 5 7 4 11 36
75.2002 0 9 1 1 2 4 7 3 11 37
78.1037 0 8 1 1 2 4 6 3 12 37
78.4699 0 8 2 2 2 3 6 3 12 37
79.9295 0 9 2 2 2 3 7 3 11 37
80.0302 0 8 2 2 2 3 6 3 12 37
82.5621 0 9 2 2 2 3 7 3 11 37
82.5852 0 10 2 2 2 3 8 3 10 37
83.5151 0 11 2 2 2 3 9 3 9 37
83.5451 0 10 2 2 2 3 8 3 10 37
84.4062 0 9 2 2 2 3 7 3 11 37
85.7441 1 10 2 2 1 3 7 3 11 37
85.9394 1 9 2 2 1 3 6 3 12 37
87.0279 1 8 2 2 1 3 5 3 13 37
87.1132 1 9 2 2 1 3 6 3 12 37
87.8115 1 9 2 2 1 2 6 2 12 38
88.4404 1 10 2 2 1 2 7 2 11 38
90.385 1 9 2 2 0 2 7 3 11 38
90.5773 1 10 2 2 0 2 8 3 10 38
92.3212 0 9 2 2 1 2 8 3 10 38
93.1797 0 9 1 1 1 3 8 3 10 38
94.1508 0 8 1 1 1 3 7 3 11 38
94.5989 0 7 1 1 1 3 6 3 12 38
96.6355 0 8 1 1 1 3 7 3 11 38
99.6749 0 7 1 1 1 3 6 3 12 38
101.432 0 6 1 1 0 3 6 4 12 38
102.298 0 6 1 1 0 2 6 3 12 39
102.325 0 5 1 1 0 2 5 3 13 39
102.884 0 5 1 1 0 1 5 2 13 40
103.844 0 6 1 1 0 1 6 2 12 40
108.347 0 7 1 1 1 1 6 1 12 40
110.743 0 8 1 1 1 1 7 1 11 40
111.219 0 7 1 1 1 1 6 1 12 40
114.157 1 8 1 1 0 1 6 1 12 40
120.707 1 7 1 1 0 1 5 1 13 40
121.621 1 6 1 1 0 1 4 1 14 40
123.536 1 7 1 1 0 1 5 1 13 40
123.752 1 8 1 1 0 1 6 1 12 40
126.073 1 9 1 1 1 1 6 0 12 40
126.29 1 8 1 1 1 1 5 0 13 40
128.923 1 8 1 1 1 2 5 1 13 39
129.565 1 9 1 1 1 2 6 1 12 39
130.48 1 9 1 1 1 1 6 0 12 40
130.657 0 8 1 1 2 1 6 0 12 40
130.894 0 7 1 1 2 1 5 0 13 40
131.421 0 8 1 1 2 1 6 0 12 40
132.598 0 9 1 1 2 1 7 0 11 40
133.526 0 10 1 1 2 1 8 0 10 40
137.808 0 9 1 1 2 1 7 0 11 40
138.597 0 9 1 1 1 0 8 0 11 40
138.964 0 10 1 1 1 0 9 0 10 40
139.775 0 11 1 1 1 0 10 0 9 40
140.01 0 10 1 1 1 0 9 0 10 40
140.196 0 11 1 1 1 0 10 0 9 40
141.363 0 10 1 1 1 0 9 0 10 40
143.893 0 9 1 1 1 0 8 0 11 40
144.369 0 9 1 1 2 1 7 0 11 40
144.467 0 9 1 1 1 0 8 0 11 40
146.447 0 10 1 1 1 0 9 0 10 40
148.874 0 11 1 1 1 0 10 0 9 40
150.716 0 10 1 1 0 0 10 1 9 40
150.955 0 9 1 1 0 0 9 1 10 40
151.726 0 8 1 1 0 0 8 1 11 40
152.74 0 7 1 1 0 0 7 1 12 40
153.334 0 8 1 1 0 0 8 1 11 40
154.145 0 7 1 1 0 0 7 1 12 40
154.463 0 8 1 1 0 0 8 1 11 40
156.05 0 7 1 1 0 0 7 1 12 40
158.535 0 6 1 1 0 0 6 1 13 40
159.769 0 6 1 1 1 1 5 1 13 40
160.277 0 7 1 1 1 1 6 1 12 40
160.709 0 6 1 1 1 1 5 1 13 40
164.203 0 7 1 1 1 1 6 1 12 40
165.623 0 6 1 1 1 1 5 1 13 40
167.014 1 7 1 1 0 1 5 1 13 40
169.508 1 8 1 1 0 1 6 1 12 40
172.548 1 9 1 1 0 1 7 1 11 40
172.687 1 8 1 1 0 1 6 1 12 40
175.929 1 7 1 1 0 1 5 1 13 40
181.044 1 8 1 1 0 1 6 1 12 40
183.386 1 8 1 1 1 2 5 1 12 40
183.396 1 9 1 1 1 2 6 1 11 40
184.335 1 8 1 1 1 2 5 1 12 40
185.28 1 8 1 1 2 3 4 1 12 40
186.572 1 9 1 1 2 3 5 1 11 40
186.674 1 10 1 1 2 3 6 1 10 40
187.767 1 9 1 1 1 3 6 2 10 40
189.082 1 8 1 1 1 3 5 2 11 40
190.843 1 8 1 1 2 4 4 2 11 40
191.433 2 9 1 1 1 4 4 2 11 40
191.493 2 10 1 1 1 4 5 2 10 40
191.507 1 9 1 1 2 4 5 2 10 40
191.976 1 10 1 1 2 4 6 2 9 40
192.48 2 11 1 1 1 4 6 2 9 40
194.104 2 10 1 1 0 4 6 3 9 40
195.097 2 9 1 1 0 4 5 3 10 40
197.746 2 8 1 1 0 4 4 3 11 40
199.682 2 8 1 1 0 3 4 2 11 41
200.354 2 9 1 1 0 3 5 2 10 41
208.414 2 10 1 1 0 3 6 2 9 41
209.249 2 11 1 1 0 3 7 2 8 41
209.41 2 11 1 1 1 4 6 2 8 41
210.008 1 10 1 1 2 4 6 2 8 41
212.273 2 11 1 1 1 4 6 2 8 41
212.615 2 10 1 1 0 4 6 3 8 41
214.02 2 10 1 1 0 3 6 2 8 42
215.148 2 9 1 1 0 3 5 2 9 42
215.682 2 10 1 1 0 3 6 2 8 42
218.319 2 9 1 1 0 3 5 2 9 42
218.893 2 8 1 1 0 3 4 2 10 42
219.252 2 9 1 1 0 3 5 2 9 42
220.062 2 10 1 1 0 3 6 2 8 42
221.348 2 10 2 2 0 2 6 2 8 42
222.594 2 11 2 2 0 2 7 2 7 42
223.798 2 10 2 2 0 2 6 2 8 42
224.131 2 10 2 2 1 3 5 2 8 42
225.72 2 9 2 2 0 3 5 3 8 42
226.68 2 10 2 2 0 3 6 3 7 42
227.101 2 9 2 2 0 3 5 3 8 42
228.155 2 8 2 2 0 3 4 3 9 42
230.619 2 9 2 2 0 3 5 3 8 42
230.688 2 8 2 2 0 3 4 3 9 42
230.905 2 8 3 3 0 2 4 3 9 42
232.002 2 9 3 3 0 2 5 3 8 42
232.327 1 8 3 3 1 2 5 3 8 42
234.634 1 7 3 3 0 2 5 4 8 42
234.69 1 8 3 3 0 2 6 4 7 42
236.025 1 7 3 3 0 2 5 4 8 42
237.617 1 8 3 3 0 2 6 4 7 42
240.322 1 8 3 3 0 1 6 3 7 43
240.433 1 9 3 3 0 1 7 3 6 43
241.94 1 9 2 2 0 2 7 3 6 43
243.039 1 9 2 2 0 1 7 2 6 44
243.297 0 8 2 2 1 1 7 2 6 44
245.453 0 7 2 2 1 1 6 2 7 44
246.867 0 6 2 2 1 1 5 2 8 44
247.186 0 5 2 2 1 1 4 2 9 44
247.603 0 6 2 2 1 1 5 2 8 44
247.814 0 5 2 2 1 1 4 2 9 44
248.774 0 6 2 2 1 1 5 2 8 44
251.332 0 7 2 2 1 1 6 2 7 44
254.412 0 6 2 2 1 1 5 2 8 44
256.181 0 5 2 2 0 1 5 3 8 44
257.85 0 6 2 2 0 1 6 3 7 44
262.657 0 6 2 2 0 0 6 2 7 45
265.721 0 7 2 2 1 0 6 1 7 45
267.44 0 6 2 2 1 0 5 1 8 45
271.579 0 7 2 2 1 0 6 1 7 45
274.715 0 8 2 2 1 0 7 1 6 45
275.123 0 7 2 2 1 0 6 1 7 45
278.829 0 6 2 2 1 0 5 1 8 45
279.618 0 7 2 2 1 0 6 1 7 45
280.944 0 6 2 2 1 0 5 1 8 45
281.932 0 5 2 2 1 0 4 1 9 45
282.893 0 4 2 2 1 0 3 1 10 45
283.093 0 5 2 2 1 0 4 1 9 45
283.464 0 5 1 1 1 1 4 1 9 45
283.596 0 4 1 1 1 1 3 1 10 45
285.141 0 4 1 1 2 2 2 1 10 45
285.661 0 5 1 1 2 2 3 1 9 45
286.004 0 6 1 1 2 2 4 1 8 45
287.168 0 5 1 1 2 2 3 1 9 45
288.895 0 6 1 1 2 2 4 1 8 45
289.186 1 7 1 1 1 2 4 1 8 45
290.416 1 7 1 1 2 3 3 1 8 45
290.759 2 8 1 1 1 3 3 1 8 45
291.312 2 7 1 1 1 3 2 1 9 45
292.614 1 6 1 1 2 3 2 1 9 45
292.943 1 7 1 1 2 3 3 1 8 45
294.356 1 6 1 1 1 3 3 2 8 45
298.205 1 5 1 1 1 3 2 2 9 45
301.216 1 6 1 1 1 3 3 2 8 45
303.24 1 6 1 1 0 2 4 2 8 45
308.911 1 7 1 1 0 2 5 2 7 45
310.262 1 8 1 1 0 2 6 2 6 45
312.329 1 7 1 1 0 2 5 2 7 45
312.884 1 8 1 1 0 2 6 2 6 45
314.29 0 7 1 1 1 2 6 2 6 45
316.306 0 6 1 1 1 2 5 2 7 45
317.316 0 7 1 1 1 2 6 2 6 45
317.714 0 6 1 1 1 2 5 2 7 45
320.181 0 5 1 1 0 2 5 3 7 45
320.788 0 6 1 1 0 2 6 3 6 45
321.929 0 6 1 1 0 1 6 2 6 46
322.834 0 7 1 1 0 1 7 2 5 46
322.973 0 8 1 1 0 1 8 2 4 46
325.815 0 7 1 1 0 1 7 2 5 46
326.642 0 6 1 1 0 1 6 2 6 46
329.693 0 7 1 1 0 1 7 2 5 46
332.811 0 7 1 1 0 0 7 1 5 47
334.292 0 6 1 1 0 0 6 1 6 47
334.604 0 5 1 1 0 0 5 1 7 47
340.079 0 4 1 1 0 0 4 1 8 47
344.062 0 5 1 1 0 0 5 1 7 47
345.966 0 6 1 1 0 0 6 1 6 47
353.011 0 5 1 1 0 0 5 1 7 47
359.905 0 4 1 1 0 0 4 1 8 47
361.074 0 5 1 1 0 0 5 1 7 47
361.339 0 4 1 1 0 0 4 1 8 47
364.26 0 5 1 1 0 0 5 1 7 47
364.261 0 4 1 1 0 0 4 1 8 47
368.073 0 3 1 1 0 0 3 1 9 47
371.066 0 4 1 1 0 0 4 1 8 47
372.433 0 5 1 1 0 0 5 1 7 47
374.179 0 6 1 1 0 0 6 1 6 47
378.487 0 7 1 1 0 0 7 1 5 47
382.578 0 8 1 1 0 0 8 1 4 47
390.243 0 7 1 1 0 0 7 1 5 47
393.158 0 6 1 1 0 0 6 1 6 47
394.476 0 7 1 1 0 0 7 1 5 47
394.625 0 6 1 1 0 0 6 1 6 47
395.096 0 7 1 1 0 0 7 1 5 47
395.517 0 6 1 1 0 0 6 1 6 47
396.146 0 7 1 1 0 0 7 1 5 47
397.276 0 6 1 1 0 0 6 1 6 47
400.756 0 5 1 1 0 0 5 1 7 47
403.954 0 4 1 1 0 0 4 1 8 47
404.934 0 5 1 1 0 0 5 1 7 47
408.697 0 4 1 1 0 0 4 1 8 47
416.884 0 5 1 1 0 0 5 1 7 47
417.021 0 4 1 1 0 0 4 1 8 47
418.639 0 3 1 1 0 0 3 1 9 47
424.199 0 4 1 1 0 0 4 1 8 47
427.891 0 3 1 1 0 0 3 1 9 47
428.76 0 4 1 1 0 0 4 1 8 47
429.003 0 5 1 1 0 0 5 1 7 47
431.925 0 6 1 1 0 0 6 1 6 47
432.977 0 5 1 1 0 0 5 1 7 47
438.264 0 4 1 1 0 0 4 1 8 47
439.048 0 5 1 1 0 0 5 1 7 47
441.466 0 6 1 1 0 0 6 1 6 47
445.43 0 6 1 1 1 1 5 1 6 47
447.915 0 7 1 1 1 1 6 1 5 47
451.748 0 6 1 1 1 1 5 1 6 47
458.883 0 5 1 1 1 1 4 1 7 47
464.308 0 6 1 1 1 1 5 1 6 47
466.705 0 6 1 1 2 2 4 1 6 47
466.713 0 5 1 1 1 2 4 2 6 47
471.504 0 4 1 1 1 2 3 2 7 47
472.329 0 5 1 1 1 2 4 2 6 47
472.471 0 6 1 1 1 2 5 2 5 47
474.03 0 5 1 1 1 2 4 2 6 47
476.609 0 5 0 0 1 3 4 2 6 47
479.316 0 4 0 0 0 3 4 3 6 47
481.808 0 5 0 0 1 3 4 2 6 47
481.856 0 6 0 0 1 3 5 2 5 47
482.135 0 5 0 0 1 3 4 2 6 47
485.071 0 4 0 0 1 3 3 2 7 47
485.277 0 4 0 0 1 2 3 1 7 48
486.631 0 5 0 0 1 2 4 1 6 48
488.355 0 6 0 0 1 2 5 1 5 48
488.586 0 7 0 0 1 2 6 1 4 48
491.306 0 8 0 0 1 2 7 1 3 48
494.706 0 7 0 0 1 2 6 1 4 48
498.821 0 8 0 0 1 2 7 1 3 48
502.41 0 7 0 0 1 2 6 1 4 48
504.111 0 6 0 0 1 2 5 1 5 48
507.061 0 6 0 0 2 3 4 1 5 48
508.195 0 5 0 0 1 3 4 2 5 48
518.127 0 6 0 0 1 3 5 2 4 48
519.729 0 7 0 0 2 3 5 1 4 48
520.832 0 6 0 0 2 3 4 1 5 48
525.025 0 7 0 0 2 3 5 1 4 48
526.522 0 7 0 0 2 4 5 2 4 47
531.717 0 8 0 0 2 4 6 2 3 47
531.821 0 7 0 0 2 4 5 2 4 47
532.625 0 8 0 0 2 4 6 2 3 47
534.746 1 9 0 0 1 4 6 2 3 47
535.206 1 8 0 0 1 4 5 2 4 47
538.997 1 9 0 0 1 4 6 2 3 47
542.135 1 8 0 0 1 4 5 2 4 47
542.443 1 7 0 0 1 4 4 2 5 47
543.058 0 6 0 0 2 4 4 2 5 47
546.763 0 5 0 0 2 4 3 2 6 47
548.023 0 4 0 0 2 4 2 2 7 47
553.739 0 5 0 0 2 4 3 2 6 47
557.93 1 6 0 0 1 4 3 2 6 47
560.967 1 5 0 0 1 4 2 2 7 47
563.519 1 6 0 0 1 4 3 2 6 47
566.523 1 5 0 0 1 4 2 2 7 47
567.807 1 5 0 0 0 3 3 2 7 47
568.406 0 4 0 0 1 3 3 2 7 47
568.614 0 5 0 0 1 3 4 2 6 47
568.946 0 6 0 0 1 3 5 2 5 47
571.471 0 7 0 0 1 3 6 2 4 47
573.002 0 6 0 0 1 3 5 2 5 47
577.747 0 5 0 0 1 3 4 2 6 47
578.256 0 6 0 0 1 3 5 2 5 47
581.093 0 7 0 0 1 3 6 2 4 47
581.195 1 8 0 0 0 3 6 2 4 47
581.253 1 9 0 0 1 3 6 1 4 47
581.98 0 8 0 0 2 3 6 1 4 47
582.861 1 9 0 0 1 3 6 1 4 47
584.795 1 9 1 1 1 2 6 1 4 47
586.399 1 8 1 1 1 2 5 1 5 47
590.951 1 9 1 1 1 2 6 1 4 47
591.886 1 9 1 1 2 3 5 1 4 47
592.068 1 8 1 1 2 3 4 1 5 47
592.496 1 8 2 2 2 2 4 1 5 47
592.51 1 9 2 2 2 2 5 1 4 47
593.126 1 8 2 2 2 2 4 1 5 47
594.88 2 9 2 2 1 2 4 1 5 47
595.7 1 8 2 2 2 2 4 1 5 47
596.929 1 8 2 2 3 3 3 1 5 47
597.048 1 7 2 2 3 3 2 1 6 47
598.312 1 8 2 2 3 3 3 1 5 47
599.748 1 9 2 2 4 3 3 0 5 47
599.84 1 10 2 2 4 3 4 0 4 47
600.172 1 10 2 2 3 2 5 0 4 47
600.688 0 9 2 2 4 2 5 0 4 47
601.378 0 8 2 2 3 2 5 1 4 47
601.646 0 8 1 1 3 3 5 1 4 47
602.637 0 8 1 1 3 2 5 0 4 48
603.809 0 7 1 1 3 2 4 0 5 48
605.313 0 6 1 1 2 2 4 1 5 48
608.568 0 6 1 1 2 3 4 2 5 47
608.962 0 5 1 1 1 3 4 3 5 47
609.725 0 4 1 1 0 3 4 4 5 47
611.201 0 3 1 1 0 3 3 4 6 47
617.169 0 3 2 2 0 2 3 4 6 47
619.122 0 4 2 2 0 2 4 4 5 47
621.874 0 5 2 2 0 2 5 4 4 47
623.436 0 4 2 2 0 2 4 4 5 47
624.511 0 3 2 2 0 2 3 4 6 47
626.912 0 3 2 2 0 1 3 3 6 48
631.104 0 4 2 2 0 1 4 3 5 48
631.357 0 4 1 1 0 2 4 3 5 48
631.515 0 4 1 1 0 1 4 2 5 49
632.513 0 4 1 1 0 0 4 1 5 50
634.291 0 3 1 1 0 0 3 1 6 50
635.083 0 4 1 1 0 0 4 1 5 50
643.145 0 5 1 1 0 0 5 1 4 50
647.85 0 6 1 1 0 0 6 1 3 50
648.089 0 6 1 1 1 1 5 1 3 50
648.523 0 7 1 1 2 1 5 0 3 50
652.668 0 6 1 1 2 1 4 0 4 50
654.292 0 5 1 1 2 1 3 0 5 50
662.486 0 6 1 1 2 1 4 0 4 50
663.513 1 7 1 1 1 1 4 0 4 50
667.656 1 8 1 1 1 1 5 0 3 50
667.863 1 7 1 1 1 1 4 0 4 50
668.119 1 8 1 1 1 1 5 0 3 50
669.885 1 9 1 1 1 1 6 0 2 50
672.666 0 8 1 1 2 1 6 0 2 50
675.384 0 7 1 1 1 1 6 1 2 50
679.096 0 8 1 1 2 1 6 0 2 50
680.366 0 7 1 1 2 1 5 0 3 50
681.473 0 6 1 1 1 1 5 1 3 50
681.539 0 5 1 1 1 1 4 1 4 50
684.348 0 6 1 1 1 1 5 1 3 50
686.222 0 5 1 1 1 1 4 1 4 50
693.413 0 6 1 1 1 1 5 1 3 50
693.796 0 5 1 1 1 1 4 1 4 50
694.247 0 4 1 1 0 1 4 2 4 50
695.176 0 5 1 1 1 1 4 1 4 50
697.295 0 6 1 1 1 1 5 1 3 50
699.973 0 5 1 1 1 1 4 1 4 50
702.165 0 6 1 1 1 1 5 1 3 50
706.649 0 5 1 1 0 1 5 2 3 50
707.477 0 4 1 1 0 1 4 2 4 50
711.092 0 5 1 1 0 1 5 2 3 50
714.417 0 6 1 1 0 1 6 2 2 50
719.486 0 7 1 1 0 1 7 2 1 50
721.331 0 6 1 1 0 1 6 2 2 50
724.138 0 6 1 1 1 2 5 2 2 50
724.383 0 6 1 1 2 3 4 2 2 50
727.586 0 7 1 1 3 3 4 1 2 50
728.276 0 7 1 1 2 2 5 1 2 50
733.823 0 6 1 1 2 2 4 1 3 50
735.253 0 7 1 1 2 2 5 1 2 50
736.649 0 8 1 1 2 2 6 1 1 50
738.026 0 7 1 1 1 2 6 2 1 50
740.637 0 7 1 1 2 3 5 2 1 50
742.034 0 6 1 1 2 3 4 2 2 50
743.663 0 5 1 1 2 3 3 2 3 50
744.36 0 6 1 1 2 3 4 2 2 50
749.078 0 6 1 1 1 2 5 2 2 50
750.512 0 5 1 1 1 2 4 2 3 50
750.807 0 6 1 1 2 2 4 1 3 50
753.208 0 5 1 1 2 2 3 1 4 50
754.062 0 4 1 1 2 2 2 1 5 50
754.159 0 5 1 1 2 2 3 1 4 50
758.325 0 5 2 2 2 1 3 1 4 50
758.505 0 4 2 2 2 1 2 1 5 50
763.901 1 5 2 2 1 1 2 1 5 50
778.607 1 6 2 2 1 1 3 1 4 50
780.874 1 5 2 2 1 1 2 1 5 50
783.43 1 6 2 2 1 1 3 1 4 50
786.358 1 7 2 2 1 1 4 1 3 50
793.941 2 8 2 2 0 1 4 1 3 50
793.941 2 8 3 3 0 0 4 1 3 50
795.363 1 7 3 3 1 0 4 1 3 50
795.85 1 8 3 3 2 0 4 0 3 50
797.764 1 7 3 3 1 0 4 1 3 50
797.927 1 6 3 3 1 0 3 1 4 50
798.226 1 5 3 3 0 0 3 2 4 50
798.722 1 6 3 3 0 0 4 2 3 50
800.371 1 6 3 3 0 1 4 3 3 49
802.061 1 5 3 3 0 1 3 3 4 49
805.839 1 5 4 4 0 0 3 3 4 49
806.213 1 5 3 3 0 1 3 3 4 49
810.547 1 5 2 2 0 2 3 3 4 49
811.655 1 5 2 2 0 1 3 2 4 50
812.134 1 6 2 2 0 1 4 2 3 50
814.841 1 7 2 2 0 1 5 2 2 50
815.881 1 6 2 2 0 1 4 2 3 50
817.087 0 5 2 2 1 1 4 2 3 50
819.298 0 4 2 2 1 1 3 2 4 50
827.554 0 5 2 2 1 1 4 2 3 50
835.013 0 6 2 2 2 1 4 1 3 50
837.262 0 7 2 2 2 1 5 1 2 50
838.267 0 6 2 2 2 1 4 1 3 50
838.847 0 6 2 2 1 0 5 1 3 50
842.994 0 5 2 2 1 0 4 1 4 50
844.789 0 4 2 2 1 0 3 1 5 50
845.457 0 3 2 2 0 0 3 2 5 50
847.34 0 4 2 2 1 0 3 1 5 50
848.987 0 3 2 2 1 0 2 1 6 50
851.25 0 4 2 2 1 0 3 1 5 50
857.565 0 5 2 2 1 0 4 1 4 50
861.05 0 6 2 2 1 0 5 1 3 50
865.756 0 7 2 2 1 0 6 1 2 50
866.22 0 6 2 2 1 0 5 1 3 50
869.356 0 7 2 2 1 0 6 1 2 50
871.975 0 6 2 2 1 0 5 1 3 50
872.446 0 5 2 2 0 0 5 2 3 50
876.589 0 4 2 2 0 0 4 2 4 50
877.375 0 4 2 2 0 1 4 3 4 49
879.482 0 5 2 2 1 1 4 2 4 49
883.232 0 6 2 2 2 1 4 1 4 49
885.568 0 6 2 2 2 2 4 2 4 48
887.647 0 7 2 2 2 2 5 2 3 48
887.745 0 8 2 2 2 2 6 2 2 48
891.372 0 7 2 2 2 2 5 2 3 48
893.492 0 6 2 2 2 2 4 2 4 48
896.27 0 5 2 2 1 2 4 3 4 48
896.479 0 4 2 2 1 2 3 3 5 48
898.605 0 5 2 2 1 2 4 3 4 48
898.874 0 5 2 2 2 3 3 3 4 48
900.009 0 4 2 2 2 3 2 3 5 48
900.123 0 4 2 2 2 2 2 2 5 49
900.759 0 3 2 2 2 2 1 2 6 49
901.457 0 4 2 2 2 2 2 2 5 49
905.594 0 3 2 2 2 2 1 2 6 49
907.367 1 4 2 2 1 2 1 2 6 49
911.49 1 5 2 2 1 2 2 2 5 49
913.848 2 6 2 2 0 2 2 2 5 49
914.81 2 5 2 2 0 2 1 2 6 49
917.303 2 6 2 2 0 2 2 2 5 49
918.095 2 7 2 2 0 2 3 2 4 49
918.282 2 8 2 2 0 2 4 2 3 49
921.691 2 9 2 2 0 2 5 2 2 49
923.858 2 8 2 2 0 2 4 2 3 49
925.045 1 7 2 2 1 2 4 2 3 49
928.272 0 6 2 2 2 2 4 2 3 49
930.75 0 5 2 2 2 2 3 2 4 49
932.674 0 5 1 1 2 3 3 2 4 49
935.214 0 4 1 1 2 3 2 2 5 49
936.5 1 5 1 1 1 3 2 2 5 49
938.798 0 4 1 1 2 3 2 2 5 49
939.277 0 4 2 2 2 2 2 2 5 49
939.783 0 3 2 2 2 2 1 2 6 49
948.964 0 3 3 3 2 1 1 2 6 49
950.884 1 4 3 3 1 1 1 2 6 49
954.997 1 4 2 2 1 2 1 2 6 49
974.11 1 4 1 1 1 3 1 2 6 49
981.075 1 3 1 1 1 3 0 2 7 49
981.332 2 4 1 1 0 3 0 2 7 49
982.329 2 5 1 1 0 3 1 2 6 49
984.418 2 6 1 1 0 3 2 2 5 49
986.159 2 7 1 1 0 3 3 2 4 49
986.236 2 8 1 1 0 3 4 2 3 49
986.83 2 7 1 1 0 3 3 2 4 49
986.842 2 6 1 1 0 3 2 2 5 49
987.664 2 5 1 1 0 3 1 2 6 49
990.642 2 6 1 1 0 3 2 2 5 49
990.933 1 5 1 1 1 3 2 2 5 49
991.899 1 6 1 1 1 3 3 2 4 49
993.148 0 5 1 1 2 3 3 2 4 49
995.76 0 6 1 1 2 3 4 2 3 49
998.481 0 5 1 1 2 3 3 2 4 49
998.942 0 4 1 1 2 3 2 2 5 49
1000.83 0 5 1 1 2 3 3 2 4 49
1001.94 0 4 1 1 2 3 2 2 5 49
1006.83 0 4 1 1 2 4 2 3 5 48
1006.93 0 4 2 2 2 3 2 3 5 48
1007.65 0 5 2 2 2 3 3 3 4 48
1009.25 0 4 2 2 1 3 3 4 4 48
1013.12 0 4 2 2 1 2 3 3 4 49
1014.08 0 5 2 2 1 2 4 3 3 49
1014.71 0 6 2 2 2 2 4 2 3 49
1016.75 0 6 2 2 2 1 4 1 3 50
1022.86 0 7 2 2 3 1 4 0 3 50
1023.96 0 6 2 2 2 1 4 1 3 50
1029.5 0 7 2 2 2 1 5 1 2 50
1031.71 0 6 2 2 2 1 4 1 3 50
1036.94 0 5 2 2 2 1 3 1 4 50
1038.22 0 4 2 2 1 1 3 2 4 50
1038.85 0 3 2 2 1 1 2 2 5 50
1040.36 0 4 2 2 1 1 3 2 4 50
1045.54 0 4 2 2 2 2 2 2 4 50
1047.4 0 5 2 2 2 2 3 2 3 50
1049.16 0 6 2 2 2 2 4 2 2 50
1051.96 0 5 2 2 1 2 4 3 2 50
1054.92 0 6 2 2 2 2 4 2 2 50
1056.51 0 6 1 1 2 3 4 2 2 50
1056.74 0 6 1 1 3 4 3 2 2 50
1057.4 0 7 1 1 3 4 4 2 1 50
1057.79 0 6 1 1 3 4 3 2 2 50
1058.88 0 7 1 1 3 4 4 2 1 50
1064.88 1 8 1 1 2 4 4 2 1 50
1067.78 1 8 1 1 1 3 5 2 1 50
1067.89 1 8 1 1 1 2 5 1 1 51
1068.82 1 7 1 1 0 2 5 2 1 51
1069.1 1 6 1 1 0 2 4 2 2 51
1070.3 0 5 1 1 1 2 4 2 2 51
1071.07 0 4 1 1 1 2 3 2 3 51
1071.43 0 3 1 1 1 2 2 2 4 51
1071.5 0 2 1 1 1 2 1 2 5 51
1072.17 1 3 1 1 0 2 1 2 5 51
1082.03 1 3 1 1 0 1 1 1 5 52
1086.56 1 4 1 1 1 1 1 0 5 52
1095.64 0 3 1 1 2 1 1 0 5 52
1096.06 0 4 1 1 2 1 2 0 4 52
1100.82 1 5 1 1 1 1 2 0 4 52
1101.93 1 4 1 1 1 1 1 0 5 52
1106.6 1 5 1 1 1 1 2 0 4 52
1109.87 1 4 1 1 1 1 1 0 5 52
1111.72 1 5 1 1 1 1 2 0 4 52
1112 1 4 1 1 0 1 2 1 4 52
1119.03 1 5 1 1 0 1 3 1 3 52
1121.37 1 6 1 1 0 1 4 1 2 52
1122.68 1 5 1 1 0 1 3 1 3 52
1130.03 1 6 1 1 0 1 4 1 2 52
1131.95 1 7 1 1 0 1 5 1 1 52
1132.24 1 6 1 1 0 1 4 1 2 52
1136.97 1 5 1 1 0 1 3 1 3 52
1139.19 1 4 1 1 0 1 2 1 4 52
1144.99 1 4 2 2 0 0 2 1 4 52
1153.06 1 4 2 2 1 1 1 1 4 52
1153.75 1 5 2 2 1 1 2 1 3 52
1154.96 0 4 2 2 2 1 2 1 3 52
1156.28 0 4 1 1 2 2 2 1 3 52
1160.59 0 3 1 1 2 2 1 1 4 52
1160.74 0 2 1 1 2 2 0 1 5 52
1161.97 0 2 1 1 1 1 1 1 5 52
1163.39 0 2 1 1 1 0 1 0 5 53
1181.83 0 3 1 1 1 0 2 0 4 53
1184.22 0 2 1 1 1 0 1 0 5 53
1184.43 0 1 1 1 1 0 0 0 6 53
1196.52 0 2 1 1 1 0 1 0 5 53
1198.28 0 3 1 1 1 0 2 0 4 53
1210.7 0 2 1 1 1 0 1 0 5 53
1213.54 0 3 1 1 1 0 2 0 4 53
1215.82 0 4 1 1 1 0 3 0 3 53
1217.23 0 3 1 1 0 0 3 1 3 53
1221.37 0 2 1 1 0 0 2 1 4 53
1225.48 0 1 1 1 0 0 1 1 5 53
1230.44 0 2 1 1 0 0 2 1 4 53
1236.51 0 3 1 1 0 0 3 1 3 53
1237.39 0 3 1 1 0 1 3 2 3 52
1240.99 0 4 1 1 0 1 4 2 2 52
1247.81 0 3 1 1 0 1 3 2 3 52
1248.45 0 4 1 1 0 1 4 2 2 52
1250.62 0 5 1 1 0 1 5 2 1 52
1251.24 0 4 1 1 0 1 4 2 2 52
1252.89 0 4 1 1 0 0 4 1 2 53
1253.42 0 5 1 1 0 0 5 1 1 53
1254.87 0 4 1 1 0 0 4 1 2 53
1254.97 0 3 1 1 0 0 3 1 3 53
1271.1 0 4 1 1 0 0 4 1 2 53
1272.92 0 3 1 1 0 0 3 1 3 53
1289.65 0 2 1 1 0 0 2 1 4 53
1292.65 0 3 1 1 0 0 3 1 3 53
1293.7 0 4 1 1 0 0 4 1 2 53
1295.11 0 5 1 1 0 0 5 1 1 53
1295.67 0 4 1 1 0 0 4 1 2 53
1303.4 0 3 1 1 0 0 3 1 3 53
1305.85 0 2 1 1 0 0 2 1 4 53
1307.1 0 1 1 1 0 0 1 1 5 53
1307.88 0 2 1 1 0 0 2 1 4 53
1308.91 0 3 1 1 0 0 3 1 3 53
1319.4 0 4 1 1 0 0 4 1 2 53
1326.15 0 5 1 1 0 0 5 1 1 53
1334.45 0 4 1 1 0 0 4 1 2 53
1345.7 0 3 1 1 0 0 3 1 3 53
1346.38 0 4 1 1 0 0 4 1 2 53
1348.45 0 5 1 1 0 0 5 1 1 53
1348.99 0 4 1 1 0 0 4 1 2 53
1354.22 0 5 1 1 0 0 5 1 1 53
1364.97 0 4 1 1 0 0 4 1 2 53
1369.94 0 5 1 1 0 0 5 1 1 53
1376.01 0 4 1 1 0 0 4 1 2 53
1376.17 0 5 1 1 0 0 5 1 1 53
1378.47 0 5 1 1 1 1 4 1 1 53
1395.68 0 4 1 1 1 1 3 1 2 53
1399.57 0 5 1 1 1 1 4 1 1 53
1399.86 0 4 1 1 1 1 3 1 2 53
1402.32 0 3 1 1 1 1 2 1 3 53
1407.44 0 4 1 1 1 1 3 1 2 53
1411.65 0 3 1 1 1 1 2 1 3 53
1412.57 0 2 1 1 1 1 1 1 4 53
1421.42 0 3 1 1 1 1 2 1 3 53
1430.46 0 3 0 0 1 2 2 1 3 53
1432.34 1 4 0 0 0 2 2 1 3 53
1433.9 1 5 0 0 0 2 3 1 2 53
1436.64 0 4 0 0 1 2 3 1 2 53
1438.45 0 4 0 0 2 3 2 1 2 53
1440.45 1 5 0 0 1 3 2 1 2 53
1442.64 0 4 0 0 2 3 2 1 2 53
1446.09 0 4 0 0 2 2 2 0 2 54
1448.79 0 4 0 0 3 3 1 0 2 54
1452.21 0 3 0 0 2 3 1 1 2 54
1458.35 0 4 0 0 2 3 2 1 1 54
1460.44 0 3 0 0 1 3 2 2 1 54
1463.23 0 4 0 0 1 3 3 2 0 54
1463.73 0 3 0 0 1 3 2 2 1 54
1473.36 0 3 0 0 0 2 3 2 1 54
1474.88 0 2 0 0 0 2 2 2 2 54
1498.45 0 2 1 1 0 1 2 2 2 54
1501.09 0 3 1 1 0 1 3 2 1 54
1516.55 0 2 1 1 0 1 2 2 2 54
1518.64 0 3 1 1 0 1 3 2 1 54
1519.87 0 2 1 1 0 1 2 2 2 54
1528.1 0 2 1 1 0 0 2 1 2 55
1537.04 0 3 1 1 0 0 3 1 1 55
1538.48 0 4 1 1 0 0 4 1 0 55
1546.15 0 3 1 1 0 0 3 1 1 55
1557.79 0 2 1 1 0 0 2 1 2 55
1586.12 0 3 1 1 0 0 3 1 1 55
1586.21 0 2 1 1 0 0 2 1 2 55
1589.66 0 3 1 1 0 0 3 1 1 55
1590.7 0 4 1 1 0 0 4 1 0 55
1591.52 0 3 1 1 0 0 3 1 1 55
1591.73 0 4 1 1 1 0 3 0 1 55
1613.56 0 3 1 1 0 0 3 1 1 55
1617.39 0 2 1 1 0 0 2 1 2 55
1619.54 0 2 1 1 1 1 1 1 2 55
1621.06 0 3 1 1 1 1 2 1 1 55
1624.53 0 3 1 1 0 0 3 1 1 55
1625.38 0 4 1 1 1 0 3 0 1 55
1627.61 1 5 1 1 0 0 3 0 1 55
1629.45 1 6 1 1 0 0 4 0 0 55
1629.99 1 5 1 1 0 0 3 0 1 55
1633.9 1 6 1 1 0 0 4 0 0 55
1635.62 1 5 1 1 0 0 3 0 1 55
1639.53 1 4 1 1 0 0 2 0 2 55
1646.3 1 3 1 1 0 0 1 0 3 55
1665.88 1 2 1 1 0 0 0 0 4 55
1666.23 0 1 1 1 1 0 0 0 4 55
1681.08 0 1 1 1 1 1 0 1 4 54
1683.26 0 2 1 1 1 1 1 1 3 54
1698.51 0 2 1 1 2 2 0 1 3 54
1698.55 0 3 1 1 2 2 1 1 2 54
1698.64 1 4 1 1 1 2 1 1 2 54
1699.14 1 5 1 1 1 2 2 1 1 54
1702.3 1 4 1 1 0 2 2 2 1 54
1704.89 0 3 1 1 1 2 2 2 1 54
1708.19 0 3 1 1 1 1 2 1 1 55
1739.74 0 4 1 1 2 1 2 0 1 55
1744.31 1 5 1 1 1 1 2 0 1 55
1748.57 1 5 1 1 2 2 1 0 1 55
1748.77 2 6 1 1 1 2 1 0 1 55
1756.51 2 6 1 1 1 3 1 1 1 54
1756.99 1 5 1 1 2 3 1 1 1 54
1774.31 1 6 1 1 2 3 2 1 0 54
1784.12 1 5 1 1 1 3 2 2 0 54
1785.81 0 4 1 1 2 3 2 2 0 54
1796.02 0 4 1 1 2 2 2 1 0 55
1796.41 0 4 0 0 2 3 2 1 0 55
1803.77 1 5 0 0 1 3 2 1 0 55
1804.21 1 4 0 0 0 3 2 2 0 55
1809.88 1 4 0 0 0 2 2 1 0 56
1812.45 1 4 0 0 1 3 1 1 0 56
1812.78 2 5 0 0 0 3 1 1 0 56
1814.22 1 4 0 0 1 3 1 1 0 56
1819.77 0 3 0 0 2 3 1 1 0 56
1830.64 0 2 0 0 2 3 0 1 1 56
1831.59 0 1 0 0 1 3 0 2 1 56
1838.8 0 2 0 0 1 3 1 2 0 56
1846.06 0 2 0 0 1 2 1 1 0 57
1850.28 0 1 0 0 0 2 1 2 0 57
1851.03 0 1 0 0 0 1 1 1 0 58
1871.36 0 1 0 0 0 2 1 2 0 57
1873.38 0 1 0 0 0 1 1 1 0 58
1968.82 0 1 0 0 0 2 1 2 0 57
1993.49 0 1 0 0 0 3 1 3 0 56
1997.47 0 1 0 0 0 2 1 2 0 57
2008.74 0 1 0 0 0 1 1 1 0 58
2036.11 0 1 0 0 0 0 1 0 0 59
2037.77 0 0 0 0 0 0 0 0 1 59
2048.85 0 1 0 0 0 0 1 0 0 59
2125.82 0 1 0 0 0 1 1 1 0 58
2136.87 0 0 0 0 0 1 0 1 1 58
2137.15 0 0 0 0 0 2 0 2 1 57
2139.86 0 0 0 0 0 1 0 1 1 58
2164.38 0 1 0 0 0 1 1 1 0 58
2175.39 0 0 0 0 0 1 0 1 1 58
2182.61 0 0 0 0 0 0 0 0 1 59
2232.47 0 1 0 0 0 0 1 0 0 59
2285.81 0 0 0 0 0 0 0 0 1 59
2304.32 0 1 0 0 0 0 1 0 0 59
2454.4 0 0 0 0 0 0 0 0 1 59
2455.31 0 1 0 0 0 0 1 0 0 59
2515.44 0 0 0 0 0 0 0 0 1 59
2521.37 0 1 0 0 0 0 1 0 0 59
2576.83 0 1 0 0 1 1 0 0 0 59
2587.39 1 2 0 0 0 1 0 0 0 59
2646.94 0 1 0 0 1 1 0 0 0 59
2656.35 0 0 0 0 0 1 0 1 0 59
2717.89 0 0 1 1 0 0 0 1 0 59
2751.78 0 1 1 1 1 0 0 0 0 59
2758.07 0 1 0 0 1 1 0 0 0 59
2773.72 1 2 0 0 0 1 0 0 0 59
2853.7 1 2 1 1 0 0 0 0 0 59
2858.37 0 1 1 1 1 0 0 0 0 59
2865.37 1 2 1 1 0 0 0 0 0 59
2867.24 1 2 1 1 0 1 0 1 0 58
2884.78 1 2 1 1 0 2 0 2 0 57
2899.04 1 2 2 2 0 1 0 2 0 57
2917.65 0 1 2 2 1 1 0 2 0 57
2917.72 1 2 2 2 0 1 0 2 0 57
2925.91 1 2 2 2 0 0 0 1 0 58
2962.59 1 2 1 1 0 1 0 1 0 58
2966.04 1 3 1 1 1 1 0 0 0 58
2968.84 1 3 1 1 1 2 0 1 0 57
2984.09 1 3 0 0 1 3 0 1 0 57
2992.51 1 4 0 0 2 3 0 0 0 57
2999.53 2 5 0 0 1 3 0 0 0 57
2999.53 2 5 0 0 1 3 0 0 0 57
