0 60 120 60 60 0 0 0 0 0 0
0.0263274 59 119 60 60 1 0 0 0 0 0
0.0512032 59 119 59 59 1 1 0 0 0 0
0.0649937 59 119 58 58 1 2 0 0 0 0
0.0746053 59 119 57 57 1 3 0 0 0 0
0.093235 58 118 57 57 2 3 0 0 0 0
0.100475 57 117 57 57 3 3 0 0 0 0
0.107917 56 116 57 57 4 3 0 0 0 0
0.117102 55 115 57 57 5 3 0 0 0 0
0.118137 54 114 57 57 6 3 0 0 0 0
0.122928 54 114 56 56 6 4 0 0 0 0
0.123336 53 113 56 56 7 4 0 0 0 0
0.138362 53 112 56 56 6 4 0 1 0 0
0.151758 52 111 56 56 7 4 0 1 0 0
0.157224 51 110 56 56 8 4 0 1 0 0
0.169683 50 109 56 56 9 4 0 1 0 0
0.191906 49 108 56 56 10 4 0 1 0 0
0.204929 48 107 56 56 11 4 0 1 0 0
0.214785 48 107 55 55 11 5 0 1 0 0
0.257938 48 106 55 55 10 5 0 2 0 0
0.268307 47 105 55 55 11 5 0 2 0 0
0.298074 46 104 55 55 12 5 0 2 0 0
0.31206 46 104 54 54 12 6 0 2 0 0
0.336665 46 103 54 54 11 6 0 3 0 0
0.336767 45 102 54 54 12 6 0 3 0 0
0.337239 45 102 53 53 12 7 0 3 0 0
0.33785 45 101 53 53 11 7 0 4 0 0
0.366903 44 100 53 53 12 7 0 4 0 0
0.368012 44 100 52 52 12 8 0 4 0 0
0.385276 44 100 51 51 12 9 0 4 0 0
0.39037 44 100 50 50 12 10 0 4 0 0
0.390418 44 99 50 50 11 10 0 5 0 0
0.410546 43 98 50 50 12 10 0 5 0 0
0.43115 43 98 49 49 12 11 0 5 0 0
0.464015 42 97 49 49 13 11 0 5 0 0
0.467916 42 97 48 48 13 12 0 5 0 0
0.475544 42 96 48 48 12 12 0 6 0 0
0.48125 41 95 48 48 13 12 0 6 0 0
0.489095 41 94 48 48 12 12 0 7 0 0
0.490076 41 94 47 47 12 13 0 7 0 0
0.543812 41 93 47 47 11 13 0 8 0 0
0.564375 40 92 47 47 12 13 0 8 0 0
0.567262 39 91 47 47 13 13 0 8 0 0
0.589329 39 91 46 46 13 14 0 8 0 0
0.64622 39 91 45 45 13 15 0 8 0 0
0.663845 39 91 44 44 13 16 0 8 0 0
0.680414 38 90 44 44 14 16 0 8 0 0
0.686495 38 90 43 43 14 17 0 8 0 0
0.6908 37 89 43 43 15 17 0 8 0 0
0.702705 37 88 43 43 14 17 0 9 0 0
0.721982 36 87 43 43 15 17 0 9 0 0
0.732315 35 86 43 43 16 17 0 9 0 0
0.757917 34 85 43 43 17 17 0 9 0 0
0.808802 34 84 43 43 16 17 0 10 0 0
0.837298 33 83 43 43 17 17 0 10 0 0
0.848908 32 82 43 43 18 17 0 10 0 0
0.849882 32 81 43 43 17 17 0 11 0 0
0.87387 32 80 43 43 16 17 0 12 0 0
0.893176 32 80 42 42 16 18 0 12 0 0
0.904466 32 80 41 41 16 19 0 12 0 0
0.930481 31 79 41 41 17 19 0 12 0 0
0.960992 31 78 41 41 16 19 0 13 0 0
0.981421 30 77 41 41 17 19 0 13 0 0
0.998052 29 76 41 41 18 19 0 13 0 0
1.07289 28 75 41 41 19 19 0 13 0 0
1.11331 28 75 40 40 19 20 0 13 0 0
1.13505 28 74 40 40 18 20 0 14 0 0
1.15325 28 74 40 40 17 19 1 14 0 0
1.20385 28 74 39 39 17 20 1 14 0 0
1.21487 28 74 38 38 17 21 1 14 0 0
1.22755 27 73 38 38 18 21 1 14 0 0
1.23602 27 73 37 37 18 22 1 14 0 0
1.28445 26 72 37 37 19 22 1 14 0 0
1.3096 26 72 36 36 19 23 1 14 0 0
1.31843 27 73 36 36 18 23 1 14 0 0
1.39285 26 72 36 36 19 23 1 14 0 0
1.53142 25 71 36 36 20 23 1 14 0 0
1.53753 25 71 35 35 20 24 1 14 0 0
1.56685 24 70 35 35 21 24 1 14 0 0
1.57813 24 70 34 34 21 25 1 14 0 0
1.6069 24 69 34 34 20 25 1 15 0 0
1.61263 24 68 34 34 19 25 1 16 0 0
1.62524 23 67 34 34 20 25 1 16 0 0
1.64745 23 66 34 34 19 25 1 17 0 0
1.65179 22 65 34 34 20 25 1 17 0 0
1.70371 22 65 33 33 20 26 1 17 0 0
1.73595 22 64 33 33 19 26 1 18 0 0
1.841 22 64 32 32 19 27 1 18 0 0
1.84288 22 64 31 31 19 28 1 18 0 0
1.92786 22 63 31 31 18 28 1 19 0 0
1.95612 21 62 31 31 19 28 1 19 0 0
1.96759 21 62 30 30 19 29 1 19 0 0
1.99287 21 62 29 29 19 30 1 19 0 0
1.99877 21 61 29 29 18 30 1 20 0 0
2.00709 21 61 28 28 18 31 1 20 0 0
2.06865 20 60 28 28 19 31 1 20 0 0
2.1047 20 60 28 28 19 30 1 19 0 1
2.10959 20 60 28 28 19 29 1 18 0 2
2.15593 20 60 27 27 19 30 1 18 0 2
2.16654 19 59 27 27 20 30 1 18 0 2
2.19608 19 59 27 27 20 29 1 17 0 3
2.21509 19 58 27 27 19 29 1 18 0 3
2.22405 19 57 27 27 19 29 0 18 1 3
2.27768 19 56 27 27 18 29 0 19 1 3
2.47558 18 55 27 27 19 29 0 19 1 3
2.51239 18 55 26 26 19 30 0 19 1 3
2.54645 17 54 26 26 20 30 0 19 1 3
2.55459 17 54 26 26 20 29 0 18 1 4
2.57831 17 53 26 26 19 29 0 19 1 4
2.59767 17 53 25 25 19 30 0 19 1 4
2.68285 17 52 25 25 18 30 0 20 1 4
2.71791 17 52 24 24 18 31 0 20 1 4
2.732 17 52 23 23 18 32 0 20 1 4
2.76919 17 52 23 23 18 31 0 19 1 5
2.79114 16 51 23 23 19 31 0 19 1 5
2.91662 16 51 24 24 19 30 0 19 1 5
2.91663 16 50 24 24 18 30 0 20 1 5
2.92978 16 49 24 24 17 30 0 21 1 5
2.99484 16 49 24 24 17 29 0 20 1 6
3.02602 15 48 24 24 18 29 0 20 1 6
3.09097 15 48 24 24 18 28 0 19 1 7
3.1123 15 47 24 24 17 28 0 20 1 7
3.11759 15 47 23 23 17 29 0 20 1 7
3.15439 15 47 23 23 16 28 1 20 1 7
3.30403 14 46 23 23 17 28 1 20 1 7
3.31963 13 45 23 23 18 28 1 20 1 7
3.331 12 44 23 23 19 28 1 20 1 7
3.35669 12 44 23 23 18 27 2 20 1 7
3.40204 12 44 23 23 18 26 2 19 1 8
3.44397 12 44 23 23 18 25 2 18 1 9
3.5763 12 44 23 23 17 24 3 18 1 9
3.57931 11 43 23 23 18 24 3 18 1 9
3.71164 11 42 23 23 17 24 3 19 1 9
3.72077 11 42 22 22 17 25 3 19 1 9
3.74649 11 42 21 21 17 26 3 19 1 9
3.78297 11 42 21 21 17 25 3 18 1 10
3.88091 10 41 21 21 18 25 3 18 1 10
3.92543 9 40 21 21 19 25 3 18 1 10
3.96056 9 40 21 21 19 24 3 17 1 11
4.00301 9 39 21 21 18 24 3 18 1 11
4.00842 9 39 20 20 18 25 3 18 1 11
4.02862 9 38 20 20 17 25 3 19 1 11
4.10077 9 38 19 19 17 26 3 19 1 11
4.20476 9 37 19 19 16 26 3 20 1 11
4.29265 9 36 19 19 15 26 3 21 1 11
4.32156 9 36 18 18 15 27 3 21 1 11
4.51661 9 35 18 18 14 27 3 22 1 11
4.58 8 34 18 18 15 27 3 22 1 11
4.67209 8 34 17 17 15 28 3 22 1 11
4.73011 8 34 17 17 15 27 3 21 1 12
4.77276 8 34 17 17 15 26 3 20 1 13
4.8004 8 33 17 17 14 26 3 21 1 13
4.80113 7 32 17 17 15 26 3 21 1 13
4.82389 7 31 17 17 14 26 3 22 1 13
4.82681 7 31 16 16 14 27 3 22 1 13
5.01993 7 31 16 16 14 26 3 21 1 14
5.09616 7 31 16 16 14 25 3 20 1 15
5.13955 7 30 16 16 13 25 3 21 1 15
5.4143 7 30 16 16 13 24 3 20 1 16
5.51058 7 30 15 15 13 25 3 20 1 16
5.60481 7 30 15 15 13 24 3 19 1 17
5.65406 7 30 15 15 12 23 4 19 1 17
5.7167 7 30 15 15 12 22 4 18 1 18
5.78568 7 30 15 15 12 21 4 17 1 19
5.99413 7 30 15 15 12 20 4 16 1 20
6.0529 7 29 15 15 11 20 4 17 1 20
6.0837 7 29 14 14 11 21 4 17 1 20
6.20575 7 29 14 14 11 20 4 16 1 21
6.33362 7 30 14 14 12 20 4 15 1 21
6.47856 7 30 13 13 12 21 4 15 1 21
6.65206 7 30 13 13 11 20 5 15 1 21
6.88112 7 29 13 13 11 20 4 15 2 21
7.21865 7 28 13 13 10 20 4 16 2 21
7.43221 6 27 13 13 11 20 4 16 2 21
7.53711 6 26 13 13 11 20 3 16 3 21
7.66322 6 25 13 13 10 20 3 17 3 21
7.78719 6 25 13 13 10 19 3 16 3 22
8.46367 6 25 13 13 10 18 3 15 3 23
8.49767 6 24 13 13 10 18 2 15 4 23
8.58578 6 24 13 13 10 17 2 14 4 24
8.74799 5 23 13 13 11 17 2 14 4 24
8.85021 4 22 13 13 12 17 2 14 4 24
9.05748 4 22 13 13 12 16 2 13 4 25
9.10193 4 21 13 13 11 16 2 14 4 25
9.14797 5 22 13 13 10 16 2 14 4 25
9.19679 5 22 13 13 10 15 2 13 4 26
9.4213 5 22 13 13 10 14 2 12 4 27
9.56766 5 22 12 12 10 15 2 12 4 27
9.68946 5 21 12 12 9 15 2 13 4 27
9.87437 5 21 12 12 9 14 2 12 4 28
9.88513 5 20 12 12 8 14 2 13 4 28
10.0102 5 20 11 11 8 15 2 13 4 28
10.1375 5 19 11 11 7 15 2 14 4 28
10.6267 5 19 10 10 7 16 2 14 4 28
10.6373 5 18 10 10 6 16 2 15 4 28
11.091 5 18 9 9 6 17 2 15 4 28
11.1915 5 18 9 9 6 16 2 14 4 29
11.4726 5 18 9 9 6 15 2 13 4 30
11.7384 5 19 9 9 6 15 3 13 3 30
12.0025 4 18 9 9 7 15 3 13 3 30
12.0221 4 19 9 9 8 15 3 12 3 30
12.0447 4 19 8 8 8 16 3 12 3 30
12.0917 4 19 8 8 7 15 4 12 3 30
12.2868 4 19 8 8 6 14 5 12 3 30
12.3355 4 19 8 8 6 13 5 11 3 31
12.9558 4 19 8 8 6 12 5 10 3 32
13.2194 4 18 8 8 5 12 5 11 3 32
14.8736 4 18 8 8 5 11 5 10 3 33
15.6911 3 17 8 8 6 11 5 10 3 33
16.4768 3 18 8 8 7 11 5 9 3 33
16.5914 3 18 7 7 7 12 5 9 3 33
16.97 3 18 7 7 6 11 6 9 3 33
17.0669 3 17 7 7 6 11 5 9 4 33
18.2817 3 18 7 7 6 11 6 9 3 33
18.5027 3 18 7 7 5 10 7 9 3 33
18.5082 3 17 7 7 5 10 6 9 4 33
18.898 3 17 7 7 5 9 6 8 4 34
19.1334 2 16 7 7 6 9 6 8 4 34
19.7288 2 16 7 7 6 8 6 7 4 35
20.1421 2 17 7 7 6 8 7 7 3 35
20.33 2 16 7 7 6 8 6 7 4 35
20.4592 3 17 7 7 5 8 6 7 4 35
20.4934 3 16 7 7 4 8 6 8 4 35
20.6251 3 17 7 7 4 8 7 8 3 35
20.7204 3 17 7 7 4 7 7 7 3 36
20.7444 3 16 7 7 4 7 6 7 4 36
20.7924 3 16 6 6 4 8 6 7 4 36
20.9807 3 15 6 6 3 8 6 8 4 36
21.1722 3 14 6 6 2 8 6 9 4 36
21.4315 2 13 6 6 3 8 6 9 4 36
21.4789 2 12 6 6 2 8 6 10 4 36
21.9166 2 12 5 5 2 9 6 10 4 36
22.3416 3 13 5 5 1 9 6 10 4 36
23.0647 3 13 5 5 1 8 6 9 4 37
23.2408 3 12 5 5 1 8 5 9 5 37
23.6204 3 12 5 5 0 7 6 9 5 37
23.7205 3 12 4 4 0 8 6 9 5 37
24.9248 3 12 4 4 0 7 6 8 5 38
25.0325 3 12 4 4 0 6 6 7 5 39
25.2832 3 11 4 4 0 6 5 7 6 39
25.7249 3 11 4 4 0 5 5 6 6 40
25.7534 3 10 4 4 0 5 4 6 7 40
25.9753 3 10 4 4 0 4 4 5 7 41
25.9918 3 9 4 4 0 4 3 5 8 41
27.6939 3 9 4 4 0 3 3 4 8 42
28.5892 2 8 4 4 1 3 3 4 8 42
31.8462 2 9 4 4 1 3 4 4 7 42
33.3083 2 8 4 4 1 3 3 4 8 42
33.7466 2 7 4 4 1 3 2 4 9 42
33.7664 2 6 4 4 1 3 1 4 10 42
33.8689 2 6 4 4 1 2 1 3 10 43
34.5403 2 7 4 4 1 2 2 3 9 43
35.1256 2 8 4 4 1 2 3 3 8 43
35.9454 2 7 4 4 1 2 2 3 9 43
36.7629 2 7 3 3 1 3 2 3 9 43
40.6616 1 6 3 3 2 3 2 3 9 43
40.9685 0 5 3 3 3 3 2 3 9 43
41.9409 0 5 4 4 3 2 2 3 9 43
42.654 0 5 4 4 3 1 2 2 9 44
42.7492 0 6 4 4 3 1 3 2 8 44
42.7814 0 5 4 4 2 1 3 3 8 44
43.0746 0 5 3 3 2 2 3 3 8 44
45.6497 0 5 2 2 2 3 3 3 8 44
46.7751 0 6 2 2 2 3 4 3 7 44
47.7877 0 6 2 2 2 2 4 2 7 45
50.192 0 5 2 2 1 2 4 3 7 45
50.3442 0 6 2 2 1 2 5 3 6 45
53.3084 0 6 2 2 1 1 5 2 6 46
54.4075 0 7 2 2 1 1 6 2 5 46
62.4082 0 7 2 2 0 0 7 2 5 46
62.7346 0 6 2 2 0 0 6 2 6 46
66.8765 0 7 2 2 0 0 7 2 5 46
71.4294 0 6 2 2 0 0 6 2 6 46
74.821 0 7 2 2 0 0 7 2 5 46
80.7739 0 6 2 2 0 0 6 2 6 46
82.5397 0 6 1 1 0 1 6 2 6 46
83.9862 0 5 1 1 0 1 5 2 7 46
91.3975 0 6 1 1 0 1 6 2 6 46
93.9512 0 5 1 1 0 1 5 2 7 46
95.4693 0 6 1 1 0 1 6 2 6 46
95.5826 0 7 1 1 0 1 7 2 5 46
98.9784 0 8 1 1 0 1 8 2 4 46
100.018 0 7 1 1 0 1 7 2 5 46
101.536 0 6 1 1 0 1 6 2 6 46
101.674 0 5 1 1 0 1 5 2 7 46
107.106 0 6 1 1 0 1 6 2 6 46
108.555 0 5 1 1 0 1 5 2 7 46
110.663 0 6 1 1 0 1 6 2 6 46
111.187 0 6 1 1 0 0 6 1 6 47
114.823 0 7 1 1 0 0 7 1 5 47
115.678 0 6 1 1 0 0 6 1 6 47
116.158 0 5 1 1 0 0 5 1 7 47
116.793 0 6 1 1 0 0 6 1 6 47
117.483 0 6 1 1 0 1 6 2 6 46
119.697 0 5 1 1 0 1 5 2 7 46
120.343 0 4 1 1 0 1 4 2 8 46
120.676 0 5 1 1 0 1 5 2 7 46
125.406 0 4 1 1 0 1 4 2 8 46
129.781 0 5 1 1 0 1 5 2 7 46
131.82 0 4 1 1 0 1 4 2 8 46
132.05 0 5 1 1 0 1 5 2 7 46
132.466 0 4 1 1 0 1 4 2 8 46
133.536 0 3 1 1 0 1 3 2 9 46
133.836 0 4 1 1 0 1 4 2 8 46
134.658 0 3 1 1 0 1 3 2 9 46
139.058 0 4 1 1 0 1 4 2 8 46
140.265 0 5 1 1 0 1 5 2 7 46
142.292 0 4 1 1 0 1 4 2 8 46
142.944 0 3 1 1 0 1 3 2 9 46
145.544 0 2 1 1 0 1 2 2 10 46
148.771 0 1 1 1 0 1 1 2 11 46
151.651 0 2 1 1 0 1 2 2 10 46
151.867 0 3 1 1 0 1 3 2 9 46
153.644 0 2 1 1 0 1 2 2 10 46
153.929 0 3 1 1 0 1 3 2 9 46
158.9 0 4 1 1 0 1 4 2 8 46
161.763 0 5 1 1 0 1 5 2 7 46
165.696 0 6 1 1 0 1 6 2 6 46
169.844 0 5 1 1 0 1 5 2 7 46
172.593 0 6 1 1 0 1 6 2 6 46
177.751 0 5 1 1 0 1 5 2 7 46
182.508 0 6 1 1 0 1 6 2 6 46
184.473 0 5 1 1 0 1 5 2 7 46
184.538 0 4 1 1 0 1 4 2 8 46
185.883 0 4 1 1 0 0 4 1 8 47
190.608 0 5 1 1 0 0 5 1 7 47
192.894 0 5 1 1 1 1 4 1 7 47
193.073 0 4 1 1 1 1 3 1 8 47
193.522 0 5 1 1 1 1 4 1 7 47
195.882 0 6 1 1 1 1 5 1 6 47
198.719 0 5 1 1 1 1 4 1 7 47
200.179 0 5 1 1 2 2 3 1 7 47
202.057 0 6 1 1 2 2 4 1 6 47
203.712 0 5 1 1 1 2 4 2 6 47
204.535 0 6 1 1 1 2 5 2 5 47
206.908 0 7 1 1 1 2 6 2 4 47
211.636 0 6 1 1 1 2 5 2 5 47
213.465 0 5 1 1 1 2 4 2 6 47
213.821 0 4 1 1 1 2 3 2 7 47
215.351 1 5 1 1 0 2 3 2 7 47
216.344 1 6 1 1 0 2 4 2 6 47
219.68 1 7 1 1 1 2 4 1 6 47
224.512 1 7 0 0 1 3 4 1 6 47
226.802 1 8 0 0 1 3 5 1 5 47
227.872 1 7 0 0 0 3 5 2 5 47
228.819 1 8 0 0 0 3 6 2 4 47
228.827 0 7 0 0 1 3 6 2 4 47
231.446 0 6 0 0 1 3 5 2 5 47
232.066 1 7 0 0 0 3 5 2 5 47
232.371 1 6 0 0 0 3 4 2 6 47
235.314 1 5 0 0 0 3 3 2 7 47
240.397 1 4 0 0 0 3 2 2 8 47
242.045 1 5 0 0 0 3 3 2 7 47
242.886 1 5 0 0 0 2 3 1 7 48
243.446 1 4 0 0 0 2 2 1 8 48
244.352 1 5 0 0 0 2 3 1 7 48
244.909 1 6 0 0 0 2 4 1 6 48
246.857 1 7 0 0 0 2 5 1 5 48
246.912 1 7 0 0 1 3 4 1 5 48
247.499 1 6 0 0 1 3 3 1 6 48
250.589 1 5 0 0 1 3 2 1 7 48
254.572 1 4 0 0 1 3 1 1 8 48
256.899 1 4 1 1 1 2 1 1 8 48
258.244 0 3 1 1 2 2 1 1 8 48
258.468 0 4 1 1 2 2 2 1 7 48
260.369 0 3 1 1 2 2 1 1 8 48
261.937 0 4 1 1 2 2 2 1 7 48
264 0 5 1 1 3 2 2 0 7 48
264.098 0 5 1 1 2 1 3 0 7 48
266.692 0 6 1 1 2 1 4 0 6 48
269.635 0 7 1 1 2 1 5 0 5 48
272.847 0 7 1 1 2 2 5 1 5 47
273.103 0 6 1 1 1 2 5 2 5 47
273.442 0 7 1 1 1 2 6 2 4 47
276.265 0 6 1 1 0 2 6 3 4 47
278.781 0 5 1 1 0 2 5 3 5 47
279.189 0 5 1 1 0 1 5 2 5 48
280.532 0 4 1 1 0 1 4 2 6 48
281.268 0 3 1 1 0 1 3 2 7 48
285.357 0 4 1 1 0 1 4 2 6 48
287.084 0 5 1 1 0 1 5 2 5 48
287.689 0 5 0 0 0 2 5 2 5 48
292.213 0 4 0 0 0 2 4 2 6 48
292.257 0 3 0 0 0 2 3 2 7 48
296.416 0 3 1 1 0 1 3 2 7 48
296.961 0 4 1 1 0 1 4 2 6 48
300.672 0 5 1 1 1 1 4 1 6 48
302.671 0 4 1 1 1 1 3 1 7 48
304.31 0 3 1 1 1 1 2 1 8 48
304.563 0 4 1 1 1 1 3 1 7 48
305.177 0 3 1 1 1 1 2 1 8 48
312.622 0 4 1 1 1 1 3 1 7 48
313.877 0 5 1 1 1 1 4 1 6 48
314.441 0 4 1 1 1 1 3 1 7 48
315.158 0 4 1 1 1 2 3 2 7 47
333.823 0 3 1 1 0 2 3 3 7 47
334.916 0 4 1 1 0 2 4 3 6 47
337.988 0 5 1 1 0 2 5 3 5 47
338.139 0 4 1 1 0 2 4 3 6 47
338.48 0 3 1 1 0 2 3 3 7 47
340.111 0 4 1 1 0 2 4 3 6 47
341.491 0 5 1 1 0 2 5 3 5 47
342.415 0 6 1 1 1 2 5 2 5 47
342.74 0 5 1 1 1 2 4 2 6 47
346.112 0 6 1 1 1 2 5 2 5 47
346.454 0 7 1 1 2 2 5 1 5 47
346.594 0 8 1 1 2 2 6 1 4 47
347.404 0 7 1 1 2 2 5 1 5 47
348.484 0 6 1 1 2 2 4 1 6 47
348.769 0 5 1 1 2 2 3 1 7 47
350.857 0 6 1 1 2 2 4 1 6 47
352.079 0 7 1 1 2 2 5 1 5 47
352.815 0 8 1 1 2 2 6 1 4 47
353.225 0 7 1 1 1 2 6 2 4 47
363.334 0 7 1 1 1 1 6 1 4 48
363.982 0 6 1 1 1 1 5 1 5 48
366.439 0 5 1 1 1 1 4 1 6 48
369.371 0 6 1 1 1 1 5 1 5 48
372.621 0 5 1 1 1 1 4 1 6 48
377.989 0 4 1 1 0 1 4 2 6 48
378.443 0 5 1 1 0 1 5 2 5 48
381.03 0 6 1 1 0 1 6 2 4 48
381.515 0 7 1 1 0 1 7 2 3 48
384.03 0 6 1 1 0 1 6 2 4 48
387.221 0 5 1 1 0 1 5 2 5 48
388.723 0 5 1 1 1 2 4 2 5 48
388.83 0 5 1 1 0 1 5 2 5 48
390.395 0 6 1 1 0 1 6 2 4 48
390.929 0 5 1 1 0 1 5 2 5 48
395.835 0 6 1 1 0 1 6 2 4 48
396.141 0 7 1 1 0 1 7 2 3 48
398.423 0 6 1 1 0 1 6 2 4 48
404.45 0 5 1 1 0 1 5 2 5 48
410.157 0 4 1 1 0 1 4 2 6 48
411.258 0 3 1 1 0 1 3 2 7 48
412.535 0 4 1 1 0 1 4 2 6 48
418.736 0 5 1 1 1 1 4 1 6 48
421.823 0 6 1 1 1 1 5 1 5 48
422.136 0 5 1 1 0 1 5 2 5 48
426.217 0 4 1 1 0 1 4 2 6 48
427.514 0 5 1 1 0 1 5 2 5 48
428.635 0 6 1 1 0 1 6 2 4 48
429.302 0 5 1 1 0 1 5 2 5 48
434.136 0 5 1 1 1 2 4 2 5 48
436.108 0 4 1 1 1 2 3 2 6 48
439.025 0 3 1 1 0 2 3 3 6 48
446.006 0 4 1 1 0 2 4 3 5 48
448.205 0 3 1 1 0 2 3 3 6 48
453.62 0 4 1 1 0 2 4 3 5 48
456.043 0 5 1 1 0 2 5 3 4 48
456.924 0 5 0 0 0 3 5 3 4 48
459.73 0 6 0 0 0 3 6 3 3 48
459.788 0 6 0 0 0 2 6 2 3 49
460.707 0 7 0 0 0 2 7 2 2 49
467.969 0 8 0 0 0 2 8 2 1 49
468.148 0 7 0 0 0 2 7 2 2 49
469.314 0 6 0 0 0 2 6 2 3 49
473.007 0 5 0 0 0 2 5 2 4 49
474.038 0 4 0 0 0 2 4 2 5 49
474.722 0 3 0 0 0 2 3 2 6 49
476.347 0 2 0 0 0 2 2 2 7 49
479.733 0 3 0 0 0 2 3 2 6 49
481.046 0 4 0 0 0 2 4 2 5 49
481.757 0 5 0 0 0 2 5 2 4 49
485.317 0 4 0 0 0 2 4 2 5 49
486.959 0 5 0 0 0 2 5 2 4 49
491.54 0 6 0 0 0 2 6 2 3 49
492.358 0 5 0 0 0 2 5 2 4 49
495.008 0 4 0 0 0 2 4 2 5 49
495.145 0 4 0 0 0 1 4 1 5 50
500.339 0 5 0 0 0 1 5 1 4 50
500.36 0 6 0 0 0 1 6 1 3 50
502.752 0 5 0 0 0 1 5 1 4 50
502.762 0 4 0 0 0 1 4 1 5 50
504.918 0 5 0 0 0 1 5 1 4 50
511.736 0 4 0 0 0 1 4 1 5 50
512.29 0 4 1 1 0 0 4 1 5 50
513.39 0 5 1 1 0 0 5 1 4 50
519.051 0 4 1 1 0 0 4 1 5 50
523.607 0 3 1 1 0 0 3 1 6 50
525.202 0 4 1 1 0 0 4 1 5 50
529.114 0 5 1 1 0 0 5 1 4 50
530.547 0 6 1 1 1 0 5 0 4 50
530.778 0 7 1 1 1 0 6 0 3 50
533.035 0 8 1 1 1 0 7 0 2 50
535.062 0 7 1 1 1 0 6 0 3 50
535.76 0 6 1 1 1 0 5 0 4 50
539.148 0 5 1 1 1 0 4 0 5 50
541.056 0 4 1 1 1 0 3 0 6 50
547.595 0 5 1 1 1 0 4 0 5 50
547.612 0 4 1 1 1 0 3 0 6 50
557.738 0 5 1 1 1 0 4 0 5 50
559.13 0 6 1 1 1 0 5 0 4 50
561.896 0 7 1 1 1 0 6 0 3 50
565.058 0 6 1 1 1 0 5 0 4 50
570.791 0 7 1 1 1 0 6 0 3 50
573.145 0 6 1 1 1 0 5 0 4 50
574.307 0 7 1 1 1 0 6 0 3 50
576.454 0 6 1 1 1 0 5 0 4 50
576.844 0 6 1 1 2 1 4 0 4 50
579.038 0 5 1 1 2 1 3 0 5 50
583.466 0 4 1 1 2 1 2 0 6 50
585.571 1 5 1 1 1 1 2 0 6 50
590.771 1 6 1 1 1 1 3 0 5 50
591.946 1 5 1 1 1 1 2 0 6 50
592.263 1 6 1 1 1 1 3 0 5 50
594.321 1 7 1 1 1 1 4 0 4 50
596.083 1 8 1 1 1 1 5 0 3 50
596.871 1 7 1 1 0 1 5 1 3 50
597.645 1 8 1 1 0 1 6 1 2 50
600.311 1 7 1 1 0 1 5 1 3 50
601.197 1 6 1 1 0 1 4 1 4 50
606.022 1 5 1 1 0 1 3 1 5 50
608.272 1 5 1 1 1 2 2 1 5 50
608.95 1 4 1 1 1 2 1 1 6 50
614.391 1 4 1 1 0 1 2 1 6 50
616.924 1 3 1 1 0 1 1 1 7 50
622.392 1 4 1 1 0 1 2 1 6 50
623.619 1 4 1 1 0 0 2 0 6 51
624.386 1 3 1 1 0 0 1 0 7 51
626.546 1 4 1 1 0 0 2 0 6 51
627.058 1 5 1 1 0 0 3 0 5 51
628.662 1 4 1 1 0 0 2 0 6 51
628.923 1 3 1 1 0 0 1 0 7 51
628.978 1 4 1 1 0 0 2 0 6 51
638.046 1 3 1 1 0 0 1 0 7 51
641.191 1 4 1 1 0 0 2 0 6 51
642.069 1 5 1 1 0 0 3 0 5 51
642.117 1 4 1 1 0 0 2 0 6 51
655.642 1 5 1 1 0 0 3 0 5 51
657.755 1 4 1 1 0 0 2 0 6 51
658.228 1 5 1 1 0 0 3 0 5 51
660.695 0 4 1 1 1 0 3 0 5 51
661.411 0 3 1 1 1 0 2 0 6 51
664.943 0 4 1 1 1 0 3 0 5 51
668.088 0 5 1 1 1 0 4 0 4 51
671.899 0 4 1 1 1 0 3 0 5 51
672.546 0 5 1 1 1 0 4 0 4 51
674.546 0 6 1 1 1 0 5 0 3 51
681.545 0 5 1 1 1 0 4 0 4 51
684.436 0 4 1 1 1 0 3 0 5 51
685.568 0 5 1 1 1 0 4 0 4 51
686.049 0 4 1 1 0 0 4 1 4 51
690.344 0 5 1 1 0 0 5 1 3 51
691.611 0 4 1 1 0 0 4 1 4 51
693.55 0 3 1 1 0 0 3 1 5 51
696.523 0 4 1 1 0 0 4 1 4 51
705.62 0 5 1 1 0 0 5 1 3 51
707.902 0 6 1 1 0 0 6 1 2 51
707.937 0 7 1 1 0 0 7 1 1 51
709.745 0 6 1 1 0 0 6 1 2 51
710.71 0 5 1 1 0 0 5 1 3 51
712.462 0 4 1 1 0 0 4 1 4 51
714.597 0 3 1 1 0 0 3 1 5 51
719.941 0 4 1 1 0 0 4 1 4 51
722.17 0 5 1 1 0 0 5 1 3 51
723.199 0 4 1 1 0 0 4 1 4 51
726.867 0 5 1 1 0 0 5 1 3 51
728.068 0 5 1 1 1 1 4 1 3 51
730.763 0 4 1 1 1 1 3 1 4 51
730.949 0 5 1 1 2 1 3 0 4 51
732.777 0 4 1 1 1 1 3 1 4 51
735.709 0 5 1 1 1 1 4 1 3 51
739.249 0 6 1 1 1 1 5 1 2 51
741.325 0 5 1 1 1 1 4 1 3 51
742.378 0 6 1 1 1 1 5 1 2 51
743.554 0 5 1 1 1 1 4 1 3 51
745.07 0 4 1 1 1 1 3 1 4 51
745.437 0 3 1 1 1 1 2 1 5 51
750.21 0 2 1 1 1 1 1 1 6 51
751.328 0 3 1 1 1 1 2 1 5 51
752.4 0 4 1 1 1 1 3 1 4 51
752.448 0 3 1 1 1 1 2 1 5 51
752.471 0 4 1 1 1 1 3 1 4 51
753.541 0 3 1 1 0 1 3 2 4 51
783.427 0 4 1 1 0 1 4 2 3 51
787.285 0 4 2 2 0 0 4 2 3 51
797.965 0 5 2 2 0 0 5 2 2 51
806.92 0 4 2 2 0 0 4 2 3 51
808.78 0 3 2 2 0 0 3 2 4 51
810.711 0 2 2 2 0 0 2 2 5 51
814.647 0 1 2 2 0 0 1 2 6 51
816.242 0 2 2 2 1 0 1 1 6 51
819.32 0 3 2 2 1 0 2 1 5 51
828.24 0 4 2 2 1 0 3 1 4 51
829.466 0 5 2 2 1 0 4 1 3 51
831.971 0 4 2 2 1 0 3 1 4 51
836.616 0 3 2 2 0 0 3 2 4 51
839.451 0 2 2 2 0 0 2 2 5 51
850.729 0 1 2 2 0 0 1 2 6 51
852.7 0 1 1 1 0 1 1 2 6 51
853.388 0 2 1 1 1 1 1 1 6 51
855.444 0 3 1 1 1 1 2 1 5 51
856.911 0 4 1 1 1 1 3 1 4 51
861.777 0 3 1 1 1 1 2 1 5 51
869.919 0 4 1 1 1 1 3 1 4 51
872.052 1 5 1 1 0 1 3 1 4 51
882.75 1 4 1 1 0 1 2 1 5 51
885.836 1 5 1 1 0 1 3 1 4 51
886.897 1 4 1 1 0 1 2 1 5 51
895.385 1 4 1 1 1 2 1 1 5 51
899.427 1 5 1 1 1 2 2 1 4 51
900.105 1 5 1 1 1 1 2 0 4 52
900.49 1 4 1 1 1 1 1 0 5 52
901.689 1 5 1 1 1 1 2 0 4 52
904.232 1 4 1 1 1 1 1 0 5 52
904.26 1 3 1 1 0 1 1 1 5 52
910.353 1 4 1 1 0 1 2 1 4 52
917.541 1 5 1 1 0 1 3 1 3 52
924.161 1 4 1 1 0 1 2 1 4 52
933.173 1 3 1 1 0 1 1 1 5 52
940.28 1 4 1 1 0 1 2 1 4 52
941.735 1 3 1 1 0 1 1 1 5 52
942.849 0 2 1 1 1 1 1 1 5 52
944.618 0 3 1 1 1 1 2 1 4 52
946.926 0 4 1 1 1 1 3 1 3 52
947.532 0 5 1 1 1 1 4 1 2 52
952.556 1 6 1 1 0 1 4 1 2 52
956.36 0 5 1 1 1 1 4 1 2 52
956.784 0 6 1 1 2 1 4 0 2 52
967.319 0 5 1 1 2 1 3 0 3 52
971.071 0 5 0 0 2 2 3 0 3 52
972.583 0 4 0 0 1 2 3 1 3 52
974.598 0 5 0 0 1 2 4 1 2 52
977.811 0 5 1 1 1 1 4 1 2 52
985.781 0 4 1 1 1 1 3 1 3 52
986.099 0 3 1 1 1 1 2 1 4 52
1000.27 0 4 1 1 1 1 3 1 3 52
1003.13 0 5 1 1 1 1 4 1 2 52
1004.39 0 4 1 1 1 1 3 1 3 52
1009.37 0 3 1 1 1 1 2 1 4 52
1010.3 0 2 1 1 1 1 1 1 5 52
1010.3 0 2 1 1 1 2 1 2 5 51
1011.48 1 3 1 1 0 2 1 2 5 51
1021.52 1 4 1 1 0 2 2 2 4 51
1026.11 0 3 1 1 1 2 2 2 4 51
1026.53 0 4 1 1 1 2 3 2 3 51
1034.37 0 4 1 1 1 1 3 1 3 52
1034.42 0 5 1 1 1 1 4 1 2 52
1039.97 0 4 1 1 1 1 3 1 3 52
1044.13 0 3 1 1 1 1 2 1 4 52
1045.2 0 2 1 1 1 1 1 1 5 52
1047.98 0 3 1 1 1 1 2 1 4 52
1048.8 0 4 1 1 1 1 3 1 3 52
1050.86 1 5 1 1 0 1 3 1 3 52
1050.88 1 6 1 1 0 1 4 1 2 52
1052.03 1 7 1 1 0 1 5 1 1 52
1052.38 1 6 1 1 0 1 4 1 2 52
1053.24 1 5 1 1 0 1 3 1 3 52
1053.41 1 6 1 1 0 1 4 1 2 52
1059.24 1 5 1 1 0 1 3 1 3 52
1059.71 0 4 1 1 1 1 3 1 3 52
1060.94 0 5 1 1 1 1 4 1 2 52
1063.34 0 5 2 2 1 0 4 1 2 52
1065.14 0 4 2 2 0 0 4 2 2 52
1082.28 0 5 2 2 0 0 5 2 1 52
1082.77 0 5 2 2 1 1 4 2 1 52
1090.66 0 4 2 2 1 1 3 2 2 52
1092.76 0 5 2 2 1 1 4 2 1 52
1096.68 0 5 2 2 0 0 5 2 1 52
1100.3 0 4 2 2 0 0 4 2 2 52
1100.79 0 4 1 1 0 1 4 2 2 52
1113.41 0 5 1 1 0 1 5 2 1 52
1114.64 0 5 1 1 1 2 4 2 1 52
1118.01 0 5 1 1 1 1 4 1 1 53
1119.83 0 4 1 1 1 1 3 1 2 53
1120.5 0 3 1 1 0 1 3 2 2 53
1124.27 0 4 1 1 0 1 4 2 1 53
1128.41 0 5 1 1 1 1 4 1 1 53
1133.41 0 6 1 1 2 1 4 0 1 53
1134.98 0 5 1 1 2 1 3 0 2 53
1135.6 0 4 1 1 1 1 3 1 2 53
1153.16 0 5 1 1 1 1 4 1 1 53
1154.03 0 4 1 1 1 1 3 1 2 53
1155.05 0 4 1 1 0 0 4 1 2 53
1157.03 0 3 1 1 0 0 3 1 3 53
1162.7 0 4 1 1 0 0 4 1 2 53
1171.41 0 3 1 1 0 0 3 1 3 53
1177.73 0 4 1 1 0 0 4 1 2 53
1186.29 0 4 1 1 1 1 3 1 2 53
1189.08 0 5 1 1 1 1 4 1 1 53
1198.57 0 4 1 1 1 1 3 1 2 53
1204.97 1 5 1 1 0 1 3 1 2 53
1205.46 1 5 1 1 0 0 3 0 2 54
1208.65 0 4 1 1 1 0 3 0 2 54
1211.29 0 4 0 0 1 1 3 0 2 54
1215.74 0 3 0 0 1 1 2 0 3 54
1219.55 1 4 0 0 0 1 2 0 3 54
1225.89 1 3 0 0 0 1 1 0 4 54
1226.32 0 2 0 0 1 1 1 0 4 54
1232.6 0 3 0 0 1 1 2 0 3 54
1241.44 0 4 0 0 1 1 3 0 2 54
1251.75 0 3 0 0 1 1 2 0 3 54
1251.94 1 4 0 0 0 1 2 0 3 54
1261.2 0 3 0 0 1 1 2 0 3 54
1261.3 0 4 0 0 1 1 3 0 2 54
1262.02 0 3 0 0 1 1 2 0 3 54
1262.17 0 2 0 0 1 1 1 0 4 54
1264.88 0 3 0 0 1 1 2 0 3 54
1267.02 0 2 0 0 1 1 1 0 4 54
1267.23 1 3 0 0 0 1 1 0 4 54
1280.97 1 4 0 0 0 1 2 0 3 54
1283.7 1 5 0 0 0 1 3 0 2 54
1285.29 1 6 0 0 0 1 4 0 1 54
1286.33 1 5 0 0 0 1 3 0 2 54
1286.94 0 4 0 0 1 1 3 0 2 54
1294.64 0 4 0 0 0 0 4 0 2 54
1296.94 0 3 0 0 0 0 3 0 3 54
1303.12 0 4 0 0 0 0 4 0 2 54
1305.31 0 3 0 0 0 0 3 0 3 54
1307.32 0 4 0 0 0 0 4 0 2 54
1318.52 0 3 0 0 0 0 3 0 3 54
1320.81 0 2 0 0 0 0 2 0 4 54
1323.89 0 3 0 0 0 0 3 0 3 54
1324.38 0 2 0 0 0 0 2 0 4 54
1331.63 0 3 0 0 0 0 3 0 3 54
1336.48 0 2 0 0 0 0 2 0 4 54
1346 0 2 0 0 0 1 2 1 4 53
1346.72 0 3 0 0 0 1 3 1 3 53
1347.78 0 4 0 0 0 1 4 1 2 53
1351.01 0 5 0 0 0 1 5 1 1 53
1352.73 0 4 0 0 0 1 4 1 2 53
1354.36 0 3 0 0 0 1 3 1 3 53
1354.83 0 2 0 0 0 1 2 1 4 53
1355.71 0 3 0 0 0 1 3 1 3 53
1359.31 0 4 0 0 0 1 4 1 2 53
1367.32 0 4 1 1 0 0 4 1 2 53
1379.52 0 5 1 1 0 0 5 1 1 53
1381.24 0 4 1 1 0 0 4 1 2 53
1394.79 0 3 1 1 0 0 3 1 3 53
1395.51 0 2 1 1 0 0 2 1 4 53
1399.94 0 3 1 1 0 0 3 1 3 53
1401.91 0 4 1 1 0 0 4 1 2 53
1408.16 0 3 1 1 0 0 3 1 3 53
1411.79 0 2 1 1 0 0 2 1 4 53
1421.65 0 3 1 1 1 0 2 0 4 53
1423.06 0 4 1 1 1 0 3 0 3 53
1425.03 0 3 1 1 0 0 3 1 3 53
1441.55 0 4 1 1 0 0 4 1 2 53
1445.53 0 5 1 1 0 0 5 1 1 53
1456.95 0 6 1 1 0 0 6 1 0 53
1459.88 0 5 1 1 0 0 5 1 1 53
1462.89 0 4 1 1 0 0 4 1 2 53
1479.54 0 3 1 1 0 0 3 1 3 53
1490.33 0 2 1 1 0 0 2 1 4 53
1492.54 0 2 1 1 0 1 2 2 4 52
1496.6 0 1 1 1 0 1 1 2 5 52
1502.47 0 1 1 1 0 0 1 1 5 53
1504.32 0 2 1 1 0 0 2 1 4 53
1506.84 0 1 1 1 0 0 1 1 5 53
1509.77 0 2 1 1 0 0 2 1 4 53
1520.26 0 3 1 1 0 0 3 1 3 53
1523.29 0 4 1 1 0 0 4 1 2 53
1525.05 0 4 1 1 1 1 3 1 2 53
1530.59 0 3 1 1 1 1 2 1 3 53
1533.95 0 2 1 1 0 1 2 2 3 53
1534.08 0 3 1 1 0 1 3 2 2 53
1537.51 0 3 1 1 0 0 3 1 2 54
1544.21 0 4 1 1 0 0 4 1 1 54
1547.53 0 3 1 1 0 0 3 1 2 54
1550.55 0 2 1 1 0 0 2 1 3 54
1555.96 0 2 0 0 0 1 2 1 3 54
1563.86 0 3 0 0 0 1 3 1 2 54
1578.31 0 4 0 0 1 1 3 0 2 54
1585.72 0 5 0 0 1 1 4 0 1 54
1593.35 1 6 0 0 0 1 4 0 1 54
1596.11 1 5 0 0 0 1 3 0 2 54
1616.14 0 4 0 0 1 1 3 0 2 54
1616.15 0 5 0 0 1 1 4 0 1 54
1618.16 0 4 0 0 1 1 3 0 2 54
1619.27 0 3 0 0 1 1 2 0 3 54
1622.24 0 4 0 0 1 1 3 0 2 54
1622.71 0 3 0 0 1 1 2 0 3 54
1630.85 0 2 0 0 1 1 1 0 4 54
1633.6 0 3 0 0 1 1 2 0 3 54
1635.56 0 2 0 0 1 1 1 0 4 54
1636.07 0 1 0 0 1 1 0 0 5 54
1644.2 0 1 1 1 1 0 0 0 5 54
1645.53 0 2 1 1 1 0 1 0 4 54
1656.21 0 3 1 1 1 0 2 0 3 54
1656.45 0 2 1 1 0 0 2 1 3 54
1658.88 0 3 1 1 0 0 3 1 2 54
1662.83 0 4 1 1 0 0 4 1 1 54
1667.49 0 3 1 1 0 0 3 1 2 54
1673.42 0 3 1 1 0 1 3 2 2 53
1674.83 0 2 1 1 0 1 2 2 3 53
1691.74 0 2 2 2 0 0 2 2 3 53
1692.34 0 3 2 2 1 0 2 1 3 53
1697.03 0 3 1 1 1 1 2 1 3 53
1704.88 0 4 1 1 1 1 3 1 2 53
1705.82 0 5 1 1 1 1 4 1 1 53
1714.53 0 5 1 1 1 0 4 0 1 54
1714.91 0 4 1 1 1 0 3 0 2 54
1715.62 0 4 1 1 2 1 2 0 2 54
1718.2 0 4 1 1 2 2 2 1 2 53
1719.86 0 3 1 1 1 2 2 2 2 53
1725.85 0 2 1 1 0 2 2 3 2 53
1726.47 0 3 1 1 0 2 3 3 1 53
1726.6 0 2 1 1 0 2 2 3 2 53
1733.19 0 2 1 1 0 1 2 2 2 54
1740.93 0 2 0 0 0 2 2 2 2 54
1745.08 0 2 0 0 0 1 2 1 2 55
1753.91 0 2 0 0 1 2 1 1 2 55
1761.4 0 3 0 0 1 2 2 1 1 55
1765.79 0 3 0 0 1 1 2 0 1 56
1770.05 0 2 0 0 1 1 1 0 2 56
1780.11 0 3 0 0 1 1 2 0 1 56
1780.68 0 2 0 0 1 1 1 0 2 56
1781.61 0 3 0 0 1 1 2 0 1 56
1782.95 0 2 0 0 0 1 2 1 1 56
1785.79 0 2 1 1 0 0 2 1 1 56
1787.32 0 2 1 1 0 1 2 2 1 55
1789.92 0 3 1 1 0 1 3 2 0 55
1792.39 0 3 2 2 0 0 3 2 0 55
1816.69 0 3 2 2 0 1 3 3 0 54
1836.3 0 2 2 2 0 1 2 3 1 54
1836.37 0 2 3 3 0 0 2 3 1 54
1838.77 0 2 2 2 0 1 2 3 1 54
1839.43 0 3 2 2 1 1 2 2 1 54
1839.79 0 2 2 2 1 1 1 2 2 54
1844.91 1 3 2 2 0 1 1 2 2 54
1847.74 1 4 2 2 0 1 2 2 1 54
1859.32 1 3 2 2 0 1 1 2 2 54
1860.71 1 3 2 2 0 2 1 3 2 53
1866.08 1 4 2 2 0 2 2 3 1 53
1870.03 0 3 2 2 1 2 2 3 1 53
1884.14 0 2 2 2 1 2 1 3 2 53
1911.23 0 3 2 2 1 2 2 3 1 53
1911.31 0 3 2 2 2 3 1 3 1 53
1913.82 0 3 1 1 2 4 1 3 1 53
1914.86 0 3 1 1 2 3 1 2 1 54
1918.67 1 4 1 1 1 3 1 2 1 54
1918.71 0 3 1 1 2 3 1 2 1 54
1918.79 0 4 1 1 2 3 2 2 0 54
1918.99 0 4 1 1 3 4 1 2 0 54
1922.94 0 3 1 1 3 4 0 2 1 54
1925.75 0 3 2 2 3 3 0 2 1 54
1926.03 0 3 2 2 3 2 0 1 1 55
1930.4 1 4 2 2 2 2 0 1 1 55
1933.67 2 5 2 2 1 2 0 1 1 55
1939.01 2 6 2 2 1 2 1 1 0 55
1940.69 1 5 2 2 2 2 1 1 0 55
1952.37 1 4 2 2 1 2 1 2 0 55
1967.07 0 3 2 2 2 2 1 2 0 55
1971.76 0 2 2 2 1 2 1 3 0 55
1989.39 0 2 1 1 1 3 1 3 0 55
1989.65 0 2 1 1 1 2 1 2 0 56
1991.92 0 3 1 1 2 2 1 1 0 56
1996.95 1 4 1 1 1 2 1 1 0 56
1998.03 1 3 1 1 1 2 0 1 1 56
2001.14 0 2 1 1 2 2 0 1 1 56
2003.61 0 2 1 1 2 3 0 2 1 55
2004.16 1 3 1 1 1 3 0 2 1 55
2007.87 1 3 1 1 0 2 1 2 1 55
2016.96 1 4 1 1 1 2 1 1 1 55
2018.07 1 3 1 1 0 2 1 2 1 55
2020.36 1 3 1 1 0 1 1 1 1 56
2022.25 1 4 1 1 0 1 2 1 0 56
2045.95 1 4 1 1 1 2 1 1 0 56
2047.61 1 3 1 1 1 2 0 1 1 56
2054.87 1 4 1 1 1 2 1 1 0 56
2059.8 1 4 1 1 0 1 2 1 0 56
2072.79 0 3 1 1 1 1 2 1 0 56
2084.68 0 3 1 1 1 0 2 0 0 57
2086.22 0 3 0 0 1 1 2 0 0 57
2086.99 0 2 0 0 0 1 2 1 0 57
2121.65 0 2 1 1 0 0 2 1 0 57
2134.89 0 2 1 1 0 1 2 2 0 56
2157.41 0 3 1 1 1 1 2 1 0 56
2170.61 0 2 1 1 1 1 1 1 1 56
2172.49 0 2 1 1 1 2 1 2 1 55
2173.36 1 3 1 1 0 2 1 2 1 55
2179.41 1 4 1 1 0 2 2 2 0 55
2188.31 1 3 1 1 0 2 1 2 1 55
2192.77 1 3 1 1 0 3 1 3 1 54
2193.78 1 4 1 1 0 3 2 3 0 54
2195.05 1 3 1 1 0 3 1 3 1 54
2207.93 1 4 1 1 1 3 1 2 1 54
2211.65 1 3 1 1 1 3 0 2 2 54
2214.51 1 2 1 1 0 3 0 3 2 54
2220.25 1 2 1 1 0 2 0 2 2 55
2222.56 1 2 2 2 0 1 0 2 2 55
2222.7 1 2 1 1 0 2 0 2 2 55
2229.21 1 2 0 0 0 3 0 2 2 55
2248.96 1 3 0 0 0 3 1 2 1 55
2253.43 1 4 0 0 0 3 2 2 0 55
2257.24 1 3 0 0 0 3 1 2 1 55
2264.2 1 4 0 0 1 3 1 1 1 55
2264.33 1 4 0 0 1 2 1 0 1 56
2271.46 1 3 0 0 0 2 1 1 1 56
2277.38 0 2 0 0 1 2 1 1 1 56
2286.66 0 1 0 0 0 2 1 2 1 56
2296.46 0 1 1 1 0 1 1 2 1 56
2316.37 0 2 1 1 0 1 2 2 0 56
2321.99 0 2 2 2 0 0 2 2 0 56
2322.75 0 3 2 2 1 0 2 1 0 56
2346.33 0 2 2 2 0 0 2 2 0 56
2360.51 0 2 1 1 0 1 2 2 0 56
2363.47 0 2 2 2 0 0 2 2 0 56
2386.52 0 3 2 2 1 0 2 1 0 56
2400.75 0 2 2 2 0 0 2 2 0 56
2406.14 0 1 2 2 0 0 1 2 1 56
2407.29 0 2 2 2 1 0 1 1 1 56
2412.72 0 3 2 2 1 0 2 1 0 56
2419.29 1 4 2 2 0 0 2 1 0 56
2427.17 1 4 2 2 1 1 1 1 0 56
2427.95 1 3 2 2 0 1 1 2 0 56
2446.6 1 3 1 1 0 2 1 2 0 56
2447.25 1 3 0 0 0 3 1 2 0 56
2448.03 1 3 0 0 0 2 1 1 0 57
2449.62 1 4 0 0 1 2 1 0 0 57
2456.08 1 4 1 1 1 1 1 0 0 57
2461.94 1 3 1 1 0 1 1 1 0 57
2462.9 0 2 1 1 1 1 1 1 0 57
2475.77 0 2 0 0 1 2 1 1 0 57
2531.55 0 2 0 0 1 1 1 0 0 58
2538.36 1 3 0 0 0 1 1 0 0 58
2580.97 1 2 0 0 0 1 0 0 1 58
2591.53 1 3 0 0 0 1 1 0 0 58
2607.25 1 3 0 0 0 2 1 1 0 57
2618.41 1 3 1 1 0 1 1 1 0 57
2620.91 0 2 1 1 1 1 1 1 0 57
2633.86 0 3 1 1 2 1 1 0 0 57
2640.3 0 2 1 1 2 1 0 0 1 57
2655.82 0 1 1 1 1 1 0 1 1 57
2658.94 0 1 1 1 1 2 0 2 1 56
2672.07 0 1 1 1 0 1 1 2 1 56
2673.23 0 2 1 1 0 1 2 2 0 56
2675.77 0 3 1 1 1 1 2 1 0 56
2677.4 0 3 1 1 0 0 3 1 0 56
2679.03 0 3 1 1 1 1 2 1 0 56
2683.89 0 2 1 1 0 1 2 2 0 56
2693.35 0 2 2 2 0 0 2 2 0 56
2693.71 0 2 2 2 0 1 2 3 0 55
2708.13 0 1 2 2 0 1 1 3 1 55
2709.27 0 1 2 2 1 2 0 3 1 55
2726.35 0 2 2 2 1 2 1 3 0 55
2728.14 0 1 2 2 0 2 1 4 0 55
2731.79 0 1 1 1 0 3 1 4 0 55
2735.34 0 1 2 2 0 2 1 4 0 55
2740.45 0 1 2 2 0 1 1 3 0 56
2744.14 0 1 3 3 0 0 1 3 0 56
2752.78 0 1 2 2 0 1 1 3 0 56
2769.44 0 1 1 1 0 2 1 3 0 56
2777.99 0 1 1 1 0 3 1 4 0 55
2785.86 0 1 1 1 0 2 1 3 0 56
2788.07 0 2 1 1 1 2 1 2 0 56
2790.74 0 1 1 1 1 2 0 2 1 56
2797.68 0 2 1 1 1 2 1 2 0 56
2812.68 0 2 1 1 1 1 1 1 0 57
2812.79 0 2 1 1 1 2 1 2 0 56
2812.81 0 2 0 0 1 3 1 2 0 56
2815.65 0 2 1 1 1 2 1 2 0 56
2823.08 0 1 1 1 1 2 0 2 1 56
2824.24 0 2 1 1 2 2 0 1 1 56
2825.03 0 1 1 1 1 2 0 2 1 56
2838.15 0 1 2 2 1 1 0 2 1 56
2839.2 1 2 2 2 0 1 0 2 1 56
2856.61 0 1 2 2 1 1 0 2 1 56
2859.25 1 2 2 2 0 1 0 2 1 56
2903.76 1 3 2 2 1 1 0 1 1 56
2905.89 1 4 2 2 1 1 1 1 0 56
2907.92 1 3 2 2 1 1 0 1 1 56
2908.09 0 2 2 2 2 1 0 1 1 56
2926.15 0 2 1 1 2 2 0 1 1 56
2929.46 0 2 0 0 2 3 0 1 1 56
2943.5 1 3 0 0 1 3 0 1 1 56
2959.55 1 3 1 1 1 2 0 1 1 56
2967.78 1 3 1 1 1 1 0 0 1 57
2968.88 0 2 1 1 2 1 0 0 1 57
2978.24 0 3 1 1 2 1 1 0 0 57
2985.14 0 2 1 1 1 1 1 1 0 57
2998.07 0 1 1 1 1 1 0 1 1 57
2998.57 1 2 1 1 0 1 0 1 1 57
2998.57 1 2 1 1 0 1 0 1 1 57
