0 60 120 60 60 0 0 0 0 0 0
0.00358085 60 120 59 59 0 1 0 0 0 0
0.00850614 59 119 59 59 1 1 0 0 0 0
0.0305355 59 119 58 58 1 2 0 0 0 0
0.0347945 58 118 58 58 2 2 0 0 0 0
0.0421135 58 118 57 57 2 3 0 0 0 0
0.0607701 57 117 57 57 3 3 0 0 0 0
0.0743682 57 117 56 56 3 4 0 0 0 0
0.075524 56 116 56 56 4 4 0 0 0 0
0.0849866 55 115 56 56 5 4 0 0 0 0
0.0944034 54 114 56 56 6 4 0 0 0 0
0.107948 53 113 56 56 7 4 0 0 0 0
0.109645 52 112 56 56 8 4 0 0 0 0
0.124604 52 112 55 55 8 5 0 0 0 0
0.140478 51 111 55 55 9 5 0 0 0 0
0.157009 51 111 54 54 9 6 0 0 0 0
0.171089 50 110 54 54 10 6 0 0 0 0
0.176344 49 109 54 54 11 6 0 0 0 0
0.180767 49 109 53 53 11 7 0 0 0 0
0.228529 48 108 53 53 12 7 0 0 0 0
0.245121 48 108 52 52 12 8 0 0 0 0
0.269075 47 107 52 52 13 8 0 0 0 0
0.295323 47 107 51 51 13 9 0 0 0 0
0.3101 46 106 51 51 14 9 0 0 0 0
0.315225 46 105 51 51 13 9 0 1 0 0
0.326646 45 104 51 51 14 9 0 1 0 0
0.383781 45 103 51 51 13 9 0 2 0 0
0.393494 45 102 51 51 12 9 0 3 0 0
0.418367 45 101 51 51 11 9 0 4 0 0
0.425519 44 100 51 51 12 9 0 4 0 0
0.478123 44 99 51 51 11 9 0 5 0 0
0.493573 43 98 51 51 12 9 0 5 0 0
0.557586 42 97 51 51 13 9 0 5 0 0
0.570542 42 97 50 50 13 10 0 5 0 0
0.571085 41 96 50 50 14 10 0 5 0 0
0.597631 40 95 50 50 15 10 0 5 0 0
0.635242 39 94 50 50 16 10 0 5 0 0
0.637846 38 93 50 50 17 10 0 5 0 0
0.638218 37 92 50 50 18 10 0 5 0 0
0.655396 37 92 49 49 18 11 0 5 0 0
0.694489 37 91 49 49 17 11 0 6 0 0
0.696212 36 90 49 49 18 11 0 6 0 0
0.702418 36 90 48 48 18 12 0 6 0 0
0.757853 36 89 48 48 17 12 0 7 0 0
0.778503 36 89 47 47 17 13 0 7 0 0
0.793061 35 88 47 47 18 13 0 7 0 0
0.801159 35 87 47 47 17 13 0 8 0 0
0.805645 35 87 46 46 17 14 0 8 0 0
0.806349 34 86 46 46 18 14 0 8 0 0
0.822733 34 85 46 46 17 14 0 9 0 0
0.827977 34 85 45 45 17 15 0 9 0 0
0.858469 34 84 45 45 16 15 0 10 0 0
0.911764 33 83 45 45 17 15 0 10 0 0
0.947762 32 82 45 45 18 15 0 10 0 0
0.971256 32 82 44 44 18 16 0 10 0 0
0.977357 32 82 43 43 18 17 0 10 0 0
0.995707 32 82 42 42 18 18 0 10 0 0
1.0073 31 81 42 42 19 18 0 10 0 0
1.05444 31 81 41 41 19 19 0 10 0 0
1.11151 31 81 40 40 19 20 0 10 0 0
1.13566 31 81 39 39 19 21 0 10 0 0
1.13965 30 80 39 39 20 21 0 10 0 0
1.15957 30 80 38 38 20 22 0 10 0 0
1.16834 29 79 38 38 21 22 0 10 0 0
1.17073 28 78 38 38 22 22 0 10 0 0
1.19745 28 78 38 38 21 21 1 10 0 0
1.20308 28 78 37 37 21 22 1 10 0 0
1.21649 28 77 37 37 20 22 1 11 0 0
1.2273 28 76 37 37 19 22 1 12 0 0
1.22921 28 76 37 37 19 21 1 11 0 1
1.25771 28 76 37 37 18 20 2 11 0 1
1.27942 28 75 37 37 17 20 2 12 0 1
1.30671 27 74 37 37 18 20 2 12 0 1
1.30959 27 74 36 36 18 21 2 12 0 1
1.32067 27 74 36 36 18 20 2 11 0 2
1.32287 27 74 37 37 18 19 2 11 0 2
1.33988 27 73 37 37 17 19 2 12 0 2
1.34002 27 72 37 37 16 19 2 13 0 2
1.3652 27 72 37 37 15 18 3 13 0 2
1.39618 26 71 37 37 16 18 3 13 0 2
1.40216 26 71 36 36 16 19 3 13 0 2
1.40297 26 71 35 35 16 20 3 13 0 2
1.45006 26 71 34 34 16 21 3 13 0 2
1.47209 26 70 34 34 15 21 3 14 0 2
1.5077 25 69 34 34 16 21 3 14 0 2
1.51434 25 69 33 33 16 22 3 14 0 2
1.596 24 68 33 33 17 22 3 14 0 2
1.62641 24 68 32 32 17 23 3 14 0 2
1.67057 23 67 32 32 18 23 3 14 0 2
1.67487 23 66 32 32 17 23 3 15 0 2
1.72086 23 65 32 32 16 23 3 16 0 2
1.72519 23 64 32 32 15 23 3 17 0 2
1.74456 23 63 32 32 14 23 3 18 0 2
1.75725 23 63 32 32 14 22 3 17 0 3
1.77733 23 64 32 32 15 22 3 16 0 3
1.82429 22 63 32 32 16 22 3 16 0 3
1.83902 21 62 32 32 17 22 3 16 0 3
1.84118 21 61 32 32 16 22 3 17 0 3
1.85111 21 61 31 31 16 23 3 17 0 3
1.86596 20 60 31 31 17 23 3 17 0 3
1.87456 20 60 30 30 17 24 3 17 0 3
1.88983 20 59 30 30 16 24 3 18 0 3
1.90472 20 59 31 31 16 23 3 18 0 3
1.95397 20 59 31 31 16 22 3 17 0 4
2.0038 19 58 31 31 17 22 3 17 0 4
2.0139 19 58 30 30 17 23 3 17 0 4
2.01809 19 57 30 30 17 23 2 17 1 4
2.07671 19 57 29 29 17 24 2 17 1 4
2.10316 19 57 29 29 17 23 2 16 1 5
2.14029 18 56 29 29 18 23 2 16 1 5
2.14553 18 56 29 29 17 22 3 16 1 5
2.18289 18 56 28 28 17 23 3 16 1 5
2.19135 18 56 27 27 17 24 3 16 1 5
2.23479 18 56 27 27 16 23 4 16 1 5
2.24862 18 56 27 27 16 22 4 15 1 6
2.27059 18 56 26 26 16 23 4 15 1 6
2.30707 17 55 26 26 17 23 4 15 1 6
2.35391 16 54 26 26 18 23 4 15 1 6
2.41836 16 54 26 26 17 22 5 15 1 6
2.42168 16 54 25 25 17 23 5 15 1 6
2.43927 16 53 25 25 16 23 5 16 1 6
2.44376 16 53 25 25 15 22 6 16 1 6
2.49613 15 52 25 25 16 22 6 16 1 6
2.49751 15 51 25 25 15 22 6 17 1 6
2.49891 15 51 24 24 15 23 6 17 1 6
2.50875 15 50 24 24 14 23 6 18 1 6
2.51194 14 49 24 24 15 23 6 18 1 6
2.56089 14 48 24 24 14 23 6 19 1 6
2.59525 14 47 24 24 13 23 6 20 1 6
2.65697 13 46 24 24 14 23 6 20 1 6
2.67974 13 46 24 24 14 22 6 19 1 7
2.70083 12 45 24 24 15 22 6 19 1 7
2.84486 12 45 24 24 15 21 6 18 1 8
2.98131 12 45 23 23 15 22 6 18 1 8
3.01587 12 45 24 24 15 21 6 18 1 8
3.03433 11 44 24 24 16 21 6 18 1 8
3.05539 11 43 24 24 16 21 5 18 2 8
3.07453 11 43 24 24 16 20 5 17 2 9
3.0945 11 42 24 24 15 20 5 18 2 9
3.11208 11 41 24 24 14 20 5 19 2 9
3.11248 11 40 24 24 14 20 4 19 3 9
3.15306 11 40 24 24 14 19 4 18 3 10
3.17454 11 40 24 24 14 18 4 17 3 11
3.19968 10 39 24 24 15 18 4 17 3 11
3.24257 10 39 24 24 15 17 4 16 3 12
3.308 9 38 24 24 16 17 4 16 3 12
3.32389 9 39 24 24 17 17 4 15 3 12
3.44742 9 38 24 24 16 17 4 16 3 12
3.45057 9 38 23 23 16 18 4 16 3 12
3.60853 9 38 23 23 15 17 5 16 3 12
3.7171 9 37 23 23 14 17 5 17 3 12
3.74974 9 37 23 23 14 16 5 16 3 13
3.81793 9 37 22 22 14 17 5 16 3 13
3.83398 8 36 22 22 15 17 5 16 3 13
3.83706 8 35 22 22 15 17 4 16 4 13
3.86202 8 35 22 22 15 16 4 15 4 14
4.10698 8 35 21 21 15 17 4 15 4 14
4.11677 8 34 21 21 14 17 4 16 4 14
4.40734 8 33 21 21 14 17 3 16 5 14
4.41594 8 33 21 21 13 16 4 16 5 14
4.47694 8 33 20 20 13 17 4 16 5 14
4.51457 8 33 19 19 13 18 4 16 5 14
4.63029 8 32 19 19 12 18 4 17 5 14
4.86277 8 32 18 18 12 19 4 17 5 14
4.86766 7 31 18 18 13 19 4 17 5 14
4.90495 6 30 18 18 14 19 4 17 5 14
4.91299 6 30 17 17 14 20 4 17 5 14
4.91622 6 30 16 16 14 21 4 17 5 14
4.96747 6 30 16 16 14 20 4 16 5 15
5.06683 6 29 16 16 14 20 3 16 6 15
5.18547 5 28 16 16 15 20 3 16 6 15
5.25755 5 28 16 16 14 19 4 16 6 15
5.4034 5 28 16 16 13 18 5 16 6 15
5.78547 5 28 15 15 13 19 5 16 6 15
5.8014 5 28 15 15 13 18 5 15 6 16
5.83192 5 28 15 15 12 17 6 15 6 16
6.02315 5 28 15 15 11 16 7 15 6 16
6.08806 5 28 15 15 10 15 8 15 6 16
6.3347 5 27 15 15 9 15 8 16 6 16
6.39825 4 26 15 15 10 15 8 16 6 16
6.43358 4 26 14 14 10 16 8 16 6 16
6.63507 4 25 14 14 9 16 8 17 6 16
6.72999 4 25 13 13 9 17 8 17 6 16
6.74196 4 26 13 13 9 17 9 17 5 16
6.75693 4 26 12 12 9 18 9 17 5 16
6.8407 4 26 11 11 9 19 9 17 5 16
7.00515 4 26 11 11 9 18 9 16 5 17
7.10294 4 25 11 11 9 18 8 16 6 17
7.27939 4 24 11 11 9 18 7 16 7 17
7.33277 3 23 11 11 10 18 7 16 7 17
7.4612 3 22 11 11 10 18 6 16 8 17
7.58743 3 21 11 11 9 18 6 17 8 17
7.62925 4 22 11 11 8 18 6 17 8 17
7.64599 4 22 11 11 8 17 6 16 8 18
7.74277 4 21 11 11 8 17 5 16 9 18
7.76329 4 21 11 11 7 16 6 16 9 18
7.83017 3 20 11 11 8 16 6 16 9 18
7.85343 3 20 10 10 8 17 6 16 9 18
8.13213 3 20 10 10 8 16 6 15 9 19
8.59871 2 19 10 10 9 16 6 15 9 19
8.60348 2 18 10 10 8 16 6 16 9 19
8.89918 2 18 10 10 7 15 7 16 9 19
9.0415 2 18 10 10 7 14 7 15 9 20
9.12571 2 18 10 10 7 13 7 14 9 21
9.78527 2 18 10 10 6 12 8 14 9 21
9.84736 2 17 10 10 6 12 7 14 10 21
9.93524 2 17 9 9 6 13 7 14 10 21
9.96021 2 16 9 9 6 13 6 14 11 21
11.1102 2 16 9 9 6 12 6 13 11 22
11.4646 2 15 9 9 5 12 6 14 11 22
11.8311 2 15 8 8 5 13 6 14 11 22
11.9066 3 16 8 8 4 13 6 14 11 22
12.4437 3 16 8 8 4 12 6 13 11 23
12.4646 3 16 8 8 3 11 7 13 11 23
12.7474 3 17 8 8 3 11 8 13 10 23
13.0626 3 16 8 8 3 11 7 13 11 23
13.2479 3 15 8 8 3 11 6 13 12 23
13.4356 3 16 8 8 3 11 7 13 11 23
14.4174 3 16 7 7 3 12 7 13 11 23
14.56 2 15 7 7 4 12 7 13 11 23
14.8019 2 14 7 7 4 12 6 13 12 23
15.0259 1 13 7 7 5 12 6 13 12 23
15.2719 1 12 7 7 5 12 5 13 13 23
15.5168 1 11 7 7 4 12 5 14 13 23
16.242 1 11 7 7 4 11 5 13 13 24
16.2737 1 10 7 7 4 11 4 13 14 24
16.3944 1 10 7 7 4 10 4 12 14 25
17.0966 1 10 8 8 4 9 4 12 14 25
17.6563 1 10 7 7 4 10 4 12 14 25
18.8152 1 10 7 7 4 9 4 11 14 26
20.3361 1 9 7 7 4 9 3 11 15 26
20.4056 1 9 7 7 4 8 3 10 15 27
20.5269 1 8 7 7 4 8 2 10 16 27
20.9022 1 9 7 7 4 8 3 10 15 27
21.2326 1 10 7 7 5 8 3 9 15 27
21.3113 1 11 7 7 5 8 4 9 14 27
21.779 1 11 7 7 4 7 5 9 14 27
21.8306 1 11 7 7 4 6 5 8 14 28
22.0724 1 10 7 7 4 6 4 8 15 28
23.1405 1 10 7 7 4 5 4 7 15 29
23.1842 1 11 7 7 5 5 4 6 15 29
23.2118 1 11 7 7 5 4 4 5 15 30
23.4408 1 11 6 6 5 5 4 5 15 30
23.9027 1 12 6 6 5 5 5 5 14 30
24.8644 1 11 6 6 5 5 4 5 15 30
25.3676 1 11 5 5 5 6 4 5 15 30
25.5186 1 11 5 5 4 5 5 5 15 30
25.7467 1 10 5 5 3 5 5 6 15 30
26.1055 1 10 4 4 3 6 5 6 15 30
26.8711 1 11 4 4 4 6 5 5 15 30
28.3765 1 11 3 3 4 7 5 5 15 30
28.4789 1 10 3 3 4 7 4 5 16 30
29.0876 1 11 3 3 4 7 5 5 15 30
30.768 1 12 3 3 4 7 6 5 14 30
30.7715 1 12 3 3 3 6 7 5 14 30
31.0756 1 13 3 3 3 6 8 5 13 30
32.0378 1 12 3 3 3 6 7 5 14 30
32.3797 1 13 3 3 3 6 8 5 13 30
32.6513 1 14 3 3 3 6 9 5 12 30
32.895 1 14 3 3 3 5 9 4 12 31
33.4251 1 15 3 3 3 5 10 4 11 31
33.5083 1 15 2 2 3 6 10 4 11 31
34.4097 1 14 2 2 3 6 9 4 12 31
34.6993 1 13 2 2 2 6 9 5 12 31
35.0179 1 14 2 2 2 6 10 5 11 31
35.2397 1 13 2 2 1 6 10 6 11 31
35.3215 1 12 2 2 1 6 9 6 12 31
35.3638 1 11 2 2 1 6 8 6 13 31
36.5401 1 12 2 2 1 6 9 6 12 31
37.9994 1 11 2 2 1 6 8 6 13 31
39.3814 1 11 2 2 1 5 8 5 13 32
41.5294 1 10 2 2 1 5 7 5 14 32
43.0494 1 10 2 2 1 4 7 4 14 33
43.069 1 11 2 2 1 4 8 4 13 33
43.6183 1 10 2 2 0 4 8 5 13 33
44.3831 1 11 2 2 0 4 9 5 12 33
44.8809 1 10 2 2 0 4 8 5 13 33
45.0439 1 10 2 2 0 3 8 4 13 34
45.3922 1 9 2 2 0 3 7 4 14 34
46.6003 1 8 2 2 0 3 6 4 15 34
48.6037 1 9 2 2 0 3 7 4 14 34
48.8544 1 10 2 2 0 3 8 4 13 34
49.8142 1 11 2 2 0 3 9 4 12 34
51.252 1 10 2 2 0 3 8 4 13 34
51.6113 1 9 2 2 0 3 7 4 14 34
52.1199 1 10 2 2 0 3 8 4 13 34
52.2809 1 10 2 2 0 2 8 3 13 35
52.3306 1 11 2 2 0 2 9 3 12 35
53.9361 1 12 2 2 0 2 10 3 11 35
54.3046 1 11 2 2 0 2 9 3 12 35
54.8771 1 12 2 2 0 2 10 3 11 35
55.6954 1 13 2 2 0 2 11 3 10 35
57.138 1 12 2 2 0 2 10 3 11 35
57.5697 1 12 2 2 1 3 9 3 11 35
58.1301 1 13 2 2 1 3 10 3 10 35
58.1998 1 12 2 2 1 3 9 3 11 35
58.5201 1 11 2 2 0 3 9 4 11 35
59.0417 1 12 2 2 0 3 10 4 10 35
59.8485 1 11 2 2 0 3 9 4 11 35
60.6846 1 12 2 2 0 3 10 4 10 35
60.8233 1 13 2 2 0 3 11 4 9 35
61.094 1 12 2 2 0 3 10 4 10 35
61.6504 1 11 2 2 0 3 9 4 11 35
62.103 1 10 2 2 0 3 8 4 12 35
62.6644 1 9 2 2 0 3 7 4 13 35
64.7562 1 10 2 2 0 3 8 4 12 35
67.421 1 9 2 2 0 3 7 4 13 35
67.5296 1 8 2 2 0 3 6 4 14 35
68.2201 1 7 2 2 0 3 5 4 15 35
68.3745 1 8 2 2 0 3 6 4 14 35
70.046 1 9 2 2 0 3 7 4 13 35
70.7833 1 10 2 2 0 3 8 4 12 35
71.5579 1 11 2 2 0 3 9 4 11 35
71.8475 1 11 2 2 0 2 9 3 11 36
72.3403 1 12 2 2 1 2 9 2 11 36
72.7026 1 11 2 2 1 2 8 2 12 36
72.8346 1 10 2 2 1 2 7 2 13 36
72.8768 1 9 2 2 1 2 6 2 14 36
73.0768 1 8 2 2 0 2 6 3 14 36
73.2884 1 7 2 2 0 2 5 3 15 36
73.8428 1 8 2 2 0 2 6 3 14 36
75.2657 1 9 2 2 0 2 7 3 13 36
76.4356 1 8 2 2 0 2 6 3 14 36
76.7139 1 9 2 2 0 2 7 3 13 36
77.3035 1 10 2 2 0 2 8 3 12 36
77.6698 1 11 2 2 0 2 9 3 11 36
78.4532 1 11 1 1 0 3 9 3 11 36
79.0377 1 12 1 1 0 3 10 3 10 36
79.0583 1 11 1 1 0 3 9 3 11 36
79.7588 1 10 1 1 0 3 8 3 12 36
81.587 1 11 1 1 1 3 8 2 12 36
81.7338 1 12 1 1 1 3 9 2 11 36
82.8245 1 13 1 1 1 3 10 2 10 36
83.7805 1 14 1 1 2 3 10 1 10 36
84.5419 0 13 1 1 3 3 10 1 10 36
85.27 0 14 1 1 3 3 11 1 9 36
85.3207 0 13 1 1 3 3 10 1 10 36
85.7552 0 12 1 1 3 3 9 1 11 36
86.0451 0 11 1 1 3 3 8 1 12 36
86.0959 0 10 1 1 3 3 7 1 13 36
86.2356 0 9 1 1 2 3 7 2 13 36
86.3863 0 8 1 1 2 3 6 2 14 36
86.7952 0 7 1 1 2 3 5 2 15 36
86.8876 0 8 1 1 2 3 6 2 14 36
87.6707 0 7 1 1 2 3 5 2 15 36
89.9546 0 8 1 1 2 3 6 2 14 36
91.1072 0 9 1 1 2 3 7 2 13 36
91.7331 0 8 1 1 1 3 7 3 13 36
92.0864 0 9 1 1 1 3 8 3 12 36
92.7314 0 10 1 1 1 3 9 3 11 36
93.015 0 11 1 1 1 3 10 3 10 36
93.1966 0 10 1 1 0 3 10 4 10 36
94.2597 0 9 1 1 0 3 9 4 11 36
94.4727 0 10 1 1 0 3 10 4 10 36
95.0838 0 11 1 1 0 3 11 4 9 36
97.4201 0 10 1 1 0 3 10 4 10 36
98.4249 0 11 1 1 0 3 11 4 9 36
98.9633 0 12 1 1 0 3 12 4 8 36
100.145 0 11 1 1 0 3 11 4 9 36
100.617 0 10 1 1 0 3 10 4 10 36
100.919 0 10 1 1 0 2 10 3 10 37
102.772 0 11 1 1 0 2 11 3 9 37
103.256 0 10 1 1 0 2 10 3 10 37
103.952 0 9 1 1 0 2 9 3 11 37
105.2 0 10 1 1 0 2 10 3 10 37
106.847 0 11 1 1 0 2 11 3 9 37
107.176 0 12 1 1 0 2 12 3 8 37
107.583 0 13 1 1 0 2 13 3 7 37
108.743 0 12 1 1 0 2 12 3 8 37
108.899 0 11 1 1 0 2 11 3 9 37
111.287 0 12 1 1 0 2 12 3 8 37
111.355 0 11 1 1 0 2 11 3 9 37
111.616 0 10 1 1 0 2 10 3 10 37
112.814 0 11 1 1 0 2 11 3 9 37
113.021 0 12 1 1 0 2 12 3 8 37
113.561 0 11 1 1 0 2 11 3 9 37
114.314 0 10 1 1 0 2 10 3 10 37
115.073 0 11 1 1 0 2 11 3 9 37
116.566 0 12 1 1 0 2 12 3 8 37
118.138 0 11 1 1 0 2 11 3 9 37
118.371 0 10 1 1 0 2 10 3 10 37
119.262 0 9 1 1 0 2 9 3 11 37
121.006 0 10 1 1 0 2 10 3 10 37
122.048 0 9 1 1 0 2 9 3 11 37
123.416 0 8 1 1 0 2 8 3 12 37
123.506 0 7 1 1 0 2 7 3 13 37
123.602 0 8 1 1 0 2 8 3 12 37
124.134 0 9 1 1 0 2 9 3 11 37
125.624 0 10 1 1 0 2 10 3 10 37
126.21 0 11 1 1 0 2 11 3 9 37
126.62 0 12 1 1 0 2 12 3 8 37
127.249 0 13 1 1 0 2 13 3 7 37
127.668 0 13 2 2 0 1 13 3 7 37
127.775 0 12 2 2 0 1 12 3 8 37
128.09 0 13 2 2 0 1 13 3 7 37
130.113 0 12 2 2 0 1 12 3 8 37
131.297 0 11 2 2 0 1 11 3 9 37
131.521 0 10 2 2 0 1 10 3 10 37
132.608 0 9 2 2 0 1 9 3 11 37
133.038 0 8 2 2 0 1 8 3 12 37
135.263 0 8 2 2 1 2 7 3 12 37
135.524 0 8 1 1 1 3 7 3 12 37
136.492 0 7 1 1 1 3 6 3 13 37
136.936 0 8 1 1 1 3 7 3 12 37
138.589 0 7 1 1 1 3 6 3 13 37
139.276 0 8 1 1 1 3 7 3 12 37
141.562 0 9 1 1 1 3 8 3 11 37
141.869 1 10 1 1 0 3 8 3 11 37
142.161 1 9 1 1 0 3 7 3 12 37
143.47 1 8 1 1 0 3 6 3 13 37
144.201 1 7 1 1 0 3 5 3 14 37
144.582 1 8 1 1 0 3 6 3 13 37
144.999 1 8 1 1 0 2 6 2 13 38
145.012 1 9 1 1 0 2 7 2 12 38
145.732 1 10 1 1 0 2 8 2 11 38
146.478 1 9 1 1 0 2 7 2 12 38
148.286 1 8 1 1 0 2 6 2 13 38
148.805 1 8 1 1 1 3 5 2 13 38
149.423 1 7 1 1 1 3 4 2 14 38
152.282 1 8 1 1 1 3 5 2 13 38
153.193 1 9 1 1 1 3 6 2 12 38
153.889 1 8 1 1 0 3 6 3 12 38
154.623 1 7 1 1 0 3 5 3 13 38
157.295 1 6 1 1 0 3 4 3 14 38
157.693 1 6 1 1 0 2 4 2 14 39
158.491 1 5 1 1 0 2 3 2 15 39
159.154 1 5 1 1 0 1 3 1 15 40
159.366 1 6 1 1 0 1 4 1 14 40
159.871 1 7 1 1 0 1 5 1 13 40
161.833 1 6 1 1 0 1 4 1 14 40
162.876 1 7 1 1 0 1 5 1 13 40
163.23 1 8 1 1 0 1 6 1 12 40
163.441 1 7 1 1 0 1 5 1 13 40
165.953 1 6 1 1 0 1 4 1 14 40
166.578 1 5 1 1 0 1 3 1 15 40
169.995 0 4 1 1 1 1 3 1 15 40
170.334 0 5 1 1 1 1 4 1 14 40
171.209 1 6 1 1 0 1 4 1 14 40
171.613 1 7 1 1 0 1 5 1 13 40
172.518 1 8 1 1 0 1 6 1 12 40
172.563 0 7 1 1 1 1 6 1 12 40
173.053 0 8 1 1 1 1 7 1 11 40
174.492 0 8 1 1 1 0 7 0 11 41
174.671 0 9 1 1 1 0 8 0 10 41
175.665 0 8 1 1 1 0 7 0 11 41
178.019 0 9 1 1 1 0 8 0 10 41
178.377 0 10 1 1 1 0 9 0 9 41
179.086 0 9 1 1 1 0 8 0 10 41
180.513 0 8 1 1 0 0 8 1 10 41
180.619 0 9 1 1 0 0 9 1 9 41
180.845 0 8 1 1 0 0 8 1 10 41
180.947 0 9 1 1 0 0 9 1 9 41
181.53 0 8 1 1 0 0 8 1 10 41
181.671 0 7 1 1 0 0 7 1 11 41
185.019 0 6 1 1 0 0 6 1 12 41
185.37 0 5 1 1 0 0 5 1 13 41
186.769 0 6 1 1 0 0 6 1 12 41
187.461 0 7 1 1 0 0 7 1 11 41
187.496 0 6 1 1 0 0 6 1 12 41
188.158 0 5 1 1 0 0 5 1 13 41
189.124 0 6 1 1 0 0 6 1 12 41
191.443 0 5 1 1 0 0 5 1 13 41
192.147 0 6 1 1 0 0 6 1 12 41
192.51 0 7 1 1 0 0 7 1 11 41
194.278 0 8 1 1 0 0 8 1 10 41
194.602 0 7 1 1 0 0 7 1 11 41
195.073 0 8 1 1 0 0 8 1 10 41
195.556 0 7 1 1 0 0 7 1 11 41
198.26 0 8 1 1 0 0 8 1 10 41
198.881 0 7 1 1 0 0 7 1 11 41
198.984 0 6 1 1 0 0 6 1 12 41
201.029 0 5 1 1 0 0 5 1 13 41
201.343 0 6 1 1 0 0 6 1 12 41
201.355 0 7 1 1 0 0 7 1 11 41
202.842 0 8 1 1 0 0 8 1 10 41
205.149 0 9 1 1 0 0 9 1 9 41
206.199 0 8 1 1 0 0 8 1 10 41
209.092 0 8 0 0 0 1 8 1 10 41
209.102 0 9 0 0 0 1 9 1 9 41
209.236 0 8 0 0 0 1 8 1 10 41
209.94 0 9 0 0 0 1 9 1 9 41
211.168 0 8 0 0 0 1 8 1 10 41
212.521 0 9 0 0 0 1 9 1 9 41
213.223 0 8 0 0 0 1 8 1 10 41
213.981 0 7 0 0 0 1 7 1 11 41
214.562 0 6 0 0 0 1 6 1 12 41
215.623 0 7 0 0 0 1 7 1 11 41
215.962 0 6 0 0 0 1 6 1 12 41
216.42 0 7 0 0 0 1 7 1 11 41
219.804 0 6 0 0 0 1 6 1 12 41
221.17 0 5 0 0 0 1 5 1 13 41
221.351 0 6 0 0 0 1 6 1 12 41
222.2 0 7 0 0 0 1 7 1 11 41
222.574 0 8 0 0 0 1 8 1 10 41
222.79 0 9 0 0 0 1 9 1 9 41
223.046 0 8 0 0 0 1 8 1 10 41
224.593 0 7 0 0 0 1 7 1 11 41
225.212 0 8 0 0 0 1 8 1 10 41
228.423 0 7 0 0 0 1 7 1 11 41
234.063 0 8 0 0 0 1 8 1 10 41
235.78 0 9 0 0 0 1 9 1 9 41
239.526 0 10 0 0 0 1 10 1 8 41
240.14 0 11 0 0 0 1 11 1 7 41
240.157 0 10 0 0 0 1 10 1 8 41
240.71 0 9 0 0 0 1 9 1 9 41
242.046 0 10 0 0 0 1 10 1 8 41
243.298 0 9 0 0 0 1 9 1 9 41
243.705 0 10 0 0 0 1 10 1 8 41
245.566 0 9 0 0 0 1 9 1 9 41
246.68 0 10 0 0 0 1 10 1 8 41
249.459 0 9 0 0 0 1 9 1 9 41
250.575 0 8 0 0 0 1 8 1 10 41
252.337 0 9 0 0 0 1 9 1 9 41
252.457 0 8 0 0 0 1 8 1 10 41
255.268 0 9 0 0 0 1 9 1 9 41
255.418 0 8 0 0 0 1 8 1 10 41
256.108 0 9 0 0 0 1 9 1 9 41
260.577 0 8 0 0 0 1 8 1 10 41
261.009 0 8 0 0 0 2 8 2 10 40
262.305 0 7 0 0 0 2 7 2 11 40
266.054 0 8 0 0 0 2 8 2 10 40
267.99 0 7 0 0 0 2 7 2 11 40
268.332 0 8 0 0 0 2 8 2 10 40
270.708 0 9 0 0 0 2 9 2 9 40
271.993 0 8 0 0 0 2 8 2 10 40
272.16 0 7 0 0 0 2 7 2 11 40
272.803 0 6 0 0 0 2 6 2 12 40
273.385 0 7 0 0 0 2 7 2 11 40
275.583 0 8 0 0 0 2 8 2 10 40
278.23 0 7 0 0 0 2 7 2 11 40
279.228 0 8 0 0 0 2 8 2 10 40
279.851 0 9 0 0 1 2 8 1 10 40
280.007 0 8 0 0 0 2 8 2 10 40
283.051 0 8 0 0 0 1 8 1 10 41
283.685 0 7 0 0 0 1 7 1 11 41
283.994 0 8 0 0 0 1 8 1 10 41
284.035 0 9 0 0 0 1 9 1 9 41
284.105 0 10 0 0 0 1 10 1 8 41
284.298 0 9 0 0 0 1 9 1 9 41
284.807 0 8 0 0 0 1 8 1 10 41
285.577 0 7 0 0 0 1 7 1 11 41
286.686 0 6 0 0 0 1 6 1 12 41
287.226 0 5 0 0 0 1 5 1 13 41
287.36 0 6 0 0 0 1 6 1 12 41
288.067 0 5 0 0 0 1 5 1 13 41
291.562 0 4 0 0 0 1 4 1 14 41
291.618 0 5 0 0 0 1 5 1 13 41
296.526 0 6 0 0 0 1 6 1 12 41
298.443 0 5 0 0 0 1 5 1 13 41
299.982 0 6 0 0 0 1 6 1 12 41
301.013 0 5 0 0 0 1 5 1 13 41
302.187 0 6 0 0 0 1 6 1 12 41
305.318 0 6 0 0 1 2 5 1 12 41
307.701 0 7 0 0 1 2 6 1 11 41
308.688 0 8 0 0 1 2 7 1 10 41
313.608 0 9 0 0 1 2 8 1 9 41
314.979 0 8 0 0 1 2 7 1 10 41
317.984 0 9 0 0 1 2 8 1 9 41
318.684 0 10 0 0 1 2 9 1 8 41
318.908 0 9 0 0 1 2 8 1 9 41
318.918 0 10 0 0 1 2 9 1 8 41
320.648 0 11 0 0 1 2 10 1 7 41
321.137 0 10 0 0 1 2 9 1 8 41
321.368 0 11 0 0 1 2 10 1 7 41
322.377 0 10 0 0 1 2 9 1 8 41
322.785 0 11 0 0 1 2 10 1 7 41
323.819 0 10 0 0 1 2 9 1 8 41
325.214 0 9 0 0 1 2 8 1 9 41
325.93 0 8 0 0 1 2 7 1 10 41
327.237 0 9 0 0 1 2 8 1 9 41
329.058 0 8 0 0 1 2 7 1 10 41
329.174 0 7 0 0 1 2 6 1 11 41
329.517 0 8 0 0 1 2 7 1 10 41
330.659 0 7 0 0 1 2 6 1 11 41
330.719 0 6 0 0 1 2 5 1 12 41
332.081 0 7 0 0 1 2 6 1 11 41
336.748 0 7 0 0 2 3 5 1 11 41
336.871 0 8 0 0 2 3 6 1 10 41
337.254 0 9 0 0 2 3 7 1 9 41
338.194 0 10 0 0 3 3 7 0 9 41
338.373 0 10 0 0 2 2 8 0 9 41
338.619 0 9 0 0 2 2 7 0 10 41
340.76 0 10 0 0 2 2 8 0 9 41
341.406 0 9 0 0 1 2 8 1 9 41
342.446 0 10 0 0 1 2 9 1 8 41
342.999 0 9 0 0 1 2 8 1 9 41
345.176 0 8 0 0 1 2 7 1 10 41
345.239 0 9 0 0 1 2 8 1 9 41
346.13 0 8 0 0 1 2 7 1 10 41
348.427 0 7 0 0 1 2 6 1 11 41
349.418 1 8 0 0 0 2 6 1 11 41
350.812 1 7 0 0 0 2 5 1 12 41
350.817 1 6 0 0 0 2 4 1 13 41
355.333 1 7 0 0 0 2 5 1 12 41
355.495 1 7 0 0 0 1 5 0 12 42
356.015 1 8 0 0 0 1 6 0 11 42
357.046 1 7 0 0 0 1 5 0 12 42
357.371 1 8 0 0 0 1 6 0 11 42
358.457 1 7 0 0 0 1 5 0 12 42
361.012 1 8 0 0 0 1 6 0 11 42
364.406 1 9 0 0 0 1 7 0 10 42
365.767 1 8 0 0 0 1 6 0 11 42
368.18 1 7 0 0 0 1 5 0 12 42
372.202 1 8 0 0 0 1 6 0 11 42
372.956 1 7 0 0 0 1 5 0 12 42
373.066 1 8 0 0 0 1 6 0 11 42
373.566 1 7 0 0 0 1 5 0 12 42
374.63 1 8 0 0 0 1 6 0 11 42
375.646 1 7 0 0 0 1 5 0 12 42
377.044 1 6 0 0 0 1 4 0 13 42
377.176 0 5 0 0 1 1 4 0 13 42
383.552 0 6 0 0 1 1 5 0 12 42
384.587 0 7 0 0 1 1 6 0 11 42
384.73 0 8 0 0 1 1 7 0 10 42
387.798 0 7 0 0 1 1 6 0 11 42
388.324 0 6 0 0 1 1 5 0 12 42
388.742 0 7 0 0 1 1 6 0 11 42
390.226 0 8 0 0 1 1 7 0 10 42
392.118 0 7 0 0 1 1 6 0 11 42
393.177 0 8 0 0 1 1 7 0 10 42
393.883 0 7 0 0 1 1 6 0 11 42
394.29 0 6 0 0 1 1 5 0 12 42
395.028 0 5 0 0 1 1 4 0 13 42
395.227 0 4 0 0 1 1 3 0 14 42
395.838 0 4 1 1 1 0 3 0 14 42
397.53 0 5 1 1 1 0 4 0 13 42
399.521 0 6 1 1 1 0 5 0 12 42
399.602 0 7 1 1 1 0 6 0 11 42
401.923 0 8 1 1 1 0 7 0 10 42
402.443 0 7 1 1 1 0 6 0 11 42
402.602 0 6 1 1 1 0 5 0 12 42
403.991 0 7 1 1 1 0 6 0 11 42
405.709 0 8 1 1 1 0 7 0 10 42
406.499 0 7 1 1 1 0 6 0 11 42
410.2 0 8 1 1 1 0 7 0 10 42
412.069 0 8 1 1 2 1 6 0 10 42
413.401 0 9 1 1 2 1 7 0 9 42
413.609 0 10 1 1 2 1 8 0 8 42
415.589 1 11 1 1 1 1 8 0 8 42
415.652 1 12 1 1 1 1 9 0 7 42
415.712 1 11 1 1 1 1 8 0 8 42
416.526 1 10 1 1 1 1 7 0 9 42
416.952 1 9 1 1 1 1 6 0 10 42
417.01 1 10 1 1 1 1 7 0 9 42
418.697 1 9 1 1 0 1 7 1 9 42
421.971 0 8 1 1 1 1 7 1 9 42
422.098 0 7 1 1 1 1 6 1 10 42
422.579 0 6 1 1 1 1 5 1 11 42
425.592 0 5 1 1 1 1 4 1 12 42
426.304 0 4 1 1 1 1 3 1 13 42
429.362 0 5 1 1 1 1 4 1 12 42
429.739 0 6 1 1 1 1 5 1 11 42
430.12 0 7 1 1 1 1 6 1 10 42
431.435 0 8 1 1 1 1 7 1 9 42
432.885 0 7 1 1 1 1 6 1 10 42
433.381 0 6 1 1 1 1 5 1 11 42
434.162 0 5 1 1 1 1 4 1 12 42
435.502 0 4 1 1 1 1 3 1 13 42
436.908 0 5 1 1 1 1 4 1 12 42
441.84 0 6 1 1 1 1 5 1 11 42
441.904 0 5 1 1 1 1 4 1 12 42
442.536 0 6 1 1 1 1 5 1 11 42
443.456 0 5 1 1 0 1 5 2 11 42
449.95 0 6 1 1 0 1 6 2 10 42
450.828 0 7 1 1 0 1 7 2 9 42
451.094 0 8 1 1 0 1 8 2 8 42
451.995 0 8 2 2 0 0 8 2 8 42
454.176 0 7 2 2 0 0 7 2 9 42
456.343 0 7 2 2 1 1 6 2 9 42
459.018 0 6 2 2 0 1 6 3 9 42
459.298 0 7 2 2 0 1 7 3 8 42
459.752 0 6 2 2 0 1 6 3 9 42
459.926 0 5 2 2 0 1 5 3 10 42
460.665 0 4 2 2 0 1 4 3 11 42
461.857 0 5 2 2 0 1 5 3 10 42
462.014 0 6 2 2 0 1 6 3 9 42
462.411 0 7 2 2 0 1 7 3 8 42
464.012 0 6 2 2 0 1 6 3 9 42
464.133 0 5 2 2 0 1 5 3 10 42
464.247 0 6 2 2 0 1 6 3 9 42
464.295 0 7 2 2 0 1 7 3 8 42
466.591 0 6 2 2 0 1 6 3 9 42
468.115 0 5 2 2 0 1 5 3 10 42
468.71 0 6 2 2 0 1 6 3 9 42
468.897 0 7 2 2 0 1 7 3 8 42
472.851 0 8 2 2 0 1 8 3 7 42
473.423 0 9 2 2 0 1 9 3 6 42
475.798 0 8 2 2 0 1 8 3 7 42
475.93 0 9 2 2 0 1 9 3 6 42
476.146 0 8 2 2 0 1 8 3 7 42
477.222 0 9 2 2 0 1 9 3 6 42
477.408 0 8 2 2 0 1 8 3 7 42
478.889 0 7 2 2 0 1 7 3 8 42
479.926 0 6 2 2 0 1 6 3 9 42
481.044 0 5 2 2 0 1 5 3 10 42
481.633 0 6 2 2 0 1 6 3 9 42
484.471 0 7 2 2 0 1 7 3 8 42
484.64 0 6 2 2 0 1 6 3 9 42
486.862 0 7 2 2 0 1 7 3 8 42
490.641 0 6 2 2 0 1 6 3 9 42
492.047 0 5 2 2 0 1 5 3 10 42
492.383 0 5 1 1 0 2 5 3 10 42
492.586 0 6 1 1 0 2 6 3 9 42
493.535 0 7 1 1 0 2 7 3 8 42
494.078 0 6 1 1 0 2 6 3 9 42
496.676 0 5 1 1 0 2 5 3 10 42
500.92 0 5 0 0 0 3 5 3 10 42
503.02 0 5 0 0 0 2 5 2 10 43
506.084 0 6 0 0 0 2 6 2 9 43
506.921 0 7 0 0 0 2 7 2 8 43
510.013 0 6 0 0 0 2 6 2 9 43
514.252 0 5 0 0 0 2 5 2 10 43
517.489 0 6 0 0 0 2 6 2 9 43
517.917 0 5 0 0 0 2 5 2 10 43
519.017 0 6 0 0 0 2 6 2 9 43
520.183 0 7 0 0 0 2 7 2 8 43
520.286 0 6 0 0 0 2 6 2 9 43
520.43 0 7 0 0 0 2 7 2 8 43
522.671 0 6 0 0 0 2 6 2 9 43
523.492 0 7 0 0 0 2 7 2 8 43
523.85 0 8 0 0 0 2 8 2 7 43
523.928 0 9 0 0 0 2 9 2 6 43
524.229 0 8 0 0 0 2 8 2 7 43
526.222 0 9 0 0 0 2 9 2 6 43
526.333 0 10 0 0 0 2 10 2 5 43
526.932 0 9 0 0 0 2 9 2 6 43
530.276 0 8 0 0 0 2 8 2 7 43
531.924 0 7 0 0 0 2 7 2 8 43
532.744 0 6 0 0 0 2 6 2 9 43
533.642 0 5 0 0 0 2 5 2 10 43
533.934 0 4 0 0 0 2 4 2 11 43
533.989 0 5 0 0 0 2 5 2 10 43
535.996 0 6 0 0 0 2 6 2 9 43
536.84 0 6 0 0 1 3 5 2 9 43
538.5 0 5 0 0 1 3 4 2 10 43
540.057 0 4 0 0 1 3 3 2 11 43
540.205 1 5 0 0 0 3 3 2 11 43
540.336 1 6 0 0 0 3 4 2 10 43
541.413 1 5 0 0 0 3 3 2 11 43
542.254 1 6 0 0 0 3 4 2 10 43
542.405 1 5 0 0 0 3 3 2 11 43
543.854 1 6 0 0 0 3 4 2 10 43
544.284 1 7 0 0 0 3 5 2 9 43
546.955 1 6 0 0 0 3 4 2 10 43
547.497 1 7 0 0 0 3 5 2 9 43
548.86 1 7 0 0 1 4 4 2 9 43
549.277 1 6 0 0 1 4 3 2 10 43
550.931 0 5 0 0 2 4 3 2 10 43
553.008 0 6 0 0 2 4 4 2 9 43
553.859 0 6 1 1 2 3 4 2 9 43
558.159 0 7 1 1 2 3 5 2 8 43
558.759 0 8 1 1 2 3 6 2 7 43
560.695 0 7 1 1 1 3 6 3 7 43
561.291 0 8 1 1 1 3 7 3 6 43
561.768 0 7 1 1 1 3 6 3 7 43
565.199 0 7 1 1 1 2 6 2 7 44
566.59 0 6 1 1 0 2 6 3 7 44
567.627 0 5 1 1 0 2 5 3 8 44
570.881 0 6 1 1 0 2 6 3 7 44
572.243 0 7 1 1 0 2 7 3 6 44
573.67 0 8 1 1 0 2 8 3 5 44
574.879 0 7 1 1 0 2 7 3 6 44
577.635 0 8 1 1 0 2 8 3 5 44
580.375 0 7 1 1 0 2 7 3 6 44
581.162 0 7 1 1 1 3 6 3 6 44
581.289 1 8 1 1 0 3 6 3 6 44
582.14 1 7 1 1 0 3 5 3 7 44
582.934 1 8 1 1 0 3 6 3 6 44
586.485 1 7 1 1 0 3 5 3 7 44
587.903 1 8 1 1 0 3 6 3 6 44
588.999 1 7 1 1 0 3 5 3 7 44
590.735 1 8 1 1 0 3 6 3 6 44
590.837 1 9 1 1 0 3 7 3 5 44
590.929 1 9 0 0 0 4 7 3 5 44
591.721 1 8 0 0 0 4 6 3 6 44
591.801 1 9 0 0 0 4 7 3 5 44
593.89 1 8 0 0 0 4 6 3 6 44
593.923 1 7 0 0 0 4 5 3 7 44
598.601 1 6 0 0 0 4 4 3 8 44
599.175 1 7 0 0 0 4 5 3 7 44
599.6 1 7 1 1 0 3 5 3 7 44
601.651 1 6 1 1 0 3 4 3 8 44
604.971 1 7 1 1 0 3 5 3 7 44
605.025 1 6 1 1 0 3 4 3 8 44
610.727 1 5 1 1 0 3 3 3 9 44
610.869 1 6 1 1 0 3 4 3 8 44
611.256 1 5 1 1 0 3 3 3 9 44
613.531 1 6 1 1 0 3 4 3 8 44
618.327 1 5 1 1 0 3 3 3 9 44
618.729 1 6 1 1 0 3 4 3 8 44
619.696 1 7 1 1 0 3 5 3 7 44
620.942 1 8 1 1 0 3 6 3 6 44
624.57 1 7 1 1 0 3 5 3 7 44
630.697 1 6 1 1 0 3 4 3 8 44
631.811 1 7 1 1 0 3 5 3 7 44
632.294 1 6 1 1 0 3 4 3 8 44
634.214 1 7 1 1 1 3 4 2 8 44
635.196 1 6 1 1 0 3 4 3 8 44
635.591 1 6 1 1 0 2 4 2 8 45
636.45 1 7 1 1 0 2 5 2 7 45
636.811 1 7 1 1 0 1 5 1 7 46
639.029 1 7 1 1 1 2 4 1 7 46
639.484 1 7 1 1 1 1 4 0 7 47
641.591 1 8 1 1 1 1 5 0 6 47
642.092 0 7 1 1 2 1 5 0 6 47
643.764 0 6 1 1 2 1 4 0 7 47
644.147 0 7 1 1 2 1 5 0 6 47
644.209 0 8 1 1 2 1 6 0 5 47
646.721 0 9 1 1 2 1 7 0 4 47
646.767 0 8 1 1 1 1 7 1 4 47
647.337 0 7 1 1 0 1 7 2 4 47
647.531 0 8 1 1 1 1 7 1 4 47
648.187 0 7 1 1 1 1 6 1 5 47
649.728 0 6 1 1 1 1 5 1 6 47
650.042 0 6 0 0 1 2 5 1 6 47
652.751 0 7 0 0 1 2 6 1 5 47
653.772 0 6 0 0 1 2 5 1 6 47
656.531 0 5 0 0 1 2 4 1 7 47
664.51 0 5 0 0 2 3 3 1 7 47
669.062 0 6 0 0 2 3 4 1 6 47
669.97 0 5 0 0 1 3 4 2 6 47
669.984 0 5 0 0 1 2 4 1 6 48
673.453 0 6 0 0 1 2 5 1 5 48
676.13 0 5 0 0 1 2 4 1 6 48
676.284 0 4 0 0 1 2 3 1 7 48
684.858 0 5 0 0 1 2 4 1 6 48
685.099 0 6 0 0 1 2 5 1 5 48
686.14 0 6 0 0 1 1 5 0 5 49
688.596 0 7 0 0 1 1 6 0 4 49
688.691 0 6 0 0 1 1 5 0 5 49
688.734 0 5 0 0 1 1 4 0 6 49
689.28 0 5 0 0 2 2 3 0 6 49
690.16 0 5 0 0 1 1 4 0 6 49
690.695 0 6 0 0 1 1 5 0 5 49
692.09 0 7 0 0 1 1 6 0 4 49
693.7 0 6 0 0 1 1 5 0 5 49
696.192 0 5 0 0 1 1 4 0 6 49
697.934 0 5 0 0 2 2 3 0 6 49
700.106 0 6 0 0 2 2 4 0 5 49
700.397 0 5 0 0 2 2 3 0 6 49
700.546 0 6 0 0 2 2 4 0 5 49
700.749 0 7 0 0 2 2 5 0 4 49
701.127 0 6 0 0 2 2 4 0 5 49
703.116 0 5 0 0 2 2 3 0 6 49
704.781 0 4 0 0 1 2 3 1 6 49
708.142 0 4 0 0 2 3 2 1 6 49
709.765 0 4 0 0 1 2 3 1 6 49
709.893 0 3 0 0 1 2 2 1 7 49
717.409 0 4 0 0 1 2 3 1 6 49
717.897 0 5 0 0 1 2 4 1 5 49
718.999 0 4 0 0 1 2 3 1 6 49
720.044 0 5 0 0 1 2 4 1 5 49
721.05 0 4 0 0 1 2 3 1 6 49
723.235 0 4 0 0 0 1 4 1 6 49
723.685 0 3 0 0 0 1 3 1 7 49
727.241 0 4 0 0 0 1 4 1 6 49
732.296 0 3 0 0 0 1 3 1 7 49
733.757 0 4 0 0 1 1 3 0 7 49
734.73 0 5 0 0 1 1 4 0 6 49
740.824 0 4 0 0 1 1 3 0 7 49
744.112 1 5 0 0 0 1 3 0 7 49
745.472 1 6 0 0 0 1 4 0 6 49
747.619 1 6 0 0 1 2 3 0 6 49
747.856 1 5 0 0 0 2 3 1 6 49
751.094 1 6 0 0 0 2 4 1 5 49
761.943 1 7 0 0 0 2 5 1 4 49
762.039 1 7 1 1 0 1 5 1 4 49
762.466 1 6 1 1 0 1 4 1 5 49
762.988 1 5 1 1 0 1 3 1 6 49
764.268 1 6 1 1 0 1 4 1 5 49
765.841 1 7 1 1 0 1 5 1 4 49
767.547 1 7 2 2 0 0 5 1 4 49
772.108 0 6 2 2 1 0 5 1 4 49
773.102 0 7 2 2 1 0 6 1 3 49
784.828 0 6 2 2 0 0 6 2 3 49
785.018 0 5 2 2 0 0 5 2 4 49
794.109 0 4 2 2 0 0 4 2 5 49
804.472 0 3 2 2 0 0 3 2 6 49
815.71 0 4 2 2 0 0 4 2 5 49
816.168 0 3 2 2 0 0 3 2 6 49
817.543 0 4 2 2 0 0 4 2 5 49
822.329 0 5 2 2 0 0 5 2 4 49
823.989 0 5 2 2 0 1 5 3 4 48
827.935 0 4 2 2 0 1 4 3 5 48
831.814 0 5 2 2 0 1 5 3 4 48
831.9 0 6 2 2 0 1 6 3 3 48
832.676 0 5 2 2 0 1 5 3 4 48
834.924 0 6 2 2 0 1 6 3 3 48
836.695 0 6 1 1 0 2 6 3 3 48
837.849 0 5 1 1 0 2 5 3 4 48
838.654 0 5 1 1 0 1 5 2 4 49
839.557 0 6 1 1 0 1 6 2 3 49
839.59 0 7 1 1 0 1 7 2 2 49
843.416 0 7 0 0 0 2 7 2 2 49
844.244 0 7 0 0 0 3 7 3 2 48
846.296 0 6 0 0 0 3 6 3 3 48
846.608 0 5 0 0 0 3 5 3 4 48
846.909 0 4 0 0 0 3 4 3 5 48
848.621 0 3 0 0 0 3 3 3 6 48
849.526 0 4 0 0 0 3 4 3 5 48
849.933 0 5 0 0 0 3 5 3 4 48
851.803 0 5 0 0 0 2 5 2 4 49
859.169 0 6 0 0 0 2 6 2 3 49
861.667 0 5 0 0 0 2 5 2 4 49
862.184 0 6 0 0 0 2 6 2 3 49
862.398 0 5 0 0 0 2 5 2 4 49
864.803 0 5 0 0 1 3 4 2 4 49
867.866 0 4 0 0 1 3 3 2 5 49
870.432 0 4 0 0 1 2 3 1 5 50
873.111 0 4 0 0 1 3 3 2 5 49
875.381 0 5 0 0 1 3 4 2 4 49
878.239 0 4 0 0 1 3 3 2 5 49
882.447 0 3 0 0 1 3 2 2 6 49
883.668 0 4 0 0 1 3 3 2 5 49
887.531 0 3 0 0 0 3 3 3 5 49
890.327 0 2 0 0 0 3 2 3 6 49
890.417 0 3 0 0 0 3 3 3 5 49
891.949 0 2 0 0 0 3 2 3 6 49
893.435 0 3 0 0 0 3 3 3 5 49
895.338 0 3 1 1 0 2 3 3 5 49
896.07 0 3 1 1 1 3 2 3 5 49
896.301 0 2 1 1 1 3 1 3 6 49
907.173 0 2 1 1 1 2 1 2 6 50
909.115 0 3 1 1 1 2 2 2 5 50
910.863 0 4 1 1 1 2 3 2 4 50
913.81 0 5 1 1 1 2 4 2 3 50
915.211 1 6 1 1 0 2 4 2 3 50
919.547 1 7 1 1 0 2 5 2 2 50
920.154 1 7 1 1 1 3 4 2 2 50
921.945 1 8 1 1 1 3 5 2 1 50
926.018 1 8 1 1 1 2 5 1 1 51
926.045 0 7 1 1 2 2 5 1 1 51
927.277 0 6 1 1 2 2 4 1 2 51
933.008 0 5 1 1 2 2 3 1 3 51
935.039 1 6 1 1 1 2 3 1 3 51
936.672 1 5 1 1 1 2 2 1 4 51
936.741 1 4 1 1 0 2 2 2 4 51
939.952 1 4 1 1 0 3 2 3 4 50
941.469 1 5 1 1 0 3 3 3 3 50
944.235 1 4 1 1 0 3 2 3 4 50
944.919 1 5 1 1 0 3 3 3 3 50
952.335 1 4 1 1 0 3 2 3 4 50
955.777 1 3 1 1 0 3 1 3 5 50
962.76 0 2 1 1 1 3 1 3 5 50
979.2 0 3 1 1 1 3 2 3 4 50
979.233 0 2 1 1 1 3 1 3 5 50
983.203 0 3 1 1 2 3 1 2 5 50
987.898 0 4 1 1 2 3 2 2 4 50
989.397 0 3 1 1 2 3 1 2 5 50
989.714 0 4 1 1 3 3 1 1 5 50
990.212 0 4 1 1 3 2 1 0 5 51
994.373 0 5 1 1 3 2 2 0 4 51
994.852 1 6 1 1 2 2 2 0 4 51
995.477 1 5 1 1 1 2 2 1 4 51
997.62 0 4 1 1 2 2 2 1 4 51
999.423 0 3 1 1 2 2 1 1 5 51
1000.15 0 4 1 1 2 2 2 1 4 51
1001.6 0 4 1 1 1 1 3 1 4 51
1002.32 0 5 1 1 1 1 4 1 3 51
1008.59 0 6 1 1 1 1 5 1 2 51
1013.12 0 5 1 1 1 1 4 1 3 51
1013.45 0 4 1 1 1 1 3 1 4 51
1021.85 0 4 1 1 0 0 4 1 4 51
1028.33 0 5 1 1 0 0 5 1 3 51
1032.46 0 4 1 1 0 0 4 1 4 51
1034.44 0 3 1 1 0 0 3 1 5 51
1037.66 0 4 1 1 0 0 4 1 4 51
1038.31 0 3 1 1 0 0 3 1 5 51
1042.58 0 4 1 1 0 0 4 1 4 51
1044.19 0 5 1 1 0 0 5 1 3 51
1045.35 0 4 1 1 0 0 4 1 4 51
1060.5 0 4 1 1 1 1 3 1 4 51
1061.53 0 5 1 1 1 1 4 1 3 51
1063.31 0 4 1 1 0 1 4 2 3 51
1067.79 0 5 1 1 0 1 5 2 2 51
1071.42 0 4 1 1 0 1 4 2 3 51
1072.51 0 3 1 1 0 1 3 2 4 51
1073.23 0 4 1 1 0 1 4 2 3 51
1078.3 0 4 1 1 0 2 4 3 3 50
1081.09 0 4 1 1 0 1 4 2 3 51
1095.94 0 5 1 1 1 1 4 1 3 51
1097.62 0 4 1 1 1 1 3 1 4 51
1098.66 0 3 1 1 0 1 3 2 4 51
1100.14 0 2 1 1 0 1 2 2 5 51
1100.28 0 3 1 1 0 1 3 2 4 51
1101.06 0 4 1 1 0 1 4 2 3 51
1103.83 0 5 1 1 0 1 5 2 2 51
1110.57 0 4 1 1 0 1 4 2 3 51
1113.55 0 5 1 1 0 1 5 2 2 51
1114.74 0 5 1 1 1 2 4 2 2 51
1118.19 0 5 1 1 1 3 4 3 2 50
1122.81 0 5 0 0 1 4 4 3 2 50
1126.48 0 6 0 0 2 4 4 2 2 50
1126.88 0 5 0 0 2 4 3 2 3 50
1127 0 4 0 0 2 4 2 2 4 50
1127.2 0 5 0 0 3 4 2 1 4 50
1130.7 0 4 0 0 2 4 2 2 4 50
1132.74 0 5 0 0 2 4 3 2 3 50
1133.11 0 5 0 0 1 3 4 2 3 50
1133.31 0 6 0 0 1 3 5 2 2 50
1135.37 0 6 1 1 1 2 5 2 2 50
1137.13 0 7 1 1 1 2 6 2 1 50
1138.27 0 6 1 1 1 2 5 2 2 50
1138.28 0 7 1 1 2 2 5 1 2 50
1141.18 0 6 1 1 1 2 5 2 2 50
1142.03 0 5 1 1 1 2 4 2 3 50
1143.04 0 6 1 1 1 2 5 2 2 50
1144.6 0 7 1 1 1 2 6 2 1 50
1145.08 0 6 1 1 1 2 5 2 2 50
1147.98 1 7 1 1 0 2 5 2 2 50
1149.42 1 6 1 1 0 2 4 2 3 50
1150.36 1 6 1 1 1 3 3 2 3 50
1151.33 0 5 1 1 2 3 3 2 3 50
1152.63 0 5 1 1 2 2 3 1 3 51
1157.42 0 4 1 1 1 2 3 2 3 51
1161.27 1 5 1 1 0 2 3 2 3 51
1166.21 1 6 1 1 0 2 4 2 2 51
1168.95 1 6 1 1 1 3 3 2 2 51
1171.83 1 5 1 1 1 3 2 2 3 51
1172.67 1 5 1 1 1 2 2 1 3 52
1183.55 1 4 1 1 0 2 2 2 3 52
1183.63 1 5 1 1 0 2 3 2 2 52
1188.66 1 4 1 1 0 2 2 2 3 52
1190.88 1 4 1 1 0 3 2 3 3 51
1191.66 1 5 1 1 0 3 3 3 2 51
1192.58 1 4 1 1 0 3 2 3 3 51
1192.61 1 4 1 1 0 2 2 2 3 52
1192.8 1 5 1 1 0 2 3 2 2 52
1195.27 1 4 1 1 0 2 2 2 3 52
1203.43 1 5 1 1 0 2 3 2 2 52
1203.57 1 4 1 1 0 2 2 2 3 52
1210.64 1 3 1 1 0 2 1 2 4 52
1219.15 1 4 1 1 0 2 2 2 3 52
1219.57 1 4 1 1 0 1 2 1 3 53
1220.28 1 5 1 1 0 1 3 1 2 53
1220.71 1 6 1 1 0 1 4 1 1 53
1234.12 1 7 1 1 0 1 5 1 0 53
1235.68 1 6 1 1 0 1 4 1 1 53
1239.15 0 5 1 1 1 1 4 1 1 53
1244.18 0 4 1 1 1 1 3 1 2 53
1244.5 0 5 1 1 2 1 3 0 2 53
1247.34 0 6 1 1 2 1 4 0 1 53
1250.16 0 5 1 1 2 1 3 0 2 53
1252.03 0 6 1 1 2 1 4 0 1 53
1252.49 0 5 1 1 1 1 4 1 1 53
1255.28 0 5 1 1 2 2 3 1 1 53
1265.09 0 4 1 1 1 2 3 2 1 53
1265.28 0 3 1 1 1 2 2 2 2 53
1275.21 0 4 1 1 1 2 3 2 1 53
1277.45 0 5 1 1 2 2 3 1 1 53
1279.79 0 4 1 1 1 2 3 2 1 53
1280.6 0 3 1 1 0 2 3 3 1 53
1286.02 0 3 1 1 0 1 3 2 1 54
1288.1 0 4 1 1 0 1 4 2 0 54
1292.02 0 5 1 1 1 1 4 1 0 54
1293 0 4 1 1 1 1 3 1 1 54
1293.52 0 3 1 1 1 1 2 1 2 54
1299.29 0 2 1 1 1 1 1 1 3 54
1302.6 0 3 1 1 1 1 2 1 2 54
1316.19 0 2 1 1 0 1 2 2 2 54
1320.39 0 3 1 1 0 1 3 2 1 54
1331.03 0 3 2 2 0 0 3 2 1 54
1344.95 0 3 1 1 0 1 3 2 1 54
1347.11 0 2 1 1 0 1 2 2 2 54
1347.35 0 2 1 1 0 0 2 1 2 55
1364.18 0 3 1 1 0 0 3 1 1 55
1366.96 0 4 1 1 1 0 3 0 1 55
1367.55 0 4 0 0 1 1 3 0 1 55
1373.8 0 3 0 0 0 1 3 1 1 55
1376.71 0 4 0 0 0 1 4 1 0 55
1380.45 0 3 0 0 0 1 3 1 1 55
1393.03 0 2 0 0 0 1 2 1 2 55
1396.62 0 3 0 0 0 1 3 1 1 55
1399.42 0 2 0 0 0 1 2 1 2 55
1407.42 0 3 0 0 0 1 3 1 1 55
1412.16 0 4 0 0 0 1 4 1 0 55
1420.67 0 3 0 0 0 1 3 1 1 55
1427.08 0 2 0 0 0 1 2 1 2 55
1428.73 0 1 0 0 0 1 1 1 3 55
1433.16 0 2 0 0 0 1 2 1 2 55
1441.04 0 3 0 0 0 1 3 1 1 55
1452.96 0 2 0 0 0 1 2 1 2 55
1457.1 0 1 0 0 0 1 1 1 3 55
1480.29 0 2 0 0 0 1 2 1 2 55
1483.18 0 3 0 0 0 1 3 1 1 55
1486.44 0 2 0 0 0 1 2 1 2 55
1501.12 0 3 0 0 0 1 3 1 1 55
1504.17 0 4 0 0 0 1 4 1 0 55
1511.99 0 3 0 0 0 1 3 1 1 55
1512.77 0 3 0 0 1 2 2 1 1 55
1528.58 0 2 0 0 0 2 2 2 1 55
1533.95 0 2 0 0 0 1 2 1 1 56
1558.15 0 3 0 0 1 1 2 0 1 56
1561.15 0 4 0 0 1 1 3 0 0 56
1561.34 0 3 0 0 1 1 2 0 1 56
1564.35 0 2 0 0 1 1 1 0 2 56
1565.69 0 3 0 0 1 1 2 0 1 56
1573.01 0 2 0 0 0 1 2 1 1 56
1573.95 0 2 1 1 0 0 2 1 1 56
1588.08 0 3 1 1 0 0 3 1 0 56
1612.4 0 4 1 1 1 0 3 0 0 56
1613.79 0 3 1 1 1 0 2 0 1 56
1616.51 0 2 1 1 0 0 2 1 1 56
1616.75 0 2 1 1 0 1 2 2 1 55
1618.84 0 3 1 1 1 1 2 1 1 55
1622.06 0 4 1 1 1 1 3 1 0 55
1628.85 0 4 1 1 0 0 4 1 0 55
1642 0 3 1 1 0 0 3 1 1 55
1642.62 0 4 1 1 0 0 4 1 0 55
1651.55 0 4 1 1 1 1 3 1 0 55
1651.77 0 4 1 1 2 2 2 1 0 55
1658.55 1 5 1 1 1 2 2 1 0 55
1659.91 1 4 1 1 1 2 1 1 1 55
1667.87 2 5 1 1 0 2 1 1 1 55
1668.18 2 4 1 1 0 2 0 1 2 55
1676.61 1 3 1 1 1 2 0 1 2 55
1682.05 0 2 1 1 2 2 0 1 2 55
1688.75 0 2 1 1 1 1 1 1 2 55
1693.4 0 1 1 1 0 1 1 2 2 55
1732.54 0 1 2 2 0 0 1 2 2 55
1750.28 0 2 2 2 0 0 2 2 1 55
1772.1 0 1 2 2 0 0 1 2 2 55
1775.49 0 1 1 1 0 1 1 2 2 55
1777.81 0 2 1 1 0 1 2 2 1 55
1778.06 0 2 1 1 0 2 2 3 1 54
1782.72 0 3 1 1 1 2 2 2 1 54
1783.33 0 3 2 2 1 1 2 2 1 54
1784.94 1 4 2 2 0 1 2 2 1 54
1792.64 1 5 2 2 1 1 2 1 1 54
1797.96 1 5 1 1 1 2 2 1 1 54
1801.71 1 4 1 1 1 2 1 1 2 54
1809.21 1 5 1 1 1 2 2 1 1 54
1811.93 1 4 1 1 1 2 1 1 2 54
1813.1 1 5 1 1 2 2 1 0 2 54
1814.62 1 6 1 1 2 2 2 0 1 54
1819.41 2 7 1 1 1 2 2 0 1 54
1822.41 1 6 1 1 2 2 2 0 1 54
1829.1 1 6 1 1 2 3 2 1 1 53
1831.12 1 6 2 2 2 2 2 1 1 53
1832.69 1 5 2 2 2 2 1 1 2 53
1833.27 1 5 2 2 2 3 1 2 2 52
1835.88 2 6 2 2 1 3 1 2 2 52
1836.99 1 5 2 2 2 3 1 2 2 52
1839.97 1 6 2 2 2 3 2 2 1 52
1840.02 1 5 2 2 1 3 2 3 1 52
1840.06 1 4 2 2 1 3 1 3 2 52
1840.07 1 4 1 1 1 4 1 3 2 52
1848.04 1 4 1 1 1 3 1 2 2 53
1849.99 1 5 1 1 1 3 2 2 1 53
1852.59 1 5 1 1 0 2 3 2 1 53
1854.66 1 5 1 1 0 1 3 1 1 54
1854.99 1 6 1 1 0 1 4 1 0 54
1855.43 0 5 1 1 1 1 4 1 0 54
1855.81 0 4 1 1 1 1 3 1 1 54
1856.47 0 3 1 1 1 1 2 1 2 54
1857.84 0 4 1 1 1 1 3 1 1 54
1861.54 0 3 1 1 1 1 2 1 2 54
1866.41 0 2 1 1 1 1 1 1 3 54
1875.5 0 3 1 1 1 1 2 1 2 54
1875.89 0 2 1 1 1 1 1 1 3 54
1883.86 0 3 1 1 1 1 2 1 2 54
1887.48 0 2 1 1 1 1 1 1 3 54
1901.66 0 3 1 1 1 1 2 1 2 54
1903.52 0 4 1 1 1 1 3 1 1 54
1908.23 0 3 1 1 1 1 2 1 2 54
1909.2 0 4 1 1 2 1 2 0 2 54
1910.32 0 5 1 1 2 1 3 0 1 54
1910.9 0 4 1 1 1 1 3 1 1 54
1912.03 0 4 1 1 2 2 2 1 1 54
1912.13 1 5 1 1 1 2 2 1 1 54
1918.09 1 5 2 2 1 1 2 1 1 54
1922.3 1 4 2 2 0 1 2 2 1 54
1923.14 1 4 2 2 1 2 1 2 1 54
1924.42 0 3 2 2 2 2 1 2 1 54
1928.21 1 4 2 2 1 2 1 2 1 54
1935.6 1 4 2 2 1 1 1 1 1 55
1938.4 2 5 2 2 0 1 1 1 1 55
1939.51 2 4 2 2 0 1 0 1 2 55
1948.81 2 4 2 2 0 0 0 0 2 56
1957.39 2 4 1 1 0 1 0 0 2 56
1960.79 1 3 1 1 1 1 0 0 2 56
1965.93 2 4 1 1 0 1 0 0 2 56
1967.25 1 3 1 1 1 1 0 0 2 56
1967.29 1 4 1 1 1 1 1 0 1 56
1985.38 1 4 1 1 1 2 1 1 1 55
1992.21 1 3 1 1 1 2 0 1 2 55
1994.04 1 3 2 2 1 1 0 1 2 55
1994.64 1 3 3 3 1 0 0 1 2 55
2001.01 1 4 3 3 1 0 1 1 1 55
2003.69 1 3 3 3 0 0 1 2 1 55
2011.41 1 4 3 3 0 0 2 2 0 55
2019.42 1 4 3 3 1 1 1 2 0 55
2024.13 0 3 3 3 2 1 1 2 0 55
2027.66 0 2 3 3 1 1 1 3 0 55
2031.34 1 3 3 3 0 1 1 3 0 55
2048.39 0 2 3 3 1 1 1 3 0 55
2049.8 0 1 3 3 0 1 1 4 0 55
2054.63 0 1 3 3 0 0 1 3 0 56
2056.67 0 1 2 2 0 1 1 3 0 56
2072.16 0 2 2 2 1 1 1 2 0 56
2078.54 0 1 2 2 0 1 1 3 0 56
2101.08 0 1 1 1 0 2 1 3 0 56
2155.01 0 1 1 1 0 3 1 4 0 55
2157.3 0 1 1 1 0 2 1 3 0 56
2161.79 0 1 1 1 0 1 1 2 0 57
2163.27 0 2 1 1 1 1 1 1 0 57
2164.1 0 2 1 1 0 0 2 1 0 57
2170.31 0 1 1 1 0 0 1 1 1 57
2198.48 0 0 1 1 0 0 0 1 2 57
2201.16 0 1 1 1 0 0 1 1 1 57
2203.96 0 2 1 1 1 0 1 0 1 57
2206.87 0 3 1 1 1 0 2 0 0 57
2217.51 0 2 1 1 1 0 1 0 1 57
2234.71 0 1 1 1 1 0 0 0 2 57
2238.48 0 2 1 1 1 0 1 0 1 57
2238.82 0 1 1 1 1 0 0 0 2 57
2240.75 0 1 0 0 1 1 0 0 2 57
2254.13 0 2 0 0 1 1 1 0 1 57
2284.78 0 3 0 0 1 1 2 0 0 57
2307.12 1 4 0 0 0 1 2 0 0 57
2327.26 1 4 0 0 0 2 2 1 0 56
2332.13 0 3 0 0 1 2 2 1 0 56
2346.5 0 2 0 0 1 2 1 1 1 56
2355.01 0 1 0 0 0 2 1 2 1 56
2365.06 0 1 0 0 0 1 1 1 1 57
2366.33 0 1 0 0 0 0 1 0 1 58
2368.09 0 2 0 0 0 0 2 0 0 58
2375.1 0 1 0 0 0 0 1 0 1 58
2377.69 0 1 0 0 0 1 1 1 1 57
2390.81 0 2 0 0 0 1 2 1 0 57
2408.45 0 1 0 0 0 1 1 1 1 57
2414.32 0 1 0 0 0 0 1 0 1 58
2432.37 0 1 0 0 0 1 1 1 1 57
2433.36 0 2 0 0 0 1 2 1 0 57
2437.57 0 1 0 0 0 1 1 1 1 57
2472.41 0 2 0 0 1 1 1 0 1 57
2556.7 0 2 1 1 1 0 1 0 1 57
2557.94 0 1 1 1 1 0 0 0 2 57
2560.64 1 2 1 1 0 0 0 0 2 57
2570.77 0 1 1 1 1 0 0 0 2 57
2583.35 1 2 1 1 0 0 0 0 2 57
2600.11 1 2 0 0 0 1 0 0 2 57
2600.68 1 2 0 0 0 2 0 1 2 56
2607.5 1 3 0 0 0 2 1 1 1 56
2608.77 1 4 0 0 0 2 2 1 0 56
2615.82 0 3 0 0 1 2 2 1 0 56
2630.07 0 3 0 0 0 1 3 1 0 56
2642.53 0 2 0 0 0 1 2 1 1 56
2643.96 0 1 0 0 0 1 1 1 2 56
2644.5 0 2 0 0 0 1 2 1 1 56
2660.56 0 1 0 0 0 1 1 1 2 56
2667.53 0 1 1 1 0 0 1 1 2 56
2672.87 0 2 1 1 0 0 2 1 1 56
2685.25 0 1 1 1 0 0 1 1 2 56
2691.43 0 2 1 1 0 0 2 1 1 56
2701.26 0 3 1 1 0 0 3 1 0 56
2701.49 0 2 1 1 0 0 2 1 1 56
2701.78 0 2 1 1 0 1 2 2 1 55
2706.83 0 2 1 1 0 0 2 1 1 56
2709.97 0 1 1 1 0 0 1 1 2 56
2727.09 0 0 1 1 0 0 0 1 3 56
2732.33 0 1 1 1 0 0 1 1 2 56
2753.78 0 2 1 1 0 0 2 1 1 56
2756.08 0 2 1 1 0 1 2 2 1 55
2756.38 0 3 1 1 0 1 3 2 0 55
2760.34 0 2 1 1 0 1 2 2 1 55
2762.5 0 2 0 0 0 2 2 2 1 55
2769.89 0 2 0 0 0 1 2 1 1 56
2778.66 0 3 0 0 0 1 3 1 0 56
2782.25 0 3 0 0 0 2 3 2 0 55
2789.22 0 2 0 0 0 2 2 2 1 55
2791.35 0 2 0 0 0 1 2 1 1 56
2795.3 0 3 0 0 0 1 3 1 0 56
2807.79 0 2 0 0 0 1 2 1 1 56
2830.06 0 2 0 0 0 2 2 2 1 55
2833.96 0 2 0 0 0 1 2 1 1 56
2855.74 0 1 0 0 0 1 1 1 2 56
2860.82 0 1 0 0 1 2 0 1 2 56
2861.67 0 1 1 1 1 1 0 1 2 56
2873.43 0 2 1 1 1 1 1 1 1 56
2889.38 0 3 1 1 1 1 2 1 0 56
2889.39 0 4 1 1 2 1 2 0 0 56
2890.28 0 3 1 1 2 1 1 0 1 56
2898.9 0 2 1 1 1 1 1 1 1 56
2931.41 0 3 1 1 2 1 1 0 1 56
2941 0 2 1 1 1 1 1 1 1 56
2941.18 0 3 1 1 2 1 1 0 1 56
2943.27 1 4 1 1 1 1 1 0 1 56
2945.83 1 4 1 1 1 2 1 1 1 55
2946.65 1 4 1 1 2 3 0 1 1 55
2946.83 1 3 1 1 1 3 0 2 1 55
2962.97 0 2 1 1 2 3 0 2 1 55
2965.75 1 3 1 1 1 3 0 2 1 55
2971.6 1 3 1 1 1 2 0 1 1 56
2971.69 2 4 1 1 0 2 0 1 1 56
2981.45 1 3 1 1 1 2 0 1 1 56
2989.52 1 3 1 1 0 1 1 1 1 56
2989.52 1 3 1 1 0 1 1 1 1 56
