0 60 120 60 60 0 0 0 0 0 0
0.0117238 59 119 60 60 1 0 0 0 0 0
0.0193251 59 119 59 59 1 1 0 0 0 0
0.0205334 59 119 58 58 1 2 0 0 0 0
0.0449475 58 118 58 58 2 2 0 0 0 0
0.0637355 57 117 58 58 3 2 0 0 0 0
0.0667693 56 116 58 58 4 2 0 0 0 0
0.0962008 55 115 58 58 5 2 0 0 0 0
0.0980213 54 114 58 58 6 2 0 0 0 0
0.114486 53 113 58 58 7 2 0 0 0 0
0.130224 52 112 58 58 8 2 0 0 0 0
0.132354 52 112 57 57 8 3 0 0 0 0
0.136097 52 112 56 56 8 4 0 0 0 0
0.137752 52 112 55 55 8 5 0 0 0 0
0.151795 51 111 55 55 9 5 0 0 0 0
0.173811 50 110 55 55 10 5 0 0 0 0
0.190384 50 110 54 54 10 6 0 0 0 0
0.205528 50 110 53 53 10 7 0 0 0 0
0.220072 49 109 53 53 11 7 0 0 0 0
0.226624 48 108 53 53 12 7 0 0 0 0
0.232123 48 107 53 53 11 7 0 1 0 0
0.24167 47 106 53 53 12 7 0 1 0 0
0.277852 47 106 52 52 12 8 0 1 0 0
0.314019 47 105 52 52 11 8 0 2 0 0
0.317112 46 104 52 52 12 8 0 2 0 0
0.329861 45 103 52 52 13 8 0 2 0 0
0.342162 44 102 52 52 14 8 0 2 0 0
0.346918 43 101 52 52 15 8 0 2 0 0
0.383924 43 101 51 51 15 9 0 2 0 0
0.385281 42 100 51 51 16 9 0 2 0 0
0.390403 41 99 51 51 17 9 0 2 0 0
0.396501 40 98 51 51 18 9 0 2 0 0
0.401546 39 97 51 51 19 9 0 2 0 0
0.403199 38 96 51 51 20 9 0 2 0 0
0.423423 38 96 50 50 20 10 0 2 0 0
0.431351 38 95 50 50 19 10 0 3 0 0
0.446191 37 94 50 50 20 10 0 3 0 0
0.459223 37 94 49 49 20 11 0 3 0 0
0.463274 37 94 48 48 20 12 0 3 0 0
0.476337 37 94 47 47 20 13 0 3 0 0
0.477204 37 93 47 47 19 13 0 4 0 0
0.482549 36 92 47 47 20 13 0 4 0 0
0.510371 36 92 46 46 20 14 0 4 0 0
0.518865 35 91 46 46 21 14 0 4 0 0
0.559035 35 91 45 45 21 15 0 4 0 0
0.563586 35 90 45 45 20 15 0 5 0 0
0.570911 35 90 44 44 20 16 0 5 0 0
0.573198 34 89 44 44 21 16 0 5 0 0
0.586156 34 88 44 44 20 16 0 6 0 0
0.598956 34 87 44 44 19 16 0 7 0 0
0.620755 33 86 44 44 20 16 0 7 0 0
0.625279 33 85 44 44 19 16 0 8 0 0
0.649828 32 84 44 44 20 16 0 8 0 0
0.67672 31 83 44 44 21 16 0 8 0 0
0.680454 31 82 44 44 20 16 0 9 0 0
0.687735 31 81 44 44 19 16 0 10 0 0
0.69637 31 81 43 43 19 17 0 10 0 0
0.731637 31 80 43 43 18 17 0 11 0 0
0.732979 31 79 43 43 17 17 0 12 0 0
0.768768 30 78 43 43 18 17 0 12 0 0
0.790817 31 79 43 43 17 17 0 12 0 0
0.793166 30 78 43 43 18 17 0 12 0 0
0.810667 30 77 43 43 17 17 0 13 0 0
0.827727 30 77 43 43 17 16 0 12 0 1
0.840401 29 76 43 43 18 16 0 12 0 1
0.845976 29 75 43 43 17 16 0 13 0 1
0.891197 29 75 42 42 17 17 0 13 0 1
0.900505 29 75 41 41 17 18 0 13 0 1
0.904173 29 75 41 41 17 17 0 12 0 2
0.918759 29 75 40 40 17 18 0 12 0 2
0.927403 28 74 40 40 18 18 0 12 0 2
0.945543 27 73 40 40 19 18 0 12 0 2
0.953823 27 73 40 40 18 17 1 12 0 2
0.987282 27 73 39 39 18 18 1 12 0 2
1.00424 27 73 38 38 18 19 1 12 0 2
1.01279 27 72 38 38 17 19 1 13 0 2
1.03289 27 72 37 37 17 20 1 13 0 2
1.0339 27 72 37 37 17 19 1 12 0 3
1.0579 27 72 36 36 17 20 1 12 0 3
1.06037 27 72 37 37 17 19 1 12 0 3
1.08205 27 72 37 37 16 18 2 12 0 3
1.0844 27 72 36 36 16 19 2 12 0 3
1.11811 27 72 35 35 16 20 2 12 0 3
1.19606 26 71 35 35 17 20 2 12 0 3
1.21243 26 71 34 34 17 21 2 12 0 3
1.2169 25 70 34 34 18 21 2 12 0 3
1.22046 24 69 34 34 19 21 2 12 0 3
1.23299 24 69 34 34 18 20 3 12 0 3
1.33647 24 68 34 34 17 20 3 13 0 3
1.37529 24 68 33 33 17 21 3 13 0 3
1.40302 25 69 33 33 16 21 3 13 0 3
1.42681 25 68 33 33 15 21 3 14 0 3
1.44172 25 68 32 32 15 22 3 14 0 3
1.44861 24 67 32 32 16 22 3 14 0 3
1.45346 24 66 32 32 15 22 3 15 0 3
1.58111 23 65 32 32 16 22 3 15 0 3
1.60881 23 65 32 32 16 21 3 14 0 4
1.612 23 64 32 32 15 21 3 15 0 4
1.63239 23 64 32 32 15 20 3 14 0 5
1.63726 22 63 32 32 16 20 3 14 0 5
1.65526 22 62 32 32 15 20 3 15 0 5
1.69032 22 62 31 31 15 21 3 15 0 5
1.78863 22 63 31 31 16 21 3 14 0 5
1.87915 21 62 31 31 17 21 3 14 0 5
1.88215 21 62 30 30 17 22 3 14 0 5
1.89782 20 61 30 30 18 22 3 14 0 5
1.93656 19 60 30 30 19 22 3 14 0 5
1.99757 19 60 30 30 19 21 3 13 0 6
2.02282 19 60 30 30 19 20 3 12 0 7
2.02458 19 60 29 29 19 21 3 12 0 7
2.03851 19 60 29 29 19 20 3 11 0 8
2.05463 18 59 29 29 20 20 3 11 0 8
2.05837 18 59 29 29 19 19 4 11 0 8
2.06672 18 59 28 28 19 20 4 11 0 8
2.0917 18 58 28 28 18 20 4 12 0 8
2.11598 17 57 28 28 19 20 4 12 0 8
2.15337 17 56 28 28 18 20 4 13 0 8
2.17657 17 56 27 27 18 21 4 13 0 8
2.18156 17 55 27 27 18 21 3 13 1 8
2.20834 17 54 27 27 17 21 3 14 1 8
2.2104 16 53 27 27 18 21 3 14 1 8
2.30502 16 53 26 26 18 22 3 14 1 8
2.36858 16 53 25 25 18 23 3 14 1 8
2.43579 16 52 25 25 17 23 3 15 1 8
2.49789 15 51 25 25 18 23 3 15 1 8
2.63821 15 51 25 25 18 22 3 14 1 9
2.73122 15 50 25 25 17 22 3 15 1 9
3.06164 14 49 25 25 18 22 3 15 1 9
3.13012 14 48 25 25 17 22 3 16 1 9
3.16638 14 47 25 25 16 22 3 17 1 9
3.20388 14 47 26 26 16 21 3 17 1 9
3.21336 14 46 26 26 15 21 3 18 1 9
3.22034 14 46 25 25 15 22 3 18 1 9
3.28603 14 45 25 25 14 22 3 19 1 9
3.28662 14 44 25 25 13 22 3 20 1 9
3.31802 14 44 25 25 13 21 3 19 1 10
3.32247 14 43 25 25 12 21 3 20 1 10
3.40586 13 42 25 25 13 21 3 20 1 10
3.41061 13 42 24 24 13 22 3 20 1 10
3.42012 12 41 24 24 14 22 3 20 1 10
3.45105 12 41 24 24 14 21 3 19 1 11
3.60463 12 40 24 24 13 21 3 20 1 11
3.63816 11 39 24 24 14 21 3 20 1 11
3.65769 11 38 24 24 13 21 3 21 1 11
3.66647 10 37 24 24 14 21 3 21 1 11
3.7065 10 37 23 23 14 22 3 21 1 11
3.81687 10 37 22 22 14 23 3 21 1 11
3.9312 9 36 22 22 15 23 3 21 1 11
3.95279 9 36 22 22 14 22 4 21 1 11
3.96887 9 35 22 22 13 22 4 22 1 11
4.07545 9 35 21 21 13 23 4 22 1 11
4.10504 8 34 21 21 14 23 4 22 1 11
4.10787 8 34 21 21 14 22 4 21 1 12
4.20096 8 34 21 21 14 21 4 20 1 13
4.29337 7 33 21 21 15 21 4 20 1 13
4.54345 7 33 21 21 15 20 4 19 1 14
4.5465 6 32 21 21 16 20 4 19 1 14
4.59361 6 31 21 21 16 20 3 19 2 14
4.72745 6 31 20 20 16 21 3 19 2 14
4.81542 5 30 20 20 17 21 3 19 2 14
4.88287 5 30 20 20 17 20 3 18 2 15
4.9645 5 29 20 20 16 20 3 19 2 15
5.12073 5 28 20 20 16 20 2 19 3 15
5.16461 5 28 20 20 16 19 2 18 3 16
5.17427 5 28 20 20 15 18 3 18 3 16
5.22983 4 27 20 20 16 18 3 18 3 16
5.26561 4 27 19 19 16 19 3 18 3 16
5.4121 4 26 19 19 15 19 3 19 3 16
5.41446 4 26 19 19 14 18 4 19 3 16
5.47946 4 26 18 18 14 19 4 19 3 16
5.54257 4 25 18 18 13 19 4 20 3 16
5.82912 4 24 18 18 13 19 3 20 4 16
5.87821 4 23 18 18 12 19 3 21 4 16
5.8822 4 23 18 18 12 18 3 20 4 17
5.90832 4 23 17 17 12 19 3 20 4 17
5.93603 4 23 16 16 12 20 3 20 4 17
6.23187 4 23 15 15 12 21 3 20 4 17
6.26661 4 23 14 14 12 22 3 20 4 17
6.3229 4 23 14 14 11 21 4 20 4 17
6.94152 4 22 14 14 10 21 4 21 4 17
6.99344 4 21 14 14 9 21 4 22 4 17
7.06358 4 21 14 14 8 20 5 22 4 17
7.11228 4 21 14 14 8 19 5 21 4 18
7.12917 4 21 14 14 8 18 5 20 4 19
7.40549 4 21 14 14 7 17 6 20 4 19
7.42696 4 20 14 14 6 17 6 21 4 19
7.44904 4 20 14 14 6 16 6 20 4 20
7.89334 4 19 14 14 6 16 5 20 5 20
8.01092 4 20 14 14 7 16 5 19 5 20
8.24867 4 20 13 13 7 17 5 19 5 20
8.43971 4 20 14 14 7 16 5 19 5 20
8.57912 4 20 14 14 6 15 6 19 5 20
9.13157 3 19 14 14 7 15 6 19 5 20
9.23753 3 18 14 14 6 15 6 20 5 20
9.39726 3 17 14 14 5 15 6 21 5 20
9.89028 3 18 14 14 5 15 7 21 4 20
9.89134 3 17 14 14 4 15 7 22 4 20
10.129 3 17 14 14 4 14 7 21 4 21
10.3475 3 17 13 13 4 15 7 21 4 21
10.5625 3 16 13 13 4 15 6 21 5 21
10.7059 3 16 12 12 4 16 6 21 5 21
10.7134 3 16 12 12 3 15 7 21 5 21
10.7144 3 17 12 12 4 15 7 20 5 21
10.774 3 16 12 12 4 15 6 20 6 21
10.7751 3 16 12 12 4 14 6 19 6 22
10.8581 3 16 11 11 4 15 6 19 6 22
10.896 3 17 11 11 5 15 6 18 6 22
11.004 3 17 11 11 5 14 6 17 6 23
11.5114 2 16 11 11 6 14 6 17 6 23
11.6727 2 15 11 11 6 14 5 17 7 23
11.806 2 14 11 11 5 14 5 18 7 23
12.0115 2 13 11 11 4 14 5 19 7 23
12.7948 2 13 11 11 4 13 5 18 7 24
13.2332 2 13 11 11 3 12 6 18 7 24
13.3347 2 12 11 11 3 12 5 18 8 24
13.4411 2 12 10 10 3 13 5 18 8 24
13.6041 2 12 10 10 3 12 5 17 8 25
13.8843 2 12 10 10 3 11 5 16 8 26
14.0271 1 11 10 10 4 11 5 16 8 26
14.0469 1 11 10 10 4 10 5 15 8 27
14.0736 1 11 10 10 4 9 5 14 8 28
14.1327 1 11 10 10 4 8 5 13 8 29
14.3222 1 10 10 10 4 8 4 13 9 29
14.5227 1 10 10 10 4 7 4 12 9 30
14.8698 1 11 10 10 5 7 4 11 9 30
16.055 1 12 10 10 5 7 5 11 8 30
16.332 1 11 10 10 5 7 4 11 9 30
16.6688 1 10 10 10 5 7 3 11 10 30
16.6846 1 9 10 10 4 7 3 12 10 30
16.8002 1 9 10 10 4 6 3 11 10 31
16.8373 1 9 10 10 3 5 4 11 10 31
17.0138 1 8 10 10 3 5 3 11 11 31
17.0258 1 8 10 10 3 6 3 12 11 30
17.0629 1 8 10 10 3 5 3 11 11 31
18.6266 1 9 10 10 3 5 4 11 10 31
19.4616 1 10 10 10 3 5 5 11 9 31
19.8345 1 11 10 10 4 5 5 10 9 31
19.9947 1 12 10 10 5 5 5 9 9 31
20.3955 1 12 9 9 5 6 5 9 9 31
20.5874 1 12 9 9 5 5 5 8 9 32
21.2296 1 11 9 9 4 5 5 9 9 32
21.4338 1 11 9 9 4 4 5 8 9 33
23.0933 0 10 9 9 5 4 5 8 9 33
24.1582 0 11 9 9 6 4 5 7 9 33
24.4425 0 11 9 9 7 5 4 7 9 33
24.6616 0 10 9 9 7 5 3 7 10 33
25.319 0 10 8 8 7 6 3 7 10 33
25.3897 0 10 7 7 7 7 3 7 10 33
25.9881 1 11 7 7 6 7 3 7 10 33
26.1094 1 11 7 7 5 6 4 7 10 33
26.3363 1 12 7 7 5 6 5 7 9 33
26.9802 0 11 7 7 6 6 5 7 9 33
27.0382 0 12 7 7 6 6 6 7 8 33
27.0407 0 12 7 7 5 5 7 7 8 33
27.9789 0 11 7 7 4 5 7 8 8 33
28.0033 0 10 7 7 4 5 6 8 9 33
28.736 0 9 7 7 3 5 6 9 9 33
28.7574 0 8 7 7 3 5 5 9 10 33
29.0727 0 8 6 6 3 6 5 9 10 33
29.8747 0 8 5 5 3 7 5 9 10 33
29.9344 0 9 5 5 3 7 6 9 9 33
30.2791 0 9 5 5 2 6 7 9 9 33
31.7313 0 8 5 5 2 6 6 9 10 33
32.4496 0 7 5 5 2 6 5 9 11 33
33.7128 0 7 4 4 2 7 5 9 11 33
34.0178 0 8 4 4 2 7 6 9 10 33
34.0396 0 9 4 4 2 7 7 9 9 33
34.1884 0 10 4 4 2 7 8 9 8 33
34.3515 1 11 4 4 1 7 8 9 8 33
35.8441 1 12 4 4 1 7 9 9 7 33
36.3504 0 11 4 4 2 7 9 9 7 33
37.2202 0 11 4 4 2 6 9 8 7 34
37.5155 0 10 4 4 2 6 8 8 8 34
37.6101 0 9 4 4 2 6 7 8 9 34
38.6105 0 9 4 4 1 5 8 8 9 34
39.5562 0 9 4 4 0 4 9 8 9 34
39.6178 0 10 4 4 0 4 10 8 8 34
40.6477 0 10 4 4 0 5 10 9 8 33
41.8711 0 9 4 4 0 5 9 9 9 33
42.6066 0 8 4 4 0 5 8 9 10 33
42.9914 0 9 4 4 1 5 8 8 10 33
45.41 0 9 4 4 1 4 8 7 10 34
45.5779 0 10 4 4 1 4 9 7 9 34
46.2014 0 9 4 4 1 4 8 7 10 34
46.6132 0 8 4 4 1 4 7 7 11 34
47.3422 0 9 4 4 1 4 8 7 10 34
47.8977 0 9 4 4 1 3 8 6 10 35
48.4101 0 9 3 3 1 4 8 6 10 35
48.6844 0 8 3 3 1 4 7 6 11 35
50.0532 0 9 3 3 1 4 8 6 10 35
50.6568 0 8 3 3 1 4 7 6 11 35
50.6657 0 7 3 3 1 4 6 6 12 35
52.0965 0 6 3 3 1 4 5 6 13 35
53.0246 0 6 3 3 1 3 5 5 13 36
53.3533 0 7 3 3 1 3 6 5 12 36
53.8252 0 6 3 3 1 3 5 5 13 36
54.2746 0 7 3 3 1 3 6 5 12 36
54.4325 0 7 3 3 1 2 6 4 12 37
55.3021 0 6 3 3 1 2 5 4 13 37
55.3563 0 7 3 3 2 2 5 3 13 37
55.7413 0 6 3 3 2 2 4 3 14 37
55.8544 0 5 3 3 2 2 3 3 15 37
55.9847 0 5 3 3 3 3 2 3 15 37
57.8367 0 6 3 3 3 3 3 3 14 37
58.1 0 5 3 3 2 3 3 4 14 37
58.8853 0 4 3 3 2 3 2 4 15 37
59.165 0 5 3 3 2 3 3 4 14 37
59.7447 0 6 3 3 3 3 3 3 14 37
60.1411 0 7 3 3 3 3 4 3 13 37
61.2602 0 6 3 3 2 3 4 4 13 37
61.7168 0 7 3 3 2 3 5 4 12 37
62.071 0 6 3 3 2 3 4 4 13 37
62.7063 0 7 3 3 2 3 5 4 12 37
63.0436 0 8 3 3 2 3 6 4 11 37
63.2807 0 9 3 3 2 3 7 4 10 37
63.3343 0 8 3 3 2 3 6 4 11 37
63.3496 0 9 3 3 2 3 7 4 10 37
63.8059 0 10 3 3 2 3 8 4 9 37
64.8713 0 10 3 3 3 4 7 4 9 37
65.4255 0 10 2 2 3 5 7 4 9 37
67.1528 0 11 2 2 3 5 8 4 8 37
68.134 0 12 2 2 3 5 9 4 7 37
68.6792 1 13 2 2 2 5 9 4 7 37
68.7894 1 13 1 1 2 6 9 4 7 37
68.9624 1 12 1 1 2 6 8 4 8 37
69.4535 1 11 1 1 2 6 7 4 9 37
71.9789 1 10 1 1 2 6 6 4 10 37
72.2966 1 10 1 1 2 5 6 3 10 38
72.6091 1 9 1 1 2 5 5 3 11 38
73.1776 1 8 1 1 1 5 5 4 11 38
73.1827 1 8 1 1 1 4 5 3 11 39
73.3209 1 9 1 1 2 4 5 2 11 39
74.4751 1 8 1 1 1 4 5 3 11 39
74.6404 1 8 1 1 1 3 5 2 11 40
76.5186 1 7 1 1 1 3 4 2 12 40
77.2792 1 6 1 1 1 3 3 2 13 40
79.1055 1 7 1 1 1 3 4 2 12 40
81.6215 1 8 1 1 1 3 5 2 11 40
82.3027 1 9 1 1 1 3 6 2 10 40
82.6652 1 8 1 1 1 3 5 2 11 40
85.6533 1 7 1 1 1 3 4 2 12 40
86.1793 1 7 1 1 0 2 5 2 12 40
87.7759 1 6 1 1 0 2 4 2 13 40
88.3771 1 7 1 1 0 2 5 2 12 40
88.9604 1 6 1 1 0 2 4 2 13 40
90.2664 1 7 1 1 0 2 5 2 12 40
90.9148 1 6 1 1 0 2 4 2 13 40
91.6067 1 7 1 1 0 2 5 2 12 40
92.0637 1 7 2 2 0 1 5 2 12 40
93.227 1 8 2 2 0 1 6 2 11 40
93.5547 1 9 2 2 0 1 7 2 10 40
95.6797 1 10 2 2 1 1 7 1 10 40
96.0644 1 9 2 2 1 1 6 1 11 40
96.5523 1 8 2 2 1 1 5 1 12 40
98.395 1 7 2 2 1 1 4 1 13 40
99.3332 1 6 2 2 1 1 3 1 14 40
100.36 1 6 2 2 0 0 4 1 14 40
101.818 1 7 2 2 0 0 5 1 13 40
103.022 1 8 2 2 0 0 6 1 12 40
103.467 0 7 2 2 1 0 6 1 12 40
105.93 0 6 2 2 1 0 5 1 13 40
106.533 0 7 2 2 1 0 6 1 12 40
107.943 0 6 2 2 1 0 5 1 13 40
108.612 0 6 1 1 1 1 5 1 13 40
109.124 0 7 1 1 2 1 5 0 13 40
109.283 1 8 1 1 1 1 5 0 13 40
109.389 0 7 1 1 2 1 5 0 13 40
110.417 0 8 1 1 2 1 6 0 12 40
111.894 0 7 1 1 2 1 5 0 13 40
112.218 1 8 1 1 1 1 5 0 13 40
113.426 1 7 1 1 1 1 4 0 14 40
113.875 1 8 1 1 1 1 5 0 13 40
115.171 0 7 1 1 2 1 5 0 13 40
115.925 0 8 1 1 2 1 6 0 12 40
121.116 0 7 1 1 2 1 5 0 13 40
121.526 0 6 1 1 2 1 4 0 14 40
123.23 0 5 1 1 1 1 4 1 14 40
123.443 0 6 1 1 1 1 5 1 13 40
124.201 0 7 1 1 1 1 6 1 12 40
124.885 0 6 1 1 1 1 5 1 13 40
125.931 0 7 1 1 1 1 6 1 12 40
126.434 0 6 1 1 1 1 5 1 13 40
127.506 0 5 1 1 1 1 4 1 14 40
127.619 0 6 1 1 1 1 5 1 13 40
130.651 0 7 1 1 1 1 6 1 12 40
133.155 0 6 1 1 0 1 6 2 12 40
133.308 0 7 1 1 0 1 7 2 11 40
135.159 0 6 1 1 0 1 6 2 12 40
135.391 0 7 1 1 0 1 7 2 11 40
135.523 0 8 1 1 0 1 8 2 10 40
135.586 0 9 1 1 0 1 9 2 9 40
135.601 0 8 1 1 0 1 8 2 10 40
135.681 0 9 1 1 0 1 9 2 9 40
135.954 0 8 1 1 0 1 8 2 10 40
137.317 0 7 1 1 0 1 7 2 11 40
137.723 0 8 1 1 0 1 8 2 10 40
138.022 0 7 1 1 0 1 7 2 11 40
140.854 0 6 1 1 0 1 6 2 12 40
141.942 0 5 1 1 0 1 5 2 13 40
142.108 0 6 1 1 0 1 6 2 12 40
142.586 0 5 1 1 0 1 5 2 13 40
142.615 0 6 1 1 0 1 6 2 12 40
142.868 0 5 1 1 0 1 5 2 13 40
143.191 0 6 1 1 0 1 6 2 12 40
143.256 0 7 1 1 0 1 7 2 11 40
144.063 0 8 1 1 0 1 8 2 10 40
145.417 0 7 1 1 0 1 7 2 11 40
148.286 0 6 1 1 0 1 6 2 12 40
149.699 0 7 1 1 0 1 7 2 11 40
150.104 0 8 1 1 0 1 8 2 10 40
151.951 0 7 1 1 0 1 7 2 11 40
153.096 0 8 1 1 0 1 8 2 10 40
153.317 0 7 1 1 0 1 7 2 11 40
155.532 0 6 1 1 0 1 6 2 12 40
156.404 0 5 1 1 0 1 5 2 13 40
156.702 0 4 1 1 0 1 4 2 14 40
160.66 0 5 1 1 0 1 5 2 13 40
160.942 0 6 1 1 0 1 6 2 12 40
169.809 0 7 1 1 0 1 7 2 11 40
170.489 0 8 1 1 0 1 8 2 10 40
171.754 0 7 1 1 0 1 7 2 11 40
171.952 0 8 1 1 0 1 8 2 10 40
172.511 0 9 1 1 0 1 9 2 9 40
172.664 0 10 1 1 0 1 10 2 8 40
172.849 0 9 1 1 0 1 9 2 9 40
173.347 0 8 1 1 0 1 8 2 10 40
177.45 0 7 1 1 0 1 7 2 11 40
177.482 0 8 1 1 0 1 8 2 10 40
178.236 0 7 1 1 0 1 7 2 11 40
180.882 0 6 1 1 0 1 6 2 12 40
183.039 0 7 1 1 0 1 7 2 11 40
184.681 0 6 1 1 0 1 6 2 12 40
185.108 0 5 1 1 0 1 5 2 13 40
187.557 0 6 1 1 0 1 6 2 12 40
188.008 0 7 1 1 0 1 7 2 11 40
188.477 0 6 1 1 0 1 6 2 12 40
188.672 0 7 1 1 0 1 7 2 11 40
189.167 0 7 2 2 0 0 7 2 11 40
190.053 0 8 2 2 0 0 8 2 10 40
190.986 0 7 2 2 0 0 7 2 11 40
193.672 0 6 2 2 0 0 6 2 12 40
195.219 0 5 2 2 0 0 5 2 13 40
199.218 0 4 2 2 0 0 4 2 14 40
199.232 0 5 2 2 0 0 5 2 13 40
200.438 0 4 2 2 0 0 4 2 14 40
201.184 0 5 2 2 0 0 5 2 13 40
205.729 0 6 2 2 0 0 6 2 12 40
205.84 0 7 2 2 0 0 7 2 11 40
205.872 0 6 2 2 0 0 6 2 12 40
206.799 0 7 2 2 0 0 7 2 11 40
206.969 0 6 2 2 0 0 6 2 12 40
207.386 0 7 2 2 0 0 7 2 11 40
207.78 0 6 2 2 0 0 6 2 12 40
209.869 0 5 2 2 0 0 5 2 13 40
209.961 0 6 2 2 0 0 6 2 12 40
210.829 0 5 2 2 0 0 5 2 13 40
211.34 0 6 2 2 0 0 6 2 12 40
213.544 0 7 2 2 0 0 7 2 11 40
215.983 0 6 2 2 0 0 6 2 12 40
217.42 0 7 2 2 0 0 7 2 11 40
218.928 0 8 2 2 0 0 8 2 10 40
220.644 0 7 2 2 0 0 7 2 11 40
220.852 0 6 2 2 0 0 6 2 12 40
223.772 0 7 2 2 0 0 7 2 11 40
225.512 0 8 2 2 0 0 8 2 10 40
226.267 0 7 2 2 0 0 7 2 11 40
226.526 0 6 2 2 0 0 6 2 12 40
226.735 0 7 2 2 0 0 7 2 11 40
227.262 0 6 2 2 0 0 6 2 12 40
227.634 0 7 2 2 0 0 7 2 11 40
228.036 0 6 2 2 0 0 6 2 12 40
228.623 0 7 2 2 0 0 7 2 11 40
231.124 0 8 2 2 0 0 8 2 10 40
232.954 0 7 2 2 0 0 7 2 11 40
237.185 0 8 2 2 0 0 8 2 10 40
237.365 0 7 2 2 0 0 7 2 11 40
238.208 0 6 2 2 0 0 6 2 12 40
238.744 0 5 2 2 0 0 5 2 13 40
241.003 0 6 2 2 0 0 6 2 12 40
243.364 0 7 2 2 0 0 7 2 11 40
244.471 0 8 2 2 0 0 8 2 10 40
245.09 0 7 2 2 0 0 7 2 11 40
245.172 0 6 2 2 0 0 6 2 12 40
245.538 0 7 2 2 0 0 7 2 11 40
246.382 0 8 2 2 0 0 8 2 10 40
248.293 0 7 2 2 0 0 7 2 11 40
248.553 0 8 2 2 0 0 8 2 10 40
249.021 0 9 2 2 0 0 9 2 9 40
249.416 0 10 2 2 0 0 10 2 8 40
250.803 0 10 2 2 1 1 9 2 8 40
251.609 0 9 2 2 1 1 8 2 9 40
254.7 0 10 2 2 1 1 9 2 8 40
256.413 0 10 2 2 2 2 8 2 8 40
257.542 0 9 2 2 2 2 7 2 9 40
258.183 0 8 2 2 2 2 6 2 10 40
258.39 0 9 2 2 2 2 7 2 9 40
260.308 0 8 2 2 2 2 6 2 10 40
262.335 0 7 2 2 2 2 5 2 11 40
262.541 0 8 2 2 2 2 6 2 10 40
262.974 0 7 2 2 2 2 5 2 11 40
263.926 0 8 2 2 2 2 6 2 10 40
264.503 0 7 2 2 2 2 5 2 11 40
264.945 0 6 2 2 2 2 4 2 12 40
266.983 0 5 2 2 1 2 4 3 12 40
270.182 0 5 2 2 2 3 3 3 12 40
273.535 0 6 2 2 2 3 4 3 11 40
274.388 0 5 2 2 2 3 3 3 12 40
275.491 0 6 2 2 2 3 4 3 11 40
275.713 0 7 2 2 2 3 5 3 10 40
275.73 0 6 2 2 2 3 4 3 11 40
278.215 0 7 2 2 2 3 5 3 10 40
279.713 0 6 2 2 2 3 4 3 11 40
281.59 0 6 2 2 2 2 4 2 11 41
283.048 0 6 1 1 2 3 4 2 11 41
284.562 0 7 1 1 3 3 4 1 11 41
285.663 0 8 1 1 3 3 5 1 10 41
285.874 0 9 1 1 3 3 6 1 9 41
285.909 0 8 1 1 2 3 6 2 9 41
287.736 0 7 1 1 2 3 5 2 10 41
287.933 0 6 1 1 2 3 4 2 11 41
288.662 0 7 1 1 2 3 5 2 10 41
288.969 0 7 1 1 1 2 6 2 10 41
293.981 0 6 1 1 1 2 5 2 11 41
294.532 0 7 1 1 1 2 6 2 10 41
294.732 0 8 1 1 1 2 7 2 9 41
296.676 0 9 1 1 1 2 8 2 8 41
297.488 0 8 1 1 1 2 7 2 9 41
299.204 0 9 1 1 1 2 8 2 8 41
299.408 0 8 1 1 1 2 7 2 9 41
299.842 0 7 1 1 1 2 6 2 10 41
300.689 0 6 1 1 1 2 5 2 11 41
300.93 0 5 1 1 1 2 4 2 12 41
300.939 0 6 1 1 1 2 5 2 11 41
301.232 0 5 1 1 1 2 4 2 12 41
301.308 0 6 1 1 1 2 5 2 11 41
302.407 0 7 1 1 1 2 6 2 10 41
303.136 0 6 1 1 1 2 5 2 11 41
303.961 0 7 1 1 1 2 6 2 10 41
305.155 0 6 1 1 1 2 5 2 11 41
306.338 0 5 1 1 1 2 4 2 12 41
306.577 0 6 1 1 1 2 5 2 11 41
308.757 0 5 1 1 1 2 4 2 12 41
314.854 0 6 1 1 1 2 5 2 11 41
314.935 0 7 1 1 1 2 6 2 10 41
315.009 0 8 1 1 1 2 7 2 9 41
315.076 0 7 1 1 1 2 6 2 10 41
315.568 0 8 1 1 1 2 7 2 9 41
315.879 0 9 1 1 1 2 8 2 8 41
316.436 0 8 1 1 0 2 8 3 8 41
316.646 0 7 1 1 0 2 7 3 9 41
318.663 0 6 1 1 0 2 6 3 10 41
323.634 0 7 1 1 0 2 7 3 9 41
324.58 0 7 1 1 1 3 6 3 9 41
325.908 0 8 1 1 1 3 7 3 8 41
326.195 0 9 1 1 1 3 8 3 7 41
328.659 0 9 1 1 1 2 8 2 7 42
329.829 0 8 1 1 1 2 7 2 8 42
329.942 0 7 1 1 1 2 6 2 9 42
330.421 0 8 1 1 1 2 7 2 8 42
332.467 0 8 2 2 1 1 7 2 8 42
333.354 0 7 2 2 1 1 6 2 9 42
336.769 0 6 2 2 1 1 5 2 10 42
336.93 0 7 2 2 1 1 6 2 9 42
337.217 0 6 2 2 0 1 6 3 9 42
338.609 0 7 2 2 0 1 7 3 8 42
338.618 0 7 2 2 1 2 6 3 8 42
338.742 0 7 1 1 1 3 6 3 8 42
340.032 0 6 1 1 1 3 5 3 9 42
340.745 0 7 1 1 1 3 6 3 8 42
342.527 0 6 1 1 1 3 5 3 9 42
343.702 0 5 1 1 1 3 4 3 10 42
343.747 0 6 1 1 1 3 5 3 9 42
344.445 0 7 1 1 1 3 6 3 8 42
347.494 0 6 1 1 1 3 5 3 9 42
347.924 0 5 1 1 1 3 4 3 10 42
348.059 0 4 1 1 1 3 3 3 11 42
349.566 0 5 1 1 2 3 3 2 11 42
351.083 0 4 1 1 1 3 3 3 11 42
351.403 0 3 1 1 1 3 2 3 12 42
351.894 0 3 1 1 1 2 2 2 12 43
352.35 0 4 1 1 1 2 3 2 11 43
352.737 0 5 1 1 1 2 4 2 10 43
353.201 0 4 1 1 1 2 3 2 11 43
357.986 0 4 1 1 2 3 2 2 11 43
358.281 0 4 1 1 2 2 2 1 11 44
358.904 0 4 1 1 2 1 2 0 11 45
359.795 0 5 1 1 2 1 3 0 10 45
359.822 0 4 1 1 2 1 2 0 11 45
360.953 0 3 1 1 2 1 1 0 12 45
362.3 0 4 1 1 2 1 2 0 11 45
364.332 0 5 1 1 2 1 3 0 10 45
365.668 0 6 1 1 2 1 4 0 9 45
367.187 0 7 1 1 2 1 5 0 8 45
367.247 0 6 1 1 2 1 4 0 9 45
367.371 0 7 1 1 2 1 5 0 8 45
368.716 0 8 1 1 2 1 6 0 7 45
369.845 0 7 1 1 2 1 5 0 8 45
371.274 0 6 1 1 2 1 4 0 9 45
373.021 0 5 1 1 1 1 4 1 9 45
374.292 0 4 1 1 1 1 3 1 10 45
374.929 0 3 1 1 1 1 2 1 11 45
376.801 0 4 1 1 1 1 3 1 10 45
377.133 0 5 1 1 1 1 4 1 9 45
378.257 1 6 1 1 0 1 4 1 9 45
379.663 0 5 1 1 1 1 4 1 9 45
380.469 0 6 1 1 1 1 5 1 8 45
381.89 0 5 1 1 1 1 4 1 9 45
383.251 0 6 1 1 1 1 5 1 8 45
383.452 0 5 1 1 0 1 5 2 8 45
383.461 0 6 1 1 0 1 6 2 7 45
387.155 0 5 1 1 0 1 5 2 8 45
388.474 0 6 1 1 0 1 6 2 7 45
389.458 0 7 1 1 0 1 7 2 6 45
390.024 0 8 1 1 0 1 8 2 5 45
391.718 0 7 1 1 0 1 7 2 6 45
396.363 0 6 1 1 0 1 6 2 7 45
398.078 0 5 1 1 0 1 5 2 8 45
400.122 0 4 1 1 0 1 4 2 9 45
400.521 0 5 1 1 0 1 5 2 8 45
401.519 0 4 1 1 0 1 4 2 9 45
401.724 0 3 1 1 0 1 3 2 10 45
408.392 0 4 1 1 0 1 4 2 9 45
410.677 0 5 1 1 0 1 5 2 8 45
414.543 0 4 1 1 0 1 4 2 9 45
414.658 0 3 1 1 0 1 3 2 10 45
422.544 0 2 1 1 0 1 2 2 11 45
424.01 0 3 1 1 0 1 3 2 10 45
425.108 0 2 1 1 0 1 2 2 11 45
427.126 0 3 1 1 0 1 3 2 10 45
427.17 0 4 1 1 0 1 4 2 9 45
428.649 0 3 1 1 0 1 3 2 10 45
429.394 0 4 1 1 0 1 4 2 9 45
430.922 0 3 1 1 0 1 3 2 10 45
436.409 0 4 1 1 0 1 4 2 9 45
436.552 0 5 1 1 0 1 5 2 8 45
437.622 0 6 1 1 0 1 6 2 7 45
437.792 0 7 1 1 0 1 7 2 6 45
440.591 0 6 1 1 0 1 6 2 7 45
444.099 0 5 1 1 0 1 5 2 8 45
445.616 0 4 1 1 0 1 4 2 9 45
447.366 0 5 1 1 0 1 5 2 8 45
451.062 0 6 1 1 0 1 6 2 7 45
459.541 0 7 1 1 0 1 7 2 6 45
465.457 0 6 1 1 0 1 6 2 7 45
470.892 0 6 0 0 0 2 6 2 7 45
474.792 0 6 0 0 1 3 5 2 7 45
480.08 0 7 0 0 1 3 6 2 6 45
481.399 0 6 0 0 0 3 6 3 6 45
481.643 0 6 0 0 0 2 6 2 6 46
482.02 0 7 0 0 0 2 7 2 5 46
485.105 0 6 0 0 0 2 6 2 6 46
485.929 0 5 0 0 0 2 5 2 7 46
499.94 0 6 0 0 0 2 6 2 6 46
502.161 0 5 0 0 0 2 5 2 7 46
506.736 0 6 0 0 0 2 6 2 6 46
509.509 0 6 0 0 0 1 6 1 6 47
512.412 0 5 0 0 0 1 5 1 7 47
514.043 0 4 0 0 0 1 4 1 8 47
519.281 0 5 0 0 0 1 5 1 7 47
520.249 0 4 0 0 0 1 4 1 8 47
521.897 0 5 0 0 0 1 5 1 7 47
522.717 0 6 0 0 0 1 6 1 6 47
523.884 0 5 0 0 0 1 5 1 7 47
530.893 0 5 0 0 0 0 5 0 7 48
532.243 0 6 0 0 0 0 6 0 6 48
535.482 0 7 0 0 0 0 7 0 5 48
538.098 0 8 0 0 0 0 8 0 4 48
538.543 0 7 0 0 0 0 7 0 5 48
539.356 0 6 0 0 0 0 6 0 6 48
541.389 0 7 0 0 0 0 7 0 5 48
541.816 0 6 0 0 0 0 6 0 6 48
544.534 0 5 0 0 0 0 5 0 7 48
544.671 0 6 0 0 0 0 6 0 6 48
547.549 0 5 0 0 0 0 5 0 7 48
550.961 0 6 0 0 0 0 6 0 6 48
554.25 0 7 0 0 0 0 7 0 5 48
555.109 0 8 0 0 0 0 8 0 4 48
557.314 0 7 0 0 0 0 7 0 5 48
557.388 0 6 0 0 0 0 6 0 6 48
558.51 0 5 0 0 0 0 5 0 7 48
563.102 0 6 0 0 0 0 6 0 6 48
566.275 0 5 0 0 0 0 5 0 7 48
567.379 0 6 0 0 0 0 6 0 6 48
568.425 0 5 0 0 0 0 5 0 7 48
579.873 0 6 0 0 0 0 6 0 6 48
579.903 0 7 0 0 0 0 7 0 5 48
580.982 0 6 0 0 0 0 6 0 6 48
581.421 0 5 0 0 0 0 5 0 7 48
581.468 0 4 0 0 0 0 4 0 8 48
583.009 0 3 0 0 0 0 3 0 9 48
583.201 0 4 0 0 0 0 4 0 8 48
583.411 0 5 0 0 0 0 5 0 7 48
584.508 0 4 0 0 0 0 4 0 8 48
585.338 0 5 0 0 0 0 5 0 7 48
587.171 0 4 0 0 0 0 4 0 8 48
593.196 0 5 0 0 0 0 5 0 7 48
599.232 0 4 0 0 0 0 4 0 8 48
599.377 0 5 0 0 0 0 5 0 7 48
602.43 0 6 0 0 0 0 6 0 6 48
602.566 0 5 0 0 0 0 5 0 7 48
604.109 0 6 0 0 0 0 6 0 6 48
609.773 0 5 0 0 0 0 5 0 7 48
613.814 0 6 0 0 0 0 6 0 6 48
615.053 0 5 0 0 0 0 5 0 7 48
615.251 0 4 0 0 0 0 4 0 8 48
617.852 0 5 0 0 0 0 5 0 7 48
618.314 0 4 0 0 0 0 4 0 8 48
620.618 0 5 0 0 0 0 5 0 7 48
622.526 0 4 0 0 0 0 4 0 8 48
634.053 0 5 0 0 0 0 5 0 7 48
636.127 0 4 0 0 0 0 4 0 8 48
638.072 0 5 0 0 0 0 5 0 7 48
640.179 0 4 0 0 0 0 4 0 8 48
644.78 0 5 0 0 0 0 5 0 7 48
644.92 0 4 0 0 0 0 4 0 8 48
645.117 0 5 0 0 0 0 5 0 7 48
655.155 0 6 0 0 0 0 6 0 6 48
656.557 0 5 0 0 0 0 5 0 7 48
656.919 0 4 0 0 0 0 4 0 8 48
659.674 0 5 0 0 0 0 5 0 7 48
664.375 0 6 0 0 0 0 6 0 6 48
665.363 0 7 0 0 0 0 7 0 5 48
665.46 0 6 0 0 0 0 6 0 6 48
667.452 0 5 0 0 0 0 5 0 7 48
672.267 0 4 0 0 0 0 4 0 8 48
675.638 0 5 0 0 0 0 5 0 7 48
677.294 0 6 0 0 0 0 6 0 6 48
677.31 0 7 0 0 0 0 7 0 5 48
681.234 0 6 0 0 0 0 6 0 6 48
682.51 0 5 0 0 0 0 5 0 7 48
685.751 0 5 0 0 1 1 4 0 7 48
687.246 0 4 0 0 1 1 3 0 8 48
689.15 0 4 0 0 0 0 4 0 8 48
691.226 0 4 0 0 1 1 3 0 8 48
698.364 0 5 0 0 1 1 4 0 7 48
704.275 0 4 0 0 1 1 3 0 8 48
706.189 0 5 0 0 1 1 4 0 7 48
710.841 0 4 0 0 0 1 4 1 7 48
711.781 0 5 0 0 0 1 5 1 6 48
712.397 0 6 0 0 0 1 6 1 5 48
712.672 0 5 0 0 0 1 5 1 6 48
715.234 0 4 0 0 0 1 4 1 7 48
716.01 0 4 1 1 0 0 4 1 7 48
719.746 0 5 1 1 0 0 5 1 6 48
721.517 0 6 1 1 0 0 6 1 5 48
721.738 0 7 1 1 0 0 7 1 4 48
724.481 0 6 1 1 0 0 6 1 5 48
724.559 0 7 1 1 0 0 7 1 4 48
726.244 0 6 1 1 0 0 6 1 5 48
726.322 0 5 1 1 0 0 5 1 6 48
730.672 0 4 1 1 0 0 4 1 7 48
731.9 0 5 1 1 0 0 5 1 6 48
732.716 0 6 1 1 0 0 6 1 5 48
732.745 0 5 1 1 0 0 5 1 6 48
736.236 0 6 1 1 0 0 6 1 5 48
739.55 0 5 1 1 0 0 5 1 6 48
740.147 0 6 1 1 0 0 6 1 5 48
741.776 0 5 1 1 0 0 5 1 6 48
742.13 0 6 1 1 0 0 6 1 5 48
744.277 0 5 1 1 0 0 5 1 6 48
746.081 0 4 1 1 0 0 4 1 7 48
754.125 0 5 1 1 0 0 5 1 6 48
755.103 0 5 0 0 0 1 5 1 6 48
757.466 0 4 0 0 0 1 4 1 7 48
759.758 0 4 1 1 0 0 4 1 7 48
761.494 0 5 1 1 0 0 5 1 6 48
763.957 0 4 1 1 0 0 4 1 7 48
768.671 0 3 1 1 0 0 3 1 8 48
769.056 0 2 1 1 0 0 2 1 9 48
771.247 0 1 1 1 0 0 1 1 10 48
771.533 0 2 1 1 0 0 2 1 9 48
776.037 0 3 1 1 0 0 3 1 8 48
780.427 0 4 1 1 0 0 4 1 7 48
784.722 0 3 1 1 0 0 3 1 8 48
787.546 0 4 1 1 0 0 4 1 7 48
789.945 0 5 1 1 0 0 5 1 6 48
790.441 0 4 1 1 0 0 4 1 7 48
792.161 0 5 1 1 0 0 5 1 6 48
794.058 0 6 1 1 0 0 6 1 5 48
795.382 0 7 1 1 0 0 7 1 4 48
798.369 0 6 1 1 0 0 6 1 5 48
800.221 0 5 1 1 0 0 5 1 6 48
804.33 0 6 1 1 0 0 6 1 5 48
805.37 0 5 1 1 0 0 5 1 6 48
806.134 0 4 1 1 0 0 4 1 7 48
811.2 0 5 1 1 0 0 5 1 6 48
811.941 0 4 1 1 0 0 4 1 7 48
815.039 0 5 1 1 0 0 5 1 6 48
832.335 0 5 1 1 1 1 4 1 6 48
832.348 0 4 1 1 0 1 4 2 6 48
840.641 0 4 1 1 1 2 3 2 6 48
844.615 0 5 1 1 1 2 4 2 5 48
845.017 0 6 1 1 1 2 5 2 4 48
847.203 0 5 1 1 1 2 4 2 5 48
848.413 0 6 1 1 1 2 5 2 4 48
852.382 0 7 1 1 1 2 6 2 3 48
852.567 0 6 1 1 1 2 5 2 4 48
854.786 0 5 1 1 1 2 4 2 5 48
859.355 0 6 1 1 1 2 5 2 4 48
863.493 0 7 1 1 1 2 6 2 3 48
863.505 0 6 1 1 1 2 5 2 4 48
864.982 0 7 1 1 1 2 6 2 3 48
865.863 0 7 1 1 2 3 5 2 3 48
866.524 0 6 1 1 1 3 5 3 3 48
869.008 1 7 1 1 0 3 5 3 3 48
869.089 1 6 1 1 0 3 4 3 4 48
875.634 1 5 1 1 0 3 3 3 5 48
879.812 1 6 1 1 0 3 4 3 4 48
880.19 1 6 1 1 0 2 4 2 4 49
884.572 1 5 1 1 0 2 3 2 5 49
887.371 1 4 1 1 0 2 2 2 6 49
892.279 1 3 1 1 0 2 1 2 7 49
892.864 1 4 1 1 0 2 2 2 6 49
896.142 1 5 1 1 0 2 3 2 5 49
898.403 1 5 1 1 0 1 3 1 5 50
899.125 1 4 1 1 0 1 2 1 6 50
900.33 1 3 1 1 0 1 1 1 7 50
907.017 1 4 1 1 0 1 2 1 6 50
928.05 1 5 1 1 0 1 3 1 5 50
928.447 1 4 1 1 0 1 2 1 6 50
931.032 1 5 1 1 0 1 3 1 5 50
932.654 1 5 2 2 0 0 3 1 5 50
932.775 1 6 2 2 0 0 4 1 4 50
935.48 1 7 2 2 0 0 5 1 3 50
939.176 1 6 2 2 0 0 4 1 4 50
943.333 1 5 2 2 0 0 3 1 5 50
944.156 1 4 2 2 0 0 2 1 6 50
945.114 1 5 2 2 0 0 3 1 5 50
945.66 0 4 2 2 1 0 3 1 5 50
947.742 0 3 2 2 1 0 2 1 6 50
950.278 0 2 2 2 0 0 2 2 6 50
951.943 0 2 1 1 0 1 2 2 6 50
954.444 0 3 1 1 0 1 3 2 5 50
957.806 0 4 1 1 0 1 4 2 4 50
959.905 0 3 1 1 0 1 3 2 5 50
960.905 0 4 1 1 1 1 3 1 5 50
969.129 0 3 1 1 0 1 3 2 5 50
972.246 0 3 0 0 0 2 3 2 5 50
992.017 0 4 0 0 0 2 4 2 4 50
992.7 0 3 0 0 0 2 3 2 5 50
997.984 0 4 0 0 1 2 3 1 5 50
999.046 0 5 0 0 1 2 4 1 4 50
1001.9 0 4 0 0 0 2 4 2 4 50
1004.1 0 3 0 0 0 2 3 2 5 50
1006.9 0 4 0 0 1 2 3 1 5 50
1009.72 0 5 0 0 1 2 4 1 4 50
1013.64 0 6 0 0 2 2 4 0 4 50
1013.76 0 6 0 0 3 3 3 0 4 50
1014.41 0 5 0 0 3 3 2 0 5 50
1018.03 0 4 0 0 3 3 1 0 6 50
1019.37 0 5 0 0 3 3 2 0 5 50
1023.27 0 5 1 1 3 2 2 0 5 50
1026.6 1 6 1 1 2 2 2 0 5 50
1027.64 1 5 1 1 2 2 1 0 6 50
1030.69 2 6 1 1 1 2 1 0 6 50
1032.86 3 7 1 1 0 2 1 0 6 50
1035.07 2 6 1 1 1 2 1 0 6 50
1037.25 2 7 1 1 1 2 2 0 5 50
1038.83 2 8 1 1 1 2 3 0 4 50
1039.17 2 9 1 1 1 2 4 0 3 50
1039.48 1 8 1 1 2 2 4 0 3 50
1040.01 0 7 1 1 3 2 4 0 3 50
1043.26 1 8 1 1 2 2 4 0 3 50
1043.82 1 9 1 1 2 2 5 0 2 50
1043.84 1 9 1 1 3 3 4 0 2 50
1047.32 1 8 1 1 3 3 3 0 3 50
1047.66 1 7 1 1 3 3 2 0 4 50
1051.18 0 6 1 1 4 3 2 0 4 50
1051.62 0 6 2 2 4 2 2 0 4 50
1054.26 0 6 1 1 4 3 2 0 4 50
1057.62 1 7 1 1 3 3 2 0 4 50
1058.82 1 6 1 1 2 3 2 1 4 50
1059.57 1 7 1 1 2 3 3 1 3 50
1062.29 1 7 1 1 1 2 4 1 3 50
1062.85 0 6 1 1 2 2 4 1 3 50
1069.65 0 5 1 1 1 2 4 2 3 50
1073.24 0 6 1 1 1 2 5 2 2 50
1074.34 0 5 1 1 1 2 4 2 3 50
1076.39 0 4 1 1 1 2 3 2 4 50
1080.17 0 4 1 1 1 1 3 1 4 51
1085 0 3 1 1 0 1 3 2 4 51
1085.17 0 3 0 0 0 2 3 2 4 51
1087.26 0 2 0 0 0 2 2 2 5 51
1099.73 0 3 0 0 0 2 3 2 4 51
1100.4 0 3 0 0 0 1 3 1 4 52
1104.48 0 3 0 0 0 2 3 2 4 51
1104.91 0 4 0 0 0 2 4 2 3 51
1107.18 0 4 0 0 1 3 3 2 3 51
1107.94 0 5 0 0 1 3 4 2 2 51
1108.74 0 5 0 0 1 2 4 1 2 52
1109.47 0 6 0 0 1 2 5 1 1 52
1115.51 0 6 0 0 0 1 6 1 1 52
1117.3 0 5 0 0 0 1 5 1 2 52
1120.3 0 6 0 0 1 1 5 0 2 52
1129.9 0 5 0 0 0 1 5 1 2 52
1132.98 0 4 0 0 0 1 4 1 3 52
1133.05 0 3 0 0 0 1 3 1 4 52
1138.72 0 4 0 0 0 1 4 1 3 52
1141.85 0 3 0 0 0 1 3 1 4 52
1142.42 0 2 0 0 0 1 2 1 5 52
1144.96 0 3 0 0 0 1 3 1 4 52
1150.84 0 4 0 0 0 1 4 1 3 52
1158.92 0 5 0 0 0 1 5 1 2 52
1173.67 0 6 0 0 0 1 6 1 1 52
1175.79 0 5 0 0 0 1 5 1 2 52
1178.83 0 4 0 0 0 1 4 1 3 52
1181.4 0 4 1 1 0 0 4 1 3 52
1186.47 0 3 1 1 0 0 3 1 4 52
1193.39 0 4 1 1 0 0 4 1 3 52
1210.26 0 3 1 1 0 0 3 1 4 52
1214.92 0 4 1 1 0 0 4 1 3 52
1217.95 0 3 1 1 0 0 3 1 4 52
1219.11 0 4 1 1 0 0 4 1 3 52
1219.7 0 3 1 1 0 0 3 1 4 52
1242.31 0 4 1 1 0 0 4 1 3 52
1245.29 0 5 1 1 0 0 5 1 2 52
1245.38 0 5 1 1 1 1 4 1 2 52
1245.39 0 4 1 1 1 1 3 1 3 52
1248.12 0 4 0 0 1 2 3 1 3 52
1248.2 0 5 0 0 1 2 4 1 2 52
1249.05 0 4 0 0 1 2 3 1 3 52
1254.59 0 3 0 0 1 2 2 1 4 52
1255.07 0 3 0 0 2 3 1 1 4 52
1258.68 0 3 0 0 1 2 2 1 4 52
1265.61 0 3 0 0 1 1 2 0 4 53
1270.62 0 4 0 0 1 1 3 0 3 53
1271.86 0 5 0 0 1 1 4 0 2 53
1272.6 0 4 0 0 1 1 3 0 3 53
1275.42 0 5 0 0 1 1 4 0 2 53
1276.69 0 4 0 0 1 1 3 0 3 53
1280.26 0 3 0 0 1 1 2 0 4 53
1293.79 0 3 1 1 1 0 2 0 4 53
1294.41 0 2 1 1 1 0 1 0 5 53
1297.81 0 3 1 1 1 0 2 0 4 53
1311.64 0 4 1 1 1 0 3 0 3 53
1317.01 0 5 1 1 1 0 4 0 2 53
1317.73 0 4 1 1 1 0 3 0 3 53
1329.9 0 5 1 1 1 0 4 0 2 53
1330.26 0 4 1 1 1 0 3 0 3 53
1331.34 0 3 1 1 1 0 2 0 4 53
1333.13 0 2 1 1 1 0 1 0 5 53
1335.96 0 3 1 1 1 0 2 0 4 53
1336.84 1 4 1 1 0 0 2 0 4 53
1337.46 1 3 1 1 0 0 1 0 5 53
1337.54 1 4 1 1 0 0 2 0 4 53
1338.63 1 3 1 1 0 0 1 0 5 53
1340.2 1 4 1 1 0 0 2 0 4 53
1341.46 1 5 1 1 0 0 3 0 3 53
1342.11 1 4 1 1 0 0 2 0 4 53
1342.63 1 5 1 1 0 0 3 0 3 53
1344.33 0 4 1 1 1 0 3 0 3 53
1345.94 0 3 1 1 0 0 3 1 3 53
1348.72 0 4 1 1 0 0 4 1 2 53
1358.02 0 3 1 1 0 0 3 1 3 53
1373.19 0 4 1 1 0 0 4 1 2 53
1376.16 0 5 1 1 0 0 5 1 1 53
1376.41 0 4 1 1 0 0 4 1 2 53
1387.72 0 5 1 1 0 0 5 1 1 53
1391.64 0 6 1 1 1 0 5 0 1 53
1401.45 0 5 1 1 1 0 4 0 2 53
1403.89 0 6 1 1 1 0 5 0 1 53
1404.86 0 5 1 1 1 0 4 0 2 53
1406.57 0 4 1 1 1 0 3 0 3 53
1407.68 0 3 1 1 0 0 3 1 3 53
1409.84 0 4 1 1 0 0 4 1 2 53
1414.99 0 3 1 1 0 0 3 1 3 53
1416.31 0 3 1 1 0 1 3 2 3 52
1417.72 0 3 1 1 0 0 3 1 3 53
1419.62 0 4 1 1 0 0 4 1 2 53
1420.54 0 5 1 1 0 0 5 1 1 53
1421.76 0 4 1 1 0 0 4 1 2 53
1425.5 0 5 1 1 0 0 5 1 1 53
1429.33 0 4 1 1 0 0 4 1 2 53
1433.3 0 5 1 1 0 0 5 1 1 53
1436.31 0 4 1 1 0 0 4 1 2 53
1447.88 0 5 1 1 1 0 4 0 2 53
1452.62 0 6 1 1 1 0 5 0 1 53
1458.4 0 6 1 1 2 1 4 0 1 53
1462.18 0 6 1 1 3 2 3 0 1 53
1465.09 0 6 1 1 4 3 2 0 1 53
1466.47 0 5 1 1 3 3 2 1 1 53
1470.95 0 4 1 1 3 3 1 1 2 53
1472.39 0 5 1 1 3 3 2 1 1 53
1473.56 0 4 1 1 3 3 1 1 2 53
1474.41 0 3 1 1 2 3 1 2 2 53
1488.76 0 3 1 1 2 2 1 1 2 54
1489.79 1 4 1 1 1 2 1 1 2 54
1498.19 1 4 0 0 1 3 1 1 2 54
1498.34 2 5 0 0 0 3 1 1 2 54
1498.87 2 4 0 0 0 3 0 1 3 54
1498.9 2 5 0 0 1 3 0 0 3 54
1502.56 1 4 0 0 2 3 0 0 3 54
1503.57 2 5 0 0 1 3 0 0 3 54
1511.99 2 5 0 0 1 4 0 1 3 53
1514.84 2 4 0 0 0 4 0 2 3 53
1515.27 2 5 0 0 1 4 0 1 3 53
1527.7 1 4 0 0 2 4 0 1 3 53
1532.22 1 4 1 1 2 3 0 1 3 53
1532.38 1 5 1 1 2 3 1 1 2 53
1532.7 2 6 1 1 1 3 1 1 2 53
1536.3 2 7 1 1 1 3 2 1 1 53
1540.97 1 6 1 1 2 3 2 1 1 53
1543.61 1 5 1 1 2 3 1 1 2 53
1548.05 1 4 1 1 2 3 0 1 3 53
1548.61 0 3 1 1 3 3 0 1 3 53
1549.51 0 4 1 1 3 3 1 1 2 53
1558.25 0 4 1 1 2 2 2 1 2 53
1566.89 0 5 1 1 2 2 3 1 1 53
1568.35 0 4 1 1 2 2 2 1 2 53
1569.16 0 4 0 0 2 3 2 1 2 53
1570.88 0 4 1 1 2 2 2 1 2 53
1571.14 1 5 1 1 1 2 2 1 2 53
1572.19 1 5 0 0 1 3 2 1 2 53
1577.19 1 5 1 1 1 2 2 1 2 53
1577.27 0 4 1 1 2 2 2 1 2 53
1580.61 0 3 1 1 2 2 1 1 3 53
1598.55 0 3 2 2 2 1 1 1 3 53
1602.66 0 2 2 2 1 1 1 2 3 53
1603.55 0 3 2 2 1 1 2 2 2 53
1605.19 0 4 2 2 1 1 3 2 1 53
1607.02 0 3 2 2 1 1 2 2 2 53
1610.1 0 4 2 2 1 1 3 2 1 53
1612.63 0 3 2 2 0 1 3 3 1 53
1616.46 0 3 1 1 0 2 3 3 1 53
1617.95 0 2 1 1 0 2 2 3 2 53
1627.62 0 2 1 1 0 1 2 2 2 54
1628.22 0 1 1 1 0 1 1 2 3 54
1628.88 0 2 1 1 0 1 2 2 2 54
1639.11 0 1 1 1 0 1 1 2 3 54
1646.04 0 1 1 1 0 0 1 1 3 55
1657.86 0 2 1 1 0 0 2 1 2 55
1664.43 0 1 1 1 0 0 1 1 3 55
1676.2 0 2 1 1 0 0 2 1 2 55
1680.62 0 2 0 0 0 1 2 1 2 55
1689.78 0 2 0 0 0 0 2 0 2 56
1693.48 0 3 0 0 0 0 3 0 1 56
1697.04 0 2 0 0 0 0 2 0 2 56
1702.02 0 1 0 0 0 0 1 0 3 56
1705.13 0 0 0 0 0 0 0 0 4 56
1713.63 0 1 0 0 0 0 1 0 3 56
1724.72 0 2 0 0 0 0 2 0 2 56
1727.64 0 1 0 0 0 0 1 0 3 56
1733.47 0 2 0 0 0 0 2 0 2 56
1735.31 0 3 0 0 0 0 3 0 1 56
1738.04 0 2 0 0 0 0 2 0 2 56
1739.28 0 3 0 0 0 0 3 0 1 56
1741.02 0 2 0 0 0 0 2 0 2 56
1758.88 0 1 0 0 0 0 1 0 3 56
1782.35 0 2 0 0 0 0 2 0 2 56
1811.91 0 3 0 0 0 0 3 0 1 56
1812.31 0 4 0 0 0 0 4 0 0 56
1821.78 0 3 0 0 0 0 3 0 1 56
1823.21 0 4 0 0 0 0 4 0 0 56
1824.93 0 3 0 0 0 0 3 0 1 56
1826.07 0 2 0 0 0 0 2 0 2 56
1826.46 0 1 0 0 0 0 1 0 3 56
1831.8 0 2 0 0 0 0 2 0 2 56
1842.01 0 1 0 0 0 0 1 0 3 56
1852.13 0 2 0 0 0 0 2 0 2 56
1854.91 0 1 0 0 0 0 1 0 3 56
1865.93 0 2 0 0 0 0 2 0 2 56
1866.34 0 1 0 0 0 0 1 0 3 56
1867.12 0 2 0 0 0 0 2 0 2 56
1887.17 0 2 0 0 0 1 2 1 2 55
1888.79 0 1 0 0 0 1 1 1 3 55
1896.61 0 2 0 0 0 1 2 1 2 55
1897.82 0 3 0 0 0 1 3 1 1 55
1904.82 0 4 0 0 0 1 4 1 0 55
1909.86 0 3 0 0 0 1 3 1 1 55
1920.15 0 2 0 0 0 1 2 1 2 55
1930.5 0 1 0 0 0 1 1 1 3 55
1936.06 0 2 0 0 0 1 2 1 2 55
1937.07 0 3 0 0 0 1 3 1 1 55
1938.5 0 2 0 0 0 1 2 1 2 55
1939.13 0 3 0 0 0 1 3 1 1 55
1950.33 0 2 0 0 0 1 2 1 2 55
1964 0 1 0 0 0 1 1 1 3 55
1972.97 0 1 0 0 0 0 1 0 3 56
1984.6 0 2 0 0 0 0 2 0 2 56
2012.6 0 1 0 0 0 0 1 0 3 56
2017.9 0 2 0 0 0 0 2 0 2 56
2019.75 0 3 0 0 0 0 3 0 1 56
2020.02 0 2 0 0 0 0 2 0 2 56
2043.02 0 3 0 0 0 0 3 0 1 56
2052.14 0 2 0 0 0 0 2 0 2 56
2055.19 0 3 0 0 0 0 3 0 1 56
2061.07 0 2 0 0 0 0 2 0 2 56
2070.1 0 3 0 0 0 0 3 0 1 56
2070.57 0 2 0 0 0 0 2 0 2 56
2076.03 0 3 0 0 0 0 3 0 1 56
2078.63 0 4 0 0 0 0 4 0 0 56
2099.27 0 4 0 0 1 1 3 0 0 56
2099.84 0 3 0 0 1 1 2 0 1 56
2100.1 0 2 0 0 1 1 1 0 2 56
2102.45 0 2 0 0 0 0 2 0 2 56
2116.1 0 1 0 0 0 0 1 0 3 56
2124.24 0 0 0 0 0 0 0 0 4 56
2127.39 0 1 0 0 0 0 1 0 3 56
2140.18 0 2 0 0 0 0 2 0 2 56
2142.71 0 3 0 0 0 0 3 0 1 56
2171.84 0 2 0 0 0 0 2 0 2 56
2188.94 0 3 0 0 0 0 3 0 1 56
2192.73 0 2 0 0 0 0 2 0 2 56
2193.66 0 3 0 0 0 0 3 0 1 56
2196.63 0 2 0 0 0 0 2 0 2 56
2203.85 0 3 0 0 0 0 3 0 1 56
2217.49 0 2 0 0 0 0 2 0 2 56
2227.43 0 1 0 0 0 0 1 0 3 56
2228.9 0 2 0 0 0 0 2 0 2 56
2240.62 0 3 0 0 0 0 3 0 1 56
2250.66 0 2 0 0 0 0 2 0 2 56
2252.43 0 3 0 0 0 0 3 0 1 56
2257.79 0 2 0 0 0 0 2 0 2 56
2286.75 0 3 0 0 0 0 3 0 1 56
2300.89 0 4 0 0 0 0 4 0 0 56
2309.12 0 3 0 0 0 0 3 0 1 56
2320.3 0 2 0 0 0 0 2 0 2 56
2322.87 0 3 0 0 0 0 3 0 1 56
2322.99 0 3 0 0 1 1 2 0 1 56
2327.91 0 3 0 0 2 2 1 0 1 56
2340.23 0 4 0 0 2 2 2 0 0 56
2350.27 0 3 0 0 2 2 1 0 1 56
2354.66 0 2 0 0 1 2 1 1 1 56
2360.8 0 2 0 0 1 1 1 0 1 57
2363.42 0 3 0 0 1 1 2 0 0 57
2364.86 0 2 0 0 1 1 1 0 1 57
2381.04 0 3 0 0 1 1 2 0 0 57
2383.56 1 4 0 0 0 1 2 0 0 57
2401.25 1 4 1 1 0 0 2 0 0 57
2408.09 1 4 0 0 0 1 2 0 0 57
2412.79 1 3 0 0 0 1 1 0 1 57
2419.01 1 4 0 0 0 1 2 0 0 57
2431.44 1 3 0 0 0 1 1 0 1 57
2434.19 1 2 0 0 0 1 0 0 2 57
2434.64 1 3 0 0 0 1 1 0 1 57
2435.4 0 2 0 0 1 1 1 0 1 57
2450.65 0 2 0 0 0 0 2 0 1 57
2463.54 0 3 0 0 0 0 3 0 0 57
2471.16 0 3 0 0 1 1 2 0 0 57
2471.72 0 2 0 0 1 1 1 0 1 57
2478.89 0 3 0 0 1 1 2 0 0 57
2488.33 1 4 0 0 0 1 2 0 0 57
2495.23 0 3 0 0 1 1 2 0 0 57
2504.14 0 2 0 0 0 1 2 1 0 57
2505.61 0 3 0 0 1 1 2 0 0 57
2506.22 0 2 0 0 0 1 2 1 0 57
2513 0 2 0 0 0 0 2 0 0 58
2536.02 0 2 0 0 0 1 2 1 0 57
2539.49 0 1 0 0 0 1 1 1 1 57
2567.63 0 2 0 0 0 1 2 1 0 57
2581.41 0 1 0 0 0 1 1 1 1 57
2584.22 0 2 0 0 0 1 2 1 0 57
2616.81 0 1 0 0 0 1 1 1 1 57
2635.51 0 2 0 0 0 1 2 1 0 57
2636.13 0 1 0 0 0 1 1 1 1 57
2637.33 0 2 0 0 0 1 2 1 0 57
2637.76 0 1 0 0 0 1 1 1 1 57
2669.8 0 2 0 0 0 1 2 1 0 57
2684.22 0 2 0 0 0 0 2 0 0 58
2755.36 0 1 0 0 0 0 1 0 1 58
2778.52 0 1 0 0 0 1 1 1 1 57
2781.96 0 1 0 0 0 2 1 2 1 56
2788.64 0 1 0 0 0 1 1 1 1 57
2791.49 0 1 1 1 0 0 1 1 1 57
2811.57 0 1 1 1 0 1 1 2 1 56
2811.64 0 2 1 1 0 1 2 2 0 56
2812 0 3 1 1 1 1 2 1 0 56
2822.94 0 3 1 1 0 0 3 1 0 56
2823.19 0 2 1 1 0 0 2 1 1 56
2826.95 0 2 1 1 0 1 2 2 1 55
2830.4 0 3 1 1 0 1 3 2 0 55
2837.99 0 3 1 1 0 0 3 1 0 56
2839.28 0 2 1 1 0 0 2 1 1 56
2870.38 0 1 1 1 0 0 1 1 2 56
2871.32 0 0 1 1 0 0 0 1 3 56
2876.62 0 1 1 1 0 0 1 1 2 56
2902.57 0 2 1 1 0 0 2 1 1 56
2923.78 0 3 1 1 0 0 3 1 0 56
2932.43 0 3 1 1 0 1 3 2 0 55
2934.27 0 3 2 2 0 0 3 2 0 55
2935.38 0 3 2 2 1 1 2 2 0 55
2942.19 0 3 2 2 2 2 1 2 0 55
2944.61 0 3 2 2 2 1 1 1 0 56
2945.2 0 2 2 2 1 1 1 2 0 56
2989.29 1 3 2 2 0 1 1 2 0 56
2995.07 1 3 2 2 0 0 1 1 0 57
2995.07 1 3 2 2 0 0 1 1 0 57
