0 60 120 60 60 0 0 0 0 0 0
1.2257e-05 59 119 60 60 1 0 0 0 0 0
0.00454735 58 118 60 60 2 0 0 0 0 0
0.0120259 57 117 60 60 3 0 0 0 0 0
0.0183335 57 117 59 59 3 1 0 0 0 0
0.0265221 56 116 59 59 4 1 0 0 0 0
0.0319124 55 115 59 59 5 1 0 0 0 0
0.0368701 54 114 59 59 6 1 0 0 0 0
0.046233 54 114 58 58 6 2 0 0 0 0
0.0492734 54 114 57 57 6 3 0 0 0 0
0.0663834 53 113 57 57 7 3 0 0 0 0
0.0754513 52 112 57 57 8 3 0 0 0 0
0.0920111 52 112 56 56 8 4 0 0 0 0
0.158805 51 111 56 56 9 4 0 0 0 0
0.167002 51 111 55 55 9 5 0 0 0 0
0.190968 50 110 55 55 10 5 0 0 0 0
0.211618 49 109 55 55 11 5 0 0 0 0
0.213416 49 108 55 55 10 5 0 1 0 0
0.225278 48 107 55 55 11 5 0 1 0 0
0.238416 47 106 55 55 12 5 0 1 0 0
0.254439 47 105 55 55 11 5 0 2 0 0
0.268723 46 104 55 55 12 5 0 2 0 0
0.293172 45 103 55 55 13 5 0 2 0 0
0.312674 45 103 54 54 13 6 0 2 0 0
0.313964 44 102 54 54 14 6 0 2 0 0
0.321986 43 101 54 54 15 6 0 2 0 0
0.341535 42 100 54 54 16 6 0 2 0 0
0.359512 42 100 53 53 16 7 0 2 0 0
0.361341 41 99 53 53 17 7 0 2 0 0
0.424691 40 98 53 53 18 7 0 2 0 0
0.463304 39 97 53 53 19 7 0 2 0 0
0.469366 38 96 53 53 20 7 0 2 0 0
0.484958 38 96 52 52 20 8 0 2 0 0
0.507177 38 95 52 52 19 8 0 3 0 0
0.582922 38 95 51 51 19 9 0 3 0 0
0.584963 37 94 51 51 20 9 0 3 0 0
0.593347 36 93 51 51 21 9 0 3 0 0
0.611388 36 92 51 51 20 9 0 4 0 0
0.62992 36 92 50 50 20 10 0 4 0 0
0.641988 35 91 50 50 21 10 0 4 0 0
0.648176 34 90 50 50 22 10 0 4 0 0
0.66171 35 91 50 50 21 10 0 4 0 0
0.689112 35 90 50 50 20 10 0 5 0 0
0.698956 34 89 50 50 21 10 0 5 0 0
0.737802 34 89 49 49 21 11 0 5 0 0
0.748647 33 88 49 49 22 11 0 5 0 0
0.752689 32 87 49 49 23 11 0 5 0 0
0.764292 31 86 49 49 24 11 0 5 0 0
0.768098 31 85 49 49 23 11 0 6 0 0
0.8411 31 84 49 49 22 11 0 7 0 0
0.855799 31 83 49 49 21 11 0 8 0 0
0.890069 30 82 49 49 22 11 0 8 0 0
0.924058 30 82 48 48 22 12 0 8 0 0
0.926226 30 82 47 47 22 13 0 8 0 0
0.963452 30 82 46 46 22 14 0 8 0 0
0.968046 30 81 46 46 21 14 0 9 0 0
0.982254 29 80 46 46 22 14 0 9 0 0
0.98534 29 80 46 46 21 13 1 9 0 0
1.04376 29 80 45 45 21 14 1 9 0 0
1.04769 28 79 45 45 22 14 1 9 0 0
1.11335 28 79 44 44 22 15 1 9 0 0
1.13358 28 78 44 44 21 15 1 10 0 0
1.14368 28 77 44 44 20 15 1 11 0 0
1.21391 28 77 43 43 20 16 1 11 0 0
1.22091 27 76 43 43 21 16 1 11 0 0
1.25008 26 75 43 43 22 16 1 11 0 0
1.25061 26 75 42 42 22 17 1 11 0 0
1.27926 25 74 42 42 23 17 1 11 0 0
1.27942 24 73 42 42 24 17 1 11 0 0
1.2881 23 72 42 42 25 17 1 11 0 0
1.30038 23 72 41 41 25 18 1 11 0 0
1.38898 22 71 41 41 26 18 1 11 0 0
1.39541 22 70 41 41 25 18 1 12 0 0
1.39993 22 69 41 41 24 18 1 13 0 0
1.42737 22 68 41 41 24 18 0 13 1 0
1.53307 22 68 40 40 24 19 0 13 1 0
1.60785 22 68 39 39 24 20 0 13 1 0
1.64535 22 67 39 39 23 20 0 14 1 0
1.67344 21 66 39 39 24 20 0 14 1 0
1.7252 20 65 39 39 25 20 0 14 1 0
1.75342 20 65 38 38 25 21 0 14 1 0
1.78668 20 65 37 37 25 22 0 14 1 0
1.78989 20 65 37 37 24 21 1 14 1 0
1.80961 20 64 37 37 23 21 1 15 1 0
1.81654 19 63 37 37 24 21 1 15 1 0
1.90949 19 63 36 36 24 22 1 15 1 0
1.92055 18 62 36 36 25 22 1 15 1 0
1.94115 18 62 35 35 25 23 1 15 1 0
1.94254 18 62 34 34 25 24 1 15 1 0
1.97978 18 62 33 33 25 25 1 15 1 0
1.98013 18 62 32 32 25 26 1 15 1 0
1.99172 17 61 32 32 26 26 1 15 1 0
2.00196 17 61 32 32 26 25 1 14 1 1
2.01118 16 60 32 32 27 25 1 14 1 1
2.06027 16 59 32 32 26 25 1 15 1 1
2.12041 16 59 32 32 25 24 2 15 1 1
2.15711 16 59 31 31 25 25 2 15 1 1
2.1612 15 58 31 31 26 25 2 15 1 1
2.27695 15 58 30 30 26 26 2 15 1 1
2.35685 15 57 30 30 25 26 2 16 1 1
2.37602 14 56 30 30 26 26 2 16 1 1
2.43032 14 56 29 29 26 27 2 16 1 1
2.48605 14 55 29 29 25 27 2 17 1 1
2.49895 13 54 29 29 26 27 2 17 1 1
2.49899 13 54 29 29 26 26 2 16 1 2
2.52815 13 54 30 30 26 25 2 16 1 2
2.5748 12 53 30 30 27 25 2 16 1 2
2.69304 12 53 30 30 27 24 2 15 1 3
2.84262 12 52 30 30 26 24 2 16 1 3
2.98545 12 52 29 29 26 25 2 16 1 3
3.00087 11 51 29 29 27 25 2 16 1 3
3.0107 11 51 29 29 27 24 2 15 1 4
3.0295 11 50 29 29 26 24 2 16 1 4
3.09872 11 49 29 29 25 24 2 17 1 4
3.2936 11 49 28 28 25 25 2 17 1 4
3.32577 11 48 28 28 24 25 2 18 1 4
3.36614 11 47 28 28 23 25 2 19 1 4
3.37543 11 46 28 28 23 25 1 19 2 4
3.42493 11 46 28 28 22 24 2 19 2 4
3.44142 11 46 27 27 22 25 2 19 2 4
3.47661 10 45 27 27 23 25 2 19 2 4
3.52944 10 44 27 27 22 25 2 20 2 4
3.59884 10 44 26 26 22 26 2 20 2 4
3.61776 10 44 25 25 22 27 2 20 2 4
3.72609 10 43 25 25 21 27 2 21 2 4
3.76404 10 42 25 25 20 27 2 22 2 4
3.77292 10 42 24 24 20 28 2 22 2 4
3.78985 10 42 24 24 19 27 3 22 2 4
3.79911 10 42 24 24 19 26 3 21 2 5
3.95155 10 42 24 24 19 25 3 20 2 6
4.07483 10 42 24 24 18 24 4 20 2 6
4.12185 10 42 24 24 17 23 5 20 2 6
4.24358 10 42 23 23 17 24 5 20 2 6
4.24531 10 42 23 23 16 23 6 20 2 6
4.26778 10 41 23 23 15 23 6 21 2 6
4.28817 9 40 23 23 16 23 6 21 2 6
4.30447 9 40 23 23 16 22 6 20 2 7
4.31973 9 40 23 23 16 21 6 19 2 8
4.39154 9 40 23 23 15 20 7 19 2 8
4.50274 9 40 22 22 15 21 7 19 2 8
4.66709 9 39 22 22 15 21 6 19 3 8
4.8146 9 39 22 22 15 20 6 18 3 9
4.83273 9 38 22 22 14 20 6 19 3 9
4.90798 9 37 22 22 14 20 5 19 4 9
4.93955 9 37 21 21 14 21 5 19 4 9
5.00102 9 36 21 21 13 21 5 20 4 9
5.01569 9 36 21 21 13 20 5 19 4 10
5.16213 9 36 21 21 13 19 5 18 4 11
5.16714 8 35 21 21 14 19 5 18 4 11
5.25776 8 34 21 21 13 19 5 19 4 11
5.28157 8 34 21 21 13 18 5 18 4 12
5.3133 8 34 21 21 12 17 6 18 4 12
5.3212 8 34 21 21 11 16 7 18 4 12
5.39554 8 34 20 20 11 17 7 18 4 12
5.41344 8 33 20 20 11 17 6 18 5 12
5.46474 8 33 20 20 11 16 6 17 5 13
5.68244 8 32 20 20 11 16 5 17 6 13
5.71 8 32 20 20 11 15 5 16 6 14
5.79718 7 31 20 20 12 15 5 16 6 14
5.88591 7 31 21 21 12 14 5 16 6 14
5.9791 7 30 21 21 11 14 5 17 6 14
6.01817 6 29 21 21 12 14 5 17 6 14
6.08181 6 28 21 21 11 14 5 18 6 14
6.48355 6 28 21 21 10 13 6 18 6 14
6.50167 6 28 20 20 10 14 6 18 6 14
6.50299 6 27 20 20 10 14 5 18 7 14
6.6511 6 26 20 20 9 14 5 19 7 14
6.65325 5 25 20 20 10 14 5 19 7 14
7.0262 5 25 19 19 10 15 5 19 7 14
7.15371 5 25 19 19 10 14 5 18 7 15
7.16945 5 25 19 19 10 13 5 17 7 16
7.21485 6 26 19 19 9 13 5 17 7 16
7.31406 6 26 18 18 9 14 5 17 7 16
7.34834 6 26 18 18 9 13 5 16 7 17
7.45677 5 25 18 18 10 13 5 16 7 17
7.49431 5 24 18 18 9 13 5 17 7 17
7.51848 5 24 17 17 9 14 5 17 7 17
7.53855 5 24 16 16 9 15 5 17 7 17
7.80424 5 24 16 16 9 14 5 16 7 18
7.84572 6 25 16 16 8 14 5 16 7 18
8.0931 6 24 16 16 7 14 5 17 7 18
8.19004 6 24 15 15 7 15 5 17 7 18
8.33133 6 23 15 15 7 15 4 17 8 18
8.43243 6 23 15 15 6 14 5 17 8 18
8.464 6 23 15 15 6 13 5 16 8 19
8.71776 6 22 15 15 5 13 5 17 8 19
8.80628 6 22 15 15 5 12 5 16 8 20
8.88948 6 23 15 15 5 12 6 16 7 20
9.12863 6 23 14 14 5 13 6 16 7 20
9.18173 6 22 14 14 4 13 6 17 7 20
9.32608 6 22 14 14 3 12 7 17 7 20
9.52412 6 22 13 13 3 13 7 17 7 20
9.56582 5 21 13 13 4 13 7 17 7 20
9.6772 5 21 13 13 4 12 7 16 7 21
9.67976 5 21 12 12 4 13 7 16 7 21
9.71669 4 20 12 12 5 13 7 16 7 21
9.73249 4 20 11 11 5 14 7 16 7 21
9.86341 4 20 10 10 5 15 7 16 7 21
9.92209 4 20 11 11 5 14 7 16 7 21
10.0118 4 19 11 11 5 14 6 16 8 21
10.0826 4 19 11 11 5 13 6 15 8 22
10.4315 4 19 10 10 5 14 6 15 8 22
10.5333 4 19 10 10 5 13 6 14 8 23
10.8931 4 19 10 10 5 12 6 13 8 24
11.561 4 19 10 10 5 11 6 12 8 25
11.788 4 18 10 10 5 11 5 12 9 25
12.0823 4 17 10 10 4 11 5 13 9 25
12.1907 3 16 10 10 5 11 5 13 9 25
12.2539 3 16 9 9 5 12 5 13 9 25
12.2746 3 16 9 9 5 11 5 12 9 26
12.5414 3 16 9 9 5 10 5 11 9 27
12.5794 3 16 9 9 4 9 6 11 9 27
12.5834 3 15 9 9 4 9 5 11 10 27
12.7891 3 15 9 9 4 8 5 10 10 28
13.2119 2 14 9 9 5 8 5 10 10 28
13.7228 2 15 9 9 5 8 6 10 9 28
13.7748 2 14 9 9 5 8 5 10 10 28
14.3901 2 13 9 9 5 8 4 10 11 28
15.2273 2 13 9 9 4 7 5 10 11 28
15.8013 2 13 8 8 4 8 5 10 11 28
16.4544 2 12 8 8 3 8 5 11 11 28
16.6774 2 11 8 8 3 8 4 11 12 28
17.3517 2 11 7 7 3 9 4 11 12 28
17.6471 2 12 7 7 3 9 5 11 11 28
18.0803 2 11 7 7 3 9 4 11 12 28
18.2235 2 11 7 7 3 8 4 10 12 29
19.1806 2 11 7 7 3 7 4 9 12 30
19.2247 2 11 6 6 3 8 4 9 12 30
19.2797 2 10 6 6 2 8 4 10 12 30
19.3978 2 10 5 5 2 9 4 10 12 30
19.7356 2 11 5 5 3 9 4 9 12 30
20.9735 2 10 5 5 3 9 3 9 13 30
21.5033 2 10 5 5 2 8 4 9 13 30
21.654 2 9 5 5 1 8 4 10 13 30
22.0236 2 10 5 5 1 8 5 10 12 30
22.3622 2 10 5 5 1 7 5 9 12 31
22.7789 1 9 5 5 2 7 5 9 12 31
24.2493 1 9 5 5 2 6 5 8 12 32
25.1246 1 9 5 5 2 5 5 7 12 33
25.48 1 9 5 5 2 4 5 6 12 34
25.5481 1 8 5 5 2 4 4 6 13 34
26.7924 0 7 5 5 3 4 4 6 13 34
26.9452 0 7 4 4 3 5 4 6 13 34
28.7363 0 8 4 4 3 5 5 6 12 34
29.2376 0 9 4 4 3 5 6 6 11 34
29.3585 0 10 4 4 4 5 6 5 11 34
29.4692 0 11 4 4 4 5 7 5 10 34
30.1679 0 10 4 4 4 5 6 5 11 34
31.634 0 10 3 3 4 6 6 5 11 34
31.9996 0 10 3 3 4 5 6 4 11 35
32.0346 0 10 3 3 3 4 7 4 11 35
33.0454 0 9 3 3 3 4 6 4 12 35
34.7629 0 8 3 3 3 4 5 4 13 35
37.2599 0 7 3 3 3 4 4 4 14 35
37.4289 0 8 3 3 3 4 5 4 13 35
37.5584 0 9 3 3 3 4 6 4 12 35
37.6616 0 9 2 2 3 5 6 4 12 35
37.8945 0 9 2 2 4 6 5 4 12 35
39.3726 0 10 2 2 4 6 6 4 11 35
39.9884 0 10 2 2 4 5 6 3 11 36
40.2585 0 9 2 2 4 5 5 3 12 36
40.6826 0 8 2 2 3 5 5 4 12 36
42.5796 0 9 2 2 3 5 6 4 11 36
42.9024 0 8 2 2 3 5 5 4 12 36
43.0209 0 7 2 2 3 5 4 4 13 36
43.2582 0 8 2 2 3 5 5 4 12 36
44.4305 0 9 2 2 4 5 5 3 12 36
45.5407 0 8 2 2 4 5 4 3 13 36
46.5667 0 7 2 2 4 5 3 3 14 36
46.9376 0 7 2 2 3 4 4 3 14 36
47.067 1 8 2 2 2 4 4 3 14 36
47.2631 1 9 2 2 2 4 5 3 13 36
47.815 1 9 2 2 2 3 5 2 13 37
48.5879 1 10 2 2 2 3 6 2 12 37
49.4768 1 11 2 2 2 3 7 2 11 37
50.6279 1 12 2 2 3 3 7 1 11 37
50.6401 1 13 2 2 3 3 8 1 10 37
51.0647 1 13 1 1 3 4 8 1 10 37
51.3692 1 12 1 1 3 4 7 1 11 37
52.2834 1 11 1 1 3 4 6 1 12 37
53.1009 1 11 1 1 3 5 6 2 12 36
53.992 1 10 1 1 2 5 6 3 12 36
54.0121 1 9 1 1 1 5 6 4 12 36
54.1364 1 8 1 1 1 5 5 4 13 36
54.4098 1 8 1 1 1 4 5 3 13 37
55.5005 1 9 1 1 1 4 6 3 12 37
55.5223 1 8 1 1 1 4 5 3 13 37
56.5804 1 8 1 1 1 3 5 2 13 38
57.0397 1 9 1 1 1 3 6 2 12 38
59.2003 1 10 1 1 1 3 7 2 11 38
59.7614 1 9 1 1 1 3 6 2 12 38
59.8028 1 8 1 1 0 3 6 3 12 38
62.6596 1 8 1 1 0 2 6 2 12 39
63.2821 1 9 1 1 0 2 7 2 11 39
63.8221 1 10 1 1 0 2 8 2 10 39
65.7366 1 11 1 1 0 2 9 2 9 39
65.9087 1 10 1 1 0 2 8 2 10 39
66.6549 1 11 1 1 0 2 9 2 9 39
66.774 1 10 1 1 0 2 8 2 10 39
70.2896 1 9 1 1 0 2 7 2 11 39
70.5232 1 8 1 1 0 2 6 2 12 39
72.3375 1 9 1 1 0 2 7 2 11 39
73.138 1 8 1 1 0 2 6 2 12 39
74.6649 1 7 1 1 0 2 5 2 13 39
76.3039 1 6 1 1 0 2 4 2 14 39
80.2379 1 7 1 1 0 2 5 2 13 39
80.7516 0 6 1 1 1 2 5 2 13 39
82.3622 0 7 1 1 1 2 6 2 12 39
83.263 0 8 1 1 1 2 7 2 11 39
84.2743 0 7 1 1 1 2 6 2 12 39
84.7623 0 7 1 1 2 3 5 2 12 39
84.8321 0 7 1 1 2 2 5 1 12 40
84.9681 0 6 1 1 1 2 5 2 12 40
86.7592 0 7 1 1 1 2 6 2 11 40
87.2211 0 6 1 1 1 2 5 2 12 40
88.5634 0 7 1 1 1 2 6 2 11 40
89.1588 0 8 1 1 1 2 7 2 10 40
90.714 0 7 1 1 1 2 6 2 11 40
93.9983 1 8 1 1 0 2 6 2 11 40
96.2476 1 7 1 1 0 2 5 2 12 40
96.4736 1 6 1 1 0 2 4 2 13 40
99.7494 1 7 1 1 0 2 5 2 12 40
101.816 1 6 1 1 0 2 4 2 13 40
103.974 1 7 1 1 0 2 5 2 12 40
106.019 1 8 1 1 0 2 6 2 11 40
106.46 1 9 1 1 0 2 7 2 10 40
109.07 1 9 1 1 1 3 6 2 10 40
110.239 1 10 1 1 1 3 7 2 9 40
110.244 1 9 1 1 0 3 7 3 9 40
110.576 1 10 1 1 0 3 8 3 8 40
110.758 1 10 0 0 0 4 8 3 8 40
112.538 1 9 0 0 0 4 7 3 9 40
113.022 1 8 0 0 0 4 6 3 10 40
113.823 1 9 0 0 0 4 7 3 9 40
113.971 1 9 1 1 0 3 7 3 9 40
113.979 1 10 1 1 0 3 8 3 8 40
114.177 1 9 1 1 0 3 7 3 9 40
115.907 1 9 1 1 0 4 7 4 9 39
116.692 1 8 1 1 0 4 6 4 10 39
117.154 1 9 1 1 0 4 7 4 9 39
117.188 1 8 1 1 0 4 6 4 10 39
117.956 0 7 1 1 1 4 6 4 10 39
118.024 0 8 1 1 1 4 7 4 9 39
122.18 0 9 1 1 1 4 8 4 8 39
123.147 0 10 1 1 1 4 9 4 7 39
123.559 0 9 1 1 1 4 8 4 8 39
123.75 0 10 1 1 1 4 9 4 7 39
124.189 0 9 1 1 1 4 8 4 8 39
126.112 0 8 1 1 1 4 7 4 9 39
128.381 0 9 1 1 2 4 7 3 9 39
128.717 0 8 1 1 2 4 6 3 10 39
129.092 0 8 1 1 2 3 6 2 10 40
130.9 0 9 1 1 2 3 7 2 9 40
131.58 0 9 1 1 2 2 7 1 9 41
132.99 0 8 1 1 2 2 6 1 10 41
134.546 0 7 1 1 2 2 5 1 11 41
135.514 0 8 1 1 2 2 6 1 10 41
137.027 0 7 1 1 2 2 5 1 11 41
137.853 0 6 1 1 2 2 4 1 12 41
139.355 0 7 1 1 2 2 5 1 11 41
139.359 0 8 1 1 2 2 6 1 10 41
139.368 0 9 1 1 2 2 7 1 9 41
139.791 0 8 1 1 1 2 7 2 9 41
141.465 0 9 1 1 1 2 8 2 8 41
141.926 0 8 1 1 1 2 7 2 9 41
142.26 0 7 1 1 1 2 6 2 10 41
143.358 0 6 1 1 0 2 6 3 10 41
143.673 0 7 1 1 0 2 7 3 9 41
145.342 0 6 1 1 0 2 6 3 10 41
147.691 0 7 1 1 0 2 7 3 9 41
148.858 0 6 1 1 0 2 6 3 10 41
149.332 0 7 1 1 0 2 7 3 9 41
151.86 0 8 1 1 1 2 7 2 9 41
153.55 0 8 1 1 2 3 6 2 9 41
155.143 0 8 1 1 2 2 6 1 9 42
155.991 0 7 1 1 2 2 5 1 10 42
156.999 0 6 1 1 1 2 5 2 10 42
162.445 0 5 1 1 1 2 4 2 11 42
167.42 0 4 1 1 1 2 3 2 12 42
167.664 0 5 1 1 1 2 4 2 11 42
168.524 0 6 1 1 1 2 5 2 10 42
168.547 0 7 1 1 2 2 5 1 10 42
173.794 0 8 1 1 2 2 6 1 9 42
174.464 0 7 1 1 2 2 5 1 10 42
177.951 0 8 1 1 2 2 6 1 9 42
178.214 0 7 1 1 1 2 6 2 9 42
180.571 0 7 1 1 1 1 6 1 9 43
182.203 0 6 1 1 1 1 5 1 10 43
183.355 0 7 1 1 1 1 6 1 9 43
183.452 0 8 1 1 1 1 7 1 8 43
187.071 0 7 1 1 1 1 6 1 9 43
187.216 0 6 1 1 0 1 6 2 9 43
187.444 0 7 1 1 0 1 7 2 8 43
188.202 0 8 1 1 0 1 8 2 7 43
190.509 0 7 1 1 0 1 7 2 8 43
191.303 0 8 1 1 0 1 8 2 7 43
195.311 0 7 1 1 0 1 7 2 8 43
195.817 0 6 1 1 0 1 6 2 9 43
197.528 0 5 1 1 0 1 5 2 10 43
199.36 0 5 1 1 1 2 4 2 10 43
199.381 0 4 1 1 1 2 3 2 11 43
199.646 0 3 1 1 1 2 2 2 12 43
200.432 0 3 1 1 1 1 2 1 12 44
201.976 0 2 1 1 1 1 1 1 13 44
202.722 0 3 1 1 1 1 2 1 12 44
203.192 0 4 1 1 1 1 3 1 11 44
203.656 0 5 1 1 1 1 4 1 10 44
206.215 0 6 1 1 1 1 5 1 9 44
207.024 0 7 1 1 1 1 6 1 8 44
207.901 0 8 1 1 1 1 7 1 7 44
209.665 0 7 1 1 1 1 6 1 8 44
210.689 0 6 1 1 1 1 5 1 9 44
211.327 0 5 1 1 1 1 4 1 10 44
213.108 0 5 0 0 1 2 4 1 10 44
214.48 0 6 0 0 1 2 5 1 9 44
215.905 0 6 0 0 1 1 5 0 9 45
216.219 0 5 0 0 1 1 4 0 10 45
217.218 0 6 0 0 1 1 5 0 9 45
218.698 0 5 0 0 1 1 4 0 10 45
219.734 0 4 0 0 1 1 3 0 11 45
221.553 0 5 0 0 1 1 4 0 10 45
221.931 0 4 0 0 1 1 3 0 11 45
229.814 0 3 0 0 1 1 2 0 12 45
230.264 0 4 0 0 1 1 3 0 11 45
230.596 0 5 0 0 1 1 4 0 10 45
232.348 0 4 0 0 1 1 3 0 11 45
233.873 0 5 0 0 1 1 4 0 10 45
235.569 0 4 0 0 1 1 3 0 11 45
241.348 0 5 0 0 1 1 4 0 10 45
245.207 0 6 0 0 1 1 5 0 9 45
246.588 0 7 0 0 1 1 6 0 8 45
246.727 0 6 0 0 1 1 5 0 9 45
247.179 0 6 0 0 2 2 4 0 9 45
247.697 0 5 0 0 2 2 3 0 10 45
248.883 0 4 0 0 1 2 3 1 10 45
251.558 0 5 0 0 1 2 4 1 9 45
252.428 0 4 0 0 1 2 3 1 10 45
258.911 0 5 0 0 1 2 4 1 9 45
263.358 0 6 0 0 1 2 5 1 8 45
265.673 0 7 0 0 1 2 6 1 7 45
268.315 0 7 0 0 2 3 5 1 7 45
274.641 0 7 1 1 2 2 5 1 7 45
275.695 0 6 1 1 2 2 4 1 8 45
276.193 1 7 1 1 1 2 4 1 8 45
279.244 1 8 1 1 1 2 5 1 7 45
286.411 1 7 1 1 0 2 5 2 7 45
288.073 1 8 1 1 0 2 6 2 6 45
288.364 1 7 1 1 0 2 5 2 7 45
289.821 1 7 1 1 0 1 5 1 7 46
292.043 1 8 1 1 0 1 6 1 6 46
292.375 1 7 1 1 0 1 5 1 7 46
292.833 1 6 1 1 0 1 4 1 8 46
293.928 1 7 1 1 0 1 5 1 7 46
299.494 1 8 1 1 0 1 6 1 6 46
300.206 1 7 1 1 0 1 5 1 7 46
301.196 1 8 1 1 0 1 6 1 6 46
301.376 1 7 1 1 0 1 5 1 7 46
302.928 1 6 1 1 0 1 4 1 8 46
303.008 1 5 1 1 0 1 3 1 9 46
303.272 1 5 0 0 0 2 3 1 9 46
303.356 1 6 0 0 0 2 4 1 8 46
304.147 1 5 0 0 0 2 3 1 9 46
304.597 1 6 0 0 0 2 4 1 8 46
306.226 1 5 0 0 0 2 3 1 9 46
306.245 1 6 0 0 0 2 4 1 8 46
310.866 1 7 0 0 0 2 5 1 7 46
313.679 1 8 0 0 0 2 6 1 6 46
316.045 1 9 0 0 0 2 7 1 5 46
316.64 1 8 0 0 0 2 6 1 6 46
318.098 1 7 0 0 0 2 5 1 7 46
319.206 1 8 0 0 0 2 6 1 6 46
324.018 1 7 0 0 0 2 5 1 7 46
325.2 1 6 0 0 0 2 4 1 8 46
325.713 1 6 1 1 0 1 4 1 8 46
326.808 1 7 1 1 0 1 5 1 7 46
327.85 1 6 1 1 0 1 4 1 8 46
329.079 1 5 1 1 0 1 3 1 9 46
329.481 1 5 1 1 0 0 3 0 9 47
330.404 1 4 1 1 0 0 2 0 10 47
331.943 1 5 1 1 0 0 3 0 9 47
332.15 1 6 1 1 0 0 4 0 8 47
333.796 1 6 0 0 0 1 4 0 8 47
335.441 1 7 0 0 0 1 5 0 7 47
335.773 0 6 0 0 1 1 5 0 7 47
336.032 0 5 0 0 1 1 4 0 8 47
338.346 1 6 0 0 0 1 4 0 8 47
342.396 1 5 0 0 0 1 3 0 9 47
342.933 1 6 0 0 0 1 4 0 8 47
343.394 1 7 0 0 0 1 5 0 7 47
348.272 1 6 0 0 0 1 4 0 8 47
351.758 1 7 0 0 0 1 5 0 7 47
352.026 1 8 0 0 0 1 6 0 6 47
352.403 1 8 0 0 1 2 5 0 6 47
352.407 1 7 0 0 1 2 4 0 7 47
352.568 1 6 0 0 0 2 4 1 7 47
357.73 1 7 0 0 0 2 5 1 6 47
361.871 1 6 0 0 0 2 4 1 7 47
362.066 1 7 0 0 0 2 5 1 6 47
365.627 1 8 0 0 0 2 6 1 5 47
366.456 1 8 0 0 0 3 6 2 5 46
366.559 1 9 0 0 0 3 7 2 4 46
367.809 0 8 0 0 1 3 7 2 4 46
369.616 0 7 0 0 1 3 6 2 5 46
370.214 0 6 0 0 1 3 5 2 6 46
370.833 0 7 0 0 1 3 6 2 5 46
372.235 0 8 0 0 1 3 7 2 4 46
373.717 0 7 0 0 1 3 6 2 5 46
374.643 0 6 0 0 1 3 5 2 6 46
374.772 1 7 0 0 0 3 5 2 6 46
375.756 1 8 0 0 0 3 6 2 5 46
380.415 1 8 0 0 0 2 6 1 5 47
381.088 1 7 0 0 0 2 5 1 6 47
384.871 1 7 0 0 0 1 5 0 6 48
385.651 1 6 0 0 0 1 4 0 7 48
388.268 1 5 0 0 0 1 3 0 8 48
391.502 1 4 0 0 0 1 2 0 9 48
396.245 1 5 0 0 0 1 3 0 8 48
399.242 1 6 0 0 0 1 4 0 7 48
399.773 1 7 0 0 0 1 5 0 6 48
401.259 1 6 0 0 0 1 4 0 7 48
402.092 1 7 0 0 0 1 5 0 6 48
404.229 1 7 0 0 0 2 5 1 6 47
408.529 1 8 0 0 0 2 6 1 5 47
411.946 0 7 0 0 1 2 6 1 5 47
413.483 0 7 1 1 1 1 6 1 5 47
413.766 0 6 1 1 1 1 5 1 6 47
416.203 0 5 1 1 0 1 5 2 6 47
417.475 0 4 1 1 0 1 4 2 7 47
425.019 0 3 1 1 0 1 3 2 8 47
426.185 0 4 1 1 0 1 4 2 7 47
428.042 0 5 1 1 0 1 5 2 6 47
429.39 0 6 1 1 0 1 6 2 5 47
430.782 0 7 1 1 0 1 7 2 4 47
439.748 0 6 1 1 0 1 6 2 5 47
440.313 0 5 1 1 0 1 5 2 6 47
441.004 0 5 1 1 0 0 5 1 6 48
443.907 0 4 1 1 0 0 4 1 7 48
446.155 0 5 1 1 0 0 5 1 6 48
446.409 0 6 1 1 0 0 6 1 5 48
448.402 0 5 1 1 0 0 5 1 6 48
452.405 0 4 1 1 0 0 4 1 7 48
453.285 0 5 1 1 0 0 5 1 6 48
454.058 0 4 1 1 0 0 4 1 7 48
454.52 0 5 1 1 0 0 5 1 6 48
456.212 0 5 1 1 1 1 4 1 6 48
461.522 0 6 1 1 1 1 5 1 5 48
463.663 0 6 1 1 2 2 4 1 5 48
464.748 0 7 1 1 2 2 5 1 4 48
466.084 0 6 1 1 1 2 5 2 4 48
470.517 0 5 1 1 1 2 4 2 5 48
480.168 0 6 1 1 1 2 5 2 4 48
481.116 0 5 1 1 1 2 4 2 5 48
481.4 0 5 1 1 0 1 5 2 5 48
482.309 0 6 1 1 0 1 6 2 4 48
483.534 0 5 1 1 0 1 5 2 5 48
490.27 0 6 1 1 0 1 6 2 4 48
492.815 0 7 1 1 0 1 7 2 3 48
495.842 0 6 1 1 0 1 6 2 4 48
502.595 0 5 1 1 0 1 5 2 5 48
503.176 0 5 1 1 1 2 4 2 5 48
504.67 0 6 1 1 1 2 5 2 4 48
506.102 0 7 1 1 1 2 6 2 3 48
507.285 0 7 1 1 0 1 7 2 3 48
508.033 0 8 1 1 0 1 8 2 2 48
508.899 0 7 1 1 0 1 7 2 3 48
512.623 0 6 1 1 0 1 6 2 4 48
513.708 0 7 1 1 0 1 7 2 3 48
513.908 0 6 1 1 0 1 6 2 4 48
514.443 0 6 1 1 0 0 6 1 4 49
517.61 0 5 1 1 0 0 5 1 5 49
518.724 0 4 1 1 0 0 4 1 6 49
525.939 0 5 1 1 0 0 5 1 5 49
532.621 0 4 1 1 0 0 4 1 6 49
532.72 0 3 1 1 0 0 3 1 7 49
536.314 0 4 1 1 0 0 4 1 6 49
537.562 0 5 1 1 0 0 5 1 5 49
538.79 0 4 1 1 0 0 4 1 6 49
540.073 0 3 1 1 0 0 3 1 7 49
545.88 0 4 1 1 0 0 4 1 6 49
553.722 0 5 1 1 0 0 5 1 5 49
560.524 0 4 1 1 0 0 4 1 6 49
563.709 0 5 1 1 0 0 5 1 5 49
563.864 0 4 1 1 0 0 4 1 6 49
569.4 0 5 1 1 0 0 5 1 5 49
569.972 0 4 1 1 0 0 4 1 6 49
578.32 0 5 1 1 0 0 5 1 5 49
579.265 0 4 1 1 0 0 4 1 6 49
581.907 0 5 1 1 0 0 5 1 5 49
584.238 0 4 1 1 0 0 4 1 6 49
584.605 0 5 1 1 0 0 5 1 5 49
590.372 0 5 1 1 1 1 4 1 5 49
591.991 0 6 1 1 1 1 5 1 4 49
592.937 0 5 1 1 1 1 4 1 5 49
593.34 0 6 1 1 1 1 5 1 4 49
595.069 0 7 1 1 1 1 6 1 3 49
596.307 0 6 1 1 1 1 5 1 4 49
601.148 0 7 1 1 1 1 6 1 3 49
604.343 0 6 1 1 1 1 5 1 4 49
610.353 0 5 1 1 1 1 4 1 5 49
611.005 0 6 1 1 1 1 5 1 4 49
611.739 0 7 1 1 1 1 6 1 3 49
613.951 0 6 1 1 1 1 5 1 4 49
614.08 0 7 1 1 1 1 6 1 3 49
617.461 0 6 1 1 1 1 5 1 4 49
623.635 0 5 1 1 1 1 4 1 5 49
630.846 0 4 1 1 1 1 3 1 6 49
632.34 0 5 1 1 1 1 4 1 5 49
632.636 0 4 1 1 1 1 3 1 6 49
633.59 0 5 1 1 1 1 4 1 5 49
633.625 0 4 1 1 1 1 3 1 6 49
634.813 0 5 1 1 1 1 4 1 5 49
635.852 0 6 1 1 1 1 5 1 4 49
638.16 0 7 1 1 1 1 6 1 3 49
638.633 0 6 1 1 1 1 5 1 4 49
642.731 0 5 1 1 0 1 5 2 4 49
646.264 0 6 1 1 0 1 6 2 3 49
648.669 0 5 1 1 0 1 5 2 4 49
652.237 0 4 1 1 0 1 4 2 5 49
656.128 0 4 2 2 0 0 4 2 5 49
657.443 0 3 2 2 0 0 3 2 6 49
659.85 0 4 2 2 0 0 4 2 5 49
662.018 0 4 1 1 0 1 4 2 5 49
666.193 0 3 1 1 0 1 3 2 6 49
670.858 0 4 1 1 0 1 4 2 5 49
678.23 0 3 1 1 0 1 3 2 6 49
687.072 0 4 1 1 0 1 4 2 5 49
688.093 0 5 1 1 0 1 5 2 4 49
690.207 0 4 1 1 0 1 4 2 5 49
692.046 0 3 1 1 0 1 3 2 6 49
694.613 0 4 1 1 0 1 4 2 5 49
695.433 0 5 1 1 0 1 5 2 4 49
697.123 0 4 1 1 0 1 4 2 5 49
701.214 0 5 1 1 0 1 5 2 4 49
703.688 0 4 1 1 0 1 4 2 5 49
708.593 0 4 0 0 0 2 4 2 5 49
709.214 0 5 0 0 0 2 5 2 4 49
710.14 0 4 0 0 0 2 4 2 5 49
711.347 0 5 0 0 0 2 5 2 4 49
712.569 0 6 0 0 0 2 6 2 3 49
712.961 0 6 0 0 1 3 5 2 3 49
718.758 0 7 0 0 1 3 6 2 2 49
720.407 1 8 0 0 0 3 6 2 2 49
721.302 1 8 0 0 1 4 5 2 2 49
721.679 1 8 0 0 0 3 6 2 2 49
727.051 1 7 0 0 0 3 5 2 3 49
727.538 1 8 0 0 0 3 6 2 2 49
727.734 1 7 0 0 0 3 5 2 3 49
727.971 1 6 0 0 0 3 4 2 4 49
734.088 1 5 0 0 0 3 3 2 5 49
735.257 1 4 0 0 0 3 2 2 6 49
738.584 1 4 0 0 1 4 1 2 6 49
738.909 1 5 0 0 2 4 1 1 6 49
739.699 2 6 0 0 1 4 1 1 6 49
739.962 2 5 0 0 1 4 0 1 7 49
742.197 2 6 0 0 1 4 1 1 6 49
742.271 2 6 0 0 1 3 1 0 6 50
743.415 2 5 0 0 0 3 1 1 6 50
748.28 1 4 0 0 1 3 1 1 6 50
752.723 1 5 0 0 1 3 2 1 5 50
755.607 1 4 0 0 1 3 1 1 6 50
760.426 1 4 0 0 0 2 2 1 6 50
773.671 0 3 0 0 1 2 2 1 6 50
776.513 0 4 0 0 1 2 3 1 5 50
781.308 1 5 0 0 0 2 3 1 5 50
786.254 1 6 0 0 0 2 4 1 4 50
787.225 1 5 0 0 0 2 3 1 5 50
791.638 1 6 0 0 0 2 4 1 4 50
793.86 1 7 0 0 0 2 5 1 3 50
800.74 1 6 0 0 0 2 4 1 4 50
805.369 1 5 0 0 0 2 3 1 5 50
805.392 1 4 0 0 0 2 2 1 6 50
806.01 1 5 0 0 0 2 3 1 5 50
808.088 1 6 0 0 1 2 3 0 5 50
808.623 1 7 0 0 1 2 4 0 4 50
808.794 0 6 0 0 2 2 4 0 4 50
809.094 0 5 0 0 2 2 3 0 5 50
813.161 0 6 0 0 2 2 4 0 4 50
817.558 0 5 0 0 1 2 4 1 4 50
818.203 0 4 0 0 1 2 3 1 5 50
818.269 0 5 0 0 1 2 4 1 4 50
824.668 0 6 0 0 1 2 5 1 3 50
826.873 0 5 0 0 1 2 4 1 4 50
831.145 0 6 0 0 1 2 5 1 3 50
835.514 0 5 0 0 1 2 4 1 4 50
843.33 0 4 0 0 1 2 3 1 5 50
844.651 0 4 0 0 0 1 4 1 5 50
847.47 0 4 0 0 1 2 3 1 5 50
848.724 0 5 0 0 1 2 4 1 4 50
851.01 0 4 0 0 0 2 4 2 4 50
853.06 0 3 0 0 0 2 3 2 5 50
855.209 0 3 0 0 1 3 2 2 5 50
857.784 0 4 0 0 1 3 3 2 4 50
861.425 0 4 1 1 1 2 3 2 4 50
865.508 0 4 0 0 1 3 3 2 4 50
866.093 0 3 0 0 1 3 2 2 5 50
866.246 0 4 0 0 1 3 3 2 4 50
866.681 0 3 0 0 0 3 3 3 4 50
872.482 0 2 0 0 0 3 2 3 5 50
880.261 0 2 0 0 0 2 2 2 5 51
885.495 0 2 0 0 0 1 2 1 5 52
887.936 0 3 0 0 0 1 3 1 4 52
895.669 0 4 0 0 1 1 3 0 4 52
899.969 0 5 0 0 1 1 4 0 3 52
900.567 0 5 0 0 2 2 3 0 3 52
904.874 0 4 0 0 2 2 2 0 4 52
904.899 0 5 0 0 2 2 3 0 3 52
905.907 0 4 0 0 1 2 3 1 3 52
908.99 0 5 0 0 1 2 4 1 2 52
909.347 1 6 0 0 0 2 4 1 2 52
909.506 1 6 1 1 0 1 4 1 2 52
910.1 1 7 1 1 0 1 5 1 1 52
911.573 1 6 1 1 0 1 4 1 2 52
916.244 1 6 2 2 0 0 4 1 2 52
917.338 1 5 2 2 0 0 3 1 3 52
917.409 1 6 2 2 0 0 4 1 2 52
920.028 1 5 2 2 0 0 3 1 3 52
920.858 1 4 2 2 0 0 2 1 4 52
923.357 0 3 2 2 1 0 2 1 4 52
927.364 0 2 2 2 0 0 2 2 4 52
928.747 0 3 2 2 0 0 3 2 3 52
930.631 0 4 2 2 0 0 4 2 2 52
935.936 0 3 2 2 0 0 3 2 3 52
945.698 0 4 2 2 0 0 4 2 2 52
950.887 0 4 2 2 0 1 4 3 2 51
955.332 0 3 2 2 0 1 3 3 3 51
956.79 0 3 1 1 0 2 3 3 3 51
964.832 0 2 1 1 0 2 2 3 4 51
965.889 0 2 2 2 0 1 2 3 4 51
966.177 0 3 2 2 0 1 3 3 3 51
968.113 0 4 2 2 1 1 3 2 3 51
971.262 0 4 2 2 1 2 3 3 3 50
973.364 0 3 2 2 1 2 2 3 4 50
975.018 0 4 2 2 2 2 2 2 4 50
979.02 0 5 2 2 2 2 3 2 3 50
981.876 0 6 2 2 2 2 4 2 2 50
983.521 0 7 2 2 2 2 5 2 1 50
984.29 0 6 2 2 1 2 5 3 1 50
987.17 1 7 2 2 0 2 5 3 1 50
989.298 1 6 2 2 0 2 4 3 2 50
989.99 1 6 2 2 0 1 4 2 2 51
990.771 1 5 2 2 0 1 3 2 3 51
991.766 1 6 2 2 0 1 4 2 2 51
992.915 1 5 2 2 0 1 3 2 3 51
998.403 1 5 3 3 0 0 3 2 3 51
998.702 1 6 3 3 0 0 4 2 2 51
1000.57 1 6 2 2 0 1 4 2 2 51
1001.35 1 7 2 2 0 1 5 2 1 51
1003.48 1 6 2 2 0 1 4 2 2 51
1003.8 1 5 2 2 0 1 3 2 3 51
1008.72 1 5 1 1 0 2 3 2 3 51
1010.72 1 6 1 1 0 2 4 2 2 51
1017.12 1 5 1 1 0 2 3 2 3 51
1020.37 1 4 1 1 0 2 2 2 4 51
1020.66 1 5 1 1 0 2 3 2 3 51
1021.05 1 6 1 1 0 2 4 2 2 51
1024.05 1 6 1 1 0 1 4 1 2 52
1031.55 0 5 1 1 1 1 4 1 2 52
1033.87 0 5 1 1 2 2 3 1 2 52
1035.74 1 6 1 1 1 2 3 1 2 52
1038.94 1 5 1 1 1 2 2 1 3 52
1041.83 1 6 1 1 1 2 3 1 2 52
1042.92 1 6 0 0 1 3 3 1 2 52
1043.8 0 5 0 0 2 3 3 1 2 52
1046.01 0 5 0 0 2 2 3 0 2 53
1047.33 1 6 0 0 1 2 3 0 2 53
1048.15 1 6 0 0 0 1 4 0 2 53
1052.53 1 7 0 0 0 1 5 0 1 53
1055.62 1 6 0 0 0 1 4 0 2 53
1060.87 1 5 0 0 0 1 3 0 3 53
1065.56 0 4 0 0 1 1 3 0 3 53
1066.01 0 5 0 0 1 1 4 0 2 53
1067.25 0 6 0 0 1 1 5 0 1 53
1068.55 0 5 0 0 1 1 4 0 2 53
1069.79 0 4 0 0 1 1 3 0 3 53
1070.67 0 4 0 0 1 2 3 1 3 52
1072.69 0 3 0 0 1 2 2 1 4 52
1073.63 0 2 0 0 0 2 2 2 4 52
1078.65 0 3 0 0 0 2 3 2 3 52
1084.05 0 4 0 0 0 2 4 2 2 52
1094.21 0 5 0 0 1 2 4 1 2 52
1097.41 0 6 0 0 1 2 5 1 1 52
1104.79 0 5 0 0 1 2 4 1 2 52
1106.02 0 4 0 0 1 2 3 1 3 52
1111.77 0 5 0 0 1 2 4 1 2 52
1113.29 0 4 0 0 1 2 3 1 3 52
1113.57 1 5 0 0 0 2 3 1 3 52
1123.21 1 5 0 0 1 3 2 1 3 52
1125.49 1 6 0 0 1 3 3 1 2 52
1126.16 1 6 0 0 0 2 4 1 2 52
1126.7 1 5 0 0 0 2 3 1 3 52
1133.43 1 4 0 0 0 2 2 1 4 52
1134.54 1 5 0 0 0 2 3 1 3 52
1136.35 0 4 0 0 1 2 3 1 3 52
1139.65 0 5 0 0 1 2 4 1 2 52
1140.46 0 4 0 0 1 2 3 1 3 52
1141.44 0 3 0 0 1 2 2 1 4 52
1146.34 0 4 0 0 1 2 3 1 3 52
1147.58 0 5 0 0 1 2 4 1 2 52
1152.79 0 6 0 0 1 2 5 1 1 52
1153.5 1 7 0 0 0 2 5 1 1 52
1156.3 1 6 0 0 0 2 4 1 2 52
1160.23 1 5 0 0 0 2 3 1 3 52
1164.3 1 6 0 0 0 2 4 1 2 52
1172.33 0 5 0 0 1 2 4 1 2 52
1172.82 0 6 0 0 1 2 5 1 1 52
1174.04 0 7 0 0 2 2 5 0 1 52
1176.83 0 6 0 0 2 2 4 0 2 52
1177.16 0 7 0 0 2 2 5 0 1 52
1179.07 0 6 0 0 2 2 4 0 2 52
1180 0 5 0 0 2 2 3 0 3 52
1181.07 0 4 0 0 1 2 3 1 3 52
1185.59 0 5 0 0 1 2 4 1 2 52
1190.03 0 6 0 0 1 2 5 1 1 52
1190.49 0 5 0 0 1 2 4 1 2 52
1191.12 0 5 0 0 1 1 4 0 2 53
1197.15 0 4 0 0 1 1 3 0 3 53
1201.98 0 3 0 0 0 1 3 1 3 53
1205.33 0 4 0 0 0 1 4 1 2 53
1214.35 0 4 1 1 0 0 4 1 2 53
1216.42 0 4 1 1 0 1 4 2 2 52
1219.57 0 3 1 1 0 1 3 2 3 52
1219.8 0 4 1 1 0 1 4 2 2 52
1221.71 0 5 1 1 0 1 5 2 1 52
1223.8 0 5 0 0 0 2 5 2 1 52
1232.94 0 4 0 0 0 2 4 2 2 52
1239.56 0 5 0 0 0 2 5 2 1 52
1240.99 0 4 0 0 0 2 4 2 2 52
1242.52 0 5 0 0 0 2 5 2 1 52
1245.81 0 4 0 0 0 2 4 2 2 52
1250.77 0 3 0 0 0 2 3 2 3 52
1260.12 0 3 1 1 0 1 3 2 3 52
1265.32 0 3 1 1 0 0 3 1 3 53
1266.15 0 4 1 1 0 0 4 1 2 53
1266.4 0 4 1 1 0 1 4 2 2 52
1270.44 0 4 2 2 0 0 4 2 2 52
1270.67 0 5 2 2 0 0 5 2 1 52
1271.3 0 6 2 2 0 0 6 2 0 52
1273.25 0 5 2 2 0 0 5 2 1 52
1274.42 0 5 1 1 0 1 5 2 1 52
1277.1 0 5 1 1 1 2 4 2 1 52
1280.85 0 5 1 1 1 1 4 1 1 53
1283.19 0 6 1 1 1 1 5 1 0 53
1292.08 0 5 1 1 1 1 4 1 1 53
1292.87 0 4 1 1 1 1 3 1 2 53
1294.45 0 3 1 1 1 1 2 1 3 53
1296.73 0 4 1 1 1 1 3 1 2 53
1299.59 0 5 1 1 1 1 4 1 1 53
1306.24 0 4 1 1 1 1 3 1 2 53
1307.73 0 3 1 1 1 1 2 1 3 53
1312.88 0 3 1 1 0 0 3 1 3 53
1314.88 0 2 1 1 0 0 2 1 4 53
1315.74 0 3 1 1 0 0 3 1 3 53
1325.74 0 2 1 1 0 0 2 1 4 53
1326.02 0 3 1 1 0 0 3 1 3 53
1330.33 0 3 1 1 1 1 2 1 3 53
1332.39 0 4 1 1 1 1 3 1 2 53
1345.86 0 3 1 1 1 1 2 1 3 53
1347.83 0 2 1 1 1 1 1 1 4 53
1353.22 0 3 1 1 1 1 2 1 3 53
1356.23 0 4 1 1 2 1 2 0 3 53
1358.77 0 3 1 1 2 1 1 0 4 53
1359.95 0 4 1 1 2 1 2 0 3 53
1360.07 0 5 1 1 2 1 3 0 2 53
1363.87 1 6 1 1 1 1 3 0 2 53
1363.97 1 5 1 1 0 1 3 1 2 53
1365.38 1 5 2 2 0 0 3 1 2 53
1366.04 1 4 2 2 0 0 2 1 3 53
1374.35 1 4 2 2 0 1 2 2 3 52
1374.74 0 3 2 2 1 1 2 2 3 52
1375.48 0 2 2 2 0 1 2 3 3 52
1378.58 0 3 2 2 0 1 3 3 2 52
1394.16 0 3 3 3 0 0 3 3 2 52
1396.54 0 4 3 3 0 0 4 3 1 52
1398.44 0 5 3 3 0 0 5 3 0 52
1406.77 0 5 2 2 0 1 5 3 0 52
1407.46 0 4 2 2 0 1 4 3 1 52
1414.12 0 3 2 2 0 1 3 3 2 52
1416.83 0 2 2 2 0 1 2 3 3 52
1420.64 0 3 2 2 0 1 3 3 2 52
1421.62 0 2 2 2 0 1 2 3 3 52
1425.46 0 3 2 2 0 1 3 3 2 52
1443.54 0 2 2 2 0 1 2 3 3 52
1460.43 0 1 2 2 0 1 1 3 4 52
1466.78 0 2 2 2 1 1 1 2 4 52
1472.28 0 2 1 1 1 2 1 2 4 52
1477.5 0 3 1 1 1 2 2 2 3 52
1480.17 0 2 1 1 0 2 2 3 3 52
1486.11 0 1 1 1 0 2 1 3 4 52
1486.45 0 2 1 1 0 2 2 3 3 52
1486.96 0 2 1 1 0 3 2 4 3 51
1487.16 0 3 1 1 0 3 3 4 2 51
1489.04 0 2 1 1 0 3 2 4 3 51
1493.75 0 1 1 1 0 3 1 4 4 51
1498.12 0 2 1 1 0 3 2 4 3 51
1498.45 0 1 1 1 0 3 1 4 4 51
1509.19 0 1 1 1 0 2 1 3 4 52
1511.73 0 0 1 1 0 2 0 3 5 52
1513.86 0 1 1 1 0 2 1 3 4 52
1520.43 0 2 1 1 0 2 2 3 3 52
1523.54 0 2 1 1 1 3 1 3 3 52
1524.19 0 3 1 1 1 3 2 3 2 52
1530.33 0 3 1 1 1 2 2 2 2 53
1530.41 0 3 1 1 1 1 2 1 2 54
1535.96 0 4 1 1 1 1 3 1 1 54
1542.44 0 3 1 1 1 1 2 1 2 54
1542.97 0 2 1 1 1 1 1 1 3 54
1543.44 0 3 1 1 1 1 2 1 2 54
1549.51 0 2 1 1 1 1 1 1 3 54
1552.63 0 3 1 1 1 1 2 1 2 54
1553.67 1 4 1 1 0 1 2 1 2 54
1556.14 1 5 1 1 0 1 3 1 1 54
1557.3 0 4 1 1 1 1 3 1 1 54
1557.79 0 3 1 1 1 1 2 1 2 54
1559.56 0 2 1 1 1 1 1 1 3 54
1570.68 0 1 1 1 0 1 1 2 3 54
1574.54 0 2 1 1 1 1 1 1 3 54
1575.14 0 3 1 1 1 1 2 1 2 54
1582.38 0 4 1 1 1 1 3 1 1 54
1594.35 0 3 1 1 0 1 3 2 1 54
1595.93 0 2 1 1 0 1 2 2 2 54
1597.54 0 3 1 1 0 1 3 2 1 54
1601.88 0 4 1 1 0 1 4 2 0 54
1612.83 0 4 2 2 0 0 4 2 0 54
1613.76 0 3 2 2 0 0 3 2 1 54
1620.32 0 4 2 2 0 0 4 2 0 54
1631.57 0 5 2 2 1 0 4 1 0 54
1634.26 0 5 2 2 2 1 3 1 0 54
1642.41 0 4 2 2 2 1 2 1 1 54
1648.27 0 4 2 2 3 2 1 1 1 54
1650.54 0 3 2 2 2 2 1 2 1 54
1650.68 0 3 1 1 2 3 1 2 1 54
1655.46 0 4 1 1 2 3 2 2 0 54
1656.7 0 3 1 1 1 3 2 3 0 54
1658.03 0 3 2 2 1 2 2 3 0 54
1670.25 0 3 2 2 1 1 2 2 0 55
1685.32 0 3 2 2 2 2 1 2 0 55
1693.31 0 3 2 2 2 1 1 1 0 56
1697.02 0 2 2 2 2 1 0 1 1 56
1703.36 0 1 2 2 1 1 0 2 1 56
1703.64 0 2 2 2 1 1 1 2 0 56
1736.61 0 2 1 1 1 2 1 2 0 56
1739.94 0 2 1 1 1 1 1 1 0 57
1740.29 0 2 2 2 1 0 1 1 0 57
1741.31 0 2 1 1 1 1 1 1 0 57
1748.49 0 1 1 1 0 1 1 2 0 57
1758.34 0 1 2 2 0 0 1 2 0 57
1771.48 0 2 2 2 1 0 1 1 0 57
1783.26 0 2 1 1 1 1 1 1 0 57
1796.36 0 2 0 0 1 2 1 1 0 57
1797.57 0 1 0 0 0 2 1 2 0 57
1804.97 0 1 0 0 0 3 1 3 0 56
1817.35 0 1 1 1 0 2 1 3 0 56
1823.28 0 2 1 1 1 2 1 2 0 56
1823.33 0 3 1 1 2 2 1 1 0 56
1838.43 0 4 1 1 3 2 1 0 0 56
1841.18 0 4 1 1 2 1 2 0 0 56
1858.83 0 3 1 1 2 1 1 0 1 56
1861.97 0 3 0 0 2 2 1 0 1 56
1862.79 1 4 0 0 1 2 1 0 1 56
1872.37 1 3 0 0 1 2 0 0 2 56
1873.08 1 4 0 0 1 2 1 0 1 56
1874.14 1 3 0 0 1 2 0 0 2 56
1878.63 1 3 0 0 0 1 1 0 2 56
1885.4 1 4 0 0 0 1 2 0 1 56
1896.57 1 3 0 0 0 1 1 0 2 56
1913.24 1 4 0 0 0 1 2 0 1 56
1923.1 1 3 0 0 0 1 1 0 2 56
1929.35 1 4 0 0 0 1 2 0 1 56
1971.57 1 3 0 0 0 1 1 0 2 56
1975.57 0 2 0 0 1 1 1 0 2 56
1982.38 0 1 0 0 1 1 0 0 3 56
1995.71 0 2 0 0 1 1 1 0 2 56
2005.25 0 3 0 0 1 1 2 0 1 56
2011.11 0 2 0 0 1 1 1 0 2 56
2022.03 0 3 0 0 1 1 2 0 1 56
2026.96 0 2 0 0 1 1 1 0 2 56
2035.28 1 3 0 0 0 1 1 0 2 56
2042 1 4 0 0 0 1 2 0 1 56
2047.17 1 5 0 0 0 1 3 0 0 56
2050.39 1 4 0 0 0 1 2 0 1 56
2064.55 1 4 0 0 1 2 1 0 1 56
2069.53 1 3 0 0 1 2 0 0 2 56
2069.61 1 4 0 0 1 2 1 0 1 56
2081.6 1 4 0 0 1 3 1 1 1 55
2087.01 1 4 1 1 1 2 1 1 1 55
2100.9 1 4 2 2 1 1 1 1 1 55
2101.74 1 4 1 1 1 2 1 1 1 55
2111.91 0 3 1 1 2 2 1 1 1 55
2112.26 1 4 1 1 1 2 1 1 1 55
2119.17 1 4 0 0 1 3 1 1 1 55
2127.2 1 4 1 1 1 2 1 1 1 55
2133.62 1 3 1 1 0 2 1 2 1 55
2151.9 1 4 1 1 0 2 2 2 0 55
2158.98 1 3 1 1 0 2 1 2 1 55
2163.06 1 4 1 1 1 2 1 1 1 55
2170.72 2 5 1 1 0 2 1 1 1 55
2173.67 2 5 1 1 0 1 1 0 1 56
2195.5 2 4 1 1 0 1 0 0 2 56
2200.39 1 3 1 1 1 1 0 0 2 56
2204.51 1 4 1 1 1 1 1 0 1 56
2205.36 2 5 1 1 0 1 1 0 1 56
2209.66 2 5 2 2 0 0 1 0 1 56
2210.98 2 4 2 2 0 0 0 0 2 56
2212.24 2 5 2 2 0 0 1 0 1 56
2222.31 1 4 2 2 1 0 1 0 1 56
2223.13 1 4 1 1 1 1 1 0 1 56
2224.56 0 3 1 1 2 1 1 0 1 56
2225.77 0 4 1 1 2 1 2 0 0 56
2226.86 0 4 1 1 1 0 3 0 0 56
2233.15 0 3 1 1 1 0 2 0 1 56
2233.39 1 4 1 1 0 0 2 0 1 56
2233.48 1 3 1 1 0 0 1 0 2 56
2246.09 0 2 1 1 1 0 1 0 2 56
2267.86 0 3 1 1 1 0 2 0 1 56
2281.24 1 4 1 1 0 0 2 0 1 56
2286.48 0 3 1 1 1 0 2 0 1 56
2299.32 0 3 1 1 1 1 2 1 1 55
2301.18 0 3 1 1 1 2 2 2 1 54
2303.9 1 4 1 1 0 2 2 2 1 54
2305.83 1 4 1 1 1 3 1 2 1 54
2307.78 1 4 1 1 1 2 1 1 1 55
2323.24 1 3 1 1 0 2 1 2 1 55
2325.78 1 4 1 1 1 2 1 1 1 55
2332.9 1 3 1 1 0 2 1 2 1 55
2333.16 1 3 2 2 0 1 1 2 1 55
2334.44 1 4 2 2 1 1 1 1 1 55
2342.9 1 5 2 2 1 1 2 1 0 55
2346.33 1 4 2 2 1 1 1 1 1 55
2347.3 1 3 2 2 0 1 1 2 1 55
2365.77 1 3 2 2 0 2 1 3 1 54
2377.46 1 3 2 2 0 1 1 2 1 55
2416.56 1 3 1 1 0 2 1 2 1 55
2421.18 1 4 1 1 0 2 2 2 0 55
2429.9 0 3 1 1 1 2 2 2 0 55
2436.9 0 4 1 1 2 2 2 1 0 55
2438.12 0 4 2 2 2 1 2 1 0 55
2441.88 1 5 2 2 1 1 2 1 0 55
2447.39 0 4 2 2 2 1 2 1 0 55
2449.3 0 3 2 2 1 1 2 2 0 55
2452.53 0 3 2 2 1 0 2 1 0 56
2469.42 0 2 2 2 1 0 1 1 1 56
2474.32 0 1 2 2 1 0 0 1 2 56
2486.38 0 1 2 2 1 1 0 2 2 55
2488.88 0 1 1 1 1 2 0 2 2 55
2492.88 0 2 1 1 1 2 1 2 1 55
2492.97 0 2 2 2 1 1 1 2 1 55
2501.95 0 2 2 2 1 2 1 3 1 54
2502.78 0 3 2 2 1 2 2 3 0 54
2504.23 0 3 1 1 1 3 2 3 0 54
2505.49 0 3 0 0 1 4 2 3 0 54
2505.72 0 3 0 0 1 3 2 2 0 55
2506.32 0 2 0 0 0 3 2 3 0 55
2514.14 0 1 0 0 0 3 1 3 1 55
2518.78 0 2 0 0 1 3 1 2 1 55
2520.89 0 2 0 0 0 2 2 2 1 55
2525.36 0 3 0 0 0 2 3 2 0 55
2531.36 0 2 0 0 0 2 2 2 1 55
2554.51 0 3 0 0 0 2 3 2 0 55
2576.23 0 3 1 1 0 1 3 2 0 55
2579.96 0 2 1 1 0 1 2 2 1 55
2587.61 0 3 1 1 0 1 3 2 0 55
2605.65 0 3 1 1 0 0 3 1 0 56
2611.03 0 4 1 1 1 0 3 0 0 56
2618.56 0 3 1 1 1 0 2 0 1 56
2618.76 0 3 0 0 1 1 2 0 1 56
2627.13 0 4 0 0 1 1 3 0 0 56
2631 0 3 0 0 1 1 2 0 1 56
2639.95 0 4 0 0 1 1 3 0 0 56
2646.42 1 5 0 0 0 1 3 0 0 56
2648.21 0 4 0 0 1 1 3 0 0 56
2649.93 0 3 0 0 1 1 2 0 1 56
2651.76 0 2 0 0 1 1 1 0 2 56
2659.89 0 3 0 0 1 1 2 0 1 56
2661.77 0 2 0 0 0 1 2 1 1 56
2668.78 0 2 1 1 0 0 2 1 1 56
2670.07 0 3 1 1 1 0 2 0 1 56
2670.34 0 3 1 1 1 1 2 1 1 55
2674.79 1 4 1 1 0 1 2 1 1 55
2675.43 1 5 1 1 0 1 3 1 0 55
2676.3 1 5 1 1 1 2 2 1 0 55
2677.15 0 4 1 1 2 2 2 1 0 55
2678.2 0 3 1 1 2 2 1 1 1 55
2683.4 0 3 1 1 1 1 2 1 1 55
2694.56 0 3 1 1 2 2 1 1 1 55
2695.67 0 4 1 1 2 2 2 1 0 55
2697.34 0 3 1 1 1 2 2 2 0 55
2707.79 0 2 1 1 0 2 2 3 0 55
2710.29 0 2 1 1 0 1 2 2 0 56
2725.14 0 2 1 1 0 0 2 1 0 57
2727.92 0 3 1 1 1 0 2 0 0 57
2729.59 1 4 1 1 0 0 2 0 0 57
2734.06 1 3 1 1 0 0 1 0 1 57
2737.71 0 2 1 1 1 0 1 0 1 57
2748.52 0 3 1 1 1 0 2 0 0 57
2749.96 0 2 1 1 1 0 1 0 1 57
2757.6 0 3 1 1 1 0 2 0 0 57
2768.22 0 2 1 1 1 0 1 0 1 57
2806.32 0 3 1 1 1 0 2 0 0 57
2817.4 0 2 1 1 1 0 1 0 1 57
2828.76 0 1 1 1 1 0 0 0 2 57
2854.66 0 1 0 0 1 1 0 0 2 57
2858.55 1 2 0 0 0 1 0 0 2 57
2866.86 1 3 0 0 0 1 1 0 1 57
2870.69 1 4 0 0 0 1 2 0 0 57
2872.51 1 3 0 0 0 1 1 0 1 57
2881.02 1 4 0 0 0 1 2 0 0 57
2893.01 0 3 0 0 1 1 2 0 0 57
2900 0 3 0 0 1 2 2 1 0 56
2913.45 0 3 1 1 1 1 2 1 0 56
2917.58 0 3 1 1 1 2 2 2 0 55
2917.6 0 3 1 1 0 1 3 2 0 55
2920.57 0 2 1 1 0 1 2 2 1 55
2930.04 0 3 1 1 0 1 3 2 0 55
2930.16 0 3 1 1 0 0 3 1 0 56
2931.49 0 2 1 1 0 0 2 1 1 56
2934.96 0 2 1 1 0 1 2 2 1 55
2944.01 0 2 1 1 0 0 2 1 1 56
2963.97 0 3 1 1 0 0 3 1 0 56
2967.28 0 4 1 1 1 0 3 0 0 56
2972.04 0 3 1 1 1 0 2 0 1 56
2979.1 0 4 1 1 1 0 3 0 0 56
2989.69 0 3 1 1 0 0 3 1 0 56
2990.06 0 2 1 1 0 0 2 1 1 56
2995.24 0 1 1 1 0 0 1 1 2 56
2995.24 0 1 1 1 0 0 1 1 2 56
