0 60 120 60 60 0 0 0 0 0 0
0.00268875 59 119 60 60 1 0 0 0 0 0
0.0355548 58 118 60 60 2 0 0 0 0 0
0.0584324 57 117 60 60 3 0 0 0 0 0
0.0804408 56 116 60 60 4 0 0 0 0 0
0.10392 56 116 59 59 4 1 0 0 0 0
0.105252 56 116 58 58 4 2 0 0 0 0
0.110487 55 115 58 58 5 2 0 0 0 0
0.129776 54 114 58 58 6 2 0 0 0 0
0.144742 53 113 58 58 7 2 0 0 0 0
0.15255 52 112 58 58 8 2 0 0 0 0
0.166235 52 111 58 58 7 2 0 1 0 0
0.168242 52 111 57 57 7 3 0 1 0 0
0.193578 52 110 57 57 6 3 0 2 0 0
0.221669 51 109 57 57 7 3 0 2 0 0
0.223601 50 108 57 57 8 3 0 2 0 0
0.238703 50 108 56 56 8 4 0 2 0 0
0.25616 49 107 56 56 9 4 0 2 0 0
0.30971 48 106 56 56 10 4 0 2 0 0
0.311256 47 105 56 56 11 4 0 2 0 0
0.319674 46 104 56 56 12 4 0 2 0 0
0.3808 45 103 56 56 13 4 0 2 0 0
0.383167 45 103 55 55 13 5 0 2 0 0
0.46919 44 102 55 55 14 5 0 2 0 0
0.473582 43 101 55 55 15 5 0 2 0 0
0.504838 42 100 55 55 16 5 0 2 0 0
0.513356 42 100 54 54 16 6 0 2 0 0
0.535932 41 99 54 54 17 6 0 2 0 0
0.559661 40 98 54 54 18 6 0 2 0 0
0.574706 39 97 54 54 19 6 0 2 0 0
0.580255 38 96 54 54 20 6 0 2 0 0
0.591521 37 95 54 54 21 6 0 2 0 0
0.592426 37 94 54 54 20 6 0 3 0 0
0.60444 37 93 54 54 19 6 0 4 0 0
0.626542 36 92 54 54 20 6 0 4 0 0
0.655838 36 91 54 54 19 6 0 5 0 0
0.66965 35 90 54 54 20 6 0 5 0 0
0.690052 34 89 54 54 21 6 0 5 0 0
0.692164 33 88 54 54 22 6 0 5 0 0
0.708565 33 88 53 53 22 7 0 5 0 0
0.716384 33 88 52 52 22 8 0 5 0 0
0.717279 32 87 52 52 23 8 0 5 0 0
0.781914 31 86 52 52 24 8 0 5 0 0
0.789261 30 85 52 52 25 8 0 5 0 0
0.79891 29 84 52 52 26 8 0 5 0 0
0.807912 28 83 52 52 27 8 0 5 0 0
0.828982 27 82 52 52 28 8 0 5 0 0
0.848189 26 81 52 52 29 8 0 5 0 0
0.849807 26 80 52 52 28 8 0 6 0 0
0.877138 25 79 52 52 29 8 0 6 0 0
0.905458 25 79 51 51 29 9 0 6 0 0
0.97566 25 79 51 51 28 8 1 6 0 0
0.985143 25 79 50 50 28 9 1 6 0 0
0.985328 25 79 49 49 28 10 1 6 0 0
0.993923 25 79 48 48 28 11 1 6 0 0
1.03332 25 79 47 47 28 12 1 6 0 0
1.03512 24 78 47 47 29 12 1 6 0 0
1.04847 24 77 47 47 28 12 1 7 0 0
1.07479 23 76 47 47 29 12 1 7 0 0
1.10915 23 75 47 47 28 12 1 8 0 0
1.13861 23 74 47 47 27 12 1 9 0 0
1.17598 23 74 46 46 27 13 1 9 0 0
1.17754 23 74 45 45 27 14 1 9 0 0
1.18109 23 73 45 45 26 14 1 10 0 0
1.2024 22 72 45 45 27 14 1 10 0 0
1.27633 22 72 45 45 26 13 2 10 0 0
1.29144 21 71 45 45 27 13 2 10 0 0
1.31855 20 70 45 45 28 13 2 10 0 0
1.33964 20 70 44 44 28 14 2 10 0 0
1.34997 19 69 44 44 29 14 2 10 0 0
1.35881 19 68 44 44 28 14 2 11 0 0
1.38361 19 68 44 44 27 13 3 11 0 0
1.38651 19 67 44 44 26 13 3 12 0 0
1.40133 18 66 44 44 27 13 3 12 0 0
1.4643 18 65 44 44 26 13 3 13 0 0
1.53766 18 65 43 43 26 14 3 13 0 0
1.55235 18 65 42 42 26 15 3 13 0 0
1.55451 18 65 41 41 26 16 3 13 0 0
1.56084 18 64 41 41 25 16 3 14 0 0
1.589 17 63 41 41 26 16 3 14 0 0
1.59271 17 63 40 40 26 17 3 14 0 0
1.59852 17 63 39 39 26 18 3 14 0 0
1.61989 16 62 39 39 27 18 3 14 0 0
1.63726 16 61 39 39 26 18 3 15 0 0
1.66138 15 60 39 39 27 18 3 15 0 0
1.66348 14 59 39 39 28 18 3 15 0 0
1.66427 14 59 38 38 28 19 3 15 0 0
1.6736 14 58 38 38 27 19 3 16 0 0
1.7245 14 58 37 37 27 20 3 16 0 0
1.82173 14 58 36 36 27 21 3 16 0 0
1.92902 13 57 36 36 28 21 3 16 0 0
1.94447 13 56 36 36 28 21 2 16 1 0
1.97786 13 56 36 36 27 20 3 16 1 0
2.05118 12 55 36 36 28 20 3 16 1 0
2.08955 12 55 35 35 28 21 3 16 1 0
2.12708 12 55 34 34 28 22 3 16 1 0
2.13279 11 54 34 34 29 22 3 16 1 0
2.15137 11 54 33 33 29 23 3 16 1 0
2.19807 10 53 33 33 30 23 3 16 1 0
2.25658 10 52 33 33 29 23 3 17 1 0
2.29927 9 51 33 33 30 23 3 17 1 0
2.30776 9 51 32 32 30 24 3 17 1 0
2.33971 9 51 32 32 29 23 4 17 1 0
2.41539 9 50 32 32 29 23 3 17 2 0
2.42426 9 50 31 31 29 24 3 17 2 0
2.43132 9 49 31 31 28 24 3 18 2 0
2.48189 9 49 31 31 27 23 4 18 2 0
2.51515 9 48 31 31 26 23 4 19 2 0
2.51785 9 48 31 31 25 22 5 19 2 0
2.53138 9 48 30 30 25 23 5 19 2 0
2.53409 9 49 30 30 26 23 5 18 2 0
2.56892 9 48 30 30 25 23 5 19 2 0
2.65278 9 48 30 30 25 22 5 18 2 1
2.76057 9 48 29 29 25 23 5 18 2 1
2.89419 9 48 28 28 25 24 5 18 2 1
2.89454 9 48 27 27 25 25 5 18 2 1
2.9395 9 47 27 27 24 25 5 19 2 1
2.96329 9 46 27 27 23 25 5 20 2 1
3.01716 9 45 27 27 22 25 5 21 2 1
3.07452 8 44 27 27 23 25 5 21 2 1
3.08418 7 43 27 27 24 25 5 21 2 1
3.09191 6 42 27 27 25 25 5 21 2 1
3.12306 6 42 26 26 25 26 5 21 2 1
3.1444 6 42 26 26 24 25 6 21 2 1
3.15901 6 42 26 26 23 24 7 21 2 1
3.1797 6 41 26 26 22 24 7 22 2 1
3.23494 5 40 26 26 23 24 7 22 2 1
3.27526 5 40 26 26 22 23 8 22 2 1
3.27806 5 39 26 26 22 23 7 22 3 1
3.29301 6 40 26 26 21 23 7 22 3 1
3.31091 6 39 26 26 20 23 7 23 3 1
3.37213 6 39 27 27 20 22 7 23 3 1
3.40666 6 39 27 27 20 21 7 22 3 2
3.42559 6 38 27 27 19 21 7 23 3 2
3.46329 6 38 27 27 19 20 7 22 3 3
3.47668 6 38 26 26 19 21 7 22 3 3
3.47802 6 37 26 26 18 21 7 23 3 3
3.54398 6 37 26 26 17 20 8 23 3 3
3.55479 6 37 26 26 17 19 8 22 3 4
3.56406 6 36 26 26 17 19 7 22 4 4
3.66422 6 36 26 26 16 18 8 22 4 4
3.76806 6 36 26 26 15 17 9 22 4 4
3.81255 6 35 26 26 15 17 8 22 5 4
3.82341 6 35 26 26 14 16 9 22 5 4
4.08447 6 34 26 26 14 16 8 22 6 4
4.14583 6 33 26 26 13 16 8 23 6 4
4.22904 6 32 26 26 12 16 8 24 6 4
4.25456 6 31 26 26 11 16 8 25 6 4
4.30729 6 31 25 25 11 17 8 25 6 4
4.35659 6 31 25 25 11 16 8 24 6 5
4.44842 6 31 24 24 11 17 8 24 6 5
4.57483 6 31 23 23 11 18 8 24 6 5
4.58761 6 31 23 23 10 17 9 24 6 5
4.6153 6 30 23 23 9 17 9 25 6 5
4.70167 6 29 23 23 9 17 8 25 7 5
4.83645 6 28 23 23 9 17 7 25 8 5
4.83853 6 28 22 22 9 18 7 25 8 5
4.8461 6 28 22 22 8 17 8 25 8 5
4.85676 6 28 22 22 8 16 8 24 8 6
4.87203 6 28 22 22 8 15 8 23 8 7
4.97592 6 28 21 21 8 16 8 23 8 7
5.02259 6 27 21 21 8 16 7 23 9 7
5.03864 6 27 20 20 8 17 7 23 9 7
5.14516 6 27 19 19 8 18 7 23 9 7
5.19132 6 27 19 19 8 17 7 22 9 8
5.34265 6 27 19 19 8 16 7 21 9 9
5.81308 6 27 18 18 8 17 7 21 9 9
6.04918 6 27 18 18 8 16 7 20 9 10
6.0737 6 27 18 18 8 15 7 19 9 11
6.14708 5 26 18 18 9 15 7 19 9 11
6.27842 5 25 18 18 8 15 7 20 9 11
6.34199 5 25 17 17 8 16 7 20 9 11
6.34619 5 24 17 17 8 16 6 20 10 11
6.38843 5 24 17 17 8 15 6 19 10 12
6.5773 5 23 17 17 8 15 5 19 11 12
6.61511 5 22 17 17 8 15 4 19 12 12
6.65768 5 22 16 16 8 16 4 19 12 12
7.10032 5 21 16 16 7 16 4 20 12 12
7.17591 5 21 15 15 7 17 4 20 12 12
7.20227 5 21 14 14 7 18 4 20 12 12
7.50418 5 22 14 14 8 18 4 19 12 12
7.50709 4 21 14 14 9 18 4 19 12 12
7.63664 3 20 14 14 10 18 4 19 12 12
7.64547 3 20 13 13 10 19 4 19 12 12
7.6703 3 19 13 13 10 19 3 19 13 12
7.87177 3 19 12 12 10 20 3 19 13 12
8.23379 3 19 12 12 10 19 3 18 13 13
8.37655 2 18 12 12 11 19 3 18 13 13
8.59379 1 17 12 12 12 19 3 18 13 13
8.61515 1 16 12 12 12 19 2 18 14 13
8.70434 1 16 12 12 12 18 2 17 14 14
8.72885 1 16 12 12 11 17 3 17 14 14
8.75083 1 16 12 12 11 16 3 16 14 15
8.79817 1 15 12 12 11 16 2 16 15 15
9.06523 1 14 12 12 10 16 2 17 15 15
9.16759 1 14 12 12 9 15 3 17 15 15
9.27342 1 13 12 12 8 15 3 18 15 15
9.45084 1 13 13 13 8 14 3 18 15 15
9.5513 1 13 13 13 7 13 4 18 15 15
9.55485 1 12 13 13 7 13 3 18 16 15
9.62295 1 12 12 12 7 14 3 18 16 15
9.77004 1 12 12 12 7 13 3 17 16 16
9.7891 1 12 12 12 7 12 3 16 16 17
9.84731 1 12 11 11 7 13 3 16 16 17
9.89911 1 12 11 11 7 12 3 15 16 18
10.0723 1 12 11 11 6 11 4 15 16 18
10.4896 1 12 11 11 5 10 5 15 16 18
10.6666 0 11 11 11 6 10 5 15 16 18
11.1316 0 11 10 10 6 11 5 15 16 18
11.344 0 10 10 10 6 11 4 15 17 18
11.4163 0 11 10 10 6 11 5 15 16 18
11.5455 0 11 10 10 5 10 6 15 16 18
11.7556 0 12 10 10 5 10 7 15 15 18
12.2356 0 13 10 10 6 10 7 14 15 18
12.5917 0 13 9 9 6 11 7 14 15 18
12.8308 0 14 9 9 6 11 8 14 14 18
13.108 1 15 9 9 5 11 8 14 14 18
13.2029 1 15 9 9 4 10 9 14 14 18
13.3276 1 14 9 9 4 10 8 14 15 18
13.6338 1 13 9 9 4 10 7 14 16 18
14.7439 1 13 9 9 4 9 7 13 16 19
14.861 1 13 8 8 4 10 7 13 16 19
15.7803 1 13 7 7 4 11 7 13 16 19
16.2219 1 13 7 7 3 10 8 13 16 19
16.5253 1 13 7 7 3 9 8 12 16 20
16.7327 1 13 6 6 3 10 8 12 16 20
16.9102 1 13 5 5 3 11 8 12 16 20
17.2038 0 12 5 5 4 11 8 12 16 20
18.1757 0 12 5 5 4 10 8 11 16 21
20.6647 0 11 5 5 4 10 7 11 17 21
20.8103 0 10 5 5 3 10 7 12 17 21
21.4116 0 11 5 5 3 10 8 12 16 21
21.9847 0 12 5 5 3 10 9 12 15 21
22.5912 0 12 6 6 3 9 9 12 15 21
23.0363 0 11 6 6 2 9 9 13 15 21
23.6881 0 10 6 6 2 9 8 13 16 21
24.2782 0 11 6 6 2 9 9 13 15 21
24.5545 0 10 6 6 2 9 8 13 16 21
24.5753 0 10 6 6 2 8 8 12 16 22
24.9165 0 9 6 6 2 8 7 12 17 22
25.4518 0 10 6 6 2 8 8 12 16 22
25.8129 0 11 6 6 2 8 9 12 15 22
27.2231 0 11 6 6 3 9 8 12 15 22
27.2891 0 11 5 5 3 10 8 12 15 22
27.707 0 12 5 5 3 10 9 12 14 22
28.0725 0 13 5 5 3 10 10 12 13 22
28.583 0 13 5 5 3 9 10 11 13 23
28.6201 0 12 5 5 3 9 9 11 14 23
28.983 0 12 4 4 3 10 9 11 14 23
29.6152 0 12 4 4 3 9 9 10 14 24
29.8728 0 11 4 4 3 9 8 10 15 24
29.92 0 11 4 4 3 8 8 9 15 25
30.8071 0 10 4 4 3 8 7 9 16 25
30.8417 0 10 4 4 2 7 8 9 16 25
30.8485 0 9 4 4 2 7 7 9 17 25
31.3561 0 8 4 4 2 7 6 9 18 25
32.0457 0 9 4 4 2 7 7 9 17 25
33.3042 0 8 4 4 2 7 6 9 18 25
33.6383 0 9 4 4 2 7 7 9 17 25
34.1586 0 10 4 4 2 7 8 9 16 25
34.3039 0 10 5 5 2 6 8 9 16 25
34.4297 0 11 5 5 2 6 9 9 15 25
35.1763 0 11 5 5 2 5 9 8 15 26
35.7354 0 11 5 5 2 4 9 7 15 27
35.9084 0 10 5 5 2 4 8 7 16 27
36.9049 0 9 5 5 2 4 7 7 17 27
37.0457 0 9 4 4 2 5 7 7 17 27
37.1051 0 10 4 4 2 5 8 7 16 27
37.6258 0 11 4 4 2 5 9 7 15 27
37.6444 0 10 4 4 2 5 8 7 16 27
38.613 0 9 4 4 2 5 7 7 17 27
38.8883 0 8 4 4 1 5 7 8 17 27
40.4868 0 9 4 4 1 5 8 8 16 27
40.6812 0 9 4 4 1 4 8 7 16 28
40.9967 0 9 3 3 1 5 8 7 16 28
41.5307 0 8 3 3 1 5 7 7 17 28
41.7267 0 7 3 3 1 5 6 7 18 28
42.6432 0 8 3 3 1 5 7 7 17 28
42.7519 0 8 4 4 1 4 7 7 17 28
43.2446 0 8 5 5 1 3 7 7 17 28
45.3361 0 9 5 5 1 3 8 7 16 28
45.5027 0 10 5 5 1 3 9 7 15 28
45.7325 0 10 5 5 2 4 8 7 15 28
45.9096 0 10 4 4 2 5 8 7 15 28
46.2991 0 10 4 4 3 6 7 7 15 28
46.7492 1 11 4 4 2 6 7 7 15 28
49.1291 0 10 4 4 3 6 7 7 15 28
50.4069 0 10 4 4 2 5 8 7 15 28
50.5805 0 11 4 4 2 5 9 7 14 28
50.7782 0 10 4 4 2 5 8 7 15 28
50.8605 0 10 4 4 1 4 9 7 15 28
51.0994 0 10 4 4 1 3 9 6 15 29
51.8761 0 11 4 4 1 3 10 6 14 29
52.2405 0 10 4 4 1 3 9 6 15 29
52.6705 0 10 3 3 1 4 9 6 15 29
52.9022 0 10 3 3 1 3 9 5 15 30
53.2012 0 9 3 3 1 3 8 5 16 30
53.9099 0 8 3 3 1 3 7 5 17 30
55.5334 0 7 3 3 1 3 6 5 18 30
56.3554 0 8 3 3 1 3 7 5 17 30
56.5468 0 9 3 3 1 3 8 5 16 30
57.4898 0 10 3 3 1 3 9 5 15 30
57.6311 0 9 3 3 1 3 8 5 16 30
57.732 0 9 3 3 1 2 8 4 16 31
59.1851 1 10 3 3 0 2 8 4 16 31
59.2926 1 10 3 3 0 3 8 5 16 30
59.5929 1 10 3 3 0 2 8 4 16 31
59.9585 1 11 3 3 0 2 9 4 15 31
60.4881 1 10 3 3 0 2 8 4 16 31
62.5757 1 11 3 3 0 2 9 4 15 31
63.931 1 12 3 3 0 2 10 4 14 31
64.3729 1 13 3 3 0 2 11 4 13 31
65.3063 1 14 3 3 0 2 12 4 12 31
66.7383 1 13 3 3 0 2 11 4 13 31
66.7791 1 12 3 3 0 2 10 4 14 31
66.8407 1 13 3 3 0 2 11 4 13 31
67.776 1 12 3 3 0 2 10 4 14 31
68.2129 1 13 3 3 1 2 10 3 14 31
68.59 1 12 3 3 1 2 9 3 15 31
68.9784 1 12 3 3 1 1 9 2 15 32
69.0464 1 11 3 3 1 1 8 2 16 32
69.3449 1 10 3 3 0 1 8 3 16 32
69.4203 1 9 3 3 0 1 7 3 17 32
70.0381 1 8 3 3 0 1 6 3 18 32
70.9064 1 9 3 3 0 1 7 3 17 32
71.89 1 9 3 3 0 0 7 2 17 33
73.0245 1 10 3 3 0 0 8 2 16 33
74.0813 1 9 3 3 0 0 7 2 17 33
74.4794 1 8 3 3 0 0 6 2 18 33
74.7482 1 9 3 3 0 0 7 2 17 33
75.0139 1 10 3 3 0 0 8 2 16 33
76.0715 1 11 3 3 0 0 9 2 15 33
76.2233 1 12 3 3 0 0 10 2 14 33
76.2902 1 11 3 3 0 0 9 2 15 33
78.0041 1 10 3 3 0 0 8 2 16 33
78.0436 1 11 3 3 0 0 9 2 15 33
78.1969 1 10 3 3 0 0 8 2 16 33
78.696 1 11 3 3 0 0 9 2 15 33
78.8272 1 12 3 3 0 0 10 2 14 33
80.6663 1 11 3 3 0 0 9 2 15 33
81.1522 1 10 3 3 0 0 8 2 16 33
81.4373 1 11 3 3 0 0 9 2 15 33
82.8906 1 12 3 3 0 0 10 2 14 33
83.9388 1 13 3 3 0 0 11 2 13 33
84.7515 1 14 3 3 0 0 12 2 12 33
85.4107 1 15 3 3 0 0 13 2 11 33
85.6779 1 14 3 3 0 0 12 2 12 33
85.7421 1 13 3 3 0 0 11 2 13 33
86.4919 1 14 3 3 0 0 12 2 12 33
86.6888 1 13 3 3 0 0 11 2 13 33
87.6027 1 12 3 3 0 0 10 2 14 33
88.2814 0 11 3 3 1 0 10 2 14 33
89.2651 0 12 3 3 1 0 11 2 13 33
89.467 0 11 3 3 1 0 10 2 14 33
89.5758 0 12 3 3 1 0 11 2 13 33
90.414 0 11 3 3 1 0 10 2 14 33
91.7994 0 12 3 3 1 0 11 2 13 33
93.1878 0 11 3 3 1 0 10 2 14 33
93.2709 0 10 3 3 1 0 9 2 15 33
93.2726 0 9 3 3 1 0 8 2 16 33
94.4274 0 8 3 3 1 0 7 2 17 33
96.3383 0 9 3 3 1 0 8 2 16 33
96.4852 0 9 3 3 1 1 8 3 16 32
97.7295 0 8 3 3 1 1 7 3 17 32
97.9311 0 9 3 3 1 1 8 3 16 32
98.5044 0 10 3 3 2 1 8 2 16 32
98.9431 0 11 3 3 2 1 9 2 15 32
102.004 0 12 3 3 2 1 10 2 14 32
102.223 0 13 3 3 2 1 11 2 13 32
102.327 0 12 3 3 2 1 10 2 14 32
102.728 0 11 3 3 2 1 9 2 15 32
102.803 1 12 3 3 1 1 9 2 15 32
105.019 1 13 3 3 2 1 9 1 15 32
105.086 1 14 3 3 2 1 10 1 14 32
105.71 1 15 3 3 2 1 11 1 13 32
107.167 1 14 3 3 2 1 10 1 14 32
108.06 1 13 3 3 2 1 9 1 15 32
108.652 0 12 3 3 3 1 9 1 15 32
109.752 0 11 3 3 2 1 9 2 15 32
111.13 0 12 3 3 2 1 10 2 14 32
111.62 0 11 3 3 1 1 10 3 14 32
111.668 0 12 3 3 1 1 11 3 13 32
112.196 0 13 3 3 1 1 12 3 12 32
112.366 0 12 3 3 1 1 11 3 13 32
112.608 0 11 3 3 1 1 10 3 14 32
112.895 0 10 3 3 1 1 9 3 15 32
113.21 0 9 3 3 0 1 9 4 15 32
113.378 0 10 3 3 0 1 10 4 14 32
113.837 0 11 3 3 0 1 11 4 13 32
114.199 0 12 3 3 0 1 12 4 12 32
114.529 0 11 3 3 0 1 11 4 13 32
115.213 0 12 3 3 0 1 12 4 12 32
115.364 0 12 4 4 0 0 12 4 12 32
115.528 0 13 4 4 0 0 13 4 11 32
116.299 0 14 4 4 0 0 14 4 10 32
116.372 0 13 4 4 0 0 13 4 11 32
116.787 0 14 4 4 0 0 14 4 10 32
117.003 0 15 4 4 0 0 15 4 9 32
117.145 0 14 4 4 0 0 14 4 10 32
117.151 0 13 4 4 0 0 13 4 11 32
117.183 0 12 4 4 0 0 12 4 12 32
117.514 0 11 4 4 0 0 11 4 13 32
118.691 0 10 4 4 0 0 10 4 14 32
119.67 0 11 4 4 0 0 11 4 13 32
121.328 0 12 4 4 0 0 12 4 12 32
121.718 0 11 4 4 0 0 11 4 13 32
122.227 0 12 4 4 0 0 12 4 12 32
122.754 0 11 4 4 0 0 11 4 13 32
123.109 0 10 4 4 0 0 10 4 14 32
124.369 0 11 4 4 0 0 11 4 13 32
126.236 0 11 3 3 0 1 11 4 13 32
126.68 0 10 3 3 0 1 10 4 14 32
126.81 0 9 3 3 0 1 9 4 15 32
127.501 0 9 3 3 1 2 8 4 15 32
127.954 0 8 3 3 1 2 7 4 16 32
127.975 1 9 3 3 0 2 7 4 16 32
130.559 1 10 3 3 0 2 8 4 15 32
132.421 1 9 3 3 0 2 7 4 16 32
132.473 1 8 3 3 0 2 6 4 17 32
132.559 0 7 3 3 1 2 6 4 17 32
134.101 1 8 3 3 0 2 6 4 17 32
134.43 1 9 3 3 0 2 7 4 16 32
135.36 1 9 2 2 0 3 7 4 16 32
135.467 1 10 2 2 0 3 8 4 15 32
136.408 0 9 2 2 1 3 8 4 15 32
136.653 0 8 2 2 1 3 7 4 16 32
138.646 0 7 2 2 1 3 6 4 17 32
138.772 0 8 2 2 1 3 7 4 16 32
139.517 0 7 2 2 1 3 6 4 17 32
140.129 0 8 2 2 1 3 7 4 16 32
140.435 0 8 2 2 1 2 7 3 16 33
141.14 0 9 2 2 1 2 8 3 15 33
144.34 0 9 2 2 1 1 8 2 15 34
144.402 0 10 2 2 1 1 9 2 14 34
144.526 0 11 2 2 1 1 10 2 13 34
144.546 0 11 1 1 1 2 10 2 13 34
145.48 1 12 1 1 0 2 10 2 13 34
145.766 1 11 1 1 0 2 9 2 14 34
145.978 1 10 1 1 0 2 8 2 15 34
146.6 0 9 1 1 1 2 8 2 15 34
147.065 0 8 1 1 1 2 7 2 16 34
147.986 0 9 1 1 1 2 8 2 15 34
148.717 0 8 1 1 1 2 7 2 16 34
149.214 0 9 1 1 1 2 8 2 15 34
149.784 0 8 1 1 1 2 7 2 16 34
150.036 0 7 1 1 1 2 6 2 17 34
150.645 0 6 1 1 1 2 5 2 18 34
150.746 0 7 1 1 1 2 6 2 17 34
151.078 0 8 1 1 1 2 7 2 16 34
151.693 0 9 1 1 1 2 8 2 15 34
152.029 0 8 1 1 0 2 8 3 15 34
152.536 0 9 1 1 0 2 9 3 14 34
154.298 0 8 1 1 0 2 8 3 15 34
154.956 0 9 1 1 0 2 9 3 14 34
155.204 0 10 1 1 0 2 10 3 13 34
155.294 0 9 1 1 0 2 9 3 14 34
157.081 0 8 1 1 0 2 8 3 15 34
157.116 0 9 1 1 0 2 9 3 14 34
157.762 0 9 1 1 0 1 9 2 14 35
158.711 0 10 1 1 0 1 10 2 13 35
159.121 0 9 1 1 0 1 9 2 14 35
160.809 0 8 1 1 0 1 8 2 15 35
162.015 0 7 1 1 0 1 7 2 16 35
162.423 0 8 1 1 1 1 7 1 16 35
162.538 0 7 1 1 1 1 6 1 17 35
163.146 0 8 1 1 1 1 7 1 16 35
163.55 0 7 1 1 1 1 6 1 17 35
164.311 0 8 1 1 1 1 7 1 16 35
165.308 0 9 1 1 1 1 8 1 15 35
165.692 0 8 1 1 1 1 7 1 16 35
165.794 0 9 1 1 1 1 8 1 15 35
166.583 0 8 1 1 1 1 7 1 16 35
166.824 0 7 1 1 1 1 6 1 17 35
167.434 0 6 1 1 1 1 5 1 18 35
167.555 0 7 1 1 1 1 6 1 17 35
169.189 0 8 1 1 1 1 7 1 16 35
169.216 0 7 1 1 1 1 6 1 17 35
169.699 0 6 1 1 1 1 5 1 18 35
170.707 0 6 1 1 1 0 5 0 18 36
172.273 0 5 1 1 0 0 5 1 18 36
173.207 0 6 1 1 0 0 6 1 17 36
173.436 0 5 1 1 0 0 5 1 18 36
173.556 0 6 1 1 0 0 6 1 17 36
173.702 0 5 1 1 0 0 5 1 18 36
175.44 0 6 1 1 0 0 6 1 17 36
176.704 0 5 1 1 0 0 5 1 18 36
180.505 0 6 1 1 0 0 6 1 17 36
182.671 0 7 1 1 0 0 7 1 16 36
185.267 0 8 1 1 0 0 8 1 15 36
188.241 0 9 1 1 0 0 9 1 14 36
188.735 0 8 1 1 0 0 8 1 15 36
189.475 0 9 1 1 0 0 9 1 14 36
189.958 0 8 1 1 0 0 8 1 15 36
190.174 0 9 1 1 0 0 9 1 14 36
191.044 0 8 1 1 0 0 8 1 15 36
192.42 0 9 1 1 0 0 9 1 14 36
192.584 0 8 1 1 0 0 8 1 15 36
192.627 0 9 1 1 0 0 9 1 14 36
193.563 0 10 1 1 0 0 10 1 13 36
193.574 0 9 1 1 0 0 9 1 14 36
194.501 0 8 1 1 0 0 8 1 15 36
194.81 0 7 1 1 0 0 7 1 16 36
198.049 0 8 1 1 0 0 8 1 15 36
199.556 0 7 1 1 0 0 7 1 16 36
200.142 0 6 1 1 0 0 6 1 17 36
202.61 0 5 1 1 0 0 5 1 18 36
203.437 0 6 1 1 0 0 6 1 17 36
203.841 0 5 1 1 0 0 5 1 18 36
204.319 0 6 1 1 0 0 6 1 17 36
207.442 0 5 1 1 0 0 5 1 18 36
208.169 0 6 1 1 0 0 6 1 17 36
208.289 0 7 1 1 0 0 7 1 16 36
209.326 0 8 1 1 0 0 8 1 15 36
211.381 0 9 1 1 0 0 9 1 14 36
211.706 0 8 1 1 0 0 8 1 15 36
212.813 0 7 1 1 0 0 7 1 16 36
213.715 0 6 1 1 0 0 6 1 17 36
214.622 0 7 1 1 0 0 7 1 16 36
214.693 0 8 1 1 0 0 8 1 15 36
215.173 0 9 1 1 0 0 9 1 14 36
215.235 0 10 1 1 0 0 10 1 13 36
215.564 0 9 1 1 0 0 9 1 14 36
216.595 0 8 1 1 0 0 8 1 15 36
217.211 0 9 1 1 1 0 8 0 15 36
217.327 0 10 1 1 1 0 9 0 14 36
219.724 0 9 1 1 1 0 8 0 15 36
219.804 0 10 1 1 1 0 9 0 14 36
219.97 0 9 1 1 1 0 8 0 15 36
220.156 0 10 1 1 1 0 9 0 14 36
223.211 0 9 1 1 1 0 8 0 15 36
225.917 0 8 1 1 1 0 7 0 16 36
226.472 0 8 1 1 2 1 6 0 16 36
227.324 0 8 1 1 1 0 7 0 16 36
227.371 0 7 1 1 1 0 6 0 17 36
227.766 0 8 1 1 1 0 7 0 16 36
227.921 0 9 1 1 1 0 8 0 15 36
228.99 0 8 1 1 0 0 8 1 15 36
231.772 0 9 1 1 0 0 9 1 14 36
231.878 0 10 1 1 0 0 10 1 13 36
232.287 0 11 1 1 0 0 11 1 12 36
233.506 0 10 1 1 0 0 10 1 13 36
234.852 0 9 1 1 0 0 9 1 14 36
235.301 0 9 0 0 0 1 9 1 14 36
236.125 0 8 0 0 0 1 8 1 15 36
236.185 0 7 0 0 0 1 7 1 16 36
236.272 0 8 0 0 1 1 7 0 16 36
236.526 0 8 0 0 2 2 6 0 16 36
237.24 0 7 0 0 2 2 5 0 17 36
237.941 0 7 1 1 2 1 5 0 17 36
238.633 0 6 1 1 2 1 4 0 18 36
238.658 0 6 1 1 3 2 3 0 18 36
238.898 0 5 1 1 2 2 3 1 18 36
239.054 0 6 1 1 2 2 4 1 17 36
239.185 0 7 1 1 2 2 5 1 16 36
239.99 0 8 1 1 2 2 6 1 15 36
240.585 0 9 1 1 2 2 7 1 14 36
242.221 0 10 1 1 2 2 8 1 13 36
242.451 0 11 1 1 2 2 9 1 12 36
242.682 0 10 1 1 2 2 8 1 13 36
244.072 0 11 1 1 2 2 9 1 12 36
244.483 0 10 1 1 2 2 8 1 13 36
244.822 0 9 1 1 2 2 7 1 14 36
245.301 0 8 1 1 2 2 6 1 15 36
245.957 0 7 1 1 2 2 5 1 16 36
246.61 0 8 1 1 3 2 5 0 16 36
247.905 0 8 2 2 3 1 5 0 16 36
248.868 0 8 2 2 2 0 6 0 16 36
249.116 0 7 2 2 2 0 5 0 17 36
249.246 0 8 2 2 2 0 6 0 16 36
249.272 0 7 2 2 2 0 5 0 17 36
251.252 0 8 2 2 2 0 6 0 16 36
251.29 0 7 2 2 2 0 5 0 17 36
252.844 0 8 2 2 2 0 6 0 16 36
255.958 0 9 2 2 2 0 7 0 15 36
256.103 0 8 2 2 2 0 6 0 16 36
256.587 0 7 2 2 1 0 6 1 16 36
257.868 0 6 2 2 1 0 5 1 17 36
258.219 0 7 2 2 1 0 6 1 16 36
259.317 0 6 2 2 1 0 5 1 17 36
259.411 0 7 2 2 1 0 6 1 16 36
261.022 0 6 2 2 1 0 5 1 17 36
262.16 0 7 2 2 1 0 6 1 16 36
263.926 0 6 2 2 1 0 5 1 17 36
264.219 0 5 2 2 1 0 4 1 18 36
264.521 0 6 2 2 1 0 5 1 17 36
265.588 0 7 2 2 1 0 6 1 16 36
267.083 0 6 2 2 1 0 5 1 17 36
268.893 0 7 2 2 1 0 6 1 16 36
272.087 0 6 2 2 1 0 5 1 17 36
273.158 0 7 2 2 1 0 6 1 16 36
274.025 0 8 2 2 1 0 7 1 15 36
275.195 0 9 2 2 1 0 8 1 14 36
276.542 0 9 1 1 1 1 8 1 14 36
277.019 0 9 1 1 2 2 7 1 14 36
278.22 0 8 1 1 1 2 7 2 14 36
279.029 0 7 1 1 0 2 7 3 14 36
279.478 0 8 1 1 0 2 8 3 13 36
284.184 0 9 1 1 0 2 9 3 12 36
284.27 0 10 1 1 0 2 10 3 11 36
284.361 0 11 1 1 0 2 11 3 10 36
284.848 0 10 1 1 0 2 10 3 11 36
285.271 0 11 1 1 0 2 11 3 10 36
285.624 0 12 1 1 0 2 12 3 9 36
286.699 0 11 1 1 0 2 11 3 10 36
289.614 0 10 1 1 0 2 10 3 11 36
290.092 0 9 1 1 0 2 9 3 12 36
290.615 0 10 1 1 0 2 10 3 11 36
292.029 0 11 1 1 0 2 11 3 10 36
292.131 0 12 1 1 0 2 12 3 9 36
292.867 0 11 1 1 0 2 11 3 10 36
293.878 0 12 1 1 0 2 12 3 9 36
294.256 0 13 1 1 0 2 13 3 8 36
294.63 0 12 1 1 0 2 12 3 9 36
294.831 0 11 1 1 0 2 11 3 10 36
295.601 0 10 1 1 0 2 10 3 11 36
297.274 0 11 1 1 0 2 11 3 10 36
297.344 0 11 1 1 1 3 10 3 10 36
297.685 0 10 1 1 1 3 9 3 11 36
298.211 0 11 1 1 1 3 10 3 10 36
299.378 0 10 1 1 1 3 9 3 11 36
300.095 0 11 1 1 1 3 10 3 10 36
300.111 0 12 1 1 1 3 11 3 9 36
300.446 0 11 1 1 1 3 10 3 10 36
300.678 0 10 1 1 1 3 9 3 11 36
300.754 0 9 1 1 1 3 8 3 12 36
301.217 0 8 1 1 1 3 7 3 13 36
301.413 0 7 1 1 1 3 6 3 14 36
304.149 0 6 1 1 0 3 6 4 14 36
304.507 0 7 1 1 0 3 7 4 13 36
304.745 0 6 1 1 0 3 6 4 14 36
305.654 0 7 1 1 0 3 7 4 13 36
305.72 0 6 1 1 0 3 6 4 14 36
306.213 0 7 1 1 0 3 7 4 13 36
306.352 0 6 1 1 0 3 6 4 14 36
307.437 0 5 1 1 0 3 5 4 15 36
307.901 0 6 1 1 0 3 6 4 14 36
308.13 0 7 1 1 0 3 7 4 13 36
308.467 0 7 1 1 0 2 7 3 13 37
308.711 0 7 1 1 0 1 7 2 13 38
308.87 0 8 1 1 0 1 8 2 12 38
309.616 0 7 1 1 0 1 7 2 13 38
309.784 0 6 1 1 0 1 6 2 14 38
310.429 0 7 1 1 0 1 7 2 13 38
310.931 0 6 1 1 0 1 6 2 14 38
311.322 0 7 1 1 0 1 7 2 13 38
312.41 0 6 1 1 0 1 6 2 14 38
313.693 0 5 1 1 0 1 5 2 15 38
314.583 0 5 1 1 0 2 5 3 15 37
314.742 0 6 1 1 0 2 6 3 14 37
317.065 0 5 1 1 0 2 5 3 15 37
318.062 0 6 1 1 0 2 6 3 14 37
322.688 0 5 1 1 0 2 5 3 15 37
323.666 0 6 1 1 0 2 6 3 14 37
324.142 0 5 1 1 0 2 5 3 15 37
326.299 0 6 1 1 0 2 6 3 14 37
326.344 0 7 1 1 0 2 7 3 13 37
326.358 0 8 1 1 0 2 8 3 12 37
326.388 0 9 1 1 0 2 9 3 11 37
326.646 0 9 1 1 1 3 8 3 11 37
326.739 0 8 1 1 0 3 8 4 11 37
329.576 0 7 1 1 0 3 7 4 12 37
330.03 0 7 1 1 0 2 7 3 12 38
330.583 0 6 1 1 0 2 6 3 13 38
331.689 0 7 1 1 0 2 7 3 12 38
332.37 0 8 1 1 0 2 8 3 11 38
332.673 0 8 1 1 0 3 8 4 11 37
333.689 0 9 1 1 0 3 9 4 10 37
334.889 0 10 1 1 0 3 10 4 9 37
335.444 0 11 1 1 0 3 11 4 8 37
337.431 0 11 1 1 0 2 11 3 8 38
338.023 0 10 1 1 0 2 10 3 9 38
338.913 0 9 1 1 0 2 9 3 10 38
339.059 0 8 1 1 0 2 8 3 11 38
342.566 0 9 1 1 0 2 9 3 10 38
342.625 0 10 1 1 0 2 10 3 9 38
344.634 0 11 1 1 1 2 10 2 9 38
345.777 0 11 1 1 2 3 9 2 9 38
346.437 0 12 1 1 2 3 10 2 8 38
346.5 0 12 1 1 3 4 9 2 8 38
347.207 0 11 1 1 3 4 8 2 9 38
347.933 0 10 1 1 3 4 7 2 10 38
348.532 0 10 2 2 3 3 7 2 10 38
348.666 0 10 2 2 4 4 6 2 10 38
349.152 0 9 2 2 4 4 5 2 11 38
349.504 0 9 2 2 4 3 5 1 11 39
352.551 0 8 2 2 4 3 4 1 12 39
353.001 0 7 2 2 3 3 4 2 12 39
353.595 0 7 2 2 3 2 4 1 12 40
353.978 0 8 2 2 3 2 5 1 11 40
356.51 0 9 2 2 3 2 6 1 10 40
357.103 0 8 2 2 3 2 5 1 11 40
357.557 0 9 2 2 3 2 6 1 10 40
357.633 0 9 2 2 2 1 7 1 10 40
358.156 0 10 2 2 2 1 8 1 9 40
358.298 0 11 2 2 2 1 9 1 8 40
359.284 0 10 2 2 2 1 8 1 9 40
359.298 0 11 2 2 2 1 9 1 8 40
359.376 0 12 2 2 2 1 10 1 7 40
359.936 0 11 2 2 2 1 9 1 8 40
361.332 0 10 2 2 2 1 8 1 9 40
366.703 0 9 2 2 2 1 7 1 10 40
368.245 1 10 2 2 1 1 7 1 10 40
368.749 1 11 2 2 1 1 8 1 9 40
370.803 1 10 2 2 1 1 7 1 10 40
371.772 1 9 2 2 1 1 6 1 11 40
371.854 1 10 2 2 1 1 7 1 10 40
372.844 1 9 2 2 1 1 6 1 11 40
373.334 1 8 2 2 1 1 5 1 12 40
373.903 1 7 2 2 1 1 4 1 13 40
376.809 1 7 2 2 2 2 3 1 13 40
379.405 1 6 2 2 1 2 3 2 13 40
379.957 1 6 1 1 1 3 3 2 13 40
382.692 1 7 1 1 1 3 4 2 12 40
382.802 1 8 1 1 1 3 5 2 11 40
382.831 1 8 1 1 0 2 6 2 11 40
383.3 1 9 1 1 1 2 6 1 11 40
384.599 1 10 1 1 1 2 7 1 10 40
385.082 1 11 1 1 1 2 8 1 9 40
385.477 1 10 1 1 0 2 8 2 9 40
387.373 1 11 1 1 0 2 9 2 8 40
387.523 0 10 1 1 1 2 9 2 8 40
387.679 0 9 1 1 1 2 8 2 9 40
388.159 0 8 1 1 1 2 7 2 10 40
389.053 0 7 1 1 1 2 6 2 11 40
389.561 0 7 1 1 2 3 5 2 11 40
390.026 0 8 1 1 2 3 6 2 10 40
390.133 0 7 1 1 2 3 5 2 11 40
390.325 0 7 1 1 1 2 6 2 11 40
390.505 0 8 1 1 1 2 7 2 10 40
391.086 0 9 1 1 1 2 8 2 9 40
391.266 0 8 1 1 1 2 7 2 10 40
391.496 0 7 1 1 1 2 6 2 11 40
394.099 0 6 1 1 0 2 6 3 11 40
394.151 0 7 1 1 0 2 7 3 10 40
397.372 0 6 1 1 0 2 6 3 11 40
397.85 0 7 1 1 0 2 7 3 10 40
400.18 0 7 1 1 1 3 6 3 10 40
402.987 0 8 1 1 1 3 7 3 9 40
402.996 0 8 1 1 1 2 7 2 9 41
403.03 0 9 1 1 1 2 8 2 8 41
406.088 0 9 1 1 1 1 8 1 8 42
407.075 0 10 1 1 1 1 9 1 7 42
407.142 0 9 1 1 1 1 8 1 8 42
407.18 0 10 1 1 1 1 9 1 7 42
407.192 0 9 1 1 1 1 8 1 8 42
407.694 0 10 1 1 1 1 9 1 7 42
407.913 0 9 1 1 1 1 8 1 8 42
407.993 0 10 1 1 1 1 9 1 7 42
408.171 0 11 1 1 1 1 10 1 6 42
408.557 0 12 1 1 1 1 11 1 5 42
408.57 0 11 1 1 1 1 10 1 6 42
408.749 0 10 1 1 1 1 9 1 7 42
408.881 0 11 1 1 1 1 10 1 6 42
408.978 0 12 1 1 1 1 11 1 5 42
409.642 0 13 1 1 1 1 12 1 4 42
410.111 0 12 1 1 1 1 11 1 5 42
410.653 0 13 1 1 1 1 12 1 4 42
411.251 0 12 1 1 1 1 11 1 5 42
412.794 0 11 1 1 1 1 10 1 6 42
414.104 0 10 1 1 1 1 9 1 7 42
414.175 0 11 1 1 1 1 10 1 6 42
414.23 0 10 1 1 0 1 10 2 6 42
415.515 0 11 1 1 0 1 11 2 5 42
415.92 0 10 1 1 0 1 10 2 6 42
416.194 0 9 1 1 0 1 9 2 7 42
416.197 0 10 1 1 0 1 10 2 6 42
416.701 0 11 1 1 0 1 11 2 5 42
416.823 0 10 1 1 0 1 10 2 6 42
417.167 0 10 1 1 1 2 9 2 6 42
418.215 0 9 1 1 1 2 8 2 7 42
418.705 0 10 1 1 1 2 9 2 6 42
419.205 0 9 1 1 1 2 8 2 7 42
419.539 0 9 0 0 1 3 8 2 7 42
420.169 0 10 0 0 1 3 9 2 6 42
421.051 0 10 1 1 1 2 9 2 6 42
421.073 0 9 1 1 1 2 8 2 7 42
421.622 0 10 1 1 1 2 9 2 6 42
424.766 0 11 1 1 1 2 10 2 5 42
424.976 0 10 1 1 1 2 9 2 6 42
425.018 0 9 1 1 1 2 8 2 7 42
425.098 0 10 1 1 1 2 9 2 6 42
426.32 0 9 1 1 1 2 8 2 7 42
426.606 0 8 1 1 1 2 7 2 8 42
426.619 0 7 1 1 1 2 6 2 9 42
426.747 0 6 1 1 1 2 5 2 10 42
427.496 0 7 1 1 1 2 6 2 9 42
429.958 0 6 1 1 1 2 5 2 10 42
430.563 0 7 1 1 1 2 6 2 9 42
432.795 0 6 1 1 1 2 5 2 10 42
433.234 0 7 1 1 1 2 6 2 9 42
433.31 0 8 1 1 1 2 7 2 8 42
433.471 0 7 1 1 0 2 7 3 8 42
434.105 0 8 1 1 0 2 8 3 7 42
435.223 0 7 1 1 0 2 7 3 8 42
435.974 0 6 1 1 0 2 6 3 9 42
436.073 0 6 1 1 1 3 5 3 9 42
437.67 0 5 1 1 1 3 4 3 10 42
443.57 0 4 1 1 1 3 3 3 11 42
445.172 0 4 0 0 1 4 3 3 11 42
446.095 0 4 0 0 1 3 3 2 11 43
447.927 0 3 0 0 1 3 2 2 12 43
448.334 0 4 0 0 1 3 3 2 11 43
450.353 0 5 0 0 1 3 4 2 10 43
452.001 0 6 0 0 1 3 5 2 9 43
452.678 0 5 0 0 1 3 4 2 10 43
458.681 0 6 0 0 1 3 5 2 9 43
459.04 0 7 0 0 1 3 6 2 8 43
462.062 0 6 0 0 1 3 5 2 9 43
462.386 0 6 1 1 1 2 5 2 9 43
462.718 0 5 1 1 0 2 5 3 9 43
463.004 0 6 1 1 0 2 6 3 8 43
463.237 0 5 1 1 0 2 5 3 9 43
463.345 0 6 1 1 0 2 6 3 8 43
465.719 0 5 1 1 0 2 5 3 9 43
465.931 0 6 1 1 0 2 6 3 8 43
466.879 0 5 1 1 0 2 5 3 9 43
467.136 0 5 1 1 0 1 5 2 9 44
467.858 0 4 1 1 0 1 4 2 10 44
468.403 0 4 0 0 0 2 4 2 10 44
469.347 0 5 0 0 0 2 5 2 9 44
473.786 0 6 0 0 0 2 6 2 8 44
473.89 0 7 0 0 0 2 7 2 7 44
474.857 0 6 0 0 0 2 6 2 8 44
477.069 0 5 0 0 0 2 5 2 9 44
478.193 0 4 0 0 0 2 4 2 10 44
478.934 0 5 0 0 0 2 5 2 9 44
479.368 0 6 0 0 0 2 6 2 8 44
480.436 0 7 0 0 0 2 7 2 7 44
481.741 0 8 0 0 0 2 8 2 6 44
489.36 0 7 0 0 0 2 7 2 7 44
490.46 0 7 0 0 0 1 7 1 7 45
491.56 0 6 0 0 0 1 6 1 8 45
491.812 0 5 0 0 0 1 5 1 9 45
493.239 0 6 0 0 0 1 6 1 8 45
496.285 0 5 0 0 0 1 5 1 9 45
496.3 0 4 0 0 0 1 4 1 10 45
497.029 0 5 0 0 0 1 5 1 9 45
501.27 0 4 0 0 0 1 4 1 10 45
501.342 0 5 0 0 0 1 5 1 9 45
502.57 0 6 0 0 0 1 6 1 8 45
504.109 0 5 0 0 0 1 5 1 9 45
504.392 0 4 0 0 0 1 4 1 10 45
505.036 0 5 0 0 0 1 5 1 9 45
505.22 0 4 0 0 0 1 4 1 10 45
509.829 0 5 0 0 0 1 5 1 9 45
511.449 0 6 0 0 0 1 6 1 8 45
512.819 0 7 0 0 0 1 7 1 7 45
512.985 0 6 0 0 0 1 6 1 8 45
517.465 0 5 0 0 0 1 5 1 9 45
517.598 0 4 0 0 0 1 4 1 10 45
519.259 0 5 0 0 0 1 5 1 9 45
520.593 0 4 0 0 0 1 4 1 10 45
520.911 0 5 0 0 0 1 5 1 9 45
522.894 0 6 0 0 0 1 6 1 8 45
522.97 0 7 0 0 0 1 7 1 7 45
524.768 0 6 0 0 0 1 6 1 8 45
529.45 0 5 0 0 0 1 5 1 9 45
530.563 0 6 0 0 0 1 6 1 8 45
531.597 0 6 0 0 0 0 6 0 8 46
531.73 0 7 0 0 0 0 7 0 7 46
533.324 0 6 0 0 0 0 6 0 8 46
536.018 0 7 0 0 0 0 7 0 7 46
538.146 0 6 0 0 0 0 6 0 8 46
541.74 0 5 0 0 0 0 5 0 9 46
543.16 0 4 0 0 0 0 4 0 10 46
544.312 0 5 0 0 0 0 5 0 9 46
544.33 0 4 0 0 0 0 4 0 10 46
550.148 0 5 0 0 0 0 5 0 9 46
550.93 0 6 0 0 0 0 6 0 8 46
551.661 0 7 0 0 0 0 7 0 7 46
553.674 0 8 0 0 0 0 8 0 6 46
553.681 0 7 0 0 0 0 7 0 7 46
556.727 0 6 0 0 0 0 6 0 8 46
560.209 0 7 0 0 0 0 7 0 7 46
567.775 0 6 0 0 0 0 6 0 8 46
569.666 0 5 0 0 0 0 5 0 9 46
571.365 0 6 0 0 0 0 6 0 8 46
574.255 0 7 0 0 0 0 7 0 7 46
574.847 0 6 0 0 0 0 6 0 8 46
581.334 0 5 0 0 0 0 5 0 9 46
583.139 0 6 0 0 0 0 6 0 8 46
587.162 0 5 0 0 0 0 5 0 9 46
587.912 0 4 0 0 0 0 4 0 10 46
590.973 0 5 0 0 0 0 5 0 9 46
592.03 0 6 0 0 0 0 6 0 8 46
592.053 0 7 0 0 0 0 7 0 7 46
592.258 0 8 0 0 0 0 8 0 6 46
594.402 0 7 0 0 0 0 7 0 7 46
595.419 0 6 0 0 0 0 6 0 8 46
595.99 0 7 0 0 0 0 7 0 7 46
597.322 0 6 0 0 0 0 6 0 8 46
597.475 0 7 0 0 0 0 7 0 7 46
598.174 0 6 0 0 0 0 6 0 8 46
599.256 0 5 0 0 0 0 5 0 9 46
600.825 0 6 0 0 0 0 6 0 8 46
602.009 0 7 0 0 0 0 7 0 7 46
604.733 0 8 0 0 0 0 8 0 6 46
606.729 0 9 0 0 0 0 9 0 5 46
607.018 0 8 0 0 0 0 8 0 6 46
609.14 0 7 0 0 0 0 7 0 7 46
610.667 0 6 0 0 0 0 6 0 8 46
613.154 0 5 0 0 0 0 5 0 9 46
616.403 0 6 0 0 0 0 6 0 8 46
618.589 0 7 0 0 0 0 7 0 7 46
618.879 0 6 0 0 0 0 6 0 8 46
621.278 0 5 0 0 0 0 5 0 9 46
625.858 0 4 0 0 0 0 4 0 10 46
630.217 0 5 0 0 0 0 5 0 9 46
632.608 0 6 0 0 0 0 6 0 8 46
637.066 0 7 0 0 0 0 7 0 7 46
639.289 0 7 0 0 1 1 6 0 7 46
640.073 0 6 0 0 1 1 5 0 8 46
642.66 0 7 0 0 1 1 6 0 7 46
644.528 0 6 0 0 1 1 5 0 8 46
646.435 0 6 0 0 2 2 4 0 8 46
647.937 0 7 0 0 2 2 5 0 7 46
648.39 0 7 0 0 3 3 4 0 7 46
648.415 0 8 0 0 3 3 5 0 6 46
651.079 0 7 0 0 3 3 4 0 7 46
651.668 0 8 0 0 3 3 5 0 6 46
653.163 0 9 0 0 3 3 6 0 5 46
654.838 0 8 0 0 3 3 5 0 6 46
657.772 0 7 0 0 3 3 4 0 7 46
660.44 0 6 0 0 2 3 4 1 7 46
666.094 0 5 0 0 2 3 3 1 8 46
669.423 0 4 0 0 1 3 3 2 8 46
669.789 0 5 0 0 1 3 4 2 7 46
670.405 0 4 0 0 1 3 3 2 8 46
671.411 0 4 0 0 0 2 4 2 8 46
677.215 0 5 0 0 0 2 5 2 7 46
678.464 0 5 0 0 1 3 4 2 7 46
679.269 0 4 0 0 1 3 3 2 8 46
683.527 0 5 0 0 1 3 4 2 7 46
686.463 0 4 0 0 1 3 3 2 8 46
686.67 0 5 0 0 1 3 4 2 7 46
689.777 0 4 0 0 1 3 3 2 8 46
690.304 0 4 1 1 1 2 3 2 8 46
691.342 0 5 1 1 1 2 4 2 7 46
691.878 0 6 1 1 1 2 5 2 6 46
694.275 0 7 1 1 1 2 6 2 5 46
694.328 0 6 1 1 1 2 5 2 6 46
699.261 0 7 1 1 1 2 6 2 5 46
702.369 0 8 1 1 1 2 7 2 4 46
702.604 1 9 1 1 0 2 7 2 4 46
702.938 1 10 1 1 0 2 8 2 3 46
703.437 1 9 1 1 0 2 7 2 4 46
704.732 1 8 1 1 0 2 6 2 5 46
705.549 1 7 1 1 0 2 5 2 6 46
705.71 1 8 1 1 0 2 6 2 5 46
706.223 1 9 1 1 0 2 7 2 4 46
706.853 1 10 1 1 0 2 8 2 3 46
713.579 1 9 1 1 0 2 7 2 4 46
715.225 1 8 1 1 0 2 6 2 5 46
717.386 0 7 1 1 1 2 6 2 5 46
719.054 0 6 1 1 1 2 5 2 6 46
719.407 0 5 1 1 1 2 4 2 7 46
719.677 0 6 1 1 1 2 5 2 6 46
723.668 0 6 1 1 1 3 5 3 6 45
724.371 0 7 1 1 1 3 6 3 5 45
724.826 0 6 1 1 1 3 5 3 6 45
725.082 0 5 1 1 1 3 4 3 7 45
725.638 0 4 1 1 1 3 3 3 8 45
726.385 0 4 1 1 1 2 3 2 8 46
727.102 0 5 1 1 1 2 4 2 7 46
732.24 0 5 1 1 1 1 4 1 7 47
734.269 0 6 1 1 1 1 5 1 6 47
736.569 0 5 1 1 1 1 4 1 7 47
742.364 0 6 1 1 1 1 5 1 6 47
742.415 0 5 1 1 1 1 4 1 7 47
743.432 0 4 1 1 1 1 3 1 8 47
744.014 0 5 1 1 1 1 4 1 7 47
745.008 0 6 1 1 1 1 5 1 6 47
747.295 0 7 1 1 1 1 6 1 5 47
748.054 0 8 1 1 1 1 7 1 4 47
748.681 0 7 1 1 1 1 6 1 5 47
750.481 0 6 1 1 1 1 5 1 6 47
751.071 0 5 1 1 1 1 4 1 7 47
751.749 0 4 1 1 0 1 4 2 7 47
754.263 0 5 1 1 0 1 5 2 6 47
754.37 0 4 1 1 0 1 4 2 7 47
754.834 0 4 1 1 0 0 4 1 7 48
760.926 0 3 1 1 0 0 3 1 8 48
761.913 0 2 1 1 0 0 2 1 9 48
762.965 0 3 1 1 0 0 3 1 8 48
765.188 0 4 1 1 0 0 4 1 7 48
765.236 0 3 1 1 0 0 3 1 8 48
766.147 0 4 1 1 0 0 4 1 7 48
766.578 0 4 0 0 0 1 4 1 7 48
769.545 0 5 0 0 0 1 5 1 6 48
769.699 0 6 0 0 0 1 6 1 5 48
770.073 0 5 0 0 0 1 5 1 6 48
771.868 0 6 0 0 0 1 6 1 5 48
774.175 0 5 0 0 0 1 5 1 6 48
774.297 0 6 0 0 0 1 6 1 5 48
775.366 0 7 0 0 0 1 7 1 4 48
779.756 0 6 0 0 0 1 6 1 5 48
782.85 0 5 0 0 0 1 5 1 6 48
784.31 0 6 0 0 0 1 6 1 5 48
786.556 0 5 0 0 0 1 5 1 6 48
787.77 0 6 0 0 0 1 6 1 5 48
789.148 0 6 1 1 0 0 6 1 5 48
789.16 0 5 1 1 0 0 5 1 6 48
793.327 0 6 1 1 0 0 6 1 5 48
796.334 0 5 1 1 0 0 5 1 6 48
799.025 0 4 1 1 0 0 4 1 7 48
801.134 0 3 1 1 0 0 3 1 8 48
803.335 0 4 1 1 0 0 4 1 7 48
804.195 0 5 1 1 0 0 5 1 6 48
810.112 0 6 1 1 0 0 6 1 5 48
811.78 0 7 1 1 0 0 7 1 4 48
812.829 0 6 1 1 0 0 6 1 5 48
817.73 0 7 1 1 0 0 7 1 4 48
818.32 0 6 1 1 0 0 6 1 5 48
819.033 0 5 1 1 0 0 5 1 6 48
819.421 0 4 1 1 0 0 4 1 7 48
819.853 0 5 1 1 0 0 5 1 6 48
820.159 0 6 1 1 0 0 6 1 5 48
821.258 0 5 1 1 0 0 5 1 6 48
822.165 0 6 1 1 0 0 6 1 5 48
823.502 0 6 0 0 0 1 6 1 5 48
833.674 0 7 0 0 1 1 6 0 5 48
836.896 0 6 0 0 1 1 5 0 6 48
837.157 0 7 0 0 1 1 6 0 5 48
839.687 0 8 0 0 1 1 7 0 4 48
840.63 0 7 0 0 0 1 7 1 4 48
841.461 0 6 0 0 0 1 6 1 5 48
844.545 0 7 0 0 0 1 7 1 4 48
844.749 0 8 0 0 0 1 8 1 3 48
846.369 0 7 0 0 0 1 7 1 4 48
853.92 0 6 0 0 0 1 6 1 5 48
854.114 0 7 0 0 0 1 7 1 4 48
855.133 0 8 0 0 0 1 8 1 3 48
855.694 0 7 0 0 0 1 7 1 4 48
856.017 0 6 0 0 0 1 6 1 5 48
856.024 0 5 0 0 0 1 5 1 6 48
858.246 0 4 0 0 0 1 4 1 7 48
860.984 0 5 0 0 0 1 5 1 6 48
862.788 0 4 0 0 0 1 4 1 7 48
865.052 0 5 0 0 0 1 5 1 6 48
869.175 0 6 0 0 0 1 6 1 5 48
871.215 0 7 0 0 0 1 7 1 4 48
876.702 0 6 0 0 0 1 6 1 5 48
878.006 0 7 0 0 0 1 7 1 4 48
879.094 0 8 0 0 0 1 8 1 3 48
880.045 0 7 0 0 0 1 7 1 4 48
884.208 0 6 0 0 0 1 6 1 5 48
885.966 0 7 0 0 0 1 7 1 4 48
888.499 0 6 0 0 0 1 6 1 5 48
888.868 0 5 0 0 0 1 5 1 6 48
890.416 0 6 0 0 0 1 6 1 5 48
892.05 0 7 0 0 0 1 7 1 4 48
892.374 0 8 0 0 0 1 8 1 3 48
893.701 0 7 0 0 0 1 7 1 4 48
903.008 0 8 0 0 0 1 8 1 3 48
903.031 0 7 0 0 0 1 7 1 4 48
903.465 0 6 0 0 0 1 6 1 5 48
903.514 0 7 0 0 0 1 7 1 4 48
903.593 0 6 0 0 0 1 6 1 5 48
904.107 0 5 0 0 0 1 5 1 6 48
906.22 0 4 0 0 0 1 4 1 7 48
912.846 0 5 0 0 0 1 5 1 6 48
913.394 0 5 0 0 1 2 4 1 6 48
917.093 0 4 0 0 1 2 3 1 7 48
918.157 0 4 0 0 0 1 4 1 7 48
923.436 0 3 0 0 0 1 3 1 8 48
923.884 0 4 0 0 0 1 4 1 7 48
932.139 0 5 0 0 0 1 5 1 6 48
934.436 0 5 0 0 1 2 4 1 6 48
934.48 0 4 0 0 0 2 4 2 6 48
937.366 0 5 0 0 1 2 4 1 6 48
938.633 0 4 0 0 1 2 3 1 7 48
941.229 0 5 0 0 1 2 4 1 6 48
941.363 0 4 0 0 1 2 3 1 7 48
948.955 0 5 0 0 1 2 4 1 6 48
949.461 0 5 0 0 1 1 4 0 6 49
956.486 0 6 0 0 1 1 5 0 5 49
956.61 0 7 0 0 1 1 6 0 4 49
958.468 0 6 0 0 1 1 5 0 5 49
958.744 0 6 0 0 1 2 5 1 5 48
962.658 0 6 0 0 1 3 5 2 5 47
966.148 0 7 0 0 2 3 5 1 5 47
966.97 0 6 0 0 2 3 4 1 6 47
967.659 0 7 0 0 2 3 5 1 5 47
968.316 1 8 0 0 1 3 5 1 5 47
969.949 1 9 0 0 1 3 6 1 4 47
970.599 1 10 0 0 1 3 7 1 3 47
973.8 1 11 0 0 1 3 8 1 2 47
974.709 1 11 0 0 1 4 8 2 2 46
976.189 1 10 0 0 1 4 7 2 3 46
976.542 1 10 0 0 1 5 7 3 3 45
976.666 1 10 0 0 1 4 7 2 3 46
976.827 1 10 1 1 1 3 7 2 3 46
977.377 1 9 1 1 1 3 6 2 4 46
977.452 1 8 1 1 1 3 5 2 5 46
979.571 0 7 1 1 2 3 5 2 5 46
980.611 0 6 1 1 2 3 4 2 6 46
985.314 0 6 1 1 1 2 5 2 6 46
986.421 0 7 1 1 1 2 6 2 5 46
994.194 0 6 1 1 1 2 5 2 6 46
995.995 0 5 1 1 1 2 4 2 7 46
999.856 0 6 1 1 2 2 4 1 7 46
1002.39 0 5 1 1 2 2 3 1 8 46
1002.61 0 6 1 1 2 2 4 1 7 46
1005.34 0 5 1 1 2 2 3 1 8 46
1010.35 0 6 1 1 2 2 4 1 7 46
1014.22 0 7 1 1 2 2 5 1 6 46
1014.81 0 8 1 1 2 2 6 1 5 46
1015.16 0 7 1 1 2 2 5 1 6 46
1017.72 0 8 1 1 2 2 6 1 5 46
1018.09 0 7 1 1 2 2 5 1 6 46
1018.46 0 6 1 1 2 2 4 1 7 46
1018.95 0 7 1 1 2 2 5 1 6 46
1020.75 0 6 1 1 2 2 4 1 7 46
1021.77 0 5 1 1 2 2 3 1 8 46
1023.25 0 6 1 1 2 2 4 1 7 46
1024 0 6 2 2 2 1 4 1 7 46
1024.29 0 7 2 2 2 1 5 1 6 46
1024.72 0 8 2 2 2 1 6 1 5 46
1025.76 0 9 2 2 2 1 7 1 4 46
1026 0 8 2 2 2 1 6 1 5 46
1026.24 0 9 2 2 2 1 7 1 4 46
1027.16 0 8 2 2 2 1 6 1 5 46
1027.36 0 7 2 2 2 1 5 1 6 46
1027.71 0 7 1 1 2 2 5 1 6 46
1027.83 0 6 1 1 1 2 5 2 6 46
1029.28 0 7 1 1 1 2 6 2 5 46
1029.66 0 6 1 1 1 2 5 2 6 46
1030.75 0 5 1 1 1 2 4 2 7 46
1032.33 0 4 1 1 1 2 3 2 8 46
1034.28 0 5 1 1 1 2 4 2 7 46
1034.38 0 5 0 0 1 3 4 2 7 46
1035.94 0 6 0 0 1 3 5 2 6 46
1036.2 0 5 0 0 1 3 4 2 7 46
1037.43 0 4 0 0 0 3 4 3 7 46
1042.08 0 4 0 0 0 2 4 2 7 47
1042.51 0 5 0 0 1 2 4 1 7 47
1045.46 0 4 0 0 1 2 3 1 8 47
1047.15 0 3 0 0 1 2 2 1 9 47
1048.67 1 4 0 0 0 2 2 1 9 47
1053.44 1 5 0 0 0 2 3 1 8 47
1053.94 1 6 0 0 0 2 4 1 7 47
1057.85 1 7 0 0 0 2 5 1 6 47
1058.44 1 8 0 0 0 2 6 1 5 47
1059.1 1 7 0 0 0 2 5 1 6 47
1059.66 0 6 0 0 1 2 5 1 6 47
1068.03 0 7 0 0 1 2 6 1 5 47
1073.2 0 6 0 0 1 2 5 1 6 47
1074.62 0 7 0 0 1 2 6 1 5 47
1075.44 0 8 0 0 1 2 7 1 4 47
1077.71 1 9 0 0 0 2 7 1 4 47
1079.44 0 8 0 0 1 2 7 1 4 47
1080.07 0 7 0 0 1 2 6 1 5 47
1081.9 0 6 0 0 1 2 5 1 6 47
1082.85 0 7 0 0 1 2 6 1 5 47
1084.56 0 8 0 0 1 2 7 1 4 47
1086.49 0 7 0 0 1 2 6 1 5 47
1088.63 0 6 0 0 1 2 5 1 6 47
1089.24 0 7 0 0 2 2 5 0 6 47
1093.69 0 6 0 0 2 2 4 0 7 47
1097.19 0 7 0 0 2 2 5 0 6 47
1098.61 0 6 0 0 2 2 4 0 7 47
1099.97 0 5 0 0 1 2 4 1 7 47
1101.08 0 6 0 0 1 2 5 1 6 47
1103.07 0 5 0 0 1 2 4 1 7 47
1103.35 0 6 0 0 1 2 5 1 6 47
1103.59 0 5 0 0 1 2 4 1 7 47
1104.7 0 6 0 0 1 2 5 1 6 47
1105.46 0 7 0 0 1 2 6 1 5 47
1106.23 0 6 0 0 1 2 5 1 6 47
1106.81 0 7 0 0 1 2 6 1 5 47
1106.87 0 8 0 0 2 2 6 0 5 47
1109.94 0 7 0 0 2 2 5 0 6 47
1111.45 0 8 0 0 2 2 6 0 5 47
1113.55 0 7 0 0 2 2 5 0 6 47
1116.13 0 6 0 0 2 2 4 0 7 47
1118.78 0 6 0 0 3 3 3 0 7 47
1119.92 0 7 0 0 3 3 4 0 6 47
1125.36 0 7 0 0 2 2 5 0 6 47
1126.22 0 6 0 0 2 2 4 0 7 47
1128.73 0 5 0 0 1 2 4 1 7 47
1128.96 0 4 0 0 1 2 3 1 8 47
1130.06 0 5 0 0 1 2 4 1 7 47
1131 0 4 0 0 1 2 3 1 8 47
1133.17 0 3 0 0 0 2 3 2 8 47
1134.83 0 2 0 0 0 2 2 2 9 47
1138.61 0 3 0 0 0 2 3 2 8 47
1145.16 0 4 0 0 0 2 4 2 7 47
1145.96 0 5 0 0 0 2 5 2 6 47
1150.05 0 6 0 0 0 2 6 2 5 47
1150.31 0 5 0 0 0 2 5 2 6 47
1153.07 0 4 0 0 0 2 4 2 7 47
1153.27 0 5 0 0 0 2 5 2 6 47
1153.86 0 6 0 0 0 2 6 2 5 47
1154.25 0 5 0 0 0 2 5 2 6 47
1156.83 0 4 0 0 0 2 4 2 7 47
1157.42 0 3 0 0 0 2 3 2 8 47
1161.97 0 4 0 0 0 2 4 2 7 47
1162.93 0 5 0 0 0 2 5 2 6 47
1163.92 0 4 0 0 0 2 4 2 7 47
1172.32 0 3 0 0 0 2 3 2 8 47
1177.76 0 3 1 1 0 1 3 2 8 47
1179.03 0 2 1 1 0 1 2 2 9 47
1180.49 0 3 1 1 0 1 3 2 8 47
1181.71 0 4 1 1 0 1 4 2 7 47
1185.17 0 5 1 1 0 1 5 2 6 47
1191.99 0 5 1 1 1 2 4 2 6 47
1193.08 0 6 1 1 2 2 4 1 6 47
1195.35 0 5 1 1 2 2 3 1 7 47
1195.54 0 4 1 1 2 2 2 1 8 47
1196.37 0 3 1 1 1 2 2 2 8 47
1200.91 0 4 1 1 1 2 3 2 7 47
1202.94 0 3 1 1 0 2 3 3 7 47
1203.45 0 2 1 1 0 2 2 3 8 47
1210.24 0 3 1 1 0 2 3 3 7 47
1216.78 0 2 1 1 0 2 2 3 8 47
1218.18 0 2 1 1 0 1 2 2 8 48
1221.27 0 2 1 1 1 2 1 2 8 48
1223.88 0 3 1 1 1 2 2 2 7 48
1225.65 0 4 1 1 2 2 2 1 7 48
1226.71 0 5 1 1 2 2 3 1 6 48
1228.29 0 6 1 1 2 2 4 1 5 48
1231.01 0 6 1 1 1 1 5 1 5 48
1231.96 0 5 1 1 0 1 5 2 5 48
1234.36 0 5 1 1 1 2 4 2 5 48
1235.54 0 5 1 1 0 1 5 2 5 48
1236.31 0 6 1 1 0 1 6 2 4 48
1237.93 0 5 1 1 0 1 5 2 5 48
1237.95 0 4 1 1 0 1 4 2 6 48
1242.75 0 3 1 1 0 1 3 2 7 48
1243.68 0 3 1 1 0 0 3 1 7 49
1249.41 0 4 1 1 0 0 4 1 6 49
1252 0 5 1 1 0 0 5 1 5 49
1254.04 0 6 1 1 0 0 6 1 4 49
1256.22 0 7 1 1 0 0 7 1 3 49
1256.89 0 7 1 1 0 1 7 2 3 48
1257.69 0 6 1 1 0 1 6 2 4 48
1258.61 0 7 1 1 0 1 7 2 3 48
1261.64 0 6 1 1 0 1 6 2 4 48
1263.76 0 5 1 1 0 1 5 2 5 48
1264.33 0 6 1 1 1 1 5 1 5 48
1265.39 0 5 1 1 0 1 5 2 5 48
1266.41 0 4 1 1 0 1 4 2 6 48
1267.67 0 5 1 1 0 1 5 2 5 48
1270.36 0 6 1 1 0 1 6 2 4 48
1271.1 0 5 1 1 0 1 5 2 5 48
1271.11 0 6 1 1 0 1 6 2 4 48
1273.56 0 5 1 1 0 1 5 2 5 48
1276.15 0 6 1 1 0 1 6 2 4 48
1280.29 0 7 1 1 0 1 7 2 3 48
1280.96 0 8 1 1 0 1 8 2 2 48
1281.51 0 7 1 1 0 1 7 2 3 48
1289.66 0 6 1 1 0 1 6 2 4 48
1292.82 0 5 1 1 0 1 5 2 5 48
1293.96 0 6 1 1 0 1 6 2 4 48
1294.53 0 5 1 1 0 1 5 2 5 48
1296.02 0 4 1 1 0 1 4 2 6 48
1296.27 0 3 1 1 0 1 3 2 7 48
1298.83 0 4 1 1 0 1 4 2 6 48
1299.32 0 5 1 1 0 1 5 2 5 48
1302.2 0 5 1 1 1 2 4 2 5 48
1302.83 0 4 1 1 1 2 3 2 6 48
1305.05 0 3 1 1 1 2 2 2 7 48
1305.97 0 4 1 1 1 2 3 2 6 48
1306.42 0 5 1 1 1 2 4 2 5 48
1308.21 1 6 1 1 0 2 4 2 5 48
1309.03 1 5 1 1 0 2 3 2 6 48
1309.35 1 6 1 1 0 2 4 2 5 48
1310.83 0 5 1 1 1 2 4 2 5 48
1311.07 0 4 1 1 1 2 3 2 6 48
1311.96 0 5 1 1 1 2 4 2 5 48
1313.38 0 4 1 1 1 2 3 2 6 48
1325.28 0 4 2 2 1 1 3 2 6 48
1327.48 1 5 2 2 0 1 3 2 6 48
1327.6 1 4 2 2 0 1 2 2 7 48
1332.98 1 3 2 2 0 1 1 2 8 48
1333.73 1 4 2 2 0 1 2 2 7 48
1335.27 1 4 1 1 0 2 2 2 7 48
1335.47 1 3 1 1 0 2 1 2 8 48
1335.9 1 4 1 1 0 2 2 2 7 48
1343.29 1 4 1 1 0 1 2 1 7 49
1346.96 1 5 1 1 0 1 3 1 6 49
1349.17 1 4 1 1 0 1 2 1 7 49
1351.57 1 5 1 1 0 1 3 1 6 49
1355.42 1 4 1 1 0 1 2 1 7 49
1365.88 1 5 1 1 0 1 3 1 6 49
1365.95 1 6 1 1 0 1 4 1 5 49
1370.99 1 7 1 1 1 1 4 0 5 49
1371.06 1 6 1 1 1 1 3 0 6 49
1373.15 1 7 1 1 1 1 4 0 5 49
1373.76 1 6 1 1 1 1 3 0 6 49
1377.74 1 5 1 1 0 1 3 1 6 49
1380.41 1 6 1 1 0 1 4 1 5 49
1381.57 1 5 1 1 0 1 3 1 6 49
1381.8 1 5 1 1 1 2 2 1 6 49
1392.31 1 6 1 1 2 2 2 0 6 49
1392.95 1 5 1 1 2 2 1 0 7 49
1393.74 1 5 1 1 1 1 2 0 7 49
1395.89 1 5 1 1 0 0 3 0 7 49
1403.25 1 6 1 1 0 0 4 0 6 49
1405.2 0 5 1 1 1 0 4 0 6 49
1406.75 0 4 1 1 0 0 4 1 6 49
1408.15 0 5 1 1 0 0 5 1 5 49
1410.74 0 6 1 1 0 0 6 1 4 49
1415.37 0 7 1 1 0 0 7 1 3 49
1416.82 0 8 1 1 0 0 8 1 2 49
1419.34 0 7 1 1 0 0 7 1 3 49
1421.57 0 6 1 1 0 0 6 1 4 49
1424.12 0 7 1 1 0 0 7 1 3 49
1424.45 0 6 1 1 0 0 6 1 4 49
1426.72 0 7 1 1 0 0 7 1 3 49
1429.88 0 6 1 1 0 0 6 1 4 49
1434.56 0 7 1 1 0 0 7 1 3 49
1437.44 0 6 1 1 0 0 6 1 4 49
1437.45 0 5 1 1 0 0 5 1 5 49
1442.4 0 4 1 1 0 0 4 1 6 49
1445.32 0 5 1 1 0 0 5 1 5 49
1445.88 0 6 1 1 1 0 5 0 5 49
1448.51 0 5 1 1 1 0 4 0 6 49
1449.98 0 4 1 1 0 0 4 1 6 49
1450.27 0 4 0 0 0 1 4 1 6 49
1453.92 0 3 0 0 0 1 3 1 7 49
1455.19 0 4 0 0 0 1 4 1 6 49
1456.16 0 5 0 0 1 1 4 0 6 49
1457.73 0 6 0 0 1 1 5 0 5 49
1460.95 0 7 0 0 1 1 6 0 4 49
1462.62 0 6 0 0 1 1 5 0 5 49
1462.7 0 5 0 0 0 1 5 1 5 49
1465.68 0 4 0 0 0 1 4 1 6 49
1473.83 0 3 0 0 0 1 3 1 7 49
1476 0 3 0 0 0 0 3 0 7 50
1477.06 0 4 0 0 0 0 4 0 6 50
1477.51 0 5 0 0 0 0 5 0 5 50
1478.12 0 4 0 0 0 0 4 0 6 50
1479.25 0 3 0 0 0 0 3 0 7 50
1481.08 0 4 0 0 0 0 4 0 6 50
1484.18 0 5 0 0 0 0 5 0 5 50
1485.08 0 4 0 0 0 0 4 0 6 50
1487.7 0 5 0 0 0 0 5 0 5 50
1487.76 0 6 0 0 0 0 6 0 4 50
1487.85 0 5 0 0 0 0 5 0 5 50
1488.47 0 4 0 0 0 0 4 0 6 50
1489.96 0 5 0 0 0 0 5 0 5 50
1490.27 0 6 0 0 0 0 6 0 4 50
1490.38 0 7 0 0 0 0 7 0 3 50
1493.54 0 6 0 0 0 0 6 0 4 50
1498.21 0 7 0 0 0 0 7 0 3 50
1500.91 0 7 0 0 0 1 7 1 3 49
1502.47 0 6 0 0 0 1 6 1 4 49
1506.86 0 5 0 0 0 1 5 1 5 49
1509.17 0 6 0 0 0 1 6 1 4 49
1509.92 0 7 0 0 0 1 7 1 3 49
1511.17 0 6 0 0 0 1 6 1 4 49
1511.8 0 7 0 0 0 1 7 1 3 49
1512.13 0 7 0 0 1 2 6 1 3 49
1512.41 0 8 0 0 1 2 7 1 2 49
1512.54 0 7 0 0 1 2 6 1 3 49
1515.81 0 6 0 0 1 2 5 1 4 49
1517.62 0 5 0 0 1 2 4 1 5 49
1519.53 0 4 0 0 0 2 4 2 5 49
1519.55 0 5 0 0 0 2 5 2 4 49
1520.1 0 4 0 0 0 2 4 2 5 49
1521.61 0 3 0 0 0 2 3 2 6 49
1527.62 0 2 0 0 0 2 2 2 7 49
1533.69 0 3 0 0 0 2 3 2 6 49
1539.18 0 4 0 0 0 2 4 2 5 49
1539.29 0 5 0 0 0 2 5 2 4 49
1542.46 0 5 0 0 0 1 5 1 4 50
1545.86 0 4 0 0 0 1 4 1 5 50
1548.47 0 3 0 0 0 1 3 1 6 50
1549.36 0 3 0 0 1 2 2 1 6 50
1549.56 0 4 0 0 1 2 3 1 5 50
1549.74 0 3 0 0 1 2 2 1 6 50
1554.27 0 3 1 1 1 1 2 1 6 50
1560.01 0 4 1 1 1 1 3 1 5 50
1560.95 0 3 1 1 1 1 2 1 6 50
1564.7 0 4 1 1 1 1 3 1 5 50
1568.38 0 5 1 1 1 1 4 1 4 50
1569.78 0 4 1 1 1 1 3 1 5 50
1570.14 0 5 1 1 1 1 4 1 4 50
1571.21 0 5 1 1 0 0 5 1 4 50
1575.26 0 6 1 1 0 0 6 1 3 50
1575.54 0 5 1 1 0 0 5 1 4 50
1581.79 0 4 1 1 0 0 4 1 5 50
1583.7 0 5 1 1 0 0 5 1 4 50
1586.98 0 4 1 1 0 0 4 1 5 50
1587.62 0 3 1 1 0 0 3 1 6 50
1587.68 0 4 1 1 0 0 4 1 5 50
1591.07 0 3 1 1 0 0 3 1 6 50
1598.86 0 4 1 1 0 0 4 1 5 50
1599.43 0 5 1 1 0 0 5 1 4 50
1600.74 0 4 1 1 0 0 4 1 5 50
1604.2 0 5 1 1 0 0 5 1 4 50
1604.25 0 6 1 1 0 0 6 1 3 50
1607.23 0 7 1 1 0 0 7 1 2 50
1608.26 0 8 1 1 0 0 8 1 1 50
1608.46 0 7 1 1 0 0 7 1 2 50
1609.62 0 7 1 1 1 1 6 1 2 50
1611.64 0 6 1 1 0 1 6 2 2 50
1611.73 0 7 1 1 0 1 7 2 1 50
1614.98 0 6 1 1 0 1 6 2 2 50
1618.9 0 5 1 1 0 1 5 2 3 50
1620.75 0 4 1 1 0 1 4 2 4 50
1621.55 0 5 1 1 0 1 5 2 3 50
1624.28 0 6 1 1 0 1 6 2 2 50
1626.95 0 5 1 1 0 1 5 2 3 50
1628.01 0 6 1 1 1 1 5 1 3 50
1630.52 0 6 0 0 1 2 5 1 3 50
1630.85 0 5 0 0 1 2 4 1 4 50
1631.06 0 4 0 0 1 2 3 1 5 50
1635.79 0 5 0 0 1 2 4 1 4 50
1641.24 0 4 0 0 1 2 3 1 5 50
1643.83 0 5 0 0 1 2 4 1 4 50
1644.23 0 6 0 0 1 2 5 1 3 50
1646.41 0 7 0 0 1 2 6 1 2 50
1647.26 0 6 0 0 1 2 5 1 3 50
1652.51 0 7 0 0 1 2 6 1 2 50
1653.46 0 6 0 0 1 2 5 1 3 50
1660.99 0 5 0 0 1 2 4 1 4 50
1662.92 0 4 0 0 0 2 4 2 4 50
1666.98 0 5 0 0 0 2 5 2 3 50
1668.25 0 6 0 0 1 2 5 1 3 50
1668.87 0 7 0 0 1 2 6 1 2 50
1668.96 0 6 0 0 1 2 5 1 3 50
1671.88 0 7 0 0 1 2 6 1 2 50
1672.37 0 6 0 0 1 2 5 1 3 50
1674.34 0 7 0 0 1 2 6 1 2 50
1675.64 0 7 1 1 1 1 6 1 2 50
1676.75 0 6 1 1 1 1 5 1 3 50
1678.15 0 7 1 1 1 1 6 1 2 50
1681.56 0 6 1 1 1 1 5 1 3 50
1683.03 0 5 1 1 1 1 4 1 4 50
1691.99 0 4 1 1 1 1 3 1 5 50
1692.36 0 3 1 1 1 1 2 1 6 50
1694.33 0 3 1 1 2 2 1 1 6 50
1696.3 0 4 1 1 2 2 2 1 5 50
1701.41 0 3 1 1 2 2 1 1 6 50
1702.29 0 4 1 1 2 2 2 1 5 50
1709.89 0 5 1 1 2 2 3 1 4 50
1711.47 0 4 1 1 2 2 2 1 5 50
1712.99 0 3 1 1 1 2 2 2 5 50
1713.81 0 4 1 1 2 2 2 1 5 50
1718.42 0 3 1 1 1 2 2 2 5 50
1719.26 0 4 1 1 1 2 3 2 4 50
1720.54 0 3 1 1 1 2 2 2 5 50
1721.7 0 4 1 1 1 2 3 2 4 50
1723.74 0 3 1 1 1 2 2 2 5 50
1731.24 0 4 1 1 1 2 3 2 4 50
1734.28 0 5 1 1 2 2 3 1 4 50
1735.59 0 6 1 1 2 2 4 1 3 50
1738.16 0 6 1 1 1 1 5 1 3 50
1739.24 0 5 1 1 1 1 4 1 4 50
1744.38 0 4 1 1 1 1 3 1 5 50
1747.73 0 3 1 1 1 1 2 1 6 50
1762.47 0 4 1 1 1 1 3 1 5 50
1764.45 0 5 1 1 1 1 4 1 4 50
1770.81 0 4 1 1 1 1 3 1 5 50
1772.74 0 3 1 1 1 1 2 1 6 50
1774.72 1 4 1 1 0 1 2 1 6 50
1774.81 1 3 1 1 0 1 1 1 7 50
1776.72 1 4 1 1 0 1 2 1 6 50
1776.89 0 3 1 1 1 1 2 1 6 50
1777.44 0 3 0 0 1 2 2 1 6 50
1779.32 0 2 0 0 1 2 1 1 7 50
1779.4 0 1 0 0 0 2 1 2 7 50
1795.39 0 2 0 0 0 2 2 2 6 50
1802.12 0 3 0 0 0 2 3 2 5 50
1803.34 0 3 0 0 0 1 3 1 5 51
1803.47 0 3 0 0 0 2 3 2 5 50
1806.05 0 4 0 0 1 2 3 1 5 50
1806.67 0 5 0 0 1 2 4 1 4 50
1808.26 0 6 0 0 1 2 5 1 3 50
1811.86 0 5 0 0 1 2 4 1 4 50
1817.07 0 6 0 0 1 2 5 1 3 50
1819.81 0 5 0 0 1 2 4 1 4 50
1820.2 0 6 0 0 1 2 5 1 3 50
1820.89 0 7 0 0 1 2 6 1 2 50
1821.2 0 6 0 0 1 2 5 1 3 50
1821.64 0 5 0 0 1 2 4 1 4 50
1822.43 0 6 0 0 1 2 5 1 3 50
1824.15 0 6 0 0 2 3 4 1 3 50
1829.89 0 6 0 0 2 2 4 0 3 51
1832.15 0 6 0 0 3 3 3 0 3 51
1832.48 0 5 0 0 3 3 2 0 4 51
1833.19 0 4 0 0 2 3 2 1 4 51
1836.31 1 5 0 0 1 3 2 1 4 51
1840.09 1 6 0 0 1 3 3 1 3 51
1842.24 1 5 0 0 1 3 2 1 4 51
1842.65 2 6 0 0 0 3 2 1 4 51
1847.77 1 5 0 0 1 3 2 1 4 51
1849.05 1 5 0 0 1 4 2 2 4 50
1849.1 1 4 0 0 0 4 2 3 4 50
1849.69 1 5 0 0 0 4 3 3 3 50
1849.91 1 5 1 1 0 3 3 3 3 50
1854.08 1 5 1 1 1 4 2 3 3 50
1856.03 1 5 2 2 1 3 2 3 3 50
1858.28 1 5 2 2 1 2 2 2 3 51
1862.02 1 6 2 2 1 2 3 2 2 51
1865.79 0 5 2 2 2 2 3 2 2 51
1872.73 0 6 2 2 2 2 4 2 1 51
1874.8 0 5 2 2 2 2 3 2 2 51
1876.74 0 5 2 2 2 1 3 1 2 52
1881.5 0 6 2 2 2 1 4 1 1 52
1888.73 0 6 1 1 2 2 4 1 1 52
1891.1 0 5 1 1 2 2 3 1 2 52
1895.81 0 5 1 1 2 3 3 2 2 51
1899.64 0 4 1 1 2 3 2 2 3 51
1902.43 0 4 1 1 2 4 2 3 3 50
1902.48 0 3 1 1 2 4 1 3 4 50
1903.58 0 2 1 1 2 4 0 3 5 50
1903.86 0 2 1 1 1 3 1 3 5 50
1904.36 0 2 1 1 1 2 1 2 5 51
1906.73 0 1 1 1 1 2 0 2 6 51
1906.78 0 2 1 1 1 2 1 2 5 51
1912.75 0 2 1 1 0 1 2 2 5 51
1914.64 0 3 1 1 0 1 3 2 4 51
1918.12 0 2 1 1 0 1 2 2 5 51
1925.21 0 3 1 1 0 1 3 2 4 51
1925.56 0 2 1 1 0 1 2 2 5 51
1927.47 0 3 1 1 0 1 3 2 4 51
1930.85 0 4 1 1 0 1 4 2 3 51
1935.42 0 5 1 1 0 1 5 2 2 51
1935.61 0 5 1 1 0 0 5 1 2 52
1937.4 0 6 1 1 0 0 6 1 1 52
1937.88 0 5 1 1 0 0 5 1 2 52
1945.95 0 6 1 1 0 0 6 1 1 52
1950.37 0 7 1 1 0 0 7 1 0 52
1950.39 0 6 1 1 0 0 6 1 1 52
1950.4 0 7 1 1 1 0 6 0 1 52
1952.53 0 6 1 1 1 0 5 0 2 52
1963.35 0 6 0 0 1 1 5 0 2 52
1964.28 0 5 0 0 1 1 4 0 3 52
1972.36 0 6 0 0 1 1 5 0 2 52
1972.38 0 7 0 0 1 1 6 0 1 52
1978.25 0 6 0 0 1 1 5 0 2 52
1981.75 0 5 0 0 1 1 4 0 3 52
1984.59 0 4 0 0 0 1 4 1 3 52
1994.12 0 3 0 0 0 1 3 1 4 52
2002.47 0 4 0 0 0 1 4 1 3 52
2007.77 0 4 0 0 0 2 4 2 3 51
2008.21 0 3 0 0 0 2 3 2 4 51
2009.4 0 2 0 0 0 2 2 2 5 51
2014.22 0 3 0 0 0 2 3 2 4 51
2015.03 0 3 0 0 0 1 3 1 4 52
2016.62 0 2 0 0 0 1 2 1 5 52
2020.31 0 3 0 0 0 1 3 1 4 52
2027.1 0 2 0 0 0 1 2 1 5 52
2036.42 0 3 0 0 0 1 3 1 4 52
2036.5 0 2 0 0 0 1 2 1 5 52
2042.57 0 1 0 0 0 1 1 1 6 52
2044.02 0 2 0 0 0 1 2 1 5 52
2046.71 0 1 0 0 0 1 1 1 6 52
2060.6 0 2 0 0 0 1 2 1 5 52
2064.28 0 2 1 1 0 0 2 1 5 52
2069.78 0 3 1 1 0 0 3 1 4 52
2077.86 0 2 1 1 0 0 2 1 5 52
2097.25 0 3 1 1 0 0 3 1 4 52
2103.06 0 2 1 1 0 0 2 1 5 52
2105.51 0 1 1 1 0 0 1 1 6 52
2108.11 0 2 1 1 0 0 2 1 5 52
2114.35 0 3 1 1 1 0 2 0 5 52
2114.52 0 4 1 1 1 0 3 0 4 52
2122.94 0 3 1 1 1 0 2 0 5 52
2124.26 0 2 1 1 1 0 1 0 6 52
2130.93 0 3 1 1 1 0 2 0 5 52
2138.78 0 4 1 1 1 0 3 0 4 52
2141.54 0 5 1 1 1 0 4 0 3 52
2141.63 0 4 1 1 0 0 4 1 3 52
2146.77 0 3 1 1 0 0 3 1 4 52
2148.6 0 4 1 1 0 0 4 1 3 52
2159.23 0 5 1 1 0 0 5 1 2 52
2160.35 0 4 1 1 0 0 4 1 3 52
2161.9 0 4 1 1 0 1 4 2 3 51
2165.47 0 3 1 1 0 1 3 2 4 51
2178.26 0 4 1 1 0 1 4 2 3 51
2180.62 0 3 1 1 0 1 3 2 4 51
2181.15 0 4 1 1 0 1 4 2 3 51
2182.31 0 5 1 1 1 1 4 1 3 51
2184.08 0 4 1 1 1 1 3 1 4 51
2195.69 0 5 1 1 1 1 4 1 3 51
2198.54 0 4 1 1 1 1 3 1 4 51
2200.22 0 5 1 1 1 1 4 1 3 51
2200.84 0 5 1 1 1 0 4 0 3 52
2204.61 0 4 1 1 1 0 3 0 4 52
2204.78 0 5 1 1 1 0 4 0 3 52
2206.22 0 5 0 0 1 1 4 0 3 52
2207.09 0 4 0 0 1 1 3 0 4 52
2214.93 1 5 0 0 0 1 3 0 4 52
2218.61 1 4 0 0 0 1 2 0 5 52
2220.06 1 4 0 0 1 2 1 0 5 52
2223.4 1 3 0 0 1 2 0 0 6 52
2224.94 2 4 0 0 0 2 0 0 6 52
2226.54 2 5 0 0 0 2 1 0 5 52
2232.14 1 4 0 0 1 2 1 0 5 52
2232.98 1 3 0 0 1 2 0 0 6 52
2233.43 1 2 0 0 0 2 0 1 6 52
2237.43 1 3 0 0 0 2 1 1 5 52
2237.65 1 2 0 0 0 2 0 1 6 52
2253.14 1 3 0 0 0 2 1 1 5 52
2258.92 1 4 0 0 1 2 1 0 5 52
2264.48 1 5 0 0 1 2 2 0 4 52
2264.51 1 6 0 0 1 2 3 0 3 52
2268.81 0 5 0 0 2 2 3 0 3 52
2271.64 0 4 0 0 1 2 3 1 3 52
2273.66 0 4 0 0 0 1 4 1 3 52
2274.14 0 5 0 0 0 1 5 1 2 52
2279.51 0 4 0 0 0 1 4 1 3 52
2287.24 0 5 0 0 0 1 5 1 2 52
2287.7 0 4 0 0 0 1 4 1 3 52
2304.77 0 5 0 0 0 1 5 1 2 52
2306.93 0 6 0 0 0 1 6 1 1 52
2307.65 0 7 0 0 0 1 7 1 0 52
2310.17 0 6 0 0 0 1 6 1 1 52
2320.01 0 5 0 0 0 1 5 1 2 52
2320.16 0 4 0 0 0 1 4 1 3 52
2324.28 0 3 0 0 0 1 3 1 4 52
2333.68 0 3 1 1 0 0 3 1 4 52
2345.23 0 2 1 1 0 0 2 1 5 52
2349.13 0 3 1 1 0 0 3 1 4 52
2349.98 0 4 1 1 1 0 3 0 4 52
2352.79 0 5 1 1 1 0 4 0 3 52
2353.25 0 5 1 1 2 1 3 0 3 52
2357.53 0 5 1 1 2 2 3 1 3 51
2359.35 0 4 1 1 2 2 2 1 4 51
2362.59 1 5 1 1 1 2 2 1 4 51
2363.45 1 6 1 1 1 2 3 1 3 51
2365.79 1 5 1 1 0 2 3 2 3 51
2366.83 1 6 1 1 0 2 4 2 2 51
2370.74 1 6 1 1 1 3 3 2 2 51
2376.14 1 5 1 1 1 3 2 2 3 51
2376.16 1 5 1 1 1 2 2 1 3 52
2379.57 0 4 1 1 2 2 2 1 3 52
2380.39 0 3 1 1 1 2 2 2 3 52
2383.7 0 2 1 1 1 2 1 2 4 52
2384.49 0 2 1 1 1 1 1 1 4 53
2393.36 1 3 1 1 0 1 1 1 4 53
2393.75 1 3 1 1 0 2 1 2 4 52
2394.19 1 2 1 1 0 2 0 2 5 52
2394.26 1 3 1 1 0 2 1 2 4 52
2400.05 1 3 1 1 0 1 1 1 4 53
2400.69 1 4 1 1 1 1 1 0 4 53
2408.8 1 3 1 1 1 1 0 0 5 53
2411.84 1 4 1 1 1 1 1 0 4 53
2411.91 1 5 1 1 1 1 2 0 3 53
2413.88 0 4 1 1 2 1 2 0 3 53
2414.36 1 5 1 1 1 1 2 0 3 53
2416.61 1 4 1 1 1 1 1 0 4 53
2418.25 1 3 1 1 0 1 1 1 4 53
2420.75 0 2 1 1 1 1 1 1 4 53
2424.23 0 3 1 1 1 1 2 1 3 53
2430.04 0 4 1 1 1 1 3 1 2 53
2431.83 0 3 1 1 1 1 2 1 3 53
2434.17 0 4 1 1 1 1 3 1 2 53
2438.77 1 5 1 1 0 1 3 1 2 53
2439.16 1 4 1 1 0 1 2 1 3 53
2439.88 1 5 1 1 0 1 3 1 2 53
2442.6 1 6 1 1 1 1 3 0 2 53
2453.76 1 7 1 1 1 1 4 0 1 53
2454.39 0 6 1 1 2 1 4 0 1 53
2455.59 0 5 1 1 2 1 3 0 2 53
2463.24 0 4 1 1 1 1 3 1 2 53
2463.7 1 5 1 1 0 1 3 1 2 53
2465.06 1 4 1 1 0 1 2 1 3 53
2465.62 1 3 1 1 0 1 1 1 4 53
2468.16 1 4 1 1 0 1 2 1 3 53
2469.93 1 5 1 1 0 1 3 1 2 53
2470.26 1 4 1 1 0 1 2 1 3 53
2493.35 1 4 1 1 1 2 1 1 3 53
2494.08 1 3 1 1 0 2 1 2 3 53
2506.89 1 4 1 1 0 2 2 2 2 53
2507.58 1 5 1 1 1 2 2 1 2 53
2509.91 1 4 1 1 1 2 1 1 3 53
2510.46 1 4 2 2 1 1 1 1 3 53
2515.04 1 5 2 2 1 1 2 1 2 53
2517.19 1 6 2 2 1 1 3 1 1 53
2517.25 1 5 2 2 1 1 2 1 2 53
2520.03 1 6 2 2 1 1 3 1 1 53
2524.59 1 6 1 1 1 2 3 1 1 53
2527.24 0 5 1 1 2 2 3 1 1 53
2529.92 0 6 1 1 3 2 3 0 1 53
2532.03 0 6 1 1 2 1 4 0 1 53
2532.61 0 5 1 1 2 1 3 0 2 53
2535.76 0 6 1 1 2 1 4 0 1 53
2536.26 0 5 1 1 2 1 3 0 2 53
2542.68 0 6 1 1 2 1 4 0 1 53
2542.95 0 7 1 1 2 1 5 0 0 53
2543.5 0 6 1 1 2 1 4 0 1 53
2546.65 0 5 1 1 1 1 4 1 1 53
2546.95 0 4 1 1 0 1 4 2 1 53
2552.53 0 3 1 1 0 1 3 2 2 53
2555.82 0 2 1 1 0 1 2 2 3 53
2571.62 0 3 1 1 1 1 2 1 3 53
2580.02 0 2 1 1 0 1 2 2 3 53
2592.92 0 3 1 1 0 1 3 2 2 53
2598.33 0 3 1 1 1 2 2 2 2 53
2600.99 0 4 1 1 1 2 3 2 1 53
2603.16 0 3 1 1 1 2 2 2 2 53
2612.94 0 4 1 1 2 2 2 1 2 53
2619.51 0 5 1 1 2 2 3 1 1 53
2626.35 0 4 1 1 2 2 2 1 2 53
2627.08 0 4 0 0 2 3 2 1 2 53
2631.55 1 5 0 0 1 3 2 1 2 53
2634.4 1 5 0 0 1 2 2 0 2 54
2639.73 1 4 0 0 1 2 1 0 3 54
2647.84 1 4 1 1 1 1 1 0 3 54
2648.98 1 5 1 1 1 1 2 0 2 54
2649.83 1 6 1 1 1 1 3 0 1 54
2651.43 1 7 1 1 1 1 4 0 0 54
2658.74 1 6 1 1 1 1 3 0 1 54
2661.13 1 5 1 1 1 1 2 0 2 54
2667.48 0 4 1 1 2 1 2 0 2 54
2674.52 0 5 1 1 2 1 3 0 1 54
2678.35 0 4 1 1 2 1 2 0 2 54
2679.94 0 3 1 1 1 1 2 1 2 54
2688.64 0 4 1 1 1 1 3 1 1 54
2690.04 0 4 1 1 1 2 3 2 1 53
2691 0 5 1 1 2 2 3 1 1 53
2692.69 0 4 1 1 2 2 2 1 2 53
2694.9 0 5 1 1 2 2 3 1 1 53
2696.93 0 5 1 1 2 1 3 0 1 54
2700.71 0 4 1 1 2 1 2 0 2 54
2705.2 0 3 1 1 2 1 1 0 3 54
2715.56 0 4 1 1 2 1 2 0 2 54
2725.83 0 3 1 1 2 1 1 0 3 54
2727.81 0 4 1 1 2 1 2 0 2 54
2730.03 0 5 1 1 2 1 3 0 1 54
2732.05 1 6 1 1 1 1 3 0 1 54
2733.94 1 7 1 1 1 1 4 0 0 54
2733.97 1 6 1 1 1 1 3 0 1 54
2737.37 1 6 0 0 1 2 3 0 1 54
2737.39 0 5 0 0 2 2 3 0 1 54
2743.85 1 6 0 0 1 2 3 0 1 54
2753.2 1 5 0 0 0 2 3 1 1 54
2753.42 1 4 0 0 0 2 2 1 2 54
2756.6 1 4 0 0 0 1 2 0 2 55
2765.02 1 5 0 0 0 1 3 0 1 55
2766.56 1 4 0 0 0 1 2 0 2 55
2766.67 1 5 0 0 0 1 3 0 1 55
2770.29 0 4 0 0 1 1 3 0 1 55
2770.44 0 3 0 0 1 1 2 0 2 55
2773.25 0 3 1 1 1 0 2 0 2 55
2773.76 0 2 1 1 1 0 1 0 3 55
2781.72 0 3 1 1 1 0 2 0 2 55
2799.2 0 2 1 1 1 0 1 0 3 55
2801.32 0 3 1 1 1 0 2 0 2 55
2806.39 0 4 1 1 1 0 3 0 1 55
2810.13 0 3 1 1 0 0 3 1 1 55
2815.79 0 2 1 1 0 0 2 1 2 55
2826.03 0 3 1 1 0 0 3 1 1 55
2842.28 0 4 1 1 0 0 4 1 0 55
2843.18 0 3 1 1 0 0 3 1 1 55
2846.55 0 3 1 1 1 1 2 1 1 55
2847.31 0 3 2 2 1 0 2 1 1 55
2852.6 0 2 2 2 1 0 1 1 2 55
2855.07 1 3 2 2 0 0 1 1 2 55
2859.97 1 3 1 1 0 1 1 1 2 55
2860.52 1 3 1 1 0 0 1 0 2 56
2866.81 1 3 0 0 0 1 1 0 2 56
2868.05 1 4 0 0 0 1 2 0 1 56
2873.59 1 3 0 0 0 1 1 0 2 56
2874.4 1 4 0 0 0 1 2 0 1 56
2883.84 1 3 0 0 0 1 1 0 2 56
2890.26 1 4 0 0 0 1 2 0 1 56
2890.75 1 4 0 0 1 2 1 0 1 56
2901.97 0 3 0 0 2 2 1 0 1 56
2905.82 0 3 0 0 1 1 2 0 1 56
2912.49 0 2 0 0 1 1 1 0 2 56
2916.13 1 3 0 0 0 1 1 0 2 56
2918.41 0 2 0 0 1 1 1 0 2 56
2921.88 0 2 1 1 1 0 1 0 2 56
2928.94 0 1 1 1 1 0 0 0 3 56
2931.55 0 2 1 1 1 0 1 0 2 56
2937.68 0 1 1 1 1 0 0 0 3 56
2942.54 0 2 1 1 1 0 1 0 2 56
2946 0 2 1 1 1 1 1 1 2 55
2946.95 0 3 1 1 1 1 2 1 1 55
2948.04 0 2 1 1 1 1 1 1 2 55
2948.52 0 2 1 1 1 0 1 0 2 56
2949.86 0 3 1 1 1 0 2 0 1 56
2950.03 0 3 1 1 1 1 2 1 1 55
2950.64 0 3 1 1 1 0 2 0 1 56
2950.72 0 2 1 1 1 0 1 0 2 56
2954.61 0 3 1 1 1 0 2 0 1 56
2958.97 0 2 1 1 1 0 1 0 2 56
2962.74 0 1 1 1 0 0 1 1 2 56
2965.41 0 1 0 0 0 1 1 1 2 56
2978.26 0 2 0 0 0 1 2 1 1 56
2989.29 0 3 0 0 0 1 3 1 0 56
2993.98 0 3 0 0 1 2 2 1 0 56
2994.01 0 2 0 0 1 2 1 1 1 56
2995.64 0 3 0 0 1 2 2 1 0 56
2997.39 1 4 0 0 0 2 2 1 0 56
2997.62 1 4 0 0 0 1 2 0 0 57
2998.63 1 4 1 1 0 0 2 0 0 57
2998.63 1 4 1 1 0 0 2 0 0 57
