0 60 120 60 60 0 0 0 0 0 0
0.000726043 59 119 60 60 1 0 0 0 0 0
0.0432425 58 118 60 60 2 0 0 0 0 0
0.0520068 57 117 60 60 3 0 0 0 0 0
0.0575608 56 116 60 60 4 0 0 0 0 0
0.0729559 55 115 60 60 5 0 0 0 0 0
0.0750543 54 114 60 60 6 0 0 0 0 0
0.0761082 53 113 60 60 7 0 0 0 0 0
0.108757 52 112 60 60 8 0 0 0 0 0
0.123254 51 111 60 60 9 0 0 0 0 0
0.145935 50 110 60 60 10 0 0 0 0 0
0.153069 49 109 60 60 11 0 0 0 0 0
0.165185 48 108 60 60 12 0 0 0 0 0
0.174117 47 107 60 60 13 0 0 0 0 0
0.182065 46 106 60 60 14 0 0 0 0 0
0.200803 45 105 60 60 15 0 0 0 0 0
0.223541 44 104 60 60 16 0 0 0 0 0
0.223561 43 103 60 60 17 0 0 0 0 0
0.228359 43 103 59 59 17 1 0 0 0 0
0.232126 42 102 59 59 18 1 0 0 0 0
0.240606 41 101 59 59 19 1 0 0 0 0
0.251663 40 100 59 59 20 1 0 0 0 0
0.268561 39 99 59 59 21 1 0 0 0 0
0.28067 38 98 59 59 22 1 0 0 0 0
0.288666 38 98 58 58 22 2 0 0 0 0
0.293787 38 98 57 57 22 3 0 0 0 0
0.337095 37 97 57 57 23 3 0 0 0 0
0.357942 37 97 56 56 23 4 0 0 0 0
0.371456 37 96 56 56 22 4 0 1 0 0
0.371921 37 95 56 56 21 4 0 2 0 0
0.374884 36 94 56 56 22 4 0 2 0 0
0.391577 35 93 56 56 23 4 0 2 0 0
0.405091 34 92 56 56 24 4 0 2 0 0
0.42706 33 91 56 56 25 4 0 2 0 0
0.429617 32 90 56 56 26 4 0 2 0 0
0.440722 32 90 55 55 26 5 0 2 0 0
0.478441 32 89 55 55 25 5 0 3 0 0
0.481785 32 89 54 54 25 6 0 3 0 0
0.498767 31 88 54 54 26 6 0 3 0 0
0.502109 31 87 54 54 25 6 0 4 0 0
0.557741 31 87 53 53 25 7 0 4 0 0
0.563376 30 86 53 53 26 7 0 4 0 0
0.566517 30 86 53 53 26 6 0 3 0 1
0.576657 29 85 53 53 27 6 0 3 0 1
0.581512 29 85 52 52 27 7 0 3 0 1
0.60779 29 85 51 51 27 8 0 3 0 1
0.612575 29 85 50 50 27 9 0 3 0 1
0.621365 28 84 50 50 28 9 0 3 0 1
0.622335 28 83 50 50 27 9 0 4 0 1
0.642081 28 82 50 50 26 9 0 5 0 1
0.643723 28 81 50 50 25 9 0 6 0 1
0.673885 27 80 50 50 26 9 0 6 0 1
0.67706 26 79 50 50 27 9 0 6 0 1
0.693269 25 78 50 50 28 9 0 6 0 1
0.717371 24 77 50 50 29 9 0 6 0 1
0.751789 24 77 49 49 29 10 0 6 0 1
0.75612 24 76 49 49 28 10 0 7 0 1
0.772925 24 76 48 48 28 11 0 7 0 1
0.77508 23 75 48 48 29 11 0 7 0 1
0.777103 23 75 48 48 28 10 1 7 0 1
0.789475 22 74 48 48 29 10 1 7 0 1
0.81818 22 74 47 47 29 11 1 7 0 1
0.824623 22 73 47 47 28 11 1 8 0 1
0.838155 22 72 47 47 27 11 1 9 0 1
0.843759 22 71 47 47 26 11 1 10 0 1
0.859717 22 70 47 47 25 11 1 11 0 1
0.865687 22 69 47 47 24 11 1 12 0 1
0.873345 22 69 46 46 24 12 1 12 0 1
0.879838 21 68 46 46 25 12 1 12 0 1
0.883578 20 67 46 46 26 12 1 12 0 1
0.903239 19 66 46 46 27 12 1 12 0 1
0.924669 19 66 45 45 27 13 1 12 0 1
0.92563 19 65 45 45 26 13 1 13 0 1
0.927939 19 64 45 45 25 13 1 14 0 1
0.930819 19 63 45 45 24 13 1 15 0 1
0.94732 19 63 44 44 24 14 1 15 0 1
0.94803 19 62 44 44 23 14 1 16 0 1
0.954237 19 61 44 44 22 14 1 17 0 1
0.964236 19 61 43 43 22 15 1 17 0 1
0.988845 19 61 42 42 22 16 1 17 0 1
1.02838 19 60 42 42 21 16 1 18 0 1
1.07768 18 59 42 42 22 16 1 18 0 1
1.09059 18 58 42 42 21 16 1 19 0 1
1.10312 18 58 41 41 21 17 1 19 0 1
1.17692 18 58 40 40 21 18 1 19 0 1
1.19911 18 58 39 39 21 19 1 19 0 1
1.21682 18 58 39 39 21 18 1 18 0 2
1.22382 18 58 38 38 21 19 1 18 0 2
1.2318 18 57 38 38 20 19 1 19 0 2
1.26187 18 56 38 38 19 19 1 20 0 2
1.28213 18 56 38 38 19 18 1 19 0 3
1.34951 18 56 37 37 19 19 1 19 0 3
1.36005 18 56 37 37 19 18 1 18 0 4
1.40965 18 56 36 36 19 19 1 18 0 4
1.45435 18 56 36 36 18 18 2 18 0 4
1.45782 18 56 35 35 18 19 2 18 0 4
1.47774 17 55 35 35 19 19 2 18 0 4
1.49927 16 54 35 35 20 19 2 18 0 4
1.49953 15 53 35 35 21 19 2 18 0 4
1.51698 14 52 35 35 22 19 2 18 0 4
1.52934 13 51 35 35 23 19 2 18 0 4
1.54682 13 51 34 34 23 20 2 18 0 4
1.54727 13 51 33 33 23 21 2 18 0 4
1.55607 13 50 33 33 22 21 2 19 0 4
1.63449 12 49 33 33 23 21 2 19 0 4
1.66577 12 48 33 33 22 21 2 20 0 4
1.75529 12 48 33 33 21 20 3 20 0 4
1.82541 12 47 33 33 20 20 3 21 0 4
1.85403 12 47 32 32 20 21 3 21 0 4
1.90954 12 46 32 32 19 21 3 22 0 4
2.04909 11 45 32 32 20 21 3 22 0 4
2.10333 11 44 32 32 20 21 2 22 1 4
2.16355 11 43 32 32 19 21 2 23 1 4
2.17324 11 43 31 31 19 22 2 23 1 4
2.17362 11 43 30 30 19 23 2 23 1 4
2.22466 11 42 30 30 18 23 2 24 1 4
2.25568 11 42 30 30 18 22 2 23 1 5
2.25755 11 42 30 30 17 21 3 23 1 5
2.30878 11 41 30 30 16 21 3 24 1 5
2.37496 11 41 29 29 16 22 3 24 1 5
2.37922 11 40 29 29 15 22 3 25 1 5
2.49142 10 39 29 29 16 22 3 25 1 5
2.56239 10 39 28 28 16 23 3 25 1 5
2.57154 10 38 28 28 15 23 3 26 1 5
2.59315 9 37 28 28 16 23 3 26 1 5
2.63186 9 36 28 28 15 23 3 27 1 5
2.70788 9 35 28 28 14 23 3 28 1 5
2.77541 9 35 28 28 13 22 4 28 1 5
2.81008 8 34 28 28 14 22 4 28 1 5
2.83051 8 34 28 28 13 21 5 28 1 5
2.87162 8 34 29 29 13 20 5 28 1 5
2.95682 8 34 29 29 13 19 5 27 1 6
2.96299 8 34 28 28 13 20 5 27 1 6
3.00905 8 34 27 27 13 21 5 27 1 6
3.0147 8 33 27 27 12 21 5 28 1 6
3.03839 8 33 27 27 12 20 5 27 1 7
3.10093 8 33 27 27 12 19 5 26 1 8
3.11261 8 32 27 27 12 19 4 26 2 8
3.42524 8 31 27 27 11 19 4 27 2 8
3.50609 8 30 27 27 10 19 4 28 2 8
3.52704 8 30 27 27 10 18 4 27 2 9
3.60072 8 30 27 27 10 17 4 26 2 10
3.65542 8 29 27 27 10 17 3 26 3 10
3.72007 9 30 27 27 9 17 3 26 3 10
3.7495 8 29 27 27 10 17 3 26 3 10
3.80235 7 28 27 27 11 17 3 26 3 10
4.01554 7 27 27 27 10 17 3 27 3 10
4.20425 7 27 27 27 10 16 3 26 3 11
4.21821 7 27 27 27 9 15 4 26 3 11
4.35711 7 26 27 27 8 15 4 27 3 11
4.49096 7 26 27 27 8 14 4 26 3 12
4.53871 7 26 26 26 8 15 4 26 3 12
4.58421 7 26 25 25 8 16 4 26 3 12
4.79013 7 25 25 25 8 16 3 26 4 12
5.15591 7 25 24 24 8 17 3 26 4 12
5.28172 7 25 24 24 8 16 3 25 4 13
5.50372 7 24 24 24 8 16 2 25 5 13
5.53883 7 24 24 24 7 15 3 25 5 13
5.72285 6 23 24 24 8 15 3 25 5 13
5.79027 6 23 24 24 8 14 3 24 5 14
5.98502 6 23 24 24 8 13 3 23 5 15
5.99607 6 23 23 23 8 14 3 23 5 15
6.04594 6 23 24 24 8 13 3 23 5 15
6.26171 6 23 23 23 8 14 3 23 5 15
6.33702 6 23 22 22 8 15 3 23 5 15
6.52346 6 22 22 22 7 15 3 24 5 15
6.7915 6 22 22 22 7 14 3 23 5 16
6.99535 6 21 22 22 6 14 3 24 5 16
7.30624 6 21 21 21 6 15 3 24 5 16
7.48036 5 20 21 21 7 15 3 24 5 16
7.54227 5 20 20 20 7 16 3 24 5 16
7.56714 5 20 20 20 7 15 3 23 5 17
7.57276 5 20 20 20 6 14 4 23 5 17
7.79454 4 19 20 20 7 14 4 23 5 17
7.87137 4 18 20 20 6 14 4 24 5 17
7.88998 4 18 20 20 6 13 4 23 5 18
7.96382 4 18 20 20 6 12 4 22 5 19
7.99177 4 18 19 19 6 13 4 22 5 19
8.03746 4 18 19 19 6 12 4 21 5 20
8.11407 4 18 18 18 6 13 4 21 5 20
8.35894 4 18 18 18 6 12 4 20 5 21
8.39218 4 18 17 17 6 13 4 20 5 21
8.52201 4 18 18 18 6 12 4 20 5 21
8.5425 4 18 18 18 5 11 5 20 5 21
8.828 3 17 18 18 6 11 5 20 5 21
8.92425 3 17 18 18 6 10 5 19 5 22
9.04028 3 17 17 17 6 11 5 19 5 22
9.20926 3 17 17 17 5 10 6 19 5 22
9.24976 3 16 17 17 5 10 5 19 6 22
9.36541 3 16 16 16 5 11 5 19 6 22
9.74091 3 16 15 15 5 12 5 19 6 22
9.7518 3 16 15 15 5 11 5 18 6 23
10.1544 3 16 15 15 5 10 5 17 6 24
10.1935 3 16 15 15 5 9 5 16 6 25
10.2778 3 16 14 14 5 10 5 16 6 25
10.2822 3 16 14 14 5 9 5 15 6 26
10.7639 3 16 14 14 5 8 5 14 6 27
11.3821 3 15 14 14 5 8 4 14 7 27
11.463 3 16 14 14 5 8 5 14 6 27
11.4689 3 16 14 14 5 7 5 13 6 28
11.4704 3 15 14 14 5 7 4 13 7 28
11.6102 3 15 14 14 4 6 5 13 7 28
11.6604 3 15 14 14 5 7 4 13 7 28
11.6864 3 14 14 14 4 7 4 14 7 28
11.9197 3 14 13 13 4 8 4 14 7 28
11.946 3 13 13 13 4 8 3 14 8 28
12.0169 3 13 13 13 4 7 3 13 8 29
12.5072 3 13 14 14 4 6 3 13 8 29
12.6552 3 14 14 14 5 6 3 12 8 29
12.7535 3 14 13 13 5 7 3 12 8 29
13.018 3 13 13 13 4 7 3 13 8 29
13.7787 3 13 13 13 3 6 4 13 8 29
14.0218 3 13 12 12 3 7 4 13 8 29
14.0242 3 13 11 11 3 8 4 13 8 29
14.8863 3 14 11 11 4 8 4 12 8 29
17.0456 2 13 11 11 5 8 4 12 8 29
17.2702 2 12 11 11 4 8 4 13 8 29
17.4689 2 12 10 10 4 9 4 13 8 29
17.7026 2 11 10 10 4 9 3 13 9 29
17.7401 2 12 10 10 4 9 4 13 8 29
17.7985 2 12 10 10 4 8 4 12 8 30
18.1168 2 12 10 10 4 7 4 11 8 31
18.2768 2 11 10 10 3 7 4 12 8 31
18.5547 2 11 9 9 3 8 4 12 8 31
18.7778 2 11 8 8 3 9 4 12 8 31
19.0645 2 12 8 8 3 9 5 12 7 31
19.1299 2 12 8 8 3 8 5 11 7 32
19.4749 2 12 8 8 2 7 6 11 7 32
19.6425 2 11 8 8 2 7 5 11 8 32
20.0135 2 11 8 8 2 6 5 10 8 33
20.4792 2 10 8 8 2 6 4 10 9 33
20.6014 2 11 8 8 2 6 5 10 8 33
20.6078 2 11 8 8 1 5 6 10 8 33
21.6607 2 10 8 8 1 5 5 10 9 33
21.8277 1 9 8 8 2 5 5 10 9 33
22.4134 1 9 8 8 2 4 5 9 9 34
22.5389 1 9 8 8 2 3 5 8 9 35
23.6904 1 8 8 8 2 3 4 8 10 35
24.5321 1 8 8 8 2 2 4 7 10 36
24.8193 1 9 8 8 2 2 5 7 9 36
24.9757 1 9 7 7 2 3 5 7 9 36
25.171 1 9 7 7 2 2 5 6 9 37
25.47 1 9 6 6 2 3 5 6 9 37
25.5517 1 8 6 6 2 3 4 6 10 37
26.0116 1 7 6 6 2 3 3 6 11 37
28.5866 1 8 6 6 2 3 4 6 10 37
28.8207 1 9 6 6 2 3 5 6 9 37
29.033 1 9 7 7 2 2 5 6 9 37
30.5207 1 10 7 7 2 2 6 6 8 37
31.6491 1 11 7 7 2 2 7 6 7 37
31.7345 1 10 7 7 2 2 6 6 8 37
32.3391 1 9 7 7 1 2 6 7 8 37
33.4429 1 8 7 7 1 2 5 7 9 37
35.172 1 7 7 7 1 2 4 7 10 37
36.6136 1 8 7 7 1 2 5 7 9 37
37.5371 1 9 7 7 2 2 5 6 9 37
37.6237 0 8 7 7 3 2 5 6 9 37
38.0265 0 7 7 7 2 2 5 7 9 37
39.3039 0 6 7 7 2 2 4 7 10 37
39.4301 0 7 7 7 2 2 5 7 9 37
39.6237 0 8 7 7 2 2 6 7 8 37
39.9296 0 7 7 7 2 2 5 7 9 37
40.1867 0 6 7 7 2 2 4 7 10 37
41.3554 0 7 7 7 2 2 5 7 9 37
42.3865 0 6 7 7 2 2 4 7 10 37
42.6939 0 6 6 6 2 3 4 7 10 37
42.7535 0 6 5 5 2 4 4 7 10 37
42.9328 0 6 4 4 2 5 4 7 10 37
43.3102 0 7 4 4 2 5 5 7 9 37
43.6772 0 8 4 4 2 5 6 7 8 37
43.9697 0 9 4 4 2 5 7 7 7 37
44.1587 0 9 4 4 2 4 7 6 7 38
44.1761 0 8 4 4 2 4 6 6 8 38
46.0503 0 7 4 4 2 4 5 6 9 38
46.2423 0 8 4 4 3 4 5 5 9 38
46.3091 0 8 4 4 3 3 5 4 9 39
46.4395 0 8 4 4 3 2 5 3 9 40
48.5634 0 8 4 4 3 1 5 2 9 41
48.5758 0 7 4 4 3 1 4 2 10 41
49.5054 0 6 4 4 3 1 3 2 11 41
49.8082 0 6 3 3 3 2 3 2 11 41
50.8992 0 7 3 3 3 2 4 2 10 41
52.645 0 6 3 3 3 2 3 2 11 41
52.8359 0 7 3 3 3 2 4 2 10 41
55.1673 0 6 3 3 2 2 4 3 10 41
55.6928 0 7 3 3 2 2 5 3 9 41
56.6908 0 6 3 3 1 2 5 4 9 41
57.9907 0 5 3 3 0 2 5 5 9 41
58.3956 0 5 4 4 0 1 5 5 9 41
59.1956 0 6 4 4 0 1 6 5 8 41
60.329 0 5 4 4 0 1 5 5 9 41
63.0959 0 4 4 4 0 1 4 5 10 41
67.102 0 3 4 4 0 1 3 5 11 41
67.3285 0 3 3 3 0 2 3 5 11 41
68.1435 0 3 3 3 0 1 3 4 11 42
70.1346 0 4 3 3 0 1 4 4 10 42
71.6399 0 5 3 3 0 1 5 4 9 42
75.9483 0 6 3 3 0 1 6 4 8 42
76.0844 0 7 3 3 0 1 7 4 7 42
77.1497 0 7 2 2 0 2 7 4 7 42
78.37 0 6 2 2 0 2 6 4 8 42
78.6469 0 7 2 2 0 2 7 4 7 42
79.5367 0 6 2 2 0 2 6 4 8 42
81.8583 0 5 2 2 0 2 5 4 9 42
82.5441 0 6 2 2 0 2 6 4 8 42
82.8447 0 5 2 2 0 2 5 4 9 42
85.0059 0 6 2 2 1 2 5 3 9 42
86.4785 0 5 2 2 1 2 4 3 10 42
88.9166 0 4 2 2 1 2 3 3 11 42
90.4762 0 5 2 2 1 2 4 3 10 42
91.5284 0 6 2 2 1 2 5 3 9 42
94.2321 0 7 2 2 1 2 6 3 8 42
95.4431 0 6 2 2 1 2 5 3 9 42
96.4193 0 5 2 2 1 2 4 3 10 42
99.6378 0 6 2 2 1 2 5 3 9 42
101.202 0 6 3 3 1 1 5 3 9 42
106.207 0 5 3 3 1 1 4 3 10 42
107.924 0 6 3 3 1 1 5 3 9 42
109.465 1 7 3 3 0 1 5 3 9 42
109.78 1 8 3 3 1 1 5 2 9 42
111.305 1 8 4 4 1 0 5 2 9 42
115.41 1 7 4 4 1 0 4 2 10 42
116.156 1 6 4 4 1 0 3 2 11 42
116.406 1 7 4 4 1 0 4 2 10 42
117.099 1 7 3 3 1 1 4 2 10 42
117.936 0 6 3 3 2 1 4 2 10 42
118.115 0 7 3 3 2 1 5 2 9 42
118.178 0 6 3 3 2 1 4 2 10 42
118.38 0 6 3 3 2 0 4 1 10 43
119.225 0 7 3 3 2 0 5 1 9 43
120.488 0 8 3 3 2 0 6 1 8 43
121.354 0 7 3 3 2 0 5 1 9 43
127.504 0 8 3 3 2 0 6 1 8 43
127.587 0 7 3 3 2 0 5 1 9 43
129.15 0 8 3 3 2 0 6 1 8 43
130.555 0 7 3 3 1 0 6 2 8 43
132.082 0 6 3 3 1 0 5 2 9 43
135.732 0 7 3 3 1 0 6 2 8 43
136.218 0 8 3 3 1 0 7 2 7 43
136.825 0 7 3 3 1 0 6 2 8 43
139.798 0 6 3 3 1 0 5 2 9 43
141.43 0 7 3 3 2 0 5 1 9 43
141.749 0 6 3 3 2 0 4 1 10 43
143.771 0 7 3 3 2 0 5 1 9 43
144.197 0 8 3 3 2 0 6 1 8 43
144.777 0 7 3 3 2 0 5 1 9 43
145.337 0 7 2 2 2 1 5 1 9 43
146.261 0 8 2 2 2 1 6 1 8 43
146.425 0 7 2 2 2 1 5 1 9 43
146.442 0 6 2 2 2 1 4 1 10 43
149.204 0 5 2 2 2 1 3 1 11 43
149.681 0 6 2 2 2 1 4 1 10 43
150.373 0 7 2 2 2 1 5 1 9 43
151.823 0 6 2 2 2 1 4 1 10 43
152.278 0 7 2 2 2 1 5 1 9 43
152.996 0 8 2 2 2 1 6 1 8 43
156.428 0 9 2 2 2 1 7 1 7 43
156.647 0 10 2 2 2 1 8 1 6 43
158.28 0 9 2 2 2 1 7 1 7 43
159.077 0 10 2 2 2 1 8 1 6 43
159.255 0 9 2 2 2 1 7 1 7 43
159.268 0 8 2 2 2 1 6 1 8 43
161.412 0 7 2 2 1 1 6 2 8 43
164.164 0 7 1 1 1 2 6 2 8 43
164.305 0 6 1 1 1 2 5 2 9 43
166.691 0 5 1 1 1 2 4 2 10 43
168.123 0 6 1 1 1 2 5 2 9 43
169.132 0 6 1 1 0 1 6 2 9 43
169.605 0 7 1 1 0 1 7 2 8 43
171.199 0 6 1 1 0 1 6 2 9 43
171.629 0 7 1 1 0 1 7 2 8 43
173.35 0 8 1 1 0 1 8 2 7 43
173.631 0 7 1 1 0 1 7 2 8 43
174.248 0 8 1 1 1 1 7 1 8 43
176.499 0 7 1 1 1 1 6 1 9 43
176.677 0 8 1 1 2 1 6 0 9 43
178.598 0 9 1 1 2 1 7 0 8 43
179.414 0 8 1 1 2 1 6 0 9 43
180.68 1 9 1 1 1 1 6 0 9 43
181.744 1 8 1 1 1 1 5 0 10 43
182.169 1 9 1 1 1 1 6 0 9 43
183.589 1 8 1 1 1 1 5 0 10 43
184.427 1 9 1 1 1 1 6 0 9 43
186.702 1 8 1 1 1 1 5 0 10 43
187.313 1 7 1 1 1 1 4 0 11 43
187.774 1 6 1 1 0 1 4 1 11 43
189.389 0 5 1 1 1 1 4 1 11 43
192.093 0 4 1 1 1 1 3 1 12 43
195.673 0 5 1 1 1 1 4 1 11 43
198.846 0 4 1 1 0 1 4 2 11 43
198.934 0 3 1 1 0 1 3 2 12 43
201.395 0 3 1 1 0 0 3 1 12 44
201.646 0 4 1 1 0 0 4 1 11 44
202.947 0 3 1 1 0 0 3 1 12 44
205.167 0 4 1 1 0 0 4 1 11 44
206.625 0 3 1 1 0 0 3 1 12 44
208.082 0 4 1 1 0 0 4 1 11 44
211.611 0 4 1 1 0 1 4 2 11 43
212.732 0 4 1 1 1 2 3 2 11 43
215.065 0 3 1 1 1 2 2 2 12 43
215.561 0 4 1 1 2 2 2 1 12 43
216.578 0 3 1 1 2 2 1 1 13 43
216.617 0 4 1 1 2 2 2 1 12 43
218.707 0 3 1 1 2 2 1 1 13 43
219.693 0 4 1 1 2 2 2 1 12 43
221.218 0 5 1 1 2 2 3 1 11 43
222.504 0 6 1 1 2 2 4 1 10 43
223.106 0 5 1 1 1 2 4 2 10 43
224.585 0 4 1 1 1 2 3 2 11 43
225.635 0 5 1 1 1 2 4 2 10 43
230.105 0 5 0 0 1 3 4 2 10 43
230.509 0 6 0 0 1 3 5 2 9 43
230.904 0 7 0 0 1 3 6 2 8 43
231.702 0 6 0 0 1 3 5 2 9 43
233.839 0 7 0 0 1 3 6 2 8 43
234.877 0 8 0 0 2 3 6 1 8 43
235.202 0 9 0 0 2 3 7 1 7 43
237.771 0 9 0 0 3 4 6 1 7 43
238.131 0 8 0 0 3 4 5 1 8 43
238.332 0 7 0 0 3 4 4 1 9 43
238.653 0 6 0 0 3 4 3 1 10 43
239.032 0 5 0 0 3 4 2 1 11 43
239.225 1 6 0 0 2 4 2 1 11 43
240.176 1 5 0 0 1 4 2 2 11 43
241.065 0 4 0 0 2 4 2 2 11 43
241.093 0 5 0 0 2 4 3 2 10 43
245.968 0 6 0 0 2 4 4 2 9 43
248.411 0 7 0 0 2 4 5 2 8 43
248.879 0 8 0 0 2 4 6 2 7 43
251.611 0 9 0 0 2 4 7 2 6 43
252.338 0 8 0 0 1 4 7 3 6 43
252.492 0 7 0 0 1 4 6 3 7 43
253.331 0 8 0 0 1 4 7 3 6 43
253.374 0 7 0 0 1 4 6 3 7 43
254.846 0 8 0 0 1 4 7 3 6 43
255.78 0 7 0 0 1 4 6 3 7 43
264.923 0 6 0 0 1 4 5 3 8 43
266.804 0 7 0 0 1 4 6 3 7 43
267.509 0 8 0 0 1 4 7 3 6 43
269.869 0 7 0 0 1 4 6 3 7 43
270.198 0 6 0 0 1 4 5 3 8 43
270.632 0 7 0 0 1 4 6 3 7 43
270.828 0 8 0 0 1 4 7 3 6 43
271.435 0 7 0 0 0 4 7 4 6 43
272.155 0 7 0 0 1 5 6 4 6 43
273.141 0 6 0 0 1 5 5 4 7 43
275.181 0 5 0 0 1 5 4 4 8 43
276.866 0 6 0 0 1 5 5 4 7 43
278.586 0 5 0 0 1 5 4 4 8 43
278.719 0 5 1 1 1 4 4 4 8 43
283.321 0 5 1 1 1 3 4 3 8 44
284.068 0 5 1 1 0 2 5 3 8 44
285.217 0 6 1 1 0 2 6 3 7 44
285.376 0 5 1 1 0 2 5 3 8 44
286.233 0 4 1 1 0 2 4 3 9 44
289.23 0 5 1 1 0 2 5 3 8 44
292.762 0 6 1 1 0 2 6 3 7 44
295.54 0 7 1 1 1 2 6 2 7 44
295.841 0 8 1 1 1 2 7 2 6 44
296.666 0 7 1 1 1 2 6 2 7 44
297.849 0 8 1 1 1 2 7 2 6 44
298.91 0 8 1 1 1 1 7 1 6 45
300.758 0 9 1 1 1 1 8 1 5 45
302.054 0 8 1 1 1 1 7 1 6 45
302.1 0 7 1 1 1 1 6 1 7 45
306.122 0 7 0 0 1 2 6 1 7 45
306.905 0 8 0 0 1 2 7 1 6 45
310.968 0 7 0 0 1 2 6 1 7 45
311.799 0 8 0 0 1 2 7 1 6 45
313.957 0 7 0 0 1 2 6 1 7 45
313.986 0 6 0 0 1 2 5 1 8 45
314.916 0 5 0 0 1 2 4 1 9 45
316.901 0 6 0 0 1 2 5 1 8 45
320.585 0 5 0 0 1 2 4 1 9 45
321.794 0 6 0 0 1 2 5 1 8 45
322.892 0 7 0 0 1 2 6 1 7 45
323.714 0 8 0 0 1 2 7 1 6 45
324.474 0 9 0 0 1 2 8 1 5 45
324.969 0 10 0 0 1 2 9 1 4 45
326.126 0 9 0 0 1 2 8 1 5 45
328.453 0 8 0 0 1 2 7 1 6 45
329.068 0 9 0 0 1 2 8 1 5 45
331.91 0 8 0 0 0 2 8 2 5 45
332.169 0 8 0 0 0 1 8 1 5 46
332.854 0 7 0 0 0 1 7 1 6 46
333.147 0 7 1 1 0 0 7 1 6 46
334.596 0 6 1 1 0 0 6 1 7 46
335.216 0 7 1 1 0 0 7 1 6 46
338.471 0 8 1 1 0 0 8 1 5 46
338.677 0 7 1 1 0 0 7 1 6 46
340.034 0 6 1 1 0 0 6 1 7 46
341.061 0 6 0 0 0 1 6 1 7 46
343.185 0 5 0 0 0 1 5 1 8 46
343.563 0 6 0 0 0 1 6 1 7 46
350.141 0 5 0 0 0 1 5 1 8 46
351.217 0 4 0 0 0 1 4 1 9 46
352.517 0 3 0 0 0 1 3 1 10 46
352.798 0 4 0 0 0 1 4 1 9 46
353.073 0 5 0 0 0 1 5 1 8 46
355.557 0 6 0 0 0 1 6 1 7 46
356.131 0 5 0 0 0 1 5 1 8 46
360.711 0 4 0 0 0 1 4 1 9 46
362.118 0 5 0 0 0 1 5 1 8 46
362.369 0 6 0 0 0 1 6 1 7 46
363.197 0 7 0 0 0 1 7 1 6 46
365.137 0 6 0 0 0 1 6 1 7 46
368.927 0 7 0 0 0 1 7 1 6 46
372.998 0 6 0 0 0 1 6 1 7 46
381.539 0 7 0 0 0 1 7 1 6 46
383.022 0 6 0 0 0 1 6 1 7 46
387.985 0 7 0 0 1 1 6 0 7 46
390.487 0 7 0 0 2 2 5 0 7 46
392.868 0 6 0 0 2 2 4 0 8 46
395.109 0 5 0 0 2 2 3 0 9 46
395.517 0 6 0 0 2 2 4 0 8 46
396.401 0 6 1 1 2 1 4 0 8 46
397.072 0 7 1 1 2 1 5 0 7 46
397.677 0 6 1 1 2 1 4 0 8 46
398.827 0 6 1 1 3 2 3 0 8 46
399.076 0 5 1 1 3 2 2 0 9 46
401.088 0 4 1 1 3 2 1 0 10 46
403.878 0 5 1 1 3 2 2 0 9 46
409.68 0 4 1 1 2 2 2 1 9 46
409.96 0 4 1 1 1 1 3 1 9 46
413.278 0 4 1 1 1 0 3 0 9 47
418.927 1 5 1 1 0 0 3 0 9 47
421.874 1 4 1 1 0 0 2 0 10 47
422.165 1 5 1 1 0 0 3 0 9 47
424.35 1 4 1 1 0 0 2 0 10 47
425.806 1 3 1 1 0 0 1 0 11 47
426.736 1 2 1 1 0 0 0 0 12 47
427.659 1 3 1 1 0 0 1 0 11 47
428.215 1 4 1 1 0 0 2 0 10 47
429.654 1 5 1 1 0 0 3 0 9 47
429.893 1 6 1 1 0 0 4 0 8 47
431.565 1 5 1 1 0 0 3 0 9 47
432.887 1 6 1 1 0 0 4 0 8 47
433.817 1 7 1 1 0 0 5 0 7 47
433.962 1 6 1 1 0 0 4 0 8 47
434.926 1 5 1 1 0 0 3 0 9 47
435.552 1 6 1 1 0 0 4 0 8 47
437.409 1 6 1 1 0 1 4 1 8 46
437.482 1 5 1 1 0 1 3 1 9 46
439.123 1 5 1 1 0 0 3 0 9 47
441.093 1 6 1 1 0 0 4 0 8 47
442.554 0 5 1 1 1 0 4 0 8 47
447.748 0 4 1 1 1 0 3 0 9 47
449.707 0 5 1 1 1 0 4 0 8 47
451.158 0 6 1 1 1 0 5 0 7 47
454.585 0 5 1 1 1 0 4 0 8 47
456.884 0 6 1 1 1 0 5 0 7 47
457.893 0 7 1 1 1 0 6 0 6 47
460.46 0 6 1 1 1 0 5 0 7 47
462.018 0 5 1 1 1 0 4 0 8 47
462.8 0 4 1 1 1 0 3 0 9 47
465.836 0 5 1 1 1 0 4 0 8 47
466.489 0 6 1 1 1 0 5 0 7 47
468.08 0 7 1 1 1 0 6 0 6 47
468.25 0 8 1 1 1 0 7 0 5 47
475.358 0 7 1 1 1 0 6 0 6 47
475.648 0 6 1 1 1 0 5 0 7 47
477.496 0 7 1 1 1 0 6 0 6 47
478.265 0 8 1 1 1 0 7 0 5 47
478.619 0 7 1 1 1 0 6 0 6 47
479.162 0 8 1 1 1 0 7 0 5 47
480.164 0 7 1 1 1 0 6 0 6 47
481.237 0 6 1 1 1 0 5 0 7 47
481.422 0 7 1 1 1 0 6 0 6 47
483.51 0 6 1 1 1 0 5 0 7 47
483.779 0 7 1 1 1 0 6 0 6 47
485.397 0 6 1 1 1 0 5 0 7 47
487.134 0 5 1 1 1 0 4 0 8 47
487.713 0 6 1 1 1 0 5 0 7 47
488.152 0 7 1 1 1 0 6 0 6 47
488.785 0 8 1 1 1 0 7 0 5 47
488.855 0 7 1 1 1 0 6 0 6 47
490.98 0 6 1 1 1 0 5 0 7 47
492.508 0 7 1 1 1 0 6 0 6 47
496.312 0 6 1 1 1 0 5 0 7 47
503.406 0 7 1 1 1 0 6 0 6 47
506.386 0 6 1 1 0 0 6 1 6 47
506.676 0 7 1 1 0 0 7 1 5 47
507.545 0 8 1 1 0 0 8 1 4 47
508.871 0 9 1 1 0 0 9 1 3 47
511.897 0 8 1 1 0 0 8 1 4 47
512.139 0 7 1 1 0 0 7 1 5 47
513.735 0 6 1 1 0 0 6 1 6 47
514.809 0 5 1 1 0 0 5 1 7 47
521.028 0 4 1 1 0 0 4 1 8 47
521.537 0 5 1 1 0 0 5 1 7 47
525.492 0 6 1 1 0 0 6 1 6 47
528.139 0 5 1 1 0 0 5 1 7 47
533.615 0 6 1 1 0 0 6 1 6 47
535.717 0 5 1 1 0 0 5 1 7 47
535.898 0 4 1 1 0 0 4 1 8 47
552.395 0 3 1 1 0 0 3 1 9 47
552.689 0 4 1 1 0 0 4 1 8 47
553.307 0 5 1 1 0 0 5 1 7 47
554.313 0 4 1 1 0 0 4 1 8 47
556.576 0 5 1 1 0 0 5 1 7 47
558.208 0 4 1 1 0 0 4 1 8 47
561.892 0 5 1 1 0 0 5 1 7 47
563.48 0 6 1 1 0 0 6 1 6 47
570.603 0 6 1 1 1 1 5 1 6 47
574.006 0 7 1 1 1 1 6 1 5 47
576.101 0 6 1 1 1 1 5 1 6 47
577.065 1 7 1 1 0 1 5 1 6 47
577.543 1 8 1 1 0 1 6 1 5 47
579.776 1 7 1 1 0 1 5 1 6 47
580.047 1 6 1 1 0 1 4 1 7 47
581.532 1 7 1 1 0 1 5 1 6 47
584.014 1 6 1 1 0 1 4 1 7 47
584.656 0 5 1 1 1 1 4 1 7 47
584.968 0 4 1 1 0 1 4 2 7 47
588.709 0 3 1 1 0 1 3 2 8 47
594.805 0 4 1 1 0 1 4 2 7 47
596.53 0 4 1 1 0 0 4 1 7 48
598.042 0 5 1 1 1 0 4 0 7 48
603.221 0 6 1 1 1 0 5 0 6 48
604.54 0 5 1 1 1 0 4 0 7 48
606.448 0 6 1 1 1 0 5 0 6 48
607.53 0 6 0 0 1 1 5 0 6 48
609.645 0 5 0 0 1 1 4 0 7 48
610.447 0 6 0 0 1 1 5 0 6 48
612.004 1 7 0 0 0 1 5 0 6 48
612.564 1 8 0 0 0 1 6 0 5 48
614.031 1 9 0 0 0 1 7 0 4 48
615.83 1 8 0 0 0 1 6 0 5 48
624.982 1 7 0 0 0 1 5 0 6 48
626.325 1 6 0 0 0 1 4 0 7 48
628.297 1 7 0 0 0 1 5 0 6 48
628.502 1 8 0 0 0 1 6 0 5 48
628.721 1 7 0 0 0 1 5 0 6 48
629.039 1 8 0 0 0 1 6 0 5 48
634.495 1 7 0 0 0 1 5 0 6 48
637.286 1 6 0 0 0 1 4 0 7 48
641.258 1 7 0 0 0 1 5 0 6 48
642.675 1 6 0 0 0 1 4 0 7 48
646.758 1 5 0 0 0 1 3 0 8 48
653.108 1 6 0 0 0 1 4 0 7 48
653.845 1 7 0 0 0 1 5 0 6 48
655.091 1 6 0 0 0 1 4 0 7 48
655.588 1 7 0 0 0 1 5 0 6 48
658.246 1 8 0 0 0 1 6 0 5 48
658.355 1 9 0 0 0 1 7 0 4 48
666.662 1 8 0 0 0 1 6 0 5 48
668.65 1 9 0 0 0 1 7 0 4 48
670.976 1 8 0 0 0 1 6 0 5 48
672.691 0 7 0 0 1 1 6 0 5 48
676.106 0 6 0 0 1 1 5 0 6 48
677.928 0 5 0 0 1 1 4 0 7 48
678.31 0 6 0 0 1 1 5 0 6 48
681.887 0 5 0 0 1 1 4 0 7 48
689.903 0 4 0 0 1 1 3 0 8 48
691.729 0 3 0 0 1 1 2 0 9 48
692.02 0 2 0 0 0 1 2 1 9 48
692.345 0 3 0 0 0 1 3 1 8 48
695.882 0 4 0 0 0 1 4 1 7 48
700.064 0 5 0 0 0 1 5 1 6 48
701.832 0 4 0 0 0 1 4 1 7 48
705.576 0 5 0 0 0 1 5 1 6 48
707.426 0 6 0 0 0 1 6 1 5 48
709.501 0 7 0 0 0 1 7 1 4 48
710.168 0 7 0 0 1 2 6 1 4 48
710.82 0 8 0 0 1 2 7 1 3 48
714.27 0 7 0 0 1 2 6 1 4 48
717.099 0 8 0 0 1 2 7 1 3 48
717.833 0 7 0 0 1 2 6 1 4 48
720.262 0 7 0 0 1 1 6 0 4 49
721.054 0 7 1 1 1 0 6 0 4 49
721.65 0 6 1 1 1 0 5 0 5 49
721.974 0 6 1 1 2 1 4 0 5 49
722.107 0 5 1 1 2 1 3 0 6 49
724.843 0 4 1 1 2 1 2 0 7 49
725.941 0 5 1 1 2 1 3 0 6 49
728.955 0 6 1 1 2 1 4 0 5 49
731.928 0 7 1 1 2 1 5 0 4 49
733.624 0 6 1 1 1 1 5 1 4 49
735.849 0 5 1 1 1 1 4 1 5 49
738.649 0 5 1 1 0 0 5 1 5 49
738.901 0 4 1 1 0 0 4 1 6 49
745.221 0 3 1 1 0 0 3 1 7 49
748.419 0 4 1 1 0 0 4 1 6 49
750.693 0 5 1 1 0 0 5 1 5 49
753.316 0 4 1 1 0 0 4 1 6 49
756.856 0 3 1 1 0 0 3 1 7 49
758.235 0 2 1 1 0 0 2 1 8 49
759.351 0 3 1 1 0 0 3 1 7 49
763.316 0 3 1 1 0 1 3 2 7 48
764.317 0 4 1 1 0 1 4 2 6 48
765.104 0 5 1 1 1 1 4 1 6 48
765.715 0 6 1 1 1 1 5 1 5 48
766.56 0 5 1 1 1 1 4 1 6 48
767.868 0 5 0 0 1 2 4 1 6 48
771.155 0 6 0 0 1 2 5 1 5 48
777.68 0 5 0 0 1 2 4 1 6 48
780.508 0 4 0 0 1 2 3 1 7 48
784.032 0 5 0 0 1 2 4 1 6 48
784.351 0 6 0 0 1 2 5 1 5 48
787.471 0 5 0 0 1 2 4 1 6 48
788.057 0 5 1 1 1 1 4 1 6 48
790.686 0 4 1 1 0 1 4 2 6 48
791.9 0 4 1 1 0 2 4 3 6 47
791.995 0 5 1 1 0 2 5 3 5 47
792.035 0 6 1 1 0 2 6 3 4 47
792.481 0 7 1 1 0 2 7 3 3 47
793.343 0 6 1 1 0 2 6 3 4 47
794.08 0 5 1 1 0 2 5 3 5 47
794.876 0 4 1 1 0 2 4 3 6 47
798.019 0 5 1 1 0 2 5 3 5 47
803.142 0 4 1 1 0 2 4 3 6 47
812.063 0 4 1 1 0 1 4 2 6 48
814.248 0 3 1 1 0 1 3 2 7 48
814.344 0 3 1 1 1 2 2 2 7 48
814.597 0 2 1 1 0 2 2 3 7 48
816.414 0 3 1 1 0 2 3 3 6 48
817.571 0 4 1 1 0 2 4 3 5 48
824.935 0 3 1 1 0 2 3 3 6 48
825.493 0 3 0 0 0 3 3 3 6 48
829.985 0 4 0 0 0 3 4 3 5 48
830.944 0 5 0 0 1 3 4 2 5 48
832.314 0 4 0 0 1 3 3 2 6 48
833.811 0 3 0 0 1 3 2 2 7 48
835.302 0 3 0 0 1 2 2 1 7 49
837.558 0 4 0 0 1 2 3 1 6 49
843.413 0 5 0 0 1 2 4 1 5 49
849.493 0 4 0 0 1 2 3 1 6 49
849.842 0 5 0 0 1 2 4 1 5 49
852.218 0 6 0 0 1 2 5 1 4 49
852.699 0 5 0 0 1 2 4 1 5 49
852.705 0 4 0 0 1 2 3 1 6 49
852.923 0 5 0 0 1 2 4 1 5 49
857.924 0 6 0 0 2 2 4 0 5 49
858.096 0 7 0 0 2 2 5 0 4 49
858.129 0 6 0 0 2 2 4 0 5 49
858.781 0 6 0 0 3 3 3 0 5 49
864.594 0 5 0 0 3 3 2 0 6 49
864.763 1 6 0 0 2 3 2 0 6 49
866.448 1 5 0 0 1 3 2 1 6 49
867.128 1 6 0 0 1 3 3 1 5 49
870.211 1 7 0 0 1 3 4 1 4 49
872.1 1 6 0 0 1 3 3 1 5 49
872.205 1 5 0 0 1 3 2 1 6 49
872.728 1 4 0 0 0 3 2 2 6 49
880.031 1 5 0 0 0 3 3 2 5 49
881.423 0 4 0 0 1 3 3 2 5 49
881.718 0 4 1 1 1 2 3 2 5 49
882.61 0 4 1 1 1 3 3 3 5 48
884.368 0 5 1 1 1 3 4 3 4 48
884.541 0 5 1 1 1 2 4 2 4 49
885.377 0 5 1 1 2 3 3 2 4 49
890.686 0 6 1 1 2 3 4 2 3 49
890.972 0 6 1 1 2 4 4 3 3 48
893.055 0 5 1 1 2 4 3 3 4 48
894.542 0 5 1 1 1 3 4 3 4 48
898.927 0 5 1 1 2 4 3 3 4 48
899.219 0 5 1 1 2 3 3 2 4 49
899.344 0 6 1 1 2 3 4 2 3 49
900.02 0 6 2 2 2 2 4 2 3 49
904.352 0 6 2 2 3 3 3 2 3 49
906.306 1 7 2 2 2 3 3 2 3 49
906.658 1 7 2 2 1 2 4 2 3 49
910.297 1 6 2 2 1 2 3 2 4 49
913.663 1 6 2 2 1 1 3 1 4 50
918.378 1 6 1 1 1 2 3 1 4 50
929.664 1 7 1 1 1 2 4 1 3 50
930.26 0 6 1 1 2 2 4 1 3 50
931.494 0 6 1 1 2 1 4 0 3 51
937.622 0 7 1 1 2 1 5 0 2 51
937.897 0 6 1 1 2 1 4 0 3 51
938.295 0 7 1 1 2 1 5 0 2 51
942.117 0 6 1 1 1 1 5 1 2 51
944.067 0 5 1 1 1 1 4 1 3 51
946.105 0 4 1 1 1 1 3 1 4 51
946.73 0 5 1 1 1 1 4 1 3 51
947.035 0 4 1 1 1 1 3 1 4 51
951.419 0 5 1 1 1 1 4 1 3 51
954.537 0 4 1 1 1 1 3 1 4 51
959.348 0 4 1 1 2 2 2 1 4 51
959.451 0 3 1 1 1 2 2 2 4 51
960.918 0 4 1 1 2 2 2 1 4 51
965.995 0 3 1 1 1 2 2 2 4 51
975.646 0 4 1 1 1 2 3 2 3 51
975.731 0 3 1 1 1 2 2 2 4 51
977.744 0 4 1 1 1 2 3 2 3 51
979.204 0 3 1 1 0 2 3 3 3 51
979.886 0 4 1 1 0 2 4 3 2 51
989.244 0 3 1 1 0 2 3 3 3 51
989.836 0 4 1 1 0 2 4 3 2 51
992.684 0 5 1 1 0 2 5 3 1 51
998.773 0 4 1 1 0 2 4 3 2 51
999.522 0 3 1 1 0 2 3 3 3 51
1012.63 0 2 1 1 0 2 2 3 4 51
1013.67 0 2 1 1 0 1 2 2 4 52
1015.6 0 3 1 1 0 1 3 2 3 52
1017.97 0 2 1 1 0 1 2 2 4 52
1019.64 0 3 1 1 0 1 3 2 3 52
1021.46 0 4 1 1 0 1 4 2 2 52
1024.7 0 4 1 1 1 2 3 2 2 52
1025.23 0 5 1 1 2 2 3 1 2 52
1027.29 0 4 1 1 1 2 3 2 2 52
1030.84 0 3 1 1 1 2 2 2 3 52
1036.13 0 3 1 1 1 1 2 1 3 53
1038.5 0 2 1 1 1 1 1 1 4 53
1038.74 0 2 1 1 1 2 1 2 4 52
1039.84 0 1 1 1 1 2 0 2 5 52
1043.89 0 2 1 1 1 2 1 2 4 52
1046.84 1 3 1 1 0 2 1 2 4 52
1048.41 1 3 1 1 0 1 1 1 4 53
1050.87 1 3 1 1 1 2 0 1 4 53
1051.2 1 3 1 1 0 1 1 1 4 53
1053.57 1 4 1 1 0 1 2 1 3 53
1054.05 1 3 1 1 0 1 1 1 4 53
1058.99 1 4 1 1 0 1 2 1 3 53
1059.55 1 3 1 1 0 1 1 1 4 53
1065.01 1 4 1 1 0 1 2 1 3 53
1066.8 1 5 1 1 0 1 3 1 2 53
1068.49 1 6 1 1 0 1 4 1 1 53
1078.21 1 5 1 1 0 1 3 1 2 53
1078.37 1 5 1 1 0 2 3 2 2 52
1083.45 1 6 1 1 0 2 4 2 1 52
1091.05 1 5 1 1 0 2 3 2 2 52
1095.78 1 5 1 1 0 1 3 1 2 53
1096.28 1 6 1 1 0 1 4 1 1 53
1097.35 1 5 1 1 0 1 3 1 2 53
1103.11 1 5 2 2 0 0 3 1 2 53
1104.87 1 6 2 2 0 0 4 1 1 53
1109.4 1 5 2 2 0 0 3 1 2 53
1119.52 1 4 2 2 0 0 2 1 3 53
1120.22 1 5 2 2 1 0 2 0 3 53
1121.08 1 5 1 1 1 1 2 0 3 53
1125.29 1 4 1 1 0 1 2 1 3 53
1126.27 1 5 1 1 1 1 2 0 3 53
1130.2 1 6 1 1 1 1 3 0 2 53
1135.88 1 5 1 1 1 1 2 0 3 53
1136.46 1 4 1 1 1 1 1 0 4 53
1136.57 1 5 1 1 1 1 2 0 3 53
1136.95 1 4 1 1 1 1 1 0 4 53
1140.08 1 5 1 1 1 1 2 0 3 53
1147.39 1 5 1 1 0 0 3 0 3 53
1152.74 1 4 1 1 0 0 2 0 4 53
1153.72 1 5 1 1 0 0 3 0 3 53
1160.72 0 4 1 1 1 0 3 0 3 53
1164.58 0 3 1 1 1 0 2 0 4 53
1166.69 0 2 1 1 1 0 1 0 5 53
1174.78 0 3 1 1 1 0 2 0 4 53
1179.06 0 4 1 1 1 0 3 0 3 53
1179.89 0 3 1 1 1 0 2 0 4 53
1184.07 0 2 1 1 1 0 1 0 5 53
1207.66 0 3 1 1 1 0 2 0 4 53
1211.63 0 4 1 1 1 0 3 0 3 53
1212.12 0 3 1 1 1 0 2 0 4 53
1213.28 0 4 1 1 1 0 3 0 3 53
1215.44 0 3 1 1 1 0 2 0 4 53
1218.01 0 4 1 1 1 0 3 0 3 53
1222.16 0 5 1 1 1 0 4 0 2 53
1234.92 0 4 1 1 1 0 3 0 3 53
1236.69 0 3 1 1 1 0 2 0 4 53
1244.43 0 3 0 0 1 1 2 0 4 53
1248.34 0 4 0 0 1 1 3 0 3 53
1254.06 0 4 1 1 1 0 3 0 3 53
1261.48 0 4 1 1 2 1 2 0 3 53
1261.53 0 5 1 1 2 1 3 0 2 53
1262.44 0 4 1 1 2 1 2 0 3 53
1271.38 0 5 1 1 2 1 3 0 2 53
1271.77 0 4 1 1 1 1 3 1 2 53
1273.81 0 5 1 1 1 1 4 1 1 53
1274.44 0 4 1 1 1 1 3 1 2 53
1276.91 0 3 1 1 0 1 3 2 2 53
1279.91 0 2 1 1 0 1 2 2 3 53
1292.19 0 3 1 1 1 1 2 1 3 53
1292.85 0 2 1 1 1 1 1 1 4 53
1308.95 0 3 1 1 1 1 2 1 3 53
1314.21 0 2 1 1 1 1 1 1 4 53
1317.29 0 3 1 1 1 1 2 1 3 53
1317.48 0 4 1 1 1 1 3 1 2 53
1323.37 0 3 1 1 1 1 2 1 3 53
1328.48 0 2 1 1 1 1 1 1 4 53
1340.78 0 2 1 1 0 0 2 1 4 53
1343.69 0 1 1 1 0 0 1 1 5 53
1344.83 0 2 1 1 0 0 2 1 4 53
1347.44 0 3 1 1 0 0 3 1 3 53
1355.23 0 4 1 1 0 0 4 1 2 53
1356.54 0 5 1 1 0 0 5 1 1 53
1357.21 0 4 1 1 0 0 4 1 2 53
1358.09 0 5 1 1 1 0 4 0 2 53
1363.76 1 6 1 1 0 0 4 0 2 53
1372.97 1 5 1 1 0 0 3 0 3 53
1379.45 1 4 1 1 0 0 2 0 4 53
1383.21 1 5 1 1 0 0 3 0 3 53
1396.71 1 4 1 1 0 0 2 0 4 53
1400.64 1 3 1 1 0 0 1 0 5 53
1404.02 1 4 1 1 0 0 2 0 4 53
1407.24 1 5 1 1 0 0 3 0 3 53
1408.37 0 4 1 1 1 0 3 0 3 53
1409.98 1 5 1 1 0 0 3 0 3 53
1412.7 1 4 1 1 0 0 2 0 4 53
1413.03 1 5 1 1 0 0 3 0 3 53
1414.33 1 6 1 1 0 0 4 0 2 53
1417 1 5 1 1 0 0 3 0 3 53
1417.12 1 4 1 1 0 0 2 0 4 53
1420.16 1 3 1 1 0 0 1 0 5 53
1420.47 1 4 1 1 0 0 2 0 4 53
1424.54 0 3 1 1 1 0 2 0 4 53
1425.08 0 4 1 1 1 0 3 0 3 53
1426.09 0 5 1 1 1 0 4 0 2 53
1432.97 0 4 1 1 1 0 3 0 3 53
1440.28 0 5 1 1 1 0 4 0 2 53
1440.85 0 4 1 1 0 0 4 1 2 53
1450.32 0 4 1 1 1 1 3 1 2 53
1452.09 0 5 1 1 1 1 4 1 1 53
1459.57 0 4 1 1 1 1 3 1 2 53
1471.48 0 4 1 1 0 0 4 1 2 53
1472.46 0 5 1 1 0 0 5 1 1 53
1473.8 0 4 1 1 0 0 4 1 2 53
1479.33 0 5 1 1 0 0 5 1 1 53
1482.1 0 5 1 1 1 1 4 1 1 53
1482.74 0 4 1 1 1 1 3 1 2 53
1487.41 0 3 1 1 1 1 2 1 3 53
1490.19 0 2 1 1 1 1 1 1 4 53
1490.28 1 3 1 1 0 1 1 1 4 53
1501.36 1 3 0 0 0 2 1 1 4 53
1504.87 1 3 0 0 0 1 1 0 4 54
1506.63 1 4 0 0 0 1 2 0 3 54
1507.4 1 5 0 0 0 1 3 0 2 54
1507.93 1 4 0 0 0 1 2 0 3 54
1510.26 1 4 0 0 0 2 2 1 3 53
1512.34 1 5 0 0 0 2 3 1 2 53
1525.29 1 4 0 0 0 2 2 1 3 53
1528.97 1 5 0 0 0 2 3 1 2 53
1530.59 1 6 0 0 0 2 4 1 1 53
1533.42 0 5 0 0 1 2 4 1 1 53
1535.87 0 4 0 0 1 2 3 1 2 53
1538.09 0 5 0 0 1 2 4 1 1 53
1540.74 0 4 0 0 1 2 3 1 2 53
1540.89 0 3 0 0 0 2 3 2 2 53
1545.57 0 2 0 0 0 2 2 2 3 53
1548.57 0 3 0 0 0 2 3 2 2 53
1554.33 0 2 0 0 0 2 2 2 3 53
1564.74 0 1 0 0 0 2 1 2 4 53
1576.67 0 1 0 0 0 3 1 3 4 52
1578.38 0 2 0 0 0 3 2 3 3 52
1578.42 0 2 0 0 0 2 2 2 3 53
1583.45 0 1 0 0 0 2 1 2 4 53
1585.5 0 2 0 0 0 2 2 2 3 53
1586.85 0 2 1 1 0 1 2 2 3 53
1590.82 0 1 1 1 0 1 1 2 4 53
1595.18 0 2 1 1 1 1 1 1 4 53
1599.12 0 2 1 1 1 2 1 2 4 52
1600.34 0 3 1 1 1 2 2 2 3 52
1611.63 0 4 1 1 1 2 3 2 2 52
1615.9 0 3 1 1 0 2 3 3 2 52
1617.19 0 4 1 1 0 2 4 3 1 52
1622.72 0 4 0 0 0 3 4 3 1 52
1632.36 0 3 0 0 0 3 3 3 2 52
1639.19 0 2 0 0 0 3 2 3 3 52
1643.35 0 3 0 0 0 3 3 3 2 52
1644.04 0 3 0 0 0 2 3 2 2 53
1661.09 0 2 0 0 0 2 2 2 3 53
1666.24 0 3 0 0 0 2 3 2 2 53
1666.5 0 2 0 0 0 2 2 2 3 53
1666.7 0 3 0 0 0 2 3 2 2 53
1672.88 0 3 0 0 0 1 3 1 2 54
1678.86 0 4 0 0 0 1 4 1 1 54
1684.18 0 3 0 0 0 1 3 1 2 54
1687.85 0 3 0 0 0 0 3 0 2 55
1689.78 0 4 0 0 0 0 4 0 1 55
1691.07 0 3 0 0 0 0 3 0 2 55
1694.27 0 2 0 0 0 0 2 0 3 55
1699.22 0 3 0 0 0 0 3 0 2 55
1705.82 0 4 0 0 0 0 4 0 1 55
1707.01 0 4 0 0 1 1 3 0 1 55
1711.15 1 5 0 0 0 1 3 0 1 55
1727.85 1 4 0 0 0 1 2 0 2 55
1728.94 1 3 0 0 0 1 1 0 3 55
1741.22 1 4 0 0 0 1 2 0 2 55
1745.42 0 3 0 0 1 1 2 0 2 55
1755.14 0 4 0 0 1 1 3 0 1 55
1758.88 0 3 0 0 0 1 3 1 1 55
1765.08 0 4 0 0 0 1 4 1 0 55
1768.21 0 5 0 0 1 1 4 0 0 55
1774.69 0 4 0 0 1 1 3 0 1 55
1776.2 0 4 0 0 0 0 4 0 1 55
1777.36 0 3 0 0 0 0 3 0 2 55
1797.42 0 2 0 0 0 0 2 0 3 55
1820.79 0 3 0 0 0 0 3 0 2 55
1821.05 0 4 0 0 0 0 4 0 1 55
1833.12 0 3 0 0 0 0 3 0 2 55
1837.81 0 2 0 0 0 0 2 0 3 55
1838.81 0 3 0 0 0 0 3 0 2 55
1842.99 0 2 0 0 0 0 2 0 3 55
1860.1 0 1 0 0 0 0 1 0 4 55
1875.29 0 2 0 0 0 0 2 0 3 55
1877.31 0 3 0 0 0 0 3 0 2 55
1878.83 0 2 0 0 0 0 2 0 3 55
1885.12 0 3 0 0 0 0 3 0 2 55
1900.32 0 4 0 0 0 0 4 0 1 55
1902.07 0 5 0 0 0 0 5 0 0 55
1904.15 0 4 0 0 0 0 4 0 1 55
1913.44 0 4 0 0 1 1 3 0 1 55
1914.16 0 3 0 0 1 1 2 0 2 55
1926.5 0 4 0 0 1 1 3 0 1 55
1938.95 0 3 0 0 1 1 2 0 2 55
1947.24 0 3 0 0 2 2 1 0 2 55
1951.57 0 3 0 0 1 1 2 0 2 55
1952.2 0 4 0 0 1 1 3 0 1 55
1963.71 0 4 0 0 1 2 3 1 1 54
1964.01 0 3 0 0 1 2 2 1 2 54
1970.52 0 4 0 0 1 2 3 1 1 54
1971.56 0 4 0 0 0 1 4 1 1 54
1972.43 0 3 0 0 0 1 3 1 2 54
1977.17 0 4 0 0 1 1 3 0 2 54
1978.07 0 3 0 0 1 1 2 0 3 54
1979.22 0 3 0 0 2 2 1 0 3 54
1980.48 0 3 0 0 2 3 1 1 3 53
1986.68 0 3 1 1 2 2 1 1 3 53
1992.06 0 2 1 1 1 2 1 2 3 53
1995.57 0 2 1 1 1 1 1 1 3 54
1999.1 0 3 1 1 1 1 2 1 2 54
1999.71 0 4 1 1 1 1 3 1 1 54
2000.96 0 5 1 1 1 1 4 1 0 54
2001.72 0 5 2 2 1 0 4 1 0 54
2002.78 0 4 2 2 0 0 4 2 0 54
2017.38 0 4 1 1 0 1 4 2 0 54
2021.84 0 4 1 1 1 2 3 2 0 54
2034.66 0 3 1 1 1 2 2 2 1 54
2050.44 0 3 1 1 1 1 2 1 1 55
2059.56 0 4 1 1 1 1 3 1 0 55
2061.77 0 4 0 0 1 2 3 1 0 55
2067.57 0 3 0 0 1 2 2 1 1 55
2067.65 0 3 0 0 1 1 2 0 1 56
2067.73 0 2 0 0 1 1 1 0 2 56
2070.02 0 2 1 1 1 0 1 0 2 56
2075.11 0 1 1 1 0 0 1 1 2 56
2100.34 0 2 1 1 0 0 2 1 1 56
2122.07 0 3 1 1 1 0 2 0 1 56
2134.64 0 3 1 1 1 1 2 1 1 55
2136.8 0 4 1 1 2 1 2 0 1 55
2138.4 0 4 2 2 2 0 2 0 1 55
2138.64 0 3 2 2 2 0 1 0 2 55
2141.09 0 3 2 2 2 1 1 1 2 54
2144.83 0 3 2 2 3 2 0 1 2 54
2147.32 1 4 2 2 2 2 0 1 2 54
2149.83 1 4 1 1 2 3 0 1 2 54
2151.45 1 5 1 1 2 3 1 1 1 54
2153.45 1 5 1 1 2 2 1 0 1 55
2158.53 1 4 1 1 1 2 1 1 1 55
2159.51 1 4 1 1 1 3 1 2 1 54
2159.77 1 3 1 1 0 3 1 3 1 54
2166.82 0 2 1 1 1 3 1 3 1 54
2168.16 0 2 1 1 1 2 1 2 1 55
2169.12 0 3 1 1 2 2 1 1 1 55
2174.74 1 4 1 1 1 2 1 1 1 55
2175.54 0 3 1 1 2 2 1 1 1 55
2181.11 0 4 1 1 2 2 2 1 0 55
2189.72 0 4 1 1 3 3 1 1 0 55
2190.53 0 3 1 1 2 3 1 2 0 55
2193 0 2 1 1 2 3 0 2 1 55
2200.74 0 2 1 1 1 2 1 2 1 55
2205.88 0 3 1 1 1 2 2 2 0 55
2206.87 0 4 1 1 2 2 2 1 0 55
2210.85 0 4 1 1 1 1 3 1 0 55
2215.07 0 3 1 1 1 1 2 1 1 55
2230.01 0 2 1 1 0 1 2 2 1 55
2234.86 0 2 1 1 0 0 2 1 1 56
2244.77 0 1 1 1 0 0 1 1 2 56
2248.98 0 2 1 1 0 0 2 1 1 56
2267.16 0 2 1 1 0 1 2 2 1 55
2269.12 0 2 0 0 0 2 2 2 1 55
2269.47 0 1 0 0 0 2 1 2 2 55
2270.79 0 1 0 0 0 1 1 1 2 56
2270.86 0 2 0 0 0 1 2 1 1 56
2275.5 0 3 0 0 0 1 3 1 0 56
2276.66 0 3 0 0 1 2 2 1 0 56
2280.26 0 2 0 0 1 2 1 1 1 56
2284.24 1 3 0 0 0 2 1 1 1 56
2295.93 1 3 0 0 0 3 1 2 1 55
2299.74 1 4 0 0 0 3 2 2 0 55
2309.08 1 4 0 0 0 2 2 1 0 56
2329.1 1 4 0 0 0 1 2 0 0 57
2330.09 1 3 0 0 0 1 1 0 1 57
2330.26 1 3 0 0 1 2 0 0 1 57
2333.14 0 2 0 0 2 2 0 0 1 57
2337.95 1 3 0 0 1 2 0 0 1 57
2350.77 2 4 0 0 0 2 0 0 1 57
2355.91 1 3 0 0 1 2 0 0 1 57
2360.78 2 4 0 0 0 2 0 0 1 57
2364.86 1 3 0 0 1 2 0 0 1 57
2383.52 2 4 0 0 0 2 0 0 1 57
2384.06 2 5 0 0 0 2 1 0 0 57
2385.72 1 4 0 0 1 2 1 0 0 57
2402.41 0 3 0 0 2 2 1 0 0 57
2407.5 1 4 0 0 1 2 1 0 0 57
2410.05 1 3 0 0 0 2 1 1 0 57
2426.98 1 3 1 1 0 1 1 1 0 57
2439.1 0 2 1 1 1 1 1 1 0 57
2455.73 0 1 1 1 0 1 1 2 0 57
2462.25 0 1 1 1 0 2 1 3 0 56
2468.39 0 1 1 1 0 1 1 2 0 57
2483.36 0 2 1 1 1 1 1 1 0 57
2488.81 0 3 1 1 2 1 1 0 0 57
2491.4 0 3 1 1 1 0 2 0 0 57
2498.75 0 2 1 1 1 0 1 0 1 57
2511.56 0 2 1 1 2 1 0 0 1 57
2512.92 0 1 1 1 1 1 0 1 1 57
2527.05 0 2 1 1 1 1 1 1 0 57
2530.31 0 1 1 1 0 1 1 2 0 57
2536.59 0 0 1 1 0 1 0 2 1 57
2537.42 0 1 1 1 0 1 1 2 0 57
2540.12 0 0 1 1 0 1 0 2 1 57
2565.66 0 0 1 1 0 0 0 1 1 58
2591.67 0 1 1 1 0 0 1 1 0 58
2610.48 0 1 1 1 0 1 1 2 0 57
2634.46 0 1 0 0 0 2 1 2 0 57
2688.83 0 1 1 1 0 1 1 2 0 57
2694.24 0 1 1 1 1 2 0 2 0 57
2700.5 0 1 1 1 1 1 0 1 0 58
2704.86 0 1 1 1 1 2 0 2 0 57
2707.62 0 1 0 0 1 3 0 2 0 57
2712.6 1 2 0 0 0 3 0 2 0 57
2725.52 1 2 1 1 0 2 0 2 0 57
2743.06 1 2 1 1 0 3 0 3 0 56
2762.91 1 3 1 1 1 3 0 2 0 56
2772.56 1 3 1 1 1 4 0 3 0 55
2779.08 0 2 1 1 2 4 0 3 0 55
2787.04 0 1 1 1 1 4 0 4 0 55
2793.58 0 1 1 1 1 3 0 3 0 56
2796.41 0 1 2 2 1 2 0 3 0 56
2806.24 0 2 2 2 2 2 0 2 0 56
2808.05 0 2 2 2 1 1 1 2 0 56
2815.57 0 1 2 2 0 1 1 3 0 56
2817.48 0 2 2 2 1 1 1 2 0 56
2819.15 0 2 2 2 1 0 1 1 0 57
2821.62 0 1 2 2 0 0 1 2 0 57
2830.09 0 1 1 1 0 1 1 2 0 57
2867.11 0 2 1 1 1 1 1 1 0 57
2908.11 0 1 1 1 1 1 0 1 1 57
2910.39 0 1 1 1 0 0 1 1 1 57
2941 0 1 1 1 0 1 1 2 1 56
2970.19 0 1 2 2 0 0 1 2 1 56
2970.48 0 1 1 1 0 1 1 2 1 56
2975.27 0 1 1 1 0 0 1 1 1 57
2985.53 0 1 1 1 1 1 0 1 1 57
2986.95 0 2 1 1 1 1 1 1 0 57
2986.95 0 2 1 1 1 1 1 1 0 57
