0 60 120 60 60 0 0 0 0 0 0
0.0129118 59 119 60 60 1 0 0 0 0 0
0.0340446 59 119 59 59 1 1 0 0 0 0
0.0588662 58 118 59 59 2 1 0 0 0 0
0.062464 58 118 58 58 2 2 0 0 0 0
0.0636504 58 118 57 57 2 3 0 0 0 0
0.0836917 57 117 57 57 3 3 0 0 0 0
0.0859674 56 116 57 57 4 3 0 0 0 0
0.0925589 55 115 57 57 5 3 0 0 0 0
0.0967523 54 114 57 57 6 3 0 0 0 0
0.106867 53 113 57 57 7 3 0 0 0 0
0.150267 52 112 57 57 8 3 0 0 0 0
0.176843 51 111 57 57 9 3 0 0 0 0
0.190757 50 110 57 57 10 3 0 0 0 0
0.207099 49 109 57 57 11 3 0 0 0 0
0.21362 48 108 57 57 12 3 0 0 0 0
0.220726 48 107 57 57 11 3 0 1 0 0
0.231215 48 107 56 56 11 4 0 1 0 0
0.234469 48 107 55 55 11 5 0 1 0 0
0.251127 47 106 55 55 12 5 0 1 0 0
0.259108 46 105 55 55 13 5 0 1 0 0
0.281552 46 105 54 54 13 6 0 1 0 0
0.28394 45 104 54 54 14 6 0 1 0 0
0.324598 44 103 54 54 15 6 0 1 0 0
0.337389 44 103 53 53 15 7 0 1 0 0
0.34341 44 102 53 53 14 7 0 2 0 0
0.371573 44 102 52 52 14 8 0 2 0 0
0.40377 43 101 52 52 15 8 0 2 0 0
0.40888 42 100 52 52 16 8 0 2 0 0
0.415294 41 99 52 52 17 8 0 2 0 0
0.419228 40 98 52 52 18 8 0 2 0 0
0.452659 39 97 52 52 19 8 0 2 0 0
0.473106 39 97 51 51 19 9 0 2 0 0
0.50114 38 96 51 51 20 9 0 2 0 0
0.525103 38 96 50 50 20 10 0 2 0 0
0.532517 38 95 50 50 19 10 0 3 0 0
0.537632 38 94 50 50 18 10 0 4 0 0
0.545849 38 94 49 49 18 11 0 4 0 0
0.54709 38 94 48 48 18 12 0 4 0 0
0.597008 37 93 48 48 19 12 0 4 0 0
0.609631 37 93 47 47 19 13 0 4 0 0
0.633143 37 93 46 46 19 14 0 4 0 0
0.647469 36 92 46 46 20 14 0 4 0 0
0.647956 35 91 46 46 21 14 0 4 0 0
0.649835 35 91 45 45 21 15 0 4 0 0
0.678146 35 91 44 44 21 16 0 4 0 0
0.679194 34 90 44 44 22 16 0 4 0 0
0.727588 33 89 44 44 23 16 0 4 0 0
0.728326 32 88 44 44 24 16 0 4 0 0
0.750139 31 87 44 44 25 16 0 4 0 0
0.755184 31 86 44 44 24 16 0 5 0 0
0.829024 31 86 43 43 24 17 0 5 0 0
0.832608 31 86 42 42 24 18 0 5 0 0
0.876947 31 85 42 42 23 18 0 6 0 0
0.898882 30 84 42 42 24 18 0 6 0 0
0.940464 30 83 42 42 23 18 0 7 0 0
0.942444 30 83 41 41 23 19 0 7 0 0
0.957106 29 82 41 41 24 19 0 7 0 0
0.96153 29 82 40 40 24 20 0 7 0 0
0.974333 29 81 40 40 23 20 0 8 0 0
1.02075 29 80 40 40 22 20 0 9 0 0
1.04095 28 79 40 40 23 20 0 9 0 0
1.08807 28 79 39 39 23 21 0 9 0 0
1.11526 27 78 39 39 24 21 0 9 0 0
1.12188 27 78 39 39 23 20 1 9 0 0
1.15058 27 78 38 38 23 21 1 9 0 0
1.16266 26 77 38 38 24 21 1 9 0 0
1.24122 26 77 37 37 24 22 1 9 0 0
1.24217 25 76 37 37 25 22 1 9 0 0
1.28052 24 75 37 37 26 22 1 9 0 0
1.30786 24 75 36 36 26 23 1 9 0 0
1.35446 23 74 36 36 27 23 1 9 0 0
1.36176 23 73 36 36 26 23 1 10 0 0
1.37452 23 73 36 36 25 22 2 10 0 0
1.4272 22 72 36 36 26 22 2 10 0 0
1.45999 21 71 36 36 27 22 2 10 0 0
1.46209 21 70 36 36 26 22 2 11 0 0
1.49233 20 69 36 36 27 22 2 11 0 0
1.53982 20 68 36 36 27 22 1 11 1 0
1.59372 20 67 36 36 26 22 1 12 1 0
1.63271 20 67 35 35 26 23 1 12 1 0
1.65571 20 66 35 35 25 23 1 13 1 0
1.66449 20 66 34 34 25 24 1 13 1 0
1.70218 20 65 34 34 24 24 1 14 1 0
1.71632 20 65 33 33 24 25 1 14 1 0
1.71658 20 65 33 33 24 24 1 13 1 1
1.72354 19 64 33 33 25 24 1 13 1 1
1.77841 19 64 33 33 24 23 2 13 1 1
1.78576 19 63 33 33 23 23 2 14 1 1
1.86291 19 62 33 33 22 23 2 15 1 1
1.86637 19 62 32 32 22 24 2 15 1 1
1.9273 19 61 32 32 21 24 2 16 1 1
2.05285 19 61 31 31 21 25 2 16 1 1
2.05776 18 60 31 31 22 25 2 16 1 1
2.15107 19 61 31 31 21 25 2 16 1 1
2.22955 19 61 30 30 21 26 2 16 1 1
2.25859 19 61 30 30 20 25 3 16 1 1
2.32845 18 60 30 30 21 25 3 16 1 1
2.32941 18 60 29 29 21 26 3 16 1 1
2.33608 18 59 29 29 21 26 2 16 2 1
2.3425 18 58 29 29 20 26 2 17 2 1
2.36597 18 57 29 29 20 26 1 17 3 1
2.36814 18 56 29 29 19 26 1 18 3 1
2.43949 18 55 29 29 18 26 1 19 3 1
2.47295 17 54 29 29 19 26 1 19 3 1
2.4906 17 54 28 28 19 27 1 19 3 1
2.51221 17 53 28 28 18 27 1 20 3 1
2.59748 17 53 28 28 17 26 2 20 3 1
2.65901 17 53 28 28 17 25 2 19 3 2
2.6702 16 52 28 28 18 25 2 19 3 2
2.67253 16 52 28 28 18 24 2 18 3 3
2.69712 16 52 27 27 18 25 2 18 3 3
2.73982 16 51 27 27 17 25 2 19 3 3
2.7705 16 51 26 26 17 26 2 19 3 3
2.93123 16 51 25 25 17 27 2 19 3 3
2.93608 16 51 25 25 17 26 2 18 3 4
3.03718 16 51 24 24 17 27 2 18 3 4
3.07037 15 50 24 24 18 27 2 18 3 4
3.20645 15 49 24 24 17 27 2 19 3 4
3.21907 15 49 24 24 16 26 3 19 3 4
3.2291 15 49 23 23 16 27 3 19 3 4
3.24323 15 49 22 22 16 28 3 19 3 4
3.33914 15 49 22 22 16 27 3 18 3 5
3.34289 15 49 21 21 16 28 3 18 3 5
3.35389 15 48 21 21 15 28 3 19 3 5
3.38069 15 47 21 21 14 28 3 20 3 5
3.41357 14 46 21 21 15 28 3 20 3 5
3.54156 14 46 21 21 15 27 3 19 3 6
3.55585 14 45 21 21 15 27 2 19 4 6
3.65003 14 44 21 21 14 27 2 20 4 6
3.66017 13 43 21 21 15 27 2 20 4 6
3.68564 13 43 21 21 15 26 2 19 4 7
3.73013 12 42 21 21 16 26 2 19 4 7
3.73359 12 42 21 21 15 25 3 19 4 7
3.75696 12 41 21 21 14 25 3 20 4 7
3.76258 12 41 21 21 13 24 4 20 4 7
3.93956 12 40 21 21 12 24 4 21 4 7
3.95307 11 39 21 21 13 24 4 21 4 7
3.99864 11 38 21 21 12 24 4 22 4 7
4.04374 11 38 20 20 12 25 4 22 4 7
4.10131 10 37 20 20 13 25 4 22 4 7
4.10353 10 37 20 20 13 24 4 21 4 8
4.23194 9 36 20 20 14 24 4 21 4 8
4.25228 9 36 20 20 14 23 4 20 4 9
4.28799 9 36 20 20 14 22 4 19 4 10
4.31772 9 36 20 20 13 21 5 19 4 10
4.32413 9 36 19 19 13 22 5 19 4 10
4.40523 9 36 19 19 12 21 6 19 4 10
4.4871 9 36 18 18 12 22 6 19 4 10
4.5021 9 36 18 18 12 21 6 18 4 11
4.50845 9 35 18 18 11 21 6 19 4 11
4.5765 10 36 18 18 10 21 6 19 4 11
4.65536 9 35 18 18 11 21 6 19 4 11
4.81304 9 35 18 18 11 20 6 18 4 12
4.82161 9 34 18 18 10 20 6 19 4 12
5.10095 9 34 17 17 10 21 6 19 4 12
5.13936 9 35 17 17 11 21 6 18 4 12
5.28157 9 34 17 17 10 21 6 19 4 12
5.5805 9 34 17 17 10 20 6 18 4 13
5.6214 9 33 17 17 9 20 6 19 4 13
5.64649 9 33 16 16 9 21 6 19 4 13
5.64859 9 32 16 16 8 21 6 20 4 13
5.7125 9 32 15 15 8 22 6 20 4 13
5.7144 9 32 15 15 8 21 6 19 4 14
5.77428 9 32 15 15 8 20 6 18 4 15
5.80442 9 32 15 15 7 19 7 18 4 15
5.87081 8 31 15 15 8 19 7 18 4 15
5.96253 8 31 15 15 8 18 7 17 4 16
6.08282 8 30 15 15 8 18 6 17 5 16
6.1321 7 29 15 15 9 18 6 17 5 16
6.4077 7 28 15 15 8 18 6 18 5 16
6.49081 7 27 15 15 7 18 6 19 5 16
6.54101 7 26 15 15 6 18 6 20 5 16
6.64227 7 26 15 15 6 17 6 19 5 17
6.7308 7 27 15 15 7 17 6 18 5 17
6.89205 7 27 14 14 7 18 6 18 5 17
7.05951 7 27 13 13 7 19 6 18 5 17
7.07946 7 27 13 13 7 18 6 17 5 18
7.1647 7 27 13 13 7 17 6 16 5 19
7.25892 7 28 13 13 7 17 7 16 4 19
7.31881 7 28 12 12 7 18 7 16 4 19
7.42647 6 27 12 12 8 18 7 16 4 19
7.57716 6 27 12 12 8 17 7 15 4 20
7.59004 6 26 12 12 7 17 7 16 4 20
7.7644 6 25 12 12 7 17 6 16 5 20
7.8052 6 25 12 12 6 16 7 16 5 20
8.06865 6 25 11 11 6 17 7 16 5 20
8.07208 6 25 11 11 6 16 7 15 5 21
8.1092 6 24 11 11 6 16 6 15 6 21
8.24026 6 24 10 10 6 17 6 15 6 21
8.38677 6 23 10 10 5 17 6 16 6 21
8.51827 6 22 10 10 4 17 6 17 6 21
8.54589 6 22 9 9 4 18 6 17 6 21
8.7519 6 22 9 9 3 17 7 17 6 21
9.20265 6 22 9 9 3 16 7 16 6 22
9.41382 6 22 9 9 3 15 7 15 6 23
9.43603 6 22 9 9 3 14 7 14 6 24
9.49407 5 21 9 9 4 14 7 14 6 24
9.64789 5 21 9 9 4 13 7 13 6 25
9.71626 5 21 9 9 4 12 7 12 6 26
10.1278 5 20 9 9 4 12 6 12 7 26
10.13 5 20 8 8 4 13 6 12 7 26
10.238 5 21 8 8 4 13 7 12 6 26
10.9406 5 20 8 8 4 13 6 12 7 26
11.1761 5 19 8 8 4 13 5 12 8 26
11.2939 5 19 8 8 4 12 5 11 8 27
11.9336 4 18 8 8 5 12 5 11 8 27
12.2415 4 18 9 9 5 11 5 11 8 27
12.5651 4 17 9 9 4 11 5 12 8 27
12.9492 4 17 9 9 3 10 6 12 8 27
13.3078 4 16 9 9 3 10 5 12 9 27
13.3154 4 16 8 8 3 11 5 12 9 27
13.7886 4 16 8 8 3 10 5 11 9 28
14.1514 4 16 8 8 3 9 5 10 9 29
14.492 4 17 8 8 4 9 5 9 9 29
14.8417 4 16 8 8 4 9 4 9 10 29
15.1037 4 16 8 8 3 8 5 9 10 29
15.2012 3 15 8 8 4 8 5 9 10 29
15.646 3 15 8 8 4 7 5 8 10 30
15.9594 3 14 8 8 3 7 5 9 10 30
16.538 3 15 8 8 4 7 5 8 10 30
16.9688 3 15 7 7 4 8 5 8 10 30
18.7314 3 14 7 7 3 8 5 9 10 30
19.3652 3 14 7 7 2 7 6 9 10 30
20.2508 3 13 7 7 2 7 5 9 11 30
20.474 3 12 7 7 2 7 4 9 12 30
20.5197 3 12 7 7 2 6 4 8 12 31
20.845 2 11 7 7 3 6 4 8 12 31
21.4782 2 12 7 7 3 6 5 8 11 31
21.636 2 12 7 7 3 5 5 7 11 32
21.7511 1 11 7 7 4 5 5 7 11 32
23.083 1 11 7 7 3 4 6 7 11 32
23.7001 1 12 7 7 3 4 7 7 10 32
24.3685 1 11 7 7 2 4 7 8 10 32
24.6528 1 11 7 7 2 3 7 7 10 33
25.7014 1 12 7 7 2 3 8 7 9 33
25.9221 1 11 7 7 2 3 7 7 10 33
27.4648 1 11 7 7 2 2 7 6 10 34
27.4654 1 11 6 6 2 3 7 6 10 34
27.5145 1 11 5 5 2 4 7 6 10 34
27.7814 1 10 5 5 2 4 6 6 11 34
28.2721 1 9 5 5 1 4 6 7 11 34
30.2223 1 10 5 5 2 4 6 6 11 34
30.5262 1 9 5 5 2 4 5 6 12 34
30.7222 1 8 5 5 2 4 4 6 13 34
30.7863 1 8 5 5 2 3 4 5 13 35
31.6553 1 9 5 5 3 3 4 4 13 35
31.864 2 10 5 5 2 3 4 4 13 35
32.0373 2 11 5 5 3 3 4 3 13 35
33.138 2 10 5 5 3 3 3 3 14 35
33.4398 2 9 5 5 3 3 2 3 15 35
34.8825 2 8 5 5 3 3 1 3 16 35
35.0943 2 8 4 4 3 4 1 3 16 35
35.1347 2 9 4 4 3 4 2 3 15 35
35.7446 2 10 4 4 3 4 3 3 14 35
35.8464 1 9 4 4 4 4 3 3 14 35
36.5426 1 8 4 4 4 4 2 3 15 35
36.9057 1 7 4 4 3 4 2 4 15 35
37.9147 1 6 4 4 3 4 1 4 16 35
38.1547 0 5 4 4 4 4 1 4 16 35
38.6453 0 6 4 4 4 4 2 4 15 35
39.0993 0 7 4 4 4 4 3 4 14 35
39.4363 0 6 4 4 3 4 3 5 14 35
39.9942 0 6 4 4 3 3 3 4 14 36
41.0452 0 7 4 4 3 3 4 4 13 36
41.2528 0 8 4 4 3 3 5 4 12 36
44.4837 0 9 4 4 3 3 6 4 11 36
45.5115 0 10 4 4 3 3 7 4 10 36
46.9459 0 9 4 4 3 3 6 4 11 36
47.4038 0 9 4 4 3 2 6 3 11 37
49.4915 0 8 4 4 3 2 5 3 12 37
49.8681 0 7 4 4 2 2 5 4 12 37
50.1624 0 6 4 4 2 2 4 4 13 37
50.2923 0 6 3 3 2 3 4 4 13 37
50.9926 0 7 3 3 2 3 5 4 12 37
53.6919 0 7 2 2 2 4 5 4 12 37
54.8106 0 8 2 2 2 4 6 4 11 37
54.8609 0 9 2 2 2 4 7 4 10 37
54.9044 0 8 2 2 1 4 7 5 10 37
55.7754 0 7 2 2 1 4 6 5 11 37
57.6195 0 6 2 2 1 4 5 5 12 37
59.1757 0 5 2 2 1 4 4 5 13 37
61.8311 0 5 2 2 2 5 3 5 13 37
61.8883 0 4 2 2 1 5 3 6 13 37
62.3023 0 4 2 2 2 6 2 6 13 37
62.5391 0 5 2 2 2 6 3 6 12 37
62.6447 0 5 2 2 2 5 3 5 12 38
64.3208 0 6 2 2 2 5 4 5 11 38
64.6885 0 6 2 2 1 4 5 5 11 38
65.156 0 5 2 2 1 4 4 5 12 38
65.5522 0 6 2 2 1 4 5 5 11 38
67.068 0 6 1 1 1 5 5 5 11 38
68.2073 0 5 1 1 1 5 4 5 12 38
68.2633 0 5 1 1 1 4 4 4 12 39
68.8048 0 5 1 1 1 3 4 3 12 40
69.6272 0 6 1 1 1 3 5 3 11 40
70.5227 0 7 1 1 1 3 6 3 10 40
70.5882 0 7 1 1 2 4 5 3 10 40
72.179 0 8 1 1 2 4 6 3 9 40
72.4234 0 9 1 1 2 4 7 3 8 40
73.3083 0 8 1 1 1 4 7 4 8 40
73.7583 0 7 1 1 1 4 6 4 9 40
73.7854 0 8 1 1 1 4 7 4 8 40
73.909 0 8 2 2 1 3 7 4 8 40
74.0212 0 8 2 2 1 2 7 3 8 41
74.2164 0 8 2 2 1 1 7 2 8 42
75.9616 0 7 2 2 1 1 6 2 9 42
76.6238 0 7 3 3 1 0 6 2 9 42
78.3643 1 8 3 3 0 0 6 2 9 42
78.5924 1 9 3 3 0 0 7 2 8 42
78.7419 1 8 3 3 0 0 6 2 9 42
79.2227 1 7 3 3 0 0 5 2 10 42
82.0918 1 8 3 3 0 0 6 2 9 42
82.1863 1 7 3 3 0 0 5 2 10 42
83.0988 1 8 3 3 0 0 6 2 9 42
84.8724 1 9 3 3 0 0 7 2 8 42
86.3592 1 10 3 3 0 0 8 2 7 42
88.3088 1 9 3 3 0 0 7 2 8 42
88.7029 0 8 3 3 1 0 7 2 8 42
88.8366 0 7 3 3 0 0 7 3 8 42
89.6369 0 8 3 3 0 0 8 3 7 42
91.623 0 9 3 3 0 0 9 3 6 42
91.8582 0 10 3 3 0 0 10 3 5 42
92.9353 0 10 2 2 0 1 10 3 5 42
93.985 0 9 2 2 0 1 9 3 6 42
94.0372 0 8 2 2 0 1 8 3 7 42
94.8283 0 8 2 2 0 0 8 2 7 43
95.5473 0 8 2 2 1 1 7 2 7 43
97.2627 0 7 2 2 1 1 6 2 8 43
97.2949 0 8 2 2 1 1 7 2 7 43
99.2701 0 7 2 2 1 1 6 2 8 43
99.9005 0 6 2 2 1 1 5 2 9 43
103.634 0 7 2 2 1 1 6 2 8 43
104.135 0 8 2 2 1 1 7 2 7 43
104.425 0 7 2 2 0 1 7 3 7 43
105.809 0 6 2 2 0 1 6 3 8 43
107.626 0 7 2 2 0 1 7 3 7 43
110.723 0 6 2 2 0 1 6 3 8 43
112.324 0 5 2 2 0 1 5 3 9 43
115.264 0 6 2 2 0 1 6 3 8 43
116.071 0 5 2 2 0 1 5 3 9 43
116.235 0 4 2 2 0 1 4 3 10 43
116.741 0 5 2 2 0 1 5 3 9 43
117.22 0 5 2 2 0 2 5 4 9 42
117.269 0 6 2 2 0 2 6 4 8 42
117.683 0 5 2 2 0 2 5 4 9 42
117.781 0 5 2 2 0 1 5 3 9 43
118.579 0 5 1 1 0 2 5 3 9 43
121.838 0 4 1 1 0 2 4 3 10 43
122.239 0 5 1 1 0 2 5 3 9 43
122.426 0 4 1 1 0 2 4 3 10 43
124.773 0 3 1 1 0 2 3 3 11 43
125.337 0 4 1 1 0 2 4 3 10 43
127.368 0 3 1 1 0 2 3 3 11 43
127.747 0 4 1 1 0 2 4 3 10 43
128.17 0 5 1 1 0 2 5 3 9 43
128.964 0 6 1 1 0 2 6 3 8 43
129.955 0 5 1 1 0 2 5 3 9 43
132.899 0 4 1 1 0 2 4 3 10 43
134.643 0 3 1 1 0 2 3 3 11 43
144.459 0 2 1 1 0 2 2 3 12 43
146.67 0 3 1 1 1 2 2 2 12 43
147.882 0 4 1 1 1 2 3 2 11 43
147.948 0 5 1 1 1 2 4 2 10 43
150.192 0 6 1 1 1 2 5 2 9 43
151.023 0 5 1 1 1 2 4 2 10 43
151.139 0 6 1 1 1 2 5 2 9 43
152.723 0 7 1 1 1 2 6 2 8 43
154.817 0 8 1 1 1 2 7 2 7 43
155.152 0 8 1 1 0 1 8 2 7 43
157.579 0 7 1 1 0 1 7 2 8 43
158.773 0 8 1 1 0 1 8 2 7 43
160.589 0 9 1 1 0 1 9 2 6 43
162.797 0 8 1 1 0 1 8 2 7 43
164.667 0 7 1 1 0 1 7 2 8 43
165.516 0 6 1 1 0 1 6 2 9 43
166.219 0 7 1 1 0 1 7 2 8 43
168.668 0 6 1 1 0 1 6 2 9 43
169.048 0 5 1 1 0 1 5 2 10 43
169.485 0 4 1 1 0 1 4 2 11 43
169.681 0 5 1 1 0 1 5 2 10 43
172.788 0 6 1 1 0 1 6 2 9 43
175.537 0 7 1 1 0 1 7 2 8 43
176.542 0 6 1 1 0 1 6 2 9 43
179.45 0 5 1 1 0 1 5 2 10 43
180.994 0 4 1 1 0 1 4 2 11 43
181.41 0 5 1 1 0 1 5 2 10 43
185.87 0 4 1 1 0 1 4 2 11 43
186.302 0 3 1 1 0 1 3 2 12 43
187.833 0 2 1 1 0 1 2 2 13 43
188.432 0 2 1 1 0 2 2 3 13 42
190.851 0 3 1 1 0 2 3 3 12 42
191.133 0 4 1 1 0 2 4 3 11 42
192.275 0 5 1 1 0 2 5 3 10 42
193.161 0 4 1 1 0 2 4 3 11 42
193.855 0 5 1 1 0 2 5 3 10 42
194.611 0 6 1 1 0 2 6 3 9 42
196.392 0 7 1 1 0 2 7 3 8 42
197.903 0 8 1 1 0 2 8 3 7 42
200.012 0 7 1 1 0 2 7 3 8 42
204.403 0 7 1 1 1 3 6 3 8 42
204.708 0 8 1 1 1 3 7 3 7 42
205.709 0 9 1 1 1 3 8 3 6 42
205.854 0 8 1 1 1 3 7 3 7 42
208.852 0 7 1 1 1 3 6 3 8 42
210.739 0 8 1 1 1 3 7 3 7 42
212.07 0 7 1 1 1 3 6 3 8 42
214.25 0 6 1 1 1 3 5 3 9 42
214.391 0 7 1 1 1 3 6 3 8 42
214.682 0 7 1 1 1 2 6 2 8 43
214.743 0 6 1 1 0 2 6 3 8 43
214.841 0 7 1 1 0 2 7 3 7 43
216.651 0 6 1 1 0 2 6 3 8 43
218.193 0 7 1 1 0 2 7 3 7 43
223.637 0 7 1 1 0 1 7 2 7 44
227.597 0 6 1 1 0 1 6 2 8 44
231.183 0 7 1 1 0 1 7 2 7 44
231.359 0 6 1 1 0 1 6 2 8 44
231.936 0 7 1 1 0 1 7 2 7 44
232.418 0 8 1 1 0 1 8 2 6 44
235.999 0 9 1 1 0 1 9 2 5 44
236.65 0 8 1 1 0 1 8 2 6 44
237.834 0 9 1 1 0 1 9 2 5 44
238.583 0 8 1 1 0 1 8 2 6 44
239.725 0 7 1 1 0 1 7 2 7 44
240.092 0 6 1 1 0 1 6 2 8 44
240.523 0 7 1 1 0 1 7 2 7 44
240.596 0 6 1 1 0 1 6 2 8 44
240.676 0 5 1 1 0 1 5 2 9 44
241.494 0 6 1 1 1 1 5 1 9 44
241.74 0 7 1 1 1 1 6 1 8 44
246.774 0 8 1 1 1 1 7 1 7 44
247.524 0 9 1 1 1 1 8 1 6 44
248.332 0 8 1 1 1 1 7 1 7 44
248.837 0 7 1 1 1 1 6 1 8 44
253.599 0 8 1 1 1 1 7 1 7 44
255.977 0 8 1 1 1 0 7 0 7 45
258.865 0 7 1 1 0 0 7 1 7 45
260.47 0 8 1 1 0 0 8 1 6 45
260.654 0 9 1 1 0 0 9 1 5 45
260.699 0 8 1 1 0 0 8 1 6 45
263.249 0 9 1 1 0 0 9 1 5 45
264.445 0 8 1 1 0 0 8 1 6 45
264.796 0 7 1 1 0 0 7 1 7 45
266.121 0 6 1 1 0 0 6 1 8 45
268.209 0 5 1 1 0 0 5 1 9 45
272.319 0 4 1 1 0 0 4 1 10 45
275.16 0 5 1 1 0 0 5 1 9 45
277.826 0 6 1 1 0 0 6 1 8 45
277.945 0 7 1 1 0 0 7 1 7 45
278.01 0 8 1 1 0 0 8 1 6 45
278.582 0 7 1 1 0 0 7 1 7 45
279.433 0 8 1 1 0 0 8 1 6 45
279.967 0 9 1 1 0 0 9 1 5 45
281.029 0 8 1 1 0 0 8 1 6 45
281.488 0 7 1 1 0 0 7 1 7 45
283.899 0 8 1 1 0 0 8 1 6 45
286.864 0 7 1 1 0 0 7 1 7 45
286.883 0 8 1 1 0 0 8 1 6 45
287 0 7 1 1 0 0 7 1 7 45
288.85 0 6 1 1 0 0 6 1 8 45
289.474 0 5 1 1 0 0 5 1 9 45
290.614 0 6 1 1 0 0 6 1 8 45
294.709 0 7 1 1 0 0 7 1 7 45
295.28 0 6 1 1 0 0 6 1 8 45
295.851 0 7 1 1 0 0 7 1 7 45
295.855 0 6 1 1 0 0 6 1 8 45
296.312 0 7 1 1 0 0 7 1 7 45
299.186 0 6 1 1 0 0 6 1 8 45
300.345 0 7 1 1 0 0 7 1 7 45
308.32 0 6 1 1 0 0 6 1 8 45
308.386 0 5 1 1 0 0 5 1 9 45
312.628 0 4 1 1 0 0 4 1 10 45
313.062 0 3 1 1 0 0 3 1 11 45
313.118 0 4 1 1 0 0 4 1 10 45
314.492 0 4 1 1 1 1 3 1 10 45
314.593 0 3 1 1 0 1 3 2 10 45
315.354 0 4 1 1 0 1 4 2 9 45
319.113 0 5 1 1 0 1 5 2 8 45
321.427 0 6 1 1 0 1 6 2 7 45
321.759 0 5 1 1 0 1 5 2 8 45
323.052 0 6 1 1 0 1 6 2 7 45
324.642 0 5 1 1 0 1 5 2 8 45
326.393 0 6 1 1 0 1 6 2 7 45
326.947 0 7 1 1 0 1 7 2 6 45
330.028 0 8 1 1 0 1 8 2 5 45
332.689 0 7 1 1 0 1 7 2 6 45
332.764 0 6 1 1 0 1 6 2 7 45
335.734 0 7 1 1 0 1 7 2 6 45
337.364 0 6 1 1 0 1 6 2 7 45
338.602 0 7 1 1 0 1 7 2 6 45
339.897 0 6 1 1 0 1 6 2 7 45
344.372 0 5 1 1 0 1 5 2 8 45
344.489 0 4 1 1 0 1 4 2 9 45
344.62 0 3 1 1 0 1 3 2 10 45
349.729 0 4 1 1 0 1 4 2 9 45
352.512 0 5 1 1 0 1 5 2 8 45
353.526 0 6 1 1 0 1 6 2 7 45
353.746 0 6 1 1 0 2 6 3 7 44
356.173 0 7 1 1 0 2 7 3 6 44
356.317 0 6 1 1 0 2 6 3 7 44
358.045 0 5 1 1 0 2 5 3 8 44
359.397 0 4 1 1 0 2 4 3 9 44
361.605 0 5 1 1 0 2 5 3 8 44
366.587 0 6 1 1 0 2 6 3 7 44
366.943 0 6 1 1 1 3 5 3 7 44
367.886 0 5 1 1 1 3 4 3 8 44
367.9 0 6 1 1 1 3 5 3 7 44
369.329 0 7 1 1 1 3 6 3 6 44
369.559 0 6 1 1 1 3 5 3 7 44
372.153 0 7 1 1 1 3 6 3 6 44
375.507 0 6 1 1 1 3 5 3 7 44
376.417 0 7 1 1 1 3 6 3 6 44
379.617 0 6 1 1 1 3 5 3 7 44
380.224 0 5 1 1 1 3 4 3 8 44
385.82 0 6 1 1 1 3 5 3 7 44
386.397 0 5 1 1 0 3 5 4 7 44
387.194 0 4 1 1 0 3 4 4 8 44
387.913 0 5 1 1 1 3 4 3 8 44
388.299 0 6 1 1 1 3 5 3 7 44
389.073 0 6 1 1 2 4 4 3 7 44
390.782 0 5 1 1 2 4 3 3 8 44
391.055 0 4 1 1 1 4 3 4 8 44
391.566 0 3 1 1 0 4 3 5 8 44
394.317 0 4 1 1 0 4 4 5 7 44
395.39 0 4 1 1 0 3 4 4 7 45
396.697 0 5 1 1 0 3 5 4 6 45
397.083 0 4 1 1 0 3 4 4 7 45
399.515 0 5 1 1 0 3 5 4 6 45
400.883 0 6 1 1 1 3 5 3 6 45
403.291 0 6 1 1 1 2 5 2 6 46
404.452 0 7 1 1 1 2 6 2 5 46
404.677 0 6 1 1 1 2 5 2 6 46
410.903 1 7 1 1 0 2 5 2 6 46
415.626 1 8 1 1 0 2 6 2 5 46
417.623 1 8 1 1 0 1 6 1 5 47
419.07 1 7 1 1 0 1 5 1 6 47
419.538 1 6 1 1 0 1 4 1 7 47
419.968 1 6 1 1 1 2 3 1 7 47
421.531 0 5 1 1 2 2 3 1 7 47
426.961 0 6 1 1 2 2 4 1 6 47
428.629 1 7 1 1 1 2 4 1 6 47
429.608 1 6 1 1 1 2 3 1 7 47
430.557 1 7 1 1 1 2 4 1 6 47
434.775 0 6 1 1 2 2 4 1 6 47
435.22 0 5 1 1 2 2 3 1 7 47
436.34 0 4 1 1 1 2 3 2 7 47
440.048 0 4 2 2 1 1 3 2 7 47
442.009 0 3 2 2 1 1 2 2 8 47
442.135 0 4 2 2 1 1 3 2 7 47
451.292 0 3 2 2 1 1 2 2 8 47
456.25 0 4 2 2 1 1 3 2 7 47
456.904 0 5 2 2 1 1 4 2 6 47
457.819 0 5 2 2 2 2 3 2 6 47
459.627 0 5 2 2 1 1 4 2 6 47
460.831 0 4 2 2 0 1 4 3 6 47
470.563 0 5 2 2 1 1 4 2 6 47
470.594 0 6 2 2 1 1 5 2 5 47
474.592 1 7 2 2 0 1 5 2 5 47
476.18 1 6 2 2 0 1 4 2 6 47
477.048 1 5 2 2 0 1 3 2 7 47
478.603 1 4 2 2 0 1 2 2 8 47
480.401 1 5 2 2 0 1 3 2 7 47
481.47 1 6 2 2 0 1 4 2 6 47
481.752 1 6 2 2 1 2 3 2 6 47
483.76 1 7 2 2 1 2 4 2 5 47
484.211 1 6 2 2 1 2 3 2 6 47
486.418 1 6 2 2 1 1 3 1 6 48
488.628 1 7 2 2 1 1 4 1 5 48
494.086 1 8 2 2 1 1 5 1 4 48
494.094 1 7 2 2 1 1 4 1 5 48
497.759 0 6 2 2 2 1 4 1 5 48
498.937 0 5 2 2 2 1 3 1 6 48
500.031 0 6 2 2 2 1 4 1 5 48
500.708 0 7 2 2 3 1 4 0 5 48
500.993 0 6 2 2 3 1 3 0 6 48
504.141 0 5 2 2 2 1 3 1 6 48
505.439 0 6 2 2 2 1 4 1 5 48
505.478 0 5 2 2 2 1 3 1 6 48
506.954 0 6 2 2 2 1 4 1 5 48
507.644 0 7 2 2 2 1 5 1 4 48
508.172 0 6 2 2 2 1 4 1 5 48
510.706 0 6 1 1 2 2 4 1 5 48
510.807 1 7 1 1 1 2 4 1 5 48
510.899 1 7 1 1 1 3 4 2 5 47
512.985 1 8 1 1 1 3 5 2 4 47
513.752 1 7 1 1 1 3 4 2 5 47
513.826 1 7 1 1 0 2 5 2 5 47
515.008 1 6 1 1 0 2 4 2 6 47
515.555 1 5 1 1 0 2 3 2 7 47
516.931 1 6 1 1 0 2 4 2 6 47
518.149 1 7 1 1 0 2 5 2 5 47
518.32 0 6 1 1 1 2 5 2 5 47
520.447 0 7 1 1 1 2 6 2 4 47
523.077 0 8 1 1 1 2 7 2 3 47
523.526 0 9 1 1 1 2 8 2 2 47
524.168 0 8 1 1 1 2 7 2 3 47
525.753 0 9 1 1 1 2 8 2 2 47
526.69 0 8 1 1 1 2 7 2 3 47
527.895 0 7 1 1 1 2 6 2 4 47
530.03 0 7 2 2 1 1 6 2 4 47
531.66 0 8 2 2 1 1 7 2 3 47
534.92 0 7 2 2 1 1 6 2 4 47
534.969 0 6 2 2 0 1 6 3 4 47
535.255 0 7 2 2 0 1 7 3 3 47
535.604 0 6 2 2 0 1 6 3 4 47
537.851 0 5 2 2 0 1 5 3 5 47
543.356 0 4 2 2 0 1 4 3 6 47
545.417 0 4 2 2 0 0 4 2 6 48
551.172 0 5 2 2 0 0 5 2 5 48
555.237 0 6 2 2 0 0 6 2 4 48
556.703 0 7 2 2 0 0 7 2 3 48
558.951 0 8 2 2 0 0 8 2 2 48
559.678 0 7 2 2 0 0 7 2 3 48
563.807 0 6 2 2 0 0 6 2 4 48
567.209 0 5 2 2 0 0 5 2 5 48
567.813 0 6 2 2 0 0 6 2 4 48
570.904 0 7 2 2 0 0 7 2 3 48
571.109 0 6 2 2 0 0 6 2 4 48
572.59 0 7 2 2 0 0 7 2 3 48
572.728 0 6 2 2 0 0 6 2 4 48
576.761 0 5 2 2 0 0 5 2 5 48
577.724 0 4 2 2 0 0 4 2 6 48
579.702 0 3 2 2 0 0 3 2 7 48
581.041 0 4 2 2 0 0 4 2 6 48
581.979 0 5 2 2 0 0 5 2 5 48
584.061 0 4 2 2 0 0 4 2 6 48
585.49 0 5 2 2 0 0 5 2 5 48
594.111 0 4 2 2 0 0 4 2 6 48
595.983 0 3 2 2 0 0 3 2 7 48
599.464 0 4 2 2 0 0 4 2 6 48
601.214 0 4 1 1 0 1 4 2 6 48
604.749 0 5 1 1 0 1 5 2 5 48
604.9 0 4 1 1 0 1 4 2 6 48
605.053 0 5 1 1 0 1 5 2 5 48
605.277 0 6 1 1 0 1 6 2 4 48
605.893 0 5 1 1 0 1 5 2 5 48
611.015 0 4 1 1 0 1 4 2 6 48
614.27 0 5 1 1 0 1 5 2 5 48
615.933 0 6 1 1 0 1 6 2 4 48
619.845 0 5 1 1 0 1 5 2 5 48
620.709 0 6 1 1 0 1 6 2 4 48
622.71 0 5 1 1 0 1 5 2 5 48
625.686 0 4 1 1 0 1 4 2 6 48
627.567 0 5 1 1 0 1 5 2 5 48
628.993 0 6 1 1 0 1 6 2 4 48
630.65 0 5 1 1 0 1 5 2 5 48
631.11 0 6 1 1 0 1 6 2 4 48
631.587 0 7 1 1 0 1 7 2 3 48
631.863 0 7 1 1 1 2 6 2 3 48
634.661 0 7 1 1 2 3 5 2 3 48
635.432 0 8 1 1 2 3 6 2 2 48
635.693 0 8 1 1 2 2 6 1 2 49
637.268 0 7 1 1 2 2 5 1 3 49
639.307 0 8 1 1 2 2 6 1 2 49
645.97 0 7 1 1 2 2 5 1 3 49
651.493 1 8 1 1 1 2 5 1 3 49
657.06 1 7 1 1 1 2 4 1 4 49
657.105 1 6 1 1 1 2 3 1 5 49
657.469 1 5 1 1 0 2 3 2 5 49
663.516 1 5 1 1 0 1 3 1 5 50
667.62 1 6 1 1 0 1 4 1 4 50
669.616 0 5 1 1 1 1 4 1 4 50
673.127 0 4 1 1 1 1 3 1 5 50
673.72 0 3 1 1 1 1 2 1 6 50
673.776 0 3 0 0 1 2 2 1 6 50
674.12 0 4 0 0 1 2 3 1 5 50
674.266 0 5 0 0 1 2 4 1 4 50
677.109 0 4 0 0 1 2 3 1 5 50
677.617 0 5 0 0 1 2 4 1 4 50
682.298 0 6 0 0 1 2 5 1 3 50
687.695 0 5 0 0 1 2 4 1 4 50
689.185 0 4 0 0 1 2 3 1 5 50
690.487 0 5 0 0 1 2 4 1 4 50
692.528 0 4 0 0 0 2 4 2 4 50
692.574 0 4 0 0 1 3 3 2 4 50
692.999 0 3 0 0 1 3 2 2 5 50
700.215 0 3 0 0 1 2 2 1 5 51
704.5 1 4 0 0 0 2 2 1 5 51
706.539 0 3 0 0 1 2 2 1 5 51
709.143 0 4 0 0 1 2 3 1 4 51
716.797 0 3 0 0 0 2 3 2 4 51
724.729 0 2 0 0 0 2 2 2 5 51
736.063 0 3 0 0 0 2 3 2 4 51
740.054 0 4 0 0 0 2 4 2 3 51
750.026 0 4 0 0 0 1 4 1 3 52
751.292 0 3 0 0 0 1 3 1 4 52
752.959 0 2 0 0 0 1 2 1 5 52
758.798 0 3 0 0 0 1 3 1 4 52
759.78 0 4 0 0 0 1 4 1 3 52
760.882 0 5 0 0 0 1 5 1 2 52
765.919 0 4 0 0 0 1 4 1 3 52
765.977 0 3 0 0 0 1 3 1 4 52
766.468 0 2 0 0 0 1 2 1 5 52
768.539 0 3 0 0 0 1 3 1 4 52
773.314 0 2 0 0 0 1 2 1 5 52
773.586 0 3 0 0 0 1 3 1 4 52
777.528 0 2 0 0 0 1 2 1 5 52
781.263 0 3 0 0 0 1 3 1 4 52
784.38 0 4 0 0 0 1 4 1 3 52
788.872 0 4 0 0 1 2 3 1 3 52
793.863 0 4 0 0 0 1 4 1 3 52
795.468 0 5 0 0 0 1 5 1 2 52
799.619 0 6 0 0 0 1 6 1 1 52
804.522 0 5 0 0 0 1 5 1 2 52
806.198 0 6 0 0 0 1 6 1 1 52
806.657 0 6 0 0 1 2 5 1 1 52
808.329 0 6 0 0 2 3 4 1 1 52
813.234 0 5 0 0 2 3 3 1 2 52
819.694 0 5 1 1 2 2 3 1 2 52
820.189 0 4 1 1 1 2 3 2 2 52
820.971 0 5 1 1 1 2 4 2 1 52
821.669 0 4 1 1 1 2 3 2 2 52
822.337 0 3 1 1 1 2 2 2 3 52
824.11 0 2 1 1 0 2 2 3 3 52
824.316 0 3 1 1 1 2 2 2 3 52
825.068 0 2 1 1 1 2 1 2 4 52
825.3 0 3 1 1 1 2 2 2 3 52
835.146 0 2 1 1 1 2 1 2 4 52
838.717 0 2 1 1 1 1 1 1 4 53
843.96 0 2 1 1 1 2 1 2 4 52
850.469 0 1 1 1 0 2 1 3 4 52
851.341 0 2 1 1 0 2 2 3 3 52
851.381 0 3 1 1 1 2 2 2 3 52
859.54 0 3 1 1 0 1 3 2 3 52
861.354 0 4 1 1 1 1 3 1 3 52
863.986 0 4 1 1 1 0 3 0 3 53
865.335 0 3 1 1 1 0 2 0 4 53
867.336 0 4 1 1 1 0 3 0 3 53
870.297 0 3 1 1 1 0 2 0 4 53
871.166 0 4 1 1 1 0 3 0 3 53
878.606 0 5 1 1 1 0 4 0 2 53
880.394 0 4 1 1 1 0 3 0 3 53
889.752 0 5 1 1 1 0 4 0 2 53
893.725 0 4 1 1 1 0 3 0 3 53
894.144 0 5 1 1 1 0 4 0 2 53
896.886 0 4 1 1 1 0 3 0 3 53
897.902 0 3 1 1 1 0 2 0 4 53
899.079 0 4 1 1 1 0 3 0 3 53
905.789 0 5 1 1 1 0 4 0 2 53
906.418 0 6 1 1 1 0 5 0 1 53
907.087 0 5 1 1 1 0 4 0 2 53
911.423 0 4 1 1 1 0 3 0 3 53
913.681 0 5 1 1 1 0 4 0 2 53
926.034 0 4 1 1 1 0 3 0 3 53
933.764 0 5 1 1 1 0 4 0 2 53
936.522 0 4 1 1 1 0 3 0 3 53
939.492 0 3 1 1 1 0 2 0 4 53
943.692 0 4 1 1 1 0 3 0 3 53
945.11 0 5 1 1 1 0 4 0 2 53
957.968 0 4 1 1 0 0 4 1 2 53
963.387 0 3 1 1 0 0 3 1 3 53
965.467 0 2 1 1 0 0 2 1 4 53
967.125 0 3 1 1 0 0 3 1 3 53
968.055 0 4 1 1 0 0 4 1 2 53
973.834 0 5 1 1 0 0 5 1 1 53
975.002 0 4 1 1 0 0 4 1 2 53
975.175 0 4 0 0 0 1 4 1 2 53
977.592 0 4 0 0 0 0 4 0 2 54
977.973 0 4 0 0 1 1 3 0 2 54
980.572 0 3 0 0 1 1 2 0 3 54
984.469 0 3 0 0 1 2 2 1 3 53
988.737 0 4 0 0 1 2 3 1 2 53
1001.37 0 5 0 0 1 2 4 1 1 53
1003.89 1 6 0 0 0 2 4 1 1 53
1006.78 1 5 0 0 0 2 3 1 2 53
1010.98 1 6 0 0 0 2 4 1 1 53
1011.11 1 6 0 0 0 3 4 2 1 52
1011.83 1 6 0 0 0 2 4 1 1 53
1014.77 1 5 0 0 0 2 3 1 2 53
1016.72 1 5 0 0 1 3 2 1 2 53
1020.96 1 4 0 0 1 3 1 1 3 53
1021.99 1 3 0 0 1 3 0 1 4 53
1025.86 2 4 0 0 0 3 0 1 4 53
1027.01 2 4 0 0 0 2 0 0 4 54
1027.42 2 4 1 1 0 1 0 0 4 54
1032.56 2 5 1 1 0 1 1 0 3 54
1037.81 2 6 1 1 0 1 2 0 2 54
1042.67 1 5 1 1 1 1 2 0 2 54
1046.17 1 6 1 1 1 1 3 0 1 54
1055.87 2 7 1 1 0 1 3 0 1 54
1060.58 2 6 1 1 0 1 2 0 2 54
1063.12 1 5 1 1 1 1 2 0 2 54
1067.1 1 4 1 1 1 1 1 0 3 54
1067.74 1 5 1 1 1 1 2 0 2 54
1068.26 1 4 1 1 1 1 1 0 3 54
1071.96 1 4 0 0 1 2 1 0 3 54
1073 1 4 0 0 0 1 2 0 3 54
1077.89 0 3 0 0 1 1 2 0 3 54
1081.38 0 2 0 0 1 1 1 0 4 54
1085.92 0 3 0 0 1 1 2 0 3 54
1090.28 0 4 0 0 1 1 3 0 2 54
1091.49 0 5 0 0 1 1 4 0 1 54
1094.81 0 5 0 0 0 0 5 0 1 54
1112.26 0 5 0 0 1 1 4 0 1 54
1113.33 0 4 0 0 1 1 3 0 2 54
1115.47 0 4 0 0 1 2 3 1 2 53
1118.54 0 3 0 0 1 2 2 1 3 53
1126.28 0 4 0 0 1 2 3 1 2 53
1129.85 0 4 0 0 0 1 4 1 2 53
1132.55 0 3 0 0 0 1 3 1 3 53
1136.31 0 4 0 0 1 1 3 0 3 53
1139.9 0 3 0 0 1 1 2 0 4 53
1148.6 0 4 0 0 1 1 3 0 3 53
1152.47 0 5 0 0 1 1 4 0 2 53
1153.01 0 6 0 0 1 1 5 0 1 53
1177.08 0 5 0 0 1 1 4 0 2 53
1179.47 0 6 0 0 1 1 5 0 1 53
1179.64 0 7 0 0 1 1 6 0 0 53
1180.24 0 7 0 0 2 2 5 0 0 53
1180.99 0 6 0 0 2 2 4 0 1 53
1190.73 0 5 0 0 2 2 3 0 2 53
1192.78 0 4 0 0 1 2 3 1 2 53
1195.88 0 4 1 1 1 1 3 1 2 53
1201.32 0 5 1 1 1 1 4 1 1 53
1202.77 0 5 1 1 2 2 3 1 1 53
1210.7 0 4 1 1 2 2 2 1 2 53
1211.69 0 3 1 1 1 2 2 2 2 53
1215.97 0 4 1 1 1 2 3 2 1 53
1221.89 0 4 2 2 1 1 3 2 1 53
1224.81 0 4 1 1 1 2 3 2 1 53
1227.67 0 3 1 1 0 2 3 3 1 53
1233.18 0 4 1 1 1 2 3 2 1 53
1238.76 0 3 1 1 1 2 2 2 2 53
1239.39 0 3 0 0 1 3 2 2 2 53
1245.23 0 3 1 1 1 2 2 2 2 53
1247.76 0 2 1 1 1 2 1 2 3 53
1248.24 0 2 1 1 0 1 2 2 3 53
1250.15 0 2 1 1 1 2 1 2 3 53
1251.71 0 3 1 1 2 2 1 1 3 53
1258.72 0 3 1 1 2 1 1 0 3 54
1260.05 0 2 1 1 1 1 1 1 3 54
1264.1 0 3 1 1 1 1 2 1 2 54
1266.11 0 4 1 1 1 1 3 1 1 54
1270.97 0 5 1 1 1 1 4 1 0 54
1273.59 1 6 1 1 0 1 4 1 0 54
1273.86 1 6 1 1 0 2 4 2 0 53
1277.98 1 5 1 1 0 2 3 2 1 53
1278.25 1 4 1 1 0 2 2 2 2 53
1281.24 1 5 1 1 0 2 3 2 1 53
1283.79 1 5 2 2 0 1 3 2 1 53
1287.67 0 4 2 2 1 1 3 2 1 53
1287.95 0 3 2 2 1 1 2 2 2 53
1298.73 0 4 2 2 1 1 3 2 1 53
1300.91 0 4 2 2 2 2 2 2 1 53
1302.73 1 5 2 2 1 2 2 2 1 53
1309.95 1 4 2 2 1 2 1 2 2 53
1310.25 2 5 2 2 0 2 1 2 2 53
1311.18 2 5 2 2 0 1 1 1 2 54
1315.43 1 4 2 2 1 1 1 1 2 54
1318.67 1 5 2 2 1 1 2 1 1 54
1319 1 4 2 2 1 1 1 1 2 54
1319.71 1 4 1 1 1 2 1 1 2 54
1321.68 1 5 1 1 1 2 2 1 1 54
1323.07 0 4 1 1 2 2 2 1 1 54
1325.27 0 3 1 1 2 2 1 1 2 54
1326.13 0 4 1 1 2 2 2 1 1 54
1331.64 0 4 2 2 2 1 2 1 1 54
1338.9 0 3 2 2 2 1 1 1 2 54
1343.16 0 4 2 2 2 1 2 1 1 54
1353.55 0 5 2 2 2 1 3 1 0 54
1356.45 0 4 2 2 2 1 2 1 1 54
1362.32 0 3 2 2 2 1 1 1 2 54
1363.64 0 3 2 2 2 2 1 2 2 53
1363.89 0 3 1 1 2 3 1 2 2 53
1371.62 0 3 1 1 2 2 1 1 2 54
1371.81 0 3 0 0 2 3 1 1 2 54
1372.76 0 4 0 0 2 3 2 1 1 54
1378.38 0 3 0 0 1 3 2 2 1 54
1380.78 0 4 0 0 1 3 3 2 0 54
1383.39 0 3 0 0 1 3 2 2 1 54
1394.22 0 2 0 0 0 3 2 3 1 54
1412.09 0 2 0 0 0 2 2 2 1 55
1432.42 0 1 0 0 0 2 1 2 2 55
1435.73 0 2 0 0 0 2 2 2 1 55
1436.5 0 3 0 0 0 2 3 2 0 55
1443.84 0 2 0 0 0 2 2 2 1 55
1445.01 0 2 0 0 1 3 1 2 1 55
1447.1 0 2 1 1 1 2 1 2 1 55
1450.68 0 2 2 2 1 1 1 2 1 55
1453.14 0 2 2 2 2 2 0 2 1 55
1453.23 1 3 2 2 1 2 0 2 1 55
1455.43 1 4 2 2 1 2 1 2 0 55
1459.43 1 4 3 3 1 1 1 2 0 55
1467.66 1 4 3 3 1 2 1 3 0 54
1468.83 1 4 3 3 1 1 1 2 0 55
1478.72 2 5 3 3 0 1 1 2 0 55
1478.78 1 4 3 3 1 1 1 2 0 55
1488.69 0 3 3 3 2 1 1 2 0 55
1493.74 1 4 3 3 1 1 1 2 0 55
1497.19 1 4 2 2 1 2 1 2 0 55
1501.42 2 5 2 2 0 2 1 2 0 55
1504.34 1 4 2 2 1 2 1 2 0 55
1509.22 1 4 1 1 1 3 1 2 0 55
1510.11 1 4 1 1 2 4 0 2 0 55
1510.91 1 4 1 1 2 3 0 1 0 56
1513.95 2 5 1 1 1 3 0 1 0 56
1524.95 1 4 1 1 2 3 0 1 0 56
1527.82 1 3 1 1 1 3 0 2 0 56
1527.97 2 4 1 1 0 3 0 2 0 56
1532.38 2 4 1 1 0 2 0 1 0 57
1541.84 2 4 1 1 0 1 0 0 0 58
1550.56 1 3 1 1 1 1 0 0 0 58
1554.05 1 2 1 1 0 1 0 1 0 58
1572.45 0 1 1 1 1 1 0 1 0 58
1588.79 0 2 1 1 2 1 0 0 0 58
1602.41 1 3 1 1 1 1 0 0 0 58
1607.91 2 4 1 1 0 1 0 0 0 58
1608.55 2 4 1 1 0 2 0 1 0 57
1608.61 2 4 2 2 0 1 0 1 0 57
1610.16 2 4 2 2 0 0 0 0 0 58
1624.81 1 3 2 2 1 0 0 0 0 58
1630.96 1 3 1 1 1 1 0 0 0 58
1639.35 0 2 1 1 2 1 0 0 0 58
1640.98 0 1 1 1 1 1 0 1 0 58
1645.01 0 1 1 1 1 0 0 0 0 59
1693.65 0 1 0 0 1 1 0 0 0 59
1694.91 1 2 0 0 0 1 0 0 0 59
1723.73 1 2 1 1 0 0 0 0 0 59
1773.17 1 2 1 1 0 1 0 1 0 58
1779.1 1 2 1 1 0 0 0 0 0 59
1795.59 1 2 1 1 0 1 0 1 0 58
1821.33 0 1 1 1 1 1 0 1 0 58
1824.79 0 0 1 1 0 1 0 2 0 58
1855.29 0 1 1 1 1 1 0 1 0 58
1855.83 0 1 0 0 1 2 0 1 0 58
1862.67 0 0 0 0 0 2 0 2 0 58
1877.54 0 0 0 0 0 1 0 1 0 59
1896.07 0 0 0 0 0 2 0 2 0 58
1919.7 0 0 0 0 0 1 0 1 0 59
1960.67 0 0 0 0 0 2 0 2 0 58
1964.78 0 0 0 0 0 1 0 1 0 59
2076.85 0 1 0 0 1 1 0 0 0 59
2146.45 1 2 0 0 0 1 0 0 0 59
2180.09 0 1 0 0 1 1 0 0 0 59
2211.03 0 1 0 0 0 0 1 0 0 59
2222.4 0 1 0 0 0 1 1 1 0 58
2282.67 0 0 0 0 0 1 0 1 1 58
2323.87 0 1 0 0 1 1 0 0 1 58
2341.25 1 2 0 0 0 1 0 0 1 58
2348.58 0 1 0 0 1 1 0 0 1 58
2365.66 1 2 0 0 0 1 0 0 1 58
2379.45 1 3 0 0 0 1 1 0 0 58
2398.74 1 3 0 0 0 2 1 1 0 57
2407.95 1 3 0 0 0 1 1 0 0 58
2423.77 1 2 0 0 0 1 0 0 1 58
2437.8 0 1 0 0 1 1 0 0 1 58
2468.24 0 1 1 1 1 0 0 0 1 58
2471.3 0 0 1 1 0 0 0 1 1 58
2473.42 0 1 1 1 0 0 1 1 0 58
2499.83 0 1 0 0 0 1 1 1 0 58
2531.9 0 1 0 0 0 0 1 0 0 59
2533.96 0 0 0 0 0 0 0 0 1 59
2567.88 0 1 0 0 0 0 1 0 0 59
2659.05 0 1 0 0 1 1 0 0 0 59
2686.42 0 1 1 1 1 0 0 0 0 59
2694.95 1 2 1 1 0 0 0 0 0 59
2695.17 0 1 1 1 1 0 0 0 0 59
2745.89 0 0 1 1 0 0 0 1 0 59
2841.46 0 1 1 1 1 0 0 0 0 59
2848.02 1 2 1 1 0 0 0 0 0 59
2897.52 0 1 1 1 1 0 0 0 0 59
2911.23 0 0 1 1 0 0 0 1 0 59
2930.69 0 1 1 1 1 0 0 0 0 59
2951.05 1 2 1 1 0 0 0 0 0 59
2971.87 1 2 1 1 0 1 0 1 0 58
2980.6 1 3 1 1 1 1 0 0 0 58
2980.6 1 3 1 1 1 1 0 0 0 58
