0 60 120 60 60 0 0 0 0 0 0
0.00298134 59 119 60 60 1 0 0 0 0 0
0.0141895 58 118 60 60 2 0 0 0 0 0
0.0284248 58 118 59 59 2 1 0 0 0 0
0.0322298 58 118 58 58 2 2 0 0 0 0
0.0445124 57 117 58 58 3 2 0 0 0 0
0.0464609 56 116 58 58 4 2 0 0 0 0
0.0539396 55 115 58 58 5 2 0 0 0 0
0.061017 55 114 58 58 4 2 0 1 0 0
0.0719839 54 113 58 58 5 2 0 1 0 0
0.0846577 54 112 58 58 4 2 0 2 0 0
0.0861632 53 111 58 58 5 2 0 2 0 0
0.0933913 53 111 57 57 5 3 0 2 0 0
0.0982701 53 111 56 56 5 4 0 2 0 0
0.10028 52 110 56 56 6 4 0 2 0 0
0.133722 52 110 55 55 6 5 0 2 0 0
0.14592 52 110 54 54 6 6 0 2 0 0
0.165728 52 110 53 53 6 7 0 2 0 0
0.174794 51 109 53 53 7 7 0 2 0 0
0.185218 50 108 53 53 8 7 0 2 0 0
0.203224 50 108 52 52 8 8 0 2 0 0
0.20472 49 107 52 52 9 8 0 2 0 0
0.205867 48 106 52 52 10 8 0 2 0 0
0.212377 47 105 52 52 11 8 0 2 0 0
0.224795 46 104 52 52 12 8 0 2 0 0
0.233998 46 104 51 51 12 9 0 2 0 0
0.27973 45 103 51 51 13 9 0 2 0 0
0.327179 45 103 50 50 13 10 0 2 0 0
0.356564 45 103 49 49 13 11 0 2 0 0
0.368683 44 102 49 49 14 11 0 2 0 0
0.370125 44 102 48 48 14 12 0 2 0 0
0.373781 43 101 48 48 15 12 0 2 0 0
0.386744 42 100 48 48 16 12 0 2 0 0
0.414321 41 99 48 48 17 12 0 2 0 0
0.421622 41 99 47 47 17 13 0 2 0 0
0.442742 41 98 47 47 16 13 0 3 0 0
0.452214 40 97 47 47 17 13 0 3 0 0
0.489856 40 97 46 46 17 14 0 3 0 0
0.496895 40 97 45 45 17 15 0 3 0 0
0.563846 39 96 45 45 18 15 0 3 0 0
0.56629 39 96 44 44 18 16 0 3 0 0
0.566929 39 95 44 44 17 16 0 4 0 0
0.630797 38 94 44 44 18 16 0 4 0 0
0.640918 37 93 44 44 19 16 0 4 0 0
0.645684 36 92 44 44 20 16 0 4 0 0
0.674003 36 92 43 43 20 17 0 4 0 0
0.6829 35 91 43 43 21 17 0 4 0 0
0.745383 34 90 43 43 22 17 0 4 0 0
0.792964 33 89 43 43 23 17 0 4 0 0
0.840444 33 88 43 43 22 17 0 5 0 0
0.842054 32 87 43 43 23 17 0 5 0 0
0.849587 32 87 42 42 23 18 0 5 0 0
0.86079 32 86 42 42 22 18 0 6 0 0
0.959966 31 85 42 42 23 18 0 6 0 0
0.971447 30 84 42 42 24 18 0 6 0 0
0.992409 30 84 41 41 24 19 0 6 0 0
1.00272 29 83 41 41 25 19 0 6 0 0
1.02346 29 83 41 41 24 18 1 6 0 0
1.04597 29 82 41 41 23 18 1 7 0 0
1.0499 28 81 41 41 24 18 1 7 0 0
1.16525 27 80 41 41 25 18 1 7 0 0
1.16987 27 80 41 41 24 17 2 7 0 0
1.22591 27 79 41 41 23 17 2 8 0 0
1.23341 26 78 41 41 24 17 2 8 0 0
1.29087 26 77 41 41 23 17 2 9 0 0
1.29342 26 78 41 41 24 17 2 8 0 0
1.33246 26 78 40 40 24 18 2 8 0 0
1.34818 26 77 40 40 23 18 2 9 0 0
1.37062 26 77 39 39 23 19 2 9 0 0
1.37086 26 76 39 39 22 19 2 10 0 0
1.38556 26 76 38 38 22 20 2 10 0 0
1.40783 25 75 38 38 23 20 2 10 0 0
1.41712 25 74 38 38 22 20 2 11 0 0
1.42295 24 73 38 38 23 20 2 11 0 0
1.43115 24 73 38 38 22 19 3 11 0 0
1.47965 24 72 38 38 21 19 3 12 0 0
1.48961 24 72 38 38 21 18 3 11 0 1
1.51634 24 71 38 38 20 18 3 12 0 1
1.52222 23 70 38 38 21 18 3 12 0 1
1.52456 23 69 38 38 20 18 3 13 0 1
1.52836 23 68 38 38 19 18 3 14 0 1
1.53201 22 67 38 38 20 18 3 14 0 1
1.55813 22 67 37 37 20 19 3 14 0 1
1.56463 22 66 37 37 19 19 3 15 0 1
1.56816 22 65 37 37 18 19 3 16 0 1
1.57778 22 65 36 36 18 20 3 16 0 1
1.63661 21 64 36 36 19 20 3 16 0 1
1.65316 21 63 36 36 18 20 3 17 0 1
1.65705 21 63 35 35 18 21 3 17 0 1
1.66239 21 63 35 35 17 20 4 17 0 1
1.663 22 64 35 35 16 20 4 17 0 1
1.69774 22 63 35 35 16 20 3 17 1 1
1.6999 22 62 35 35 16 20 2 17 2 1
1.72824 22 61 35 35 15 20 2 18 2 1
1.73805 22 61 34 34 15 21 2 18 2 1
1.75433 22 61 34 34 14 20 3 18 2 1
1.82065 22 61 33 33 14 21 3 18 2 1
1.83494 22 61 32 32 14 22 3 18 2 1
1.84004 22 61 31 31 14 23 3 18 2 1
1.88194 22 60 31 31 13 23 3 19 2 1
1.93359 21 59 31 31 14 23 3 19 2 1
1.99645 21 59 30 30 14 24 3 19 2 1
2.07086 21 58 30 30 13 24 3 20 2 1
2.13377 21 59 30 30 14 24 3 19 2 1
2.21699 20 58 30 30 15 24 3 19 2 1
2.23533 19 57 30 30 16 24 3 19 2 1
2.23561 19 57 30 30 16 23 3 18 2 2
2.24695 19 57 30 30 16 22 3 17 2 3
2.26655 18 56 30 30 17 22 3 17 2 3
2.28202 18 56 29 29 17 23 3 17 2 3
2.3104 17 55 29 29 18 23 3 17 2 3
2.31305 17 54 29 29 18 23 2 17 3 3
2.3241 17 54 29 29 17 22 3 17 3 3
2.40536 17 53 29 29 17 22 2 17 4 3
2.549 17 53 28 28 17 23 2 17 4 3
2.59082 16 52 28 28 18 23 2 17 4 3
2.62556 16 52 28 28 17 22 3 17 4 3
2.64563 16 52 28 28 16 21 4 17 4 3
2.70296 16 51 28 28 15 21 4 18 4 3
2.72909 16 51 27 27 15 22 4 18 4 3
2.73889 15 50 27 27 16 22 4 18 4 3
2.77639 15 49 27 27 15 22 4 19 4 3
2.91112 14 48 27 27 16 22 4 19 4 3
2.92611 14 47 27 27 15 22 4 20 4 3
2.98254 14 47 26 26 15 23 4 20 4 3
2.98463 14 46 26 26 14 23 4 21 4 3
3.00585 14 46 26 26 14 22 4 20 4 4
3.05559 14 46 25 25 14 23 4 20 4 4
3.09153 14 46 25 25 13 22 5 20 4 4
3.09209 14 46 25 25 12 21 6 20 4 4
3.09819 14 46 24 24 12 22 6 20 4 4
3.11258 14 46 23 23 12 23 6 20 4 4
3.12048 14 46 22 22 12 24 6 20 4 4
3.12898 13 45 22 22 13 24 6 20 4 4
3.22732 13 45 21 21 13 25 6 20 4 4
3.26819 13 45 21 21 13 24 6 19 4 5
3.30243 13 45 21 21 13 23 6 18 4 6
3.31963 13 44 21 21 13 23 5 18 5 6
3.60311 13 44 21 21 12 22 6 18 5 6
3.69433 13 44 20 20 12 23 6 18 5 6
3.70667 12 43 20 20 13 23 6 18 5 6
3.8854 12 43 20 20 12 22 7 18 5 6
4.08001 12 43 20 20 11 21 8 18 5 6
4.09196 12 42 20 20 11 21 7 18 6 6
4.10092 12 42 20 20 11 20 7 17 6 7
4.10106 12 41 20 20 10 20 7 18 6 7
4.22413 12 40 20 20 9 20 7 19 6 7
4.42079 12 41 20 20 10 20 7 18 6 7
4.56292 12 41 20 20 10 19 7 17 6 8
4.71357 12 41 19 19 10 20 7 17 6 8
4.79731 12 40 19 19 10 20 6 17 7 8
4.91139 12 40 19 19 10 19 6 16 7 9
4.97382 12 40 19 19 10 18 6 15 7 10
5.04748 12 40 18 18 10 19 6 15 7 10
5.12445 12 39 18 18 10 19 5 15 8 10
5.15076 11 38 18 18 11 19 5 15 8 10
5.17839 11 37 18 18 10 19 5 16 8 10
5.22113 11 36 18 18 9 19 5 17 8 10
5.38226 11 36 17 17 9 20 5 17 8 10
5.50051 11 37 17 17 9 20 6 17 7 10
5.62948 10 36 17 17 10 20 6 17 7 10
5.65349 10 36 16 16 10 21 6 17 7 10
5.65651 10 36 16 16 10 20 6 16 7 11
5.7471 9 35 16 16 11 20 6 16 7 11
5.77902 9 35 16 16 10 19 7 16 7 11
5.87346 9 35 16 16 10 18 7 15 7 12
5.87795 9 34 16 16 10 18 6 15 8 12
5.90548 9 34 15 15 10 19 6 15 8 12
5.98654 8 33 15 15 11 19 6 15 8 12
6.01128 8 32 15 15 10 19 6 16 8 12
6.05538 8 31 15 15 10 19 5 16 9 12
6.06991 8 31 14 14 10 20 5 16 9 12
6.22764 8 31 14 14 9 19 6 16 9 12
6.67717 8 31 13 13 9 20 6 16 9 12
6.69861 8 31 12 12 9 21 6 16 9 12
6.81628 8 32 12 12 9 21 7 16 8 12
6.89096 7 31 12 12 10 21 7 16 8 12
7.00251 7 30 12 12 10 21 6 16 9 12
7.02476 7 29 12 12 9 21 6 17 9 12
7.09937 7 28 12 12 9 21 5 17 10 12
7.50945 7 28 12 12 9 20 5 16 10 13
7.60724 7 29 12 12 9 20 6 16 9 13
7.74292 6 28 12 12 10 20 6 16 9 13
7.86215 6 27 12 12 9 20 6 17 9 13
8.03714 5 26 12 12 10 20 6 17 9 13
8.14156 5 26 12 12 10 19 6 16 9 14
8.21627 5 26 12 12 9 18 7 16 9 14
8.4878 5 26 12 12 9 17 7 15 9 15
8.53947 4 25 12 12 10 17 7 15 9 15
8.54064 4 24 12 12 10 17 6 15 10 15
8.6778 4 24 12 12 9 16 7 15 10 15
8.78799 4 24 12 12 9 15 7 14 10 16
8.94893 4 24 12 12 9 14 7 13 10 17
9.19052 3 23 12 12 10 14 7 13 10 17
9.34519 3 22 12 12 9 14 7 14 10 17
9.43275 3 21 12 12 9 14 6 14 11 17
9.56386 3 22 12 12 9 14 7 14 10 17
9.73268 3 21 12 12 8 14 7 15 10 17
10.1619 3 20 12 12 7 14 7 16 10 17
10.3339 3 20 12 12 6 13 8 16 10 17
10.3961 3 20 12 12 6 12 8 15 10 18
10.9203 3 20 11 11 6 13 8 15 10 18
10.9333 3 20 10 10 6 14 8 15 10 18
10.9566 3 19 10 10 5 14 8 16 10 18
11.2098 3 19 10 10 5 13 8 15 10 19
12.0191 3 18 10 10 4 13 8 16 10 19
12.3955 3 17 10 10 4 13 7 16 11 19
12.6163 3 16 10 10 4 13 6 16 12 19
13.0111 3 15 10 10 3 13 6 17 12 19
13.1511 3 14 10 10 2 13 6 18 12 19
13.5894 2 13 10 10 3 13 6 18 12 19
13.6342 2 13 10 10 3 12 6 17 12 20
15.3124 2 13 9 9 3 13 6 17 12 20
15.6567 2 13 8 8 3 14 6 17 12 20
15.7258 2 13 8 8 3 13 6 16 12 21
16.0229 2 12 8 8 2 13 6 17 12 21
16.3712 2 11 8 8 1 13 6 18 12 21
16.5045 2 11 8 8 0 12 7 18 12 21
16.7127 2 11 8 8 0 11 7 17 12 22
16.7987 2 11 8 8 0 10 7 16 12 23
17.1528 2 11 8 8 0 9 7 15 12 24
17.6032 2 11 8 8 0 8 7 14 12 25
18.2121 2 11 8 8 0 7 7 13 12 26
18.2487 2 10 8 8 0 7 6 13 13 26
19.1887 2 9 8 8 0 7 5 13 14 26
19.2761 2 9 7 7 0 8 5 13 14 26
19.5832 2 9 7 7 0 7 5 12 14 27
19.6888 2 9 7 7 0 6 5 11 14 28
19.8281 1 8 7 7 1 6 5 11 14 28
20.1299 1 8 7 7 1 5 5 10 14 29
20.4213 1 9 7 7 1 5 6 10 13 29
20.4608 1 10 7 7 1 5 7 10 12 29
21.2584 1 10 7 7 1 4 7 9 12 30
23.0629 1 10 7 7 1 3 7 8 12 31
25.5136 1 11 7 7 1 3 8 8 11 31
26.0021 1 10 7 7 1 3 7 8 12 31
26.3372 1 10 7 7 1 2 7 7 12 32
26.4487 1 11 7 7 1 2 8 7 11 32
27.1571 1 11 7 7 2 3 7 7 11 32
28.3956 1 10 7 7 2 3 6 7 12 32
29.383 1 11 7 7 2 3 7 7 11 32
29.623 1 11 7 7 2 2 7 6 11 33
29.9558 1 10 7 7 2 2 6 6 12 33
31.0165 1 9 7 7 2 2 5 6 13 33
31.5016 1 10 7 7 2 2 6 6 12 33
31.6195 1 10 6 6 2 3 6 6 12 33
31.9493 1 11 6 6 2 3 7 6 11 33
32.0019 1 12 6 6 2 3 8 6 10 33
32.6721 1 13 6 6 2 3 9 6 9 33
33.0427 1 12 6 6 2 3 8 6 10 33
33.2068 1 13 6 6 2 3 9 6 9 33
33.4189 1 12 6 6 2 3 8 6 10 33
33.7349 1 11 6 6 2 3 7 6 11 33
35.5083 1 12 6 6 2 3 8 6 10 33
36.2985 1 12 5 5 2 4 8 6 10 33
37.0861 1 11 5 5 2 4 7 6 11 33
38.6715 1 12 5 5 2 4 8 6 10 33
40.0121 1 11 5 5 1 4 8 7 10 33
40.696 1 10 5 5 1 4 7 7 11 33
40.7353 1 11 5 5 1 4 8 7 10 33
40.7428 1 11 5 5 2 5 7 7 10 33
40.8339 1 10 5 5 1 5 7 8 10 33
41.2339 1 11 5 5 1 5 8 8 9 33
41.803 1 12 5 5 1 5 9 8 8 33
41.9831 1 13 5 5 1 5 10 8 7 33
43.0954 1 12 5 5 1 5 9 8 8 33
43.2712 1 12 5 5 1 4 9 7 8 34
43.4405 1 11 5 5 1 4 8 7 9 34
44.2996 1 12 5 5 1 4 9 7 8 34
45.5291 1 11 5 5 1 4 8 7 9 34
45.5726 1 10 5 5 1 4 7 7 10 34
45.6578 1 11 5 5 2 4 7 6 10 34
46.5665 1 12 5 5 2 4 8 6 9 34
46.832 1 11 5 5 2 4 7 6 10 34
47.7339 1 10 5 5 1 4 7 7 10 34
48.4802 1 9 5 5 1 4 6 7 11 34
49.2676 1 9 4 4 1 5 6 7 11 34
49.4399 1 10 4 4 1 5 7 7 10 34
49.4896 1 10 4 4 0 4 8 7 10 34
49.801 1 10 4 4 0 3 8 6 10 35
49.8144 1 11 4 4 0 3 9 6 9 35
51.5201 1 11 4 4 0 2 9 5 9 36
52.0252 1 12 4 4 0 2 10 5 8 36
52.0473 1 12 4 4 0 1 10 4 8 37
52.392 1 12 3 3 0 2 10 4 8 37
53.4918 1 11 3 3 0 2 9 4 9 37
54.1473 1 11 2 2 0 3 9 4 9 37
54.6288 1 11 2 2 0 2 9 3 9 38
57.2015 1 10 2 2 0 2 8 3 10 38
58.7726 1 9 2 2 0 2 7 3 11 38
59.1107 1 8 2 2 0 2 6 3 12 38
59.9177 0 7 2 2 1 2 6 3 12 38
60.3911 0 6 2 2 1 2 5 3 13 38
60.5678 0 7 2 2 1 2 6 3 12 38
61.5957 0 7 3 3 1 1 6 3 12 38
63.3022 0 6 3 3 1 1 5 3 13 38
64.9894 0 5 3 3 1 1 4 3 14 38
68.3698 0 6 3 3 1 1 5 3 13 38
70.9864 0 6 2 2 1 2 5 3 13 38
71.8876 0 7 2 2 1 2 6 3 12 38
74.2887 0 8 2 2 1 2 7 3 11 38
75.7047 0 8 2 2 1 1 7 2 11 39
76.0204 0 9 2 2 1 1 8 2 10 39
77.7462 0 10 2 2 1 1 9 2 9 39
77.8232 0 9 2 2 1 1 8 2 10 39
80.9863 1 10 2 2 0 1 8 2 10 39
81.1778 1 9 2 2 0 1 7 2 11 39
81.624 1 8 2 2 0 1 6 2 12 39
81.9529 1 8 2 2 0 0 6 1 12 40
86.1248 1 7 2 2 0 0 5 1 13 40
86.1301 1 6 2 2 0 0 4 1 14 40
87.0756 1 5 2 2 0 0 3 1 15 40
88.0169 1 6 2 2 0 0 4 1 14 40
88.0766 1 7 2 2 0 0 5 1 13 40
88.7323 1 6 2 2 0 0 4 1 14 40
90.2217 1 7 2 2 0 0 5 1 13 40
93.3969 1 8 2 2 0 0 6 1 12 40
95.0897 1 9 2 2 0 0 7 1 11 40
96.2088 1 8 2 2 0 0 6 1 12 40
96.797 1 7 2 2 0 0 5 1 13 40
97.2051 1 8 2 2 0 0 6 1 12 40
97.3602 1 9 2 2 0 0 7 1 11 40
99.4494 1 8 2 2 0 0 6 1 12 40
99.4648 1 9 2 2 0 0 7 1 11 40
103.836 0 8 2 2 1 0 7 1 11 40
109.933 0 8 1 1 1 1 7 1 11 40
111.474 0 7 1 1 0 1 7 2 11 40
113.249 0 8 1 1 0 1 8 2 10 40
116.439 0 7 1 1 0 1 7 2 11 40
117.624 0 8 1 1 0 1 8 2 10 40
118.176 0 9 1 1 0 1 9 2 9 40
119.246 0 10 1 1 0 1 10 2 8 40
120.387 0 9 1 1 0 1 9 2 9 40
121.073 0 9 1 1 0 0 9 1 9 41
121.106 0 8 1 1 0 0 8 1 10 41
121.251 0 9 1 1 0 0 9 1 9 41
121.565 0 10 1 1 0 0 10 1 8 41
122.989 0 11 1 1 0 0 11 1 7 41
124.091 0 10 1 1 0 0 10 1 8 41
124.36 0 9 1 1 0 0 9 1 9 41
125.953 0 10 1 1 0 0 10 1 8 41
127.101 0 9 1 1 0 0 9 1 9 41
128.54 0 8 1 1 0 0 8 1 10 41
130.275 0 7 1 1 0 0 7 1 11 41
130.676 0 8 1 1 0 0 8 1 10 41
130.717 0 7 1 1 0 0 7 1 11 41
132.151 0 6 1 1 0 0 6 1 12 41
136.757 0 7 1 1 0 0 7 1 11 41
136.904 0 8 1 1 0 0 8 1 10 41
138.542 0 9 1 1 0 0 9 1 9 41
138.984 0 8 1 1 0 0 8 1 10 41
139.681 0 7 1 1 0 0 7 1 11 41
139.836 0 8 1 1 0 0 8 1 10 41
141.343 0 7 1 1 0 0 7 1 11 41
141.367 0 6 1 1 0 0 6 1 12 41
142.514 0 5 1 1 0 0 5 1 13 41
142.885 0 6 1 1 0 0 6 1 12 41
143.459 0 5 1 1 0 0 5 1 13 41
145.412 0 6 1 1 0 0 6 1 12 41
146.882 0 5 1 1 0 0 5 1 13 41
147.915 0 5 1 1 1 1 4 1 13 41
149.41 0 6 1 1 1 1 5 1 12 41
150.027 1 7 1 1 0 1 5 1 12 41
151.053 1 8 1 1 0 1 6 1 11 41
151.119 1 9 1 1 0 1 7 1 10 41
152.139 1 9 1 1 1 2 6 1 10 41
152.327 1 10 1 1 1 2 7 1 9 41
157.438 1 11 1 1 1 2 8 1 8 41
157.724 1 10 1 1 1 2 7 1 9 41
157.842 1 10 1 1 2 3 6 1 9 41
158.904 1 9 1 1 2 3 5 1 10 41
159.011 1 9 1 1 1 2 6 1 10 41
161.811 1 9 1 1 1 1 6 0 10 42
164.003 1 8 1 1 1 1 5 0 11 42
164.937 1 7 1 1 0 1 5 1 11 42
166.344 1 8 1 1 0 1 6 1 10 42
166.61 1 9 1 1 0 1 7 1 9 42
166.85 1 8 1 1 0 1 6 1 10 42
169.55 1 7 1 1 0 1 5 1 11 42
169.592 0 6 1 1 1 1 5 1 11 42
169.635 0 5 1 1 0 1 5 2 11 42
170.291 0 6 1 1 0 1 6 2 10 42
172.075 0 7 1 1 0 1 7 2 9 42
172.937 0 6 1 1 0 1 6 2 10 42
173.012 0 6 1 1 0 0 6 1 10 43
173.542 0 5 1 1 0 0 5 1 11 43
174.058 0 6 1 1 0 0 6 1 10 43
175.68 0 7 1 1 0 0 7 1 9 43
178.143 0 6 1 1 0 0 6 1 10 43
181.069 0 7 1 1 0 0 7 1 9 43
181.104 0 6 1 1 0 0 6 1 10 43
181.891 0 7 1 1 0 0 7 1 9 43
183.974 0 6 1 1 0 0 6 1 10 43
186.302 0 5 1 1 0 0 5 1 11 43
186.964 0 4 1 1 0 0 4 1 12 43
188.599 0 5 1 1 0 0 5 1 11 43
189.597 0 4 1 1 0 0 4 1 12 43
191.032 0 5 1 1 0 0 5 1 11 43
191.541 0 6 1 1 1 0 5 0 11 43
191.742 0 7 1 1 1 0 6 0 10 43
193.008 0 8 1 1 1 0 7 0 9 43
193.068 0 7 1 1 1 0 6 0 10 43
195.275 0 6 1 1 1 0 5 0 11 43
195.37 0 5 1 1 0 0 5 1 11 43
195.762 0 4 1 1 0 0 4 1 12 43
204.622 0 5 1 1 0 0 5 1 11 43
205.479 0 6 1 1 0 0 6 1 10 43
206.407 0 7 1 1 0 0 7 1 9 43
211.708 0 8 1 1 0 0 8 1 8 43
213.902 0 9 1 1 0 0 9 1 7 43
213.933 0 8 1 1 0 0 8 1 8 43
215.273 0 7 1 1 0 0 7 1 9 43
215.873 0 8 1 1 0 0 8 1 8 43
217.084 0 7 1 1 0 0 7 1 9 43
217.429 0 6 1 1 0 0 6 1 10 43
221.235 0 5 1 1 0 0 5 1 11 43
221.521 0 4 1 1 0 0 4 1 12 43
223.657 0 3 1 1 0 0 3 1 13 43
225.66 0 4 1 1 0 0 4 1 12 43
227.261 0 3 1 1 0 0 3 1 13 43
229.314 0 4 1 1 0 0 4 1 12 43
229.487 0 5 1 1 0 0 5 1 11 43
235.299 0 6 1 1 0 0 6 1 10 43
235.698 0 5 1 1 0 0 5 1 11 43
238.133 0 6 1 1 0 0 6 1 10 43
238.567 0 5 1 1 0 0 5 1 11 43
239.628 0 4 1 1 0 0 4 1 12 43
240.174 0 3 1 1 0 0 3 1 13 43
240.359 0 2 1 1 0 0 2 1 14 43
241.383 0 3 1 1 0 0 3 1 13 43
243.185 0 4 1 1 0 0 4 1 12 43
243.444 0 4 1 1 1 1 3 1 12 43
244.024 0 3 1 1 1 1 2 1 13 43
246.337 0 2 1 1 1 1 1 1 14 43
247.897 0 3 1 1 1 1 2 1 13 43
250.767 0 4 1 1 1 1 3 1 12 43
254.608 0 3 1 1 1 1 2 1 13 43
255.249 0 3 1 1 1 0 2 0 13 44
256.308 0 4 1 1 1 0 3 0 12 44
259.263 0 5 1 1 1 0 4 0 11 44
260.722 0 6 1 1 1 0 5 0 10 44
266.916 0 7 1 1 1 0 6 0 9 44
270.973 0 8 1 1 1 0 7 0 8 44
273.401 0 9 1 1 1 0 8 0 7 44
273.54 0 10 1 1 1 0 9 0 6 44
273.97 0 9 1 1 1 0 8 0 7 44
274.991 0 8 1 1 1 0 7 0 8 44
275.875 0 7 1 1 1 0 6 0 9 44
276.392 0 8 1 1 1 0 7 0 8 44
278.584 0 7 1 1 1 0 6 0 9 44
279.697 0 6 1 1 1 0 5 0 10 44
279.914 0 7 1 1 1 0 6 0 9 44
280.94 0 7 1 1 2 1 5 0 9 44
281.424 0 6 1 1 2 1 4 0 10 44
286.299 0 7 1 1 2 1 5 0 9 44
286.502 0 6 1 1 1 1 5 1 9 44
286.76 0 7 1 1 1 1 6 1 8 44
287.993 0 8 1 1 1 1 7 1 7 44
288.563 0 7 1 1 0 1 7 2 7 44
288.771 0 6 1 1 0 1 6 2 8 44
290.737 0 7 1 1 0 1 7 2 7 44
291.078 0 8 1 1 0 1 8 2 6 44
295.243 0 7 1 1 0 1 7 2 7 44
295.516 0 8 1 1 0 1 8 2 6 44
299.119 0 7 1 1 0 1 7 2 7 44
299.358 0 6 1 1 0 1 6 2 8 44
300.917 0 7 1 1 0 1 7 2 7 44
304.573 0 8 1 1 0 1 8 2 6 44
306.222 0 9 1 1 0 1 9 2 5 44
306.309 0 8 1 1 0 1 8 2 6 44
306.816 0 9 1 1 0 1 9 2 5 44
307.095 0 8 1 1 0 1 8 2 6 44
307.624 0 7 1 1 0 1 7 2 7 44
308.856 0 6 1 1 0 1 6 2 8 44
309.269 0 5 1 1 0 1 5 2 9 44
309.591 0 4 1 1 0 1 4 2 10 44
309.952 0 5 1 1 0 1 5 2 9 44
310.369 0 6 1 1 0 1 6 2 8 44
310.495 0 7 1 1 0 1 7 2 7 44
311.23 0 7 1 1 0 2 7 3 7 43
311.858 0 6 1 1 0 2 6 3 8 43
312.872 0 5 1 1 0 2 5 3 9 43
315.691 0 6 1 1 0 2 6 3 8 43
315.853 0 6 1 1 0 1 6 2 8 44
317.416 0 7 1 1 0 1 7 2 7 44
317.749 0 6 1 1 0 1 6 2 8 44
318.54 0 7 1 1 0 1 7 2 7 44
319.296 0 6 1 1 0 1 6 2 8 44
319.67 0 5 1 1 0 1 5 2 9 44
320.583 0 6 1 1 0 1 6 2 8 44
322.341 0 5 1 1 0 1 5 2 9 44
323.097 0 4 1 1 0 1 4 2 10 44
328.211 0 5 1 1 0 1 5 2 9 44
333.745 0 5 1 1 0 2 5 3 9 43
338.01 0 6 1 1 0 2 6 3 8 43
338.027 0 7 1 1 0 2 7 3 7 43
340.989 0 6 1 1 0 2 6 3 8 43
341.453 0 5 1 1 0 2 5 3 9 43
345.189 0 6 1 1 0 2 6 3 8 43
345.581 0 6 2 2 0 1 6 3 8 43
346.764 0 7 2 2 0 1 7 3 7 43
347.569 0 6 2 2 0 1 6 3 8 43
350.398 0 5 2 2 0 1 5 3 9 43
352.046 0 6 2 2 1 1 5 2 9 43
354.394 0 7 2 2 2 1 5 1 9 43
355.208 1 8 2 2 1 1 5 1 9 43
356.293 1 7 2 2 1 1 4 1 10 43
356.737 2 8 2 2 0 1 4 1 10 43
357.32 2 9 2 2 0 1 5 1 9 43
358.182 2 10 2 2 0 1 6 1 8 43
359.095 2 9 2 2 0 1 5 1 9 43
360.093 2 8 2 2 0 1 4 1 10 43
360.121 2 8 1 1 0 2 4 1 10 43
360.342 1 7 1 1 1 2 4 1 10 43
360.632 1 8 1 1 1 2 5 1 9 43
361.313 1 7 1 1 1 2 4 1 10 43
363.552 1 6 1 1 1 2 3 1 11 43
365.064 1 6 1 1 1 1 3 0 11 44
366.916 1 7 1 1 1 1 4 0 10 44
368.587 1 7 1 1 2 2 3 0 10 44
369.047 1 8 1 1 2 2 4 0 9 44
372.538 1 7 1 1 2 2 3 0 10 44
376.988 1 8 1 1 2 2 4 0 9 44
377.583 1 9 1 1 2 2 5 0 8 44
378.252 1 9 1 1 1 1 6 0 8 44
379.323 1 10 1 1 1 1 7 0 7 44
379.89 1 11 1 1 1 1 8 0 6 44
380.495 1 10 1 1 1 1 7 0 7 44
385.971 1 9 1 1 1 1 6 0 8 44
386.483 1 10 1 1 1 1 7 0 7 44
386.493 1 9 1 1 1 1 6 0 8 44
389.311 1 8 1 1 1 1 5 0 9 44
390.623 1 7 1 1 1 1 4 0 10 44
391.509 1 8 1 1 1 1 5 0 9 44
393.69 1 9 1 1 1 1 6 0 8 44
395.654 1 10 1 1 1 1 7 0 7 44
396.023 1 9 1 1 1 1 6 0 8 44
399.885 1 10 1 1 1 1 7 0 7 44
403.47 1 9 1 1 0 1 7 1 7 44
404.511 1 8 1 1 0 1 6 1 8 44
404.872 1 9 1 1 0 1 7 1 7 44
405.567 1 8 1 1 0 1 6 1 8 44
406.132 1 8 0 0 0 2 6 1 8 44
406.26 1 9 0 0 0 2 7 1 7 44
407.2 1 8 0 0 0 2 6 1 8 44
408.188 1 7 0 0 0 2 5 1 9 44
408.56 1 8 0 0 0 2 6 1 8 44
409.174 1 7 0 0 0 2 5 1 9 44
414.909 1 6 0 0 0 2 4 1 10 44
415.233 1 5 0 0 0 2 3 1 11 44
421.428 0 4 0 0 1 2 3 1 11 44
425.274 0 5 0 0 1 2 4 1 10 44
427.54 0 4 0 0 1 2 3 1 11 44
428.856 0 4 1 1 1 1 3 1 11 44
429.239 0 5 1 1 1 1 4 1 10 44
429.468 0 6 1 1 1 1 5 1 9 44
429.975 1 7 1 1 0 1 5 1 9 44
430.094 1 6 1 1 0 1 4 1 10 44
431.158 1 7 1 1 0 1 5 1 9 44
435.728 1 8 1 1 1 1 5 0 9 44
436.965 1 7 1 1 0 1 5 1 9 44
438.234 1 6 1 1 0 1 4 1 10 44
442.082 0 5 1 1 1 1 4 1 10 44
444.066 0 4 1 1 1 1 3 1 11 44
446.657 0 3 1 1 1 1 2 1 12 44
448.754 0 4 1 1 1 1 3 1 11 44
452.328 0 5 1 1 1 1 4 1 10 44
463.005 0 5 1 1 2 2 3 1 10 44
463.832 0 6 1 1 2 2 4 1 9 44
464.39 0 5 1 1 1 2 4 2 9 44
466.022 0 6 1 1 1 2 5 2 8 44
466.055 0 5 1 1 1 2 4 2 9 44
466.061 0 6 1 1 1 2 5 2 8 44
467.178 0 6 2 2 1 1 5 2 8 44
467.655 0 6 2 2 2 2 4 2 8 44
468.638 0 5 2 2 2 2 3 2 9 44
473.011 0 6 2 2 2 2 4 2 8 44
474.793 0 5 2 2 2 2 3 2 9 44
484.492 0 6 2 2 2 2 4 2 8 44
486.343 0 5 2 2 2 2 3 2 9 44
486.822 0 6 2 2 2 2 4 2 8 44
487.79 0 7 2 2 2 2 5 2 7 44
491.794 0 6 2 2 1 2 5 3 7 44
493.77 0 7 2 2 1 2 6 3 6 44
493.785 0 8 2 2 2 2 6 2 6 44
497.52 0 7 2 2 2 2 5 2 7 44
498.404 0 7 1 1 2 3 5 2 7 44
499.397 0 7 1 1 2 2 5 1 7 45
499.506 0 8 1 1 2 2 6 1 6 45
503.927 1 9 1 1 1 2 6 1 6 45
504.817 1 8 1 1 1 2 5 1 7 45
505.146 1 7 1 1 0 2 5 2 7 45
506.323 0 6 1 1 1 2 5 2 7 45
506.908 0 6 1 1 1 1 5 1 7 46
507.589 0 7 1 1 2 1 5 0 7 46
508.089 0 6 1 1 2 1 4 0 8 46
508.995 0 5 1 1 2 1 3 0 9 46
511.255 0 6 1 1 2 1 4 0 8 46
511.756 0 7 1 1 2 1 5 0 7 46
513.73 0 8 1 1 2 1 6 0 6 46
514.636 0 7 1 1 2 1 5 0 7 46
518.188 0 7 1 1 1 0 6 0 7 46
519.901 0 6 1 1 0 0 6 1 7 46
521.081 0 5 1 1 0 0 5 1 8 46
522.471 0 6 1 1 0 0 6 1 7 46
522.623 0 7 1 1 1 0 6 0 7 46
526.318 0 8 1 1 1 0 7 0 6 46
527.214 0 7 1 1 1 0 6 0 7 46
527.602 0 6 1 1 1 0 5 0 8 46
533.128 0 5 1 1 0 0 5 1 8 46
536.463 0 6 1 1 0 0 6 1 7 46
536.719 0 7 1 1 0 0 7 1 6 46
536.743 0 6 1 1 0 0 6 1 7 46
538.431 0 7 1 1 0 0 7 1 6 46
538.99 0 8 1 1 0 0 8 1 5 46
540.14 0 7 1 1 0 0 7 1 6 46
540.171 0 6 1 1 0 0 6 1 7 46
542.8 0 5 1 1 0 0 5 1 8 46
547.401 0 6 1 1 0 0 6 1 7 46
548.422 0 7 1 1 0 0 7 1 6 46
550.259 0 6 1 1 0 0 6 1 7 46
551.211 0 5 1 1 0 0 5 1 8 46
554.475 0 4 1 1 0 0 4 1 9 46
554.499 0 5 1 1 1 0 4 0 9 46
556.537 0 4 1 1 1 0 3 0 10 46
558.216 0 5 1 1 1 0 4 0 9 46
558.668 0 4 1 1 0 0 4 1 9 46
561.228 0 5 1 1 0 0 5 1 8 46
562.777 0 6 1 1 0 0 6 1 7 46
564.061 0 5 1 1 0 0 5 1 8 46
566.016 0 6 1 1 0 0 6 1 7 46
567.704 0 5 1 1 0 0 5 1 8 46
569.123 0 6 1 1 0 0 6 1 7 46
569.834 0 7 1 1 0 0 7 1 6 46
571.297 0 6 1 1 0 0 6 1 7 46
574.136 0 7 1 1 0 0 7 1 6 46
574.604 0 8 1 1 0 0 8 1 5 46
577.26 0 9 1 1 0 0 9 1 4 46
577.347 0 8 1 1 0 0 8 1 5 46
577.44 0 7 1 1 0 0 7 1 6 46
580.255 0 6 1 1 0 0 6 1 7 46
580.626 0 7 1 1 0 0 7 1 6 46
581.236 0 6 1 1 0 0 6 1 7 46
581.78 0 5 1 1 0 0 5 1 8 46
582.122 0 4 1 1 0 0 4 1 9 46
584.509 0 3 1 1 0 0 3 1 10 46
588.293 0 4 1 1 0 0 4 1 9 46
589.441 0 5 1 1 0 0 5 1 8 46
591.404 0 4 1 1 0 0 4 1 9 46
594.071 0 5 1 1 0 0 5 1 8 46
595.364 0 6 1 1 0 0 6 1 7 46
596.53 0 5 1 1 0 0 5 1 8 46
598.818 0 6 1 1 0 0 6 1 7 46
601.47 0 5 1 1 0 0 5 1 8 46
601.819 0 4 1 1 0 0 4 1 9 46
603.184 0 3 1 1 0 0 3 1 10 46
604.553 0 4 1 1 0 0 4 1 9 46
604.566 0 3 1 1 0 0 3 1 10 46
606.232 0 4 1 1 0 0 4 1 9 46
608.234 0 5 1 1 0 0 5 1 8 46
608.27 0 6 1 1 0 0 6 1 7 46
609.33 0 5 1 1 0 0 5 1 8 46
610.816 0 4 1 1 0 0 4 1 9 46
611.117 0 5 1 1 0 0 5 1 8 46
612.828 0 4 1 1 0 0 4 1 9 46
613.749 0 5 1 1 0 0 5 1 8 46
614.522 0 4 1 1 0 0 4 1 9 46
617.612 0 4 0 0 0 1 4 1 9 46
617.88 0 5 0 0 0 1 5 1 8 46
620.503 0 6 0 0 0 1 6 1 7 46
621.259 0 7 0 0 0 1 7 1 6 46
621.726 0 6 0 0 0 1 6 1 7 46
624.992 0 7 0 0 0 1 7 1 6 46
626.256 0 8 0 0 0 1 8 1 5 46
627.302 0 9 0 0 0 1 9 1 4 46
627.318 0 8 0 0 0 1 8 1 5 46
628.037 0 7 0 0 0 1 7 1 6 46
628.755 0 6 0 0 0 1 6 1 7 46
629.382 0 6 0 0 1 2 5 1 7 46
629.461 0 5 0 0 1 2 4 1 8 46
630.163 0 6 0 0 1 2 5 1 7 46
634.016 0 5 0 0 1 2 4 1 8 46
634.423 0 4 0 0 0 2 4 2 8 46
636.479 0 5 0 0 0 2 5 2 7 46
636.835 0 6 0 0 0 2 6 2 6 46
638.421 0 6 0 0 0 1 6 1 6 47
639.911 0 5 0 0 0 1 5 1 7 47
640.646 0 6 0 0 0 1 6 1 6 47
640.833 0 5 0 0 0 1 5 1 7 47
643.541 0 4 0 0 0 1 4 1 8 47
651.468 0 3 0 0 0 1 3 1 9 47
651.853 0 4 0 0 0 1 4 1 8 47
652.307 0 5 0 0 0 1 5 1 7 47
652.988 0 6 0 0 0 1 6 1 6 47
661.31 0 7 0 0 0 1 7 1 5 47
661.988 0 8 0 0 0 1 8 1 4 47
663.823 0 9 0 0 0 1 9 1 3 47
667.291 0 8 0 0 0 1 8 1 4 47
670.374 0 7 0 0 0 1 7 1 5 47
670.783 0 8 0 0 0 1 8 1 4 47
674.137 0 7 0 0 0 1 7 1 5 47
675.466 0 6 0 0 0 1 6 1 6 47
677.411 0 5 0 0 0 1 5 1 7 47
680.859 0 4 0 0 0 1 4 1 8 47
683.364 0 5 0 0 0 1 5 1 7 47
684.241 0 4 0 0 0 1 4 1 8 47
684.89 0 5 0 0 0 1 5 1 7 47
693.842 0 6 0 0 0 1 6 1 6 47
701.526 0 7 0 0 0 1 7 1 5 47
705.267 0 6 0 0 0 1 6 1 6 47
706.913 0 7 0 0 0 1 7 1 5 47
707.447 0 8 0 0 0 1 8 1 4 47
708.307 0 9 0 0 0 1 9 1 3 47
708.562 0 8 0 0 0 1 8 1 4 47
710.597 0 7 0 0 0 1 7 1 5 47
711.311 0 6 0 0 0 1 6 1 6 47
711.71 0 5 0 0 0 1 5 1 7 47
711.845 0 4 0 0 0 1 4 1 8 47
714.713 0 3 0 0 0 1 3 1 9 47
716.655 0 4 0 0 0 1 4 1 8 47
717.749 0 3 0 0 0 1 3 1 9 47
728.811 0 4 0 0 0 1 4 1 8 47
729.851 0 3 0 0 0 1 3 1 9 47
729.94 0 4 0 0 0 1 4 1 8 47
730.547 0 3 0 0 0 1 3 1 9 47
731.453 0 3 1 1 0 0 3 1 9 47
731.818 0 4 1 1 0 0 4 1 8 47
732.009 0 5 1 1 0 0 5 1 7 47
735.226 0 6 1 1 0 0 6 1 6 47
739.322 0 5 1 1 0 0 5 1 7 47
741.567 0 6 1 1 0 0 6 1 6 47
741.871 0 5 1 1 0 0 5 1 7 47
742.088 0 6 1 1 0 0 6 1 6 47
744.137 0 5 1 1 0 0 5 1 7 47
744.281 0 6 1 1 0 0 6 1 6 47
744.638 0 6 1 1 1 1 5 1 6 47
744.777 0 7 1 1 1 1 6 1 5 47
744.869 0 6 1 1 0 1 6 2 5 47
745.138 0 7 1 1 0 1 7 2 4 47
747.716 0 7 1 1 0 0 7 1 4 48
747.736 0 8 1 1 0 0 8 1 3 48
748.012 0 9 1 1 0 0 9 1 2 48
749.493 0 8 1 1 0 0 8 1 3 48
751.514 0 7 1 1 0 0 7 1 4 48
752.753 0 6 1 1 0 0 6 1 5 48
758.513 0 7 1 1 0 0 7 1 4 48
761.547 0 8 1 1 0 0 8 1 3 48
766.636 0 7 1 1 0 0 7 1 4 48
767.25 0 6 1 1 0 0 6 1 5 48
769.799 0 7 1 1 0 0 7 1 4 48
772.747 0 6 1 1 0 0 6 1 5 48
775.965 0 5 1 1 0 0 5 1 6 48
776.021 0 4 1 1 0 0 4 1 7 48
776.947 0 5 1 1 0 0 5 1 6 48
783.08 0 6 1 1 0 0 6 1 5 48
784.572 0 5 1 1 0 0 5 1 6 48
784.963 0 4 1 1 0 0 4 1 7 48
785.185 0 3 1 1 0 0 3 1 8 48
791.532 0 3 1 1 1 1 2 1 8 48
792.195 0 4 1 1 1 1 3 1 7 48
793.369 0 5 1 1 1 1 4 1 6 48
794.984 0 6 1 1 1 1 5 1 5 48
795.543 0 5 1 1 0 1 5 2 5 48
795.784 0 5 1 1 0 0 5 1 5 49
796.008 0 4 1 1 0 0 4 1 6 49
801.88 0 3 1 1 0 0 3 1 7 49
805.196 0 4 1 1 0 0 4 1 6 49
809.12 0 3 1 1 0 0 3 1 7 49
811.181 0 4 1 1 0 0 4 1 6 49
816.394 0 5 1 1 0 0 5 1 5 49
816.738 0 6 1 1 0 0 6 1 4 49
817.738 0 7 1 1 0 0 7 1 3 49
817.771 0 6 1 1 0 0 6 1 4 49
817.976 0 5 1 1 0 0 5 1 5 49
818.671 0 6 1 1 0 0 6 1 4 49
819.503 0 5 1 1 0 0 5 1 5 49
821.209 0 4 1 1 0 0 4 1 6 49
826.095 0 3 1 1 0 0 3 1 7 49
827.201 0 2 1 1 0 0 2 1 8 49
828.136 0 3 1 1 0 0 3 1 7 49
831.957 0 4 1 1 0 0 4 1 6 49
832.854 0 5 1 1 0 0 5 1 5 49
836.916 0 6 1 1 1 0 5 0 5 49
837.086 0 7 1 1 1 0 6 0 4 49
837.231 0 6 1 1 1 0 5 0 5 49
839.857 0 7 1 1 1 0 6 0 4 49
840.44 0 8 1 1 1 0 7 0 3 49
841.497 0 7 1 1 0 0 7 1 3 49
842.9 0 6 1 1 0 0 6 1 4 49
843.417 0 5 1 1 0 0 5 1 5 49
848.969 0 4 1 1 0 0 4 1 6 49
850.298 0 5 1 1 0 0 5 1 5 49
851.366 0 6 1 1 0 0 6 1 4 49
851.619 0 5 1 1 0 0 5 1 5 49
851.94 0 6 1 1 0 0 6 1 4 49
852.033 0 5 1 1 0 0 5 1 5 49
853.83 0 6 1 1 0 0 6 1 4 49
854.402 0 7 1 1 0 0 7 1 3 49
855.206 0 6 1 1 0 0 6 1 4 49
857.231 0 5 1 1 0 0 5 1 5 49
857.87 0 6 1 1 0 0 6 1 4 49
860.013 0 5 1 1 0 0 5 1 5 49
861.215 0 6 1 1 0 0 6 1 4 49
864.616 0 5 1 1 0 0 5 1 5 49
867.374 0 5 0 0 0 1 5 1 5 49
869.891 0 4 0 0 0 1 4 1 6 49
871.779 0 4 0 0 0 2 4 2 6 48
878.021 0 3 0 0 0 2 3 2 7 48
878.634 0 4 0 0 1 2 3 1 7 48
880.166 0 5 0 0 1 2 4 1 6 48
881.225 1 6 0 0 0 2 4 1 6 48
881.595 1 5 0 0 0 2 3 1 7 48
885.768 1 6 0 0 0 2 4 1 6 48
886.226 1 7 0 0 0 2 5 1 5 48
888.386 1 6 0 0 0 2 4 1 6 48
890.215 0 5 0 0 1 2 4 1 6 48
890.425 0 6 0 0 1 2 5 1 5 48
891.409 0 6 0 0 1 1 5 0 5 49
892.119 0 7 0 0 1 1 6 0 4 49
892.918 0 6 0 0 1 1 5 0 5 49
893.283 0 6 0 0 0 0 6 0 5 49
894.774 0 5 0 0 0 0 5 0 6 49
908.751 0 6 0 0 0 0 6 0 5 49
910.23 0 7 0 0 0 0 7 0 4 49
911.328 0 6 0 0 0 0 6 0 5 49
912.973 0 5 0 0 0 0 5 0 6 49
914.693 0 4 0 0 0 0 4 0 7 49
918.193 0 5 0 0 0 0 5 0 6 49
918.397 0 4 0 0 0 0 4 0 7 49
920.347 0 3 0 0 0 0 3 0 8 49
923.933 0 4 0 0 0 0 4 0 7 49
926.976 0 3 0 0 0 0 3 0 8 49
927.983 0 4 0 0 0 0 4 0 7 49
928.854 0 5 0 0 0 0 5 0 6 49
929.577 0 4 0 0 0 0 4 0 7 49
931.646 0 5 0 0 0 0 5 0 6 49
934.005 0 6 0 0 0 0 6 0 5 49
934.168 0 5 0 0 0 0 5 0 6 49
935.612 0 4 0 0 0 0 4 0 7 49
940.214 0 3 0 0 0 0 3 0 8 49
942.461 0 4 0 0 0 0 4 0 7 49
945.828 0 5 0 0 0 0 5 0 6 49
945.931 0 6 0 0 0 0 6 0 5 49
947.002 0 7 0 0 0 0 7 0 4 49
947.864 0 6 0 0 0 0 6 0 5 49
952.63 0 7 0 0 0 0 7 0 4 49
952.633 0 6 0 0 0 0 6 0 5 49
957.342 0 7 0 0 0 0 7 0 4 49
959.291 0 8 0 0 0 0 8 0 3 49
962.839 0 7 0 0 0 0 7 0 4 49
965.818 0 6 0 0 0 0 6 0 5 49
966.633 0 6 0 0 1 1 5 0 5 49
967.874 0 6 0 0 2 2 4 0 5 49
967.917 0 5 0 0 2 2 3 0 6 49
974.27 0 4 0 0 2 2 2 0 7 49
977.739 0 5 0 0 2 2 3 0 6 49
978.186 0 5 1 1 2 1 3 0 6 49
979.887 0 6 1 1 2 1 4 0 5 49
985.166 0 5 1 1 2 1 3 0 6 49
986.115 0 6 1 1 2 1 4 0 5 49
989.626 0 7 1 1 2 1 5 0 4 49
990.443 0 6 1 1 2 1 4 0 5 49
993.659 0 7 1 1 2 1 5 0 4 49
993.902 0 6 1 1 1 1 5 1 4 49
995.043 0 6 1 1 1 2 5 2 4 48
995.84 0 7 1 1 1 2 6 2 3 48
996.808 0 6 1 1 1 2 5 2 4 48
998.652 0 5 1 1 1 2 4 2 5 48
998.727 0 4 1 1 0 2 4 3 5 48
1002.47 0 4 0 0 0 3 4 3 5 48
1004.01 0 4 1 1 0 2 4 3 5 48
1005.62 0 4 1 1 0 1 4 2 5 49
1005.75 0 4 1 1 0 2 4 3 5 48
1011.44 0 3 1 1 0 2 3 3 6 48
1018.93 0 4 1 1 0 2 4 3 5 48
1019.71 0 3 1 1 0 2 3 3 6 48
1021.48 0 3 1 1 1 3 2 3 6 48
1023.57 0 4 1 1 1 3 3 3 5 48
1028.49 0 3 1 1 0 3 3 4 5 48
1031.72 0 4 1 1 0 3 4 4 4 48
1034.89 0 5 1 1 1 3 4 3 4 48
1036.37 0 6 1 1 1 3 5 3 3 48
1038.71 0 7 1 1 1 3 6 3 2 48
1038.8 0 6 1 1 1 3 5 3 3 48
1041.53 0 5 1 1 1 3 4 3 4 48
1044.24 0 6 1 1 1 3 5 3 3 48
1045.13 0 7 1 1 1 3 6 3 2 48
1049.29 0 6 1 1 0 3 6 4 2 48
1049.79 0 5 1 1 0 3 5 4 3 48
1050.91 0 6 1 1 0 3 6 4 2 48
1051.04 0 5 1 1 0 3 5 4 3 48
1057.08 0 5 1 1 0 2 5 3 3 49
1058.01 0 4 1 1 0 2 4 3 4 49
1063.06 0 5 1 1 0 2 5 3 3 49
1063.86 0 4 1 1 0 2 4 3 4 49
1065.87 0 4 1 1 0 3 4 4 4 48
1068.29 0 5 1 1 1 3 4 3 4 48
1068.72 0 5 2 2 1 2 4 3 4 48
1069.14 0 6 2 2 1 2 5 3 3 48
1069.38 0 6 1 1 1 3 5 3 3 48
1069.54 0 5 1 1 1 3 4 3 4 48
1070.02 0 5 1 1 1 2 4 2 4 49
1070.2 0 6 1 1 1 2 5 2 3 49
1074.96 0 6 2 2 1 1 5 2 3 49
1081.24 0 6 3 3 1 0 5 2 3 49
1082.56 0 7 3 3 2 0 5 1 3 49
1089.34 0 6 3 3 1 0 5 2 3 49
1091.09 0 6 3 3 2 1 4 2 3 49
1097 0 5 3 3 1 1 4 3 3 49
1098.57 0 6 3 3 1 1 5 3 2 49
1108.15 0 7 3 3 2 1 5 2 2 49
1108.63 0 6 3 3 2 1 4 2 3 49
1108.77 0 5 3 3 1 1 4 3 3 49
1108.79 0 6 3 3 1 1 5 3 2 49
1111.14 0 7 3 3 1 1 6 3 1 49
1111.55 0 6 3 3 1 1 5 3 2 49
1120.72 0 5 3 3 1 1 4 3 3 49
1121.35 0 6 3 3 2 1 4 2 3 49
1122.85 0 7 3 3 2 1 5 2 2 49
1123.63 0 6 3 3 2 1 4 2 3 49
1124.76 0 5 3 3 2 1 3 2 4 49
1126.28 1 6 3 3 1 1 3 2 4 49
1126.88 1 7 3 3 1 1 4 2 3 49
1129.22 1 8 3 3 1 1 5 2 2 49
1130.35 1 8 3 3 1 0 5 1 2 50
1131.35 1 7 3 3 1 0 4 1 3 50
1131.93 1 6 3 3 1 0 3 1 4 50
1132.25 1 6 3 3 2 1 2 1 4 50
1132.54 1 7 3 3 2 1 3 1 3 50
1134.13 1 7 2 2 2 2 3 1 3 50
1134.71 1 6 2 2 2 2 2 1 4 50
1136.58 1 7 2 2 2 2 3 1 3 50
1137.02 1 7 2 2 1 1 4 1 3 50
1137.8 1 6 2 2 1 1 3 1 4 50
1147.43 1 5 2 2 1 1 2 1 5 50
1148.19 1 6 2 2 1 1 3 1 4 50
1149.94 1 5 2 2 1 1 2 1 5 50
1155.03 1 4 2 2 1 1 1 1 6 50
1160.53 1 4 3 3 1 0 1 1 6 50
1160.56 1 5 3 3 1 0 2 1 5 50
1164.81 2 6 3 3 0 0 2 1 5 50
1169.66 2 7 3 3 0 0 3 1 4 50
1169.99 2 7 3 3 0 1 3 2 4 49
1171.05 2 8 3 3 0 1 4 2 3 49
1171.34 2 8 3 3 0 2 4 3 3 48
1171.52 2 7 3 3 0 2 3 3 4 48
1174.37 2 7 2 2 0 3 3 3 4 48
1176.44 2 7 2 2 0 4 3 4 4 47
1177.7 2 7 2 2 0 5 3 5 4 46
1179.79 2 7 2 2 0 4 3 4 4 47
1181.73 2 8 2 2 1 4 3 3 4 47
1186.57 2 8 2 2 2 5 2 3 4 47
1188.68 2 8 1 1 2 6 2 3 4 47
1188.73 2 7 1 1 2 6 1 3 5 47
1189.49 2 8 1 1 2 6 2 3 4 47
1189.57 2 8 2 2 2 5 2 3 4 47
1190.47 1 7 2 2 3 5 2 3 4 47
1191.02 1 6 2 2 3 5 1 3 5 47
1195.1 1 6 2 2 2 4 2 3 5 47
1199.48 1 7 2 2 2 4 3 3 4 47
1201.6 1 8 2 2 2 4 4 3 3 47
1202.56 1 7 2 2 2 4 3 3 4 47
1204.53 1 8 2 2 2 4 4 3 3 47
1205.66 1 8 2 2 2 3 4 2 3 48
1206.01 1 7 2 2 1 3 4 3 3 48
1208.93 0 6 2 2 2 3 4 3 3 48
1209.76 0 5 2 2 2 3 3 3 4 48
1210.1 0 6 2 2 2 3 4 3 3 48
1211.8 0 7 2 2 2 3 5 3 2 48
1215.12 0 8 2 2 2 3 6 3 1 48
1215.53 0 8 2 2 1 2 7 3 1 48
1216.14 0 7 2 2 1 2 6 3 2 48
1219.82 0 6 2 2 1 2 5 3 3 48
1220.88 0 5 2 2 1 2 4 3 4 48
1222.17 0 5 2 2 2 3 3 3 4 48
1227.49 0 6 2 2 2 3 4 3 3 48
1228.42 0 5 2 2 1 3 4 4 3 48
1231.69 0 6 2 2 1 3 5 4 2 48
1233.74 0 6 2 2 1 2 5 3 2 49
1235.04 0 5 2 2 1 2 4 3 3 49
1238.22 0 5 2 2 2 3 3 3 3 49
1241.69 0 6 2 2 2 3 4 3 2 49
1241.89 0 6 1 1 2 4 4 3 2 49
1242.65 0 5 1 1 2 4 3 3 3 49
1243.08 0 6 1 1 2 4 4 3 2 49
1246.01 0 6 1 1 2 3 4 2 2 50
1246.44 0 7 1 1 2 3 5 2 1 50
1246.91 0 8 1 1 2 3 6 2 0 50
1249.78 0 7 1 1 2 3 5 2 1 50
1254.34 0 7 1 1 2 2 5 1 1 51
1254.43 0 6 1 1 2 2 4 1 2 51
1256.19 0 5 1 1 1 2 4 2 2 51
1257.35 1 6 1 1 0 2 4 2 2 51
1260.09 1 7 1 1 1 2 4 1 2 51
1263.2 1 8 1 1 1 2 5 1 1 51
1268.53 1 7 1 1 1 2 4 1 2 51
1269.75 1 6 1 1 1 2 3 1 3 51
1272.52 1 5 1 1 1 2 2 1 4 51
1276.58 1 6 1 1 2 2 2 0 4 51
1277.36 0 5 1 1 3 2 2 0 4 51
1278.13 0 6 1 1 3 2 3 0 3 51
1279.36 0 5 1 1 2 2 3 1 3 51
1280.13 0 4 1 1 2 2 2 1 4 51
1282.43 0 5 1 1 2 2 3 1 3 51
1283.52 0 4 1 1 1 2 3 2 3 51
1285.16 0 4 1 1 2 3 2 2 3 51
1286.32 0 4 1 1 1 2 3 2 3 51
1292.36 0 3 1 1 1 2 2 2 4 51
1293.65 0 3 1 1 2 3 1 2 4 51
1297.38 0 4 1 1 2 3 2 2 3 51
1299.98 0 3 1 1 1 3 2 3 3 51
1302.87 0 4 1 1 2 3 2 2 3 51
1304.49 0 5 1 1 2 3 3 2 2 51
1306.73 0 5 2 2 2 2 3 2 2 51
1307.75 0 5 2 2 1 1 4 2 2 51
1308.46 0 4 2 2 1 1 3 2 3 51
1308.51 0 3 2 2 1 1 2 2 4 51
1308.88 0 4 2 2 1 1 3 2 3 51
1310.25 0 3 2 2 1 1 2 2 4 51
1311.88 0 2 2 2 0 1 2 3 4 51
1312.6 0 1 2 2 0 1 1 3 5 51
1313.04 0 2 2 2 0 1 2 3 4 51
1318.84 0 2 1 1 0 2 2 3 4 51
1319.93 0 3 1 1 1 2 2 2 4 51
1322.1 0 3 1 1 1 3 2 3 4 50
1322.76 0 4 1 1 1 3 3 3 3 50
1325.83 0 3 1 1 1 3 2 3 4 50
1326.45 0 4 1 1 1 3 3 3 3 50
1326.87 0 3 1 1 1 3 2 3 4 50
1328.33 0 3 2 2 1 2 2 3 4 50
1331.97 0 3 2 2 1 1 2 2 4 51
1332.39 0 2 2 2 1 1 1 2 5 51
1333.7 0 3 2 2 1 1 2 2 4 51
1333.78 0 2 2 2 0 1 2 3 4 51
1342.75 0 3 2 2 0 1 3 3 3 51
1344.63 0 4 2 2 1 1 3 2 3 51
1345.43 0 4 2 2 1 0 3 1 3 52
1348.78 0 4 2 2 1 1 3 2 3 51
1350.84 0 3 2 2 1 1 2 2 4 51
1351.3 0 3 1 1 1 2 2 2 4 51
1358.15 0 4 1 1 1 2 3 2 3 51
1358.51 0 4 1 1 1 1 3 1 3 52
1359.26 0 5 1 1 1 1 4 1 2 52
1363.68 1 6 1 1 0 1 4 1 2 52
1364.15 1 7 1 1 0 1 5 1 1 52
1368.69 0 6 1 1 1 1 5 1 1 52
1373.47 0 5 1 1 1 1 4 1 2 52
1376.45 0 6 1 1 1 1 5 1 1 52
1377.01 0 5 1 1 1 1 4 1 2 52
1382.7 0 6 1 1 1 1 5 1 1 52
1382.87 1 7 1 1 0 1 5 1 1 52
1383.34 1 6 1 1 0 1 4 1 2 52
1387.43 1 5 1 1 0 1 3 1 3 52
1388.65 1 6 1 1 0 1 4 1 2 52
1391.86 1 5 1 1 0 1 3 1 3 52
1392.71 1 4 1 1 0 1 2 1 4 52
1398.46 1 5 1 1 0 1 3 1 3 52
1398.95 0 4 1 1 1 1 3 1 3 52
1402.69 0 3 1 1 1 1 2 1 4 52
1404.14 0 2 1 1 1 1 1 1 5 52
1404.45 0 3 1 1 1 1 2 1 4 52
1408.72 0 2 1 1 1 1 1 1 5 52
1409.19 0 3 1 1 1 1 2 1 4 52
1409.46 0 4 1 1 1 1 3 1 3 52
1419.26 0 3 1 1 1 1 2 1 4 52
1421.15 0 3 0 0 1 2 2 1 4 52
1421.73 0 3 1 1 1 1 2 1 4 52
1423.01 0 2 1 1 1 1 1 1 5 52
1424.71 0 3 1 1 1 1 2 1 4 52
1425.29 0 3 1 1 1 2 2 2 4 51
1425.39 0 4 1 1 1 2 3 2 3 51
1427.91 0 3 1 1 1 2 2 2 4 51
1431.81 0 3 1 1 1 1 2 1 4 52
1437.68 0 4 1 1 1 1 3 1 3 52
1440.85 0 5 1 1 1 1 4 1 2 52
1441.42 0 4 1 1 1 1 3 1 3 52
1442.52 0 3 1 1 1 1 2 1 4 52
1445.83 0 4 1 1 1 1 3 1 3 52
1446.38 0 3 1 1 1 1 2 1 4 52
1450.78 0 4 1 1 1 1 3 1 3 52
1453.67 0 5 1 1 1 1 4 1 2 52
1453.95 0 4 1 1 1 1 3 1 3 52
1457.66 0 5 1 1 1 1 4 1 2 52
1460.62 0 5 1 1 1 2 4 2 2 51
1470.12 0 4 1 1 1 2 3 2 3 51
1470.23 0 4 0 0 1 3 3 2 3 51
1470.61 0 4 0 0 1 2 3 1 3 52
1476.17 0 3 0 0 1 2 2 1 4 52
1477.49 0 3 1 1 1 1 2 1 4 52
1478.3 0 2 1 1 1 1 1 1 5 52
1483.16 0 3 1 1 1 1 2 1 4 52
1486.44 0 3 0 0 1 2 2 1 4 52
1487.28 0 4 0 0 1 2 3 1 3 52
1488.84 0 5 0 0 1 2 4 1 2 52
1493.99 0 6 0 0 1 2 5 1 1 52
1495.5 0 5 0 0 0 2 5 2 1 52
1496.05 0 4 0 0 0 2 4 2 2 52
1496.46 0 3 0 0 0 2 3 2 3 52
1506 0 3 0 0 0 1 3 1 3 53
1514.42 0 2 0 0 0 1 2 1 4 53
1517.68 0 1 0 0 0 1 1 1 5 53
1527.7 0 2 0 0 0 1 2 1 4 53
1530.86 0 3 0 0 0 1 3 1 3 53
1533.61 0 2 0 0 0 1 2 1 4 53
1535.35 0 3 0 0 0 1 3 1 3 53
1540.91 0 3 0 0 0 2 3 2 3 52
1560.91 0 4 0 0 0 2 4 2 2 52
1560.92 0 5 0 0 0 2 5 2 1 52
1562.8 0 5 0 0 0 1 5 1 1 53
1565.87 0 5 1 1 0 0 5 1 1 53
1568.17 0 5 1 1 0 1 5 2 1 52
1571.78 0 4 1 1 0 1 4 2 2 52
1574.78 0 3 1 1 0 1 3 2 3 52
1577.11 0 4 1 1 0 1 4 2 2 52
1579.64 0 5 1 1 0 1 5 2 1 52
1580.95 0 4 1 1 0 1 4 2 2 52
1581.39 0 5 1 1 0 1 5 2 1 52
1584.23 0 4 1 1 0 1 4 2 2 52
1592.58 0 4 0 0 0 2 4 2 2 52
1594.21 0 5 0 0 0 2 5 2 1 52
1597.44 0 6 0 0 1 2 5 1 1 52
1597.98 0 5 0 0 1 2 4 1 2 52
1599.07 0 6 0 0 1 2 5 1 1 52
1603.56 0 5 0 0 1 2 4 1 2 52
1606.06 1 6 0 0 0 2 4 1 2 52
1606.09 1 6 0 0 0 3 4 2 2 51
1607.34 1 5 0 0 0 3 3 2 3 51
1610.13 0 4 0 0 1 3 3 2 3 51
1611.64 0 5 0 0 2 3 3 1 3 51
1612.7 0 4 0 0 2 3 2 1 4 51
1613.57 0 3 0 0 1 3 2 2 4 51
1619.18 0 4 0 0 1 3 3 2 3 51
1624.9 0 4 1 1 1 2 3 2 3 51
1635.39 0 3 1 1 1 2 2 2 4 51
1637.06 0 4 1 1 1 2 3 2 3 51
1644.83 0 5 1 1 2 2 3 1 3 51
1645.97 0 6 1 1 2 2 4 1 2 51
1648.35 0 5 1 1 2 2 3 1 3 51
1649.25 0 5 1 1 2 1 3 0 3 52
1650.8 0 4 1 1 2 1 2 0 4 52
1657.09 0 5 1 1 2 1 3 0 3 52
1663.42 0 6 1 1 2 1 4 0 2 52
1663.66 0 5 1 1 2 1 3 0 3 52
1664.22 0 4 1 1 1 1 3 1 3 52
1667.07 0 4 1 1 1 0 3 0 3 53
1669.05 0 3 1 1 1 0 2 0 4 53
1670.12 0 4 1 1 1 0 3 0 3 53
1671.18 0 5 1 1 1 0 4 0 2 53
1674.82 0 6 1 1 1 0 5 0 1 53
1680.17 0 7 1 1 1 0 6 0 0 53
1682.04 0 6 1 1 1 0 5 0 1 53
1682.34 0 5 1 1 1 0 4 0 2 53
1689.57 0 4 1 1 1 0 3 0 3 53
1692.9 0 5 1 1 1 0 4 0 2 53
1693.83 0 5 0 0 1 1 4 0 2 53
1694.04 0 6 0 0 1 1 5 0 1 53
1695.65 0 5 0 0 1 1 4 0 2 53
1697.15 0 4 0 0 1 1 3 0 3 53
1699.58 1 5 0 0 0 1 3 0 3 53
1699.71 1 6 0 0 0 1 4 0 2 53
1700 1 5 0 0 0 1 3 0 3 53
1707.74 1 6 0 0 0 1 4 0 2 53
1711.35 1 7 0 0 0 1 5 0 1 53
1712.7 1 6 0 0 0 1 4 0 2 53
1713.95 1 6 0 0 1 2 3 0 2 53
1715.42 1 6 0 0 0 1 4 0 2 53
1715.44 1 5 0 0 0 1 3 0 3 53
1720.66 0 4 0 0 1 1 3 0 3 53
1721.77 0 5 0 0 1 1 4 0 2 53
1722.01 0 4 0 0 1 1 3 0 3 53
1723.54 0 5 0 0 1 1 4 0 2 53
1726.57 0 4 0 0 1 1 3 0 3 53
1726.91 0 3 0 0 1 1 2 0 4 53
1728.31 0 4 0 0 1 1 3 0 3 53
1730.96 0 5 0 0 1 1 4 0 2 53
1733.93 0 4 0 0 1 1 3 0 3 53
1739.27 0 4 1 1 1 0 3 0 3 53
1748.14 0 4 1 1 2 1 2 0 3 53
1751.19 0 5 1 1 2 1 3 0 2 53
1755.77 0 4 1 1 2 1 2 0 3 53
1758.43 0 5 1 1 2 1 3 0 2 53
1762.97 0 4 1 1 1 1 3 1 2 53
1767.31 0 3 1 1 0 1 3 2 2 53
1770.09 0 2 1 1 0 1 2 2 3 53
1780.42 0 3 1 1 0 1 3 2 2 53
1783.1 0 4 1 1 0 1 4 2 1 53
1787.51 0 4 1 1 0 2 4 3 1 52
1799.44 0 3 1 1 0 2 3 3 2 52
1813.66 0 4 1 1 0 2 4 3 1 52
1814.8 0 4 1 1 0 1 4 2 1 53
1818.61 0 3 1 1 0 1 3 2 2 53
1818.93 0 4 1 1 0 1 4 2 1 53
1820.69 0 3 1 1 0 1 3 2 2 53
1827.86 0 2 1 1 0 1 2 2 3 53
1829.4 0 3 1 1 0 1 3 2 2 53
1837.94 0 2 1 1 0 1 2 2 3 53
1844.29 0 3 1 1 0 1 3 2 2 53
1846.32 0 4 1 1 0 1 4 2 1 53
1846.87 0 3 1 1 0 1 3 2 2 53
1848.64 0 3 0 0 0 2 3 2 2 53
1850.01 0 2 0 0 0 2 2 2 3 53
1850.92 0 1 0 0 0 2 1 2 4 53
1856.87 0 2 0 0 0 2 2 2 3 53
1861.12 0 2 1 1 0 1 2 2 3 53
1863.61 0 1 1 1 0 1 1 2 4 53
1864.51 0 0 1 1 0 1 0 2 5 53
1870 0 1 1 1 0 1 1 2 4 53
1871.62 0 1 1 1 0 2 1 3 4 52
1872.45 0 2 1 1 1 2 1 2 4 52
1882.35 0 3 1 1 1 2 2 2 3 52
1885.35 0 2 1 1 0 2 2 3 3 52
1886.46 0 3 1 1 0 2 3 3 2 52
1888.14 0 3 1 1 0 1 3 2 2 53
1893.35 0 4 1 1 0 1 4 2 1 53
1895.14 0 3 1 1 0 1 3 2 2 53
1897.96 0 3 1 1 0 0 3 1 2 54
1904.28 0 2 1 1 0 0 2 1 3 54
1908.14 0 3 1 1 0 0 3 1 2 54
1916.05 0 4 1 1 1 0 3 0 2 54
1916.35 0 5 1 1 1 0 4 0 1 54
1925.06 1 6 1 1 0 0 4 0 1 54
1925.29 1 5 1 1 0 0 3 0 2 54
1927.83 1 5 1 1 1 1 2 0 2 54
1931.56 1 4 1 1 1 1 1 0 3 54
1933.56 2 5 1 1 0 1 1 0 3 54
1933.93 1 4 1 1 1 1 1 0 3 54
1935.51 1 5 1 1 1 1 2 0 2 54
1936.42 1 4 1 1 1 1 1 0 3 54
1945.65 1 4 0 0 1 2 1 0 3 54
1946.09 1 5 0 0 1 2 2 0 2 54
1952.11 1 4 0 0 0 2 2 1 2 54
1959.71 1 4 1 1 0 1 2 1 2 54
1960.42 1 5 1 1 0 1 3 1 1 54
1968.12 0 4 1 1 1 1 3 1 1 54
1969.73 0 3 1 1 1 1 2 1 2 54
1989.65 0 4 1 1 1 1 3 1 1 54
1990.25 0 5 1 1 2 1 3 0 1 54
1995.75 0 4 1 1 2 1 2 0 2 54
1997.64 1 5 1 1 1 1 2 0 2 54
1998.59 1 4 1 1 1 1 1 0 3 54
2015.36 1 5 1 1 1 1 2 0 2 54
2019.93 1 5 1 1 2 2 1 0 2 54
2023.16 0 4 1 1 3 2 1 0 2 54
2032.41 0 3 1 1 2 2 1 1 2 54
2038.43 0 4 1 1 3 2 1 0 2 54
2042.65 0 3 1 1 2 2 1 1 2 54
2046.05 1 4 1 1 1 2 1 1 2 54
2046.19 1 3 1 1 1 2 0 1 3 54
2052.66 1 3 1 1 0 1 1 1 3 54
2057.2 1 4 1 1 1 1 1 0 3 54
2063.27 2 5 1 1 0 1 1 0 3 54
2064.59 1 4 1 1 1 1 1 0 3 54
2068.47 1 5 1 1 1 1 2 0 2 54
2070.85 0 4 1 1 2 1 2 0 2 54
2073.46 0 3 1 1 1 1 2 1 2 54
2080.12 0 3 2 2 1 0 2 1 2 54
2102.64 0 3 2 2 2 1 1 1 2 54
2108.49 0 2 2 2 1 1 1 2 2 54
2110.65 0 1 2 2 0 1 1 3 2 54
2111.36 0 2 2 2 1 1 1 2 2 54
2117.93 0 2 2 2 0 0 2 2 2 54
2125.59 0 3 2 2 0 0 3 2 1 54
2128.15 0 2 2 2 0 0 2 2 2 54
2128.18 0 3 2 2 1 0 2 1 2 54
2132.72 0 2 2 2 0 0 2 2 2 54
2134 0 3 2 2 0 0 3 2 1 54
2134.82 0 2 2 2 0 0 2 2 2 54
2136.58 0 1 2 2 0 0 1 2 3 54
2140.96 0 2 2 2 0 0 2 2 2 54
2148.65 0 2 2 2 0 1 2 3 2 53
2151.18 0 3 2 2 0 1 3 3 1 53
2154.26 0 3 2 2 1 2 2 3 1 53
2162.39 0 4 2 2 1 2 3 3 0 53
2179.77 1 5 2 2 0 2 3 3 0 53
2188.62 1 6 2 2 1 2 3 2 0 53
2189.85 1 5 2 2 1 2 2 2 1 53
2198.79 1 6 2 2 2 2 2 1 1 53
2206.61 1 6 2 2 2 1 2 0 1 54
2211.23 0 5 2 2 3 1 2 0 1 54
2212.78 0 4 2 2 2 1 2 1 1 54
2215.67 0 3 2 2 1 1 2 2 1 54
2222.43 0 2 2 2 1 1 1 2 2 54
2222.61 0 2 1 1 1 2 1 2 2 54
2224.91 1 3 1 1 0 2 1 2 2 54
2231.22 1 4 1 1 1 2 1 1 2 54
2234.58 1 5 1 1 1 2 2 1 1 54
2237.36 1 5 1 1 1 3 2 2 1 53
2239.39 1 5 1 1 1 2 2 1 1 54
2240.44 1 4 1 1 0 2 2 2 1 54
2245.32 1 5 1 1 0 2 3 2 0 54
2248.98 0 4 1 1 1 2 3 2 0 54
2256.15 0 3 1 1 0 2 3 3 0 54
2256.45 0 2 1 1 0 2 2 3 1 54
2265.91 0 1 1 1 0 2 1 3 2 54
2273.01 0 2 1 1 0 2 2 3 1 54
2274.6 0 3 1 1 0 2 3 3 0 54
2283.24 0 3 0 0 0 3 3 3 0 54
2294.95 0 2 0 0 0 3 2 3 1 54
2318.26 0 3 0 0 0 3 3 3 0 54
2320.59 0 2 0 0 0 3 2 3 1 54
2322.95 0 1 0 0 0 3 1 3 2 54
2330.64 0 1 0 0 0 2 1 2 2 55
2350.98 0 2 0 0 0 2 2 2 1 55
2353.52 0 3 0 0 0 2 3 2 0 55
2362.67 0 2 0 0 0 2 2 2 1 55
2365.84 0 3 0 0 0 2 3 2 0 55
2383.75 0 3 0 0 1 3 2 2 0 55
2392.9 0 3 0 0 0 2 3 2 0 55
2412.09 0 2 0 0 0 2 2 2 1 55
2424.59 0 2 0 0 0 1 2 1 1 56
2443.53 0 2 0 0 0 2 2 2 1 55
2461.07 0 2 0 0 0 1 2 1 1 56
2461.72 0 1 0 0 0 1 1 1 2 56
2467.53 0 1 0 0 0 2 1 2 2 55
2468.32 0 1 0 0 0 1 1 1 2 56
2480.91 0 2 0 0 0 1 2 1 1 56
2495.64 0 2 0 0 1 2 1 1 1 56
2498.94 0 1 0 0 0 2 1 2 1 56
2513.24 0 1 0 0 0 1 1 1 1 57
2547.34 0 2 0 0 0 1 2 1 0 57
2561.2 0 2 0 0 1 2 1 1 0 57
2580.19 0 2 0 0 1 1 1 0 0 58
2588.88 0 1 0 0 1 1 0 0 1 58
2598.28 0 2 0 0 1 1 1 0 0 58
2604.72 1 3 0 0 0 1 1 0 0 58
2605.88 1 3 1 1 0 0 1 0 0 58
2614.77 0 2 1 1 1 0 1 0 0 58
2646.16 0 1 1 1 0 0 1 1 0 58
2692.89 0 2 1 1 1 0 1 0 0 58
2705.09 0 2 0 0 1 1 1 0 0 58
2707.98 1 3 0 0 0 1 1 0 0 58
2716.11 0 2 0 0 1 1 1 0 0 58
2741.01 0 1 0 0 1 1 0 0 1 58
2755.76 1 2 0 0 0 1 0 0 1 58
2765.43 1 3 0 0 0 1 1 0 0 58
2768.84 1 3 0 0 0 2 1 1 0 57
2793.68 1 3 0 0 0 3 1 2 0 56
2800.48 1 3 1 1 0 2 1 2 0 56
2812.81 1 4 1 1 1 2 1 1 0 56
2821.39 1 4 2 2 1 1 1 1 0 56
2825.43 0 3 2 2 2 1 1 1 0 56
2828.21 0 3 1 1 2 2 1 1 0 56
2838.03 1 4 1 1 1 2 1 1 0 56
2841.24 1 3 1 1 1 2 0 1 1 56
2846.88 0 2 1 1 2 2 0 1 1 56
2851.58 0 1 1 1 1 2 0 2 1 56
2853.66 0 1 0 0 1 3 0 2 1 56
2861.64 0 2 0 0 2 3 0 1 1 56
2868.55 1 3 0 0 1 3 0 1 1 56
2876.31 1 4 0 0 1 3 1 1 0 56
2876.63 0 3 0 0 2 3 1 1 0 56
2878.21 0 3 0 0 1 2 2 1 0 56
2878.25 0 2 0 0 1 2 1 1 1 56
2881.08 0 1 0 0 0 2 1 2 1 56
2881.44 0 2 0 0 1 2 1 1 1 56
2903.56 1 3 0 0 0 2 1 1 1 56
2927.43 1 4 0 0 0 2 2 1 0 56
2932.03 1 3 0 0 0 2 1 1 1 56
2939.15 0 2 0 0 1 2 1 1 1 56
2943.05 0 3 0 0 1 2 2 1 0 56
2957.46 0 3 0 0 0 1 3 1 0 56
2991.4 0 4 0 0 1 1 3 0 0 56
2991.4 0 4 0 0 1 1 3 0 0 56
