0 60 120 60 60 0 0 0 0 0 0
0.0101679 59 119 60 60 1 0 0 0 0 0
0.0279259 58 118 60 60 2 0 0 0 0 0
0.0621711 57 117 60 60 3 0 0 0 0 0
0.0723825 57 117 59 59 3 1 0 0 0 0
0.076057 57 117 58 58 3 2 0 0 0 0
0.0778199 57 117 57 57 3 3 0 0 0 0
0.0792956 56 116 57 57 4 3 0 0 0 0
0.0823085 56 116 56 56 4 4 0 0 0 0
0.0862226 56 116 55 55 4 5 0 0 0 0
0.0960137 55 115 55 55 5 5 0 0 0 0
0.0969313 54 114 55 55 6 5 0 0 0 0
0.103526 54 114 54 54 6 6 0 0 0 0
0.119205 53 113 54 54 7 6 0 0 0 0
0.125628 52 112 54 54 8 6 0 0 0 0
0.128117 52 112 53 53 8 7 0 0 0 0
0.155006 51 111 53 53 9 7 0 0 0 0
0.155703 50 110 53 53 10 7 0 0 0 0
0.167615 49 109 53 53 11 7 0 0 0 0
0.176536 49 108 53 53 10 7 0 1 0 0
0.179043 48 107 53 53 11 7 0 1 0 0
0.187522 48 107 52 52 11 8 0 1 0 0
0.187703 47 106 52 52 12 8 0 1 0 0
0.190471 47 106 51 51 12 9 0 1 0 0
0.224993 47 106 50 50 12 10 0 1 0 0
0.234288 47 106 49 49 12 11 0 1 0 0
0.236382 46 105 49 49 13 11 0 1 0 0
0.237243 45 104 49 49 14 11 0 1 0 0
0.255596 44 103 49 49 15 11 0 1 0 0
0.260514 44 102 49 49 14 11 0 2 0 0
0.27546 44 102 48 48 14 12 0 2 0 0
0.279496 44 102 47 47 14 13 0 2 0 0
0.281983 44 102 46 46 14 14 0 2 0 0
0.282751 43 101 46 46 15 14 0 2 0 0
0.287453 42 100 46 46 16 14 0 2 0 0
0.31523 42 100 45 45 16 15 0 2 0 0
0.319117 42 100 44 44 16 16 0 2 0 0
0.338779 42 100 44 44 15 15 1 2 0 0
0.364488 41 99 44 44 16 15 1 2 0 0
0.374269 40 98 44 44 17 15 1 2 0 0
0.379585 39 97 44 44 18 15 1 2 0 0
0.380853 39 97 43 43 18 16 1 2 0 0
0.389725 39 96 43 43 17 16 1 3 0 0
0.429626 39 95 43 43 16 16 1 4 0 0
0.464694 39 94 43 43 15 16 1 5 0 0
0.467153 39 94 42 42 15 17 1 5 0 0
0.483523 39 94 41 41 15 18 1 5 0 0
0.526476 38 93 41 41 16 18 1 5 0 0
0.544401 37 92 41 41 17 18 1 5 0 0
0.554742 36 91 41 41 18 18 1 5 0 0
0.566057 36 90 41 41 17 18 1 6 0 0
0.571602 35 89 41 41 18 18 1 6 0 0
0.583637 34 88 41 41 19 18 1 6 0 0
0.622591 34 87 41 41 18 18 1 7 0 0
0.652315 34 87 41 41 17 17 2 7 0 0
0.69719 34 87 41 41 17 16 2 6 0 1
0.700738 33 86 41 41 18 16 2 6 0 1
0.711709 33 86 40 40 18 17 2 6 0 1
0.713349 33 86 40 40 17 16 3 6 0 1
0.733965 32 85 40 40 18 16 3 6 0 1
0.746573 31 84 40 40 19 16 3 6 0 1
0.756558 31 84 40 40 19 15 3 5 0 2
0.758331 31 83 40 40 19 15 2 5 1 2
0.787601 30 82 40 40 20 15 2 5 1 2
0.792521 30 81 40 40 19 15 2 6 1 2
0.809565 29 80 40 40 20 15 2 6 1 2
0.819666 28 79 40 40 21 15 2 6 1 2
0.82704 27 78 40 40 22 15 2 6 1 2
0.854044 27 77 40 40 21 15 2 7 1 2
0.854563 27 77 39 39 21 16 2 7 1 2
0.867017 26 76 39 39 22 16 2 7 1 2
0.882251 26 76 38 38 22 17 2 7 1 2
0.930126 25 75 38 38 23 17 2 7 1 2
0.932826 24 74 38 38 24 17 2 7 1 2
0.937229 23 73 38 38 25 17 2 7 1 2
0.985422 23 73 37 37 25 18 2 7 1 2
1.00107 23 72 37 37 24 18 2 8 1 2
1.02616 23 72 36 36 24 19 2 8 1 2
1.04327 23 71 36 36 24 19 1 8 2 2
1.04983 23 71 35 35 24 20 1 8 2 2
1.06799 22 70 35 35 25 20 1 8 2 2
1.07804 21 69 35 35 26 20 1 8 2 2
1.09731 21 69 34 34 26 21 1 8 2 2
1.12589 21 68 34 34 25 21 1 9 2 2
1.16004 21 68 33 33 25 22 1 9 2 2
1.18845 21 67 33 33 24 22 1 10 2 2
1.213 21 66 33 33 23 22 1 11 2 2
1.24518 21 66 33 33 22 21 2 11 2 2
1.34953 20 65 33 33 23 21 2 11 2 2
1.363 20 64 33 33 22 21 2 12 2 2
1.38355 20 63 33 33 21 21 2 13 2 2
1.42507 19 62 33 33 22 21 2 13 2 2
1.44313 19 61 33 33 22 21 1 13 3 2
1.46472 18 60 33 33 23 21 1 13 3 2
1.5046 18 60 32 32 23 22 1 13 3 2
1.53416 18 59 32 32 22 22 1 14 3 2
1.55408 17 58 32 32 23 22 1 14 3 2
1.55571 16 57 32 32 24 22 1 14 3 2
1.57832 16 57 31 31 24 23 1 14 3 2
1.58384 16 56 31 31 23 23 1 15 3 2
1.59947 15 55 31 31 24 23 1 15 3 2
1.61201 14 54 31 31 25 23 1 15 3 2
1.6879 13 53 31 31 26 23 1 15 3 2
1.70414 12 52 31 31 27 23 1 15 3 2
1.75149 12 52 30 30 27 24 1 15 3 2
1.91319 12 51 30 30 26 24 1 16 3 2
2.02247 12 51 29 29 26 25 1 16 3 2
2.02975 12 50 29 29 25 25 1 17 3 2
2.03303 12 50 28 28 25 26 1 17 3 2
2.04684 12 50 27 27 25 27 1 17 3 2
2.06481 11 49 27 27 26 27 1 17 3 2
2.27758 11 49 26 26 26 28 1 17 3 2
2.34141 11 49 26 26 26 27 1 16 3 3
2.40194 11 48 26 26 25 27 1 17 3 3
2.45468 10 47 26 26 26 27 1 17 3 3
2.48219 10 47 26 26 26 26 1 16 3 4
2.53482 10 47 25 25 26 27 1 16 3 4
2.5366 10 47 25 25 25 26 2 16 3 4
2.598 10 46 25 25 24 26 2 17 3 4
2.62493 10 46 25 25 23 25 3 17 3 4
2.63181 10 45 25 25 23 25 2 17 4 4
2.69155 10 45 25 25 23 24 2 16 4 5
2.70095 9 44 25 25 24 24 2 16 4 5
2.73111 9 43 25 25 23 24 2 17 4 5
2.77305 9 43 24 24 23 25 2 17 4 5
2.77636 8 42 24 24 24 25 2 17 4 5
2.83311 8 42 24 24 24 24 2 16 4 6
2.91278 8 42 24 24 23 23 3 16 4 6
2.9184 8 42 24 24 22 22 4 16 4 6
3.00566 8 42 23 23 22 23 4 16 4 6
3.04524 8 41 23 23 21 23 4 17 4 6
3.20059 8 40 23 23 20 23 4 18 4 6
3.20842 7 39 23 23 21 23 4 18 4 6
3.32767 6 38 23 23 22 23 4 18 4 6
3.35529 6 37 23 23 21 23 4 19 4 6
3.38546 6 37 23 23 20 22 5 19 4 6
3.48447 6 37 23 23 20 21 5 18 4 7
3.5448 7 38 23 23 19 21 5 18 4 7
3.55101 7 38 23 23 19 20 5 17 4 8
3.57154 7 38 22 22 19 21 5 17 4 8
3.74408 7 37 22 22 18 21 5 18 4 8
3.81205 7 37 22 22 17 20 6 18 4 8
3.84658 7 36 22 22 17 20 5 18 5 8
3.85903 7 36 22 22 16 19 6 18 5 8
3.86644 7 37 22 22 16 19 7 18 4 8
3.89754 7 37 22 22 15 18 8 18 4 8
3.92434 7 36 22 22 14 18 8 19 4 8
4.11278 7 35 22 22 14 18 7 19 5 8
4.14126 7 35 21 21 14 19 7 19 5 8
4.17589 7 35 20 20 14 20 7 19 5 8
4.19253 7 35 19 19 14 21 7 19 5 8
4.21863 7 35 19 19 14 20 7 18 5 9
4.21997 6 34 19 19 15 20 7 18 5 9
4.22634 6 34 19 19 15 19 7 17 5 10
4.23678 6 33 19 19 14 19 7 18 5 10
4.366 6 33 19 19 14 18 7 17 5 11
4.47409 6 32 19 19 14 18 6 17 6 11
4.58019 6 32 19 19 14 17 6 16 6 12
4.58194 5 31 19 19 15 17 6 16 6 12
4.69344 5 31 19 19 15 16 6 15 6 13
4.93478 5 31 19 19 15 15 6 14 6 14
5.06952 5 30 19 19 14 15 6 15 6 14
5.13095 5 30 18 18 14 16 6 15 6 14
5.26626 5 30 17 17 14 17 6 15 6 14
5.34505 5 30 17 17 14 16 6 14 6 15
5.43295 5 30 16 16 14 17 6 14 6 15
5.4363 4 29 16 16 15 17 6 14 6 15
5.62598 5 30 16 16 14 17 6 14 6 15
5.8703 4 29 16 16 15 17 6 14 6 15
5.88854 5 30 16 16 14 17 6 14 6 15
5.92835 5 31 16 16 14 17 7 14 5 15
5.94354 5 31 16 16 14 16 7 13 5 16
6.01207 4 30 16 16 15 16 7 13 5 16
6.04779 4 29 16 16 15 16 6 13 6 16
6.22011 4 29 16 16 15 15 6 12 6 17
6.3329 4 29 15 15 15 16 6 12 6 17
6.35848 4 28 15 15 15 16 5 12 7 17
6.36731 4 28 15 15 14 15 6 12 7 17
6.39439 4 28 14 14 14 16 6 12 7 17
6.48864 4 28 13 13 14 17 6 12 7 17
6.49585 4 28 13 13 14 16 6 11 7 18
6.60504 4 28 13 13 14 15 6 10 7 19
6.625 4 27 13 13 14 15 5 10 8 19
6.645 4 27 13 13 14 14 5 9 8 20
6.72215 4 26 13 13 13 14 5 10 8 20
6.74475 4 26 12 12 13 15 5 10 8 20
6.79884 4 25 12 12 12 15 5 11 8 20
7.18854 4 25 11 11 12 16 5 11 8 20
7.22274 4 24 11 11 11 16 5 12 8 20
7.29985 5 25 11 11 10 16 5 12 8 20
7.35798 5 25 11 11 10 15 5 11 8 21
7.62962 5 24 11 11 10 15 4 11 9 21
7.76497 4 23 11 11 11 15 4 11 9 21
7.82129 4 23 10 10 11 16 4 11 9 21
8.06532 3 22 10 10 12 16 4 11 9 21
8.22265 3 22 9 9 12 17 4 11 9 21
8.24368 3 22 9 9 12 16 4 10 9 22
8.87207 3 21 9 9 11 16 4 11 9 22
9.13358 3 21 9 9 11 15 4 10 9 23
9.21667 3 21 9 9 11 14 4 9 9 24
9.33064 3 20 9 9 11 14 3 9 10 24
9.35281 3 20 8 8 11 15 3 9 10 24
9.74413 3 21 8 8 11 15 4 9 9 24
9.9628 4 22 8 8 10 15 4 9 9 24
10.0345 4 22 8 8 10 14 4 8 9 25
10.0725 4 22 8 8 9 13 5 8 9 25
10.1337 4 23 8 8 9 13 6 8 8 25
10.1917 3 22 8 8 10 13 6 8 8 25
11.0782 3 21 8 8 10 13 5 8 9 25
11.3213 3 21 8 8 9 12 6 8 9 25
11.4633 3 20 8 8 8 12 6 9 9 25
11.7017 3 19 8 8 8 12 5 9 10 25
11.9494 3 18 8 8 8 12 4 9 11 25
12.6301 3 17 8 8 7 12 4 10 11 25
13.0282 3 17 8 8 7 11 4 9 11 26
13.4042 3 17 8 8 7 10 4 8 11 27
14.0327 3 17 7 7 7 11 4 8 11 27
14.0704 3 17 7 7 6 10 5 8 11 27
14.9683 3 17 6 6 6 11 5 8 11 27
15.6455 3 17 6 6 6 10 5 7 11 28
15.6485 3 18 6 6 6 10 6 7 10 28
17.5525 3 18 6 6 6 9 6 6 10 29
17.6017 3 18 6 6 6 8 6 5 10 30
17.6611 4 19 6 6 5 8 6 5 10 30
18.2841 3 18 6 6 6 8 6 5 10 30
19.2353 3 17 6 6 5 8 6 6 10 30
19.3464 3 16 6 6 5 8 5 6 11 30
19.3632 2 15 6 6 6 8 5 6 11 30
19.4955 1 14 6 6 7 8 5 6 11 30
19.7185 1 15 6 6 7 8 6 6 10 30
19.8591 1 15 6 6 7 7 6 5 10 31
20.056 1 15 6 6 7 6 6 4 10 32
20.114 1 14 6 6 7 6 5 4 11 32
20.1349 1 15 6 6 7 6 6 4 10 32
20.3343 0 14 6 6 8 6 6 4 10 32
20.5333 0 13 6 6 7 6 6 5 10 32
20.5647 0 12 6 6 6 6 6 6 10 32
21.1119 1 13 6 6 5 6 6 6 10 32
21.6066 1 13 5 5 5 7 6 6 10 32
21.8112 1 12 5 5 5 7 5 6 11 32
22.544 1 12 5 5 5 6 5 5 11 33
24.121 1 13 5 5 5 6 6 5 10 33
26.0709 1 14 5 5 6 6 6 4 10 33
26.1026 1 14 5 5 6 5 6 3 10 34
26.1072 1 13 5 5 6 5 5 3 11 34
26.3787 1 12 5 5 5 5 5 4 11 34
27.1884 1 12 4 4 5 6 5 4 11 34
27.6716 1 12 3 3 5 7 5 4 11 34
27.9589 1 11 3 3 5 7 4 4 12 34
27.986 1 11 3 3 4 6 5 4 12 34
28.5606 1 10 3 3 3 6 5 5 12 34
28.7665 1 9 3 3 3 6 4 5 13 34
30.1291 1 9 3 3 3 7 4 6 13 33
31.86 1 9 3 3 3 6 4 5 13 34
33.3847 1 9 3 3 4 7 3 5 13 34
33.4689 1 8 3 3 4 7 2 5 14 34
34.1809 1 9 3 3 4 7 3 5 13 34
35.1723 1 8 3 3 3 7 3 6 13 34
35.2425 1 8 3 3 2 6 4 6 13 34
37.5018 1 9 3 3 2 6 5 6 12 34
37.8666 1 9 3 3 2 5 5 5 12 35
38.3269 1 10 3 3 2 5 6 5 11 35
38.5352 1 11 3 3 2 5 7 5 10 35
38.641 1 10 3 3 2 5 6 5 11 35
39.571 1 11 3 3 2 5 7 5 10 35
40.0758 1 11 3 3 2 4 7 4 10 36
40.8087 1 10 3 3 2 4 6 4 11 36
40.8745 1 9 3 3 1 4 6 5 11 36
42.3147 1 10 3 3 2 4 6 4 11 36
42.3891 1 9 3 3 2 4 5 4 12 36
42.7296 1 10 3 3 2 4 6 4 11 36
43.1486 1 11 3 3 3 4 6 3 11 36
43.3988 1 12 3 3 3 4 7 3 10 36
44.0754 1 11 3 3 2 4 7 4 10 36
44.1547 1 10 3 3 2 4 6 4 11 36
44.7001 1 9 3 3 1 4 6 5 11 36
44.7193 0 8 3 3 2 4 6 5 11 36
45.8271 0 9 3 3 2 4 7 5 10 36
45.8876 0 8 3 3 2 4 6 5 11 36
49.393 0 7 3 3 2 4 5 5 12 36
49.4864 0 7 3 3 2 3 5 4 12 37
49.6985 0 6 3 3 2 3 4 4 13 37
50.1651 0 7 3 3 2 3 5 4 12 37
50.5059 0 8 3 3 2 3 6 4 11 37
50.8387 1 9 3 3 1 3 6 4 11 37
53.2546 1 8 3 3 1 3 5 4 12 37
54.1646 1 9 3 3 1 3 6 4 11 37
55.1563 1 9 2 2 1 4 6 4 11 37
55.9721 1 9 2 2 2 5 5 4 11 37
56.3237 1 8 2 2 2 5 4 4 12 37
59.8945 1 8 2 2 1 4 5 4 12 37
60.1685 1 9 2 2 2 4 5 3 12 37
61.9402 1 9 2 2 2 5 5 4 12 36
62.213 0 8 2 2 3 5 5 4 12 36
64.0104 0 9 2 2 3 5 6 4 11 36
65.1177 0 9 2 2 3 6 6 5 11 35
66.2805 0 9 1 1 3 7 6 5 11 35
67.238 0 10 1 1 3 7 7 5 10 35
67.4303 0 11 1 1 3 7 8 5 9 35
67.7203 0 10 1 1 3 7 7 5 10 35
68.1104 0 10 1 1 3 6 7 4 10 36
68.3021 0 11 1 1 3 6 8 4 9 36
69.0745 0 11 1 1 2 5 9 4 9 36
69.0984 0 11 1 1 2 4 9 3 9 37
69.3376 0 10 1 1 1 4 9 4 9 37
69.3851 0 10 1 1 2 5 8 4 9 37
69.6203 1 11 1 1 1 5 8 4 9 37
69.8583 1 12 1 1 1 5 9 4 8 37
70.1062 1 11 1 1 1 5 8 4 9 37
70.1926 1 12 1 1 1 5 9 4 8 37
71.4888 1 11 1 1 1 5 8 4 9 37
71.6624 1 10 1 1 1 5 7 4 10 37
73.2722 0 9 1 1 2 5 7 4 10 37
74.924 0 10 1 1 2 5 8 4 9 37
74.9648 0 10 2 2 2 4 8 4 9 37
75.9296 0 9 2 2 2 4 7 4 10 37
76.695 0 9 1 1 2 5 7 4 10 37
77.4556 0 9 2 2 2 4 7 4 10 37
79.4527 0 8 2 2 2 4 6 4 11 37
80.3973 0 9 2 2 2 4 7 4 10 37
80.4382 0 8 2 2 2 4 6 4 11 37
81.0174 0 9 2 2 2 4 7 4 10 37
81.0507 0 8 2 2 2 4 6 4 11 37
81.6269 0 8 2 2 3 5 5 4 11 37
81.9797 0 7 2 2 2 5 5 5 11 37
82.7336 0 8 2 2 2 5 6 5 10 37
83.2954 0 7 2 2 2 5 5 5 11 37
85.3706 0 7 2 2 3 6 4 5 11 37
86.5832 0 6 2 2 3 6 3 5 12 37
87.1987 0 5 2 2 3 6 2 5 13 37
87.2534 0 6 2 2 3 6 3 5 12 37
87.6295 0 5 2 2 2 6 3 6 12 37
87.8611 0 5 1 1 2 7 3 6 12 37
87.8657 0 6 1 1 2 7 4 6 11 37
88.7087 0 6 1 1 2 6 4 5 11 38
89.1115 0 6 1 1 2 5 4 4 11 39
89.6225 0 5 1 1 2 5 3 4 12 39
89.6362 0 6 1 1 2 5 4 4 11 39
90.6087 1 7 1 1 1 5 4 4 11 39
92.2219 0 6 1 1 2 5 4 4 11 39
92.3277 0 7 1 1 2 5 5 4 10 39
92.5263 0 7 1 1 2 4 5 3 10 40
92.7113 0 8 1 1 2 4 6 3 9 40
95.9603 0 7 1 1 2 4 5 3 10 40
98.1633 0 7 1 1 2 3 5 2 10 41
99.8626 0 6 1 1 2 3 4 2 11 41
101.467 0 7 1 1 2 3 5 2 10 41
102.548 0 7 1 1 1 2 6 2 10 41
102.691 0 6 1 1 1 2 5 2 11 41
102.823 0 5 1 1 1 2 4 2 12 41
103.3 0 6 1 1 1 2 5 2 11 41
104.052 0 5 1 1 0 2 5 3 11 41
104.554 0 6 1 1 0 2 6 3 10 41
104.712 0 5 1 1 0 2 5 3 11 41
108.948 0 4 1 1 0 2 4 3 12 41
112.095 0 5 1 1 1 2 4 2 12 41
112.536 0 6 1 1 1 2 5 2 11 41
113.867 0 7 1 1 1 2 6 2 10 41
114.053 0 6 1 1 0 2 6 3 10 41
114.684 0 7 1 1 1 2 6 2 10 41
114.781 0 8 1 1 1 2 7 2 9 41
118.167 0 7 1 1 1 2 6 2 10 41
118.549 0 6 1 1 0 2 6 3 10 41
120.497 0 7 1 1 0 2 7 3 9 41
120.745 0 6 1 1 0 2 6 3 10 41
120.927 0 7 1 1 0 2 7 3 9 41
121.37 0 6 1 1 0 2 6 3 10 41
121.572 0 6 1 1 0 1 6 2 10 42
130.131 0 7 1 1 0 1 7 2 9 42
131.004 0 6 1 1 0 1 6 2 10 42
131.23 0 7 1 1 0 1 7 2 9 42
136.295 0 8 1 1 0 1 8 2 8 42
136.892 0 7 1 1 0 1 7 2 9 42
139.302 0 6 1 1 0 1 6 2 10 42
139.64 0 7 1 1 0 1 7 2 9 42
140.701 0 8 1 1 0 1 8 2 8 42
141.195 0 7 1 1 0 1 7 2 9 42
141.31 0 6 1 1 0 1 6 2 10 42
141.396 0 5 1 1 0 1 5 2 11 42
147.51 0 6 1 1 0 1 6 2 10 42
149.217 0 7 1 1 0 1 7 2 9 42
150.819 0 6 1 1 0 1 6 2 10 42
152.397 0 5 1 1 0 1 5 2 11 42
153.702 0 5 1 1 1 2 4 2 11 42
153.814 0 6 1 1 2 2 4 1 11 42
155.002 0 7 1 1 2 2 5 1 10 42
155.569 0 6 1 1 1 2 5 2 10 42
156.911 0 5 1 1 1 2 4 2 11 42
157.195 0 6 1 1 1 2 5 2 10 42
157.658 0 7 1 1 1 2 6 2 9 42
158.983 0 6 1 1 1 2 5 2 10 42
160.466 0 6 1 1 0 1 6 2 10 42
161.041 0 5 1 1 0 1 5 2 11 42
162.43 0 6 1 1 0 1 6 2 10 42
163.688 0 6 1 1 1 2 5 2 10 42
165.002 0 7 1 1 1 2 6 2 9 42
166.365 0 8 1 1 1 2 7 2 8 42
166.667 0 9 1 1 1 2 8 2 7 42
166.816 0 8 1 1 1 2 7 2 8 42
170.544 0 9 1 1 1 2 8 2 7 42
172.309 0 8 1 1 1 2 7 2 8 42
172.934 0 9 1 1 1 2 8 2 7 42
173.059 0 10 1 1 1 2 9 2 6 42
175.681 0 10 1 1 1 1 9 1 6 43
176.328 0 10 1 1 2 2 8 1 6 43
177.347 0 11 1 1 2 2 9 1 5 43
177.388 0 10 1 1 1 2 9 2 5 43
177.495 0 9 1 1 1 2 8 2 6 43
177.551 0 8 1 1 1 2 7 2 7 43
179.196 0 7 1 1 1 2 6 2 8 43
179.558 0 8 1 1 1 2 7 2 7 43
182.061 0 7 1 1 1 2 6 2 8 43
183.491 0 8 1 1 1 2 7 2 7 43
183.764 0 7 1 1 1 2 6 2 8 43
186.692 0 8 1 1 1 2 7 2 7 43
192.784 0 7 1 1 1 2 6 2 8 43
194.436 0 7 1 1 2 3 5 2 8 43
197.143 0 6 1 1 2 3 4 2 9 43
197.934 0 5 1 1 2 3 3 2 10 43
198.097 0 4 1 1 2 3 2 2 11 43
198.17 0 3 1 1 1 3 2 3 11 43
198.261 0 4 1 1 1 3 3 3 10 43
198.396 0 5 1 1 1 3 4 3 9 43
199.33 0 6 1 1 1 3 5 3 8 43
201.918 0 7 1 1 1 3 6 3 7 43
203.716 0 8 1 1 1 3 7 3 6 43
204.67 0 7 1 1 1 3 6 3 7 43
209.276 0 8 1 1 1 3 7 3 6 43
210.806 0 9 1 1 1 3 8 3 5 43
210.812 0 8 1 1 1 3 7 3 6 43
211.29 0 8 0 0 1 4 7 3 6 43
211.729 0 9 0 0 1 4 8 3 5 43
212.264 0 9 0 0 2 5 7 3 5 43
214.181 0 8 0 0 2 5 6 3 6 43
214.218 0 8 0 0 1 4 7 3 6 43
215.918 0 9 0 0 1 4 8 3 5 43
217.296 0 8 0 0 1 4 7 3 6 43
217.512 0 7 0 0 1 4 6 3 7 43
223.346 0 6 0 0 1 4 5 3 8 43
227.489 0 5 0 0 1 4 4 3 9 43
230.139 0 4 0 0 0 4 4 4 9 43
234.021 0 5 0 0 0 4 5 4 8 43
234.633 0 4 0 0 0 4 4 4 9 43
236.156 0 5 0 0 1 4 4 3 9 43
236.242 0 5 0 0 1 3 4 2 9 44
238.083 0 6 0 0 1 3 5 2 8 44
239.515 0 6 0 0 1 4 5 3 8 43
240.296 0 7 0 0 2 4 5 2 8 43
240.582 0 8 0 0 2 4 6 2 7 43
242.897 0 9 0 0 2 4 7 2 6 43
243.225 0 8 0 0 2 4 6 2 7 43
243.661 0 9 0 0 3 4 6 1 7 43
244.313 0 8 0 0 2 4 6 2 7 43
246.351 0 7 0 0 1 4 6 3 7 43
246.535 0 6 0 0 1 4 5 3 8 43
247.04 0 6 0 0 0 3 6 3 8 43
248.076 0 7 0 0 0 3 7 3 7 43
248.711 0 6 0 0 0 3 6 3 8 43
248.879 0 5 0 0 0 3 5 3 9 43
252.56 0 6 0 0 0 3 6 3 8 43
253.947 0 6 0 0 0 2 6 2 8 44
255.262 0 7 0 0 0 2 7 2 7 44
256.542 0 6 0 0 0 2 6 2 8 44
257.012 0 5 0 0 0 2 5 2 9 44
257.649 0 6 0 0 0 2 6 2 8 44
257.723 0 5 0 0 0 2 5 2 9 44
260.455 0 6 0 0 0 2 6 2 8 44
261.958 0 7 0 0 0 2 7 2 7 44
264.994 0 7 0 0 0 1 7 1 7 45
267.186 0 8 0 0 1 1 7 0 7 45
267.563 0 9 0 0 1 1 8 0 6 45
273.128 0 8 0 0 1 1 7 0 7 45
273.589 1 9 0 0 0 1 7 0 7 45
274.701 1 8 0 0 0 1 6 0 8 45
275.318 1 7 0 0 0 1 5 0 9 45
276.629 0 6 0 0 1 1 5 0 9 45
276.748 0 7 0 0 1 1 6 0 8 45
277.061 0 6 0 0 1 1 5 0 9 45
277.275 0 7 0 0 1 1 6 0 8 45
278.166 0 7 0 0 2 2 5 0 8 45
279.371 0 6 0 0 1 2 5 1 8 45
279.391 0 7 0 0 1 2 6 1 7 45
282.4 0 6 0 0 1 2 5 1 8 45
284.07 0 5 0 0 1 2 4 1 9 45
284.199 0 6 0 0 1 2 5 1 8 45
286.52 0 7 0 0 1 2 6 1 7 45
287.458 0 6 0 0 1 2 5 1 8 45
287.58 0 5 0 0 1 2 4 1 9 45
287.805 0 5 0 0 1 1 4 0 9 46
288.158 0 6 0 0 1 1 5 0 8 46
288.44 0 5 0 0 1 1 4 0 9 46
289.535 0 6 0 0 1 1 5 0 8 46
292.96 0 5 0 0 1 1 4 0 9 46
296.919 0 4 0 0 1 1 3 0 10 46
297.078 0 5 0 0 1 1 4 0 9 46
298.084 0 4 0 0 0 1 4 1 9 46
301.93 0 5 0 0 0 1 5 1 8 46
301.968 0 4 0 0 0 1 4 1 9 46
302.068 0 5 0 0 0 1 5 1 8 46
303.272 0 6 0 0 0 1 6 1 7 46
303.395 0 7 0 0 0 1 7 1 6 46
304.326 0 6 0 0 0 1 6 1 7 46
310.501 0 6 0 0 0 0 6 0 7 47
311.201 0 7 0 0 0 0 7 0 6 47
311.518 0 6 0 0 0 0 6 0 7 47
313.094 0 7 0 0 0 0 7 0 6 47
313.504 0 7 0 0 0 1 7 1 6 46
314.778 0 8 0 0 0 1 8 1 5 46
316.224 0 7 0 0 0 1 7 1 6 46
316.332 0 6 0 0 0 1 6 1 7 46
318.871 0 6 0 0 1 2 5 1 7 46
319.64 0 5 0 0 0 2 5 2 7 46
324.271 0 6 0 0 0 2 6 2 6 46
324.873 0 5 0 0 0 2 5 2 7 46
324.962 0 4 0 0 0 2 4 2 8 46
325.105 0 5 0 0 0 2 5 2 7 46
330.969 0 6 0 0 0 2 6 2 6 46
332.848 0 5 0 0 0 2 5 2 7 46
332.867 0 4 0 0 0 2 4 2 8 46
332.869 0 5 0 0 0 2 5 2 7 46
333.995 0 5 1 1 0 1 5 2 7 46
335.421 0 4 1 1 0 1 4 2 8 46
337.271 0 5 1 1 1 1 4 1 8 46
339.758 0 6 1 1 1 1 5 1 7 46
340.856 0 5 1 1 1 1 4 1 8 46
345.506 0 6 1 1 1 1 5 1 7 46
346.052 0 7 1 1 1 1 6 1 6 46
348.582 0 8 1 1 1 1 7 1 5 46
350.067 0 9 1 1 1 1 8 1 4 46
350.224 0 8 1 1 1 1 7 1 5 46
352.617 0 9 1 1 1 1 8 1 4 46
354.649 0 8 1 1 1 1 7 1 5 46
356.262 0 7 1 1 1 1 6 1 6 46
358.062 0 6 1 1 1 1 5 1 7 46
358.988 0 5 1 1 1 1 4 1 8 46
362.973 0 4 1 1 1 1 3 1 9 46
363.556 0 5 1 1 1 1 4 1 8 46
364.858 0 4 1 1 1 1 3 1 9 46
365.987 0 5 1 1 1 1 4 1 8 46
366.015 0 4 1 1 1 1 3 1 9 46
366.036 0 3 1 1 1 1 2 1 10 46
366.279 0 4 1 1 1 1 3 1 9 46
366.738 0 3 1 1 1 1 2 1 10 46
368.023 0 2 1 1 0 1 2 2 10 46
379.34 0 3 1 1 0 1 3 2 9 46
381.215 0 3 1 1 0 0 3 1 9 47
384.738 0 4 1 1 0 0 4 1 8 47
386.799 0 5 1 1 0 0 5 1 7 47
390.512 0 6 1 1 0 0 6 1 6 47
390.794 0 7 1 1 0 0 7 1 5 47
395.833 0 7 1 1 0 1 7 2 5 46
395.957 0 8 1 1 0 1 8 2 4 46
396.664 0 7 1 1 0 1 7 2 5 46
396.672 0 6 1 1 0 1 6 2 6 46
399.508 0 7 1 1 1 1 6 1 6 46
401.375 0 6 1 1 1 1 5 1 7 46
406.454 0 5 1 1 1 1 4 1 8 46
406.597 0 6 1 1 1 1 5 1 7 46
408.756 0 6 1 1 1 0 5 0 7 47
427.146 0 5 1 1 1 0 4 0 8 47
427.341 0 5 1 1 2 1 3 0 8 47
428.719 0 4 1 1 2 1 2 0 9 47
433.776 0 5 1 1 2 1 3 0 8 47
434.417 0 4 1 1 1 1 3 1 8 47
435.379 0 5 1 1 1 1 4 1 7 47
441.92 0 6 1 1 1 1 5 1 6 47
442.949 0 7 1 1 1 1 6 1 5 47
444.062 0 6 1 1 1 1 5 1 6 47
445.745 0 6 1 1 1 0 5 0 6 48
447.637 0 7 1 1 1 0 6 0 5 48
448.893 0 7 1 1 2 1 5 0 5 48
449.211 0 6 1 1 1 1 5 1 5 48
449.452 0 7 1 1 1 1 6 1 4 48
451.072 0 6 1 1 1 1 5 1 5 48
453.956 0 5 1 1 1 1 4 1 6 48
455.588 0 4 1 1 1 1 3 1 7 48
455.994 0 5 1 1 2 1 3 0 7 48
458.486 0 6 1 1 2 1 4 0 6 48
458.741 0 6 0 0 2 2 4 0 6 48
461.685 1 7 0 0 1 2 4 0 6 48
462.598 1 6 0 0 1 2 3 0 7 48
465.556 1 5 0 0 1 2 2 0 8 48
468.921 1 6 0 0 1 2 3 0 7 48
470.927 1 7 0 0 1 2 4 0 6 48
473.455 1 8 0 0 1 2 5 0 5 48
475.739 1 8 0 0 2 3 4 0 5 48
476.982 0 7 0 0 3 3 4 0 5 48
478.98 0 6 0 0 3 3 3 0 6 48
479.328 0 7 0 0 3 3 4 0 5 48
480.405 0 7 0 0 2 2 5 0 5 48
484.997 0 8 0 0 2 2 6 0 4 48
487.424 0 9 0 0 2 2 7 0 3 48
487.517 0 8 0 0 2 2 6 0 4 48
487.783 0 9 0 0 2 2 7 0 3 48
488.676 0 9 0 0 1 1 8 0 3 48
490.187 0 8 0 0 1 1 7 0 4 48
492.182 0 7 0 0 1 1 6 0 5 48
494.504 0 6 0 0 1 1 5 0 6 48
497.027 0 7 0 0 1 1 6 0 5 48
501.235 0 6 0 0 1 1 5 0 6 48
503.212 0 5 0 0 1 1 4 0 7 48
506.326 0 6 0 0 1 1 5 0 6 48
508.226 0 5 0 0 0 1 5 1 6 48
513.451 0 4 0 0 0 1 4 1 7 48
518.016 0 5 0 0 0 1 5 1 6 48
521.395 0 4 0 0 0 1 4 1 7 48
522.859 0 5 0 0 0 1 5 1 6 48
527.637 0 5 0 0 1 2 4 1 6 48
527.859 0 6 0 0 1 2 5 1 5 48
530.23 0 5 0 0 1 2 4 1 6 48
530.256 0 6 0 0 1 2 5 1 5 48
531.64 0 5 0 0 1 2 4 1 6 48
535.641 0 6 0 0 1 2 5 1 5 48
536.241 0 5 0 0 1 2 4 1 6 48
538.377 0 6 0 0 1 2 5 1 5 48
538.503 0 7 0 0 1 2 6 1 4 48
541.886 0 6 0 0 1 2 5 1 5 48
543.148 0 5 0 0 0 2 5 2 5 48
544.048 0 6 0 0 0 2 6 2 4 48
544.769 0 7 0 0 0 2 7 2 3 48
547.504 0 8 0 0 0 2 8 2 2 48
551.846 0 8 0 0 0 1 8 1 2 49
553.588 0 7 0 0 0 1 7 1 3 49
556.126 0 6 0 0 0 1 6 1 4 49
560.357 0 5 0 0 0 1 5 1 5 49
561.435 0 4 0 0 0 1 4 1 6 49
566.29 0 3 0 0 0 1 3 1 7 49
569.035 0 4 0 0 0 1 4 1 6 49
569.374 0 3 0 0 0 1 3 1 7 49
570.217 0 3 0 0 1 2 2 1 7 49
570.367 0 4 0 0 1 2 3 1 6 49
570.419 0 3 0 0 1 2 2 1 7 49
570.818 0 4 0 0 1 2 3 1 6 49
572.103 0 5 0 0 1 2 4 1 5 49
576.925 0 4 0 0 1 2 3 1 6 49
579.391 0 4 0 0 1 1 3 0 6 50
583.39 0 5 0 0 1 1 4 0 5 50
588.717 0 6 0 0 1 1 5 0 4 50
589.764 0 5 0 0 1 1 4 0 5 50
590.196 0 6 0 0 1 1 5 0 4 50
590.309 0 5 0 0 1 1 4 0 5 50
590.543 0 4 0 0 1 1 3 0 6 50
591.819 0 3 0 0 0 1 3 1 6 50
594.435 0 4 0 0 0 1 4 1 5 50
597.002 0 3 0 0 0 1 3 1 6 50
597.874 0 4 0 0 0 1 4 1 5 50
598.242 0 5 0 0 0 1 5 1 4 50
600.38 0 6 0 0 0 1 6 1 3 50
603.777 0 5 0 0 0 1 5 1 4 50
607.268 0 4 0 0 0 1 4 1 5 50
610.421 0 5 0 0 0 1 5 1 4 50
611.379 0 5 0 0 1 2 4 1 4 50
617.459 0 6 0 0 1 2 5 1 3 50
621.275 0 6 0 0 2 3 4 1 3 50
624.338 0 6 0 0 1 2 5 1 3 50
625.931 0 5 0 0 1 2 4 1 4 50
627.593 0 4 0 0 1 2 3 1 5 50
630.988 0 3 0 0 1 2 2 1 6 50
632.015 0 4 0 0 1 2 3 1 5 50
633.164 0 3 0 0 1 2 2 1 6 50
633.364 0 4 0 0 1 2 3 1 5 50
635.225 0 5 0 0 1 2 4 1 4 50
639.697 0 6 0 0 2 2 4 0 4 50
640.876 0 5 0 0 2 2 3 0 5 50
650.394 0 6 0 0 2 2 4 0 4 50
650.932 0 5 0 0 2 2 3 0 5 50
652.551 1 6 0 0 1 2 3 0 5 50
652.645 1 6 1 1 1 1 3 0 5 50
655.403 1 5 1 1 1 1 2 0 6 50
658.53 1 6 1 1 1 1 3 0 5 50
662.798 1 7 1 1 1 1 4 0 4 50
663.587 2 8 1 1 0 1 4 0 4 50
666.96 2 9 1 1 0 1 5 0 3 50
667.316 2 10 1 1 0 1 6 0 2 50
667.832 2 9 1 1 0 1 5 0 3 50
678.385 2 8 1 1 0 1 4 0 4 50
678.626 2 7 1 1 0 1 3 0 5 50
680.378 1 6 1 1 1 1 3 0 5 50
682.117 0 5 1 1 2 1 3 0 5 50
683.995 1 6 1 1 1 1 3 0 5 50
684.343 1 5 1 1 1 1 2 0 6 50
684.746 1 4 1 1 0 1 2 1 6 50
685.825 1 5 1 1 0 1 3 1 5 50
686.016 1 5 1 1 0 2 3 2 5 49
686.149 1 4 1 1 0 2 2 2 6 49
687.958 1 3 1 1 0 2 1 2 7 49
709.304 1 3 1 1 0 1 1 1 7 50
710.135 1 3 1 1 0 0 1 0 7 51
716.605 1 4 1 1 0 0 2 0 6 51
726.694 1 5 1 1 0 0 3 0 5 51
736.503 0 4 1 1 1 0 3 0 5 51
738.788 0 5 1 1 1 0 4 0 4 51
740.444 0 6 1 1 1 0 5 0 3 51
740.533 0 5 1 1 1 0 4 0 4 51
740.695 0 4 1 1 1 0 3 0 5 51
742.828 0 5 1 1 1 0 4 0 4 51
744.07 0 4 1 1 1 0 3 0 5 51
749.848 0 3 1 1 0 0 3 1 5 51
756.556 0 2 1 1 0 0 2 1 6 51
760.764 0 1 1 1 0 0 1 1 7 51
765.138 0 2 1 1 0 0 2 1 6 51
771.027 0 3 1 1 0 0 3 1 5 51
783.832 0 3 1 1 0 1 3 2 5 50
786.257 0 2 1 1 0 1 2 2 6 50
788.25 0 3 1 1 0 1 3 2 5 50
800.009 0 4 1 1 0 1 4 2 4 50
801.731 0 5 1 1 0 1 5 2 3 50
803.59 0 4 1 1 0 1 4 2 4 50
806.177 0 4 1 1 1 2 3 2 4 50
811.398 0 4 1 1 1 1 3 1 4 51
811.738 0 5 1 1 1 1 4 1 3 51
816.52 0 4 1 1 0 1 4 2 3 51
834.952 0 3 1 1 0 1 3 2 4 51
835.449 0 2 1 1 0 1 2 2 5 51
838.773 0 2 2 2 0 0 2 2 5 51
843.613 0 3 2 2 0 0 3 2 4 51
854.295 0 4 2 2 0 0 4 2 3 51
864.799 0 4 1 1 0 1 4 2 3 51
867.273 0 4 1 1 1 2 3 2 3 51
871.139 0 4 1 1 0 1 4 2 3 51
880.697 0 3 1 1 0 1 3 2 4 51
882.333 0 4 1 1 0 1 4 2 3 51
883.052 0 3 1 1 0 1 3 2 4 51
884.046 0 2 1 1 0 1 2 2 5 51
885.763 0 3 1 1 1 1 2 1 5 51
887.306 0 4 1 1 1 1 3 1 4 51
889.084 0 5 1 1 1 1 4 1 3 51
896.303 1 6 1 1 0 1 4 1 3 51
901.419 1 7 1 1 0 1 5 1 2 51
902.107 1 6 1 1 0 1 4 1 3 51
906.926 0 5 1 1 1 1 4 1 3 51
910.22 0 4 1 1 1 1 3 1 4 51
912.16 0 3 1 1 0 1 3 2 4 51
916.491 0 2 1 1 0 1 2 2 5 51
916.931 0 3 1 1 0 1 3 2 4 51
926.485 0 4 1 1 1 1 3 1 4 51
926.824 0 5 1 1 1 1 4 1 3 51
928.27 0 6 1 1 1 1 5 1 2 51
928.556 0 5 1 1 1 1 4 1 3 51
928.671 0 4 1 1 0 1 4 2 3 51
933.089 0 5 1 1 0 1 5 2 2 51
941.233 0 6 1 1 0 1 6 2 1 51
943.665 0 5 1 1 0 1 5 2 2 51
946.368 0 4 1 1 0 1 4 2 3 51
954.374 0 3 1 1 0 1 3 2 4 51
962.315 0 2 1 1 0 1 2 2 5 51
968.753 0 3 1 1 0 1 3 2 4 51
971.441 0 4 1 1 0 1 4 2 3 51
972.265 0 5 1 1 0 1 5 2 2 51
973.134 0 5 1 1 1 2 4 2 2 51
975.619 0 6 1 1 1 2 5 2 1 51
976.687 0 5 1 1 1 2 4 2 2 51
978.251 0 4 1 1 1 2 3 2 3 51
993.384 0 4 1 1 1 1 3 1 3 52
995.154 0 5 1 1 2 1 3 0 3 52
995.2 0 6 1 1 2 1 4 0 2 52
996.648 0 5 1 1 2 1 3 0 3 52
997.539 0 6 1 1 2 1 4 0 2 52
1001.47 0 5 1 1 2 1 3 0 3 52
1003.39 0 4 1 1 2 1 2 0 4 52
1007.1 0 5 1 1 2 1 3 0 3 52
1008.68 0 4 1 1 1 1 3 1 3 52
1018.53 0 3 1 1 1 1 2 1 4 52
1024.2 0 4 1 1 1 1 3 1 3 52
1024.7 0 5 1 1 2 1 3 0 3 52
1026.49 0 4 1 1 2 1 2 0 4 52
1027.15 0 3 1 1 2 1 1 0 5 52
1029.06 1 4 1 1 1 1 1 0 5 52
1032.08 1 5 1 1 1 1 2 0 4 52
1032.68 0 4 1 1 2 1 2 0 4 52
1034.64 0 5 1 1 2 1 3 0 3 52
1034.98 0 4 1 1 2 1 2 0 4 52
1035.44 0 5 1 1 2 1 3 0 3 52
1044.01 0 4 1 1 2 1 2 0 4 52
1044.87 0 4 1 1 3 2 1 0 4 52
1047.62 0 4 1 1 2 1 2 0 4 52
1052.93 0 5 1 1 2 1 3 0 3 52
1054.58 0 4 1 1 2 1 2 0 4 52
1054.6 0 5 1 1 2 1 3 0 3 52
1061.42 0 6 1 1 2 1 4 0 2 52
1062.13 0 5 1 1 1 1 4 1 2 52
1068.56 0 4 1 1 0 1 4 2 2 52
1069.51 0 5 1 1 0 1 5 2 1 52
1069.76 0 4 1 1 0 1 4 2 2 52
1075.15 0 5 1 1 0 1 5 2 1 52
1080.8 0 5 1 1 1 2 4 2 1 52
1082.54 0 4 1 1 1 2 3 2 2 52
1082.97 0 3 1 1 0 2 3 3 2 52
1084.46 0 4 1 1 1 2 3 2 2 52
1086.91 0 4 1 1 1 1 3 1 2 53
1089.79 0 5 1 1 1 1 4 1 1 53
1092.09 0 5 1 1 1 0 4 0 1 54
1093.05 0 4 1 1 1 0 3 0 2 54
1093.51 0 5 1 1 1 0 4 0 1 54
1094.16 0 5 1 1 1 1 4 1 1 53
1095.73 0 4 1 1 0 1 4 2 1 53
1097.99 0 5 1 1 0 1 5 2 0 53
1105.24 0 4 1 1 0 1 4 2 1 53
1108.9 0 3 1 1 0 1 3 2 2 53
1111.62 0 4 1 1 0 1 4 2 1 53
1112.45 0 5 1 1 0 1 5 2 0 53
1115.23 0 4 1 1 0 1 4 2 1 53
1115.95 0 3 1 1 0 1 3 2 2 53
1117.05 0 4 1 1 0 1 4 2 1 53
1122.62 0 3 1 1 0 1 3 2 2 53
1122.64 0 4 1 1 0 1 4 2 1 53
1131.91 0 3 1 1 0 1 3 2 2 53
1136.13 0 4 1 1 1 1 3 1 2 53
1138.28 0 3 1 1 1 1 2 1 3 53
1139.92 1 4 1 1 0 1 2 1 3 53
1144.76 1 3 1 1 0 1 1 1 4 53
1163.37 1 4 1 1 1 1 1 0 4 53
1173.11 1 3 1 1 1 1 0 0 5 53
1177.59 1 4 1 1 1 1 1 0 4 53
1182.73 1 5 1 1 1 1 2 0 3 53
1187.89 0 4 1 1 2 1 2 0 3 53
1189.25 0 5 1 1 2 1 3 0 2 53
1191.56 0 4 1 1 1 1 3 1 2 53
1202.04 0 3 1 1 1 1 2 1 3 53
1213.1 0 3 1 1 1 0 2 0 3 54
1215.94 0 2 1 1 1 0 1 0 4 54
1226.33 0 3 1 1 1 0 2 0 3 54
1228.99 0 4 1 1 1 0 3 0 2 54
1231.28 0 3 1 1 1 0 2 0 3 54
1231.84 0 2 1 1 0 0 2 1 3 54
1235.21 0 1 1 1 0 0 1 1 4 54
1238.3 0 2 1 1 0 0 2 1 3 54
1250.44 0 3 1 1 0 0 3 1 2 54
1251.99 0 3 1 1 1 1 2 1 2 54
1260.29 0 3 0 0 1 2 2 1 2 54
1264.96 0 3 0 0 1 1 2 0 2 55
1277.4 0 2 0 0 1 1 1 0 3 55
1290.37 0 3 0 0 1 1 2 0 2 55
1293.53 0 2 0 0 1 1 1 0 3 55
1294.39 0 3 0 0 1 1 2 0 2 55
1297.89 1 4 0 0 0 1 2 0 2 55
1299.75 1 5 0 0 0 1 3 0 1 55
1310.19 1 4 0 0 0 1 2 0 2 55
1318.55 1 5 0 0 0 1 3 0 1 55
1322.28 0 4 0 0 1 1 3 0 1 55
1322.31 0 3 0 0 1 1 2 0 2 55
1328.48 0 4 0 0 1 1 3 0 1 55
1330.68 0 3 0 0 0 1 3 1 1 55
1340.12 0 2 0 0 0 1 2 1 2 55
1340.56 0 3 0 0 0 1 3 1 1 55
1346.28 0 2 0 0 0 1 2 1 2 55
1347.44 0 3 0 0 0 1 3 1 1 55
1354.78 0 3 0 0 0 2 3 2 1 54
1365.61 0 4 0 0 1 2 3 1 1 54
1373.85 0 4 0 0 0 1 4 1 1 54
1376.69 0 4 0 0 1 2 3 1 1 54
1380.26 0 3 0 0 1 2 2 1 2 54
1385.16 0 3 1 1 1 1 2 1 2 54
1387.76 0 3 1 1 2 2 1 1 2 54
1393.2 0 3 1 1 1 1 2 1 2 54
1394.99 0 2 1 1 1 1 1 1 3 54
1406.62 0 2 0 0 1 2 1 1 3 54
1407.43 0 3 0 0 1 2 2 1 2 54
1410.54 0 2 0 0 1 2 1 1 3 54
1419.01 0 3 0 0 1 2 2 1 2 54
1421.74 0 3 0 0 2 3 1 1 2 54
1422.75 0 3 0 0 2 2 1 0 2 55
1431.02 0 3 0 0 1 1 2 0 2 55
1436.57 0 2 0 0 0 1 2 1 2 55
1460.74 0 3 0 0 0 1 3 1 1 55
1468.94 0 3 0 0 1 2 2 1 1 55
1477.81 0 4 0 0 1 2 3 1 0 55
1478.33 0 3 0 0 0 2 3 2 0 55
1486.72 0 3 0 0 0 1 3 1 0 56
1505.86 0 2 0 0 0 1 2 1 1 56
1511.72 0 3 0 0 0 1 3 1 0 56
1513.74 0 3 0 0 0 0 3 0 0 57
1515.61 0 2 0 0 0 0 2 0 1 57
1527.23 0 1 0 0 0 0 1 0 2 57
1530.56 0 2 0 0 0 0 2 0 1 57
1533.15 0 1 0 0 0 0 1 0 2 57
1552.73 0 2 0 0 0 0 2 0 1 57
1556.95 0 1 0 0 0 0 1 0 2 57
1561.23 0 1 0 0 1 1 0 0 2 57
1564.84 0 2 0 0 1 1 1 0 1 57
1569.52 0 2 0 0 1 2 1 1 1 56
1576.99 0 3 0 0 1 2 2 1 0 56
1579.21 0 2 0 0 1 2 1 1 1 56
1586.39 0 2 0 0 0 1 2 1 1 56
1589.39 0 2 0 0 1 2 1 1 1 56
1593.56 0 2 0 0 1 1 1 0 1 57
1605.01 1 3 0 0 0 1 1 0 1 57
1605.65 0 2 0 0 1 1 1 0 1 57
1673.97 1 3 0 0 0 1 1 0 1 57
1680.8 1 4 0 0 0 1 2 0 0 57
1681.52 1 3 0 0 0 1 1 0 1 57
1709.95 0 2 0 0 1 1 1 0 1 57
1710.77 0 3 0 0 1 1 2 0 0 57
1717.58 0 2 0 0 0 1 2 1 0 57
1719.42 0 1 0 0 0 1 1 1 1 57
1733.27 0 2 0 0 0 1 2 1 0 57
1765.06 0 2 0 0 1 2 1 1 0 57
1775.85 0 2 0 0 2 3 0 1 0 57
1776.26 1 3 0 0 1 3 0 1 0 57
1777.55 2 4 0 0 0 3 0 1 0 57
1793.53 1 3 0 0 1 3 0 1 0 57
1793.83 1 3 0 0 1 2 0 0 0 58
1797.02 1 3 1 1 1 1 0 0 0 58
1802.75 2 4 1 1 0 1 0 0 0 58
1819.99 1 3 1 1 1 1 0 0 0 58
1827.94 0 2 1 1 2 1 0 0 0 58
1835.92 1 3 1 1 1 1 0 0 0 58
1850.22 1 3 1 1 0 0 1 0 0 58
1867.2 1 2 1 1 0 0 0 0 1 58
1867.41 0 1 1 1 1 0 0 0 1 58
1869.07 1 2 1 1 0 0 0 0 1 58
1874.34 1 2 1 1 0 1 0 1 1 57
1916.27 0 1 1 1 1 1 0 1 1 57
1918.11 0 1 1 1 1 2 0 2 1 56
1920.63 0 2 1 1 1 2 1 2 0 56
1923.88 0 3 1 1 2 2 1 1 0 56
1941.3 0 3 1 1 2 1 1 0 0 57
1950.73 1 4 1 1 1 1 1 0 0 57
1956.03 1 4 2 2 1 0 1 0 0 57
1960.62 1 3 2 2 0 0 1 1 0 57
1960.67 0 2 2 2 1 0 1 1 0 57
1961.76 0 1 2 2 1 0 0 1 1 57
1967.18 0 1 1 1 1 1 0 1 1 57
1969.02 0 2 1 1 2 1 0 0 1 57
1969.57 0 3 1 1 2 1 1 0 0 57
1984.19 1 4 1 1 1 1 1 0 0 57
1998.32 2 5 1 1 0 1 1 0 0 57
1999.83 1 4 1 1 1 1 1 0 0 57
2000.81 1 3 1 1 0 1 1 1 0 57
2023.89 1 2 1 1 0 1 0 1 1 57
2037.82 1 3 1 1 0 1 1 1 0 57
2048.55 1 2 1 1 0 1 0 1 1 57
2060.48 1 3 1 1 0 1 1 1 0 57
2084.93 1 4 1 1 1 1 1 0 0 57
2089.43 1 3 1 1 0 1 1 1 0 57
2095.79 1 2 1 1 0 1 0 1 1 57
2100.81 1 3 1 1 0 1 1 1 0 57
2100.93 0 2 1 1 1 1 1 1 0 57
2105.34 0 2 1 1 2 2 0 1 0 57
2119.86 1 3 1 1 1 2 0 1 0 57
2123.52 1 3 1 1 0 1 1 1 0 57
2133.94 1 3 1 1 1 2 0 1 0 57
2151.02 1 3 0 0 1 3 0 1 0 57
2151.39 1 3 0 0 1 4 0 2 0 56
2152.17 0 2 0 0 2 4 0 2 0 56
2154.74 0 2 0 0 1 3 1 2 0 56
2155.76 0 3 0 0 2 3 1 1 0 56
2159.29 0 2 0 0 2 3 0 1 1 56
2161.8 1 3 0 0 1 3 0 1 1 56
2180.27 1 3 0 0 0 2 1 1 1 56
2191.31 1 4 0 0 0 2 2 1 0 56
2193.9 1 5 0 0 1 2 2 0 0 56
2205.85 1 4 0 0 0 2 2 1 0 56
2221.83 1 4 1 1 0 1 2 1 0 56
2227.01 1 4 0 0 0 2 2 1 0 56
2234.79 0 3 0 0 1 2 2 1 0 56
2239.61 1 4 0 0 0 2 2 1 0 56
2240.35 1 3 0 0 0 2 1 1 1 56
2240.78 1 4 0 0 0 2 2 1 0 56
2244.47 1 4 1 1 0 1 2 1 0 56
2245.02 0 3 1 1 1 1 2 1 0 56
2245.39 0 3 2 2 1 0 2 1 0 56
2263.63 0 2 2 2 1 0 1 1 1 56
2263.84 0 3 2 2 1 0 2 1 0 56
2286.1 0 3 1 1 1 1 2 1 0 56
2287.33 0 2 1 1 1 1 1 1 1 56
2290.97 0 2 2 2 1 0 1 1 1 56
2304.22 0 3 2 2 1 0 2 1 0 56
2315.38 0 2 2 2 1 0 1 1 1 56
2321.46 0 3 2 2 1 0 2 1 0 56
2326.44 1 4 2 2 0 0 2 1 0 56
2327.66 1 4 2 2 0 1 2 2 0 55
2331.46 1 4 2 2 0 0 2 1 0 56
2335.09 1 3 2 2 0 0 1 1 1 56
2339.28 1 3 1 1 0 1 1 1 1 56
2350.33 1 3 2 2 0 0 1 1 1 56
2359.06 1 3 1 1 0 1 1 1 1 56
2369.38 1 2 1 1 0 1 0 1 2 56
2372.86 1 2 2 2 0 0 0 1 2 56
2390.34 1 3 2 2 0 0 1 1 1 56
2400.51 1 3 2 2 0 1 1 2 1 55
2400.52 1 4 2 2 1 1 1 1 1 55
2403.9 1 4 1 1 1 2 1 1 1 55
2406.26 1 4 2 2 1 1 1 1 1 55
2409.98 0 3 2 2 2 1 1 1 1 55
2413.99 0 3 2 2 2 2 1 2 1 54
2414.59 0 2 2 2 2 2 0 2 2 54
2414.71 0 2 2 2 2 1 0 1 2 55
2435.42 0 2 3 3 2 0 0 1 2 55
2436.27 1 3 3 3 1 0 0 1 2 55
2437.62 0 2 3 3 2 0 0 1 2 55
2447.75 0 2 2 2 2 1 0 1 2 55
2453.41 1 3 2 2 1 1 0 1 2 55
2457.01 1 3 2 2 1 2 0 2 2 54
2458.69 1 3 3 3 1 1 0 2 2 54
2460.24 1 4 3 3 2 1 0 1 2 54
2462.19 2 5 3 3 1 1 0 1 2 54
2462.77 1 4 3 3 2 1 0 1 2 54
2463.27 1 3 3 3 1 1 0 2 2 54
2464.3 1 3 2 2 1 2 0 2 2 54
2466.98 1 3 1 1 1 3 0 2 2 54
2471.89 1 3 1 1 1 2 0 1 2 55
2475.66 1 2 1 1 0 2 0 2 2 55
2477.42 1 3 1 1 0 2 1 2 1 55
2478.56 1 3 2 2 0 1 1 2 1 55
2493.03 1 3 3 3 0 0 1 2 1 55
2495.17 1 3 2 2 0 1 1 2 1 55
2497.66 0 2 2 2 1 1 1 2 1 55
2500.48 0 2 1 1 1 2 1 2 1 55
2500.57 0 2 1 1 1 1 1 1 1 56
2502.52 0 3 1 1 1 1 2 1 0 56
2513.21 0 2 1 1 1 1 1 1 1 56
2521.43 0 2 1 1 0 0 2 1 1 56
2531.15 0 1 1 1 0 0 1 1 2 56
2537.3 0 1 1 1 1 1 0 1 2 56
2541.88 0 1 1 1 0 0 1 1 2 56
2551.31 0 2 1 1 0 0 2 1 1 56
2559.9 0 3 1 1 1 0 2 0 1 56
2576.82 0 2 1 1 1 0 1 0 2 56
2584.51 0 3 1 1 1 0 2 0 1 56
2586.24 0 2 1 1 0 0 2 1 1 56
2593.17 0 3 1 1 0 0 3 1 0 56
2596.92 0 2 1 1 0 0 2 1 1 56
2604.55 0 1 1 1 0 0 1 1 2 56
2614.5 0 2 1 1 0 0 2 1 1 56
2619.91 0 1 1 1 0 0 1 1 2 56
2639.61 0 2 1 1 1 0 1 0 2 56
2645.16 0 3 1 1 1 0 2 0 1 56
2645.8 0 4 1 1 1 0 3 0 0 56
2648.13 0 3 1 1 1 0 2 0 1 56
2668.72 0 2 1 1 1 0 1 0 2 56
2673.79 0 3 1 1 1 0 2 0 1 56
2694.77 0 3 1 1 1 1 2 1 1 55
2701.72 0 2 1 1 1 1 1 1 2 55
2713.04 0 3 1 1 1 1 2 1 1 55
2727.6 0 4 1 1 2 1 2 0 1 55
2736.38 1 5 1 1 1 1 2 0 1 55
2740.06 1 6 1 1 1 1 3 0 0 55
2740.87 1 6 2 2 1 0 3 0 0 55
2748.05 1 6 1 1 1 1 3 0 0 55
2751.53 1 5 1 1 0 1 3 1 0 55
2757.51 1 4 1 1 0 1 2 1 1 55
2760.85 1 5 1 1 0 1 3 1 0 55
2787.4 1 4 1 1 0 1 2 1 1 55
2789.75 1 4 1 1 1 2 1 1 1 55
2790.05 1 4 2 2 1 1 1 1 1 55
2790.44 1 3 2 2 1 1 0 1 2 55
2799.39 1 3 2 2 1 2 0 2 2 54
2803.06 2 4 2 2 0 2 0 2 2 54
2812.01 2 4 3 3 0 1 0 2 2 54
2819.57 1 3 3 3 1 1 0 2 2 54
2822.17 1 3 2 2 1 2 0 2 2 54
2822.97 1 4 2 2 2 2 0 1 2 54
2830.09 2 5 2 2 1 2 0 1 2 54
2830.58 1 4 2 2 2 2 0 1 2 54
2831.4 1 4 2 2 1 1 1 1 2 54
2831.41 0 3 2 2 2 1 1 1 2 54
2832.42 1 4 2 2 1 1 1 1 2 54
2832.92 1 5 2 2 1 1 2 1 1 54
2843.59 1 4 2 2 0 1 2 2 1 54
2847.1 1 4 2 2 0 2 2 3 1 53
2851.91 1 3 2 2 0 2 1 3 2 53
2855.24 1 3 2 2 0 1 1 2 2 54
2860.22 1 4 2 2 1 1 1 1 2 54
2860.39 1 4 2 2 1 0 1 0 2 55
2864.27 0 3 2 2 2 0 1 0 2 55
2865.78 0 3 2 2 2 1 1 1 2 54
2869.29 1 4 2 2 1 1 1 1 2 54
2869.61 2 5 2 2 0 1 1 1 2 54
2876.53 2 6 2 2 0 1 2 1 1 54
2877.23 2 6 2 2 0 2 2 2 1 53
2886.13 2 7 2 2 0 2 3 2 0 53
2893.11 2 7 2 2 0 1 3 1 0 54
2895.96 2 8 2 2 1 1 3 0 0 54
2897.05 2 7 2 2 1 1 2 0 1 54
2898.84 1 6 2 2 2 1 2 0 1 54
2901.2 2 7 2 2 1 1 2 0 1 54
2903.01 2 8 2 2 1 1 3 0 0 54
2905.92 3 9 2 2 0 1 3 0 0 54
2906.52 2 8 2 2 1 1 3 0 0 54
2908.54 1 7 2 2 2 1 3 0 0 54
2911.01 1 7 1 1 2 2 3 0 0 54
2915.35 1 6 1 1 1 2 3 1 0 54
2916.4 0 5 1 1 2 2 3 1 0 54
2919.79 0 5 1 1 3 3 2 1 0 54
2920.07 0 5 1 1 2 2 3 1 0 54
2920.46 0 6 1 1 3 2 3 0 0 54
2935.17 0 6 1 1 4 3 2 0 0 54
2935.67 0 5 1 1 4 3 1 0 1 54
2935.86 0 4 1 1 3 3 1 1 1 54
2936.39 0 3 1 1 2 3 1 2 1 54
2938.56 0 2 1 1 1 3 1 3 1 54
2944.09 0 2 1 1 0 2 2 3 1 54
2953.92 0 2 1 1 1 3 1 3 1 54
2954.01 0 3 1 1 2 3 1 2 1 54
2954.77 0 3 1 1 2 2 1 1 1 55
2963.52 0 2 1 1 2 2 0 1 2 55
2966.28 0 2 1 1 2 1 0 0 2 56
2966.38 1 3 1 1 1 1 0 0 2 56
2971.76 1 2 1 1 0 1 0 1 2 56
2985.42 1 3 1 1 0 1 1 1 1 56
2990.78 0 2 1 1 1 1 1 1 1 56
2990.78 0 2 1 1 1 1 1 1 1 56
