0 60 120 60 60 0 0 0 0 0 0
0.0161086 60 120 59 59 0 1 0 0 0 0
0.0360199 59 119 59 59 1 1 0 0 0 0
0.0416379 58 118 59 59 2 1 0 0 0 0
0.045071 58 118 58 58 2 2 0 0 0 0
0.0597189 58 118 57 57 2 3 0 0 0 0
0.0977891 58 118 56 56 2 4 0 0 0 0
0.110684 58 118 55 55 2 5 0 0 0 0
0.118683 57 117 55 55 3 5 0 0 0 0
0.167836 56 116 55 55 4 5 0 0 0 0
0.184672 56 116 54 54 4 6 0 0 0 0
0.220332 55 115 54 54 5 6 0 0 0 0
0.242652 54 114 54 54 6 6 0 0 0 0
0.245264 53 113 54 54 7 6 0 0 0 0
0.245747 52 112 54 54 8 6 0 0 0 0
0.252717 51 111 54 54 9 6 0 0 0 0
0.263995 51 111 53 53 9 7 0 0 0 0
0.265666 51 111 52 52 9 8 0 0 0 0
0.299219 50 110 52 52 10 8 0 0 0 0
0.301807 50 110 51 51 10 9 0 0 0 0
0.322474 49 109 51 51 11 9 0 0 0 0
0.330628 48 108 51 51 12 9 0 0 0 0
0.3315 48 107 51 51 11 9 0 1 0 0
0.351247 47 106 51 51 12 9 0 1 0 0
0.362856 46 105 51 51 13 9 0 1 0 0
0.362878 46 105 50 50 13 10 0 1 0 0
0.40425 45 104 50 50 14 10 0 1 0 0
0.424607 44 103 50 50 15 10 0 1 0 0
0.429904 43 102 50 50 16 10 0 1 0 0
0.44569 43 102 49 49 16 11 0 1 0 0
0.47115 43 101 49 49 15 11 0 2 0 0
0.475681 43 101 48 48 15 12 0 2 0 0
0.477864 43 101 47 47 15 13 0 2 0 0
0.496651 43 100 47 47 14 13 0 3 0 0
0.525332 42 99 47 47 15 13 0 3 0 0
0.528233 41 98 47 47 16 13 0 3 0 0
0.547457 40 97 47 47 17 13 0 3 0 0
0.5527 39 96 47 47 18 13 0 3 0 0
0.569467 38 95 47 47 19 13 0 3 0 0
0.574093 38 94 47 47 18 13 0 4 0 0
0.594692 38 94 47 47 17 12 1 4 0 0
0.603327 37 93 47 47 18 12 1 4 0 0
0.606433 37 92 47 47 17 12 1 5 0 0
0.614034 37 92 46 46 17 13 1 5 0 0
0.727961 36 91 46 46 18 13 1 5 0 0
0.754576 35 90 46 46 19 13 1 5 0 0
0.825766 34 89 46 46 20 13 1 5 0 0
0.828375 34 88 46 46 19 13 1 6 0 0
0.83665 33 87 46 46 20 13 1 6 0 0
0.839195 33 86 46 46 19 13 1 7 0 0
0.859329 33 86 45 45 19 14 1 7 0 0
0.885256 33 86 44 44 19 15 1 7 0 0
0.924112 32 85 44 44 20 15 1 7 0 0
0.924766 32 85 43 43 20 16 1 7 0 0
0.995082 32 84 43 43 20 16 0 7 1 0
1.01493 31 83 43 43 21 16 0 7 1 0
1.02934 30 82 43 43 22 16 0 7 1 0
1.0357 29 81 43 43 23 16 0 7 1 0
1.0378 29 81 42 42 23 17 0 7 1 0
1.03983 29 80 42 42 22 17 0 8 1 0
1.05782 28 79 42 42 23 17 0 8 1 0
1.10528 28 79 41 41 23 18 0 8 1 0
1.14683 29 80 41 41 22 18 0 8 1 0
1.16917 29 79 41 41 21 18 0 9 1 0
1.20689 28 78 41 41 22 18 0 9 1 0
1.21669 28 78 40 40 22 19 0 9 1 0
1.21741 28 77 40 40 21 19 0 10 1 0
1.25003 27 76 40 40 22 19 0 10 1 0
1.25137 26 75 40 40 23 19 0 10 1 0
1.26161 26 75 40 40 23 18 0 9 1 1
1.26264 25 74 40 40 24 18 0 9 1 1
1.28946 25 74 39 39 24 19 0 9 1 1
1.36165 24 73 39 39 25 19 0 9 1 1
1.36665 24 73 39 39 25 18 0 8 1 2
1.38487 24 72 39 39 24 18 0 9 1 2
1.38845 24 71 39 39 23 18 0 10 1 2
1.39171 25 72 39 39 22 18 0 10 1 2
1.41577 24 71 39 39 23 18 0 10 1 2
1.41632 24 70 39 39 22 18 0 11 1 2
1.42059 23 69 39 39 23 18 0 11 1 2
1.5555 23 69 38 38 23 19 0 11 1 2
1.5641 23 69 38 38 23 18 0 10 1 3
1.58687 23 69 38 38 23 17 0 9 1 4
1.65165 23 69 37 37 23 18 0 9 1 4
1.69672 23 68 37 37 22 18 0 10 1 4
1.72585 22 67 37 37 23 18 0 10 1 4
1.73266 22 66 37 37 22 18 0 11 1 4
1.74656 22 65 37 37 21 18 0 12 1 4
1.75464 22 65 36 36 21 19 0 12 1 4
1.76136 21 64 36 36 22 19 0 12 1 4
1.81605 21 63 36 36 21 19 0 13 1 4
1.87108 20 62 36 36 22 19 0 13 1 4
1.88417 20 62 35 35 22 20 0 13 1 4
1.96187 20 62 35 35 21 19 1 13 1 4
1.99787 20 62 35 35 21 18 1 12 1 5
2.00486 20 62 34 34 21 19 1 12 1 5
2.03151 20 62 33 33 21 20 1 12 1 5
2.07046 20 61 33 33 20 20 1 13 1 5
2.09308 20 61 32 32 20 21 1 13 1 5
2.14017 20 60 32 32 19 21 1 14 1 5
2.20759 20 60 32 32 18 20 2 14 1 5
2.2131 20 60 32 32 18 19 2 13 1 6
2.2569 20 60 31 31 18 20 2 13 1 6
2.2664 19 59 31 31 19 20 2 13 1 6
2.26995 19 59 31 31 18 19 3 13 1 6
2.31471 18 58 31 31 19 19 3 13 1 6
2.36804 18 58 30 30 19 20 3 13 1 6
2.44852 18 57 30 30 18 20 3 14 1 6
2.62436 17 56 30 30 19 20 3 14 1 6
2.64925 17 56 29 29 19 21 3 14 1 6
2.72803 17 56 28 28 19 22 3 14 1 6
2.74436 17 56 28 28 18 21 4 14 1 6
2.75087 17 56 28 28 18 20 4 13 1 7
2.78422 17 56 27 27 18 21 4 13 1 7
2.8263 17 55 27 27 17 21 4 14 1 7
2.94962 17 55 26 26 17 22 4 14 1 7
3.00325 17 55 26 26 17 21 4 13 1 8
3.04053 17 55 26 26 16 20 5 13 1 8
3.08208 16 54 26 26 17 20 5 13 1 8
3.10388 16 54 25 25 17 21 5 13 1 8
3.11731 16 53 25 25 16 21 5 14 1 8
3.16412 16 53 25 25 16 20 5 13 1 9
3.21268 16 53 24 24 16 21 5 13 1 9
3.22065 16 53 23 23 16 22 5 13 1 9
3.24065 16 53 22 22 16 23 5 13 1 9
3.25883 16 52 22 22 15 23 5 14 1 9
3.27758 16 52 21 21 15 24 5 14 1 9
3.3302 16 52 21 21 14 23 6 14 1 9
3.39237 16 51 21 21 13 23 6 15 1 9
3.39985 16 50 21 21 13 23 5 15 2 9
3.44375 16 50 21 21 13 22 5 14 2 10
3.56724 16 49 21 21 12 22 5 15 2 10
3.57877 16 49 21 21 11 21 6 15 2 10
3.65691 15 48 21 21 12 21 6 15 2 10
3.67923 15 47 21 21 11 21 6 16 2 10
3.72374 15 47 20 20 11 22 6 16 2 10
3.74323 15 46 20 20 10 22 6 17 2 10
3.80435 14 45 20 20 11 22 6 17 2 10
3.88821 13 44 20 20 12 22 6 17 2 10
3.94457 13 44 20 20 12 21 6 16 2 11
3.9825 12 43 20 20 13 21 6 16 2 11
4.00992 11 42 20 20 14 21 6 16 2 11
4.0712 11 42 20 20 14 20 6 15 2 12
4.09322 11 41 20 20 13 20 6 16 2 12
4.11626 11 40 20 20 13 20 5 16 3 12
4.21149 10 39 20 20 14 20 5 16 3 12
4.26249 10 39 19 19 14 21 5 16 3 12
4.27871 10 39 18 18 14 22 5 16 3 12
4.29309 9 38 18 18 15 22 5 16 3 12
4.34938 9 38 18 18 14 21 6 16 3 12
4.36223 9 38 18 18 14 20 6 15 3 13
4.37414 9 37 18 18 14 20 5 15 4 13
4.40532 9 37 17 17 14 21 5 15 4 13
4.4467 9 37 17 17 14 20 5 14 4 14
4.52286 9 37 17 17 14 19 5 13 4 15
4.54586 9 37 17 17 14 18 5 12 4 16
4.54859 9 37 17 17 13 17 6 12 4 16
4.77345 9 37 16 16 13 18 6 12 4 16
4.86633 9 36 16 16 12 18 6 13 4 16
4.87166 9 37 16 16 13 18 6 12 4 16
4.96609 8 36 16 16 14 18 6 12 4 16
5.15132 8 35 16 16 13 18 6 13 4 16
5.21245 8 35 16 16 13 17 6 12 4 17
5.6942 8 35 15 15 13 18 6 12 4 17
5.70525 8 35 15 15 12 17 7 12 4 17
5.73238 8 34 15 15 11 17 7 13 4 17
5.84375 8 33 15 15 11 17 6 13 5 17
5.98099 8 33 15 15 11 16 6 12 5 18
6.0088 8 32 15 15 10 16 6 13 5 18
6.03117 7 31 15 15 11 16 6 13 5 18
6.06523 7 30 15 15 11 16 5 13 6 18
6.06884 7 29 15 15 10 16 5 14 6 18
6.08123 6 28 15 15 11 16 5 14 6 18
6.08211 6 28 14 14 11 17 5 14 6 18
6.11002 7 29 14 14 10 17 5 14 6 18
6.28723 6 28 14 14 11 17 5 14 6 18
6.54656 6 28 13 13 11 18 5 14 6 18
6.56774 6 27 13 13 10 18 5 15 6 18
6.77257 6 27 13 13 10 17 5 14 6 19
6.79353 5 26 13 13 11 17 5 14 6 19
6.95492 5 25 13 13 10 17 5 15 6 19
6.9917 5 24 13 13 9 17 5 16 6 19
7.24288 5 25 13 13 9 17 6 16 5 19
7.33554 5 25 13 13 9 16 6 15 5 20
7.37259 5 25 12 12 9 17 6 15 5 20
7.37605 5 24 12 12 9 17 5 15 6 20
7.4069 5 24 13 13 9 16 5 15 6 20
7.67503 5 23 13 13 8 16 5 16 6 20
7.68061 5 23 12 12 8 17 5 16 6 20
7.69888 5 23 12 12 8 16 5 15 6 21
8.13193 4 22 12 12 9 16 5 15 6 21
8.16319 4 22 11 11 9 17 5 15 6 21
8.31106 4 21 11 11 8 17 5 16 6 21
8.36377 4 20 11 11 7 17 5 17 6 21
8.48508 4 19 11 11 6 17 5 18 6 21
8.58063 4 19 11 11 6 16 5 17 6 22
8.97076 4 19 11 11 5 15 6 17 6 22
9.22367 4 19 10 10 5 16 6 17 6 22
9.46859 4 19 10 10 5 15 6 16 6 23
9.87945 4 20 10 10 6 15 6 15 6 23
9.88929 3 19 10 10 7 15 6 15 6 23
10.0346 3 19 10 10 7 14 6 14 6 24
10.8575 3 18 10 10 6 14 6 15 6 24
11.0259 3 19 10 10 6 14 7 15 5 24
11.0979 3 19 10 10 5 13 8 15 5 24
11.1655 3 19 10 10 5 12 8 14 5 25
11.3782 3 18 10 10 5 12 7 14 6 25
11.412 3 18 10 10 5 11 7 13 6 26
11.875 3 17 10 10 4 11 7 14 6 26
12.2499 3 16 10 10 3 11 7 15 6 26
12.8783 3 16 10 10 3 10 7 14 6 27
13.2224 3 16 9 9 3 11 7 14 6 27
14.4301 3 15 9 9 3 11 6 14 7 27
14.6825 3 15 8 8 3 12 6 14 7 27
15.1514 3 14 8 8 2 12 6 15 7 27
15.567 3 14 7 7 2 13 6 15 7 27
15.7273 3 14 7 7 2 12 6 14 7 28
15.7766 3 14 7 7 2 11 6 13 7 29
16.2708 3 14 7 7 1 10 7 13 7 29
16.4771 3 14 7 7 2 11 6 13 7 29
16.6735 3 14 7 7 1 10 7 13 7 29
16.8465 3 14 7 7 2 11 6 13 7 29
16.9422 3 13 7 7 2 11 5 13 8 29
17.1289 3 13 8 8 2 10 5 13 8 29
17.1324 3 13 8 8 2 9 5 12 8 30
17.4374 2 12 8 8 3 9 5 12 8 30
17.6864 2 12 8 8 3 8 5 11 8 31
18.2511 2 11 8 8 2 8 5 12 8 31
18.9818 2 11 8 8 2 7 5 11 8 32
19.1068 2 10 8 8 2 7 4 11 9 32
20.1585 2 11 8 8 3 7 4 10 9 32
20.5036 2 11 8 8 3 6 4 9 9 33
20.7195 2 11 8 8 2 5 5 9 9 33
21.4456 2 12 8 8 2 5 6 9 8 33
21.7237 2 12 8 8 2 4 6 8 8 34
21.8906 1 11 8 8 3 4 6 8 8 34
25.1589 1 11 8 8 2 3 7 8 8 34
25.1812 1 11 8 8 2 2 7 7 8 35
25.341 1 10 8 8 2 2 6 7 9 35
25.6489 2 11 8 8 1 2 6 7 9 35
26.3723 1 10 8 8 2 2 6 7 9 35
26.5036 1 11 8 8 2 2 7 7 8 35
26.7056 0 10 8 8 3 2 7 7 8 35
27.4243 0 11 8 8 3 2 8 7 7 35
27.6644 0 11 7 7 3 3 8 7 7 35
28.5736 0 11 7 7 3 2 8 6 7 36
31.829 0 10 7 7 2 2 8 7 7 36
32.4204 0 9 7 7 1 2 8 8 7 36
32.4748 0 8 7 7 1 2 7 8 8 36
33.0498 0 7 7 7 1 2 6 8 9 36
33.809 0 7 6 6 1 3 6 8 9 36
34.2844 0 6 6 6 1 3 5 8 10 36
34.9117 0 6 6 6 1 2 5 7 10 37
36.8575 0 6 5 5 1 3 5 7 10 37
39.9856 0 7 5 5 1 3 6 7 9 37
40.0182 0 6 5 5 1 3 5 7 10 37
40.307 0 7 5 5 1 3 6 7 9 37
42.2955 0 6 5 5 1 3 5 7 10 37
42.5112 0 5 5 5 1 3 4 7 11 37
43.7324 0 5 5 5 1 2 4 6 11 38
44.6564 0 5 5 5 1 1 4 5 11 39
46.7384 0 4 5 5 0 1 4 6 11 39
49.5775 0 5 5 5 0 1 5 6 10 39
53.1695 0 5 4 4 0 2 5 6 10 39
55.3173 0 5 4 4 1 3 4 6 10 39
56.0913 0 5 4 4 2 4 3 6 10 39
56.4837 0 5 3 3 2 5 3 6 10 39
56.5532 0 4 3 3 2 5 2 6 11 39
57.1538 0 4 2 2 2 6 2 6 11 39
58.134 0 5 2 2 2 6 3 6 10 39
58.3905 0 5 2 2 2 5 3 5 10 40
58.49 1 6 2 2 1 5 3 5 10 40
60.9817 0 5 2 2 2 5 3 5 10 40
61.065 0 6 2 2 2 5 4 5 9 40
61.9998 0 5 2 2 2 5 3 5 10 40
63.2145 0 6 2 2 2 5 4 5 9 40
63.6067 0 6 2 2 2 4 4 4 9 41
65.2068 0 7 2 2 2 4 5 4 8 41
68.4329 0 6 2 2 2 4 4 4 9 41
68.6639 0 5 2 2 2 4 3 4 10 41
68.9257 0 5 2 2 2 3 3 3 10 42
69.2716 0 5 3 3 2 2 3 3 10 42
70.6415 0 6 3 3 2 2 4 3 9 42
71.2232 0 7 3 3 2 2 5 3 8 42
71.5511 0 7 2 2 2 3 5 3 8 42
72.3317 0 7 2 2 2 2 5 2 8 43
73.6831 0 6 2 2 1 2 5 3 8 43
79.2546 0 6 2 2 1 1 5 2 8 44
80.538 0 7 2 2 1 1 6 2 7 44
82.0617 0 8 2 2 1 1 7 2 6 44
84.4147 1 9 2 2 0 1 7 2 6 44
84.9117 1 10 2 2 0 1 8 2 5 44
86.9064 1 11 2 2 0 1 9 2 4 44
87.352 1 10 2 2 0 1 8 2 5 44
89.0562 1 9 2 2 0 1 7 2 6 44
90.0888 0 8 2 2 1 1 7 2 6 44
90.4408 0 7 2 2 1 1 6 2 7 44
91.4447 0 6 2 2 1 1 5 2 8 44
91.6051 0 5 2 2 1 1 4 2 9 44
96.963 0 6 2 2 1 1 5 2 8 44
100.139 0 7 2 2 1 1 6 2 7 44
102.556 0 6 2 2 1 1 5 2 8 44
102.592 0 5 2 2 1 1 4 2 9 44
102.736 1 6 2 2 0 1 4 2 9 44
105.874 1 5 2 2 0 1 3 2 10 44
108.294 1 4 2 2 0 1 2 2 11 44
108.444 1 5 2 2 0 1 3 2 10 44
111.884 1 5 1 1 0 2 3 2 10 44
112.226 1 6 1 1 0 2 4 2 9 44
114.302 0 5 1 1 1 2 4 2 9 44
116.889 0 6 1 1 1 2 5 2 8 44
121.97 0 7 1 1 2 2 5 1 8 44
122.108 0 7 1 1 2 1 5 0 8 45
125.538 0 8 1 1 2 1 6 0 7 45
126.088 0 7 1 1 2 1 5 0 8 45
127.189 0 8 1 1 2 1 6 0 7 45
127.673 1 9 1 1 1 1 6 0 7 45
129.347 2 10 1 1 0 1 6 0 7 45
129.542 2 10 0 0 0 2 6 0 7 45
132.514 2 11 0 0 0 2 7 0 6 45
133.381 2 10 0 0 0 2 6 0 7 45
134.79 2 9 0 0 0 2 5 0 8 45
136.607 2 8 0 0 0 2 4 0 9 45
137.833 1 7 0 0 1 2 4 0 9 45
140.186 1 8 0 0 1 2 5 0 8 45
143.31 1 7 0 0 1 2 4 0 9 45
144.616 1 6 0 0 1 2 3 0 10 45
146.165 1 5 0 0 0 2 3 1 10 45
146.932 1 6 0 0 0 2 4 1 9 45
150.51 1 5 0 0 0 2 3 1 10 45
151.428 1 6 0 0 0 2 4 1 9 45
155.481 1 5 0 0 0 2 3 1 10 45
158.21 1 5 0 0 1 3 2 1 10 45
158.28 1 5 0 0 0 2 3 1 10 45
159.498 0 4 0 0 1 2 3 1 10 45
164.506 0 5 0 0 1 2 4 1 9 45
166.263 1 6 0 0 0 2 4 1 9 45
168.318 1 7 0 0 0 2 5 1 8 45
168.658 1 8 0 0 0 2 6 1 7 45
169.185 0 7 0 0 1 2 6 1 7 45
170.359 0 8 0 0 1 2 7 1 6 45
171.455 0 9 0 0 1 2 8 1 5 45
171.549 0 10 0 0 1 2 9 1 4 45
173.278 0 9 0 0 1 2 8 1 5 45
174.673 0 8 0 0 1 2 7 1 6 45
174.809 0 9 0 0 1 2 8 1 5 45
174.928 0 9 0 0 1 3 8 2 5 44
176.63 0 8 0 0 1 3 7 2 6 44
177.926 0 7 0 0 1 3 6 2 7 44
180.026 0 8 0 0 1 3 7 2 6 44
181.942 0 7 0 0 1 3 6 2 7 44
182.212 1 8 0 0 0 3 6 2 7 44
182.785 1 7 0 0 0 3 5 2 8 44
185.187 1 7 0 0 0 2 5 1 8 45
185.424 1 8 0 0 0 2 6 1 7 45
186.5 1 7 0 0 0 2 5 1 8 45
187.133 1 8 0 0 0 2 6 1 7 45
189.593 1 8 0 0 0 1 6 0 7 46
190.076 1 7 0 0 0 1 5 0 8 46
192.932 0 6 0 0 1 1 5 0 8 46
193.608 0 5 0 0 1 1 4 0 9 46
193.732 0 6 0 0 1 1 5 0 8 46
198.168 0 5 0 0 1 1 4 0 9 46
198.804 0 5 0 0 2 2 3 0 9 46
200.813 0 6 0 0 2 2 4 0 8 46
202.816 0 6 1 1 2 1 4 0 8 46
205.419 0 5 1 1 2 1 3 0 9 46
209.472 0 6 1 1 2 1 4 0 8 46
211.877 0 5 1 1 2 1 3 0 9 46
214.002 0 4 1 1 2 1 2 0 10 46
217.306 0 5 1 1 2 1 3 0 9 46
218.955 0 6 1 1 2 1 4 0 8 46
219.614 0 7 1 1 2 1 5 0 7 46
220.85 0 6 1 1 2 1 4 0 8 46
220.958 0 7 1 1 2 1 5 0 7 46
222.278 0 7 2 2 2 0 5 0 7 46
222.823 0 6 2 2 2 0 4 0 8 46
225.564 0 7 2 2 2 0 5 0 7 46
226.603 0 8 2 2 2 0 6 0 6 46
228.802 0 9 2 2 2 0 7 0 5 46
229.022 0 8 2 2 2 0 6 0 6 46
230.435 0 7 2 2 2 0 5 0 7 46
231.211 0 6 2 2 1 0 5 1 7 46
231.405 0 7 2 2 1 0 6 1 6 46
231.85 0 6 2 2 1 0 5 1 7 46
231.989 0 7 2 2 1 0 6 1 6 46
232.025 0 6 2 2 1 0 5 1 7 46
232.458 0 7 2 2 1 0 6 1 6 46
232.622 0 6 2 2 1 0 5 1 7 46
238.175 0 7 2 2 1 0 6 1 6 46
238.459 0 6 2 2 1 0 5 1 7 46
239.855 1 7 2 2 0 0 5 1 7 46
240.209 1 8 2 2 0 0 6 1 6 46
241.988 1 7 2 2 0 0 5 1 7 46
242.992 1 6 2 2 0 0 4 1 8 46
246.794 1 5 2 2 0 0 3 1 9 46
246.839 1 6 2 2 0 0 4 1 8 46
248.451 1 7 2 2 0 0 5 1 7 46
248.575 1 6 2 2 0 0 4 1 8 46
250.244 1 7 2 2 0 0 5 1 7 46
251.348 1 6 2 2 0 0 4 1 8 46
252.241 1 7 2 2 0 0 5 1 7 46
252.95 1 6 2 2 0 0 4 1 8 46
256.558 1 7 2 2 0 0 5 1 7 46
257.364 1 6 2 2 0 0 4 1 8 46
259.094 1 5 2 2 0 0 3 1 9 46
259.991 1 6 2 2 0 0 4 1 8 46
260.03 1 5 2 2 0 0 3 1 9 46
261.494 1 4 2 2 0 0 2 1 10 46
262.098 0 3 2 2 1 0 2 1 10 46
262.655 0 4 2 2 1 0 3 1 9 46
264.531 0 5 2 2 1 0 4 1 8 46
266.53 0 6 2 2 1 0 5 1 7 46
268.507 0 5 2 2 1 0 4 1 8 46
272.456 0 6 2 2 1 0 5 1 7 46
272.523 0 7 2 2 1 0 6 1 6 46
277.167 0 6 2 2 0 0 6 2 6 46
280.922 0 7 2 2 0 0 7 2 5 46
280.968 0 6 2 2 0 0 6 2 6 46
283.495 0 7 2 2 0 0 7 2 5 46
284.8 0 7 2 2 1 1 6 2 5 46
289.938 0 6 2 2 1 1 5 2 6 46
291.19 0 6 1 1 1 2 5 2 6 46
292.252 0 7 1 1 2 2 5 1 6 46
294.054 0 6 1 1 2 2 4 1 7 46
294.068 0 5 1 1 2 2 3 1 8 46
297.219 1 6 1 1 1 2 3 1 8 46
297.573 1 7 1 1 1 2 4 1 7 46
300.037 1 6 1 1 1 2 3 1 8 46
300.422 1 5 1 1 1 2 2 1 9 46
300.696 1 6 1 1 1 2 3 1 8 46
300.733 1 7 1 1 1 2 4 1 7 46
302.435 1 7 1 1 0 1 5 1 7 46
303.236 1 6 1 1 0 1 4 1 8 46
305.022 1 7 1 1 0 1 5 1 7 46
305.197 1 8 1 1 0 1 6 1 6 46
306.169 1 9 1 1 0 1 7 1 5 46
306.268 0 8 1 1 1 1 7 1 5 46
306.335 0 7 1 1 1 1 6 1 6 46
306.38 0 6 1 1 1 1 5 1 7 46
306.871 0 7 1 1 1 1 6 1 6 46
308.692 0 8 1 1 1 1 7 1 5 46
310.134 0 7 1 1 1 1 6 1 6 46
311.408 0 6 1 1 0 1 6 2 6 46
313.844 0 5 1 1 0 1 5 2 7 46
314.05 0 4 1 1 0 1 4 2 8 46
324.324 0 5 1 1 0 1 5 2 7 46
330.519 0 4 1 1 0 1 4 2 8 46
330.533 0 5 1 1 0 1 5 2 7 46
331.371 0 4 1 1 0 1 4 2 8 46
332.719 0 5 1 1 0 1 5 2 7 46
335.884 0 4 1 1 0 1 4 2 8 46
337.408 0 3 1 1 0 1 3 2 9 46
343.569 0 4 1 1 0 1 4 2 8 46
344.677 0 3 1 1 0 1 3 2 9 46
345.498 0 4 1 1 0 1 4 2 8 46
357.103 0 4 0 0 0 2 4 2 8 46
359.789 0 4 0 0 1 3 3 2 8 46
363.492 0 5 0 0 1 3 4 2 7 46
363.627 0 5 0 0 1 2 4 1 7 47
363.678 0 6 0 0 1 2 5 1 6 47
364.772 0 7 0 0 2 2 5 0 6 47
365.29 1 8 0 0 1 2 5 0 6 47
366.914 1 9 0 0 1 2 6 0 5 47
368.672 1 9 0 0 1 3 6 1 5 46
371.72 1 10 0 0 1 3 7 1 4 46
372.352 1 9 0 0 1 3 6 1 5 46
372.524 0 8 0 0 2 3 6 1 5 46
373.58 0 9 0 0 2 3 7 1 4 46
374.329 0 8 0 0 2 3 6 1 5 46
374.35 0 7 0 0 2 3 5 1 6 46
375.635 0 8 0 0 3 3 5 0 6 46
377.41 1 9 0 0 2 3 5 0 6 46
378.67 1 8 0 0 2 3 4 0 7 46
379.829 1 7 0 0 2 3 3 0 8 46
380.162 1 6 0 0 1 3 3 1 8 46
383.916 1 5 0 0 0 3 3 2 8 46
385.789 1 6 0 0 0 3 4 2 7 46
385.901 1 7 0 0 0 3 5 2 6 46
386.917 1 6 0 0 0 3 4 2 7 46
387.518 1 7 0 0 0 3 5 2 6 46
395.344 1 6 0 0 0 3 4 2 7 46
395.498 1 7 0 0 0 3 5 2 6 46
397.227 1 6 0 0 0 3 4 2 7 46
397.582 1 7 0 0 0 3 5 2 6 46
399.055 1 8 0 0 0 3 6 2 5 46
402.587 1 9 0 0 0 3 7 2 4 46
402.884 1 8 0 0 0 3 6 2 5 46
403.883 1 7 0 0 0 3 5 2 6 46
404.435 1 8 0 0 0 3 6 2 5 46
405.687 1 7 0 0 0 3 5 2 6 46
407.539 1 7 0 0 0 2 5 1 6 47
407.815 1 8 0 0 0 2 6 1 5 47
409.423 1 9 0 0 0 2 7 1 4 47
410.626 1 10 0 0 0 2 8 1 3 47
410.632 1 9 0 0 0 2 7 1 4 47
411.559 0 8 0 0 1 2 7 1 4 47
412.851 0 7 0 0 1 2 6 1 5 47
413.055 0 8 0 0 1 2 7 1 4 47
413.411 0 8 0 0 1 1 7 0 4 48
414.154 0 7 0 0 1 1 6 0 5 48
415.333 0 7 0 0 2 2 5 0 5 48
415.348 0 6 0 0 2 2 4 0 6 48
422.031 0 5 0 0 1 2 4 1 6 48
423.779 0 6 0 0 1 2 5 1 5 48
425.476 0 7 0 0 1 2 6 1 4 48
427.879 0 7 0 0 2 3 5 1 4 48
429.362 0 6 0 0 2 3 4 1 5 48
430.843 0 7 0 0 2 3 5 1 4 48
431.023 0 8 0 0 2 3 6 1 3 48
431.666 0 9 0 0 2 3 7 1 2 48
431.701 0 8 0 0 2 3 6 1 3 48
431.864 0 7 0 0 2 3 5 1 4 48
432.771 0 8 0 0 2 3 6 1 3 48
435.665 0 7 0 0 2 3 5 1 4 48
436.847 0 7 0 0 3 4 4 1 4 48
437.773 0 8 0 0 3 4 5 1 3 48
438.837 0 7 0 0 2 4 5 2 3 48
440.771 0 6 0 0 1 4 5 3 3 48
449.12 0 6 1 1 1 3 5 3 3 48
452.059 0 5 1 1 1 3 4 3 4 48
453.174 0 5 1 1 1 2 4 2 4 49
457.479 0 6 1 1 2 2 4 1 4 49
458.656 1 7 1 1 1 2 4 1 4 49
459.297 1 6 1 1 1 2 3 1 5 49
461.083 1 5 1 1 1 2 2 1 6 49
463.688 1 5 1 1 1 1 2 0 6 50
465.538 1 4 1 1 1 1 1 0 7 50
466.225 0 3 1 1 2 1 1 0 7 50
466.267 0 4 1 1 2 1 2 0 6 50
468.715 0 4 1 1 3 2 1 0 6 50
469.732 0 5 1 1 3 2 2 0 5 50
471.523 0 5 1 1 2 1 3 0 5 50
473.53 0 6 1 1 2 1 4 0 4 50
474.805 0 5 1 1 1 1 4 1 4 50
477.011 0 6 1 1 1 1 5 1 3 50
477.357 0 6 1 1 1 2 5 2 3 49
480.73 0 6 0 0 1 3 5 2 3 49
480.803 0 6 0 0 2 4 4 2 3 49
481.709 1 7 0 0 1 4 4 2 3 49
484.732 0 6 0 0 2 4 4 2 3 49
491.856 0 5 0 0 1 4 4 3 3 49
493.604 0 5 0 0 1 3 4 2 3 50
494.403 0 4 0 0 1 3 3 2 4 50
495.971 0 5 0 0 1 3 4 2 3 50
501.289 0 6 0 0 1 3 5 2 2 50
505.219 0 6 1 1 1 2 5 2 2 50
505.594 0 5 1 1 0 2 5 3 2 50
506.086 0 4 1 1 0 2 4 3 3 50
509.704 0 4 1 1 0 1 4 2 3 51
510.897 0 5 1 1 0 1 5 2 2 51
517.19 0 4 1 1 0 1 4 2 3 51
518.332 0 3 1 1 0 1 3 2 4 51
520.379 0 4 1 1 0 1 4 2 3 51
530.011 0 3 1 1 0 1 3 2 4 51
533.882 0 2 1 1 0 1 2 2 5 51
540.127 0 3 1 1 0 1 3 2 4 51
541.278 0 4 1 1 0 1 4 2 3 51
541.746 0 4 1 1 0 0 4 1 3 52
542.513 0 3 1 1 0 0 3 1 4 52
550.739 0 4 1 1 0 0 4 1 3 52
554.862 0 3 1 1 0 0 3 1 4 52
556.539 0 2 1 1 0 0 2 1 5 52
557.051 0 3 1 1 0 0 3 1 4 52
560.329 0 2 1 1 0 0 2 1 5 52
560.842 0 2 1 1 1 1 1 1 5 52
561.201 0 2 0 0 1 2 1 1 5 52
562.278 0 3 0 0 1 2 2 1 4 52
566.065 1 4 0 0 0 2 2 1 4 52
570.272 1 4 1 1 0 1 2 1 4 52
572.858 1 5 1 1 0 1 3 1 3 52
574.335 1 6 1 1 0 1 4 1 2 52
583.234 1 5 1 1 0 1 3 1 3 52
587.042 1 6 1 1 0 1 4 1 2 52
587.584 1 6 0 0 0 2 4 1 2 52
590.68 1 7 0 0 1 2 4 0 2 52
596.688 1 6 0 0 0 2 4 1 2 52
600.347 1 6 0 0 1 3 3 1 2 52
600.668 1 5 0 0 1 3 2 1 3 52
604.555 1 4 0 0 1 3 1 1 4 52
607.751 1 4 0 0 0 2 2 1 4 52
610.118 1 3 0 0 0 2 1 1 5 52
616.954 1 3 1 1 0 1 1 1 5 52
617.366 1 4 1 1 0 1 2 1 4 52
619.34 1 3 1 1 0 1 1 1 5 52
619.663 1 3 0 0 0 2 1 1 5 52
620.114 1 4 0 0 0 2 2 1 4 52
620.957 1 5 0 0 0 2 3 1 3 52
621.127 0 4 0 0 1 2 3 1 3 52
621.624 0 5 0 0 1 2 4 1 2 52
625.579 0 4 0 0 1 2 3 1 3 52
626.489 0 3 0 0 0 2 3 2 3 52
626.962 0 2 0 0 0 2 2 2 4 52
637.253 0 3 0 0 0 2 3 2 3 52
643.561 0 3 0 0 0 1 3 1 3 53
653.825 0 4 0 0 0 1 4 1 2 53
656.912 0 4 0 0 1 2 3 1 2 53
657.561 0 4 0 0 2 3 2 1 2 53
657.869 0 4 0 0 3 4 1 1 2 53
662.388 0 4 0 0 3 3 1 0 2 54
662.525 0 4 0 0 2 2 2 0 2 54
664.498 0 5 0 0 2 2 3 0 1 54
665.85 0 4 0 0 2 2 2 0 2 54
666.752 1 5 0 0 1 2 2 0 2 54
669.333 1 5 1 1 1 1 2 0 2 54
672.87 1 6 1 1 1 1 3 0 1 54
673.419 1 6 0 0 1 2 3 0 1 54
680.881 2 7 0 0 0 2 3 0 1 54
685.947 1 6 0 0 1 2 3 0 1 54
688.126 1 5 0 0 1 2 2 0 2 54
690.524 2 6 0 0 0 2 2 0 2 54
690.627 1 5 0 0 1 2 2 0 2 54
695.566 1 6 0 0 1 2 3 0 1 54
696.821 1 6 0 0 0 1 4 0 1 54
698.913 1 6 0 0 1 2 3 0 1 54
700.212 1 5 0 0 1 2 2 0 2 54
700.416 1 4 0 0 1 2 1 0 3 54
704.688 1 5 0 0 1 2 2 0 2 54
706.366 1 5 0 0 0 1 3 0 2 54
712.63 0 4 0 0 1 1 3 0 2 54
713.67 0 4 1 1 1 0 3 0 2 54
714.158 0 4 1 1 2 1 2 0 2 54
715.169 0 4 1 1 2 2 2 1 2 53
718.505 0 5 1 1 3 2 2 0 2 53
723.265 0 6 1 1 3 2 3 0 1 53
725.666 0 5 1 1 2 2 3 1 1 53
727.752 0 4 1 1 2 2 2 1 2 53
728.875 0 5 1 1 2 2 3 1 1 53
734.464 0 4 1 1 2 2 2 1 2 53
734.702 0 4 1 1 3 3 1 1 2 53
738.687 1 5 1 1 2 3 1 1 2 53
743.031 1 5 1 1 1 2 2 1 2 53
743.564 1 5 1 1 1 1 2 0 2 54
744.433 1 4 1 1 0 1 2 1 2 54
746.102 0 3 1 1 1 1 2 1 2 54
748.457 1 4 1 1 0 1 2 1 2 54
750.698 1 4 2 2 0 0 2 1 2 54
760.384 1 3 2 2 0 0 1 1 3 54
763.844 1 4 2 2 0 0 2 1 2 54
768.555 1 5 2 2 0 0 3 1 1 54
772.702 1 5 2 2 1 1 2 1 1 54
776.244 1 6 2 2 1 1 3 1 0 54
784.082 0 5 2 2 2 1 3 1 0 54
785.631 0 4 2 2 2 1 2 1 1 54
788.37 0 3 2 2 1 1 2 2 1 54
788.633 0 4 2 2 1 1 3 2 0 54
796.663 0 3 2 2 1 1 2 2 1 54
797.098 0 3 1 1 1 2 2 2 1 54
798.524 0 3 1 1 2 3 1 2 1 54
801.046 0 3 1 1 2 2 1 1 1 55
802.519 0 3 1 1 1 1 2 1 1 55
802.801 0 2 1 1 0 1 2 2 1 55
806.305 0 1 1 1 0 1 1 2 2 55
808.204 0 1 1 1 0 0 1 1 2 56
813.435 0 1 1 1 1 1 0 1 2 56
814.678 0 1 1 1 1 2 0 2 2 55
815.271 0 1 1 1 1 1 0 1 2 56
816.603 0 1 1 1 1 2 0 2 2 55
822.669 0 1 2 2 1 1 0 2 2 55
831.162 0 2 2 2 1 1 1 2 1 55
852.405 0 2 1 1 1 2 1 2 1 55
855.862 0 1 1 1 1 2 0 2 2 55
861.829 0 1 2 2 1 1 0 2 2 55
870.946 0 1 1 1 1 2 0 2 2 55
880.614 0 2 1 1 1 2 1 2 1 55
884.306 0 3 1 1 2 2 1 1 1 55
885.202 0 3 1 1 2 1 1 0 1 56
893.014 0 2 1 1 1 1 1 1 1 56
897.438 0 2 0 0 1 2 1 1 1 56
900.74 0 1 0 0 1 2 0 1 2 56
911.57 0 2 0 0 1 2 1 1 1 56
926.63 0 1 0 0 1 2 0 1 2 56
929.02 0 2 0 0 2 2 0 0 2 56
943.575 0 2 0 0 1 1 1 0 2 56
949.981 1 3 0 0 0 1 1 0 2 56
951.293 1 4 0 0 0 1 2 0 1 56
956.513 1 3 0 0 0 1 1 0 2 56
960.07 1 4 0 0 0 1 2 0 1 56
961.187 1 5 0 0 0 1 3 0 0 56
961.925 0 4 0 0 1 1 3 0 0 56
965.719 0 3 0 0 1 1 2 0 1 56
966.289 0 2 0 0 0 1 2 1 1 56
967.51 0 1 0 0 0 1 1 1 2 56
969.241 0 2 0 0 0 1 2 1 1 56
983.689 0 2 0 0 1 2 1 1 1 56
987.229 1 3 0 0 0 2 1 1 1 56
987.898 1 4 0 0 0 2 2 1 0 56
992.549 1 3 0 0 0 2 1 1 1 56
995.704 1 3 0 0 1 3 0 1 1 56
998.259 0 2 0 0 2 3 0 1 1 56
998.849 1 3 0 0 1 3 0 1 1 56
1002.54 1 3 0 0 1 2 0 0 1 57
1003.58 0 2 0 0 2 2 0 0 1 57
1015.86 0 3 0 0 2 2 1 0 0 57
1015.93 0 3 0 0 1 1 2 0 0 57
1018.53 0 2 0 0 0 1 2 1 0 57
1029.98 0 2 0 0 1 2 1 1 0 57
1031.1 0 1 0 0 0 2 1 2 0 57
1032.96 0 2 0 0 1 2 1 1 0 57
1035.15 0 2 0 0 0 1 2 1 0 57
1061.42 0 1 0 0 0 1 1 1 1 57
1070.25 0 0 0 0 0 1 0 1 2 57
1093.04 0 0 0 0 0 0 0 0 2 58
1097.95 0 1 0 0 0 0 1 0 1 58
1107.34 0 2 0 0 0 0 2 0 0 58
1110.82 0 1 0 0 0 0 1 0 1 58
1114.64 0 2 0 0 0 0 2 0 0 58
1117.85 0 2 0 0 1 1 1 0 0 58
1126.52 0 2 0 0 0 0 2 0 0 58
1145.82 0 1 0 0 0 0 1 0 1 58
1193.34 0 1 0 0 1 1 0 0 1 58
1230.49 0 2 0 0 1 1 1 0 0 58
1232.89 0 2 0 0 1 2 1 1 0 57
1234.11 0 2 1 1 1 1 1 1 0 57
1238.64 1 3 1 1 0 1 1 1 0 57
1241.41 1 4 1 1 1 1 1 0 0 57
1263.79 1 4 1 1 0 0 2 0 0 57
1264.82 0 3 1 1 1 0 2 0 0 57
1275.77 0 2 1 1 0 0 2 1 0 57
1276.98 0 2 1 1 0 1 2 2 0 56
1277.84 0 3 1 1 1 1 2 1 0 56
1283.95 1 4 1 1 0 1 2 1 0 56
1297.28 1 3 1 1 0 1 1 1 1 56
1304.13 1 4 1 1 0 1 2 1 0 56
1312.12 1 4 1 1 1 2 1 1 0 56
1320.59 1 3 1 1 1 2 0 1 1 56
1342.03 1 2 1 1 0 2 0 2 1 56
1342.33 1 3 1 1 1 2 0 1 1 56
1351.89 1 4 1 1 1 2 1 1 0 56
1355.1 1 4 2 2 1 1 1 1 0 56
1359.1 1 4 2 2 0 0 2 1 0 56
1361.88 1 3 2 2 0 0 1 1 1 56
1365.23 1 2 2 2 0 0 0 1 2 56
1368.03 1 2 2 2 0 1 0 2 2 55
1379.85 1 3 2 2 0 1 1 2 1 55
1380.47 0 2 2 2 1 1 1 2 1 55
1385.73 0 1 2 2 0 1 1 3 1 55
1387.17 0 2 2 2 0 1 2 3 0 55
1390.45 0 1 2 2 0 1 1 3 1 55
1399.54 0 1 2 2 0 2 1 4 1 54
1410.57 0 1 3 3 0 1 1 4 1 54
1415.16 0 1 2 2 0 2 1 4 1 54
1416.37 0 1 2 2 0 1 1 3 1 55
1443.19 0 1 1 1 0 2 1 3 1 55
1453.65 0 2 1 1 0 2 2 3 0 55
1454.64 0 2 1 1 1 3 1 3 0 55
1454.87 0 2 1 1 1 2 1 2 0 56
1464.4 1 3 1 1 0 2 1 2 0 56
1481.75 1 3 1 1 0 3 1 3 0 55
1484.76 1 2 1 1 0 3 0 3 1 55
1487.67 1 2 1 1 0 2 0 2 1 56
1496.2 0 1 1 1 1 2 0 2 1 56
1497.45 0 0 1 1 0 2 0 3 1 56
1501.39 0 0 2 2 0 1 0 3 1 56
1508.24 0 1 2 2 1 1 0 2 1 56
1513.6 0 1 3 3 1 0 0 2 1 56
1520.08 0 2 3 3 2 0 0 1 1 56
1522.2 0 2 2 2 2 1 0 1 1 56
1530.26 0 3 2 2 2 1 1 1 0 56
1540.12 0 2 2 2 1 1 1 2 0 56
1548.96 0 2 1 1 1 2 1 2 0 56
1561.05 0 1 1 1 0 2 1 3 0 56
1565.6 0 1 1 1 0 1 1 2 0 57
1567.74 0 2 1 1 1 1 1 1 0 57
1577.34 0 2 1 1 1 0 1 0 0 58
1577.83 0 2 1 1 1 1 1 1 0 57
1578.59 0 1 1 1 0 1 1 2 0 57
1578.7 0 2 1 1 1 1 1 1 0 57
1586.66 1 3 1 1 0 1 1 1 0 57
1603.23 1 4 1 1 1 1 1 0 0 57
1609.23 1 3 1 1 0 1 1 1 0 57
1619.27 1 4 1 1 1 1 1 0 0 57
1623.31 0 3 1 1 2 1 1 0 0 57
1623.38 1 4 1 1 1 1 1 0 0 57
1624.95 0 3 1 1 2 1 1 0 0 57
1633.77 0 3 1 1 1 0 2 0 0 57
1648.42 0 2 1 1 1 0 1 0 1 57
1658.55 0 3 1 1 1 0 2 0 0 57
1659.36 0 2 1 1 1 0 1 0 1 57
1666.12 0 1 1 1 0 0 1 1 1 57
1671.73 0 2 1 1 0 0 2 1 0 57
1691.04 0 2 1 1 1 1 1 1 0 57
1693.47 0 1 1 1 0 1 1 2 0 57
1708.27 0 1 1 1 0 0 1 1 0 58
1711.99 0 2 1 1 1 0 1 0 0 58
1742.09 0 1 1 1 1 0 0 0 1 58
1758.37 0 2 1 1 1 0 1 0 0 58
1788.59 0 2 1 1 1 1 1 1 0 57
1792.96 0 2 1 1 0 0 2 1 0 57
1798.47 0 1 1 1 0 0 1 1 1 57
1816.05 0 1 0 0 0 1 1 1 1 57
1823.21 0 2 0 0 0 1 2 1 0 57
1833.45 0 2 0 0 0 2 2 2 0 56
1843.72 0 2 0 0 0 1 2 1 0 57
1868.03 0 3 0 0 1 1 2 0 0 57
1870.86 0 3 0 0 2 2 1 0 0 57
1878.29 0 3 0 0 1 1 2 0 0 57
1884.95 0 2 0 0 1 1 1 0 1 57
1895.38 0 3 0 0 1 1 2 0 0 57
1904.08 0 2 0 0 1 1 1 0 1 57
1911.74 0 2 1 1 1 0 1 0 1 57
1918.2 0 3 1 1 1 0 2 0 0 57
1942.41 0 2 1 1 0 0 2 1 0 57
1949.86 0 3 1 1 1 0 2 0 0 57
1951.95 0 2 1 1 1 0 1 0 1 57
1968.17 0 1 1 1 1 0 0 0 2 57
1977.77 0 2 1 1 1 0 1 0 1 57
1982.65 0 3 1 1 1 0 2 0 0 57
1985.62 0 3 1 1 1 1 2 1 0 56
1995.42 0 4 1 1 2 1 2 0 0 56
1996.65 0 4 1 1 2 2 2 1 0 55
1997.66 0 4 1 1 1 1 3 1 0 55
2015.84 0 3 1 1 1 1 2 1 1 55
2024.27 0 2 1 1 0 1 2 2 1 55
2041.67 0 3 1 1 0 1 3 2 0 55
2045.76 0 3 1 1 0 0 3 1 0 56
2064.73 0 2 1 1 0 0 2 1 1 56
2077.08 0 1 1 1 0 0 1 1 2 56
2079.49 0 1 1 1 0 1 1 2 2 55
2079.76 0 2 1 1 0 1 2 2 1 55
2089.49 0 1 1 1 0 1 1 2 2 55
2092.27 0 2 1 1 0 1 2 2 1 55
2092.66 0 2 1 1 0 0 2 1 1 56
2099.85 0 3 1 1 0 0 3 1 0 56
2113.16 0 3 1 1 1 1 2 1 0 56
2116.85 0 3 0 0 1 2 2 1 0 56
2118.6 0 2 0 0 0 2 2 2 0 56
2134.85 0 3 0 0 1 2 2 1 0 56
2137.62 0 2 0 0 0 2 2 2 0 56
2153.95 0 3 0 0 1 2 2 1 0 56
2176.04 0 3 1 1 1 1 2 1 0 56
2184.18 0 2 1 1 1 1 1 1 1 56
2185.34 0 3 1 1 1 1 2 1 0 56
2191.98 1 4 1 1 0 1 2 1 0 56
2195.87 1 3 1 1 0 1 1 1 1 56
2208.03 1 4 1 1 1 1 1 0 1 56
2211.67 1 5 1 1 1 1 2 0 0 56
2214.82 1 4 1 1 1 1 1 0 1 56
2223.48 0 3 1 1 2 1 1 0 1 56
2233.61 1 4 1 1 1 1 1 0 1 56
2234.78 1 5 1 1 1 1 2 0 0 56
2237.89 1 4 1 1 1 1 1 0 1 56
2248.01 1 4 2 2 1 0 1 0 1 56
2253.31 1 5 2 2 1 0 2 0 0 56
2263.38 1 4 2 2 1 0 1 0 1 56
2266.13 0 3 2 2 2 0 1 0 1 56
2272.94 0 4 2 2 2 0 2 0 0 56
2278.49 0 3 2 2 2 0 1 0 1 56
2281.54 0 3 2 2 3 1 0 0 1 56
2282.5 0 3 2 2 2 0 1 0 1 56
2294.57 0 3 1 1 2 1 1 0 1 56
2310.29 1 4 1 1 1 1 1 0 1 56
2310.46 2 5 1 1 0 1 1 0 1 56
2321.23 1 4 1 1 1 1 1 0 1 56
2323.75 1 3 1 1 1 1 0 0 2 56
2326.1 2 4 1 1 0 1 0 0 2 56
2340.1 1 3 1 1 1 1 0 0 2 56
2357.8 1 2 1 1 0 1 0 1 2 56
2358.23 1 3 1 1 0 1 1 1 1 56
2373.88 0 2 1 1 1 1 1 1 1 56
2404.73 0 3 1 1 1 1 2 1 0 56
2415.25 0 2 1 1 1 1 1 1 1 56
2417.84 0 2 1 1 2 2 0 1 1 56
2421.73 0 1 1 1 1 2 0 2 1 56
2428.86 0 1 1 1 1 1 0 1 1 57
2435.6 0 1 2 2 1 0 0 1 1 57
2445.09 0 2 2 2 1 0 1 1 0 57
2465.72 0 1 2 2 1 0 0 1 1 57
2482.51 0 0 2 2 0 0 0 2 1 57
2489.34 0 1 2 2 1 0 0 1 1 57
2493.62 0 1 1 1 1 1 0 1 1 57
2505.13 0 2 1 1 1 1 1 1 0 57
2512.85 0 1 1 1 0 1 1 2 0 57
2551.17 0 1 1 1 0 0 1 1 0 58
2556.65 0 0 1 1 0 0 0 1 1 58
2568.55 0 1 1 1 1 0 0 0 1 58
2568.61 0 2 1 1 1 0 1 0 0 58
2595.68 1 3 1 1 0 0 1 0 0 58
2613.11 1 2 1 1 0 0 0 0 1 58
2673.13 1 3 1 1 0 0 1 0 0 58
2673.17 1 2 1 1 0 0 0 0 1 58
2703.73 1 3 1 1 0 0 1 0 0 58
2743.06 0 2 1 1 1 0 1 0 0 58
2748.32 0 1 1 1 1 0 0 0 1 58
2755.68 1 2 1 1 0 0 0 0 1 58
2795.01 0 1 1 1 1 0 0 0 1 58
2804.54 1 2 1 1 0 0 0 0 1 58
2804.72 1 2 1 1 0 1 0 1 1 57
2807.99 0 1 1 1 1 1 0 1 1 57
2816.76 0 2 1 1 1 1 1 1 0 57
2829.63 0 3 1 1 2 1 1 0 0 57
2836.03 0 2 1 1 2 1 0 0 1 57
2839.29 1 3 1 1 1 1 0 0 1 57
2839.3 1 3 1 1 1 2 0 1 1 56
2847.57 0 2 1 1 2 2 0 1 1 56
2849.91 0 1 1 1 1 2 0 2 1 56
2854.01 0 2 1 1 1 2 1 2 0 56
2857.24 1 3 1 1 0 2 1 2 0 56
2876.09 1 2 1 1 0 2 0 2 1 56
2877.08 1 3 1 1 0 2 1 2 0 56
2881.11 1 3 1 1 0 3 1 3 0 55
2881.71 0 2 1 1 1 3 1 3 0 55
2886.85 0 3 1 1 2 3 1 2 0 55
2897.79 0 3 1 1 1 2 2 2 0 55
2898.07 0 3 1 1 1 1 2 1 0 56
2900.92 0 2 1 1 1 1 1 1 1 56
2908.49 0 2 1 1 0 0 2 1 1 56
2915.26 0 2 0 0 0 1 2 1 1 56
2918.95 0 3 0 0 0 1 3 1 0 56
2958.49 0 3 0 0 0 2 3 2 0 55
2962.51 0 3 1 1 0 1 3 2 0 55
2973.99 0 2 1 1 0 1 2 2 1 55
2979.78 0 3 1 1 1 1 2 1 1 55
2981.78 1 4 1 1 0 1 2 1 1 55
2991.63 1 4 1 1 0 0 2 0 1 56
2991.63 1 4 1 1 0 0 2 0 1 56
