0 60 120 60 60 0 0 0 0 0 0
0.0114485 60 120 59 59 0 1 0 0 0 0
0.0139687 60 120 58 58 0 2 0 0 0 0
0.0317993 59 119 58 58 1 2 0 0 0 0
0.0325732 58 118 58 58 2 2 0 0 0 0
0.0499056 57 117 58 58 3 2 0 0 0 0
0.0698309 57 116 58 58 2 2 0 1 0 0
0.0941464 57 116 57 57 2 3 0 1 0 0
0.102087 56 115 57 57 3 3 0 1 0 0
0.108754 56 115 56 56 3 4 0 1 0 0
0.110087 57 116 56 56 2 4 0 1 0 0
0.118002 56 115 56 56 3 4 0 1 0 0
0.127725 55 114 56 56 4 4 0 1 0 0
0.15468 55 114 55 55 4 5 0 1 0 0
0.168493 55 114 54 54 4 6 0 1 0 0
0.176246 54 113 54 54 5 6 0 1 0 0
0.196324 54 112 54 54 4 6 0 2 0 0
0.232631 53 111 54 54 5 6 0 2 0 0
0.237655 52 110 54 54 6 6 0 2 0 0
0.244739 52 110 53 53 6 7 0 2 0 0
0.251453 52 110 52 52 6 8 0 2 0 0
0.284369 52 110 51 51 6 9 0 2 0 0
0.286366 51 109 51 51 7 9 0 2 0 0
0.291282 50 108 51 51 8 9 0 2 0 0
0.293352 49 107 51 51 9 9 0 2 0 0
0.329586 49 107 50 50 9 10 0 2 0 0
0.346638 49 107 49 49 9 11 0 2 0 0
0.363154 49 107 48 48 9 12 0 2 0 0
0.36964 48 106 48 48 10 12 0 2 0 0
0.374173 47 105 48 48 11 12 0 2 0 0
0.389433 46 104 48 48 12 12 0 2 0 0
0.418302 46 104 47 47 12 13 0 2 0 0
0.437395 45 103 47 47 13 13 0 2 0 0
0.443342 44 102 47 47 14 13 0 2 0 0
0.452332 43 101 47 47 15 13 0 2 0 0
0.459 42 100 47 47 16 13 0 2 0 0
0.486375 42 100 46 46 16 14 0 2 0 0
0.530527 41 99 46 46 17 14 0 2 0 0
0.579727 41 99 46 46 16 13 1 2 0 0
0.591438 41 98 46 46 15 13 1 3 0 0
0.626308 41 98 45 45 15 14 1 3 0 0
0.632304 40 97 45 45 16 14 1 3 0 0
0.656373 39 96 45 45 17 14 1 3 0 0
0.677874 39 95 45 45 16 14 1 4 0 0
0.688528 38 94 45 45 17 14 1 4 0 0
0.689204 38 93 45 45 16 14 1 5 0 0
0.706944 37 92 45 45 17 14 1 5 0 0
0.717185 37 92 44 44 17 15 1 5 0 0
0.735366 36 91 44 44 18 15 1 5 0 0
0.741582 36 90 44 44 17 15 1 6 0 0
0.751717 35 89 44 44 18 15 1 6 0 0
0.784611 35 88 44 44 17 15 1 7 0 0
0.819043 34 87 44 44 18 15 1 7 0 0
0.821887 33 86 44 44 19 15 1 7 0 0
0.877951 32 85 44 44 20 15 1 7 0 0
0.914481 31 84 44 44 21 15 1 7 0 0
0.914923 31 83 44 44 20 15 1 8 0 0
0.923226 30 82 44 44 21 15 1 8 0 0
0.924416 30 82 44 44 21 14 1 7 0 1
0.963016 30 82 43 43 21 15 1 7 0 1
1.03698 29 81 43 43 22 15 1 7 0 1
1.05419 29 81 42 42 22 16 1 7 0 1
1.08353 28 80 42 42 23 16 1 7 0 1
1.12982 28 80 41 41 23 17 1 7 0 1
1.15561 28 79 41 41 22 17 1 8 0 1
1.16659 28 78 41 41 21 17 1 9 0 1
1.19936 28 77 41 41 20 17 1 10 0 1
1.20766 28 77 40 40 20 18 1 10 0 1
1.27156 28 77 39 39 20 19 1 10 0 1
1.28156 27 76 39 39 21 19 1 10 0 1
1.28287 27 75 39 39 20 19 1 11 0 1
1.30997 27 74 39 39 19 19 1 12 0 1
1.31863 26 73 39 39 20 19 1 12 0 1
1.36423 26 73 39 39 19 18 2 12 0 1
1.3647 25 72 39 39 20 18 2 12 0 1
1.41205 24 71 39 39 21 18 2 12 0 1
1.43233 24 71 38 38 21 19 2 12 0 1
1.45399 24 70 38 38 20 19 2 13 0 1
1.46572 24 70 37 37 20 20 2 13 0 1
1.49276 24 70 37 37 20 19 2 12 0 2
1.51733 24 70 37 37 20 18 2 11 0 3
1.5213 24 70 37 37 19 17 3 11 0 3
1.52801 24 70 36 36 19 18 3 11 0 3
1.60346 24 69 36 36 18 18 3 12 0 3
1.65936 24 68 36 36 17 18 3 13 0 3
1.65986 23 67 36 36 18 18 3 13 0 3
1.6772 22 66 36 36 19 18 3 13 0 3
1.80712 21 65 36 36 20 18 3 13 0 3
1.84071 20 64 36 36 21 18 3 13 0 3
1.84344 20 64 35 35 21 19 3 13 0 3
1.864 19 63 35 35 22 19 3 13 0 3
1.89877 19 63 35 35 22 18 3 12 0 4
1.91062 19 62 35 35 21 18 3 13 0 4
1.92286 19 62 34 34 21 19 3 13 0 4
1.96 18 61 34 34 22 19 3 13 0 4
2.00073 18 60 34 34 21 19 3 14 0 4
2.12968 17 59 34 34 22 19 3 14 0 4
2.16352 17 58 34 34 21 19 3 15 0 4
2.175 17 58 33 33 21 20 3 15 0 4
2.18926 17 57 33 33 20 20 3 16 0 4
2.25565 17 56 33 33 20 20 2 16 1 4
2.25808 17 55 33 33 19 20 2 17 1 4
2.25989 17 55 33 33 19 19 2 16 1 5
2.26161 17 55 32 32 19 20 2 16 1 5
2.339 17 54 32 32 18 20 2 17 1 5
2.35981 17 53 32 32 18 20 1 17 2 5
2.36236 17 53 32 32 18 19 1 16 2 6
2.38333 17 53 32 32 17 18 2 16 2 6
2.40093 16 52 32 32 18 18 2 16 2 6
2.40362 16 52 32 32 18 17 2 15 2 7
2.45237 15 51 32 32 19 17 2 15 2 7
2.46946 15 51 31 31 19 18 2 15 2 7
2.5122 14 50 31 31 20 18 2 15 2 7
2.60003 13 49 31 31 21 18 2 15 2 7
2.63509 13 48 31 31 20 18 2 16 2 7
2.63926 13 48 31 31 19 17 3 16 2 7
2.67782 13 47 31 31 18 17 3 17 2 7
2.73577 13 47 30 30 18 18 3 17 2 7
2.74658 13 47 29 29 18 19 3 17 2 7
2.76726 13 47 29 29 18 18 3 16 2 8
2.87801 12 46 29 29 19 18 3 16 2 8
2.9072 11 45 29 29 20 18 3 16 2 8
3.0173 10 44 29 29 21 18 3 16 2 8
3.03823 10 43 29 29 20 18 3 17 2 8
3.08539 10 42 29 29 20 18 2 17 3 8
3.10431 10 41 29 29 19 18 2 18 3 8
3.11652 10 41 28 28 19 19 2 18 3 8
3.11731 9 40 28 28 20 19 2 18 3 8
3.17123 8 39 28 28 21 19 2 18 3 8
3.25448 8 38 28 28 20 19 2 19 3 8
3.26144 7 37 28 28 21 19 2 19 3 8
3.31688 7 37 27 27 21 20 2 19 3 8
3.32019 7 36 27 27 20 20 2 20 3 8
3.34405 7 35 27 27 19 20 2 21 3 8
3.35398 7 35 26 26 19 21 2 21 3 8
3.37968 7 35 26 26 19 20 2 20 3 9
3.42198 7 35 25 25 19 21 2 20 3 9
3.42519 7 34 25 25 18 21 2 21 3 9
3.50171 7 33 25 25 17 21 2 22 3 9
3.57395 7 32 25 25 16 21 2 23 3 9
3.68737 7 32 26 26 16 20 2 23 3 9
3.75879 7 32 26 26 16 19 2 22 3 10
3.83189 7 32 25 25 16 20 2 22 3 10
3.99744 7 31 25 25 15 20 2 23 3 10
4.05693 7 31 24 24 15 21 2 23 3 10
4.11208 7 31 23 23 15 22 2 23 3 10
4.17713 7 31 23 23 15 21 2 22 3 11
4.21676 7 31 22 22 15 22 2 22 3 11
4.28104 7 31 21 21 15 23 2 22 3 11
4.52838 7 31 20 20 15 24 2 22 3 11
4.58027 7 30 20 20 14 24 2 23 3 11
4.71652 7 30 20 20 14 23 2 22 3 12
4.73166 6 29 20 20 15 23 2 22 3 12
4.78108 5 28 20 20 16 23 2 22 3 12
4.8101 5 28 20 20 16 22 2 21 3 13
4.83494 5 28 20 20 16 21 2 20 3 14
4.85514 4 27 20 20 17 21 2 20 3 14
4.87659 4 27 19 19 17 22 2 20 3 14
4.96587 4 27 19 19 17 21 2 19 3 15
4.99136 4 26 19 19 16 21 2 20 3 15
5.18778 4 26 18 18 16 22 2 20 3 15
5.19055 4 25 18 18 16 22 1 20 4 15
5.19823 4 24 18 18 15 22 1 21 4 15
5.22228 4 24 18 18 14 21 2 21 4 15
5.25265 4 24 18 18 14 20 2 20 4 16
5.31429 4 24 17 17 14 21 2 20 4 16
5.39107 4 23 17 17 13 21 2 21 4 16
5.60791 4 23 16 16 13 22 2 21 4 16
5.63816 4 22 16 16 12 22 2 22 4 16
5.74978 4 22 16 16 11 21 3 22 4 16
5.8438 3 21 16 16 12 21 3 22 4 16
6.00143 3 21 15 15 12 22 3 22 4 16
6.33201 3 21 16 16 12 21 3 22 4 16
6.48065 3 21 16 16 11 20 4 22 4 16
6.50664 4 22 16 16 10 20 4 22 4 16
6.83534 4 22 16 16 10 19 4 21 4 17
7.09796 3 21 16 16 11 19 4 21 4 17
7.22226 3 22 16 16 12 19 4 20 4 17
7.28951 3 22 15 15 12 20 4 20 4 17
7.41899 3 22 15 15 11 19 5 20 4 17
7.43838 3 22 15 15 11 18 5 19 4 18
7.54352 3 22 15 15 10 17 6 19 4 18
7.64161 3 21 15 15 10 17 5 19 5 18
7.72578 3 21 14 14 10 18 5 19 5 18
8.03449 3 21 14 14 10 17 5 18 5 19
8.11321 3 20 14 14 10 17 4 18 6 19
8.13929 3 20 14 14 10 16 4 17 6 20
8.20672 3 20 14 14 10 15 4 16 6 21
8.26046 3 20 14 14 10 14 4 15 6 22
8.50333 3 19 14 14 10 14 3 15 7 22
8.54444 3 19 13 13 10 15 3 15 7 22
8.71949 3 19 13 13 10 14 3 14 7 23
8.94967 3 18 13 13 9 14 3 15 7 23
8.97859 3 18 13 13 9 13 3 14 7 24
9.04468 3 18 12 12 9 14 3 14 7 24
9.04852 3 17 12 12 8 14 3 15 7 24
9.06544 3 17 12 12 7 13 4 15 7 24
9.11327 3 17 12 12 6 12 5 15 7 24
9.14518 3 17 11 11 6 13 5 15 7 24
9.28748 3 17 11 11 7 14 4 15 7 24
9.7997 2 16 11 11 8 14 4 15 7 24
9.98047 3 17 11 11 7 14 4 15 7 24
10.0362 3 18 11 11 8 14 4 14 7 24
10.0932 3 17 11 11 8 14 3 14 8 24
10.1337 3 17 12 12 8 13 3 14 8 24
10.1584 3 16 12 12 7 13 3 15 8 24
10.5316 3 16 11 11 7 14 3 15 8 24
10.7039 3 15 11 11 7 14 2 15 9 24
10.7457 3 15 11 11 6 13 3 15 9 24
11.1727 3 14 11 11 5 13 3 16 9 24
11.3894 3 14 10 10 5 14 3 16 9 24
12.514 3 14 10 10 4 13 4 16 9 24
12.685 3 14 10 10 4 12 4 15 9 25
12.8034 3 14 10 10 3 11 5 15 9 25
13.5986 3 14 9 9 3 12 5 15 9 25
13.9579 3 14 8 8 3 13 5 15 9 25
14.5196 3 14 8 8 3 12 5 14 9 26
14.5224 3 14 9 9 3 11 5 14 9 26
14.6574 3 14 9 9 3 10 5 13 9 27
15.0327 3 13 9 9 3 10 4 13 10 27
15.1709 3 13 8 8 3 11 4 13 10 27
15.1765 3 13 8 8 3 10 4 12 10 28
15.5258 3 12 8 8 3 10 3 12 11 28
16.1512 3 12 7 7 3 11 3 12 11 28
16.3021 3 11 7 7 3 11 2 12 12 28
16.4571 2 10 7 7 4 11 2 12 12 28
16.7778 2 10 7 7 4 10 2 11 12 29
17.2447 2 11 7 7 4 10 3 11 11 29
17.5509 2 12 7 7 4 10 4 11 10 29
18.1109 2 11 7 7 3 10 4 12 10 29
20.1172 2 10 7 7 2 10 4 13 10 29
20.3217 2 10 6 6 2 11 4 13 10 29
21.2992 2 10 6 6 2 10 4 12 10 30
21.3116 2 10 6 6 2 9 4 11 10 31
21.8567 2 9 6 6 2 9 3 11 11 31
22.9101 2 10 6 6 2 9 4 11 10 31
23.3187 2 10 5 5 2 10 4 11 10 31
23.4703 2 10 5 5 2 9 4 10 10 32
23.8237 2 11 5 5 2 9 5 10 9 32
23.8755 2 11 4 4 2 10 5 10 9 32
24.7064 2 11 4 4 2 9 5 9 9 33
25.7074 2 11 4 4 2 8 5 8 9 34
26.5925 2 10 4 4 1 8 5 9 9 34
27.0685 2 10 4 4 1 7 5 8 9 35
27.7647 2 10 4 4 1 6 5 7 9 36
29.3683 2 9 4 4 1 6 4 7 10 36
31.1994 2 9 5 5 1 5 4 7 10 36
31.7807 2 9 4 4 1 6 4 7 10 36
32.7655 2 8 4 4 0 6 4 8 10 36
32.9009 2 8 4 4 0 5 4 7 10 37
33.2527 2 9 4 4 1 5 4 6 10 37
33.8346 1 8 4 4 2 5 4 6 10 37
36.6768 1 8 4 4 1 4 5 6 10 37
36.8684 1 8 4 4 1 3 5 5 10 38
39.6764 1 9 4 4 1 3 6 5 9 38
40.0808 1 8 4 4 1 3 5 5 10 38
41.4428 1 9 4 4 1 3 6 5 9 38
41.6773 1 8 4 4 1 3 5 5 10 38
43.3307 1 7 4 4 1 3 4 5 11 38
46.9159 1 7 4 4 1 2 4 4 11 39
47.1302 1 7 3 3 1 3 4 4 11 39
47.3539 1 8 3 3 1 3 5 4 10 39
47.5856 1 7 3 3 1 3 4 4 11 39
50.9109 0 6 3 3 2 3 4 4 11 39
51.3515 0 7 3 3 2 3 5 4 10 39
51.8929 0 6 3 3 2 3 4 4 11 39
52.1022 0 6 2 2 2 4 4 4 11 39
53.1302 0 7 2 2 2 4 5 4 10 39
54.5682 0 6 2 2 2 4 4 4 11 39
55.6753 0 5 2 2 1 4 4 5 11 39
55.8437 0 6 2 2 2 4 4 4 11 39
56.6141 0 5 2 2 2 4 3 4 12 39
56.9835 0 4 2 2 1 4 3 5 12 39
57.8198 0 5 2 2 1 4 4 5 11 39
58.7992 0 6 2 2 1 4 5 5 10 39
59.8946 0 5 2 2 1 4 4 5 11 39
60.4089 0 4 2 2 1 4 3 5 12 39
62.8025 0 4 3 3 1 3 3 5 12 39
63.8413 0 3 3 3 1 3 2 5 13 39
64.7862 0 3 3 3 0 2 3 5 13 39
68.6361 0 3 2 2 0 3 3 5 13 39
69.8463 0 4 2 2 0 3 4 5 12 39
72.7722 0 5 2 2 0 3 5 5 11 39
73.1634 0 5 2 2 0 2 5 4 11 40
73.2046 0 4 2 2 0 2 4 4 12 40
73.8905 0 5 2 2 0 2 5 4 11 40
77.8365 0 4 2 2 0 2 4 4 12 40
77.9518 0 5 2 2 0 2 5 4 11 40
79.4093 0 5 2 2 1 3 4 4 11 40
79.9399 0 6 2 2 1 3 5 4 10 40
80.0011 0 6 1 1 1 4 5 4 10 40
84.2217 0 7 1 1 1 4 6 4 9 40
85.9454 0 6 1 1 1 4 5 4 10 40
90.3514 0 7 1 1 1 4 6 4 9 40
91.506 0 7 1 1 1 3 6 3 9 41
91.8823 0 6 1 1 0 3 6 4 9 41
92.6735 0 5 1 1 0 3 5 4 10 41
94.418 0 6 1 1 0 3 6 4 9 41
94.5013 0 5 1 1 0 3 5 4 10 41
100.715 0 6 1 1 0 3 6 4 9 41
103.543 0 7 1 1 0 3 7 4 8 41
103.902 0 6 1 1 0 3 6 4 9 41
104.28 0 7 1 1 0 3 7 4 8 41
104.332 0 6 1 1 0 3 6 4 9 41
107.465 0 7 1 1 0 3 7 4 8 41
107.609 0 6 1 1 0 3 6 4 9 41
108.19 0 7 1 1 0 3 7 4 8 41
108.743 0 8 1 1 0 3 8 4 7 41
111.549 0 8 1 1 1 4 7 4 7 41
112.293 0 7 1 1 1 4 6 4 8 41
114.383 0 6 1 1 1 4 5 4 9 41
114.6 0 7 1 1 1 4 6 4 8 41
115.753 0 6 1 1 1 4 5 4 9 41
116.945 0 5 1 1 1 4 4 4 10 41
119.275 0 5 1 1 1 3 4 3 10 42
121.52 0 4 1 1 0 3 4 4 10 42
127.066 0 5 1 1 1 3 4 3 10 42
128.163 0 6 1 1 1 3 5 3 9 42
128.789 0 6 1 1 1 2 5 2 9 43
128.957 0 7 1 1 1 2 6 2 8 43
133.08 0 8 1 1 1 2 7 2 7 43
133.396 0 9 1 1 1 2 8 2 6 43
133.788 0 8 1 1 1 2 7 2 7 43
134.518 0 9 1 1 1 2 8 2 6 43
137.426 0 8 1 1 1 2 7 2 7 43
139.338 0 7 1 1 1 2 6 2 8 43
141.194 0 6 1 1 1 2 5 2 9 43
141.291 0 7 1 1 1 2 6 2 8 43
143.614 0 6 1 1 1 2 5 2 9 43
143.754 0 5 1 1 1 2 4 2 10 43
144.315 0 4 1 1 1 2 3 2 11 43
145.092 0 5 1 1 1 2 4 2 10 43
149.161 0 4 1 1 1 2 3 2 11 43
150.268 0 5 1 1 1 2 4 2 10 43
151.296 0 5 2 2 1 1 4 2 10 43
152.655 0 6 2 2 1 1 5 2 9 43
155.123 0 5 2 2 1 1 4 2 10 43
157.273 0 6 2 2 1 1 5 2 9 43
158.018 0 7 2 2 1 1 6 2 8 43
158.572 0 8 2 2 1 1 7 2 7 43
158.785 0 9 2 2 1 1 8 2 6 43
158.902 0 8 2 2 1 1 7 2 7 43
159.016 0 9 2 2 1 1 8 2 6 43
159.409 0 8 2 2 1 1 7 2 7 43
161.756 0 8 2 2 1 0 7 1 7 44
162.84 0 9 2 2 1 0 8 1 6 44
163.204 0 8 2 2 1 0 7 1 7 44
163.903 0 9 2 2 1 0 8 1 6 44
166.048 0 8 2 2 1 0 7 1 7 44
166.917 0 8 2 2 2 1 6 1 7 44
167.759 0 9 2 2 2 1 7 1 6 44
169.321 1 10 2 2 1 1 7 1 6 44
171.441 1 9 2 2 1 1 6 1 7 44
172.083 1 10 2 2 1 1 7 1 6 44
173.31 1 9 2 2 1 1 6 1 7 44
174.356 1 8 2 2 1 1 5 1 8 44
177.241 1 7 2 2 1 1 4 1 9 44
179.306 0 6 2 2 2 1 4 1 9 44
182.229 0 7 2 2 2 1 5 1 8 44
185.278 0 6 2 2 2 1 4 1 9 44
186.187 0 6 2 2 3 2 3 1 9 44
188.992 0 5 2 2 3 2 2 1 10 44
189.771 0 6 2 2 3 2 3 1 9 44
193.417 0 7 2 2 3 2 4 1 8 44
193.694 1 8 2 2 2 2 4 1 8 44
194.771 1 7 2 2 2 2 3 1 9 44
195.676 1 8 2 2 2 2 4 1 8 44
195.679 1 8 2 2 3 3 3 1 8 44
197.8 2 9 2 2 2 3 3 1 8 44
198.902 2 8 2 2 1 3 3 2 8 44
199.166 2 9 2 2 1 3 4 2 7 44
199.733 2 10 2 2 1 3 5 2 6 44
202.261 2 11 2 2 1 3 6 2 5 44
202.319 2 10 2 2 1 3 5 2 6 44
202.573 1 9 2 2 2 3 5 2 6 44
203.294 1 8 2 2 2 3 4 2 7 44
203.944 2 9 2 2 1 3 4 2 7 44
204.548 2 9 1 1 1 4 4 2 7 44
205.746 2 9 2 2 1 3 4 2 7 44
205.853 2 9 1 1 1 4 4 2 7 44
207.481 2 8 1 1 1 4 3 2 8 44
208.454 2 9 1 1 1 4 4 2 7 44
208.47 2 8 1 1 1 4 3 2 8 44
209.644 1 7 1 1 2 4 3 2 8 44
213.883 1 8 1 1 2 4 4 2 7 44
214.459 1 9 1 1 2 4 5 2 6 44
215.081 1 8 1 1 2 4 4 2 7 44
215.384 1 8 2 2 2 3 4 2 7 44
218.45 1 9 2 2 2 3 5 2 6 44
218.594 1 10 2 2 2 3 6 2 5 44
218.863 1 9 2 2 2 3 5 2 6 44
220.674 1 8 2 2 2 3 4 2 7 44
224.748 1 9 2 2 2 3 5 2 6 44
225.481 1 8 2 2 2 3 4 2 7 44
226.439 1 7 2 2 2 3 3 2 8 44
227.231 1 8 2 2 2 3 4 2 7 44
227.577 0 7 2 2 3 3 4 2 7 44
228.56 0 8 2 2 3 3 5 2 6 44
229.399 0 9 2 2 3 3 6 2 5 44
229.529 0 8 2 2 2 3 6 3 5 44
230.084 0 7 2 2 1 3 6 4 5 44
231.431 0 6 2 2 1 3 5 4 6 44
231.907 0 5 2 2 1 3 4 4 7 44
232.211 0 6 2 2 1 3 5 4 6 44
232.457 0 7 2 2 1 3 6 4 5 44
233.013 0 7 2 2 1 2 6 3 5 45
236.561 0 8 2 2 1 2 7 3 4 45
236.643 0 7 2 2 1 2 6 3 5 45
237.324 0 6 2 2 1 2 5 3 6 45
238.411 0 5 2 2 1 2 4 3 7 45
238.661 0 5 1 1 1 3 4 3 7 45
239.12 0 6 1 1 1 3 5 3 6 45
243.589 0 5 1 1 1 3 4 3 7 45
245.367 0 5 2 2 1 2 4 3 7 45
250.51 0 4 2 2 1 2 3 3 8 45
256.768 0 5 2 2 1 2 4 3 7 45
257.341 0 5 2 2 1 1 4 2 7 46
257.669 0 5 2 2 1 0 4 1 7 47
259.012 0 6 2 2 1 0 5 1 6 47
261.761 0 5 2 2 1 0 4 1 7 47
263.864 0 6 2 2 1 0 5 1 6 47
263.938 0 5 2 2 1 0 4 1 7 47
264.604 0 6 2 2 1 0 5 1 6 47
265.681 0 5 2 2 1 0 4 1 7 47
267.86 0 4 2 2 1 0 3 1 8 47
269.802 0 3 2 2 1 0 2 1 9 47
274.898 0 2 2 2 0 0 2 2 9 47
275.401 0 2 2 2 1 1 1 2 9 47
277.623 0 2 2 2 1 0 1 1 9 48
278.558 0 3 2 2 1 0 2 1 8 48
280.886 0 4 2 2 1 0 3 1 7 48
286.341 0 3 2 2 1 0 2 1 8 48
291.743 0 4 2 2 1 0 3 1 7 48
293.183 0 5 2 2 1 0 4 1 6 48
294.291 0 6 2 2 1 0 5 1 5 48
294.299 0 7 2 2 1 0 6 1 4 48
295.041 0 8 2 2 1 0 7 1 3 48
296.434 0 7 2 2 1 0 6 1 4 48
296.706 0 8 2 2 1 0 7 1 3 48
297.207 0 7 2 2 1 0 6 1 4 48
303.544 0 6 2 2 1 0 5 1 5 48
305.303 0 5 2 2 1 0 4 1 6 48
307.853 0 4 2 2 1 0 3 1 7 48
310.688 0 5 2 2 1 0 4 1 6 48
312.687 0 5 2 2 1 1 4 2 6 47
316.805 0 6 2 2 1 1 5 2 5 47
317.401 0 5 2 2 1 1 4 2 6 47
317.593 0 6 2 2 1 1 5 2 5 47
320.804 0 5 2 2 1 1 4 2 6 47
322.317 0 6 2 2 1 1 5 2 5 47
325.021 0 5 2 2 1 1 4 2 6 47
325.633 0 6 2 2 1 1 5 2 5 47
327.201 0 5 2 2 1 1 4 2 6 47
329.919 0 4 2 2 1 1 3 2 7 47
334.799 0 5 2 2 2 1 3 1 7 47
336.183 0 4 2 2 2 1 2 1 8 47
340.501 0 5 2 2 2 1 3 1 7 47
342.98 1 6 2 2 1 1 3 1 7 47
346.801 1 7 2 2 1 1 4 1 6 47
350.214 1 6 2 2 0 1 4 2 6 47
351.307 1 5 2 2 0 1 3 2 7 47
353.712 1 4 2 2 0 1 2 2 8 47
355.335 1 3 2 2 0 1 1 2 9 47
360.102 1 4 2 2 0 1 2 2 8 47
360.947 1 5 2 2 0 1 3 2 7 47
362.689 1 6 2 2 0 1 4 2 6 47
367.73 1 5 2 2 0 1 3 2 7 47
368.196 1 6 2 2 0 1 4 2 6 47
370.39 0 5 2 2 1 1 4 2 6 47
370.884 0 4 2 2 0 1 4 3 6 47
378.015 0 3 2 2 0 1 3 3 7 47
379.427 0 2 2 2 0 1 2 3 8 47
384.074 0 3 2 2 0 1 3 3 7 47
385.341 0 3 2 2 0 0 3 2 7 48
387.777 0 4 2 2 0 0 4 2 6 48
388.313 0 4 2 2 0 1 4 3 6 47
388.339 0 3 2 2 0 1 3 3 7 47
391.504 0 4 2 2 0 1 4 3 6 47
393.82 0 4 3 3 0 0 4 3 6 47
398.274 0 4 2 2 0 1 4 3 6 47
407.485 0 5 2 2 0 1 5 3 5 47
407.518 0 4 2 2 0 1 4 3 6 47
408.124 0 5 2 2 0 1 5 3 5 47
409.238 0 4 2 2 0 1 4 3 6 47
409.607 0 4 2 2 0 0 4 2 6 48
411.247 0 5 2 2 0 0 5 2 5 48
412.276 0 4 2 2 0 0 4 2 6 48
419.141 0 5 2 2 0 0 5 2 5 48
419.3 0 6 2 2 0 0 6 2 4 48
424.332 0 5 2 2 0 0 5 2 5 48
426.499 0 6 2 2 0 0 6 2 4 48
428.824 0 5 2 2 0 0 5 2 5 48
436.217 0 6 2 2 0 0 6 2 4 48
436.51 0 5 2 2 0 0 5 2 5 48
445.256 0 5 1 1 0 1 5 2 5 48
446.979 0 4 1 1 0 1 4 2 6 48
448.272 0 5 1 1 0 1 5 2 5 48
452.904 0 4 1 1 0 1 4 2 6 48
456.426 0 5 1 1 0 1 5 2 5 48
458.169 0 4 1 1 0 1 4 2 6 48
463.646 0 4 0 0 0 2 4 2 6 48
474.196 0 5 0 0 0 2 5 2 5 48
479.282 0 4 0 0 0 2 4 2 6 48
480.658 0 3 0 0 0 2 3 2 7 48
481.393 0 4 0 0 0 2 4 2 6 48
483.734 0 3 0 0 0 2 3 2 7 48
485.201 0 4 0 0 0 2 4 2 6 48
486.704 0 5 0 0 0 2 5 2 5 48
489.199 0 4 0 0 0 2 4 2 6 48
497.548 0 4 0 0 0 1 4 1 6 49
499.85 0 5 0 0 0 1 5 1 5 49
502.118 0 4 0 0 0 1 4 1 6 49
502.16 0 5 0 0 0 1 5 1 5 49
504.328 0 4 0 0 0 1 4 1 6 49
507.798 0 5 0 0 0 1 5 1 5 49
510.409 0 4 0 0 0 1 4 1 6 49
510.671 0 4 0 0 1 2 3 1 6 49
515.036 0 4 0 0 0 1 4 1 6 49
517.224 0 5 0 0 0 1 5 1 5 49
524.282 0 4 0 0 0 1 4 1 6 49
526.698 0 5 0 0 0 1 5 1 5 49
529.213 0 5 0 0 0 2 5 2 5 48
533.209 0 6 0 0 0 2 6 2 4 48
534.228 0 5 0 0 0 2 5 2 5 48
536.749 0 6 0 0 0 2 6 2 4 48
537.037 0 7 0 0 0 2 7 2 3 48
540.336 0 6 0 0 0 2 6 2 4 48
540.774 0 5 0 0 0 2 5 2 5 48
541.23 0 4 0 0 0 2 4 2 6 48
543.599 0 3 0 0 0 2 3 2 7 48
549.016 0 4 0 0 0 2 4 2 6 48
550.699 0 3 0 0 0 2 3 2 7 48
556.595 0 4 0 0 0 2 4 2 6 48
563.839 0 5 0 0 0 2 5 2 5 48
565.755 0 4 0 0 0 2 4 2 6 48
566.409 0 5 0 0 0 2 5 2 5 48
567.712 0 4 0 0 0 2 4 2 6 48
568.15 0 5 0 0 0 2 5 2 5 48
575.002 0 5 0 0 0 1 5 1 5 49
578.508 0 4 0 0 0 1 4 1 6 49
585.215 0 3 0 0 0 1 3 1 7 49
590.863 0 3 0 0 1 2 2 1 7 49
593.351 0 4 0 0 1 2 3 1 6 49
595.683 0 3 0 0 1 2 2 1 7 49
600.163 0 4 0 0 1 2 3 1 6 49
603.076 0 3 0 0 0 2 3 2 6 49
604.974 0 4 0 0 0 2 4 2 5 49
607.84 0 5 0 0 0 2 5 2 4 49
609.539 0 4 0 0 0 2 4 2 5 49
614.124 0 5 0 0 1 2 4 1 5 49
615.636 0 6 0 0 1 2 5 1 4 49
616.14 0 5 0 0 1 2 4 1 5 49
621.664 0 6 0 0 1 2 5 1 4 49
622.071 0 5 0 0 1 2 4 1 5 49
628.255 0 4 0 0 1 2 3 1 6 49
629.885 0 3 0 0 1 2 2 1 7 49
634.36 0 4 0 0 1 2 3 1 6 49
636.625 0 5 0 0 1 2 4 1 5 49
637.717 0 6 0 0 1 2 5 1 4 49
638.231 0 7 0 0 1 2 6 1 3 49
639.234 0 6 0 0 1 2 5 1 4 49
643.71 0 5 0 0 1 2 4 1 5 49
643.929 0 5 0 0 1 1 4 0 5 50
644.762 0 4 0 0 0 1 4 1 5 50
645.209 0 5 0 0 0 1 5 1 4 50
648.117 0 4 0 0 0 1 4 1 5 50
648.59 0 3 0 0 0 1 3 1 6 50
651.108 0 4 0 0 0 1 4 1 5 50
651.988 0 3 0 0 0 1 3 1 6 50
660.031 0 4 0 0 0 1 4 1 5 50
663.23 0 5 0 0 0 1 5 1 4 50
663.31 0 5 1 1 0 0 5 1 4 50
666.953 0 4 1 1 0 0 4 1 5 50
674.034 0 5 1 1 0 0 5 1 4 50
678.977 0 6 1 1 0 0 6 1 3 50
679.867 0 7 1 1 0 0 7 1 2 50
679.93 0 7 1 1 1 1 6 1 2 50
680.28 0 8 1 1 1 1 7 1 1 50
682.531 0 7 1 1 1 1 6 1 2 50
684.975 0 6 1 1 1 1 5 1 3 50
686.752 1 7 1 1 0 1 5 1 3 50
688.195 1 6 1 1 0 1 4 1 4 50
688.858 1 7 1 1 1 1 4 0 4 50
691.587 1 6 1 1 1 1 3 0 5 50
694.714 1 5 1 1 1 1 2 0 6 50
697.537 1 6 1 1 1 1 3 0 5 50
697.659 1 5 1 1 1 1 2 0 6 50
702.734 1 4 1 1 1 1 1 0 7 50
703.812 1 3 1 1 0 1 1 1 7 50
710.723 1 4 1 1 0 1 2 1 6 50
717.12 1 5 1 1 0 1 3 1 5 50
718.581 0 4 1 1 1 1 3 1 5 50
719.964 1 5 1 1 0 1 3 1 5 50
720.049 1 6 1 1 0 1 4 1 4 50
720.093 1 5 1 1 0 1 3 1 5 50
732.194 1 5 1 1 0 0 3 0 5 51
732.516 1 6 1 1 0 0 4 0 4 51
733.258 1 7 1 1 0 0 5 0 3 51
734.847 0 6 1 1 1 0 5 0 3 51
739.139 0 7 1 1 1 0 6 0 2 51
741.32 0 6 1 1 1 0 5 0 3 51
743.858 0 5 1 1 1 0 4 0 4 51
744.478 0 4 1 1 0 0 4 1 4 51
746.727 0 4 1 1 1 1 3 1 4 51
747.721 0 5 1 1 1 1 4 1 3 51
750.927 0 6 1 1 1 1 5 1 2 51
752.947 0 7 1 1 1 1 6 1 1 51
753.087 0 6 1 1 1 1 5 1 2 51
755.774 0 7 1 1 1 1 6 1 1 51
755.919 0 6 1 1 1 1 5 1 2 51
760.329 0 7 1 1 1 1 6 1 1 51
760.918 0 6 1 1 1 1 5 1 2 51
762.774 0 5 1 1 1 1 4 1 3 51
763.681 0 6 1 1 2 1 4 0 3 51
765.162 0 7 1 1 2 1 5 0 2 51
765.824 0 8 1 1 2 1 6 0 1 51
767.411 0 7 1 1 2 1 5 0 2 51
770.808 0 6 1 1 2 1 4 0 3 51
772.129 1 7 1 1 1 1 4 0 3 51
772.987 1 6 1 1 1 1 3 0 4 51
775.664 1 6 1 1 1 2 3 1 4 50
780.21 1 7 1 1 1 2 4 1 3 50
780.422 0 6 1 1 2 2 4 1 3 50
780.806 0 5 1 1 2 2 3 1 4 50
780.865 0 6 1 1 2 2 4 1 3 50
782.095 0 5 1 1 2 2 3 1 4 50
782.883 0 4 1 1 2 2 2 1 5 50
786.866 0 3 1 1 2 2 1 1 6 50
787.39 0 4 1 1 2 2 2 1 5 50
792.202 0 3 1 1 1 2 2 2 5 50
792.762 0 4 1 1 1 2 3 2 4 50
796.884 0 3 1 1 1 2 2 2 5 50
797.079 0 3 2 2 1 1 2 2 5 50
799.645 0 4 2 2 1 1 3 2 4 50
805.878 0 4 2 2 0 0 4 2 4 50
806.645 0 3 2 2 0 0 3 2 5 50
814.989 0 4 2 2 1 0 3 1 5 50
819.233 0 4 2 2 1 1 3 2 5 49
819.271 0 4 1 1 1 2 3 2 5 49
823.087 0 5 1 1 2 2 3 1 5 49
823.52 0 6 1 1 2 2 4 1 4 49
827.968 0 5 1 1 1 2 4 2 4 49
833.804 0 4 1 1 1 2 3 2 5 49
834.669 0 5 1 1 1 2 4 2 4 49
838.023 0 6 1 1 1 2 5 2 3 49
840.952 0 5 1 1 1 2 4 2 4 49
841.714 0 5 1 1 1 1 4 1 4 50
845.005 0 6 1 1 1 1 5 1 3 50
845.339 0 6 1 1 2 2 4 1 3 50
849.297 0 7 1 1 3 2 4 0 3 50
849.708 0 8 1 1 3 2 5 0 2 50
851.055 0 8 1 1 4 3 4 0 2 50
851.29 0 7 1 1 3 3 4 1 2 50
851.549 0 7 2 2 3 2 4 1 2 50
852.178 0 7 2 2 2 1 5 1 2 50
852.611 0 6 2 2 2 1 4 1 3 50
852.969 0 7 2 2 2 1 5 1 2 50
859.194 0 8 2 2 2 1 6 1 1 50
861.818 0 7 2 2 1 1 6 2 1 50
862.206 0 6 2 2 1 1 5 2 2 50
863.366 0 6 1 1 1 2 5 2 2 50
864.965 0 5 1 1 1 2 4 2 3 50
866.577 0 6 1 1 1 2 5 2 2 50
866.653 0 5 1 1 1 2 4 2 3 50
868.586 0 4 1 1 1 2 3 2 4 50
871.404 0 3 1 1 1 2 2 2 5 50
880.42 0 4 1 1 1 2 3 2 4 50
886.168 0 5 1 1 1 2 4 2 3 50
888.402 0 6 1 1 2 2 4 1 3 50
889.076 0 5 1 1 2 2 3 1 4 50
895.949 1 6 1 1 1 2 3 1 4 50
897.088 1 7 1 1 1 2 4 1 3 50
898.889 1 6 1 1 0 2 4 2 3 50
899.384 1 6 1 1 0 1 4 1 3 51
901.973 1 6 2 2 0 0 4 1 3 51
911.115 1 7 2 2 1 0 4 0 3 51
911.884 1 6 2 2 1 0 3 0 4 51
914.879 1 5 2 2 1 0 2 0 5 51
918.344 1 4 2 2 1 0 1 0 6 51
919.817 1 5 2 2 1 0 2 0 5 51
922.501 1 6 2 2 1 0 3 0 4 51
922.535 1 5 2 2 1 0 2 0 5 51
923.384 1 5 1 1 1 1 2 0 5 51
926.66 1 5 1 1 0 0 3 0 5 51
933.971 0 4 1 1 1 0 3 0 5 51
938.462 0 3 1 1 1 0 2 0 6 51
940.494 0 4 1 1 1 0 3 0 5 51
951.476 0 5 1 1 1 0 4 0 4 51
953.543 0 6 1 1 1 0 5 0 3 51
955.007 0 7 1 1 1 0 6 0 2 51
956.559 0 6 1 1 1 0 5 0 3 51
957.003 0 5 1 1 1 0 4 0 4 51
963.538 0 4 1 1 1 0 3 0 5 51
966.415 1 5 1 1 0 0 3 0 5 51
969.269 0 4 1 1 1 0 3 0 5 51
976.07 0 5 1 1 1 0 4 0 4 51
976.181 0 4 1 1 1 0 3 0 5 51
981.716 0 5 1 1 1 0 4 0 4 51
986.141 0 4 1 1 0 0 4 1 4 51
986.79 0 3 1 1 0 0 3 1 5 51
989.383 0 2 1 1 0 0 2 1 6 51
992.693 0 1 1 1 0 0 1 1 7 51
993.08 0 2 1 1 0 0 2 1 6 51
993.119 0 3 1 1 0 0 3 1 5 51
997.673 0 4 1 1 0 0 4 1 4 51
1002.69 0 5 1 1 0 0 5 1 3 51
1009.21 0 4 1 1 0 0 4 1 4 51
1009.38 0 3 1 1 0 0 3 1 5 51
1015.55 0 4 1 1 0 0 4 1 4 51
1017.38 0 5 1 1 0 0 5 1 3 51
1020.64 0 6 1 1 0 0 6 1 2 51
1023.6 0 5 1 1 0 0 5 1 3 51
1024.3 0 4 1 1 0 0 4 1 4 51
1024.3 0 4 0 0 0 1 4 1 4 51
1024.41 0 5 0 0 0 1 5 1 3 51
1028.11 0 4 0 0 0 1 4 1 4 51
1028.49 0 5 0 0 0 1 5 1 3 51
1030.5 0 6 0 0 0 1 6 1 2 51
1035.11 0 5 0 0 0 1 5 1 3 51
1040.38 0 4 0 0 0 1 4 1 4 51
1051.14 0 4 0 0 0 0 4 0 4 52
1056.33 0 3 0 0 0 0 3 0 5 52
1059.29 0 2 0 0 0 0 2 0 6 52
1063.32 0 3 0 0 0 0 3 0 5 52
1065.76 0 4 0 0 0 0 4 0 4 52
1070.92 0 5 0 0 0 0 5 0 3 52
1072.23 0 4 0 0 0 0 4 0 4 52
1078.16 0 4 0 0 1 1 3 0 4 52
1087.27 0 3 0 0 1 1 2 0 5 52
1090.02 0 2 0 0 1 1 1 0 6 52
1103.28 0 3 0 0 1 1 2 0 5 52
1105.77 0 4 0 0 1 1 3 0 4 52
1108.27 0 4 0 0 0 0 4 0 4 52
1109.5 0 5 0 0 0 0 5 0 3 52
1111.63 0 6 0 0 0 0 6 0 2 52
1117.66 0 5 0 0 0 0 5 0 3 52
1121.59 0 4 0 0 0 0 4 0 4 52
1122.8 0 5 0 0 0 0 5 0 3 52
1124.71 0 4 0 0 0 0 4 0 4 52
1127.68 0 3 0 0 0 0 3 0 5 52
1138.75 0 4 0 0 0 0 4 0 4 52
1138.79 0 5 0 0 0 0 5 0 3 52
1143.09 0 4 0 0 0 0 4 0 4 52
1149.09 0 3 0 0 0 0 3 0 5 52
1152.88 0 4 0 0 0 0 4 0 4 52
1156.57 0 3 0 0 0 0 3 0 5 52
1159.99 0 4 0 0 0 0 4 0 4 52
1164 0 5 0 0 0 0 5 0 3 52
1164.39 0 4 0 0 0 0 4 0 4 52
1166.6 0 3 0 0 0 0 3 0 5 52
1166.84 0 4 0 0 0 0 4 0 4 52
1166.98 0 3 0 0 0 0 3 0 5 52
1182.44 0 4 0 0 0 0 4 0 4 52
1198.33 0 5 0 0 0 0 5 0 3 52
1199.14 0 4 0 0 0 0 4 0 4 52
1200.6 0 5 0 0 0 0 5 0 3 52
1206.7 0 6 0 0 0 0 6 0 2 52
1208.25 0 5 0 0 0 0 5 0 3 52
1208.77 0 6 0 0 0 0 6 0 2 52
1209.57 0 5 0 0 0 0 5 0 3 52
1212.28 0 4 0 0 0 0 4 0 4 52
1213.84 0 5 0 0 0 0 5 0 3 52
1213.88 0 5 0 0 0 1 5 1 3 51
1214.7 0 6 0 0 0 1 6 1 2 51
1222.9 0 5 0 0 0 1 5 1 3 51
1226.75 0 5 0 0 0 2 5 2 3 50
1226.82 0 4 0 0 0 2 4 2 4 50
1231.31 0 4 0 0 0 3 4 3 4 49
1231.52 0 3 0 0 0 3 3 3 5 49
1233.05 0 4 0 0 0 3 4 3 4 49
1233.98 0 3 0 0 0 3 3 3 5 49
1235.64 0 4 0 0 0 3 4 3 4 49
1235.89 0 3 0 0 0 3 3 3 5 49
1239.51 0 4 0 0 0 3 4 3 4 49
1239.82 0 3 0 0 0 3 3 3 5 49
1239.84 0 3 0 0 0 2 3 2 5 50
1246.33 0 4 0 0 0 2 4 2 4 50
1251.49 0 3 0 0 0 2 3 2 5 50
1252.92 0 4 0 0 1 2 3 1 5 50
1252.94 0 5 0 0 1 2 4 1 4 50
1256.4 0 4 0 0 1 2 3 1 5 50
1257.5 0 3 0 0 1 2 2 1 6 50
1259.43 0 4 0 0 1 2 3 1 5 50
1263.61 0 4 1 1 1 1 3 1 5 50
1269.56 0 5 1 1 1 1 4 1 4 50
1274.66 0 6 1 1 1 1 5 1 3 50
1282.9 0 6 2 2 1 0 5 1 3 50
1283.83 0 7 2 2 1 0 6 1 2 50
1284.28 0 8 2 2 1 0 7 1 1 50
1284.92 0 7 2 2 1 0 6 1 2 50
1285.04 0 6 2 2 0 0 6 2 2 50
1302.53 0 6 1 1 0 1 6 2 2 50
1305.23 0 5 1 1 0 1 5 2 3 50
1309.88 0 6 1 1 1 1 5 1 3 50
1314.8 0 5 1 1 1 1 4 1 4 50
1315.89 0 4 1 1 1 1 3 1 5 50
1318.12 0 3 1 1 0 1 3 2 5 50
1319.93 0 4 1 1 1 1 3 1 5 50
1324.39 0 5 1 1 1 1 4 1 4 50
1326.73 0 4 1 1 1 1 3 1 5 50
1328.27 0 5 1 1 1 1 4 1 4 50
1333.22 0 5 1 1 2 2 3 1 4 50
1336.7 0 6 1 1 2 2 4 1 3 50
1337.98 0 6 1 1 1 1 5 1 3 50
1338.68 0 5 1 1 1 1 4 1 4 50
1339.59 0 6 1 1 1 1 5 1 3 50
1339.81 0 6 1 1 2 2 4 1 3 50
1340.41 0 5 1 1 2 2 3 1 4 50
1340.71 0 6 1 1 2 2 4 1 3 50
1343.92 0 6 1 1 2 3 4 2 3 49
1347.81 0 7 1 1 2 3 5 2 2 49
1349.51 0 6 1 1 1 3 5 3 2 49
1352.79 0 7 1 1 2 3 5 2 2 49
1353.8 0 6 1 1 2 3 4 2 3 49
1354.36 0 7 1 1 2 3 5 2 2 49
1354.9 0 6 1 1 2 3 4 2 3 49
1356.25 0 7 1 1 2 3 5 2 2 49
1356.38 0 7 1 1 2 2 5 1 2 50
1357.1 0 6 1 1 2 2 4 1 3 50
1357.77 0 5 1 1 2 2 3 1 4 50
1358.63 0 4 1 1 1 2 3 2 4 50
1365.33 0 5 1 1 1 2 4 2 3 50
1370.51 0 6 1 1 1 2 5 2 2 50
1370.9 0 6 0 0 1 3 5 2 2 50
1371.44 0 5 0 0 1 3 4 2 3 50
1371.45 0 6 0 0 1 3 5 2 2 50
1371.63 0 5 0 0 1 3 4 2 3 50
1373.43 0 4 0 0 1 3 3 2 4 50
1376.59 0 4 0 0 0 2 4 2 4 50
1378.68 0 3 0 0 0 2 3 2 5 50
1378.85 0 3 0 0 0 1 3 1 5 51
1382.73 0 4 0 0 0 1 4 1 4 51
1391.07 0 3 0 0 0 1 3 1 5 51
1398.45 0 4 0 0 0 1 4 1 4 51
1399.51 0 5 0 0 0 1 5 1 3 51
1404.84 0 4 0 0 0 1 4 1 4 51
1409.2 0 3 0 0 0 1 3 1 5 51
1423.37 0 4 0 0 0 1 4 1 4 51
1431.58 0 5 0 0 0 1 5 1 3 51
1434.31 0 6 0 0 0 1 6 1 2 51
1434.55 0 5 0 0 0 1 5 1 3 51
1435.41 0 6 0 0 0 1 6 1 2 51
1436.14 0 5 0 0 0 1 5 1 3 51
1436.35 0 4 0 0 0 1 4 1 4 51
1441.45 0 4 1 1 0 0 4 1 4 51
1450.35 0 3 1 1 0 0 3 1 5 51
1451.97 0 4 1 1 0 0 4 1 4 51
1453.75 0 5 1 1 0 0 5 1 3 51
1454.89 0 6 1 1 0 0 6 1 2 51
1456.77 0 5 1 1 0 0 5 1 3 51
1458.42 0 6 1 1 0 0 6 1 2 51
1458.87 0 7 1 1 0 0 7 1 1 51
1459.07 0 7 1 1 1 1 6 1 1 51
1461.94 0 7 0 0 1 2 6 1 1 51
1462.6 0 6 0 0 0 2 6 2 1 51
1462.98 0 5 0 0 0 2 5 2 2 51
1471.18 0 5 0 0 0 1 5 1 2 52
1473.71 0 6 0 0 0 1 6 1 1 52
1474.25 0 5 0 0 0 1 5 1 2 52
1474.73 0 4 0 0 0 1 4 1 3 52
1475.43 0 5 0 0 1 1 4 0 3 52
1480.01 0 4 0 0 0 1 4 1 3 52
1483.86 0 5 0 0 0 1 5 1 2 52
1489 0 4 0 0 0 1 4 1 3 52
1491.28 0 5 0 0 0 1 5 1 2 52
1493.75 0 4 0 0 0 1 4 1 3 52
1497.56 0 3 0 0 0 1 3 1 4 52
1497.59 0 3 0 0 0 0 3 0 4 53
1505.39 0 2 0 0 0 0 2 0 5 53
1511.33 0 3 0 0 0 0 3 0 4 53
1511.76 0 2 0 0 0 0 2 0 5 53
1514.64 0 2 0 0 0 1 2 1 5 52
1515.8 0 1 0 0 0 1 1 1 6 52
1516.77 0 2 0 0 0 1 2 1 5 52
1520.53 0 3 0 0 0 1 3 1 4 52
1522.38 0 2 0 0 0 1 2 1 5 52
1524.59 0 3 0 0 0 1 3 1 4 52
1525.9 0 4 0 0 1 1 3 0 4 52
1527.23 0 5 0 0 1 1 4 0 3 52
1539.93 0 4 0 0 1 1 3 0 4 52
1541.39 0 4 1 1 1 0 3 0 4 52
1544.96 0 4 0 0 1 1 3 0 4 52
1545.66 0 3 0 0 0 1 3 1 4 52
1550.66 0 3 0 0 0 2 3 2 4 51
1552.5 0 4 0 0 0 2 4 2 3 51
1552.82 0 4 1 1 0 1 4 2 3 51
1553.88 0 4 1 1 0 0 4 1 3 52
1556.74 0 4 1 1 1 1 3 1 3 52
1559.39 0 3 1 1 1 1 2 1 4 52
1568.26 0 4 1 1 1 1 3 1 3 52
1568.53 0 5 1 1 1 1 4 1 2 52
1574.82 0 4 1 1 0 1 4 2 2 52
1576.9 0 5 1 1 0 1 5 2 1 52
1579.39 0 4 1 1 0 1 4 2 2 52
1580.27 0 4 1 1 0 0 4 1 2 53
1583.49 0 3 1 1 0 0 3 1 3 53
1583.55 0 4 1 1 0 0 4 1 2 53
1586.99 0 5 1 1 0 0 5 1 1 53
1593.38 0 5 1 1 1 1 4 1 1 53
1594.16 0 5 1 1 2 2 3 1 1 53
1597.28 1 6 1 1 1 2 3 1 1 53
1600.8 0 5 1 1 2 2 3 1 1 53
1606.39 0 5 2 2 2 1 3 1 1 53
1607.98 0 4 2 2 1 1 3 2 1 53
1619.51 1 5 2 2 0 1 3 2 1 53
1622.07 1 5 2 2 0 2 3 3 1 52
1624.81 1 5 2 2 0 1 3 2 1 53
1627.4 0 4 2 2 1 1 3 2 1 53
1630.12 0 4 2 2 1 2 3 3 1 52
1634.22 0 3 2 2 1 2 2 3 2 52
1636.73 0 4 2 2 1 2 3 3 1 52
1637.68 0 3 2 2 0 2 3 4 1 52
1639.61 0 2 2 2 0 2 2 4 2 52
1644.81 0 3 2 2 0 2 3 4 1 52
1644.93 0 3 1 1 0 3 3 4 1 52
1646.87 0 3 1 1 0 2 3 3 1 53
1648.11 0 4 1 1 1 2 3 2 1 53
1651.4 0 5 1 1 2 2 3 1 1 53
1652.63 0 5 0 0 2 3 3 1 1 53
1654.36 1 6 0 0 1 3 3 1 1 53
1655.38 0 5 0 0 2 3 3 1 1 53
1656.43 0 4 0 0 2 3 2 1 2 53
1657.66 0 3 0 0 2 3 1 1 3 53
1664.51 0 2 0 0 2 3 0 1 4 53
1670.58 1 3 0 0 1 3 0 1 4 53
1673.43 1 4 0 0 1 3 1 1 3 53
1679.68 1 3 0 0 1 3 0 1 4 53
1687.64 1 4 0 0 1 3 1 1 3 53
1690.77 1 4 0 0 1 2 1 0 3 54
1693.1 1 3 0 0 0 2 1 1 3 54
1697.24 1 2 0 0 0 2 0 1 4 54
1699.08 1 2 1 1 0 1 0 1 4 54
1716.49 1 2 0 0 0 2 0 1 4 54
1726.8 1 3 0 0 0 2 1 1 3 54
1737.63 1 4 0 0 0 2 2 1 2 54
1741.89 1 5 0 0 0 2 3 1 1 54
1743.27 0 4 0 0 1 2 3 1 1 54
1743.56 0 3 0 0 1 2 2 1 2 54
1749.45 0 2 0 0 1 2 1 1 3 54
1752.21 0 3 0 0 1 2 2 1 2 54
1755.79 0 3 0 0 0 1 3 1 2 54
1769.37 0 4 0 0 0 1 4 1 1 54
1777 0 3 0 0 0 1 3 1 2 54
1782.2 0 4 0 0 0 1 4 1 1 54
1784.89 0 4 0 0 0 2 4 2 1 53
1805.59 0 3 0 0 0 2 3 2 2 53
1815.16 0 4 0 0 0 2 4 2 1 53
1821.01 0 3 0 0 0 2 3 2 2 53
1821.92 0 3 0 0 0 1 3 1 2 54
1822.72 0 4 0 0 1 1 3 0 2 54
1834.74 0 3 0 0 1 1 2 0 3 54
1836.03 0 4 0 0 1 1 3 0 2 54
1840.27 0 5 0 0 1 1 4 0 1 54
1846.78 0 4 0 0 0 1 4 1 1 54
1848.19 0 4 0 0 1 2 3 1 1 54
1857.71 0 3 0 0 1 2 2 1 2 54
1858.99 0 2 0 0 1 2 1 1 3 54
1859.78 0 2 0 0 1 3 1 2 3 53
1863.23 0 2 0 0 1 2 1 1 3 54
1865.6 0 2 0 0 1 3 1 2 3 53
1871.32 0 3 0 0 1 3 2 2 2 53
1884.67 0 3 0 0 1 2 2 1 2 54
1889.88 0 2 0 0 0 2 2 2 2 54
1893.65 0 1 0 0 0 2 1 2 3 54
1895.9 0 2 0 0 0 2 2 2 2 54
1909.48 0 3 0 0 0 2 3 2 1 54
1911.72 0 4 0 0 0 2 4 2 0 54
1915.04 0 3 0 0 0 2 3 2 1 54
1918.3 0 4 0 0 0 2 4 2 0 54
1920.05 0 3 0 0 0 2 3 2 1 54
1924.79 0 4 0 0 0 2 4 2 0 54
1927.9 0 3 0 0 0 2 3 2 1 54
1961.13 0 3 0 0 0 1 3 1 1 55
1973.9 0 2 0 0 0 1 2 1 2 55
1977.32 0 3 0 0 0 1 3 1 1 55
1983.8 0 4 0 0 0 1 4 1 0 55
1989.53 0 3 0 0 0 1 3 1 1 55
2000.68 0 4 0 0 0 1 4 1 0 55
2002.82 0 4 0 0 0 0 4 0 0 56
2003.86 0 3 0 0 0 0 3 0 1 56
2022.63 0 3 0 0 0 1 3 1 1 55
2039.21 0 4 0 0 0 1 4 1 0 55
2040.46 0 3 0 0 0 1 3 1 1 55
2041.89 0 2 0 0 0 1 2 1 2 55
2051.13 0 3 0 0 0 1 3 1 1 55
2053.87 0 4 0 0 0 1 4 1 0 55
2060.79 0 3 0 0 0 1 3 1 1 55
2061.6 0 2 0 0 0 1 2 1 2 55
2065.55 0 1 0 0 0 1 1 1 3 55
2067.78 0 2 0 0 0 1 2 1 2 55
2069.19 0 1 0 0 0 1 1 1 3 55
2087.85 0 2 0 0 0 1 2 1 2 55
2092.26 0 2 1 1 0 0 2 1 2 55
2092.82 0 1 1 1 0 0 1 1 3 55
2092.83 0 2 1 1 0 0 2 1 2 55
2096.56 0 1 1 1 0 0 1 1 3 55
2098.66 0 2 1 1 0 0 2 1 2 55
2099.65 0 3 1 1 0 0 3 1 1 55
2108.12 0 4 1 1 0 0 4 1 0 55
2108.55 0 3 1 1 0 0 3 1 1 55
2120.02 0 3 1 1 1 1 2 1 1 55
2126.84 1 4 1 1 0 1 2 1 1 55
2128.03 1 4 0 0 0 2 2 1 1 55
2128.92 1 3 0 0 0 2 1 1 2 55
2137.19 1 4 0 0 0 2 2 1 1 55
2139.89 0 3 0 0 1 2 2 1 1 55
2141.76 0 3 0 0 2 3 1 1 1 55
2146.78 0 2 0 0 1 3 1 2 1 55
2146.95 0 2 0 0 1 2 1 1 1 56
2151.55 0 2 0 0 1 3 1 2 1 55
2168.75 0 1 0 0 1 3 0 2 2 55
2181.51 0 2 0 0 1 3 1 2 1 55
2182.29 0 3 0 0 2 3 1 1 1 55
2186.69 0 2 0 0 2 3 0 1 2 55
2188.54 0 2 0 0 2 2 0 0 2 56
2189.9 0 3 0 0 2 2 1 0 1 56
2190.47 0 3 0 0 1 1 2 0 1 56
2196.83 0 4 0 0 1 1 3 0 0 56
2203.85 0 3 0 0 1 1 2 0 1 56
2218.28 1 4 0 0 0 1 2 0 1 56
2219.48 1 5 0 0 0 1 3 0 0 56
2221.81 1 4 0 0 0 1 2 0 1 56
2227.5 1 4 0 0 0 2 2 1 1 55
2228.67 1 3 0 0 0 2 1 1 2 55
2238.27 1 3 0 0 0 1 1 0 2 56
2245.88 1 2 0 0 0 1 0 0 3 56
2251.68 1 3 0 0 0 1 1 0 2 56
2277.73 1 2 0 0 0 1 0 0 3 56
2284.79 1 3 0 0 0 1 1 0 2 56
2290 0 2 0 0 1 1 1 0 2 56
2292.81 1 3 0 0 0 1 1 0 2 56
2293.44 1 4 0 0 0 1 2 0 1 56
2299.8 1 3 0 0 0 1 1 0 2 56
2309.12 1 4 0 0 0 1 2 0 1 56
2312.91 1 3 0 0 0 1 1 0 2 56
2322.44 1 3 0 0 1 2 0 0 2 56
2333.29 1 3 0 0 1 3 0 1 2 55
2333.42 1 4 0 0 1 3 1 1 1 55
2333.73 1 5 0 0 1 3 2 1 0 55
2349.05 1 5 0 0 0 2 3 1 0 55
2359.34 1 4 0 0 0 2 2 1 1 55
2364.61 1 4 1 1 0 1 2 1 1 55
2365.63 1 3 1 1 0 1 1 1 2 55
2366.12 1 2 1 1 0 1 0 1 3 55
2367.42 1 3 1 1 0 1 1 1 2 55
2375.26 1 4 1 1 0 1 2 1 1 55
2377.1 1 3 1 1 0 1 1 1 2 55
2393.63 0 2 1 1 1 1 1 1 2 55
2397.37 1 3 1 1 0 1 1 1 2 55
2398.44 0 2 1 1 1 1 1 1 2 55
2399.79 0 1 1 1 1 1 0 1 3 55
2403.34 0 1 1 1 1 2 0 2 3 54
2413.92 0 2 1 1 1 2 1 2 2 54
2416.44 0 2 1 1 0 1 2 2 2 54
2423.85 0 3 1 1 0 1 3 2 1 54
2433.95 0 2 1 1 0 1 2 2 2 54
2463.37 0 3 1 1 0 1 3 2 1 54
2485.83 0 4 1 1 1 1 3 1 1 54
2505.27 0 5 1 1 2 1 3 0 1 54
2513.3 0 5 1 1 3 2 2 0 1 54
2516.14 0 4 1 1 2 2 2 1 1 54
2520.25 0 4 1 1 1 1 3 1 1 54
2522.4 0 3 1 1 1 1 2 1 2 54
2529.18 0 2 1 1 1 1 1 1 3 54
2530.38 0 1 1 1 1 1 0 1 4 54
2536.42 0 2 1 1 1 1 1 1 3 54
2543.63 0 3 1 1 1 1 2 1 2 54
2546.38 0 2 1 1 0 1 2 2 2 54
2552.82 0 1 1 1 0 1 1 2 3 54
2558.56 0 2 1 1 0 1 2 2 2 54
2560.12 0 3 1 1 0 1 3 2 1 54
2574.18 0 4 1 1 0 1 4 2 0 54
2584.1 0 3 1 1 0 1 3 2 1 54
2586.77 0 2 1 1 0 1 2 2 2 54
2603.43 0 3 1 1 0 1 3 2 1 54
2645.49 0 3 1 1 0 0 3 1 1 55
2660.24 0 2 1 1 0 0 2 1 2 55
2664.53 0 3 1 1 0 0 3 1 1 55
2666.7 0 4 1 1 0 0 4 1 0 55
2667.19 0 3 1 1 0 0 3 1 1 55
2667.65 0 2 1 1 0 0 2 1 2 55
2683.41 0 1 1 1 0 0 1 1 3 55
2704.46 0 2 1 1 0 0 2 1 2 55
2709.39 0 3 1 1 0 0 3 1 1 55
2710.37 0 4 1 1 1 0 3 0 1 55
2723.23 1 5 1 1 0 0 3 0 1 55
2726.68 1 5 0 0 0 1 3 0 1 55
2730.59 1 4 0 0 0 1 2 0 2 55
2737.36 0 3 0 0 1 1 2 0 2 55
2738.54 0 2 0 0 0 1 2 1 2 55
2739.95 0 3 0 0 0 1 3 1 1 55
2741.24 0 3 0 0 0 2 3 2 1 54
2751.81 0 3 0 0 0 1 3 1 1 55
2754.08 0 4 0 0 1 1 3 0 1 55
2761.14 1 5 0 0 0 1 3 0 1 55
2765.22 1 4 0 0 0 1 2 0 2 55
2766.02 1 4 0 0 1 2 1 0 2 55
2770.73 1 5 0 0 1 2 2 0 1 55
2776.18 1 6 0 0 1 2 3 0 0 55
2779.97 0 5 0 0 2 2 3 0 0 55
2780.66 0 4 0 0 2 2 2 0 1 55
2781.56 0 3 0 0 2 2 1 0 2 55
2783.82 0 2 0 0 1 2 1 1 2 55
2784.03 0 3 0 0 2 2 1 0 2 55
2788.98 0 4 0 0 2 2 2 0 1 55
2794.25 0 3 0 0 2 2 1 0 2 55
2796.7 0 3 0 0 1 1 2 0 2 55
2807.99 0 4 0 0 1 1 3 0 1 55
2811.18 0 5 0 0 1 1 4 0 0 55
2813.18 0 4 0 0 0 1 4 1 0 55
2817.28 0 3 0 0 0 1 3 1 1 55
2817.52 0 2 0 0 0 1 2 1 2 55
2821.01 0 2 0 0 1 2 1 1 2 55
2827.74 0 3 0 0 1 2 2 1 1 55
2835.32 0 3 1 1 1 1 2 1 1 55
2852.97 0 3 1 1 0 0 3 1 1 55
2871.31 0 4 1 1 0 0 4 1 0 55
2877.18 0 3 1 1 0 0 3 1 1 55
2893.2 0 2 1 1 0 0 2 1 2 55
2897.02 0 3 1 1 0 0 3 1 1 55
2911.73 0 4 1 1 1 0 3 0 1 55
2914.15 1 5 1 1 0 0 3 0 1 55
2932.25 1 5 1 1 1 1 2 0 1 55
2935.61 1 4 1 1 0 1 2 1 1 55
2938.4 0 3 1 1 1 1 2 1 1 55
2944.92 0 2 1 1 1 1 1 1 2 55
2956.72 1 3 1 1 0 1 1 1 2 55
2961.07 1 4 1 1 0 1 2 1 1 55
2963.71 1 5 1 1 0 1 3 1 0 55
2965.72 1 5 1 1 1 2 2 1 0 55
2968.91 1 5 1 1 1 1 2 0 0 56
2969.05 1 4 1 1 1 1 1 0 1 56
2972.24 1 3 1 1 1 1 0 0 2 56
2981.05 1 4 1 1 1 1 1 0 1 56
2982.88 1 5 1 1 1 1 2 0 0 56
2992.2 2 6 1 1 0 1 2 0 0 56
2993.44 2 5 1 1 0 1 1 0 1 56
2996.46 2 6 1 1 0 1 2 0 0 56
2999.3 1 5 1 1 1 1 2 0 0 56
2999.3 1 5 1 1 1 1 2 0 0 56
