0 60 120 60 60 0 0 0 0 0 0
0.0111664 59 119 60 60 1 0 0 0 0 0
0.0318439 59 119 59 59 1 1 0 0 0 0
0.0486059 58 118 59 59 2 1 0 0 0 0
0.0506373 58 118 58 58 2 2 0 0 0 0
0.0533436 57 117 58 58 3 2 0 0 0 0
0.0707657 56 116 58 58 4 2 0 0 0 0
0.0814861 56 116 57 57 4 3 0 0 0 0
0.083395 56 116 56 56 4 4 0 0 0 0
0.085686 55 115 56 56 5 4 0 0 0 0
0.0945627 54 114 56 56 6 4 0 0 0 0
0.0981723 54 114 55 55 6 5 0 0 0 0
0.12709 53 113 55 55 7 5 0 0 0 0
0.137285 52 112 55 55 8 5 0 0 0 0
0.168175 51 111 55 55 9 5 0 0 0 0
0.171019 50 110 55 55 10 5 0 0 0 0
0.196062 49 109 55 55 11 5 0 0 0 0
0.207144 48 108 55 55 12 5 0 0 0 0
0.207865 48 108 54 54 12 6 0 0 0 0
0.208563 48 108 53 53 12 7 0 0 0 0
0.220181 48 108 52 52 12 8 0 0 0 0
0.23625 48 108 51 51 12 9 0 0 0 0
0.25125 48 108 50 50 12 10 0 0 0 0
0.259257 47 107 50 50 13 10 0 0 0 0
0.265969 46 106 50 50 14 10 0 0 0 0
0.270553 45 105 50 50 15 10 0 0 0 0
0.27541 44 104 50 50 16 10 0 0 0 0
0.346042 44 103 50 50 15 10 0 1 0 0
0.348518 43 102 50 50 16 10 0 1 0 0
0.350637 43 101 50 50 15 10 0 2 0 0
0.357321 43 101 49 49 15 11 0 2 0 0
0.415611 43 100 49 49 14 11 0 3 0 0
0.416922 42 99 49 49 15 11 0 3 0 0
0.443621 42 98 49 49 14 11 0 4 0 0
0.469261 41 97 49 49 15 11 0 4 0 0
0.475884 41 97 48 48 15 12 0 4 0 0
0.477239 40 96 48 48 16 12 0 4 0 0
0.493291 39 95 48 48 17 12 0 4 0 0
0.497056 40 96 48 48 16 12 0 4 0 0
0.508168 39 95 48 48 17 12 0 4 0 0
0.523214 38 94 48 48 18 12 0 4 0 0
0.531724 37 93 48 48 19 12 0 4 0 0
0.536035 37 93 47 47 19 13 0 4 0 0
0.61148 37 93 46 46 19 14 0 4 0 0
0.649622 37 92 46 46 18 14 0 5 0 0
0.658839 37 91 46 46 17 14 0 6 0 0
0.66898 37 91 45 45 17 15 0 6 0 0
0.677978 37 91 44 44 17 16 0 6 0 0
0.717348 37 90 44 44 16 16 0 7 0 0
0.73605 36 89 44 44 17 16 0 7 0 0
0.736243 35 88 44 44 18 16 0 7 0 0
0.802705 35 87 44 44 17 16 0 8 0 0
0.851274 34 86 44 44 18 16 0 8 0 0
0.883186 34 85 44 44 17 16 0 9 0 0
0.900788 34 85 44 44 16 15 1 9 0 0
0.922524 34 84 44 44 15 15 1 10 0 0
1.00877 34 84 44 44 15 14 1 9 0 1
1.09519 34 83 44 44 14 14 1 10 0 1
1.10611 33 82 44 44 15 14 1 10 0 1
1.12386 33 82 43 43 15 15 1 10 0 1
1.12559 32 81 43 43 16 15 1 10 0 1
1.14023 32 81 42 42 16 16 1 10 0 1
1.14843 31 80 42 42 17 16 1 10 0 1
1.23458 31 79 42 42 16 16 1 11 0 1
1.23511 30 78 42 42 17 16 1 11 0 1
1.27489 30 78 42 42 17 15 1 10 0 2
1.29225 29 77 42 42 18 15 1 10 0 2
1.2952 29 77 41 41 18 16 1 10 0 2
1.30529 28 76 41 41 19 16 1 10 0 2
1.32344 27 75 41 41 20 16 1 10 0 2
1.32778 27 74 41 41 19 16 1 11 0 2
1.32917 27 73 41 41 18 16 1 12 0 2
1.33475 27 73 41 41 18 15 1 11 0 3
1.3454 27 73 40 40 18 16 1 11 0 3
1.34547 26 72 40 40 19 16 1 11 0 3
1.3962 26 71 40 40 18 16 1 12 0 3
1.44415 26 71 39 39 18 17 1 12 0 3
1.46645 26 70 39 39 17 17 1 13 0 3
1.47224 26 70 38 38 17 18 1 13 0 3
1.48255 26 69 38 38 16 18 1 14 0 3
1.48654 26 68 38 38 15 18 1 15 0 3
1.49464 25 67 38 38 16 18 1 15 0 3
1.56418 25 67 37 37 16 19 1 15 0 3
1.56666 25 66 37 37 15 19 1 16 0 3
1.57594 25 66 36 36 15 20 1 16 0 3
1.5814 25 66 35 35 15 21 1 16 0 3
1.62763 25 65 35 35 14 21 1 17 0 3
1.65422 24 64 35 35 15 21 1 17 0 3
1.66348 23 63 35 35 16 21 1 17 0 3
1.68994 23 62 35 35 15 21 1 18 0 3
1.74322 23 62 34 34 15 22 1 18 0 3
1.75651 23 62 33 33 15 23 1 18 0 3
1.8037 22 61 33 33 16 23 1 18 0 3
1.85422 21 60 33 33 17 23 1 18 0 3
1.87361 21 60 33 33 17 22 1 17 0 4
1.87984 21 60 32 32 17 23 1 17 0 4
1.88853 21 60 32 32 16 22 2 17 0 4
1.89745 21 59 32 32 15 22 2 18 0 4
1.94979 21 58 32 32 14 22 2 19 0 4
1.96738 21 58 32 32 14 21 2 18 0 5
2.05909 21 58 31 31 14 22 2 18 0 5
2.08265 20 57 31 31 15 22 2 18 0 5
2.1375 20 57 31 31 15 21 2 17 0 6
2.18022 20 57 31 31 15 20 2 16 0 7
2.31369 20 56 31 31 14 20 2 17 0 7
2.32712 19 55 31 31 15 20 2 17 0 7
2.3716 19 55 30 30 15 21 2 17 0 7
2.39351 19 55 29 29 15 22 2 17 0 7
2.42366 19 54 29 29 14 22 2 18 0 7
2.4446 18 53 29 29 15 22 2 18 0 7
2.45991 18 53 28 28 15 23 2 18 0 7
2.49331 18 53 27 27 15 24 2 18 0 7
2.69211 17 52 27 27 16 24 2 18 0 7
2.73916 16 51 27 27 17 24 2 18 0 7
2.74364 16 51 27 27 17 23 2 17 0 8
2.81534 17 52 27 27 16 23 2 17 0 8
2.85686 17 51 27 27 15 23 2 18 0 8
2.91287 17 51 27 27 14 22 3 18 0 8
2.93155 17 51 27 27 13 21 4 18 0 8
2.95721 17 50 27 27 12 21 4 19 0 8
3.00708 16 49 27 27 13 21 4 19 0 8
3.01198 16 48 27 27 13 21 3 19 1 8
3.03336 16 48 26 26 13 22 3 19 1 8
3.10892 15 47 26 26 14 22 3 19 1 8
3.17409 15 46 26 26 13 22 3 20 1 8
3.27831 15 46 26 26 13 21 3 19 1 9
3.35334 15 46 26 26 12 20 4 19 1 9
3.40009 14 45 26 26 13 20 4 19 1 9
3.4135 14 44 26 26 12 20 4 20 1 9
3.45413 14 43 26 26 11 20 4 21 1 9
3.47757 14 42 26 26 11 20 3 21 2 9
3.50189 13 41 26 26 12 20 3 21 2 9
3.56018 13 41 26 26 12 19 3 20 2 10
3.58788 13 42 26 26 13 19 3 19 2 10
3.62584 12 41 26 26 14 19 3 19 2 10
3.64726 12 41 26 26 14 18 3 18 2 11
3.69396 12 40 26 26 14 18 2 18 3 11
3.73602 11 39 26 26 15 18 2 18 3 11
3.91691 11 38 26 26 14 18 2 19 3 11
4.02352 11 38 25 25 14 19 2 19 3 11
4.06761 11 38 24 24 14 20 2 19 3 11
4.15511 11 37 24 24 13 20 2 20 3 11
4.16585 11 36 24 24 12 20 2 21 3 11
4.17072 11 35 24 24 11 20 2 22 3 11
4.24003 11 35 23 23 11 21 2 22 3 11
4.32503 11 36 23 23 12 21 2 21 3 11
4.56586 11 36 23 23 12 20 2 20 3 12
4.95285 11 36 22 22 12 21 2 20 3 12
4.96555 11 35 22 22 11 21 2 21 3 12
5.03359 11 35 21 21 11 22 2 21 3 12
5.05021 10 34 21 21 12 22 2 21 3 12
5.17652 10 34 20 20 12 23 2 21 3 12
5.20942 10 33 20 20 11 23 2 22 3 12
5.29684 10 32 20 20 10 23 2 23 3 12
5.37815 10 32 20 20 9 22 3 23 3 12
5.38124 10 32 20 20 9 21 3 22 3 13
5.40449 10 32 19 19 9 22 3 22 3 13
5.45743 10 31 19 19 8 22 3 23 3 13
5.4727 10 31 19 19 7 21 4 23 3 13
5.60871 9 30 19 19 8 21 4 23 3 13
5.62582 9 30 19 19 7 20 5 23 3 13
5.78107 9 30 19 19 7 19 5 22 3 14
5.86634 8 29 19 19 8 19 5 22 3 14
6.00468 8 29 18 18 8 20 5 22 3 14
6.02729 8 28 18 18 7 20 5 23 3 14
6.08553 8 27 18 18 6 20 5 24 3 14
6.1309 8 27 18 18 6 19 5 23 3 15
6.15546 8 27 17 17 6 20 5 23 3 15
6.26524 7 26 17 17 7 20 5 23 3 15
6.27652 7 26 17 17 7 19 5 22 3 16
6.34247 7 26 17 17 7 18 5 21 3 17
6.42693 7 26 16 16 7 19 5 21 3 17
6.75564 7 26 16 16 7 18 5 20 3 18
6.77608 7 26 16 16 7 17 5 19 3 19
6.88786 6 25 16 16 8 17 5 19 3 19
7.27589 6 25 15 15 8 18 5 19 3 19
7.36031 6 25 14 14 8 19 5 19 3 19
7.99519 6 25 14 14 8 18 5 18 3 20
8.11937 6 25 13 13 8 19 5 18 3 20
8.51981 5 24 13 13 9 19 5 18 3 20
8.55022 5 23 13 13 8 19 5 19 3 20
8.59925 5 22 13 13 8 19 4 19 4 20
8.78287 5 21 13 13 8 19 3 19 5 20
8.84717 5 20 13 13 7 19 3 20 5 20
8.93981 5 19 13 13 6 19 3 21 5 20
9.1744 4 18 13 13 7 19 3 21 5 20
9.31994 4 18 13 13 7 18 3 20 5 21
9.51408 4 17 13 13 7 18 2 20 6 21
9.60099 4 17 12 12 7 19 2 20 6 21
9.80624 5 18 12 12 6 19 2 20 6 21
10.1618 5 18 12 12 5 18 3 20 6 21
10.5415 5 18 12 12 5 17 3 19 6 22
10.6673 4 17 12 12 6 17 3 19 6 22
10.8172 4 17 12 12 6 16 3 18 6 23
11.0254 4 16 12 12 6 16 2 18 7 23
11.0426 3 15 12 12 7 16 2 18 7 23
11.0479 3 15 12 12 7 15 2 17 7 24
11.1996 3 15 11 11 7 16 2 17 7 24
12.3686 2 14 11 11 8 16 2 17 7 24
12.4246 2 13 11 11 7 16 2 18 7 24
12.5438 2 13 12 12 7 15 2 18 7 24
12.674 2 13 12 12 7 14 2 17 7 25
12.8038 2 13 12 12 7 13 2 16 7 26
13.1029 2 13 11 11 7 14 2 16 7 26
13.1436 2 12 11 11 6 14 2 17 7 26
13.149 2 12 12 12 6 13 2 17 7 26
13.2114 2 12 11 11 6 14 2 17 7 26
13.3782 2 12 10 10 6 15 2 17 7 26
13.7976 2 12 10 10 6 14 2 16 7 27
13.7983 2 11 10 10 5 14 2 17 7 27
14.107 2 11 11 11 5 13 2 17 7 27
14.2775 2 11 10 10 5 14 2 17 7 27
14.4552 2 12 10 10 5 14 3 17 6 27
14.6467 2 12 10 10 5 13 3 16 6 28
14.6582 2 12 9 9 5 14 3 16 6 28
14.667 2 12 9 9 5 13 3 15 6 29
15.3502 2 11 9 9 4 13 3 16 6 29
15.64 2 11 9 9 4 12 3 15 6 30
16.0938 2 11 9 9 4 11 3 14 6 31
16.2253 1 10 9 9 5 11 3 14 6 31
17.1039 1 10 9 9 5 10 3 13 6 32
17.125 1 10 9 9 5 9 3 12 6 33
17.26 1 9 9 9 5 9 2 12 7 33
19.0133 2 10 9 9 4 9 2 12 7 33
19.5322 1 9 9 9 5 9 2 12 7 33
20.0382 1 9 9 9 5 8 2 11 7 34
20.077 1 9 9 9 5 7 2 10 7 35
20.1979 1 9 9 9 4 6 3 10 7 35
20.3914 1 9 8 8 4 7 3 10 7 35
20.4679 1 9 8 8 4 6 3 9 7 36
20.9935 1 9 9 9 4 5 3 9 7 36
22.1894 1 8 9 9 4 5 2 9 8 36
22.8653 1 7 9 9 4 5 1 9 9 36
25.1139 1 6 9 9 3 5 1 10 9 36
27.6415 1 6 9 9 3 4 1 9 9 37
28.0539 1 6 8 8 3 5 1 9 9 37
28.8116 1 5 8 8 2 5 1 10 9 37
28.8985 1 6 8 8 3 5 1 9 9 37
29.0004 1 7 8 8 3 5 2 9 8 37
29.1272 1 7 7 7 3 6 2 9 8 37
29.1981 1 7 6 6 3 7 2 9 8 37
29.4951 1 8 6 6 3 7 3 9 7 37
29.6206 1 7 6 6 3 7 2 9 8 37
30.6844 1 7 6 6 3 6 2 8 8 38
31.0746 0 6 6 6 4 6 2 8 8 38
32.7671 0 7 6 6 4 6 3 8 7 38
32.88 0 7 6 6 3 5 4 8 7 38
33.6366 0 7 5 5 3 6 4 8 7 38
33.9896 0 6 5 5 2 6 4 9 7 38
34.3764 0 6 5 5 2 5 4 8 7 39
37.3656 0 6 4 4 2 6 4 8 7 39
37.6757 0 5 4 4 1 6 4 9 7 39
38.1837 0 5 4 4 1 5 4 8 7 40
39.3328 0 5 4 4 1 4 4 7 7 41
40.2301 0 5 3 3 1 5 4 7 7 41
40.9686 0 5 3 3 1 4 4 6 7 42
43.0179 0 4 3 3 1 4 3 6 8 42
45.6045 0 4 3 3 1 5 3 7 8 41
46.4006 0 4 3 3 1 4 3 6 8 42
47.3909 0 4 2 2 1 5 3 6 8 42
48.7577 0 4 3 3 1 4 3 6 8 42
48.7942 0 3 3 3 1 4 2 6 9 42
49.2371 0 3 3 3 1 3 2 5 9 43
51.1125 0 3 3 3 1 2 2 4 9 44
51.796 0 4 3 3 1 2 3 4 8 44
51.9044 0 5 3 3 1 2 4 4 7 44
51.914 0 6 3 3 1 2 5 4 6 44
57.2448 0 6 3 3 1 1 5 3 6 45
59.9364 0 5 3 3 1 1 4 3 7 45
59.9999 0 6 3 3 1 1 5 3 6 45
61.2276 0 5 3 3 0 1 5 4 6 45
61.2903 0 6 3 3 0 1 6 4 5 45
62.15 0 6 2 2 0 2 6 4 5 45
62.8676 0 5 2 2 0 2 5 4 6 45
64.4768 0 4 2 2 0 2 4 4 7 45
68.165 0 5 2 2 0 2 5 4 6 45
68.9217 0 4 2 2 0 2 4 4 7 45
69.0712 0 4 2 2 0 1 4 3 7 46
70.8803 0 3 2 2 0 1 3 3 8 46
71.7072 0 2 2 2 0 1 2 3 9 46
77.0539 0 3 2 2 0 1 3 3 8 46
77.5506 0 2 2 2 0 1 2 3 9 46
80.7346 0 3 2 2 0 1 3 3 8 46
81.7278 0 4 2 2 0 1 4 3 7 46
85.6285 0 5 2 2 0 1 5 3 6 46
91.0605 0 6 2 2 0 1 6 3 5 46
95.5722 0 6 1 1 0 2 6 3 5 46
97.8667 0 7 1 1 0 2 7 3 4 46
101.082 0 8 1 1 0 2 8 3 3 46
101.443 0 7 1 1 0 2 7 3 4 46
106.436 0 8 1 1 0 2 8 3 3 46
108.156 0 8 1 1 0 1 8 2 3 47
112.713 0 7 1 1 0 1 7 2 4 47
117.078 0 6 1 1 0 1 6 2 5 47
118.689 0 7 1 1 0 1 7 2 4 47
119.594 0 6 1 1 0 1 6 2 5 47
121.336 0 5 1 1 0 1 5 2 6 47
122.323 0 6 1 1 0 1 6 2 5 47
125.213 0 5 1 1 0 1 5 2 6 47
130.102 0 4 1 1 0 1 4 2 7 47
130.356 0 3 1 1 0 1 3 2 8 47
139.455 0 4 1 1 1 1 3 1 8 47
142.903 1 5 1 1 0 1 3 1 8 47
143.783 1 5 1 1 0 0 3 0 8 48
147.076 1 6 1 1 0 0 4 0 7 48
147.306 1 5 1 1 0 0 3 0 8 48
149.582 1 4 1 1 0 0 2 0 9 48
149.612 1 5 1 1 0 0 3 0 8 48
151.598 0 4 1 1 1 0 3 0 8 48
151.825 0 5 1 1 1 0 4 0 7 48
152.184 0 6 1 1 1 0 5 0 6 48
153.966 0 5 1 1 1 0 4 0 7 48
154.187 0 4 1 1 1 0 3 0 8 48
154.357 0 3 1 1 1 0 2 0 9 48
157.132 0 2 1 1 1 0 1 0 10 48
158.73 0 3 1 1 1 0 2 0 9 48
162.575 0 4 1 1 1 0 3 0 8 48
166.251 0 5 1 1 1 0 4 0 7 48
166.564 0 6 1 1 1 0 5 0 6 48
167.078 0 5 1 1 1 0 4 0 7 48
169.558 0 6 1 1 1 0 5 0 6 48
171.429 0 7 1 1 1 0 6 0 5 48
171.691 0 6 1 1 1 0 5 0 6 48
175.989 0 5 1 1 1 0 4 0 7 48
177.765 0 4 1 1 1 0 3 0 8 48
182.388 1 5 1 1 0 0 3 0 8 48
183.866 1 6 1 1 0 0 4 0 7 48
185.092 1 5 1 1 0 0 3 0 8 48
186.303 1 6 1 1 0 0 4 0 7 48
187.501 1 7 1 1 0 0 5 0 6 48
188.699 0 6 1 1 1 0 5 0 6 48
192.481 0 7 1 1 1 0 6 0 5 48
193.222 0 6 1 1 1 0 5 0 6 48
196.8 0 5 1 1 0 0 5 1 6 48
200.192 0 6 1 1 0 0 6 1 5 48
201.179 0 5 1 1 0 0 5 1 6 48
202.391 0 5 0 0 0 1 5 1 6 48
205.594 0 5 1 1 0 0 5 1 6 48
207.837 0 4 1 1 0 0 4 1 7 48
208.618 0 5 1 1 0 0 5 1 6 48
210.871 0 6 1 1 0 0 6 1 5 48
215.279 0 7 1 1 0 0 7 1 4 48
216.845 0 6 1 1 0 0 6 1 5 48
219.132 0 5 1 1 0 0 5 1 6 48
223.41 0 6 1 1 0 0 6 1 5 48
223.549 0 7 1 1 0 0 7 1 4 48
223.56 0 6 1 1 0 0 6 1 5 48
225.359 0 7 1 1 0 0 7 1 4 48
226.87 0 6 1 1 0 0 6 1 5 48
230.604 0 7 1 1 0 0 7 1 4 48
231.81 0 8 1 1 0 0 8 1 3 48
234.119 0 7 1 1 0 0 7 1 4 48
234.515 0 6 1 1 0 0 6 1 5 48
235.671 0 5 1 1 0 0 5 1 6 48
236.049 0 4 1 1 0 0 4 1 7 48
245.732 0 3 1 1 0 0 3 1 8 48
250.175 0 2 1 1 0 0 2 1 9 48
255.56 0 3 1 1 0 0 3 1 8 48
256.09 0 4 1 1 0 0 4 1 7 48
257.229 0 4 1 1 0 1 4 2 7 47
259.525 0 5 1 1 0 1 5 2 6 47
260.39 0 4 1 1 0 1 4 2 7 47
261.374 0 3 1 1 0 1 3 2 8 47
270.744 0 2 1 1 0 1 2 2 9 47
271.709 0 3 1 1 0 1 3 2 8 47
272.327 0 3 1 1 0 0 3 1 8 48
272.359 0 3 0 0 0 1 3 1 8 48
275.367 0 4 0 0 0 1 4 1 7 48
277.08 0 5 0 0 0 1 5 1 6 48
277.108 0 4 0 0 0 1 4 1 7 48
280.951 0 3 0 0 0 1 3 1 8 48
282.336 0 4 0 0 0 1 4 1 7 48
287.001 0 5 0 0 0 1 5 1 6 48
294.324 0 6 0 0 1 1 5 0 6 48
297.223 0 7 0 0 1 1 6 0 5 48
297.277 0 6 0 0 0 1 6 1 5 48
300.021 0 7 0 0 0 1 7 1 4 48
300.053 0 8 0 0 0 1 8 1 3 48
300.525 0 7 0 0 0 1 7 1 4 48
306.83 0 6 0 0 0 1 6 1 5 48
310.154 0 7 0 0 0 1 7 1 4 48
310.975 0 6 0 0 0 1 6 1 5 48
311.353 0 7 0 0 0 1 7 1 4 48
311.382 0 6 0 0 0 1 6 1 5 48
311.681 0 7 0 0 1 1 6 0 5 48
312.292 0 6 0 0 1 1 5 0 6 48
312.323 0 5 0 0 1 1 4 0 7 48
313.811 0 4 0 0 1 1 3 0 8 48
321.297 0 5 0 0 1 1 4 0 7 48
325.775 0 4 0 0 1 1 3 0 8 48
329.212 0 3 0 0 1 1 2 0 9 48
329.547 0 4 0 0 1 1 3 0 8 48
330.256 0 5 0 0 1 1 4 0 7 48
332.112 0 5 0 0 2 2 3 0 7 48
332.407 1 6 0 0 1 2 3 0 7 48
332.591 0 5 0 0 2 2 3 0 7 48
335.225 0 6 0 0 2 2 4 0 6 48
337.728 0 5 0 0 2 2 3 0 7 48
339.074 0 4 0 0 2 2 2 0 8 48
340.824 0 4 1 1 2 1 2 0 8 48
344.282 0 3 1 1 2 1 1 0 9 48
346.077 1 4 1 1 1 1 1 0 9 48
347.968 1 5 1 1 1 1 2 0 8 48
350.338 1 6 1 1 1 1 3 0 7 48
351.699 2 7 1 1 0 1 3 0 7 48
352.256 2 8 1 1 0 1 4 0 6 48
353.257 2 8 2 2 0 0 4 0 6 48
355.711 2 7 2 2 0 0 3 0 7 48
357.099 2 8 2 2 0 0 4 0 6 48
357.523 2 7 2 2 0 0 3 0 7 48
361.74 2 8 2 2 0 0 4 0 6 48
363.259 2 7 2 2 0 0 3 0 7 48
365.985 2 8 2 2 0 0 4 0 6 48
367.232 2 9 2 2 0 0 5 0 5 48
367.404 2 10 2 2 0 0 6 0 4 48
370.167 1 9 2 2 1 0 6 0 4 48
374.074 1 8 2 2 1 0 5 0 5 48
375.998 1 7 2 2 1 0 4 0 6 48
377.092 1 7 2 2 2 1 3 0 6 48
377.123 0 6 2 2 3 1 3 0 6 48
381.365 0 7 2 2 3 1 4 0 5 48
381.767 1 8 2 2 2 1 4 0 5 48
383.337 0 7 2 2 3 1 4 0 5 48
383.439 0 8 2 2 3 1 5 0 4 48
384.036 1 9 2 2 2 1 5 0 4 48
386.439 2 10 2 2 1 1 5 0 4 48
387.6 2 9 2 2 1 1 4 0 5 48
390.519 2 8 2 2 0 1 4 1 5 48
393.095 2 7 2 2 0 1 3 1 6 48
394.983 1 6 2 2 1 1 3 1 6 48
396.284 1 5 2 2 0 1 3 2 6 48
399.951 1 6 2 2 0 1 4 2 5 48
405.777 1 5 2 2 0 1 3 2 6 48
411.806 1 6 2 2 0 1 4 2 5 48
416.218 0 5 2 2 1 1 4 2 5 48
417.19 0 4 2 2 1 1 3 2 6 48
417.759 1 5 2 2 0 1 3 2 6 48
418.128 1 5 1 1 0 2 3 2 6 48
420.155 1 6 1 1 0 2 4 2 5 48
420.239 0 5 1 1 1 2 4 2 5 48
421.721 0 4 1 1 1 2 3 2 6 48
422.167 0 5 1 1 1 2 4 2 5 48
422.968 0 6 1 1 2 2 4 1 5 48
424.145 0 7 1 1 2 2 5 1 4 48
425.109 0 8 1 1 2 2 6 1 3 48
431.751 0 7 1 1 2 2 5 1 4 48
433.332 0 6 1 1 2 2 4 1 5 48
434.138 0 5 1 1 1 2 4 2 5 48
434.873 0 6 1 1 1 2 5 2 4 48
441.112 0 7 1 1 1 2 6 2 3 48
441.558 0 7 1 1 1 1 6 1 3 49
447.589 0 6 1 1 1 1 5 1 4 49
452.672 0 7 1 1 1 1 6 1 3 49
453.36 0 6 1 1 1 1 5 1 4 49
454.177 0 6 1 1 2 2 4 1 4 49
455.259 0 5 1 1 2 2 3 1 5 49
455.806 0 4 1 1 1 2 3 2 5 49
462.29 0 4 2 2 1 1 3 2 5 49
464.972 0 5 2 2 1 1 4 2 4 49
467.317 0 6 2 2 1 1 5 2 3 49
468.798 0 5 2 2 1 1 4 2 4 49
468.864 0 6 2 2 1 1 5 2 3 49
469.965 0 6 2 2 1 0 5 1 3 50
472.605 0 5 2 2 1 0 4 1 4 50
475.449 0 4 2 2 1 0 3 1 5 50
481.231 0 3 2 2 1 0 2 1 6 50
491.764 0 2 2 2 1 0 1 1 7 50
493.051 0 1 2 2 1 0 0 1 8 50
501.5 0 2 2 2 1 0 1 1 7 50
502.937 0 3 2 2 1 0 2 1 6 50
502.941 0 2 2 2 1 0 1 1 7 50
503.205 0 3 2 2 1 0 2 1 6 50
504.771 0 3 2 2 1 1 2 2 6 49
508.66 0 4 2 2 2 1 2 1 6 49
509.895 0 5 2 2 2 1 3 1 5 49
510.259 0 5 2 2 1 0 4 1 5 49
510.31 0 6 2 2 1 0 5 1 4 49
510.408 0 5 2 2 0 0 5 2 4 49
512.562 0 4 2 2 0 0 4 2 5 49
512.964 0 5 2 2 0 0 5 2 4 49
514.193 0 5 2 2 0 1 5 3 4 48
514.536 0 6 2 2 0 1 6 3 3 48
518.288 0 5 2 2 0 1 5 3 4 48
518.897 0 4 2 2 0 1 4 3 5 48
519.26 0 4 2 2 0 0 4 2 5 49
519.369 0 5 2 2 0 0 5 2 4 49
520.712 0 6 2 2 0 0 6 2 3 49
521.726 0 5 2 2 0 0 5 2 4 49
522.077 0 6 2 2 0 0 6 2 3 49
526.725 0 5 2 2 0 0 5 2 4 49
528.623 0 6 2 2 1 0 5 1 4 49
529.899 0 5 2 2 1 0 4 1 5 49
530.45 1 6 2 2 0 0 4 1 5 49
538.702 1 5 2 2 0 0 3 1 6 49
539.355 1 6 2 2 0 0 4 1 5 49
539.385 1 5 2 2 0 0 3 1 6 49
539.675 1 6 2 2 0 0 4 1 5 49
546.954 0 5 2 2 1 0 4 1 5 49
549.308 0 6 2 2 1 0 5 1 4 49
552.005 0 5 2 2 1 0 4 1 5 49
555.761 0 4 2 2 1 0 3 1 6 49
561.631 0 5 2 2 1 0 4 1 5 49
566.618 0 6 2 2 1 0 5 1 4 49
566.653 0 6 2 2 1 1 5 2 4 48
567.593 0 5 2 2 1 1 4 2 5 48
569.291 0 4 2 2 1 1 3 2 6 48
575.037 0 4 1 1 1 2 3 2 6 48
576.408 0 5 1 1 1 2 4 2 5 48
577.867 0 5 1 1 2 3 3 2 5 48
582.173 0 4 1 1 2 3 2 2 6 48
583.703 0 4 1 1 1 2 3 2 6 48
584.652 0 4 1 1 1 1 3 1 6 49
584.812 0 5 1 1 1 1 4 1 5 49
586.888 0 4 1 1 1 1 3 1 6 49
588.622 0 5 1 1 1 1 4 1 5 49
590.052 0 6 1 1 1 1 5 1 4 49
590.19 0 6 1 1 2 2 4 1 4 49
591.483 0 6 1 1 1 1 5 1 4 49
593.46 0 5 1 1 0 1 5 2 4 49
601.048 0 5 0 0 0 2 5 2 4 49
602.273 0 5 0 0 0 1 5 1 4 50
608.369 0 6 0 0 0 1 6 1 3 50
609.972 0 6 1 1 0 0 6 1 3 50
611.326 0 6 0 0 0 1 6 1 3 50
614.767 0 6 0 0 1 2 5 1 3 50
617.48 0 6 0 0 2 3 4 1 3 50
618.004 0 7 0 0 2 3 5 1 2 50
622.696 0 7 0 0 2 2 5 0 2 51
623.509 0 6 0 0 2 2 4 0 3 51
632.465 0 5 0 0 2 2 3 0 4 51
636.718 1 6 0 0 1 2 3 0 4 51
637.016 1 6 0 0 0 1 4 0 4 51
641.051 1 5 0 0 0 1 3 0 5 51
646.196 1 6 0 0 0 1 4 0 4 51
646.49 1 5 0 0 0 1 3 0 5 51
647.915 1 6 0 0 0 1 4 0 4 51
648.716 1 7 0 0 0 1 5 0 3 51
652.394 1 6 0 0 0 1 4 0 4 51
654.89 1 7 0 0 0 1 5 0 3 51
657.892 1 6 0 0 0 1 4 0 4 51
659.986 1 5 0 0 0 1 3 0 5 51
663.249 1 4 0 0 0 1 2 0 6 51
665.414 1 5 0 0 0 1 3 0 5 51
665.645 1 4 0 0 0 1 2 0 6 51
666.033 1 5 0 0 0 1 3 0 5 51
669.234 0 4 0 0 1 1 3 0 5 51
671.297 0 3 0 0 1 1 2 0 6 51
676.76 0 4 0 0 1 1 3 0 5 51
678.206 0 3 0 0 0 1 3 1 5 51
682.283 0 4 0 0 0 1 4 1 4 51
684.074 0 5 0 0 0 1 5 1 3 51
696.368 0 4 0 0 0 1 4 1 4 51
697.719 0 3 0 0 0 1 3 1 5 51
699.749 0 2 0 0 0 1 2 1 6 51
699.803 0 3 0 0 0 1 3 1 5 51
701.217 0 4 0 0 0 1 4 1 4 51
704.336 0 3 0 0 0 1 3 1 5 51
705.896 0 4 0 0 0 1 4 1 4 51
708.892 0 5 0 0 0 1 5 1 3 51
716.482 0 4 0 0 0 1 4 1 4 51
718.692 0 4 0 0 0 0 4 0 4 52
722.385 0 3 0 0 0 0 3 0 5 52
724.158 0 4 0 0 0 0 4 0 4 52
725.232 0 3 0 0 0 0 3 0 5 52
725.598 0 2 0 0 0 0 2 0 6 52
726.637 0 3 0 0 0 0 3 0 5 52
742.551 0 4 0 0 0 0 4 0 4 52
743.255 0 5 0 0 0 0 5 0 3 52
758.785 0 4 0 0 0 0 4 0 4 52
759.871 0 4 0 0 0 1 4 1 4 51
764.709 0 4 1 1 0 0 4 1 4 51
767.642 0 5 1 1 0 0 5 1 3 51
770.214 0 4 1 1 0 0 4 1 4 51
772.316 0 5 1 1 0 0 5 1 3 51
773.602 0 5 1 1 1 1 4 1 3 51
779.039 0 4 1 1 1 1 3 1 4 51
788.77 0 4 1 1 2 2 2 1 4 51
793.107 0 5 1 1 2 2 3 1 3 51
800.031 0 6 1 1 2 2 4 1 2 51
800.146 0 7 1 1 3 2 4 0 2 51
806.942 1 8 1 1 2 2 4 0 2 51
808.246 0 7 1 1 3 2 4 0 2 51
809.446 0 6 1 1 3 2 3 0 3 51
810.093 0 5 1 1 2 2 3 1 3 51
810.978 0 4 1 1 1 2 3 2 3 51
812.918 0 5 1 1 2 2 3 1 3 51
813.181 0 6 1 1 2 2 4 1 2 51
814.407 0 5 1 1 2 2 3 1 3 51
822.87 0 4 1 1 2 2 2 1 4 51
827.576 0 5 1 1 2 2 3 1 3 51
828.305 0 4 1 1 2 2 2 1 4 51
828.686 0 5 1 1 2 2 3 1 3 51
829.142 0 5 1 1 1 1 4 1 3 51
831.22 0 6 1 1 1 1 5 1 2 51
840.276 0 5 1 1 1 1 4 1 3 51
840.666 0 4 1 1 1 1 3 1 4 51
846.524 0 3 1 1 0 1 3 2 4 51
855.453 0 4 1 1 0 1 4 2 3 51
856.96 0 5 1 1 0 1 5 2 2 51
861.882 0 4 1 1 0 1 4 2 3 51
866.034 0 5 1 1 0 1 5 2 2 51
869.854 0 4 1 1 0 1 4 2 3 51
871.204 0 5 1 1 0 1 5 2 2 51
873.125 0 5 1 1 1 2 4 2 2 51
873.161 0 5 1 1 2 3 3 2 2 51
875.279 0 5 2 2 2 2 3 2 2 51
883.221 0 4 2 2 2 2 2 2 3 51
884.924 0 5 2 2 2 2 3 2 2 51
887.473 0 5 1 1 2 3 3 2 2 51
888.098 0 4 1 1 1 3 3 3 2 51
890.452 0 4 2 2 1 2 3 3 2 51
892.93 1 5 2 2 0 2 3 3 2 51
892.984 1 5 2 2 0 1 3 2 2 52
897.537 1 5 2 2 0 0 3 1 2 53
901.499 1 4 2 2 0 0 2 1 3 53
901.583 1 5 2 2 0 0 3 1 2 53
907.898 1 4 2 2 0 0 2 1 3 53
908.577 1 5 2 2 0 0 3 1 2 53
915.974 1 4 2 2 0 0 2 1 3 53
918.295 0 3 2 2 1 0 2 1 3 53
928.095 0 3 2 2 1 1 2 2 3 52
928.667 0 2 2 2 1 1 1 2 4 52
933.877 0 2 3 3 1 0 1 2 4 52
951.517 0 3 3 3 1 0 2 2 3 52
954.972 0 4 3 3 1 0 3 2 2 52
955.071 0 5 3 3 1 0 4 2 1 52
957.73 0 4 3 3 1 0 3 2 2 52
960.894 0 3 3 3 1 0 2 2 3 52
961.23 0 4 3 3 1 0 3 2 2 52
974.244 0 3 3 3 1 0 2 2 3 52
982.683 0 3 3 3 1 1 2 3 3 51
983.009 0 2 3 3 1 1 1 3 4 51
987.11 0 3 3 3 1 1 2 3 3 51
993.236 0 2 3 3 0 1 2 4 3 51
1000.3 0 3 3 3 0 1 3 4 2 51
1002.5 0 2 3 3 0 1 2 4 3 51
1003.84 0 2 3 3 0 0 2 3 3 52
1008 0 3 3 3 1 0 2 2 3 52
1008.96 0 2 3 3 1 0 1 2 4 52
1011.28 0 2 2 2 1 1 1 2 4 52
1018.3 0 3 2 2 1 1 2 2 3 52
1018.49 0 4 2 2 1 1 3 2 2 52
1018.86 0 3 2 2 1 1 2 2 3 52
1019.04 0 4 2 2 1 1 3 2 2 52
1019.13 0 5 2 2 2 1 3 1 2 52
1026.96 0 5 1 1 2 2 3 1 2 52
1027.03 0 6 1 1 3 2 3 0 2 52
1029.42 0 5 1 1 3 2 2 0 3 52
1030.28 0 4 1 1 2 2 2 1 3 52
1031.59 0 5 1 1 2 2 3 1 2 52
1036.14 0 4 1 1 2 2 2 1 3 52
1043.86 0 5 1 1 2 2 3 1 2 52
1045.45 0 4 1 1 1 2 3 2 2 52
1046.17 0 3 1 1 1 2 2 2 3 52
1046.83 0 3 1 1 1 1 2 1 3 53
1050.12 0 3 1 1 1 2 2 2 3 52
1050.76 1 4 1 1 0 2 2 2 3 52
1052.96 1 5 1 1 0 2 3 2 2 52
1053.92 1 4 1 1 0 2 2 2 3 52
1056.18 1 5 1 1 0 2 3 2 2 52
1058.66 1 5 1 1 0 1 3 1 2 53
1059.55 1 4 1 1 0 1 2 1 3 53
1062.06 1 4 0 0 0 2 2 1 3 53
1063.62 1 3 0 0 0 2 1 1 4 53
1065.77 1 3 0 0 1 3 0 1 4 53
1074.07 1 4 0 0 1 3 1 1 3 53
1076.43 1 3 0 0 1 3 0 1 4 53
1077.88 0 2 0 0 2 3 0 1 4 53
1079.44 0 2 1 1 2 2 0 1 4 53
1082.91 0 3 1 1 2 2 1 1 3 53
1083.65 0 4 1 1 2 2 2 1 2 53
1086.35 0 4 2 2 2 1 2 1 2 53
1090.89 0 4 2 2 2 2 2 2 2 52
1093.67 0 4 1 1 2 3 2 2 2 52
1095.64 0 5 1 1 2 3 3 2 1 52
1096.42 0 6 1 1 3 3 3 1 1 52
1097.81 0 5 1 1 2 3 3 2 1 52
1100.08 0 5 1 1 1 2 4 2 1 52
1101.32 0 4 1 1 1 2 3 2 2 52
1104.94 0 3 1 1 1 2 2 2 3 52
1107.97 1 4 1 1 0 2 2 2 3 52
1117.51 1 5 1 1 1 2 2 1 3 52
1118.94 1 6 1 1 1 2 3 1 2 52
1140.42 1 5 1 1 1 2 2 1 3 52
1144.91 1 4 1 1 1 2 1 1 4 52
1146.03 0 3 1 1 2 2 1 1 4 52
1150.65 0 2 1 1 2 2 0 1 5 52
1151.88 0 3 1 1 2 2 1 1 4 52
1158.03 0 3 1 1 1 1 2 1 4 52
1160.57 0 4 1 1 1 1 3 1 3 52
1160.61 0 3 1 1 1 1 2 1 4 52
1162.52 0 4 1 1 1 1 3 1 3 52
1163.45 0 4 0 0 1 2 3 1 3 52
1165.24 0 4 0 0 1 1 3 0 3 53
1173.82 0 5 0 0 1 1 4 0 2 53
1175.04 0 4 0 0 0 1 4 1 2 53
1179.5 0 5 0 0 0 1 5 1 1 53
1182.35 0 5 0 0 0 2 5 2 1 52
1184.51 0 4 0 0 0 2 4 2 2 52
1190.01 0 5 0 0 0 2 5 2 1 52
1190.53 0 6 0 0 1 2 5 1 1 52
1191.19 0 5 0 0 1 2 4 1 2 52
1198.34 0 4 0 0 1 2 3 1 3 52
1200.11 0 3 0 0 1 2 2 1 4 52
1202.38 0 2 0 0 1 2 1 1 5 52
1202.88 0 3 0 0 1 2 2 1 4 52
1206.77 0 4 0 0 1 2 3 1 3 52
1218.91 0 3 0 0 1 2 2 1 4 52
1221.51 0 4 0 0 1 2 3 1 3 52
1223.65 0 4 0 0 2 3 2 1 3 52
1225.47 0 3 0 0 2 3 1 1 4 52
1231.89 0 4 0 0 2 3 2 1 3 52
1231.92 1 5 0 0 1 3 2 1 3 52
1232.35 1 5 0 0 1 2 2 0 3 53
1242.21 0 4 0 0 2 2 2 0 3 53
1246.9 0 5 0 0 2 2 3 0 2 53
1258.09 0 5 0 0 1 1 4 0 2 53
1258.12 0 4 0 0 1 1 3 0 3 53
1260.91 0 4 0 0 2 2 2 0 3 53
1264.42 0 4 0 0 1 1 3 0 3 53
1265.93 0 3 0 0 1 1 2 0 4 53
1268.58 0 3 0 0 0 0 3 0 4 53
1270.29 0 4 0 0 0 0 4 0 3 53
1279.64 0 3 0 0 0 0 3 0 4 53
1288.15 0 4 0 0 0 0 4 0 3 53
1289.31 0 5 0 0 0 0 5 0 2 53
1289.91 0 6 0 0 0 0 6 0 1 53
1291.65 0 6 0 0 1 1 5 0 1 53
1293.88 0 5 0 0 1 1 4 0 2 53
1297.47 0 4 0 0 1 1 3 0 3 53
1299.99 0 4 0 0 2 2 2 0 3 53
1302.93 1 5 0 0 1 2 2 0 3 53
1304.61 1 4 0 0 1 2 1 0 4 53
1306.18 0 3 0 0 2 2 1 0 4 53
1306.25 0 3 0 0 2 3 1 1 4 52
1313.49 0 4 0 0 2 3 2 1 3 52
1317.85 0 4 1 1 2 2 2 1 3 52
1319.09 0 5 1 1 2 2 3 1 2 52
1323.97 0 5 1 1 3 3 2 1 2 52
1330.06 0 4 1 1 3 3 1 1 3 52
1332.41 0 5 1 1 3 3 2 1 2 52
1343.88 0 4 1 1 3 3 1 1 3 52
1344.77 1 5 1 1 2 3 1 1 3 52
1351.18 1 5 1 1 1 2 2 1 3 52
1375.47 1 4 1 1 0 2 2 2 3 52
1376.92 1 4 2 2 0 1 2 2 3 52
1393.76 0 3 2 2 1 1 2 2 3 52
1404.62 0 4 2 2 1 1 3 2 2 52
1407.07 0 5 2 2 1 1 4 2 1 52
1408.18 0 4 2 2 1 1 3 2 2 52
1409.41 0 5 2 2 1 1 4 2 1 52
1415.79 0 6 2 2 1 1 5 2 0 52
1418.22 0 6 2 2 1 0 5 1 0 53
1418.82 0 5 2 2 1 0 4 1 1 53
1420.87 0 6 2 2 1 0 5 1 0 53
1421.22 0 6 2 2 2 1 4 1 0 53
1422.08 1 7 2 2 1 1 4 1 0 53
1426.15 1 6 2 2 1 1 3 1 1 53
1428.34 1 5 2 2 1 1 2 1 2 53
1430.09 1 4 2 2 1 1 1 1 3 53
1431.37 1 3 2 2 1 1 0 1 4 53
1431.43 1 4 2 2 1 1 1 1 3 53
1435.32 0 3 2 2 2 1 1 1 3 53
1439.39 0 4 2 2 2 1 2 1 2 53
1440.43 0 4 1 1 2 2 2 1 2 53
1444.41 0 3 1 1 1 2 2 2 2 53
1445.3 0 3 1 1 1 1 2 1 2 54
1450.59 0 2 1 1 1 1 1 1 3 54
1458.69 0 1 1 1 0 1 1 2 3 54
1460.3 0 2 1 1 0 1 2 2 2 54
1479.22 0 3 1 1 0 1 3 2 1 54
1481.32 0 4 1 1 0 1 4 2 0 54
1484.51 0 5 1 1 1 1 4 1 0 54
1490.79 0 5 0 0 1 2 4 1 0 54
1497.11 1 6 0 0 0 2 4 1 0 54
1499.67 1 6 1 1 0 1 4 1 0 54
1510.54 1 5 1 1 0 1 3 1 1 54
1512.75 1 4 1 1 0 1 2 1 2 54
1516.15 1 5 1 1 1 1 2 0 2 54
1521.77 1 4 1 1 1 1 1 0 3 54
1521.98 1 4 1 1 2 2 0 0 3 54
1523.42 1 5 1 1 2 2 1 0 2 54
1523.58 0 4 1 1 3 2 1 0 2 54
1523.73 0 3 1 1 3 2 0 0 3 54
1529.84 0 4 1 1 3 2 1 0 2 54
1530.12 0 3 1 1 3 2 0 0 3 54
1533.63 0 4 1 1 3 2 1 0 2 54
1533.63 0 5 1 1 3 2 2 0 1 54
1535.57 0 4 1 1 3 2 1 0 2 54
1535.79 0 4 2 2 3 1 1 0 2 54
1535.83 0 3 2 2 2 1 1 1 2 54
1538.04 0 3 1 1 2 2 1 1 2 54
1538.5 0 2 1 1 2 2 0 1 3 54
1541.95 1 3 1 1 1 2 0 1 3 54
1551.45 1 4 1 1 1 2 1 1 2 54
1553.32 0 3 1 1 2 2 1 1 2 54
1559.97 0 2 1 1 1 2 1 2 2 54
1560.91 0 1 1 1 1 2 0 2 3 54
1566 0 2 1 1 1 2 1 2 2 54
1571.65 0 2 2 2 1 1 1 2 2 54
1575.11 0 1 2 2 1 1 0 2 3 54
1576.54 0 2 2 2 1 1 1 2 2 54
1577.34 0 3 2 2 1 1 2 2 1 54
1578.45 0 2 2 2 1 1 1 2 2 54
1578.76 0 3 2 2 1 1 2 2 1 54
1591.24 0 4 2 2 2 1 2 1 1 54
1598.37 1 5 2 2 1 1 2 1 1 54
1598.51 0 4 2 2 2 1 2 1 1 54
1599.13 0 3 2 2 1 1 2 2 1 54
1603.05 0 3 2 2 1 2 2 3 1 53
1613.9 0 3 1 1 1 3 2 3 1 53
1626.1 0 2 1 1 1 3 1 3 2 53
1629.55 0 3 1 1 1 3 2 3 1 53
1632.88 0 3 1 1 2 4 1 3 1 53
1634.17 0 3 2 2 2 3 1 3 1 53
1638.49 0 3 2 2 1 2 2 3 1 53
1638.74 0 3 2 2 1 3 2 4 1 52
1652.65 0 4 2 2 1 3 3 4 0 52
1653.57 0 4 3 3 1 2 3 4 0 52
1658.89 0 4 3 3 1 1 3 3 0 53
1661.1 0 4 3 3 0 0 4 3 0 53
1663.35 0 3 3 3 0 0 3 3 1 53
1663.84 0 2 3 3 0 0 2 3 2 53
1665.32 0 3 3 3 0 0 3 3 1 53
1665.54 0 3 2 2 0 1 3 3 1 53
1667.15 0 3 1 1 0 2 3 3 1 53
1673.34 0 4 1 1 0 2 4 3 0 53
1678.99 0 4 1 1 0 1 4 2 0 54
1681.6 0 4 1 1 0 0 4 1 0 55
1687.57 0 3 1 1 0 0 3 1 1 55
1694.9 0 4 1 1 0 0 4 1 0 55
1701 0 3 1 1 0 0 3 1 1 55
1704.58 0 2 1 1 0 0 2 1 2 55
1722.8 0 2 1 1 1 1 1 1 2 55
1732.77 0 2 1 1 1 0 1 0 2 56
1768.71 0 3 1 1 1 0 2 0 1 56
1773.78 1 4 1 1 0 0 2 0 1 56
1779.68 1 3 1 1 0 0 1 0 2 56
1794.08 0 2 1 1 1 0 1 0 2 56
1808.52 0 1 1 1 1 0 0 0 3 56
1816 0 2 1 1 1 0 1 0 2 56
1832.13 0 3 1 1 1 0 2 0 1 56
1835.58 0 2 1 1 0 0 2 1 1 56
1848.96 0 1 1 1 0 0 1 1 2 56
1878.62 0 2 1 1 0 0 2 1 1 56
1886.36 0 2 1 1 1 1 1 1 1 56
1895.44 0 3 1 1 1 1 2 1 0 56
1897.74 0 4 1 1 2 1 2 0 0 56
1904.83 1 5 1 1 1 1 2 0 0 56
1911.41 1 4 1 1 1 1 1 0 1 56
1925.57 1 3 1 1 1 1 0 0 2 56
1936.07 1 4 1 1 1 1 1 0 1 56
1936.8 2 5 1 1 0 1 1 0 1 56
1936.86 1 4 1 1 1 1 1 0 1 56
1938.23 0 3 1 1 2 1 1 0 1 56
1949.46 0 2 1 1 2 1 0 0 2 56
1976.44 0 1 1 1 1 1 0 1 2 56
1978.38 0 2 1 1 1 1 1 1 1 56
1981.65 0 2 0 0 1 2 1 1 1 56
1982.63 0 3 0 0 1 2 2 1 0 56
1984.76 0 2 0 0 1 2 1 1 1 56
1999.18 0 2 0 0 0 1 2 1 1 56
2014.1 0 3 0 0 1 1 2 0 1 56
2014.33 0 2 0 0 0 1 2 1 1 56
2017.96 0 1 0 0 0 1 1 1 2 56
2018.53 0 2 0 0 0 1 2 1 1 56
2024.88 0 1 0 0 0 1 1 1 2 56
2033.89 0 2 0 0 0 1 2 1 1 56
2036.55 0 2 1 1 0 0 2 1 1 56
2045.12 0 3 1 1 0 0 3 1 0 56
2051.82 0 2 1 1 0 0 2 1 1 56
2055.55 0 3 1 1 0 0 3 1 0 56
2056.98 0 2 1 1 0 0 2 1 1 56
2076.86 0 3 1 1 0 0 3 1 0 56
2083.27 0 3 0 0 0 1 3 1 0 56
2096.89 0 2 0 0 0 1 2 1 1 56
2106.5 0 2 0 0 0 0 2 0 1 57
2122.6 0 3 0 0 0 0 3 0 0 57
2140.82 0 2 0 0 0 0 2 0 1 57
2174.6 0 2 0 0 0 1 2 1 1 56
2181.5 0 1 0 0 0 1 1 1 2 56
2184.94 0 0 0 0 0 1 0 1 3 56
2199.45 0 0 1 1 0 0 0 1 3 56
2206.39 0 1 1 1 1 0 0 0 3 56
2212.55 0 2 1 1 1 0 1 0 2 56
2218.35 0 3 1 1 1 0 2 0 1 56
2223.93 0 2 1 1 1 0 1 0 2 56
2230.05 1 3 1 1 0 0 1 0 2 56
2233.48 1 4 1 1 0 0 2 0 1 56
2234.61 0 3 1 1 1 0 2 0 1 56
2238.02 0 2 1 1 1 0 1 0 2 56
2244.79 0 2 0 0 1 1 1 0 2 56
2250.94 0 3 0 0 1 1 2 0 1 56
2254.54 0 3 1 1 1 0 2 0 1 56
2254.89 0 3 1 1 2 1 1 0 1 56
2258.47 0 2 1 1 1 1 1 1 1 56
2261.46 0 1 1 1 0 1 1 2 1 56
2269.06 0 2 1 1 1 1 1 1 1 56
2278.64 0 3 1 1 2 1 1 0 1 56
2280.41 0 3 2 2 2 0 1 0 1 56
2282.01 0 2 2 2 2 0 0 0 2 56
2284.64 0 1 2 2 1 0 0 1 2 56
2291.67 0 1 1 1 1 1 0 1 2 56
2295.94 0 1 0 0 1 2 0 1 2 56
2298.3 0 1 1 1 1 1 0 1 2 56
2310.57 1 2 1 1 0 1 0 1 2 56
2316.6 1 3 1 1 0 1 1 1 1 56
2325.87 1 4 1 1 1 1 1 0 1 56
2333.06 1 5 1 1 1 1 2 0 0 56
2336.06 1 5 1 1 0 0 3 0 0 56
2339.09 0 4 1 1 1 0 3 0 0 56
2341.35 0 3 1 1 1 0 2 0 1 56
2349.42 0 2 1 1 1 0 1 0 2 56
2366.88 0 3 1 1 1 0 2 0 1 56
2387.96 0 4 1 1 1 0 3 0 0 56
2394.83 1 5 1 1 0 0 3 0 0 56
2411.92 1 5 1 1 0 1 3 1 0 55
2427.81 1 4 1 1 0 1 2 1 1 55
2442.77 1 4 1 1 0 0 2 0 1 56
2448.26 1 5 1 1 0 0 3 0 0 56
2475.99 1 4 1 1 0 0 2 0 1 56
2491.57 1 3 1 1 0 0 1 0 2 56
2502.67 1 4 1 1 0 0 2 0 1 56
2508.95 1 3 1 1 0 0 1 0 2 56
2516.92 1 3 1 1 0 1 1 1 2 55
2518.48 1 4 1 1 1 1 1 0 2 55
2532.42 2 5 1 1 0 1 1 0 2 55
2539.85 2 5 0 0 0 2 1 0 2 55
2541.97 1 4 0 0 1 2 1 0 2 55
2562.78 1 5 0 0 1 2 2 0 1 55
2570.34 1 4 0 0 1 2 1 0 2 55
2573.46 1 3 0 0 1 2 0 0 3 55
2579.07 1 4 0 0 1 2 1 0 2 55
2581.13 1 3 0 0 0 2 1 1 2 55
2592.27 0 2 0 0 1 2 1 1 2 55
2601.5 0 1 0 0 0 2 1 2 2 55
2603.47 0 1 1 1 0 1 1 2 2 55
2606.5 0 1 1 1 0 2 1 3 2 54
2608.19 0 0 1 1 0 2 0 3 3 54
2611.4 0 0 1 1 0 1 0 2 3 55
2633.25 0 1 1 1 0 1 1 2 2 55
2656.23 0 0 1 1 0 1 0 2 3 55
2657.7 0 1 1 1 0 1 1 2 2 55
2663.13 0 2 1 1 0 1 2 2 1 55
2667.27 0 2 1 1 1 2 1 2 1 55
2678.07 0 3 1 1 1 2 2 2 0 55
2678.98 1 4 1 1 0 2 2 2 0 55
2679.1 1 4 0 0 0 3 2 2 0 55
2686.61 1 4 0 0 0 2 2 1 0 56
2690.17 1 3 0 0 0 2 1 1 1 56
2692.56 1 4 0 0 0 2 2 1 0 56
2696.36 1 3 0 0 0 2 1 1 1 56
2714.22 1 2 0 0 0 2 0 1 2 56
2720.15 1 3 0 0 0 2 1 1 1 56
2729.01 1 3 0 0 0 3 1 2 1 55
2729.38 1 3 0 0 0 2 1 1 1 56
2738.81 1 3 0 0 0 3 1 2 1 55
2743.38 0 2 0 0 1 3 1 2 1 55
2750.39 0 3 0 0 2 3 1 1 1 55
2753.01 0 4 0 0 2 3 2 1 0 55
2756.29 1 5 0 0 1 3 2 1 0 55
2758.3 1 4 0 0 1 3 1 1 1 55
2762.85 2 5 0 0 0 3 1 1 1 55
2766.51 2 5 0 0 0 2 1 0 1 56
2775.54 1 4 0 0 1 2 1 0 1 56
2800.48 1 5 0 0 1 2 2 0 0 56
2801.2 1 4 0 0 1 2 1 0 1 56
2805.95 1 4 0 0 1 3 1 1 1 55
2806.73 1 5 0 0 1 3 2 1 0 55
2807.59 1 5 0 0 0 2 3 1 0 55
2808.15 1 5 0 0 0 1 3 0 0 56
2811.92 0 4 0 0 1 1 3 0 0 56
2813.87 0 4 0 0 1 2 3 1 0 55
2820.02 0 4 0 0 1 3 3 2 0 54
2820.42 0 4 1 1 1 2 3 2 0 54
2821.25 0 3 1 1 1 2 2 2 1 54
2824.33 0 3 1 1 1 1 2 1 1 55
2827.21 0 4 1 1 1 1 3 1 0 55
2850.19 0 3 1 1 1 1 2 1 1 55
2854.46 0 2 1 1 1 1 1 1 2 55
2866.25 0 3 1 1 1 1 2 1 1 55
2876.45 0 3 0 0 1 2 2 1 1 55
2889.37 0 3 1 1 1 1 2 1 1 55
2889.5 0 4 1 1 2 1 2 0 1 55
2892.47 0 4 2 2 2 0 2 0 1 55
2902.65 0 3 2 2 1 0 2 1 1 55
2906.46 1 4 2 2 0 0 2 1 1 55
2909.37 1 4 1 1 0 1 2 1 1 55
2912.49 1 5 1 1 0 1 3 1 0 55
2919.95 1 4 1 1 0 1 2 1 1 55
2921.97 0 3 1 1 1 1 2 1 1 55
2923.08 0 2 1 1 1 1 1 1 2 55
2927.62 0 2 2 2 1 0 1 1 2 55
2941.12 0 3 2 2 1 0 2 1 1 55
2944.91 1 4 2 2 0 0 2 1 1 55
2946.78 1 4 2 2 1 1 1 1 1 55
2957.85 1 5 2 2 1 1 2 1 0 55
2959.43 1 5 1 1 1 2 2 1 0 55
2962.24 1 4 1 1 0 2 2 2 0 55
2973.79 0 3 1 1 1 2 2 2 0 55
2978.15 0 2 1 1 1 2 1 2 1 55
2982.82 0 2 1 1 1 3 1 3 1 54
2983.47 0 2 1 1 0 2 2 3 1 54
2991.91 0 2 1 1 0 1 2 2 1 55
2992.47 0 2 2 2 0 0 2 2 1 55
2992.93 0 3 2 2 0 0 3 2 0 55
2997.96 0 3 2 2 1 1 2 2 0 55
2998.73 0 3 2 2 1 2 2 3 0 54
2998.73 0 3 2 2 1 2 2 3 0 54
