0 60 120 60 60 0 0 0 0 0 0
0.0100616 60 120 59 59 0 1 0 0 0 0
0.0142521 60 120 58 58 0 2 0 0 0 0
0.0154714 59 119 58 58 1 2 0 0 0 0
0.0175333 58 118 58 58 2 2 0 0 0 0
0.0228418 57 117 58 58 3 2 0 0 0 0
0.029369 56 116 58 58 4 2 0 0 0 0
0.0353148 55 115 58 58 5 2 0 0 0 0
0.0353312 54 114 58 58 6 2 0 0 0 0
0.041497 53 113 58 58 7 2 0 0 0 0
0.103177 53 113 57 57 7 3 0 0 0 0
0.126214 52 112 57 57 8 3 0 0 0 0
0.130459 52 112 56 56 8 4 0 0 0 0
0.134267 52 112 55 55 8 5 0 0 0 0
0.13657 52 112 54 54 8 6 0 0 0 0
0.176348 51 111 54 54 9 6 0 0 0 0
0.179133 50 110 54 54 10 6 0 0 0 0
0.21578 49 109 54 54 11 6 0 0 0 0
0.227483 49 108 54 54 10 6 0 1 0 0
0.236185 48 107 54 54 11 6 0 1 0 0
0.243392 47 106 54 54 12 6 0 1 0 0
0.245187 46 105 54 54 13 6 0 1 0 0
0.256751 45 104 54 54 14 6 0 1 0 0
0.260323 44 103 54 54 15 6 0 1 0 0
0.264208 43 102 54 54 16 6 0 1 0 0
0.264699 43 102 53 53 16 7 0 1 0 0
0.309823 42 101 53 53 17 7 0 1 0 0
0.33322 42 101 52 52 17 8 0 1 0 0
0.384152 42 100 52 52 16 8 0 2 0 0
0.395007 42 99 52 52 15 8 0 3 0 0
0.399165 42 99 51 51 15 9 0 3 0 0
0.431478 42 99 50 50 15 10 0 3 0 0
0.473383 41 98 50 50 16 10 0 3 0 0
0.506261 41 98 49 49 16 11 0 3 0 0
0.532882 41 98 48 48 16 12 0 3 0 0
0.536126 41 97 48 48 15 12 0 4 0 0
0.537642 41 97 47 47 15 13 0 4 0 0
0.590737 40 96 47 47 16 13 0 4 0 0
0.616081 40 95 47 47 15 13 0 5 0 0
0.619136 39 94 47 47 16 13 0 5 0 0
0.643528 39 93 47 47 15 13 0 6 0 0
0.647614 38 92 47 47 16 13 0 6 0 0
0.648234 37 91 47 47 17 13 0 6 0 0
0.690242 36 90 47 47 18 13 0 6 0 0
0.772936 36 90 46 46 18 14 0 6 0 0
0.775023 36 89 46 46 17 14 0 7 0 0
0.807626 35 88 46 46 18 14 0 7 0 0
0.826217 34 87 46 46 19 14 0 7 0 0
0.852885 34 87 45 45 19 15 0 7 0 0
0.857404 34 87 44 44 19 16 0 7 0 0
0.887349 34 87 43 43 19 17 0 7 0 0
0.912284 33 86 43 43 20 17 0 7 0 0
0.934346 32 85 43 43 21 17 0 7 0 0
0.947645 32 85 42 42 21 18 0 7 0 0
0.983018 31 84 42 42 22 18 0 7 0 0
0.99383 31 84 41 41 22 19 0 7 0 0
1.02976 30 83 41 41 23 19 0 7 0 0
1.03554 29 82 41 41 24 19 0 7 0 0
1.05379 29 81 41 41 23 19 0 8 0 0
1.09413 29 81 40 40 23 20 0 8 0 0
1.10999 28 80 40 40 24 20 0 8 0 0
1.14276 28 80 40 40 23 19 1 8 0 0
1.19581 28 80 39 39 23 20 1 8 0 0
1.19715 27 79 39 39 24 20 1 8 0 0
1.24089 27 78 39 39 23 20 1 9 0 0
1.24547 27 78 38 38 23 21 1 9 0 0
1.26887 26 77 38 38 24 21 1 9 0 0
1.28446 26 76 38 38 23 21 1 10 0 0
1.30321 25 75 38 38 24 21 1 10 0 0
1.33329 25 75 38 38 23 20 2 10 0 0
1.35505 25 74 38 38 22 20 2 11 0 0
1.41687 25 74 37 37 22 21 2 11 0 0
1.44846 25 73 37 37 21 21 2 12 0 0
1.45618 25 72 37 37 20 21 2 13 0 0
1.46496 25 71 37 37 19 21 2 14 0 0
1.516 24 70 37 37 20 21 2 14 0 0
1.51745 24 70 36 36 20 22 2 14 0 0
1.52117 23 69 36 36 21 22 2 14 0 0
1.52158 23 68 36 36 20 22 2 15 0 0
1.54734 22 67 36 36 21 22 2 15 0 0
1.56374 21 66 36 36 22 22 2 15 0 0
1.58302 21 66 36 36 22 21 2 14 0 1
1.61484 20 65 36 36 23 21 2 14 0 1
1.62833 20 64 36 36 22 21 2 15 0 1
1.71612 20 63 36 36 21 21 2 16 0 1
1.74212 20 63 35 35 21 22 2 16 0 1
1.74928 20 63 34 34 21 23 2 16 0 1
1.84519 19 62 34 34 22 23 2 16 0 1
1.87789 19 61 34 34 21 23 2 17 0 1
1.88592 18 60 34 34 22 23 2 17 0 1
1.89822 18 60 34 34 22 22 2 16 0 2
1.94228 18 59 34 34 22 22 1 16 1 2
1.9825 17 58 34 34 23 22 1 16 1 2
1.99604 17 58 33 33 23 23 1 16 1 2
1.99857 16 57 33 33 24 23 1 16 1 2
2.02862 16 57 32 32 24 24 1 16 1 2
2.07331 16 57 32 32 24 23 1 15 1 3
2.10444 16 57 32 32 23 22 2 15 1 3
2.10781 15 56 32 32 24 22 2 15 1 3
2.14316 15 56 32 32 24 21 2 14 1 4
2.14624 15 55 32 32 23 21 2 15 1 4
2.17792 15 54 32 32 22 21 2 16 1 4
2.22662 15 54 31 31 22 22 2 16 1 4
2.23636 15 53 31 31 22 22 1 16 2 4
2.29199 15 53 31 31 21 21 2 16 2 4
2.30878 15 53 31 31 21 20 2 15 2 5
2.33954 15 52 31 31 20 20 2 16 2 5
2.36588 15 51 31 31 19 20 2 17 2 5
2.36617 14 50 31 31 20 20 2 17 2 5
2.36643 14 50 31 31 20 19 2 16 2 6
2.43027 14 50 30 30 20 20 2 16 2 6
2.46846 14 50 29 29 20 21 2 16 2 6
2.52033 14 49 29 29 19 21 2 17 2 6
2.66084 13 48 29 29 20 21 2 17 2 6
2.67066 13 48 28 28 20 22 2 17 2 6
2.7546 13 47 28 28 19 22 2 18 2 6
2.83755 13 47 28 28 18 21 3 18 2 6
2.87745 13 47 27 27 18 22 3 18 2 6
2.87804 12 46 27 27 19 22 3 18 2 6
2.87827 12 46 26 26 19 23 3 18 2 6
2.89431 12 45 26 26 18 23 3 19 2 6
3.00154 11 44 26 26 19 23 3 19 2 6
3.03244 11 43 26 26 18 23 3 20 2 6
3.03902 11 43 26 26 17 22 4 20 2 6
3.05189 11 43 26 26 17 21 4 19 2 7
3.09431 12 44 26 26 16 21 4 19 2 7
3.16156 12 43 26 26 15 21 4 20 2 7
3.20355 12 43 26 26 14 20 5 20 2 7
3.22987 12 43 26 26 13 19 6 20 2 7
3.24671 12 43 25 25 13 20 6 20 2 7
3.255 12 43 25 25 13 19 6 19 2 8
3.38007 11 42 25 25 14 19 6 19 2 8
3.42862 11 42 25 25 13 18 7 19 2 8
3.47793 11 42 24 24 13 19 7 19 2 8
3.50001 11 42 23 23 13 20 7 19 2 8
3.52842 11 42 22 22 13 21 7 19 2 8
3.71929 11 41 22 22 12 21 7 20 2 8
3.75741 11 40 22 22 12 21 6 20 3 8
3.82821 11 40 21 21 12 22 6 20 3 8
4.00547 10 39 21 21 13 22 6 20 3 8
4.08841 10 38 21 21 13 22 5 20 4 8
4.29085 10 37 21 21 13 22 4 20 5 8
4.36922 10 37 21 21 12 21 5 20 5 8
4.5845 10 37 21 21 12 20 5 19 5 9
4.58888 10 36 21 21 11 20 5 20 5 9
4.6768 10 36 21 21 11 19 5 19 5 10
4.70995 10 36 20 20 11 20 5 19 5 10
4.72633 9 35 20 20 12 20 5 19 5 10
4.73625 9 35 19 19 12 21 5 19 5 10
4.79791 9 34 19 19 12 21 4 19 6 10
4.83526 8 33 19 19 13 21 4 19 6 10
4.84243 8 32 19 19 12 21 4 20 6 10
4.86804 8 32 19 19 11 20 5 20 6 10
5.00212 7 31 19 19 12 20 5 20 6 10
5.01911 7 31 18 18 12 21 5 20 6 10
5.22185 6 30 18 18 13 21 5 20 6 10
5.25011 6 30 17 17 13 22 5 20 6 10
5.29673 6 31 17 17 13 22 6 20 5 10
5.33822 6 30 17 17 12 22 6 21 5 10
5.34989 6 29 17 17 11 22 6 22 5 10
5.43566 6 29 16 16 11 23 6 22 5 10
5.53111 6 29 17 17 11 22 6 22 5 10
5.5864 5 28 17 17 12 22 6 22 5 10
5.58805 5 28 17 17 11 21 7 22 5 10
5.69083 5 27 17 17 11 21 6 22 6 10
5.69961 5 27 17 17 11 20 6 21 6 11
5.77756 5 27 17 17 11 19 6 20 6 12
5.83857 5 27 16 16 11 20 6 20 6 12
5.97278 5 27 16 16 11 19 6 19 6 13
6.16832 4 26 16 16 12 19 6 19 6 13
6.17814 4 26 15 15 12 20 6 19 6 13
6.42324 4 25 15 15 11 20 6 20 6 13
6.53868 4 24 15 15 10 20 6 21 6 13
6.59406 4 24 15 15 10 19 6 20 6 14
6.75981 4 23 15 15 10 19 5 20 7 14
6.86049 4 22 15 15 9 19 5 21 7 14
6.92347 4 22 15 15 9 18 5 20 7 15
7.00359 3 21 15 15 10 18 5 20 7 15
7.03294 3 20 15 15 9 18 5 21 7 15
7.13387 3 20 14 14 9 19 5 21 7 15
7.15066 3 20 14 14 8 18 6 21 7 15
7.15898 3 20 14 14 7 17 7 21 7 15
7.41912 3 19 14 14 7 17 6 21 8 15
7.5418 3 18 14 14 7 17 5 21 9 15
7.82522 3 17 14 14 6 17 5 22 9 15
7.95902 2 16 14 14 7 17 5 22 9 15
8.00716 2 15 14 14 6 17 5 23 9 15
8.07594 1 14 14 14 7 17 5 23 9 15
8.45494 1 14 13 13 7 18 5 23 9 15
8.47309 1 14 13 13 6 17 6 23 9 15
8.54481 1 14 13 13 5 16 7 23 9 15
8.57892 1 14 12 12 5 17 7 23 9 15
8.58747 1 13 12 12 5 17 6 23 10 15
8.81927 1 13 12 12 5 16 6 22 10 16
8.8638 1 13 12 12 5 15 6 21 10 17
8.90897 1 13 12 12 5 14 6 20 10 18
8.91557 1 13 12 12 5 13 6 19 10 19
8.93607 1 13 11 11 5 14 6 19 10 19
9.31131 1 12 11 11 5 14 5 19 11 19
9.47461 1 12 11 11 4 13 6 19 11 19
9.52264 1 12 11 11 4 12 6 18 11 20
9.8063 1 12 11 11 4 11 6 17 11 21
10.123 1 13 11 11 4 11 7 17 10 21
10.2819 1 12 11 11 4 11 6 17 11 21
10.8999 1 11 11 11 4 11 5 17 12 21
11.0277 1 11 11 11 4 10 5 16 12 22
11.144 1 10 11 11 4 10 4 16 13 22
11.1861 1 10 11 11 4 9 4 15 13 23
11.2946 1 10 10 10 4 10 4 15 13 23
11.6383 1 9 10 10 3 10 4 16 13 23
11.7336 1 9 9 9 3 11 4 16 13 23
12.4985 1 9 9 9 3 10 4 15 13 24
12.5784 1 10 9 9 4 10 4 14 13 24
12.6543 1 11 9 9 4 10 5 14 12 24
13.0507 1 11 9 9 3 9 6 14 12 24
13.5823 1 11 8 8 3 10 6 14 12 24
14.6081 1 11 8 8 3 9 6 13 12 25
14.8049 1 10 8 8 3 9 5 13 13 25
15.163 1 10 7 7 3 10 5 13 13 25
15.3229 1 10 7 7 3 9 5 12 13 26
15.6333 1 10 7 7 2 8 6 12 13 26
16.4859 1 10 6 6 2 9 6 12 13 26
16.6768 1 11 6 6 3 9 6 11 13 26
16.8322 1 10 6 6 3 9 5 11 14 26
17.9774 1 11 6 6 4 9 5 10 14 26
18.0843 1 11 7 7 4 8 5 10 14 26
19.3096 1 12 7 7 4 8 6 10 13 26
19.5807 1 13 7 7 4 8 7 10 12 26
19.6554 1 12 7 7 4 8 6 10 13 26
19.7641 1 12 6 6 4 9 6 10 13 26
20.0314 1 13 6 6 4 9 7 10 12 26
20.7378 1 12 6 6 3 9 7 11 12 26
21.0754 1 12 6 6 3 8 7 10 12 27
21.1542 1 12 6 6 3 7 7 9 12 28
21.2769 1 11 6 6 3 7 6 9 13 28
22.0075 1 11 6 6 2 6 7 9 13 28
22.1905 1 10 6 6 2 6 6 9 14 28
22.8552 1 9 6 6 2 6 5 9 15 28
23.509 1 10 6 6 2 6 6 9 14 28
23.7607 1 9 6 6 2 6 5 9 15 28
23.8233 1 8 6 6 2 6 4 9 16 28
24.9788 1 9 6 6 2 6 5 9 15 28
25.8651 1 9 6 6 2 5 5 8 15 29
26.0302 1 10 6 6 3 5 5 7 15 29
26.12 1 9 6 6 2 5 5 8 15 29
27.7785 1 8 6 6 2 5 4 8 16 29
28.3006 1 8 5 5 2 6 4 8 16 29
28.4099 1 9 5 5 2 6 5 8 15 29
28.4935 2 10 5 5 1 6 5 8 15 29
28.8207 2 10 5 5 1 5 5 7 15 30
30.2315 2 11 5 5 1 5 6 7 14 30
30.368 2 12 5 5 1 5 7 7 13 30
31.9866 1 11 5 5 2 5 7 7 13 30
33.4915 1 10 5 5 2 5 6 7 14 30
33.5154 2 11 5 5 1 5 6 7 14 30
33.7452 2 12 5 5 1 5 7 7 13 30
36.4741 2 13 5 5 1 5 8 7 12 30
36.6014 2 13 5 5 0 4 9 7 12 30
37.1113 2 12 5 5 0 4 8 7 13 30
38.0885 2 11 5 5 0 4 7 7 14 30
38.0933 2 10 5 5 0 4 6 7 15 30
38.5003 2 9 5 5 0 4 5 7 16 30
39.1226 2 8 5 5 0 4 4 7 17 30
40.2612 2 7 5 5 0 4 3 7 18 30
40.2662 2 8 5 5 0 4 4 7 17 30
40.3772 2 8 4 4 0 5 4 7 17 30
40.8844 2 9 4 4 0 5 5 7 16 30
40.9936 2 9 4 4 0 4 5 6 16 31
41.276 2 10 4 4 0 4 6 6 15 31
41.3805 2 11 4 4 0 4 7 6 14 31
41.74 2 10 4 4 0 4 6 6 15 31
42.237 2 10 4 4 0 3 6 5 15 32
43.1081 2 9 4 4 0 3 5 5 16 32
43.3266 2 10 4 4 0 3 6 5 15 32
43.5266 2 11 4 4 0 3 7 5 14 32
43.6228 2 12 4 4 0 3 8 5 13 32
44.8499 2 11 4 4 0 3 7 5 14 32
46.1216 2 10 4 4 0 3 6 5 15 32
46.3401 2 9 4 4 0 3 5 5 16 32
46.5325 2 10 4 4 0 3 6 5 15 32
48.23 2 11 4 4 0 3 7 5 14 32
48.3667 2 11 4 4 0 2 7 4 14 33
49.2803 2 12 4 4 0 2 8 4 13 33
50.6858 2 13 4 4 0 2 9 4 12 33
51.0158 2 14 4 4 0 2 10 4 11 33
51.3156 2 14 3 3 0 3 10 4 11 33
51.7108 1 13 3 3 1 3 10 4 11 33
51.9131 1 13 3 3 2 4 9 4 11 33
52.5764 1 12 3 3 2 4 8 4 12 33
53.0663 0 11 3 3 3 4 8 4 12 33
53.6723 0 10 3 3 3 4 7 4 13 33
53.8237 0 9 3 3 2 4 7 5 13 33
54.0957 0 10 3 3 2 4 8 5 12 33
56.6518 0 9 3 3 2 4 7 5 13 33
57.5551 0 10 3 3 2 4 8 5 12 33
58.8309 0 9 3 3 2 4 7 5 13 33
59.4303 0 10 3 3 2 4 8 5 12 33
59.4661 0 10 3 3 3 5 7 5 12 33
59.7646 0 10 3 3 2 4 8 5 12 33
60.0654 0 9 3 3 2 4 7 5 13 33
62.8108 0 8 3 3 2 4 6 5 14 33
63.6867 0 8 3 3 2 3 6 4 14 34
64.8123 0 8 2 2 2 4 6 4 14 34
65.85 1 9 2 2 1 4 6 4 14 34
66.4695 1 10 2 2 1 4 7 4 13 34
66.8615 1 11 2 2 1 4 8 4 12 34
66.8627 1 10 2 2 1 4 7 4 13 34
67.7087 1 11 2 2 1 4 8 4 12 34
68.4963 1 10 2 2 1 4 7 4 13 34
70.2304 1 10 2 2 1 3 7 3 13 35
71.8056 1 9 2 2 1 3 6 3 14 35
71.8441 1 9 3 3 1 2 6 3 14 35
73.2358 1 10 3 3 1 2 7 3 13 35
74.3077 1 11 3 3 1 2 8 3 12 35
74.3385 1 12 3 3 1 2 9 3 11 35
74.3456 1 13 3 3 1 2 10 3 10 35
75.8199 1 12 3 3 1 2 9 3 11 35
76.2975 1 11 3 3 1 2 8 3 12 35
77.1243 1 12 3 3 1 2 9 3 11 35
77.2142 1 13 3 3 1 2 10 3 10 35
77.68 1 12 3 3 1 2 9 3 11 35
78.0295 1 11 3 3 1 2 8 3 12 35
78.1632 1 12 3 3 1 2 9 3 11 35
79.4784 1 11 3 3 1 2 8 3 12 35
80.523 1 10 3 3 1 2 7 3 13 35
80.7726 1 9 3 3 1 2 6 3 14 35
81.4257 1 10 3 3 1 2 7 3 13 35
81.495 1 11 3 3 1 2 8 3 12 35
81.8803 1 10 3 3 1 2 7 3 13 35
82.4912 1 9 3 3 0 2 7 4 13 35
85.1798 1 8 3 3 0 2 6 4 14 35
85.7941 1 7 3 3 0 2 5 4 15 35
86.0885 1 8 3 3 1 2 5 3 15 35
86.7946 1 8 2 2 1 3 5 3 15 35
87.0612 1 7 2 2 1 3 4 3 16 35
87.2534 1 6 2 2 1 3 3 3 17 35
87.5059 1 7 2 2 1 3 4 3 16 35
87.9186 1 8 2 2 1 3 5 3 15 35
89.0121 1 9 2 2 1 3 6 3 14 35
89.2573 1 9 2 2 1 2 6 2 14 36
93.7381 1 8 2 2 0 2 6 3 14 36
93.8597 1 8 2 2 0 1 6 2 14 37
95.8276 1 9 2 2 0 1 7 2 13 37
97.8967 1 10 2 2 0 1 8 2 12 37
97.9315 1 9 2 2 0 1 7 2 13 37
99.1848 0 8 2 2 1 1 7 2 13 37
104.288 0 9 2 2 1 1 8 2 12 37
106.125 0 10 2 2 1 1 9 2 11 37
106.337 0 9 2 2 0 1 9 3 11 37
106.539 0 8 2 2 0 1 8 3 12 37
106.63 0 9 2 2 0 1 9 3 11 37
106.939 0 10 2 2 0 1 10 3 10 37
110.042 0 9 2 2 0 1 9 3 11 37
111.14 0 8 2 2 0 1 8 3 12 37
113.057 0 7 2 2 0 1 7 3 13 37
113.239 0 6 2 2 0 1 6 3 14 37
114.018 0 7 2 2 0 1 7 3 13 37
114.543 0 8 2 2 0 1 8 3 12 37
115.188 0 9 2 2 0 1 9 3 11 37
116.047 0 8 2 2 0 1 8 3 12 37
117.279 0 9 2 2 0 1 9 3 11 37
117.932 0 8 2 2 0 1 8 3 12 37
118.767 0 9 2 2 0 1 9 3 11 37
121.524 0 8 2 2 0 1 8 3 12 37
123.111 0 9 2 2 0 1 9 3 11 37
123.405 0 8 2 2 0 1 8 3 12 37
124.156 0 7 2 2 0 1 7 3 13 37
124.379 0 8 2 2 0 1 8 3 12 37
124.594 0 7 2 2 0 1 7 3 13 37
124.809 0 8 2 2 0 1 8 3 12 37
126.602 0 9 2 2 0 1 9 3 11 37
128.593 0 10 2 2 0 1 10 3 10 37
129.358 0 11 2 2 0 1 11 3 9 37
130.143 0 12 2 2 0 1 12 3 8 37
130.664 0 12 2 2 0 0 12 2 8 38
131.278 0 11 2 2 0 0 11 2 9 38
131.982 0 12 2 2 0 0 12 2 8 38
133.914 0 13 2 2 0 0 13 2 7 38
134.315 0 12 2 2 0 0 12 2 8 38
136.376 0 11 2 2 0 0 11 2 9 38
136.402 0 12 2 2 0 0 12 2 8 38
136.506 0 11 2 2 0 0 11 2 9 38
137.683 0 10 2 2 0 0 10 2 10 38
137.733 0 9 2 2 0 0 9 2 11 38
137.949 0 10 2 2 0 0 10 2 10 38
137.958 0 11 2 2 0 0 11 2 9 38
138.606 0 10 2 2 0 0 10 2 10 38
138.971 0 11 2 2 0 0 11 2 9 38
139.107 0 11 1 1 0 1 11 2 9 38
139.315 0 10 1 1 0 1 10 2 10 38
139.553 0 9 1 1 0 1 9 2 11 38
142.083 0 8 1 1 0 1 8 2 12 38
144.565 0 7 1 1 0 1 7 2 13 38
150.042 0 8 1 1 0 1 8 2 12 38
151.501 0 7 1 1 0 1 7 2 13 38
152.655 0 6 1 1 0 1 6 2 14 38
152.869 0 5 1 1 0 1 5 2 15 38
153.419 0 4 1 1 0 1 4 2 16 38
153.557 0 5 1 1 0 1 5 2 15 38
156.703 0 6 1 1 0 1 6 2 14 38
157.936 0 5 1 1 0 1 5 2 15 38
158.463 0 6 1 1 0 1 6 2 14 38
160.544 0 5 1 1 0 1 5 2 15 38
161.13 0 4 1 1 0 1 4 2 16 38
162.637 0 5 1 1 0 1 5 2 15 38
164.088 0 4 1 1 0 1 4 2 16 38
164.817 0 5 1 1 0 1 5 2 15 38
166.588 0 6 1 1 0 1 6 2 14 38
167.35 0 5 1 1 0 1 5 2 15 38
168.888 0 6 1 1 0 1 6 2 14 38
170.25 0 7 1 1 0 1 7 2 13 38
175.656 0 6 1 1 0 1 6 2 14 38
175.775 0 7 1 1 0 1 7 2 13 38
177.417 0 8 1 1 0 1 8 2 12 38
178.774 0 7 1 1 0 1 7 2 13 38
179.526 0 8 1 1 0 1 8 2 12 38
180.447 0 7 1 1 0 1 7 2 13 38
181.357 0 8 1 1 0 1 8 2 12 38
182.042 0 7 1 1 0 1 7 2 13 38
182.569 0 8 1 1 0 1 8 2 12 38
183.284 0 9 1 1 0 1 9 2 11 38
183.323 0 8 1 1 0 1 8 2 12 38
184.355 0 7 1 1 0 1 7 2 13 38
184.629 0 8 1 1 0 1 8 2 12 38
185.365 0 7 1 1 0 1 7 2 13 38
185.762 0 8 1 1 0 1 8 2 12 38
186.019 0 9 1 1 0 1 9 2 11 38
190.715 0 10 1 1 0 1 10 2 10 38
191.535 0 9 1 1 0 1 9 2 11 38
192.184 0 10 1 1 0 1 10 2 10 38
192.654 0 9 1 1 0 1 9 2 11 38
193.777 0 9 1 1 0 2 9 3 11 37
195.167 0 10 1 1 0 2 10 3 10 37
195.59 0 11 1 1 0 2 11 3 9 37
195.704 0 10 1 1 0 2 10 3 10 37
196.126 0 9 1 1 0 2 9 3 11 37
197.59 0 9 1 1 0 1 9 2 11 38
198.321 0 9 1 1 0 0 9 1 11 39
198.558 0 8 1 1 0 0 8 1 12 39
199.328 0 7 1 1 0 0 7 1 13 39
200.56 0 6 1 1 0 0 6 1 14 39
203.38 0 5 1 1 0 0 5 1 15 39
203.498 0 4 1 1 0 0 4 1 16 39
203.769 0 5 1 1 0 0 5 1 15 39
205.157 0 6 1 1 0 0 6 1 14 39
205.199 0 7 1 1 0 0 7 1 13 39
206.402 0 6 1 1 0 0 6 1 14 39
206.474 0 7 1 1 0 0 7 1 13 39
210.352 0 8 1 1 0 0 8 1 12 39
211.58 0 9 1 1 0 0 9 1 11 39
211.823 0 10 1 1 0 0 10 1 10 39
213.01 0 11 1 1 0 0 11 1 9 39
213.586 0 11 1 1 1 1 10 1 9 39
214.042 0 10 1 1 1 1 9 1 10 39
214.058 0 9 1 1 1 1 8 1 11 39
214.623 0 8 1 1 1 1 7 1 12 39
216.071 0 9 1 1 1 1 8 1 11 39
216.781 0 8 1 1 1 1 7 1 12 39
217.031 0 7 1 1 1 1 6 1 13 39
217.884 0 6 1 1 1 1 5 1 14 39
218.427 0 7 1 1 1 1 6 1 13 39
221.015 0 7 1 1 0 0 7 1 13 39
221.404 0 6 1 1 0 0 6 1 14 39
222.077 0 7 1 1 0 0 7 1 13 39
222.688 0 8 1 1 0 0 8 1 12 39
223.143 0 7 1 1 0 0 7 1 13 39
223.346 0 8 1 1 0 0 8 1 12 39
224.448 0 7 1 1 0 0 7 1 13 39
224.962 0 8 1 1 0 0 8 1 12 39
225.511 0 9 1 1 0 0 9 1 11 39
225.536 0 8 1 1 0 0 8 1 12 39
225.569 0 7 1 1 0 0 7 1 13 39
225.795 0 7 1 1 1 1 6 1 13 39
226.849 0 8 1 1 1 1 7 1 12 39
227.145 0 9 1 1 1 1 8 1 11 39
227.39 0 8 1 1 1 1 7 1 12 39
228.584 0 9 1 1 1 1 8 1 11 39
229.431 0 8 1 1 1 1 7 1 12 39
229.505 0 8 1 1 0 0 8 1 12 39
229.741 0 8 1 1 1 1 7 1 12 39
229.82 0 7 1 1 0 1 7 2 12 39
229.931 0 8 1 1 0 1 8 2 11 39
230.973 0 7 1 1 0 1 7 2 12 39
233.689 0 6 1 1 0 1 6 2 13 39
235.791 0 7 1 1 0 1 7 2 12 39
236.278 0 6 1 1 0 1 6 2 13 39
236.465 0 7 1 1 0 1 7 2 12 39
237.553 0 8 1 1 0 1 8 2 11 39
240.274 0 9 1 1 0 1 9 2 10 39
241.427 0 10 1 1 0 1 10 2 9 39
241.77 0 9 1 1 0 1 9 2 10 39
243.177 0 9 0 0 0 2 9 2 10 39
243.21 0 9 0 0 1 3 8 2 10 39
246.033 0 10 0 0 1 3 9 2 9 39
246.38 0 11 0 0 1 3 10 2 8 39
247.024 0 10 0 0 1 3 9 2 9 39
247.997 0 9 0 0 1 3 8 2 10 39
248.937 0 10 0 0 1 3 9 2 9 39
249.345 0 9 0 0 1 3 8 2 10 39
249.633 0 10 0 0 1 3 9 2 9 39
251.112 0 9 0 0 1 3 8 2 10 39
251.123 0 8 0 0 1 3 7 2 11 39
254.553 0 7 0 0 1 3 6 2 12 39
254.898 0 6 0 0 1 3 5 2 13 39
256.868 0 5 0 0 1 3 4 2 14 39
256.927 0 6 0 0 1 3 5 2 13 39
259.375 0 5 0 0 1 3 4 2 14 39
259.542 0 4 0 0 1 3 3 2 15 39
259.76 0 5 0 0 1 3 4 2 14 39
259.769 0 6 0 0 1 3 5 2 13 39
260.07 0 6 1 1 1 2 5 2 13 39
262.846 0 5 1 1 1 2 4 2 14 39
263.196 0 6 1 1 1 2 5 2 13 39
263.481 1 7 1 1 0 2 5 2 13 39
263.563 1 8 1 1 0 2 6 2 12 39
265.362 1 7 1 1 0 2 5 2 13 39
265.454 1 6 1 1 0 2 4 2 14 39
267.936 1 7 1 1 0 2 5 2 13 39
268.605 1 8 1 1 0 2 6 2 12 39
271.434 1 9 1 1 0 2 7 2 11 39
271.515 0 8 1 1 1 2 7 2 11 39
271.984 0 7 1 1 1 2 6 2 12 39
273.672 0 7 1 1 2 3 5 2 12 39
275.729 0 6 1 1 2 3 4 2 13 39
276.673 0 5 1 1 2 3 3 2 14 39
277.318 0 4 1 1 1 3 3 3 14 39
278.078 0 5 1 1 1 3 4 3 13 39
279.561 0 5 1 1 1 2 4 2 13 40
282.07 0 4 1 1 1 2 3 2 14 40
282.564 0 3 1 1 1 2 2 2 15 40
283.254 0 4 1 1 1 2 3 2 14 40
285.563 0 5 1 1 1 2 4 2 13 40
288.899 0 5 2 2 1 1 4 2 13 40
289.82 0 6 2 2 1 1 5 2 12 40
291.743 0 7 2 2 1 1 6 2 11 40
292.765 0 6 2 2 1 1 5 2 12 40
293.379 0 5 2 2 1 1 4 2 13 40
295.614 0 6 2 2 1 1 5 2 12 40
296.327 0 5 2 2 0 1 5 3 12 40
296.443 0 5 1 1 0 2 5 3 12 40
297.483 0 6 1 1 0 2 6 3 11 40
299.436 0 5 1 1 0 2 5 3 12 40
301.715 0 6 1 1 0 2 6 3 11 40
303.028 0 6 1 1 0 1 6 2 11 41
303.661 0 5 1 1 0 1 5 2 12 41
304.865 0 4 1 1 0 1 4 2 13 41
304.889 0 5 1 1 0 1 5 2 12 41
305.191 0 4 1 1 0 1 4 2 13 41
314.919 0 5 1 1 0 1 5 2 12 41
315.397 0 4 1 1 0 1 4 2 13 41
315.526 0 3 1 1 0 1 3 2 14 41
317.176 0 4 1 1 0 1 4 2 13 41
319.656 0 5 1 1 0 1 5 2 12 41
321.085 0 6 1 1 0 1 6 2 11 41
321.209 0 5 1 1 0 1 5 2 12 41
321.538 0 6 1 1 0 1 6 2 11 41
321.809 0 5 1 1 0 1 5 2 12 41
323.05 0 4 1 1 0 1 4 2 13 41
323.947 0 5 1 1 0 1 5 2 12 41
325.382 0 4 1 1 0 1 4 2 13 41
325.557 0 5 1 1 0 1 5 2 12 41
326.671 0 6 1 1 0 1 6 2 11 41
327.647 0 5 1 1 0 1 5 2 12 41
327.717 0 6 1 1 0 1 6 2 11 41
328.355 0 7 1 1 0 1 7 2 10 41
328.758 0 8 1 1 0 1 8 2 9 41
328.96 0 7 1 1 0 1 7 2 10 41
331.858 0 6 1 1 0 1 6 2 11 41
332.404 0 7 1 1 0 1 7 2 10 41
332.613 0 8 1 1 0 1 8 2 9 41
332.852 0 9 1 1 0 1 9 2 8 41
332.857 0 9 1 1 0 0 9 1 8 42
333.256 0 8 1 1 0 0 8 1 9 42
333.742 0 7 1 1 0 0 7 1 10 42
335.58 0 6 1 1 0 0 6 1 11 42
336.656 0 5 1 1 0 0 5 1 12 42
336.81 0 6 1 1 0 0 6 1 11 42
341.666 0 6 1 1 1 1 5 1 11 42
343.522 0 6 1 1 1 2 5 2 11 41
343.638 0 7 1 1 1 2 6 2 10 41
344.111 0 8 1 1 1 2 7 2 9 41
344.954 0 7 1 1 0 2 7 3 9 41
345.309 0 7 1 1 1 3 6 3 9 41
345.953 0 6 1 1 0 3 6 4 9 41
349.374 0 6 1 1 0 2 6 3 9 42
354.295 0 7 1 1 0 2 7 3 8 42
357.503 0 6 1 1 0 2 6 3 9 42
358.415 0 7 1 1 0 2 7 3 8 42
359.417 0 6 1 1 0 2 6 3 9 42
363.703 0 7 1 1 0 2 7 3 8 42
365.453 0 7 1 1 0 1 7 2 8 43
365.63 0 6 1 1 0 1 6 2 9 43
366.7 0 7 1 1 0 1 7 2 8 43
367.452 0 8 1 1 0 1 8 2 7 43
367.567 0 7 1 1 0 1 7 2 8 43
368.104 0 8 1 1 0 1 8 2 7 43
370.483 0 7 1 1 0 1 7 2 8 43
373.527 0 8 1 1 0 1 8 2 7 43
373.923 0 9 1 1 0 1 9 2 6 43
375.12 0 10 1 1 0 1 10 2 5 43
377.176 0 9 1 1 0 1 9 2 6 43
377.576 0 8 1 1 0 1 8 2 7 43
378.702 0 7 1 1 0 1 7 2 8 43
386.821 0 8 1 1 0 1 8 2 7 43
387.857 0 7 1 1 0 1 7 2 8 43
388.556 0 8 1 1 0 1 8 2 7 43
389.22 0 7 1 1 0 1 7 2 8 43
389.389 0 6 1 1 0 1 6 2 9 43
390.771 0 6 1 1 1 2 5 2 9 43
390.968 0 5 1 1 1 2 4 2 10 43
390.998 0 6 1 1 1 2 5 2 9 43
391.117 0 5 1 1 1 2 4 2 10 43
391.651 0 4 1 1 1 2 3 2 11 43
396.799 0 5 1 1 1 2 4 2 10 43
397.282 0 5 2 2 1 1 4 2 10 43
399.463 0 6 2 2 1 1 5 2 9 43
399.836 0 7 2 2 1 1 6 2 8 43
403.137 0 6 2 2 1 1 5 2 9 43
405.552 0 5 2 2 1 1 4 2 10 43
409.742 0 6 2 2 1 1 5 2 9 43
412.588 0 7 2 2 1 1 6 2 8 43
414.008 0 8 2 2 1 1 7 2 7 43
416.121 0 7 2 2 1 1 6 2 8 43
416.36 0 7 2 2 2 2 5 2 8 43
416.788 0 8 2 2 2 2 6 2 7 43
416.887 0 8 2 2 3 3 5 2 7 43
418.293 0 9 2 2 3 3 6 2 6 43
418.476 0 10 2 2 4 3 6 1 6 43
418.588 0 11 2 2 4 3 7 1 5 43
419.252 0 10 2 2 3 3 7 2 5 43
420.409 0 9 2 2 2 3 7 3 5 43
421.142 0 9 2 2 1 2 8 3 5 43
421.615 0 8 2 2 1 2 7 3 6 43
423.328 0 9 2 2 1 2 8 3 5 43
423.776 0 8 2 2 1 2 7 3 6 43
424.658 0 9 2 2 1 2 8 3 5 43
424.667 0 10 2 2 1 2 9 3 4 43
425.251 0 9 2 2 1 2 8 3 5 43
428.223 0 8 2 2 1 2 7 3 6 43
428.551 0 9 2 2 1 2 8 3 5 43
431.1 0 9 2 2 1 1 8 2 5 44
431.957 0 8 2 2 1 1 7 2 6 44
432.799 0 7 2 2 1 1 6 2 7 44
434.302 0 6 2 2 1 1 5 2 8 44
437.016 0 7 2 2 1 1 6 2 7 44
443.978 0 6 2 2 1 1 5 2 8 44
445.193 1 7 2 2 0 1 5 2 8 44
446.256 1 7 1 1 0 2 5 2 8 44
450.546 1 8 1 1 0 2 6 2 7 44
450.633 1 9 1 1 0 2 7 2 6 44
454.602 1 8 1 1 0 2 6 2 7 44
455.487 0 7 1 1 1 2 6 2 7 44
457.494 0 6 1 1 1 2 5 2 8 44
459.984 0 5 1 1 1 2 4 2 9 44
461.346 0 6 1 1 1 2 5 2 8 44
465.331 0 6 1 1 2 3 4 2 8 44
465.979 0 6 2 2 2 2 4 2 8 44
466.138 0 5 2 2 2 2 3 2 9 44
466.402 0 4 2 2 2 2 2 2 10 44
467.414 0 4 1 1 2 3 2 2 10 44
474.283 0 5 1 1 2 3 3 2 9 44
475.455 0 5 2 2 2 2 3 2 9 44
480.641 0 6 2 2 2 2 4 2 8 44
481.447 0 5 2 2 2 2 3 2 9 44
482.042 0 6 2 2 2 2 4 2 8 44
482.352 0 7 2 2 2 2 5 2 7 44
482.46 0 6 2 2 2 2 4 2 8 44
482.879 0 5 2 2 2 2 3 2 9 44
484.357 0 6 2 2 2 2 4 2 8 44
485.479 0 7 2 2 2 2 5 2 7 44
485.615 0 7 2 2 2 1 5 1 7 45
487.059 0 6 2 2 1 1 5 2 7 45
491.238 0 5 2 2 1 1 4 2 8 45
491.924 0 6 2 2 1 1 5 2 7 45
493.071 0 5 2 2 1 1 4 2 8 45
493.184 0 6 2 2 1 1 5 2 7 45
493.619 0 5 2 2 1 1 4 2 8 45
493.652 0 6 2 2 1 1 5 2 7 45
495.35 0 6 2 2 2 2 4 2 7 45
495.519 0 6 1 1 2 3 4 2 7 45
499.649 0 7 1 1 2 3 5 2 6 45
500.03 0 8 1 1 3 3 5 1 6 45
504.414 0 7 1 1 2 3 5 2 6 45
507.052 0 6 1 1 2 3 4 2 7 45
508.241 0 6 1 1 3 4 3 2 7 45
510.171 0 5 1 1 2 4 3 3 7 45
513.169 0 5 1 1 3 5 2 3 7 45
513.332 0 4 1 1 3 5 1 3 8 45
513.551 0 4 2 2 3 4 1 3 8 45
516.453 0 4 2 2 3 3 1 2 8 46
516.849 0 4 2 2 2 2 2 2 8 46
517.123 0 5 2 2 2 2 3 2 7 46
518.412 0 6 2 2 2 2 4 2 6 46
520.064 0 7 2 2 2 2 5 2 5 46
521.402 0 6 2 2 2 2 4 2 6 46
521.632 0 5 2 2 1 2 4 3 6 46
521.729 0 6 2 2 1 2 5 3 5 46
523.099 0 7 2 2 2 2 5 2 5 46
526.133 0 7 2 2 2 1 5 1 5 47
527.631 0 6 2 2 1 1 5 2 5 47
530.74 0 6 2 2 2 2 4 2 5 47
530.878 0 5 2 2 2 2 3 2 6 47
533.663 0 6 2 2 2 2 4 2 5 47
534.723 0 6 2 2 1 1 5 2 5 47
536.547 0 7 2 2 1 1 6 2 4 47
537.956 0 6 2 2 1 1 5 2 5 47
538.51 0 5 2 2 1 1 4 2 6 47
539.209 0 4 2 2 1 1 3 2 7 47
543.696 0 4 1 1 1 2 3 2 7 47
550.476 0 5 1 1 1 2 4 2 6 47
552.81 0 6 1 1 1 2 5 2 5 47
552.844 0 5 1 1 1 2 4 2 6 47
554.12 0 5 1 1 1 1 4 1 6 48
557.327 0 6 1 1 1 1 5 1 5 48
567.87 0 6 1 1 2 2 4 1 5 48
570.622 0 5 1 1 2 2 3 1 6 48
573.512 0 4 1 1 2 2 2 1 7 48
574.968 0 4 1 1 3 3 1 1 7 48
575.072 0 4 1 1 2 2 2 1 7 48
576.449 0 4 1 1 2 1 2 0 7 49
577.275 0 5 1 1 2 1 3 0 6 49
578.922 1 6 1 1 1 1 3 0 6 49
581.991 1 5 1 1 1 1 2 0 7 49
582.963 1 4 1 1 0 1 2 1 7 49
586.838 1 5 1 1 0 1 3 1 6 49
587.139 1 6 1 1 0 1 4 1 5 49
588.263 1 7 1 1 0 1 5 1 4 49
588.682 1 6 1 1 0 1 4 1 5 49
591.492 0 5 1 1 1 1 4 1 5 49
592.057 0 4 1 1 1 1 3 1 6 49
593.134 0 4 0 0 1 2 3 1 6 49
594.94 0 5 0 0 1 2 4 1 5 49
599.286 0 5 0 0 1 3 4 2 5 48
601.431 0 4 0 0 1 3 3 2 6 48
608.927 0 5 0 0 1 3 4 2 5 48
610.726 0 6 0 0 1 3 5 2 4 48
611.076 0 7 0 0 1 3 6 2 3 48
613.85 0 6 0 0 1 3 5 2 4 48
618.843 0 7 0 0 1 3 6 2 3 48
620.248 0 6 0 0 1 3 5 2 4 48
621.356 0 5 0 0 1 3 4 2 5 48
621.658 0 4 0 0 1 3 3 2 6 48
625.385 0 5 0 0 1 3 4 2 5 48
627.858 0 5 0 0 1 2 4 1 5 49
628.617 0 4 0 0 1 2 3 1 6 49
629.266 1 5 0 0 0 2 3 1 6 49
635.153 1 4 0 0 0 2 2 1 7 49
638.636 1 4 0 0 0 1 2 0 7 50
642.714 1 5 0 0 0 1 3 0 6 50
645.623 1 4 0 0 0 1 2 0 7 50
647.661 1 5 0 0 0 1 3 0 6 50
658.015 1 4 0 0 0 1 2 0 7 50
659.32 1 3 0 0 0 1 1 0 8 50
662.207 1 4 0 0 0 1 2 0 7 50
670.732 1 5 0 0 0 1 3 0 6 50
681.65 1 6 0 0 0 1 4 0 5 50
686.543 1 7 0 0 0 1 5 0 4 50
687.113 1 6 0 0 0 1 4 0 5 50
688.535 0 5 0 0 1 1 4 0 5 50
689.128 0 4 0 0 1 1 3 0 6 50
694.437 0 5 0 0 1 1 4 0 5 50
695.521 0 4 0 0 1 1 3 0 6 50
696.082 0 5 0 0 1 1 4 0 5 50
697.912 0 4 0 0 1 1 3 0 6 50
699.593 0 5 0 0 1 1 4 0 5 50
702.259 0 4 0 0 1 1 3 0 6 50
703.78 1 5 0 0 0 1 3 0 6 50
706.474 1 4 0 0 0 1 2 0 7 50
708.093 1 5 0 0 0 1 3 0 6 50
708.305 1 6 0 0 0 1 4 0 5 50
709.643 1 7 0 0 0 1 5 0 4 50
712.713 1 7 0 0 1 2 4 0 4 50
713.105 1 7 0 0 1 3 4 1 4 49
720.237 1 6 0 0 1 3 3 1 5 49
726.063 1 7 0 0 1 3 4 1 4 49
726.856 1 6 0 0 1 3 3 1 5 49
728.882 1 5 0 0 1 3 2 1 6 49
730.705 1 4 0 0 1 3 1 1 7 49
734.333 1 5 0 0 1 3 2 1 6 49
737.428 1 6 0 0 1 3 3 1 5 49
738.023 1 6 1 1 1 2 3 1 5 49
738.48 1 5 1 1 1 2 2 1 6 49
738.565 1 4 1 1 1 2 1 1 7 49
740.09 1 5 1 1 1 2 2 1 6 49
740.257 1 5 2 2 1 1 2 1 6 49
744.368 1 5 2 2 2 2 1 1 6 49
746.258 1 5 2 2 2 1 1 0 6 50
749.87 1 4 2 2 2 1 0 0 7 50
752.141 1 3 2 2 1 1 0 1 7 50
753.555 1 4 2 2 1 1 1 1 6 50
762.261 1 3 2 2 1 1 0 1 7 50
763.424 1 4 2 2 1 1 1 1 6 50
765.046 1 4 1 1 1 2 1 1 6 50
766.44 1 5 1 1 1 2 2 1 5 50
775.512 1 6 1 1 1 2 3 1 4 50
776.952 1 7 1 1 1 2 4 1 3 50
778.581 1 6 1 1 1 2 3 1 4 50
783.851 1 5 1 1 1 2 2 1 5 50
785.557 1 6 1 1 1 2 3 1 4 50
785.685 1 5 1 1 1 2 2 1 5 50
791.438 1 5 1 1 0 1 3 1 5 50
791.609 1 6 1 1 0 1 4 1 4 50
793.242 1 5 1 1 0 1 3 1 5 50
794.102 1 6 1 1 0 1 4 1 4 50
796.49 1 5 1 1 0 1 3 1 5 50
799.242 1 4 1 1 0 1 2 1 6 50
800.853 0 3 1 1 1 1 2 1 6 50
801.422 0 2 1 1 1 1 1 1 7 50
807.676 0 3 1 1 1 1 2 1 6 50
807.998 0 2 1 1 1 1 1 1 7 50
812.021 0 3 1 1 1 1 2 1 6 50
812.239 0 4 1 1 1 1 3 1 5 50
813.018 0 4 1 1 0 0 4 1 5 50
819.684 0 3 1 1 0 0 3 1 6 50
821.057 0 2 1 1 0 0 2 1 7 50
822.279 0 3 1 1 0 0 3 1 6 50
828.092 0 4 1 1 0 0 4 1 5 50
832.182 0 5 1 1 0 0 5 1 4 50
832.842 0 5 0 0 0 1 5 1 4 50
834.22 0 4 0 0 0 1 4 1 5 50
837.532 0 5 0 0 1 1 4 0 5 50
838.872 0 6 0 0 1 1 5 0 4 50
853.581 0 5 0 0 1 1 4 0 5 50
860.926 0 4 0 0 1 1 3 0 6 50
861.417 0 5 0 0 1 1 4 0 5 50
864.545 0 4 0 0 1 1 3 0 6 50
867.226 0 3 0 0 1 1 2 0 7 50
867.816 0 2 0 0 1 1 1 0 8 50
872.019 0 3 0 0 1 1 2 0 7 50
874.687 0 4 0 0 1 1 3 0 6 50
874.695 0 3 0 0 1 1 2 0 7 50
875.864 0 2 0 0 0 1 2 1 7 50
876.859 0 3 0 0 0 1 3 1 6 50
877.337 0 4 0 0 0 1 4 1 5 50
877.523 0 5 0 0 0 1 5 1 4 50
878.497 0 4 0 0 0 1 4 1 5 50
880.989 0 3 0 0 0 1 3 1 6 50
886.263 0 4 0 0 0 1 4 1 5 50
887.344 0 3 0 0 0 1 3 1 6 50
889.158 0 4 0 0 0 1 4 1 5 50
893.995 0 5 0 0 0 1 5 1 4 50
895.199 0 5 0 0 1 2 4 1 4 50
901.506 0 4 0 0 0 2 4 2 4 50
902.488 0 3 0 0 0 2 3 2 5 50
905.444 0 2 0 0 0 2 2 2 6 50
910.239 0 3 0 0 0 2 3 2 5 50
915.017 0 4 0 0 0 2 4 2 4 50
916.715 0 5 0 0 1 2 4 1 4 50
917.145 0 4 0 0 0 2 4 2 4 50
919.224 0 5 0 0 0 2 5 2 3 50
919.518 0 4 0 0 0 2 4 2 4 50
928.006 0 3 0 0 0 2 3 2 5 50
930.316 0 3 0 0 0 1 3 1 5 51
931.231 0 2 0 0 0 1 2 1 6 51
933.773 0 3 0 0 0 1 3 1 5 51
934.957 0 4 0 0 0 1 4 1 4 51
940.196 0 3 0 0 0 1 3 1 5 51
944.674 0 3 1 1 0 0 3 1 5 51
945.385 0 3 0 0 0 1 3 1 5 51
947.171 0 2 0 0 0 1 2 1 6 51
954.716 0 3 0 0 0 1 3 1 5 51
956.482 0 4 0 0 0 1 4 1 4 51
957.479 0 3 0 0 0 1 3 1 5 51
961.6 0 4 0 0 0 1 4 1 4 51
963.265 0 5 0 0 0 1 5 1 3 51
966.282 0 4 0 0 0 1 4 1 4 51
979.691 0 4 1 1 0 0 4 1 4 51
980.281 0 5 1 1 0 0 5 1 3 51
981.467 0 5 1 1 1 1 4 1 3 51
982.514 0 4 1 1 1 1 3 1 4 51
982.599 0 4 1 1 1 0 3 0 4 52
982.966 0 3 1 1 1 0 2 0 5 52
983.901 0 2 1 1 0 0 2 1 5 52
987.194 0 3 1 1 0 0 3 1 4 52
994 0 2 1 1 0 0 2 1 5 52
994.832 0 3 1 1 0 0 3 1 4 52
995.136 0 4 1 1 0 0 4 1 3 52
996.559 0 5 1 1 0 0 5 1 2 52
998.158 0 5 0 0 0 1 5 1 2 52
1002.63 0 4 0 0 0 1 4 1 3 52
1003.3 0 5 0 0 0 1 5 1 2 52
1004.28 0 6 0 0 0 1 6 1 1 52
1012.73 0 5 0 0 0 1 5 1 2 52
1016.12 0 6 0 0 0 1 6 1 1 52
1020.57 0 5 0 0 0 1 5 1 2 52
1020.85 0 4 0 0 0 1 4 1 3 52
1023.79 0 5 0 0 0 1 5 1 2 52
1027.13 0 4 0 0 0 1 4 1 3 52
1044.57 0 5 0 0 0 1 5 1 2 52
1045.13 0 4 0 0 0 1 4 1 3 52
1045.4 0 5 0 0 0 1 5 1 2 52
1047.38 0 6 0 0 0 1 6 1 1 52
1053.46 0 5 0 0 0 1 5 1 2 52
1055.53 0 6 0 0 0 1 6 1 1 52
1059.29 0 6 0 0 1 2 5 1 1 52
1059.34 0 5 0 0 1 2 4 1 2 52
1061.86 0 5 0 0 2 3 3 1 2 52
1061.96 0 4 0 0 1 3 3 2 2 52
1065.55 0 3 0 0 1 3 2 2 3 52
1070.73 0 3 1 1 1 2 2 2 3 52
1074.23 0 2 1 1 1 2 1 2 4 52
1075.5 0 3 1 1 1 2 2 2 3 52
1075.7 0 2 1 1 1 2 1 2 4 52
1085.1 0 3 1 1 2 2 1 1 4 52
1085.39 0 4 1 1 2 2 2 1 3 52
1090.67 0 5 1 1 2 2 3 1 2 52
1092.09 0 5 2 2 2 1 3 1 2 52
1093.05 1 6 2 2 1 1 3 1 2 52
1093.12 1 5 2 2 1 1 2 1 3 52
1095.46 1 4 2 2 1 1 1 1 4 52
1105.59 2 5 2 2 0 1 1 1 4 52
1109.07 2 5 2 2 0 0 1 0 4 53
1115.44 2 5 1 1 0 1 1 0 4 53
1115.63 2 5 1 1 1 2 0 0 4 53
1117.16 1 4 1 1 2 2 0 0 4 53
1136.99 0 3 1 1 3 2 0 0 4 53
1140.95 0 4 1 1 3 2 1 0 3 53
1141.46 0 3 1 1 2 2 1 1 3 53
1142.34 0 4 1 1 2 2 2 1 2 53
1147.84 0 4 2 2 2 1 2 1 2 53
1148.42 0 3 2 2 1 1 2 2 2 53
1150.99 0 3 2 2 1 0 2 1 2 54
1163.1 0 2 2 2 1 0 1 1 3 54
1172.9 0 2 1 1 1 1 1 1 3 54
1176.52 0 3 1 1 1 1 2 1 2 54
1182.57 0 3 2 2 1 0 2 1 2 54
1198.1 0 4 2 2 1 0 3 1 1 54
1218.3 0 3 2 2 1 0 2 1 2 54
1218.57 0 4 2 2 2 0 2 0 2 54
1220.03 1 5 2 2 1 0 2 0 2 54
1227.86 2 6 2 2 0 0 2 0 2 54
1229.72 2 6 1 1 0 1 2 0 2 54
1233.1 2 5 1 1 0 1 1 0 3 54
1234.97 1 4 1 1 1 1 1 0 3 54
1239.42 1 5 1 1 1 1 2 0 2 54
1239.93 1 4 1 1 1 1 1 0 3 54
1246.84 1 3 1 1 0 1 1 1 3 54
1249.32 1 3 1 1 0 0 1 0 3 55
1251.85 1 4 1 1 0 0 2 0 2 55
1257.89 0 3 1 1 1 0 2 0 2 55
1263.52 0 4 1 1 1 0 3 0 1 55
1265.4 0 3 1 1 1 0 2 0 2 55
1272.87 0 4 1 1 1 0 3 0 1 55
1275.24 0 3 1 1 1 0 2 0 2 55
1277.59 0 2 1 1 0 0 2 1 2 55
1279.29 0 3 1 1 0 0 3 1 1 55
1310.39 0 2 1 1 0 0 2 1 2 55
1323.13 0 3 1 1 0 0 3 1 1 55
1324.57 0 4 1 1 0 0 4 1 0 55
1327.91 0 3 1 1 0 0 3 1 1 55
1330.82 0 2 1 1 0 0 2 1 2 55
1338.62 0 3 1 1 1 0 2 0 2 55
1339.36 0 3 0 0 1 1 2 0 2 55
1349.74 0 3 0 0 2 2 1 0 2 55
1350.89 1 4 0 0 1 2 1 0 2 55
1352.57 1 4 0 0 0 1 2 0 2 55
1363.49 1 3 0 0 0 1 1 0 3 55
1366.74 1 4 0 0 0 1 2 0 2 55
1379.22 1 3 0 0 0 1 1 0 3 55
1381.85 1 4 0 0 0 1 2 0 2 55
1385.2 1 3 0 0 0 1 1 0 3 55
1388.68 1 4 0 0 0 1 2 0 2 55
1389.58 1 5 0 0 0 1 3 0 1 55
1389.67 1 4 0 0 0 1 2 0 2 55
1392.48 1 4 0 0 1 2 1 0 2 55
1393.24 1 3 0 0 1 2 0 0 3 55
1409.77 1 2 0 0 0 2 0 1 3 55
1421.21 1 3 0 0 1 2 0 0 3 55
1428.86 2 4 0 0 0 2 0 0 3 55
1433.07 1 3 0 0 1 2 0 0 3 55
1434.07 1 3 0 0 0 1 1 0 3 55
1445.03 1 3 0 0 0 2 1 1 3 54
1447.9 1 4 0 0 0 2 2 1 2 54
1452.38 1 5 0 0 0 2 3 1 1 54
1452.43 0 4 0 0 1 2 3 1 1 54
1455.69 0 4 0 0 1 1 3 0 1 55
1459.13 0 4 0 0 0 0 4 0 1 55
1472.02 0 3 0 0 0 0 3 0 2 55
1473.49 0 2 0 0 0 0 2 0 3 55
1496.86 0 3 0 0 0 0 3 0 2 55
1499.59 0 4 0 0 0 0 4 0 1 55
1501.71 0 4 0 0 1 1 3 0 1 55
1512.75 0 5 0 0 1 1 4 0 0 55
1514.76 0 4 0 0 1 1 3 0 1 55
1523.7 0 3 0 0 1 1 2 0 2 55
1529.74 0 3 0 0 1 2 2 1 2 54
1535.93 0 3 1 1 1 1 2 1 2 54
1536.13 0 4 1 1 1 1 3 1 1 54
1541.97 0 3 1 1 1 1 2 1 2 54
1545.22 0 2 1 1 1 1 1 1 3 54
1549.94 0 2 1 1 1 2 1 2 3 53
1550.86 0 3 1 1 2 2 1 1 3 53
1565.87 0 4 1 1 2 2 2 1 2 53
1570.31 0 5 1 1 2 2 3 1 1 53
1570.31 0 4 1 1 2 2 2 1 2 53
1575.29 0 4 2 2 2 1 2 1 2 53
1580.99 0 5 2 2 2 1 3 1 1 53
1584.07 0 4 2 2 2 1 2 1 2 53
1584.96 0 4 2 2 2 2 2 2 2 52
1586.26 0 5 2 2 3 2 2 1 2 52
1592.4 0 6 2 2 4 2 2 0 2 52
1592.54 0 5 2 2 4 2 1 0 3 52
1594.12 0 6 2 2 4 2 2 0 2 52
1597.62 1 7 2 2 3 2 2 0 2 52
1600.38 1 6 2 2 2 2 2 1 2 52
1608.63 1 6 2 2 2 1 2 0 2 53
1609.65 1 7 2 2 2 1 3 0 1 53
1611.03 1 6 2 2 1 1 3 1 1 53
1611.89 1 6 3 3 1 0 3 1 1 53
1613.76 1 5 3 3 0 0 3 2 1 53
1621.45 1 4 3 3 0 0 2 2 2 53
1625.05 1 4 2 2 0 1 2 2 2 53
1626.82 1 5 2 2 0 1 3 2 1 53
1628.72 1 4 2 2 0 1 2 2 2 53
1629.91 1 4 1 1 0 2 2 2 2 53
1634.13 1 5 1 1 0 2 3 2 1 53
1639.74 1 4 1 1 0 2 2 2 2 53
1647.03 1 5 1 1 0 2 3 2 1 53
1653.2 1 4 1 1 0 2 2 2 2 53
1656.22 1 4 1 1 0 1 2 1 2 54
1670.92 1 4 2 2 0 0 2 1 2 54
1683.06 1 5 2 2 0 0 3 1 1 54
1687.5 1 4 2 2 0 0 2 1 2 54
1691.57 0 3 2 2 1 0 2 1 2 54
1695.58 0 4 2 2 2 0 2 0 2 54
1696.3 1 5 2 2 1 0 2 0 2 54
1697.74 1 5 1 1 1 1 2 0 2 54
1698.32 1 4 1 1 1 1 1 0 3 54
1698.32 2 5 1 1 0 1 1 0 3 54
1699.53 2 6 1 1 0 1 2 0 2 54
1700.85 1 5 1 1 1 1 2 0 2 54
1702.93 1 6 1 1 1 1 3 0 1 54
1705.83 2 7 1 1 0 1 3 0 1 54
1707.24 2 6 1 1 0 1 2 0 2 54
1715.46 1 5 1 1 1 1 2 0 2 54
1728.21 1 5 0 0 1 2 2 0 2 54
1729.91 0 4 0 0 2 2 2 0 2 54
1730.33 0 4 0 0 2 3 2 1 2 53
1731.24 0 3 0 0 1 3 2 2 2 53
1740.98 0 2 0 0 1 3 1 2 3 53
1746.08 0 3 0 0 2 3 1 1 3 53
1747.03 0 4 0 0 2 3 2 1 2 53
1753.16 1 5 0 0 1 3 2 1 2 53
1757.33 1 5 0 0 0 2 3 1 2 53
1767.04 0 4 0 0 1 2 3 1 2 53
1767.48 0 5 0 0 1 2 4 1 1 53
1774.02 0 4 0 0 1 2 3 1 2 53
1775.41 1 5 0 0 0 2 3 1 2 53
1780.99 1 4 0 0 0 2 2 1 3 53
1788.91 1 3 0 0 0 2 1 1 4 53
1792.54 1 2 0 0 0 2 0 1 5 53
1795.72 1 2 0 0 0 1 0 0 5 54
1801.94 1 3 0 0 0 1 1 0 4 54
1817.03 0 2 0 0 1 1 1 0 4 54
1818.78 0 1 0 0 0 1 1 1 4 54
1827 0 1 0 0 0 2 1 2 4 53
1843.16 0 1 0 0 0 3 1 3 4 52
1843.55 0 1 0 0 0 2 1 2 4 53
1845.93 0 1 0 0 0 1 1 1 4 54
1852.64 0 2 0 0 0 1 2 1 3 54
1862.52 0 2 0 0 0 0 2 0 3 55
1868.21 0 3 0 0 0 0 3 0 2 55
1870.93 0 2 0 0 0 0 2 0 3 55
1871.87 0 3 0 0 0 0 3 0 2 55
1877.15 0 2 0 0 0 0 2 0 3 55
1888 0 3 0 0 0 0 3 0 2 55
1898.54 0 4 0 0 0 0 4 0 1 55
1898.77 0 3 0 0 0 0 3 0 2 55
1915.91 0 2 0 0 0 0 2 0 3 55
1920.12 0 3 0 0 0 0 3 0 2 55
1933.2 0 4 0 0 0 0 4 0 1 55
1934.95 0 3 0 0 0 0 3 0 2 55
1936.67 0 4 0 0 0 0 4 0 1 55
1942.89 0 3 0 0 0 0 3 0 2 55
1944.29 0 4 0 0 0 0 4 0 1 55
1962.31 0 3 0 0 0 0 3 0 2 55
1963.42 0 3 0 0 1 1 2 0 2 55
1969.74 0 3 1 1 1 0 2 0 2 55
1972.59 0 2 1 1 1 0 1 0 3 55
1978.32 0 1 1 1 1 0 0 0 4 55
1987.06 0 2 1 1 1 0 1 0 3 55
1987.33 0 3 1 1 1 0 2 0 2 55
1994.43 0 4 1 1 1 0 3 0 1 55
1994.82 0 3 1 1 1 0 2 0 2 55
1995.25 1 4 1 1 0 0 2 0 2 55
2006 0 3 1 1 1 0 2 0 2 55
2013.99 0 4 1 1 1 0 3 0 1 55
2021.46 0 4 0 0 1 1 3 0 1 55
2024.69 0 3 0 0 0 1 3 1 1 55
2031.11 0 2 0 0 0 1 2 1 2 55
2042.01 0 3 0 0 0 1 3 1 1 55
2049.62 0 2 0 0 0 1 2 1 2 55
2050.15 0 3 0 0 0 1 3 1 1 55
2053.95 0 3 1 1 0 0 3 1 1 55
2055.02 0 3 1 1 0 1 3 2 1 54
2057.93 0 2 1 1 0 1 2 2 2 54
2061.41 0 3 1 1 0 1 3 2 1 54
2065.4 0 4 1 1 1 1 3 1 1 54
2068.61 0 3 1 1 1 1 2 1 2 54
2075.54 1 4 1 1 0 1 2 1 2 54
2075.97 1 3 1 1 0 1 1 1 3 54
2079.81 1 2 1 1 0 1 0 1 4 54
2086.53 1 3 1 1 0 1 1 1 3 54
2095.11 1 4 1 1 0 1 2 1 2 54
2100.94 1 5 1 1 0 1 3 1 1 54
2109.12 1 4 1 1 0 1 2 1 2 54
2124.17 1 4 1 1 0 0 2 0 2 55
2126.93 1 4 1 1 0 1 2 1 2 54
2136.19 1 3 1 1 0 1 1 1 3 54
2139.61 0 2 1 1 1 1 1 1 3 54
2148.71 0 1 1 1 1 1 0 1 4 54
2159.57 0 2 1 1 1 1 1 1 3 54
2161.28 0 3 1 1 1 1 2 1 2 54
2163.66 0 2 1 1 1 1 1 1 3 54
2177.5 0 3 1 1 1 1 2 1 2 54
2179.82 0 3 1 1 1 2 2 2 2 53
2185.18 0 2 1 1 1 2 1 2 3 53
2192.84 0 3 1 1 1 2 2 2 2 53
2193.52 0 3 1 1 1 1 2 1 2 54
2198.51 0 2 1 1 1 1 1 1 3 54
2198.7 0 3 1 1 1 1 2 1 2 54
2200.51 0 3 0 0 1 2 2 1 2 54
2222.51 0 2 0 0 0 2 2 2 2 54
2222.55 0 1 0 0 0 2 1 2 3 54
2226.29 0 2 0 0 0 2 2 2 2 54
2235.93 0 3 0 0 0 2 3 2 1 54
2238.17 0 2 0 0 0 2 2 2 2 54
2243.11 0 2 1 1 0 1 2 2 2 54
2243.62 0 2 0 0 0 2 2 2 2 54
2246.67 0 2 0 0 0 3 2 3 2 53
2247.08 0 2 0 0 0 2 2 2 2 54
2247.23 0 2 0 0 0 1 2 1 2 55
2255.45 0 1 0 0 0 1 1 1 3 55
2257.67 0 1 0 0 1 2 0 1 3 55
2261.51 0 0 0 0 0 2 0 2 3 55
2267.99 0 1 0 0 0 2 1 2 2 55
2271.26 0 0 0 0 0 2 0 2 3 55
2275.68 0 1 0 0 0 2 1 2 2 55
2283.02 0 2 0 0 0 2 2 2 1 55
2284.71 0 3 0 0 1 2 2 1 1 55
2284.79 0 3 0 0 1 3 2 2 1 54
2287.57 0 3 1 1 1 2 2 2 1 54
2293.67 0 4 1 1 2 2 2 1 1 54
2306.5 0 3 1 1 2 2 1 1 2 54
2306.57 0 3 2 2 2 1 1 1 2 54
2313.62 0 4 2 2 2 1 2 1 1 54
2314.32 0 4 2 2 1 0 3 1 1 54
2326.19 0 3 2 2 1 0 2 1 2 54
2332.36 0 4 2 2 1 0 3 1 1 54
2337.23 0 5 2 2 1 0 4 1 0 54
2337.65 0 4 2 2 1 0 3 1 1 54
2344.08 0 3 2 2 1 0 2 1 2 54
2345.89 0 4 2 2 1 0 3 1 1 54
2354.87 0 4 1 1 1 1 3 1 1 54
2362.75 0 5 1 1 1 1 4 1 0 54
2363.28 0 4 1 1 1 1 3 1 1 54
2363.76 0 3 1 1 1 1 2 1 2 54
2364.81 0 2 1 1 1 1 1 1 3 54
2370.46 0 3 1 1 1 1 2 1 2 54
2375.52 0 2 1 1 0 1 2 2 2 54
2380.37 0 3 1 1 0 1 3 2 1 54
2389.71 0 2 1 1 0 1 2 2 2 54
2391.95 0 2 1 1 0 0 2 1 2 55
2398.06 0 2 1 1 0 1 2 2 2 54
2413.63 0 3 1 1 0 1 3 2 1 54
2415.19 0 3 1 1 0 2 3 3 1 53
2418.76 0 3 0 0 0 3 3 3 1 53
2421.75 0 2 0 0 0 3 2 3 2 53
2423.18 0 3 0 0 0 3 3 3 1 53
2430.15 0 4 0 0 1 3 3 2 1 53
2432.2 0 4 0 0 0 2 4 2 1 53
2444.51 0 3 0 0 0 2 3 2 2 53
2448.17 0 4 0 0 0 2 4 2 1 53
2450.19 0 5 0 0 0 2 5 2 0 53
2451.46 0 5 0 0 0 3 5 3 0 52
2458.29 0 4 0 0 0 3 4 3 1 52
2460.51 0 3 0 0 0 3 3 3 2 52
2463.35 0 2 0 0 0 3 2 3 3 52
2465.3 0 3 0 0 1 3 2 2 3 52
2470.42 0 4 0 0 1 3 3 2 2 52
2471.42 0 4 0 0 1 4 3 3 2 51
2472.46 0 3 0 0 1 4 2 3 3 51
2472.48 0 2 0 0 1 4 1 3 4 51
2475.34 0 3 0 0 1 4 2 3 3 51
2475.98 0 3 1 1 1 3 2 3 3 51
2477.43 0 3 1 1 1 2 2 2 3 52
2479.2 0 4 1 1 1 2 3 2 2 52
2479.98 0 4 1 1 0 1 4 2 2 52
2482.49 0 3 1 1 0 1 3 2 3 52
2483.16 0 2 1 1 0 1 2 2 4 52
2487.33 0 3 1 1 1 1 2 1 4 52
2490.73 0 4 1 1 1 1 3 1 3 52
2495.16 0 5 1 1 1 1 4 1 2 52
2501.21 0 6 1 1 1 1 5 1 1 52
2501.84 0 5 1 1 1 1 4 1 2 52
2503.6 0 4 1 1 0 1 4 2 2 52
2507.86 0 3 1 1 0 1 3 2 3 52
2509.36 0 3 1 1 0 0 3 1 3 53
2514.04 0 2 1 1 0 0 2 1 4 53
2529.86 0 1 1 1 0 0 1 1 5 53
2532.38 0 2 1 1 0 0 2 1 4 53
2535.75 0 2 1 1 1 1 1 1 4 53
2540.75 0 2 2 2 1 0 1 1 4 53
2546.38 0 3 2 2 1 0 2 1 3 53
2547.75 0 2 2 2 1 0 1 1 4 53
2558.68 0 2 1 1 1 1 1 1 4 53
2569.07 0 3 1 1 1 1 2 1 3 53
2583.54 1 4 1 1 0 1 2 1 3 53
2587.97 1 3 1 1 0 1 1 1 4 53
2594.24 1 2 1 1 0 1 0 1 5 53
2597.15 1 3 1 1 0 1 1 1 4 53
2599.02 1 4 1 1 0 1 2 1 3 53
2611.91 1 3 1 1 0 1 1 1 4 53
2619.26 1 4 1 1 0 1 2 1 3 53
2622.9 1 3 1 1 0 1 1 1 4 53
2625.08 0 2 1 1 1 1 1 1 4 53
2625.52 0 1 1 1 0 1 1 2 4 53
2632.64 0 2 1 1 0 1 2 2 3 53
2636.72 0 3 1 1 0 1 3 2 2 53
2649.86 0 2 1 1 0 1 2 2 3 53
2652.08 0 1 1 1 0 1 1 2 4 53
2658.14 0 2 1 1 0 1 2 2 3 53
2660.45 0 2 1 1 1 2 1 2 3 53
2669.27 0 2 1 1 1 3 1 3 3 52
2671.51 0 2 1 1 1 2 1 2 3 53
2679.57 0 2 1 1 0 1 2 2 3 53
2688.2 0 3 1 1 0 1 3 2 2 53
2688.71 0 2 1 1 0 1 2 2 3 53
2697.76 0 1 1 1 0 1 1 2 4 53
2699.69 0 2 1 1 0 1 2 2 3 53
2705.13 0 2 2 2 0 0 2 2 3 53
2707.52 0 1 2 2 0 0 1 2 4 53
2711.63 0 2 2 2 1 0 1 1 4 53
2714.85 0 3 2 2 1 0 2 1 3 53
2718.81 0 4 2 2 1 0 3 1 2 53
2728.68 0 4 1 1 1 1 3 1 2 53
2730.03 0 3 1 1 1 1 2 1 3 53
2731.01 0 3 1 1 1 0 2 0 3 54
2732.68 0 4 1 1 1 0 3 0 2 54
2737.41 0 3 1 1 1 0 2 0 3 54
2743.54 0 4 1 1 1 0 3 0 2 54
2749.6 0 3 1 1 0 0 3 1 2 54
2756.83 0 2 1 1 0 0 2 1 3 54
2758.9 0 3 1 1 0 0 3 1 2 54
2766.79 0 2 1 1 0 0 2 1 3 54
2782.82 0 3 1 1 0 0 3 1 2 54
2784.96 0 4 1 1 0 0 4 1 1 54
2785.67 0 3 1 1 0 0 3 1 2 54
2788.87 0 2 1 1 0 0 2 1 3 54
2809.01 0 2 1 1 0 1 2 2 3 53
2809.51 0 1 1 1 0 1 1 2 4 53
2827.32 0 2 1 1 0 1 2 2 3 53
2830.93 0 3 1 1 0 1 3 2 2 53
2831.1 0 2 1 1 0 1 2 2 3 53
2832.68 0 2 1 1 1 2 1 2 3 53
2836.16 0 2 0 0 1 3 1 2 3 53
2836.99 0 3 0 0 1 3 2 2 2 53
2839.54 0 2 0 0 1 3 1 2 3 53
2840.15 0 2 0 0 1 2 1 1 3 54
2842.78 0 1 0 0 1 2 0 1 4 54
2844.98 0 2 0 0 1 2 1 1 3 54
2846.43 1 3 0 0 0 2 1 1 3 54
2851.64 1 4 0 0 0 2 2 1 2 54
2855.37 1 5 0 0 1 2 2 0 2 54
2855.49 1 4 0 0 0 2 2 1 2 54
2855.84 1 5 0 0 0 2 3 1 1 54
2857.85 1 6 0 0 1 2 3 0 1 54
2860.12 0 5 0 0 2 2 3 0 1 54
2860.93 0 4 0 0 1 2 3 1 1 54
2865.6 0 3 0 0 0 2 3 2 1 54
2867.01 0 4 0 0 0 2 4 2 0 54
2869.97 0 4 0 0 0 1 4 1 0 55
2874.77 0 3 0 0 0 1 3 1 1 55
2877.46 0 2 0 0 0 1 2 1 2 55
2887.09 0 2 0 0 0 0 2 0 2 56
2894.82 0 3 0 0 0 0 3 0 1 56
2895.59 0 2 0 0 0 0 2 0 2 56
2909.62 0 2 0 0 1 1 1 0 2 56
2911.48 0 3 0 0 1 1 2 0 1 56
2921.8 0 4 0 0 1 1 3 0 0 56
2932.49 0 3 0 0 1 1 2 0 1 56
2935.86 0 4 0 0 1 1 3 0 0 56
2948.94 0 3 0 0 1 1 2 0 1 56
2949.59 0 4 0 0 1 1 3 0 0 56
2953.04 0 3 0 0 1 1 2 0 1 56
2959.09 0 2 0 0 1 1 1 0 2 56
2995.18 0 2 0 0 1 2 1 1 2 55
2995.67 0 2 1 1 1 1 1 1 2 55
2995.67 0 2 1 1 1 1 1 1 2 55
