0 60 120 60 60 0 0 0 0 0 0
0.0161209 60 120 59 59 0 1 0 0 0 0
0.0314629 60 120 58 58 0 2 0 0 0 0
0.102174 59 119 58 58 1 2 0 0 0 0
0.105367 58 118 58 58 2 2 0 0 0 0
0.107874 58 118 57 57 2 3 0 0 0 0
0.144671 58 118 56 56 2 4 0 0 0 0
0.154303 57 117 56 56 3 4 0 0 0 0
0.155846 56 116 56 56 4 4 0 0 0 0
0.171844 55 115 56 56 5 4 0 0 0 0
0.183493 55 114 56 56 4 4 0 1 0 0
0.185532 55 114 55 55 4 5 0 1 0 0
0.199646 55 114 54 54 4 6 0 1 0 0
0.221516 54 113 54 54 5 6 0 1 0 0
0.259366 53 112 54 54 6 6 0 1 0 0
0.282773 53 112 53 53 6 7 0 1 0 0
0.301962 52 111 53 53 7 7 0 1 0 0
0.307943 51 110 53 53 8 7 0 1 0 0
0.325011 51 110 52 52 8 8 0 1 0 0
0.331069 50 109 52 52 9 8 0 1 0 0
0.335654 49 108 52 52 10 8 0 1 0 0
0.337019 49 108 51 51 10 9 0 1 0 0
0.350121 48 107 51 51 11 9 0 1 0 0
0.39274 47 106 51 51 12 9 0 1 0 0
0.396625 46 105 51 51 13 9 0 1 0 0
0.40311 45 104 51 51 14 9 0 1 0 0
0.420382 44 103 51 51 15 9 0 1 0 0
0.42307 44 103 50 50 15 10 0 1 0 0
0.434896 43 102 50 50 16 10 0 1 0 0
0.43717 43 102 49 49 16 11 0 1 0 0
0.457875 42 101 49 49 17 11 0 1 0 0
0.470416 42 101 48 48 17 12 0 1 0 0
0.480649 41 100 48 48 18 12 0 1 0 0
0.517152 41 99 48 48 17 12 0 2 0 0
0.521014 41 99 47 47 17 13 0 2 0 0
0.52197 41 99 46 46 17 14 0 2 0 0
0.544728 41 98 46 46 16 14 0 3 0 0
0.56418 41 98 45 45 16 15 0 3 0 0
0.588112 40 97 45 45 17 15 0 3 0 0
0.689133 39 96 45 45 18 15 0 3 0 0
0.694056 39 96 44 44 18 16 0 3 0 0
0.719973 38 95 44 44 19 16 0 3 0 0
0.750746 37 94 44 44 20 16 0 3 0 0
0.755108 37 94 43 43 20 17 0 3 0 0
0.791726 37 94 42 42 20 18 0 3 0 0
0.821149 36 93 42 42 21 18 0 3 0 0
0.827331 36 93 41 41 21 19 0 3 0 0
0.828079 35 92 41 41 22 19 0 3 0 0
0.832391 34 91 41 41 23 19 0 3 0 0
0.875243 34 91 40 40 23 20 0 3 0 0
0.878437 33 90 40 40 24 20 0 3 0 0
0.919006 32 89 40 40 25 20 0 3 0 0
0.920822 32 89 39 39 25 21 0 3 0 0
0.925153 31 88 39 39 26 21 0 3 0 0
0.928506 31 87 39 39 25 21 0 4 0 0
0.960588 31 87 38 38 25 22 0 4 0 0
0.97604 31 87 37 37 25 23 0 4 0 0
0.983483 31 87 37 37 24 22 1 4 0 0
0.996783 31 87 36 36 24 23 1 4 0 0
1.0209 31 87 36 36 23 22 2 4 0 0
1.06196 31 87 35 35 23 23 2 4 0 0
1.11519 31 86 35 35 22 23 2 5 0 0
1.15083 30 85 35 35 23 23 2 5 0 0
1.19727 31 86 35 35 22 23 2 5 0 0
1.24407 30 85 35 35 23 23 2 5 0 0
1.25582 30 84 35 35 22 23 2 6 0 0
1.28416 30 83 35 35 22 23 1 6 1 0
1.34249 29 82 35 35 23 23 1 6 1 0
1.38419 29 81 35 35 22 23 1 7 1 0
1.40796 28 80 35 35 23 23 1 7 1 0
1.41677 28 80 34 34 23 24 1 7 1 0
1.42842 27 79 34 34 24 24 1 7 1 0
1.54692 26 78 34 34 25 24 1 7 1 0
1.55201 26 78 33 33 25 25 1 7 1 0
1.55767 25 77 33 33 26 25 1 7 1 0
1.59691 25 76 33 33 25 25 1 8 1 0
1.60781 24 75 33 33 26 25 1 8 1 0
1.61364 24 74 33 33 25 25 1 9 1 0
1.64258 24 73 33 33 24 25 1 10 1 0
1.64771 24 73 32 32 24 26 1 10 1 0
1.70034 24 73 31 31 24 27 1 10 1 0
1.72474 24 73 30 30 24 28 1 10 1 0
1.78355 24 73 29 29 24 29 1 10 1 0
1.79717 23 72 29 29 25 29 1 10 1 0
1.82534 23 72 29 29 25 28 1 9 1 1
1.86053 22 71 29 29 26 28 1 9 1 1
1.87831 22 70 29 29 25 28 1 10 1 1
1.925 22 70 29 29 24 27 2 10 1 1
1.9724 23 71 29 29 23 27 2 10 1 1
2.05266 23 71 29 29 23 26 2 9 1 2
2.1142 22 70 29 29 24 26 2 9 1 2
2.11719 22 69 29 29 23 26 2 10 1 2
2.13565 22 68 29 29 22 26 2 11 1 2
2.15148 22 67 29 29 21 26 2 12 1 2
2.16702 22 67 28 28 21 27 2 12 1 2
2.20624 22 66 28 28 20 27 2 13 1 2
2.21306 22 65 28 28 19 27 2 14 1 2
2.2767 22 65 28 28 19 26 2 13 1 3
2.34226 22 64 28 28 18 26 2 14 1 3
2.39987 22 64 27 27 18 27 2 14 1 3
2.41252 22 64 26 26 18 28 2 14 1 3
2.43532 21 63 26 26 19 28 2 14 1 3
2.4736 21 62 26 26 18 28 2 15 1 3
2.48484 21 62 26 26 17 27 3 15 1 3
2.49849 21 61 26 26 16 27 3 16 1 3
2.52537 21 60 26 26 15 27 3 17 1 3
2.66427 21 60 25 25 15 28 3 17 1 3
2.68699 21 60 25 25 14 27 4 17 1 3
2.79597 20 59 25 25 15 27 4 17 1 3
2.83073 20 58 25 25 15 27 3 17 2 3
2.85568 20 57 25 25 14 27 3 18 2 3
2.89394 19 56 25 25 15 27 3 18 2 3
2.93798 19 56 25 25 14 26 4 18 2 3
2.99708 19 56 24 24 14 27 4 18 2 3
3.05544 19 56 23 23 14 28 4 18 2 3
3.05887 19 56 23 23 14 27 4 17 2 4
3.06646 19 56 22 22 14 28 4 17 2 4
3.15933 18 55 22 22 15 28 4 17 2 4
3.25355 18 54 22 22 14 28 4 18 2 4
3.27237 18 53 22 22 13 28 4 19 2 4
3.29493 17 52 22 22 14 28 4 19 2 4
3.32054 17 51 22 22 13 28 4 20 2 4
3.35441 16 50 22 22 14 28 4 20 2 4
3.43654 16 50 22 22 13 27 5 20 2 4
3.50996 16 49 22 22 13 27 4 20 3 4
3.59535 16 48 22 22 12 27 4 21 3 4
3.67135 16 48 22 22 11 26 5 21 3 4
3.85503 16 48 22 22 10 25 6 21 3 4
4.03745 15 47 22 22 11 25 6 21 3 4
4.03933 14 46 22 22 12 25 6 21 3 4
4.06181 14 46 22 22 12 24 6 20 3 5
4.15516 14 46 22 22 11 23 7 20 3 5
4.21727 14 46 21 21 11 24 7 20 3 5
4.24334 14 46 20 20 11 25 7 20 3 5
4.37885 13 45 20 20 12 25 7 20 3 5
4.47296 13 44 20 20 11 25 7 21 3 5
4.53091 13 43 20 20 10 25 7 22 3 5
4.60247 13 43 20 20 10 24 7 21 3 6
4.6156 13 43 20 20 9 23 8 21 3 6
4.68285 13 43 20 20 10 24 7 21 3 6
4.68507 13 43 20 20 9 23 8 21 3 6
4.7062 12 42 20 20 10 23 8 21 3 6
4.70718 12 41 20 20 9 23 8 22 3 6
4.73019 11 40 20 20 10 23 8 22 3 6
4.73311 11 39 20 20 9 23 8 23 3 6
4.81524 11 38 20 20 9 23 7 23 4 6
4.85621 11 38 20 20 8 22 8 23 4 6
5.05571 11 38 20 20 8 21 8 22 4 7
5.08219 11 37 20 20 7 21 8 23 4 7
5.18817 11 37 20 20 7 20 8 22 4 8
5.19698 11 37 19 19 7 21 8 22 4 8
5.26078 11 37 18 18 7 22 8 22 4 8
5.43936 11 36 18 18 6 22 8 23 4 8
5.78115 11 36 18 18 6 21 8 22 4 9
5.96221 11 36 17 17 6 22 8 22 4 9
5.97439 10 35 17 17 7 22 8 22 4 9
5.99335 10 34 17 17 7 22 7 22 5 9
6.11421 10 34 17 17 7 21 7 21 5 10
6.22385 10 34 17 17 7 20 7 20 5 11
6.24571 9 33 17 17 8 20 7 20 5 11
6.29946 8 32 17 17 9 20 7 20 5 11
6.3196 7 31 17 17 10 20 7 20 5 11
6.38868 7 31 17 17 10 19 7 19 5 12
6.40324 6 30 17 17 11 19 7 19 5 12
6.46763 5 29 17 17 12 19 7 19 5 12
6.48347 5 29 17 17 11 18 8 19 5 12
6.56111 5 29 16 16 11 19 8 19 5 12
6.61191 5 28 16 16 11 19 7 19 6 12
6.62261 5 27 16 16 10 19 7 20 6 12
6.71979 5 28 16 16 10 19 8 20 5 12
6.73129 5 28 15 15 10 20 8 20 5 12
7.10332 5 27 15 15 9 20 8 21 5 12
7.13217 5 27 14 14 9 21 8 21 5 12
7.21502 5 28 14 14 9 21 9 21 4 12
7.42563 5 28 13 13 9 22 9 21 4 12
7.58216 5 27 13 13 8 22 9 22 4 12
7.73649 5 27 14 14 8 21 9 22 4 12
7.77788 5 26 14 14 7 21 9 23 4 12
7.80191 5 25 14 14 7 21 8 23 5 12
7.83568 5 25 14 14 6 20 9 23 5 12
7.90104 5 24 14 14 5 20 9 24 5 12
7.95638 6 25 14 14 4 20 9 24 5 12
7.98461 6 25 13 13 4 21 9 24 5 12
8.07465 6 25 13 13 4 20 9 23 5 13
8.1111 6 25 13 13 4 19 9 22 5 14
8.16453 6 25 13 13 4 18 9 21 5 15
8.16842 6 25 13 13 4 17 9 20 5 16
8.3389 6 25 13 13 4 16 9 19 5 17
8.35852 6 25 13 13 4 15 9 18 5 18
8.40985 6 25 13 13 5 16 8 18 5 18
8.43443 6 25 13 13 5 15 8 17 5 19
8.51074 5 24 13 13 6 15 8 17 5 19
8.53963 5 24 12 12 6 16 8 17 5 19
8.60184 5 23 12 12 5 16 8 18 5 19
8.65517 5 22 12 12 5 16 7 18 6 19
8.68292 5 22 11 11 5 17 7 18 6 19
8.70251 5 21 11 11 5 17 6 18 7 19
8.99541 5 21 11 11 5 16 6 17 7 20
9.0858 5 20 11 11 4 16 6 18 7 20
9.28799 5 20 11 11 3 15 7 18 7 20
9.47467 6 21 11 11 2 15 7 18 7 20
9.49882 6 21 10 10 2 16 7 18 7 20
9.60074 5 20 10 10 3 16 7 18 7 20
9.60145 5 19 10 10 3 16 6 18 8 20
9.64773 5 19 10 10 3 15 6 17 8 21
9.83873 5 19 10 10 3 14 6 16 8 22
9.96351 5 19 11 11 3 13 6 16 8 22
10.0612 5 19 11 11 2 12 7 16 8 22
10.4984 5 19 10 10 2 13 7 16 8 22
10.5176 5 19 10 10 2 12 7 15 8 23
10.6393 5 19 10 10 2 11 7 14 8 24
10.64 5 18 10 10 2 11 6 14 9 24
11.091 4 17 10 10 3 11 6 14 9 24
11.716 4 17 10 10 3 10 6 13 9 25
11.8062 4 16 10 10 3 10 5 13 10 25
11.8128 3 15 10 10 4 10 5 13 10 25
12.1619 4 16 10 10 3 10 5 13 10 25
12.4567 4 16 10 10 3 9 5 12 10 26
12.4699 4 16 9 9 3 10 5 12 10 26
12.9042 4 16 9 9 3 9 5 11 10 27
12.9079 4 15 9 9 2 9 5 12 10 27
13.2655 4 14 9 9 2 9 4 12 11 27
13.5067 4 15 9 9 2 9 5 12 10 27
13.5604 4 15 9 9 2 8 5 11 10 28
14.1946 4 15 9 9 2 7 5 10 10 29
14.5273 4 15 9 9 2 6 5 9 10 30
14.7913 4 15 9 9 1 5 6 9 10 30
15.5354 4 14 9 9 1 5 5 9 11 30
15.8047 4 14 8 8 1 6 5 9 11 30
16.2584 4 14 7 7 1 7 5 9 11 30
16.4954 4 14 6 6 1 8 5 9 11 30
17.1095 4 15 6 6 1 8 6 9 10 30
17.8659 4 14 6 6 1 8 5 9 11 30
18.0591 3 13 6 6 2 8 5 9 11 30
18.1218 3 14 6 6 2 8 6 9 10 30
18.2023 3 15 6 6 2 8 7 9 9 30
18.5512 3 15 5 5 2 9 7 9 9 30
18.9287 3 16 5 5 2 9 8 9 8 30
20.0764 3 16 5 5 1 8 9 9 8 30
20.3716 3 16 4 4 1 9 9 9 8 30
20.3923 3 16 4 4 1 8 9 8 8 31
20.4412 3 15 4 4 1 8 8 8 9 31
21.1102 2 14 4 4 2 8 8 8 9 31
22.3634 2 14 4 4 2 7 8 7 9 32
23.019 2 13 4 4 2 7 7 7 10 32
23.065 2 13 5 5 2 6 7 7 10 32
23.2495 2 13 4 4 2 7 7 7 10 32
23.4838 2 14 4 4 2 7 8 7 9 32
23.6551 2 13 4 4 2 7 7 7 10 32
23.6971 2 12 4 4 1 7 7 8 10 32
25.0833 2 12 4 4 1 6 7 7 10 33
25.604 2 11 4 4 1 6 6 7 11 33
25.6967 2 11 4 4 2 7 5 7 11 33
26.333 2 12 4 4 2 7 6 7 10 33
26.3649 2 12 5 5 2 6 6 7 10 33
27.7655 2 13 5 5 2 6 7 7 9 33
28.03 2 14 5 5 2 6 8 7 8 33
28.558 2 14 5 5 2 5 8 6 8 34
28.5753 2 13 5 5 2 5 7 6 9 34
28.9546 2 13 4 4 2 6 7 6 9 34
29.1138 2 12 4 4 2 6 6 6 10 34
29.1267 2 11 4 4 2 6 5 6 11 34
29.5168 2 11 4 4 2 5 5 5 11 35
30.4455 2 11 4 4 1 4 6 5 11 35
30.5777 2 11 3 3 1 5 6 5 11 35
30.787 2 12 3 3 1 5 7 5 10 35
30.8701 2 12 2 2 1 6 7 5 10 35
31.5286 2 12 3 3 1 5 7 5 10 35
31.6222 2 12 3 3 1 4 7 4 10 36
31.938 2 13 3 3 1 4 8 4 9 36
32.4724 2 13 3 3 1 3 8 3 9 37
32.7121 2 14 3 3 2 3 8 2 9 37
32.9747 2 15 3 3 3 3 8 1 9 37
33.1159 2 14 3 3 3 3 7 1 10 37
33.7072 2 13 3 3 3 3 6 1 11 37
33.8571 1 12 3 3 4 3 6 1 11 37
34.161 1 12 3 3 5 4 5 1 11 37
34.5931 1 12 3 3 4 3 6 1 11 37
35.2652 2 13 3 3 3 3 6 1 11 37
35.9483 2 13 3 3 2 2 7 1 11 37
36.0407 1 12 3 3 3 2 7 1 11 37
37.9799 1 12 3 3 4 3 6 1 11 37
39.0837 1 11 3 3 4 3 5 1 12 37
39.6102 0 10 3 3 5 3 5 1 12 37
41.7936 0 10 3 3 4 2 6 1 12 37
41.9299 0 9 3 3 3 2 6 2 12 37
42.151 0 8 3 3 2 2 6 3 12 37
42.8951 0 7 3 3 2 2 5 3 13 37
43.5659 0 6 3 3 2 2 4 3 14 37
43.581 0 7 3 3 2 2 5 3 13 37
44.3962 0 8 3 3 2 2 6 3 12 37
44.4597 0 8 2 2 2 3 6 3 12 37
45.0399 0 7 2 2 1 3 6 4 12 37
46.7193 0 8 2 2 1 3 7 4 11 37
48.5401 0 8 2 2 1 2 7 3 11 38
51.7931 0 8 1 1 1 3 7 3 11 38
52.3383 0 7 1 1 1 3 6 3 12 38
52.6552 0 8 1 1 1 3 7 3 11 38
53.3705 0 7 1 1 1 3 6 3 12 38
53.6342 0 7 1 1 2 4 5 3 12 38
54.864 0 8 1 1 2 4 6 3 11 38
54.8799 0 8 1 1 1 3 7 3 11 38
56.9009 0 7 1 1 1 3 6 3 12 38
57.7601 0 8 1 1 1 3 7 3 11 38
58.2173 0 7 1 1 0 3 7 4 11 38
59.0082 0 6 1 1 0 3 6 4 12 38
60.9116 0 6 1 1 0 2 6 3 12 39
63.6357 0 7 1 1 0 2 7 3 11 39
63.8396 0 6 1 1 0 2 6 3 12 39
64.4913 0 7 1 1 1 2 6 2 12 39
64.7156 0 8 1 1 1 2 7 2 11 39
64.7296 0 7 1 1 1 2 6 2 12 39
65.0918 0 8 1 1 1 2 7 2 11 39
67.1328 0 7 1 1 1 2 6 2 12 39
67.2086 0 8 1 1 1 2 7 2 11 39
67.5279 0 7 1 1 1 2 6 2 12 39
68.242 0 8 1 1 1 2 7 2 11 39
69.5829 0 9 1 1 1 2 8 2 10 39
71.4199 0 10 1 1 1 2 9 2 9 39
72.4753 0 11 1 1 1 2 10 2 8 39
73.9356 0 12 1 1 1 2 11 2 7 39
74.0625 0 11 1 1 1 2 10 2 8 39
75.3245 0 12 1 1 1 2 11 2 7 39
77.1043 0 11 1 1 1 2 10 2 8 39
78.156 0 10 1 1 0 2 10 3 8 39
81.6144 0 9 1 1 0 2 9 3 9 39
82.7359 0 9 0 0 0 3 9 3 9 39
83.4489 0 8 0 0 0 3 8 3 10 39
83.7714 0 8 0 0 1 4 7 3 10 39
85.1276 0 9 0 0 1 4 8 3 9 39
85.6903 0 10 0 0 2 4 8 2 9 39
85.7802 0 9 0 0 2 4 7 2 10 39
86.0861 0 8 0 0 2 4 6 2 11 39
86.3897 0 9 0 0 2 4 7 2 10 39
86.4908 0 9 0 0 1 3 8 2 10 39
86.9329 0 8 0 0 1 3 7 2 11 39
87.1605 0 7 0 0 0 3 7 3 11 39
88.2208 0 7 0 0 0 4 7 4 11 38
89.1705 0 7 0 0 0 3 7 3 11 39
93.0302 0 8 0 0 0 3 8 3 10 39
94.9935 0 7 0 0 0 3 7 3 11 39
95.3298 0 7 0 0 0 2 7 2 11 40
98.7621 0 6 0 0 0 2 6 2 12 40
99.6502 0 7 0 0 0 2 7 2 11 40
99.8746 0 8 0 0 0 2 8 2 10 40
100.724 0 7 0 0 0 2 7 2 11 40
101.073 0 6 0 0 0 2 6 2 12 40
102.178 0 7 0 0 0 2 7 2 11 40
102.954 0 6 0 0 0 2 6 2 12 40
104.518 0 6 0 0 1 3 5 2 12 40
106.618 0 7 0 0 1 3 6 2 11 40
107.5 0 8 0 0 2 3 6 1 11 40
108.478 0 9 0 0 2 3 7 1 10 40
108.496 0 10 0 0 2 3 8 1 9 40
109.423 0 10 0 0 1 2 9 1 9 40
110.11 0 9 0 0 1 2 8 1 10 40
112.72 0 8 0 0 1 2 7 1 11 40
112.766 0 7 0 0 1 2 6 1 12 40
113.78 1 8 0 0 0 2 6 1 12 40
113.87 1 7 0 0 0 2 5 1 13 40
115.679 1 7 0 0 0 1 5 0 13 41
116.296 1 8 0 0 0 1 6 0 12 41
116.638 0 7 0 0 1 1 6 0 12 41
117.643 0 6 0 0 1 1 5 0 13 41
119.672 0 7 0 0 1 1 6 0 12 41
120.114 0 6 0 0 0 1 6 1 12 41
120.654 0 5 0 0 0 1 5 1 13 41
122.077 0 4 0 0 0 1 4 1 14 41
128.002 0 5 0 0 0 1 5 1 13 41
128.234 0 6 0 0 0 1 6 1 12 41
129.566 0 5 0 0 0 1 5 1 13 41
129.813 0 6 0 0 0 1 6 1 12 41
130.725 0 7 0 0 0 1 7 1 11 41
131.412 0 8 0 0 0 1 8 1 10 41
132.902 0 7 0 0 0 1 7 1 11 41
134.969 0 7 0 0 1 2 6 1 11 41
135.099 0 8 0 0 1 2 7 1 10 41
135.88 0 9 0 0 1 2 8 1 9 41
136.011 0 10 0 0 1 2 9 1 8 41
136.08 0 9 0 0 1 2 8 1 9 41
136.454 1 10 0 0 0 2 8 1 9 41
137.117 1 9 0 0 0 2 7 1 10 41
137.369 1 10 0 0 0 2 8 1 9 41
138.174 1 11 0 0 0 2 9 1 8 41
139.329 1 10 0 0 0 2 8 1 9 41
141.015 1 10 0 0 0 1 8 0 9 42
141.508 0 9 0 0 1 1 8 0 9 42
143.862 0 8 0 0 1 1 7 0 10 42
144.078 0 9 0 0 1 1 8 0 9 42
146.785 0 8 0 0 1 1 7 0 10 42
148.656 0 7 0 0 1 1 6 0 11 42
149.271 0 6 0 0 1 1 5 0 12 42
152.551 0 5 0 0 1 1 4 0 13 42
152.988 0 6 0 0 1 1 5 0 12 42
157.014 0 7 0 0 1 1 6 0 11 42
160.376 0 8 0 0 1 1 7 0 10 42
161.772 0 8 0 0 2 2 6 0 10 42
164.171 0 7 0 0 2 2 5 0 11 42
165.1 0 8 0 0 2 2 6 0 10 42
165.209 0 9 0 0 2 2 7 0 9 42
165.379 0 8 0 0 2 2 6 0 10 42
166.449 0 7 0 0 1 2 6 1 10 42
169.306 1 8 0 0 0 2 6 1 10 42
169.963 1 9 0 0 0 2 7 1 9 42
171.85 1 10 0 0 0 2 8 1 8 42
174.93 1 9 0 0 0 2 7 1 9 42
175 1 10 0 0 0 2 8 1 8 42
175.723 0 9 0 0 1 2 8 1 8 42
175.979 0 8 0 0 1 2 7 1 9 42
181.256 0 9 0 0 1 2 8 1 8 42
181.355 0 8 0 0 1 2 7 1 9 42
181.973 0 7 0 0 1 2 6 1 10 42
182.503 0 8 0 0 1 2 7 1 9 42
183.879 0 7 0 0 1 2 6 1 10 42
185.61 0 6 0 0 1 2 5 1 11 42
185.811 0 5 0 0 1 2 4 1 12 42
187.635 0 4 0 0 0 2 4 2 12 42
188.604 0 5 0 0 0 2 5 2 11 42
189.07 0 4 0 0 0 2 4 2 12 42
190.869 0 5 0 0 0 2 5 2 11 42
191.2 0 5 0 0 1 3 4 2 11 42
192.895 0 6 0 0 1 3 5 2 10 42
196.903 0 7 0 0 1 3 6 2 9 42
197.204 0 8 0 0 1 3 7 2 8 42
201.153 0 9 0 0 1 3 8 2 7 42
201.557 0 10 0 0 1 3 9 2 6 42
201.675 0 9 0 0 1 3 8 2 7 42
203.597 0 8 0 0 1 3 7 2 8 42
203.637 0 7 0 0 1 3 6 2 9 42
204.133 0 6 0 0 1 3 5 2 10 42
204.674 0 7 0 0 1 3 6 2 9 42
206.066 0 8 0 0 1 3 7 2 8 42
206.335 0 9 0 0 1 3 8 2 7 42
207.353 0 8 0 0 1 3 7 2 8 42
211.201 0 9 0 0 1 3 8 2 7 42
211.999 0 10 0 0 1 3 9 2 6 42
214.151 0 10 0 0 2 4 8 2 6 42
214.607 0 9 0 0 2 4 7 2 7 42
215.154 0 8 0 0 2 4 6 2 8 42
215.173 0 8 0 0 2 3 6 1 8 43
217.167 0 8 0 0 3 4 5 1 8 43
217.829 0 8 0 0 2 3 6 1 8 43
217.928 0 9 0 0 2 3 7 1 7 43
218.465 0 10 0 0 2 3 8 1 6 43
220.236 0 9 0 0 2 3 7 1 7 43
222.555 0 10 0 0 2 3 8 1 6 43
222.76 0 9 0 0 2 3 7 1 7 43
223.008 0 8 0 0 1 3 7 2 7 43
224.353 0 7 0 0 1 3 6 2 8 43
227.096 0 6 0 0 1 3 5 2 9 43
227.3 0 7 0 0 1 3 6 2 8 43
229.415 0 8 0 0 1 3 7 2 7 43
230.655 0 9 0 0 1 3 8 2 6 43
232.984 0 10 0 0 1 3 9 2 5 43
234.68 0 9 0 0 1 3 8 2 6 43
235.389 0 8 0 0 1 3 7 2 7 43
235.727 0 7 0 0 1 3 6 2 8 43
236.935 0 8 0 0 1 3 7 2 7 43
237.29 0 9 0 0 2 3 7 1 7 43
237.908 0 10 0 0 2 3 8 1 6 43
239.184 0 9 0 0 1 3 8 2 6 43
239.552 0 8 0 0 1 3 7 2 7 43
242.43 0 7 0 0 1 3 6 2 8 43
243.003 0 6 0 0 1 3 5 2 9 43
243.618 0 7 0 0 1 3 6 2 8 43
243.978 0 7 0 0 1 2 6 1 8 44
245.47 0 8 0 0 1 2 7 1 7 44
246.401 0 9 0 0 1 2 8 1 6 44
246.735 0 8 0 0 1 2 7 1 7 44
247.362 0 9 0 0 1 2 8 1 6 44
247.794 0 8 0 0 1 2 7 1 7 44
249.529 0 7 0 0 1 2 6 1 8 44
252.015 0 8 0 0 1 2 7 1 7 44
254.94 0 9 0 0 1 2 8 1 6 44
255.453 0 8 0 0 0 2 8 2 6 44
255.751 0 9 0 0 0 2 9 2 5 44
257.143 0 8 0 0 0 2 8 2 6 44
257.224 0 7 0 0 0 2 7 2 7 44
257.233 0 7 1 1 0 1 7 2 7 44
257.579 0 8 1 1 0 1 8 2 6 44
258.984 0 7 1 1 0 1 7 2 7 44
261.753 0 8 1 1 0 1 8 2 6 44
262.665 0 7 1 1 0 1 7 2 7 44
264.096 0 6 1 1 0 1 6 2 8 44
266.604 0 7 1 1 1 1 6 1 8 44
269.252 0 8 1 1 1 1 7 1 7 44
272.098 0 7 1 1 1 1 6 1 8 44
273.677 0 6 1 1 1 1 5 1 9 44
278.319 0 6 1 1 1 0 5 0 9 45
281.11 0 7 1 1 1 0 6 0 8 45
285.002 0 8 1 1 1 0 7 0 7 45
285.749 0 7 1 1 1 0 6 0 8 45
286.839 0 6 1 1 0 0 6 1 8 45
287.315 0 6 1 1 1 1 5 1 8 45
291.247 0 7 1 1 1 1 6 1 7 45
294.464 0 6 1 1 1 1 5 1 8 45
298.224 0 5 1 1 1 1 4 1 9 45
301.904 0 6 1 1 1 1 5 1 8 45
302.072 0 6 1 1 2 2 4 1 8 45
302.32 0 5 1 1 2 2 3 1 9 45
303.474 0 5 0 0 2 3 3 1 9 45
309.712 0 6 0 0 2 3 4 1 8 45
311.031 0 5 0 0 1 3 4 2 8 45
311.238 0 5 1 1 1 2 4 2 8 45
311.681 0 4 1 1 1 2 3 2 9 45
315.241 0 5 1 1 1 2 4 2 8 45
320.577 0 6 1 1 1 2 5 2 7 45
322.995 1 7 1 1 0 2 5 2 7 45
325.295 1 8 1 1 1 2 5 1 7 45
332.925 1 7 1 1 1 2 4 1 8 45
333.855 1 6 1 1 1 2 3 1 9 45
334.297 1 7 1 1 1 2 4 1 8 45
335.708 1 8 1 1 1 2 5 1 7 45
337.6 1 7 1 1 1 2 4 1 8 45
338.952 1 7 1 1 0 1 5 1 8 45
340.346 1 8 1 1 0 1 6 1 7 45
343.525 1 7 1 1 0 1 5 1 8 45
344.573 1 7 2 2 0 0 5 1 8 45
344.948 1 6 2 2 0 0 4 1 9 45
344.971 1 7 2 2 0 0 5 1 8 45
346.152 1 6 2 2 0 0 4 1 9 45
347.671 1 7 2 2 0 0 5 1 8 45
347.91 1 8 2 2 0 0 6 1 7 45
352.153 1 8 1 1 0 1 6 1 7 45
352.819 0 7 1 1 1 1 6 1 7 45
354.135 0 6 1 1 1 1 5 1 8 45
357.044 0 5 1 1 1 1 4 1 9 45
357.434 0 6 1 1 1 1 5 1 8 45
361.772 0 5 1 1 1 1 4 1 9 45
362.05 0 6 1 1 1 1 5 1 8 45
365.161 0 5 1 1 1 1 4 1 9 45
366.875 0 4 1 1 1 1 3 1 10 45
367.537 0 5 1 1 1 1 4 1 9 45
367.984 0 6 1 1 1 1 5 1 8 45
369.944 0 7 1 1 1 1 6 1 7 45
374.094 0 8 1 1 1 1 7 1 6 45
374.228 0 7 1 1 1 1 6 1 7 45
376.039 0 8 1 1 1 1 7 1 6 45
378.886 0 7 1 1 1 1 6 1 7 45
379.123 0 8 1 1 1 1 7 1 6 45
380.349 0 7 1 1 1 1 6 1 7 45
380.492 1 8 1 1 0 1 6 1 7 45
381.641 1 9 1 1 0 1 7 1 6 45
384.174 1 8 1 1 0 1 6 1 7 45
384.551 1 8 1 1 0 2 6 2 7 44
384.554 1 9 1 1 0 2 7 2 6 44
386.153 1 8 1 1 0 2 6 2 7 44
388.471 1 9 1 1 1 2 6 1 7 44
389.922 1 10 1 1 1 2 7 1 6 44
390.705 1 9 1 1 1 2 6 1 7 44
391.078 1 8 1 1 1 2 5 1 8 44
392.364 1 8 1 1 2 3 4 1 8 44
397.805 1 9 1 1 2 3 5 1 7 44
398.837 1 8 1 1 2 3 4 1 8 44
403.973 1 7 1 1 2 3 3 1 9 44
404.152 1 6 1 1 1 3 3 2 9 44
405.161 1 7 1 1 1 3 4 2 8 44
405.181 1 8 1 1 1 3 5 2 7 44
406.065 1 7 1 1 1 3 4 2 8 44
407.093 1 6 1 1 1 3 3 2 9 44
410.401 1 6 2 2 1 2 3 2 9 44
412.999 1 5 2 2 0 2 3 3 9 44
413.261 1 5 2 2 0 1 3 2 9 45
415.224 1 4 2 2 0 1 2 2 10 45
417.485 1 5 2 2 0 1 3 2 9 45
418.049 0 4 2 2 1 1 3 2 9 45
420.014 0 3 2 2 1 1 2 2 10 45
420.792 0 4 2 2 1 1 3 2 9 45
421.265 0 3 2 2 1 1 2 2 10 45
422.648 0 4 2 2 1 1 3 2 9 45
424.852 0 4 2 2 2 2 2 2 9 45
427.56 0 5 2 2 2 2 3 2 8 45
430.605 0 4 2 2 2 2 2 2 9 45
431.018 0 5 2 2 2 2 3 2 8 45
432.905 0 4 2 2 2 2 2 2 9 45
433.059 0 4 3 3 2 1 2 2 9 45
433.58 0 4 2 2 2 2 2 2 9 45
433.957 0 5 2 2 2 2 3 2 8 45
435.228 0 4 2 2 2 2 2 2 9 45
435.736 0 5 2 2 2 2 3 2 8 45
435.77 0 5 3 3 2 1 3 2 8 45
436.082 0 4 3 3 1 1 3 3 8 45
437.025 0 5 3 3 1 1 4 3 7 45
437.628 0 4 3 3 0 1 4 4 7 45
438.724 0 3 3 3 0 1 3 4 8 45
442.297 0 4 3 3 0 1 4 4 7 45
443.377 0 4 3 3 0 0 4 3 7 46
444.101 0 5 3 3 0 0 5 3 6 46
445.194 0 5 3 3 1 1 4 3 6 46
446.949 0 6 3 3 1 1 5 3 5 46
447.392 0 5 3 3 1 1 4 3 6 46
449.468 1 6 3 3 0 1 4 3 6 46
451.112 1 6 2 2 0 2 4 3 6 46
455.134 1 7 2 2 0 2 5 3 5 46
457.189 1 8 2 2 0 2 6 3 4 46
457.848 1 7 2 2 0 2 5 3 5 46
459.603 1 6 2 2 0 2 4 3 6 46
460.529 1 7 2 2 0 2 5 3 5 46
460.59 1 6 2 2 0 2 4 3 6 46
462.653 1 6 3 3 0 1 4 3 6 46
463.867 1 5 3 3 0 1 3 3 7 46
465.534 1 5 2 2 0 2 3 3 7 46
465.796 1 4 2 2 0 2 2 3 8 46
466.229 1 5 2 2 0 2 3 3 7 46
467.108 1 4 2 2 0 2 2 3 8 46
469.298 1 5 2 2 0 2 3 3 7 46
470.681 1 6 2 2 0 2 4 3 6 46
470.848 1 7 2 2 0 2 5 3 5 46
471.225 0 6 2 2 1 2 5 3 5 46
471.725 0 5 2 2 1 2 4 3 6 46
471.981 0 4 2 2 0 2 4 4 6 46
474.264 0 3 2 2 0 2 3 4 7 46
474.653 0 4 2 2 1 2 3 3 7 46
478.425 0 5 2 2 1 2 4 3 6 46
481.086 0 5 2 2 1 1 4 2 6 47
483.307 0 6 2 2 1 1 5 2 5 47
483.398 0 7 2 2 1 1 6 2 4 47
483.729 0 8 2 2 1 1 7 2 3 47
483.9 0 7 2 2 1 1 6 2 4 47
485.998 0 6 2 2 1 1 5 2 5 47
486.359 0 6 2 2 2 2 4 2 5 47
486.482 0 5 2 2 2 2 3 2 6 47
488.739 0 6 2 2 2 2 4 2 5 47
491.44 0 6 2 2 1 1 5 2 5 47
491.724 0 7 2 2 1 1 6 2 4 47
494.748 0 7 2 2 2 2 5 2 4 47
496.483 0 6 2 2 1 2 5 3 4 47
496.605 0 5 2 2 1 2 4 3 5 47
498.27 0 5 2 2 0 1 5 3 5 47
498.368 0 6 2 2 0 1 6 3 4 47
499.569 0 5 2 2 0 1 5 3 5 47
501.585 0 5 2 2 0 0 5 2 5 48
509.023 0 4 2 2 0 0 4 2 6 48
512 0 5 2 2 0 0 5 2 5 48
512.413 0 6 2 2 0 0 6 2 4 48
514.066 0 6 2 2 1 1 5 2 4 48
517.024 0 5 2 2 1 1 4 2 5 48
517.079 1 6 2 2 0 1 4 2 5 48
520.191 1 5 2 2 0 1 3 2 6 48
521.384 0 4 2 2 1 1 3 2 6 48
526.42 0 5 2 2 1 1 4 2 5 48
526.881 0 4 2 2 0 1 4 3 5 48
530.445 0 5 2 2 0 1 5 3 4 48
531.67 0 6 2 2 0 1 6 3 3 48
532.081 0 5 2 2 0 1 5 3 4 48
534.673 0 4 2 2 0 1 4 3 5 48
535.129 0 5 2 2 0 1 5 3 4 48
535.502 0 6 2 2 0 1 6 3 3 48
535.641 0 5 2 2 0 1 5 3 4 48
536.129 0 6 2 2 0 1 6 3 3 48
536.685 0 5 2 2 0 1 5 3 4 48
538.617 0 5 2 2 0 2 5 4 4 47
539.495 0 4 2 2 0 2 4 4 5 47
541.058 0 5 2 2 0 2 5 4 4 47
542.159 0 4 2 2 0 2 4 4 5 47
542.244 0 5 2 2 0 2 5 4 4 47
542.584 0 6 2 2 0 2 6 4 3 47
546.256 0 5 2 2 0 2 5 4 4 47
547.634 0 6 2 2 0 2 6 4 3 47
548.129 0 5 2 2 0 2 5 4 4 47
550.771 0 4 2 2 0 2 4 4 5 47
551.585 0 3 2 2 0 2 3 4 6 47
552.053 0 4 2 2 0 2 4 4 5 47
552.064 0 5 2 2 0 2 5 4 4 47
552.752 0 6 2 2 0 2 6 4 3 47
553.939 0 5 2 2 0 2 5 4 4 47
559.305 0 6 2 2 1 2 5 3 4 47
560.646 0 7 2 2 1 2 6 3 3 47
562.187 0 8 2 2 2 2 6 2 3 47
562.858 0 9 2 2 3 2 6 1 3 47
566.132 0 8 2 2 2 2 6 2 3 47
566.674 0 9 2 2 2 2 7 2 2 47
567.958 1 10 2 2 1 2 7 2 2 47
574.322 1 10 3 3 1 1 7 2 2 47
575.015 1 9 3 3 0 1 7 3 2 47
577.211 1 9 4 4 0 0 7 3 2 47
577.394 1 10 4 4 0 0 8 3 1 47
577.468 1 9 4 4 0 0 7 3 2 47
578.547 1 10 4 4 0 0 8 3 1 47
579.478 1 10 3 3 0 1 8 3 1 47
579.832 1 11 3 3 1 1 8 2 1 47
580.287 1 10 3 3 0 1 8 3 1 47
580.36 1 10 2 2 0 2 8 3 1 47
581.081 1 9 2 2 0 2 7 3 2 47
584.648 1 8 2 2 0 2 6 3 3 47
586.563 1 8 1 1 0 3 6 3 3 47
587.049 1 9 1 1 1 3 6 2 3 47
591.228 0 8 1 1 2 3 6 2 3 47
591.583 0 8 1 1 1 2 7 2 3 47
591.696 0 7 1 1 1 2 6 2 4 47
592.031 0 6 1 1 1 2 5 2 5 47
595.726 0 7 1 1 1 2 6 2 4 47
604.872 0 6 1 1 1 2 5 2 5 47
606.681 0 5 1 1 0 2 5 3 5 47
606.682 0 6 1 1 0 2 6 3 4 47
607.693 0 7 1 1 0 2 7 3 3 47
608.108 0 6 1 1 0 2 6 3 4 47
609.25 0 7 1 1 0 2 7 3 3 47
611.142 0 6 1 1 0 2 6 3 4 47
617.265 0 5 1 1 0 2 5 3 5 47
620.255 0 4 1 1 0 2 4 3 6 47
621.725 0 5 1 1 1 2 4 2 6 47
624.266 0 6 1 1 1 2 5 2 5 47
630.281 0 5 1 1 1 2 4 2 6 47
631.268 0 6 1 1 2 2 4 1 6 47
633.053 0 5 1 1 1 2 4 2 6 47
638.162 1 6 1 1 0 2 4 2 6 47
642.582 0 5 1 1 1 2 4 2 6 47
643.77 1 6 1 1 0 2 4 2 6 47
645.052 1 6 1 1 1 3 3 2 6 47
647.29 1 6 1 1 0 2 4 2 6 47
649.718 0 5 1 1 1 2 4 2 6 47
651.902 0 6 1 1 1 2 5 2 5 47
652.328 0 7 1 1 1 2 6 2 4 47
652.439 0 8 1 1 1 2 7 2 3 47
656.414 0 7 1 1 1 2 6 2 4 47
659.419 0 6 1 1 0 2 6 3 4 47
663.083 0 5 1 1 0 2 5 3 5 47
666.992 0 4 1 1 0 2 4 3 6 47
668.678 0 5 1 1 0 2 5 3 5 47
672.788 0 6 1 1 0 2 6 3 4 47
675.95 0 5 1 1 0 2 5 3 5 47
678.378 0 4 1 1 0 2 4 3 6 47
681.135 0 5 1 1 0 2 5 3 5 47
681.693 0 6 1 1 0 2 6 3 4 47
683.35 0 5 1 1 0 2 5 3 5 47
683.502 0 6 1 1 0 2 6 3 4 47
687.558 0 5 1 1 0 2 5 3 5 47
688.83 0 6 1 1 0 2 6 3 4 47
688.97 0 5 1 1 0 2 5 3 5 47
689.603 0 5 1 1 0 3 5 4 5 46
690.375 0 6 1 1 0 3 6 4 4 46
691.297 0 7 1 1 0 3 7 4 3 46
692.977 0 7 1 1 1 4 6 4 3 46
692.983 0 8 1 1 1 4 7 4 2 46
693.818 0 7 1 1 1 4 6 4 3 46
694.409 1 8 1 1 0 4 6 4 3 46
695.79 1 9 1 1 1 4 6 3 3 46
703.745 1 9 1 1 1 3 6 2 3 47
703.963 2 10 1 1 0 3 6 2 3 47
704.851 2 9 1 1 0 3 5 2 4 47
705.123 2 8 1 1 0 3 4 2 5 47
705.163 2 9 1 1 0 3 5 2 4 47
705.694 2 8 1 1 0 3 4 2 5 47
705.941 2 8 1 1 0 2 4 1 5 48
713.891 2 7 1 1 0 2 3 1 6 48
714.854 2 8 1 1 0 2 4 1 5 48
716.045 1 7 1 1 1 2 4 1 5 48
717.327 1 8 1 1 1 2 5 1 4 48
717.435 1 7 1 1 1 2 4 1 5 48
718.194 1 6 1 1 1 2 3 1 6 48
719.138 1 5 1 1 1 2 2 1 7 48
723.201 1 6 1 1 2 2 2 0 7 48
725.587 1 5 1 1 2 2 1 0 8 48
726.466 1 5 1 1 1 1 2 0 8 48
726.642 1 4 1 1 1 1 1 0 9 48
728.853 1 5 1 1 1 1 2 0 8 48
730.149 2 6 1 1 0 1 2 0 8 48
730.939 2 5 1 1 0 1 1 0 9 48
731.22 2 6 1 1 0 1 2 0 8 48
731.571 2 7 1 1 0 1 3 0 7 48
735.306 2 6 1 1 0 1 2 0 8 48
736.512 2 7 1 1 0 1 3 0 7 48
737.356 1 6 1 1 1 1 3 0 7 48
738.844 1 7 1 1 1 1 4 0 6 48
739.978 1 6 1 1 1 1 3 0 7 48
747.475 1 5 1 1 1 1 2 0 8 48
749.325 1 4 1 1 1 1 1 0 9 48
754.071 1 5 1 1 1 1 2 0 8 48
756.511 1 6 1 1 1 1 3 0 7 48
756.899 1 5 1 1 1 1 2 0 8 48
757.11 1 4 1 1 1 1 1 0 9 48
757.127 1 5 1 1 1 1 2 0 8 48
758.358 1 6 1 1 1 1 3 0 7 48
759.088 1 5 1 1 0 1 3 1 7 48
762.55 1 6 1 1 0 1 4 1 6 48
764.789 1 5 1 1 0 1 3 1 7 48
764.801 1 6 1 1 0 1 4 1 6 48
774.668 1 7 1 1 0 1 5 1 5 48
774.734 1 6 1 1 0 1 4 1 6 48
777.981 1 6 1 1 0 0 4 0 6 49
779.102 1 5 1 1 0 0 3 0 7 49
780.198 0 4 1 1 1 0 3 0 7 49
782.477 0 5 1 1 1 0 4 0 6 49
783.203 0 6 1 1 1 0 5 0 5 49
784.479 0 5 1 1 0 0 5 1 5 49
784.518 0 4 1 1 0 0 4 1 6 49
785.276 0 5 1 1 1 0 4 0 6 49
785.496 0 4 1 1 1 0 3 0 7 49
786.565 0 5 1 1 1 0 4 0 6 49
787.138 0 6 1 1 1 0 5 0 5 49
791.211 0 5 1 1 1 0 4 0 6 49
794.414 0 4 1 1 1 0 3 0 7 49
802.32 0 3 1 1 0 0 3 1 7 49
803.075 0 3 0 0 0 1 3 1 7 49
803.928 0 3 0 0 0 2 3 2 7 48
805.722 0 4 0 0 0 2 4 2 6 48
809.352 0 3 0 0 0 2 3 2 7 48
811.864 0 4 0 0 0 2 4 2 6 48
812.072 0 3 0 0 0 2 3 2 7 48
814.604 0 4 0 0 0 2 4 2 6 48
815.573 0 4 0 0 0 1 4 1 6 49
815.808 0 5 0 0 0 1 5 1 5 49
818.478 0 6 0 0 0 1 6 1 4 49
819.048 0 5 0 0 0 1 5 1 5 49
821.147 0 6 0 0 0 1 6 1 4 49
821.401 0 5 0 0 0 1 5 1 5 49
822.334 0 4 0 0 0 1 4 1 6 49
823.253 0 5 0 0 0 1 5 1 5 49
825.459 0 5 1 1 0 0 5 1 5 49
826.205 0 4 1 1 0 0 4 1 6 49
828.223 0 3 1 1 0 0 3 1 7 49
830.209 0 4 1 1 0 0 4 1 6 49
832.781 0 5 1 1 0 0 5 1 5 49
835.344 0 4 1 1 0 0 4 1 6 49
846.008 0 5 1 1 0 0 5 1 5 49
846.619 0 6 1 1 0 0 6 1 4 49
851.468 0 7 1 1 0 0 7 1 3 49
855.3 0 6 1 1 0 0 6 1 4 49
856.712 0 7 1 1 0 0 7 1 3 49
858.211 0 8 1 1 0 0 8 1 2 49
859.479 0 7 1 1 0 0 7 1 3 49
860.67 0 6 1 1 0 0 6 1 4 49
862.205 0 5 1 1 0 0 5 1 5 49
862.479 0 6 1 1 0 0 6 1 4 49
863.106 0 6 1 1 1 1 5 1 4 49
868.313 0 5 1 1 1 1 4 1 5 49
868.566 0 6 1 1 1 1 5 1 4 49
868.633 0 5 1 1 1 1 4 1 5 49
870.251 0 4 1 1 1 1 3 1 6 49
871.475 0 5 1 1 1 1 4 1 5 49
877.297 0 4 1 1 0 1 4 2 5 49
881.481 0 3 1 1 0 1 3 2 6 49
887.98 0 4 1 1 0 1 4 2 5 49
889.138 0 5 1 1 0 1 5 2 4 49
892.344 0 4 1 1 0 1 4 2 5 49
893.699 0 5 1 1 0 1 5 2 4 49
895.532 0 4 1 1 0 1 4 2 5 49
895.759 0 4 1 1 0 2 4 3 5 48
897.88 0 5 1 1 0 2 5 3 4 48
898.076 0 4 1 1 0 2 4 3 5 48
899.979 0 4 0 0 0 3 4 3 5 48
901.961 0 4 0 0 0 2 4 2 5 49
903.322 0 4 1 1 0 1 4 2 5 49
904.469 0 3 1 1 0 1 3 2 6 49
905.391 0 3 2 2 0 0 3 2 6 49
906.751 0 4 2 2 0 0 4 2 5 49
907.763 0 5 2 2 0 0 5 2 4 49
917.263 0 6 2 2 0 0 6 2 3 49
920.534 0 6 2 2 1 1 5 2 3 49
922.121 0 5 2 2 1 1 4 2 4 49
922.585 0 4 2 2 1 1 3 2 5 49
925.802 0 3 2 2 1 1 2 2 6 49
929.506 0 2 2 2 1 1 1 2 7 49
932.755 0 3 2 2 1 1 2 2 6 49
942.454 0 2 2 2 0 1 2 3 6 49
942.891 0 3 2 2 0 1 3 3 5 49
947.294 0 3 2 2 0 0 3 2 5 50
947.801 0 4 2 2 0 0 4 2 4 50
948.92 0 5 2 2 0 0 5 2 3 50
949.086 0 4 2 2 0 0 4 2 4 50
949.72 0 5 2 2 0 0 5 2 3 50
953.518 0 4 2 2 0 0 4 2 4 50
956.038 0 3 2 2 0 0 3 2 5 50
959.737 0 4 2 2 0 0 4 2 4 50
959.825 0 5 2 2 0 0 5 2 3 50
964.253 0 6 2 2 0 0 6 2 2 50
964.545 0 5 2 2 0 0 5 2 3 50
970.977 0 4 2 2 0 0 4 2 4 50
972.114 0 3 2 2 0 0 3 2 5 50
972.777 0 4 2 2 0 0 4 2 4 50
974.224 0 5 2 2 0 0 5 2 3 50
978.516 0 6 2 2 0 0 6 2 2 50
978.552 0 5 2 2 0 0 5 2 3 50
979.597 0 6 2 2 0 0 6 2 2 50
980.836 0 5 2 2 0 0 5 2 3 50
986.775 0 4 2 2 0 0 4 2 4 50
991.618 0 3 2 2 0 0 3 2 5 50
991.838 0 4 2 2 0 0 4 2 4 50
993.129 0 3 2 2 0 0 3 2 5 50
996.724 0 4 2 2 0 0 4 2 4 50
1005.06 0 5 2 2 0 0 5 2 3 50
1007.45 0 6 2 2 1 0 5 1 3 50
1014.82 0 5 2 2 1 0 4 1 4 50
1020.78 0 6 2 2 1 0 5 1 3 50
1020.94 0 7 2 2 1 0 6 1 2 50
1022.49 0 6 2 2 1 0 5 1 3 50
1023.63 1 7 2 2 0 0 5 1 3 50
1025.46 1 6 2 2 0 0 4 1 4 50
1026.16 1 6 1 1 0 1 4 1 4 50
1029.33 1 5 1 1 0 1 3 1 5 50
1030.16 1 4 1 1 0 1 2 1 6 50
1030.93 1 5 1 1 1 1 2 0 6 50
1031.58 1 6 1 1 1 1 3 0 5 50
1032.69 1 5 1 1 0 1 3 1 5 50
1032.75 1 6 1 1 1 1 3 0 5 50
1038.8 0 5 1 1 2 1 3 0 5 50
1040.42 1 6 1 1 1 1 3 0 5 50
1051.91 2 7 1 1 0 1 3 0 5 50
1060.1 1 6 1 1 1 1 3 0 5 50
1063.01 1 7 1 1 1 1 4 0 4 50
1070.59 1 8 1 1 1 1 5 0 3 50
1071.74 1 7 1 1 1 1 4 0 4 50
1073.54 1 8 1 1 1 1 5 0 3 50
1076.2 1 7 1 1 1 1 4 0 4 50
1082.27 1 6 1 1 1 1 3 0 5 50
1083.79 1 7 1 1 1 1 4 0 4 50
1084.02 1 6 1 1 1 1 3 0 5 50
1084.69 1 7 1 1 1 1 4 0 4 50
1084.7 1 6 1 1 1 1 3 0 5 50
1089.88 1 7 1 1 1 1 4 0 4 50
1092.22 1 6 1 1 1 1 3 0 5 50
1100.54 1 7 1 1 1 1 4 0 4 50
1101.34 0 6 1 1 2 1 4 0 4 50
1103.48 0 6 1 1 3 2 3 0 4 50
1107.34 1 7 1 1 2 2 3 0 4 50
1108.15 1 6 1 1 2 2 2 0 5 50
1110.18 1 5 1 1 2 2 1 0 6 50
1110.73 1 6 1 1 2 2 2 0 5 50
1115.32 0 5 1 1 3 2 2 0 5 50
1115.43 0 4 1 1 3 2 1 0 6 50
1117.01 1 5 1 1 2 2 1 0 6 50
1117.12 2 6 1 1 1 2 1 0 6 50
1117.77 2 7 1 1 1 2 2 0 5 50
1123.41 2 8 1 1 1 2 3 0 4 50
1128.71 1 7 1 1 2 2 3 0 4 50
1129.31 1 6 1 1 2 2 2 0 5 50
1131.57 1 7 1 1 2 2 3 0 4 50
1134.71 0 6 1 1 3 2 3 0 4 50
1135.18 0 5 1 1 2 2 3 1 4 50
1135.97 0 6 1 1 2 2 4 1 3 50
1139.31 0 5 1 1 2 2 3 1 4 50
1144.96 1 6 1 1 1 2 3 1 4 50
1146.38 1 7 1 1 1 2 4 1 3 50
1148.34 1 7 1 1 1 1 4 0 3 51
1148.6 1 6 1 1 1 1 3 0 4 51
1149.12 1 5 1 1 1 1 2 0 5 51
1149.77 1 6 1 1 1 1 3 0 4 51
1150.35 1 5 1 1 0 1 3 1 4 51
1152.7 1 6 1 1 0 1 4 1 3 51
1155.95 1 5 1 1 0 1 3 1 4 51
1167.14 0 4 1 1 1 1 3 1 4 51
1167.53 0 3 1 1 0 1 3 2 4 51
1168.46 0 2 1 1 0 1 2 2 5 51
1172.2 0 3 1 1 0 1 3 2 4 51
1173.96 0 2 1 1 0 1 2 2 5 51
1176.69 0 3 1 1 0 1 3 2 4 51
1179.7 0 4 1 1 0 1 4 2 3 51
1182.82 0 4 1 1 0 2 4 3 3 50
1185.16 0 5 1 1 0 2 5 3 2 50
1186.4 0 4 1 1 0 2 4 3 3 50
1193.08 0 4 1 1 0 1 4 2 3 51
1194.15 0 5 1 1 0 1 5 2 2 51
1199.05 0 4 1 1 0 1 4 2 3 51
1201.87 0 5 1 1 0 1 5 2 2 51
1204.82 0 6 1 1 0 1 6 2 1 51
1209.39 0 5 1 1 0 1 5 2 2 51
1210.21 0 4 1 1 0 1 4 2 3 51
1211.09 0 4 1 1 1 2 3 2 3 51
1217.07 0 3 1 1 1 2 2 2 4 51
1223.92 0 4 1 1 1 2 3 2 3 51
1228.09 0 4 1 1 2 3 2 2 3 51
1229.43 0 5 1 1 2 3 3 2 2 51
1233.29 0 5 1 1 2 4 3 3 2 50
1234.05 1 6 1 1 1 4 3 3 2 50
1234.55 1 5 1 1 1 4 2 3 3 50
1234.57 1 6 1 1 1 4 3 3 2 50
1235.14 1 6 2 2 1 3 3 3 2 50
1235.64 1 7 2 2 2 3 3 2 2 50
1238.03 1 6 2 2 2 3 2 2 3 50
1238.95 2 7 2 2 1 3 2 2 3 50
1239.01 2 8 2 2 1 3 3 2 2 50
1244.17 2 8 2 2 1 2 3 1 2 51
1244.44 2 8 2 2 2 3 2 1 2 51
1246.61 1 7 2 2 3 3 2 1 2 51
1246.63 1 6 2 2 3 3 1 1 3 51
1247.16 1 6 2 2 2 2 2 1 3 51
1256.35 1 5 2 2 2 2 1 1 4 51
1256.52 1 5 2 2 1 1 2 1 4 51
1259.38 1 6 2 2 1 1 3 1 3 51
1259.76 1 6 1 1 1 2 3 1 3 51
1259.94 1 7 1 1 1 2 4 1 2 51
1268.93 1 6 1 1 0 2 4 2 2 51
1270.4 1 7 1 1 0 2 5 2 1 51
1271.4 1 7 1 1 1 3 4 2 1 51
1278.66 1 6 1 1 1 3 3 2 2 51
1280.42 1 6 1 1 1 4 3 3 2 50
1285.79 1 6 1 1 1 3 3 2 2 51
1286.5 1 7 1 1 1 3 4 2 1 51
1288.68 0 6 1 1 2 3 4 2 1 51
1288.81 0 5 1 1 2 3 3 2 2 51
1290.8 1 6 1 1 1 3 3 2 2 51
1292.13 1 5 1 1 1 3 2 2 3 51
1299.7 1 5 1 1 1 2 2 1 3 52
1300.98 1 4 1 1 0 2 2 2 3 52
1308.96 1 4 2 2 0 1 2 2 3 52
1311.28 0 3 2 2 1 1 2 2 3 52
1315.1 0 4 2 2 1 1 3 2 2 52
1316.19 0 5 2 2 2 1 3 1 2 52
1319.12 0 4 2 2 2 1 2 1 3 52
1319.98 0 3 2 2 1 1 2 2 3 52
1321.65 0 2 2 2 1 1 1 2 4 52
1325.33 0 3 2 2 1 1 2 2 3 52
1326.43 0 3 2 2 0 0 3 2 3 52
1328.38 0 3 1 1 0 1 3 2 3 52
1336.93 0 4 1 1 0 1 4 2 2 52
1340.36 0 4 2 2 0 0 4 2 2 52
1345.48 0 4 2 2 0 1 4 3 2 51
1361.72 0 3 2 2 0 1 3 3 3 51
1364.44 0 4 2 2 0 1 4 3 2 51
1365.52 0 4 3 3 0 0 4 3 2 51
1371.54 0 3 3 3 0 0 3 3 3 51
1373.18 0 4 3 3 0 0 4 3 2 51
1373.89 0 3 3 3 0 0 3 3 3 51
1376.82 0 3 2 2 0 1 3 3 3 51
1377.99 0 2 2 2 0 1 2 3 4 51
1380.39 0 2 2 2 1 2 1 3 4 51
1383.09 0 3 2 2 2 2 1 2 4 51
1390.68 0 2 2 2 2 2 0 2 5 51
1401.79 0 3 2 2 2 2 1 2 4 51
1405.64 0 2 2 2 2 2 0 2 5 51
1409.29 0 3 2 2 2 2 1 2 4 51
1410.19 0 3 3 3 2 1 1 2 4 51
1411.39 0 4 3 3 2 1 2 2 3 51
1411.75 0 4 2 2 2 2 2 2 3 51
1414.23 1 5 2 2 1 2 2 2 3 51
1415.1 1 5 2 2 1 1 2 1 3 52
1415.54 1 4 2 2 1 1 1 1 4 52
1424.15 1 5 2 2 1 1 2 1 3 52
1425.16 1 4 2 2 0 1 2 2 3 52
1425.86 1 4 2 2 0 0 2 1 3 53
1427.26 1 3 2 2 0 0 1 1 4 53
1428.23 1 3 1 1 0 1 1 1 4 53
1434.27 1 4 1 1 0 1 2 1 3 53
1439.45 1 3 1 1 0 1 1 1 4 53
1442.01 1 4 1 1 0 1 2 1 3 53
1445.49 1 5 1 1 0 1 3 1 2 53
1451.32 1 5 0 0 0 2 3 1 2 53
1454.77 1 6 0 0 0 2 4 1 1 53
1455.12 1 5 0 0 0 2 3 1 2 53
1455.15 1 4 0 0 0 2 2 1 3 53
1455.73 1 5 0 0 0 2 3 1 2 53
1456.38 1 6 0 0 0 2 4 1 1 53
1465.1 1 7 0 0 0 2 5 1 0 53
1467.51 1 6 0 0 0 2 4 1 1 53
1470.22 1 5 0 0 0 2 3 1 2 53
1475.83 1 4 0 0 0 2 2 1 3 53
1477.99 0 3 0 0 1 2 2 1 3 53
1483.24 0 4 0 0 1 2 3 1 2 53
1483.67 1 5 0 0 0 2 3 1 2 53
1490.8 1 4 0 0 0 2 2 1 3 53
1499.65 1 5 0 0 0 2 3 1 2 53
1503.98 1 4 0 0 0 2 2 1 3 53
1505.17 1 5 0 0 0 2 3 1 2 53
1511.15 1 5 1 1 0 1 3 1 2 53
1511.27 1 4 1 1 0 1 2 1 3 53
1511.58 1 5 1 1 0 1 3 1 2 53
1511.98 1 6 1 1 0 1 4 1 1 53
1513.81 1 7 1 1 1 1 4 0 1 53
1514.79 1 8 1 1 1 1 5 0 0 53
1515.42 0 7 1 1 2 1 5 0 0 53
1519 0 7 1 1 3 2 4 0 0 53
1521.98 0 6 1 1 2 2 4 1 0 53
1522.03 0 5 1 1 2 2 3 1 1 53
1523.26 0 6 1 1 2 2 4 1 0 53
1529.76 1 7 1 1 1 2 4 1 0 53
1532.46 1 6 1 1 1 2 3 1 1 53
1535.17 1 5 1 1 0 2 3 2 1 53
1537.5 1 5 0 0 0 3 3 2 1 53
1541.19 1 5 1 1 0 2 3 2 1 53
1542.07 1 4 1 1 0 2 2 2 2 53
1542.41 1 5 1 1 0 2 3 2 1 53
1549.33 1 6 1 1 0 2 4 2 0 53
1551.6 1 6 1 1 0 1 4 1 0 54
1552.49 1 6 0 0 0 2 4 1 0 54
1553.75 1 5 0 0 0 2 3 1 1 54
1559.23 1 6 0 0 0 2 4 1 0 54
1561.79 1 5 0 0 0 2 3 1 1 54
1563.21 1 4 0 0 0 2 2 1 2 54
1580.98 1 3 0 0 0 2 1 1 3 54
1586.52 0 2 0 0 1 2 1 1 3 54
1594.66 0 3 0 0 1 2 2 1 2 54
1600.15 0 3 1 1 1 1 2 1 2 54
1605.74 0 4 1 1 1 1 3 1 1 54
1607.22 1 5 1 1 0 1 3 1 1 54
1609.65 1 4 1 1 0 1 2 1 2 54
1609.7 1 4 1 1 0 0 2 0 2 55
1617.98 0 3 1 1 1 0 2 0 2 55
1624.88 0 4 1 1 1 0 3 0 1 55
1625.6 0 3 1 1 1 0 2 0 2 55
1626.29 0 4 1 1 1 0 3 0 1 55
1628.81 0 3 1 1 1 0 2 0 2 55
1633.08 0 2 1 1 1 0 1 0 3 55
1635.51 0 1 1 1 0 0 1 1 3 55
1639.69 0 2 1 1 0 0 2 1 2 55
1644.07 0 3 1 1 1 0 2 0 2 55
1645.36 0 4 1 1 1 0 3 0 1 55
1648.11 0 3 1 1 1 0 2 0 2 55
1654.61 0 4 1 1 1 0 3 0 1 55
1654.89 0 3 1 1 1 0 2 0 2 55
1657.99 1 4 1 1 0 0 2 0 2 55
1661.24 1 4 1 1 1 1 1 0 2 55
1684.63 1 5 1 1 1 1 2 0 1 55
1686.02 1 4 1 1 1 1 1 0 2 55
1689.3 1 4 2 2 1 0 1 0 2 55
1693.55 1 3 2 2 1 0 0 0 3 55
1702.57 0 2 2 2 2 0 0 0 3 55
1705.45 0 3 2 2 2 0 1 0 2 55
1715.36 0 2 2 2 2 0 0 0 3 55
1716.16 0 3 2 2 2 0 1 0 2 55
1716.51 0 2 2 2 1 0 1 1 2 55
1719.51 0 3 2 2 1 0 2 1 1 55
1729.7 0 2 2 2 1 0 1 1 2 55
1730.75 0 3 2 2 1 0 2 1 1 55
1743.21 0 4 2 2 1 0 3 1 0 55
1746.24 0 3 2 2 0 0 3 2 0 55
1755.01 0 3 1 1 0 1 3 2 0 55
1764.17 0 2 1 1 0 1 2 2 1 55
1764.82 0 2 0 0 0 2 2 2 1 55
1767.99 0 2 1 1 0 1 2 2 1 55
1771.77 0 2 0 0 0 2 2 2 1 55
1772.99 0 3 0 0 0 2 3 2 0 55
1789.95 0 2 0 0 0 2 2 2 1 55
1795.65 0 2 0 0 0 1 2 1 1 56
1800.02 0 2 0 0 0 0 2 0 1 57
1801.14 0 3 0 0 0 0 3 0 0 57
1804.96 0 2 0 0 0 0 2 0 1 57
1820.21 0 2 0 0 0 1 2 1 1 56
1823.19 0 1 0 0 0 1 1 1 2 56
1831.27 0 2 0 0 1 1 1 0 2 56
1831.7 0 2 0 0 1 2 1 1 2 55
1834.85 0 2 0 0 1 1 1 0 2 56
1851.42 0 3 0 0 1 1 2 0 1 56
1855.26 0 3 0 0 0 0 3 0 1 56
1856.24 0 2 0 0 0 0 2 0 2 56
1863.27 0 3 0 0 0 0 3 0 1 56
1874.52 0 2 0 0 0 0 2 0 2 56
1885.31 0 3 0 0 0 0 3 0 1 56
1888.26 0 4 0 0 0 0 4 0 0 56
1892.42 0 3 0 0 0 0 3 0 1 56
1918.12 0 2 0 0 0 0 2 0 2 56
1918.88 0 3 0 0 0 0 3 0 1 56
1962.03 0 2 0 0 0 0 2 0 2 56
1965.59 0 3 0 0 0 0 3 0 1 56
1973.9 0 2 0 0 0 0 2 0 2 56
1978.44 0 2 0 0 1 1 1 0 2 56
1998.34 0 1 0 0 0 1 1 1 2 56
2003.46 0 1 1 1 0 0 1 1 2 56
2033.21 0 1 1 1 1 1 0 1 2 56
2045.32 0 2 1 1 2 1 0 0 2 56
2051.5 0 3 1 1 2 1 1 0 1 56
2056.2 1 4 1 1 1 1 1 0 1 56
2056.49 1 4 1 1 2 2 0 0 1 56
2056.62 2 5 1 1 1 2 0 0 1 56
2060.05 2 4 1 1 0 2 0 1 1 56
2094.98 2 4 1 1 0 1 0 0 1 57
2141.04 2 5 1 1 0 1 1 0 0 57
2149.29 1 4 1 1 1 1 1 0 0 57
2163.23 1 4 1 1 1 2 1 1 0 56
2164.84 1 3 1 1 0 2 1 2 0 56
2184.14 1 2 1 1 0 2 0 2 1 56
2185.48 1 2 0 0 0 3 0 2 1 56
2189.8 1 2 0 0 0 2 0 1 1 57
2201.85 1 3 0 0 0 2 1 1 0 57
2207.9 1 3 0 0 0 1 1 0 0 58
2217.95 1 3 0 0 0 2 1 1 0 57
2237.29 1 3 0 0 0 3 1 2 0 56
2241.48 0 2 0 0 1 3 1 2 0 56
2243.36 0 2 0 0 1 2 1 1 0 57
2245.74 0 1 0 0 1 2 0 1 1 57
2270.29 0 2 0 0 1 2 1 1 0 57
2272.42 0 2 0 0 0 1 2 1 0 57
2277.57 0 1 0 0 0 1 1 1 1 57
2312.23 0 2 0 0 1 1 1 0 1 57
2333.01 0 3 0 0 1 1 2 0 0 57
2341.77 0 2 0 0 1 1 1 0 1 57
2357.75 0 1 0 0 0 1 1 1 1 57
2371.45 0 2 0 0 0 1 2 1 0 57
2377.98 0 2 0 0 1 2 1 1 0 57
2388.34 0 1 0 0 1 2 0 1 1 57
2402.9 0 2 0 0 1 2 1 1 0 57
2421.84 0 1 0 0 0 2 1 2 0 57
2424.09 0 1 0 0 1 3 0 2 0 57
2429.87 1 2 0 0 0 3 0 2 0 57
2444.64 1 2 0 0 0 2 0 1 0 58
2448.14 1 2 0 0 0 1 0 0 0 59
2448.41 1 2 1 1 0 0 0 0 0 59
2487.13 1 2 0 0 0 1 0 0 0 59
2498.4 0 1 0 0 1 1 0 0 0 59
2511.31 0 1 1 1 1 0 0 0 0 59
2549.84 0 1 1 1 1 1 0 1 0 58
2601.13 1 2 1 1 0 1 0 1 0 58
2636.79 1 2 0 0 0 2 0 1 0 58
2669.8 1 3 0 0 1 2 0 0 0 58
2701.67 1 2 0 0 0 2 0 1 0 58
2701.98 0 1 0 0 1 2 0 1 0 58
2716.16 0 1 0 0 0 1 1 1 0 58
2729.41 0 0 0 0 0 1 0 1 1 58
2733.19 0 0 0 0 0 0 0 0 1 59
2742.15 0 0 0 0 0 1 0 1 1 58
2764.82 0 1 0 0 0 1 1 1 0 58
2798.2 0 1 0 0 0 0 1 0 0 59
2922.77 0 1 0 0 1 1 0 0 0 59
2924.73 0 1 1 1 1 0 0 0 0 59
2926.43 1 2 1 1 0 0 0 0 0 59
2941.8 0 1 1 1 1 0 0 0 0 59
2965.87 1 2 1 1 0 0 0 0 0 59
2986.15 1 2 0 0 0 1 0 0 0 59
2986.15 1 2 0 0 0 1 0 0 0 59
