0 60 120 60 60 0 0 0 0 0 0
0.01693 59 119 60 60 1 0 0 0 0 0
0.0178861 59 119 59 59 1 1 0 0 0 0
0.0268893 58 118 59 59 2 1 0 0 0 0
0.0792704 57 117 59 59 3 1 0 0 0 0
0.104795 57 117 58 58 3 2 0 0 0 0
0.133633 56 116 58 58 4 2 0 0 0 0
0.145944 56 116 57 57 4 3 0 0 0 0
0.156509 56 116 56 56 4 4 0 0 0 0
0.176529 55 115 56 56 5 4 0 0 0 0
0.196975 55 115 55 55 5 5 0 0 0 0
0.212703 55 115 54 54 5 6 0 0 0 0
0.222155 55 115 53 53 5 7 0 0 0 0
0.291768 55 115 52 52 5 8 0 0 0 0
0.293248 54 114 52 52 6 8 0 0 0 0
0.336594 53 113 52 52 7 8 0 0 0 0
0.340204 52 112 52 52 8 8 0 0 0 0
0.345811 52 112 51 51 8 9 0 0 0 0
0.3702 51 111 51 51 9 9 0 0 0 0
0.41372 50 110 51 51 10 9 0 0 0 0
0.427567 49 109 51 51 11 9 0 0 0 0
0.428965 48 108 51 51 12 9 0 0 0 0
0.438801 47 107 51 51 13 9 0 0 0 0
0.455898 47 106 51 51 12 9 0 1 0 0
0.482758 46 105 51 51 13 9 0 1 0 0
0.4997 45 104 51 51 14 9 0 1 0 0
0.516229 45 104 50 50 14 10 0 1 0 0
0.552745 45 103 50 50 13 10 0 2 0 0
0.570874 44 102 50 50 14 10 0 2 0 0
0.576863 43 101 50 50 15 10 0 2 0 0
0.58388 43 101 49 49 15 11 0 2 0 0
0.587755 42 100 49 49 16 11 0 2 0 0
0.637956 41 99 49 49 17 11 0 2 0 0
0.671471 40 98 49 49 18 11 0 2 0 0
0.678853 39 97 49 49 19 11 0 2 0 0
0.692597 38 96 49 49 20 11 0 2 0 0
0.709119 37 95 49 49 21 11 0 2 0 0
0.719575 37 94 49 49 20 11 0 3 0 0
0.726822 37 93 49 49 19 11 0 4 0 0
0.729184 37 92 49 49 18 11 0 5 0 0
0.744869 36 91 49 49 19 11 0 5 0 0
0.771291 36 91 49 49 18 10 1 5 0 0
0.773889 35 90 49 49 19 10 1 5 0 0
0.78259 34 89 49 49 20 10 1 5 0 0
0.7978 33 88 49 49 21 10 1 5 0 0
0.814175 32 87 49 49 22 10 1 5 0 0
0.869167 31 86 49 49 23 10 1 5 0 0
0.881577 30 85 49 49 24 10 1 5 0 0
0.889037 30 85 48 48 24 11 1 5 0 0
0.909844 29 84 48 48 25 11 1 5 0 0
0.913194 29 83 48 48 24 11 1 6 0 0
0.933371 28 82 48 48 25 11 1 6 0 0
0.972522 28 81 48 48 24 11 1 7 0 0
1.01512 28 80 48 48 23 11 1 8 0 0
1.02041 28 81 48 48 24 11 1 7 0 0
1.02954 27 80 48 48 25 11 1 7 0 0
1.06141 27 79 48 48 24 11 1 8 0 0
1.06218 26 78 48 48 25 11 1 8 0 0
1.09517 26 78 47 47 25 12 1 8 0 0
1.12292 26 78 46 46 25 13 1 8 0 0
1.12512 26 78 46 46 24 12 2 8 0 0
1.1316 26 77 46 46 23 12 2 9 0 0
1.13406 25 76 46 46 24 12 2 9 0 0
1.19651 25 76 45 45 24 13 2 9 0 0
1.1985 25 76 44 44 24 14 2 9 0 0
1.20105 25 75 44 44 23 14 2 10 0 0
1.23973 24 74 44 44 24 14 2 10 0 0
1.24024 24 74 43 43 24 15 2 10 0 0
1.28296 23 73 43 43 25 15 2 10 0 0
1.33142 23 72 43 43 24 15 2 11 0 0
1.38652 23 71 43 43 23 15 2 12 0 0
1.43641 23 71 42 42 23 16 2 12 0 0
1.44747 22 70 42 42 24 16 2 12 0 0
1.47085 22 69 42 42 23 16 2 13 0 0
1.48057 22 69 42 42 22 15 3 13 0 0
1.49853 22 69 41 41 22 16 3 13 0 0
1.52579 21 68 41 41 23 16 3 13 0 0
1.54177 20 67 41 41 24 16 3 13 0 0
1.56018 20 67 41 41 23 15 4 13 0 0
1.56571 20 67 40 40 23 16 4 13 0 0
1.5658 20 66 40 40 22 16 4 14 0 0
1.61462 19 65 40 40 23 16 4 14 0 0
1.61583 18 64 40 40 24 16 4 14 0 0
1.63443 17 63 40 40 25 16 4 14 0 0
1.67341 17 62 40 40 25 16 3 14 1 0
1.75783 17 62 39 39 25 17 3 14 1 0
1.78398 16 61 39 39 26 17 3 14 1 0
1.79617 15 60 39 39 27 17 3 14 1 0
1.83372 14 59 39 39 28 17 3 14 1 0
1.83744 14 59 39 39 28 16 3 13 1 1
1.84793 14 59 38 38 28 17 3 13 1 1
1.86654 13 58 38 38 29 17 3 13 1 1
1.88148 12 57 38 38 30 17 3 13 1 1
1.91934 11 56 38 38 31 17 3 13 1 1
1.9315 10 55 38 38 32 17 3 13 1 1
1.95229 10 54 38 38 31 17 3 14 1 1
1.95943 10 53 38 38 30 17 3 15 1 1
1.96471 10 52 38 38 29 17 3 16 1 1
1.97155 10 52 37 37 29 18 3 16 1 1
1.9762 9 51 37 37 30 18 3 16 1 1
1.9767 9 51 37 37 30 17 3 15 1 2
2.00761 9 51 36 36 30 18 3 15 1 2
2.08647 8 50 36 36 31 18 3 15 1 2
2.11587 8 50 35 35 31 19 3 15 1 2
2.19893 8 50 34 34 31 20 3 15 1 2
2.23822 8 49 34 34 30 20 3 16 1 2
2.25222 8 48 34 34 29 20 3 17 1 2
2.25891 8 48 33 33 29 21 3 17 1 2
2.26197 8 48 32 32 29 22 3 17 1 2
2.29755 8 47 32 32 28 22 3 18 1 2
2.35596 8 47 32 32 28 21 3 17 1 3
2.40743 8 48 32 32 29 21 3 16 1 3
2.42983 7 47 32 32 30 21 3 16 1 3
2.44057 7 47 31 31 30 22 3 16 1 3
2.47015 7 46 31 31 29 22 3 17 1 3
2.50455 7 46 31 31 28 21 4 17 1 3
2.52893 7 45 31 31 27 21 4 18 1 3
2.53697 7 44 31 31 26 21 4 19 1 3
2.54401 7 44 30 30 26 22 4 19 1 3
2.54461 7 44 30 30 26 21 4 18 1 4
2.57083 7 44 29 29 26 22 4 18 1 4
2.58501 7 44 28 28 26 23 4 18 1 4
2.66384 7 43 28 28 26 23 3 18 2 4
2.696 6 42 28 28 27 23 3 18 2 4
2.71456 6 42 28 28 27 22 3 17 2 5
2.73316 6 42 28 28 27 21 3 16 2 6
2.7484 6 42 28 28 27 20 3 15 2 7
2.75622 6 42 27 27 27 21 3 15 2 7
2.75649 6 41 27 27 26 21 3 16 2 7
2.78037 6 41 27 27 25 20 4 16 2 7
2.85656 6 42 27 27 26 20 4 15 2 7
2.86281 6 41 27 27 25 20 4 16 2 7
2.87403 6 40 27 27 24 20 4 17 2 7
2.92503 6 39 27 27 23 20 4 18 2 7
2.92936 6 39 26 26 23 21 4 18 2 7
2.95908 6 39 26 26 22 20 5 18 2 7
2.98228 6 39 25 25 22 21 5 18 2 7
3.0054 6 38 25 25 21 21 5 19 2 7
3.0177 6 38 24 24 21 22 5 19 2 7
3.02669 6 38 24 24 20 21 6 19 2 7
3.03046 6 37 24 24 20 21 5 19 3 7
3.10014 6 36 24 24 19 21 5 20 3 7
3.15262 6 36 23 23 19 22 5 20 3 7
3.15941 6 36 23 23 18 21 6 20 3 7
3.17952 6 35 23 23 18 21 5 20 4 7
3.19083 6 35 23 23 18 20 5 19 4 8
3.23534 6 34 23 23 17 20 5 20 4 8
3.26424 6 34 22 22 17 21 5 20 4 8
3.32339 6 34 23 23 17 20 5 20 4 8
3.33069 6 34 22 22 17 21 5 20 4 8
3.40467 6 34 22 22 16 20 6 20 4 8
3.42376 6 34 22 22 16 19 6 19 4 9
3.44787 6 34 22 22 15 18 7 19 4 9
3.47071 6 33 22 22 15 18 6 19 5 9
3.52228 6 32 22 22 15 18 5 19 6 9
3.52892 6 32 22 22 14 17 6 19 6 9
3.76072 6 32 21 21 14 18 6 19 6 9
3.99535 6 32 21 21 13 17 7 19 6 9
4.08336 6 32 21 21 13 16 7 18 6 10
4.09926 5 31 21 21 14 16 7 18 6 10
4.16837 5 30 21 21 13 16 7 19 6 10
4.1761 5 30 21 21 13 15 7 18 6 11
4.26525 5 29 21 21 13 15 6 18 7 11
4.42659 5 28 21 21 12 15 6 19 7 11
4.48572 4 27 21 21 13 15 6 19 7 11
4.85738 4 27 21 21 13 14 6 18 7 12
4.92495 4 26 21 21 12 14 6 19 7 12
4.95322 4 26 20 20 12 15 6 19 7 12
5.14501 4 26 20 20 11 14 7 19 7 12
5.18812 4 25 20 20 10 14 7 20 7 12
5.18893 4 24 20 20 10 14 6 20 8 12
5.18961 3 23 20 20 11 14 6 20 8 12
5.22132 2 22 20 20 12 14 6 20 8 12
5.30003 2 22 19 19 12 15 6 20 8 12
5.30465 2 22 18 18 12 16 6 20 8 12
5.63401 2 22 18 18 11 15 7 20 8 12
5.64453 2 22 19 19 11 14 7 20 8 12
5.79414 2 22 18 18 11 15 7 20 8 12
5.87233 2 22 18 18 10 14 8 20 8 12
5.87773 2 23 18 18 10 14 9 20 7 12
5.97059 2 24 18 18 10 14 10 20 6 12
5.99616 2 24 18 18 10 13 10 19 6 13
6.03151 2 23 18 18 10 13 9 19 7 13
6.38662 2 23 18 18 10 12 9 18 7 14
6.39178 2 22 18 18 9 12 9 19 7 14
6.48975 2 22 19 19 9 11 9 19 7 14
6.66822 2 21 19 19 9 11 8 19 8 14
6.67084 2 21 19 19 10 12 7 19 8 14
6.76137 2 20 19 19 10 12 6 19 9 14
6.76385 2 20 19 19 9 11 7 19 9 14
6.80667 1 19 19 19 10 11 7 19 9 14
6.83846 1 18 19 19 9 11 7 20 9 14
6.84304 0 17 19 19 10 11 7 20 9 14
6.86404 0 16 19 19 10 11 6 20 10 14
6.98552 0 16 19 19 10 10 6 19 10 15
7.10582 0 16 19 19 10 9 6 18 10 16
7.14412 0 16 18 18 10 10 6 18 10 16
7.1961 0 15 18 18 10 10 5 18 11 16
7.24686 0 15 18 18 10 9 5 17 11 17
7.42239 0 14 18 18 9 9 5 18 11 17
7.56511 0 14 18 18 9 8 5 17 11 18
7.6469 0 13 18 18 8 8 5 18 11 18
7.93786 0 12 18 18 7 8 5 19 11 18
8.03675 0 11 18 18 6 8 5 20 11 18
8.67209 0 10 18 18 6 8 4 20 12 18
9.19637 0 10 18 18 6 7 4 19 12 19
9.30601 0 10 18 18 6 6 4 18 12 20
9.52213 0 9 18 18 6 6 3 18 13 20
9.556 0 9 17 17 6 7 3 18 13 20
9.56031 0 9 16 16 6 8 3 18 13 20
10.7519 0 9 15 15 6 9 3 18 13 20
11.3396 0 9 15 15 6 8 3 17 13 21
11.4591 0 9 15 15 6 7 3 16 13 22
11.7959 0 9 14 14 6 8 3 16 13 22
11.9647 0 9 14 14 6 7 3 15 13 23
11.9704 0 10 14 14 6 7 4 15 12 23
12.248 0 9 14 14 5 7 4 16 12 23
12.4076 0 8 14 14 4 7 4 17 12 23
12.8664 0 8 13 13 4 8 4 17 12 23
13.3519 0 8 12 12 4 9 4 17 12 23
13.4602 0 8 11 11 4 10 4 17 12 23
13.4721 0 8 11 11 3 9 5 17 12 23
14.2615 0 8 11 11 2 8 6 17 12 23
14.3365 0 9 11 11 2 8 7 17 11 23
14.5425 0 9 11 11 2 7 7 16 11 24
15.1175 0 9 11 11 2 6 7 15 11 25
15.7442 0 9 10 10 2 7 7 15 11 25
16.1863 0 9 10 10 2 6 7 14 11 26
17.8364 0 9 10 10 2 5 7 13 11 27
18.8745 0 8 10 10 1 5 7 14 11 27
19.7706 0 8 9 9 1 6 7 14 11 27
20.1244 0 7 9 9 0 6 7 15 11 27
20.3188 0 8 9 9 1 6 7 14 11 27
20.3231 0 9 9 9 1 6 8 14 10 27
21.2288 0 9 8 8 1 7 8 14 10 27
22.4193 0 9 9 9 1 6 8 14 10 27
22.8025 0 9 8 8 1 7 8 14 10 27
24.1221 0 9 8 8 1 6 8 13 10 28
24.6248 0 10 8 8 1 6 9 13 9 28
25.0269 0 11 8 8 1 6 10 13 8 28
25.2331 0 11 8 8 1 5 10 12 8 29
25.6812 0 11 8 8 1 4 10 11 8 30
25.7788 0 11 8 8 1 3 10 10 8 31
26.083 0 12 8 8 1 3 11 10 7 31
26.8543 0 11 8 8 1 3 10 10 8 31
27.3796 0 10 8 8 1 3 9 10 9 31
27.5862 0 10 8 8 2 4 8 10 9 31
27.7123 0 9 8 8 2 4 7 10 10 31
27.8455 0 9 8 8 3 5 6 10 10 31
28.7277 0 10 8 8 3 5 7 10 9 31
28.7626 0 10 8 8 2 4 8 10 9 31
28.9544 0 9 8 8 2 4 7 10 10 31
29.7073 0 9 8 8 2 3 7 9 10 32
29.8372 0 8 8 8 1 3 7 10 10 32
30.1934 0 8 7 7 1 4 7 10 10 32
30.7478 0 8 6 6 1 5 7 10 10 32
30.9241 0 9 6 6 1 5 8 10 9 32
30.9694 0 9 6 6 1 4 8 9 9 33
31.5368 0 8 6 6 1 4 7 9 10 33
32.1728 0 8 6 6 1 3 7 8 10 34
33.969 0 9 6 6 1 3 8 8 9 34
34.0399 0 10 6 6 1 3 9 8 8 34
34.459 0 10 6 6 1 2 9 7 8 35
36.1354 0 9 6 6 1 2 8 7 9 35
36.7254 0 8 6 6 1 2 7 7 10 35
38.077 0 7 6 6 1 2 6 7 11 35
38.7047 0 8 6 6 1 2 7 7 10 35
38.989 0 9 6 6 1 2 8 7 9 35
39.3922 0 8 6 6 1 2 7 7 10 35
40.4226 0 8 5 5 1 3 7 7 10 35
40.7384 0 8 6 6 1 2 7 7 10 35
41.7329 0 7 6 6 1 2 6 7 11 35
42.4461 0 7 5 5 1 3 6 7 11 35
42.47 0 8 5 5 1 3 7 7 10 35
42.7912 0 7 5 5 1 3 6 7 11 35
43.5343 0 8 5 5 1 3 7 7 10 35
45.5139 0 7 5 5 1 3 6 7 11 35
46.0933 0 7 5 5 1 2 6 6 11 36
46.1118 1 8 5 5 0 2 6 6 11 36
46.2312 1 7 5 5 0 2 5 6 12 36
46.4175 0 6 5 5 1 2 5 6 12 36
46.6492 0 5 5 5 1 2 4 6 13 36
46.7621 1 6 5 5 0 2 4 6 13 36
46.7805 1 6 5 5 0 1 4 5 13 37
46.8283 1 5 5 5 0 1 3 5 14 37
47.4291 1 6 5 5 0 1 4 5 13 37
47.5365 1 7 5 5 0 1 5 5 12 37
50.8934 1 6 5 5 0 1 4 5 13 37
54.0068 0 5 5 5 1 1 4 5 13 37
56.1302 0 6 5 5 1 1 5 5 12 37
57.1786 0 7 5 5 1 1 6 5 11 37
57.9345 0 6 5 5 1 1 5 5 12 37
58.0985 0 7 5 5 2 1 5 4 12 37
61.5848 0 8 5 5 2 1 6 4 11 37
62.1428 0 9 5 5 2 1 7 4 10 37
63.2591 0 8 5 5 2 1 6 4 11 37
63.3136 0 8 4 4 2 2 6 4 11 37
63.7245 0 9 4 4 2 2 7 4 10 37
64.279 0 9 4 4 2 1 7 3 10 38
65.3319 0 8 4 4 2 1 6 3 11 38
65.4834 0 9 4 4 2 1 7 3 10 38
67.6323 0 10 4 4 2 1 8 3 9 38
67.8788 0 9 4 4 2 1 7 3 10 38
70.1068 0 10 4 4 2 1 8 3 9 38
71.7595 0 9 4 4 2 1 7 3 10 38
72.3605 0 8 4 4 2 1 6 3 11 38
72.617 0 9 4 4 2 1 7 3 10 38
72.6919 0 9 4 4 2 0 7 2 10 39
72.7856 0 10 4 4 2 0 8 2 9 39
73.4537 0 9 4 4 2 0 7 2 10 39
73.6151 0 10 4 4 2 0 8 2 9 39
73.8284 0 11 4 4 2 0 9 2 8 39
74.0697 0 10 4 4 2 0 8 2 9 39
74.4792 0 9 4 4 2 0 7 2 10 39
79.1647 0 10 4 4 2 0 8 2 9 39
79.4695 0 11 4 4 2 0 9 2 8 39
79.6583 0 11 4 4 3 1 8 2 8 39
80.0149 0 10 4 4 3 1 7 2 9 39
80.1087 1 11 4 4 2 1 7 2 9 39
81.0431 0 10 4 4 3 1 7 2 9 39
81.1276 0 11 4 4 3 1 8 2 8 39
81.6405 0 10 4 4 2 1 8 3 8 39
81.8852 0 9 4 4 2 1 7 3 9 39
83.043 0 9 4 4 2 0 7 2 9 40
84.0229 0 10 4 4 2 0 8 2 8 40
86.3105 0 9 4 4 2 0 7 2 9 40
87.1503 0 10 4 4 2 0 8 2 8 40
87.1861 0 9 4 4 2 0 7 2 9 40
88.5306 0 8 4 4 1 0 7 3 9 40
89.6117 0 7 4 4 1 0 6 3 10 40
90.4847 0 7 3 3 1 1 6 3 10 40
93.2089 0 6 3 3 1 1 5 3 11 40
93.4624 0 7 3 3 1 1 6 3 10 40
93.7982 0 8 3 3 1 1 7 3 9 40
94.7995 0 8 2 2 1 2 7 3 9 40
95.1553 0 7 2 2 1 2 6 3 10 40
95.3762 0 6 2 2 1 2 5 3 11 40
95.4446 0 7 2 2 1 2 6 3 10 40
96.0118 0 6 2 2 1 2 5 3 11 40
98.0038 0 7 2 2 2 2 5 2 11 40
98.0856 0 6 2 2 2 2 4 2 12 40
100.425 0 5 2 2 1 2 4 3 12 40
103.407 0 4 2 2 1 2 3 3 13 40
104.496 0 4 2 2 2 3 2 3 13 40
105.015 0 5 2 2 2 3 3 3 12 40
105.68 0 4 2 2 2 3 2 3 13 40
105.868 0 5 2 2 2 3 3 3 12 40
107.072 0 6 2 2 2 3 4 3 11 40
108.183 0 5 2 2 2 3 3 3 12 40
109.354 0 6 2 2 2 3 4 3 11 40
111.448 0 5 2 2 2 3 3 3 12 40
114.853 0 6 2 2 3 3 3 2 12 40
116.174 0 6 1 1 3 4 3 2 12 40
116.817 0 7 1 1 3 4 4 2 11 40
118.34 0 8 1 1 3 4 5 2 10 40
118.457 0 7 1 1 3 4 4 2 11 40
121.95 0 7 1 1 2 3 5 2 11 40
122.737 0 6 1 1 2 3 4 2 12 40
125.152 0 7 1 1 2 3 5 2 11 40
125.953 0 8 1 1 2 3 6 2 10 40
126.218 0 7 1 1 2 3 5 2 11 40
126.293 0 8 1 1 2 3 6 2 10 40
126.59 0 7 1 1 2 3 5 2 11 40
127.865 0 6 1 1 2 3 4 2 12 40
128.852 0 7 1 1 2 3 5 2 11 40
128.962 0 8 1 1 2 3 6 2 10 40
129.183 0 9 1 1 2 3 7 2 9 40
129.668 0 8 1 1 2 3 6 2 10 40
129.689 0 7 1 1 2 3 5 2 11 40
133.381 0 6 1 1 2 3 4 2 12 40
133.489 0 7 1 1 2 3 5 2 11 40
134.61 0 8 1 1 2 3 6 2 10 40
134.665 0 9 1 1 2 3 7 2 9 40
136.922 0 8 1 1 2 3 6 2 10 40
137.14 1 9 1 1 1 3 6 2 10 40
137.267 1 9 1 1 1 2 6 1 10 41
137.732 1 10 1 1 1 2 7 1 9 41
139.195 1 9 1 1 1 2 6 1 10 41
141.365 1 8 1 1 0 2 6 2 10 41
142.145 1 8 1 1 1 3 5 2 10 41
143.793 1 7 1 1 1 3 4 2 11 41
146.006 0 6 1 1 2 3 4 2 11 41
147.162 0 7 1 1 2 3 5 2 10 41
149.352 0 6 1 1 1 3 5 3 10 41
149.476 0 5 1 1 1 3 4 3 11 41
150.228 0 6 1 1 1 3 5 3 10 41
153.148 0 7 1 1 1 3 6 3 9 41
153.463 0 6 1 1 1 3 5 3 10 41
153.755 0 7 1 1 1 3 6 3 9 41
156.175 0 7 1 1 2 4 5 3 9 41
157.104 0 7 1 1 1 3 6 3 9 41
159.13 0 6 1 1 1 3 5 3 10 41
159.38 0 6 1 1 1 2 5 2 10 42
160.473 0 7 1 1 1 2 6 2 9 42
160.578 0 8 1 1 2 2 6 1 9 42
161.332 0 7 1 1 2 2 5 1 10 42
162.462 0 8 1 1 2 2 6 1 9 42
164.343 0 9 1 1 2 2 7 1 8 42
165.197 0 8 1 1 2 2 6 1 9 42
167.215 0 7 1 1 2 2 5 1 10 42
168.021 0 8 1 1 2 2 6 1 9 42
170.074 0 8 1 1 3 3 5 1 9 42
170.471 0 9 1 1 3 3 6 1 8 42
170.852 0 8 1 1 2 3 6 2 8 42
171.117 0 9 1 1 2 3 7 2 7 42
173.534 0 8 1 1 2 3 6 2 8 42
173.759 0 7 1 1 2 3 5 2 9 42
175.271 0 8 1 1 2 3 6 2 8 42
175.721 0 9 1 1 2 3 7 2 7 42
176.248 0 8 1 1 1 3 7 3 7 42
176.627 0 7 1 1 1 3 6 3 8 42
177.005 0 6 1 1 1 3 5 3 9 42
177.351 0 7 1 1 1 3 6 3 8 42
177.471 0 6 1 1 1 3 5 3 9 42
179.281 0 5 1 1 1 3 4 3 10 42
180.155 0 6 1 1 1 3 5 3 9 42
180.424 0 7 1 1 1 3 6 3 8 42
181.545 0 7 1 1 1 2 6 2 8 43
182.153 0 6 1 1 1 2 5 2 9 43
182.168 0 6 1 1 1 1 5 1 9 44
182.366 0 5 1 1 1 1 4 1 10 44
183.149 0 6 1 1 1 1 5 1 9 44
184.819 0 7 1 1 1 1 6 1 8 44
186.381 0 7 0 0 1 2 6 1 8 44
186.98 0 8 0 0 1 2 7 1 7 44
187.64 0 7 0 0 1 2 6 1 8 44
193.164 0 6 0 0 1 2 5 1 9 44
194.294 0 7 0 0 1 2 6 1 8 44
196.224 0 6 0 0 1 2 5 1 9 44
196.228 0 6 0 0 2 3 4 1 9 44
197.335 0 6 0 0 3 4 3 1 9 44
198.954 0 5 0 0 2 4 3 2 9 44
200.976 0 6 0 0 2 4 4 2 8 44
201.306 0 7 0 0 2 4 5 2 7 44
201.631 0 8 0 0 2 4 6 2 6 44
202.99 1 9 0 0 1 4 6 2 6 44
203.17 1 10 0 0 1 4 7 2 5 44
204.223 1 9 0 0 1 4 6 2 6 44
204.408 2 10 0 0 0 4 6 2 6 44
206.137 2 9 0 0 0 4 5 2 7 44
206.749 2 10 0 0 0 4 6 2 6 44
206.908 2 9 0 0 0 4 5 2 7 44
209.471 2 8 0 0 0 4 4 2 8 44
210.651 2 7 0 0 0 4 3 2 9 44
211.116 2 7 0 0 0 3 3 1 9 45
211.319 2 6 0 0 0 3 2 1 10 45
211.4 2 5 0 0 0 3 1 1 11 45
212.815 2 4 0 0 0 3 0 1 12 45
213.098 2 5 0 0 0 3 1 1 11 45
217.621 2 6 0 0 0 3 2 1 10 45
224.037 2 6 0 0 1 4 1 1 10 45
226.033 2 7 0 0 1 4 2 1 9 45
227.7 2 8 0 0 1 4 3 1 8 45
231.279 2 8 0 0 0 3 4 1 8 45
232.937 2 7 0 0 0 3 3 1 9 45
233.578 2 8 0 0 0 3 4 1 8 45
237.512 2 8 0 0 0 2 4 0 8 46
238.452 2 7 0 0 0 2 3 0 9 46
238.681 2 8 0 0 0 2 4 0 8 46
239.581 2 9 0 0 0 2 5 0 7 46
240.95 2 8 0 0 0 2 4 0 8 46
241.31 2 7 0 0 0 2 3 0 9 46
242.161 2 6 0 0 0 2 2 0 10 46
243.368 2 7 0 0 0 2 3 0 9 46
244.52 2 8 0 0 0 2 4 0 8 46
247.972 2 7 0 0 0 2 3 0 9 46
259.353 2 6 0 0 0 2 2 0 10 46
261.023 2 5 0 0 0 2 1 0 11 46
268.282 2 6 0 0 0 2 2 0 10 46
269.589 2 6 1 1 0 1 2 0 10 46
270.122 2 6 0 0 0 2 2 0 10 46
272.615 2 7 0 0 0 2 3 0 9 46
273.229 2 8 0 0 0 2 4 0 8 46
282.863 2 8 0 0 1 3 3 0 8 46
283.266 2 8 1 1 1 2 3 0 8 46
285.841 1 7 1 1 2 2 3 0 8 46
285.852 1 8 1 1 2 2 4 0 7 46
286.959 2 9 1 1 1 2 4 0 7 46
288.945 2 10 1 1 1 2 5 0 6 46
292.074 2 10 2 2 1 1 5 0 6 46
292.708 2 10 1 1 1 2 5 0 6 46
294.274 2 9 1 1 1 2 4 0 7 46
295.025 2 9 1 1 2 3 3 0 7 46
295.149 2 8 1 1 1 3 3 1 7 46
297.892 2 7 1 1 1 3 2 1 8 46
297.999 2 8 1 1 1 3 3 1 7 46
298.817 2 8 1 1 0 2 4 1 7 46
299.326 2 7 1 1 0 2 3 1 8 46
310.295 2 8 1 1 0 2 4 1 7 46
310.571 2 9 1 1 0 2 5 1 6 46
312.325 1 8 1 1 1 2 5 1 6 46
312.5 1 7 1 1 1 2 4 1 7 46
312.545 1 6 1 1 1 2 3 1 8 46
312.792 1 5 1 1 1 2 2 1 9 46
315.083 1 6 1 1 1 2 3 1 8 46
315.225 1 7 1 1 1 2 4 1 7 46
318.715 1 6 1 1 1 2 3 1 8 46
320.087 1 7 1 1 1 2 4 1 7 46
320.337 1 6 1 1 1 2 3 1 8 46
322.634 0 5 1 1 2 2 3 1 8 46
323.116 0 4 1 1 2 2 2 1 9 46
323.307 1 5 1 1 1 2 2 1 9 46
325.029 1 6 1 1 1 2 3 1 8 46
325.939 1 5 1 1 0 2 3 2 8 46
328.096 1 6 1 1 0 2 4 2 7 46
331.442 1 7 1 1 0 2 5 2 6 46
332.816 0 6 1 1 1 2 5 2 6 46
333.025 0 5 1 1 1 2 4 2 7 46
334.869 0 6 1 1 1 2 5 2 6 46
335.738 0 7 1 1 1 2 6 2 5 46
336.313 0 6 1 1 0 2 6 3 5 46
337.413 0 7 1 1 0 2 7 3 4 46
337.971 0 7 1 1 0 3 7 4 4 45
339.066 0 7 1 1 0 2 7 3 4 46
340.725 0 8 1 1 0 2 8 3 3 46
341.541 0 7 1 1 0 2 7 3 4 46
341.636 0 6 1 1 0 2 6 3 5 46
343.089 0 5 1 1 0 2 5 3 6 46
347.908 0 4 1 1 0 2 4 3 7 46
348.54 0 4 1 1 1 3 3 3 7 46
349.985 0 5 1 1 1 3 4 3 6 46
355.52 0 6 1 1 1 3 5 3 5 46
355.601 0 7 1 1 1 3 6 3 4 46
357.317 0 6 1 1 1 3 5 3 5 46
357.943 0 7 1 1 1 3 6 3 4 46
357.951 0 6 1 1 1 3 5 3 5 46
359.301 0 6 1 1 1 2 5 2 5 47
362.53 0 5 1 1 1 2 4 2 6 47
363.776 0 6 1 1 1 2 5 2 5 47
364.408 0 7 1 1 1 2 6 2 4 47
365.966 0 6 1 1 1 2 5 2 5 47
374.09 0 5 1 1 1 2 4 2 6 47
374.697 1 6 1 1 0 2 4 2 6 47
375.485 1 7 1 1 0 2 5 2 5 47
376.708 1 6 1 1 0 2 4 2 6 47
379.381 1 7 1 1 1 2 4 1 6 47
381.284 1 6 1 1 1 2 3 1 7 47
381.543 1 5 1 1 1 2 2 1 8 47
384.503 1 4 1 1 1 2 1 1 9 47
385.601 1 5 1 1 1 2 2 1 8 47
390.315 1 6 1 1 1 2 3 1 7 47
392.666 1 6 1 1 2 3 2 1 7 47
396.128 1 6 1 1 2 2 2 0 7 48
396.851 1 7 1 1 2 2 3 0 6 48
400.892 1 6 1 1 2 2 2 0 7 48
401.977 2 7 1 1 1 2 2 0 7 48
402.754 2 8 1 1 1 2 3 0 6 48
403.122 2 7 1 1 1 2 2 0 7 48
409.724 2 6 1 1 0 2 2 1 7 48
412.986 2 7 1 1 0 2 3 1 6 48
413.235 2 6 1 1 0 2 2 1 7 48
414.759 2 6 0 0 0 3 2 1 7 48
415.306 2 5 0 0 0 3 1 1 8 48
417.026 2 5 0 0 0 4 1 2 8 47
418.275 1 4 0 0 1 4 1 2 8 47
418.461 1 5 0 0 1 4 2 2 7 47
419.237 1 4 0 0 1 4 1 2 8 47
422.726 1 5 0 0 1 4 2 2 7 47
423.561 1 6 0 0 1 4 3 2 6 47
424.927 1 7 0 0 1 4 4 2 5 47
427.237 0 6 0 0 2 4 4 2 5 47
429.773 0 7 0 0 2 4 5 2 4 47
430.561 0 7 0 0 2 5 5 3 4 46
432.232 0 7 0 0 2 4 5 2 4 47
433.335 0 6 0 0 1 4 5 3 4 47
436.732 0 5 0 0 1 4 4 3 5 47
436.809 0 5 0 0 2 5 3 3 5 47
437.782 0 6 0 0 2 5 4 3 4 47
437.821 0 6 0 0 1 4 5 3 4 47
438.344 0 6 0 0 1 3 5 2 4 48
443.191 0 6 1 1 1 2 5 2 4 48
446.878 0 7 1 1 1 2 6 2 3 48
447.209 0 6 1 1 1 2 5 2 4 48
448.486 0 5 1 1 1 2 4 2 5 48
452.413 0 6 1 1 2 2 4 1 5 48
455.47 0 5 1 1 1 2 4 2 5 48
455.529 0 4 1 1 0 2 4 3 5 48
458.845 0 5 1 1 0 2 5 3 4 48
461.053 0 5 1 1 0 1 5 2 4 49
465.912 0 6 1 1 0 1 6 2 3 49
474.63 0 5 1 1 0 1 5 2 4 49
478.995 0 6 1 1 1 1 5 1 4 49
479.237 0 7 1 1 1 1 6 1 3 49
479.88 0 8 1 1 1 1 7 1 2 49
480.397 0 7 1 1 1 1 6 1 3 49
482.202 0 8 1 1 1 1 7 1 2 49
486.495 0 7 1 1 1 1 6 1 3 49
487.678 0 8 1 1 1 1 7 1 2 49
487.958 0 7 1 1 1 1 6 1 3 49
489.883 0 7 0 0 1 2 6 1 3 49
498.109 0 6 0 0 1 2 5 1 4 49
500.064 0 7 0 0 2 2 5 0 4 49
500.194 1 8 0 0 1 2 5 0 4 49
501.233 1 7 0 0 1 2 4 0 5 49
504.376 1 8 0 0 1 2 5 0 4 49
507.496 1 7 0 0 1 2 4 0 5 49
507.575 1 6 0 0 1 2 3 0 6 49
511.094 1 7 0 0 1 2 4 0 5 49
516.609 1 8 0 0 1 2 5 0 4 49
517.158 1 9 0 0 1 2 6 0 3 49
518.761 0 8 0 0 2 2 6 0 3 49
519.59 0 7 0 0 2 2 5 0 4 49
520.408 0 6 0 0 2 2 4 0 5 49
522.777 0 5 0 0 1 2 4 1 5 49
527.082 0 6 0 0 1 2 5 1 4 49
528.664 0 5 0 0 1 2 4 1 5 49
532.462 0 6 0 0 1 2 5 1 4 49
536.402 0 5 0 0 1 2 4 1 5 49
537.99 0 6 0 0 1 2 5 1 4 49
539.747 0 6 0 0 2 3 4 1 4 49
541.645 0 6 0 0 2 2 4 0 4 50
541.878 0 5 0 0 2 2 3 0 5 50
542.101 0 4 0 0 2 2 2 0 6 50
546.523 0 5 0 0 2 2 3 0 5 50
546.585 0 6 0 0 2 2 4 0 4 50
547.21 0 5 0 0 2 2 3 0 5 50
547.252 0 4 0 0 1 2 3 1 5 50
548.22 0 5 0 0 1 2 4 1 4 50
550.339 0 5 0 0 1 3 4 2 4 49
556.284 0 5 1 1 1 2 4 2 4 49
557.3 1 6 1 1 0 2 4 2 4 49
557.974 1 7 1 1 0 2 5 2 3 49
559.904 1 8 1 1 0 2 6 2 2 49
559.993 1 9 1 1 0 2 7 2 1 49
560.846 1 8 1 1 0 2 6 2 2 49
561.839 1 9 1 1 0 2 7 2 1 49
561.916 1 8 1 1 0 2 6 2 2 49
564.339 1 9 1 1 0 2 7 2 1 49
565.275 1 8 1 1 0 2 6 2 2 49
565.624 1 7 1 1 0 2 5 2 3 49
567.99 1 6 1 1 0 2 4 2 4 49
568.459 1 5 1 1 0 2 3 2 5 49
568.797 1 5 1 1 1 3 2 2 5 49
569.059 1 4 1 1 1 3 1 2 6 49
570.664 1 5 1 1 2 3 1 1 6 49
570.939 1 5 1 1 1 2 2 1 6 49
572.621 1 6 1 1 1 2 3 1 5 49
572.662 1 7 1 1 1 2 4 1 4 49
573.946 1 8 1 1 1 2 5 1 3 49
574.448 0 7 1 1 2 2 5 1 3 49
576.493 0 6 1 1 2 2 4 1 4 49
576.5 0 5 1 1 2 2 3 1 5 49
577.094 0 4 1 1 2 2 2 1 6 49
582.153 0 3 1 1 1 2 2 2 6 49
583.251 0 4 1 1 1 2 3 2 5 49
583.798 0 5 1 1 2 2 3 1 5 49
585.346 0 6 1 1 2 2 4 1 4 49
588.051 0 5 1 1 2 2 3 1 5 49
592.488 0 4 1 1 2 2 2 1 6 49
593.46 0 5 1 1 2 2 3 1 5 49
598.635 1 6 1 1 1 2 3 1 5 49
599.159 1 6 2 2 1 1 3 1 5 49
603.157 1 7 2 2 1 1 4 1 4 49
604.727 2 8 2 2 0 1 4 1 4 49
605.389 1 7 2 2 1 1 4 1 4 49
605.997 1 7 2 2 1 2 4 2 4 48
607.294 1 7 2 2 2 3 3 2 4 48
609.471 1 6 2 2 2 3 2 2 5 48
609.537 1 5 2 2 1 3 2 3 5 48
610.815 1 6 2 2 1 3 3 3 4 48
613.051 1 5 2 2 1 3 2 3 5 48
614.107 1 6 2 2 1 3 3 3 4 48
614.218 1 7 2 2 1 3 4 3 3 48
617.497 0 6 2 2 2 3 4 3 3 48
617.552 0 7 2 2 2 3 5 3 2 48
618.095 0 7 2 2 1 2 6 3 2 48
619.974 0 6 2 2 1 2 5 3 3 48
620.845 0 5 2 2 1 2 4 3 4 48
623.832 0 5 2 2 0 1 5 3 4 48
628.644 0 6 2 2 1 1 5 2 4 48
631.501 0 7 2 2 1 1 6 2 3 48
631.642 1 8 2 2 0 1 6 2 3 48
632.565 1 7 2 2 0 1 5 2 4 48
632.696 1 6 2 2 0 1 4 2 5 48
634.005 1 5 2 2 0 1 3 2 6 48
638.317 1 6 2 2 0 1 4 2 5 48
638.833 1 7 2 2 0 1 5 2 4 48
639.772 1 8 2 2 0 1 6 2 3 48
640.688 1 8 2 2 0 0 6 1 3 49
641.096 1 7 2 2 0 0 5 1 4 49
642.342 1 6 2 2 0 0 4 1 5 49
643.497 1 7 2 2 0 0 5 1 4 49
643.567 1 6 2 2 0 0 4 1 5 49
646.033 1 5 2 2 0 0 3 1 6 49
649.127 1 5 2 2 1 1 2 1 6 49
653.842 1 6 2 2 1 1 3 1 5 49
656.303 0 5 2 2 2 1 3 1 5 49
659.557 0 6 2 2 2 1 4 1 4 49
662.488 0 5 2 2 2 1 3 1 5 49
664.422 0 6 2 2 2 1 4 1 4 49
665.389 0 5 2 2 1 1 4 2 4 49
666.637 0 4 2 2 1 1 3 2 5 49
669.676 0 3 2 2 1 1 2 2 6 49
675.501 0 4 2 2 1 1 3 2 5 49
675.685 0 5 2 2 1 1 4 2 4 49
677.738 0 4 2 2 0 1 4 3 4 49
680.344 0 4 1 1 0 2 4 3 4 49
683.432 0 4 1 1 0 1 4 2 4 50
687.898 0 5 1 1 0 1 5 2 3 50
689.521 0 4 1 1 0 1 4 2 4 50
696.286 0 5 1 1 0 1 5 2 3 50
704.801 0 4 1 1 0 1 4 2 4 50
705.733 0 3 1 1 0 1 3 2 5 50
709.741 0 4 1 1 1 1 3 1 5 50
712.147 0 5 1 1 1 1 4 1 4 50
712.972 0 4 1 1 1 1 3 1 5 50
716.599 0 3 1 1 0 1 3 2 5 50
719.428 0 4 1 1 0 1 4 2 4 50
721.586 0 5 1 1 0 1 5 2 3 50
723.786 0 4 1 1 0 1 4 2 4 50
726.283 0 5 1 1 0 1 5 2 3 50
726.595 0 6 1 1 0 1 6 2 2 50
726.898 0 5 1 1 0 1 5 2 3 50
731.414 0 4 1 1 0 1 4 2 4 50
731.846 0 5 1 1 0 1 5 2 3 50
733.051 0 5 1 1 0 2 5 3 3 49
735.03 0 6 1 1 0 2 6 3 2 49
736.991 0 5 1 1 0 2 5 3 3 49
737.068 0 6 1 1 0 2 6 3 2 49
741.127 0 5 1 1 0 2 5 3 3 49
743.246 0 6 1 1 0 2 6 3 2 49
745.078 0 6 2 2 0 1 6 3 2 49
748.749 0 7 2 2 0 1 7 3 1 49
751.211 0 6 2 2 0 1 6 3 2 49
753.209 0 6 2 2 1 2 5 3 2 49
757.362 0 7 2 2 1 2 6 3 1 49
758.24 0 7 1 1 1 3 6 3 1 49
758.855 0 6 1 1 1 3 5 3 2 49
761.661 0 7 1 1 1 3 6 3 1 49
762.499 0 6 1 1 1 3 5 3 2 49
763.309 0 5 1 1 1 3 4 3 3 49
768.442 0 4 1 1 1 3 3 3 4 49
768.528 1 5 1 1 0 3 3 3 4 49
771.372 1 6 1 1 1 3 3 2 4 49
774.476 1 5 1 1 0 3 3 3 4 49
777.1 1 6 1 1 0 3 4 3 3 49
779.409 1 7 1 1 0 3 5 3 2 49
781.454 1 6 1 1 0 3 4 3 3 49
782.451 1 6 1 1 0 2 4 2 3 50
786.031 0 5 1 1 1 2 4 2 3 50
788.556 0 4 1 1 1 2 3 2 4 50
788.858 0 5 1 1 2 2 3 1 4 50
791.124 1 6 1 1 1 2 3 1 4 50
792.855 1 6 2 2 1 1 3 1 4 50
794.439 0 5 2 2 2 1 3 1 4 50
795.215 0 4 2 2 2 1 2 1 5 50
797.915 0 5 2 2 2 1 3 1 4 50
801.034 0 4 2 2 2 1 2 1 5 50
803.996 0 5 2 2 2 1 3 1 4 50
807.303 1 6 2 2 1 1 3 1 4 50
816.032 1 6 2 2 1 0 3 0 4 51
820.397 1 5 2 2 1 0 2 0 5 51
823.349 2 6 2 2 0 0 2 0 5 51
823.639 2 7 2 2 0 0 3 0 4 51
828.316 1 6 2 2 1 0 3 0 4 51
846.718 1 5 2 2 1 0 2 0 5 51
848.727 1 6 2 2 1 0 3 0 4 51
850.594 1 7 2 2 1 0 4 0 3 51
852.104 1 8 2 2 1 0 5 0 2 51
853.533 1 9 2 2 1 0 6 0 1 51
861.337 1 8 2 2 1 0 5 0 2 51
864.939 1 7 2 2 1 0 4 0 3 51
864.964 1 6 2 2 1 0 3 0 4 51
865.959 1 5 2 2 1 0 2 0 5 51
866.046 1 6 2 2 1 0 3 0 4 51
866.507 1 6 2 2 1 1 3 1 4 50
868.167 1 6 2 2 1 2 3 2 4 49
870.312 1 7 2 2 1 2 4 2 3 49
871.586 1 6 2 2 1 2 3 2 4 49
872.098 1 6 3 3 1 1 3 2 4 49
874.119 1 7 3 3 1 1 4 2 3 49
877.959 1 8 3 3 1 1 5 2 2 49
878.585 1 7 3 3 1 1 4 2 3 49
879.249 1 7 2 2 1 2 4 2 3 49
880.483 1 7 2 2 0 1 5 2 3 49
884.202 1 6 2 2 0 1 4 2 4 49
886.688 1 5 2 2 0 1 3 2 5 49
887.037 1 4 2 2 0 1 2 2 6 49
887.997 1 5 2 2 0 1 3 2 5 49
889.191 1 6 2 2 0 1 4 2 4 49
891.04 1 5 2 2 0 1 3 2 5 49
892.085 1 6 2 2 0 1 4 2 4 49
893.939 0 5 2 2 1 1 4 2 4 49
894.664 0 6 2 2 1 1 5 2 3 49
897.543 0 5 2 2 1 1 4 2 4 49
898.882 0 5 2 2 2 2 3 2 4 49
901.454 0 6 2 2 2 2 4 2 3 49
902.917 0 7 2 2 3 2 4 1 3 49
905.054 0 6 2 2 3 2 3 1 4 49
908.664 0 7 2 2 3 2 4 1 3 49
910.566 0 6 2 2 3 2 3 1 4 49
912.78 1 7 2 2 2 2 3 1 4 49
913.722 1 7 2 2 1 1 4 1 4 49
913.807 1 6 2 2 1 1 3 1 5 49
914.58 2 7 2 2 0 1 3 1 5 49
914.684 1 6 2 2 1 1 3 1 5 49
922.755 1 6 2 2 2 2 2 1 5 49
928.554 1 5 2 2 1 2 2 2 5 49
929.642 1 6 2 2 1 2 3 2 4 49
931.536 1 7 2 2 1 2 4 2 3 49
933.774 1 8 2 2 2 2 4 1 3 49
934.888 1 7 2 2 1 2 4 2 3 49
935.698 1 8 2 2 1 2 5 2 2 49
936.661 1 9 2 2 1 2 6 2 1 49
939.919 1 8 2 2 1 2 5 2 2 49
940.543 1 7 2 2 1 2 4 2 3 49
940.6 1 8 2 2 2 2 4 1 3 49
945.479 1 7 2 2 1 2 4 2 3 49
949.234 1 7 2 2 1 3 4 3 3 48
949.537 1 8 2 2 1 3 5 3 2 48
950.355 2 9 2 2 0 3 5 3 2 48
950.426 2 8 2 2 0 3 4 3 3 48
951.946 1 7 2 2 1 3 4 3 3 48
956.742 0 6 2 2 2 3 4 3 3 48
957.154 0 5 2 2 1 3 4 4 3 48
957.419 0 5 2 2 0 2 5 4 3 48
959.402 0 4 2 2 0 2 4 4 4 48
960.405 0 4 1 1 0 3 4 4 4 48
963.173 0 3 1 1 0 3 3 4 5 48
963.279 0 3 2 2 0 2 3 4 5 48
963.564 0 4 2 2 0 2 4 4 4 48
964.073 0 5 2 2 0 2 5 4 3 48
965.184 0 6 2 2 0 2 6 4 2 48
966.942 0 6 3 3 0 1 6 4 2 48
967.266 0 5 3 3 0 1 5 4 3 48
968.578 0 4 3 3 0 1 4 4 4 48
977.397 0 4 3 3 0 0 4 3 4 49
988.362 0 3 3 3 0 0 3 3 5 49
990.347 0 3 2 2 0 1 3 3 5 49
992.926 0 3 2 2 0 0 3 2 5 50
995.11 0 2 2 2 0 0 2 2 6 50
998.592 0 3 2 2 1 0 2 1 6 50
999.89 0 3 1 1 1 1 2 1 6 50
999.942 0 4 1 1 2 1 2 0 6 50
1003.67 0 5 1 1 2 1 3 0 5 50
1006.1 0 4 1 1 2 1 2 0 6 50
1007.52 0 3 1 1 2 1 1 0 7 50
1007.54 0 2 1 1 1 1 1 1 7 50
1019.38 0 3 1 1 1 1 2 1 6 50
1019.64 0 4 1 1 1 1 3 1 5 50
1020.84 0 4 1 1 2 2 2 1 5 50
1023.9 0 5 1 1 2 2 3 1 4 50
1023.95 0 4 1 1 2 2 2 1 5 50
1029.85 1 5 1 1 1 2 2 1 5 50
1032.23 1 5 2 2 1 1 2 1 5 50
1032.88 1 6 2 2 1 1 3 1 4 50
1033.37 1 6 1 1 1 2 3 1 4 50
1033.76 1 5 1 1 0 2 3 2 4 50
1038.68 1 6 1 1 0 2 4 2 3 50
1040.86 1 5 1 1 0 2 3 2 4 50
1041.59 1 6 1 1 0 2 4 2 3 50
1043.13 1 5 1 1 0 2 3 2 4 50
1043.32 1 5 2 2 0 1 3 2 4 50
1045.07 1 6 2 2 1 1 3 1 4 50
1045.23 1 5 2 2 1 1 2 1 5 50
1045.71 1 6 2 2 1 1 3 1 4 50
1045.9 1 6 1 1 1 2 3 1 4 50
1048.91 1 7 1 1 1 2 4 1 3 50
1050.57 1 6 1 1 1 2 3 1 4 50
1052.74 1 7 1 1 1 2 4 1 3 50
1053.01 1 6 1 1 1 2 3 1 4 50
1053.73 1 7 1 1 1 2 4 1 3 50
1056.18 1 6 1 1 0 2 4 2 3 50
1061.09 1 5 1 1 0 2 3 2 4 50
1063.64 1 5 2 2 0 1 3 2 4 50
1064.07 1 5 1 1 0 2 3 2 4 50
1067.3 1 4 1 1 0 2 2 2 5 50
1069.38 1 3 1 1 0 2 1 2 6 50
1069.67 0 2 1 1 1 2 1 2 6 50
1074.53 0 3 1 1 1 2 2 2 5 50
1076.76 0 3 0 0 1 3 2 2 5 50
1079.09 1 4 0 0 0 3 2 2 5 50
1084.64 1 5 0 0 0 3 3 2 4 50
1087.99 1 5 0 0 1 4 2 2 4 50
1094.85 1 6 0 0 1 4 3 2 3 50
1096.76 1 7 0 0 1 4 4 2 2 50
1097.14 1 7 0 0 0 3 5 2 2 50
1098.2 1 6 0 0 0 3 4 2 3 50
1099.06 1 7 0 0 0 3 5 2 2 50
1100.24 0 6 0 0 1 3 5 2 2 50
1103.01 0 5 0 0 1 3 4 2 3 50
1106.42 1 6 0 0 0 3 4 2 3 50
1106.93 1 7 0 0 0 3 5 2 2 50
1107.36 1 7 0 0 0 2 5 1 2 51
1108.03 0 6 0 0 1 2 5 1 2 51
1109.44 0 5 0 0 1 2 4 1 3 51
1119.81 0 6 0 0 2 2 4 0 3 51
1120.98 0 5 0 0 2 2 3 0 4 51
1121.99 0 6 0 0 2 2 4 0 3 51
1122.67 0 6 1 1 2 1 4 0 3 51
1124.15 0 5 1 1 2 1 3 0 4 51
1125.32 0 4 1 1 1 1 3 1 4 51
1129.59 0 3 1 1 1 1 2 1 5 51
1132.29 0 4 1 1 2 1 2 0 5 51
1132.4 0 4 0 0 2 2 2 0 5 51
1142.14 0 3 0 0 1 2 2 1 5 51
1144.86 0 3 0 0 1 1 2 0 5 52
1145.65 0 2 0 0 0 1 2 1 5 52
1145.69 0 3 0 0 0 1 3 1 4 52
1145.95 0 4 0 0 0 1 4 1 3 52
1147.78 0 4 1 1 0 0 4 1 3 52
1147.99 0 5 1 1 0 0 5 1 2 52
1150.6 0 4 1 1 0 0 4 1 3 52
1151.48 0 3 1 1 0 0 3 1 4 52
1155.38 0 4 1 1 0 0 4 1 3 52
1156.04 0 5 1 1 0 0 5 1 2 52
1157.42 0 4 1 1 0 0 4 1 3 52
1162.63 0 5 1 1 0 0 5 1 2 52
1163.8 0 5 1 1 1 1 4 1 2 52
1164.24 1 6 1 1 0 1 4 1 2 52
1165.22 1 7 1 1 0 1 5 1 1 52
1165.47 1 7 0 0 0 2 5 1 1 52
1170.01 1 6 0 0 0 2 4 1 2 52
1172.86 1 5 0 0 0 2 3 1 3 52
1176.57 1 4 0 0 0 2 2 1 4 52
1177.01 1 5 0 0 1 2 2 0 4 52
1177.68 1 6 0 0 1 2 3 0 3 52
1179.11 1 5 0 0 1 2 2 0 4 52
1182.07 1 4 0 0 0 2 2 1 4 52
1185.43 1 5 0 0 0 2 3 1 3 52
1185.72 1 4 0 0 0 2 2 1 4 52
1187.01 1 5 0 0 0 2 3 1 3 52
1188.09 1 6 0 0 1 2 3 0 3 52
1189.9 1 5 0 0 1 2 2 0 4 52
1191.08 1 4 0 0 0 2 2 1 4 52
1199.27 1 4 1 1 0 1 2 1 4 52
1204.23 0 3 1 1 1 1 2 1 4 52
1206.58 0 3 1 1 2 2 1 1 4 52
1207.64 0 4 1 1 2 2 2 1 3 52
1209.31 0 4 1 1 1 1 3 1 3 52
1214.68 0 4 1 1 1 0 3 0 3 53
1214.74 0 4 0 0 1 1 3 0 3 53
1219.4 0 4 0 0 2 2 2 0 3 53
1223.64 0 5 0 0 2 2 3 0 2 53
1223.8 1 6 0 0 1 2 3 0 2 53
1226.2 1 7 0 0 1 2 4 0 1 53
1226.41 1 7 0 0 0 1 5 0 1 53
1228.55 1 6 0 0 0 1 4 0 2 53
1235.8 1 7 0 0 0 1 5 0 1 53
1242.9 1 6 0 0 0 1 4 0 2 53
1246.47 1 5 0 0 0 1 3 0 3 53
1253.08 1 5 0 0 1 2 2 0 3 53
1258.65 1 6 0 0 1 2 3 0 2 53
1271.15 1 7 0 0 1 2 4 0 1 53
1272.41 1 6 0 0 1 2 3 0 2 53
1272.56 1 7 0 0 1 2 4 0 1 53
1280.32 1 8 0 0 1 2 5 0 0 53
1280.72 1 7 0 0 1 2 4 0 1 53
1282.45 0 6 0 0 2 2 4 0 1 53
1282.45 0 5 0 0 2 2 3 0 2 53
1283.19 0 4 0 0 1 2 3 1 2 53
1287.56 0 5 0 0 1 2 4 1 1 53
1289.38 0 5 1 1 1 1 4 1 1 53
1293.13 0 5 1 1 1 0 4 0 1 54
1294.46 0 4 1 1 1 0 3 0 2 54
1298.03 0 4 0 0 1 1 3 0 2 54
1300.38 0 4 1 1 1 0 3 0 2 54
1302.51 0 5 1 1 1 0 4 0 1 54
1306.97 0 4 1 1 0 0 4 1 1 54
1309.08 0 5 1 1 1 0 4 0 1 54
1314.91 0 4 1 1 0 0 4 1 1 54
1316.56 0 3 1 1 0 0 3 1 2 54
1320.13 0 4 1 1 0 0 4 1 1 54
1322.83 0 3 1 1 0 0 3 1 2 54
1325.26 0 4 1 1 0 0 4 1 1 54
1329.01 0 3 1 1 0 0 3 1 2 54
1348.79 0 4 1 1 0 0 4 1 1 54
1358.93 0 3 1 1 0 0 3 1 2 54
1362.45 0 3 1 1 1 1 2 1 2 54
1368.7 0 2 1 1 1 1 1 1 3 54
1369.3 0 3 1 1 1 1 2 1 2 54
1375.41 1 4 1 1 0 1 2 1 2 54
1380.65 1 5 1 1 0 1 3 1 1 54
1386.9 1 4 1 1 0 1 2 1 2 54
1389.89 1 5 1 1 0 1 3 1 1 54
1392.27 1 5 1 1 1 2 2 1 1 54
1394.66 1 4 1 1 1 2 1 1 2 54
1409 0 3 1 1 2 2 1 1 2 54
1409.57 0 3 2 2 2 1 1 1 2 54
1418.24 1 4 2 2 1 1 1 1 2 54
1424.34 1 4 3 3 1 0 1 1 2 54
1424.41 1 4 2 2 1 1 1 1 2 54
1428.09 1 4 1 1 1 2 1 1 2 54
1428.64 1 5 1 1 2 2 1 0 2 54
1430.28 1 5 1 1 1 1 2 0 2 54
1435.9 1 4 1 1 0 1 2 1 2 54
1436.44 1 4 2 2 0 0 2 1 2 54
1436.59 1 4 1 1 0 1 2 1 2 54
1440.72 1 3 1 1 0 1 1 1 3 54
1441.23 1 3 1 1 0 2 1 2 3 53
1450.87 1 4 1 1 0 2 2 2 2 53
1452.05 1 5 1 1 0 2 3 2 1 53
1452.89 1 6 1 1 0 2 4 2 0 53
1453.95 1 5 1 1 0 2 3 2 1 53
1457.19 1 6 1 1 0 2 4 2 0 53
1462.35 1 5 1 1 0 2 3 2 1 53
1465.28 1 4 1 1 0 2 2 2 2 53
1465.64 1 5 1 1 0 2 3 2 1 53
1470.03 1 6 1 1 0 2 4 2 0 53
1470.6 1 6 1 1 1 3 3 2 0 53
1470.72 0 5 1 1 2 3 3 2 0 53
1473.15 0 5 2 2 2 2 3 2 0 53
1474.69 0 4 2 2 2 2 2 2 1 53
1481.97 0 4 1 1 2 3 2 2 1 53
1483.58 0 4 0 0 2 4 2 2 1 53
1498.35 1 5 0 0 1 4 2 2 1 53
1500.38 1 5 1 1 1 3 2 2 1 53
1503.7 1 4 1 1 1 3 1 2 2 53
1505.77 0 3 1 1 2 3 1 2 2 53
1505.91 0 4 1 1 3 3 1 1 2 53
1506.2 0 4 1 1 2 2 2 1 2 53
1507.85 0 3 1 1 1 2 2 2 2 53
1512.28 1 4 1 1 0 2 2 2 2 53
1518.56 1 5 1 1 0 2 3 2 1 53
1522.77 0 4 1 1 1 2 3 2 1 53
1524.94 0 3 1 1 1 2 2 2 2 53
1533.61 0 3 1 1 1 3 2 3 2 52
1540.15 0 4 1 1 1 3 3 3 1 52
1543.26 0 3 1 1 1 3 2 3 2 52
1544.32 0 4 1 1 2 3 2 2 2 52
1548.21 0 4 1 1 3 4 1 2 2 52
1549.19 0 4 2 2 3 3 1 2 2 52
1550.94 0 4 2 2 3 4 1 3 2 51
1557.51 0 4 1 1 3 5 1 3 2 51
1562.98 0 4 1 1 3 6 1 4 2 50
1563 0 5 1 1 4 6 1 3 2 50
1565.72 0 5 1 1 4 5 1 2 2 51
1567.72 0 4 1 1 3 5 1 3 2 51
1571.66 0 4 1 1 3 4 1 2 2 52
1576.37 0 4 1 1 3 3 1 1 2 53
1577.85 1 5 1 1 2 3 1 1 2 53
1578.75 1 5 2 2 2 2 1 1 2 53
1579.95 1 6 2 2 2 2 2 1 1 53
1582.27 0 5 2 2 3 2 2 1 1 53
1588.41 0 5 2 2 2 1 3 1 1 53
1588.51 0 4 2 2 2 1 2 1 2 53
1589.03 1 5 2 2 1 1 2 1 2 53
1597.11 1 4 2 2 1 1 1 1 3 53
1598.85 1 4 1 1 1 2 1 1 3 53
1602.47 1 5 1 1 1 2 2 1 2 53
1609.41 1 4 1 1 1 2 1 1 3 53
1611.07 1 3 1 1 1 2 0 1 4 53
1611.21 1 4 1 1 2 2 0 0 4 53
1612.08 0 3 1 1 3 2 0 0 4 53
1614.43 0 4 1 1 3 2 1 0 3 53
1616.27 0 4 1 1 2 1 2 0 3 53
1618.13 0 3 1 1 2 1 1 0 4 53
1619.11 0 2 1 1 1 1 1 1 4 53
1627.98 0 1 1 1 0 1 1 2 4 53
1634.61 0 2 1 1 0 1 2 2 3 53
1640.81 0 2 1 1 0 0 2 1 3 54
1644.29 0 1 1 1 0 0 1 1 4 54
1645.19 0 2 1 1 0 0 2 1 3 54
1649.49 0 3 1 1 0 0 3 1 2 54
1650.92 0 4 1 1 0 0 4 1 1 54
1660.66 0 5 1 1 0 0 5 1 0 54
1666.97 0 4 1 1 0 0 4 1 1 54
1675.79 0 3 1 1 0 0 3 1 2 54
1677.6 0 4 1 1 1 0 3 0 2 54
1682.98 0 3 1 1 1 0 2 0 3 54
1683.79 0 4 1 1 1 0 3 0 2 54
1689.42 0 3 1 1 0 0 3 1 2 54
1702.42 0 2 1 1 0 0 2 1 3 54
1704.84 0 2 1 1 1 1 1 1 3 54
1712.43 0 3 1 1 2 1 1 0 3 54
1715.59 0 3 1 1 3 2 0 0 3 54
1721.63 0 3 1 1 2 1 1 0 3 54
1723.19 0 3 1 1 1 0 2 0 3 54
1724.88 0 2 1 1 1 0 1 0 4 54
1728.18 0 3 1 1 1 0 2 0 3 54
1741.2 0 4 1 1 1 0 3 0 2 54
1745.22 0 3 1 1 1 0 2 0 3 54
1748.9 0 4 1 1 1 0 3 0 2 54
1751.85 0 3 1 1 1 0 2 0 3 54
1754.81 0 4 1 1 1 0 3 0 2 54
1758.58 0 3 1 1 1 0 2 0 3 54
1760.64 0 4 1 1 1 0 3 0 2 54
1761.47 0 5 1 1 1 0 4 0 1 54
1762.5 0 4 1 1 1 0 3 0 2 54
1780.67 0 4 1 1 1 1 3 1 2 53
1783.74 0 3 1 1 0 1 3 2 2 53
1786.96 0 4 1 1 0 1 4 2 1 53
1789.74 0 3 1 1 0 1 3 2 2 53
1791.65 0 2 1 1 0 1 2 2 3 53
1796.24 0 2 1 1 0 0 2 1 3 54
1798.08 0 3 1 1 0 0 3 1 2 54
1798.8 0 2 1 1 0 0 2 1 3 54
1800.23 0 3 1 1 0 0 3 1 2 54
1801.97 0 2 1 1 0 0 2 1 3 54
1805.46 0 3 1 1 0 0 3 1 2 54
1817.75 0 3 0 0 0 1 3 1 2 54
1819.86 0 4 0 0 0 1 4 1 1 54
1821.55 0 3 0 0 0 1 3 1 2 54
1824.89 0 3 0 0 1 2 2 1 2 54
1840.92 0 3 1 1 1 1 2 1 2 54
1844.63 1 4 1 1 0 1 2 1 2 54
1858.14 0 3 1 1 1 1 2 1 2 54
1868.34 0 4 1 1 1 1 3 1 1 54
1875.19 0 5 1 1 1 1 4 1 0 54
1875.79 0 4 1 1 0 1 4 2 0 54
1897.39 0 3 1 1 0 1 3 2 1 54
1910.23 0 4 1 1 1 1 3 1 1 54
1911.5 0 5 1 1 1 1 4 1 0 54
1916.69 0 4 1 1 1 1 3 1 1 54
1923.38 0 5 1 1 1 1 4 1 0 54
1924.27 0 4 1 1 1 1 3 1 1 54
1925.07 0 3 1 1 0 1 3 2 1 54
1936.9 0 3 2 2 0 0 3 2 1 54
1967.1 0 4 2 2 0 0 4 2 0 54
1985.06 0 4 1 1 0 1 4 2 0 54
1992.01 0 3 1 1 0 1 3 2 1 54
1995.86 0 2 1 1 0 1 2 2 2 54
2000.11 0 3 1 1 0 1 3 2 1 54
2000.46 0 4 1 1 0 1 4 2 0 54
2004.49 0 4 1 1 1 2 3 2 0 54
2008.84 0 3 1 1 0 2 3 3 0 54
2013.88 0 3 1 1 0 1 3 2 0 55
2020.98 0 2 1 1 0 1 2 2 1 55
2028.41 0 3 1 1 0 1 3 2 0 55
2031.55 0 3 1 1 0 0 3 1 0 56
2038.69 0 2 1 1 0 0 2 1 1 56
2038.98 0 1 1 1 0 0 1 1 2 56
2039.62 0 0 1 1 0 0 0 1 3 56
2040.71 0 0 1 1 0 1 0 2 3 55
2042.07 0 1 1 1 1 1 0 1 3 55
2042.18 0 1 1 1 0 0 1 1 3 55
2048.67 0 2 1 1 0 0 2 1 2 55
2055.6 0 3 1 1 1 0 2 0 2 55
2066.2 0 2 1 1 0 0 2 1 2 55
2069.54 0 3 1 1 0 0 3 1 1 55
2083.25 0 3 0 0 0 1 3 1 1 55
2098.36 0 3 1 1 0 0 3 1 1 55
2103.64 0 2 1 1 0 0 2 1 2 55
2106.25 0 3 1 1 1 0 2 0 2 55
2117.27 0 2 1 1 0 0 2 1 2 55
2122.68 0 3 1 1 0 0 3 1 1 55
2124.1 0 2 1 1 0 0 2 1 2 55
2124.42 0 3 1 1 0 0 3 1 1 55
2128.37 0 4 1 1 0 0 4 1 0 55
2130.59 0 3 1 1 0 0 3 1 1 55
2132.79 0 4 1 1 0 0 4 1 0 55
2137.55 0 3 1 1 0 0 3 1 1 55
2149.6 0 4 1 1 1 0 3 0 1 55
2162.29 0 3 1 1 1 0 2 0 2 55
2170.51 0 4 1 1 1 0 3 0 1 55
2170.54 0 3 1 1 1 0 2 0 2 55
2172.17 0 2 1 1 1 0 1 0 3 55
2172.39 1 3 1 1 0 0 1 0 3 55
2175.4 1 4 1 1 0 0 2 0 2 55
2186.84 1 5 1 1 0 0 3 0 1 55
2200.76 1 4 1 1 0 0 2 0 2 55
2205.86 1 5 1 1 0 0 3 0 1 55
2216.56 1 4 1 1 0 0 2 0 2 55
2219.03 1 5 1 1 0 0 3 0 1 55
2226.82 1 4 1 1 0 0 2 0 2 55
2240.21 1 5 1 1 0 0 3 0 1 55
2255.75 1 4 1 1 0 0 2 0 2 55
2268.41 1 3 1 1 0 0 1 0 3 55
2273.24 1 2 1 1 0 0 0 0 4 55
2276.39 1 3 1 1 0 0 1 0 3 55
2276.79 1 4 1 1 0 0 2 0 2 55
2289.31 1 5 1 1 0 0 3 0 1 55
2291 0 4 1 1 1 0 3 0 1 55
2291.3 0 3 1 1 1 0 2 0 2 55
2292.93 0 2 1 1 1 0 1 0 3 55
2307.7 0 3 1 1 1 0 2 0 2 55
2309.7 1 4 1 1 0 0 2 0 2 55
2311.75 1 5 1 1 0 0 3 0 1 55
2312.47 1 4 1 1 0 0 2 0 2 55
2316.18 0 3 1 1 1 0 2 0 2 55
2318.32 0 4 1 1 1 0 3 0 1 55
2343.5 0 4 1 1 2 1 2 0 1 55
2351.16 0 3 1 1 2 1 1 0 2 55
2351.29 0 4 1 1 2 1 2 0 1 55
2356.54 0 3 1 1 1 1 2 1 1 55
2362.89 0 2 1 1 1 1 1 1 2 55
2373.86 0 2 2 2 1 0 1 1 2 55
2374.21 0 3 2 2 1 0 2 1 1 55
2378 0 4 2 2 1 0 3 1 0 55
2386.59 0 3 2 2 1 0 2 1 1 55
2386.81 0 2 2 2 1 0 1 1 2 55
2400.99 0 3 2 2 1 0 2 1 1 55
2402.45 0 4 2 2 1 0 3 1 0 55
2406.16 0 3 2 2 0 0 3 2 0 55
2420.93 0 3 1 1 0 1 3 2 0 55
2423.54 0 4 1 1 1 1 3 1 0 55
2426 1 5 1 1 0 1 3 1 0 55
2428.83 1 5 1 1 0 0 3 0 0 56
2429.91 1 4 1 1 0 0 2 0 1 56
2435.49 0 3 1 1 1 0 2 0 1 56
2450.94 0 4 1 1 1 0 3 0 0 56
2456.91 0 3 1 1 1 0 2 0 1 56
2467.09 0 2 1 1 1 0 1 0 2 56
2480.83 0 3 1 1 1 0 2 0 1 56
2491.88 0 2 1 1 1 0 1 0 2 56
2513.05 0 1 1 1 0 0 1 1 2 56
2517.32 0 1 1 1 1 1 0 1 2 56
2518.45 0 2 1 1 1 1 1 1 1 56
2518.76 0 2 1 1 1 0 1 0 1 57
2545.55 0 1 1 1 1 0 0 0 2 57
2554.99 0 2 1 1 1 0 1 0 1 57
2555.65 0 2 1 1 1 1 1 1 1 56
2561.14 1 3 1 1 0 1 1 1 1 56
2562.95 1 2 1 1 0 1 0 1 2 56
2587.15 1 2 2 2 0 0 0 1 2 56
2593.22 1 2 1 1 0 1 0 1 2 56
2618.68 1 3 1 1 0 1 1 1 1 56
2625.06 1 2 1 1 0 1 0 1 2 56
2639.11 1 3 1 1 0 1 1 1 1 56
2661.14 1 2 1 1 0 1 0 1 2 56
2661.2 1 2 0 0 0 2 0 1 2 56
2665.37 1 3 0 0 0 2 1 1 1 56
2674.85 1 3 0 0 0 1 1 0 1 57
2702.5 1 2 0 0 0 1 0 0 2 57
2704.88 0 1 0 0 1 1 0 0 2 57
2713.92 1 2 0 0 0 1 0 0 2 57
2714.77 1 3 0 0 0 1 1 0 1 57
2734 1 2 0 0 0 1 0 0 2 57
2736.24 1 2 0 0 0 2 0 1 2 56
2738.62 1 3 0 0 0 2 1 1 1 56
2750.61 1 2 0 0 0 2 0 1 2 56
2776.66 1 2 1 1 0 1 0 1 2 56
2801.11 1 3 1 1 0 1 1 1 1 56
2805.98 1 3 0 0 0 2 1 1 1 56
2821.89 1 4 0 0 0 2 2 1 0 56
2824.99 0 3 0 0 1 2 2 1 0 56
2826.83 0 2 0 0 1 2 1 1 1 56
2828.71 0 2 0 0 0 1 2 1 1 56
2832.6 0 3 0 0 0 1 3 1 0 56
2843.15 0 2 0 0 0 1 2 1 1 56
2843.39 0 3 0 0 0 1 3 1 0 56
2847.59 0 4 0 0 1 1 3 0 0 56
2847.76 1 5 0 0 0 1 3 0 0 56
2854.46 1 4 0 0 0 1 2 0 1 56
2856.45 0 3 0 0 1 1 2 0 1 56
2859.55 0 3 0 0 1 2 2 1 1 55
2867.11 0 3 1 1 1 1 2 1 1 55
2875.92 0 2 1 1 1 1 1 1 2 55
2886.66 0 3 1 1 1 1 2 1 1 55
2890.3 0 2 1 1 1 1 1 1 2 55
2895.8 0 1 1 1 0 1 1 2 2 55
2902.14 0 1 1 1 0 0 1 1 2 56
2910.84 0 2 1 1 0 0 2 1 1 56
2926.5 0 1 1 1 0 0 1 1 2 56
2962.37 0 2 1 1 0 0 2 1 1 56
2968.61 0 2 0 0 0 1 2 1 1 56
2983.5 0 1 0 0 0 1 1 1 2 56
2984.46 0 1 1 1 0 0 1 1 2 56
2984.7 0 2 1 1 0 0 2 1 1 56
2985.01 0 3 1 1 0 0 3 1 0 56
2998.1 0 2 1 1 0 0 2 1 1 56
2998.1 0 2 1 1 0 0 2 1 1 56
