0 60 120 60 60 0 0 0 0 0 0
0.0358485 59 119 60 60 1 0 0 0 0 0
0.0481299 59 119 59 59 1 1 0 0 0 0
0.051814 58 118 59 59 2 1 0 0 0 0
0.0643434 57 117 59 59 3 1 0 0 0 0
0.0670933 57 117 58 58 3 2 0 0 0 0
0.0692763 56 116 58 58 4 2 0 0 0 0
0.094914 55 115 58 58 5 2 0 0 0 0
0.119853 54 114 58 58 6 2 0 0 0 0
0.145523 53 113 58 58 7 2 0 0 0 0
0.16763 52 112 58 58 8 2 0 0 0 0
0.237597 51 111 58 58 9 2 0 0 0 0
0.243337 50 110 58 58 10 2 0 0 0 0
0.252887 50 109 58 58 9 2 0 1 0 0
0.344422 50 109 57 57 9 3 0 1 0 0
0.421287 50 109 56 56 9 4 0 1 0 0
0.43746 49 108 56 56 10 4 0 1 0 0
0.439934 49 108 55 55 10 5 0 1 0 0
0.441723 49 108 54 54 10 6 0 1 0 0
0.445383 48 107 54 54 11 6 0 1 0 0
0.497725 48 107 53 53 11 7 0 1 0 0
0.531484 48 107 53 53 10 6 1 1 0 0
0.537207 47 106 53 53 11 6 1 1 0 0
0.571983 47 106 52 52 11 7 1 1 0 0
0.575818 46 105 52 52 12 7 1 1 0 0
0.590441 46 104 52 52 11 7 1 2 0 0
0.61181 45 103 52 52 12 7 1 2 0 0
0.628513 45 102 52 52 11 7 1 3 0 0
0.632664 45 102 51 51 11 8 1 3 0 0
0.634539 45 102 50 50 11 9 1 3 0 0
0.639577 45 101 50 50 10 9 1 4 0 0
0.654154 44 100 50 50 11 9 1 4 0 0
0.654877 43 99 50 50 12 9 1 4 0 0
0.65945 43 99 50 50 11 8 2 4 0 0
0.662148 43 99 49 49 11 9 2 4 0 0
0.700485 43 98 49 49 10 9 2 5 0 0
0.735574 42 97 49 49 11 9 2 5 0 0
0.740415 42 97 48 48 11 10 2 5 0 0
0.754103 42 96 48 48 11 10 1 5 1 0
0.761775 41 95 48 48 12 10 1 5 1 0
0.802323 40 94 48 48 13 10 1 5 1 0
0.830635 39 93 48 48 14 10 1 5 1 0
0.846059 39 93 47 47 14 11 1 5 1 0
0.870009 38 92 47 47 15 11 1 5 1 0
0.886841 37 91 47 47 16 11 1 5 1 0
0.887234 36 90 47 47 17 11 1 5 1 0
0.939926 35 89 47 47 18 11 1 5 1 0
0.970571 34 88 47 47 19 11 1 5 1 0
0.97873 34 87 47 47 18 11 1 6 1 0
0.981622 34 87 46 46 18 12 1 6 1 0
0.995047 34 86 46 46 17 12 1 7 1 0
1.01409 34 86 45 45 17 13 1 7 1 0
1.049 33 85 45 45 18 13 1 7 1 0
1.06504 33 85 44 44 18 14 1 7 1 0
1.16243 32 84 44 44 19 14 1 7 1 0
1.16501 31 83 44 44 20 14 1 7 1 0
1.20448 30 82 44 44 21 14 1 7 1 0
1.22009 30 82 43 43 21 15 1 7 1 0
1.22908 30 81 43 43 20 15 1 8 1 0
1.23411 29 80 43 43 21 15 1 8 1 0
1.23582 29 79 43 43 20 15 1 9 1 0
1.27082 30 80 43 43 19 15 1 9 1 0
1.31029 30 80 42 42 19 16 1 9 1 0
1.41406 30 79 42 42 18 16 1 10 1 0
1.43627 30 78 42 42 17 16 1 11 1 0
1.46183 30 77 42 42 16 16 1 12 1 0
1.46589 30 77 42 42 15 15 2 12 1 0
1.48099 29 76 42 42 16 15 2 12 1 0
1.48417 30 77 42 42 15 15 2 12 1 0
1.49379 30 76 42 42 14 15 2 13 1 0
1.54866 30 76 41 41 14 16 2 13 1 0
1.68917 29 75 41 41 15 16 2 13 1 0
1.69982 29 75 40 40 15 17 2 13 1 0
1.70391 28 74 40 40 16 17 2 13 1 0
1.73986 28 74 39 39 16 18 2 13 1 0
1.76475 27 73 39 39 17 18 2 13 1 0
1.78716 27 73 38 38 17 19 2 13 1 0
1.83533 27 73 37 37 17 20 2 13 1 0
1.99468 26 72 37 37 18 20 2 13 1 0
2.0178 26 72 36 36 18 21 2 13 1 0
2.10333 26 71 36 36 17 21 2 14 1 0
2.1386 26 70 36 36 16 21 2 15 1 0
2.15899 26 69 36 36 15 21 2 16 1 0
2.16167 25 68 36 36 16 21 2 16 1 0
2.16809 25 68 35 35 16 22 2 16 1 0
2.20877 25 67 35 35 15 22 2 17 1 0
2.26764 24 66 35 35 16 22 2 17 1 0
2.32064 24 65 35 35 15 22 2 18 1 0
2.33012 23 64 35 35 16 22 2 18 1 0
2.40083 23 64 35 35 16 21 2 17 1 1
2.41359 23 64 34 34 16 22 2 17 1 1
2.47462 22 63 34 34 17 22 2 17 1 1
2.56087 21 62 34 34 18 22 2 17 1 1
2.57353 20 61 34 34 19 22 2 17 1 1
2.59785 19 60 34 34 20 22 2 17 1 1
2.62328 19 60 33 33 20 23 2 17 1 1
2.62906 19 59 33 33 19 23 2 18 1 1
2.66007 19 59 32 32 19 24 2 18 1 1
2.68116 19 59 31 31 19 25 2 18 1 1
2.69444 19 59 30 30 19 26 2 18 1 1
2.69893 19 59 30 30 19 25 2 17 1 2
2.74886 18 58 30 30 20 25 2 17 1 2
2.81192 18 58 29 29 20 26 2 17 1 2
2.81982 18 58 29 29 20 25 2 16 1 3
2.85094 18 58 29 29 20 24 2 15 1 4
2.85647 17 57 29 29 21 24 2 15 1 4
2.89225 17 57 30 30 21 23 2 15 1 4
2.96071 17 57 29 29 21 24 2 15 1 4
3.00474 17 56 29 29 20 24 2 16 1 4
3.03054 17 55 29 29 19 24 2 17 1 4
3.03484 17 55 29 29 19 23 2 16 1 5
3.08698 17 54 29 29 18 23 2 17 1 5
3.10322 17 53 29 29 17 23 2 18 1 5
3.2334 16 52 29 29 18 23 2 18 1 5
3.23642 16 51 29 29 17 23 2 19 1 5
3.26426 16 50 29 29 16 23 2 20 1 5
3.28436 16 49 29 29 15 23 2 21 1 5
3.29343 16 48 29 29 14 23 2 22 1 5
3.38551 16 47 29 29 14 23 1 22 2 5
3.40438 16 47 29 29 13 22 2 22 2 5
3.43655 16 47 28 28 13 23 2 22 2 5
3.46052 16 47 28 28 13 22 2 21 2 6
3.4926 16 46 28 28 12 22 2 22 2 6
3.55359 16 45 28 28 11 22 2 23 2 6
3.58352 16 44 28 28 10 22 2 24 2 6
3.61464 16 44 27 27 10 23 2 24 2 6
3.6326 16 44 27 27 10 22 2 23 2 7
3.72871 16 44 26 26 10 23 2 23 2 7
3.77399 15 43 26 26 11 23 2 23 2 7
3.80666 15 43 25 25 11 24 2 23 2 7
3.81276 14 42 25 25 12 24 2 23 2 7
3.91574 14 42 25 25 11 23 3 23 2 7
3.93065 14 42 25 25 11 22 3 22 2 8
4.00144 14 42 25 25 11 21 3 21 2 9
4.03542 14 42 25 25 11 20 3 20 2 10
4.08806 13 41 25 25 12 20 3 20 2 10
4.13667 13 41 26 26 12 19 3 20 2 10
4.14426 13 41 26 26 12 18 3 19 2 11
4.16417 12 40 26 26 13 18 3 19 2 11
4.18452 12 40 25 25 13 19 3 19 2 11
4.19025 12 40 24 24 13 20 3 19 2 11
4.21389 12 39 24 24 13 20 2 19 3 11
4.48601 12 39 24 24 13 19 2 18 3 12
4.48915 12 39 23 23 13 20 2 18 3 12
4.92102 12 39 23 23 12 19 3 18 3 12
4.93857 12 39 23 23 12 18 3 17 3 13
4.98286 12 39 23 23 12 17 3 16 3 14
5.04523 12 39 22 22 12 18 3 16 3 14
5.05735 12 38 22 22 11 18 3 17 3 14
5.19917 12 38 21 21 11 19 3 17 3 14
5.23732 12 38 21 21 10 18 4 17 3 14
5.30237 12 39 21 21 11 18 4 16 3 14
5.35034 12 39 20 20 11 19 4 16 3 14
5.35624 11 38 20 20 12 19 4 16 3 14
5.41702 11 37 20 20 11 19 4 17 3 14
5.47488 11 37 19 19 11 20 4 17 3 14
5.48629 10 36 19 19 12 20 4 17 3 14
5.492 10 36 19 19 12 19 4 16 3 15
5.49748 10 36 19 19 12 18 4 15 3 16
5.59311 10 36 19 19 12 17 4 14 3 17
5.67488 9 35 19 19 13 17 4 14 3 17
5.69063 9 35 19 19 13 16 4 13 3 18
5.69602 9 35 18 18 13 17 4 13 3 18
5.87359 9 34 18 18 12 17 4 14 3 18
5.88566 9 34 17 17 12 18 4 14 3 18
6.05025 9 34 17 17 11 17 5 14 3 18
6.07422 9 33 17 17 11 17 4 14 4 18
6.1475 9 33 16 16 11 18 4 14 4 18
6.16626 9 33 15 15 11 19 4 14 4 18
6.23675 9 33 14 14 11 20 4 14 4 18
6.23862 9 33 14 14 11 19 4 13 4 19
6.29416 9 33 14 14 11 18 4 12 4 20
6.69467 9 32 14 14 11 18 3 12 5 20
6.73071 10 33 14 14 10 18 3 12 5 20
6.83492 10 34 14 14 10 18 4 12 4 20
6.84778 10 33 14 14 9 18 4 13 4 20
7.2153 10 32 14 14 8 18 4 14 4 20
7.27537 10 32 15 15 8 17 4 14 4 20
7.28597 10 31 15 15 7 17 4 15 4 20
7.31935 10 31 15 15 7 16 4 14 4 21
7.32976 10 31 15 15 7 15 4 13 4 22
7.50587 10 30 15 15 6 15 4 14 4 22
7.60962 10 29 15 15 5 15 4 15 4 22
7.61953 9 28 15 15 6 15 4 15 4 22
8.19066 9 28 14 14 6 16 4 15 4 22
8.28827 9 29 14 14 7 16 4 14 4 22
8.43809 8 28 14 14 8 16 4 14 4 22
8.4615 8 28 13 13 8 17 4 14 4 22
8.5495 8 27 13 13 8 17 3 14 5 22
8.7255 8 27 13 13 8 16 3 13 5 23
8.81482 7 26 13 13 9 16 3 13 5 23
8.89702 7 25 13 13 9 16 2 13 6 23
8.92543 6 24 13 13 10 16 2 13 6 23
9.02321 6 24 13 13 10 15 2 12 6 24
9.06236 6 24 12 12 10 16 2 12 6 24
9.16625 6 23 12 12 9 16 2 13 6 24
9.52515 6 23 12 12 9 15 2 12 6 25
9.6931 6 22 12 12 9 15 1 12 7 25
9.86503 6 22 11 11 9 16 1 12 7 25
9.91682 6 22 11 11 8 15 2 12 7 25
9.99217 6 22 10 10 8 16 2 12 7 25
10.1724 7 23 10 10 7 16 2 12 7 25
10.4573 6 22 10 10 8 16 2 12 7 25
10.7118 6 22 10 10 8 15 2 11 7 26
10.7795 6 21 10 10 8 15 1 11 8 26
10.9097 6 21 9 9 8 16 1 11 8 26
11.0098 5 20 9 9 9 16 1 11 8 26
11.0737 5 20 9 9 8 15 2 11 8 26
11.5007 5 20 8 8 8 16 2 11 8 26
11.9438 5 20 8 8 8 15 2 10 8 27
12.1248 5 19 8 8 7 15 2 11 8 27
12.2573 5 18 8 8 6 15 2 12 8 27
12.5468 5 18 8 8 6 14 2 11 8 28
12.5502 5 18 8 8 6 13 2 10 8 29
13.073 5 18 8 8 6 12 2 9 8 30
13.0867 5 18 8 8 6 11 2 8 8 31
13.1206 5 18 7 7 6 12 2 8 8 31
13.2303 4 17 7 7 7 12 2 8 8 31
13.4501 4 17 8 8 7 11 2 8 8 31
13.54 3 16 8 8 8 11 2 8 8 31
13.8344 3 16 7 7 8 12 2 8 8 31
14.1631 3 17 7 7 8 12 3 8 7 31
14.5528 3 17 7 7 8 13 3 9 7 30
14.8492 3 17 7 7 7 12 4 9 7 30
15.281 3 16 7 7 7 12 3 9 8 30
15.7334 3 15 7 7 6 12 3 10 8 30
15.7435 3 15 7 7 6 11 3 9 8 31
16.53 3 15 7 7 5 10 4 9 8 31
16.707 2 14 7 7 6 10 4 9 8 31
16.7679 2 14 7 7 6 9 4 8 8 32
16.8589 2 14 7 7 6 8 4 7 8 33
17.159 2 13 7 7 5 8 4 8 8 33
18.2487 2 13 6 6 5 9 4 8 8 33
18.3822 2 12 6 6 4 9 4 9 8 33
18.3892 2 11 6 6 3 9 4 10 8 33
18.5944 2 10 6 6 3 9 3 10 9 33
18.8056 2 11 6 6 3 9 4 10 8 33
19.4342 2 12 6 6 3 9 5 10 7 33
19.4692 2 12 6 6 3 8 5 9 7 34
20.2434 2 12 5 5 3 9 5 9 7 34
20.2794 2 11 5 5 3 9 4 9 8 34
20.4512 2 12 5 5 3 9 5 9 7 34
21.6015 2 12 5 5 3 8 5 8 7 35
22.6358 2 12 5 5 3 7 5 7 7 36
22.7355 2 13 5 5 3 7 6 7 6 36
23.258 2 12 5 5 2 7 6 8 6 36
23.4318 2 12 5 5 2 6 6 7 6 37
24.2342 2 12 5 5 2 5 6 6 6 38
24.3146 2 13 5 5 2 5 7 6 5 38
25.0227 2 13 6 6 2 4 7 6 5 38
25.5712 2 14 6 6 2 4 8 6 4 38
26.4395 2 15 6 6 3 4 8 5 4 38
26.5328 2 14 6 6 3 4 7 5 5 38
26.6192 2 13 6 6 2 4 7 6 5 38
26.6521 1 12 6 6 3 4 7 6 5 38
26.7504 1 12 6 6 4 5 6 6 5 38
27.2683 1 11 6 6 4 5 5 6 6 38
27.4316 1 10 6 6 4 5 4 6 7 38
28.172 1 11 6 6 4 5 5 6 6 38
29.5143 1 11 5 5 4 6 5 6 6 38
29.6402 1 10 5 5 4 6 4 6 7 38
29.8533 1 9 5 5 3 6 4 7 7 38
30.9105 1 10 5 5 3 6 5 7 6 38
31.6763 1 10 4 4 3 7 5 7 6 38
31.7555 1 10 4 4 3 6 5 6 6 39
31.8062 1 9 4 4 3 6 4 6 7 39
32.3594 1 9 3 3 3 7 4 6 7 39
33.37 1 8 3 3 3 7 3 6 8 39
33.8616 1 8 2 2 3 8 3 6 8 39
37.3976 1 8 2 2 3 7 3 5 8 40
39.3316 1 9 2 2 3 7 4 5 7 40
40.1874 1 8 2 2 2 7 4 6 7 40
40.9849 1 8 1 1 2 8 4 6 7 40
41.06 1 8 1 1 2 7 4 5 7 41
41.1253 0 7 1 1 3 7 4 5 7 41
41.3378 0 7 2 2 3 6 4 5 7 41
42.1019 0 7 2 2 3 5 4 4 7 42
43.5241 1 8 2 2 2 5 4 4 7 42
44.3837 1 8 2 2 2 4 4 3 7 43
44.7813 1 7 2 2 2 4 3 3 8 43
47.6731 1 7 3 3 2 3 3 3 8 43
48.4076 1 7 3 3 2 2 3 2 8 44
48.8263 1 8 3 3 2 2 4 2 7 44
49.0666 1 7 3 3 2 2 3 2 8 44
49.2789 1 8 3 3 2 2 4 2 7 44
49.7124 1 9 3 3 2 2 5 2 6 44
50.144 0 8 3 3 3 2 5 2 6 44
51.1697 0 8 2 2 3 3 5 2 6 44
53.989 0 7 2 2 3 3 4 2 7 44
54.4014 0 7 1 1 3 4 4 2 7 44
55.7928 0 6 1 1 2 4 4 3 7 44
56.2028 0 7 1 1 2 4 5 3 6 44
56.2276 0 8 1 1 3 4 5 2 6 44
57.3303 0 7 1 1 3 4 4 2 7 44
58.1454 0 7 1 1 2 3 5 2 7 44
58.6065 1 8 1 1 1 3 5 2 7 44
59.0949 1 7 1 1 1 3 4 2 8 44
61.8781 1 6 1 1 0 3 4 3 8 44
68.3914 1 7 1 1 1 3 4 2 8 44
69.0053 1 8 1 1 1 3 5 2 7 44
69.3245 1 7 1 1 1 3 4 2 8 44
69.6285 1 6 1 1 0 3 4 3 8 44
71.2876 1 5 1 1 0 3 3 3 9 44
72.4931 1 5 1 1 1 4 2 3 9 44
73.5151 1 4 1 1 1 4 1 3 10 44
74.8386 1 5 1 1 1 4 2 3 9 44
75.3837 1 4 1 1 1 4 1 3 10 44
76.3086 1 5 1 1 1 4 2 3 9 44
79.2216 1 6 1 1 1 4 3 3 8 44
82.8155 1 7 1 1 1 4 4 3 7 44
82.8399 1 8 1 1 1 4 5 3 6 44
84.5475 1 8 2 2 1 3 5 3 6 44
89.1607 1 7 2 2 1 3 4 3 7 44
92.8515 0 6 2 2 2 3 4 3 7 44
94.3691 0 7 2 2 2 3 5 3 6 44
94.4942 0 6 2 2 2 3 4 3 7 44
98.719 0 7 2 2 2 3 5 3 6 44
99.4624 0 6 2 2 2 3 4 3 7 44
99.5874 0 6 2 2 1 2 5 3 7 44
99.8751 0 5 2 2 0 2 5 4 7 44
102.244 0 4 2 2 0 2 4 4 8 44
104.799 0 5 2 2 1 2 4 3 8 44
106.155 0 6 2 2 1 2 5 3 7 44
106.846 0 6 2 2 2 3 4 3 7 44
107.272 0 7 2 2 2 3 5 3 6 44
109.09 0 8 2 2 2 3 6 3 5 44
109.894 0 7 2 2 2 3 5 3 6 44
111.129 0 6 2 2 1 3 5 4 6 44
111.347 0 6 2 2 1 2 5 3 6 45
112.267 0 5 2 2 1 2 4 3 7 45
115.547 1 6 2 2 0 2 4 3 7 45
117.6 1 5 2 2 0 2 3 3 8 45
120.797 1 6 2 2 0 2 4 3 7 45
121.686 1 6 1 1 0 3 4 3 7 45
121.865 1 6 1 1 0 2 4 2 7 46
123.092 1 5 1 1 0 2 3 2 8 46
123.861 1 6 1 1 0 2 4 2 7 46
128.04 1 5 1 1 0 2 3 2 8 46
129.165 1 6 1 1 0 2 4 2 7 46
129.819 1 5 1 1 0 2 3 2 8 46
131.421 1 6 1 1 0 2 4 2 7 46
138.93 1 7 1 1 0 2 5 2 6 46
140.379 1 6 1 1 0 2 4 2 7 46
141.788 1 5 1 1 0 2 3 2 8 46
142.153 0 4 1 1 1 2 3 2 8 46
143.686 0 5 1 1 2 2 3 1 8 46
144.952 0 6 1 1 2 2 4 1 7 46
147.768 0 7 1 1 2 2 5 1 6 46
148.484 0 8 1 1 2 2 6 1 5 46
148.864 0 7 1 1 1 2 6 2 5 46
151.454 0 6 1 1 1 2 5 2 6 46
152.153 0 7 1 1 1 2 6 2 5 46
157.958 0 8 1 1 1 2 7 2 4 46
157.983 0 7 1 1 0 2 7 3 4 46
159.094 0 7 2 2 0 1 7 3 4 46
159.275 0 8 2 2 1 1 7 2 4 46
159.937 0 9 2 2 1 1 8 2 3 46
160.073 0 9 2 2 0 0 9 2 3 46
161.595 0 8 2 2 0 0 8 2 4 46
163.288 0 7 2 2 0 0 7 2 5 46
164.872 0 8 2 2 0 0 8 2 4 46
167.972 0 9 2 2 0 0 9 2 3 46
168.756 0 8 2 2 0 0 8 2 4 46
169.669 0 7 2 2 0 0 7 2 5 46
174.199 0 6 2 2 0 0 6 2 6 46
174.94 0 5 2 2 0 0 5 2 7 46
176.178 0 4 2 2 0 0 4 2 8 46
180.939 0 5 2 2 0 0 5 2 7 46
185.623 0 4 2 2 0 0 4 2 8 46
189.654 0 5 2 2 0 0 5 2 7 46
190.158 0 5 1 1 0 1 5 2 7 46
191.366 0 5 1 1 0 0 5 1 7 47
191.435 0 5 1 1 1 1 4 1 7 47
193.124 0 4 1 1 1 1 3 1 8 47
193.593 0 5 1 1 1 1 4 1 7 47
195.42 0 4 1 1 1 1 3 1 8 47
196.824 0 5 1 1 1 1 4 1 7 47
202.468 0 4 1 1 1 1 3 1 8 47
202.893 0 5 1 1 1 1 4 1 7 47
205.924 0 6 1 1 1 1 5 1 6 47
206.157 0 7 1 1 1 1 6 1 5 47
209.421 0 6 1 1 1 1 5 1 6 47
212.13 0 5 1 1 1 1 4 1 7 47
212.133 0 4 1 1 0 1 4 2 7 47
214.603 0 3 1 1 0 1 3 2 8 47
214.766 0 2 1 1 0 1 2 2 9 47
218.683 0 3 1 1 0 1 3 2 8 47
220.242 0 3 1 1 0 0 3 1 8 48
220.408 0 4 1 1 1 0 3 0 8 48
222.255 0 5 1 1 1 0 4 0 7 48
222.95 0 6 1 1 1 0 5 0 6 48
223.068 0 5 1 1 1 0 4 0 7 48
225.084 0 5 0 0 1 1 4 0 7 48
227.48 0 4 0 0 1 1 3 0 8 48
228.66 0 5 0 0 1 1 4 0 7 48
233.381 0 5 0 0 2 2 3 0 7 48
234.956 0 4 0 0 2 2 2 0 8 48
235.149 0 5 0 0 2 2 3 0 7 48
236.504 0 6 0 0 2 2 4 0 6 48
243.552 0 7 0 0 2 2 5 0 5 48
247.829 0 8 0 0 2 2 6 0 4 48
247.83 0 7 0 0 2 2 5 0 5 48
249.13 0 6 0 0 1 2 5 1 5 48
250.558 0 5 0 0 1 2 4 1 6 48
251.972 0 6 0 0 1 2 5 1 5 48
255.744 0 5 0 0 1 2 4 1 6 48
256.21 0 4 0 0 1 2 3 1 7 48
257.806 0 3 0 0 1 2 2 1 8 48
263.708 0 4 0 0 1 2 3 1 7 48
265.687 0 5 0 0 1 2 4 1 6 48
267.716 0 5 0 0 2 3 3 1 6 48
271.055 0 6 0 0 2 3 4 1 5 48
271.476 0 5 0 0 2 3 3 1 6 48
272.708 0 4 0 0 1 3 3 2 6 48
286.645 0 5 0 0 1 3 4 2 5 48
290.436 0 4 0 0 1 3 3 2 6 48
291.937 0 3 0 0 1 3 2 2 7 48
294.271 0 4 0 0 2 3 2 1 7 48
295.026 0 5 0 0 2 3 3 1 6 48
297.063 0 4 0 0 2 3 2 1 7 48
297.591 0 4 0 0 3 4 1 1 7 48
299.038 0 5 0 0 3 4 2 1 6 48
300.002 0 6 0 0 3 4 3 1 5 48
300.398 0 6 1 1 3 3 3 1 5 48
300.808 0 5 1 1 3 3 2 1 6 48
302.708 0 4 1 1 3 3 1 1 7 48
303.29 0 4 1 1 4 4 0 1 7 48
311.962 1 5 1 1 3 4 0 1 7 48
312.806 1 5 2 2 3 3 0 1 7 48
313.162 1 6 2 2 3 3 1 1 6 48
317.318 1 7 2 2 3 3 2 1 5 48
317.879 1 7 2 2 3 2 2 0 5 49
321.273 0 6 2 2 4 2 2 0 5 49
322.316 0 7 2 2 4 2 3 0 4 49
322.493 0 8 2 2 4 2 4 0 3 49
327.355 0 7 2 2 3 2 4 1 3 49
328.937 0 6 2 2 2 2 4 2 3 49
331.613 0 7 2 2 2 2 5 2 2 49
333.033 0 7 1 1 2 3 5 2 2 49
333.877 0 6 1 1 2 3 4 2 3 49
336.643 0 7 1 1 2 3 5 2 2 49
338.252 0 8 1 1 3 3 5 1 2 49
339.314 0 7 1 1 3 3 4 1 3 49
340.459 0 7 1 1 2 2 5 1 3 49
340.613 0 6 1 1 2 2 4 1 4 49
341.315 0 6 1 1 2 3 4 2 4 48
343.57 0 5 1 1 2 3 3 2 5 48
344.607 0 4 1 1 1 3 3 3 5 48
346.406 0 3 1 1 1 3 2 3 6 48
349.831 0 3 1 1 1 2 2 2 6 49
363.348 0 3 1 1 1 1 2 1 6 50
363.369 0 4 1 1 1 1 3 1 5 50
364.257 0 3 1 1 1 1 2 1 6 50
367.665 0 2 1 1 1 1 1 1 7 50
371.836 0 3 1 1 1 1 2 1 6 50
374.814 0 4 1 1 1 1 3 1 5 50
375.218 0 5 1 1 1 1 4 1 4 50
377.335 0 4 1 1 1 1 3 1 5 50
383.107 0 5 1 1 1 1 4 1 4 50
385.353 0 4 1 1 1 1 3 1 5 50
389.615 0 3 1 1 1 1 2 1 6 50
399.421 0 4 1 1 1 1 3 1 5 50
401.395 0 5 1 1 1 1 4 1 4 50
401.681 0 6 1 1 1 1 5 1 3 50
402.375 0 5 1 1 1 1 4 1 4 50
405.818 0 6 1 1 1 1 5 1 3 50
408.095 0 5 1 1 1 1 4 1 4 50
413.494 0 4 1 1 1 1 3 1 5 50
415.509 0 4 2 2 1 0 3 1 5 50
419.336 0 5 2 2 1 0 4 1 4 50
421.924 0 6 2 2 1 0 5 1 3 50
425.308 0 5 2 2 1 0 4 1 4 50
427.811 0 6 2 2 1 0 5 1 3 50
429.101 0 5 2 2 1 0 4 1 4 50
430.475 0 5 2 2 1 1 4 2 4 49
431.867 0 6 2 2 1 1 5 2 3 49
436.749 0 5 2 2 0 1 5 3 3 49
439.784 0 5 2 2 0 0 5 2 3 50
444.21 0 4 2 2 0 0 4 2 4 50
446.209 0 5 2 2 1 0 4 1 4 50
449.196 0 6 2 2 1 0 5 1 3 50
450.052 1 7 2 2 0 0 5 1 3 50
456.669 1 8 2 2 0 0 6 1 2 50
457.132 1 7 2 2 0 0 5 1 3 50
460.052 0 6 2 2 1 0 5 1 3 50
462.937 0 5 2 2 0 0 5 2 3 50
464.086 0 4 2 2 0 0 4 2 4 50
464.602 0 4 1 1 0 1 4 2 4 50
470.128 0 4 1 1 0 0 4 1 4 51
472.216 0 5 1 1 0 0 5 1 3 51
475.047 0 4 1 1 0 0 4 1 4 51
477.042 0 5 1 1 0 0 5 1 3 51
478.194 0 6 1 1 0 0 6 1 2 51
484.618 0 7 1 1 0 0 7 1 1 51
491.01 0 6 1 1 0 0 6 1 2 51
491.481 0 5 1 1 0 0 5 1 3 51
494.252 0 4 1 1 0 0 4 1 4 51
504.602 0 4 1 1 1 1 3 1 4 51
508.04 0 5 1 1 1 1 4 1 3 51
508.084 1 6 1 1 0 1 4 1 3 51
508.482 1 5 1 1 0 1 3 1 4 51
513.363 1 5 1 1 1 2 2 1 4 51
514.069 0 4 1 1 2 2 2 1 4 51
515.618 0 5 1 1 2 2 3 1 3 51
517.539 0 4 1 1 2 2 2 1 4 51
518.521 0 5 1 1 2 2 3 1 3 51
522.376 0 4 1 1 2 2 2 1 4 51
525.195 0 5 1 1 2 2 3 1 3 51
530.41 0 4 1 1 1 2 3 2 3 51
531.096 0 3 1 1 1 2 2 2 4 51
539.997 0 4 1 1 1 2 3 2 3 51
541.767 0 4 1 1 1 1 3 1 3 52
548.213 0 5 1 1 1 1 4 1 2 52
548.477 0 4 1 1 1 1 3 1 3 52
551.395 0 5 1 1 1 1 4 1 2 52
559.523 0 4 1 1 1 1 3 1 3 52
565.726 0 3 1 1 1 1 2 1 4 52
566.47 0 4 1 1 2 1 2 0 4 52
570.008 0 3 1 1 1 1 2 1 4 52
570.481 0 4 1 1 1 1 3 1 3 52
572.878 0 4 1 1 2 2 2 1 3 52
574.194 0 5 1 1 2 2 3 1 2 52
574.67 0 5 0 0 2 3 3 1 2 52
575.918 0 6 0 0 3 3 3 0 2 52
577.645 0 5 0 0 2 3 3 1 2 52
582.602 0 4 0 0 1 3 3 2 2 52
592.319 0 4 0 0 2 4 2 2 2 52
592.382 0 3 0 0 2 4 1 2 3 52
595.615 0 4 0 0 2 4 2 2 2 52
596.577 0 4 1 1 2 3 2 2 2 52
597.21 0 5 1 1 2 3 3 2 1 52
606.182 0 6 1 1 3 3 3 1 1 52
613.409 0 6 2 2 3 2 3 1 1 52
613.63 0 5 2 2 3 2 2 1 2 52
617.133 0 5 2 2 4 3 1 1 2 52
621.301 1 6 2 2 3 3 1 1 2 52
623.421 1 6 3 3 3 2 1 1 2 52
625.079 1 6 2 2 3 3 1 1 2 52
625.592 0 5 2 2 4 3 1 1 2 52
629.362 0 4 2 2 4 3 0 1 3 52
631.024 0 3 2 2 3 3 0 2 3 52
631.8 1 4 2 2 2 3 0 2 3 52
643.834 1 5 2 2 2 3 1 2 2 52
644.638 1 4 2 2 2 3 0 2 3 52
645.962 1 4 2 2 2 2 0 1 3 53
655.414 1 3 2 2 1 2 0 2 3 53
661.93 0 2 2 2 2 2 0 2 3 53
665.418 0 1 2 2 1 2 0 3 3 53
665.708 0 1 2 2 1 1 0 2 3 54
668.525 0 1 2 2 0 0 1 2 3 54
686.253 0 2 2 2 0 0 2 2 2 54
686.922 0 2 2 2 1 1 1 2 2 54
690.641 0 2 2 2 1 0 1 1 2 55
693.597 0 1 2 2 1 0 0 1 3 55
698.71 0 2 2 2 1 0 1 1 2 55
703.157 0 3 2 2 2 0 1 0 2 55
714.627 0 2 2 2 2 0 0 0 3 55
719.015 0 2 1 1 2 1 0 0 3 55
719.353 0 1 1 1 1 1 0 1 3 55
724.44 0 2 1 1 1 1 1 1 2 55
728.148 0 2 1 1 2 2 0 1 2 55
728.426 0 3 1 1 2 2 1 1 1 55
731.227 0 2 1 1 1 2 1 2 1 55
731.7 1 3 1 1 0 2 1 2 1 55
735.134 1 3 1 1 0 1 1 1 1 56
738.877 1 4 1 1 0 1 2 1 0 56
752.057 1 3 1 1 0 1 1 1 1 56
777.382 1 4 1 1 0 1 2 1 0 56
778.259 1 3 1 1 0 1 1 1 1 56
779.127 1 2 1 1 0 1 0 1 2 56
785.73 1 3 1 1 0 1 1 1 1 56
798.96 1 3 2 2 0 0 1 1 1 56
802.84 1 4 2 2 0 0 2 1 0 56
805.816 1 3 2 2 0 0 1 1 1 56
807.958 0 2 2 2 1 0 1 1 1 56
826.798 0 1 2 2 1 0 0 1 2 56
831.191 0 1 1 1 1 1 0 1 2 56
856.945 0 1 1 1 0 0 1 1 2 56
867.561 0 1 1 1 0 1 1 2 2 55
871.77 0 2 1 1 1 1 1 1 2 55
877.05 0 1 1 1 0 1 1 2 2 55
881.541 0 2 1 1 0 1 2 2 1 55
883.877 0 3 1 1 0 1 3 2 0 55
894.636 0 3 1 1 0 0 3 1 0 56
907.749 0 2 1 1 0 0 2 1 1 56
908.406 0 3 1 1 0 0 3 1 0 56
914.726 0 2 1 1 0 0 2 1 1 56
928.833 0 1 1 1 0 0 1 1 2 56
931.465 0 2 1 1 1 0 1 0 2 56
934.376 0 3 1 1 1 0 2 0 1 56
934.397 0 4 1 1 1 0 3 0 0 56
935.513 0 3 1 1 1 0 2 0 1 56
937.116 0 4 1 1 1 0 3 0 0 56
939.942 0 3 1 1 1 0 2 0 1 56
941.414 0 2 1 1 1 0 1 0 2 56
962.721 0 1 1 1 0 0 1 1 2 56
971.321 0 2 1 1 0 0 2 1 1 56
973.203 0 1 1 1 0 0 1 1 2 56
988.689 0 0 1 1 0 0 0 1 3 56
990.539 0 1 1 1 0 0 1 1 2 56
1005.73 0 2 1 1 0 0 2 1 1 56
1023.49 0 3 1 1 0 0 3 1 0 56
1024.75 0 2 1 1 0 0 2 1 1 56
1026.15 0 3 1 1 0 0 3 1 0 56
1035.85 0 2 1 1 0 0 2 1 1 56
1054.5 0 1 1 1 0 0 1 1 2 56
1065.38 0 1 0 0 0 1 1 1 2 56
1066.2 0 1 0 0 0 0 1 0 2 57
1067.73 0 2 0 0 0 0 2 0 1 57
1084.25 0 3 0 0 0 0 3 0 0 57
1087.42 0 2 0 0 0 0 2 0 1 57
1088.24 0 1 0 0 0 0 1 0 2 57
1088.84 0 2 0 0 0 0 2 0 1 57
1102.58 0 1 0 0 0 0 1 0 2 57
1104.47 0 2 0 0 0 0 2 0 1 57
1110.44 0 1 0 0 0 0 1 0 2 57
1111.99 0 2 0 0 0 0 2 0 1 57
1114.78 0 3 0 0 0 0 3 0 0 57
1130.19 0 2 0 0 0 0 2 0 1 57
1141.96 0 3 0 0 0 0 3 0 0 57
1158.6 0 2 0 0 0 0 2 0 1 57
1214.48 0 3 0 0 0 0 3 0 0 57
1220.79 0 3 0 0 0 1 3 1 0 56
1223.94 0 2 0 0 0 1 2 1 1 56
1231.1 0 2 0 0 0 2 2 2 1 55
1244.13 0 2 0 0 0 1 2 1 1 56
1255.15 0 1 0 0 0 1 1 1 2 56
1262.93 0 2 0 0 0 1 2 1 1 56
1264.26 0 3 0 0 0 1 3 1 0 56
1271.92 0 3 1 1 0 0 3 1 0 56
1272.83 0 3 0 0 0 1 3 1 0 56
1274.98 0 3 0 0 1 2 2 1 0 56
1275.84 0 3 0 0 1 1 2 0 0 57
1281.32 0 2 0 0 1 1 1 0 1 57
1293.55 0 2 0 0 1 2 1 1 1 56
1295.18 0 2 1 1 1 1 1 1 1 56
1300.26 0 3 1 1 1 1 2 1 0 56
1317.64 0 2 1 1 1 1 1 1 1 56
1320.06 0 3 1 1 1 1 2 1 0 56
1324.25 0 2 1 1 1 1 1 1 1 56
1326.07 0 3 1 1 1 1 2 1 0 56
1331.83 0 2 1 1 1 1 1 1 1 56
1333.35 0 3 1 1 2 1 1 0 1 56
1338.89 0 3 2 2 2 0 1 0 1 56
1341.33 0 4 2 2 2 0 2 0 0 56
1345.87 0 3 2 2 1 0 2 1 0 56
1346.77 0 3 1 1 1 1 2 1 0 56
1354.35 0 3 2 2 1 0 2 1 0 56
1355.94 0 4 2 2 2 0 2 0 0 56
1356.42 0 4 1 1 2 1 2 0 0 56
1357.28 1 5 1 1 1 1 2 0 0 56
1359.82 1 4 1 1 1 1 1 0 1 56
1363.82 1 4 2 2 1 0 1 0 1 56
1368.05 1 4 1 1 1 1 1 0 1 56
1372.1 0 3 1 1 2 1 1 0 1 56
1376.72 0 2 1 1 1 1 1 1 1 56
1378.77 0 3 1 1 2 1 1 0 1 56
1384.01 1 4 1 1 1 1 1 0 1 56
1385.32 1 5 1 1 1 1 2 0 0 56
1391.64 1 4 1 1 1 1 1 0 1 56
1394.43 1 4 2 2 1 0 1 0 1 56
1414.16 1 3 2 2 0 0 1 1 1 56
1414.82 1 3 1 1 0 1 1 1 1 56
1425.54 1 4 1 1 0 1 2 1 0 56
1434.62 0 3 1 1 1 1 2 1 0 56
1436.18 0 2 1 1 1 1 1 1 1 56
1437.05 1 3 1 1 0 1 1 1 1 56
1442.6 1 2 1 1 0 1 0 1 2 56
1460.58 1 2 1 1 0 2 0 2 2 55
1463.31 1 3 1 1 0 2 1 2 1 55
1485.37 0 2 1 1 1 2 1 2 1 55
1485.87 0 3 1 1 1 2 2 2 0 55
1507.8 0 2 1 1 1 2 1 2 1 55
1513.2 0 3 1 1 1 2 2 2 0 55
1524.5 1 4 1 1 0 2 2 2 0 55
1531.76 1 4 2 2 0 1 2 2 0 55
1537.25 1 4 1 1 0 2 2 2 0 55
1544.85 1 3 1 1 0 2 1 2 1 55
1547.07 1 3 2 2 0 1 1 2 1 55
1569.24 1 3 2 2 0 2 1 3 1 54
1570.77 1 4 2 2 1 2 1 2 1 54
1578.57 2 5 2 2 0 2 1 2 1 54
1584.12 2 5 2 2 0 1 1 1 1 55
1601.17 2 5 1 1 0 2 1 1 1 55
1603.4 2 5 2 2 0 1 1 1 1 55
1603.45 2 4 2 2 0 1 0 1 2 55
1604.79 2 5 2 2 0 1 1 1 1 55
1608.46 2 6 2 2 0 1 2 1 0 55
1614.41 2 6 2 2 0 0 2 0 0 56
1616.58 1 5 2 2 1 0 2 0 0 56
1619.66 2 6 2 2 0 0 2 0 0 56
1629.4 2 5 2 2 0 0 1 0 1 56
1637.83 1 4 2 2 1 0 1 0 1 56
1646.34 1 5 2 2 1 0 2 0 0 56
1646.73 1 5 1 1 1 1 2 0 0 56
1647.21 1 4 1 1 0 1 2 1 0 56
1664.96 0 3 1 1 1 1 2 1 0 56
1674.49 0 2 1 1 1 1 1 1 1 56
1677.25 0 1 1 1 0 1 1 2 1 56
1680.63 0 1 2 2 0 0 1 2 1 56
1680.83 0 2 2 2 0 0 2 2 0 56
1733.54 0 3 2 2 1 0 2 1 0 56
1737.24 0 2 2 2 1 0 1 1 1 56
1741.78 0 3 2 2 1 0 2 1 0 56
1749.98 0 3 1 1 1 1 2 1 0 56
1761.88 0 3 1 1 2 2 1 1 0 56
1776.14 0 2 1 1 1 2 1 2 0 56
1777.88 0 1 1 1 0 2 1 3 0 56
1781.02 0 1 0 0 0 3 1 3 0 56
1792.68 0 1 1 1 0 2 1 3 0 56
1804.56 0 0 1 1 0 2 0 3 1 56
1814.1 0 0 1 1 0 1 0 2 1 57
1834.55 0 1 1 1 0 1 1 2 0 57
1840.01 0 2 1 1 1 1 1 1 0 57
1841.68 0 1 1 1 0 1 1 2 0 57
1865.5 0 2 1 1 1 1 1 1 0 57
1889.05 0 1 1 1 1 1 0 1 1 57
1894.08 0 2 1 1 1 1 1 1 0 57
1898.08 0 1 1 1 1 1 0 1 1 57
1903.83 0 1 0 0 1 2 0 1 1 57
1913.36 0 2 0 0 1 2 1 1 0 57
1914.58 0 2 0 0 1 1 1 0 0 58
1952.49 1 3 0 0 0 1 1 0 0 58
1958.45 1 3 1 1 0 0 1 0 0 58
1965.07 1 3 1 1 0 1 1 1 0 57
1976.02 1 3 1 1 0 2 1 2 0 56
1976.03 1 3 2 2 0 1 1 2 0 56
1986.61 0 2 2 2 1 1 1 2 0 56
1998.41 0 2 2 2 1 2 1 3 0 55
2019.02 0 2 1 1 1 3 1 3 0 55
2024.07 0 1 1 1 0 3 1 4 0 55
2024.73 0 1 1 1 0 2 1 3 0 56
2032.13 0 1 1 1 0 1 1 2 0 57
2058.02 0 0 1 1 0 1 0 2 1 57
2063.16 0 1 1 1 1 1 0 1 1 57
2083.35 0 1 1 1 1 2 0 2 1 56
2088.34 0 1 1 1 1 3 0 3 1 55
2093.27 1 2 1 1 0 3 0 3 1 55
2095.63 0 1 1 1 1 3 0 3 1 55
2101.28 0 1 1 1 1 2 0 2 1 56
2101.79 0 2 1 1 1 2 1 2 0 56
2112.26 0 3 1 1 2 2 1 1 0 56
2118.14 0 2 1 1 1 2 1 2 0 56
2135.44 0 2 1 1 1 1 1 1 0 57
2143.9 0 2 1 1 0 0 2 1 0 57
2152.09 0 3 1 1 1 0 2 0 0 57
2162.8 0 2 1 1 0 0 2 1 0 57
2184.36 0 3 1 1 1 0 2 0 0 57
2184.58 0 2 1 1 1 0 1 0 1 57
2186.03 0 3 1 1 1 0 2 0 0 57
2203.34 0 3 1 1 1 1 2 1 0 56
2207.59 1 4 1 1 0 1 2 1 0 56
2207.69 1 5 1 1 1 1 2 0 0 56
2216.48 1 4 1 1 0 1 2 1 0 56
2216.82 1 3 1 1 0 1 1 1 1 56
2217.26 1 4 1 1 1 1 1 0 1 56
2227.85 0 3 1 1 2 1 1 0 1 56
2229.1 1 4 1 1 1 1 1 0 1 56
2231.53 1 5 1 1 1 1 2 0 0 56
2245.86 0 4 1 1 2 1 2 0 0 56
2278.99 0 3 1 1 1 1 2 1 0 56
2279.66 0 2 1 1 1 1 1 1 1 56
2293.88 0 1 1 1 1 1 0 1 2 56
2311.75 0 0 1 1 0 1 0 2 2 56
2315.65 0 0 1 1 0 2 0 3 2 55
2317.36 0 1 1 1 0 2 1 3 1 55
2317.76 0 1 1 1 0 1 1 2 1 56
2326.32 0 1 1 1 0 2 1 3 1 55
2336.35 0 2 1 1 0 2 2 3 0 55
2340.41 0 1 1 1 0 2 1 3 1 55
2357.49 0 1 1 1 1 3 0 3 1 55
2370.29 0 1 1 1 1 2 0 2 1 56
2372.78 0 2 1 1 2 2 0 1 1 56
2374.34 0 2 1 1 2 1 0 0 1 57
2376.32 0 3 1 1 2 1 1 0 0 57
2381.97 1 4 1 1 1 1 1 0 0 57
2387.33 1 3 1 1 1 1 0 0 1 57
2406.01 1 3 2 2 1 0 0 0 1 57
2410.56 1 3 1 1 1 1 0 0 1 57
2412.57 0 2 1 1 2 1 0 0 1 57
2427.41 1 3 1 1 1 1 0 0 1 57
2427.74 0 2 1 1 2 1 0 0 1 57
2429.05 1 3 1 1 1 1 0 0 1 57
2463.99 0 2 1 1 2 1 0 0 1 57
2464.11 1 3 1 1 1 1 0 0 1 57
2475.37 0 2 1 1 2 1 0 0 1 57
2493.4 0 1 1 1 1 1 0 1 1 57
2504.55 0 2 1 1 1 1 1 1 0 57
2521.54 0 2 0 0 1 2 1 1 0 57
2539.79 0 2 0 0 1 3 1 2 0 56
2540.48 1 3 0 0 0 3 1 2 0 56
2542.6 1 3 0 0 0 2 1 1 0 57
2542.91 1 4 0 0 1 2 1 0 0 57
2570.12 1 3 0 0 0 2 1 1 0 57
2606.39 1 3 0 0 1 3 0 1 0 57
2608.91 1 3 0 0 0 2 1 1 0 57
2620.44 1 3 1 1 0 1 1 1 0 57
2635.88 0 2 1 1 1 1 1 1 0 57
2668.5 0 1 1 1 1 1 0 1 1 57
2682.02 0 1 0 0 1 2 0 1 1 57
2683.36 0 1 1 1 1 1 0 1 1 57
2706.17 0 1 1 1 1 2 0 2 1 56
2707.5 1 2 1 1 0 2 0 2 1 56
2710 0 1 1 1 1 2 0 2 1 56
2714.9 0 2 1 1 2 2 0 1 1 56
2715 0 2 1 1 2 1 0 0 1 57
2720.93 0 3 1 1 2 1 1 0 0 57
2723.05 0 2 1 1 1 1 1 1 0 57
2729.01 0 2 2 2 1 0 1 1 0 57
2729.5 1 3 2 2 0 0 1 1 0 57
2735.42 1 2 2 2 0 0 0 1 1 57
2738.18 1 3 2 2 1 0 0 0 1 57
2747.12 0 2 2 2 2 0 0 0 1 57
2765.97 0 1 2 2 1 0 0 1 1 57
2777.36 0 0 2 2 0 0 0 2 1 57
2788.1 0 0 1 1 0 1 0 2 1 57
2790.25 0 1 1 1 0 1 1 2 0 57
2823.57 0 2 1 1 1 1 1 1 0 57
2824.84 0 3 1 1 2 1 1 0 0 57
2827.91 0 2 1 1 1 1 1 1 0 57
2831.67 1 3 1 1 0 1 1 1 0 57
2835.17 0 2 1 1 1 1 1 1 0 57
2845.79 0 2 1 1 1 0 1 0 0 58
2854.02 0 2 1 1 1 1 1 1 0 57
2868.34 1 3 1 1 0 1 1 1 0 57
2875.75 1 4 1 1 1 1 1 0 0 57
2887.86 1 4 1 1 0 0 2 0 0 57
2890.66 1 3 1 1 0 0 1 0 1 57
2902.38 1 4 1 1 0 0 2 0 0 57
2903.69 1 3 1 1 0 0 1 0 1 57
2924.08 1 3 0 0 0 1 1 0 1 57
2926.56 1 3 0 0 0 2 1 1 1 56
2929.02 1 4 0 0 1 2 1 0 1 56
2931.85 2 5 0 0 0 2 1 0 1 56
2933.72 1 4 0 0 1 2 1 0 1 56
2933.84 1 3 0 0 0 2 1 1 1 56
2934.62 1 4 0 0 0 2 2 1 0 56
2938.4 1 3 0 0 0 2 1 1 1 56
2950.99 0 2 0 0 1 2 1 1 1 56
2962.46 1 3 0 0 0 2 1 1 1 56
2965.15 1 4 0 0 0 2 2 1 0 56
2974.07 1 5 0 0 1 2 2 0 0 56
2995.85 0 4 0 0 2 2 2 0 0 56
2995.85 0 4 0 0 2 2 2 0 0 56
