0 60 120 60 60 0 0 0 0 0 0
0.0214173 59 119 60 60 1 0 0 0 0 0
0.0261599 58 118 60 60 2 0 0 0 0 0
0.0415892 58 117 60 60 1 0 0 1 0 0
0.0439957 57 116 60 60 2 0 0 1 0 0
0.0500031 57 116 59 59 2 1 0 1 0 0
0.0539085 56 115 59 59 3 1 0 1 0 0
0.0819295 55 114 59 59 4 1 0 1 0 0
0.0912861 55 114 58 58 4 2 0 1 0 0
0.131277 55 114 57 57 4 3 0 1 0 0
0.13221 55 114 56 56 4 4 0 1 0 0
0.139225 55 114 55 55 4 5 0 1 0 0
0.140514 54 113 55 55 5 5 0 1 0 0
0.14819 54 113 54 54 5 6 0 1 0 0
0.185452 53 112 54 54 6 6 0 1 0 0
0.204822 52 111 54 54 7 6 0 1 0 0
0.209305 51 110 54 54 8 6 0 1 0 0
0.227611 50 109 54 54 9 6 0 1 0 0
0.23164 49 108 54 54 10 6 0 1 0 0
0.244785 49 108 53 53 10 7 0 1 0 0
0.251096 48 107 53 53 11 7 0 1 0 0
0.272512 47 106 53 53 12 7 0 1 0 0
0.281104 46 105 53 53 13 7 0 1 0 0
0.283278 45 104 53 53 14 7 0 1 0 0
0.332477 45 103 53 53 13 7 0 2 0 0
0.33356 45 102 53 53 12 7 0 3 0 0
0.339874 44 101 53 53 13 7 0 3 0 0
0.343848 44 101 52 52 13 8 0 3 0 0
0.418462 43 100 52 52 14 8 0 3 0 0
0.438823 42 99 52 52 15 8 0 3 0 0
0.443781 42 99 51 51 15 9 0 3 0 0
0.469093 41 98 51 51 16 9 0 3 0 0
0.469311 41 98 50 50 16 10 0 3 0 0
0.471208 41 98 49 49 16 11 0 3 0 0
0.513338 40 97 49 49 17 11 0 3 0 0
0.531965 40 97 48 48 17 12 0 3 0 0
0.55034 40 97 47 47 17 13 0 3 0 0
0.584931 40 96 47 47 16 13 0 4 0 0
0.586042 39 95 47 47 17 13 0 4 0 0
0.586469 39 94 47 47 16 13 0 5 0 0
0.587904 39 93 47 47 15 13 0 6 0 0
0.588765 39 93 46 46 15 14 0 6 0 0
0.603941 39 93 45 45 15 15 0 6 0 0
0.636418 38 92 45 45 16 15 0 6 0 0
0.681385 37 91 45 45 17 15 0 6 0 0
0.693288 37 90 45 45 16 15 0 7 0 0
0.782188 37 90 44 44 16 16 0 7 0 0
0.805585 37 90 45 45 16 15 0 7 0 0
0.832271 36 89 45 45 17 15 0 7 0 0
0.83808 35 88 45 45 18 15 0 7 0 0
0.85171 34 87 45 45 19 15 0 7 0 0
0.902614 34 86 45 45 18 15 0 8 0 0
0.911094 33 85 45 45 19 15 0 8 0 0
0.916698 33 85 44 44 19 16 0 8 0 0
0.947875 33 85 44 44 18 15 1 8 0 0
0.959243 32 84 44 44 19 15 1 8 0 0
0.968365 32 84 43 43 19 16 1 8 0 0
0.974682 31 83 43 43 20 16 1 8 0 0
1.00271 31 82 43 43 19 16 1 9 0 0
1.01582 30 81 43 43 20 16 1 9 0 0
1.03654 29 80 43 43 21 16 1 9 0 0
1.07245 29 80 42 42 21 17 1 9 0 0
1.07638 29 80 41 41 21 18 1 9 0 0
1.09716 28 79 41 41 22 18 1 9 0 0
1.10524 27 78 41 41 23 18 1 9 0 0
1.12427 26 77 41 41 24 18 1 9 0 0
1.1588 26 77 40 40 24 19 1 9 0 0
1.22827 26 76 40 40 23 19 1 10 0 0
1.23581 26 75 40 40 22 19 1 11 0 0
1.25351 26 74 40 40 21 19 1 12 0 0
1.26824 25 73 40 40 22 19 1 12 0 0
1.32704 24 72 40 40 23 19 1 12 0 0
1.34018 24 71 40 40 22 19 1 13 0 0
1.37192 24 70 40 40 21 19 1 14 0 0
1.37922 24 69 40 40 20 19 1 15 0 0
1.41935 23 68 40 40 21 19 1 15 0 0
1.42181 23 68 39 39 21 20 1 15 0 0
1.4384 23 67 39 39 20 20 1 16 0 0
1.44099 23 67 39 39 20 19 1 15 0 1
1.44575 23 67 38 38 20 20 1 15 0 1
1.52028 22 66 38 38 21 20 1 15 0 1
1.52621 21 65 38 38 22 20 1 15 0 1
1.53314 21 64 38 38 21 20 1 16 0 1
1.58445 21 64 37 37 21 21 1 16 0 1
1.59616 21 64 37 37 20 20 2 16 0 1
1.61927 20 63 37 37 21 20 2 16 0 1
1.62988 20 63 36 36 21 21 2 16 0 1
1.65665 20 63 35 35 21 22 2 16 0 1
1.68591 20 62 35 35 20 22 2 17 0 1
1.74646 19 61 35 35 21 22 2 17 0 1
1.76679 19 61 34 34 21 23 2 17 0 1
1.80778 19 61 33 33 21 24 2 17 0 1
1.81631 19 60 33 33 20 24 2 18 0 1
1.87193 19 59 33 33 19 24 2 19 0 1
1.88227 18 58 33 33 20 24 2 19 0 1
1.92408 18 57 33 33 19 24 2 20 0 1
1.96581 17 56 33 33 20 24 2 20 0 1
2.05058 16 55 33 33 21 24 2 20 0 1
2.0528 16 55 32 32 21 25 2 20 0 1
2.07189 16 54 32 32 21 25 1 20 1 1
2.0762 15 53 32 32 22 25 1 20 1 1
2.08343 15 53 32 32 21 24 2 20 1 1
2.10394 15 53 31 31 21 25 2 20 1 1
2.10936 15 53 31 31 21 24 2 19 1 2
2.11332 15 53 32 32 21 23 2 19 1 2
2.22007 15 53 31 31 21 24 2 19 1 2
2.25848 15 53 30 30 21 25 2 19 1 2
2.26523 14 52 30 30 22 25 2 19 1 2
2.34605 14 53 30 30 23 25 2 18 1 2
2.35558 14 52 30 30 22 25 2 19 1 2
2.53317 13 51 30 30 23 25 2 19 1 2
2.55044 13 51 29 29 23 26 2 19 1 2
2.62877 13 50 29 29 22 26 2 20 1 2
2.66786 12 49 29 29 23 26 2 20 1 2
2.6703 12 49 29 29 23 25 2 19 1 3
2.6866 12 48 29 29 22 25 2 20 1 3
2.6896 12 48 29 29 21 24 3 20 1 3
2.72626 12 48 29 29 20 23 4 20 1 3
2.74222 12 48 28 28 20 24 4 20 1 3
2.77852 12 47 28 28 20 24 3 20 2 3
2.83714 12 47 28 28 19 23 4 20 2 3
2.83838 12 46 28 28 19 23 3 20 3 3
2.84996 12 45 28 28 18 23 3 21 3 3
2.86708 12 45 28 28 18 22 3 20 3 4
2.87723 12 45 28 28 17 21 4 20 3 4
2.89359 12 44 28 28 16 21 4 21 3 4
2.92822 12 44 27 27 16 22 4 21 3 4
3.04003 12 43 27 27 16 22 3 21 4 4
3.2536 12 43 27 27 15 21 4 21 4 4
3.27539 12 43 27 27 15 20 4 20 4 5
3.32754 12 43 26 26 15 21 4 20 4 5
3.34088 12 43 25 25 15 22 4 20 4 5
3.35548 11 42 25 25 16 22 4 20 4 5
3.36977 11 42 25 25 15 21 5 20 4 5
3.41592 10 41 25 25 16 21 5 20 4 5
3.41684 10 40 25 25 15 21 5 21 4 5
3.44296 10 40 25 25 15 20 5 20 4 6
3.52362 10 40 24 24 15 21 5 20 4 6
3.53915 10 40 24 24 15 20 5 19 4 7
3.61852 10 39 24 24 15 20 4 19 5 7
3.68049 10 39 24 24 15 19 4 18 5 8
3.74171 10 39 24 24 15 18 4 17 5 9
3.82408 10 39 24 24 14 17 5 17 5 9
3.88008 10 39 23 23 14 18 5 17 5 9
3.88799 9 38 23 23 15 18 5 17 5 9
3.98404 9 38 22 22 15 19 5 17 5 9
4.05379 9 38 23 23 15 18 5 17 5 9
4.09632 8 37 23 23 16 18 5 17 5 9
4.22093 8 37 22 22 16 19 5 17 5 9
4.26543 8 36 22 22 16 19 4 17 6 9
4.32226 8 36 22 22 15 18 5 17 6 9
4.43176 7 35 22 22 16 18 5 17 6 9
4.48811 7 35 22 22 15 17 6 17 6 9
4.55072 7 35 21 21 15 18 6 17 6 9
4.62941 7 34 21 21 14 18 6 18 6 9
4.65182 7 33 21 21 13 18 6 19 6 9
4.69182 6 32 21 21 14 18 6 19 6 9
4.74739 6 32 21 21 14 17 6 18 6 10
4.7962 6 32 21 21 14 16 6 17 6 11
4.98136 6 32 21 21 13 15 7 17 6 11
4.98969 6 32 20 20 13 16 7 17 6 11
5.02659 6 32 19 19 13 17 7 17 6 11
5.12816 6 32 18 18 13 18 7 17 6 11
5.22422 6 32 18 18 12 17 8 17 6 11
5.30217 6 32 18 18 12 16 8 16 6 12
5.30624 6 32 18 18 12 15 8 15 6 13
5.42159 6 32 17 17 12 16 8 15 6 13
5.43886 6 31 17 17 11 16 8 16 6 13
5.49135 6 31 16 16 11 17 8 16 6 13
5.50437 6 31 16 16 11 16 8 15 6 14
5.51936 6 30 16 16 10 16 8 16 6 14
5.58162 6 29 16 16 10 16 7 16 7 14
5.62168 6 30 16 16 10 16 8 16 6 14
5.75503 6 30 15 15 10 17 8 16 6 14
5.77126 6 30 15 15 9 16 9 16 6 14
5.82476 6 29 15 15 8 16 9 17 6 14
5.87114 6 29 14 14 8 17 9 17 6 14
5.87461 6 29 14 14 8 16 9 16 6 15
5.99076 6 29 13 13 8 17 9 16 6 15
6.11101 6 29 13 13 8 16 9 15 6 16
6.43467 6 29 12 12 8 17 9 15 6 16
6.50818 6 29 12 12 7 16 10 15 6 16
6.6075 6 29 12 12 6 15 11 15 6 16
6.60763 6 30 12 12 6 15 12 15 5 16
6.67554 6 30 12 12 6 14 12 14 5 17
6.69606 6 29 12 12 6 14 11 14 6 17
6.79045 6 28 12 12 6 14 10 14 7 17
6.81603 5 27 12 12 7 14 10 14 7 17
6.95205 4 26 12 12 8 14 10 14 7 17
7.10357 4 26 11 11 8 15 10 14 7 17
7.22133 4 26 11 11 8 14 10 13 7 18
7.23168 3 25 11 11 9 14 10 13 7 18
7.55664 3 25 11 11 9 13 10 12 7 19
7.5656 3 24 11 11 9 13 9 12 8 19
7.83357 3 24 11 11 8 12 10 12 8 19
8.13395 3 24 10 10 8 13 10 12 8 19
8.22856 3 23 10 10 7 13 10 13 8 19
8.33051 3 24 10 10 7 13 11 13 7 19
8.33515 3 23 10 10 7 13 10 13 8 19
8.35005 3 22 10 10 7 13 9 13 9 19
8.50645 3 22 10 10 7 12 9 12 9 20
8.52358 3 22 10 10 7 11 9 11 9 21
8.9279 3 21 10 10 6 11 9 12 9 21
8.93699 3 20 10 10 6 11 8 12 10 21
8.9854 3 20 10 10 5 10 9 12 10 21
9.08113 3 20 9 9 5 11 9 12 10 21
9.48131 3 19 9 9 4 11 9 13 10 21
9.81966 3 19 9 9 3 10 10 13 10 21
10.0023 3 19 8 8 3 11 10 13 10 21
10.1004 3 18 8 8 2 11 10 14 10 21
10.3154 3 18 8 8 2 10 10 13 10 22
10.3713 3 19 8 8 2 10 11 13 9 22
10.5754 3 18 8 8 2 10 10 13 10 22
10.6113 3 17 8 8 2 10 9 13 11 22
10.6595 3 17 8 8 2 9 9 12 11 23
10.6901 3 17 7 7 2 10 9 12 11 23
10.8684 3 17 7 7 2 9 9 11 11 24
11.7754 3 16 7 7 1 9 9 12 11 24
11.9752 3 17 7 7 2 9 9 11 11 24
12.8134 3 16 7 7 2 9 8 11 12 24
13.2318 3 16 7 7 2 8 8 10 12 25
13.4742 3 15 7 7 2 8 7 10 13 25
13.9862 3 15 7 7 2 7 7 9 13 26
14.1638 3 15 7 7 2 6 7 8 13 27
14.2467 3 15 6 6 2 7 7 8 13 27
14.781 3 15 5 5 2 8 7 8 13 27
16.4111 2 14 5 5 3 8 7 8 13 27
17.2287 2 13 5 5 3 8 6 8 14 27
17.6553 2 14 5 5 4 8 6 7 14 27
17.7363 2 14 5 5 3 7 7 7 14 27
17.8517 2 14 5 5 3 6 7 6 14 28
18.2557 2 13 5 5 3 6 6 6 15 28
18.5686 2 12 5 5 3 6 5 6 16 28
18.6326 1 11 5 5 4 6 5 6 16 28
19.0578 1 12 5 5 4 6 6 6 15 28
19.6042 1 12 5 5 4 5 6 5 15 29
19.8513 1 13 5 5 4 5 7 5 14 29
21.3297 1 14 5 5 4 5 8 5 13 29
21.6903 1 13 5 5 3 5 8 6 13 29
22.0413 1 12 5 5 3 5 7 6 14 29
22.1024 2 13 5 5 2 5 7 6 14 29
22.5206 2 14 5 5 2 5 8 6 13 29
22.6614 2 13 5 5 2 5 7 6 14 29
23.2025 1 12 5 5 3 5 7 6 14 29
23.5352 1 12 4 4 3 6 7 6 14 29
24.222 1 11 4 4 3 6 6 6 15 29
24.3235 1 11 4 4 3 5 6 5 15 30
24.6952 1 10 4 4 3 5 5 5 16 30
26.671 1 9 4 4 3 5 4 5 17 30
27.3754 1 9 4 4 3 4 4 4 17 31
28.1634 1 10 4 4 3 4 5 4 16 31
29.5996 1 11 4 4 3 4 6 4 15 31
30.169 1 11 4 4 2 3 7 4 15 31
30.3798 1 12 4 4 2 3 8 4 14 31
30.5244 1 11 4 4 2 3 7 4 15 31
33.1891 1 11 5 5 2 2 7 4 15 31
33.2808 1 10 5 5 2 2 6 4 16 31
33.6697 1 10 5 5 2 1 6 3 16 32
33.705 1 11 5 5 2 1 7 3 15 32
33.9716 1 10 5 5 2 1 6 3 16 32
33.9813 1 11 5 5 2 1 7 3 15 32
34.2088 1 12 5 5 2 1 8 3 14 32
34.6017 1 11 5 5 2 1 7 3 15 32
35.9373 1 10 5 5 1 1 7 4 15 32
36.3144 1 9 5 5 1 1 6 4 16 32
36.3281 1 10 5 5 1 1 7 4 15 32
38.3849 1 10 4 4 1 2 7 4 15 32
38.5628 1 9 4 4 1 2 6 4 16 32
39.7207 1 8 4 4 0 2 6 5 16 32
40.981 1 9 4 4 1 2 6 4 16 32
41.3118 1 8 4 4 1 2 5 4 17 32
41.6711 1 8 5 5 1 1 5 4 17 32
42.0094 1 8 4 4 1 2 5 4 17 32
43.9856 1 9 4 4 1 2 6 4 16 32
46.2613 1 10 4 4 1 2 7 4 15 32
48.3697 0 9 4 4 2 2 7 4 15 32
48.7036 0 10 4 4 2 2 8 4 14 32
48.8208 0 9 4 4 2 2 7 4 15 32
48.8639 0 10 4 4 2 2 8 4 14 32
49.1274 0 9 4 4 1 2 8 5 14 32
49.8125 0 10 4 4 1 2 9 5 13 32
50.439 0 9 4 4 1 2 8 5 14 32
50.6655 0 8 4 4 1 2 7 5 15 32
50.7812 0 9 4 4 1 2 8 5 14 32
51.0961 0 9 3 3 1 3 8 5 14 32
51.1483 0 8 3 3 1 3 7 5 15 32
52.0827 0 8 3 3 2 4 6 5 15 32
52.2533 0 9 3 3 2 4 7 5 14 32
52.448 0 10 3 3 2 4 8 5 13 32
52.8272 0 11 3 3 2 4 9 5 12 32
53.1165 0 11 3 3 2 3 9 4 12 33
53.23 0 10 3 3 2 3 8 4 13 33
53.9557 0 10 3 3 3 4 7 4 13 33
54.5869 0 9 3 3 3 4 6 4 14 33
54.9081 0 9 3 3 2 3 7 4 14 33
55.0684 0 9 2 2 2 4 7 4 14 33
55.3248 0 8 2 2 2 4 6 4 15 33
55.9277 0 8 2 2 2 3 6 3 15 34
56.7553 0 7 2 2 2 3 5 3 16 34
57.6129 0 7 1 1 2 4 5 3 16 34
58.4112 0 6 1 1 1 4 5 4 16 34
59.5181 0 7 1 1 1 4 6 4 15 34
59.6305 0 6 1 1 1 4 5 4 16 34
60.0268 0 7 1 1 1 4 6 4 15 34
60.0423 0 6 1 1 1 4 5 4 16 34
60.83 0 7 1 1 1 4 6 4 15 34
61.0144 0 6 1 1 1 4 5 4 16 34
61.1812 0 5 1 1 1 4 4 4 17 34
61.2387 0 5 1 1 1 3 4 3 17 35
62.1182 0 6 1 1 1 3 5 3 16 35
63.4888 0 5 1 1 1 3 4 3 17 35
64.054 0 6 1 1 2 3 4 2 17 35
64.8559 0 5 1 1 2 3 3 2 18 35
65.8118 0 6 1 1 2 3 4 2 17 35
66.7798 0 7 1 1 2 3 5 2 16 35
66.9465 0 8 1 1 2 3 6 2 15 35
68.9868 0 7 1 1 2 3 5 2 16 35
69.6647 0 8 1 1 3 3 5 1 16 35
70.8297 0 7 1 1 3 3 4 1 17 35
71.2744 0 6 1 1 3 3 3 1 18 35
72.2724 0 6 1 1 2 2 4 1 18 35
72.4571 0 5 1 1 2 2 3 1 19 35
73.6773 0 6 1 1 2 2 4 1 18 35
74.8173 0 5 1 1 1 2 4 2 18 35
74.9492 0 6 1 1 1 2 5 2 17 35
75.1343 0 5 1 1 1 2 4 2 18 35
79.5769 0 6 1 1 1 2 5 2 17 35
81.8463 0 7 1 1 1 2 6 2 16 35
82.5586 0 8 1 1 1 2 7 2 15 35
83.7166 0 9 1 1 1 2 8 2 14 35
84.728 0 8 1 1 1 2 7 2 15 35
85.1309 0 7 1 1 0 2 7 3 15 35
86.4687 0 6 1 1 0 2 6 3 16 35
87.536 0 7 1 1 0 2 7 3 15 35
88.8583 0 8 1 1 1 2 7 2 15 35
89.109 0 9 1 1 1 2 8 2 14 35
91.8029 0 10 1 1 1 2 9 2 13 35
91.9757 0 9 1 1 1 2 8 2 14 35
93.0818 0 8 1 1 1 2 7 2 15 35
93.5055 0 7 1 1 1 2 6 2 16 35
93.6105 0 8 1 1 1 2 7 2 15 35
94.6863 0 9 1 1 1 2 8 2 14 35
94.7742 0 8 1 1 1 2 7 2 15 35
95.6526 0 7 1 1 1 2 6 2 16 35
95.7101 0 8 1 1 1 2 7 2 15 35
96.973 0 7 1 1 1 2 6 2 16 35
97.2123 0 8 1 1 1 2 7 2 15 35
97.618 0 7 1 1 1 2 6 2 16 35
101.275 0 7 1 1 0 1 7 2 16 35
101.843 0 6 1 1 0 1 6 2 17 35
107.199 0 6 1 1 1 2 5 2 17 35
107.28 0 5 1 1 1 2 4 2 18 35
107.358 0 6 1 1 1 2 5 2 17 35
108.294 0 5 1 1 1 2 4 2 18 35
108.471 0 4 1 1 1 2 3 2 19 35
109.66 0 5 1 1 1 2 4 2 18 35
110.41 0 6 1 1 1 2 5 2 17 35
110.832 0 7 1 1 1 2 6 2 16 35
113.171 0 6 1 1 1 2 5 2 17 35
113.409 0 5 1 1 1 2 4 2 18 35
113.776 0 4 1 1 1 2 3 2 19 35
115.248 0 5 1 1 1 2 4 2 18 35
115.309 0 6 1 1 1 2 5 2 17 35
115.926 0 7 1 1 1 2 6 2 16 35
115.985 0 6 1 1 1 2 5 2 17 35
117.373 0 7 1 1 1 2 6 2 16 35
118.116 0 6 1 1 1 2 5 2 17 35
118.118 0 7 1 1 1 2 6 2 16 35
118.199 1 8 1 1 0 2 6 2 16 35
118.682 1 9 1 1 0 2 7 2 15 35
119.386 1 10 1 1 0 2 8 2 14 35
119.907 1 11 1 1 0 2 9 2 13 35
120.246 1 10 1 1 0 2 8 2 14 35
121.045 1 11 1 1 0 2 9 2 13 35
122.071 1 10 1 1 0 2 8 2 14 35
122.29 1 11 1 1 0 2 9 2 13 35
123.401 0 10 1 1 1 2 9 2 13 35
123.976 0 9 1 1 1 2 8 2 14 35
124.003 0 8 1 1 1 2 7 2 15 35
125.793 0 9 1 1 1 2 8 2 14 35
127.305 0 8 1 1 1 2 7 2 15 35
127.442 0 9 1 1 1 2 8 2 14 35
127.866 0 10 1 1 1 2 9 2 13 35
130.327 0 9 1 1 0 2 9 3 13 35
131.458 0 10 1 1 0 2 10 3 12 35
132.405 0 11 1 1 0 2 11 3 11 35
132.759 0 12 1 1 0 2 12 3 10 35
133.006 0 11 1 1 0 2 11 3 11 35
135.657 0 10 1 1 0 2 10 3 12 35
135.681 0 9 1 1 0 2 9 3 13 35
136.94 0 10 1 1 0 2 10 3 12 35
138.045 0 9 1 1 0 2 9 3 13 35
138.262 0 10 1 1 0 2 10 3 12 35
138.63 0 11 1 1 0 2 11 3 11 35
138.834 0 12 1 1 0 2 12 3 10 35
139.108 0 13 1 1 0 2 13 3 9 35
140.129 0 12 1 1 0 2 12 3 10 35
140.511 0 13 1 1 0 2 13 3 9 35
141.09 0 12 1 1 0 2 12 3 10 35
141.854 0 11 1 1 0 2 11 3 11 35
142.865 0 10 1 1 0 2 10 3 12 35
143.654 0 11 1 1 0 2 11 3 11 35
144.246 0 10 1 1 0 2 10 3 12 35
146.072 0 9 1 1 0 2 9 3 13 35
147.967 0 8 1 1 0 2 8 3 14 35
148.252 0 7 1 1 0 2 7 3 15 35
148.478 0 8 1 1 1 2 7 2 15 35
148.683 0 9 1 1 1 2 8 2 14 35
148.977 0 8 1 1 1 2 7 2 15 35
150.006 0 8 1 1 1 1 7 1 15 36
151.574 0 9 1 1 1 1 8 1 14 36
152.43 0 8 1 1 1 1 7 1 15 36
153.093 0 9 1 1 1 1 8 1 14 36
154.722 0 10 1 1 1 1 9 1 13 36
155.228 0 9 1 1 1 1 8 1 14 36
155.8 0 10 1 1 1 1 9 1 13 36
157.858 0 11 1 1 1 1 10 1 12 36
158.194 0 10 1 1 1 1 9 1 13 36
158.243 0 11 1 1 1 1 10 1 12 36
158.26 0 10 1 1 1 1 9 1 13 36
158.441 0 11 1 1 1 1 10 1 12 36
159.117 0 10 1 1 1 1 9 1 13 36
159.402 0 9 1 1 1 1 8 1 14 36
160.923 0 8 1 1 1 1 7 1 15 36
161.378 0 8 1 1 2 2 6 1 15 36
161.514 0 9 1 1 2 2 7 1 14 36
162.129 0 8 1 1 2 2 6 1 15 36
163.668 0 9 1 1 2 2 7 1 14 36
165.155 0 8 1 1 2 2 6 1 15 36
165.295 0 9 1 1 2 2 7 1 14 36
165.474 0 8 1 1 2 2 6 1 15 36
166.149 0 9 1 1 2 2 7 1 14 36
167.261 0 8 1 1 2 2 6 1 15 36
168.103 0 7 1 1 2 2 5 1 16 36
168.277 0 7 1 1 2 1 5 0 16 37
169.667 0 8 1 1 2 1 6 0 15 37
171.951 0 9 1 1 2 1 7 0 14 37
173.227 0 10 1 1 2 1 8 0 13 37
173.355 0 9 1 1 2 1 7 0 14 37
174.783 0 8 1 1 1 1 7 1 14 37
174.873 0 7 1 1 1 1 6 1 15 37
176.205 0 7 1 1 1 0 6 0 15 38
177.541 0 8 1 1 1 0 7 0 14 38
178.524 0 7 1 1 0 0 7 1 14 38
178.752 0 6 1 1 0 0 6 1 15 38
180.907 0 7 1 1 0 0 7 1 14 38
181.455 0 8 1 1 0 0 8 1 13 38
182.152 0 9 1 1 0 0 9 1 12 38
182.405 0 10 1 1 0 0 10 1 11 38
184.399 0 9 1 1 0 0 9 1 12 38
185.573 0 8 1 1 0 0 8 1 13 38
187.056 0 7 1 1 0 0 7 1 14 38
191.619 0 8 1 1 0 0 8 1 13 38
193.436 0 9 1 1 0 0 9 1 12 38
193.547 0 8 1 1 0 0 8 1 13 38
194.666 0 9 1 1 0 0 9 1 12 38
195.46 0 10 1 1 0 0 10 1 11 38
196.851 0 11 1 1 0 0 11 1 10 38
198.574 0 10 1 1 0 0 10 1 11 38
199.935 0 11 1 1 0 0 11 1 10 38
200.089 0 10 1 1 0 0 10 1 11 38
200.592 0 9 1 1 0 0 9 1 12 38
203.667 0 8 1 1 0 0 8 1 13 38
204.83 0 9 1 1 0 0 9 1 12 38
204.841 0 8 1 1 0 0 8 1 13 38
205.767 0 7 1 1 0 0 7 1 14 38
206.036 0 8 1 1 0 0 8 1 13 38
206.462 0 9 1 1 0 0 9 1 12 38
208.366 0 10 1 1 0 0 10 1 11 38
208.698 0 9 1 1 0 0 9 1 12 38
210.147 0 8 1 1 0 0 8 1 13 38
210.344 0 9 1 1 0 0 9 1 12 38
210.741 0 8 1 1 0 0 8 1 13 38
211.734 0 9 1 1 0 0 9 1 12 38
212.207 0 9 1 1 1 1 8 1 12 38
212.541 0 8 1 1 1 1 7 1 13 38
212.562 0 7 1 1 1 1 6 1 14 38
212.716 0 6 1 1 1 1 5 1 15 38
214.036 0 5 1 1 1 1 4 1 16 38
214.28 0 6 1 1 1 1 5 1 15 38
214.831 0 5 1 1 1 1 4 1 16 38
215.475 0 6 1 1 1 1 5 1 15 38
215.605 0 5 1 1 1 1 4 1 16 38
217.468 0 4 1 1 1 1 3 1 17 38
220.361 0 5 1 1 1 1 4 1 16 38
223.955 0 6 1 1 1 1 5 1 15 38
224.031 0 7 1 1 1 1 6 1 14 38
224.044 0 8 1 1 1 1 7 1 13 38
224.133 0 7 1 1 1 1 6 1 14 38
225.243 0 8 1 1 1 1 7 1 13 38
225.272 0 7 1 1 1 1 6 1 14 38
225.321 0 8 1 1 1 1 7 1 13 38
226.468 0 9 1 1 1 1 8 1 12 38
226.496 0 10 1 1 1 1 9 1 11 38
229.526 0 11 1 1 1 1 10 1 10 38
229.542 0 10 1 1 0 1 10 2 10 38
232.427 0 9 1 1 0 1 9 2 11 38
234.838 0 10 1 1 0 1 10 2 10 38
234.976 0 9 1 1 0 1 9 2 11 38
235.008 0 10 1 1 0 1 10 2 10 38
236.298 0 9 1 1 0 1 9 2 11 38
237.446 0 8 1 1 0 1 8 2 12 38
237.54 0 7 1 1 0 1 7 2 13 38
237.851 0 8 1 1 0 1 8 2 12 38
238.281 0 7 1 1 0 1 7 2 13 38
239.461 0 8 1 1 0 1 8 2 12 38
241.164 0 7 1 1 0 1 7 2 13 38
241.775 0 8 1 1 0 1 8 2 12 38
243.834 0 9 1 1 0 1 9 2 11 38
245.469 0 8 1 1 0 1 8 2 12 38
246.564 0 7 1 1 0 1 7 2 13 38
246.782 0 6 1 1 0 1 6 2 14 38
247.153 0 7 1 1 0 1 7 2 13 38
248.457 0 8 1 1 0 1 8 2 12 38
250.051 0 7 1 1 0 1 7 2 13 38
250.714 0 7 2 2 0 0 7 2 13 38
252.045 0 8 2 2 0 0 8 2 12 38
252.568 0 7 2 2 0 0 7 2 13 38
254.745 0 6 2 2 0 0 6 2 14 38
258.234 0 7 2 2 0 0 7 2 13 38
259.026 0 6 2 2 0 0 6 2 14 38
260.014 0 7 2 2 0 0 7 2 13 38
260.371 0 6 2 2 0 0 6 2 14 38
262.235 0 7 2 2 0 0 7 2 13 38
262.828 0 6 2 2 0 0 6 2 14 38
266.736 0 7 2 2 0 0 7 2 13 38
267.395 0 8 2 2 0 0 8 2 12 38
268.533 0 7 2 2 0 0 7 2 13 38
268.822 0 8 2 2 0 0 8 2 12 38
268.932 0 8 2 2 0 1 8 3 12 37
268.985 0 7 2 2 0 1 7 3 13 37
269.882 0 6 2 2 0 1 6 3 14 37
271.218 0 5 2 2 0 1 5 3 15 37
272.114 0 6 2 2 0 1 6 3 14 37
273.135 0 7 2 2 0 1 7 3 13 37
274.495 0 8 2 2 0 1 8 3 12 37
274.524 0 9 2 2 0 1 9 3 11 37
274.956 0 10 2 2 0 1 10 3 10 37
275.161 0 11 2 2 0 1 11 3 9 37
275.574 0 10 2 2 0 1 10 3 10 37
276.72 0 9 2 2 0 1 9 3 11 37
277.741 0 10 2 2 0 1 10 3 10 37
278.331 0 10 2 2 1 2 9 3 10 37
280.009 0 9 2 2 1 2 8 3 11 37
280.986 0 9 1 1 1 3 8 3 11 37
282.127 0 8 1 1 1 3 7 3 12 37
282.81 0 9 1 1 1 3 8 3 11 37
283.342 0 10 1 1 1 3 9 3 10 37
283.556 0 9 1 1 1 3 8 3 11 37
284.645 0 8 1 1 1 3 7 3 12 37
285.148 0 8 1 1 2 4 6 3 12 37
287.1 1 9 1 1 1 4 6 3 12 37
288.096 1 10 1 1 1 4 7 3 11 37
289.159 1 9 1 1 1 4 6 3 12 37
289.624 1 10 1 1 1 4 7 3 11 37
290.209 1 11 1 1 1 4 8 3 10 37
290.766 1 12 1 1 1 4 9 3 9 37
291.044 1 13 1 1 1 4 10 3 8 37
291.489 1 13 2 2 1 3 10 3 8 37
292.384 1 13 2 2 2 4 9 3 8 37
292.509 1 12 2 2 2 4 8 3 9 37
294.057 1 11 2 2 2 4 7 3 10 37
295.142 1 11 2 2 2 3 7 2 10 38
296.81 1 12 2 2 2 3 8 2 9 38
297.083 1 11 2 2 2 3 7 2 10 38
298.428 1 10 2 2 2 3 6 2 11 38
298.452 1 9 2 2 2 3 5 2 12 38
298.63 1 8 2 2 2 3 4 2 13 38
302.75 1 8 1 1 2 4 4 2 13 38
303.639 1 9 1 1 2 4 5 2 12 38
303.703 1 10 1 1 2 4 6 2 11 38
304.362 1 9 1 1 2 4 5 2 12 38
304.691 1 9 1 1 1 3 6 2 12 38
305.643 1 8 1 1 1 3 5 2 13 38
305.765 1 9 1 1 1 3 6 2 12 38
305.782 1 10 1 1 1 3 7 2 11 38
307.775 1 10 1 1 0 2 8 2 11 38
307.783 1 9 1 1 0 2 7 2 12 38
308.119 1 8 1 1 0 2 6 2 13 38
309.437 1 7 1 1 0 2 5 2 14 38
310.255 1 8 1 1 0 2 6 2 13 38
310.736 1 8 1 1 0 1 6 1 13 39
311.084 1 7 1 1 0 1 5 1 14 39
311.427 1 8 1 1 0 1 6 1 13 39
312.114 1 7 1 1 0 1 5 1 14 39
313.396 1 8 1 1 0 1 6 1 13 39
317.695 1 9 1 1 0 1 7 1 12 39
317.841 1 10 1 1 0 1 8 1 11 39
317.947 1 9 1 1 0 1 7 1 12 39
318.078 1 10 1 1 0 1 8 1 11 39
318.265 1 11 1 1 0 1 9 1 10 39
318.883 1 12 1 1 0 1 10 1 9 39
318.934 1 11 1 1 0 1 9 1 10 39
320.177 1 10 1 1 0 1 8 1 11 39
320.703 1 9 1 1 0 1 7 1 12 39
324.697 0 8 1 1 1 1 7 1 12 39
324.733 0 9 1 1 1 1 8 1 11 39
325.365 0 10 1 1 1 1 9 1 10 39
327.29 0 9 1 1 1 1 8 1 11 39
328.073 0 10 1 1 1 1 9 1 10 39
328.834 0 11 1 1 1 1 10 1 9 39
330.532 0 10 1 1 1 1 9 1 10 39
331.01 0 11 1 1 1 1 10 1 9 39
332.521 0 10 1 1 1 1 9 1 10 39
333.906 0 9 1 1 1 1 8 1 11 39
335.252 0 8 1 1 1 1 7 1 12 39
335.383 0 9 1 1 1 1 8 1 11 39
335.452 0 10 1 1 1 1 9 1 10 39
336.923 0 9 1 1 1 1 8 1 11 39
337.67 0 10 1 1 1 1 9 1 10 39
338.025 0 9 1 1 1 1 8 1 11 39
338.237 0 9 1 1 2 2 7 1 11 39
340.098 0 8 1 1 2 2 6 1 12 39
341.226 0 7 1 1 2 2 5 1 13 39
341.805 0 8 1 1 2 2 6 1 12 39
341.923 0 8 0 0 2 3 6 1 12 39
342.499 0 8 0 0 1 2 7 1 12 39
343.344 0 7 0 0 1 2 6 1 13 39
343.361 0 8 0 0 1 2 7 1 12 39
343.885 0 7 0 0 1 2 6 1 13 39
344.439 0 8 0 0 1 2 7 1 12 39
346.077 0 8 0 0 1 1 7 0 12 40
346.687 0 7 0 0 1 1 6 0 13 40
348.057 0 8 0 0 1 1 7 0 12 40
349.396 0 9 0 0 1 1 8 0 11 40
350.076 0 10 0 0 1 1 9 0 10 40
351.296 0 9 0 0 1 1 8 0 11 40
351.822 0 8 0 0 1 1 7 0 12 40
352.335 0 9 0 0 1 1 8 0 11 40
352.791 0 8 0 0 1 1 7 0 12 40
353.201 1 9 0 0 0 1 7 0 12 40
354.769 1 8 0 0 0 1 6 0 13 40
355.505 1 9 0 0 0 1 7 0 12 40
356.51 1 8 0 0 0 1 6 0 13 40
358.072 1 9 0 0 0 1 7 0 12 40
358.447 1 10 0 0 0 1 8 0 11 40
358.617 1 11 0 0 0 1 9 0 10 40
359.467 1 10 0 0 0 1 8 0 11 40
362.45 1 11 0 0 0 1 9 0 10 40
364.01 1 10 0 0 0 1 8 0 11 40
364.749 1 11 0 0 0 1 9 0 10 40
365.802 1 11 0 0 1 2 8 0 10 40
365.835 1 12 0 0 1 2 9 0 9 40
367.602 1 11 0 0 1 2 8 0 10 40
367.8 1 12 0 0 1 2 9 0 9 40
367.969 1 11 0 0 1 2 8 0 10 40
369.144 0 10 0 0 2 2 8 0 10 40
369.433 0 11 0 0 2 2 9 0 9 40
369.733 0 10 0 0 2 2 8 0 10 40
370.848 0 11 0 0 2 2 9 0 9 40
372.842 0 12 0 0 2 2 10 0 8 40
372.996 0 13 0 0 2 2 11 0 7 40
373.081 0 12 0 0 2 2 10 0 8 40
373.895 0 13 0 0 2 2 11 0 7 40
373.999 0 12 0 0 2 2 10 0 8 40
374.982 0 11 0 0 2 2 9 0 9 40
376.571 0 10 0 0 2 2 8 0 10 40
380.515 0 9 0 0 2 2 7 0 11 40
381.369 0 8 0 0 2 2 6 0 12 40
381.78 0 7 0 0 2 2 5 0 13 40
381.997 0 7 1 1 2 1 5 0 13 40
382.467 0 6 1 1 2 1 4 0 14 40
383.358 1 7 1 1 1 1 4 0 14 40
383.579 1 6 1 1 1 1 3 0 15 40
384.549 1 5 1 1 1 1 2 0 16 40
387.632 1 6 1 1 1 1 3 0 15 40
390.928 1 7 1 1 1 1 4 0 14 40
391.858 1 8 1 1 1 1 5 0 13 40
394.686 1 9 1 1 1 1 6 0 12 40
394.826 1 10 1 1 1 1 7 0 11 40
396.093 1 9 1 1 1 1 6 0 12 40
397.583 1 8 1 1 1 1 5 0 13 40
398.056 1 7 1 1 1 1 4 0 14 40
398.959 0 6 1 1 2 1 4 0 14 40
400.288 0 5 1 1 2 1 3 0 15 40
402.099 0 4 1 1 2 1 2 0 16 40
402.761 0 5 1 1 2 1 3 0 15 40
404.663 0 4 1 1 2 1 2 0 16 40
406.328 0 3 1 1 2 1 1 0 17 40
408.136 0 4 1 1 2 1 2 0 16 40
410.515 0 5 1 1 2 1 3 0 15 40
411.987 1 6 1 1 1 1 3 0 15 40
413.549 1 7 1 1 1 1 4 0 14 40
415.404 1 6 1 1 0 1 4 1 14 40
416.156 1 5 1 1 0 1 3 1 15 40
417.857 1 6 1 1 0 1 4 1 14 40
419.998 1 7 1 1 0 1 5 1 13 40
421.957 1 8 1 1 0 1 6 1 12 40
422.243 1 9 1 1 0 1 7 1 11 40
422.327 1 8 1 1 0 1 6 1 12 40
422.533 1 7 1 1 0 1 5 1 13 40
424.063 1 8 1 1 0 1 6 1 12 40
426.692 1 9 1 1 0 1 7 1 11 40
427.279 1 8 1 1 0 1 6 1 12 40
427.85 1 9 1 1 0 1 7 1 11 40
429.624 1 10 1 1 0 1 8 1 10 40
430.951 1 9 1 1 0 1 7 1 11 40
434.022 1 8 1 1 0 1 6 1 12 40
435.373 1 7 1 1 0 1 5 1 13 40
435.467 1 8 1 1 0 1 6 1 12 40
436.654 1 7 1 1 0 1 5 1 13 40
437.08 1 8 1 1 0 1 6 1 12 40
437.374 1 9 1 1 0 1 7 1 11 40
438.268 1 8 1 1 0 1 6 1 12 40
438.839 1 7 1 1 0 1 5 1 13 40
439.324 1 8 1 1 0 1 6 1 12 40
440.06 1 9 1 1 0 1 7 1 11 40
440.167 1 10 1 1 0 1 8 1 10 40
440.797 1 9 1 1 0 1 7 1 11 40
444.3 1 8 1 1 0 1 6 1 12 40
445.587 1 7 1 1 0 1 5 1 13 40
445.7 1 8 1 1 0 1 6 1 12 40
446.058 1 9 1 1 0 1 7 1 11 40
448.283 0 8 1 1 1 1 7 1 11 40
449.86 0 7 1 1 1 1 6 1 12 40
449.951 0 8 1 1 1 1 7 1 11 40
451.333 0 9 1 1 1 1 8 1 10 40
453.165 0 8 1 1 1 1 7 1 11 40
453.793 0 8 1 1 2 2 6 1 11 40
454.306 0 7 1 1 2 2 5 1 12 40
454.387 0 6 1 1 2 2 4 1 13 40
454.981 0 7 1 1 2 2 5 1 12 40
456.474 0 7 1 1 3 3 4 1 12 40
459.075 0 8 1 1 3 3 5 1 11 40
459.081 0 7 1 1 3 3 4 1 12 40
459.188 0 6 1 1 2 3 4 2 12 40
460.465 0 7 1 1 2 3 5 2 11 40
460.59 0 6 1 1 2 3 4 2 12 40
460.876 0 6 1 1 1 2 5 2 12 40
463.619 0 6 1 1 0 1 6 2 12 40
467.454 0 5 1 1 0 1 5 2 13 40
468.157 0 6 1 1 0 1 6 2 12 40
468.673 0 7 1 1 0 1 7 2 11 40
469.814 0 6 1 1 0 1 6 2 12 40
471.21 0 5 1 1 0 1 5 2 13 40
472.478 0 5 1 1 0 0 5 1 13 41
474.289 0 4 1 1 0 0 4 1 14 41
474.762 0 5 1 1 0 0 5 1 13 41
475.658 0 6 1 1 0 0 6 1 12 41
477.11 0 7 1 1 0 0 7 1 11 41
477.164 0 6 1 1 0 0 6 1 12 41
477.361 0 5 1 1 0 0 5 1 13 41
481.143 0 6 1 1 0 0 6 1 12 41
482.53 0 7 1 1 0 0 7 1 11 41
482.858 0 7 1 1 1 1 6 1 11 41
482.998 0 8 1 1 1 1 7 1 10 41
483.705 0 7 1 1 0 1 7 2 10 41
485.952 0 6 1 1 0 1 6 2 11 41
487.732 0 7 1 1 0 1 7 2 10 41
488.722 0 8 1 1 0 1 8 2 9 41
489.343 0 9 1 1 0 1 9 2 8 41
489.42 0 10 1 1 0 1 10 2 7 41
489.498 0 9 1 1 0 1 9 2 8 41
490.295 0 8 1 1 0 1 8 2 9 41
491.081 0 9 1 1 0 1 9 2 8 41
494.898 0 8 1 1 0 1 8 2 9 41
497.682 0 9 1 1 0 1 9 2 8 41
497.956 0 8 1 1 0 1 8 2 9 41
498.442 0 7 1 1 0 1 7 2 10 41
502.375 0 6 1 1 0 1 6 2 11 41
503.008 0 7 1 1 0 1 7 2 10 41
504.697 0 6 1 1 0 1 6 2 11 41
505.821 0 6 1 1 1 2 5 2 11 41
507.056 0 7 1 1 1 2 6 2 10 41
511.591 0 8 1 1 1 2 7 2 9 41
512.673 0 8 1 1 2 3 6 2 9 41
512.98 0 7 1 1 2 3 5 2 10 41
513.757 0 8 1 1 2 3 6 2 9 41
513.772 0 9 1 1 3 3 6 1 9 41
515.572 0 8 1 1 2 3 6 2 9 41
515.798 0 7 1 1 2 3 5 2 10 41
515.834 0 8 1 1 2 3 6 2 9 41
518.634 0 9 1 1 2 3 7 2 8 41
521.084 0 10 1 1 2 3 8 2 7 41
521.187 0 9 1 1 2 3 7 2 8 41
522.898 0 8 1 1 1 3 7 3 8 41
525.814 0 7 1 1 1 3 6 3 9 41
526.23 0 7 1 1 1 2 6 2 9 42
526.382 0 6 1 1 1 2 5 2 10 42
528.269 0 7 1 1 1 2 6 2 9 42
528.317 0 8 1 1 1 2 7 2 8 42
529.061 0 9 1 1 1 2 8 2 7 42
529.117 0 8 1 1 1 2 7 2 8 42
530.241 0 9 1 1 1 2 8 2 7 42
534.795 0 8 1 1 1 2 7 2 8 42
535.766 0 9 1 1 1 2 8 2 7 42
536.141 0 8 1 1 1 2 7 2 8 42
536.523 0 9 1 1 1 2 8 2 7 42
538.557 0 10 1 1 1 2 9 2 6 42
539.209 0 9 1 1 1 2 8 2 7 42
539.292 1 10 1 1 0 2 8 2 7 42
539.874 1 11 1 1 1 2 8 1 7 42
541.831 1 10 1 1 1 2 7 1 8 42
542.483 1 10 1 1 1 3 7 2 8 41
543.419 1 11 1 1 1 3 8 2 7 41
543.5 1 10 1 1 1 3 7 2 8 41
544.327 1 9 1 1 1 3 6 2 9 41
547.675 1 8 1 1 1 3 5 2 10 41
548.523 1 7 1 1 1 3 4 2 11 41
550.024 1 7 2 2 1 2 4 2 11 41
550.096 1 8 2 2 1 2 5 2 10 41
551.449 1 9 2 2 1 2 6 2 9 41
553.561 0 8 2 2 2 2 6 2 9 41
554.515 0 7 2 2 2 2 5 2 10 41
554.746 0 8 2 2 2 2 6 2 9 41
556.022 0 9 2 2 2 2 7 2 8 41
556.558 0 10 2 2 2 2 8 2 7 41
556.828 0 10 2 2 2 1 8 1 7 42
558.744 0 9 2 2 2 1 7 1 8 42
559.142 0 8 2 2 2 1 6 1 9 42
563.653 1 9 2 2 1 1 6 1 9 42
563.874 1 8 2 2 1 1 5 1 10 42
568.413 1 9 2 2 1 1 6 1 9 42
568.673 1 8 2 2 1 1 5 1 10 42
570.232 1 8 1 1 1 2 5 1 10 42
570.261 1 7 1 1 1 2 4 1 11 42
570.545 1 6 1 1 1 2 3 1 12 42
570.766 1 7 1 1 1 2 4 1 11 42
572.334 1 6 1 1 1 2 3 1 12 42
574.573 1 5 1 1 1 2 2 1 13 42
577.209 1 6 1 1 1 2 3 1 12 42
577.412 1 7 1 1 1 2 4 1 11 42
578.711 1 8 1 1 1 2 5 1 10 42
579.711 1 7 1 1 0 2 5 2 10 42
579.933 1 6 1 1 0 2 4 2 11 42
579.956 1 7 1 1 0 2 5 2 10 42
580.444 1 8 1 1 0 2 6 2 9 42
581.949 1 9 1 1 0 2 7 2 8 42
582.422 1 9 0 0 0 3 7 2 8 42
584.115 1 10 0 0 0 3 8 2 7 42
585.916 1 9 0 0 0 3 7 2 8 42
588.076 1 10 0 0 0 3 8 2 7 42
588.825 1 10 0 0 0 4 8 3 7 41
588.923 1 11 0 0 0 4 9 3 6 41
590.051 1 10 0 0 0 4 8 3 7 41
590.158 1 9 0 0 0 4 7 3 8 41
590.659 1 10 0 0 0 4 8 3 7 41
592.232 1 11 0 0 1 4 8 2 7 41
593.072 1 10 0 0 1 4 7 2 8 41
593.74 1 9 0 0 1 4 6 2 9 41
594.057 1 8 0 0 1 4 5 2 10 41
596.863 1 7 0 0 0 4 5 3 10 41
598.503 1 6 0 0 0 4 4 3 11 41
601.039 1 7 0 0 0 4 5 3 10 41
602.007 1 6 0 0 0 4 4 3 11 41
602.234 1 7 0 0 0 4 5 3 10 41
602.969 1 8 0 0 1 4 5 2 10 41
603.562 0 7 0 0 2 4 5 2 10 41
603.588 0 7 0 0 2 3 5 1 10 42
603.876 0 6 0 0 2 3 4 1 11 42
604.57 0 7 0 0 2 3 5 1 10 42
605.051 0 6 0 0 2 3 4 1 11 42
606.133 0 7 0 0 2 3 5 1 10 42
608.166 0 8 0 0 2 3 6 1 9 42
608.993 0 9 0 0 2 3 7 1 8 42
614.398 0 8 0 0 2 3 6 1 9 42
616.662 0 7 0 0 2 3 5 1 10 42
617.224 0 6 0 0 1 3 5 2 10 42
618.29 0 7 0 0 1 3 6 2 9 42
619.752 0 8 0 0 1 3 7 2 8 42
622.016 0 7 0 0 1 3 6 2 9 42
622.813 0 8 0 0 1 3 7 2 8 42
625.091 0 7 0 0 1 3 6 2 9 42
625.528 0 6 0 0 1 3 5 2 10 42
626.241 0 6 1 1 1 2 5 2 10 42
627.718 0 5 1 1 1 2 4 2 11 42
630.382 0 5 1 1 0 1 5 2 11 42
631.95 0 6 1 1 0 1 6 2 10 42
632.154 0 7 1 1 0 1 7 2 9 42
633.393 0 6 1 1 0 1 6 2 10 42
635.606 0 6 1 1 0 0 6 1 10 43
636.562 0 5 1 1 0 0 5 1 11 43
637.784 0 4 1 1 0 0 4 1 12 43
638.318 0 5 1 1 0 0 5 1 11 43
638.418 0 4 1 1 0 0 4 1 12 43
638.707 0 3 1 1 0 0 3 1 13 43
641.696 0 4 1 1 0 0 4 1 12 43
642.184 0 5 1 1 0 0 5 1 11 43
643.398 0 6 1 1 0 0 6 1 10 43
644.648 0 5 1 1 0 0 5 1 11 43
644.719 0 6 1 1 0 0 6 1 10 43
646.838 0 5 1 1 0 0 5 1 11 43
647.187 0 6 1 1 0 0 6 1 10 43
647.67 0 7 1 1 0 0 7 1 9 43
649.965 0 6 1 1 0 0 6 1 10 43
655.509 0 5 1 1 0 0 5 1 11 43
656.556 0 6 1 1 0 0 6 1 10 43
656.949 0 5 1 1 0 0 5 1 11 43
657.462 0 6 1 1 0 0 6 1 10 43
657.511 0 7 1 1 0 0 7 1 9 43
658.293 0 8 1 1 0 0 8 1 8 43
658.641 0 9 1 1 0 0 9 1 7 43
660.453 0 8 1 1 0 0 8 1 8 43
663.153 0 9 1 1 0 0 9 1 7 43
663.161 0 8 1 1 0 0 8 1 8 43
663.491 0 9 1 1 0 0 9 1 7 43
664.632 0 8 1 1 0 0 8 1 8 43
667.83 0 7 1 1 0 0 7 1 9 43
668.409 0 8 1 1 0 0 8 1 8 43
668.593 0 9 1 1 0 0 9 1 7 43
668.651 0 10 1 1 0 0 10 1 6 43
669.913 0 9 1 1 0 0 9 1 7 43
670.78 0 8 1 1 0 0 8 1 8 43
671.618 0 7 1 1 0 0 7 1 9 43
672.378 0 6 1 1 0 0 6 1 10 43
672.565 0 5 1 1 0 0 5 1 11 43
674.564 0 6 1 1 0 0 6 1 10 43
674.659 0 7 1 1 0 0 7 1 9 43
677.148 0 6 1 1 0 0 6 1 10 43
679.65 0 5 1 1 0 0 5 1 11 43
680.438 0 6 1 1 0 0 6 1 10 43
683.787 0 6 1 1 0 1 6 2 10 42
693.411 0 5 1 1 0 1 5 2 11 42
696.233 0 6 1 1 0 1 6 2 10 42
702.723 0 5 1 1 0 1 5 2 11 42
703.753 0 6 1 1 1 1 5 1 11 42
703.851 0 7 1 1 1 1 6 1 10 42
704.882 0 6 1 1 1 1 5 1 11 42
705.07 0 7 1 1 1 1 6 1 10 42
705.728 0 6 1 1 0 1 6 2 10 42
706.897 0 7 1 1 0 1 7 2 9 42
707.543 0 8 1 1 0 1 8 2 8 42
709.96 0 7 1 1 0 1 7 2 9 42
711.711 0 6 1 1 0 1 6 2 10 42
712.419 0 7 1 1 0 1 7 2 9 42
713.426 0 6 1 1 0 1 6 2 10 42
714.617 0 7 1 1 0 1 7 2 9 42
716.528 0 6 1 1 0 1 6 2 10 42
716.877 0 6 1 1 0 0 6 1 10 43
720.239 0 7 1 1 0 0 7 1 9 43
721.348 0 8 1 1 0 0 8 1 8 43
721.687 0 7 1 1 0 0 7 1 9 43
722.795 0 6 1 1 0 0 6 1 10 43
723.165 0 5 1 1 0 0 5 1 11 43
726.003 0 6 1 1 0 0 6 1 10 43
726.362 0 7 1 1 0 0 7 1 9 43
726.54 0 6 1 1 0 0 6 1 10 43
727.94 0 5 1 1 0 0 5 1 11 43
727.98 0 6 1 1 0 0 6 1 10 43
729.707 0 7 1 1 0 0 7 1 9 43
732.313 0 8 1 1 0 0 8 1 8 43
732.523 0 8 1 1 1 1 7 1 8 43
733.648 0 7 1 1 1 1 6 1 9 43
737.514 0 6 1 1 1 1 5 1 10 43
738.52 0 5 1 1 1 1 4 1 11 43
738.53 0 6 1 1 1 1 5 1 10 43
738.829 0 7 1 1 1 1 6 1 9 43
740.231 0 6 1 1 1 1 5 1 10 43
740.263 0 5 1 1 1 1 4 1 11 43
741.063 0 4 1 1 1 1 3 1 12 43
742.126 0 5 1 1 1 1 4 1 11 43
742.464 0 6 1 1 1 1 5 1 10 43
742.763 0 5 1 1 1 1 4 1 11 43
744.087 0 6 1 1 1 1 5 1 10 43
744.241 0 7 1 1 1 1 6 1 9 43
745.511 0 6 1 1 1 1 5 1 10 43
746.329 0 5 1 1 1 1 4 1 11 43
746.98 0 6 1 1 2 1 4 0 11 43
748.548 0 7 1 1 2 1 5 0 10 43
750.879 0 8 1 1 2 1 6 0 9 43
751.003 0 7 1 1 2 1 5 0 10 43
751.28 0 8 1 1 2 1 6 0 9 43
751.376 0 7 1 1 2 1 5 0 10 43
751.383 0 8 1 1 2 1 6 0 9 43
752.769 1 9 1 1 1 1 6 0 9 43
755.81 1 10 1 1 1 1 7 0 8 43
760.892 1 11 1 1 1 1 8 0 7 43
762.088 1 12 1 1 1 1 9 0 6 43
763.972 1 11 1 1 1 1 8 0 7 43
764.405 1 11 1 1 1 2 8 1 7 42
765.051 0 10 1 1 2 2 8 1 7 42
767.641 0 9 1 1 2 2 7 1 8 42
769.036 0 10 1 1 2 2 8 1 7 42
772.149 0 9 1 1 1 2 8 2 7 42
772.977 0 8 1 1 1 2 7 2 8 42
773.959 0 7 1 1 1 2 6 2 9 42
775.255 0 6 1 1 1 2 5 2 10 42
778.916 0 5 1 1 1 2 4 2 11 42
780.28 0 4 1 1 1 2 3 2 12 42
782.952 0 5 1 1 1 2 4 2 11 42
783.553 0 4 1 1 0 2 4 3 11 42
784.519 0 5 1 1 0 2 5 3 10 42
787.713 0 6 1 1 0 2 6 3 9 42
788.718 0 5 1 1 0 2 5 3 10 42
789.702 0 4 1 1 0 2 4 3 11 42
792.173 0 3 1 1 0 2 3 3 12 42
795.651 0 4 1 1 0 2 4 3 11 42
800.099 0 5 1 1 0 2 5 3 10 42
806.75 0 4 1 1 0 2 4 3 11 42
806.791 0 5 1 1 0 2 5 3 10 42
808.664 0 5 1 1 1 3 4 3 10 42
808.947 0 6 1 1 1 3 5 3 9 42
809.54 0 7 1 1 1 3 6 3 8 42
809.6 0 6 1 1 1 3 5 3 9 42
809.653 0 5 1 1 1 3 4 3 10 42
810.049 0 6 1 1 1 3 5 3 9 42
811.31 0 5 1 1 1 3 4 3 10 42
813.003 0 6 1 1 1 3 5 3 9 42
815.559 0 7 1 1 1 3 6 3 8 42
815.911 0 8 1 1 1 3 7 3 7 42
815.989 0 9 1 1 2 3 7 2 7 42
816.344 0 8 1 1 2 3 6 2 8 42
817.781 0 9 1 1 2 3 7 2 7 42
818.557 0 8 1 1 2 3 6 2 8 42
818.707 0 7 1 1 2 3 5 2 9 42
819.05 0 6 1 1 2 3 4 2 10 42
819.28 0 7 1 1 2 3 5 2 9 42
819.482 0 7 1 1 2 2 5 1 9 43
820.462 0 8 1 1 2 2 6 1 8 43
821.213 0 7 1 1 2 2 5 1 9 43
821.299 0 6 1 1 2 2 4 1 10 43
825.256 0 5 1 1 1 2 4 2 10 43
826.046 1 6 1 1 0 2 4 2 10 43
826.3 1 7 1 1 0 2 5 2 9 43
828.751 1 8 1 1 0 2 6 2 8 43
829.81 1 7 1 1 0 2 5 2 9 43
830.582 1 6 1 1 0 2 4 2 10 43
833.251 1 7 1 1 0 2 5 2 9 43
833.39 1 8 1 1 0 2 6 2 8 43
836.002 1 9 1 1 0 2 7 2 7 43
839.108 1 10 1 1 0 2 8 2 6 43
839.155 1 11 1 1 0 2 9 2 5 43
839.882 1 11 1 1 1 3 8 2 5 43
840.727 1 12 1 1 1 3 9 2 4 43
841.137 1 13 1 1 1 3 10 2 3 43
841.886 1 12 1 1 1 3 9 2 4 43
843.177 1 11 1 1 1 3 8 2 5 43
843.313 1 11 2 2 1 2 8 2 5 43
843.539 1 10 2 2 0 2 8 3 5 43
844.134 1 11 2 2 0 2 9 3 4 43
845.208 1 11 2 2 0 3 9 4 4 42
847.545 1 12 2 2 0 3 10 4 3 42
849.087 1 11 2 2 0 3 9 4 4 42
849.349 0 10 2 2 1 3 9 4 4 42
849.461 0 11 2 2 1 3 10 4 3 42
849.62 0 12 2 2 1 3 11 4 2 42
849.826 0 11 2 2 0 3 11 5 2 42
849.955 0 10 2 2 0 3 10 5 3 42
850.46 0 9 2 2 0 3 9 5 4 42
852.56 0 8 2 2 0 3 8 5 5 42
854.698 0 7 2 2 0 3 7 5 6 42
855.135 0 6 2 2 0 3 6 5 7 42
855.301 0 6 3 3 0 2 6 5 7 42
857.908 0 7 3 3 0 2 7 5 6 42
859.566 0 8 3 3 0 2 8 5 5 42
860.121 0 7 3 3 0 2 7 5 6 42
860.56 0 7 3 3 1 3 6 5 6 42
861.444 0 8 3 3 1 3 7 5 5 42
861.524 0 7 3 3 1 3 6 5 6 42
861.664 0 8 3 3 1 3 7 5 5 42
864.425 1 9 3 3 0 3 7 5 5 42
864.706 1 10 3 3 0 3 8 5 4 42
865.378 1 9 3 3 0 3 7 5 5 42
868.871 0 8 3 3 1 3 7 5 5 42
869.035 0 7 3 3 1 3 6 5 6 42
870.71 0 7 2 2 1 4 6 5 6 42
871.22 0 8 2 2 1 4 7 5 5 42
872.295 0 7 2 2 0 4 7 6 5 42
873.105 0 7 2 2 0 3 7 5 5 43
875.314 0 8 2 2 0 3 8 5 4 43
877.127 0 9 2 2 0 3 9 5 3 43
878.252 0 10 2 2 0 3 10 5 2 43
878.948 0 10 2 2 0 2 10 4 2 44
879.222 0 9 2 2 0 2 9 4 3 44
884.189 0 8 2 2 0 2 8 4 4 44
886.141 0 7 2 2 0 2 7 4 5 44
887.619 0 8 2 2 1 2 7 3 5 44
887.732 0 9 2 2 1 2 8 3 4 44
888.308 0 10 2 2 1 2 9 3 3 44
888.411 0 9 2 2 1 2 8 3 4 44
890.887 0 8 2 2 1 2 7 3 5 44
891.849 0 8 2 2 2 3 6 3 5 44
894.824 0 9 2 2 2 3 7 3 4 44
896.193 0 8 2 2 1 3 7 4 4 44
897.538 0 7 2 2 1 3 6 4 5 44
898.931 0 7 2 2 1 2 6 3 5 45
900.935 0 7 2 2 2 3 5 3 5 45
901.97 0 7 2 2 3 4 4 3 5 45
902.8 0 6 2 2 3 4 3 3 6 45
905.38 0 6 2 2 3 3 3 2 6 46
905.588 0 5 2 2 2 3 3 3 6 46
906.425 0 4 2 2 2 3 2 3 7 46
908.329 0 4 3 3 2 2 2 3 7 46
913.188 0 5 3 3 2 2 3 3 6 46
914.481 0 6 3 3 3 2 3 2 6 46
915.9 1 7 3 3 2 2 3 2 6 46
919.183 1 8 3 3 2 2 4 2 5 46
920.704 1 8 3 3 1 1 5 2 5 46
921.293 1 7 3 3 1 1 4 2 6 46
921.734 1 8 3 3 2 1 4 1 6 46
926.642 1 8 2 2 2 2 4 1 6 46
927.547 1 7 2 2 2 2 3 1 7 46
927.908 1 8 2 2 2 2 4 1 6 46
938.327 1 7 2 2 2 2 3 1 7 46
940.846 1 7 2 2 1 1 4 1 7 46
941.209 0 6 2 2 2 1 4 1 7 46
942.382 0 5 2 2 1 1 4 2 7 46
944.862 0 6 2 2 1 1 5 2 6 46
945.037 0 5 2 2 1 1 4 2 7 46
945.587 0 4 2 2 0 1 4 3 7 46
948.246 0 3 2 2 0 1 3 3 8 46
948.43 0 4 2 2 0 1 4 3 7 46
948.512 0 3 2 2 0 1 3 3 8 46
949.804 0 4 2 2 0 1 4 3 7 46
950.276 0 3 2 2 0 1 3 3 8 46
951.491 0 4 2 2 0 1 4 3 7 46
953.421 0 3 2 2 0 1 3 3 8 46
958.646 0 2 2 2 0 1 2 3 9 46
965.132 0 1 2 2 0 1 1 3 10 46
966.819 0 2 2 2 0 1 2 3 9 46
970.159 0 3 2 2 0 1 3 3 8 46
972.973 0 4 2 2 0 1 4 3 7 46
973.857 0 5 2 2 0 1 5 3 6 46
975.062 0 6 2 2 0 1 6 3 5 46
975.263 0 5 2 2 0 1 5 3 6 46
975.408 0 4 2 2 0 1 4 3 7 46
977.273 0 5 2 2 0 1 5 3 6 46
978.348 0 4 2 2 0 1 4 3 7 46
983.75 0 3 2 2 0 1 3 3 8 46
996.138 0 4 2 2 0 1 4 3 7 46
997.757 0 5 2 2 0 1 5 3 6 46
998.422 0 6 2 2 0 1 6 3 5 46
999.098 0 7 2 2 0 1 7 3 4 46
1003.1 0 8 2 2 0 1 8 3 3 46
1003.21 0 7 2 2 0 1 7 3 4 46
1003.21 0 6 2 2 0 1 6 3 5 46
1003.53 0 5 2 2 0 1 5 3 6 46
1003.76 0 5 2 2 1 2 4 3 6 46
1004.04 0 5 2 2 1 1 4 2 6 47
1009.22 0 6 2 2 1 1 5 2 5 47
1009.76 0 6 1 1 1 2 5 2 5 47
1009.86 0 5 1 1 1 2 4 2 6 47
1010.16 0 5 1 1 2 3 3 2 6 47
1011.2 0 6 1 1 2 3 4 2 5 47
1011.81 1 7 1 1 1 3 4 2 5 47
1012.1 1 6 1 1 1 3 3 2 6 47
1015.39 1 6 2 2 1 2 3 2 6 47
1020.6 1 7 2 2 1 2 4 2 5 47
1022.19 1 7 2 2 0 1 5 2 5 47
1023.08 1 6 2 2 0 1 4 2 6 47
1023.75 1 7 2 2 0 1 5 2 5 47
1025.08 1 6 2 2 0 1 4 2 6 47
1025.31 1 5 2 2 0 1 3 2 7 47
1031.55 1 6 2 2 0 1 4 2 6 47
1031.97 1 6 1 1 0 2 4 2 6 47
1033.32 1 6 1 1 1 3 3 2 6 47
1036.82 1 6 1 1 1 2 3 1 6 48
1037.46 0 5 1 1 2 2 3 1 6 48
1037.51 0 4 1 1 2 2 2 1 7 48
1037.63 0 5 1 1 2 2 3 1 6 48
1037.96 0 6 1 1 2 2 4 1 5 48
1038.3 0 6 0 0 2 3 4 1 5 48
1040.2 0 7 0 0 2 3 5 1 4 48
1040.46 0 7 1 1 2 2 5 1 4 48
1046.32 0 6 1 1 2 2 4 1 5 48
1053.38 0 7 1 1 2 2 5 1 4 48
1058.19 0 6 1 1 1 2 5 2 4 48
1060.63 0 7 1 1 1 2 6 2 3 48
1060.9 0 6 1 1 1 2 5 2 4 48
1061.61 0 6 2 2 1 1 5 2 4 48
1063.1 0 5 2 2 1 1 4 2 5 48
1066.47 0 6 2 2 1 1 5 2 4 48
1067.37 0 7 2 2 1 1 6 2 3 48
1068.22 0 6 2 2 0 1 6 3 3 48
1071.44 0 5 2 2 0 1 5 3 4 48
1074.47 0 5 1 1 0 2 5 3 4 48
1076.93 0 4 1 1 0 2 4 3 5 48
1083.98 0 5 1 1 0 2 5 3 4 48
1084.01 0 6 1 1 0 2 6 3 3 48
1085.9 0 5 1 1 0 2 5 3 4 48
1088.22 0 4 1 1 0 2 4 3 5 48
1088.94 0 4 1 1 0 1 4 2 5 49
1089.21 0 3 1 1 0 1 3 2 6 49
1092.31 0 4 1 1 0 1 4 2 5 49
1095.12 0 3 1 1 0 1 3 2 6 49
1097.76 0 4 1 1 0 1 4 2 5 49
1101.8 0 5 1 1 0 1 5 2 4 49
1103.86 0 6 1 1 0 1 6 2 3 49
1105.17 0 5 1 1 0 1 5 2 4 49
1107.05 0 6 1 1 0 1 6 2 3 49
1108.14 0 7 1 1 0 1 7 2 2 49
1108.51 0 8 1 1 1 1 7 1 2 49
1108.76 0 9 1 1 1 1 8 1 1 49
1109.39 0 9 1 1 1 0 8 0 1 50
1109.71 0 8 1 1 1 0 7 0 2 50
1109.97 0 7 1 1 1 0 6 0 3 50
1111.53 0 6 1 1 1 0 5 0 4 50
1112.77 0 5 1 1 1 0 4 0 5 50
1113.89 0 6 1 1 1 0 5 0 4 50
1118.71 0 6 0 0 1 1 5 0 4 50
1118.74 0 5 0 0 0 1 5 1 4 50
1119.17 0 4 0 0 0 1 4 1 5 50
1124.66 0 3 0 0 0 1 3 1 6 50
1132.24 0 4 0 0 0 1 4 1 5 50
1135.31 0 5 0 0 0 1 5 1 4 50
1137.22 0 6 0 0 1 1 5 0 4 50
1139.68 0 5 0 0 1 1 4 0 5 50
1139.84 0 4 0 0 1 1 3 0 6 50
1144.02 0 5 0 0 1 1 4 0 5 50
1152.65 0 4 0 0 1 1 3 0 6 50
1153.99 0 5 0 0 1 1 4 0 5 50
1158.26 0 4 0 0 1 1 3 0 6 50
1160.14 0 5 0 0 1 1 4 0 5 50
1162.27 0 4 0 0 1 1 3 0 6 50
1163.27 0 5 0 0 1 1 4 0 5 50
1167.78 0 6 0 0 1 1 5 0 4 50
1173.3 0 5 0 0 1 1 4 0 5 50
1173.55 0 4 0 0 1 1 3 0 6 50
1176.63 0 4 0 0 0 0 4 0 6 50
1176.72 0 5 0 0 0 0 5 0 5 50
1178.17 0 4 0 0 0 0 4 0 6 50
1179.35 0 5 0 0 0 0 5 0 5 50
1179.95 0 6 0 0 0 0 6 0 4 50
1185.35 0 5 0 0 0 0 5 0 5 50
1189.78 0 4 0 0 0 0 4 0 6 50
1199.47 0 5 0 0 0 0 5 0 5 50
1209.29 0 4 0 0 0 0 4 0 6 50
1209.69 0 5 0 0 0 0 5 0 5 50
1209.75 0 4 0 0 0 0 4 0 6 50
1210.89 0 5 0 0 0 0 5 0 5 50
1211.33 0 6 0 0 0 0 6 0 4 50
1213.75 0 7 0 0 0 0 7 0 3 50
1214.04 0 6 0 0 0 0 6 0 4 50
1218.05 0 5 0 0 0 0 5 0 5 50
1221.6 0 4 0 0 0 0 4 0 6 50
1221.96 0 5 0 0 0 0 5 0 5 50
1223.23 0 6 0 0 0 0 6 0 4 50
1223.87 0 5 0 0 0 0 5 0 5 50
1228.64 0 6 0 0 0 0 6 0 4 50
1230.57 0 5 0 0 0 0 5 0 5 50
1230.6 0 4 0 0 0 0 4 0 6 50
1235.98 0 3 0 0 0 0 3 0 7 50
1237.12 0 2 0 0 0 0 2 0 8 50
1239.08 0 3 0 0 0 0 3 0 7 50
1242.53 0 3 0 0 1 1 2 0 7 50
1245.57 0 2 0 0 0 1 2 1 7 50
1254.39 0 3 0 0 0 1 3 1 6 50
1261.31 0 4 0 0 0 1 4 1 5 50
1261.39 0 3 0 0 0 1 3 1 6 50
1267.96 0 3 0 0 0 0 3 0 6 51
1270.75 0 2 0 0 0 0 2 0 7 51
1279.86 0 1 0 0 0 0 1 0 8 51
1281.82 0 2 0 0 0 0 2 0 7 51
1284.35 0 3 0 0 0 0 3 0 6 51
1285.62 0 4 0 0 0 0 4 0 5 51
1293.15 0 5 0 0 0 0 5 0 4 51
1295.74 0 4 0 0 0 0 4 0 5 51
1296.88 0 3 0 0 0 0 3 0 6 51
1301.16 0 3 0 0 1 1 2 0 6 51
1301.93 0 4 0 0 1 1 3 0 5 51
1304.16 0 3 0 0 1 1 2 0 6 51
1304.8 0 4 0 0 1 1 3 0 5 51
1305.29 0 5 0 0 1 1 4 0 4 51
1307.25 0 6 0 0 1 1 5 0 3 51
1310.66 0 5 0 0 0 1 5 1 3 51
1319.17 0 6 0 0 0 1 6 1 2 51
1320.33 0 5 0 0 0 1 5 1 3 51
1321.1 0 4 0 0 0 1 4 1 4 51
1321.17 0 3 0 0 0 1 3 1 5 51
1321.33 0 4 0 0 0 1 4 1 4 51
1326.64 0 3 0 0 0 1 3 1 5 51
1330.28 0 4 0 0 0 1 4 1 4 51
1334.11 0 3 0 0 0 1 3 1 5 51
1335.25 0 4 0 0 0 1 4 1 4 51
1339.02 0 5 0 0 0 1 5 1 3 51
1343.12 0 6 0 0 0 1 6 1 2 51
1344.19 0 5 0 0 0 1 5 1 3 51
1347.3 0 4 0 0 0 1 4 1 4 51
1360.78 0 5 0 0 0 1 5 1 3 51
1364.06 0 4 0 0 0 1 4 1 4 51
1366.64 0 3 0 0 0 1 3 1 5 51
1366.8 0 2 0 0 0 1 2 1 6 51
1369.15 0 3 0 0 0 1 3 1 5 51
1373.31 0 4 0 0 0 1 4 1 4 51
1394.29 0 3 0 0 0 1 3 1 5 51
1400.27 0 2 0 0 0 1 2 1 6 51
1404.38 0 3 0 0 0 1 3 1 5 51
1405.06 0 4 0 0 0 1 4 1 4 51
1406.57 0 5 0 0 0 1 5 1 3 51
1410.44 0 6 0 0 1 1 5 0 3 51
1416.51 0 5 0 0 1 1 4 0 4 51
1417.21 0 6 0 0 1 1 5 0 3 51
1418.41 0 5 0 0 1 1 4 0 4 51
1422.16 0 6 0 0 1 1 5 0 3 51
1422.23 0 5 0 0 0 1 5 1 3 51
1422.59 0 4 0 0 0 1 4 1 4 51
1422.64 0 5 0 0 0 1 5 1 3 51
1424.48 0 4 0 0 0 1 4 1 4 51
1426.34 0 5 0 0 0 1 5 1 3 51
1436.58 0 5 1 1 0 0 5 1 3 51
1442.63 0 4 1 1 0 0 4 1 4 51
1443.47 0 4 1 1 1 1 3 1 4 51
1444.2 0 5 1 1 1 1 4 1 3 51
1449.93 0 4 1 1 1 1 3 1 4 51
1455.3 0 4 1 1 1 0 3 0 4 52
1458.5 0 3 1 1 1 0 2 0 5 52
1458.74 0 2 1 1 1 0 1 0 6 52
1492.15 0 3 1 1 1 0 2 0 5 52
1496.67 0 2 1 1 0 0 2 1 5 52
1504.49 0 3 1 1 0 0 3 1 4 52
1505.22 0 2 1 1 0 0 2 1 5 52
1506.76 0 3 1 1 0 0 3 1 4 52
1507.19 0 2 1 1 0 0 2 1 5 52
1511.9 0 3 1 1 0 0 3 1 4 52
1521.25 0 4 1 1 0 0 4 1 3 52
1532.55 0 3 1 1 0 0 3 1 4 52
1534.7 0 4 1 1 0 0 4 1 3 52
1535.95 0 3 1 1 0 0 3 1 4 52
1539.28 0 4 1 1 0 0 4 1 3 52
1540.03 0 5 1 1 0 0 5 1 2 52
1544.62 0 4 1 1 0 0 4 1 3 52
1545.05 0 3 1 1 0 0 3 1 4 52
1549.11 0 4 1 1 0 0 4 1 3 52
1550.27 0 5 1 1 0 0 5 1 2 52
1556.74 0 6 1 1 0 0 6 1 1 52
1556.88 0 6 1 1 0 1 6 2 1 51
1556.95 0 5 1 1 0 1 5 2 2 51
1557.56 0 6 1 1 0 1 6 2 1 51
1557.81 0 5 1 1 0 1 5 2 2 51
1561.02 0 4 1 1 0 1 4 2 3 51
1563.14 0 3 1 1 0 1 3 2 4 51
1568 0 2 1 1 0 1 2 2 5 51
1573.35 0 2 0 0 0 2 2 2 5 51
1575.57 0 3 0 0 0 2 3 2 4 51
1576.11 0 3 1 1 0 1 3 2 4 51
1580.07 0 2 1 1 0 1 2 2 5 51
1582.12 0 2 1 1 1 2 1 2 5 51
1585.86 0 3 1 1 2 2 1 1 5 51
1591.45 0 3 1 1 1 1 2 1 5 51
1592.83 1 4 1 1 0 1 2 1 5 51
1592.92 1 5 1 1 0 1 3 1 4 51
1596.67 1 6 1 1 0 1 4 1 3 51
1600.14 0 5 1 1 1 1 4 1 3 51
1600.69 0 4 1 1 1 1 3 1 4 51
1604.67 0 3 1 1 1 1 2 1 5 51
1609.93 0 4 1 1 1 1 3 1 4 51
1611.62 0 4 2 2 1 0 3 1 4 51
1611.7 0 5 2 2 1 0 4 1 3 51
1613.74 0 4 2 2 0 0 4 2 3 51
1615.86 0 3 2 2 0 0 3 2 4 51
1616.3 0 4 2 2 0 0 4 2 3 51
1619 0 3 2 2 0 0 3 2 4 51
1626.37 0 4 2 2 0 0 4 2 3 51
1629.12 0 3 2 2 0 0 3 2 4 51
1629.78 0 2 2 2 0 0 2 2 5 51
1631.88 0 3 2 2 0 0 3 2 4 51
1633.07 0 4 2 2 0 0 4 2 3 51
1634.03 0 4 1 1 0 1 4 2 3 51
1634.08 0 5 1 1 0 1 5 2 2 51
1639.24 0 4 1 1 0 1 4 2 3 51
1640.23 0 3 1 1 0 1 3 2 4 51
1649.38 0 3 1 1 0 0 3 1 4 52
1649.94 0 2 1 1 0 0 2 1 5 52
1657.89 0 3 1 1 0 0 3 1 4 52
1660.21 0 4 1 1 0 0 4 1 3 52
1661.59 0 3 1 1 0 0 3 1 4 52
1663.74 0 2 1 1 0 0 2 1 5 52
1663.97 0 3 1 1 0 0 3 1 4 52
1664.22 0 4 1 1 0 0 4 1 3 52
1677.44 0 5 1 1 0 0 5 1 2 52
1679.67 0 4 1 1 0 0 4 1 3 52
1681.7 0 3 1 1 0 0 3 1 4 52
1684.75 0 3 1 1 1 1 2 1 4 52
1689.85 0 4 1 1 1 1 3 1 3 52
1690.1 0 4 1 1 1 0 3 0 3 53
1691.27 0 5 1 1 1 0 4 0 2 53
1691.86 0 6 1 1 1 0 5 0 1 53
1703.86 0 5 1 1 0 0 5 1 1 53
1704.31 0 4 1 1 0 0 4 1 2 53
1715.79 0 3 1 1 0 0 3 1 3 53
1716.36 0 4 1 1 0 0 4 1 2 53
1716.62 0 3 1 1 0 0 3 1 3 53
1716.9 0 4 1 1 0 0 4 1 2 53
1723.2 0 5 1 1 0 0 5 1 1 53
1727.87 0 4 1 1 0 0 4 1 2 53
1729.66 0 5 1 1 0 0 5 1 1 53
1730.08 0 4 1 1 0 0 4 1 2 53
1741.91 0 3 1 1 0 0 3 1 3 53
1744.28 0 2 1 1 0 0 2 1 4 53
1745.05 0 3 1 1 0 0 3 1 3 53
1746.33 0 4 1 1 0 0 4 1 2 53
1752.8 0 4 1 1 1 1 3 1 2 53
1756.1 0 3 1 1 1 1 2 1 3 53
1760.85 0 2 1 1 0 1 2 2 3 53
1765.18 0 3 1 1 0 1 3 2 2 53
1766.33 0 2 1 1 0 1 2 2 3 53
1775.05 0 3 1 1 0 1 3 2 2 53
1776 0 2 1 1 0 1 2 2 3 53
1778.4 0 1 1 1 0 1 1 2 4 53
1797.77 0 2 1 1 1 1 1 1 4 53
1802.34 0 3 1 1 1 1 2 1 3 53
1803.58 0 2 1 1 0 1 2 2 3 53
1803.8 0 3 1 1 0 1 3 2 2 53
1806.06 0 4 1 1 0 1 4 2 1 53
1814.66 0 3 1 1 0 1 3 2 2 53
1824.74 0 4 1 1 1 1 3 1 2 53
1833.69 0 3 1 1 1 1 2 1 3 53
1836.37 0 4 1 1 1 1 3 1 2 53
1838.22 0 5 1 1 1 1 4 1 1 53
1838.75 0 4 1 1 1 1 3 1 2 53
1843.87 0 4 1 1 2 2 2 1 2 53
1847.02 0 3 1 1 1 2 2 2 2 53
1850.86 0 2 1 1 1 2 1 2 3 53
1853.04 0 2 0 0 1 3 1 2 3 53
1857.78 0 3 0 0 1 3 2 2 2 53
1857.98 0 3 0 0 2 4 1 2 2 53
1861.52 0 3 1 1 2 3 1 2 2 53
1861.89 0 2 1 1 1 3 1 3 2 53
1864.36 0 2 2 2 1 2 1 3 2 53
1865.02 0 3 2 2 1 2 2 3 1 53
1878.82 0 3 2 2 1 3 2 4 1 52
1880.45 0 3 2 2 0 2 3 4 1 52
1884.49 0 2 2 2 0 2 2 4 2 52
1886.12 0 2 2 2 0 3 2 5 2 51
1886.17 0 2 2 2 0 2 2 4 2 52
1899.44 0 2 2 2 0 1 2 3 2 53
1908.48 0 2 3 3 0 0 2 3 2 53
1910.12 0 3 3 3 0 0 3 3 1 53
1912.24 0 3 2 2 0 1 3 3 1 53
1914.96 0 4 2 2 1 1 3 2 1 53
1915.28 0 3 2 2 0 1 3 3 1 53
1918.03 0 2 2 2 0 1 2 3 2 53
1925.86 0 2 2 2 1 2 1 3 2 53
1928.67 0 3 2 2 1 2 2 3 1 53
1928.71 0 2 2 2 0 2 2 4 1 53
1933 0 2 1 1 0 3 2 4 1 53
1937.93 0 2 1 1 0 4 2 5 1 52
1944.08 0 2 2 2 0 3 2 5 1 52
1952.18 0 3 2 2 0 3 3 5 0 52
1953.7 0 3 1 1 0 4 3 5 0 52
1957.19 0 3 1 1 0 3 3 4 0 53
1961.68 0 3 1 1 0 2 3 3 0 54
1974.56 0 2 1 1 0 2 2 3 1 54
1991.98 0 3 1 1 0 2 3 3 0 54
1997.68 0 3 1 1 0 1 3 2 0 55
2000.74 0 2 1 1 0 1 2 2 1 55
2016.37 0 1 1 1 0 1 1 2 2 55
2021.55 0 2 1 1 0 1 2 2 1 55
2024.43 0 2 1 1 0 2 2 3 1 54
2039.08 0 3 1 1 0 2 3 3 0 54
2045.32 0 3 1 1 0 1 3 2 0 55
2047.97 0 3 1 1 0 0 3 1 0 56
2055.92 0 4 1 1 1 0 3 0 0 56
2063.49 0 3 1 1 1 0 2 0 1 56
2066.56 0 4 1 1 1 0 3 0 0 56
2069.55 0 4 1 1 1 1 3 1 0 55
2072.12 0 5 1 1 2 1 3 0 0 55
2074.99 0 4 1 1 1 1 3 1 0 55
2099.34 0 3 1 1 1 1 2 1 1 55
2104.1 0 2 1 1 0 1 2 2 1 55
2119.22 0 1 1 1 0 1 1 2 2 55
2122.52 0 1 1 1 1 2 0 2 2 55
2128.26 0 0 1 1 0 2 0 3 2 55
2130.89 0 0 1 1 0 1 0 2 2 56
2147.25 0 1 1 1 0 1 1 2 1 56
2150.39 0 2 1 1 0 1 2 2 0 56
2168.27 0 2 1 1 0 0 2 1 0 57
2206.38 0 2 1 1 1 1 1 1 0 57
2219.68 0 1 1 1 0 1 1 2 0 57
2245.31 0 1 1 1 0 2 1 3 0 56
2254.75 0 2 1 1 1 2 1 2 0 56
2255.34 0 2 1 1 1 3 1 3 0 55
2256.7 0 2 1 1 1 2 1 2 0 56
2259.55 0 2 2 2 1 1 1 2 0 56
2260.12 0 2 1 1 1 2 1 2 0 56
2274.17 0 2 1 1 0 1 2 2 0 56
2289.85 0 3 1 1 1 1 2 1 0 56
2297.34 0 3 1 1 1 0 2 0 0 57
2298.09 0 3 0 0 1 1 2 0 0 57
2302.29 0 2 0 0 1 1 1 0 1 57
2305.41 1 3 0 0 0 1 1 0 1 57
2312.21 1 4 0 0 0 1 2 0 0 57
2314.36 1 3 0 0 0 1 1 0 1 57
2320.65 0 2 0 0 1 1 1 0 1 57
2360.65 0 3 0 0 1 1 2 0 0 57
2408.59 0 2 0 0 1 1 1 0 1 57
2414.79 0 3 0 0 1 1 2 0 0 57
2425.38 0 2 0 0 1 1 1 0 1 57
2436.12 0 2 0 0 1 2 1 1 1 56
2456.86 0 1 0 0 0 2 1 2 1 56
2477.42 0 1 0 0 0 1 1 1 1 57
2492.06 0 1 0 0 1 2 0 1 1 57
2492.33 0 2 0 0 1 2 1 1 0 57
2493.22 0 3 0 0 2 2 1 0 0 57
2495.66 0 2 0 0 1 2 1 1 0 57
2496.09 0 2 0 0 1 1 1 0 0 58
2497.72 1 3 0 0 0 1 1 0 0 58
2515.41 1 2 0 0 0 1 0 0 1 58
2553.46 1 3 0 0 0 1 1 0 0 58
2558.08 0 2 0 0 1 1 1 0 0 58
2565.3 0 2 1 1 1 0 1 0 0 58
2577.25 0 1 1 1 1 0 0 0 1 58
2582.57 0 2 1 1 1 0 1 0 0 58
2596.62 0 2 0 0 1 1 1 0 0 58
2600.73 0 1 0 0 0 1 1 1 0 58
2632.32 0 1 0 0 0 2 1 2 0 57
2637.69 0 1 1 1 0 1 1 2 0 57
2664.67 0 2 1 1 1 1 1 1 0 57
2678.27 0 2 0 0 1 2 1 1 0 57
2684.5 0 2 0 0 1 3 1 2 0 56
2687.61 0 2 0 0 1 2 1 1 0 57
2696.37 0 2 0 0 1 1 1 0 0 58
2697.36 1 3 0 0 0 1 1 0 0 58
2725.44 0 2 0 0 1 1 1 0 0 58
2733.01 0 2 0 0 1 2 1 1 0 57
2751.7 0 1 0 0 1 2 0 1 1 57
2755.11 0 2 0 0 1 2 1 1 0 57
2766.14 0 1 0 0 0 2 1 2 0 57
2778.57 0 2 0 0 1 2 1 1 0 57
2788.2 0 2 0 0 0 1 2 1 0 57
2815.5 0 2 1 1 0 0 2 1 0 57
2816.53 0 3 1 1 1 0 2 0 0 57
2832.87 0 2 1 1 1 0 1 0 1 57
2842.17 1 3 1 1 0 0 1 0 1 57
2860.73 1 4 1 1 0 0 2 0 0 57
2868.58 1 3 1 1 0 0 1 0 1 57
2879.14 1 4 1 1 0 0 2 0 0 57
2891.27 1 4 0 0 0 1 2 0 0 57
2897.36 1 3 0 0 0 1 1 0 1 57
2909.32 0 2 0 0 1 1 1 0 1 57
2919.44 1 3 0 0 0 1 1 0 1 57
2933.17 0 2 0 0 1 1 1 0 1 57
2965.86 0 2 1 1 1 0 1 0 1 57
2976.35 1 3 1 1 0 0 1 0 1 57
2990.29 1 4 1 1 0 0 2 0 0 57
2996.7 1 3 1 1 0 0 1 0 1 57
2996.7 1 3 1 1 0 0 1 0 1 57
