0 60 120 60 60 0 0 0 0 0 0
0.00531431 59 119 60 60 1 0 0 0 0 0
0.033486 58 118 60 60 2 0 0 0 0 0
0.0435137 57 117 60 60 3 0 0 0 0 0
0.0702116 57 117 59 59 3 1 0 0 0 0
0.0722764 56 116 59 59 4 1 0 0 0 0
0.0832604 55 115 59 59 5 1 0 0 0 0
0.096613 54 114 59 59 6 1 0 0 0 0
0.110197 53 113 59 59 7 1 0 0 0 0
0.111109 53 113 58 58 7 2 0 0 0 0
0.121398 52 112 58 58 8 2 0 0 0 0
0.127173 51 111 58 58 9 2 0 0 0 0
0.141325 50 110 58 58 10 2 0 0 0 0
0.14629 50 110 57 57 10 3 0 0 0 0
0.155548 50 110 56 56 10 4 0 0 0 0
0.16329 50 110 55 55 10 5 0 0 0 0
0.197897 49 109 55 55 11 5 0 0 0 0
0.231213 48 108 55 55 12 5 0 0 0 0
0.24503 48 108 54 54 12 6 0 0 0 0
0.255107 47 107 54 54 13 6 0 0 0 0
0.264786 46 106 54 54 14 6 0 0 0 0
0.270421 46 105 54 54 13 6 0 1 0 0
0.270783 45 104 54 54 14 6 0 1 0 0
0.284063 44 103 54 54 15 6 0 1 0 0
0.306683 43 102 54 54 16 6 0 1 0 0
0.338488 43 102 53 53 16 7 0 1 0 0
0.350596 43 102 52 52 16 8 0 1 0 0
0.353152 43 102 51 51 16 9 0 1 0 0
0.35568 43 102 50 50 16 10 0 1 0 0
0.370208 42 101 50 50 17 10 0 1 0 0
0.396403 42 100 50 50 16 10 0 2 0 0
0.423317 41 99 50 50 17 10 0 2 0 0
0.44868 40 98 50 50 18 10 0 2 0 0
0.460807 40 98 49 49 18 11 0 2 0 0
0.463591 40 97 49 49 17 11 0 3 0 0
0.501153 39 96 49 49 18 11 0 3 0 0
0.519738 39 96 49 49 17 10 1 3 0 0
0.539617 38 95 49 49 18 10 1 3 0 0
0.542589 38 95 48 48 18 11 1 3 0 0
0.550086 37 94 48 48 19 11 1 3 0 0
0.593745 37 93 48 48 19 11 0 3 1 0
0.598547 37 93 47 47 19 12 0 3 1 0
0.609071 37 93 46 46 19 13 0 3 1 0
0.627847 36 92 46 46 20 13 0 3 1 0
0.66128 36 92 46 46 19 12 1 3 1 0
0.665839 35 91 46 46 20 12 1 3 1 0
0.671301 35 90 46 46 19 12 1 4 1 0
0.679561 35 89 46 46 18 12 1 5 1 0
0.704996 34 88 46 46 19 12 1 5 1 0
0.716197 33 87 46 46 20 12 1 5 1 0
0.758515 33 87 45 45 20 13 1 5 1 0
0.772981 33 87 44 44 20 14 1 5 1 0
0.788096 33 86 44 44 19 14 1 6 1 0
0.793336 32 85 44 44 20 14 1 6 1 0
0.806272 32 85 43 43 20 15 1 6 1 0
0.826116 32 85 42 42 20 16 1 6 1 0
0.859195 31 84 42 42 21 16 1 6 1 0
0.897501 31 83 42 42 20 16 1 7 1 0
0.903184 31 83 41 41 20 17 1 7 1 0
0.940166 31 82 41 41 19 17 1 8 1 0
0.967691 31 82 41 41 19 16 1 7 1 1
0.994919 30 81 41 41 20 16 1 7 1 1
0.99626 30 80 41 41 19 16 1 8 1 1
0.996286 29 79 41 41 20 16 1 8 1 1
1.05598 29 79 40 40 20 17 1 8 1 1
1.08185 28 78 40 40 21 17 1 8 1 1
1.11547 28 77 40 40 20 17 1 9 1 1
1.1258 28 77 40 40 19 16 2 9 1 1
1.13758 28 77 39 39 19 17 2 9 1 1
1.22814 27 76 39 39 20 17 2 9 1 1
1.2321 27 76 38 38 20 18 2 9 1 1
1.23869 26 75 38 38 21 18 2 9 1 1
1.25306 26 74 38 38 20 18 2 10 1 1
1.25791 25 73 38 38 21 18 2 10 1 1
1.27813 24 72 38 38 22 18 2 10 1 1
1.31255 24 71 38 38 21 18 2 11 1 1
1.31326 24 71 37 37 21 19 2 11 1 1
1.31992 24 70 37 37 20 19 2 12 1 1
1.33857 24 69 37 37 19 19 2 13 1 1
1.39533 24 69 36 36 19 20 2 13 1 1
1.42533 24 69 35 35 19 21 2 13 1 1
1.43271 24 69 34 34 19 22 2 13 1 1
1.4697 24 69 33 33 19 23 2 13 1 1
1.50511 24 68 33 33 18 23 2 14 1 1
1.51012 23 67 33 33 19 23 2 14 1 1
1.61374 23 66 33 33 18 23 2 15 1 1
1.62349 23 65 33 33 17 23 2 16 1 1
1.63228 22 64 33 33 18 23 2 16 1 1
1.6422 22 64 33 33 17 22 3 16 1 1
1.65743 21 63 33 33 18 22 3 16 1 1
1.67422 21 62 33 33 17 22 3 17 1 1
1.67696 21 62 32 32 17 23 3 17 1 1
1.70394 21 61 32 32 16 23 3 18 1 1
1.72852 21 61 32 32 16 22 3 17 1 2
1.75344 21 61 32 32 15 21 4 17 1 2
1.77616 21 60 32 32 14 21 4 18 1 2
1.87538 20 59 32 32 15 21 4 18 1 2
1.90796 20 59 31 31 15 22 4 18 1 2
1.92065 20 58 31 31 15 22 3 18 2 2
1.9767 20 58 30 30 15 23 3 18 2 2
1.97715 19 57 30 30 16 23 3 18 2 2
2.0306 19 56 30 30 15 23 3 19 2 2
2.16028 20 57 30 30 14 23 3 19 2 2
2.16064 20 56 30 30 13 23 3 20 2 2
2.18298 20 56 30 30 12 22 4 20 2 2
2.18579 19 55 30 30 13 22 4 20 2 2
2.21422 19 54 30 30 12 22 4 21 2 2
2.22872 19 54 30 30 12 21 4 20 2 3
2.25304 18 53 30 30 13 21 4 20 2 3
2.26019 17 52 30 30 14 21 4 20 2 3
2.27123 17 52 29 29 14 22 4 20 2 3
2.27909 17 51 29 29 13 22 4 21 2 3
2.29887 16 50 29 29 14 22 4 21 2 3
2.38082 16 50 28 28 14 23 4 21 2 3
2.3858 16 50 27 27 14 24 4 21 2 3
2.39274 16 50 27 27 14 23 4 20 2 4
2.41602 15 49 27 27 15 23 4 20 2 4
2.43921 15 48 27 27 15 23 3 20 3 4
2.57129 15 47 27 27 15 23 2 20 4 4
2.61711 15 46 27 27 15 23 1 20 5 4
2.69781 15 46 26 26 15 24 1 20 5 4
2.71224 15 45 26 26 14 24 1 21 5 4
2.80679 15 45 25 25 14 25 1 21 5 4
2.83512 15 44 25 25 13 25 1 22 5 4
2.86152 15 44 24 24 13 26 1 22 5 4
2.87971 15 44 23 23 13 27 1 22 5 4
2.8951 15 44 23 23 12 26 2 22 5 4
2.98848 15 44 22 22 12 27 2 22 5 4
3.00472 15 44 21 21 12 28 2 22 5 4
3.02546 15 43 21 21 11 28 2 23 5 4
3.04857 15 43 21 21 10 27 3 23 5 4
3.08663 14 42 21 21 11 27 3 23 5 4
3.11498 13 41 21 21 12 27 3 23 5 4
3.12481 13 40 21 21 11 27 3 24 5 4
3.14873 12 39 21 21 12 27 3 24 5 4
3.22737 12 39 21 21 12 26 3 23 5 5
3.26792 12 39 22 22 12 25 3 23 5 5
3.31028 12 38 22 22 11 25 3 24 5 5
3.36367 11 37 22 22 12 25 3 24 5 5
3.43252 11 37 23 23 12 24 3 24 5 5
3.48326 11 38 23 23 13 24 3 23 5 5
3.54704 10 37 23 23 14 24 3 23 5 5
3.5852 10 37 23 23 13 23 4 23 5 5
3.62541 10 37 22 22 13 24 4 23 5 5
3.64031 10 37 21 21 13 25 4 23 5 5
3.65006 10 37 21 21 12 24 5 23 5 5
3.67344 10 37 20 20 12 25 5 23 5 5
3.70038 10 37 19 19 12 26 5 23 5 5
3.75411 10 36 19 19 12 26 4 23 6 5
3.76074 9 35 19 19 13 26 4 23 6 5
3.78605 8 34 19 19 14 26 4 23 6 5
3.79462 8 34 18 18 14 27 4 23 6 5
3.93232 8 34 18 18 13 26 5 23 6 5
3.94884 8 33 18 18 12 26 5 24 6 5
4.01426 7 32 18 18 13 26 5 24 6 5
4.06202 7 32 18 18 13 25 5 23 6 6
4.24686 7 32 18 18 13 24 5 22 6 7
4.25287 7 31 18 18 12 24 5 23 6 7
4.34419 7 30 18 18 12 24 4 23 7 7
4.3603 6 29 18 18 13 24 4 23 7 7
4.40034 6 29 18 18 13 23 4 22 7 8
4.45866 6 29 17 17 13 24 4 22 7 8
4.4605 5 28 17 17 14 24 4 22 7 8
4.51117 5 28 17 17 13 23 5 22 7 8
4.55614 5 27 17 17 13 23 4 22 8 8
4.62253 5 27 16 16 13 24 4 22 8 8
4.67142 5 27 16 16 12 23 5 22 8 8
4.75383 5 27 16 16 12 22 5 21 8 9
4.7918 5 27 15 15 12 23 5 21 8 9
4.95729 5 28 15 15 13 23 5 20 8 9
5.08938 5 27 15 15 12 23 5 21 8 9
5.11158 5 27 15 15 11 22 6 21 8 9
5.18907 5 27 15 15 11 21 6 20 8 10
5.20621 5 27 15 15 11 20 6 19 8 11
5.42522 5 26 15 15 10 20 6 20 8 11
5.45656 5 26 15 15 10 19 6 19 8 12
5.58682 5 26 14 14 10 20 6 19 8 12
5.59607 5 26 14 14 9 19 7 19 8 12
5.73201 5 25 14 14 9 19 6 19 9 12
5.78192 5 25 14 14 9 18 6 18 9 13
5.80406 4 24 14 14 10 18 6 18 9 13
6.1772 4 24 14 14 9 17 7 18 9 13
6.29702 4 23 14 14 9 17 6 18 10 13
6.29808 4 24 14 14 10 17 6 17 10 13
6.37194 4 24 13 13 10 18 6 17 10 13
6.37458 4 24 13 13 10 17 6 16 10 14
6.4099 4 24 13 13 10 16 6 15 10 15
6.41282 4 24 12 12 10 17 6 15 10 15
6.51746 4 24 12 12 10 16 6 14 10 16
6.54201 4 23 12 12 9 16 6 15 10 16
6.65478 4 22 12 12 8 16 6 16 10 16
6.88574 4 22 12 12 8 15 6 15 10 17
6.93295 4 22 11 11 8 16 6 15 10 17
6.94253 4 23 11 11 9 16 6 14 10 17
7.03501 4 22 11 11 8 16 6 15 10 17
7.06685 4 22 11 11 7 15 7 15 10 17
7.14073 4 22 11 11 7 14 7 14 10 18
7.20078 4 23 11 11 7 14 8 14 9 18
7.42141 4 22 11 11 6 14 8 15 9 18
7.43156 4 22 11 11 6 13 8 14 9 19
7.468 4 22 12 12 6 12 8 14 9 19
7.59087 4 21 12 12 6 12 7 14 10 19
7.66129 4 20 12 12 6 12 6 14 11 19
7.72693 3 19 12 12 7 12 6 14 11 19
7.97471 3 18 12 12 6 12 6 15 11 19
8.06757 3 18 12 12 6 11 6 14 11 20
8.62261 3 18 12 12 6 10 6 13 11 21
8.82649 3 18 12 12 6 9 6 12 11 22
8.85313 3 18 11 11 6 10 6 12 11 22
8.91255 3 17 11 11 6 10 5 12 12 22
8.94754 3 16 11 11 5 10 5 13 12 22
9.02407 3 15 11 11 5 10 4 13 13 22
9.25148 3 14 11 11 5 10 3 13 14 22
9.47079 3 14 11 11 5 9 3 12 14 23
10.1942 3 14 11 11 4 8 4 12 14 23
10.4762 3 15 11 11 4 8 5 12 13 23
10.8287 4 16 11 11 3 8 5 12 13 23
11.0694 4 17 11 11 3 8 6 12 12 23
11.3998 3 16 11 11 4 8 6 12 12 23
12.8718 3 15 11 11 4 8 5 12 13 23
13.0083 3 14 11 11 3 8 5 13 13 23
13.4837 3 14 11 11 3 7 5 12 13 24
13.7595 3 13 11 11 2 7 5 13 13 24
14.0223 3 13 10 10 2 8 5 13 13 24
14.0771 3 13 9 9 2 9 5 13 13 24
14.2064 3 13 9 9 2 8 5 12 13 25
14.3091 3 12 9 9 2 8 4 12 14 25
14.9643 3 12 8 8 2 9 4 12 14 25
15.0538 3 12 8 8 2 8 4 11 14 26
15.1686 3 13 8 8 2 8 5 11 13 26
15.1994 2 12 8 8 3 8 5 11 13 26
15.3272 2 12 7 7 3 9 5 11 13 26
15.3565 2 12 6 6 3 10 5 11 13 26
16.1665 2 12 6 6 2 9 6 11 13 26
16.8027 2 12 5 5 2 10 6 11 13 26
16.936 2 12 6 6 2 9 6 11 13 26
17.0658 2 13 6 6 2 9 7 11 12 26
17.3646 2 13 5 5 2 10 7 11 12 26
17.6711 2 14 5 5 2 10 8 11 11 26
18.0074 2 13 5 5 2 10 7 11 12 26
19.1519 1 12 5 5 3 10 7 11 12 26
19.1694 2 13 5 5 2 10 7 11 12 26
19.4875 2 13 4 4 2 11 7 11 12 26
19.5262 2 12 4 4 2 11 6 11 13 26
19.6741 2 12 4 4 2 10 6 10 13 27
21.2218 2 12 4 4 2 9 6 9 13 28
21.3586 2 12 4 4 2 8 6 8 13 29
21.4793 2 12 4 4 2 7 6 7 13 30
21.5773 2 13 4 4 2 7 7 7 12 30
21.6596 1 12 4 4 3 7 7 7 12 30
21.6715 1 11 4 4 2 7 7 8 12 30
21.7911 1 11 4 4 2 6 7 7 12 31
22.2583 1 10 4 4 2 6 6 7 13 31
22.3978 1 11 4 4 2 6 7 7 12 31
23.7342 1 10 4 4 2 6 6 7 13 31
25.0409 1 10 4 4 1 5 7 7 13 31
26.0729 1 10 3 3 1 6 7 7 13 31
26.1387 1 10 3 3 1 5 7 6 13 32
27.3349 1 11 3 3 1 5 8 6 12 32
27.4882 1 12 3 3 1 5 9 6 11 32
27.9681 1 13 3 3 1 5 10 6 10 32
28.423 1 12 3 3 1 5 9 6 11 32
28.7933 1 11 3 3 1 5 8 6 12 32
28.9318 1 10 3 3 1 5 7 6 13 32
30.8574 1 10 3 3 1 4 7 5 13 33
31.6092 0 9 3 3 2 4 7 5 13 33
32.8761 0 8 3 3 2 4 6 5 14 33
33.1355 0 8 4 4 2 3 6 5 14 33
33.9435 0 8 4 4 2 2 6 4 14 34
34.6412 0 7 4 4 1 2 6 5 14 34
35.0317 0 7 5 5 1 1 6 5 14 34
35.5577 0 8 5 5 1 1 7 5 13 34
36.0096 0 7 5 5 1 1 6 5 14 34
36.7724 0 8 5 5 1 1 7 5 13 34
37.9515 0 7 5 5 1 1 6 5 14 34
38.4604 0 8 5 5 1 1 7 5 13 34
38.4704 0 9 5 5 2 1 7 4 13 34
38.6302 0 8 5 5 1 1 7 5 13 34
40.1638 0 8 5 5 2 2 6 5 13 34
40.3037 0 7 5 5 2 2 5 5 14 34
41.5128 0 7 5 5 1 1 6 5 14 34
42.8015 0 6 5 5 1 1 5 5 15 34
43.9397 0 7 5 5 1 1 6 5 14 34
43.9592 0 8 5 5 1 1 7 5 13 34
44.6502 0 7 5 5 1 1 6 5 14 34
47.0586 0 7 4 4 1 2 6 5 14 34
47.13 0 8 4 4 1 2 7 5 13 34
47.2177 0 8 4 4 1 1 7 4 13 35
49.7372 0 7 4 4 1 1 6 4 14 35
51.1211 0 6 4 4 1 1 5 4 15 35
51.7966 0 7 4 4 1 1 6 4 14 35
51.8429 0 7 5 5 1 0 6 4 14 35
52.0942 0 8 5 5 1 0 7 4 13 35
58.7821 0 9 5 5 1 0 8 4 12 35
59.5974 0 10 5 5 1 0 9 4 11 35
61.1539 0 9 5 5 1 0 8 4 12 35
65.3147 0 8 5 5 1 0 7 4 13 35
65.3278 0 7 5 5 1 0 6 4 14 35
66.4818 0 8 5 5 2 0 6 3 14 35
66.537 0 9 5 5 2 0 7 3 13 35
67.3263 0 9 4 4 2 1 7 3 13 35
67.5131 0 8 4 4 2 1 6 3 14 35
67.9329 0 9 4 4 2 1 7 3 13 35
68.1263 0 10 4 4 2 1 8 3 12 35
71.7582 0 10 3 3 2 2 8 3 12 35
71.7867 0 9 3 3 1 2 8 4 12 35
71.9649 0 10 3 3 1 2 9 4 11 35
75.0619 0 9 3 3 0 2 9 5 11 35
75.3924 0 9 2 2 0 3 9 5 11 35
75.9977 0 8 2 2 0 3 8 5 12 35
76.1424 0 9 2 2 0 3 9 5 11 35
76.5365 0 10 2 2 0 3 10 5 10 35
76.5759 0 10 2 2 0 2 10 4 10 36
78.0665 0 9 2 2 0 2 9 4 11 36
78.5619 0 8 2 2 0 2 8 4 12 36
78.6081 0 9 2 2 0 2 9 4 11 36
80.7054 0 10 2 2 0 2 10 4 10 36
81.9299 0 11 2 2 0 2 11 4 9 36
82.5403 0 11 2 2 0 3 11 5 9 35
83.2242 0 10 2 2 0 3 10 5 10 35
86.4778 0 9 2 2 0 3 9 5 11 35
86.5147 0 10 2 2 0 3 10 5 10 35
87.5707 0 11 2 2 1 3 10 4 10 35
88.2248 0 12 2 2 1 3 11 4 9 35
88.2319 0 13 2 2 1 3 12 4 8 35
88.2595 0 14 2 2 1 3 13 4 7 35
88.6577 0 13 2 2 1 3 12 4 8 35
88.8633 0 12 2 2 1 3 11 4 9 35
89.9331 0 13 2 2 1 3 12 4 8 35
90.1782 0 13 2 2 1 2 12 3 8 36
90.2128 0 12 2 2 1 2 11 3 9 36
90.4644 0 11 2 2 1 2 10 3 10 36
91.2239 0 12 2 2 1 2 11 3 9 36
91.421 0 12 2 2 2 3 10 3 9 36
91.4903 0 11 2 2 2 3 9 3 10 36
92.5393 0 12 2 2 2 3 10 3 9 36
93.046 0 11 2 2 2 3 9 3 10 36
93.2652 1 12 2 2 1 3 9 3 10 36
94.5414 1 11 2 2 1 3 8 3 11 36
94.8942 1 10 2 2 1 3 7 3 12 36
94.9161 1 10 2 2 1 2 7 2 12 37
94.9384 1 9 2 2 1 2 6 2 13 37
96.7215 1 10 2 2 1 2 7 2 12 37
96.8564 1 9 2 2 1 2 6 2 13 37
97.447 1 8 2 2 0 2 6 3 13 37
100.183 1 8 2 2 0 1 6 2 13 38
102.61 1 9 2 2 0 1 7 2 12 38
103.285 1 8 2 2 0 1 6 2 13 38
103.757 1 7 2 2 0 1 5 2 14 38
105.479 1 8 2 2 0 1 6 2 13 38
106.6 1 7 2 2 0 1 5 2 14 38
107.531 1 8 2 2 0 1 6 2 13 38
108.05 1 7 2 2 0 1 5 2 14 38
108.88 1 8 2 2 0 1 6 2 13 38
110.229 1 7 2 2 0 1 5 2 14 38
110.36 1 6 2 2 0 1 4 2 15 38
110.859 1 7 2 2 0 1 5 2 14 38
111.286 1 8 2 2 0 1 6 2 13 38
111.948 1 9 2 2 0 1 7 2 12 38
113.948 0 8 2 2 1 1 7 2 12 38
117.205 0 7 2 2 1 1 6 2 13 38
117.921 0 6 2 2 1 1 5 2 14 38
117.992 0 6 1 1 1 2 5 2 14 38
118.614 0 7 1 1 1 2 6 2 13 38
120.088 0 8 1 1 1 2 7 2 12 38
122.217 0 9 1 1 1 2 8 2 11 38
123.469 0 9 1 1 1 1 8 1 11 39
124.341 0 10 1 1 1 1 9 1 10 39
124.603 0 11 1 1 1 1 10 1 9 39
124.966 0 10 1 1 1 1 9 1 10 39
124.973 0 9 1 1 1 1 8 1 11 39
126.213 0 10 1 1 1 1 9 1 10 39
127.034 0 11 1 1 1 1 10 1 9 39
127.627 0 12 1 1 1 1 11 1 8 39
128.109 0 11 1 1 1 1 10 1 9 39
128.122 0 10 1 1 1 1 9 1 10 39
128.324 0 9 1 1 1 1 8 1 11 39
128.681 0 10 1 1 1 1 9 1 10 39
129.236 0 9 1 1 1 1 8 1 11 39
130.336 0 10 1 1 1 1 9 1 10 39
132.389 0 9 1 1 1 1 8 1 11 39
133.274 0 8 1 1 1 1 7 1 12 39
138.722 0 9 1 1 1 1 8 1 11 39
140.172 0 10 1 1 1 1 9 1 10 39
140.493 0 11 1 1 1 1 10 1 9 39
140.702 0 10 1 1 0 1 10 2 9 39
141.58 0 9 1 1 0 1 9 2 10 39
142.632 0 10 1 1 0 1 10 2 9 39
147.121 0 11 1 1 0 1 11 2 8 39
147.422 0 10 1 1 0 1 10 2 9 39
148.212 0 10 1 1 0 0 10 1 9 40
150.802 0 9 1 1 0 0 9 1 10 40
152.568 0 10 1 1 0 0 10 1 9 40
152.626 0 10 1 1 1 1 9 1 9 40
155.841 0 9 1 1 1 1 8 1 10 40
156.542 0 8 1 1 1 1 7 1 11 40
156.939 0 9 1 1 1 1 8 1 10 40
157.683 0 10 1 1 1 1 9 1 9 40
158.013 0 10 1 1 2 2 8 1 9 40
158.711 0 9 1 1 2 2 7 1 10 40
159.292 0 8 1 1 2 2 6 1 11 40
162.137 0 9 1 1 2 2 7 1 10 40
163.446 0 8 1 1 2 2 6 1 11 40
163.853 0 7 1 1 2 2 5 1 12 40
165.558 0 6 1 1 1 2 5 2 12 40
165.888 0 7 1 1 1 2 6 2 11 40
169.83 0 8 1 1 1 2 7 2 10 40
170.019 0 7 1 1 1 2 6 2 11 40
170.662 0 8 1 1 1 2 7 2 10 40
170.755 0 8 1 1 2 3 6 2 10 40
174.172 0 7 1 1 1 3 6 3 10 40
174.533 0 8 1 1 1 3 7 3 9 40
175.788 0 7 1 1 1 3 6 3 10 40
176.75 0 8 1 1 2 3 6 2 10 40
176.863 0 9 1 1 2 3 7 2 9 40
177.774 0 8 1 1 2 3 6 2 10 40
180.233 0 7 1 1 1 3 6 3 10 40
181.418 0 6 1 1 1 3 5 3 11 40
181.616 0 6 1 1 0 2 6 3 11 40
182.29 0 5 1 1 0 2 5 3 12 40
183.608 0 5 1 1 1 3 4 3 12 40
184.055 0 5 1 1 2 4 3 3 12 40
185.953 0 6 1 1 2 4 4 3 11 40
186.451 0 7 1 1 2 4 5 3 10 40
187.623 1 8 1 1 1 4 5 3 10 40
188.597 1 7 1 1 1 4 4 3 11 40
188.629 1 6 1 1 1 4 3 3 12 40
191.47 1 5 1 1 0 4 3 4 12 40
192.963 1 6 1 1 0 4 4 4 11 40
194.616 1 5 1 1 0 4 3 4 12 40
195.818 1 6 1 1 0 4 4 4 11 40
196.345 1 7 1 1 0 4 5 4 10 40
199.243 0 6 1 1 1 4 5 4 10 40
199.455 0 7 1 1 1 4 6 4 9 40
202.892 0 7 1 1 1 3 6 3 9 41
208.275 0 6 1 1 0 3 6 4 9 41
208.555 0 7 1 1 0 3 7 4 8 41
208.722 0 6 1 1 0 3 6 4 9 41
210.452 0 6 1 1 1 4 5 4 9 41
210.719 0 7 1 1 1 4 6 4 8 41
213.583 0 6 1 1 1 4 5 4 9 41
213.621 0 5 1 1 1 4 4 4 10 41
215.108 0 4 1 1 1 4 3 4 11 41
216.639 0 5 1 1 1 4 4 4 10 41
217.325 0 6 1 1 1 4 5 4 9 41
217.51 0 7 1 1 2 4 5 3 9 41
219.108 0 7 1 1 2 3 5 2 9 42
219.972 0 6 1 1 2 3 4 2 10 42
220.805 0 5 1 1 1 3 4 3 10 42
222.801 0 6 1 1 1 3 5 3 9 42
223.177 0 5 1 1 1 3 4 3 10 42
230.221 0 6 1 1 1 3 5 3 9 42
230.244 0 7 1 1 1 3 6 3 8 42
230.908 0 6 1 1 1 3 5 3 9 42
232.146 0 6 1 1 1 2 5 2 9 43
232.365 1 7 1 1 0 2 5 2 9 43
233.133 1 8 1 1 0 2 6 2 8 43
233.956 1 9 1 1 0 2 7 2 7 43
234.085 1 10 1 1 0 2 8 2 6 43
234.718 1 9 1 1 0 2 7 2 7 43
235.658 1 8 1 1 0 2 6 2 8 43
236.614 1 9 1 1 0 2 7 2 7 43
236.715 1 10 1 1 0 2 8 2 6 43
236.723 1 9 1 1 0 2 7 2 7 43
238.195 1 8 1 1 0 2 6 2 8 43
244.233 0 7 1 1 1 2 6 2 8 43
245.152 0 7 1 1 0 1 7 2 8 43
245.867 0 6 1 1 0 1 6 2 9 43
246.037 0 5 1 1 0 1 5 2 10 43
246.542 0 4 1 1 0 1 4 2 11 43
247.546 0 5 1 1 0 1 5 2 10 43
247.988 0 4 1 1 0 1 4 2 11 43
249.498 0 5 1 1 0 1 5 2 10 43
254.311 0 5 1 1 0 0 5 1 10 44
257.7 0 6 1 1 0 0 6 1 9 44
258.039 0 7 1 1 0 0 7 1 8 44
266.729 0 6 1 1 0 0 6 1 9 44
268.871 0 7 1 1 0 0 7 1 8 44
270.922 0 6 1 1 0 0 6 1 9 44
272.6 0 7 1 1 0 0 7 1 8 44
273.612 0 6 1 1 0 0 6 1 9 44
274.542 0 6 0 0 0 1 6 1 9 44
276.086 0 5 0 0 0 1 5 1 10 44
277.335 0 4 0 0 0 1 4 1 11 44
279.274 0 4 1 1 0 0 4 1 11 44
280.329 0 5 1 1 0 0 5 1 10 44
280.637 0 5 1 1 1 1 4 1 10 44
284.675 0 4 1 1 0 1 4 2 10 44
285.51 0 3 1 1 0 1 3 2 11 44
286.513 0 4 1 1 0 1 4 2 10 44
287.059 0 5 1 1 0 1 5 2 9 44
288.725 0 6 1 1 0 1 6 2 8 44
289.285 0 7 1 1 0 1 7 2 7 44
289.868 0 8 1 1 0 1 8 2 6 44
289.959 0 7 1 1 0 1 7 2 7 44
291.005 0 6 1 1 0 1 6 2 8 44
292.487 0 5 1 1 0 1 5 2 9 44
293.935 0 6 1 1 0 1 6 2 8 44
296.32 0 7 1 1 0 1 7 2 7 44
300.117 0 7 1 1 1 2 6 2 7 44
302.507 0 8 1 1 1 2 7 2 6 44
303.303 0 8 1 1 0 1 8 2 6 44
310.143 0 7 1 1 0 1 7 2 7 44
311.924 0 8 1 1 0 1 8 2 6 44
312.259 0 9 1 1 0 1 9 2 5 44
313.185 0 8 1 1 0 1 8 2 6 44
314.651 0 9 1 1 0 1 9 2 5 44
316.12 0 8 1 1 0 1 8 2 6 44
316.984 0 9 1 1 0 1 9 2 5 44
322.909 0 8 1 1 0 1 8 2 6 44
332.808 0 7 1 1 0 1 7 2 7 44
332.974 0 6 1 1 0 1 6 2 8 44
333.916 0 5 1 1 0 1 5 2 9 44
336.802 0 6 1 1 0 1 6 2 8 44
338.873 0 5 1 1 0 1 5 2 9 44
340.542 0 6 1 1 0 1 6 2 8 44
340.651 0 7 1 1 0 1 7 2 7 44
341.714 0 8 1 1 0 1 8 2 6 44
342.504 0 9 1 1 0 1 9 2 5 44
343.114 0 8 1 1 0 1 8 2 6 44
343.585 0 7 1 1 0 1 7 2 7 44
343.811 0 6 1 1 0 1 6 2 8 44
343.977 0 5 1 1 0 1 5 2 9 44
348.621 0 6 1 1 0 1 6 2 8 44
352.26 0 5 1 1 0 1 5 2 9 44
352.488 0 4 1 1 0 1 4 2 10 44
353.526 0 5 1 1 0 1 5 2 9 44
354.711 0 4 1 1 0 1 4 2 10 44
358.844 0 5 1 1 0 1 5 2 9 44
358.937 0 5 1 1 1 2 4 2 9 44
358.937 0 5 1 1 1 1 4 1 9 45
359.193 0 6 1 1 1 1 5 1 8 45
361.34 0 5 1 1 1 1 4 1 9 45
361.576 0 6 1 1 1 1 5 1 8 45
364.728 1 7 1 1 0 1 5 1 8 45
367.709 1 8 1 1 0 1 6 1 7 45
368.624 0 7 1 1 1 1 6 1 7 45
368.81 0 6 1 1 1 1 5 1 8 45
371.857 0 7 1 1 1 1 6 1 7 45
372.089 0 6 1 1 1 1 5 1 8 45
377.363 0 7 1 1 1 1 6 1 7 45
378.811 0 7 1 1 2 2 5 1 7 45
379.75 0 8 1 1 2 2 6 1 6 45
380.073 0 8 1 1 2 1 6 0 6 46
380.718 0 8 1 1 3 2 5 0 6 46
385.079 0 7 1 1 2 2 5 1 6 46
388.991 0 8 1 1 2 2 6 1 5 46
389.772 0 7 1 1 2 2 5 1 6 46
391.767 0 6 1 1 1 2 5 2 6 46
394.82 0 5 1 1 1 2 4 2 7 46
395.007 0 4 1 1 0 2 4 3 7 46
397.925 0 5 1 1 0 2 5 3 6 46
400.114 0 4 1 1 0 2 4 3 7 46
400.437 0 5 1 1 0 2 5 3 6 46
405.059 0 6 1 1 0 2 6 3 5 46
405.555 0 5 1 1 0 2 5 3 6 46
407.127 0 4 1 1 0 2 4 3 7 46
407.703 0 5 1 1 1 2 4 2 7 46
413.891 0 6 1 1 1 2 5 2 6 46
414.777 0 7 1 1 1 2 6 2 5 46
416.83 1 8 1 1 0 2 6 2 5 46
418.751 1 7 1 1 0 2 5 2 6 46
419.806 1 8 1 1 0 2 6 2 5 46
420.383 1 9 1 1 0 2 7 2 4 46
422.16 1 10 1 1 0 2 8 2 3 46
424.049 1 9 1 1 0 2 7 2 4 46
426.403 1 8 1 1 0 2 6 2 5 46
427.178 1 7 1 1 0 2 5 2 6 46
428.053 1 6 1 1 0 2 4 2 7 46
428.074 1 7 1 1 0 2 5 2 6 46
431.027 1 8 1 1 0 2 6 2 5 46
431.308 1 8 1 1 0 1 6 1 5 47
431.496 1 7 1 1 0 1 5 1 6 47
432.438 1 8 1 1 0 1 6 1 5 47
435.634 1 7 1 1 0 1 5 1 6 47
436.605 1 6 1 1 0 1 4 1 7 47
437.016 1 7 1 1 0 1 5 1 6 47
437.581 1 6 1 1 0 1 4 1 7 47
438.354 1 5 1 1 0 1 3 1 8 47
442.804 1 6 1 1 0 1 4 1 7 47
445.56 1 5 1 1 0 1 3 1 8 47
450.667 1 6 1 1 0 1 4 1 7 47
451.177 1 7 1 1 0 1 5 1 6 47
451.341 1 6 1 1 0 1 4 1 7 47
455.255 1 7 1 1 0 1 5 1 6 47
460.55 1 6 1 1 0 1 4 1 7 47
461.407 1 7 1 1 0 1 5 1 6 47
461.539 1 6 1 1 0 1 4 1 7 47
463.04 1 7 1 1 0 1 5 1 6 47
464.418 1 7 1 1 1 2 4 1 6 47
465.012 0 6 1 1 2 2 4 1 6 47
465.025 0 6 1 1 2 1 4 0 6 48
465.244 0 7 1 1 2 1 5 0 5 48
465.506 0 6 1 1 1 1 5 1 5 48
469.638 0 7 1 1 2 1 5 0 5 48
470.793 0 6 1 1 2 1 4 0 6 48
473.004 0 6 1 1 3 2 3 0 6 48
473.419 0 6 1 1 2 1 4 0 6 48
475.782 0 7 1 1 2 1 5 0 5 48
477.145 0 6 1 1 2 1 4 0 6 48
478.103 0 5 1 1 1 1 4 1 6 48
478.806 0 4 1 1 1 1 3 1 7 48
481.185 0 5 1 1 1 1 4 1 6 48
481.725 0 6 1 1 1 1 5 1 5 48
485.216 0 5 1 1 1 1 4 1 6 48
487.04 0 6 1 1 1 1 5 1 5 48
489.555 0 5 1 1 1 1 4 1 6 48
491.659 0 4 1 1 1 1 3 1 7 48
496.213 0 3 1 1 1 1 2 1 8 48
496.984 0 3 2 2 1 0 2 1 8 48
500.778 1 4 2 2 0 0 2 1 8 48
501.864 1 5 2 2 0 0 3 1 7 48
502.295 1 5 2 2 1 1 2 1 7 48
503.379 1 5 1 1 1 2 2 1 7 48
507.803 0 4 1 1 2 2 2 1 7 48
509.169 0 5 1 1 2 2 3 1 6 48
510.42 0 4 1 1 2 2 2 1 7 48
510.483 0 5 1 1 2 2 3 1 6 48
510.67 0 6 1 1 2 2 4 1 5 48
511.217 0 5 1 1 2 2 3 1 6 48
511.227 0 4 1 1 2 2 2 1 7 48
511.33 0 3 1 1 1 2 2 2 7 48
512.553 0 3 2 2 1 1 2 2 7 48
514.557 0 4 2 2 1 1 3 2 6 48
515.86 0 3 2 2 1 1 2 2 7 48
525.084 0 4 2 2 1 1 3 2 6 48
527.152 0 5 2 2 1 1 4 2 5 48
529.625 0 4 2 2 1 1 3 2 6 48
535.091 0 5 2 2 1 1 4 2 5 48
537.339 0 4 2 2 1 1 3 2 6 48
537.419 0 5 2 2 1 1 4 2 5 48
537.53 1 6 2 2 0 1 4 2 5 48
541.633 1 7 2 2 0 1 5 2 4 48
543.316 0 6 2 2 1 1 5 2 4 48
544.086 0 5 2 2 1 1 4 2 5 48
548.455 0 6 2 2 1 1 5 2 4 48
550.67 0 5 2 2 1 1 4 2 5 48
550.793 0 6 2 2 1 1 5 2 4 48
552.474 0 5 2 2 1 1 4 2 5 48
553.314 0 5 2 2 1 2 4 3 5 47
554.408 0 6 2 2 1 2 5 3 4 47
554.82 0 7 2 2 2 2 5 2 4 47
556.326 0 6 2 2 2 2 4 2 5 47
558.804 0 5 2 2 1 2 4 3 5 47
565.339 0 5 2 2 2 3 3 3 5 47
565.97 0 5 1 1 2 4 3 3 5 47
567.231 0 5 2 2 2 3 3 3 5 47
568.415 0 5 3 3 2 2 3 3 5 47
569.412 0 6 3 3 2 2 4 3 4 47
570.078 0 5 3 3 2 2 3 3 5 47
575.175 0 6 3 3 2 2 4 3 4 47
575.329 0 5 3 3 2 2 3 3 5 47
575.552 0 6 3 3 2 2 4 3 4 47
577.473 0 5 3 3 2 2 3 3 5 47
579.945 0 6 3 3 3 2 3 2 5 47
581.781 0 7 3 3 3 2 4 2 4 47
582.312 0 7 3 3 2 1 5 2 4 47
582.658 0 7 2 2 2 2 5 2 4 47
585.058 0 7 1 1 2 3 5 2 4 47
586.022 0 6 1 1 2 3 4 2 5 47
586.839 0 5 1 1 2 3 3 2 6 47
589.38 0 5 1 1 1 2 4 2 6 47
589.683 0 6 1 1 1 2 5 2 5 47
590.37 0 5 1 1 1 2 4 2 6 47
591.223 0 4 1 1 0 2 4 3 6 47
592.174 0 5 1 1 0 2 5 3 5 47
596.383 0 5 1 1 1 3 4 3 5 47
601.127 0 5 1 1 0 2 5 3 5 47
602.958 0 4 1 1 0 2 4 3 6 47
605.574 0 5 1 1 0 2 5 3 5 47
607.726 0 6 1 1 0 2 6 3 4 47
609.147 0 5 1 1 0 2 5 3 5 47
609.856 0 4 1 1 0 2 4 3 6 47
615.14 0 5 1 1 1 2 4 2 6 47
617.563 0 6 1 1 1 2 5 2 5 47
620.861 0 7 1 1 1 2 6 2 4 47
621.145 0 6 1 1 1 2 5 2 5 47
621.18 0 7 1 1 1 2 6 2 4 47
624.287 1 8 1 1 0 2 6 2 4 47
627.548 1 9 1 1 0 2 7 2 3 47
633.839 1 9 2 2 0 1 7 2 3 47
634.775 1 8 2 2 0 1 6 2 4 47
636.384 1 7 2 2 0 1 5 2 5 47
639.527 1 8 2 2 0 1 6 2 4 47
639.577 1 7 2 2 0 1 5 2 5 47
641.005 1 6 2 2 0 1 4 2 6 47
645.293 1 7 2 2 0 1 5 2 5 47
646.992 1 8 2 2 0 1 6 2 4 47
649.557 1 7 2 2 0 1 5 2 5 47
650.061 1 6 2 2 0 1 4 2 6 47
654.471 1 7 2 2 0 1 5 2 5 47
656.108 1 8 2 2 0 1 6 2 4 47
657.901 1 7 2 2 0 1 5 2 5 47
658.675 1 6 2 2 0 1 4 2 6 47
665.008 1 7 2 2 0 1 5 2 5 47
667.361 0 6 2 2 1 1 5 2 5 47
668.457 0 7 2 2 1 1 6 2 4 47
671.116 0 8 2 2 1 1 7 2 3 47
672.632 0 7 2 2 1 1 6 2 4 47
673.255 0 6 2 2 1 1 5 2 5 47
673.547 0 5 2 2 1 1 4 2 6 47
674.41 0 6 2 2 2 1 4 1 6 47
679.725 0 6 1 1 2 2 4 1 6 47
680.122 0 5 1 1 2 2 3 1 7 47
681.372 0 6 1 1 2 2 4 1 6 47
681.918 0 6 1 1 3 3 3 1 6 47
683.147 0 5 1 1 3 3 2 1 7 47
684.119 0 6 1 1 3 3 3 1 6 47
685.219 0 5 1 1 3 3 2 1 7 47
687.676 0 5 2 2 3 2 2 1 7 47
687.723 1 6 2 2 2 2 2 1 7 47
688.642 2 7 2 2 1 2 2 1 7 47
690.886 2 8 2 2 1 2 3 1 6 47
692.166 3 9 2 2 0 2 3 1 6 47
694.983 2 8 2 2 1 2 3 1 6 47
695.086 2 8 2 2 1 3 3 2 6 46
697.081 2 8 2 2 1 2 3 1 6 47
697.136 2 7 2 2 1 2 2 1 7 47
697.939 2 8 2 2 1 2 3 1 6 47
698.91 1 7 2 2 2 2 3 1 6 47
700.774 1 6 2 2 2 2 2 1 7 47
701.26 1 7 2 2 2 2 3 1 6 47
702.787 1 6 2 2 2 2 2 1 7 47
703.87 1 7 2 2 2 2 3 1 6 47
704.88 1 8 2 2 2 2 4 1 5 47
706.146 1 7 2 2 1 2 4 2 5 47
708.335 1 8 2 2 2 2 4 1 5 47
713.875 1 7 2 2 1 2 4 2 5 47
714.299 1 6 2 2 1 2 3 2 6 47
717.87 1 7 2 2 1 2 4 2 5 47
718.811 0 6 2 2 2 2 4 2 5 47
718.957 0 7 2 2 2 2 5 2 4 47
719.589 0 8 2 2 2 2 6 2 3 47
722.866 0 7 2 2 2 2 5 2 4 47
723.543 0 7 2 2 2 1 5 1 4 48
725.003 0 8 2 2 2 1 6 1 3 48
725.208 0 7 2 2 2 1 5 1 4 48
725.795 0 6 2 2 2 1 4 1 5 48
727.146 0 5 2 2 2 1 3 1 6 48
731.541 0 5 1 1 2 2 3 1 6 48
731.55 0 5 2 2 2 1 3 1 6 48
732.96 0 4 2 2 2 1 2 1 7 48
734.433 0 5 2 2 2 1 3 1 6 48
734.936 0 4 2 2 2 1 2 1 7 48
735.01 0 5 2 2 2 1 3 1 6 48
738.304 0 5 3 3 2 0 3 1 6 48
738.324 0 5 2 2 2 1 3 1 6 48
740.571 0 6 2 2 2 1 4 1 5 48
740.58 0 5 2 2 1 1 4 2 5 48
740.743 0 6 2 2 1 1 5 2 4 48
747.358 0 5 2 2 1 1 4 2 5 48
748.552 0 6 2 2 1 1 5 2 4 48
749.889 0 5 2 2 1 1 4 2 5 48
754.052 0 6 2 2 2 1 4 1 5 48
755.302 0 5 2 2 2 1 3 1 6 48
755.326 1 6 2 2 1 1 3 1 6 48
755.813 1 5 2 2 0 1 3 2 6 48
756.447 1 4 2 2 0 1 2 2 7 48
769.897 1 5 2 2 0 1 3 2 6 48
771.198 1 6 2 2 1 1 3 1 6 48
772.733 1 7 2 2 1 1 4 1 5 48
773.96 1 6 2 2 1 1 3 1 6 48
774.213 1 7 2 2 1 1 4 1 5 48
778.332 1 8 2 2 1 1 5 1 4 48
780.518 0 7 2 2 2 1 5 1 4 48
781.63 0 6 2 2 2 1 4 1 5 48
783.488 0 5 2 2 2 1 3 1 6 48
786.92 0 6 2 2 2 1 4 1 5 48
788.787 0 5 2 2 2 1 3 1 6 48
789.107 0 6 2 2 2 1 4 1 5 48
790.075 0 7 2 2 2 1 5 1 4 48
791.699 0 6 2 2 2 1 4 1 5 48
793.75 0 5 2 2 2 1 3 1 6 48
794.59 0 4 2 2 1 1 3 2 6 48
795.523 0 3 2 2 1 1 2 2 7 48
798.473 0 2 2 2 1 1 1 2 8 48
798.486 0 3 2 2 1 1 2 2 7 48
799.843 0 4 2 2 1 1 3 2 6 48
800.928 0 5 2 2 1 1 4 2 5 48
801.558 0 6 2 2 1 1 5 2 4 48
802.258 0 5 2 2 1 1 4 2 5 48
806.253 0 5 2 2 0 0 5 2 5 48
808.788 0 4 2 2 0 0 4 2 6 48
808.968 0 5 2 2 0 0 5 2 5 48
809.907 0 6 2 2 0 0 6 2 4 48
811.071 0 5 2 2 0 0 5 2 5 48
812.171 0 6 2 2 1 0 5 1 5 48
813.066 0 7 2 2 1 0 6 1 4 48
817.446 0 6 2 2 1 0 5 1 5 48
819.895 0 7 2 2 1 0 6 1 4 48
821.02 0 6 2 2 0 0 6 2 4 48
821.279 0 5 2 2 0 0 5 2 5 48
823.481 0 4 2 2 0 0 4 2 6 48
825.897 0 4 1 1 0 1 4 2 6 48
831.047 0 3 1 1 0 1 3 2 7 48
831.329 0 4 1 1 0 1 4 2 6 48
833.71 0 3 1 1 0 1 3 2 7 48
834 0 4 1 1 0 1 4 2 6 48
836.353 0 5 1 1 0 1 5 2 5 48
838.254 0 4 1 1 0 1 4 2 6 48
839.495 0 3 1 1 0 1 3 2 7 48
842.459 0 3 2 2 0 0 3 2 7 48
842.535 0 4 2 2 1 0 3 1 7 48
846.309 0 4 1 1 1 1 3 1 7 48
849.41 0 5 1 1 1 1 4 1 6 48
849.876 0 6 1 1 1 1 5 1 5 48
854.692 0 7 1 1 1 1 6 1 4 48
856.698 0 6 1 1 1 1 5 1 5 48
860.373 0 7 1 1 1 1 6 1 4 48
861.562 0 6 1 1 1 1 5 1 5 48
861.874 0 5 1 1 1 1 4 1 6 48
866.377 0 4 1 1 1 1 3 1 7 48
868.174 0 4 1 1 0 0 4 1 7 48
868.189 0 5 1 1 0 0 5 1 6 48
868.542 0 4 1 1 0 0 4 1 7 48
868.676 0 5 1 1 0 0 5 1 6 48
870.48 0 4 1 1 0 0 4 1 7 48
871.3 0 5 1 1 0 0 5 1 6 48
874.432 0 6 1 1 0 0 6 1 5 48
875.92 0 5 1 1 0 0 5 1 6 48
877.924 0 4 1 1 0 0 4 1 7 48
880.749 0 5 1 1 0 0 5 1 6 48
880.76 0 6 1 1 0 0 6 1 5 48
880.766 0 5 1 1 0 0 5 1 6 48
883.141 0 6 1 1 0 0 6 1 5 48
884.849 0 5 1 1 0 0 5 1 6 48
885.06 0 6 1 1 0 0 6 1 5 48
886.64 0 5 1 1 0 0 5 1 6 48
887.841 0 5 1 1 1 1 4 1 6 48
890.814 1 6 1 1 0 1 4 1 6 48
891.018 1 5 1 1 0 1 3 1 7 48
891.158 1 5 1 1 0 0 3 0 7 49
892.89 1 6 1 1 0 0 4 0 6 49
893.356 1 7 1 1 0 0 5 0 5 49
894.355 1 6 1 1 0 0 4 0 6 49
897.049 0 5 1 1 1 0 4 0 6 49
898.228 0 6 1 1 1 0 5 0 5 49
899.504 0 6 1 1 2 1 4 0 5 49
901.978 1 7 1 1 1 1 4 0 5 49
902.515 1 7 1 1 2 2 3 0 5 49
907.936 1 6 1 1 2 2 2 0 6 49
908.207 1 7 1 1 2 2 3 0 5 49
908.672 1 6 1 1 2 2 2 0 6 49
910.766 1 5 1 1 1 2 2 1 6 49
911.254 1 6 1 1 1 2 3 1 5 49
911.639 1 7 1 1 1 2 4 1 4 49
912.029 1 8 1 1 1 2 5 1 3 49
915.973 1 7 1 1 1 2 4 1 4 49
917.494 1 8 1 1 1 2 5 1 3 49
921.85 0 7 1 1 2 2 5 1 3 49
924.56 0 6 1 1 2 2 4 1 4 49
929.523 0 7 1 1 2 2 5 1 3 49
938.779 0 6 1 1 1 2 5 2 3 49
940.586 0 5 1 1 1 2 4 2 4 49
944.722 0 4 1 1 1 2 3 2 5 49
944.865 0 3 1 1 1 2 2 2 6 49
947.52 0 4 1 1 1 2 3 2 5 49
951.897 0 3 1 1 1 2 2 2 6 49
956.745 0 4 1 1 1 2 3 2 5 49
958.447 0 5 1 1 2 2 3 1 5 49
962.911 0 4 1 1 1 2 3 2 5 49
963.85 0 5 1 1 2 2 3 1 5 49
968.519 0 6 1 1 2 2 4 1 4 49
971.238 0 6 1 1 2 1 4 0 4 50
972.051 0 5 1 1 2 1 3 0 5 50
973.246 0 6 1 1 2 1 4 0 4 50
974.041 0 6 1 1 3 2 3 0 4 50
974.727 0 6 2 2 3 1 3 0 4 50
977.072 0 5 2 2 3 1 2 0 5 50
977.107 0 4 2 2 2 1 2 1 5 50
980.277 0 5 2 2 2 1 3 1 4 50
981.175 0 6 2 2 2 1 4 1 3 50
981.794 0 7 2 2 2 1 5 1 2 50
982.232 0 8 2 2 2 1 6 1 1 50
983.814 0 7 2 2 2 1 5 1 2 50
984.065 0 6 2 2 2 1 4 1 3 50
985.02 0 5 2 2 1 1 4 2 3 50
987.119 0 6 2 2 1 1 5 2 2 50
989.547 0 6 2 2 1 0 5 1 2 51
992.468 0 6 1 1 1 1 5 1 2 51
992.471 0 7 1 1 1 1 6 1 1 51
992.671 0 6 1 1 0 1 6 2 1 51
994.079 0 5 1 1 0 1 5 2 2 51
997.077 0 6 1 1 0 1 6 2 1 51
997.907 0 5 1 1 0 1 5 2 2 51
1001.04 0 5 0 0 0 2 5 2 2 51
1004.68 0 4 0 0 0 2 4 2 3 51
1005.99 0 3 0 0 0 2 3 2 4 51
1006.37 0 4 0 0 0 2 4 2 3 51
1006.58 0 3 0 0 0 2 3 2 4 51
1007.57 0 4 0 0 0 2 4 2 3 51
1008.42 0 4 0 0 0 1 4 1 3 52
1012.17 0 3 0 0 0 1 3 1 4 52
1020.36 0 4 0 0 0 1 4 1 3 52
1020.8 0 3 0 0 0 1 3 1 4 52
1022.09 0 4 0 0 0 1 4 1 3 52
1026.07 0 5 0 0 0 1 5 1 2 52
1027.91 0 6 0 0 0 1 6 1 1 52
1031.79 0 7 0 0 1 1 6 0 1 52
1032.2 0 7 0 0 1 2 6 1 1 51
1034.56 0 6 0 0 1 2 5 1 2 51
1046.03 0 5 0 0 0 2 5 2 2 51
1050.26 0 5 0 0 1 3 4 2 2 51
1051.39 0 4 0 0 1 3 3 2 3 51
1056.84 0 4 1 1 1 2 3 2 3 51
1059.52 0 5 1 1 1 2 4 2 2 51
1062.05 0 4 1 1 1 2 3 2 3 51
1065.73 0 5 1 1 1 2 4 2 2 51
1068.27 0 4 1 1 1 2 3 2 3 51
1070.48 0 3 1 1 1 2 2 2 4 51
1070.91 0 2 1 1 0 2 2 3 4 51
1077.44 0 2 1 1 0 1 2 2 4 52
1078.15 0 3 1 1 0 1 3 2 3 52
1085.87 0 2 1 1 0 1 2 2 4 52
1087.46 0 2 0 0 0 2 2 2 4 52
1097.19 0 1 0 0 0 2 1 2 5 52
1103.79 0 1 0 0 0 1 1 1 5 53
1106.08 0 2 0 0 0 1 2 1 4 53
1107.28 0 3 0 0 0 1 3 1 3 53
1109.98 0 4 0 0 1 1 3 0 3 53
1110.62 0 4 0 0 1 2 3 1 3 52
1111.24 0 3 0 0 1 2 2 1 4 52
1117.76 0 2 0 0 1 2 1 1 5 52
1137.61 0 3 0 0 1 2 2 1 4 52
1139.7 0 4 0 0 1 2 3 1 3 52
1140.32 0 4 0 0 1 1 3 0 3 53
1141.71 0 4 0 0 1 2 3 1 3 52
1143.11 0 4 1 1 1 1 3 1 3 52
1144.14 0 5 1 1 1 1 4 1 2 52
1145.45 0 4 1 1 1 1 3 1 3 52
1146.13 0 5 1 1 1 1 4 1 2 52
1148.55 0 5 0 0 1 2 4 1 2 52
1149.02 0 4 0 0 1 2 3 1 3 52
1151.65 0 5 0 0 1 2 4 1 2 52
1154.83 0 5 0 0 0 1 5 1 2 52
1156.71 0 4 0 0 0 1 4 1 3 52
1156.71 0 3 0 0 0 1 3 1 4 52
1160.27 0 2 0 0 0 1 2 1 5 52
1163.04 0 3 0 0 0 1 3 1 4 52
1164.47 0 2 0 0 0 1 2 1 5 52
1164.87 0 3 0 0 0 1 3 1 4 52
1167.68 0 4 0 0 0 1 4 1 3 52
1170.03 0 3 0 0 0 1 3 1 4 52
1177.95 0 3 0 0 0 0 3 0 4 53
1178.02 0 4 0 0 0 0 4 0 3 53
1179.37 0 5 0 0 0 0 5 0 2 53
1181.53 0 4 0 0 0 0 4 0 3 53
1182.34 0 3 0 0 0 0 3 0 4 53
1188.53 0 2 0 0 0 0 2 0 5 53
1203.23 0 3 0 0 0 0 3 0 4 53
1208.86 0 4 0 0 0 0 4 0 3 53
1209.85 0 3 0 0 0 0 3 0 4 53
1228.95 0 2 0 0 0 0 2 0 5 53
1232.75 0 3 0 0 0 0 3 0 4 53
1234.79 0 2 0 0 0 0 2 0 5 53
1237.09 0 3 0 0 0 0 3 0 4 53
1238.75 0 2 0 0 0 0 2 0 5 53
1247.6 0 3 0 0 0 0 3 0 4 53
1253.34 0 2 0 0 0 0 2 0 5 53
1256.47 0 3 0 0 0 0 3 0 4 53
1266.81 0 2 0 0 0 0 2 0 5 53
1278.89 0 3 0 0 0 0 3 0 4 53
1282.81 0 4 0 0 0 0 4 0 3 53
1294.37 0 5 0 0 0 0 5 0 2 53
1300.62 0 4 0 0 0 0 4 0 3 53
1305.78 0 3 0 0 0 0 3 0 4 53
1307.26 0 2 0 0 0 0 2 0 5 53
1308.53 0 3 0 0 0 0 3 0 4 53
1314.15 0 2 0 0 0 0 2 0 5 53
1320.22 0 3 0 0 0 0 3 0 4 53
1324.72 0 4 0 0 0 0 4 0 3 53
1327.69 0 3 0 0 0 0 3 0 4 53
1345.11 0 4 0 0 0 0 4 0 3 53
1349.98 0 3 0 0 0 0 3 0 4 53
1350.2 0 4 0 0 0 0 4 0 3 53
1352.45 0 3 0 0 0 0 3 0 4 53
1364.36 0 4 0 0 0 0 4 0 3 53
1365.75 0 4 0 0 1 1 3 0 3 53
1367.89 0 5 0 0 1 1 4 0 2 53
1373.4 0 5 0 0 2 2 3 0 2 53
1373.75 0 4 0 0 1 2 3 1 2 53
1379.39 0 4 1 1 1 1 3 1 2 53
1381.62 0 4 1 1 1 2 3 2 2 52
1385.05 0 5 1 1 1 2 4 2 1 52
1389.79 0 5 1 1 1 1 4 1 1 53
1390.56 0 4 1 1 0 1 4 2 1 53
1393.39 0 3 1 1 0 1 3 2 2 53
1395.5 0 4 1 1 0 1 4 2 1 53
1395.77 0 5 1 1 1 1 4 1 1 53
1396.26 0 6 1 1 1 1 5 1 0 53
1396.92 0 5 1 1 1 1 4 1 1 53
1397.07 0 6 1 1 1 1 5 1 0 53
1403.39 0 5 1 1 1 1 4 1 1 53
1406.74 0 5 1 1 1 0 4 0 1 54
1409.77 0 4 1 1 1 0 3 0 2 54
1413.54 0 3 1 1 1 0 2 0 3 54
1427.95 0 4 1 1 1 0 3 0 2 54
1428.13 1 5 1 1 0 0 3 0 2 54
1430.04 1 4 1 1 0 0 2 0 3 54
1433.54 1 5 1 1 0 0 3 0 2 54
1433.74 1 4 1 1 0 0 2 0 3 54
1437.91 1 4 1 1 1 1 1 0 3 54
1440.29 0 3 1 1 2 1 1 0 3 54
1453.43 0 3 2 2 2 0 1 0 3 54
1467.05 0 4 2 2 2 0 2 0 2 54
1470.51 0 5 2 2 2 0 3 0 1 54
1473.96 0 4 2 2 2 0 2 0 2 54
1475.27 0 3 2 2 1 0 2 1 2 54
1491.16 0 3 1 1 1 1 2 1 2 54
1500.11 1 4 1 1 0 1 2 1 2 54
1502.17 1 5 1 1 0 1 3 1 1 54
1502.93 1 5 2 2 0 0 3 1 1 54
1508.88 1 6 2 2 0 0 4 1 0 54
1512.79 1 5 2 2 0 0 3 1 1 54
1521.82 1 6 2 2 0 0 4 1 0 54
1523.02 0 5 2 2 1 0 4 1 0 54
1532.14 0 4 2 2 1 0 3 1 1 54
1534.76 1 5 2 2 0 0 3 1 1 54
1541.48 1 4 2 2 0 0 2 1 2 54
1549.63 1 4 1 1 0 1 2 1 2 54
1552.91 1 5 1 1 0 1 3 1 1 54
1563.8 1 6 1 1 0 1 4 1 0 54
1563.94 1 5 1 1 0 1 3 1 1 54
1568.31 0 4 1 1 1 1 3 1 1 54
1568.86 0 3 1 1 0 1 3 2 1 54
1573.04 0 3 2 2 0 0 3 2 1 54
1585.52 0 2 2 2 0 0 2 2 2 54
1594.09 0 2 2 2 1 1 1 2 2 54
1603.9 0 3 2 2 1 1 2 2 1 54
1610.65 0 2 2 2 1 1 1 2 2 54
1615.17 0 3 2 2 2 1 1 1 2 54
1619.79 1 4 2 2 1 1 1 1 2 54
1629.69 1 5 2 2 1 1 2 1 1 54
1636.34 1 4 2 2 1 1 1 1 2 54
1639.3 1 3 2 2 1 1 0 1 3 54
1642.04 0 2 2 2 2 1 0 1 3 54
1642.27 0 3 2 2 2 1 1 1 2 54
1642.74 0 4 2 2 2 1 2 1 1 54
1646.12 0 3 2 2 2 1 1 1 2 54
1646.5 0 2 2 2 1 1 1 2 2 54
1647.69 1 3 2 2 0 1 1 2 2 54
1648.58 1 4 2 2 1 1 1 1 2 54
1649.78 0 3 2 2 2 1 1 1 2 54
1654.98 0 4 2 2 2 1 2 1 1 54
1656.41 0 3 2 2 1 1 2 2 1 54
1665.63 0 3 1 1 1 2 2 2 1 54
1668.92 0 3 1 1 1 1 2 1 1 55
1672.03 1 4 1 1 0 1 2 1 1 55
1678.06 1 5 1 1 0 1 3 1 0 55
1678.69 1 5 2 2 0 0 3 1 0 55
1689.4 1 4 2 2 0 0 2 1 1 55
1690.26 0 3 2 2 1 0 2 1 1 55
1709.11 0 4 2 2 1 0 3 1 0 55
1709.28 0 3 2 2 1 0 2 1 1 55
1737.09 0 4 2 2 1 0 3 1 0 55
1738.59 1 5 2 2 0 0 3 1 0 55
1744.59 1 4 2 2 0 0 2 1 1 55
1746.53 0 3 2 2 1 0 2 1 1 55
1748.69 0 3 2 2 1 1 2 2 1 54
1749.01 0 2 2 2 1 1 1 2 2 54
1752.19 0 2 1 1 1 2 1 2 2 54
1755.75 0 2 0 0 1 3 1 2 2 54
1758.27 0 2 0 0 0 2 2 2 2 54
1761.1 0 3 0 0 1 2 2 1 2 54
1761.96 1 4 0 0 0 2 2 1 2 54
1763.16 1 5 0 0 1 2 2 0 2 54
1763.49 2 6 0 0 0 2 2 0 2 54
1785.79 2 7 0 0 0 2 3 0 1 54
1788.68 2 8 0 0 0 2 4 0 0 54
1790.94 2 7 0 0 0 2 3 0 1 54
1791.44 1 6 0 0 1 2 3 0 1 54
1796.62 1 6 0 0 0 1 4 0 1 54
1797.57 1 7 0 0 0 1 5 0 0 54
1802.41 1 6 0 0 0 1 4 0 1 54
1802.75 0 5 0 0 1 1 4 0 1 54
1803.4 0 4 0 0 1 1 3 0 2 54
1810.13 0 3 0 0 1 1 2 0 3 54
1813.85 0 4 0 0 1 1 3 0 2 54
1817.92 0 3 0 0 1 1 2 0 3 54
1819.65 0 2 0 0 1 1 1 0 4 54
1822.47 0 3 0 0 1 1 2 0 3 54
1831.05 0 3 0 0 2 2 1 0 3 54
1839.82 0 2 0 0 2 2 0 0 4 54
1843.23 0 3 0 0 2 2 1 0 3 54
1851.17 0 4 0 0 2 2 2 0 2 54
1851.54 0 4 0 0 2 3 2 1 2 53
1864.23 0 4 0 0 1 2 3 1 2 53
1871.58 0 5 0 0 1 2 4 1 1 53
1885.92 0 4 0 0 1 2 3 1 2 53
1891.26 0 5 0 0 1 2 4 1 1 53
1893.83 0 4 0 0 1 2 3 1 2 53
1897.7 0 4 0 0 2 3 2 1 2 53
1900.54 0 5 0 0 2 3 3 1 1 53
1902.85 0 5 1 1 2 2 3 1 1 53
1903.23 0 4 1 1 2 2 2 1 2 53
1917.4 0 3 1 1 1 2 2 2 2 53
1919.4 0 2 1 1 1 2 1 2 3 53
1919.74 0 3 1 1 1 2 2 2 2 53
1924.03 0 3 1 1 1 1 2 1 2 54
1931.41 1 4 1 1 0 1 2 1 2 54
1939.24 0 3 1 1 1 1 2 1 2 54
1942.92 0 2 1 1 1 1 1 1 3 54
1950.36 0 3 1 1 1 1 2 1 2 54
1977.75 0 2 1 1 1 1 1 1 3 54
1978.04 0 2 1 1 1 0 1 0 3 55
1989 0 3 1 1 1 0 2 0 2 55
1995.67 1 4 1 1 0 0 2 0 2 55
2010.87 1 5 1 1 0 0 3 0 1 55
2016.24 1 4 1 1 0 0 2 0 2 55
2020.01 1 3 1 1 0 0 1 0 3 55
2022.73 1 4 1 1 0 0 2 0 2 55
2025.14 1 3 1 1 0 0 1 0 3 55
2027.28 1 4 1 1 0 0 2 0 2 55
2027.41 0 3 1 1 1 0 2 0 2 55
2027.83 0 2 1 1 1 0 1 0 3 55
2031.58 0 1 1 1 0 0 1 1 3 55
2039.72 0 1 0 0 0 1 1 1 3 55
2046.85 0 2 0 0 0 1 2 1 2 55
2050.23 0 2 0 0 1 2 1 1 2 55
2051.37 0 3 0 0 1 2 2 1 1 55
2054.09 0 3 0 0 1 3 2 2 1 54
2054.18 0 4 0 0 2 3 2 1 1 54
2056.57 0 4 0 0 1 2 3 1 1 54
2058.37 0 5 0 0 1 2 4 1 0 54
2060.53 0 4 0 0 1 2 3 1 1 54
2073.83 0 3 0 0 1 2 2 1 2 54
2075.51 0 4 0 0 1 2 3 1 1 54
2078.86 0 3 0 0 1 2 2 1 2 54
2084.94 1 4 0 0 0 2 2 1 2 54
2088.65 1 3 0 0 0 2 1 1 3 54
2091.02 0 2 0 0 1 2 1 1 3 54
2096.18 0 2 0 0 1 3 1 2 3 53
2110.91 0 3 0 0 1 3 2 2 2 53
2113.23 0 3 0 0 2 4 1 2 2 53
2121.12 0 3 0 0 2 3 1 1 2 54
2126.53 0 3 0 0 3 4 0 1 2 54
2129.8 0 3 0 0 2 3 1 1 2 54
2131.64 0 4 0 0 2 3 2 1 1 54
2136.28 0 3 0 0 2 3 1 1 2 54
2137.77 0 4 0 0 2 3 2 1 1 54
2140.68 1 5 0 0 1 3 2 1 1 54
2154.94 0 4 0 0 2 3 2 1 1 54
2158.03 0 3 0 0 1 3 2 2 1 54
2160.69 0 3 1 1 1 2 2 2 1 54
2161.18 0 3 1 1 1 3 2 3 1 53
2161.64 0 3 1 1 1 2 2 2 1 54
2161.65 0 2 1 1 1 2 1 2 2 54
2165.02 0 2 0 0 1 3 1 2 2 54
2165.35 0 2 0 0 0 2 2 2 2 54
2167.62 0 2 0 0 0 3 2 3 2 53
2171.78 0 3 0 0 1 3 2 2 2 53
2173.24 0 4 0 0 1 3 3 2 1 53
2180.5 0 3 0 0 1 3 2 2 2 53
2182.66 0 3 0 0 1 2 2 1 2 54
2185.43 0 2 0 0 1 2 1 1 3 54
2193.09 0 2 0 0 1 3 1 2 3 53
2193.3 0 2 0 0 1 2 1 1 3 54
2203.77 1 3 0 0 0 2 1 1 3 54
2205.68 1 4 0 0 0 2 2 1 2 54
2221.78 1 4 0 0 1 3 1 1 2 54
2223.53 1 5 0 0 1 3 2 1 1 54
2231 1 5 0 0 1 2 2 0 1 55
2239.32 1 4 0 0 0 2 2 1 1 55
2241.7 0 3 0 0 1 2 2 1 1 55
2244.06 0 2 0 0 0 2 2 2 1 55
2263.65 0 1 0 0 0 2 1 2 2 55
2273.27 0 2 0 0 0 2 2 2 1 55
2275.24 0 2 0 0 0 1 2 1 1 56
2311.05 0 2 0 0 0 0 2 0 1 57
2314.84 0 3 0 0 0 0 3 0 0 57
2321.94 0 3 0 0 0 1 3 1 0 56
2327.24 0 2 0 0 0 1 2 1 1 56
2344.79 0 3 0 0 0 1 3 1 0 56
2346.32 0 4 0 0 1 1 3 0 0 56
2353.25 0 4 1 1 1 0 3 0 0 56
2358.33 0 4 1 1 1 1 3 1 0 55
2359.53 0 3 1 1 0 1 3 2 0 55
2363.35 0 4 1 1 1 1 3 1 0 55
2372.22 0 3 1 1 1 1 2 1 1 55
2408.6 0 4 1 1 1 1 3 1 0 55
2411.39 0 4 1 1 0 0 4 1 0 55
2412.25 0 4 1 1 1 1 3 1 0 55
2413.4 0 3 1 1 0 1 3 2 0 55
2425.84 0 4 1 1 1 1 3 1 0 55
2426.12 0 5 1 1 2 1 3 0 0 55
2429.62 0 4 1 1 2 1 2 0 1 55
2430.18 0 5 1 1 2 1 3 0 0 55
2430.24 0 5 1 1 1 0 4 0 0 55
2432.21 1 6 1 1 0 0 4 0 0 55
2432.6 1 6 1 1 1 1 3 0 0 55
2433.85 1 5 1 1 1 1 2 0 1 55
2434.22 1 4 1 1 1 1 1 0 2 55
2434.61 2 5 1 1 0 1 1 0 2 55
2438.6 1 4 1 1 1 1 1 0 2 55
2439.85 1 3 1 1 0 1 1 1 2 55
2440.19 1 3 1 1 0 0 1 0 2 56
2445.38 1 4 1 1 0 0 2 0 1 56
2456.72 1 3 1 1 0 0 1 0 2 56
2462.84 1 2 1 1 0 0 0 0 3 56
2477.77 1 3 1 1 0 0 1 0 2 56
2486.58 1 4 1 1 0 0 2 0 1 56
2487.34 0 3 1 1 1 0 2 0 1 56
2492.11 0 4 1 1 1 0 3 0 0 56
2500.8 0 3 1 1 1 0 2 0 1 56
2503.24 0 2 1 1 1 0 1 0 2 56
2519.73 0 2 1 1 2 1 0 0 2 56
2523.77 0 2 0 0 2 2 0 0 2 56
2524.14 1 3 0 0 1 2 0 0 2 56
2527.8 2 4 0 0 0 2 0 0 2 56
2531.85 1 3 0 0 1 2 0 0 2 56
2533.01 1 3 1 1 1 1 0 0 2 56
2535.33 1 2 1 1 0 1 0 1 2 56
2544.78 1 3 1 1 1 1 0 0 2 56
2547.47 1 4 1 1 1 1 1 0 1 56
2555.02 1 5 1 1 1 1 2 0 0 56
2563.79 1 4 1 1 1 1 1 0 1 56
2569.88 0 3 1 1 2 1 1 0 1 56
2571.15 0 4 1 1 2 1 2 0 0 56
2571.38 0 4 1 1 1 0 3 0 0 56
2592.41 0 3 1 1 0 0 3 1 0 56
2607.37 0 2 1 1 0 0 2 1 1 56
2631.68 0 3 1 1 0 0 3 1 0 56
2648.25 0 3 0 0 0 1 3 1 0 56
2664.3 0 3 1 1 0 0 3 1 0 56
2672.85 0 3 1 1 1 1 2 1 0 56
2692.59 0 2 1 1 1 1 1 1 1 56
2704.32 0 3 1 1 1 1 2 1 0 56
2708.19 0 2 1 1 0 1 2 2 0 56
2712.64 0 1 1 1 0 1 1 2 1 56
2724.04 0 1 1 1 0 2 1 3 1 55
2743.48 0 1 2 2 0 1 1 3 1 55
2747.88 0 1 2 2 0 0 1 2 1 56
2753.49 0 0 2 2 0 0 0 2 2 56
2763.58 0 1 2 2 0 0 1 2 1 56
2772.62 0 0 2 2 0 0 0 2 2 56
2785.68 0 1 2 2 0 0 1 2 1 56
2793.03 0 0 2 2 0 0 0 2 2 56
2801.46 0 1 2 2 0 0 1 2 1 56
2812.19 0 2 2 2 0 0 2 2 0 56
2821.96 0 3 2 2 1 0 2 1 0 56
2832.09 0 2 2 2 1 0 1 1 1 56
2865.94 1 3 2 2 0 0 1 1 1 56
2877.11 1 3 2 2 1 1 0 1 1 56
2902.34 1 4 2 2 2 1 0 0 1 56
2903.08 1 4 2 2 1 0 1 0 1 56
2904.05 1 5 2 2 1 0 2 0 0 56
2904.95 1 4 2 2 1 0 1 0 1 56
2911.26 1 3 2 2 1 0 0 0 2 56
2913.16 1 4 2 2 1 0 1 0 1 56
2913.55 0 3 2 2 2 0 1 0 1 56
2913.85 0 3 1 1 2 1 1 0 1 56
2915.43 0 2 1 1 1 1 1 1 1 56
2921.76 0 1 1 1 1 1 0 1 2 56
2938.75 0 2 1 1 1 1 1 1 1 56
2942.03 1 3 1 1 0 1 1 1 1 56
2947.02 1 4 1 1 1 1 1 0 1 56
2947.16 1 3 1 1 0 1 1 1 1 56
2955.12 1 3 0 0 0 2 1 1 1 56
2969.13 1 3 0 0 0 1 1 0 1 57
2991.06 0 2 0 0 1 1 1 0 1 57
2993.98 0 2 0 0 1 2 1 1 1 56
2994.44 0 2 1 1 1 1 1 1 1 56
2994.44 0 2 1 1 1 1 1 1 1 56
