0.09600 1.88800 2 0 -1 0 0 0 0 0 0 0 1 0 0 0 0 0 0 0 0 
1.60000 4.83201 3 0 0 -1 0 0 0 0 0 0 0 1 0 0 0 0 0 0 0 
6.68800 5.69595 1 -1 0 0 0 0 0 0 0 1 0 0 0 0 0 0 0 0 0 
20.57585 3.35996 2 0 -1 0 0 0 0 0 0 0 1 0 0 0 0 0 0 0 0 
24.41580 8.15993 9 0 0 0 0 0 0 0 0 -1 -1 0 0 1 0 0 0 0 0 
36.35190 11.48854 13 0 0 0 0 0 0 0 0 0 -1 0 0 -1 0 0 0 1 0 
63.52118 0.00000 19 0 1 0 0 0 0 0 0 0 0 0 0 1 0 0 0 -1 0 
64.86514 0.00000 15 0 1 0 0 0 0 0 0 1 0 0 0 -1 0 0 0 0 0 
80.67199 4.28769 4 0 0 0 -1 0 0 0 0 0 0 0 1 0 0 0 0 0 0 
121.27705 8.22341 10 0 0 0 0 0 0 0 0 0 0 -1 -1 0 1 0 0 0 0 
167.00174 4.92764 2 0 -1 0 0 0 0 0 0 0 1 0 0 0 0 0 0 0 0 
192.98386 4.35168 2 0 -1 0 0 0 0 0 0 0 1 0 0 0 0 0 0 0 0 
190.52003 10.87921 9 0 0 0 0 0 0 0 0 -1 -1 0 0 1 0 0 0 0 0 
203.54309 0.00000 15 0 1 0 0 0 0 0 0 1 0 0 0 -1 0 0 0 0 0 
212.53444 3.87172 2 0 -1 0 0 0 0 0 0 0 1 0 0 0 0 0 0 0 0 
210.26260 10.59123 9 0 0 0 0 0 0 0 0 -1 -1 0 0 1 0 0 0 0 0 
220.88583 16.06284 13 0 0 0 0 0 0 0 0 0 -1 0 0 -1 0 0 0 1 0 
266.03934 8.00323 14 0 0 0 0 0 0 0 0 0 0 0 0 0 -1 0 0 -1 1 
