2.49600 5.34401 2 0 -1 0 0 0 0 0 0 0 1 0 0 0 0 0 0 0 0 
3.74400 4.19201 1 -1 0 0 0 0 0 0 0 1 0 0 0 0 0 0 0 0 0 
19.93586 3.96795 3 0 0 -1 0 0 0 0 0 0 0 1 0 0 0 0 0 0 0 
21.34385 4.28794 4 0 0 0 -1 0 0 0 0 0 0 0 1 0 0 0 0 0 0 
23.13582 3.55195 2 0 -1 0 0 0 0 0 0 0 1 0 0 0 0 0 0 0 0 
34.55982 7.04033 10 0 0 0 0 0 0 0 0 0 0 -1 -1 0 1 0 0 0 0 
31.42371 11.68051 9 0 0 0 0 0 0 0 0 -1 -1 0 0 1 0 0 0 0 0 
50.14455 0.00000 16 0 0 0 1 0 0 0 0 0 0 1 0 0 1 0 0 0 0 
67.04097 4.06371 4 0 0 0 -1 0 0 0 0 0 0 0 1 0 0 0 0 0 0 
71.13668 10.94321 10 0 0 0 0 0 0 0 0 0 0 -1 -1 0 1 0 0 0 0 
209.65465 0.00000 16 0 0 0 1 0 0 0 0 0 0 1 0 0 1 0 0 0 0 
