0.09600 5.34401 2 0 -1 0 0 0 0 0 0 0 1 0 0 0 0 0 0 0 0 
0.09600 6.81601 3 0 0 -1 0 0 0 0 0 0 0 1 0 0 0 0 0 0 0 
10.81597 5.66393 1 -1 0 0 0 0 0 0 0 1 0 0 0 0 0 0 0 0 0 
14.75193 3.67995 4 0 0 0 -1 0 0 0 0 0 0 0 1 0 0 0 0 0 0 
23.58381 4.31994 2 0 -1 0 0 0 0 0 0 0 1 0 0 0 0 0 0 0 0 
67.13697 7.26347 9 0 0 0 0 0 0 0 0 -1 -1 0 0 1 0 0 0 0 0 
98.84668 6.97549 10 0 0 0 0 0 0 0 0 0 0 -1 -1 0 1 0 0 0 0 
139.09976 9.91928 13 0 0 0 0 0 0 0 0 0 -1 0 0 -1 0 0 0 1 0 
216.66214 0.00000 16 0 0 0 1 0 0 0 0 0 0 1 0 0 1 0 0 0 0 
223.54164 5.11963 4 0 0 0 -1 0 0 0 0 0 0 0 1 0 0 0 0 0 0 
242.99623 8.06342 10 0 0 0 0 0 0 0 0 0 0 -1 -1 0 1 0 0 0 0 
274.49075 0.00000 19 0 1 0 0 0 0 0 0 0 0 0 0 1 0 0 0 -1 0 
290.78534 0.00000 15 0 1 0 0 0 0 0 0 1 0 0 0 -1 0 0 0 0 0 
293.37839 3.90558 2 0 -1 0 0 0 0 0 0 0 1 0 0 0 0 0 0 0 0 
315.01913 0.00000 16 0 0 0 1 0 0 0 0 0 0 1 0 0 1 0 0 0 0 
327.34412 3.71350 4 0 0 0 -1 0 0 0 0 0 0 0 1 0 0 0 0 0 0 
332.08203 9.50784 9 0 0 0 0 0 0 0 0 -1 -1 0 0 1 0 0 0 0 0 
331.12164 12.54907 10 0 0 0 0 0 0 0 0 0 0 -1 -1 0 1 0 0 0 0 
353.59473 5.31415 2 0 -1 0 0 0 0 0 0 0 1 0 0 0 0 0 0 0 0 
364.44711 0.00000 15 0 1 0 0 0 0 0 0 1 0 0 0 -1 0 0 0 0 0 
373.09061 4.22571 2 0 -1 0 0 0 0 0 0 0 1 0 0 0 0 0 0 0 0 
392.39441 0.00000 16 0 0 0 1 0 0 0 0 0 0 1 0 0 1 0 0 0 0 
415.18762 7.58707 9 0 0 0 0 0 0 0 0 -1 -1 0 0 1 0 0 0 0 0 
425.49579 4.25772 4 0 0 0 -1 0 0 0 0 0 0 0 1 0 0 0 0 0 0 
446.40024 8.03525 13 0 0 0 0 0 0 0 0 0 -1 0 0 -1 0 0 0 1 0 
468.29709 6.69070 10 0 0 0 0 0 0 0 0 0 0 -1 -1 0 1 0 0 0 0 
480.68610 0.00000 19 0 1 0 0 0 0 0 0 0 0 0 0 1 0 0 0 -1 0 
489.68173 0.00000 15 0 1 0 0 0 0 0 0 1 0 0 0 -1 0 0 0 0 0 
493.68335 4.38577 2 0 -1 0 0 0 0 0 0 0 1 0 0 0 0 0 0 0 0 
517.55969 3.23022 2 0 -1 0 0 0 0 0 0 0 1 0 0 0 0 0 0 0 0 
530.86438 9.05103 9 0 0 0 0 0 0 0 0 -1 -1 0 0 1 0 0 0 0 0 
541.67444 7.26001 11 0 0 0 0 0 0 0 0 0 0 0 0 -1 -1 1 0 0 0 
597.25989 8.82715 12 0 0 0 0 0 0 0 0 0 -1 0 0 0 0 -1 1 0 0 
654.25256 0.00000 18 0 1 0 0 0 0 0 0 0 0 0 0 0 0 1 -1 0 0 
698.83606 3.74194 2 0 -1 0 0 0 0 0 0 0 1 0 0 0 0 0 0 0 0 
831.08337 0.00000 17 0 0 0 0 1 0 0 0 0 0 0 0 0 1 -1 0 0 0 
896.13562 4.31763 5 0 0 0 0 -1 0 0 0 0 0 0 0 1 0 0 0 0 0 
889.54724 10.93799 5 0 0 0 0 -1 0 0 0 0 0 0 0 1 0 0 0 0 0 
959.23694 0.00000 15 0 1 0 0 0 0 0 0 1 0 0 0 -1 0 0 0 0 0 
967.52039 0.00000 16 0 0 0 1 0 0 0 0 0 0 1 0 0 1 0 0 0 0 
975.35608 4.12573 4 0 0 0 -1 0 0 0 0 0 0 0 1 0 0 0 0 0 0 
982.00842 9.21094 10 0 0 0 0 0 0 0 0 0 0 -1 -1 0 1 0 0 0 0 
996.08069 0.00000 16 0 0 0 1 0 0 0 0 0 0 1 0 0 1 0 0 0 0 
1098.48840 4.15771 4 0 0 0 -1 0 0 0 0 0 0 0 1 0 0 0 0 0 0 
1111.18542 8.44336 9 0 0 0 0 0 0 0 0 -1 -1 0 0 1 0 0 0 0 0 
1142.30432 0.00000 15 0 1 0 0 0 0 0 0 1 0 0 0 -1 0 0 0 0 0 
1170.06506 2.20679 2 0 -1 0 0 0 0 0 0 0 1 0 0 0 0 0 0 0 0 
1164.30823 8.25146 10 0 0 0 0 0 0 0 0 0 0 -1 -1 0 1 0 0 0 0 
