2.43200 5.85601 2 0 -1 0 0 0 0 0 0 0 1 0 0 0 0 0 0 0 0 
4.60801 5.21598 4 0 0 0 -1 0 0 0 0 0 0 0 1 0 0 0 0 0 0 
11.19997 5.24793 1 -1 0 0 0 0 0 0 0 1 0 0 0 0 0 0 0 0 0 
16.51190 11.00786 9 0 0 0 0 0 0 0 0 -1 -1 0 0 1 0 0 0 0 0 
29.05574 5.28007 3 0 0 -1 0 0 0 0 0 0 0 1 0 0 0 0 0 0 0 
32.79974 5.44025 2 0 -1 0 0 0 0 0 0 0 1 0 0 0 0 0 0 0 0 
74.78442 0.00000 15 0 1 0 0 0 0 0 0 1 0 0 0 -1 0 0 0 0 0 
81.50393 10.71922 10 0 0 0 0 0 0 0 0 0 0 -1 -1 0 1 0 0 0 0 
93.79104 10.71922 9 0 0 0 0 0 0 0 0 -1 -1 0 0 1 0 0 0 0 0 
104.44627 5.05563 2 0 -1 0 0 0 0 0 0 0 1 0 0 0 0 0 0 0 0 
105.02222 9.27933 11 0 0 0 0 0 0 0 0 0 0 0 0 -1 -1 1 0 0 0 
251.60361 10.49814 12 0 0 0 0 0 0 0 0 0 -1 0 0 0 0 -1 1 0 0 
273.53036 0.00000 18 0 1 0 0 0 0 0 0 0 0 0 0 0 0 1 -1 0 0 
274.26666 5.34616 2 0 -1 0 0 0 0 0 0 0 1 0 0 0 0 0 0 0 0 
279.67685 12.00485 12 0 0 0 0 0 0 0 0 0 -1 0 0 0 0 -1 1 0 0 
295.97144 0.00000 18 0 1 0 0 0 0 0 0 0 0 0 0 0 0 1 -1 0 0 
317.99634 4.35376 2 0 -1 0 0 0 0 0 0 0 1 0 0 0 0 0 0 0 0 
357.37225 9.25174 12 0 0 0 0 0 0 0 0 0 -1 0 0 0 0 -1 1 0 0 
410.70581 0.00000 18 0 1 0 0 0 0 0 0 0 0 0 0 0 0 1 -1 0 0 
435.03564 0.00000 17 0 0 0 0 1 0 0 0 0 0 0 0 0 1 -1 0 0 0 
442.97485 4.57785 2 0 -1 0 0 0 0 0 0 0 1 0 0 0 0 0 0 0 0 
449.63354 4.57785 5 0 0 0 0 -1 0 0 0 0 0 0 0 1 0 0 0 0 0 
454.24341 11.26855 11 0 0 0 0 0 0 0 0 0 0 0 0 -1 -1 1 0 0 0 
517.36780 8.92310 12 0 0 0 0 0 0 0 0 0 -1 0 0 0 0 -1 1 0 0 
587.69714 0.00000 18 0 1 0 0 0 0 0 0 0 0 0 0 0 0 1 -1 0 0 
637.81360 3.90186 2 0 -1 0 0 0 0 0 0 0 1 0 0 0 0 0 0 0 0 
681.21375 8.44336 12 0 0 0 0 0 0 0 0 0 -1 0 0 0 0 -1 1 0 0 
726.69275 0.00000 18 0 1 0 0 0 0 0 0 0 0 0 0 0 0 1 -1 0 0 
748.98450 3.64600 2 0 -1 0 0 0 0 0 0 0 1 0 0 0 0 0 0 0 0 
826.70178 10.04248 12 0 0 0 0 0 0 0 0 0 -1 0 0 0 0 -1 1 0 0 
859.99548 0.00000 18 0 1 0 0 0 0 0 0 0 0 0 0 0 0 1 -1 0 0 
861.24280 5.34106 2 0 -1 0 0 0 0 0 0 0 1 0 0 0 0 0 0 0 0 
866.61584 11.99341 12 0 0 0 0 0 0 0 0 0 -1 0 0 0 0 -1 1 0 0 
933.36316 0.00000 18 0 1 0 0 0 0 0 0 0 0 0 0 0 0 1 -1 0 0 
954.59949 2.39868 2 0 -1 0 0 0 0 0 0 0 1 0 0 0 0 0 0 0 0 
957.06213 9.75464 12 0 0 0 0 0 0 0 0 0 -1 0 0 0 0 -1 1 0 0 
1034.42761 0.00000 18 0 1 0 0 0 0 0 0 0 0 0 0 0 0 1 -1 0 0 
1074.91736 4.09375 2 0 -1 0 0 0 0 0 0 0 1 0 0 0 0 0 0 0 0 
1079.04309 14.07227 12 0 0 0 0 0 0 0 0 0 -1 0 0 0 0 -1 1 0 0 
1102.35828 0.00000 18 0 1 0 0 0 0 0 0 0 0 0 0 0 0 1 -1 0 0 
1117.32605 2.78247 2 0 -1 0 0 0 0 0 0 0 1 0 0 0 0 0 0 0 0 
