0.73600 6.08001 3 0 0 -1 0 0 0 0 0 0 0 1 0 0 0 0 0 0 0 
3.00800 4.25601 1 -1 0 0 0 0 0 0 0 1 0 0 0 0 0 0 0 0 0 
2.62400 5.92000 4 0 0 0 -1 0 0 0 0 0 0 0 1 0 0 0 0 0 0 
10.65597 7.29591 10 0 0 0 0 0 0 0 0 0 0 -1 -1 0 1 0 0 0 0 
14.52793 4.47994 2 0 -1 0 0 0 0 0 0 0 1 0 0 0 0 0 0 0 0 
30.87972 7.23227 9 0 0 0 0 0 0 0 0 -1 -1 0 0 1 0 0 0 0 0 
47.23242 4.80022 2 0 -1 0 0 0 0 0 0 0 1 0 0 0 0 0 0 0 0 
94.07902 0.00000 16 0 0 0 1 0 0 0 0 0 0 1 0 0 1 0 0 0 0 
139.48373 0.00000 15 0 1 0 0 0 0 0 0 1 0 0 0 -1 0 0 0 0 0 
147.54715 6.01556 2 0 -1 0 0 0 0 0 0 0 1 0 0 0 0 0 0 0 0 
169.49756 4.28769 4 0 0 0 -1 0 0 0 0 0 0 0 1 0 0 0 0 0 0 
173.84924 12.76707 10 0 0 0 0 0 0 0 0 0 0 -1 -1 0 1 0 0 0 0 
213.81435 0.00000 16 0 0 0 1 0 0 0 0 0 0 1 0 0 1 0 0 0 0 
205.27097 11.93513 9 0 0 0 0 0 0 0 0 -1 -1 0 0 1 0 0 0 0 0 
217.27010 9.91928 13 0 0 0 0 0 0 0 0 0 -1 0 0 -1 0 0 0 1 0 
223.60564 4.86365 4 0 0 0 -1 0 0 0 0 0 0 0 1 0 0 0 0 0 0 
228.53328 10.71922 10 0 0 0 0 0 0 0 0 0 0 -1 -1 0 1 0 0 0 0 
261.14136 7.58707 14 0 0 0 0 0 0 0 0 0 0 0 0 0 -1 0 0 -1 1 
