0.09600 4.70400 1 -1 0 0 0 0 0 0 0 1 0 0 0 0 0 0 0 0 0 
2.56000 4.41601 4 0 0 0 -1 0 0 0 0 0 0 0 1 0 0 0 0 0 0 
12.22396 5.91992 2 0 -1 0 0 0 0 0 0 0 1 0 0 0 0 0 0 0 0 
20.67184 4.25595 3 0 0 -1 0 0 0 0 0 0 0 1 0 0 0 0 0 0 0 
25.15179 7.13593 9 0 0 0 0 0 0 0 0 -1 -1 0 0 1 0 0 0 0 0 
52.12864 0.00000 15 0 1 0 0 0 0 0 0 1 0 0 0 -1 0 0 0 0 0 
78.11217 3.10378 2 0 -1 0 0 0 0 0 0 0 1 0 0 0 0 0 0 0 0 
87.07153 5.15163 2 0 -1 0 0 0 0 0 0 0 1 0 0 0 0 0 0 0 0 
104.57426 9.40732 9 0 0 0 0 0 0 0 0 -1 -1 0 0 1 0 0 0 0 0 
113.69360 6.43153 10 0 0 0 0 0 0 0 0 0 0 -1 -1 0 1 0 0 0 0 
120.41311 0.00000 15 0 1 0 0 0 0 0 0 1 0 0 0 -1 0 0 0 0 0 
128.63652 5.43961 2 0 -1 0 0 0 0 0 0 0 1 0 0 0 0 0 0 0 0 
182.39262 10.81522 9 0 0 0 0 0 0 0 0 -1 -1 0 0 1 0 0 0 0 0 
207.89478 7.55145 13 0 0 0 0 0 0 0 0 0 -1 0 0 -1 0 0 0 1 0 
244.75610 8.60738 14 0 0 0 0 0 0 0 0 0 0 0 0 0 -1 0 0 -1 1 
