2.75200 4.89601 1 -1 0 0 0 0 0 0 0 1 0 0 0 0 0 0 0 0 0 
3.04000 4.92801 2 0 -1 0 0 0 0 0 0 0 1 0 0 0 0 0 0 0 0 
7.00801 4.15996 3 0 0 -1 0 0 0 0 0 0 0 1 0 0 0 0 0 0 0 
13.47194 4.67194 2 0 -1 0 0 0 0 0 0 0 1 0 0 0 0 0 0 0 0 
10.84797 8.79989 9 0 0 0 0 0 0 0 0 -1 -1 0 0 1 0 0 0 0 0 
42.91222 4.35220 4 0 0 0 -1 0 0 0 0 0 0 0 1 0 0 0 0 0 0 
61.18507 0.00000 15 0 1 0 0 0 0 0 0 1 0 0 0 -1 0 0 0 0 0 
64.99313 8.76736 10 0 0 0 0 0 0 0 0 0 0 -1 -1 0 1 0 0 0 0 
78.94411 3.67973 2 0 -1 0 0 0 0 0 0 0 1 0 0 0 0 0 0 0 0 
75.36037 8.67137 9 0 0 0 0 0 0 0 0 -1 -1 0 0 1 0 0 0 0 0 
143.83542 9.75929 11 0 0 0 0 0 0 0 0 0 0 0 0 -1 -1 1 0 0 0 
162.17009 7.45546 12 0 0 0 0 0 0 0 0 0 -1 0 0 0 0 -1 1 0 0 
201.14326 0.00000 18 0 1 0 0 0 0 0 0 0 0 0 0 0 0 1 -1 0 0 
224.50157 0.00000 17 0 0 0 0 1 0 0 0 0 0 0 0 0 1 -1 0 0 0 
230.80511 6.59152 5 0 0 0 0 -1 0 0 0 0 0 0 0 1 0 0 0 0 0 
238.70854 0.00000 15 0 1 0 0 0 0 0 0 1 0 0 0 -1 0 0 0 0 0 
249.87573 2.17584 2 0 -1 0 0 0 0 0 0 0 1 0 0 0 0 0 0 0 0 
272.28186 0.00000 16 0 0 0 1 0 0 0 0 0 0 1 0 0 1 0 0 0 0 
277.05179 1.95279 4 0 0 0 -1 0 0 0 0 0 0 0 1 0 0 0 0 0 0 
306.08752 6.21051 10 0 0 0 0 0 0 0 0 0 0 -1 -1 0 1 0 0 0 0 
347.60831 0.00000 16 0 0 0 1 0 0 0 0 0 0 1 0 0 1 0 0 0 0 
357.27621 5.21811 4 0 0 0 -1 0 0 0 0 0 0 0 1 0 0 0 0 0 0 
405.03952 7.61908 10 0 0 0 0 0 0 0 0 0 0 -1 -1 0 1 0 0 0 0 
685.43542 0.00000 16 0 0 0 1 0 0 0 0 0 0 1 0 0 1 0 0 0 0 
774.18665 4.89331 4 0 0 0 -1 0 0 0 0 0 0 0 1 0 0 0 0 0 0 
882.67102 7.35596 10 0 0 0 0 0 0 0 0 0 0 -1 -1 0 1 0 0 0 0 
919.22693 0.00000 16 0 0 0 1 0 0 0 0 0 0 1 0 0 1 0 0 0 0 
948.49084 4.82935 4 0 0 0 -1 0 0 0 0 0 0 0 1 0 0 0 0 0 0 
953.38416 6.81226 10 0 0 0 0 0 0 0 0 0 0 -1 -1 0 1 0 0 0 0 
1164.75598 0.00000 16 0 0 0 1 0 0 0 0 0 0 1 0 0 1 0 0 0 0 
1177.80481 5.98071 4 0 0 0 -1 0 0 0 0 0 0 0 1 0 0 0 0 0 0 
