4.92801 4.83198 3 0 0 -1 0 0 0 0 0 0 0 1 0 0 0 0 0 0 0 
4.48000 5.75998 4 0 0 0 -1 0 0 0 0 0 0 0 1 0 0 0 0 0 0 
5.60000 4.70398 1 -1 0 0 0 0 0 0 0 1 0 0 0 0 0 0 0 0 0 
11.48797 5.34393 2 0 -1 0 0 0 0 0 0 0 1 0 0 0 0 0 0 0 0 
12.79994 4.25595 2 0 -1 0 0 0 0 0 0 0 1 0 0 0 0 0 0 0 0 
34.87984 8.57640 9 0 0 0 0 0 0 0 0 -1 -1 0 0 1 0 0 0 0 0 
44.76830 0.00000 15 0 1 0 0 0 0 0 0 1 0 0 0 -1 0 0 0 0 0 
58.56094 7.68009 9 0 0 0 0 0 0 0 0 -1 -1 0 0 1 0 0 0 0 0 
67.13697 0.00000 15 0 1 0 0 0 0 0 0 1 0 0 0 -1 0 0 0 0 0 
70.33675 5.59959 2 0 -1 0 0 0 0 0 0 0 1 0 0 0 0 0 0 0 0 
83.10381 8.95935 10 0 0 0 0 0 0 0 0 0 0 -1 -1 0 1 0 0 0 0 
141.27560 5.21562 2 0 -1 0 0 0 0 0 0 0 1 0 0 0 0 0 0 0 0 
172.95331 11.58316 9 0 0 0 0 0 0 0 0 -1 -1 0 0 1 0 0 0 0 0 
209.87863 0.00000 15 0 1 0 0 0 0 0 0 1 0 0 0 -1 0 0 0 0 0 
230.90111 5.37561 2 0 -1 0 0 0 0 0 0 0 1 0 0 0 0 0 0 0 0 
236.34071 9.05534 9 0 0 0 0 0 0 0 0 -1 -1 0 0 1 0 0 0 0 0 
289.02463 7.87518 13 0 0 0 0 0 0 0 0 0 -1 0 0 -1 0 0 0 1 0 
354.29901 0.00000 19 0 1 0 0 0 0 0 0 0 0 0 0 1 0 0 0 -1 0 
354.84323 3.07324 2 0 -1 0 0 0 0 0 0 0 1 0 0 0 0 0 0 0 0 
359.99731 0.00000 16 0 0 0 1 0 0 0 0 0 0 1 0 0 1 0 0 0 0 
375.52359 5.53824 4 0 0 0 -1 0 0 0 0 0 0 0 1 0 0 0 0 0 0 
384.93539 7.33096 10 0 0 0 0 0 0 0 0 0 0 -1 -1 0 1 0 0 0 0 
