1.53600 4.41601 3 0 0 -1 0 0 0 0 0 0 0 1 0 0 0 0 0 0 0 
1.63200 5.40801 1 -1 0 0 0 0 0 0 0 1 0 0 0 0 0 0 0 0 0 
4.28800 4.44800 4 0 0 0 -1 0 0 0 0 0 0 0 1 0 0 0 0 0 0 
8.16001 5.40793 2 0 -1 0 0 0 0 0 0 0 1 0 0 0 0 0 0 0 0 
13.85594 4.70394 2 0 -1 0 0 0 0 0 0 0 1 0 0 0 0 0 0 0 0 
16.31990 7.77590 9 0 0 0 0 0 0 0 0 -1 -1 0 0 1 0 0 0 0 0 
22.52782 11.67998 10 0 0 0 0 0 0 0 0 0 0 -1 -1 0 1 0 0 0 0 
36.25590 0.00000 15 0 1 0 0 0 0 0 0 1 0 0 0 -1 0 0 0 0 0 
41.79216 5.50426 2 0 -1 0 0 0 0 0 0 0 1 0 0 0 0 0 0 0 0 
49.24851 0.00000 16 0 0 0 1 0 0 0 0 0 0 1 0 0 1 0 0 0 0 
54.36874 8.28839 9 0 0 0 0 0 0 0 0 -1 -1 0 0 1 0 0 0 0 0 
77.69621 4.67166 4 0 0 0 -1 0 0 0 0 0 0 0 1 0 0 0 0 0 0 
82.39987 14.84692 10 0 0 0 0 0 0 0 0 0 0 -1 -1 0 1 0 0 0 0 
126.97263 0.00000 15 0 1 0 0 0 0 0 0 1 0 0 0 -1 0 0 0 0 0 
137.75586 5.15163 2 0 -1 0 0 0 0 0 0 0 1 0 0 0 0 0 0 0 0 
201.20726 0.00000 16 0 0 0 1 0 0 0 0 0 0 1 0 0 1 0 0 0 0 
193.23984 10.33525 9 0 0 0 0 0 0 0 0 -1 -1 0 0 1 0 0 0 0 0 
201.20726 4.22369 4 0 0 0 -1 0 0 0 0 0 0 0 1 0 0 0 0 0 0 
205.46295 11.48717 10 0 0 0 0 0 0 0 0 0 0 -1 -1 0 1 0 0 0 0 
217.43008 8.09541 13 0 0 0 0 0 0 0 0 0 -1 0 0 -1 0 0 0 1 0 
257.17175 7.97122 14 0 0 0 0 0 0 0 0 0 0 0 0 0 -1 0 0 -1 1 
1008.23401 0.00000 20 0 0 0 0 0 0 0 1 0 0 0 0 0 1 0 0 0 -1 
