0.09600 2.81600 2 0 -1 0 0 0 0 0 0 0 1 0 0 0 0 0 0 0 0 
3.39200 5.28000 4 0 0 0 -1 0 0 0 0 0 0 0 1 0 0 0 0 0 0 
12.60796 4.35194 2 0 -1 0 0 0 0 0 0 0 1 0 0 0 0 0 0 0 0 
20.89585 4.67194 1 -1 0 0 0 0 0 0 0 1 0 0 0 0 0 0 0 0 0 
27.03976 3.96795 3 0 0 -1 0 0 0 0 0 0 0 1 0 0 0 0 0 0 0 
51.16860 8.16038 9 0 0 0 0 0 0 0 0 -1 -1 0 0 1 0 0 0 0 0 
79.93604 0.00000 15 0 1 0 0 0 0 0 0 1 0 0 0 -1 0 0 0 0 0 
94.87896 7.99942 9 0 0 0 0 0 0 0 0 -1 -1 0 0 1 0 0 0 0 0 
103.71032 0.00000 15 0 1 0 0 0 0 0 0 1 0 0 0 -1 0 0 0 0 0 
108.06200 7.67944 10 0 0 0 0 0 0 0 0 0 0 -1 -1 0 1 0 0 0 0 
145.88327 4.44768 2 0 -1 0 0 0 0 0 0 0 1 0 0 0 0 0 0 0 0 
148.47508 5.43961 2 0 -1 0 0 0 0 0 0 0 1 0 0 0 0 0 0 0 0 
185.88037 0.00000 16 0 0 0 1 0 0 0 0 0 0 1 0 0 1 0 0 0 0 
183.03258 8.35139 9 0 0 0 0 0 0 0 0 -1 -1 0 0 1 0 0 0 0 0 
191.41597 6.55952 4 0 0 0 -1 0 0 0 0 0 0 0 1 0 0 0 0 0 0 
211.15854 0.00000 15 0 1 0 0 0 0 0 0 1 0 0 0 -1 0 0 0 0 0 
226.16545 3.77573 2 0 -1 0 0 0 0 0 0 0 1 0 0 0 0 0 0 0 0 
226.38943 8.03142 9 0 0 0 0 0 0 0 0 -1 -1 0 0 1 0 0 0 0 0 
225.42950 9.37532 10 0 0 0 0 0 0 0 0 0 0 -1 -1 0 1 0 0 0 0 
252.56354 0.00000 15 0 1 0 0 0 0 0 0 1 0 0 0 -1 0 0 0 0 0 
252.56354 6.04880 2 0 -1 0 0 0 0 0 0 0 1 0 0 0 0 0 0 0 0 
258.67636 8.93161 9 0 0 0 0 0 0 0 0 -1 -1 0 0 1 0 0 0 0 0 
279.61282 0.00000 16 0 0 0 1 0 0 0 0 0 0 1 0 0 1 0 0 0 0 
283.39035 4.70590 4 0 0 0 -1 0 0 0 0 0 0 0 1 0 0 0 0 0 0 
288.16028 5.41019 10 0 0 0 0 0 0 0 0 0 0 -1 -1 0 1 0 0 0 0 
322.73425 7.01083 13 0 0 0 0 0 0 0 0 0 -1 0 0 -1 0 0 0 1 0 
347.48026 0.00000 19 0 1 0 0 0 0 0 0 0 0 0 0 1 0 0 0 -1 0 
353.01849 0.00000 16 0 0 0 1 0 0 0 0 0 0 1 0 0 1 0 0 0 0 
358.74881 6.24252 2 0 -1 0 0 0 0 0 0 0 1 0 0 0 0 0 0 0 0 
368.51276 2.24091 4 0 0 0 -1 0 0 0 0 0 0 0 1 0 0 0 0 0 0 
365.05536 10.50024 13 0 0 0 0 0 0 0 0 0 -1 0 0 -1 0 0 0 1 0 
377.92456 10.14810 10 0 0 0 0 0 0 0 0 0 0 -1 -1 0 1 0 0 0 0 
393.03467 0.00000 19 0 1 0 0 0 0 0 0 0 0 0 0 1 0 0 0 -1 0 
405.83984 5.57025 2 0 -1 0 0 0 0 0 0 0 1 0 0 0 0 0 0 0 0 
419.50937 9.89200 11 0 0 0 0 0 0 0 0 0 0 0 0 -1 -1 1 0 0 0 
458.46912 0.00000 17 0 0 0 0 1 0 0 0 0 0 0 0 0 1 -1 0 0 0 
468.71326 4.41779 5 0 0 0 0 -1 0 0 0 0 0 0 0 1 0 0 0 0 0 
474.25150 7.26694 11 0 0 0 0 0 0 0 0 0 0 0 0 -1 -1 1 0 0 0 
536.36536 0.00000 17 0 0 0 0 1 0 0 0 0 0 0 0 0 1 -1 0 0 0 
539.88342 4.63745 5 0 0 0 0 -1 0 0 0 0 0 0 0 1 0 0 0 0 0 
550.59753 0.00000 16 0 0 0 1 0 0 0 0 0 0 1 0 0 1 0 0 0 0 
578.39026 10.84204 13 0 0 0 0 0 0 0 0 0 -1 0 0 -1 0 0 0 1 0 
611.71594 0.00000 19 0 1 0 0 0 0 0 0 0 0 0 0 1 0 0 0 -1 0 
642.77087 6.23657 2 0 -1 0 0 0 0 0 0 0 1 0 0 0 0 0 0 0 0 
662.44006 0.00000 15 0 1 0 0 0 0 0 0 1 0 0 0 -1 0 0 0 0 0 
714.12366 4.47754 2 0 -1 0 0 0 0 0 0 0 1 0 0 0 0 0 0 0 0 
734.43250 5.11719 4 0 0 0 -1 0 0 0 0 0 0 0 1 0 0 0 0 0 0 
733.28113 8.31543 9 0 0 0 0 0 0 0 0 -1 -1 0 0 1 0 0 0 0 0 
742.55603 0.00000 15 0 1 0 0 0 0 0 0 1 0 0 0 -1 0 0 0 0 0 
815.15613 11.67358 10 0 0 0 0 0 0 0 0 0 0 -1 -1 0 1 0 0 0 0 
1001.61365 0.00000 16 0 0 0 1 0 0 0 0 0 0 1 0 0 1 0 0 0 0 
1003.91638 4.76538 4 0 0 0 -1 0 0 0 0 0 0 0 1 0 0 0 0 0 0 
1008.74573 11.35376 10 0 0 0 0 0 0 0 0 0 0 -1 -1 0 1 0 0 0 0 
