1.72800 4.35201 1 -1 0 0 0 0 0 0 0 1 0 0 0 0 0 0 0 0 0 
0.09600 6.43201 4 0 0 0 -1 0 0 0 0 0 0 0 1 0 0 0 0 0 0 
3.13600 5.15201 2 0 -1 0 0 0 0 0 0 0 1 0 0 0 0 0 0 0 0 
31.67971 5.76025 3 0 0 -1 0 0 0 0 0 0 0 1 0 0 0 0 0 0 0 
56.64085 4.73622 2 0 -1 0 0 0 0 0 0 0 1 0 0 0 0 0 0 0 0 
57.21688 7.80824 10 0 0 0 0 0 0 0 0 0 0 -1 -1 0 1 0 0 0 0 
76.19231 9.15134 9 0 0 0 0 0 0 0 0 -1 -1 0 0 1 0 0 0 0 0 
111.74174 7.96742 11 0 0 0 0 0 0 0 0 0 0 0 0 -1 -1 1 0 0 0 
157.14645 8.83136 12 0 0 0 0 0 0 0 0 0 -1 0 0 0 0 -1 1 0 0 
238.16458 0.00000 18 0 1 0 0 0 0 0 0 0 0 0 0 0 0 1 -1 0 0 
364.70322 5.85837 2 0 -1 0 0 0 0 0 0 0 1 0 0 0 0 0 0 0 0 
