0.09600 6.11201 3 0 0 -1 0 0 0 0 0 0 0 1 0 0 0 0 0 0 0 
6.04801 5.91995 1 -1 0 0 0 0 0 0 0 1 0 0 0 0 0 0 0 0 0 
25.75979 2.75196 4 0 0 0 -1 0 0 0 0 0 0 0 1 0 0 0 0 0 0 
27.51976 2.01597 2 0 -1 0 0 0 0 0 0 0 1 0 0 0 0 0 0 0 0 
33.11976 5.02423 2 0 -1 0 0 0 0 0 0 0 1 0 0 0 0 0 0 0 0 
52.76867 9.53645 9 0 0 0 0 0 0 0 0 -1 -1 0 0 1 0 0 0 0 0 
73.47251 7.83943 13 0 0 0 0 0 0 0 0 0 -1 0 0 -1 0 0 0 1 0 
85.91961 0.00000 19 0 1 0 0 0 0 0 0 0 0 0 0 1 0 0 0 -1 0 
102.11044 5.08763 2 0 -1 0 0 0 0 0 0 0 1 0 0 0 0 0 0 0 0 
107.23006 10.11127 13 0 0 0 0 0 0 0 0 0 -1 0 0 -1 0 0 0 1 0 
140.50766 9.56731 10 0 0 0 0 0 0 0 0 0 0 -1 -1 0 1 0 0 0 0 
225.33351 9.72729 14 0 0 0 0 0 0 0 0 0 0 0 0 0 -1 0 0 -1 1 
