0.09600 3.58400 1 -1 0 0 0 0 0 0 0 1 0 0 0 0 0 0 0 0 0 
0.09600 4.19200 2 0 -1 0 0 0 0 0 0 0 1 0 0 0 0 0 0 0 0 
0.09600 4.73600 2 0 -1 0 0 0 0 0 0 0 1 0 0 0 0 0 0 0 0 
14.23993 4.47994 3 0 0 -1 0 0 0 0 0 0 0 1 0 0 0 0 0 0 0 
14.65592 4.15995 4 0 0 0 -1 0 0 0 0 0 0 0 1 0 0 0 0 0 0 
12.73594 8.95989 9 0 0 0 0 0 0 0 0 -1 -1 0 0 1 0 0 0 0 0 
18.87987 8.76789 10 0 0 0 0 0 0 0 0 0 0 -1 -1 0 1 0 0 0 0 
65.47309 0.00000 15 0 1 0 0 0 0 0 0 1 0 0 0 -1 0 0 0 0 0 
84.15973 4.19170 2 0 -1 0 0 0 0 0 0 0 1 0 0 0 0 0 0 0 0 
92.25515 0.00000 16 0 0 0 1 0 0 0 0 0 0 1 0 0 1 0 0 0 0 
91.23122 7.55145 9 0 0 0 0 0 0 0 0 -1 -1 0 0 1 0 0 0 0 0 
115.86943 4.89565 4 0 0 0 -1 0 0 0 0 0 0 0 1 0 0 0 0 0 0 
136.92392 6.81551 13 0 0 0 0 0 0 0 0 0 -1 0 0 -1 0 0 0 1 0 
237.33264 8.06342 10 0 0 0 0 0 0 0 0 0 0 -1 -1 0 1 0 0 0 0 
249.93973 10.36929 14 0 0 0 0 0 0 0 0 0 0 0 0 0 -1 0 0 -1 1 
