0.09600 4.38400 2 0 -1 0 0 0 0 0 0 0 1 0 0 0 0 0 0 0 0 
2.04800 4.22401 4 0 0 0 -1 0 0 0 0 0 0 0 1 0 0 0 0 0 0 
5.18401 4.51198 1 -1 0 0 0 0 0 0 0 1 0 0 0 0 0 0 0 0 0 
10.49597 5.82393 2 0 -1 0 0 0 0 0 0 0 1 0 0 0 0 0 0 0 0 
14.36793 2.30397 3 0 0 -1 0 0 0 0 0 0 0 1 0 0 0 0 0 0 0 
33.27976 10.04847 9 0 0 0 0 0 0 0 0 -1 -1 0 0 1 0 0 0 0 0 
45.50433 0.00000 15 0 1 0 0 0 0 0 0 1 0 0 0 -1 0 0 0 0 0 
93.43906 5.75958 2 0 -1 0 0 0 0 0 0 0 1 0 0 0 0 0 0 0 0 
97.47077 8.79936 10 0 0 0 0 0 0 0 0 0 0 -1 -1 0 1 0 0 0 0 
101.31049 7.96742 9 0 0 0 0 0 0 0 0 -1 -1 0 0 1 0 0 0 0 0 
121.08507 6.55952 11 0 0 0 0 0 0 0 0 0 0 0 0 -1 -1 1 0 0 0 
127.67659 13.56702 12 0 0 0 0 0 0 0 0 0 -1 0 0 0 0 -1 1 0 0 
177.94495 0.00000 18 0 1 0 0 0 0 0 0 0 0 0 0 0 0 1 -1 0 0 
194.42375 4.67166 2 0 -1 0 0 0 0 0 0 0 1 0 0 0 0 0 0 0 0 
206.07091 10.78322 12 0 0 0 0 0 0 0 0 0 -1 0 0 0 0 -1 1 0 0 
247.66789 0.00000 18 0 1 0 0 0 0 0 0 0 0 0 0 0 0 1 -1 0 0 
272.56998 2.40097 2 0 -1 0 0 0 0 0 0 0 1 0 0 0 0 0 0 0 0 
306.59973 7.90720 12 0 0 0 0 0 0 0 0 0 -1 0 0 0 0 -1 1 0 0 
370.14542 0.00000 18 0 1 0 0 0 0 0 0 0 0 0 0 0 0 1 -1 0 0 
399.14914 4.28973 2 0 -1 0 0 0 0 0 0 0 1 0 0 0 0 0 0 0 0 
440.66992 7.07486 12 0 0 0 0 0 0 0 0 0 -1 0 0 0 0 -1 1 0 0 
474.95578 0.00000 18 0 1 0 0 0 0 0 0 0 0 0 0 0 0 1 -1 0 0 
573.97668 4.25366 2 0 -1 0 0 0 0 0 0 0 1 0 0 0 0 0 0 0 0 
642.89880 7.64380 12 0 0 0 0 0 0 0 0 0 -1 0 0 0 0 -1 1 0 0 
686.04309 0.00000 18 0 1 0 0 0 0 0 0 0 0 0 0 0 0 1 -1 0 0 
696.43738 4.98926 2 0 -1 0 0 0 0 0 0 0 1 0 0 0 0 0 0 0 0 
701.45862 12.56909 12 0 0 0 0 0 0 0 0 0 -1 0 0 0 0 -1 1 0 0 
884.81384 0.00000 18 0 1 0 0 0 0 0 0 0 0 0 0 0 0 1 -1 0 0 
884.81384 3.64600 2 0 -1 0 0 0 0 0 0 0 1 0 0 0 0 0 0 0 0 
888.52380 7.38794 12 0 0 0 0 0 0 0 0 0 -1 0 0 0 0 -1 1 0 0 
959.94055 0.00000 18 0 1 0 0 0 0 0 0 0 0 0 0 0 0 1 -1 0 0 
1038.52136 5.11719 2 0 -1 0 0 0 0 0 0 0 1 0 0 0 0 0 0 0 0 
1133.02942 7.70776 12 0 0 0 0 0 0 0 0 0 -1 0 0 0 0 -1 1 0 0 
1195.23523 0.00000 18 0 1 0 0 0 0 0 0 0 0 0 0 0 0 1 -1 0 0 
