0.09600 3.71200 1 -1 0 0 0 0 0 0 0 1 0 0 0 0 0 0 0 0 0 
0.09600 4.48000 2 0 -1 0 0 0 0 0 0 0 1 0 0 0 0 0 0 0 0 
1.02400 4.25600 2 0 -1 0 0 0 0 0 0 0 1 0 0 0 0 0 0 0 0 
1.40800 4.70401 3 0 0 -1 0 0 0 0 0 0 0 1 0 0 0 0 0 0 0 
11.35997 8.76789 9 0 0 0 0 0 0 0 0 -1 -1 0 0 1 0 0 0 0 0 
30.17573 0.00000 15 0 1 0 0 0 0 0 0 1 0 0 0 -1 0 0 0 0 0 
80.51200 3.90372 4 0 0 0 -1 0 0 0 0 0 0 0 1 0 0 0 0 0 0 
101.15051 9.79129 10 0 0 0 0 0 0 0 0 0 0 -1 -1 0 1 0 0 0 0 
137.59587 0.00000 16 0 0 0 1 0 0 0 0 0 0 1 0 0 1 0 0 0 0 
161.53014 3.93571 2 0 -1 0 0 0 0 0 0 0 1 0 0 0 0 0 0 0 0 
180.66475 4.35168 4 0 0 0 -1 0 0 0 0 0 0 0 1 0 0 0 0 0 0 
196.24762 10.11127 10 0 0 0 0 0 0 0 0 0 0 -1 -1 0 1 0 0 0 0 
214.67828 11.45517 9 0 0 0 0 0 0 0 0 -1 -1 0 0 1 0 0 0 0 0 
241.65233 0.00000 15 0 1 0 0 0 0 0 0 1 0 0 0 -1 0 0 0 0 0 
258.51630 3.00922 2 0 -1 0 0 0 0 0 0 0 1 0 0 0 0 0 0 0 0 
305.28720 0.00000 16 0 0 0 1 0 0 0 0 0 0 1 0 0 1 0 0 0 0 
301.31760 7.58707 9 0 0 0 0 0 0 0 0 -1 -1 0 0 1 0 0 0 0 0 
315.46732 5.09006 4 0 0 0 -1 0 0 0 0 0 0 0 1 0 0 0 0 0 0 
379.81332 8.61148 13 0 0 0 0 0 0 0 0 0 -1 0 0 -1 0 0 0 1 0 
382.15027 8.25934 10 0 0 0 0 0 0 0 0 0 0 -1 -1 0 1 0 0 0 0 
393.80298 8.35538 14 0 0 0 0 0 0 0 0 0 0 0 0 0 -1 0 0 -1 1 
