0.09600 5.69601 2 0 -1 0 0 0 0 0 0 0 1 0 0 0 0 0 0 0 0 
4.06401 4.32000 4 0 0 0 -1 0 0 0 0 0 0 0 1 0 0 0 0 0 0 
25.21579 4.63994 2 0 -1 0 0 0 0 0 0 0 1 0 0 0 0 0 0 0 0 
37.53596 4.92823 1 -1 0 0 0 0 0 0 0 1 0 0 0 0 0 0 0 0 0 
49.28051 7.80836 9 0 0 0 0 0 0 0 0 -1 -1 0 0 1 0 0 0 0 0 
71.71264 4.86365 3 0 0 -1 0 0 0 0 0 0 0 1 0 0 0 0 0 0 0 
77.56822 12.35110 10 0 0 0 0 0 0 0 0 0 0 -1 -1 0 1 0 0 0 0 
92.25515 0.00000 15 0 1 0 0 0 0 0 0 1 0 0 0 -1 0 0 0 0 0 
103.35835 5.08763 2 0 -1 0 0 0 0 0 0 0 1 0 0 0 0 0 0 0 0 
121.37304 10.43125 9 0 0 0 0 0 0 0 0 -1 -1 0 0 1 0 0 0 0 0 
136.21997 0.00000 15 0 1 0 0 0 0 0 0 1 0 0 0 -1 0 0 0 0 0 
156.47450 0.00000 16 0 0 0 1 0 0 0 0 0 0 1 0 0 1 0 0 0 0 
152.82677 4.60767 2 0 -1 0 0 0 0 0 0 0 1 0 0 0 0 0 0 0 0 
176.31306 4.86365 4 0 0 0 -1 0 0 0 0 0 0 0 1 0 0 0 0 0 0 
177.01701 9.91928 9 0 0 0 0 0 0 0 0 -1 -1 0 0 1 0 0 0 0 0 
183.41655 8.09541 10 0 0 0 0 0 0 0 0 0 0 -1 -1 0 1 0 0 0 0 
194.93571 0.00000 16 0 0 0 1 0 0 0 0 0 0 1 0 0 1 0 0 0 0 
201.14326 4.54367 4 0 0 0 -1 0 0 0 0 0 0 0 1 0 0 0 0 0 0 
232.62898 9.79129 13 0 0 0 0 0 0 0 0 0 -1 0 0 -1 0 0 0 1 0 
236.53270 11.93513 10 0 0 0 0 0 0 0 0 0 0 -1 -1 0 1 0 0 0 0 
263.15817 0.00000 16 0 0 0 1 0 0 0 0 0 0 1 0 0 1 0 0 0 0 
282.68607 0.00000 19 0 1 0 0 0 0 0 0 0 0 0 0 1 0 0 0 -1 0 
290.27313 5.89038 4 0 0 0 -1 0 0 0 0 0 0 0 1 0 0 0 0 0 0 
314.09076 3.77753 2 0 -1 0 0 0 0 0 0 0 1 0 0 0 0 0 0 0 0 
324.46295 8.89960 10 0 0 0 0 0 0 0 0 0 0 -1 -1 0 1 0 0 0 0 
340.66150 0.00000 16 0 0 0 1 0 0 0 0 0 0 1 0 0 1 0 0 0 0 
365.63159 7.10687 13 0 0 0 0 0 0 0 0 0 -1 0 0 -1 0 0 0 1 0 
380.61365 5.63428 4 0 0 0 -1 0 0 0 0 0 0 0 1 0 0 0 0 0 0 
393.77097 9.28375 10 0 0 0 0 0 0 0 0 0 0 -1 -1 0 1 0 0 0 0 
411.05795 0.00000 19 0 1 0 0 0 0 0 0 0 0 0 0 1 0 0 0 -1 0 
435.13168 0.00000 15 0 1 0 0 0 0 0 0 1 0 0 0 -1 0 0 0 0 0 
436.25214 5.53824 2 0 -1 0 0 0 0 0 0 0 1 0 0 0 0 0 0 0 0 
543.40149 0.00000 16 0 0 0 1 0 0 0 0 0 0 1 0 0 1 0 0 0 0 
571.38611 4.63745 4 0 0 0 -1 0 0 0 0 0 0 0 1 0 0 0 0 0 0 
576.05554 10.87402 10 0 0 0 0 0 0 0 0 0 0 -1 -1 0 1 0 0 0 0 
691.57605 0.00000 16 0 0 0 1 0 0 0 0 0 0 1 0 0 1 0 0 0 0 
