0 1 2 1 1 0 0 0 0 0 0
7.86718 0 1 1 1 1 0 0 0 0 0
8.64627 0 1 0 0 1 1 0 0 0 0
10.5502 1 2 0 0 0 1 0 0 0 0
20.2253 0 1 0 0 1 1 0 0 0 0
26.1206 0 1 0 0 0 0 1 0 0 0
108.604 0 0 0 0 0 0 0 0 1 0
129.157 0 1 0 0 0 0 1 0 0 0
168.978 0 0 0 0 0 0 0 0 1 0
204.875 0 1 0 0 0 0 1 0 0 0
233.575 0 1 0 0 1 1 0 0 0 0
235.657 1 2 0 0 0 1 0 0 0 0
241.182 0 1 0 0 1 1 0 0 0 0
260.578 0 1 0 0 0 0 1 0 0 0
289.576 0 0 0 0 0 0 0 0 1 0
379.275 0 1 0 0 0 0 1 0 0 0
405.06 0 0 0 0 0 0 0 0 1 0
413.796 0 1 0 0 0 0 1 0 0 0
422.238 0 0 0 0 0 0 0 0 1 0
456.079 0 1 0 0 0 0 1 0 0 0
467.277 0 0 0 0 0 0 0 0 1 0
477.113 0 1 0 0 0 0 1 0 0 0
525.465 0 0 0 0 0 0 0 0 1 0
536.966 0 1 0 0 0 0 1 0 0 0
561.662 0 1 0 0 1 1 0 0 0 0
584.952 0 1 0 0 0 0 1 0 0 0
592.953 0 0 0 0 0 0 0 0 1 0
678.418 0 1 0 0 0 0 1 0 0 0
700.571 0 0 0 0 0 0 0 0 1 0
705.825 0 1 0 0 0 0 1 0 0 0
709.664 0 1 0 0 1 1 0 0 0 0
713.53 1 2 0 0 0 1 0 0 0 0
725.174 0 1 0 0 1 1 0 0 0 0
764.981 0 0 0 0 0 1 0 1 0 0
811.832 0 0 0 0 0 0 0 0 0 1
811.832 0 0 0 0 0 0 0 0 0 1
