0 1 2 1 1 0 0 0 0 0 0
0.893669 0 1 1 1 1 0 0 0 0 0
32.8914 0 0 1 1 0 0 0 1 0 0
56.6559 0 0 0 0 0 1 0 1 0 0
68.1769 0 1 0 0 1 1 0 0 0 0
73.4189 1 2 0 0 0 1 0 0 0 0
135.045 0 1 0 0 1 1 0 0 0 0
168.738 0 1 1 1 1 0 0 0 0 0
207.253 0 1 0 0 1 1 0 0 0 0
222.667 1 2 0 0 0 1 0 0 0 0
247.923 0 1 0 0 1 1 0 0 0 0
251.142 1 2 0 0 0 1 0 0 0 0
278.435 0 1 0 0 1 1 0 0 0 0
289.555 1 2 0 0 0 1 0 0 0 0
333.881 0 1 0 0 1 1 0 0 0 0
340.756 1 2 0 0 0 1 0 0 0 0
351.529 0 1 0 0 1 1 0 0 0 0
375.486 0 1 1 1 1 0 0 0 0 0
425.718 1 2 1 1 0 0 0 0 0 0
448.949 1 2 0 0 0 1 0 0 0 0
455.498 0 1 0 0 1 1 0 0 0 0
479.174 0 1 1 1 1 0 0 0 0 0
509.189 0 0 1 1 0 0 0 1 0 0
520.869 0 0 0 0 0 1 0 1 0 0
533.816 0 0 0 0 0 0 0 0 0 1
1002.86 0 0 0 0 0 1 0 1 0 0
1035.23 0 1 0 0 1 1 0 0 0 0
1041.34 1 2 0 0 0 1 0 0 0 0
1105.05 0 1 0 0 1 1 0 0 0 0
1127.16 0 0 0 0 0 1 0 1 0 0
1129.09 0 0 0 0 0 0 0 0 0 1
1129.09 0 0 0 0 0 0 0 0 0 1
