0 1 2 1 1 0 0 0 0 0 0
72.0773 0 1 1 1 1 0 0 0 0 0
78.9767 1 2 1 1 0 0 0 0 0 0
95.9937 0 1 1 1 1 0 0 0 0 0
140.566 1 2 1 1 0 0 0 0 0 0
147.905 1 2 0 0 0 1 0 0 0 0
184.299 0 1 0 0 1 1 0 0 0 0
185.671 0 1 0 0 0 0 1 0 0 0
214.856 0 0 0 0 0 0 0 0 1 0
225.473 0 1 0 0 0 0 1 0 0 0
273.765 0 0 0 0 0 0 0 0 1 0
288.846 0 1 0 0 0 0 1 0 0 0
319.471 0 0 0 0 0 0 0 0 1 0
340.427 0 1 0 0 0 0 1 0 0 0
360.768 0 0 0 0 0 0 0 0 1 0
421.465 0 1 0 0 0 0 1 0 0 0
430.635 0 0 0 0 0 0 0 0 1 0
481.099 0 1 0 0 0 0 1 0 0 0
655.088 0 0 0 0 0 0 0 0 1 0
657.426 0 1 0 0 0 0 1 0 0 0
722.862 0 0 0 0 0 0 0 0 1 0
727.057 0 1 0 0 0 0 1 0 0 0
730.973 0 0 0 0 0 0 0 0 1 0
744.317 0 1 0 0 0 0 1 0 0 0
827.681 0 0 0 0 0 0 0 0 1 0
855.056 0 1 0 0 0 0 1 0 0 0
896.834 0 0 0 0 0 0 0 0 1 0
905.428 0 1 0 0 0 0 1 0 0 0
933.375 0 0 0 0 0 0 0 0 1 0
998.1 0 1 0 0 0 0 1 0 0 0
1002.59 0 0 0 0 0 0 0 0 1 0
1039.98 0 1 0 0 0 0 1 0 0 0
1085.36 0 0 0 0 0 0 0 0 1 0
1119.42 0 1 0 0 0 0 1 0 0 0
1227.89 0 0 0 0 0 0 0 0 1 0
1242.22 0 1 0 0 0 0 1 0 0 0
1248.29 0 0 0 0 0 0 0 0 1 0
1249.52 0 1 0 0 0 0 1 0 0 0
1314.36 0 0 0 0 0 0 0 0 1 0
1348.37 0 1 0 0 0 0 1 0 0 0
1351.05 0 0 0 0 0 0 0 0 1 0
1418.32 0 1 0 0 0 0 1 0 0 0
1434.19 0 1 0 0 1 1 0 0 0 0
1450.69 0 0 0 0 0 1 0 1 0 0
1517.66 0 0 1 1 0 0 0 1 0 0
1538.51 0 0 0 0 0 1 0 1 0 0
1545.83 0 1 0 0 1 1 0 0 0 0
1550.26 0 1 0 0 0 0 1 0 0 0
1602.91 0 0 0 0 0 0 0 0 1 0
1614.87 0 1 0 0 0 0 1 0 0 0
1668.14 0 0 0 0 0 0 0 0 1 0
1670.77 0 1 0 0 0 0 1 0 0 0
1683.33 0 1 0 0 1 1 0 0 0 0
1731.89 0 1 0 0 0 0 1 0 0 0
1770.65 0 0 0 0 0 0 0 0 1 0
1787.01 0 1 0 0 0 0 1 0 0 0
1894.52 0 0 0 0 0 0 0 0 1 0
1899.96 0 1 0 0 0 0 1 0 0 0
1931.49 0 0 0 0 0 0 0 0 1 0
1979.84 0 1 0 0 0 0 1 0 0 0
1992.31 0 1 0 0 1 1 0 0 0 0
1999.17 1 2 0 0 0 1 0 0 0 0
2008.82 0 1 0 0 1 1 0 0 0 0
2013.28 0 1 0 0 0 0 1 0 0 0
2040.02 0 0 0 0 0 0 0 0 1 0
2057.5 0 1 0 0 0 0 1 0 0 0
2072.07 0 0 0 0 0 0 0 0 1 0
2117.14 0 1 0 0 0 0 1 0 0 0
2171.91 0 0 0 0 0 0 0 0 1 0
2185.9 0 1 0 0 0 0 1 0 0 0
2204.45 0 0 0 0 0 0 0 0 1 0
2244.43 0 1 0 0 0 0 1 0 0 0
2249.89 0 0 0 0 0 0 0 0 1 0
2260.38 0 1 0 0 0 0 1 0 0 0
2315.03 0 1 0 0 1 1 0 0 0 0
2355.67 0 1 0 0 0 0 1 0 0 0
2373.68 0 1 0 0 1 1 0 0 0 0
2379.8 0 0 0 0 0 1 0 1 0 0
2416.74 0 0 1 1 0 0 0 1 0 0
2447.81 0 1 1 1 1 0 0 0 0 0
2448.3 0 1 0 0 1 1 0 0 0 0
2450.89 1 2 0 0 0 1 0 0 0 0
2468.82 0 1 0 0 1 1 0 0 0 0
2492.66 0 1 1 1 1 0 0 0 0 0
2512.22 1 2 1 1 0 0 0 0 0 0
2520.17 0 1 1 1 1 0 0 0 0 0
2564.46 1 2 1 1 0 0 0 0 0 0
2565.84 0 1 1 1 1 0 0 0 0 0
2624.06 1 2 1 1 0 0 0 0 0 0
2640.2 0 1 1 1 1 0 0 0 0 0
2652.77 0 0 1 1 0 0 0 1 0 0
2675.96 0 0 0 0 0 1 0 1 0 0
2703.33 0 0 0 0 0 0 0 0 0 1
2703.33 0 0 0 0 0 0 0 0 0 1
