0 1 2 1 1 0 0 0 0 0 0
25.0497 0 1 1 1 1 0 0 0 0 0
25.9148 1 2 1 1 0 0 0 0 0 0
60.2126 1 2 0 0 0 1 0 0 0 0
95.6016 0 1 0 0 1 1 0 0 0 0
101.368 1 2 0 0 0 1 0 0 0 0
236.259 0 1 0 0 1 1 0 0 0 0
265.037 1 2 0 0 0 1 0 0 0 0
266.826 0 1 0 0 1 1 0 0 0 0
270.822 1 2 0 0 0 1 0 0 0 0
276.822 0 1 0 0 1 1 0 0 0 0
281.658 1 2 0 0 0 1 0 0 0 0
284.156 0 1 0 0 1 1 0 0 0 0
316.999 0 1 0 0 0 0 1 0 0 0
330.84 0 0 0 0 0 0 0 0 1 0
341.515 0 1 0 0 0 0 1 0 0 0
416.876 0 0 0 0 0 0 0 0 1 0
423.578 0 1 0 0 0 0 1 0 0 0
427.488 0 0 0 0 0 0 0 0 1 0
430.877 0 1 0 0 0 0 1 0 0 0
473.457 0 0 0 0 0 0 0 0 1 0
481.306 0 1 0 0 0 0 1 0 0 0
484.047 0 1 0 0 1 1 0 0 0 0
512.005 0 1 1 1 1 0 0 0 0 0
520.307 0 1 0 0 1 1 0 0 0 0
527.504 0 0 0 0 0 1 0 1 0 0
539.154 0 0 0 0 0 0 0 0 0 1
539.154 0 0 0 0 0 0 0 0 0 1
