0 1 2 1 1 0 0 0 0 0 0
84.5425 0 1 1 1 1 0 0 0 0 0
110.277 1 2 1 1 0 0 0 0 0 0
119.732 0 1 1 1 1 0 0 0 0 0
143.964 0 1 0 0 1 1 0 0 0 0
166.778 0 1 0 0 0 0 1 0 0 0
204.022 0 1 0 0 1 1 0 0 0 0
210.256 1 2 0 0 0 1 0 0 0 0
215.37 0 1 0 0 1 1 0 0 0 0
216.7 1 2 0 0 0 1 0 0 0 0
273.823 0 1 0 0 1 1 0 0 0 0
273.919 1 2 0 0 0 1 0 0 0 0
274.707 0 1 0 0 1 1 0 0 0 0
292.808 0 1 0 0 0 0 1 0 0 0
356.245 0 1 0 0 1 1 0 0 0 0
362.353 1 2 0 0 0 1 0 0 0 0
378.652 0 1 0 0 1 1 0 0 0 0
388.111 1 2 0 0 0 1 0 0 0 0
400.227 0 1 0 0 1 1 0 0 0 0
451.235 0 1 1 1 1 0 0 0 0 0
478.49 0 0 1 1 0 0 0 1 0 0
564.386 0 1 1 1 1 0 0 0 0 0
595.141 1 2 1 1 0 0 0 0 0 0
606.756 0 1 1 1 1 0 0 0 0 0
673.296 0 0 1 1 0 0 0 1 0 0
688.615 0 0 0 0 0 1 0 1 0 0
729.042 0 0 1 1 0 0 0 1 0 0
731.041 0 0 0 0 0 1 0 1 0 0
753.588 0 0 0 0 0 0 0 0 0 1
753.588 0 0 0 0 0 0 0 0 0 1
