0 1 2 1 1 0 0 0 0 0 0
3.9107 0 1 1 1 1 0 0 0 0 0
51.0208 1 2 1 1 0 0 0 0 0 0
57.9384 1 2 0 0 0 1 0 0 0 0
91.1319 0 1 0 0 1 1 0 0 0 0
116.676 0 1 1 1 1 0 0 0 0 0
145.039 0 1 0 0 1 1 0 0 0 0
212.47 1 2 0 0 0 1 0 0 0 0
221.212 0 1 0 0 1 1 0 0 0 0
240.481 1 2 0 0 0 1 0 0 0 0
410.709 0 1 0 0 1 1 0 0 0 0
499.464 0 1 1 1 1 0 0 0 0 0
608.035 1 2 1 1 0 0 0 0 0 0
626.244 0 1 1 1 1 0 0 0 0 0
654.969 1 2 1 1 0 0 0 0 0 0
702.612 0 1 1 1 1 0 0 0 0 0
702.83 1 2 1 1 0 0 0 0 0 0
710.07 0 1 1 1 1 0 0 0 0 0
721.611 0 0 1 1 0 0 0 1 0 0
730.538 0 1 1 1 1 0 0 0 0 0
770.18 0 1 0 0 1 1 0 0 0 0
773.858 0 0 0 0 0 1 0 1 0 0
817.652 0 1 0 0 1 1 0 0 0 0
1019.54 0 1 1 1 1 0 0 0 0 0
1040.86 0 0 1 1 0 0 0 1 0 0
1067.52 0 0 0 0 0 1 0 1 0 0
1124.64 0 0 1 1 0 0 0 1 0 0
1177.28 0 0 0 0 0 1 0 1 0 0
1225.01 0 1 0 0 1 1 0 0 0 0
1248.11 0 0 0 0 0 1 0 1 0 0
1261.53 0 0 0 0 0 0 0 0 0 1
1261.53 0 0 0 0 0 0 0 0 0 1
