0 1 2 1 1 0 0 0 0 0 0
37.875 0 1 1 1 1 0 0 0 0 0
69.0898 1 2 1 1 0 0 0 0 0 0
78.2296 0 1 1 1 1 0 0 0 0 0
79.3687 0 1 0 0 1 1 0 0 0 0
105.779 0 0 0 0 0 1 0 1 0 0
113.497 0 1 0 0 1 1 0 0 0 0
120.132 1 2 0 0 0 1 0 0 0 0
137.554 0 1 0 0 1 1 0 0 0 0
141.899 1 2 0 0 0 1 0 0 0 0
166.349 0 1 0 0 1 1 0 0 0 0
199.151 1 2 0 0 0 1 0 0 0 0
205.852 1 2 1 1 0 0 0 0 0 0
213.08 1 2 0 0 0 1 0 0 0 0
271.409 0 1 0 0 1 1 0 0 0 0
287.887 0 1 0 0 0 0 1 0 0 0
330.036 0 0 0 0 0 0 0 0 1 0
341.187 0 1 0 0 0 0 1 0 0 0
404.759 0 0 0 0 0 0 0 0 1 0
447.618 0 1 0 0 0 0 1 0 0 0
488.113 0 0 0 0 0 0 0 0 1 0
498.049 0 1 0 0 0 0 1 0 0 0
546.395 0 0 0 0 0 0 0 0 1 0
655.517 0 1 0 0 0 0 1 0 0 0
656.291 0 1 0 0 1 1 0 0 0 0
672.283 0 0 0 0 0 1 0 1 0 0
691.164 0 0 1 1 0 0 0 1 0 0
695.399 0 0 0 0 0 1 0 1 0 0
720.64 0 0 1 1 0 0 0 1 0 0
818.029 0 0 0 0 0 1 0 1 0 0
823.483 0 0 1 1 0 0 0 1 0 0
833.174 0 0 0 0 0 1 0 1 0 0
901.257 0 0 1 1 0 0 0 1 0 0
902.479 0 0 0 0 0 1 0 1 0 0
908.132 0 0 0 0 0 0 0 0 0 1
908.132 0 0 0 0 0 0 0 0 0 1
