0 1 2 1 1 0 0 0 0 0 0
46.5203 0 1 1 1 1 0 0 0 0 0
51.0136 1 2 1 1 0 0 0 0 0 0
63.9296 0 1 1 1 1 0 0 0 0 0
84.2005 0 1 0 0 1 1 0 0 0 0
97.7928 1 2 0 0 0 1 0 0 0 0
112.732 0 1 0 0 1 1 0 0 0 0
115.272 1 2 0 0 0 1 0 0 0 0
147.009 1 2 1 1 0 0 0 0 0 0
169.18 0 1 1 1 1 0 0 0 0 0
169.56 1 2 1 1 0 0 0 0 0 0
196.006 1 2 0 0 0 1 0 0 0 0
211.971 0 1 0 0 1 1 0 0 0 0
230.11 1 2 0 0 0 1 0 0 0 0
232.21 0 1 0 0 1 1 0 0 0 0
240.219 0 1 0 0 0 0 1 0 0 0
434.34 0 0 0 0 0 0 0 0 1 0
452.739 0 1 0 0 0 0 1 0 0 0
481.507 0 0 0 0 0 0 0 0 1 0
530.051 0 1 0 0 0 0 1 0 0 0
597.822 0 0 0 0 0 0 0 0 1 0
610.092 0 1 0 0 0 0 1 0 0 0
709.492 0 0 0 0 0 0 0 0 1 0
728.17 0 1 0 0 0 0 1 0 0 0
766.664 0 1 0 0 1 1 0 0 0 0
773.916 0 0 0 0 0 1 0 1 0 0
788.586 0 1 0 0 1 1 0 0 0 0
807.331 0 1 0 0 0 0 1 0 0 0
917.631 0 0 0 0 0 0 0 0 1 0
923.311 0 1 0 0 0 0 1 0 0 0
963.706 0 0 0 0 0 0 0 0 1 0
1003.13 0 1 0 0 0 0 1 0 0 0
1074.38 0 1 0 0 1 1 0 0 0 0
1095.56 1 2 0 0 0 1 0 0 0 0
1097.88 0 1 0 0 1 1 0 0 0 0
1101.92 0 1 0 0 0 0 1 0 0 0
1182.83 0 0 0 0 0 0 0 0 1 0
1281.46 0 1 0 0 0 0 1 0 0 0
1503.35 0 0 0 0 0 0 0 0 1 0
1509.28 0 1 0 0 0 0 1 0 0 0
1547.91 0 0 0 0 0 0 0 0 1 0
1549.05 0 1 0 0 0 0 1 0 0 0
1587.16 0 0 0 0 0 0 0 0 1 0
1626.91 0 1 0 0 0 0 1 0 0 0
1753.76 0 0 0 0 0 0 0 0 1 0
1766.4 0 1 0 0 0 0 1 0 0 0
1795.09 0 1 0 0 1 1 0 0 0 0
1852.61 1 2 0 0 0 1 0 0 0 0
1860.36 0 1 0 0 1 1 0 0 0 0
1867.62 1 2 0 0 0 1 0 0 0 0
1870.32 0 1 0 0 1 1 0 0 0 0
1873.3 0 1 0 0 0 0 1 0 0 0
1875.27 0 1 0 0 1 1 0 0 0 0
1888.84 0 1 1 1 1 0 0 0 0 0
1904.94 0 1 0 0 1 1 0 0 0 0
1918.99 0 1 1 1 1 0 0 0 0 0
1923.38 0 0 1 1 0 0 0 1 0 0
2042.47 0 0 0 0 0 1 0 1 0 0
2050.32 0 0 0 0 0 0 0 0 0 1
2747.62 0 0 0 0 0 1 0 1 0 0
2774.29 0 0 1 1 0 0 0 1 0 0
2809.52 0 0 0 0 0 1 0 1 0 0
2830.9 0 0 0 0 0 0 0 0 0 1
2830.9 0 0 0 0 0 0 0 0 0 1
