0 1 2 1 1 0 0 0 0 0 0
1.12062 0 1 1 1 1 0 0 0 0 0
8.50702 1 2 1 1 0 0 0 0 0 0
19.895 1 2 0 0 0 1 0 0 0 0
45.5497 0 1 0 0 1 1 0 0 0 0
49.9178 1 2 0 0 0 1 0 0 0 0
55.2481 0 1 0 0 1 1 0 0 0 0
104.659 0 0 0 0 0 1 0 1 0 0
231.957 0 1 0 0 1 1 0 0 0 0
244.277 0 1 0 0 0 0 1 0 0 0
250.964 0 0 0 0 0 0 0 0 1 0
281.607 0 1 0 0 0 0 1 0 0 0
323.427 0 0 0 0 0 0 0 0 1 0
343.346 0 1 0 0 0 0 1 0 0 0
398.556 0 1 0 0 1 1 0 0 0 0
404.704 0 0 0 0 0 1 0 1 0 0
431.355 0 0 1 1 0 0 0 1 0 0
444.896 0 0 0 0 0 1 0 1 0 0
457.655 0 0 0 0 0 0 0 0 0 1
1807.23 0 0 0 0 0 1 0 1 0 0
1815.73 0 0 1 1 0 0 0 1 0 0
1834.89 0 0 0 0 0 1 0 1 0 0
1884.68 0 0 1 1 0 0 0 1 0 0
1884.86 0 0 0 0 0 1 0 1 0 0
1898.5 0 0 1 1 0 0 0 1 0 0
1956.81 0 0 0 0 0 1 0 1 0 0
1972.62 0 0 1 1 0 0 0 1 0 0
1975.65 0 0 0 0 0 1 0 1 0 0
1980.55 0 0 0 0 0 0 0 0 0 1
1980.55 0 0 0 0 0 0 0 0 0 1
