0 1 2 1 1 0 0 0 0 0 0
20.6912 1 2 0 0 0 1 0 0 0 0
40.4163 0 1 0 0 1 1 0 0 0 0
64.334 0 0 0 0 0 1 0 1 0 0
114.729 0 1 0 0 1 1 0 0 0 0
140.685 0 1 0 0 0 0 1 0 0 0
163.544 0 0 0 0 0 0 0 0 1 0
184.687 0 1 0 0 0 0 1 0 0 0
241.024 0 0 0 0 0 0 0 0 1 0
260.94 0 1 0 0 0 0 1 0 0 0
261.23 0 0 0 0 0 0 0 0 1 0
305.247 0 1 0 0 0 0 1 0 0 0
347.16 0 0 0 0 0 0 0 0 1 0
357.851 0 1 0 0 0 0 1 0 0 0
374.394 0 1 0 0 1 1 0 0 0 0
376.097 0 1 0 0 0 0 1 0 0 0
416.742 0 0 0 0 0 0 0 0 1 0
425.064 0 1 0 0 0 0 1 0 0 0
428.334 0 0 0 0 0 0 0 0 1 0
471.439 0 1 0 0 0 0 1 0 0 0
480.361 0 0 0 0 0 0 0 0 1 0
514.29 0 1 0 0 0 0 1 0 0 0
544.3 0 1 0 0 1 1 0 0 0 0
567.07 0 1 1 1 1 0 0 0 0 0
584.804 1 2 1 1 0 0 0 0 0 0
594.764 0 1 1 1 1 0 0 0 0 0
640.08 1 2 1 1 0 0 0 0 0 0
649.621 0 1 1 1 1 0 0 0 0 0
649.653 0 0 1 1 0 0 0 1 0 0
684.406 0 1 1 1 1 0 0 0 0 0
713.119 0 0 1 1 0 0 0 1 0 0
723.527 0 1 1 1 1 0 0 0 0 0
732.858 0 0 1 1 0 0 0 1 0 0
749.785 0 0 0 0 0 1 0 1 0 0
766.701 0 1 0 0 1 1 0 0 0 0
772.919 0 0 0 0 0 1 0 1 0 0
801.429 0 0 0 0 0 0 0 0 0 1
1462.34 0 0 0 0 0 1 0 1 0 0
1466.68 0 0 0 0 0 0 0 0 0 1
2472.44 0 0 0 0 0 1 0 1 0 0
2576.12 0 0 1 1 0 0 0 1 0 0
2588.75 0 0 0 0 0 1 0 1 0 0
2618.56 0 0 0 0 0 0 0 0 0 1
2618.56 0 0 0 0 0 0 0 0 0 1
