0 1 2 1 1 0 0 0 0 0 0
9.95043 0 1 1 1 1 0 0 0 0 0
14.527 1 2 1 1 0 0 0 0 0 0
15.785 0 1 1 1 1 0 0 0 0 0
28.9408 1 2 1 1 0 0 0 0 0 0
48.4004 0 1 1 1 1 0 0 0 0 0
58.1238 1 2 1 1 0 0 0 0 0 0
61.8504 0 1 1 1 1 0 0 0 0 0
65.7275 1 2 1 1 0 0 0 0 0 0
69.1878 0 1 1 1 1 0 0 0 0 0
93.2779 0 1 0 0 1 1 0 0 0 0
113.076 1 2 0 0 0 1 0 0 0 0
131.331 0 1 0 0 1 1 0 0 0 0
183.007 0 1 0 0 0 0 1 0 0 0
194.183 0 0 0 0 0 0 0 0 1 0
198.759 0 1 0 0 0 0 1 0 0 0
223.615 0 0 0 0 0 0 0 0 1 0
239.992 0 1 0 0 0 0 1 0 0 0
317.285 0 0 0 0 0 0 0 0 1 0
328.553 0 1 0 0 0 0 1 0 0 0
386.11 0 0 0 0 0 0 0 0 1 0
415.747 0 1 0 0 0 0 1 0 0 0
419.26 0 0 0 0 0 0 0 0 1 0
442.935 0 1 0 0 0 0 1 0 0 0
644.569 0 0 0 0 0 0 0 0 1 0
645.638 0 1 0 0 0 0 1 0 0 0
678.628 0 0 0 0 0 0 0 0 1 0
727.424 0 1 0 0 0 0 1 0 0 0
737.213 0 0 0 0 0 0 0 0 1 0
779.21 0 1 0 0 0 0 1 0 0 0
790.872 0 0 0 0 0 0 0 0 1 0
795.425 0 1 0 0 0 0 1 0 0 0
822.034 0 0 0 0 0 0 0 0 1 0
826.626 0 1 0 0 0 0 1 0 0 0
828.333 0 0 0 0 0 0 0 0 1 0
843.364 0 1 0 0 0 0 1 0 0 0
866.158 0 1 0 0 1 1 0 0 0 0
890.559 1 2 0 0 0 1 0 0 0 0
932.59 0 1 0 0 1 1 0 0 0 0
952.203 0 1 0 0 0 0 1 0 0 0
1116.89 0 0 0 0 0 0 0 0 1 0
1133.85 0 1 0 0 0 0 1 0 0 0
1157.67 0 0 0 0 0 0 0 0 1 0
1172.3 0 1 0 0 0 0 1 0 0 0
1350.81 0 1 0 0 1 1 0 0 0 0
1392.82 1 2 0 0 0 1 0 0 0 0
1393.49 1 2 1 1 0 0 0 0 0 0
1422.85 0 1 1 1 1 0 0 0 0 0
1441.82 0 1 0 0 1 1 0 0 0 0
1458.45 0 0 0 0 0 1 0 1 0 0
1470.75 0 0 0 0 0 0 0 0 0 1
1470.75 0 0 0 0 0 0 0 0 0 1
