0 1 2 1 1 0 0 0 0 0 0
21.7173 0 1 1 1 1 0 0 0 0 0
55.7932 1 2 1 1 0 0 0 0 0 0
62.3626 0 1 1 1 1 0 0 0 0 0
85.0672 0 1 0 0 1 1 0 0 0 0
91.7709 0 1 0 0 0 0 1 0 0 0
94.9931 0 0 0 0 0 0 0 0 1 0
255.397 0 1 0 0 0 0 1 0 0 0
260.048 0 0 0 0 0 0 0 0 1 0
283.466 0 1 0 0 0 0 1 0 0 0
306.56 0 0 0 0 0 0 0 0 1 0
360.993 0 1 0 0 0 0 1 0 0 0
391.049 0 0 0 0 0 0 0 0 1 0
391.928 0 1 0 0 0 0 1 0 0 0
427.186 0 0 0 0 0 0 0 0 1 0
447.573 0 1 0 0 0 0 1 0 0 0
459.269 0 1 0 0 1 1 0 0 0 0
475.563 0 1 0 0 0 0 1 0 0 0
500.597 0 0 0 0 0 0 0 0 1 0
531.126 0 1 0 0 0 0 1 0 0 0
572.534 0 0 0 0 0 0 0 0 1 0
636.382 0 1 0 0 0 0 1 0 0 0
679.272 0 0 0 0 0 0 0 0 1 0
760.53 0 1 0 0 0 0 1 0 0 0
802.681 0 0 0 0 0 0 0 0 1 0
861.164 0 1 0 0 0 0 1 0 0 0
868.09 0 0 0 0 0 0 0 0 1 0
905.734 0 1 0 0 0 0 1 0 0 0
929.013 0 0 0 0 0 0 0 0 1 0
932.337 0 1 0 0 0 0 1 0 0 0
962.715 0 0 0 0 0 0 0 0 1 0
1079.75 0 1 0 0 0 0 1 0 0 0
1145.64 0 0 0 0 0 0 0 0 1 0
1175.8 0 1 0 0 0 0 1 0 0 0
1202.02 0 0 0 0 0 0 0 0 1 0
1205.93 0 1 0 0 0 0 1 0 0 0
1217.77 0 1 0 0 1 1 0 0 0 0
1232.31 0 1 0 0 0 0 1 0 0 0
1342.01 0 0 0 0 0 0 0 0 1 0
1357.25 0 1 0 0 0 0 1 0 0 0
1505.11 0 0 0 0 0 0 0 0 1 0
1517.08 0 1 0 0 0 0 1 0 0 0
1667.3 0 1 0 0 1 1 0 0 0 0
1685.53 1 2 0 0 0 1 0 0 0 0
1725.39 0 1 0 0 1 1 0 0 0 0
1728.26 1 2 0 0 0 1 0 0 0 0
1738.29 1 2 1 1 0 0 0 0 0 0
1780.33 1 2 0 0 0 1 0 0 0 0
1809.99 0 1 0 0 1 1 0 0 0 0
1812.38 0 1 1 1 1 0 0 0 0 0
1841.98 1 2 1 1 0 0 0 0 0 0
1841.99 0 1 1 1 1 0 0 0 0 0
1847.85 0 0 1 1 0 0 0 1 0 0
1897.98 0 1 1 1 1 0 0 0 0 0
1898.07 1 2 1 1 0 0 0 0 0 0
1915.08 0 1 1 1 1 0 0 0 0 0
1924.4 0 1 0 0 1 1 0 0 0 0
1924.5 1 2 0 0 0 1 0 0 0 0
1986.29 0 1 0 0 1 1 0 0 0 0
2003.34 0 0 0 0 0 1 0 1 0 0
2016.35 0 0 0 0 0 0 0 0 0 1
2016.35 0 0 0 0 0 0 0 0 0 1
