0 1 2 1 1 0 0 0 0 0 0
23.84 0 1 1 1 1 0 0 0 0 0
53.637 0 1 0 0 1 1 0 0 0 0
67.8963 1 2 0 0 0 1 0 0 0 0
111.539 0 1 0 0 1 1 0 0 0 0
191.946 0 1 1 1 1 0 0 0 0 0
211.269 0 1 0 0 1 1 0 0 0 0
217.738 0 1 1 1 1 0 0 0 0 0
239.72 0 0 1 1 0 0 0 1 0 0
245.692 0 0 0 0 0 1 0 1 0 0
333.337 0 1 0 0 1 1 0 0 0 0
335.325 0 1 0 0 0 0 1 0 0 0
339.953 0 0 0 0 0 0 0 0 1 0
377.534 0 1 0 0 0 0 1 0 0 0
613.922 0 0 0 0 0 0 0 0 1 0
615.519 0 1 0 0 0 0 1 0 0 0
634.055 0 0 0 0 0 0 0 0 1 0
659.969 0 1 0 0 0 0 1 0 0 0
687.305 0 1 0 0 1 1 0 0 0 0
693.626 1 2 0 0 0 1 0 0 0 0
725.328 0 1 0 0 1 1 0 0 0 0
731.078 1 2 0 0 0 1 0 0 0 0
737.142 0 1 0 0 1 1 0 0 0 0
747.695 0 1 0 0 0 0 1 0 0 0
911.486 0 0 0 0 0 0 0 0 1 0
938.745 0 1 0 0 0 0 1 0 0 0
993.069 0 0 0 0 0 0 0 0 1 0
1029.91 0 1 0 0 0 0 1 0 0 0
1034.83 0 0 0 0 0 0 0 0 1 0
1051.95 0 1 0 0 0 0 1 0 0 0
1140.07 0 0 0 0 0 0 0 0 1 0
1188.69 0 1 0 0 0 0 1 0 0 0
1200.28 0 0 0 0 0 0 0 0 1 0
1205.37 0 1 0 0 0 0 1 0 0 0
1239.92 0 0 0 0 0 0 0 0 1 0
1290.65 0 1 0 0 0 0 1 0 0 0
1355.71 0 1 0 0 1 1 0 0 0 0
1367.91 0 1 0 0 0 0 1 0 0 0
1419.91 0 0 0 0 0 0 0 0 1 0
1463.3 0 1 0 0 0 0 1 0 0 0
1496.35 0 0 0 0 0 0 0 0 1 0
1515.99 0 1 0 0 0 0 1 0 0 0
1518.68 0 1 0 0 1 1 0 0 0 0
1552.54 0 1 1 1 1 0 0 0 0 0
1571.98 1 2 1 1 0 0 0 0 0 0
1577.33 0 1 1 1 1 0 0 0 0 0
1606.81 1 2 1 1 0 0 0 0 0 0
1622.76 0 1 1 1 1 0 0 0 0 0
1633.35 0 0 1 1 0 0 0 1 0 0
1665.62 0 0 0 0 0 1 0 1 0 0
1669.16 0 0 1 1 0 0 0 1 0 0
1671.27 0 0 0 0 0 1 0 1 0 0
1688.78 0 0 0 0 0 0 0 0 0 1
1688.78 0 0 0 0 0 0 0 0 0 1
