0 1 2 1 1 0 0 0 0 0 0
6.55991 0 1 1 1 1 0 0 0 0 0
12.0312 1 2 1 1 0 0 0 0 0 0
105.53 0 1 1 1 1 0 0 0 0 0
109.647 0 1 0 0 1 1 0 0 0 0
130.956 1 2 0 0 0 1 0 0 0 0
141.273 0 1 0 0 1 1 0 0 0 0
144.42 0 1 1 1 1 0 0 0 0 0
145.162 0 1 0 0 1 1 0 0 0 0
172.323 0 1 0 0 0 0 1 0 0 0
451.59 0 0 0 0 0 0 0 0 1 0
475.095 0 1 0 0 0 0 1 0 0 0
710.604 0 1 0 0 1 1 0 0 0 0
718.955 0 1 0 0 0 0 1 0 0 0
739.878 0 1 0 0 1 1 0 0 0 0
743.686 0 1 1 1 1 0 0 0 0 0
752.072 0 0 1 1 0 0 0 1 0 0
779.213 0 0 0 0 0 1 0 1 0 0
809.405 0 0 1 1 0 0 0 1 0 0
811.888 0 0 0 0 0 1 0 1 0 0
828.843 0 0 0 0 0 0 0 0 0 1
1137.57 0 0 0 0 0 1 0 1 0 0
1142.88 0 1 0 0 1 1 0 0 0 0
1178.15 1 2 0 0 0 1 0 0 0 0
1182.58 0 1 0 0 1 1 0 0 0 0
1185.9 1 2 0 0 0 1 0 0 0 0
1190.96 0 1 0 0 1 1 0 0 0 0
1198.32 1 2 0 0 0 1 0 0 0 0
1244.95 0 1 0 0 1 1 0 0 0 0
1245.08 1 2 0 0 0 1 0 0 0 0
1292.48 1 2 1 1 0 0 0 0 0 0
1296.23 1 2 0 0 0 1 0 0 0 0
1322.35 0 1 0 0 1 1 0 0 0 0
1345.83 1 2 0 0 0 1 0 0 0 0
1348.99 0 1 0 0 1 1 0 0 0 0
1350.06 0 0 0 0 0 1 0 1 0 0
1371.59 0 1 0 0 1 1 0 0 0 0
1377.93 0 0 0 0 0 1 0 1 0 0
1388.41 0 1 0 0 1 1 0 0 0 0
1425 1 2 0 0 0 1 0 0 0 0
1460.02 1 2 1 1 0 0 0 0 0 0
1479.8 0 1 1 1 1 0 0 0 0 0
1506.74 0 1 0 0 1 1 0 0 0 0
1508.17 0 0 0 0 0 1 0 1 0 0
1535.88 0 1 0 0 1 1 0 0 0 0
1558.87 1 2 0 0 0 1 0 0 0 0
1567.1 0 1 0 0 1 1 0 0 0 0
1583.89 0 1 0 0 0 0 1 0 0 0
1620.7 0 0 0 0 0 0 0 0 1 0
1625.66 0 1 0 0 0 0 1 0 0 0
1629.34 0 0 0 0 0 0 0 0 1 0
1634.3 0 1 0 0 0 0 1 0 0 0
1653.27 0 0 0 0 0 0 0 0 1 0
1661.29 0 1 0 0 0 0 1 0 0 0
1705.28 0 1 0 0 1 1 0 0 0 0
1705.93 1 2 0 0 0 1 0 0 0 0
1708.81 0 1 0 0 1 1 0 0 0 0
1713.27 0 1 0 0 0 0 1 0 0 0
1754.57 0 0 0 0 0 0 0 0 1 0
1768.41 0 1 0 0 0 0 1 0 0 0
1792.11 0 1 0 0 1 1 0 0 0 0
1807.85 0 0 0 0 0 1 0 1 0 0
1889.42 0 1 0 0 1 1 0 0 0 0
1903.59 1 2 0 0 0 1 0 0 0 0
1919.34 0 1 0 0 1 1 0 0 0 0
1920.22 0 0 0 0 0 1 0 1 0 0
1986.53 0 1 0 0 1 1 0 0 0 0
1988.27 1 2 0 0 0 1 0 0 0 0
2014.63 0 1 0 0 1 1 0 0 0 0
2042.97 1 2 0 0 0 1 0 0 0 0
2056.83 0 1 0 0 1 1 0 0 0 0
2069.84 0 0 0 0 0 1 0 1 0 0
2087.48 0 0 0 0 0 0 0 0 0 1
2087.48 0 0 0 0 0 0 0 0 0 1
