0 1 2 1 1 0 0 0 0 0 0
29.2783 0 1 1 1 1 0 0 0 0 0
30.935 1 2 1 1 0 0 0 0 0 0
35.7972 0 1 1 1 1 0 0 0 0 0
38.1548 0 1 0 0 1 1 0 0 0 0
51.8246 0 1 1 1 1 0 0 0 0 0
59.5174 0 1 0 0 1 1 0 0 0 0
79.8534 0 1 0 0 0 0 1 0 0 0
238.067 0 0 0 0 0 0 0 0 1 0
253.809 0 1 0 0 0 0 1 0 0 0
276.822 0 0 0 0 0 0 0 0 1 0
325.708 0 1 0 0 0 0 1 0 0 0
402.581 0 0 0 0 0 0 0 0 1 0
429.841 0 1 0 0 0 0 1 0 0 0
462.263 0 0 0 0 0 0 0 0 1 0
481.908 0 1 0 0 0 0 1 0 0 0
529.957 0 0 0 0 0 0 0 0 1 0
530.049 0 1 0 0 0 0 1 0 0 0
547.501 0 0 0 0 0 0 0 0 1 0
573.505 0 1 0 0 0 0 1 0 0 0
576.255 0 1 0 0 1 1 0 0 0 0
589.726 1 2 0 0 0 1 0 0 0 0
678.368 1 2 1 1 0 0 0 0 0 0
686.664 0 1 1 1 1 0 0 0 0 0
705.755 0 1 0 0 1 1 0 0 0 0
760.48 0 1 0 0 0 0 1 0 0 0
781.428 0 0 0 0 0 0 0 0 1 0
889.955 0 1 0 0 0 0 1 0 0 0
900.534 0 0 0 0 0 0 0 0 1 0
904.305 0 1 0 0 0 0 1 0 0 0
997.001 0 0 0 0 0 0 0 0 1 0
1042.39 0 1 0 0 0 0 1 0 0 0
1129.83 0 0 0 0 0 0 0 0 1 0
1132.85 0 1 0 0 0 0 1 0 0 0
1343.88 0 0 0 0 0 0 0 0 1 0
1363.38 0 1 0 0 0 0 1 0 0 0
1439.49 0 0 0 0 0 0 0 0 1 0
1454.21 0 1 0 0 0 0 1 0 0 0
1462.87 0 0 0 0 0 0 0 0 1 0
1494.06 0 1 0 0 0 0 1 0 0 0
1522.82 0 0 0 0 0 0 0 0 1 0
1557.86 0 1 0 0 0 0 1 0 0 0
1579.33 0 0 0 0 0 0 0 0 1 0
1634.74 0 1 0 0 0 0 1 0 0 0
1648.22 0 0 0 0 0 0 0 0 1 0
1653.3 0 1 0 0 0 0 1 0 0 0
1695.8 0 0 0 0 0 0 0 0 1 0
1715.31 0 1 0 0 0 0 1 0 0 0
1781.12 0 0 0 0 0 0 0 0 1 0
1799.23 0 1 0 0 0 0 1 0 0 0
1813.93 0 0 0 0 0 0 0 0 1 0
1853.02 0 1 0 0 0 0 1 0 0 0
1980.38 0 1 0 0 1 1 0 0 0 0
2005.46 0 1 1 1 1 0 0 0 0 0
2040.98 1 2 1 1 0 0 0 0 0 0
2076.76 1 2 0 0 0 1 0 0 0 0
2165.18 0 1 0 0 1 1 0 0 0 0
2236.55 1 2 0 0 0 1 0 0 0 0
2240.78 0 1 0 0 1 1 0 0 0 0
2272.61 1 2 0 0 0 1 0 0 0 0
2311.82 0 1 0 0 1 1 0 0 0 0
2322.3 1 2 0 0 0 1 0 0 0 0
2382.94 0 1 0 0 1 1 0 0 0 0
2404.97 0 0 0 0 0 1 0 1 0 0
2424.55 0 1 0 0 1 1 0 0 0 0
2431.44 0 0 0 0 0 1 0 1 0 0
2433.48 0 1 0 0 1 1 0 0 0 0
2457.53 0 1 0 0 0 0 1 0 0 0
2465.62 0 0 0 0 0 0 0 0 1 0
2466.7 0 1 0 0 0 0 1 0 0 0
2560.46 0 0 0 0 0 0 0 0 1 0
2566.56 0 1 0 0 0 0 1 0 0 0
2587.57 0 1 0 0 1 1 0 0 0 0
2589.45 1 2 0 0 0 1 0 0 0 0
2688.18 0 1 0 0 1 1 0 0 0 0
2724 0 1 0 0 0 0 1 0 0 0
2834.29 0 0 0 0 0 0 0 0 1 0
2836.72 0 1 0 0 0 0 1 0 0 0
2846.83 0 0 0 0 0 0 0 0 1 0
2861.65 0 1 0 0 0 0 1 0 0 0
2984.8 0 0 0 0 0 0 0 0 1 0
2998.22 0 1 0 0 0 0 1 0 0 0
2998.22 0 1 0 0 0 0 1 0 0 0
