0 1 2 1 1 0 0 0 0 0 0
0.41505 1 2 0 0 0 1 0 0 0 0
7.0156 0 1 0 0 1 1 0 0 0 0
18.8688 0 1 1 1 1 0 0 0 0 0
64.2248 1 2 1 1 0 0 0 0 0 0
87.346 0 1 1 1 1 0 0 0 0 0
92.6472 1 2 1 1 0 0 0 0 0 0
94.4192 1 2 0 0 0 1 0 0 0 0
101.428 1 2 1 1 0 0 0 0 0 0
114.315 0 1 1 1 1 0 0 0 0 0
127.746 0 1 0 0 1 1 0 0 0 0
136.799 0 0 0 0 0 1 0 1 0 0
141.658 0 1 0 0 1 1 0 0 0 0
168.262 0 1 0 0 0 0 1 0 0 0
179.995 0 0 0 0 0 0 0 0 1 0
229.882 0 1 0 0 0 0 1 0 0 0
242.729 0 0 0 0 0 0 0 0 1 0
245.038 0 1 0 0 0 0 1 0 0 0
257.002 0 0 0 0 0 0 0 0 1 0
280.248 0 1 0 0 0 0 1 0 0 0
361.692 0 1 0 0 1 1 0 0 0 0
410.307 0 1 1 1 1 0 0 0 0 0
418.827 1 2 1 1 0 0 0 0 0 0
423.165 0 1 1 1 1 0 0 0 0 0
425.088 0 0 1 1 0 0 0 1 0 0
425.731 0 0 0 0 0 1 0 1 0 0
438.824 0 0 1 1 0 0 0 1 0 0
447.61 0 0 0 0 0 1 0 1 0 0
469.787 0 0 0 0 0 0 0 0 0 1
469.787 0 0 0 0 0 0 0 0 0 1
