0.09600 2.01600 1 -1 0 0 0 1 0 0 0 0 0 0 0 
0.09600 2.04800 3 0 0 -1 0 0 0 1 0 0 0 0 0 
0.09600 3.00800 4 0 0 0 -1 0 0 0 1 0 0 0 0 
0.09600 3.45600 4 0 0 0 -1 0 0 0 1 0 0 0 0 
0.09600 5.50401 2 0 -1 0 0 0 1 0 0 0 0 0 0 
0.09600 6.68801 1 -1 0 0 0 1 0 0 0 0 0 0 0 
3.74400 3.84001 1 -1 0 0 0 1 0 0 0 0 0 0 0 
15.00792 3.42396 2 0 -1 0 0 0 1 0 0 0 0 0 0 
18.30388 5.91992 2 0 -1 0 0 0 1 0 0 0 0 0 0 
20.63985 4.70394 3 0 0 -1 0 0 0 1 0 0 0 0 0 
27.58376 8.19212 5 0 0 0 0 -1 -1 0 0 1 0 0 0 
29.95173 5.85615 2 0 -1 0 0 0 1 0 0 0 0 0 0 
38.33600 5.34425 3 0 0 -1 0 0 0 1 0 0 0 0 0 
42.20818 5.21624 2 0 -1 0 0 0 1 0 0 0 0 0 0 
43.36023 7.39235 6 0 0 0 0 0 0 -1 -1 0 1 0 0 
87.23151 7.48746 6 0 0 0 0 0 0 -1 -1 0 1 0 0 
94.49499 8.12741 5 0 0 0 0 -1 -1 0 0 1 0 0 0 
122.36497 5.69559 4 0 0 0 -1 0 0 0 1 0 0 0 0 
137.01991 10.20726 7 0 0 0 0 0 0 0 0 -1 -1 1 0 
152.89076 7.00749 5 0 0 0 0 -1 -1 0 0 1 0 0 0 
150.97090 10.20726 8 0 0 0 0 0 -1 0 0 0 0 -1 1 
180.40877 8.35139 7 0 0 0 0 0 0 0 0 -1 -1 1 0 
195.06371 3.80772 2 0 -1 0 0 0 1 0 0 0 0 0 0 
346.45584 10.18011 8 0 0 0 0 0 -1 0 0 0 0 -1 1 
570.20276 9.59473 6 0 0 0 0 0 0 -1 -1 0 1 0 0 
696.69324 10.17041 7 0 0 0 0 0 0 0 0 -1 -1 1 0 
