0.09600 2.36800 2 0 -1 0 0 0 1 0 0 0 0 0 0 
0.09600 4.06400 4 0 0 0 -1 0 0 0 1 0 0 0 0 
0.09600 4.92800 1 -1 0 0 0 1 0 0 0 0 0 0 0 
0.09600 5.05600 3 0 0 -1 0 0 0 1 0 0 0 0 0 
0.09600 5.92001 1 -1 0 0 0 1 0 0 0 0 0 0 0 
1.92000 4.60801 2 0 -1 0 0 0 1 0 0 0 0 0 0 
0.09600 6.81601 2 0 -1 0 0 0 1 0 0 0 0 0 0 
6.68800 6.52794 4 0 0 0 -1 0 0 0 1 0 0 0 0 
14.59193 2.33597 2 0 -1 0 0 0 1 0 0 0 0 0 0 
16.60790 5.11993 3 0 0 -1 0 0 0 1 0 0 0 0 0 
28.57575 4.89602 1 -1 0 0 0 1 0 0 0 0 0 0 0 
49.15250 4.64022 2 0 -1 0 0 0 1 0 0 0 0 0 0 
50.56057 8.22438 6 0 0 0 0 0 0 -1 -1 0 1 0 0 
54.65676 8.60840 5 0 0 0 0 -1 -1 0 0 1 0 0 0 
72.89655 4.25569 3 0 0 -1 0 0 0 1 0 0 0 0 0 
85.85562 7.39146 5 0 0 0 0 -1 -1 0 0 1 0 0 0 
94.65498 4.15970 4 0 0 0 -1 0 0 0 1 0 0 0 0 
99.99859 9.08734 6 0 0 0 0 0 0 -1 -1 0 1 0 0 
118.94122 10.04728 7 0 0 0 0 0 0 0 0 -1 -1 1 0 
120.70109 8.35140 7 0 0 0 0 0 0 0 0 -1 -1 1 0 
152.15482 9.31133 5 0 0 0 0 -1 -1 0 0 1 0 0 0 
155.41858 10.78322 8 0 0 0 0 0 -1 0 0 0 0 -1 1 
182.00865 8.06342 6 0 0 0 0 0 0 -1 -1 0 1 0 0 
219.38194 4.57567 2 0 -1 0 0 0 1 0 0 0 0 0 0 
235.82875 8.22340 7 0 0 0 0 0 0 0 0 -1 -1 1 0 
259.15656 7.52304 8 0 0 0 0 0 -1 0 0 0 0 -1 1 
291.87378 9.50784 8 0 0 0 0 0 -1 0 0 0 0 -1 1 
