0.09600 3.80800 4 0 0 0 -1 0 0 0 1 0 0 0 0 
0.09600 4.89600 3 0 0 -1 0 0 0 1 0 0 0 0 0 
1.47200 3.84001 4 0 0 0 -1 0 0 0 1 0 0 0 0 
1.02400 4.99201 2 0 -1 0 0 0 1 0 0 0 0 0 0 
1.98400 4.83201 1 -1 0 0 0 1 0 0 0 0 0 0 0 
13.08794 4.25595 1 -1 0 0 0 1 0 0 0 0 0 0 0 
0.12800 17.24789 1 -1 0 0 0 1 0 0 0 0 0 0 0 
22.52782 4.12795 3 0 0 -1 0 0 0 1 0 0 0 0 0 
24.28780 5.47193 2 0 -1 0 0 0 1 0 0 0 0 0 0 
26.71978 4.28794 2 0 -1 0 0 0 1 0 0 0 0 0 0 
31.03972 7.71230 5 0 0 0 0 -1 -1 0 0 1 0 0 0 
37.88798 4.06419 2 0 -1 0 0 0 1 0 0 0 0 0 0 
49.88853 3.96819 2 0 -1 0 0 0 1 0 0 0 0 0 0 
54.30474 9.88844 5 0 0 0 0 -1 -1 0 0 1 0 0 0 
62.17711 4.28791 2 0 -1 0 0 0 1 0 0 0 0 0 0 
91.19922 8.47939 5 0 0 0 0 -1 -1 0 0 1 0 0 0 
127.35661 10.20727 6 0 0 0 0 0 0 -1 -1 0 1 0 0 
141.69157 7.03949 6 0 0 0 0 0 0 -1 -1 0 1 0 0 
149.11504 3.99971 4 0 0 0 -1 0 0 0 1 0 0 0 0 
180.44077 12.25511 7 0 0 0 0 0 0 0 0 -1 -1 1 0 
221.04582 11.77515 8 0 0 0 0 0 -1 0 0 0 0 -1 1 
234.42085 4.86365 3 0 0 -1 0 0 0 1 0 0 0 0 0 
252.21156 8.41759 6 0 0 0 0 0 0 -1 -1 0 1 0 0 
280.31711 8.73953 7 0 0 0 0 0 0 0 0 -1 -1 1 0 
361.62997 7.29895 8 0 0 0 0 0 -1 0 0 0 0 -1 1 
362.14218 7.04285 7 0 0 0 0 0 0 0 0 -1 -1 1 0 
486.54446 11.94083 8 0 0 0 0 0 -1 0 0 0 0 -1 1 
