0.09600 4.92800 1 -1 0 0 0 1 0 0 0 0 0 0 0 
1.05600 4.48001 4 0 0 0 -1 0 0 0 1 0 0 0 0 
0.09600 5.60001 3 0 0 -1 0 0 0 1 0 0 0 0 0 
0.76800 5.18401 4 0 0 0 -1 0 0 0 1 0 0 0 0 
0.09600 6.01601 4 0 0 0 -1 0 0 0 1 0 0 0 0 
3.45600 4.22401 2 0 -1 0 0 0 1 0 0 0 0 0 0 
3.93600 4.60800 2 0 -1 0 0 0 1 0 0 0 0 0 0 
5.31200 4.95998 3 0 0 -1 0 0 0 1 0 0 0 0 0 
18.75188 9.02388 5 0 0 0 0 -1 -1 0 0 1 0 0 0 
27.80775 1.75998 2 0 -1 0 0 0 1 0 0 0 0 0 0 
26.91177 5.63196 1 -1 0 0 0 1 0 0 0 0 0 0 0 
34.46382 7.93637 5 0 0 0 0 -1 -1 0 0 1 0 0 0 
40.03208 4.80022 3 0 0 -1 0 0 0 1 0 0 0 0 0 
37.31195 8.64040 6 0 0 0 0 0 0 -1 -1 0 1 0 0 
45.98435 8.92842 7 0 0 0 0 0 0 0 0 -1 -1 1 0 
74.08047 4.76765 2 0 -1 0 0 0 1 0 0 0 0 0 0 
75.55236 5.53560 2 0 -1 0 0 0 1 0 0 0 0 0 0 
94.59097 9.98328 6 0 0 0 0 0 0 -1 -1 0 1 0 0 
120.12513 9.91929 8 0 0 0 0 0 -1 0 0 0 0 -1 1 
134.74808 6.01556 2 0 -1 0 0 0 1 0 0 0 0 0 0 
192.82387 4.44768 1 -1 0 0 0 1 0 0 0 0 0 0 0 
224.18159 8.28740 7 0 0 0 0 0 0 0 0 -1 -1 1 0 
226.64542 8.22340 5 0 0 0 0 -1 -1 0 0 1 0 0 0 
506.42450 6.94550 6 0 0 0 0 0 0 -1 -1 0 1 0 0 
692.59949 9.72266 7 0 0 0 0 0 0 0 0 -1 -1 1 0 
815.31604 8.21948 8 0 0 0 0 0 -1 0 0 0 0 -1 1 
