0.09600 4.51200 2 0 -1 0 0 0 1 0 0 0 0 0 0 
0.09600 4.86400 2 0 -1 0 0 0 1 0 0 0 0 0 0 
0.09600 4.96000 4 0 0 0 -1 0 0 0 1 0 0 0 0 
0.09600 4.99200 1 -1 0 0 0 1 0 0 0 0 0 0 0 
0.09600 6.49601 2 0 -1 0 0 0 1 0 0 0 0 0 0 
0.09600 6.56001 1 -1 0 0 0 1 0 0 0 0 0 0 0 
0.09600 6.68801 3 0 0 -1 0 0 0 1 0 0 0 0 0 
5.76000 3.58399 4 0 0 0 -1 0 0 0 1 0 0 0 0 
6.78401 4.70396 3 0 0 -1 0 0 0 1 0 0 0 0 0 
7.71201 5.08794 2 0 -1 0 0 0 1 0 0 0 0 0 0 
9.47199 7.90390 5 0 0 0 0 -1 -1 0 0 1 0 0 0 
26.65577 6.14397 3 0 0 -1 0 0 0 1 0 0 0 0 0 
28.51175 7.84016 6 0 0 0 0 0 0 -1 -1 0 1 0 0 
40.44809 1.85609 2 0 -1 0 0 0 1 0 0 0 0 0 0 
40.99213 7.36034 6 0 0 0 0 0 0 -1 -1 0 1 0 0 
67.16896 5.98357 1 -1 0 0 0 1 0 0 0 0 0 0 0 
72.99255 4.95964 4 0 0 0 -1 0 0 0 1 0 0 0 0 
69.21681 9.98328 5 0 0 0 0 -1 -1 0 0 1 0 0 0 
102.27042 3.87172 2 0 -1 0 0 0 1 0 0 0 0 0 0 
111.45376 8.09541 5 0 0 0 0 -1 -1 0 0 1 0 0 0 
161.53014 8.89536 7 0 0 0 0 0 0 0 0 -1 -1 1 0 
182.55261 9.40732 8 0 0 0 0 0 -1 0 0 0 0 -1 1 
214.55029 7.42346 7 0 0 0 0 0 0 0 0 -1 -1 1 0 
226.70941 7.42346 8 0 0 0 0 0 -1 0 0 0 0 -1 1 
231.98903 10.62323 6 0 0 0 0 0 0 -1 -1 0 1 0 0 
279.26068 12.03687 7 0 0 0 0 0 0 0 0 -1 -1 1 0 
342.67831 10.30817 8 0 0 0 0 0 -1 0 0 0 0 -1 1 
