0.99200 4.03200 2 0 -1 0 0 0 1 0 0 0 0 0 0 
1.63200 4.09601 3 0 0 -1 0 0 0 1 0 0 0 0 0 
4.22401 4.03200 4 0 0 0 -1 0 0 0 1 0 0 0 0 
4.12800 4.48000 1 -1 0 0 0 1 0 0 0 0 0 0 0 
2.94400 5.69600 3 0 0 -1 0 0 0 1 0 0 0 0 0 
6.97601 4.73595 1 -1 0 0 0 1 0 0 0 0 0 0 0 
11.74396 4.19195 2 0 -1 0 0 0 1 0 0 0 0 0 0 
17.11989 4.22395 2 0 -1 0 0 0 1 0 0 0 0 0 0 
31.16772 3.71212 2 0 -1 0 0 0 1 0 0 0 0 0 0 
31.83970 4.19219 4 0 0 0 -1 0 0 0 1 0 0 0 0 
68.96084 6.23955 6 0 0 0 0 0 0 -1 -1 0 1 0 0 
71.45667 6.01556 3 0 0 -1 0 0 0 1 0 0 0 0 0 
114.74952 5.56760 2 0 -1 0 0 0 1 0 0 0 0 0 0 
121.82101 7.45547 5 0 0 0 0 -1 -1 0 0 1 0 0 0 
135.26004 10.30325 6 0 0 0 0 0 0 -1 -1 0 1 0 0 
147.99512 1.50389 2 0 -1 0 0 0 1 0 0 0 0 0 0 
145.62729 9.50331 7 0 0 0 0 0 0 0 0 -1 -1 1 0 
155.19460 9.69530 8 0 0 0 0 0 -1 0 0 0 0 -1 1 
160.98618 4.28769 4 0 0 0 -1 0 0 0 1 0 0 0 0 
158.84233 8.38339 5 0 0 0 0 -1 -1 0 0 1 0 0 0 
165.75383 4.31969 1 -1 0 0 0 1 0 0 0 0 0 0 0 
204.43903 7.58345 5 0 0 0 0 -1 -1 0 0 1 0 0 0 
355.93167 10.37219 7 0 0 0 0 0 0 0 0 -1 -1 1 0 
586.09802 9.08301 6 0 0 0 0 0 0 -1 -1 0 1 0 0 
814.64441 9.53076 7 0 0 0 0 0 0 0 0 -1 -1 1 0 
816.78723 10.84204 8 0 0 0 0 0 -1 0 0 0 0 -1 1 
