0.09600 5.08800 4 0 0 0 -1 0 0 0 1 0 0 0 0 
0.09600 6.01601 2 0 -1 0 0 0 1 0 0 0 0 0 0 
2.27200 4.44801 2 0 -1 0 0 0 1 0 0 0 0 0 0 
2.94400 4.99201 2 0 -1 0 0 0 1 0 0 0 0 0 0 
6.30401 4.09597 4 0 0 0 -1 0 0 0 1 0 0 0 0 
9.11999 4.19195 2 0 -1 0 0 0 1 0 0 0 0 0 0 
14.81592 5.40793 1 -1 0 0 0 1 0 0 0 0 0 0 0 
24.73579 5.63193 2 0 -1 0 0 0 1 0 0 0 0 0 0 
26.43177 4.15995 3 0 0 -1 0 0 0 1 0 0 0 0 0 
36.67192 5.31225 3 0 0 -1 0 0 0 1 0 0 0 0 0 
32.76774 10.08047 6 0 0 0 0 0 0 -1 -1 0 1 0 0 
56.64086 5.02423 1 -1 0 0 0 1 0 0 0 0 0 0 0 
58.40094 8.25607 5 0 0 0 0 -1 -1 0 0 1 0 0 0 
61.72910 10.17553 5 0 0 0 0 -1 -1 0 0 1 0 0 0 
83.51978 3.00778 1 -1 0 0 0 1 0 0 0 0 0 0 0 
108.70196 6.30354 2 0 -1 0 0 0 1 0 0 0 0 0 0 
106.30214 9.18333 5 0 0 0 0 -1 -1 0 0 1 0 0 0 
119.77316 8.31940 6 0 0 0 0 0 0 -1 -1 0 1 0 0 
132.60423 6.94350 7 0 0 0 0 0 0 0 0 -1 -1 1 0 
149.17903 4.89565 4 0 0 0 -1 0 0 0 1 0 0 0 0 
161.53014 5.24762 3 0 0 -1 0 0 0 1 0 0 0 0 0 
171.38542 7.10349 6 0 0 0 0 0 0 -1 -1 0 1 0 0 
190.61603 6.39954 7 0 0 0 0 0 0 0 0 -1 -1 1 0 
199.67137 6.97549 7 0 0 0 0 0 0 0 0 -1 -1 1 0 
197.04756 9.98328 8 0 0 0 0 0 -1 0 0 0 0 -1 1 
207.03084 11.03920 8 0 0 0 0 0 -1 0 0 0 0 -1 1 
269.49673 9.89200 8 0 0 0 0 0 -1 0 0 0 0 -1 1 
