0.09600 4.03200 3 0 0 -1 0 0 0 1 0 0 0 0 0 
0.54400 4.00000 2 0 -1 0 0 0 1 0 0 0 0 0 0 
0.09600 5.76001 2 0 -1 0 0 0 1 0 0 0 0 0 0 
0.09600 5.95201 2 0 -1 0 0 0 1 0 0 0 0 0 0 
5.40801 3.77599 3 0 0 -1 0 0 0 1 0 0 0 0 0 
7.93601 3.80795 1 -1 0 0 0 1 0 0 0 0 0 0 0 
13.56794 4.73594 4 0 0 0 -1 0 0 0 1 0 0 0 0 
14.52793 5.91992 3 0 0 -1 0 0 0 1 0 0 0 0 0 
21.31184 3.80795 1 -1 0 0 0 1 0 0 0 0 0 0 0 
22.43182 3.96795 2 0 -1 0 0 0 1 0 0 0 0 0 0 
25.15179 11.00811 5 0 0 0 0 -1 -1 0 0 1 0 0 0 
27.90375 8.80017 6 0 0 0 0 0 0 -1 -1 0 1 0 0 
37.34395 3.77618 4 0 0 0 -1 0 0 0 1 0 0 0 0 
38.30399 3.13615 2 0 -1 0 0 0 1 0 0 0 0 0 0 
45.82435 3.84018 1 -1 0 0 0 1 0 0 0 0 0 0 0 
36.73592 13.02461 7 0 0 0 0 0 0 0 0 -1 -1 1 0 
45.56834 4.44821 4 0 0 0 -1 0 0 0 1 0 0 0 0 
51.13659 7.64836 5 0 0 0 0 -1 -1 0 0 1 0 0 0 
63.52117 3.99977 2 0 -1 0 0 0 1 0 0 0 0 0 0 
64.67315 7.74344 6 0 0 0 0 0 0 -1 -1 0 1 0 0 
62.14511 11.07142 8 0 0 0 0 0 -1 0 0 0 0 -1 1 
142.97148 8.86336 5 0 0 0 0 -1 -1 0 0 1 0 0 0 
169.65755 9.53531 7 0 0 0 0 0 0 0 0 -1 -1 1 0 
351.80200 7.84317 6 0 0 0 0 0 0 -1 -1 0 1 0 0 
364.86328 9.31577 7 0 0 0 0 0 0 0 0 -1 -1 1 0 
417.36450 7.90720 8 0 0 0 0 0 -1 0 0 0 0 -1 1 
