0.76800 3.84000 4 0 0 0 -1 0 0 0 1 0 0 0 0 
0.09600 4.70400 2 0 -1 0 0 0 1 0 0 0 0 0 0 
0.09600 4.83200 1 -1 0 0 0 1 0 0 0 0 0 0 0 
0.73600 4.32000 2 0 -1 0 0 0 1 0 0 0 0 0 0 
6.52801 4.99196 4 0 0 0 -1 0 0 0 1 0 0 0 0 
8.60801 5.11993 1 -1 0 0 0 1 0 0 0 0 0 0 0 
9.95198 4.25595 2 0 -1 0 0 0 1 0 0 0 0 0 0 
4.99201 11.96789 5 0 0 0 0 -1 -1 0 0 1 0 0 0 
20.89585 4.57594 3 0 0 -1 0 0 0 1 0 0 0 0 0 
32.22371 6.17629 1 -1 0 0 0 1 0 0 0 0 0 0 0 
39.48805 4.28820 4 0 0 0 -1 0 0 0 1 0 0 0 0 
58.62495 4.67222 2 0 -1 0 0 0 1 0 0 0 0 0 0 
78.24016 6.27155 3 0 0 -1 0 0 0 1 0 0 0 0 0 
80.35201 4.19170 2 0 -1 0 0 0 1 0 0 0 0 0 0 
87.35950 6.87950 5 0 0 0 0 -1 -1 0 0 1 0 0 0 
103.83830 3.10378 2 0 -1 0 0 0 1 0 0 0 0 0 0 
150.52293 8.79936 6 0 0 0 0 0 0 -1 -1 0 1 0 0 
172.92131 5.43961 3 0 0 -1 0 0 0 1 0 0 0 0 0 
193.23984 6.27155 6 0 0 0 0 0 0 -1 -1 0 1 0 0
202.23984 6.87950 5 0 0 0 0 -1 -1 0 0 1 0 0 0  
206.32689 10.46324 7 0 0 0 0 0 0 0 0 -1 -1 1 0 
223.79762 8.51138 6 0 0 0 0 0 0 -1 -1 0 1 0 0 
252.97951 8.32191 8 0 0 0 0 0 -1 0 0 0 0 -1 1 
292.38599 8.67551 7 0 0 0 0 0 0 0 0 -1 -1 1 0 
313.06635 6.46661 7 0 0 0 0 0 0 0 0 -1 -1 1 0 
345.52747 12.26096 8 0 0 0 0 0 -1 0 0 0 0 -1 1 
437.30856 11.74875 8 0 0 0 0 0 -1 0 0 0 0 -1 1 
