0.09600 2.27200 2 0 -1 0 0 0 1 0 0 0 0 0 0 
0.48000 3.68000 3 0 0 -1 0 0 0 1 0 0 0 0 0 
0.09600 7.00801 4 0 0 0 -1 0 0 0 1 0 0 0 0 
5.15200 4.15999 3 0 0 -1 0 0 0 1 0 0 0 0 0 
8.83200 4.15995 2 0 -1 0 0 0 1 0 0 0 0 0 0 
10.84797 4.95994 3 0 0 -1 0 0 0 1 0 0 0 0 0 
12.95995 5.18393 4 0 0 0 -1 0 0 0 1 0 0 0 0 
15.87191 7.16791 6 0 0 0 0 0 0 -1 -1 0 1 0 0 
19.74386 4.92794 1 -1 0 0 0 1 0 0 0 0 0 0 0 
20.22385 4.63994 1 -1 0 0 0 1 0 0 0 0 0 0 0 
23.35981 4.99194 4 0 0 0 -1 0 0 0 1 0 0 0 0 
36.06389 11.32853 6 0 0 0 0 0 0 -1 -1 0 1 0 0 
53.37670 4.48021 2 0 -1 0 0 0 1 0 0 0 0 0 0 
72.64056 4.47968 2 0 -1 0 0 0 1 0 0 0 0 0 0 
78.17617 11.13519 5 0 0 0 0 -1 -1 0 0 1 0 0 0 
109.11794 5.31161 1 -1 0 0 0 1 0 0 0 0 0 0 0 
130.01242 8.25540 5 0 0 0 0 -1 -1 0 0 1 0 0 0 
141.91556 6.78351 7 0 0 0 0 0 0 0 0 -1 -1 1 0 
152.09082 4.22369 2 0 -1 0 0 0 1 0 0 0 0 0 0 
167.09773 7.39146 6 0 0 0 0 0 0 -1 -1 0 1 0 0 
207.44681 4.86365 2 0 -1 0 0 0 1 0 0 0 0 0 0 
212.63043 10.39925 5 0 0 0 0 -1 -1 0 0 1 0 0 0 
228.59727 12.41510 8 0 0 0 0 0 -1 0 0 0 0 -1 1 
302.11792 7.13889 7 0 0 0 0 0 0 0 0 -1 -1 1 0 
302.98227 10.14810 7 0 0 0 0 0 0 0 0 -1 -1 1 0 
1065.41858 6.71631 8 0 0 0 0 0 -1 0 0 0 0 -1 1 
