0.09600 3.80800 2 0 -1 0 0 0 1 0 0 0 0 0 0 
0.09600 4.06400 2 0 -1 0 0 0 1 0 0 0 0 0 0 
0.09600 4.64000 3 0 0 -1 0 0 0 1 0 0 0 0 0 
0.09600 5.66401 2 0 -1 0 0 0 1 0 0 0 0 0 0 
7.71201 4.19195 1 -1 0 0 0 1 0 0 0 0 0 0 0 
8.09601 4.57594 3 0 0 -1 0 0 0 1 0 0 0 0 0 
12.86395 3.67995 2 0 -1 0 0 0 1 0 0 0 0 0 0 
28.15975 3.67995 3 0 0 -1 0 0 0 1 0 0 0 0 0 
46.75239 4.67222 4 0 0 0 -1 0 0 0 1 0 0 0 0 
44.22427 9.02442 5 0 0 0 0 -1 -1 0 0 1 0 0 0 
52.44865 8.70441 6 0 0 0 0 0 0 -1 -1 0 1 0 0 
65.69707 4.67166 4 0 0 0 -1 0 0 0 1 0 0 0 0 
70.08076 5.24762 1 -1 0 0 0 1 0 0 0 0 0 0 0 
72.83256 5.79158 2 0 -1 0 0 0 1 0 0 0 0 0 0 
85.69563 3.90372 1 -1 0 0 0 1 0 0 0 0 0 0 0 
98.20672 5.40761 4 0 0 0 -1 0 0 0 1 0 0 0 0 
113.18163 6.94350 5 0 0 0 0 -1 -1 0 0 1 0 0 0 
114.17356 8.44739 5 0 0 0 0 -1 -1 0 0 1 0 0 0 
114.26955 8.47939 6 0 0 0 0 0 0 -1 -1 0 1 0 0 
119.99715 6.55952 7 0 0 0 0 0 0 0 0 -1 -1 1 0 
122.81293 7.64745 7 0 0 0 0 0 0 0 0 -1 -1 1 0 
142.90749 2.30383 2 0 -1 0 0 0 1 0 0 0 0 0 0 
136.21997 11.07120 8 0 0 0 0 0 -1 0 0 0 0 -1 1 
196.05563 9.47131 8 0 0 0 0 0 -1 0 0 0 0 -1 1 
206.39088 9.27933 6 0 0 0 0 0 0 -1 -1 0 1 0 0 
284.47879 8.13129 7 0 0 0 0 0 0 0 0 -1 -1 1 0 
402.19037 8.03525 8 0 0 0 0 0 -1 0 0 0 0 -1 1 
