0.73600 3.84000 4 0 0 0 -1 0 0 0 1 0 0 0 0 
0.09600 4.57600 4 0 0 0 -1 0 0 0 1 0 0 0 0 
2.20800 4.28801 3 0 0 -1 0 0 0 1 0 0 0 0 0 
2.36800 4.86401 1 -1 0 0 0 1 0 0 0 0 0 0 0 
5.47201 4.92797 2 0 -1 0 0 0 1 0 0 0 0 0 0 
9.24800 4.47994 2 0 -1 0 0 0 1 0 0 0 0 0 0 
12.83195 5.91992 4 0 0 0 -1 0 0 0 1 0 0 0 0 
15.42391 5.05594 2 0 -1 0 0 0 1 0 0 0 0 0 0 
38.97603 3.42416 3 0 0 -1 0 0 0 1 0 0 0 0 0 
41.98417 4.48021 1 -1 0 0 0 1 0 0 0 0 0 0 0 
50.30456 11.13652 5 0 0 0 0 -1 -1 0 0 1 0 0 0 
67.55294 3.61574 2 0 -1 0 0 0 1 0 0 0 0 0 0 
68.60886 10.65523 5 0 0 0 0 -1 -1 0 0 1 0 0 0 
80.44801 3.93571 2 0 -1 0 0 0 1 0 0 0 0 0 0 
79.29609 5.11963 2 0 -1 0 0 0 1 0 0 0 0 0 0 
103.32635 6.30354 6 0 0 0 0 0 0 -1 -1 0 1 0 0 
118.39725 4.28769 1 -1 0 0 0 1 0 0 0 0 0 0 0 
165.14587 7.87143 5 0 0 0 0 -1 -1 0 0 1 0 0 0 
189.52811 7.07149 6 0 0 0 0 0 0 -1 -1 0 1 0 0 
314.85907 4.96201 3 0 0 -1 0 0 0 1 0 0 0 0 0  
