0.09600 2.62400 4 0 0 0 -1 0 0 0 1 0 0 0 0 
0.09600 3.55200 2 0 -1 0 0 0 1 0 0 0 0 0 0 
0.09600 5.88801 3 0 0 -1 0 0 0 1 0 0 0 0 0 
1.85600 4.60801 2 0 -1 0 0 0 1 0 0 0 0 0 0 
2.17600 4.41601 3 0 0 -1 0 0 0 1 0 0 0 0 0 
0.96000 6.30401 1 -1 0 0 0 1 0 0 0 0 0 0 0 
3.20000 4.83201 1 -1 0 0 0 1 0 0 0 0 0 0 0 
8.12801 9.85587 6 0 0 0 0 0 0 -1 -1 0 1 0 0 
23.07182 3.64795 2 0 -1 0 0 0 1 0 0 0 0 0 0 
23.61581 4.09595 2 0 -1 0 0 0 1 0 0 0 0 0 0 
24.76779 8.51197 5 0 0 0 0 -1 -1 0 0 1 0 0 0 
29.47173 4.64007 4 0 0 0 -1 0 0 0 1 0 0 0 0 
29.63174 7.16819 5 0 0 0 0 -1 -1 0 0 1 0 0 0 
34.87983 4.64022 1 -1 0 0 0 1 0 0 0 0 0 0 0 
42.17618 4.44821 2 0 -1 0 0 0 1 0 0 0 0 0 0 
51.87263 8.35239 6 0 0 0 0 0 0 -1 -1 0 1 0 0 
59.04097 4.38420 3 0 0 -1 0 0 0 1 0 0 0 0 0 
63.80919 8.92738 7 0 0 0 0 0 0 0 0 -1 -1 1 0 
73.76049 3.71173 2 0 -1 0 0 0 1 0 0 0 0 0 0 
78.14417 9.82329 5 0 0 0 0 -1 -1 0 0 1 0 0 0 
107.67803 6.62352 7 0 0 0 0 0 0 0 0 -1 -1 1 0 
110.71781 4.38368 4 0 0 0 -1 0 0 0 1 0 0 0 0 
120.86107 10.23927 8 0 0 0 0 0 -1 0 0 0 0 -1 1 
140.34767 8.12741 8 0 0 0 0 0 -1 0 0 0 0 -1 1 
250.16371 10.56148 6 0 0 0 0 0 0 -1 -1 0 1 0 0 
461.47833 10.02005 7 0 0 0 0 0 0 0 0 -1 -1 1 0 
558.46521 10.33032 8 0 0 0 0 0 -1 0 0 0 0 -1 1 
