0.09600 2.94400 2 0 -1 0 0 0 1 0 0 0 0 0 0 
0.09600 4.38400 2 0 -1 0 0 0 1 0 0 0 0 0 0 
0.09600 4.83200 4 0 0 0 -1 0 0 0 1 0 0 0 0 
0.09600 4.89600 2 0 -1 0 0 0 1 0 0 0 0 0 0 
0.09600 4.99200 3 0 0 -1 0 0 0 1 0 0 0 0 0 
10.75198 4.57594 3 0 0 -1 0 0 0 1 0 0 0 0 0 
5.15201 10.81590 6 0 0 0 0 0 0 -1 -1 0 1 0 0 
11.99996 4.99194 1 -1 0 0 0 1 0 0 0 0 0 0 0 
11.32797 6.33592 1 -1 0 0 0 1 0 0 0 0 0 0 0 
14.49593 3.80795 3 0 0 -1 0 0 0 1 0 0 0 0 0 
17.18389 5.40793 4 0 0 0 -1 0 0 0 1 0 0 0 0 
31.35971 1.92005 1 -1 0 0 0 1 0 0 0 0 0 0 0 
63.58518 10.20731 5 0 0 0 0 -1 -1 0 0 1 0 0 0 
66.65701 9.37532 5 0 0 0 0 -1 -1 0 0 1 0 0 0 
77.63221 8.86336 6 0 0 0 0 0 0 -1 -1 0 1 0 0 
107.96601 8.51138 7 0 0 0 0 0 0 0 0 -1 -1 1 0 
135.48402 3.96771 2 0 -1 0 0 0 1 0 0 0 0 0 0 
148.53908 4.63966 4 0 0 0 -1 0 0 0 1 0 0 0 0 
147.09918 8.67137 7 0 0 0 0 0 0 0 0 -1 -1 1 0 
160.82619 9.91928 5 0 0 0 0 -1 -1 0 0 1 0 0 0 
213.97433 5.05563 2 0 -1 0 0 0 1 0 0 0 0 0 0 
247.41191 4.92764 2 0 -1 0 0 0 1 0 0 0 0 0 0 
309.00070 7.23492 8 0 0 0 0 0 -1 0 0 0 0 -1 1 
330.28931 6.62668 8 0 0 0 0 0 -1 0 0 0 0 -1 1 
643.41052 9.08301 6 0 0 0 0 0 0 -1 -1 0 1 0 0 
720.42419 7.06812 7 0 0 0 0 0 0 0 0 -1 -1 1 0 
811.92590 7.83569 8 0 0 0 0 0 -1 0 0 0 0 -1 1 
