6.62400 4.19197 2 0 -1 0 0 0 0 0 0 0 1 0 0 0 0 0 0 0 0 
7.68001 6.01593 4 0 0 0 -1 0 0 0 0 0 0 0 1 0 0 0 0 0 0 
37.31195 5.47226 1 -1 0 0 0 0 0 0 0 1 0 0 0 0 0 0 0 0 0 
46.33637 8.32039 9 0 0 0 0 0 0 0 0 -1 -1 0 0 1 0 0 0 0 0 
79.84005 4.51167 3 0 0 -1 0 0 0 0 0 0 0 1 0 0 0 0 0 0 0 
84.38372 7.35947 10 0 0 0 0 0 0 0 0 0 0 -1 -1 0 1 0 0 0 0 
130.04442 4.51167 2 0 -1 0 0 0 0 0 0 0 1 0 0 0 0 0 0 0 0 
135.93199 8.57538 11 0 0 0 0 0 0 0 0 0 0 0 0 -1 -1 1 0 0 0 
154.84262 8.60738 12 0 0 0 0 0 0 0 0 0 -1 0 0 0 0 -1 1 0 0 
169.49756 0.00000 18 0 1 0 0 0 0 0 0 0 0 0 0 0 0 1 -1 0 0 
172.92131 4.54367 2 0 -1 0 0 0 0 0 0 0 1 0 0 0 0 0 0 0 0 
194.67973 9.50331 12 0 0 0 0 0 0 0 0 0 -1 0 0 0 0 -1 1 0 0 
304.16675 0.00000 18 0 1 0 0 0 0 0 0 0 0 0 0 0 0 1 -1 0 0 
320.01315 0.00000 17 0 0 0 0 1 0 0 0 0 0 0 0 0 1 -1 0 0 0 
342.87039 0.00000 16 0 0 0 1 0 0 0 0 0 0 1 0 0 1 0 0 0 0 
342.13409 6.59467 5 0 0 0 0 -1 0 0 0 0 0 0 0 1 0 0 0 0 0 
357.40427 0.00000 15 0 1 0 0 0 0 0 0 1 0 0 0 -1 0 0 0 0 0 
362.65439 5.69830 2 0 -1 0 0 0 0 0 0 0 1 0 0 0 0 0 0 0 0 
444.95966 3.74551 4 0 0 0 -1 0 0 0 0 0 0 0 1 0 0 0 0 0 0 
468.13702 10.18011 10 0 0 0 0 0 0 0 0 0 0 -1 -1 0 1 0 0 0 0 
596.30042 0.00000 16 0 0 0 1 0 0 0 0 0 0 1 0 0 1 0 0 0 0 
703.66541 5.14917 4 0 0 0 -1 0 0 0 0 0 0 0 1 0 0 0 0 0 0 
713.19617 8.76318 10 0 0 0 0 0 0 0 0 0 0 -1 -1 0 1 0 0 0 0 
937.16907 0.00000 16 0 0 0 1 0 0 0 0 0 0 1 0 0 1 0 0 0 0 
943.66150 5.08521 4 0 0 0 -1 0 0 0 0 0 0 0 1 0 0 0 0 0 0 
950.18591 8.18750 10 0 0 0 0 0 0 0 0 0 0 -1 -1 0 1 0 0 0 0 
1114.51160 0.00000 16 0 0 0 1 0 0 0 0 0 0 1 0 0 1 0 0 0 0 
1135.20422 4.09375 4 0 0 0 -1 0 0 0 0 0 0 0 1 0 0 0 0 0 0 
1213.30530 9.85059 10 0 0 0 0 0 0 0 0 0 0 -1 -1 0 1 0 0 0 0 
1258.78430 0.00000 16 0 0 0 1 0 0 0 0 0 0 1 0 0 1 0 0 0 0 
1310.37195 5.62891 4 0 0 0 -1 0 0 0 0 0 0 0 1 0 0 0 0 0 0 
1451.70227 6.78027 10 0 0 0 0 0 0 0 0 0 0 -1 -1 0 1 0 0 0 0 
1469.74036 0.00000 16 0 0 0 1 0 0 0 0 0 0 1 0 0 1 0 0 0 0 
1558.74744 5.30908 4 0 0 0 -1 0 0 0 0 0 0 0 1 0 0 0 0 0 0 
1594.95154 8.85913 10 0 0 0 0 0 0 0 0 0 0 -1 -1 0 1 0 0 0 0 
1686.93298 0.00000 16 0 0 0 1 0 0 0 0 0 0 1 0 0 1 0 0 0 0 
1756.59070 6.20459 4 0 0 0 -1 0 0 0 0 0 0 0 1 0 0 0 0 0 0 
1764.04260 10.93799 10 0 0 0 0 0 0 0 0 0 0 -1 -1 0 1 0 0 0 0 
