15.10392 4.76794 2 0 -1 0 0 0 0 0 0 0 1 0 0 0 0 0 0 0 0 
19.64786 4.86394 3 0 0 -1 0 0 0 0 0 0 0 1 0 0 0 0 0 0 0 
23.77580 4.22395 4 0 0 0 -1 0 0 0 0 0 0 0 1 0 0 0 0 0 0 
29.56773 4.19205 1 -1 0 0 0 0 0 0 0 1 0 0 0 0 0 0 0 0 0 
46.30437 4.41621 2 0 -1 0 0 0 0 0 0 0 1 0 0 0 0 0 0 0 0 
60.89705 9.66367 9 0 0 0 0 0 0 0 0 -1 -1 0 0 1 0 0 0 0 0 
91.93517 0.00000 15 0 1 0 0 0 0 0 0 1 0 0 0 -1 0 0 0 0 0 
98.49469 8.60738 9 0 0 0 0 0 0 0 0 -1 -1 0 0 1 0 0 0 0 0 
115.45347 0.00000 15 0 1 0 0 0 0 0 0 1 0 0 0 -1 0 0 0 0 0 
113.27762 4.06371 2 0 -1 0 0 0 0 0 0 0 1 0 0 0 0 0 0 0 0 
168.08966 9.66330 10 0 0 0 0 0 0 0 0 0 0 -1 -1 0 1 0 0 0 0 
205.62294 0.00000 16 0 0 0 1 0 0 0 0 0 0 1 0 0 1 0 0 0 0 
202.51917 9.53531 9 0 0 0 0 0 0 0 0 -1 -1 0 0 1 0 0 0 0 0 
209.94263 4.41568 2 0 -1 0 0 0 0 0 0 0 1 0 0 0 0 0 0 0 0 
226.35744 11.13519 13 0 0 0 0 0 0 0 0 0 -1 0 0 -1 0 0 0 1 0 
267.03174 0.00000 19 0 1 0 0 0 0 0 0 0 0 0 0 1 0 0 0 -1 0 
302.43805 0.00000 15 0 1 0 0 0 0 0 0 1 0 0 0 -1 0 0 0 0 0 
313.35446 4.96201 2 0 -1 0 0 0 0 0 0 0 1 0 0 0 0 0 0 0 0 
495.73218 5.25012 2 0 -1 0 0 0 0 0 0 0 1 0 0 0 0 0 0 0 0 
1377.91882 6.68433 9 0 0 0 0 0 0 0 0 -1 -1 0 0 1 0 0 0 0 0 
1391.86316 0.00000 15 0 1 0 0 0 0 0 0 1 0 0 0 -1 0 0 0 0 0 
1424.51721 7.86768 9 0 0 0 0 0 0 0 0 -1 -1 0 0 1 0 0 0 0 0 
1461.29700 6.14062 2 0 -1 0 0 0 0 0 0 0 1 0 0 0 0 0 0 0 0 
