0.09600 4.12800 4 0 0 0 -1 0 0 0 0 0 0 0 1 0 0 0 0 0 0 
0.03200 4.48000 2 0 -1 0 0 0 0 0 0 0 1 0 0 0 0 0 0 0 0 
13.53594 5.21593 1 -1 0 0 0 0 0 0 0 1 0 0 0 0 0 0 0 0 0 
104.12629 5.15163 3 0 0 -1 0 0 0 0 0 0 0 1 0 0 0 0 0 0 0 
135.26004 11.03920 9 0 0 0 0 0 0 0 0 -1 -1 0 0 1 0 0 0 0 0 
147.57915 9.21533 10 0 0 0 0 0 0 0 0 0 0 -1 -1 0 1 0 0 0 0 
156.85847 8.03142 11 0 0 0 0 0 0 0 0 0 0 0 0 -1 -1 1 0 0 0 
163.32201 5.47160 2 0 -1 0 0 0 0 0 0 0 1 0 0 0 0 0 0 0 0 
168.82561 14.14297 12 0 0 0 0 0 0 0 0 0 -1 0 0 0 0 -1 1 0 0 
200.88728 0.00000 18 0 1 0 0 0 0 0 0 0 0 0 0 0 0 1 -1 0 0 
278.14023 0.00000 17 0 0 0 0 1 0 0 0 0 0 0 0 0 1 -1 0 0 0 
296.35559 4.54584 5 0 0 0 0 -1 0 0 0 0 0 0 0 1 0 0 0 0 0 
298.91663 5.02603 2 0 -1 0 0 0 0 0 0 0 1 0 0 0 0 0 0 0 0 
310.08914 0.00000 15 0 1 0 0 0 0 0 0 1 0 0 0 -1 0 0 0 0 0 
366.94412 0.00000 16 0 0 0 1 0 0 0 0 0 0 1 0 0 1 0 0 0 0 
384.10306 4.80194 4 0 0 0 -1 0 0 0 0 0 0 0 1 0 0 0 0 0 0 
396.20395 7.01083 9 0 0 0 0 0 0 0 0 -1 -1 0 0 1 0 0 0 0 0 
433.78714 0.00000 15 0 1 0 0 0 0 0 0 1 0 0 0 -1 0 0 0 0 0 
462.88690 5.41019 2 0 -1 0 0 0 0 0 0 0 1 0 0 0 0 0 0 0 0 
459.81366 9.98804 10 0 0 0 0 0 0 0 0 0 0 -1 -1 0 1 0 0 0 0 
469.16144 4.41779 2 0 -1 0 0 0 0 0 0 0 1 0 0 0 0 0 0 0 0 
502.67899 9.02765 9 0 0 0 0 0 0 0 0 -1 -1 0 0 1 0 0 0 0 0 
531.72791 0.00000 15 0 1 0 0 0 0 0 0 1 0 0 0 -1 0 0 0 0 0 
546.05603 1.79102 2 0 -1 0 0 0 0 0 0 0 1 0 0 0 0 0 0 0 0 
541.19470 10.58618 9 0 0 0 0 0 0 0 0 -1 -1 0 0 1 0 0 0 0 0 
557.88953 0.00000 15 0 1 0 0 0 0 0 0 1 0 0 0 -1 0 0 0 0 0 
601.92932 0.00000 16 0 0 0 1 0 0 0 0 0 0 1 0 0 1 0 0 0 0 
620.19128 20.69263 2 0 -1 0 0 0 0 0 0 0 1 0 0 0 0 0 0 0 0 
635.86267 5.05322 2 0 -1 0 0 0 0 0 0 0 1 0 0 0 0 0 0 0 0 
660.39319 8.95508 9 0 0 0 0 0 0 0 0 -1 -1 0 0 1 0 0 0 0 0 
696.91711 5.50098 4 0 0 0 -1 0 0 0 0 0 0 0 1 0 0 0 0 0 0 
703.76135 0.00000 15 0 1 0 0 0 0 0 0 1 0 0 0 -1 0 0 0 0 0 
707.37537 10.71411 10 0 0 0 0 0 0 0 0 0 0 -1 -1 0 1 0 0 0 0 
735.39197 9.88257 9 0 0 0 0 0 0 0 0 -1 -1 0 0 1 0 0 0 0 0 
762.89685 10.52222 11 0 0 0 0 0 0 0 0 0 0 0 0 -1 -1 1 0 0 0 
770.15686 5.08521 2 0 -1 0 0 0 0 0 0 0 1 0 0 0 0 0 0 0 0 
780.10339 7.13208 12 0 0 0 0 0 0 0 0 0 -1 0 0 0 0 -1 1 0 0 
790.72156 0.00000 18 0 1 0 0 0 0 0 0 0 0 0 0 0 0 1 -1 0 0 
848.00208 4.41357 2 0 -1 0 0 0 0 0 0 0 1 0 0 0 0 0 0 0 0 
895.36804 10.58618 12 0 0 0 0 0 0 0 0 0 -1 0 0 0 0 -1 1 0 0 
948.01111 0.00000 18 0 1 0 0 0 0 0 0 0 0 0 0 0 0 1 -1 0 0 
969.18347 6.04468 2 0 -1 0 0 0 0 0 0 0 1 0 0 0 0 0 0 0 0 
1011.59216 7.54785 12 0 0 0 0 0 0 0 0 0 -1 0 0 0 0 -1 1 0 0 
1019.45984 0.00000 18 0 1 0 0 0 0 0 0 0 0 0 0 0 0 1 -1 0 0 
1068.00916 2.71851 2 0 -1 0 0 0 0 0 0 0 1 0 0 0 0 0 0 0 0 
1091.51624 8.12354 12 0 0 0 0 0 0 0 0 0 -1 0 0 0 0 -1 1 0 0 
1103.66956 0.00000 18 0 1 0 0 0 0 0 0 0 0 0 0 0 0 1 -1 0 0 
1106.67590 4.60547 2 0 -1 0 0 0 0 0 0 0 1 0 0 0 0 0 0 0 0 
1111.34534 14.77588 12 0 0 0 0 0 0 0 0 0 -1 0 0 0 0 -1 1 0 0 
1208.73181 0.00000 18 0 1 0 0 0 0 0 0 0 0 0 0 0 0 1 -1 0 0 
1270.87366 4.63745 2 0 -1 0 0 0 0 0 0 0 1 0 0 0 0 0 0 0 0 
1342.70618 9.37085 12 0 0 0 0 0 0 0 0 0 -1 0 0 0 0 -1 1 0 0 
1369.57141 0.00000 18 0 1 0 0 0 0 0 0 0 0 0 0 0 0 1 -1 0 0 
1423.42981 3.99780 2 0 -1 0 0 0 0 0 0 0 1 0 0 0 0 0 0 0 0 
1451.60632 8.53931 12 0 0 0 0 0 0 0 0 0 -1 0 0 0 0 -1 1 0 0 
1465.87048 0.00000 18 0 1 0 0 0 0 0 0 0 0 0 0 0 0 1 -1 0 0 
1486.01941 4.66943 2 0 -1 0 0 0 0 0 0 0 1 0 0 0 0 0 0 0 0 
1539.30212 7.93164 12 0 0 0 0 0 0 0 0 0 -1 0 0 0 0 -1 1 0 0 
1578.22473 0.00000 18 0 1 0 0 0 0 0 0 0 0 0 0 0 0 1 -1 0 0 
1647.62659 4.50952 2 0 -1 0 0 0 0 0 0 0 1 0 0 0 0 0 0 0 0 
1654.91858 7.48389 12 0 0 0 0 0 0 0 0 0 -1 0 0 0 0 -1 1 0 0 
1717.98792 0.00000 18 0 1 0 0 0 0 0 0 0 0 0 0 0 0 1 -1 0 0 
