0 3 6 3 3 0 0 0 0 0 0
0.407608 2 5 3 3 1 0 0 0 0 0
9.46443 2 4 3 3 0 0 0 1 0 0
33.2756 2 4 2 2 0 1 0 1 0 0
37.7762 1 3 2 2 1 1 0 1 0 0
41.3379 1 2 2 2 0 1 0 2 0 0
43.767 1 2 1 1 0 2 0 2 0 0
61.6001 1 2 1 1 0 1 0 1 0 1
62.2171 1 2 1 1 0 2 0 2 0 0
76.583 1 2 0 0 0 3 0 2 0 0
86.2115 1 2 1 1 0 2 0 2 0 0
86.3184 1 2 1 1 0 1 0 1 0 1
134.515 1 3 1 1 1 1 0 0 0 1
148.015 1 2 1 1 0 1 0 1 0 1
155.21 0 1 1 1 1 1 0 1 0 1
164.469 0 1 1 1 1 0 0 0 0 2
179.778 1 2 1 1 0 0 0 0 0 2
185.449 1 2 1 1 0 1 0 1 0 1
205.249 1 2 1 1 0 2 0 2 0 0
234.084 1 3 1 1 1 2 0 1 0 0
234.804 2 4 1 1 0 2 0 1 0 0
240.886 2 4 1 1 0 1 0 0 0 1
260.119 2 4 0 0 0 2 0 0 0 1
301.838 1 3 0 0 1 2 0 0 0 1
305.534 1 3 0 0 0 1 1 0 0 1
318.749 0 2 0 0 1 1 1 0 0 1
319.271 0 1 0 0 0 1 1 1 0 1
337.936 0 0 0 0 0 1 0 1 1 1
386.355 0 0 0 0 0 2 0 2 1 0
397.695 0 1 0 0 1 2 0 1 1 0
399.919 0 2 0 0 2 2 0 0 1 0
420.693 0 2 0 0 1 1 1 0 1 0
435.454 0 2 1 1 1 0 1 0 1 0
438.655 1 3 1 1 0 0 1 0 1 0
445.739 1 2 1 1 0 0 0 0 2 0
468.098 0 1 1 1 1 0 0 0 2 0
481.071 0 1 0 0 1 1 0 0 2 0
509.491 0 1 1 1 1 0 0 0 2 0
513.788 0 0 1 1 0 0 0 1 2 0
514.392 0 1 1 1 1 0 0 0 2 0
526.732 0 0 1 1 0 0 0 1 2 0
554.221 0 1 1 1 1 0 0 0 2 0
561.447 0 1 0 0 1 1 0 0 2 0
572.576 0 1 1 1 1 0 0 0 2 0
583.213 0 1 0 0 1 1 0 0 2 0
590.289 1 2 0 0 0 1 0 0 2 0
692.076 1 2 1 1 0 0 0 0 2 0
702.44 0 1 1 1 1 0 0 0 2 0
711.42 1 2 1 1 0 0 0 0 2 0
787.574 0 1 1 1 1 0 0 0 2 0
806.332 1 2 1 1 0 0 0 0 2 0
1010.61 0 1 1 1 1 0 0 0 2 0
1013.58 0 0 1 1 0 0 0 1 2 0
1221.95 0 1 1 1 1 0 0 0 2 0
1233.6 0 1 0 0 1 1 0 0 2 0
1261.48 1 2 0 0 0 1 0 0 2 0
1300.4 1 2 1 1 0 0 0 0 2 0
1301.74 0 1 1 1 1 0 0 0 2 0
1302.63 1 2 1 1 0 0 0 0 2 0
1388.55 1 2 0 0 0 1 0 0 2 0
1401.95 1 2 1 1 0 0 0 0 2 0
1469.04 1 2 0 0 0 1 0 0 2 0
1480.7 0 1 0 0 1 1 0 0 2 0
1509.62 1 2 0 0 0 1 0 0 2 0
1529.72 0 1 0 0 1 1 0 0 2 0
1531.66 0 0 0 0 0 1 0 1 2 0
1583.33 0 1 0 0 1 1 0 0 2 0
1609.23 0 0 0 0 0 1 0 1 2 0
1661.67 0 0 1 1 0 0 0 1 2 0
1664.49 0 1 1 1 1 0 0 0 2 0
1692.24 0 0 1 1 0 0 0 1 2 0
1763.02 0 1 1 1 1 0 0 0 2 0
1807.36 0 0 1 1 0 0 0 1 2 0
2112.43 0 0 0 0 0 1 0 1 2 0
2117.79 0 0 0 0 0 0 0 0 2 1
2127.35 0 0 0 0 0 1 0 1 2 0
2251.99 0 0 0 0 0 0 0 0 2 1
2310.94 0 0 0 0 0 1 0 1 2 0
2401.69 0 1 0 0 1 1 0 0 2 0
2430.55 1 2 0 0 0 1 0 0 2 0
2491.02 0 1 0 0 1 1 0 0 2 0
2493.66 1 2 0 0 0 1 0 0 2 0
2569.03 0 1 0 0 1 1 0 0 2 0
2577.96 1 2 0 0 0 1 0 0 2 0
2597.46 1 2 1 1 0 0 0 0 2 0
2638.75 0 1 1 1 1 0 0 0 2 0
2640.81 1 2 1 1 0 0 0 0 2 0
2648.13 0 1 1 1 1 0 0 0 2 0
2649.82 1 2 1 1 0 0 0 0 2 0
2694.1 1 2 0 0 0 1 0 0 2 0
2694.15 0 1 0 0 1 1 0 0 2 0
2715.42 0 1 0 0 0 0 1 0 2 0
2808.26 0 1 0 0 1 1 0 0 2 0
2812.31 1 2 0 0 0 1 0 0 2 0
2832.74 0 1 0 0 1 1 0 0 2 0
2877.35 0 1 1 1 1 0 0 0 2 0
2904.34 0 1 0 0 1 1 0 0 2 0
2927.51 1 2 0 0 0 1 0 0 2 0
2976.43 0 1 0 0 1 1 0 0 2 0
2976.43 0 1 0 0 1 1 0 0 2 0
