0 3 6 3 3 0 0 0 0 0 0
2.15137 2 5 3 3 1 0 0 0 0 0
3.56444 2 5 2 2 1 1 0 0 0 0
6.63828 2 5 3 3 1 0 0 0 0 0
6.69791 3 6 3 3 0 0 0 0 0 0
8.535 2 5 3 3 1 0 0 0 0 0
24.4718 1 4 3 3 2 0 0 0 0 0
37.3409 0 3 3 3 3 0 0 0 0 0
41.4051 1 4 3 3 2 0 0 0 0 0
42.1434 2 5 3 3 1 0 0 0 0 0
42.7406 1 4 3 3 2 0 0 0 0 0
43.9223 2 5 3 3 1 0 0 0 0 0
48.3854 1 4 3 3 2 0 0 0 0 0
48.9912 2 5 3 3 1 0 0 0 0 0
53.3812 2 5 2 2 1 1 0 0 0 0
65.3798 1 4 2 2 2 1 0 0 0 0
73.5792 2 5 2 2 1 1 0 0 0 0
73.6542 1 4 2 2 2 1 0 0 0 0
79.6288 1 3 2 2 1 1 0 1 0 0
134.458 1 3 1 1 1 2 0 1 0 0
139.19 2 4 1 1 0 2 0 1 0 0
142.944 2 4 0 0 0 3 0 1 0 0
186.075 2 4 1 1 0 2 0 1 0 0
190.172 1 3 1 1 1 2 0 1 0 0
193.441 1 3 1 1 1 1 0 0 0 1
204.821 1 2 1 1 0 1 0 1 0 1
215.23 0 1 1 1 1 1 0 1 0 1
228.113 0 1 1 1 1 2 0 2 0 0
244.04 0 1 1 1 1 1 0 1 0 1
245.347 0 1 2 2 1 0 0 1 0 1
246.264 0 1 1 1 1 1 0 1 0 1
247.082 0 0 1 1 0 1 0 2 0 1
250.163 0 0 1 1 0 2 0 3 0 0
266.718 0 0 1 1 0 1 0 2 0 1
277.505 0 0 1 1 0 0 0 1 0 2
291.294 0 0 0 0 0 1 0 1 0 2
293.322 0 0 1 1 0 0 0 1 0 2
301.716 0 0 1 1 0 1 0 2 0 1
301.876 0 0 1 1 0 0 0 1 0 2
323.085 0 0 1 1 0 1 0 2 0 1
325.411 0 1 1 1 1 1 0 1 0 1
344.286 1 2 1 1 0 1 0 1 0 1
346.26 1 2 2 2 0 0 0 1 0 1
361.272 0 1 2 2 1 0 0 1 0 1
363.008 0 1 1 1 1 1 0 1 0 1
368.173 0 2 1 1 2 1 0 0 0 1
379.388 1 3 1 1 1 1 0 0 0 1
379.468 0 2 1 1 2 1 0 0 0 1
385.417 0 1 1 1 1 1 0 1 0 1
399.787 0 1 0 0 1 2 0 1 0 1
409.785 0 1 0 0 1 3 0 2 0 0
425.255 0 1 0 0 1 2 0 1 0 1
449.826 0 2 0 0 2 2 0 0 0 1
462.995 0 2 0 0 1 1 1 0 0 1
485.884 1 3 0 0 0 1 1 0 0 1
489.817 0 2 0 0 1 1 1 0 0 1
503.218 0 2 0 0 1 2 1 1 0 0
511.249 0 1 0 0 1 2 0 1 1 0
517.663 0 1 1 1 1 1 0 1 1 0
536.146 1 2 1 1 0 1 0 1 1 0
590.072 1 3 1 1 1 1 0 0 1 0
605.354 1 3 1 1 0 0 1 0 1 0
614.771 0 2 1 1 1 0 1 0 1 0
625.83 0 1 1 1 1 0 0 0 2 0
648.188 1 2 1 1 0 0 0 0 2 0
723.035 1 2 0 0 0 1 0 0 2 0
735.843 0 1 0 0 1 1 0 0 2 0
778.287 0 1 1 1 1 0 0 0 2 0
837.542 0 0 1 1 0 0 0 1 2 0
840.536 0 0 0 0 0 1 0 1 2 0
1017.21 0 1 0 0 1 1 0 0 2 0
1043.66 1 2 0 0 0 1 0 0 2 0
1058.52 1 2 1 1 0 0 0 0 2 0
1080.18 0 1 1 1 1 0 0 0 2 0
1095.89 1 2 1 1 0 0 0 0 2 0
1105.82 1 2 0 0 0 1 0 0 2 0
1110.42 0 1 0 0 1 1 0 0 2 0
1178.67 1 2 0 0 0 1 0 0 2 0
1222.45 0 1 0 0 1 1 0 0 2 0
1234.28 0 1 1 1 1 0 0 0 2 0
1257.94 1 2 1 1 0 0 0 0 2 0
1272.23 0 1 1 1 1 0 0 0 2 0
1336.2 1 2 1 1 0 0 0 0 2 0
1464.36 0 1 1 1 1 0 0 0 2 0
1500.24 0 1 0 0 1 1 0 0 2 0
1514.22 0 0 0 0 0 1 0 1 2 0
1527.48 0 1 0 0 1 1 0 0 2 0
1537.01 1 2 0 0 0 1 0 0 2 0
1552.02 0 1 0 0 1 1 0 0 2 0
1559.43 0 0 0 0 0 1 0 1 2 0
1620.55 0 0 1 1 0 0 0 1 2 0
1621.87 0 0 0 0 0 1 0 1 2 0
1640.34 0 0 0 0 0 0 0 0 2 1
1676.3 0 0 0 0 0 1 0 1 2 0
1694.12 0 0 0 0 0 0 0 0 2 1
1706.89 0 0 0 0 0 1 0 1 2 0
1837.63 0 0 1 1 0 0 0 1 2 0
1907.31 0 0 0 0 0 1 0 1 2 0
1937.52 0 0 1 1 0 0 0 1 2 0
1987.61 0 1 1 1 1 0 0 0 2 0
2018.82 0 2 1 1 1 0 1 0 1 0
2060.87 0 2 0 0 1 1 1 0 1 0
2062.3 1 3 0 0 0 1 1 0 1 0
2074.75 1 2 0 0 0 1 0 0 2 0
2191.47 0 1 0 0 1 1 0 0 2 0
2193.46 0 0 0 0 0 1 0 1 2 0
2203.03 0 1 0 0 1 1 0 0 2 0
2226.17 1 2 0 0 0 1 0 0 2 0
2228.68 0 1 0 0 1 1 0 0 2 0
2251.14 1 2 0 0 0 1 0 0 2 0
2314.25 0 1 0 0 1 1 0 0 2 0
2324 0 0 0 0 0 1 0 1 2 0
2332.56 0 1 0 0 1 1 0 0 2 0
2353.76 0 0 0 0 0 1 0 1 2 0
2398.07 0 1 0 0 1 1 0 0 2 0
2475.34 1 2 0 0 0 1 0 0 2 0
2482.97 0 1 0 0 1 1 0 0 2 0
2489.99 1 2 0 0 0 1 0 0 2 0
2494.19 0 1 0 0 1 1 0 0 2 0
2518.99 0 1 1 1 1 0 0 0 2 0
2540 0 0 1 1 0 0 0 1 2 0
2617.47 0 0 0 0 0 1 0 1 2 0
2682.07 0 1 0 0 1 1 0 0 2 0
2691.06 0 1 0 0 0 0 1 0 2 0
2726.08 0 0 0 0 0 0 0 0 3 0
2726.08 0 0 0 0 0 0 0 0 3 0
