0 3 6 3 3 0 0 0 0 0 0
1.22887 2 5 3 3 1 0 0 0 0 0
2.16894 1 4 3 3 2 0 0 0 0 0
7.73095 1 4 2 2 2 1 0 0 0 0
12.3151 1 3 2 2 1 1 0 1 0 0
13.9042 1 3 1 1 1 2 0 1 0 0
22.3966 0 2 1 1 2 2 0 1 0 0
35.1831 0 2 2 2 2 1 0 1 0 0
42.2261 0 1 2 2 1 1 0 2 0 0
50.6356 0 1 2 2 1 0 0 1 0 1
52.9884 1 2 2 2 0 0 0 1 0 1
57.8402 1 2 1 1 0 1 0 1 0 1
65.7006 0 1 1 1 1 1 0 1 0 1
72.6854 0 1 2 2 1 0 0 1 0 1
76.9416 0 2 2 2 2 0 0 0 0 1
79.2348 0 2 1 1 2 1 0 0 0 1
91.0323 1 3 1 1 1 1 0 0 0 1
123.292 0 2 1 1 2 1 0 0 0 1
125.926 0 1 1 1 1 1 0 1 0 1
133.911 0 0 1 1 0 1 0 2 0 1
133.998 0 0 2 2 0 0 0 2 0 1
148.353 0 0 1 1 0 1 0 2 0 1
163.023 0 1 1 1 1 1 0 1 0 1
185.307 0 2 1 1 2 1 0 0 0 1
218.477 1 3 1 1 1 1 0 0 0 1
229.663 1 3 1 1 1 2 0 1 0 0
251.759 0 2 1 1 2 2 0 1 0 0
259.11 1 3 1 1 1 2 0 1 0 0
268.88 1 4 1 1 2 2 0 0 0 0
275.385 0 3 1 1 3 2 0 0 0 0
277.763 0 3 1 1 2 1 1 0 0 0
304.232 0 3 2 2 2 0 1 0 0 0
307.026 0 3 1 1 2 1 1 0 0 0
326.239 0 2 1 1 1 1 1 1 0 0
334.348 1 3 1 1 0 1 1 1 0 0
339.179 1 2 1 1 0 1 0 1 1 0
339.299 0 1 1 1 1 1 0 1 1 0
342.032 0 1 1 1 1 0 0 0 1 1
350.205 0 1 0 0 1 1 0 0 1 1
380.59 0 1 1 1 1 0 0 0 1 1
390.8 1 2 1 1 0 0 0 0 1 1
405.873 1 2 1 1 0 1 0 1 1 0
416.038 1 3 1 1 1 1 0 0 1 0
427.52 1 3 2 2 1 0 0 0 1 0
428.611 1 2 2 2 0 0 0 1 1 0
429.324 1 2 1 1 0 1 0 1 1 0
432.6 1 3 1 1 1 1 0 0 1 0
440.599 1 2 1 1 0 1 0 1 1 0
495.658 1 2 1 1 0 0 0 0 1 1
632.984 1 2 0 0 0 1 0 0 1 1
673.891 1 2 0 0 0 2 0 1 1 0
729.251 0 1 0 0 1 2 0 1 1 0
732.379 0 2 0 0 2 2 0 0 1 0
736.929 0 1 0 0 1 2 0 1 1 0
738.142 0 1 1 1 1 1 0 1 1 0
764.307 1 2 1 1 0 1 0 1 1 0
785.363 1 2 2 2 0 0 0 1 1 0
812.65 1 3 2 2 1 0 0 0 1 0
816.228 1 2 2 2 0 0 0 1 1 0
817.682 1 2 1 1 0 1 0 1 1 0
839.744 1 3 1 1 1 1 0 0 1 0
859.43 0 2 1 1 2 1 0 0 1 0
860.803 1 3 1 1 1 1 0 0 1 0
864.083 1 3 2 2 1 0 0 0 1 0
876.6 1 2 2 2 0 0 0 1 1 0
888.673 1 2 1 1 0 1 0 1 1 0
905.199 1 2 1 1 0 0 0 0 1 1
912.082 0 1 1 1 1 0 0 0 1 1
928.965 1 2 1 1 0 0 0 0 1 1
938.424 0 1 1 1 1 0 0 0 1 1
970.542 0 1 1 1 1 1 0 1 1 0
972.114 1 2 1 1 0 1 0 1 1 0
980.478 0 1 1 1 1 1 0 1 1 0
988.633 0 1 1 1 1 0 0 0 1 1
994.63 1 2 1 1 0 0 0 0 1 1
1088.33 0 1 1 1 1 0 0 0 1 1
1107.89 0 0 1 1 0 0 0 1 1 1
1144.76 0 1 1 1 1 0 0 0 1 1
1145.68 0 1 0 0 1 1 0 0 1 1
1172.15 1 2 0 0 0 1 0 0 1 1
1176.17 1 2 0 0 0 2 0 1 1 0
1179.29 1 2 0 0 0 1 0 0 1 1
1209.23 1 3 0 0 0 1 1 0 0 1
1217.39 1 3 0 0 1 2 0 0 0 1
1251.92 1 3 0 0 0 1 1 0 0 1
1277.58 0 2 0 0 1 1 1 0 0 1
1299.3 0 2 0 0 0 0 2 0 0 1
1302.32 0 2 0 0 0 1 2 1 0 0
1327.59 0 1 0 0 0 1 1 1 1 0
1364.55 0 2 0 0 1 1 1 0 1 0
1364.97 0 1 0 0 1 1 0 0 2 0
1426.78 1 2 0 0 0 1 0 0 2 0
1453.87 0 1 0 0 1 1 0 0 2 0
1463.95 1 2 0 0 0 1 0 0 2 0
1493.67 1 2 1 1 0 0 0 0 2 0
1504.56 0 1 1 1 1 0 0 0 2 0
1515.9 1 2 1 1 0 0 0 0 2 0
1531.75 0 1 1 1 1 0 0 0 2 0
1573.69 0 0 1 1 0 0 0 1 2 0
1584.34 0 0 0 0 0 1 0 1 2 0
1607.86 0 0 0 0 0 0 0 0 2 1
1652.38 0 0 0 0 0 1 0 1 2 0
1753.36 0 0 1 1 0 0 0 1 2 0
1782.43 0 0 0 0 0 1 0 1 2 0
1788.79 0 1 0 0 1 1 0 0 2 0
1822.47 0 1 1 1 1 0 0 0 2 0
1876.31 0 0 1 1 0 0 0 1 2 0
1967.3 0 1 1 1 1 0 0 0 2 0
1975.63 1 2 1 1 0 0 0 0 2 0
2046.35 0 1 1 1 1 0 0 0 2 0
2053.42 0 2 1 1 1 0 1 0 1 0
2061.3 0 1 1 1 0 0 1 1 1 0
2079.11 0 0 1 1 0 0 0 1 2 0
2118.12 0 1 1 1 1 0 0 0 2 0
2133.47 0 0 1 1 0 0 0 1 2 0
2248.64 0 0 0 0 0 1 0 1 2 0
2291.38 0 1 0 0 1 1 0 0 2 0
2294.16 1 2 0 0 0 1 0 0 2 0
2408.9 0 1 0 0 1 1 0 0 2 0
2417.49 0 1 1 1 1 0 0 0 2 0
2447.85 1 2 1 1 0 0 0 0 2 0
2460.55 0 1 1 1 1 0 0 0 2 0
2495.2 1 2 1 1 0 0 0 0 2 0
2558.12 0 1 1 1 1 0 0 0 2 0
2563.76 1 2 1 1 0 0 0 0 2 0
2611.16 0 1 1 1 1 0 0 0 2 0
2637.24 1 2 1 1 0 0 0 0 2 0
2738.79 0 1 1 1 1 0 0 0 2 0
2774.21 1 2 1 1 0 0 0 0 2 0
2779.72 1 2 0 0 0 1 0 0 2 0
2782.17 0 1 0 0 1 1 0 0 2 0
2850.34 0 0 0 0 0 1 0 1 2 0
2865.02 0 1 0 0 1 1 0 0 2 0
2873.75 1 2 0 0 0 1 0 0 2 0
2907.64 0 1 0 0 1 1 0 0 2 0
2917.08 0 1 1 1 1 0 0 0 2 0
2945.71 1 2 1 1 0 0 0 0 2 0
2990.73 1 2 0 0 0 1 0 0 2 0
2990.73 1 2 0 0 0 1 0 0 2 0
