0 3 6 3 3 0 0 0 0 0 0
4.7959 2 5 3 3 1 0 0 0 0 0
6.24708 2 5 2 2 1 1 0 0 0 0
10.8807 1 4 2 2 2 1 0 0 0 0
12.3338 1 3 2 2 1 1 0 1 0 0
18.3088 1 3 3 3 1 0 0 1 0 0
31.5206 1 3 2 2 1 1 0 1 0 0
33.6797 1 2 2 2 0 1 0 2 0 0
37.2482 1 2 2 2 0 0 0 1 0 1
94.0525 1 3 2 2 1 0 0 0 0 1
96.9138 0 2 2 2 2 0 0 0 0 1
109.202 0 2 2 2 2 1 0 1 0 0
110.667 0 1 2 2 1 1 0 2 0 0
111.024 0 1 2 2 1 0 0 1 0 1
111.902 1 2 2 2 0 0 0 1 0 1
153.578 1 2 2 2 0 1 0 2 0 0
154.578 1 2 1 1 0 2 0 2 0 0
160.689 1 2 2 2 0 1 0 2 0 0
162.302 0 1 2 2 1 1 0 2 0 0
162.571 1 2 2 2 0 1 0 2 0 0
168.33 1 2 1 1 0 2 0 2 0 0
175.946 1 2 2 2 0 1 0 2 0 0
179.7 1 2 1 1 0 2 0 2 0 0
192.501 1 2 1 1 0 1 0 1 0 1
195.617 1 2 0 0 0 2 0 1 0 1
226.162 1 2 1 1 0 1 0 1 0 1
240.057 1 2 1 1 0 0 0 0 0 2
255.522 0 1 1 1 1 0 0 0 0 2
259.813 1 2 1 1 0 0 0 0 0 2
267.244 1 2 1 1 0 1 0 1 0 1
311.139 1 3 1 1 1 1 0 0 0 1
315.755 1 3 1 1 1 2 0 1 0 0
328.857 1 3 0 0 1 3 0 1 0 0
331.866 0 2 0 0 2 3 0 1 0 0
339.796 1 3 0 0 1 3 0 1 0 0
342.09 1 3 1 1 1 2 0 1 0 0
361.15 1 3 1 1 0 1 1 1 0 0
365.987 1 3 2 2 0 0 1 1 0 0
373.004 0 2 2 2 1 0 1 1 0 0
386.965 0 1 2 2 1 0 0 1 1 0
402.616 0 1 1 1 1 1 0 1 1 0
403.399 0 1 2 2 1 0 0 1 1 0
406.514 0 1 1 1 1 1 0 1 1 0
449.255 1 2 1 1 0 1 0 1 1 0
452.469 1 2 2 2 0 0 0 1 1 0
474.46 1 3 2 2 1 0 0 0 1 0
481.723 2 4 2 2 0 0 0 0 1 0
482.625 2 4 1 1 0 1 0 0 1 0
504.927 1 3 1 1 1 1 0 0 1 0
507.504 1 2 1 1 0 1 0 1 1 0
538.62 1 2 1 1 0 0 0 0 1 1
565.753 0 1 1 1 1 0 0 0 1 1
570.601 0 1 0 0 1 1 0 0 1 1
605.068 1 2 0 0 0 1 0 0 1 1
678.179 1 2 1 1 0 0 0 0 1 1
687.409 1 2 0 0 0 1 0 0 1 1
691.268 1 2 0 0 0 2 0 1 1 0
717.21 1 2 1 1 0 1 0 1 1 0
767.447 0 1 1 1 1 1 0 1 1 0
787.095 0 2 1 1 2 1 0 0 1 0
816.237 1 3 1 1 1 1 0 0 1 0
817.699 1 2 1 1 0 1 0 1 1 0
830.586 1 3 1 1 1 1 0 0 1 0
844.416 2 4 1 1 0 1 0 0 1 0
856.692 1 3 1 1 1 1 0 0 1 0
875.379 1 2 1 1 0 1 0 1 1 0
883.592 1 2 1 1 0 0 0 0 1 1
884.464 1 2 0 0 0 1 0 0 1 1
896.086 0 1 0 0 1 1 0 0 1 1
899.721 0 1 1 1 1 0 0 0 1 1
911.385 1 2 1 1 0 0 0 0 1 1
960.9 1 2 0 0 0 1 0 0 1 1
1003.56 1 2 1 1 0 0 0 0 1 1
1057.72 0 1 1 1 1 0 0 0 1 1
1064.82 1 2 1 1 0 0 0 0 1 1
1101.96 1 2 1 1 0 1 0 1 1 0
1181.82 0 1 1 1 1 1 0 1 1 0
1196.8 1 2 1 1 0 1 0 1 1 0
1197.56 1 2 2 2 0 0 0 1 1 0
1219.49 1 2 1 1 0 1 0 1 1 0
1223.13 1 2 1 1 0 0 0 0 1 1
1394.4 1 2 0 0 0 1 0 0 1 1
1452.48 1 2 0 0 0 2 0 1 1 0
1553.11 1 2 1 1 0 1 0 1 1 0
1601.51 1 3 1 1 1 1 0 0 1 0
1609.63 2 4 1 1 0 1 0 0 1 0
1622.86 1 3 1 1 1 1 0 0 1 0
1646.65 1 2 1 1 0 1 0 1 1 0
1695.53 0 1 1 1 1 1 0 1 1 0
1697.13 0 1 2 2 1 0 0 1 1 0
1702.25 0 1 1 1 1 1 0 1 1 0
1709.9 0 1 2 2 1 0 0 1 1 0
1727.5 0 2 2 2 2 0 0 0 1 0
1740.04 0 2 1 1 2 1 0 0 1 0
1743.85 1 3 1 1 1 1 0 0 1 0
1749.02 1 2 1 1 0 1 0 1 1 0
1789.75 1 2 2 2 0 0 0 1 1 0
1838.2 0 1 2 2 1 0 0 1 1 0
1845.41 0 1 1 1 1 1 0 1 1 0
1890.41 0 1 2 2 1 0 0 1 1 0
1891.92 1 2 2 2 0 0 0 1 1 0
1908.01 1 2 1 1 0 1 0 1 1 0
1936.74 1 2 1 1 0 0 0 0 1 1
1940.51 0 1 1 1 1 0 0 0 1 1
1943.92 0 1 1 1 1 1 0 1 1 0
1970.51 1 2 1 1 0 1 0 1 1 0
1971.67 1 3 1 1 0 1 1 1 0 0
1986.01 0 2 1 1 1 1 1 1 0 0
1988.59 1 3 1 1 0 1 1 1 0 0
1995.87 1 2 1 1 0 1 0 1 1 0
2025.03 0 1 1 1 1 1 0 1 1 0
2070.74 0 1 1 1 1 0 0 0 1 1
2073.66 0 1 0 0 1 1 0 0 1 1
2081.09 1 2 0 0 0 1 0 0 1 1
2125.08 1 2 0 0 0 2 0 1 1 0
2151.36 0 1 0 0 1 2 0 1 1 0
2166.57 1 2 0 0 0 2 0 1 1 0
2183.45 1 2 1 1 0 1 0 1 1 0
2215.28 0 1 1 1 1 1 0 1 1 0
2216.49 0 1 0 0 1 2 0 1 1 0
2255.01 0 1 0 0 0 1 1 1 1 0
2266.8 0 2 0 0 1 1 1 0 1 0
2268.32 0 2 0 0 2 2 0 0 1 0
2280.96 1 3 0 0 1 2 0 0 1 0
2286.63 1 3 1 1 1 1 0 0 1 0
2305.99 2 4 1 1 0 1 0 0 1 0
2348.41 1 3 1 1 1 1 0 0 1 0
2364.75 1 3 2 2 1 0 0 0 1 0
2375.32 2 4 2 2 0 0 0 0 1 0
2385.08 1 3 2 2 1 0 0 0 1 0
2389.53 1 2 2 2 0 0 0 1 1 0
2395.91 1 3 2 2 1 0 0 0 1 0
2408.72 0 2 2 2 2 0 0 0 1 0
2415.35 0 1 2 2 1 0 0 1 1 0
2430.48 0 0 2 2 0 0 0 2 1 0
2440.27 0 0 1 1 0 1 0 2 1 0
2451.45 0 0 1 1 0 0 0 1 1 1
2479.69 0 1 1 1 1 0 0 0 1 1
2509.79 1 2 1 1 0 0 0 0 1 1
2556.81 1 2 1 1 0 1 0 1 1 0
2570.76 1 2 0 0 0 2 0 1 1 0
2576.83 1 2 1 1 0 1 0 1 1 0
2585.87 1 3 1 1 1 1 0 0 1 0
2594.87 0 2 1 1 2 1 0 0 1 0
2595.77 1 3 1 1 1 1 0 0 1 0
2601.26 1 2 1 1 0 1 0 1 1 0
2613.6 1 2 0 0 0 2 0 1 1 0
2623.85 1 3 0 0 1 2 0 0 1 0
2632.73 0 2 0 0 2 2 0 0 1 0
2641 1 3 0 0 1 2 0 0 1 0
2647.15 0 2 0 0 2 2 0 0 1 0
2659.9 0 2 0 0 1 1 1 0 1 0
2677.54 1 3 0 0 0 1 1 0 1 0
2685.43 1 2 0 0 0 1 0 0 2 0
2727.31 1 2 1 1 0 0 0 0 2 0
2764.6 1 2 0 0 0 1 0 0 2 0
2829.53 0 1 0 0 1 1 0 0 2 0
2848.72 0 1 1 1 1 0 0 0 2 0
2910.85 1 2 1 1 0 0 0 0 2 0
2914.36 0 1 1 1 1 0 0 0 2 0
2919.37 1 2 1 1 0 0 0 0 2 0
2938.82 0 1 1 1 1 0 0 0 2 0
2941.61 0 1 0 0 1 1 0 0 2 0
2972.97 1 2 0 0 0 1 0 0 2 0
2972.97 1 2 0 0 0 1 0 0 2 0
