0 3 6 3 3 0 0 0 0 0 0
1.22599 2 5 3 3 1 0 0 0 0 0
4.56342 2 5 2 2 1 1 0 0 0 0
5.00222 3 6 2 2 0 1 0 0 0 0
24.5453 2 5 2 2 1 1 0 0 0 0
32.7553 1 4 2 2 2 1 0 0 0 0
35.4955 1 3 2 2 1 1 0 1 0 0
36.6429 0 2 2 2 2 1 0 1 0 0
47.1617 0 1 2 2 1 1 0 2 0 0
72.07 0 1 3 3 1 0 0 2 0 0
83.6497 0 1 2 2 1 1 0 2 0 0
83.8574 0 1 2 2 0 0 1 2 0 0
100.268 0 2 2 2 1 0 1 1 0 0
103.704 0 2 1 1 1 1 1 1 0 0
107.588 0 1 1 1 0 1 1 2 0 0
145.231 0 2 1 1 1 1 1 1 0 0
155.045 0 2 1 1 2 2 0 1 0 0
155.324 0 3 1 1 3 2 0 0 0 0
158.329 1 4 1 1 2 2 0 0 0 0
159.243 1 3 1 1 1 2 0 1 0 0
165.201 0 2 1 1 2 2 0 1 0 0
166.776 0 2 1 1 1 1 1 1 0 0
171.37 1 3 1 1 0 1 1 1 0 0
188.525 1 4 1 1 1 1 1 0 0 0
204.383 1 4 1 1 0 0 2 0 0 0
208.141 1 3 1 1 0 0 1 0 1 0
216.293 1 2 1 1 0 0 0 0 2 0
231.33 0 1 1 1 1 0 0 0 2 0
248.478 1 2 1 1 0 0 0 0 2 0
319.729 0 1 1 1 1 0 0 0 2 0
324.067 0 0 1 1 0 0 0 1 2 0
411.214 0 0 0 0 0 1 0 1 2 0
476.703 0 0 0 0 0 0 0 0 2 1
579.707 0 0 0 0 0 1 0 1 2 0
682.722 0 0 0 0 0 0 0 0 2 1
746.469 0 0 0 0 0 1 0 1 2 0
808.279 0 0 0 0 0 0 0 0 2 1
835.276 0 0 0 0 0 1 0 1 2 0
839.522 0 1 0 0 1 1 0 0 2 0
845.101 0 1 0 0 0 0 1 0 2 0
954.735 0 0 0 0 0 0 0 0 3 0
1768.48 0 1 0 0 0 0 1 0 2 0
1936.97 0 0 0 0 0 0 0 0 3 0
2014.43 0 1 0 0 0 0 1 0 2 0
2057.56 0 0 0 0 0 0 0 0 3 0
2076.53 0 1 0 0 0 0 1 0 2 0
2148.8 0 0 0 0 0 0 0 0 3 0
2429.18 0 1 0 0 0 0 1 0 2 0
2510.53 0 2 0 0 0 0 2 0 1 0
2534.92 0 1 0 0 0 0 1 0 2 0
2737.23 0 1 0 0 1 1 0 0 2 0
2831.88 0 0 0 0 0 1 0 1 2 0
2964.73 0 1 0 0 1 1 0 0 2 0
2964.73 0 1 0 0 1 1 0 0 2 0
