0 3 6 3 3 0 0 0 0 0 0
1.42875 2 5 3 3 1 0 0 0 0 0
3.25104 2 5 2 2 1 1 0 0 0 0
6.56229 1 4 2 2 2 1 0 0 0 0
21.3831 2 5 2 2 1 1 0 0 0 0
22.873 1 4 2 2 2 1 0 0 0 0
30.1394 2 5 2 2 1 1 0 0 0 0
38.8235 1 4 2 2 2 1 0 0 0 0
49.6129 1 4 3 3 2 0 0 0 0 0
51.3825 2 5 3 3 1 0 0 0 0 0
56.8853 2 5 2 2 1 1 0 0 0 0
58.7595 1 4 2 2 2 1 0 0 0 0
64.1465 1 4 1 1 2 2 0 0 0 0
69.9282 0 3 1 1 3 2 0 0 0 0
74.2294 1 4 1 1 2 2 0 0 0 0
78.0851 0 3 1 1 3 2 0 0 0 0
98.8442 0 2 1 1 2 2 0 1 0 0
115.026 1 3 1 1 1 2 0 1 0 0
116.459 2 4 1 1 0 2 0 1 0 0
117.05 2 5 1 1 1 2 0 0 0 0
121.606 2 4 1 1 0 2 0 1 0 0
143.816 2 4 2 2 0 1 0 1 0 0
150.243 1 3 2 2 1 1 0 1 0 0
152.193 1 3 2 2 1 0 0 0 0 1
163.168 1 2 2 2 0 0 0 1 0 1
171.634 1 3 2 2 1 0 0 0 0 1
209.32 1 3 1 1 1 1 0 0 0 1
212.32 1 2 1 1 0 1 0 1 0 1
223.873 0 1 1 1 1 1 0 1 0 1
232.742 0 1 1 1 1 2 0 2 0 0
233.84 0 1 0 0 1 3 0 2 0 0
256.558 0 2 0 0 2 3 0 1 0 0
263.941 0 2 0 0 1 2 1 1 0 0
268.176 0 1 0 0 1 2 0 1 1 0
270.294 1 2 0 0 0 2 0 1 1 0
315.784 1 2 0 0 0 1 0 0 1 1
348.8 0 1 0 0 1 1 0 0 1 1
390.37 0 1 0 0 1 2 0 1 1 0
399.052 0 2 0 0 2 2 0 0 1 0
406.919 1 3 0 0 1 2 0 0 1 0
416.819 0 2 0 0 2 2 0 0 1 0
423.254 0 1 0 0 1 2 0 1 1 0
438.28 0 1 0 0 1 1 0 0 1 1
441.006 0 1 0 0 1 2 0 1 1 0
452.706 0 1 0 0 1 1 0 0 1 1
457.323 1 2 0 0 0 1 0 0 1 1
482.421 1 2 0 0 0 2 0 1 1 0
511.749 1 2 1 1 0 1 0 1 1 0
511.834 1 3 1 1 1 1 0 0 1 0
513.425 2 4 1 1 0 1 0 0 1 0
524.608 2 4 2 2 0 0 0 0 1 0
544.31 2 4 1 1 0 1 0 0 1 0
570.828 1 3 1 1 1 1 0 0 1 0
578.54 1 2 1 1 0 1 0 1 1 0
614.038 1 3 1 1 1 1 0 0 1 0
623.02 1 2 1 1 0 1 0 1 1 0
623.388 1 3 1 1 1 1 0 0 1 0
661.372 1 3 0 0 1 2 0 0 1 0
676.787 1 3 1 1 1 1 0 0 1 0
704.695 1 2 1 1 0 1 0 1 1 0
731.554 1 3 1 1 1 1 0 0 1 0
732.243 2 4 1 1 0 1 0 0 1 0
736.653 1 3 1 1 1 1 0 0 1 0
747.535 2 4 1 1 0 1 0 0 1 0
747.594 1 3 1 1 1 1 0 0 1 0
754.691 1 3 1 1 0 0 1 0 1 0
779.518 1 2 1 1 0 0 0 0 2 0
856.385 0 1 1 1 1 0 0 0 2 0
971.607 1 2 1 1 0 0 0 0 2 0
1114.04 0 1 1 1 1 0 0 0 2 0
1125.63 1 2 1 1 0 0 0 0 2 0
1134.47 1 2 0 0 0 1 0 0 2 0
1163.61 1 2 1 1 0 0 0 0 2 0
1165.56 1 2 0 0 0 1 0 0 2 0
1176.69 0 1 0 0 1 1 0 0 2 0
1198.08 0 1 0 0 0 0 1 0 2 0
1202.79 0 0 0 0 0 0 0 0 3 0
1491.2 0 1 0 0 0 0 1 0 2 0
1546.98 0 0 0 0 0 0 0 0 3 0
2501.3 0 1 0 0 0 0 1 0 2 0
2568.87 0 2 0 0 0 0 2 0 1 0
2570.36 0 1 0 0 0 0 1 0 2 0
2603.02 0 0 0 0 0 0 0 0 3 0
2603.02 0 0 0 0 0 0 0 0 3 0
