0 3 6 3 3 0 0 0 0 0 0
3.05417 2 5 3 3 1 0 0 0 0 0
5.32904 1 4 3 3 2 0 0 0 0 0
5.45548 1 4 2 2 2 1 0 0 0 0
9.29999 1 4 1 1 2 2 0 0 0 0
9.47345 2 5 1 1 1 2 0 0 0 0
11.765 2 4 1 1 0 2 0 1 0 0
14.1233 2 5 1 1 1 2 0 0 0 0
21.4303 1 4 1 1 2 2 0 0 0 0
25.7177 1 3 1 1 1 2 0 1 0 0
31.1254 1 3 1 1 0 1 1 1 0 0
51.199 1 2 1 1 0 1 0 1 1 0
68.6086 0 1 1 1 1 1 0 1 1 0
70.161 0 1 2 2 1 0 0 1 1 0
80.1743 0 1 1 1 1 1 0 1 1 0
87.7092 1 2 1 1 0 1 0 1 1 0
90.2133 0 1 1 1 1 1 0 1 1 0
110.952 1 2 1 1 0 1 0 1 1 0
126.721 0 1 1 1 1 1 0 1 1 0
128.006 0 1 0 0 1 2 0 1 1 0
137.778 0 2 0 0 2 2 0 0 1 0
141.364 0 2 0 0 1 1 1 0 1 0
150.375 0 1 0 0 0 1 1 1 1 0
215.402 0 2 0 0 1 1 1 0 1 0
223.671 1 3 0 0 0 1 1 0 1 0
246.771 0 2 0 0 1 1 1 0 1 0
248.53 0 1 0 0 0 1 1 1 1 0
256.326 0 1 0 0 0 0 1 0 1 1
265.917 0 1 0 0 0 1 1 1 1 0
322.806 0 1 0 0 0 0 1 0 1 1
430.91 0 1 0 0 0 1 1 1 1 0
430.914 0 2 0 0 1 1 1 0 1 0
432.352 0 1 0 0 1 1 0 0 2 0
449.872 1 2 0 0 0 1 0 0 2 0
479.226 0 1 0 0 1 1 0 0 2 0
502.699 0 1 1 1 1 0 0 0 2 0
537.916 0 1 0 0 1 1 0 0 2 0
587.924 0 1 1 1 1 0 0 0 2 0
606.138 0 0 1 1 0 0 0 1 2 0
623.1 0 0 0 0 0 1 0 1 2 0
630.968 0 0 0 0 0 0 0 0 2 1
731.823 0 0 0 0 0 1 0 1 2 0
759.548 0 0 0 0 0 0 0 0 2 1
977.065 0 0 0 0 0 1 0 1 2 0
993.389 0 0 0 0 0 0 0 0 2 1
1029.84 0 0 0 0 0 1 0 1 2 0
1032.91 0 1 0 0 0 1 1 1 1 0
1043.19 0 2 0 0 1 1 1 0 1 0
1045.38 0 1 0 0 1 1 0 0 2 0
1082.63 1 2 0 0 0 1 0 0 2 0
1104.36 0 1 0 0 1 1 0 0 2 0
1130.38 0 1 1 1 1 0 0 0 2 0
1141.2 1 2 1 1 0 0 0 0 2 0
1151.51 0 1 1 1 1 0 0 0 2 0
1161.29 1 2 1 1 0 0 0 0 2 0
1203.73 0 1 1 1 1 0 0 0 2 0
1221.48 1 2 1 1 0 0 0 0 2 0
1281.27 0 1 1 1 1 0 0 0 2 0
1295.26 0 0 1 1 0 0 0 1 2 0
1357.26 0 0 0 0 0 1 0 1 2 0
1386.1 0 1 0 0 1 1 0 0 2 0
1478.85 1 2 0 0 0 1 0 0 2 0
1505.28 1 2 1 1 0 0 0 0 2 0
1566.87 0 1 1 1 1 0 0 0 2 0
1569.9 1 2 1 1 0 0 0 0 2 0
1580.16 0 1 1 1 1 0 0 0 2 0
1652.12 0 1 0 0 1 1 0 0 2 0
1673.26 1 2 0 0 0 1 0 0 2 0
1692.89 0 1 0 0 1 1 0 0 2 0
1774.95 1 2 0 0 0 1 0 0 2 0
1787.05 0 1 0 0 1 1 0 0 2 0
1789.57 0 0 0 0 0 1 0 1 2 0
1910.96 0 0 0 0 0 0 0 0 2 1
1983.15 0 0 0 0 0 1 0 1 2 0
2013.37 0 1 0 0 1 1 0 0 2 0
2014.16 0 1 1 1 1 0 0 0 2 0
2027.19 0 2 1 1 1 0 1 0 1 0
2044.93 0 1 1 1 1 0 0 0 2 0
2055.3 1 2 1 1 0 0 0 0 2 0
2077.16 0 1 1 1 1 0 0 0 2 0
2153.09 0 0 1 1 0 0 0 1 2 0
2272.45 0 0 0 0 0 1 0 1 2 0
2296.39 0 0 1 1 0 0 0 1 2 0
2298.44 0 0 0 0 0 1 0 1 2 0
2308.42 0 0 0 0 0 0 0 0 2 1
2352.07 0 0 0 0 0 1 0 1 2 0
2386.3 0 0 1 1 0 0 0 1 2 0
2395.75 0 1 1 1 1 0 0 0 2 0
2410.63 0 1 0 0 1 1 0 0 2 0
2458.92 0 1 0 0 0 0 1 0 2 0
2465.81 0 0 0 0 0 0 0 0 3 0
2465.81 0 0 0 0 0 0 0 0 3 0
