0 3 6 3 3 0 0 0 0 0 0
4.76031 2 5 3 3 1 0 0 0 0 0
9.78432 2 5 2 2 1 1 0 0 0 0
23.0072 2 5 1 1 1 2 0 0 0 0
33.9549 1 4 1 1 2 2 0 0 0 0
50.1788 1 4 1 1 1 1 1 0 0 0
56.8995 1 4 1 1 0 0 2 0 0 0
67.1117 0 3 1 1 1 0 2 0 0 0
77.297 0 2 1 1 1 0 1 0 1 0
95.4037 1 3 1 1 0 0 1 0 1 0
155.079 1 2 1 1 0 0 0 0 2 0
254.605 1 2 0 0 0 1 0 0 2 0
273.098 0 1 0 0 1 1 0 0 2 0
296.198 0 1 0 0 0 0 1 0 2 0
311.154 0 1 0 0 1 1 0 0 2 0
315.389 1 2 0 0 0 1 0 0 2 0
488.426 0 1 0 0 1 1 0 0 2 0
495.684 1 2 0 0 0 1 0 0 2 0
512.779 1 2 1 1 0 0 0 0 2 0
513.8 1 2 0 0 0 1 0 0 2 0
576.076 0 1 0 0 1 1 0 0 2 0
627.827 1 2 0 0 0 1 0 0 2 0
671.275 0 1 0 0 1 1 0 0 2 0
675.707 1 2 0 0 0 1 0 0 2 0
698.184 0 1 0 0 1 1 0 0 2 0
721.021 1 2 0 0 0 1 0 0 2 0
733.486 0 1 0 0 1 1 0 0 2 0
751.484 1 2 0 0 0 1 0 0 2 0
759.261 1 2 1 1 0 0 0 0 2 0
797.52 1 2 0 0 0 1 0 0 2 0
819.493 0 1 0 0 1 1 0 0 2 0
897.809 1 2 0 0 0 1 0 0 2 0
928.202 1 2 1 1 0 0 0 0 2 0
1086.98 0 1 1 1 1 0 0 0 2 0
1099.94 0 1 0 0 1 1 0 0 2 0
1194.41 0 1 1 1 1 0 0 0 2 0
1285.46 0 1 0 0 1 1 0 0 2 0
1300.31 1 2 0 0 0 1 0 0 2 0
1320.69 0 1 0 0 1 1 0 0 2 0
1366.56 0 0 0 0 0 1 0 1 2 0
1388.04 0 0 1 1 0 0 0 1 2 0
1396.94 0 0 0 0 0 1 0 1 2 0
1502.64 0 0 1 1 0 0 0 1 2 0
1520.06 0 1 1 1 1 0 0 0 2 0
1564.34 0 1 0 0 1 1 0 0 2 0
1577.95 0 1 1 1 1 0 0 0 2 0
1604 1 2 1 1 0 0 0 0 2 0
1638.43 1 2 0 0 0 1 0 0 2 0
1676.4 0 1 0 0 1 1 0 0 2 0
1735.98 0 1 0 0 0 0 1 0 2 0
1796.72 0 0 0 0 0 0 0 0 3 0
1837.32 0 1 0 0 0 0 1 0 2 0
1949.56 0 0 0 0 0 0 0 0 3 0
1994.5 0 1 0 0 0 0 1 0 2 0
2003.02 0 0 0 0 0 0 0 0 3 0
2003.02 0 0 0 0 0 0 0 0 3 0
