0 3 6 3 3 0 0 0 0 0 0
0.900992 2 5 3 3 1 0 0 0 0 0
5.60703 2 5 2 2 1 1 0 0 0 0
9.12826 1 4 2 2 2 1 0 0 0 0
9.45818 2 5 2 2 1 1 0 0 0 0
30.439 3 6 2 2 0 1 0 0 0 0
31.1196 2 5 2 2 1 1 0 0 0 0
33.2124 2 4 2 2 0 1 0 1 0 0
37.0682 2 4 1 1 0 2 0 1 0 0
40.5539 2 5 1 1 1 2 0 0 0 0
40.9395 1 4 1 1 2 2 0 0 0 0
41.8923 1 4 2 2 2 1 0 0 0 0
47.2888 0 3 2 2 3 1 0 0 0 0
49.6737 1 4 2 2 2 1 0 0 0 0
62.4196 2 5 2 2 1 1 0 0 0 0
69.7866 1 4 2 2 2 1 0 0 0 0
125.678 0 3 2 2 3 1 0 0 0 0
127.792 0 2 2 2 2 1 0 1 0 0
131.678 0 2 2 2 1 0 1 1 0 0
137.212 0 1 2 2 0 0 1 2 0 0
165.259 0 1 2 2 1 1 0 2 0 0
173.216 0 1 1 1 1 2 0 2 0 0
187.52 0 1 1 1 0 1 1 2 0 0
191.459 0 2 1 1 1 1 1 1 0 0
193.912 0 2 1 1 1 0 1 0 0 1
197.432 1 3 1 1 0 0 1 0 0 1
198.973 1 2 1 1 0 0 0 0 1 1
210.317 0 1 1 1 1 0 0 0 1 1
217.061 1 2 1 1 0 0 0 0 1 1
266.996 1 2 1 1 0 1 0 1 1 0
318.287 1 2 0 0 0 2 0 1 1 0
378.121 0 1 0 0 1 2 0 1 1 0
384.907 0 1 1 1 1 1 0 1 1 0
395.771 0 1 1 1 0 0 1 1 1 0
396.092 0 1 0 0 0 1 1 1 1 0
404.322 0 0 0 0 0 1 0 1 2 0
415.449 0 0 0 0 0 0 0 0 2 1
511.607 0 0 0 0 0 1 0 1 2 0
555.083 0 0 0 0 0 0 0 0 2 1
569.309 0 0 0 0 0 1 0 1 2 0
594.234 0 1 0 0 0 1 1 1 1 0
597.599 0 1 1 1 0 0 1 1 1 0
648.954 0 1 1 1 1 1 0 1 1 0
653.688 0 2 1 1 2 1 0 0 1 0
654.979 1 3 1 1 1 1 0 0 1 0
657.403 1 3 2 2 1 0 0 0 1 0
668.562 2 4 2 2 0 0 0 0 1 0
698.641 2 4 1 1 0 1 0 0 1 0
705.627 1 3 1 1 1 1 0 0 1 0
728.836 1 2 1 1 0 1 0 1 1 0
736.974 1 3 1 1 1 1 0 0 1 0
740.213 1 3 1 1 0 0 1 0 1 0
785.325 0 2 1 1 1 0 1 0 1 0
801.137 0 1 1 1 0 0 1 1 1 0
889.292 0 1 0 0 0 1 1 1 1 0
905.595 0 1 1 1 0 0 1 1 1 0
912.445 0 0 1 1 0 0 0 1 2 0
1083.3 0 0 0 0 0 1 0 1 2 0
1083.45 0 1 0 0 1 1 0 0 2 0
1172.65 0 1 1 1 1 0 0 0 2 0
1183.47 1 2 1 1 0 0 0 0 2 0
1189.86 0 1 1 1 1 0 0 0 2 0
1200.3 1 2 1 1 0 0 0 0 2 0
1361.44 0 1 1 1 1 0 0 0 2 0
1382.11 0 1 0 0 1 1 0 0 2 0
1385.03 0 0 0 0 0 1 0 1 2 0
1489.95 0 1 0 0 1 1 0 0 2 0
1501.72 0 1 0 0 0 0 1 0 2 0
1533.33 0 0 0 0 0 0 0 0 3 0
2095.66 0 1 0 0 0 0 1 0 2 0
2212.67 0 0 0 0 0 0 0 0 3 0
2212.67 0 0 0 0 0 0 0 0 3 0
