0 3 6 3 3 0 0 0 0 0 0
1.28307 3 6 2 2 0 1 0 0 0 0
2.02989 2 5 2 2 1 1 0 0 0 0
4.25395 2 5 1 1 1 2 0 0 0 0
8.90953 1 4 1 1 2 2 0 0 0 0
9.97394 1 3 1 1 1 2 0 1 0 0
15.6722 1 3 1 1 0 1 1 1 0 0
41.1266 0 2 1 1 1 1 1 1 0 0
62.6536 1 3 1 1 0 1 1 1 0 0
72.6813 1 3 2 2 0 0 1 1 0 0
83.1816 1 3 2 2 1 1 0 1 0 0
84.1084 1 3 2 2 0 0 1 1 0 0
96.7859 1 2 2 2 0 0 0 1 1 0
108.922 1 2 1 1 0 1 0 1 1 0
167.581 1 2 2 2 0 0 0 1 1 0
178.846 0 1 2 2 1 0 0 1 1 0
179.299 0 1 1 1 1 1 0 1 1 0
181.191 0 2 1 1 2 1 0 0 1 0
188.515 1 3 1 1 1 1 0 0 1 0
200.916 1 3 2 2 1 0 0 0 1 0
201.793 0 2 2 2 2 0 0 0 1 0
206.223 0 1 2 2 1 0 0 1 1 0
218.419 1 2 2 2 0 0 0 1 1 0
229.465 1 2 1 1 0 1 0 1 1 0
249.967 0 1 1 1 1 1 0 1 1 0
263.632 0 1 2 2 1 0 0 1 1 0
265.795 0 1 1 1 1 1 0 1 1 0
288.037 0 1 1 1 0 0 1 1 1 0
289.346 0 2 1 1 1 0 1 0 1 0
290.401 0 2 0 0 1 1 1 0 1 0
303.864 0 1 0 0 0 1 1 1 1 0
364.909 0 1 0 0 0 0 1 0 1 1
373.509 0 1 0 0 0 1 1 1 1 0
412.632 0 1 0 0 0 0 1 0 1 1
435.175 0 1 0 0 0 1 1 1 1 0
467.597 0 1 1 1 0 0 1 1 1 0
475.037 0 2 1 1 1 0 1 0 1 0
476.335 0 1 1 1 1 0 0 0 2 0
484.166 1 2 1 1 0 0 0 0 2 0
489.986 0 1 1 1 1 0 0 0 2 0
511.975 0 0 1 1 0 0 0 1 2 0
515.556 0 0 0 0 0 1 0 1 2 0
535.355 0 0 0 0 0 0 0 0 2 1
577.325 0 0 0 0 0 1 0 1 2 0
579.576 0 0 1 1 0 0 0 1 2 0
609.05 0 0 0 0 0 1 0 1 2 0
609.587 0 1 0 0 1 1 0 0 2 0
616.53 0 1 1 1 1 0 0 0 2 0
626.962 0 1 0 0 1 1 0 0 2 0
680.678 0 0 0 0 0 1 0 1 2 0
700.175 0 0 1 1 0 0 0 1 2 0
714.512 0 1 1 1 0 0 1 1 1 0
746.583 0 2 1 1 1 0 1 0 1 0
752.993 0 1 1 1 1 0 0 0 2 0
803.458 1 2 1 1 0 0 0 0 2 0
852.147 1 2 0 0 0 1 0 0 2 0
858.6 0 1 0 0 1 1 0 0 2 0
951.456 1 2 0 0 0 1 0 0 2 0
986.022 0 1 0 0 1 1 0 0 2 0
1066.14 1 2 0 0 0 1 0 0 2 0
1175.1 0 1 0 0 1 1 0 0 2 0
1181.89 0 1 0 0 0 0 1 0 2 0
1270.91 0 0 0 0 0 0 0 0 3 0
1416.91 0 1 0 0 0 0 1 0 2 0
1471.68 0 2 0 0 0 0 2 0 1 0
1500.67 0 1 0 0 0 0 1 0 2 0
1576.21 0 0 0 0 0 0 0 0 3 0
2155.37 0 1 0 0 0 0 1 0 2 0
2171.54 0 0 0 0 0 0 0 0 3 0
2178.83 0 1 0 0 0 0 1 0 2 0
2195.77 0 0 0 0 0 0 0 0 3 0
2572.02 0 1 0 0 0 0 1 0 2 0
2616.19 0 1 0 0 1 1 0 0 2 0
2663.58 0 1 0 0 0 0 1 0 2 0
2767.69 0 0 0 0 0 0 0 0 3 0
2767.69 0 0 0 0 0 0 0 0 3 0
