0 3 6 3 3 0 0 0 0 0 0
3.81706 2 5 3 3 1 0 0 0 0 0
6.49548 2 5 2 2 1 1 0 0 0 0
20.5635 1 4 2 2 2 1 0 0 0 0
23.9072 2 5 2 2 1 1 0 0 0 0
27.8167 2 4 2 2 0 1 0 1 0 0
35.6856 1 3 2 2 1 1 0 1 0 0
35.9517 0 2 2 2 2 1 0 1 0 0
42.7008 0 1 2 2 1 1 0 2 0 0
50.9555 0 2 2 2 2 1 0 1 0 0
59.5622 0 1 2 2 1 1 0 2 0 0
82.7497 0 1 1 1 1 2 0 2 0 0
85.5505 0 1 2 2 1 1 0 2 0 0
99.7588 0 1 1 1 1 2 0 2 0 0
120.439 0 1 1 1 1 1 0 1 0 1
123.216 1 2 1 1 0 1 0 1 0 1
124.722 1 2 0 0 0 2 0 1 0 1
125.209 1 2 1 1 0 1 0 1 0 1
128.194 0 1 1 1 1 1 0 1 0 1
129.872 1 2 1 1 0 1 0 1 0 1
131.462 1 2 1 1 0 0 0 0 0 2
174.243 1 2 0 0 0 1 0 0 0 2
177.738 0 1 0 0 1 1 0 0 0 2
193.412 1 2 0 0 0 1 0 0 0 2
204.899 1 2 0 0 0 2 0 1 0 1
239.417 1 2 0 0 0 3 0 2 0 0
251.432 1 2 0 0 0 2 0 1 0 1
322.643 0 1 0 0 1 2 0 1 0 1
322.652 0 1 0 0 1 1 0 0 0 2
346.723 0 0 0 0 0 1 0 1 0 2
357.404 0 0 0 0 0 0 0 0 0 3
370.268 0 0 0 0 0 1 0 1 0 2
394.47 0 0 0 0 0 2 0 2 0 1
454.492 0 0 0 0 0 1 0 1 0 2
463.537 0 0 0 0 0 2 0 2 0 1
471.6 0 0 1 1 0 1 0 2 0 1
491.667 0 1 1 1 1 1 0 1 0 1
493.613 0 1 1 1 0 0 1 1 0 1
500.432 0 0 1 1 0 0 0 1 1 1
531.355 0 1 1 1 1 0 0 0 1 1
642.821 1 2 1 1 0 0 0 0 1 1
684.57 0 1 1 1 1 0 0 0 1 1
692.973 0 0 1 1 0 0 0 1 1 1
729.313 0 0 1 1 0 1 0 2 1 0
744.423 0 0 2 2 0 0 0 2 1 0
749.517 0 0 1 1 0 1 0 2 1 0
761.59 0 0 1 1 0 0 0 1 1 1
781.305 0 0 1 1 0 1 0 2 1 0
782.358 0 0 2 2 0 0 0 2 1 0
782.948 0 0 1 1 0 1 0 2 1 0
799.258 0 0 2 2 0 0 0 2 1 0
843.042 0 1 2 2 1 0 0 1 1 0
870.735 0 2 2 2 2 0 0 0 1 0
872.26 1 3 2 2 1 0 0 0 1 0
890.248 1 3 1 1 1 1 0 0 1 0
907.141 0 2 1 1 2 1 0 0 1 0
910.305 0 1 1 1 1 1 0 1 1 0
920.928 0 1 1 1 1 0 0 0 1 1
928.288 0 1 1 1 1 1 0 1 1 0
963.21 0 1 1 1 0 0 1 1 1 0
997.637 0 2 1 1 1 0 1 0 1 0
1022.07 0 2 1 1 2 1 0 0 1 0
1036.41 1 3 1 1 1 1 0 0 1 0
1039.52 0 2 1 1 2 1 0 0 1 0
1050.87 1 3 1 1 1 1 0 0 1 0
1053.59 2 4 1 1 0 1 0 0 1 0
1071.98 2 4 2 2 0 0 0 0 1 0
1078.9 1 3 2 2 1 0 0 0 1 0
1080.04 1 3 1 1 1 1 0 0 1 0
1092.9 0 2 1 1 2 1 0 0 1 0
1097.28 1 3 1 1 1 1 0 0 1 0
1111.64 1 3 1 1 0 0 1 0 1 0
1156.78 1 2 1 1 0 0 0 0 2 0
1163.94 1 2 0 0 0 1 0 0 2 0
1182.13 1 2 1 1 0 0 0 0 2 0
1182.87 0 1 1 1 1 0 0 0 2 0
1187.88 0 0 1 1 0 0 0 1 2 0
1189.66 0 0 0 0 0 1 0 1 2 0
1337.17 0 1 0 0 1 1 0 0 2 0
1364.28 1 2 0 0 0 1 0 0 2 0
1395.06 0 1 0 0 1 1 0 0 2 0
1437.4 1 2 0 0 0 1 0 0 2 0
1558.52 1 2 1 1 0 0 0 0 2 0
1635.42 1 2 0 0 0 1 0 0 2 0
1721.89 0 1 0 0 1 1 0 0 2 0
1789.01 0 1 1 1 1 0 0 0 2 0
1851.13 0 0 1 1 0 0 0 1 2 0
1935.79 0 0 0 0 0 1 0 1 2 0
2000.31 0 0 0 0 0 0 0 0 2 1
2402.53 0 0 0 0 0 1 0 1 2 0
2533.15 0 1 0 0 1 1 0 0 2 0
2535.98 0 1 1 1 1 0 0 0 2 0
2582.33 1 2 1 1 0 0 0 0 2 0
2837.31 0 1 1 1 1 0 0 0 2 0
2852.32 0 0 1 1 0 0 0 1 2 0
2879.79 0 0 0 0 0 1 0 1 2 0
2908.7 0 1 0 0 1 1 0 0 2 0
2912.75 1 2 0 0 0 1 0 0 2 0
2940.24 0 1 0 0 1 1 0 0 2 0
2957.12 1 2 0 0 0 1 0 0 2 0
2983.14 0 1 0 0 1 1 0 0 2 0
2983.14 0 1 0 0 1 1 0 0 2 0
