0 3 6 3 3 0 0 0 0 0 0
1.77896 3 6 2 2 0 1 0 0 0 0
13.6374 3 6 1 1 0 2 0 0 0 0
17.9798 2 5 1 1 1 2 0 0 0 0
19.9362 1 4 1 1 2 2 0 0 0 0
30.7371 1 3 1 1 1 2 0 1 0 0
47.7254 1 4 1 1 2 2 0 0 0 0
53.7199 1 4 0 0 2 3 0 0 0 0
59.3939 1 3 0 0 1 3 0 1 0 0
74.2657 2 4 0 0 0 3 0 1 0 0
89.4858 2 4 1 1 0 2 0 1 0 0
102.507 1 3 1 1 1 2 0 1 0 0
116.484 2 4 1 1 0 2 0 1 0 0
118.719 1 3 1 1 1 2 0 1 0 0
121.556 1 2 1 1 0 2 0 2 0 0
123.957 1 3 1 1 1 2 0 1 0 0
128.407 1 3 1 1 1 1 0 0 0 1
132.792 2 4 1 1 0 1 0 0 0 1
142.492 1 3 1 1 1 1 0 0 0 1
152.871 0 2 1 1 2 1 0 0 0 1
163.106 1 3 1 1 1 1 0 0 0 1
166.051 1 2 1 1 0 1 0 1 0 1
178.417 0 1 1 1 1 1 0 1 0 1
183.714 0 1 1 1 1 2 0 2 0 0
189.08 0 1 2 2 1 1 0 2 0 0
194.525 1 2 2 2 0 1 0 2 0 0
200.393 1 3 2 2 1 1 0 1 0 0
222.433 2 4 2 2 0 1 0 1 0 0
227.103 2 4 3 3 0 0 0 1 0 0
227.677 1 3 3 3 1 0 0 1 0 0
235.406 1 2 3 3 0 0 0 2 0 0
255.554 1 3 3 3 1 0 0 1 0 0
265.687 2 4 3 3 0 0 0 1 0 0
268.781 2 4 2 2 0 1 0 1 0 0
269.076 1 3 2 2 1 1 0 1 0 0
270.464 1 3 1 1 1 2 0 1 0 0
275.044 1 3 1 1 1 1 0 0 0 1
277.561 0 2 1 1 2 1 0 0 0 1
280.575 1 3 1 1 1 1 0 0 0 1
281.755 1 3 0 0 1 2 0 0 0 1
295.179 1 2 0 0 0 2 0 1 0 1
353.535 1 2 0 0 0 3 0 2 0 0
365.654 0 1 0 0 1 3 0 2 0 0
368.859 0 2 0 0 2 3 0 1 0 0
369.182 1 3 0 0 1 3 0 1 0 0
381.732 1 3 0 0 0 2 1 1 0 0
394.704 1 2 0 0 0 2 0 1 1 0
420.612 1 2 1 1 0 1 0 1 1 0
466.242 1 3 1 1 1 1 0 0 1 0
482.725 0 2 1 1 2 1 0 0 1 0
483.418 0 2 1 1 1 0 1 0 1 0
499.455 0 1 1 1 0 0 1 1 1 0
511.547 0 1 0 0 0 1 1 1 1 0
527.084 0 1 1 1 0 0 1 1 1 0
542.876 0 0 1 1 0 0 0 1 2 0
561.059 0 1 1 1 1 0 0 0 2 0
563.117 1 2 1 1 0 0 0 0 2 0
575.139 0 1 1 1 1 0 0 0 2 0
580.454 1 2 1 1 0 0 0 0 2 0
677.763 1 2 0 0 0 1 0 0 2 0
677.775 0 1 0 0 1 1 0 0 2 0
737.504 1 2 0 0 0 1 0 0 2 0
758.538 0 1 0 0 1 1 0 0 2 0
761.255 1 2 0 0 0 1 0 0 2 0
823.769 0 1 0 0 1 1 0 0 2 0
828.752 0 0 0 0 0 1 0 1 2 0
881.386 0 0 0 0 0 0 0 0 2 1
907.71 0 0 0 0 0 1 0 1 2 0
943.741 0 0 0 0 0 0 0 0 2 1
1006.25 0 1 0 0 0 0 1 0 1 1
1018.88 0 0 0 0 0 0 0 0 2 1
1023.13 0 0 0 0 0 1 0 1 2 0
1027.46 0 1 0 0 1 1 0 0 2 0
1030.3 1 2 0 0 0 1 0 0 2 0
1122.23 0 1 0 0 1 1 0 0 2 0
1138.41 0 1 0 0 0 0 1 0 2 0
1241.07 0 0 0 0 0 0 0 0 3 0
2055.65 0 1 0 0 0 0 1 0 2 0
2059.8 0 0 0 0 0 0 0 0 3 0
2489.43 0 1 0 0 0 0 1 0 2 0
2548.67 0 0 0 0 0 0 0 0 3 0
2548.67 0 0 0 0 0 0 0 0 3 0
