0 3 6 3 3 0 0 0 0 0 0
4.15908 3 6 2 2 0 1 0 0 0 0
19.5944 3 6 3 3 0 0 0 0 0 0
41.4494 2 5 3 3 1 0 0 0 0 0
49.0596 1 4 3 3 2 0 0 0 0 0
50.1544 1 4 2 2 2 1 0 0 0 0
55.9748 1 4 3 3 2 0 0 0 0 0
56.8425 2 5 3 3 1 0 0 0 0 0
59.6953 2 5 2 2 1 1 0 0 0 0
66.1026 2 5 1 1 1 2 0 0 0 0
75.1851 2 5 0 0 1 3 0 0 0 0
75.9439 2 5 0 0 0 2 1 0 0 0
86.1018 1 4 0 0 1 2 1 0 0 0
99.5205 1 3 0 0 0 2 1 1 0 0
100.216 1 3 0 0 0 1 1 0 0 1
104.64 1 2 0 0 0 1 0 0 1 1
184.02 0 1 0 0 1 1 0 0 1 1
217.953 0 0 0 0 0 1 0 1 1 1
266.172 0 0 0 0 0 0 0 0 1 2
288.087 0 0 0 0 0 1 0 1 1 1
312.419 0 0 1 1 0 0 0 1 1 1
317.538 0 0 1 1 0 1 0 2 1 0
337.64 0 1 1 1 1 1 0 1 1 0
342.778 0 2 1 1 2 1 0 0 1 0
352.972 0 2 0 0 2 2 0 0 1 0
358.752 1 3 0 0 1 2 0 0 1 0
365.711 1 2 0 0 0 2 0 1 1 0
407.253 1 2 1 1 0 1 0 1 1 0
408.036 0 1 1 1 1 1 0 1 1 0
421.706 0 2 1 1 2 1 0 0 1 0
422.862 0 2 1 1 1 0 1 0 1 0
441.265 0 2 1 1 2 1 0 0 1 0
453.371 1 3 1 1 1 1 0 0 1 0
482.995 1 2 1 1 0 1 0 1 1 0
490.785 1 2 2 2 0 0 0 1 1 0
493.012 0 1 2 2 1 0 0 1 1 0
554.454 1 2 2 2 0 0 0 1 1 0
557.179 1 2 1 1 0 1 0 1 1 0
574.059 1 2 1 1 0 0 0 0 1 1
603.791 1 2 1 1 0 1 0 1 1 0
613.06 1 3 1 1 1 1 0 0 1 0
622.092 0 2 1 1 2 1 0 0 1 0
634.51 1 3 1 1 1 1 0 0 1 0
634.527 1 3 0 0 1 2 0 0 1 0
636.378 1 2 0 0 0 2 0 1 1 0
666.582 1 2 1 1 0 1 0 1 1 0
678.467 1 2 1 1 0 0 0 0 1 1
688.181 1 2 1 1 0 1 0 1 1 0
750.886 1 3 1 1 0 1 1 1 0 0
762.484 1 3 2 2 0 0 1 1 0 0
771.912 1 3 1 1 0 1 1 1 0 0
774.144 1 2 1 1 0 1 0 1 1 0
850.622 1 2 2 2 0 0 0 1 1 0
853.563 1 2 1 1 0 1 0 1 1 0
880.311 0 1 1 1 1 1 0 1 1 0
897.719 0 2 1 1 2 1 0 0 1 0
923.572 1 3 1 1 1 1 0 0 1 0
949.432 1 3 1 1 0 0 1 0 1 0
966.36 0 2 1 1 1 0 1 0 1 0
972.444 0 1 1 1 1 0 0 0 2 0
991.236 1 2 1 1 0 0 0 0 2 0
991.713 0 1 1 1 1 0 0 0 2 0
1016.83 1 2 1 1 0 0 0 0 2 0
1202.75 0 1 1 1 1 0 0 0 2 0
1224.06 1 2 1 1 0 0 0 0 2 0
1287.78 1 2 0 0 0 1 0 0 2 0
1303.61 0 1 0 0 1 1 0 0 2 0
1326.73 1 2 0 0 0 1 0 0 2 0
1337.94 0 1 0 0 1 1 0 0 2 0
1377.83 0 1 0 0 0 0 1 0 2 0
1445.08 0 0 0 0 0 0 0 0 3 0
1453.8 0 1 0 0 0 0 1 0 2 0
1544.92 0 0 0 0 0 0 0 0 3 0
1579.7 0 1 0 0 0 0 1 0 2 0
1703.37 0 1 0 0 1 1 0 0 2 0
1704.08 1 2 0 0 0 1 0 0 2 0
1728.79 1 2 1 1 0 0 0 0 2 0
1734.45 0 1 1 1 1 0 0 0 2 0
1747.08 1 2 1 1 0 0 0 0 2 0
1778.41 0 1 1 1 1 0 0 0 2 0
1814.24 1 2 1 1 0 0 0 0 2 0
1921.14 0 1 1 1 1 0 0 0 2 0
1927.94 1 2 1 1 0 0 0 0 2 0
1942.17 0 1 1 1 1 0 0 0 2 0
1951.34 1 2 1 1 0 0 0 0 2 0
1971.7 0 1 1 1 1 0 0 0 2 0
1995.07 1 2 1 1 0 0 0 0 2 0
2008.41 1 2 0 0 0 1 0 0 2 0
2021.89 1 2 1 1 0 0 0 0 2 0
2049.39 1 2 0 0 0 1 0 0 2 0
2092.12 0 1 0 0 1 1 0 0 2 0
2099.79 0 1 1 1 1 0 0 0 2 0
2122.66 1 2 1 1 0 0 0 0 2 0
2125.16 0 1 1 1 1 0 0 0 2 0
2145.5 1 2 1 1 0 0 0 0 2 0
2201.65 1 2 0 0 0 1 0 0 2 0
2281.01 0 1 0 0 1 1 0 0 2 0
2286.1 0 1 1 1 1 0 0 0 2 0
2290.88 1 2 1 1 0 0 0 0 2 0
2318.71 0 1 1 1 1 0 0 0 2 0
2341.64 0 1 0 0 1 1 0 0 2 0
2347.78 0 1 1 1 1 0 0 0 2 0
2355.19 1 2 1 1 0 0 0 0 2 0
2368.89 0 1 1 1 1 0 0 0 2 0
2413.83 0 0 1 1 0 0 0 1 2 0
2455.65 0 1 1 1 1 0 0 0 2 0
2463.32 0 1 0 0 1 1 0 0 2 0
2478.64 0 0 0 0 0 1 0 1 2 0
2485.76 0 0 1 1 0 0 0 1 2 0
2542.61 0 0 0 0 0 1 0 1 2 0
2545.78 0 1 0 0 1 1 0 0 2 0
2591.5 0 1 0 0 0 0 1 0 2 0
2927.43 0 2 0 0 0 0 2 0 1 0
2927.43 0 2 0 0 0 0 2 0 1 0
