0 3 6 3 3 0 0 0 0 0 0
1.12959 3 6 2 2 0 1 0 0 0 0
2.91701 2 5 2 2 1 1 0 0 0 0
23.0104 2 5 1 1 1 2 0 0 0 0
24.5202 1 4 1 1 2 2 0 0 0 0
41.2325 1 4 2 2 2 1 0 0 0 0
46.4102 1 4 1 1 2 2 0 0 0 0
60.5633 2 5 1 1 1 2 0 0 0 0
69.1809 2 4 1 1 0 2 0 1 0 0
74.4018 2 5 1 1 1 2 0 0 0 0
75.2073 1 4 1 1 2 2 0 0 0 0
80.4356 1 4 2 2 2 1 0 0 0 0
82.3746 1 4 1 1 2 2 0 0 0 0
102.65 1 3 1 1 1 2 0 1 0 0
107.514 1 4 1 1 2 2 0 0 0 0
109.264 1 4 1 1 1 1 1 0 0 0
115.598 1 3 1 1 1 1 0 0 1 0
139.069 0 2 1 1 2 1 0 0 1 0
140.862 0 2 1 1 1 0 1 0 1 0
146.206 1 3 1 1 0 0 1 0 1 0
156.04 1 2 1 1 0 0 0 0 2 0
179.563 1 3 1 1 0 0 1 0 1 0
217.457 1 2 1 1 0 0 0 0 2 0
221.813 0 1 1 1 1 0 0 0 2 0
254.931 1 2 1 1 0 0 0 0 2 0
300.602 0 1 1 1 1 0 0 0 2 0
310.264 1 2 1 1 0 0 0 0 2 0
395.318 0 1 1 1 1 0 0 0 2 0
466.597 0 1 0 0 1 1 0 0 2 0
468.898 1 2 0 0 0 1 0 0 2 0
545.627 1 2 1 1 0 0 0 0 2 0
550.621 0 1 1 1 1 0 0 0 2 0
598.113 0 1 0 0 1 1 0 0 2 0
603.722 0 1 0 0 0 0 1 0 2 0
731.187 0 0 0 0 0 0 0 0 3 0
1097.69 0 1 0 0 0 0 1 0 2 0
1191.03 0 0 0 0 0 0 0 0 3 0
1411.54 0 1 0 0 0 0 1 0 2 0
1414.97 0 1 0 0 1 1 0 0 2 0
1419.65 0 0 0 0 0 1 0 1 2 0
1485.89 0 0 0 0 0 0 0 0 2 1
1534.59 0 0 0 0 0 1 0 1 2 0
1536.26 0 1 0 0 1 1 0 0 2 0
1561.59 0 1 0 0 0 0 1 0 2 0
1577.14 0 0 0 0 0 0 0 0 3 0
1923.94 0 1 0 0 0 0 1 0 2 0
1929.45 0 0 0 0 0 0 0 0 3 0
2405.07 0 1 0 0 0 0 1 0 2 0
2443.02 0 0 0 0 0 0 0 0 3 0
2443.02 0 0 0 0 0 0 0 0 3 0
