0 3 6 3 3 0 0 0 0 0 0
4.81266 3 6 2 2 0 1 0 0 0 0
5.09442 2 5 2 2 1 1 0 0 0 0
22.135 1 4 2 2 2 1 0 0 0 0
27.9048 2 5 2 2 1 1 0 0 0 0
31.9554 3 6 2 2 0 1 0 0 0 0
33.8314 2 5 2 2 1 1 0 0 0 0
39.2472 1 4 2 2 2 1 0 0 0 0
45.5696 1 3 2 2 1 1 0 1 0 0
52.8657 1 3 1 1 1 2 0 1 0 0
60.0235 1 3 1 1 1 1 0 0 0 1
70.5169 0 2 1 1 2 1 0 0 0 1
77.1018 1 3 1 1 1 1 0 0 0 1
80.3973 1 2 1 1 0 1 0 1 0 1
88.2028 1 2 1 1 0 2 0 2 0 0
93.6515 1 2 2 2 0 1 0 2 0 0
93.7743 0 1 2 2 1 1 0 2 0 0
101.152 0 2 2 2 2 1 0 1 0 0
117.689 0 2 2 2 2 0 0 0 0 1
133.73 0 1 2 2 1 0 0 1 0 1
144.539 1 2 2 2 0 0 0 1 0 1
159.412 0 1 2 2 1 0 0 1 0 1
199 0 2 2 2 2 0 0 0 0 1
208.054 0 1 2 2 1 0 0 1 0 1
223.084 0 2 2 2 2 0 0 0 0 1
226.189 1 3 2 2 1 0 0 0 0 1
237.003 0 2 2 2 2 0 0 0 0 1
237.696 1 3 2 2 1 0 0 0 0 1
239.149 1 2 2 2 0 0 0 1 0 1
260.238 1 2 1 1 0 1 0 1 0 1
269.236 1 2 1 1 0 2 0 2 0 0
285.386 1 2 1 1 0 1 0 1 0 1
287.5 1 3 1 1 1 1 0 0 0 1
294.499 1 3 1 1 1 2 0 1 0 0
306.18 2 4 1 1 0 2 0 1 0 0
312.782 2 4 1 1 0 1 0 0 0 1
323.479 2 4 1 1 0 2 0 1 0 0
325.07 1 3 1 1 1 2 0 1 0 0
328.742 1 3 0 0 1 3 0 1 0 0
330.074 1 4 0 0 2 3 0 0 0 0
349.143 1 3 0 0 1 3 0 1 0 0
351.83 1 2 0 0 0 3 0 2 0 0
356.071 1 2 1 1 0 2 0 2 0 0
374.795 1 2 1 1 0 1 0 1 0 1
395.532 1 2 1 1 0 0 0 0 0 2
532.914 1 2 1 1 0 1 0 1 0 1
552.192 1 2 0 0 0 2 0 1 0 1
564.108 0 1 0 0 1 2 0 1 0 1
564.455 0 1 0 0 1 3 0 2 0 0
576.863 0 1 0 0 1 2 0 1 0 1
581.35 0 1 1 1 1 1 0 1 0 1
582.753 0 1 0 0 1 2 0 1 0 1
589.096 0 1 1 1 1 1 0 1 0 1
598.124 0 0 1 1 0 1 0 2 0 1
598.554 0 0 1 1 0 0 0 1 0 2
640.346 0 0 0 0 0 1 0 1 0 2
642.532 0 0 0 0 0 2 0 2 0 1
655.377 0 0 1 1 0 1 0 2 0 1
666.904 0 1 1 1 1 1 0 1 0 1
704.243 0 2 1 1 2 1 0 0 0 1
744.935 0 2 0 0 2 2 0 0 0 1
748.58 0 1 0 0 1 2 0 1 0 1
761.509 0 1 0 0 0 1 1 1 0 1
774.598 0 1 0 0 0 0 1 0 0 2
848.247 0 1 0 0 0 1 1 1 0 1
862.71 0 2 0 0 1 1 1 0 0 1
874.064 0 1 0 0 0 1 1 1 0 1
878.98 0 1 0 0 0 2 1 2 0 0
905.659 0 1 0 0 0 1 1 1 0 1
940.337 0 0 0 0 0 1 0 1 1 1
952.731 0 0 1 1 0 0 0 1 1 1
1024.26 0 1 1 1 1 0 0 0 1 1
1058.14 1 2 1 1 0 0 0 0 1 1
1135.66 1 2 1 1 0 1 0 1 1 0
1197.65 0 1 1 1 1 1 0 1 1 0
1209.2 0 1 0 0 1 2 0 1 1 0
1231.25 0 1 0 0 0 1 1 1 1 0
1256.76 0 1 1 1 0 0 1 1 1 0
1308.88 0 2 1 1 1 0 1 0 1 0
1313.55 0 1 1 1 1 0 0 0 2 0
1326.53 0 0 1 1 0 0 0 1 2 0
1549.13 0 0 0 0 0 1 0 1 2 0
1566.28 0 1 0 0 1 1 0 0 2 0
1644.01 1 2 0 0 0 1 0 0 2 0
1746.87 0 1 0 0 1 1 0 0 2 0
1749.74 1 2 0 0 0 1 0 0 2 0
1773.68 0 1 0 0 1 1 0 0 2 0
1809.85 1 2 0 0 0 1 0 0 2 0
1840.79 0 1 0 0 1 1 0 0 2 0
1858.81 1 2 0 0 0 1 0 0 2 0
1896.58 1 2 1 1 0 0 0 0 2 0
1917.96 0 1 1 1 1 0 0 0 2 0
1988.39 0 1 0 0 1 1 0 0 2 0
2049.92 1 2 0 0 0 1 0 0 2 0
2052.5 1 2 1 1 0 0 0 0 2 0
2073.5 0 1 1 1 1 0 0 0 2 0
2140.57 1 2 1 1 0 0 0 0 2 0
2158.85 1 2 0 0 0 1 0 0 2 0
2193.74 1 2 1 1 0 0 0 0 2 0
2220.73 0 1 1 1 1 0 0 0 2 0
2222.79 1 2 1 1 0 0 0 0 2 0
2281.87 0 1 1 1 1 0 0 0 2 0
2306.66 1 2 1 1 0 0 0 0 2 0
2359.79 1 2 0 0 0 1 0 0 2 0
2369.64 1 2 1 1 0 0 0 0 2 0
2402.15 0 1 1 1 1 0 0 0 2 0
2410.72 0 1 0 0 1 1 0 0 2 0
2415.8 0 1 1 1 1 0 0 0 2 0
2482.91 1 2 1 1 0 0 0 0 2 0
2559.01 0 1 1 1 1 0 0 0 2 0
2567.56 1 2 1 1 0 0 0 0 2 0
2586.94 1 2 0 0 0 1 0 0 2 0
2622.72 0 1 0 0 1 1 0 0 2 0
2634.7 0 1 1 1 1 0 0 0 2 0
2775.24 0 1 0 0 1 1 0 0 2 0
2796.29 0 1 1 1 1 0 0 0 2 0
2811.95 1 2 1 1 0 0 0 0 2 0
2846.59 0 1 1 1 1 0 0 0 2 0
2896.55 1 2 1 1 0 0 0 0 2 0
2898 1 3 1 1 0 0 1 0 1 0
2909.06 1 3 0 0 0 1 1 0 1 0
2937.28 0 2 0 0 1 1 1 0 1 0
2946.91 0 2 0 0 0 0 2 0 1 0
2998.92 0 1 0 0 0 0 1 0 2 0
2998.92 0 1 0 0 0 0 1 0 2 0
