0 3 6 3 3 0 0 0 0 0 0
4.71834 2 5 3 3 1 0 0 0 0 0
5.38067 3 6 3 3 0 0 0 0 0 0
6.89933 2 5 3 3 1 0 0 0 0 0
8.81703 3 6 3 3 0 0 0 0 0 0
32.4172 2 5 3 3 1 0 0 0 0 0
33.3335 1 4 3 3 2 0 0 0 0 0
33.623 1 4 2 2 2 1 0 0 0 0
40.7366 0 3 2 2 3 1 0 0 0 0
42.5884 0 2 2 2 2 1 0 1 0 0
51.6773 0 1 2 2 1 1 0 2 0 0
61.0859 0 1 2 2 1 0 0 1 0 1
69.1535 0 1 1 1 1 1 0 1 0 1
74.0742 0 1 2 2 1 0 0 1 0 1
75.9869 0 2 2 2 2 0 0 0 0 1
83.947 0 2 1 1 2 1 0 0 0 1
86.6164 0 2 2 2 2 0 0 0 0 1
131.176 1 3 2 2 1 0 0 0 0 1
134.141 2 4 2 2 0 0 0 0 0 1
167.136 1 3 2 2 1 0 0 0 0 1
170.181 0 2 2 2 2 0 0 0 0 1
173.584 1 3 2 2 1 0 0 0 0 1
189.987 1 2 2 2 0 0 0 1 0 1
229.542 1 2 1 1 0 1 0 1 0 1
235.225 1 2 1 1 0 2 0 2 0 0
263.167 0 1 1 1 1 2 0 2 0 0
274.452 0 1 1 1 1 1 0 1 0 1
281.694 0 1 1 1 1 2 0 2 0 0
286.111 0 1 1 1 1 1 0 1 0 1
295.233 1 2 1 1 0 1 0 1 0 1
295.321 1 2 1 1 0 2 0 2 0 0
303.74 1 2 2 2 0 1 0 2 0 0
307.041 1 2 1 1 0 2 0 2 0 0
317.908 1 2 1 1 0 1 0 1 0 1
341.611 1 2 1 1 0 0 0 0 0 2
343.186 1 2 1 1 0 1 0 1 0 1
355.748 1 3 1 1 1 1 0 0 0 1
362.121 2 4 1 1 0 1 0 0 0 1
377.045 1 3 1 1 1 1 0 0 0 1
397.129 1 3 1 1 1 2 0 1 0 0
404.328 1 3 0 0 1 3 0 1 0 0
444.211 2 4 0 0 0 3 0 1 0 0
447.196 2 4 0 0 0 2 0 0 0 1
454.241 1 3 0 0 1 2 0 0 0 1
455.985 0 2 0 0 2 2 0 0 0 1
457.803 0 2 1 1 2 1 0 0 0 1
458.126 0 1 1 1 1 1 0 1 0 1
465.107 0 2 1 1 2 1 0 0 0 1
467.428 0 2 1 1 2 2 0 1 0 0
478.774 0 2 0 0 2 3 0 1 0 0
484.545 0 2 0 0 1 2 1 1 0 0
541.01 0 2 0 0 2 3 0 1 0 0
542.711 0 2 0 0 2 2 0 0 0 1
548.035 0 2 0 0 1 1 1 0 0 1
570.942 0 2 1 1 1 0 1 0 0 1
624.106 1 3 1 1 0 0 1 0 0 1
625.226 0 2 1 1 1 0 1 0 0 1
642.051 1 3 1 1 0 0 1 0 0 1
649.343 1 3 1 1 0 1 1 1 0 0
649.762 1 2 1 1 0 1 0 1 1 0
652.39 1 2 2 2 0 0 0 1 1 0
676.213 1 3 2 2 1 0 0 0 1 0
706.383 2 4 2 2 0 0 0 0 1 0
712.684 2 4 1 1 0 1 0 0 1 0
715.012 1 3 1 1 1 1 0 0 1 0
716.563 0 2 1 1 2 1 0 0 1 0
717.389 1 3 1 1 1 1 0 0 1 0
743.055 2 4 1 1 0 1 0 0 1 0
754.269 1 3 1 1 1 1 0 0 1 0
758.084 1 2 1 1 0 1 0 1 1 0
780.771 1 2 2 2 0 0 0 1 1 0
810.821 0 1 2 2 1 0 0 1 1 0
814.601 0 0 2 2 0 0 0 2 1 0
816.552 0 0 1 1 0 1 0 2 1 0
837.834 0 1 1 1 1 1 0 1 1 0
840.618 0 0 1 1 0 1 0 2 1 0
849.318 0 0 0 0 0 2 0 2 1 0
887.233 0 1 0 0 1 2 0 1 1 0
887.5 1 2 0 0 0 2 0 1 1 0
897.685 1 2 1 1 0 1 0 1 1 0
914.894 1 2 0 0 0 2 0 1 1 0
964.249 1 2 0 0 0 1 0 0 1 1
994.45 0 1 0 0 1 1 0 0 1 1
1045.52 0 1 0 0 1 2 0 1 1 0
1047.6 0 1 1 1 1 1 0 1 1 0
1062.76 0 1 1 1 0 0 1 1 1 0
1083.55 0 1 1 1 1 1 0 1 1 0
1095.5 0 1 1 1 1 0 0 0 1 1
1149.22 1 2 1 1 0 0 0 0 1 1
1157.92 1 2 0 0 0 1 0 0 1 1
1196.18 1 2 1 1 0 0 0 0 1 1
1207.35 1 2 1 1 0 1 0 1 1 0
1215.37 1 2 2 2 0 0 0 1 1 0
1224.1 1 2 1 1 0 1 0 1 1 0
1242.69 0 1 1 1 1 1 0 1 1 0
1253.98 0 2 1 1 2 1 0 0 1 0
1258.66 1 3 1 1 1 1 0 0 1 0
1276.25 1 3 2 2 1 0 0 0 1 0
1279.54 1 3 1 1 1 1 0 0 1 0
1282.82 1 2 1 1 0 1 0 1 1 0
1330.61 0 1 1 1 1 1 0 1 1 0
1334.3 1 2 1 1 0 1 0 1 1 0
1341.15 0 1 1 1 1 1 0 1 1 0
1424.86 0 1 2 2 1 0 0 1 1 0
1431.99 1 2 2 2 0 0 0 1 1 0
1458.11 1 3 2 2 1 0 0 0 1 0
1471.24 2 4 2 2 0 0 0 0 1 0
1473.86 2 4 1 1 0 1 0 0 1 0
1479.12 1 3 1 1 1 1 0 0 1 0
1484.19 0 2 1 1 2 1 0 0 1 0
1489.49 0 2 1 1 1 0 1 0 1 0
1490.2 0 1 1 1 1 0 0 0 2 0
1500.86 0 1 0 0 1 1 0 0 2 0
1534.44 1 2 0 0 0 1 0 0 2 0
1564.26 0 1 0 0 1 1 0 0 2 0
1643.62 1 2 0 0 0 1 0 0 2 0
1719.78 1 2 1 1 0 0 0 0 2 0
1776.79 1 2 0 0 0 1 0 0 2 0
1882.18 0 1 0 0 1 1 0 0 2 0
1890.8 1 2 0 0 0 1 0 0 2 0
2067.87 1 2 1 1 0 0 0 0 2 0
2089.71 0 1 1 1 1 0 0 0 2 0
2093.8 0 0 1 1 0 0 0 1 2 0
2158.9 0 1 1 1 1 0 0 0 2 0
2164.88 0 2 1 1 1 0 1 0 1 0
2172.49 0 1 1 1 0 0 1 1 1 0
2244.21 0 1 1 1 1 1 0 1 1 0
2249.62 0 1 2 2 1 0 0 1 1 0
2253.03 0 2 2 2 2 0 0 0 1 0
2266.71 0 2 1 1 2 1 0 0 1 0
2266.72 0 1 1 1 1 1 0 1 1 0
2268.05 0 1 1 1 0 0 1 1 1 0
2333.71 0 1 0 0 0 1 1 1 1 0
2406.84 0 1 0 0 0 0 1 0 1 1
2437.29 0 1 0 0 0 1 1 1 1 0
2438.18 0 1 1 1 0 0 1 1 1 0
2449.03 0 1 1 1 1 1 0 1 1 0
2452.23 1 2 1 1 0 1 0 1 1 0
2452.67 0 1 1 1 1 1 0 1 1 0
2481.36 0 1 2 2 1 0 0 1 1 0
2514.22 1 2 2 2 0 0 0 1 1 0
2540.98 0 1 2 2 1 0 0 1 1 0
2554.84 0 2 2 2 2 0 0 0 1 0
2580.96 0 2 1 1 2 1 0 0 1 0
2581.91 0 1 1 1 1 1 0 1 1 0
2592.06 0 2 1 1 2 1 0 0 1 0
2596.02 0 1 1 1 1 1 0 1 1 0
2634.11 0 2 1 1 2 1 0 0 1 0
2639.09 0 2 1 1 1 0 1 0 1 0
2678.98 0 2 0 0 1 1 1 0 1 0
2679.91 0 2 0 0 0 0 2 0 1 0
2693.8 0 1 0 0 0 0 1 0 2 0
2730.77 0 0 0 0 0 0 0 0 3 0
2730.77 0 0 0 0 0 0 0 0 3 0
