0 3 6 3 3 0 0 0 0 0 0
3.82221 3 6 2 2 0 1 0 0 0 0
13.8538 3 6 3 3 0 0 0 0 0 0
28.3923 2 5 3 3 1 0 0 0 0 0
43.4665 2 5 2 2 1 1 0 0 0 0
45.199 2 5 1 1 1 2 0 0 0 0
63.2114 1 4 1 1 2 2 0 0 0 0
65.7513 2 5 1 1 1 2 0 0 0 0
71.293 1 4 1 1 2 2 0 0 0 0
78.06 1 4 1 1 1 1 1 0 0 0
91.0076 1 3 1 1 1 1 0 0 1 0
106.291 1 2 1 1 0 1 0 1 1 0
109.601 0 1 1 1 1 1 0 1 1 0
122.617 0 1 0 0 1 2 0 1 1 0
129.49 0 1 0 0 0 1 1 1 1 0
159.594 0 0 0 0 0 1 0 1 2 0
213.627 0 1 0 0 1 1 0 0 2 0
279.958 1 2 0 0 0 1 0 0 2 0
290.875 0 1 0 0 1 1 0 0 2 0
293.573 0 1 1 1 1 0 0 0 2 0
304.923 1 2 1 1 0 0 0 0 2 0
343.161 1 2 0 0 0 1 0 0 2 0
358.935 0 1 0 0 1 1 0 0 2 0
371.035 0 1 0 0 0 0 1 0 2 0
458.349 0 1 0 0 1 1 0 0 2 0
485.3 1 2 0 0 0 1 0 0 2 0
530.477 0 1 0 0 1 1 0 0 2 0
574.298 0 0 0 0 0 1 0 1 2 0
577.821 0 1 0 0 0 1 1 1 1 0
613.338 0 1 1 1 0 0 1 1 1 0
623.247 0 1 1 1 1 1 0 1 1 0
629.185 0 1 0 0 1 2 0 1 1 0
640.145 0 1 1 1 1 1 0 1 1 0
652.583 0 1 1 1 0 0 1 1 1 0
657.007 0 0 1 1 0 0 0 1 2 0
843.71 0 1 1 1 1 0 0 0 2 0
843.805 1 2 1 1 0 0 0 0 2 0
894.937 1 2 0 0 0 1 0 0 2 0
922.241 1 2 1 1 0 0 0 0 2 0
931.921 1 2 0 0 0 1 0 0 2 0
937.822 0 1 0 0 1 1 0 0 2 0
958.42 0 0 0 0 0 1 0 1 2 0
968.62 0 1 0 0 0 1 1 1 1 0
991.545 0 1 0 0 1 2 0 1 1 0
1010.67 0 1 1 1 1 1 0 1 1 0
1036.83 0 2 1 1 2 1 0 0 1 0
1048.84 1 3 1 1 1 1 0 0 1 0
1048.91 2 4 1 1 0 1 0 0 1 0
1055.17 1 3 1 1 1 1 0 0 1 0
1055.63 1 2 1 1 0 1 0 1 1 0
1060.47 0 1 1 1 1 1 0 1 1 0
1099.78 0 1 2 2 1 0 0 1 1 0
1111.88 0 1 1 1 1 1 0 1 1 0
1123.16 0 2 1 1 2 1 0 0 1 0
1135.51 0 1 1 1 1 1 0 1 1 0
1137.39 0 1 1 1 0 0 1 1 1 0
1167.05 0 0 1 1 0 0 0 1 2 0
1216.1 0 0 0 0 0 1 0 1 2 0
1218.51 0 1 0 0 1 1 0 0 2 0
1221.27 0 0 0 0 0 1 0 1 2 0
1242.76 0 0 0 0 0 0 0 0 2 1
1380.74 0 0 0 0 0 1 0 1 2 0
1382.47 0 0 0 0 0 0 0 0 2 1
1410.51 0 0 0 0 0 1 0 1 2 0
1431.63 0 1 0 0 1 1 0 0 2 0
1489.84 1 2 0 0 0 1 0 0 2 0
1509.1 0 1 0 0 1 1 0 0 2 0
1552.37 0 1 0 0 0 0 1 0 2 0
1599.44 0 1 0 0 1 1 0 0 2 0
1657.65 0 1 1 1 1 0 0 0 2 0
1659.06 0 2 1 1 1 0 1 0 1 0
1699.5 0 1 1 1 0 0 1 1 1 0
1740.87 0 1 1 1 1 1 0 1 1 0
1749 0 0 1 1 0 1 0 2 1 0
1768.25 0 0 2 2 0 0 0 2 1 0
1786.25 0 1 2 2 1 0 0 1 1 0
1794.87 1 2 2 2 0 0 0 1 1 0
1797.09 1 2 1 1 0 1 0 1 1 0
1804.48 1 2 1 1 0 0 0 0 1 1
1864.17 0 1 1 1 1 0 0 0 1 1
1898.57 0 0 1 1 0 0 0 1 1 1
1911.35 0 0 1 1 0 1 0 2 1 0
1930.14 0 1 1 1 1 1 0 1 1 0
1930.93 0 2 1 1 2 1 0 0 1 0
1938.06 0 2 0 0 2 2 0 0 1 0
1939.38 0 1 0 0 1 2 0 1 1 0
1982.46 0 2 0 0 2 2 0 0 1 0
1983.85 0 1 0 0 1 2 0 1 1 0
1992.91 1 2 0 0 0 2 0 1 1 0
2002.27 1 3 0 0 1 2 0 0 1 0
2002.83 0 2 0 0 2 2 0 0 1 0
2004.37 1 3 0 0 1 2 0 0 1 0
2010.46 2 4 0 0 0 2 0 0 1 0
2048.28 1 3 0 0 1 2 0 0 1 0
2061.74 0 2 0 0 2 2 0 0 1 0
2066.87 1 3 0 0 1 2 0 0 1 0
2077.34 1 3 0 0 0 1 1 0 1 0
2095.73 1 3 1 1 0 0 1 0 1 0
2133.64 0 2 1 1 1 0 1 0 1 0
2138.27 1 3 1 1 0 0 1 0 1 0
2156.7 1 2 1 1 0 0 0 0 2 0
2249.79 0 1 1 1 1 0 0 0 2 0
2264.89 0 2 1 1 1 0 1 0 1 0
2270.12 0 2 0 0 1 1 1 0 1 0
2282.69 0 1 0 0 0 1 1 1 1 0
2283.23 0 1 0 0 0 0 1 0 1 1
2324.86 0 1 0 0 0 1 1 1 1 0
2327.04 0 2 0 0 1 1 1 0 1 0
2335.72 0 2 0 0 2 2 0 0 1 0
2349.69 0 2 1 1 2 1 0 0 1 0
2369.56 1 3 1 1 1 1 0 0 1 0
2381.19 1 2 1 1 0 1 0 1 1 0
2434.31 1 2 2 2 0 0 0 1 1 0
2453.57 0 1 2 2 1 0 0 1 1 0
2498.6 0 1 1 1 1 1 0 1 1 0
2501.17 0 1 1 1 1 0 0 0 1 1
2507.15 0 1 1 1 1 1 0 1 1 0
2510.47 0 1 1 1 1 0 0 0 1 1
2511.47 1 2 1 1 0 0 0 0 1 1
2532.96 0 1 1 1 1 0 0 0 1 1
2535.52 1 2 1 1 0 0 0 0 1 1
2541.84 0 1 1 1 1 0 0 0 1 1
2569.62 0 1 1 1 1 1 0 1 1 0
2595.73 0 2 1 1 1 1 1 1 0 0
2599.66 0 1 1 1 0 1 1 2 0 0
2604.94 0 2 1 1 1 1 1 1 0 0
2621.1 0 2 1 1 0 0 2 1 0 0
2636.76 0 1 1 1 0 0 1 1 1 0
2642 0 2 1 1 1 0 1 0 1 0
2653.11 1 3 1 1 0 0 1 0 1 0
2654.83 0 2 1 1 1 0 1 0 1 0
2673.91 1 3 1 1 0 0 1 0 1 0
2693.02 0 2 1 1 1 0 1 0 1 0
2751.53 0 1 1 1 1 0 0 0 2 0
2762.65 1 2 1 1 0 0 0 0 2 0
2778.24 0 1 1 1 1 0 0 0 2 0
2779.92 1 2 1 1 0 0 0 0 2 0
2788.22 0 1 1 1 1 0 0 0 2 0
2833.57 0 1 0 0 1 1 0 0 2 0
2898.23 0 1 1 1 1 0 0 0 2 0
2923.07 1 2 1 1 0 0 0 0 2 0
2932.84 1 2 0 0 0 1 0 0 2 0
2936.41 0 1 0 0 1 1 0 0 2 0
2936.41 0 1 0 0 1 1 0 0 2 0
