0 3 6 3 3 0 0 0 0 0 0
0.460754 2 5 3 3 1 0 0 0 0 0
4.22141 1 4 3 3 2 0 0 0 0 0
6.29724 1 3 3 3 1 0 0 1 0 0
13.3992 1 3 2 2 1 1 0 1 0 0
14.1038 1 2 2 2 0 1 0 2 0 0
22.4736 1 2 3 3 0 0 0 2 0 0
25.902 1 2 2 2 0 1 0 2 0 0
37.5391 0 1 2 2 1 1 0 2 0 0
38.9701 1 2 2 2 0 1 0 2 0 0
79.814 1 3 2 2 1 1 0 1 0 0
88.3914 1 3 1 1 1 2 0 1 0 0
96.8572 1 4 1 1 2 2 0 0 0 0
104.468 0 3 1 1 3 2 0 0 0 0
120.238 0 2 1 1 2 2 0 1 0 0
120.773 0 2 1 1 2 1 0 0 0 1
122.225 0 2 2 2 2 0 0 0 0 1
128.322 0 1 2 2 1 0 0 1 0 1
130.367 0 1 1 1 1 1 0 1 0 1
159.28 0 0 1 1 0 1 0 2 0 1
164.311 0 0 0 0 0 2 0 2 0 1
167.135 0 0 0 0 0 1 0 1 0 2
172.179 0 0 0 0 0 2 0 2 0 1
183.083 0 0 0 0 0 1 0 1 0 2
193.672 0 0 1 1 0 0 0 1 0 2
198.709 0 0 1 1 0 1 0 2 0 1
223.291 0 0 1 1 0 0 0 1 0 2
228.321 0 0 1 1 0 1 0 2 0 1
266.239 0 0 0 0 0 2 0 2 0 1
272.869 0 0 0 0 0 1 0 1 0 2
290.388 0 0 0 0 0 2 0 2 0 1
296.206 0 0 0 0 0 1 0 1 0 2
315.638 0 0 1 1 0 0 0 1 0 2
326.735 0 1 1 1 1 0 0 0 0 2
343.42 0 1 1 1 1 1 0 1 0 1
353.441 0 1 1 1 0 0 1 1 0 1
360.25 0 0 1 1 0 0 0 1 1 1
397.091 0 1 1 1 1 0 0 0 1 1
402.409 0 1 1 1 1 1 0 1 1 0
408.622 0 1 1 1 1 0 0 0 1 1
472.82 1 2 1 1 0 0 0 0 1 1
473.404 0 1 1 1 1 0 0 0 1 1
483.139 0 1 1 1 1 1 0 1 1 0
485.674 0 1 2 2 1 0 0 1 1 0
487.814 0 1 1 1 1 1 0 1 1 0
489.582 0 0 1 1 0 1 0 2 1 0
490.026 0 0 2 2 0 0 0 2 1 0
502.36 0 0 1 1 0 1 0 2 1 0
509.763 0 0 1 1 0 0 0 1 1 1
527.999 0 0 0 0 0 1 0 1 1 1
530.819 0 0 0 0 0 0 0 0 1 2
595.671 0 0 0 0 0 1 0 1 1 1
626.691 0 1 0 0 1 1 0 0 1 1
658.821 0 1 0 0 0 0 1 0 1 1
713.152 0 1 0 0 0 1 1 1 1 0
734.997 0 1 0 0 0 0 1 0 1 1
779.47 0 1 0 0 1 1 0 0 1 1
789.67 0 1 0 0 1 2 0 1 1 0
809.088 0 1 0 0 1 1 0 0 1 1
815.658 0 1 0 0 0 0 1 0 1 1
820.645 0 1 0 0 0 1 1 1 1 0
848.093 0 2 0 0 1 1 1 0 1 0
879.658 0 2 1 1 1 0 1 0 1 0
906.593 1 3 1 1 0 0 1 0 1 0
949.272 1 2 1 1 0 0 0 0 2 0
954.091 1 3 1 1 0 0 1 0 1 0
957.499 0 2 1 1 1 0 1 0 1 0
965.101 0 1 1 1 1 0 0 0 2 0
981.772 1 2 1 1 0 0 0 0 2 0
1047.56 1 2 0 0 0 1 0 0 2 0
1063.98 1 2 1 1 0 0 0 0 2 0
1147.1 0 1 1 1 1 0 0 0 2 0
1212.25 1 2 1 1 0 0 0 0 2 0
1212.59 0 1 1 1 1 0 0 0 2 0
1266.14 1 2 1 1 0 0 0 0 2 0
1303.65 0 1 1 1 1 0 0 0 2 0
1340.03 1 2 1 1 0 0 0 0 2 0
1343.86 0 1 1 1 1 0 0 0 2 0
1353.66 0 1 0 0 1 1 0 0 2 0
1387.63 0 1 1 1 1 0 0 0 2 0
1390.24 0 1 0 0 1 1 0 0 2 0
1395.59 1 2 0 0 0 1 0 0 2 0
1460.22 0 1 0 0 1 1 0 0 2 0
1463.44 0 1 1 1 1 0 0 0 2 0
1501.56 0 1 0 0 1 1 0 0 2 0
1512.74 0 1 1 1 1 0 0 0 2 0
1520.08 1 2 1 1 0 0 0 0 2 0
1520.58 1 2 0 0 0 1 0 0 2 0
1548.48 1 3 0 0 0 1 1 0 1 0
1574.42 1 2 0 0 0 1 0 0 2 0
1591.19 1 2 1 1 0 0 0 0 2 0
1603.79 1 3 1 1 0 0 1 0 1 0
1617.72 1 2 1 1 0 0 0 0 2 0
1656.77 0 1 1 1 1 0 0 0 2 0
1663.63 1 2 1 1 0 0 0 0 2 0
2012.16 1 2 0 0 0 1 0 0 2 0
2020.55 1 2 1 1 0 0 0 0 2 0
2054.82 0 1 1 1 1 0 0 0 2 0
2095.29 0 0 1 1 0 0 0 1 2 0
2104.35 0 1 1 1 1 0 0 0 2 0
2128.97 1 2 1 1 0 0 0 0 2 0
2158.26 0 1 1 1 1 0 0 0 2 0
2196.04 1 2 1 1 0 0 0 0 2 0
2286.98 1 2 0 0 0 1 0 0 2 0
2318.59 0 1 0 0 1 1 0 0 2 0
2335.47 0 0 0 0 0 1 0 1 2 0
2483.69 0 0 0 0 0 0 0 0 2 1
2622.65 0 0 0 0 0 1 0 1 2 0
2625.57 0 0 1 1 0 0 0 1 2 0
2648.65 0 1 1 1 1 0 0 0 2 0
2693.44 1 2 1 1 0 0 0 0 2 0
2729.53 0 1 1 1 1 0 0 0 2 0
2751.83 1 2 1 1 0 0 0 0 2 0
2851.77 1 2 0 0 0 1 0 0 2 0
2914.2 1 2 1 1 0 0 0 0 2 0
2969.47 1 2 0 0 0 1 0 0 2 0
2969.47 1 2 0 0 0 1 0 0 2 0
