0 3 6 3 3 0 0 0 0 0 0
2.35842 2 5 3 3 1 0 0 0 0 0
6.58282 2 5 2 2 1 1 0 0 0 0
8.96944 1 4 2 2 2 1 0 0 0 0
11.4192 2 5 2 2 1 1 0 0 0 0
13.8465 2 5 1 1 1 2 0 0 0 0
40.2273 3 6 1 1 0 2 0 0 0 0
44.3624 2 5 1 1 1 2 0 0 0 0
50.0289 1 4 1 1 2 2 0 0 0 0
64.9234 2 5 1 1 1 2 0 0 0 0
68.9062 2 5 2 2 1 1 0 0 0 0
73.2542 2 4 2 2 0 1 0 1 0 0
101.826 2 4 1 1 0 2 0 1 0 0
106.163 1 3 1 1 1 2 0 1 0 0
120.186 1 3 1 1 0 1 1 1 0 0
123.69 1 2 1 1 0 1 0 1 1 0
134.641 1 2 0 0 0 2 0 1 1 0
169.696 0 1 0 0 1 2 0 1 1 0
172.413 0 1 1 1 1 1 0 1 1 0
191.183 1 2 1 1 0 1 0 1 1 0
197.51 1 3 1 1 1 1 0 0 1 0
228.098 2 4 1 1 0 1 0 0 1 0
230.288 1 3 1 1 1 1 0 0 1 0
253.941 0 2 1 1 2 1 0 0 1 0
286.603 0 1 1 1 1 1 0 1 1 0
322.224 1 2 1 1 0 1 0 1 1 0
360.136 1 2 1 1 0 0 0 0 1 1
396.772 0 1 1 1 1 0 0 0 1 1
434.437 0 1 1 1 1 1 0 1 1 0
452.379 0 1 1 1 1 0 0 0 1 1
485.986 0 1 0 0 1 1 0 0 1 1
486.732 0 1 0 0 1 2 0 1 1 0
496.751 0 1 0 0 0 1 1 1 1 0
500.985 0 1 0 0 0 0 1 0 1 1
504.075 0 0 0 0 0 0 0 0 2 1
525.848 0 0 0 0 0 1 0 1 2 0
607.138 0 1 0 0 1 1 0 0 2 0
628.421 0 1 1 1 1 0 0 0 2 0
653.865 1 2 1 1 0 0 0 0 2 0
717.715 0 1 1 1 1 0 0 0 2 0
724.323 0 0 1 1 0 0 0 1 2 0
883.281 0 1 1 1 1 0 0 0 2 0
885.668 0 0 1 1 0 0 0 1 2 0
983.751 0 0 0 0 0 1 0 1 2 0
1040.86 0 0 1 1 0 0 0 1 2 0
1084.98 0 1 1 1 0 0 1 1 1 0
1104.64 0 0 1 1 0 0 0 1 2 0
1181.63 0 0 0 0 0 1 0 1 2 0
1206.52 0 0 0 0 0 0 0 0 2 1
1293.57 0 0 0 0 0 1 0 1 2 0
1343.88 0 0 0 0 0 0 0 0 2 1
1490.23 0 0 0 0 0 1 0 1 2 0
1496.28 0 0 1 1 0 0 0 1 2 0
1550.41 0 0 0 0 0 1 0 1 2 0
1630.67 0 1 0 0 0 1 1 1 1 0
1637.89 0 2 0 0 1 1 1 0 1 0
1638.48 0 2 1 1 1 0 1 0 1 0
1640.15 1 3 1 1 0 0 1 0 1 0
1672.18 0 2 1 1 1 0 1 0 1 0
1672.4 0 1 1 1 0 0 1 1 1 0
1691.1 0 0 1 1 0 0 0 1 2 0
1699.99 0 0 0 0 0 1 0 1 2 0
1705.19 0 0 0 0 0 0 0 0 2 1
1821.95 0 0 0 0 0 1 0 1 2 0
1878.65 0 0 1 1 0 0 0 1 2 0
1886.49 0 1 1 1 1 0 0 0 2 0
1905.51 0 1 0 0 1 1 0 0 2 0
1907.26 1 2 0 0 0 1 0 0 2 0
1932.33 0 1 0 0 1 1 0 0 2 0
1941.97 1 2 0 0 0 1 0 0 2 0
1944.32 0 1 0 0 1 1 0 0 2 0
1955.87 0 1 1 1 1 0 0 0 2 0
1993.6 1 2 1 1 0 0 0 0 2 0
2003.63 0 1 1 1 1 0 0 0 2 0
2017.58 1 2 1 1 0 0 0 0 2 0
2024.13 0 1 1 1 1 0 0 0 2 0
2067.86 1 2 1 1 0 0 0 0 2 0
2109.78 0 1 1 1 1 0 0 0 2 0
2115.13 1 2 1 1 0 0 0 0 2 0
2143.57 0 1 1 1 1 0 0 0 2 0
2220.24 0 0 1 1 0 0 0 1 2 0
2249.71 0 1 1 1 1 0 0 0 2 0
2277.37 1 2 1 1 0 0 0 0 2 0
2527.39 1 2 0 0 0 1 0 0 2 0
2534.25 1 2 1 1 0 0 0 0 2 0
2552.7 1 2 0 0 0 1 0 0 2 0
2639.33 0 1 0 0 1 1 0 0 2 0
2647.87 1 2 0 0 0 1 0 0 2 0
2656.05 0 1 0 0 1 1 0 0 2 0
2659.28 1 2 0 0 0 1 0 0 2 0
2713.03 1 2 1 1 0 0 0 0 2 0
2730.03 0 1 1 1 1 0 0 0 2 0
2753.5 0 1 0 0 1 1 0 0 2 0
2764.75 0 0 0 0 0 1 0 1 2 0
2781.91 0 0 0 0 0 0 0 0 2 1
2852.53 0 0 0 0 0 1 0 1 2 0
2875.57 0 1 0 0 1 1 0 0 2 0
2902.63 0 1 1 1 1 0 0 0 2 0
2923.25 0 0 1 1 0 0 0 1 2 0
2927.86 0 0 0 0 0 1 0 1 2 0
2927.86 0 0 0 0 0 1 0 1 2 0
