0 3 6 3 3 0 0 0 0 0 0
1.95733 3 6 2 2 0 1 0 0 0 0
3.99979 3 6 1 1 0 2 0 0 0 0
16.0167 2 5 1 1 1 2 0 0 0 0
16.738 1 4 1 1 2 2 0 0 0 0
17.9031 2 5 1 1 1 2 0 0 0 0
18.5372 2 4 1 1 0 2 0 1 0 0
40.8646 2 4 1 1 0 1 0 0 0 1
44.7687 1 3 1 1 1 1 0 0 0 1
55.1524 0 2 1 1 2 1 0 0 0 1
55.6021 1 3 1 1 1 1 0 0 0 1
62.1838 2 4 1 1 0 1 0 0 0 1
74.989 1 3 1 1 1 1 0 0 0 1
88.043 1 3 1 1 0 0 1 0 0 1
95.6936 1 3 1 1 0 1 1 1 0 0
96.9658 0 2 1 1 1 1 1 1 0 0
106.299 1 3 1 1 0 1 1 1 0 0
131.938 0 2 1 1 1 1 1 1 0 0
140.513 0 1 1 1 1 1 0 1 1 0
141.593 0 1 1 1 1 0 0 0 1 1
168.119 0 1 1 1 1 1 0 1 1 0
190.545 0 1 1 1 0 0 1 1 1 0
217.613 0 0 1 1 0 0 0 1 2 0
219.613 0 0 0 0 0 1 0 1 2 0
235.677 0 0 1 1 0 0 0 1 2 0
319.529 0 1 1 1 1 0 0 0 2 0
325.595 1 2 1 1 0 0 0 0 2 0
368.057 0 1 1 1 1 0 0 0 2 0
372.893 1 2 1 1 0 0 0 0 2 0
403.468 0 1 1 1 1 0 0 0 2 0
417.24 0 0 1 1 0 0 0 1 2 0
445.112 0 0 0 0 0 1 0 1 2 0
445.724 0 1 0 0 1 1 0 0 2 0
483.767 1 2 0 0 0 1 0 0 2 0
636.52 0 1 0 0 1 1 0 0 2 0
641.654 1 2 0 0 0 1 0 0 2 0
645.729 0 1 0 0 1 1 0 0 2 0
661.931 1 2 0 0 0 1 0 0 2 0
703.24 0 1 0 0 1 1 0 0 2 0
717.985 0 1 0 0 0 0 1 0 2 0
733.688 0 1 0 0 1 1 0 0 2 0
743.495 1 2 0 0 0 1 0 0 2 0
768.894 0 1 0 0 1 1 0 0 2 0
774.641 1 2 0 0 0 1 0 0 2 0
788.318 0 1 0 0 1 1 0 0 2 0
792.256 1 2 0 0 0 1 0 0 2 0
807.941 0 1 0 0 1 1 0 0 2 0
828.685 1 2 0 0 0 1 0 0 2 0
895.431 1 2 1 1 0 0 0 0 2 0
983.129 0 1 1 1 1 0 0 0 2 0
989.498 1 2 1 1 0 0 0 0 2 0
1014.15 1 2 0 0 0 1 0 0 2 0
1240.46 0 1 0 0 1 1 0 0 2 0
1298.77 1 2 0 0 0 1 0 0 2 0
1322.08 1 2 1 1 0 0 0 0 2 0
1357.47 0 1 1 1 1 0 0 0 2 0
1382.15 0 1 0 0 1 1 0 0 2 0
1450.38 0 2 0 0 1 1 1 0 1 0
1476.91 0 2 1 1 1 0 1 0 1 0
1492.41 1 3 1 1 0 0 1 0 1 0
1525.87 0 2 1 1 1 0 1 0 1 0
1548.2 1 3 1 1 0 0 1 0 1 0
1553.73 1 2 1 1 0 0 0 0 2 0
1581.2 1 2 0 0 0 1 0 0 2 0
1624.37 1 2 1 1 0 0 0 0 2 0
1695.74 0 1 1 1 1 0 0 0 2 0
1710 1 2 1 1 0 0 0 0 2 0
1714.55 0 1 1 1 1 0 0 0 2 0
1718.95 0 2 1 1 1 0 1 0 1 0
1785.16 0 1 1 1 0 0 1 1 1 0
1800.28 0 0 1 1 0 0 0 1 2 0
1808.5 0 0 0 0 0 1 0 1 2 0
1829.18 0 1 0 0 1 1 0 0 2 0
1888.29 1 2 0 0 0 1 0 0 2 0
1898.35 0 1 0 0 1 1 0 0 2 0
1907.72 0 1 1 1 1 0 0 0 2 0
1915.62 1 2 1 1 0 0 0 0 2 0
1925.26 0 1 1 1 1 0 0 0 2 0
1936.94 0 0 1 1 0 0 0 1 2 0
1981.94 0 0 0 0 0 1 0 1 2 0
2159.41 0 1 0 0 1 1 0 0 2 0
2196.09 1 2 0 0 0 1 0 0 2 0
2233.48 0 1 0 0 1 1 0 0 2 0
2266.85 0 0 0 0 0 1 0 1 2 0
2346.89 0 0 0 0 0 0 0 0 2 1
2368.7 0 0 0 0 0 1 0 1 2 0
2379.78 0 1 0 0 0 1 1 1 1 0
2383.3 0 1 0 0 0 0 1 0 1 1
2408.41 0 1 0 0 0 1 1 1 1 0
2465.89 0 1 0 0 0 0 1 0 1 1
2495.54 0 1 0 0 0 1 1 1 1 0
2530.78 0 1 0 0 0 0 1 0 1 1
2540.84 0 0 0 0 0 0 0 0 2 1
2560.91 0 0 0 0 0 1 0 1 2 0
2594.97 0 0 0 0 0 0 0 0 2 1
2643.42 0 0 0 0 0 1 0 1 2 0
2649.01 0 1 0 0 1 1 0 0 2 0
2715.42 0 0 0 0 0 1 0 1 2 0
2720.71 0 0 1 1 0 0 0 1 2 0
2751.91 0 0 0 0 0 1 0 1 2 0
2770.78 0 0 1 1 0 0 0 1 2 0
2783.96 0 0 0 0 0 1 0 1 2 0
2787.05 0 1 0 0 1 1 0 0 2 0
2794.98 1 2 0 0 0 1 0 0 2 0
2813.57 1 2 1 1 0 0 0 0 2 0
2823.67 0 1 1 1 1 0 0 0 2 0
2835.74 0 1 0 0 1 1 0 0 2 0
2859.71 1 2 0 0 0 1 0 0 2 0
2939.05 0 1 0 0 1 1 0 0 2 0
2941.42 1 2 0 0 0 1 0 0 2 0
2986.5 0 1 0 0 1 1 0 0 2 0
2986.5 0 1 0 0 1 1 0 0 2 0
