0 3 6 3 3 0 0 0 0 0 0
8.45964 2 5 3 3 1 0 0 0 0 0
10.5131 1 4 3 3 2 0 0 0 0 0
11.6645 0 3 3 3 3 0 0 0 0 0
21.388 0 3 2 2 3 1 0 0 0 0
31.5829 0 2 2 2 2 1 0 1 0 0
33.9429 0 3 2 2 3 1 0 0 0 0
44.8118 0 2 2 2 2 1 0 1 0 0
48.5523 0 3 2 2 3 1 0 0 0 0
49.6088 1 4 2 2 2 1 0 0 0 0
52.9039 1 3 2 2 1 1 0 1 0 0
76.6401 1 3 3 3 1 0 0 1 0 0
79.0835 1 3 2 2 1 1 0 1 0 0
79.6173 2 4 2 2 0 1 0 1 0 0
79.6185 2 4 1 1 0 2 0 1 0 0
107.779 1 3 1 1 1 2 0 1 0 0
110.163 1 3 0 0 1 3 0 1 0 0
114.826 1 2 0 0 0 3 0 2 0 0
119.541 1 2 0 0 0 2 0 1 0 1
129.989 1 3 0 0 1 2 0 0 0 1
137.715 2 4 0 0 0 2 0 0 0 1
151.531 1 3 0 0 1 2 0 0 0 1
155.974 1 2 0 0 0 2 0 1 0 1
166.02 1 2 0 0 0 1 0 0 0 2
184.084 1 2 1 1 0 0 0 0 0 2
263.113 1 2 1 1 0 1 0 1 0 1
264.279 0 1 1 1 1 1 0 1 0 1
265.93 0 1 2 2 1 0 0 1 0 1
277.782 0 2 2 2 2 0 0 0 0 1
286.53 0 1 2 2 1 0 0 1 0 1
296.81 0 0 2 2 0 0 0 2 0 1
310.857 0 0 1 1 0 1 0 2 0 1
316.926 0 0 1 1 0 2 0 3 0 0
321.678 0 0 1 1 0 1 0 2 0 1
340.915 0 0 1 1 0 0 0 1 0 2
393.855 0 0 1 1 0 1 0 2 0 1
397.471 0 0 2 2 0 0 0 2 0 1
398.216 0 0 1 1 0 1 0 2 0 1
400.666 0 0 2 2 0 0 0 2 0 1
406.698 0 0 1 1 0 1 0 2 0 1
410.175 0 1 1 1 1 1 0 1 0 1
427.518 0 2 1 1 2 1 0 0 0 1
429.759 0 2 1 1 1 0 1 0 0 1
443.109 0 1 1 1 1 0 0 0 1 1
443.893 0 1 1 1 1 1 0 1 1 0
452.024 0 1 1 1 1 0 0 0 1 1
483.239 0 1 0 0 1 1 0 0 1 1
492.217 0 1 0 0 1 2 0 1 1 0
492.522 0 1 0 0 1 1 0 0 1 1
520.342 1 2 0 0 0 1 0 0 1 1
547.008 0 1 0 0 1 1 0 0 1 1
607.57 0 0 0 0 0 1 0 1 1 1
615.721 0 0 0 0 0 2 0 2 1 0
623.122 0 0 1 1 0 1 0 2 1 0
638.98 0 0 1 1 0 0 0 1 1 1
643.736 0 1 1 1 1 0 0 0 1 1
724.394 0 1 0 0 1 1 0 0 1 1
829.796 0 1 0 0 1 2 0 1 1 0
846.285 0 1 0 0 1 1 0 0 1 1
932.533 0 0 0 0 0 1 0 1 1 1
977.068 0 1 0 0 1 1 0 0 1 1
984.992 1 2 0 0 0 1 0 0 1 1
998.141 0 1 0 0 1 1 0 0 1 1
1018.27 0 1 1 1 1 0 0 0 1 1
1031.76 1 2 1 1 0 0 0 0 1 1
1035.33 1 2 1 1 0 1 0 1 1 0
1037.38 1 3 1 1 1 1 0 0 1 0
1064.93 1 2 1 1 0 1 0 1 1 0
1066.76 1 2 2 2 0 0 0 1 1 0
1093.82 1 2 1 1 0 1 0 1 1 0
1163.38 0 1 1 1 1 1 0 1 1 0
1170.33 0 1 0 0 1 2 0 1 1 0
1189.14 1 2 0 0 0 2 0 1 1 0
1191.49 1 2 0 0 0 1 0 0 1 1
1281.09 1 2 0 0 0 2 0 1 1 0
1286.44 0 1 0 0 1 2 0 1 1 0
1295.42 0 1 0 0 1 1 0 0 1 1
1303.72 0 1 0 0 0 0 1 0 1 1
1318.99 0 1 0 0 0 1 1 1 1 0
1328.1 0 1 0 0 0 0 1 0 1 1
1351.07 0 1 0 0 0 1 1 1 1 0
1404.58 0 1 1 1 0 0 1 1 1 0
1427.61 0 1 0 0 0 1 1 1 1 0
1487.19 0 1 1 1 0 0 1 1 1 0
1487.96 0 0 1 1 0 0 0 1 2 0
1499.57 0 0 0 0 0 1 0 1 2 0
1531.19 0 0 1 1 0 0 0 1 2 0
1676.68 0 1 1 1 1 0 0 0 2 0
1744.83 1 2 1 1 0 0 0 0 2 0
1818.57 0 1 1 1 1 0 0 0 2 0
1823.5 1 2 1 1 0 0 0 0 2 0
1867.42 0 1 1 1 1 0 0 0 2 0
1900.11 0 1 0 0 1 1 0 0 2 0
1919.29 0 1 0 0 0 0 1 0 2 0
2368.32 0 0 0 0 0 0 0 0 3 0
2368.32 0 0 0 0 0 0 0 0 3 0
