0 3 6 3 3 0 0 0 0 0 0
9.22645 3 6 2 2 0 1 0 0 0 0
18.7483 2 5 2 2 1 1 0 0 0 0
30.2013 1 4 2 2 2 1 0 0 0 0
39.8504 2 5 2 2 1 1 0 0 0 0
45.0976 2 5 1 1 1 2 0 0 0 0
51.3182 2 5 0 0 1 3 0 0 0 0
56.6525 1 4 0 0 2 3 0 0 0 0
61.0682 1 4 0 0 1 2 1 0 0 0
71.1445 1 3 0 0 1 2 0 0 1 0
87.5417 2 4 0 0 0 2 0 0 1 0
87.9422 1 3 0 0 1 2 0 0 1 0
111.783 0 2 0 0 2 2 0 0 1 0
114.816 0 1 0 0 1 2 0 1 1 0
120.334 1 2 0 0 0 2 0 1 1 0
168.149 0 1 0 0 1 2 0 1 1 0
192.19 0 0 0 0 0 2 0 2 1 0
274.804 0 0 0 0 0 1 0 1 1 1
279.788 0 0 0 0 0 0 0 0 1 2
301.868 0 0 0 0 0 1 0 1 1 1
304.986 0 0 0 0 0 2 0 2 1 0
313.901 0 0 0 0 0 1 0 1 1 1
334.836 0 0 0 0 0 2 0 2 1 0
341.904 0 1 0 0 1 2 0 1 1 0
358.75 0 2 0 0 2 2 0 0 1 0
372.89 1 3 0 0 1 2 0 0 1 0
377.568 0 2 0 0 2 2 0 0 1 0
378.594 1 3 0 0 1 2 0 0 1 0
391.97 2 4 0 0 0 2 0 0 1 0
435.01 2 4 1 1 0 1 0 0 1 0
453.154 1 3 1 1 1 1 0 0 1 0
476.736 1 3 1 1 0 0 1 0 1 0
495.765 0 2 1 1 1 0 1 0 1 0
500.409 0 1 1 1 1 0 0 0 2 0
536.448 0 0 1 1 0 0 0 1 2 0
628.713 0 0 0 0 0 1 0 1 2 0
678.111 0 1 0 0 1 1 0 0 2 0
698.118 1 2 0 0 0 1 0 0 2 0
711.282 0 1 0 0 1 1 0 0 2 0
722.362 0 1 0 0 0 0 1 0 2 0
724.413 0 1 0 0 1 1 0 0 2 0
741.252 1 2 0 0 0 1 0 0 2 0
856.3 0 1 0 0 1 1 0 0 2 0
877.98 1 2 0 0 0 1 0 0 2 0
1021.59 0 1 0 0 1 1 0 0 2 0
1048.99 0 0 0 0 0 1 0 1 2 0
1070.91 0 0 1 1 0 0 0 1 2 0
1090.53 0 1 1 1 1 0 0 0 2 0
1104.35 1 2 1 1 0 0 0 0 2 0
1206.57 1 2 0 0 0 1 0 0 2 0
1216.53 0 1 0 0 1 1 0 0 2 0
1268.17 0 1 0 0 0 0 1 0 2 0
1502.6 0 0 0 0 0 0 0 0 3 0
1697.11 0 1 0 0 0 0 1 0 2 0
1732.01 0 0 0 0 0 0 0 0 3 0
1942.35 0 1 0 0 0 0 1 0 2 0
2034.49 0 0 0 0 0 0 0 0 3 0
2034.49 0 0 0 0 0 0 0 0 3 0
