0 3 6 3 3 0 0 0 0 0 0
7.16737 2 5 3 3 1 0 0 0 0 0
10.7904 2 5 2 2 1 1 0 0 0 0
15.2421 3 6 2 2 0 1 0 0 0 0
18.0309 2 5 2 2 1 1 0 0 0 0
23.6704 2 5 1 1 1 2 0 0 0 0
26.4775 2 5 2 2 1 1 0 0 0 0
32.7724 2 4 2 2 0 1 0 1 0 0
42.1151 2 4 1 1 0 2 0 1 0 0
56.3637 1 3 1 1 1 2 0 1 0 0
63.2252 0 2 1 1 2 2 0 1 0 0
78.5969 1 3 1 1 1 2 0 1 0 0
79.9323 1 3 2 2 1 1 0 1 0 0
85.6885 1 3 1 1 1 2 0 1 0 0
86.0541 1 3 0 0 1 3 0 1 0 0
90.7076 1 3 1 1 1 2 0 1 0 0
91.0055 2 4 1 1 0 2 0 1 0 0
118.828 1 3 1 1 1 2 0 1 0 0
133.053 1 3 1 1 1 1 0 0 0 1
144.603 1 3 2 2 1 0 0 0 0 1
145.09 2 4 2 2 0 0 0 0 0 1
156.007 2 4 1 1 0 1 0 0 0 1
159.908 2 4 0 0 0 2 0 0 0 1
173.335 1 3 0 0 1 2 0 0 0 1
187.393 1 2 0 0 0 2 0 1 0 1
222.195 1 3 0 0 1 2 0 0 0 1
227.447 1 3 0 0 0 1 1 0 0 1
247.208 1 2 0 0 0 1 0 0 1 1
324.098 1 2 0 0 0 2 0 1 1 0
331.418 0 1 0 0 1 2 0 1 1 0
331.539 0 0 0 0 0 2 0 2 1 0
334.93 0 1 0 0 1 2 0 1 1 0
335.145 0 1 1 1 1 1 0 1 1 0
348.616 0 1 1 1 0 0 1 1 1 0
382.608 0 2 1 1 1 0 1 0 1 0
383.12 0 1 1 1 1 0 0 0 2 0
404.978 0 0 1 1 0 0 0 1 2 0
409.403 0 0 0 0 0 1 0 1 2 0
410.162 0 0 0 0 0 0 0 0 2 1
507.565 0 0 0 0 0 1 0 1 2 0
518.125 0 0 1 1 0 0 0 1 2 0
523.978 0 0 0 0 0 1 0 1 2 0
546.111 0 0 0 0 0 0 0 0 2 1
562.67 0 0 0 0 0 1 0 1 2 0
566.023 0 0 1 1 0 0 0 1 2 0
590.182 0 1 1 1 1 0 0 0 2 0
602.245 1 2 1 1 0 0 0 0 2 0
608.626 1 2 0 0 0 1 0 0 2 0
658.667 0 1 0 0 1 1 0 0 2 0
663.658 1 2 0 0 0 1 0 0 2 0
795.805 1 2 1 1 0 0 0 0 2 0
941.984 0 1 1 1 1 0 0 0 2 0
1014.03 1 2 1 1 0 0 0 0 2 0
1027.86 0 1 1 1 1 0 0 0 2 0
1076.83 0 2 1 1 1 0 1 0 1 0
1098.03 0 2 1 1 2 1 0 0 1 0
1109.81 0 2 1 1 1 0 1 0 1 0
1129.7 1 3 1 1 0 0 1 0 1 0
1148.13 0 2 1 1 1 0 1 0 1 0
1158.48 0 1 1 1 1 0 0 0 2 0
1175.06 0 1 0 0 1 1 0 0 2 0
1217 0 0 0 0 0 1 0 1 2 0
1232.97 0 0 0 0 0 0 0 0 2 1
1240.34 0 0 0 0 0 1 0 1 2 0
1283.01 0 1 0 0 1 1 0 0 2 0
1292.43 1 2 0 0 0 1 0 0 2 0
1321.52 1 2 1 1 0 0 0 0 2 0
1325.05 0 1 1 1 1 0 0 0 2 0
1336.47 1 2 1 1 0 0 0 0 2 0
1353.57 1 2 0 0 0 1 0 0 2 0
1372.88 1 3 0 0 0 1 1 0 1 0
1375.85 1 3 0 0 1 2 0 0 1 0
1395.77 0 2 0 0 2 2 0 0 1 0
1396.79 1 3 0 0 1 2 0 0 1 0
1411.25 1 2 0 0 0 2 0 1 1 0
1415.11 1 3 0 0 1 2 0 0 1 0
1419.84 1 4 0 0 1 2 1 0 0 0
1436.56 1 3 0 0 1 2 0 0 1 0
1470.3 0 2 0 0 2 2 0 0 1 0
1481.41 0 1 0 0 1 2 0 1 1 0
1485.44 0 1 0 0 0 1 1 1 1 0
1492.27 0 1 0 0 0 0 1 0 1 1
1505.38 0 1 0 0 0 1 1 1 1 0
1509.97 0 1 0 0 0 0 1 0 1 1
1551.54 0 1 0 0 0 1 1 1 1 0
1585.8 0 0 0 0 0 1 0 1 2 0
1613.36 0 0 0 0 0 0 0 0 2 1
1614.47 0 0 0 0 0 1 0 1 2 0
1661.66 0 1 0 0 1 1 0 0 2 0
1701.58 1 2 0 0 0 1 0 0 2 0
1749.33 0 1 0 0 1 1 0 0 2 0
1769.9 0 2 0 0 1 1 1 0 1 0
1839.33 1 3 0 0 0 1 1 0 1 0
1859.73 0 2 0 0 1 1 1 0 1 0
1868.93 1 3 0 0 0 1 1 0 1 0
1883.05 0 2 0 0 1 1 1 0 1 0
1890.12 0 1 0 0 1 1 0 0 2 0
1906.22 1 2 0 0 0 1 0 0 2 0
1908.81 0 1 0 0 1 1 0 0 2 0
1915.46 0 0 0 0 0 1 0 1 2 0
1919.63 0 0 0 0 0 0 0 0 2 1
2005.94 0 0 0 0 0 1 0 1 2 0
2070.31 0 0 0 0 0 0 0 0 2 1
2259.33 0 0 0 0 0 1 0 1 2 0
2329.77 0 0 0 0 0 0 0 0 2 1
2506.08 0 0 0 0 0 1 0 1 2 0
2555.28 0 0 1 1 0 0 0 1 2 0
2595.51 0 0 0 0 0 1 0 1 2 0
2699.92 0 1 0 0 1 1 0 0 2 0
2725.3 1 2 0 0 0 1 0 0 2 0
2759.94 1 2 1 1 0 0 0 0 2 0
2764.14 0 1 1 1 1 0 0 0 2 0
2851.36 1 2 1 1 0 0 0 0 2 0
2887.05 1 3 1 1 0 0 1 0 1 0
2890.85 0 2 1 1 1 0 1 0 1 0
2911.85 1 3 1 1 0 0 1 0 1 0
2935.37 1 2 1 1 0 0 0 0 2 0
2935.37 1 2 1 1 0 0 0 0 2 0
