0 3 6 3 3 0 0 0 0 0 0
4.5069 3 6 2 2 0 1 0 0 0 0
6.62689 3 6 1 1 0 2 0 0 0 0
8.3311 2 5 1 1 1 2 0 0 0 0
21.4871 1 4 1 1 2 2 0 0 0 0
23.3322 1 3 1 1 1 2 0 1 0 0
25.4508 2 4 1 1 0 2 0 1 0 0
39.0302 1 3 1 1 1 2 0 1 0 0
41.3448 0 2 1 1 2 2 0 1 0 0
63.7157 0 2 1 1 1 1 1 1 0 0
77.313 0 2 1 1 0 0 2 1 0 0
116.805 0 3 1 1 1 0 2 0 0 0
117.284 0 3 1 1 2 1 1 0 0 0
122.023 0 2 1 1 1 1 1 1 0 0
125.552 0 1 1 1 1 1 0 1 1 0
129.89 0 1 0 0 1 2 0 1 1 0
139.883 0 0 0 0 0 2 0 2 1 0
143.653 0 0 0 0 0 1 0 1 1 1
144.873 0 1 0 0 1 1 0 0 1 1
166.662 0 1 0 0 0 0 1 0 1 1
186.218 0 0 0 0 0 0 0 0 2 1
213.759 0 0 0 0 0 1 0 1 2 0
227.199 0 1 0 0 1 1 0 0 2 0
238.179 1 2 0 0 0 1 0 0 2 0
341.55 1 2 1 1 0 0 0 0 2 0
369.673 0 1 1 1 1 0 0 0 2 0
375.472 1 2 1 1 0 0 0 0 2 0
432.43 1 2 0 0 0 1 0 0 2 0
456.849 1 2 1 1 0 0 0 0 2 0
527.582 0 1 1 1 1 0 0 0 2 0
527.633 1 2 1 1 0 0 0 0 2 0
572.983 0 1 1 1 1 0 0 0 2 0
635.528 0 1 0 0 1 1 0 0 2 0
647.804 0 1 0 0 0 0 1 0 2 0
678.882 0 1 0 0 1 1 0 0 2 0
725.141 0 0 0 0 0 1 0 1 2 0
725.821 0 1 0 0 1 1 0 0 2 0
734.637 1 2 0 0 0 1 0 0 2 0
746.612 0 1 0 0 1 1 0 0 2 0
791.538 0 1 1 1 1 0 0 0 2 0
886.756 1 2 1 1 0 0 0 0 2 0
948.24 1 2 0 0 0 1 0 0 2 0
994.839 0 1 0 0 1 1 0 0 2 0
1005.72 0 1 1 1 1 0 0 0 2 0
1038.43 1 2 1 1 0 0 0 0 2 0
1105.62 0 1 1 1 1 0 0 0 2 0
1112.08 1 2 1 1 0 0 0 0 2 0
1122.26 1 2 0 0 0 1 0 0 2 0
1136.83 0 1 0 0 1 1 0 0 2 0
1242.82 1 2 0 0 0 1 0 0 2 0
1290.27 0 1 0 0 1 1 0 0 2 0
1298.52 0 0 0 0 0 1 0 1 2 0
1470.87 0 0 1 1 0 0 0 1 2 0
1710.68 0 1 1 1 1 0 0 0 2 0
1718.47 0 1 0 0 1 1 0 0 2 0
1730.24 0 1 1 1 1 0 0 0 2 0
1734.2 1 2 1 1 0 0 0 0 2 0
1750.95 0 1 1 1 1 0 0 0 2 0
1779.02 0 0 1 1 0 0 0 1 2 0
1894.5 0 1 1 1 1 0 0 0 2 0
1946.2 0 0 1 1 0 0 0 1 2 0
2098.79 0 1 1 1 1 0 0 0 2 0
2101.11 1 2 1 1 0 0 0 0 2 0
2104.68 0 1 1 1 1 0 0 0 2 0
2144.19 1 2 1 1 0 0 0 0 2 0
2275.1 0 1 1 1 1 0 0 0 2 0
2341.88 1 2 1 1 0 0 0 0 2 0
2345.25 0 1 1 1 1 0 0 0 2 0
2394.72 1 2 1 1 0 0 0 0 2 0
2399.58 1 2 0 0 0 1 0 0 2 0
2490.46 0 1 0 0 1 1 0 0 2 0
2496.6 0 1 0 0 0 0 1 0 2 0
2575.66 0 0 0 0 0 0 0 0 3 0
2575.66 0 0 0 0 0 0 0 0 3 0
