0 3 6 3 3 0 0 0 0 0 0
0.181733 3 6 2 2 0 1 0 0 0 0
5.27014 2 5 2 2 1 1 0 0 0 0
7.54018 1 4 2 2 2 1 0 0 0 0
8.51284 2 5 2 2 1 1 0 0 0 0
26.2613 2 4 2 2 0 1 0 1 0 0
39.9322 2 4 3 3 0 0 0 1 0 0
42.586 2 4 2 2 0 1 0 1 0 0
53.2925 2 4 1 1 0 2 0 1 0 0
55.5109 1 3 1 1 1 2 0 1 0 0
59.8667 1 3 0 0 1 3 0 1 0 0
61.5863 2 4 0 0 0 3 0 1 0 0
69.7275 2 4 0 0 0 2 0 0 0 1
90.022 1 3 0 0 1 2 0 0 0 1
116.807 1 3 1 1 1 1 0 0 0 1
119.293 0 2 1 1 2 1 0 0 0 1
121.595 1 3 1 1 1 1 0 0 0 1
122.544 0 2 1 1 2 1 0 0 0 1
125.205 1 3 1 1 1 1 0 0 0 1
137.433 2 4 1 1 0 1 0 0 0 1
146.684 1 3 1 1 1 1 0 0 0 1
159.09 2 4 1 1 0 1 0 0 0 1
175.603 1 3 1 1 1 1 0 0 0 1
198.337 1 2 1 1 0 1 0 1 0 1
203.072 1 2 1 1 0 2 0 2 0 0
207.125 1 2 1 1 0 1 0 1 0 1
240.617 1 2 2 2 0 0 0 1 0 1
274.053 1 2 1 1 0 1 0 1 0 1
303.81 1 2 0 0 0 2 0 1 0 1
303.857 1 2 0 0 0 1 0 0 0 2
372.93 1 2 0 0 0 2 0 1 0 1
386.508 1 2 0 0 0 3 0 2 0 0
392.526 1 2 0 0 0 2 0 1 0 1
443.828 1 2 0 0 0 1 0 0 0 2
445.711 1 2 1 1 0 0 0 0 0 2
447.663 1 2 0 0 0 1 0 0 0 2
454.598 0 1 0 0 1 1 0 0 0 2
513.835 0 1 0 0 1 2 0 1 0 1
529.973 0 1 0 0 0 1 1 1 0 1
544.683 0 1 0 0 0 2 1 2 0 0
585.911 0 1 0 0 0 1 1 1 0 1
608.548 0 1 0 0 0 0 1 0 0 2
618.342 0 1 0 0 0 1 1 1 0 1
625.309 0 1 0 0 0 2 1 2 0 0
629.735 0 1 0 0 1 3 0 2 0 0
647.542 0 1 1 1 1 2 0 2 0 0
653.942 0 1 1 1 1 1 0 1 0 1
661.202 0 1 0 0 1 2 0 1 0 1
663.521 0 1 1 1 1 1 0 1 0 1
677.573 0 2 1 1 2 1 0 0 0 1
678.058 0 1 1 1 1 1 0 1 0 1
710.782 0 1 2 2 1 0 0 1 0 1
720.596 0 1 1 1 1 1 0 1 0 1
726.944 0 1 2 2 1 0 0 1 0 1
745.528 0 1 1 1 1 1 0 1 0 1
750.481 0 1 1 1 1 0 0 0 0 2
771.223 0 1 0 0 1 1 0 0 0 2
782.911 0 1 0 0 1 2 0 1 0 1
791.595 0 0 0 0 0 2 0 2 0 1
793.729 0 0 0 0 0 1 0 1 0 2
796.144 0 0 0 0 0 2 0 2 0 1
797.194 0 0 0 0 0 1 0 1 0 2
813.296 0 0 0 0 0 2 0 2 0 1
824.538 0 0 0 0 0 1 0 1 0 2
869.827 0 0 0 0 0 2 0 2 0 1
870.194 0 0 0 0 0 1 0 1 0 2
960.92 0 0 0 0 0 0 0 0 0 3
969.4 0 0 0 0 0 1 0 1 0 2
1005.97 0 1 0 0 1 1 0 0 0 2
1032.1 1 2 0 0 0 1 0 0 0 2
1049.37 1 2 0 0 0 2 0 1 0 1
1055.11 1 3 0 0 1 2 0 0 0 1
1056.39 0 2 0 0 2 2 0 0 0 1
1059.28 0 1 0 0 1 2 0 1 0 1
1071.85 1 2 0 0 0 2 0 1 0 1
1082.02 0 1 0 0 1 2 0 1 0 1
1089.53 1 2 0 0 0 2 0 1 0 1
1097.52 1 2 0 0 0 3 0 2 0 0
1098.34 0 1 0 0 1 3 0 2 0 0
1110.79 0 1 0 0 0 2 1 2 0 0
1114.4 0 1 0 0 0 1 1 1 0 1
1168.82 0 1 0 0 0 2 1 2 0 0
1188.94 0 2 0 0 1 2 1 1 0 0
1202.42 0 1 0 0 0 2 1 2 0 0
1231.39 0 1 0 0 0 1 1 1 0 1
1236.75 0 2 0 0 1 1 1 0 0 1
1252.58 1 3 0 0 0 1 1 0 0 1
1271.65 0 2 0 0 1 1 1 0 0 1
1278.47 0 2 0 0 1 2 1 1 0 0
1285.12 0 3 0 0 2 2 1 0 0 0
1289.41 0 3 0 0 1 1 2 0 0 0
1310.58 0 3 0 0 0 0 3 0 0 0
1321.35 0 2 0 0 0 0 2 0 1 0
1321.55 0 1 0 0 0 0 1 0 2 0
1352.18 0 0 0 0 0 0 0 0 3 0
2331.2 0 1 0 0 0 0 1 0 2 0
2419.25 0 0 0 0 0 0 0 0 3 0
2419.25 0 0 0 0 0 0 0 0 3 0
