0 3 6 3 3 0 0 0 0 0 0
1.83112 3 6 2 2 0 1 0 0 0 0
5.84254 2 5 2 2 1 1 0 0 0 0
5.98679 2 4 2 2 0 1 0 1 0 0
11.5974 1 3 2 2 1 1 0 1 0 0
16.6807 1 2 2 2 0 1 0 2 0 0
30.6317 1 2 2 2 0 0 0 1 0 1
42.5557 1 2 1 1 0 1 0 1 0 1
51.5698 1 2 0 0 0 2 0 1 0 1
131.816 0 1 0 0 1 2 0 1 0 1
152.611 0 1 0 0 0 1 1 1 0 1
160.806 0 1 0 0 0 0 1 0 0 2
183.877 0 1 0 0 0 1 1 1 0 1
191.671 0 1 0 0 1 2 0 1 0 1
199.846 0 1 0 0 1 1 0 0 0 2
205.906 0 1 0 0 1 2 0 1 0 1
208.582 0 1 0 0 1 1 0 0 0 2
214.098 1 2 0 0 0 1 0 0 0 2
230.719 1 2 0 0 0 2 0 1 0 1
266.865 1 2 0 0 0 3 0 2 0 0
269.275 1 2 1 1 0 2 0 2 0 0
275.809 0 1 1 1 1 2 0 2 0 0
287.72 0 1 0 0 1 3 0 2 0 0
294.029 0 1 1 1 1 2 0 2 0 0
305.238 0 1 1 1 1 1 0 1 0 1
305.469 1 2 1 1 0 1 0 1 0 1
318.932 1 3 1 1 1 1 0 0 0 1
324.212 1 3 1 1 1 2 0 1 0 0
324.394 1 3 1 1 0 1 1 1 0 0
337.593 1 2 1 1 0 1 0 1 1 0
350.851 0 1 1 1 1 1 0 1 1 0
376.694 0 1 1 1 1 0 0 0 1 1
397.273 0 1 1 1 1 1 0 1 1 0
404.979 0 1 2 2 1 0 0 1 1 0
414.002 1 2 2 2 0 0 0 1 1 0
417.95 1 2 1 1 0 1 0 1 1 0
441.667 1 2 0 0 0 2 0 1 1 0
457.07 1 2 1 1 0 1 0 1 1 0
476.601 1 3 1 1 1 1 0 0 1 0
486.269 2 4 1 1 0 1 0 0 1 0
502.14 1 3 1 1 1 1 0 0 1 0
526.543 2 4 1 1 0 1 0 0 1 0
559.068 1 3 1 1 1 1 0 0 1 0
564.877 0 2 1 1 2 1 0 0 1 0
601.652 0 2 2 2 2 0 0 0 1 0
608.693 0 1 2 2 1 0 0 1 1 0
608.804 1 2 2 2 0 0 0 1 1 0
610.907 1 2 1 1 0 1 0 1 1 0
621.703 1 2 1 1 0 0 0 0 1 1
665.03 0 1 1 1 1 0 0 0 1 1
699.632 0 1 0 0 1 1 0 0 1 1
712.482 1 2 0 0 0 1 0 0 1 1
737.94 1 2 0 0 0 2 0 1 1 0
774.89 1 2 1 1 0 1 0 1 1 0
779.495 1 2 1 1 0 0 0 0 1 1
799.255 0 1 1 1 1 0 0 0 1 1
879.884 1 2 1 1 0 0 0 0 1 1
883.813 0 1 1 1 1 0 0 0 1 1
905.081 1 2 1 1 0 0 0 0 1 1
952.896 0 1 1 1 1 0 0 0 1 1
969.576 1 2 1 1 0 0 0 0 1 1
970.047 1 2 0 0 0 1 0 0 1 1
994.354 1 2 0 0 0 2 0 1 1 0
997.583 0 1 0 0 1 2 0 1 1 0
1009.92 0 1 0 0 0 1 1 1 1 0
1056.87 0 1 1 1 0 0 1 1 1 0
1148.91 0 2 1 1 1 0 1 0 1 0
1186.11 0 1 1 1 0 0 1 1 1 0
1202.46 0 1 0 0 0 1 1 1 1 0
1238.07 0 1 1 1 0 0 1 1 1 0
1244.35 0 2 1 1 1 0 1 0 1 0
1254.72 1 3 1 1 0 0 1 0 1 0
1271.02 1 3 0 0 0 1 1 0 1 0
1271.44 1 2 0 0 0 1 0 0 2 0
1275.43 0 1 0 0 1 1 0 0 2 0
1316.89 1 2 0 0 0 1 0 0 2 0
1323.32 0 1 0 0 1 1 0 0 2 0
1327.87 0 0 0 0 0 1 0 1 2 0
1445.65 0 1 0 0 1 1 0 0 2 0
1475.67 1 2 0 0 0 1 0 0 2 0
1489.71 0 1 0 0 1 1 0 0 2 0
1590.06 0 1 1 1 1 0 0 0 2 0
1641.92 0 1 0 0 1 1 0 0 2 0
1674.27 0 1 1 1 1 0 0 0 2 0
1703 1 2 1 1 0 0 0 0 2 0
1764.45 0 1 1 1 1 0 0 0 2 0
1798.31 1 2 1 1 0 0 0 0 2 0
1906.13 1 2 0 0 0 1 0 0 2 0
1972.3 0 1 0 0 1 1 0 0 2 0
1989.15 0 1 0 0 0 0 1 0 2 0
2117.11 0 1 0 0 1 1 0 0 2 0
2134.08 0 1 0 0 0 0 1 0 2 0
2145.18 0 0 0 0 0 0 0 0 3 0
2145.18 0 0 0 0 0 0 0 0 3 0
