0 3 6 3 3 0 0 0 0 0 0
5.62771 2 5 3 3 1 0 0 0 0 0
7.07951 1 4 3 3 2 0 0 0 0 0
30.203 2 5 3 3 1 0 0 0 0 0
41.8947 2 5 2 2 1 1 0 0 0 0
50.9905 1 4 2 2 2 1 0 0 0 0
56.1063 1 3 2 2 1 1 0 1 0 0
59.8197 1 3 1 1 1 2 0 1 0 0
68.2691 0 2 1 1 2 2 0 1 0 0
75.0878 0 2 1 1 1 1 1 1 0 0
84.679 0 3 1 1 2 1 1 0 0 0
95.2289 0 3 0 0 2 2 1 0 0 0
98.5758 0 2 0 0 1 2 1 1 0 0
130.64 1 3 0 0 0 2 1 1 0 0
160.584 1 3 1 1 0 1 1 1 0 0
166.678 1 2 1 1 0 1 0 1 1 0
251.081 1 3 1 1 1 1 0 0 1 0
272.869 2 4 1 1 0 1 0 0 1 0
295.35 1 3 1 1 1 1 0 0 1 0
301.167 1 3 0 0 1 2 0 0 1 0
306.951 1 3 1 1 1 1 0 0 1 0
317.119 0 2 1 1 2 1 0 0 1 0
329.022 0 2 0 0 2 2 0 0 1 0
336.829 1 3 0 0 1 2 0 0 1 0
365.746 1 3 1 1 1 1 0 0 1 0
368.477 1 2 1 1 0 1 0 1 1 0
372.811 0 1 1 1 1 1 0 1 1 0
382.816 1 2 1 1 0 1 0 1 1 0
395.959 1 2 1 1 0 0 0 0 1 1
496.903 1 2 0 0 0 1 0 0 1 1
523.007 1 2 0 0 0 2 0 1 1 0
550.587 1 2 0 0 0 1 0 0 1 1
565.531 0 1 0 0 1 1 0 0 1 1
597.035 0 1 0 0 1 2 0 1 1 0
604.132 0 1 1 1 1 1 0 1 1 0
645.451 0 1 1 1 0 0 1 1 1 0
660.577 0 0 1 1 0 0 0 1 2 0
753.133 0 1 1 1 1 0 0 0 2 0
769.319 1 2 1 1 0 0 0 0 2 0
785.44 1 2 0 0 0 1 0 0 2 0
817.217 0 1 0 0 1 1 0 0 2 0
861.642 0 0 0 0 0 1 0 1 2 0
885.345 0 1 0 0 1 1 0 0 2 0
893.057 0 1 0 0 0 0 1 0 2 0
1006.05 0 1 0 0 1 1 0 0 2 0
1014.88 1 2 0 0 0 1 0 0 2 0
1054.2 1 2 1 1 0 0 0 0 2 0
1172.73 1 3 1 1 0 0 1 0 1 0
1193.5 0 2 1 1 1 0 1 0 1 0
1198.16 1 3 1 1 0 0 1 0 1 0
1246.11 1 2 1 1 0 0 0 0 2 0
1366.62 1 2 0 0 0 1 0 0 2 0
1413.02 0 1 0 0 1 1 0 0 2 0
1421.46 0 1 1 1 1 0 0 0 2 0
1424.39 0 0 1 1 0 0 0 1 2 0
1454.44 0 0 0 0 0 1 0 1 2 0
1458.55 0 1 0 0 1 1 0 0 2 0
1467.93 1 2 0 0 0 1 0 0 2 0
1501.59 0 1 0 0 1 1 0 0 2 0
1516.93 1 2 0 0 0 1 0 0 2 0
1590.1 0 1 0 0 1 1 0 0 2 0
1614.23 1 2 0 0 0 1 0 0 2 0
1691.2 0 1 0 0 1 1 0 0 2 0
1704.76 1 2 0 0 0 1 0 0 2 0
1719.83 0 1 0 0 1 1 0 0 2 0
1744.34 1 2 0 0 0 1 0 0 2 0
1818.15 0 1 0 0 1 1 0 0 2 0
1835.54 1 2 0 0 0 1 0 0 2 0
1850.71 0 1 0 0 1 1 0 0 2 0
1870.29 1 2 0 0 0 1 0 0 2 0
1890.97 0 1 0 0 1 1 0 0 2 0
2032.7 1 2 0 0 0 1 0 0 2 0
2041.64 1 2 1 1 0 0 0 0 2 0
2042.72 0 1 1 1 1 0 0 0 2 0
2108.01 1 2 1 1 0 0 0 0 2 0
2378.11 0 1 1 1 1 0 0 0 2 0
2386.22 0 0 1 1 0 0 0 1 2 0
2392.7 0 1 1 1 1 0 0 0 2 0
2398.16 1 2 1 1 0 0 0 0 2 0
2436.18 0 1 1 1 1 0 0 0 2 0
2442.05 1 2 1 1 0 0 0 0 2 0
2492.3 0 1 1 1 1 0 0 0 2 0
2535.51 1 2 1 1 0 0 0 0 2 0
2563.02 1 2 0 0 0 1 0 0 2 0
2710.41 1 3 0 0 0 1 1 0 1 0
2720.84 1 2 0 0 0 1 0 0 2 0
2855.92 0 1 0 0 1 1 0 0 2 0
2899 0 1 1 1 1 0 0 0 2 0
2940.41 0 1 0 0 1 1 0 0 2 0
2990.51 1 2 0 0 0 1 0 0 2 0
2990.51 1 2 0 0 0 1 0 0 2 0
