0 3 6 3 3 0 0 0 0 0 0
24.8232 2 5 3 3 1 0 0 0 0 0
28.435 3 6 3 3 0 0 0 0 0 0
32.5399 2 5 3 3 1 0 0 0 0 0
43.2031 1 4 3 3 2 0 0 0 0 0
58.9809 1 4 2 2 2 1 0 0 0 0
62.5928 1 3 2 2 1 1 0 1 0 0
66.0564 1 3 1 1 1 2 0 1 0 0
68.2262 1 2 1 1 0 2 0 2 0 0
68.2516 0 1 1 1 1 2 0 2 0 0
77.8847 0 2 1 1 2 2 0 1 0 0
91.5185 1 3 1 1 1 2 0 1 0 0
116.268 1 2 1 1 0 2 0 2 0 0
133.31 1 2 1 1 0 1 0 1 0 1
145.622 1 2 2 2 0 0 0 1 0 1
166.52 1 2 1 1 0 1 0 1 0 1
168.82 1 2 0 0 0 2 0 1 0 1
171.787 1 2 0 0 0 1 0 0 0 2
205.006 0 1 0 0 1 1 0 0 0 2
208.643 1 2 0 0 0 1 0 0 0 2
228.895 1 2 0 0 0 2 0 1 0 1
236.246 1 2 0 0 0 3 0 2 0 0
244.964 1 2 0 0 0 2 0 1 0 1
270.414 0 1 0 0 1 2 0 1 0 1
275.469 0 0 0 0 0 2 0 2 0 1
289.098 0 0 0 0 0 3 0 3 0 0
310.999 0 0 0 0 0 2 0 2 0 1
318.536 0 0 0 0 0 1 0 1 0 2
319.58 0 0 0 0 0 2 0 2 0 1
325.252 0 0 1 1 0 1 0 2 0 1
345.095 0 0 1 1 0 2 0 3 0 0
345.597 0 0 1 1 0 1 0 2 0 1
376.233 0 1 1 1 1 1 0 1 0 1
384.286 0 1 1 1 1 0 0 0 0 2
442.36 1 2 1 1 0 0 0 0 0 2
450.371 1 2 0 0 0 1 0 0 0 2
486.71 0 1 0 0 1 1 0 0 0 2
503.85 0 1 1 1 1 0 0 0 0 2
513.848 1 2 1 1 0 0 0 0 0 2
519.317 0 1 1 1 1 0 0 0 0 2
525.848 0 1 0 0 1 1 0 0 0 2
553.227 0 1 0 0 1 2 0 1 0 1
558.459 0 1 1 1 1 1 0 1 0 1
560.115 1 2 1 1 0 1 0 1 0 1
571.289 1 2 2 2 0 0 0 1 0 1
571.339 1 2 2 2 0 1 0 2 0 0
581.515 1 3 2 2 1 1 0 1 0 0
581.78 1 2 2 2 0 1 0 2 0 0
585.61 1 2 1 1 0 2 0 2 0 0
586.62 1 2 2 2 0 1 0 2 0 0
588.733 1 2 2 2 0 0 0 1 0 1
616.344 0 1 2 2 1 0 0 1 0 1
617.985 1 2 2 2 0 0 0 1 0 1
625.963 1 2 1 1 0 1 0 1 0 1
626.176 1 2 0 0 0 2 0 1 0 1
633.187 1 3 0 0 1 2 0 0 0 1
640.64 1 3 1 1 1 1 0 0 0 1
649.755 0 2 1 1 2 1 0 0 0 1
656.187 0 1 1 1 1 1 0 1 0 1
661.582 0 1 0 0 1 2 0 1 0 1
663.638 0 1 1 1 1 1 0 1 0 1
666.065 0 0 1 1 0 1 0 2 0 1
674.104 0 0 1 1 0 2 0 3 0 0
676.202 0 0 1 1 0 1 0 2 0 1
695.257 0 1 1 1 1 1 0 1 0 1
727.828 0 1 1 1 0 0 1 1 0 1
754.888 0 0 1 1 0 0 0 1 1 1
818.274 0 0 0 0 0 1 0 1 1 1
826.72 0 0 0 0 0 2 0 2 1 0
833.482 0 1 0 0 1 2 0 1 1 0
864.393 0 1 0 0 1 1 0 0 1 1
882.712 1 2 0 0 0 1 0 0 1 1
962.175 1 2 0 0 0 2 0 1 1 0
970.004 1 2 1 1 0 1 0 1 1 0
1017.65 0 1 1 1 1 1 0 1 1 0
1025.77 0 2 1 1 2 1 0 0 1 0
1026.1 0 1 1 1 1 1 0 1 1 0
1052.54 1 2 1 1 0 1 0 1 1 0
1084.38 0 1 1 1 1 1 0 1 1 0
1085.91 1 2 1 1 0 1 0 1 1 0
1092.41 1 3 1 1 1 1 0 0 1 0
1097.27 0 2 1 1 2 1 0 0 1 0
1113.38 1 3 1 1 1 1 0 0 1 0
1129.13 1 3 2 2 1 0 0 0 1 0
1135.74 2 4 2 2 0 0 0 0 1 0
1140.29 1 3 2 2 1 0 0 0 1 0
1158.69 0 2 2 2 2 0 0 0 1 0
1175.9 0 2 1 1 2 1 0 0 1 0
1177.66 1 3 1 1 1 1 0 0 1 0
1180.07 1 3 2 2 1 0 0 0 1 0
1199.99 1 3 1 1 1 1 0 0 1 0
1201.34 0 2 1 1 2 1 0 0 1 0
1203.22 0 2 1 1 1 0 1 0 1 0
1208.98 0 2 0 0 1 1 1 0 1 0
1247.6 1 3 0 0 0 1 1 0 1 0
1256.78 1 3 1 1 0 0 1 0 1 0
1265.55 0 2 1 1 1 0 1 0 1 0
1267.62 1 3 1 1 0 0 1 0 1 0
1310.52 0 2 1 1 1 0 1 0 1 0
1314.39 1 3 1 1 0 0 1 0 1 0
1358.08 1 3 0 0 0 1 1 0 1 0
1380.22 0 2 0 0 1 1 1 0 1 0
1390.49 0 1 0 0 0 1 1 1 1 0
1407.99 0 1 0 0 0 0 1 0 1 1
1450.49 0 1 0 0 1 1 0 0 1 1
1471.63 1 2 0 0 0 1 0 0 1 1
1478.85 0 1 0 0 1 1 0 0 1 1
1486.76 0 1 1 1 1 0 0 0 1 1
1512.65 1 2 1 1 0 0 0 0 1 1
1523.38 0 1 1 1 1 0 0 0 1 1
1658.38 0 0 1 1 0 0 0 1 1 1
1710.13 0 0 1 1 0 1 0 2 1 0
1722.15 0 0 0 0 0 2 0 2 1 0
1734.16 0 0 1 1 0 1 0 2 1 0
1761.56 0 0 1 1 0 0 0 1 1 1
1802.08 0 1 1 1 1 0 0 0 1 1
1808.91 1 2 1 1 0 0 0 0 1 1
1821.87 0 1 1 1 1 0 0 0 1 1
1877.19 0 0 1 1 0 0 0 1 1 1
1893.18 0 1 1 1 1 0 0 0 1 1
1907.49 0 1 1 1 1 1 0 1 1 0
1908.32 0 0 1 1 0 1 0 2 1 0
1944.73 0 0 2 2 0 0 0 2 1 0
1946.8 0 0 1 1 0 1 0 2 1 0
1947.13 0 0 2 2 0 0 0 2 1 0
1950.27 0 1 2 2 1 0 0 1 1 0
1952.47 0 1 1 1 1 1 0 1 1 0
1960.42 0 1 1 1 1 0 0 0 1 1
1999.76 0 1 0 0 1 1 0 0 1 1
2050.36 1 2 0 0 0 1 0 0 1 1
2081.7 0 1 0 0 1 1 0 0 1 1
2086.58 0 1 0 0 0 0 1 0 1 1
2088.81 0 1 0 0 1 1 0 0 1 1
2111.47 0 1 0 0 0 0 1 0 1 1
2134.48 0 1 0 0 0 1 1 1 1 0
2156.46 0 0 0 0 0 1 0 1 2 0
2162.32 0 0 1 1 0 0 0 1 2 0
2218.81 0 0 0 0 0 1 0 1 2 0
2406.97 0 0 0 0 0 0 0 0 2 1
2456.64 0 0 0 0 0 1 0 1 2 0
2462.35 0 0 1 1 0 0 0 1 2 0
2463.6 0 1 1 1 1 0 0 0 2 0
2489.22 1 2 1 1 0 0 0 0 2 0
2570.54 0 1 1 1 1 0 0 0 2 0
2583.83 0 0 1 1 0 0 0 1 2 0
2820.9 0 1 1 1 1 0 0 0 2 0
2836.86 1 2 1 1 0 0 0 0 2 0
2999.68 0 1 1 1 1 0 0 0 2 0
2999.68 0 1 1 1 1 0 0 0 2 0
