0 3 6 3 3 0 0 0 0 0 0
0.21835 3 6 2 2 0 1 0 0 0 0
6.33337 3 6 1 1 0 2 0 0 0 0
21.1465 2 5 1 1 1 2 0 0 0 0
25.8129 3 6 1 1 0 2 0 0 0 0
26.533 2 5 1 1 1 2 0 0 0 0
40.7598 1 4 1 1 2 2 0 0 0 0
49.2903 0 3 1 1 3 2 0 0 0 0
78.0505 0 3 1 1 2 1 1 0 0 0
86.1475 1 4 1 1 1 1 1 0 0 0
111.971 2 5 1 1 0 1 1 0 0 0
112.998 1 4 1 1 1 1 1 0 0 0
116.278 2 5 1 1 0 1 1 0 0 0
118.289 2 4 1 1 0 1 0 0 1 0
140.898 1 3 1 1 1 1 0 0 1 0
164.508 1 2 1 1 0 1 0 1 1 0
186.398 0 1 1 1 1 1 0 1 1 0
202.015 1 2 1 1 0 1 0 1 1 0
202.746 1 2 0 0 0 2 0 1 1 0
221.739 1 2 0 0 0 1 0 0 1 1
251.544 0 1 0 0 1 1 0 0 1 1
285.939 1 2 0 0 0 1 0 0 1 1
320.886 0 1 0 0 1 1 0 0 1 1
333.74 1 2 0 0 0 1 0 0 1 1
353.25 1 2 0 0 0 2 0 1 1 0
382.313 1 2 0 0 0 1 0 0 1 1
389.874 0 1 0 0 1 1 0 0 1 1
393.916 1 2 0 0 0 1 0 0 1 1
397.675 1 2 1 1 0 0 0 0 1 1
449.585 0 1 1 1 1 0 0 0 1 1
452.119 1 2 1 1 0 0 0 0 1 1
471.026 0 1 1 1 1 0 0 0 1 1
490.568 0 1 1 1 1 1 0 1 1 0
491.184 0 1 1 1 1 0 0 0 1 1
514.057 1 2 1 1 0 0 0 0 1 1
519.805 1 2 1 1 0 1 0 1 1 0
532.026 1 3 1 1 1 1 0 0 1 0
556.169 2 4 1 1 0 1 0 0 1 0
569.087 1 3 1 1 1 1 0 0 1 0
593.054 2 4 1 1 0 1 0 0 1 0
602.223 1 3 1 1 1 1 0 0 1 0
613.041 0 2 1 1 2 1 0 0 1 0
622.416 0 2 1 1 1 0 1 0 1 0
628.894 0 1 1 1 1 0 0 0 2 0
635.581 1 2 1 1 0 0 0 0 2 0
680.472 1 2 0 0 0 1 0 0 2 0
763.126 1 2 1 1 0 0 0 0 2 0
765.864 0 1 1 1 1 0 0 0 2 0
774.545 1 2 1 1 0 0 0 0 2 0
777.724 0 1 1 1 1 0 0 0 2 0
823.937 1 2 1 1 0 0 0 0 2 0
834.192 1 2 0 0 0 1 0 0 2 0
848.314 1 2 1 1 0 0 0 0 2 0
868.66 0 1 1 1 1 0 0 0 2 0
885.152 1 2 1 1 0 0 0 0 2 0
885.714 0 1 1 1 1 0 0 0 2 0
950.354 0 0 1 1 0 0 0 1 2 0
1009.89 0 1 1 1 1 0 0 0 2 0
1024.16 0 1 0 0 1 1 0 0 2 0
1028.43 1 2 0 0 0 1 0 0 2 0
1033.48 0 1 0 0 1 1 0 0 2 0
1087.45 0 1 0 0 0 0 1 0 2 0
1307.15 0 0 0 0 0 0 0 0 3 0
1820.86 0 1 0 0 0 0 1 0 2 0
1824.58 0 0 0 0 0 0 0 0 3 0
1902.45 0 1 0 0 0 0 1 0 2 0
2012.59 0 1 0 0 1 1 0 0 2 0
2013.77 0 2 0 0 1 1 1 0 1 0
2020.49 1 3 0 0 0 1 1 0 1 0
2061.21 0 2 0 0 1 1 1 0 1 0
2077.29 0 2 0 0 0 0 2 0 1 0
2108.35 0 1 0 0 0 0 1 0 2 0
2168.59 0 1 0 0 1 1 0 0 2 0
2270.25 0 1 0 0 0 0 1 0 2 0
2298.88 0 1 0 0 1 1 0 0 2 0
2314.33 1 2 0 0 0 1 0 0 2 0
2433.27 1 2 1 1 0 0 0 0 2 0
2452.59 0 1 1 1 1 0 0 0 2 0
2462.83 0 0 1 1 0 0 0 1 2 0
2464.83 0 1 1 1 1 0 0 0 2 0
2472.71 1 2 1 1 0 0 0 0 2 0
2480.21 0 1 1 1 1 0 0 0 2 0
2495.25 1 2 1 1 0 0 0 0 2 0
2637.21 0 1 1 1 1 0 0 0 2 0
2666.28 0 1 0 0 1 1 0 0 2 0
2684.41 1 2 0 0 0 1 0 0 2 0
2747.81 1 2 1 1 0 0 0 0 2 0
2816.15 1 2 0 0 0 1 0 0 2 0
2849.09 0 1 0 0 1 1 0 0 2 0
2853.45 0 0 0 0 0 1 0 1 2 0
2949.05 0 0 1 1 0 0 0 1 2 0
2962.79 0 0 0 0 0 1 0 1 2 0
2962.79 0 0 0 0 0 1 0 1 2 0
