0 3 6 3 3 0 0 0 0 0 0
4.93242 2 5 3 3 1 0 0 0 0 0
10.5486 1 4 3 3 2 0 0 0 0 0
16.6633 2 5 3 3 1 0 0 0 0 0
19.8667 2 4 3 3 0 0 0 1 0 0
39.0674 2 5 3 3 1 0 0 0 0 0
46.8092 2 5 2 2 1 1 0 0 0 0
48.7727 2 4 2 2 0 1 0 1 0 0
53.2347 2 4 2 2 0 0 0 0 0 1
66.403 2 4 1 1 0 1 0 0 0 1
101.206 2 4 2 2 0 0 0 0 0 1
111.798 1 3 2 2 1 0 0 0 0 1
114.533 1 2 2 2 0 0 0 1 0 1
116.945 1 2 1 1 0 1 0 1 0 1
117.365 1 2 1 1 0 2 0 2 0 0
132.871 1 3 1 1 1 2 0 1 0 0
133.021 2 4 1 1 0 2 0 1 0 0
133.276 1 3 1 1 1 2 0 1 0 0
136.023 1 3 1 1 0 1 1 1 0 0
158.251 0 2 1 1 1 1 1 1 0 0
178.748 0 1 1 1 1 1 0 1 1 0
201.105 0 1 1 1 1 0 0 0 1 1
203.509 0 1 1 1 1 1 0 1 1 0
246.85 1 2 1 1 0 1 0 1 1 0
253.171 1 2 0 0 0 2 0 1 1 0
283.091 1 2 1 1 0 1 0 1 1 0
325.477 1 2 1 1 0 0 0 0 1 1
327.138 1 2 1 1 0 1 0 1 1 0
362.717 1 3 1 1 0 1 1 1 0 0
371.559 0 2 1 1 1 1 1 1 0 0
374.731 1 3 1 1 0 1 1 1 0 0
403.638 1 3 1 1 0 0 1 0 0 1
417.173 0 2 1 1 1 0 1 0 0 1
455.97 0 1 1 1 1 0 0 0 1 1
477.415 0 0 1 1 0 0 0 1 1 1
509.364 0 1 1 1 1 0 0 0 1 1
525.262 1 2 1 1 0 0 0 0 1 1
527.26 0 1 1 1 1 0 0 0 1 1
539.081 0 1 1 1 1 1 0 1 1 0
541.141 0 1 1 1 1 0 0 0 1 1
565.885 0 1 0 0 1 1 0 0 1 1
606.723 1 2 0 0 0 1 0 0 1 1
620.597 0 1 0 0 1 1 0 0 1 1
640.462 0 1 0 0 1 2 0 1 1 0
642.502 0 1 1 1 1 1 0 1 1 0
643.133 1 2 1 1 0 1 0 1 1 0
653.96 0 1 1 1 1 1 0 1 1 0
670.55 0 2 1 1 2 1 0 0 1 0
692.668 0 1 1 1 1 1 0 1 1 0
726.773 1 2 1 1 0 1 0 1 1 0
736.049 1 2 1 1 0 0 0 0 1 1
824.143 0 1 1 1 1 0 0 0 1 1
871.392 0 1 1 1 1 1 0 1 1 0
882.093 1 2 1 1 0 1 0 1 1 0
882.763 1 2 0 0 0 2 0 1 1 0
955.709 1 2 0 0 0 1 0 0 1 1
977.745 0 1 0 0 1 1 0 0 1 1
983.274 0 1 0 0 0 0 1 0 1 1
1049.92 0 0 0 0 0 0 0 0 2 1
1060.88 0 1 0 0 0 0 1 0 1 1
1063.28 0 1 0 0 0 1 1 1 1 0
1075.06 0 1 1 1 0 0 1 1 1 0
1079.62 0 1 0 0 0 1 1 1 1 0
1096.64 0 0 0 0 0 1 0 1 2 0
1131.66 0 1 0 0 1 1 0 0 2 0
1148.09 0 1 0 0 0 0 1 0 2 0
1309.46 0 0 0 0 0 0 0 0 3 0
2966 0 1 0 0 0 0 1 0 2 0
2966 0 1 0 0 0 0 1 0 2 0
