0 3 6 3 3 0 0 0 0 0 0
2.74093 2 5 3 3 1 0 0 0 0 0
12.2441 2 4 3 3 0 0 0 1 0 0
13.2589 2 4 2 2 0 1 0 1 0 0
16.4481 1 3 2 2 1 1 0 1 0 0
22.7747 0 2 2 2 2 1 0 1 0 0
25.8478 0 2 1 1 2 2 0 1 0 0
27.1589 0 2 1 1 1 1 1 1 0 0
31.7187 0 3 1 1 2 1 1 0 0 0
33.1014 0 3 2 2 2 0 1 0 0 0
37.659 0 3 2 2 3 1 0 0 0 0
44.0119 0 3 2 2 2 0 1 0 0 0
48.468 0 2 2 2 2 0 0 0 1 0
53.6372 0 1 2 2 1 0 0 1 1 0
56.7315 0 2 2 2 2 0 0 0 1 0
65.5647 0 2 1 1 2 1 0 0 1 0
65.6532 0 2 0 0 2 2 0 0 1 0
75.9642 0 2 0 0 1 1 1 0 1 0
77.7378 0 1 0 0 1 1 0 0 2 0
85.106 1 2 0 0 0 1 0 0 2 0
107.769 0 1 0 0 1 1 0 0 2 0
115.069 0 0 0 0 0 1 0 1 2 0
149.28 0 0 1 1 0 0 0 1 2 0
193.468 0 0 0 0 0 1 0 1 2 0
222.026 0 0 1 1 0 0 0 1 2 0
386.048 0 0 0 0 0 1 0 1 2 0
433.893 0 0 1 1 0 0 0 1 2 0
499.51 0 1 1 1 1 0 0 0 2 0
509.711 1 2 1 1 0 0 0 0 2 0
552.479 0 1 1 1 1 0 0 0 2 0
555.534 1 2 1 1 0 0 0 0 2 0
570.405 1 2 0 0 0 1 0 0 2 0
577.806 0 1 0 0 1 1 0 0 2 0
651.648 1 2 0 0 0 1 0 0 2 0
708.936 1 2 1 1 0 0 0 0 2 0
758.229 1 2 0 0 0 1 0 0 2 0
951.981 0 1 0 0 1 1 0 0 2 0
1003.41 1 2 0 0 0 1 0 0 2 0
1021.61 0 1 0 0 1 1 0 0 2 0
1037.74 0 1 0 0 0 0 1 0 2 0
1047.36 0 0 0 0 0 0 0 0 3 0
2730.95 0 1 0 0 0 0 1 0 2 0
2732.48 0 0 0 0 0 0 0 0 3 0
2732.48 0 0 0 0 0 0 0 0 3 0
