0 3 6 3 3 0 0 0 0 0 0
3.63339 3 6 2 2 0 1 0 0 0 0
12.3694 2 5 2 2 1 1 0 0 0 0
12.9942 2 4 2 2 0 1 0 1 0 0
15.0735 2 4 1 1 0 2 0 1 0 0
40.1643 1 3 1 1 1 2 0 1 0 0
42.4066 2 4 1 1 0 2 0 1 0 0
50.6071 2 4 2 2 0 1 0 1 0 0
57.7092 1 3 2 2 1 1 0 1 0 0
66.1281 1 4 2 2 2 1 0 0 0 0
75.8517 1 4 1 1 2 2 0 0 0 0
75.8577 1 3 1 1 1 2 0 1 0 0
77.5311 1 2 1 1 0 2 0 2 0 0
85.1622 1 2 1 1 0 1 0 1 0 1
111.35 1 3 1 1 1 1 0 0 0 1
116.446 2 4 1 1 0 1 0 0 0 1
117.787 1 3 1 1 1 1 0 0 0 1
127.217 0 2 1 1 2 1 0 0 0 1
138.436 0 1 1 1 1 1 0 1 0 1
140.957 0 1 1 1 0 0 1 1 0 1
145.14 0 1 1 1 0 1 1 2 0 0
176.266 0 1 2 2 0 0 1 2 0 0
182.809 0 0 2 2 0 0 0 2 1 0
197.515 0 0 1 1 0 1 0 2 1 0
203.229 0 1 1 1 1 1 0 1 1 0
240.785 0 2 1 1 2 1 0 0 1 0
276.521 0 2 1 1 1 0 1 0 1 0
295.529 1 3 1 1 0 0 1 0 1 0
306.572 1 2 1 1 0 0 0 0 2 0
346.246 1 2 0 0 0 1 0 0 2 0
374.714 0 1 0 0 1 1 0 0 2 0
397.105 1 2 0 0 0 1 0 0 2 0
486.375 1 2 1 1 0 0 0 0 2 0
514.539 0 1 1 1 1 0 0 0 2 0
575.823 0 0 1 1 0 0 0 1 2 0
610.916 0 1 1 1 1 0 0 0 2 0
653.272 1 2 1 1 0 0 0 0 2 0
677.224 1 2 0 0 0 1 0 0 2 0
733.775 0 1 0 0 1 1 0 0 2 0
807.211 0 1 0 0 0 0 1 0 2 0
813.69 0 0 0 0 0 0 0 0 3 0
833.377 0 1 0 0 0 0 1 0 2 0
956.362 0 0 0 0 0 0 0 0 3 0
1151.65 0 1 0 0 0 0 1 0 2 0
1302.51 0 0 0 0 0 0 0 0 3 0
1942 0 1 0 0 0 0 1 0 2 0
2058.76 0 1 0 0 1 1 0 0 2 0
2116.69 1 2 0 0 0 1 0 0 2 0
2128.83 0 1 0 0 1 1 0 0 2 0
2133.75 0 1 1 1 1 0 0 0 2 0
2134.41 0 0 1 1 0 0 0 1 2 0
2142.95 0 0 0 0 0 1 0 1 2 0
2252.48 0 0 1 1 0 0 0 1 2 0
2361.61 0 0 0 0 0 1 0 1 2 0
2388.06 0 0 0 0 0 0 0 0 2 1
2460.6 0 0 0 0 0 1 0 1 2 0
2502.51 0 0 1 1 0 0 0 1 2 0
2554.43 0 1 1 1 1 0 0 0 2 0
2566.94 0 0 1 1 0 0 0 1 2 0
2625.8 0 1 1 1 1 0 0 0 2 0
2649.52 1 2 1 1 0 0 0 0 2 0
2678.37 1 2 0 0 0 1 0 0 2 0
2686.88 0 1 0 0 1 1 0 0 2 0
2747.21 1 2 0 0 0 1 0 0 2 0
2808.37 1 2 1 1 0 0 0 0 2 0
2841.86 0 1 1 1 1 0 0 0 2 0
2880.6 0 0 1 1 0 0 0 1 2 0
2926.67 0 0 0 0 0 1 0 1 2 0
2936.96 0 0 1 1 0 0 0 1 2 0
2959.36 0 0 0 0 0 1 0 1 2 0
2968.12 0 0 0 0 0 0 0 0 2 1
2991.18 0 0 0 0 0 1 0 1 2 0
2991.18 0 0 0 0 0 1 0 1 2 0
