0 0 0 0 0 0 0 0 0 0 0 5 1 2 1 1 0 0 0 0
1.49397 0 0 0 1 0 0 0 0 0 0 4 1 2 1 0 0 0 0 0
14.0124 1 0 0 1 0 0 0 0 0 0 3 0 2 1 0 0 0 0 0
19.5109 1 1 0 1 0 0 0 0 0 0 2 0 1 1 0 0 0 0 0
44.7994 0 0 0 1 1 0 0 0 0 0 3 0 1 1 0 0 0 0 0
69.9353 0 1 0 1 1 0 0 0 0 0 2 0 0 1 0 0 0 0 0
74.2538 0 0 0 1 0 0 0 1 0 0 3 0 0 1 0 0 0 0 0
81.5205 0 0 1 1 0 0 0 1 0 0 2 0 0 0 0 0 0 0 0
123.617 0 0 0 0 0 1 0 1 0 0 3 0 0 0 0 0 0 0 0
178.679 0 0 0 0 0 0 0 0 0 1 4 0 0 0 0 0 0 0 0
615.362 0 0 0 0 0 1 0 0 0 0 4 0 0 0 0 0 0 0 1
630.321 0 0 1 0 0 0 0 0 0 0 4 0 0 0 1 0 0 0 1
636.174 0 0 1 0 0 0 0 1 0 0 3 0 0 0 1 0 0 0 0
683.898 0 0 1 1 0 0 0 1 0 0 2 0 0 0 0 0 0 0 0
718.382 0 0 1 1 1 0 0 0 0 0 2 0 1 0 0 0 0 0 0
748.518 0 1 1 1 1 0 0 0 0 0 1 0 0 0 0 0 0 0 0
781.241 1 1 1 1 0 0 0 0 0 0 1 0 1 0 0 0 0 0 0
793.08 0 0 1 1 1 0 0 0 0 0 2 0 1 0 0 0 0 0 0
849.688 0 0 0 0 1 1 0 0 0 0 3 0 1 0 0 0 0 0 0
855.508 1 0 0 0 0 1 0 0 0 0 3 0 2 0 0 0 0 0 0
869.857 1 1 0 0 0 1 0 0 0 0 2 0 1 0 0 0 0 0 0
875.931 0 0 0 0 1 1 0 0 0 0 3 0 1 0 0 0 0 0 0
876.559 0 0 1 0 1 0 0 0 0 0 3 0 1 0 1 0 0 0 0
882.798 0 1 1 0 1 0 0 0 0 0 2 0 0 0 1 0 0 0 0
889.597 0 1 1 1 1 0 0 0 0 0 1 0 0 0 0 0 0 0 0
897.587 0 0 1 1 0 0 0 1 0 0 2 0 0 0 0 0 0 0 0
917.702 0 0 0 0 0 1 0 1 0 0 3 0 0 0 0 0 0 0 0
932.624 0 0 0 0 0 0 0 0 0 1 4 0 0 0 0 0 0 0 0
932.624 0 0 0 0 0 0 0 0 0 1 4 0 0 0 0 0 0 0 0
