0 0 0 0 0 0 0 0 0 0 0 5 1 2 1 1 0 0 0 0
12.2018 0 0 0 1 0 0 0 0 0 0 4 1 2 1 0 0 0 0 0
13.1662 0 1 0 1 0 0 0 0 0 0 3 1 1 1 0 0 0 0 0
27.7398 0 2 0 1 0 0 0 0 0 0 2 1 0 1 0 0 0 0 0
59.5704 0 2 1 1 0 0 0 0 0 0 1 1 0 0 0 0 0 0 0
95.9665 0 2 0 0 0 1 0 0 0 0 2 1 0 0 0 0 0 0 0
116.943 1 2 0 0 0 1 0 0 0 0 1 0 0 0 0 0 0 0 0
117.424 0 1 0 0 1 1 0 0 0 0 2 0 0 0 0 0 0 0 0
127.184 0 1 1 0 1 0 0 0 0 0 2 0 0 0 1 0 0 0 0
131.701 0 0 1 0 0 0 0 1 0 0 3 0 0 0 1 0 0 0 0
148.228 0 0 1 1 0 0 0 1 0 0 2 0 0 0 0 0 0 0 0
148.655 0 0 0 0 0 1 0 1 0 0 3 0 0 0 0 0 0 0 0
163.556 0 0 1 0 0 0 0 1 0 0 3 0 0 0 1 0 0 0 0
184.609 0 0 1 1 0 0 0 1 0 0 2 0 0 0 0 0 0 0 0
198.842 0 0 0 0 0 1 0 1 0 0 3 0 0 0 0 0 0 0 0
217.991 0 0 0 0 1 1 0 0 0 0 3 0 1 0 0 0 0 0 0
219.75 0 1 0 0 1 1 0 0 0 0 2 0 0 0 0 0 0 0 0
221.743 1 1 0 0 0 1 0 0 0 0 2 0 1 0 0 0 0 0 0
253.864 0 0 0 0 1 1 0 0 0 0 3 0 1 0 0 0 0 0 0
272.766 0 0 1 0 1 0 0 0 0 0 3 0 1 0 1 0 0 0 0
275.892 0 0 1 1 1 0 0 0 0 0 2 0 1 0 0 0 0 0 0
282.713 1 0 1 1 0 0 0 0 0 0 2 0 2 0 0 0 0 0 0
293.245 1 1 1 1 0 0 0 0 0 0 1 0 1 0 0 0 0 0 0
305.658 0 0 1 1 1 0 0 0 0 0 2 0 1 0 0 0 0 0 0
314.294 1 0 1 1 0 0 0 0 0 0 2 0 2 0 0 0 0 0 0
338.858 1 0 0 0 0 1 0 0 0 0 3 0 2 0 0 0 0 0 0
371.069 1 1 0 0 0 1 0 0 0 0 2 0 1 0 0 0 0 0 0
385.869 1 2 0 0 0 1 0 0 0 0 1 0 0 0 0 0 0 0 0
387.336 1 2 1 0 0 0 0 0 0 0 1 0 0 0 1 0 0 0 0
387.559 0 1 1 0 1 0 0 0 0 0 2 0 0 0 1 0 0 0 0
398.439 1 1 1 0 0 0 0 0 0 0 2 0 1 0 1 0 0 0 0
406.248 1 2 1 0 0 0 0 0 0 0 1 0 0 0 1 0 0 0 0
461.219 0 1 1 0 1 0 0 0 0 0 2 0 0 0 1 0 0 0 0
493.609 1 1 1 0 0 0 0 0 0 0 2 0 1 0 1 0 0 0 0
499.915 1 2 1 0 0 0 0 0 0 0 1 0 0 0 1 0 0 0 0
503.373 0 1 1 0 1 0 0 0 0 0 2 0 0 0 1 0 0 0 0
546.732 1 1 1 0 0 0 0 0 0 0 2 0 1 0 1 0 0 0 0
550.568 1 1 1 1 0 0 0 0 0 0 1 0 1 0 0 0 0 0 0
586.936 1 1 0 0 0 1 0 0 0 0 2 0 1 0 0 0 0 0 0
591.984 1 2 0 0 0 1 0 0 0 0 1 0 0 0 0 0 0 0 0
597.815 0 1 0 0 1 1 0 0 0 0 2 0 0 0 0 0 0 0 0
598.044 0 1 1 0 1 0 0 0 0 0 2 0 0 0 1 0 0 0 0
621.488 1 1 1 0 0 0 0 0 0 0 2 0 1 0 1 0 0 0 0
629.667 0 0 1 0 1 0 0 0 0 0 3 0 1 0 1 0 0 0 0
639.112 0 0 1 1 1 0 0 0 0 0 2 0 1 0 0 0 0 0 0
641.256 0 0 0 0 1 1 0 0 0 0 3 0 1 0 0 0 0 0 0
668.247 0 0 1 0 1 0 0 0 0 0 3 0 1 0 1 0 0 0 0
677.377 0 1 1 0 1 0 0 0 0 0 2 0 0 0 1 0 0 0 0
726.803 0 1 1 1 1 0 0 0 0 0 1 0 0 0 0 0 0 0 0
737.437 1 1 1 1 0 0 0 0 0 0 1 0 1 0 0 0 0 0 0
793.268 1 1 0 0 0 1 0 0 0 0 2 0 1 0 0 0 0 0 0
825.175 0 0 0 0 1 1 0 0 0 0 3 0 1 0 0 0 0 0 0
873.027 0 0 0 0 0 0 1 0 0 0 4 0 1 0 0 0 0 0 0
876.359 0 1 0 0 0 0 1 0 0 0 3 0 0 0 0 0 0 0 0
917.071 0 0 0 0 0 0 0 0 1 0 4 0 0 0 0 0 0 0 0
917.071 0 0 0 0 0 0 0 0 1 0 4 0 0 0 0 0 0 0 0
