0 0 0 0 0 0 0 0 0 0 0 5 1 2 1 1 0 0 0 0
7.68398 0 1 0 0 0 0 0 0 0 0 4 1 1 1 1 0 0 0 0
13.0825 0 1 0 1 0 0 0 0 0 0 3 1 1 1 0 0 0 0 0
15.5038 1 1 0 1 0 0 0 0 0 0 2 0 1 1 0 0 0 0 0
26.4735 0 0 0 1 1 0 0 0 0 0 3 0 1 1 0 0 0 0 0
52.8376 1 0 0 1 0 0 0 0 0 0 3 0 2 1 0 0 0 0 0
72.5384 1 0 1 1 0 0 0 0 0 0 2 0 2 0 0 0 0 0 0
97.0608 1 0 0 0 0 1 0 0 0 0 3 0 2 0 0 0 0 0 0
109.028 1 1 0 0 0 1 0 0 0 0 2 0 1 0 0 0 0 0 0
135.892 1 2 0 0 0 1 0 0 0 0 1 0 0 0 0 0 0 0 0
151.487 0 1 0 0 1 1 0 0 0 0 2 0 0 0 0 0 0 0 0
186.136 1 1 0 0 0 1 0 0 0 0 2 0 1 0 0 0 0 0 0
190.617 1 2 0 0 0 1 0 0 0 0 1 0 0 0 0 0 0 0 0
195.723 0 1 0 0 1 1 0 0 0 0 2 0 0 0 0 0 0 0 0
224.738 0 1 1 0 1 0 0 0 0 0 2 0 0 0 1 0 0 0 0
241.773 0 1 1 1 1 0 0 0 0 0 1 0 0 0 0 0 0 0 0
262.216 0 0 1 1 0 0 0 1 0 0 2 0 0 0 0 0 0 0 0
395.952 0 0 1 1 1 0 0 0 0 0 2 0 1 0 0 0 0 0 0
408.378 0 1 1 1 1 0 0 0 0 0 1 0 0 0 0 0 0 0 0
411.617 0 1 0 0 1 1 0 0 0 0 2 0 0 0 0 0 0 0 0
412.969 0 1 1 0 1 0 0 0 0 0 2 0 0 0 1 0 0 0 0
438.218 0 0 1 0 0 0 0 1 0 0 3 0 0 0 1 0 0 0 0
440.579 0 0 1 1 0 0 0 1 0 0 2 0 0 0 0 0 0 0 0
509.402 0 0 0 0 0 1 0 1 0 0 3 0 0 0 0 0 0 0 0
509.464 0 0 1 0 0 0 0 1 0 0 3 0 0 0 1 0 0 0 0
585.539 0 0 1 1 0 0 0 1 0 0 2 0 0 0 0 0 0 0 0
604.68 0 0 0 0 0 1 0 1 0 0 3 0 0 0 0 0 0 0 0
665.827 0 0 0 0 0 0 0 0 0 1 4 0 0 0 0 0 0 0 0
701.497 0 0 0 0 0 1 0 0 0 0 4 0 0 0 0 0 0 0 1
702.609 0 0 0 0 0 1 0 1 0 0 3 0 0 0 0 0 0 0 0
704.708 0 0 0 0 0 0 0 0 0 1 4 0 0 0 0 0 0 0 0
980.386 0 0 0 0 0 1 0 0 0 0 4 0 0 0 0 0 0 0 1
982.52 0 0 0 0 0 1 0 1 0 0 3 0 0 0 0 0 0 0 0
1050.4 0 0 0 0 0 0 0 0 0 1 4 0 0 0 0 0 0 0 0
1878.05 0 0 0 0 0 1 0 0 0 0 4 0 0 0 0 0 0 0 1
1894.25 0 0 0 0 0 1 0 1 0 0 3 0 0 0 0 0 0 0 0
1895.94 0 0 0 0 1 1 0 0 0 0 3 0 1 0 0 0 0 0 0
1898.65 0 1 0 0 1 1 0 0 0 0 2 0 0 0 0 0 0 0 0
1926.23 0 1 0 0 0 0 1 0 0 0 3 0 0 0 0 0 0 0 0
2011.84 0 0 0 0 0 0 0 0 1 0 4 0 0 0 0 0 0 0 0
3038.52 0 0 0 0 0 0 1 0 0 0 4 0 1 0 0 0 0 0 0
3043.94 0 1 0 0 0 0 1 0 0 0 3 0 0 0 0 0 0 0 0
3086.12 0 1 0 0 0 1 0 0 0 0 3 0 0 0 0 1 0 0 0
3100.12 0 1 0 0 1 1 0 0 0 0 2 0 0 0 0 0 0 0 0
3102.54 1 1 0 0 0 1 0 0 0 0 2 0 1 0 0 0 0 0 0
3112.52 1 2 0 0 0 1 0 0 0 0 1 0 0 0 0 0 0 0 0
3115.75 0 1 0 0 1 1 0 0 0 0 2 0 0 0 0 0 0 0 0
3154.1 1 1 0 0 0 1 0 0 0 0 2 0 1 0 0 0 0 0 0
3168.06 0 0 0 0 1 1 0 0 0 0 3 0 1 0 0 0 0 0 0
3191.22 1 0 0 0 0 1 0 0 0 0 3 0 2 0 0 0 0 0 0
3213.51 1 1 0 0 0 1 0 0 0 0 2 0 1 0 0 0 0 0 0
3270.79 0 0 0 0 1 1 0 0 0 0 3 0 1 0 0 0 0 0 0
3285.06 0 1 0 0 1 1 0 0 0 0 2 0 0 0 0 0 0 0 0
3367.24 1 1 0 0 0 1 0 0 0 0 2 0 1 0 0 0 0 0 0
3369.2 0 0 0 0 1 1 0 0 0 0 3 0 1 0 0 0 0 0 0
3371.86 1 0 0 0 0 1 0 0 0 0 3 0 2 0 0 0 0 0 0
3383.15 1 1 0 0 0 1 0 0 0 0 2 0 1 0 0 0 0 0 0
3396.56 1 2 0 0 0 1 0 0 0 0 1 0 0 0 0 0 0 0 0
3413.28 0 1 0 0 1 1 0 0 0 0 2 0 0 0 0 0 0 0 0
3433.36 0 0 0 0 0 1 0 1 0 0 3 0 0 0 0 0 0 0 0
3445.69 0 0 0 0 1 1 0 0 0 0 3 0 1 0 0 0 0 0 0
3466.74 0 0 1 0 1 0 0 0 0 0 3 0 1 0 1 0 0 0 0
3473.63 0 1 1 0 1 0 0 0 0 0 2 0 0 0 1 0 0 0 0
3494.17 0 0 1 0 0 0 0 1 0 0 3 0 0 0 1 0 0 0 0
3506.82 0 0 1 1 0 0 0 1 0 0 2 0 0 0 0 0 0 0 0
3538.06 0 0 1 1 1 0 0 0 0 0 2 0 1 0 0 0 0 0 0
3569.54 1 0 1 1 0 0 0 0 0 0 2 0 2 0 0 0 0 0 0
3570.11 1 1 1 1 0 0 0 0 0 0 1 0 1 0 0 0 0 0 0
3589.44 1 2 1 1 0 0 0 0 0 0 0 0 0 0 0 0 0 0 0
3632.79 0 1 1 1 1 0 0 0 0 0 1 0 0 0 0 0 0 0 0
3667.97 1 1 1 1 0 0 0 0 0 0 1 0 1 0 0 0 0 0 0
3673.49 1 1 0 0 0 1 0 0 0 0 2 0 1 0 0 0 0 0 0
3686.09 1 1 1 0 0 0 0 0 0 0 2 0 1 0 1 0 0 0 0
3696.55 0 0 1 0 1 0 0 0 0 0 3 0 1 0 1 0 0 0 0
3705.14 0 0 1 1 1 0 0 0 0 0 2 0 1 0 0 0 0 0 0
3717.16 0 0 0 0 1 1 0 0 0 0 3 0 1 0 0 0 0 0 0
3718.74 0 1 0 0 1 1 0 0 0 0 2 0 0 0 0 0 0 0 0
3724.9 0 0 0 0 0 1 0 1 0 0 3 0 0 0 0 0 0 0 0
3795.67 0 0 0 0 0 0 0 0 0 1 4 0 0 0 0 0 0 0 0
3795.67 0 0 0 0 0 0 0 0 0 1 4 0 0 0 0 0 0 0 0
