0 0 0 0 0 0 0 0 0 0 0 5 1 2 1 1 0 0 0 0
0.223182 0 1 0 0 0 0 0 0 0 0 4 1 1 1 1 0 0 0 0
4.33132 1 1 0 0 0 0 0 0 0 0 3 0 1 1 1 0 0 0 0
4.48367 1 2 0 0 0 0 0 0 0 0 2 0 0 1 1 0 0 0 0
5.01197 1 2 0 1 0 0 0 0 0 0 1 0 0 1 0 0 0 0 0
36.5309 0 1 0 1 1 0 0 0 0 0 2 0 0 1 0 0 0 0 0
76.9692 0 1 1 1 1 0 0 0 0 0 1 0 0 0 0 0 0 0 0
81.0239 1 1 1 1 0 0 0 0 0 0 1 0 1 0 0 0 0 0 0
146.852 1 2 1 1 0 0 0 0 0 0 0 0 0 0 0 0 0 0 0
148.305 0 1 1 1 1 0 0 0 0 0 1 0 0 0 0 0 0 0 0
210.148 0 1 0 0 1 1 0 0 0 0 2 0 0 0 0 0 0 0 0
232.107 0 1 0 0 0 0 1 0 0 0 3 0 0 0 0 0 0 0 0
268.504 0 1 0 0 0 1 0 0 0 0 3 0 0 0 0 1 0 0 0
290.162 0 1 1 0 0 0 0 0 0 0 3 0 0 0 1 1 0 0 0
308.975 0 1 1 1 0 0 0 0 0 0 2 0 0 0 0 1 0 0 0
309.536 0 1 0 0 0 1 0 0 0 0 3 0 0 0 0 1 0 0 0
389.03 0 1 0 0 1 1 0 0 0 0 2 0 0 0 0 0 0 0 0
391.27 1 1 0 0 0 1 0 0 0 0 2 0 1 0 0 0 0 0 0
439.981 1 2 0 0 0 1 0 0 0 0 1 0 0 0 0 0 0 0 0
448.782 0 1 0 0 1 1 0 0 0 0 2 0 0 0 0 0 0 0 0
454.977 0 1 1 0 1 0 0 0 0 0 2 0 0 0 1 0 0 0 0
479.139 0 1 1 1 1 0 0 0 0 0 1 0 0 0 0 0 0 0 0
485.467 0 1 0 0 1 1 0 0 0 0 2 0 0 0 0 0 0 0 0
497.548 1 1 0 0 0 1 0 0 0 0 2 0 1 0 0 0 0 0 0
499.973 1 1 1 0 0 0 0 0 0 0 2 0 1 0 1 0 0 0 0
502.676 1 1 1 1 0 0 0 0 0 0 1 0 1 0 0 0 0 0 0
508.809 0 0 1 1 1 0 0 0 0 0 2 0 1 0 0 0 0 0 0
553.833 1 0 1 1 0 0 0 0 0 0 2 0 2 0 0 0 0 0 0
587.337 1 1 1 1 0 0 0 0 0 0 1 0 1 0 0 0 0 0 0
616.718 1 1 0 0 0 1 0 0 0 0 2 0 1 0 0 0 0 0 0
631.562 0 0 0 0 1 1 0 0 0 0 3 0 1 0 0 0 0 0 0
634.792 0 1 0 0 1 1 0 0 0 0 2 0 0 0 0 0 0 0 0
664.607 1 1 0 0 0 1 0 0 0 0 2 0 1 0 0 0 0 0 0
712.779 0 0 0 0 1 1 0 0 0 0 3 0 1 0 0 0 0 0 0
721.058 0 1 0 0 1 1 0 0 0 0 2 0 0 0 0 0 0 0 0
737.92 0 0 0 0 0 1 0 1 0 0 3 0 0 0 0 0 0 0 0
743.578 0 0 1 0 0 0 0 1 0 0 3 0 0 0 1 0 0 0 0
796.389 0 0 1 1 0 0 0 1 0 0 2 0 0 0 0 0 0 0 0
805.526 0 0 1 1 1 0 0 0 0 0 2 0 1 0 0 0 0 0 0
822.866 0 1 1 1 1 0 0 0 0 0 1 0 0 0 0 0 0 0 0
869.808 0 1 0 0 1 1 0 0 0 0 2 0 0 0 0 0 0 0 0
877.832 0 1 1 0 1 0 0 0 0 0 2 0 0 0 1 0 0 0 0
894.453 0 1 1 1 1 0 0 0 0 0 1 0 0 0 0 0 0 0 0
931.969 0 0 1 1 0 0 0 1 0 0 2 0 0 0 0 0 0 0 0
987.209 0 0 0 0 0 1 0 1 0 0 3 0 0 0 0 0 0 0 0
1095.85 0 0 0 0 1 1 0 0 0 0 3 0 1 0 0 0 0 0 0
1099.74 0 1 0 0 1 1 0 0 0 0 2 0 0 0 0 0 0 0 0
1119.41 0 1 1 0 1 0 0 0 0 0 2 0 0 0 1 0 0 0 0
1132.29 1 1 1 0 0 0 0 0 0 0 2 0 1 0 1 0 0 0 0
1153.89 0 0 1 0 1 0 0 0 0 0 3 0 1 0 1 0 0 0 0
1168.08 0 0 1 1 1 0 0 0 0 0 2 0 1 0 0 0 0 0 0
1187.76 0 0 0 0 1 1 0 0 0 0 3 0 1 0 0 0 0 0 0
1200.81 0 0 1 0 1 0 0 0 0 0 3 0 1 0 1 0 0 0 0
1204.8 1 0 1 0 0 0 0 0 0 0 3 0 2 0 1 0 0 0 0
1228.94 1 1 1 0 0 0 0 0 0 0 2 0 1 0 1 0 0 0 0
1230.89 0 0 1 0 1 0 0 0 0 0 3 0 1 0 1 0 0 0 0
1243.57 0 1 1 0 1 0 0 0 0 0 2 0 0 0 1 0 0 0 0
1286.21 0 1 1 1 1 0 0 0 0 0 1 0 0 0 0 0 0 0 0
1312.58 0 1 0 0 1 1 0 0 0 0 2 0 0 0 0 0 0 0 0
1332.83 1 1 0 0 0 1 0 0 0 0 2 0 1 0 0 0 0 0 0
1339.3 1 1 1 0 0 0 0 0 0 0 2 0 1 0 1 0 0 0 0
1358.71 1 2 1 0 0 0 0 0 0 0 1 0 0 0 1 0 0 0 0
1398.54 0 1 1 0 1 0 0 0 0 0 2 0 0 0 1 0 0 0 0
1412.5 0 1 1 1 1 0 0 0 0 0 1 0 0 0 0 0 0 0 0
1451.04 1 1 1 1 0 0 0 0 0 0 1 0 1 0 0 0 0 0 0
1457.49 1 1 0 0 0 1 0 0 0 0 2 0 1 0 0 0 0 0 0
1474.42 0 0 0 0 1 1 0 0 0 0 3 0 1 0 0 0 0 0 0
1480.95 0 1 0 0 1 1 0 0 0 0 2 0 0 0 0 0 0 0 0
1491.6 0 0 0 0 0 1 0 1 0 0 3 0 0 0 0 0 0 0 0
1572.7 0 0 1 0 0 0 0 1 0 0 3 0 0 0 1 0 0 0 0
1591.58 0 0 1 1 0 0 0 1 0 0 2 0 0 0 0 0 0 0 0
1596.3 0 0 1 1 1 0 0 0 0 0 2 0 1 0 0 0 0 0 0
1608.35 0 1 1 1 1 0 0 0 0 0 1 0 0 0 0 0 0 0 0
1619.32 1 1 1 1 0 0 0 0 0 0 1 0 1 0 0 0 0 0 0
1650.99 1 2 1 1 0 0 0 0 0 0 0 0 0 0 0 0 0 0 0
1673.58 0 1 1 1 1 0 0 0 0 0 1 0 0 0 0 0 0 0 0
1698.3 1 1 1 1 0 0 0 0 0 0 1 0 1 0 0 0 0 0 0
1713.26 1 1 0 0 0 1 0 0 0 0 2 0 1 0 0 0 0 0 0
1735.64 0 0 0 0 1 1 0 0 0 0 3 0 1 0 0 0 0 0 0
1757.2 0 0 1 0 1 0 0 0 0 0 3 0 1 0 1 0 0 0 0
1759.96 0 0 1 1 1 0 0 0 0 0 2 0 1 0 0 0 0 0 0
1828.81 1 0 1 1 0 0 0 0 0 0 2 0 2 0 0 0 0 0 0
1870.05 1 1 1 1 0 0 0 0 0 0 1 0 1 0 0 0 0 0 0
1916.13 1 1 0 0 0 1 0 0 0 0 2 0 1 0 0 0 0 0 0
2033.11 0 0 0 0 1 1 0 0 0 0 3 0 1 0 0 0 0 0 0
2048.24 0 0 1 0 1 0 0 0 0 0 3 0 1 0 1 0 0 0 0
2068.55 0 1 1 0 1 0 0 0 0 0 2 0 0 0 1 0 0 0 0
2091.84 0 1 1 1 1 0 0 0 0 0 1 0 0 0 0 0 0 0 0
2123.15 1 1 1 1 0 0 0 0 0 0 1 0 1 0 0 0 0 0 0
2139.29 1 1 0 0 0 1 0 0 0 0 2 0 1 0 0 0 0 0 0
2143.48 1 2 0 0 0 1 0 0 0 0 1 0 0 0 0 0 0 0 0
2159.81 0 1 0 0 1 1 0 0 0 0 2 0 0 0 0 0 0 0 0
2170.52 0 1 0 0 0 0 1 0 0 0 3 0 0 0 0 0 0 0 0
2192.58 0 1 0 0 0 1 0 0 0 0 3 0 0 0 0 1 0 0 0
2250.15 0 1 0 0 1 1 0 0 0 0 2 0 0 0 0 0 0 0 0
2263.73 0 1 1 0 1 0 0 0 0 0 2 0 0 0 1 0 0 0 0
2266.55 1 1 1 0 0 0 0 0 0 0 2 0 1 0 1 0 0 0 0
2296.24 1 1 1 1 0 0 0 0 0 0 1 0 1 0 0 0 0 0 0
2340.69 0 0 1 1 1 0 0 0 0 0 2 0 1 0 0 0 0 0 0
2349.26 0 0 0 0 1 1 0 0 0 0 3 0 1 0 0 0 0 0 0
2357.3 0 1 0 0 1 1 0 0 0 0 2 0 0 0 0 0 0 0 0
2365.69 1 1 0 0 0 1 0 0 0 0 2 0 1 0 0 0 0 0 0
2402.52 1 2 0 0 0 1 0 0 0 0 1 0 0 0 0 0 0 0 0
2422.48 0 1 0 0 1 1 0 0 0 0 2 0 0 0 0 0 0 0 0
2426.05 0 1 1 0 1 0 0 0 0 0 2 0 0 0 1 0 0 0 0
2427.24 0 1 1 1 1 0 0 0 0 0 1 0 0 0 0 0 0 0 0
2430.33 0 0 1 1 0 0 0 1 0 0 2 0 0 0 0 0 0 0 0
2438.95 0 0 0 0 0 1 0 1 0 0 3 0 0 0 0 0 0 0 0
2456.75 0 0 0 0 0 0 0 0 0 1 4 0 0 0 0 0 0 0 0
2456.75 0 0 0 0 0 0 0 0 0 1 4 0 0 0 0 0 0 0 0
