0 0 0 0 0 0 0 0 0 0 0 5 1 2 1 1 0 0 0 0
0.0881677 0 1 0 0 0 0 0 0 0 0 4 1 1 1 1 0 0 0 0
9.92549 0 1 0 1 0 0 0 0 0 0 3 1 1 1 0 0 0 0 0
16.0687 0 2 0 1 0 0 0 0 0 0 2 1 0 1 0 0 0 0 0
24.1283 1 2 0 1 0 0 0 0 0 0 1 0 0 1 0 0 0 0 0
58.5216 0 1 0 1 1 0 0 0 0 0 2 0 0 1 0 0 0 0 0
65.4372 0 1 1 1 1 0 0 0 0 0 1 0 0 0 0 0 0 0 0
83.1175 1 1 1 1 0 0 0 0 0 0 1 0 1 0 0 0 0 0 0
128.85 0 0 1 1 1 0 0 0 0 0 2 0 1 0 0 0 0 0 0
138.199 0 1 1 1 1 0 0 0 0 0 1 0 0 0 0 0 0 0 0
156.841 0 1 0 0 1 1 0 0 0 0 2 0 0 0 0 0 0 0 0
162.297 1 1 0 0 0 1 0 0 0 0 2 0 1 0 0 0 0 0 0
168.25 1 2 0 0 0 1 0 0 0 0 1 0 0 0 0 0 0 0 0
170.417 0 1 0 0 1 1 0 0 0 0 2 0 0 0 0 0 0 0 0
198.678 0 1 0 0 0 0 1 0 0 0 3 0 0 0 0 0 0 0 0
241.072 0 0 0 0 0 0 0 0 1 0 4 0 0 0 0 0 0 0 0
1744.36 0 0 0 0 0 0 1 0 0 0 4 0 1 0 0 0 0 0 0
1747.06 0 1 0 0 0 0 1 0 0 0 3 0 0 0 0 0 0 0 0
1803 0 0 0 0 0 0 0 0 1 0 4 0 0 0 0 0 0 0 0
1803 0 0 0 0 0 0 0 0 1 0 4 0 0 0 0 0 0 0 0
