0 0 0 0 0 0 0 0 0 0 0 5 1 2 1 1 0 0 0 0
0.707962 0 0 1 0 0 0 0 0 0 0 4 1 2 0 1 0 0 0 0
21.0438 0 1 1 0 0 0 0 0 0 0 3 1 1 0 1 0 0 0 0
30.6565 0 1 1 1 0 0 0 0 0 0 2 1 1 0 0 0 0 0 0
48.7699 0 2 1 1 0 0 0 0 0 0 1 1 0 0 0 0 0 0 0
52.9073 0 2 0 0 0 1 0 0 0 0 2 1 0 0 0 0 0 0 0
68.5735 1 2 0 0 0 1 0 0 0 0 1 0 0 0 0 0 0 0 0
92.3017 0 1 0 0 1 1 0 0 0 0 2 0 0 0 0 0 0 0 0
120.835 1 1 0 0 0 1 0 0 0 0 2 0 1 0 0 0 0 0 0
122.281 0 0 0 0 1 1 0 0 0 0 3 0 1 0 0 0 0 0 0
137.265 0 1 0 0 1 1 0 0 0 0 2 0 0 0 0 0 0 0 0
146.575 1 1 0 0 0 1 0 0 0 0 2 0 1 0 0 0 0 0 0
224.602 0 0 0 0 1 1 0 0 0 0 3 0 1 0 0 0 0 0 0
226.053 0 1 0 0 1 1 0 0 0 0 2 0 0 0 0 0 0 0 0
241.995 0 1 0 0 0 0 1 0 0 0 3 0 0 0 0 0 0 0 0
282.014 0 0 0 0 0 0 0 0 1 0 4 0 0 0 0 0 0 0 0
1855.64 0 0 0 0 0 0 1 0 0 0 4 0 1 0 0 0 0 0 0
1891.76 0 1 0 0 0 0 1 0 0 0 3 0 0 0 0 0 0 0 0
1894.34 0 0 0 0 0 0 0 0 1 0 4 0 0 0 0 0 0 0 0
1894.34 0 0 0 0 0 0 0 0 1 0 4 0 0 0 0 0 0 0 0
