0 0 0 0 0 0 0 0 0 0 0 5 1 2 1 1 0 0 0 0
5.13106 0 0 1 0 0 0 0 0 0 0 4 1 2 0 1 0 0 0 0
18.8822 1 0 1 0 0 0 0 0 0 0 3 0 2 0 1 0 0 0 0
71.4311 1 1 1 0 0 0 0 0 0 0 2 0 1 0 1 0 0 0 0
75.347 0 0 1 0 1 0 0 0 0 0 3 0 1 0 1 0 0 0 0
106.38 0 1 1 0 1 0 0 0 0 0 2 0 0 0 1 0 0 0 0
144.555 0 0 1 0 0 0 0 1 0 0 3 0 0 0 1 0 0 0 0
158.491 0 0 1 1 0 0 0 1 0 0 2 0 0 0 0 0 0 0 0
180.215 0 0 1 1 1 0 0 0 0 0 2 0 1 0 0 0 0 0 0
185.703 0 0 0 0 1 1 0 0 0 0 3 0 1 0 0 0 0 0 0
197.605 0 0 1 0 1 0 0 0 0 0 3 0 1 0 1 0 0 0 0
210.53 0 0 1 1 1 0 0 0 0 0 2 0 1 0 0 0 0 0 0
215.438 1 0 1 1 0 0 0 0 0 0 2 0 2 0 0 0 0 0 0
216.539 1 1 1 1 0 0 0 0 0 0 1 0 1 0 0 0 0 0 0
238.078 0 0 1 1 1 0 0 0 0 0 2 0 1 0 0 0 0 0 0
261.229 0 0 0 0 1 1 0 0 0 0 3 0 1 0 0 0 0 0 0
277.482 0 0 1 0 1 0 0 0 0 0 3 0 1 0 1 0 0 0 0
280.302 0 1 1 0 1 0 0 0 0 0 2 0 0 0 1 0 0 0 0
286.585 0 1 1 1 1 0 0 0 0 0 1 0 0 0 0 0 0 0 0
358.876 0 0 1 1 0 0 0 1 0 0 2 0 0 0 0 0 0 0 0
482.791 0 0 0 0 0 1 0 1 0 0 3 0 0 0 0 0 0 0 0
484.665 0 0 0 0 0 0 0 0 0 1 4 0 0 0 0 0 0 0 0
484.665 0 0 0 0 0 0 0 0 0 1 4 0 0 0 0 0 0 0 0
