0 0 0 0 0 0 0 0 0 0 0 5 1 2 1 1 0 0 0 0
2.18634 0 0 1 0 0 0 0 0 0 0 4 1 2 0 1 0 0 0 0
7.97081 0 1 1 0 0 0 0 0 0 0 3 1 1 0 1 0 0 0 0
30.6059 1 1 1 0 0 0 0 0 0 0 2 0 1 0 1 0 0 0 0
70.6793 1 2 1 0 0 0 0 0 0 0 1 0 0 0 1 0 0 0 0
85.0893 0 1 1 0 1 0 0 0 0 0 2 0 0 0 1 0 0 0 0
95.0639 0 0 1 0 0 0 0 1 0 0 3 0 0 0 1 0 0 0 0
108.454 0 0 1 1 0 0 0 1 0 0 2 0 0 0 0 0 0 0 0
364.089 0 0 0 0 0 1 0 1 0 0 3 0 0 0 0 0 0 0 0
390.463 0 0 1 0 0 0 0 1 0 0 3 0 0 0 1 0 0 0 0
403.619 0 0 1 1 0 0 0 1 0 0 2 0 0 0 0 0 0 0 0
426.725 0 0 0 0 0 1 0 1 0 0 3 0 0 0 0 0 0 0 0
432.106 0 0 0 0 1 1 0 0 0 0 3 0 1 0 0 0 0 0 0
443.238 0 1 0 0 1 1 0 0 0 0 2 0 0 0 0 0 0 0 0
446.003 0 1 0 0 0 0 1 0 0 0 3 0 0 0 0 0 0 0 0
449.716 0 0 0 0 0 0 0 0 1 0 4 0 0 0 0 0 0 0 0
2083.77 0 0 0 0 0 0 1 0 0 0 4 0 1 0 0 0 0 0 0
2087.33 0 1 0 0 0 0 1 0 0 0 3 0 0 0 0 0 0 0 0
2213.45 0 1 0 0 0 1 0 0 0 0 3 0 0 0 0 1 0 0 0
2321.81 0 1 0 0 1 1 0 0 0 0 2 0 0 0 0 0 0 0 0
2344.1 1 1 0 0 0 1 0 0 0 0 2 0 1 0 0 0 0 0 0
2354.85 1 2 0 0 0 1 0 0 0 0 1 0 0 0 0 0 0 0 0
2361.09 0 1 0 0 1 1 0 0 0 0 2 0 0 0 0 0 0 0 0
2395.41 1 1 0 0 0 1 0 0 0 0 2 0 1 0 0 0 0 0 0
2400.57 1 2 0 0 0 1 0 0 0 0 1 0 0 0 0 0 0 0 0
2424.02 0 1 0 0 1 1 0 0 0 0 2 0 0 0 0 0 0 0 0
2445.67 0 1 1 0 1 0 0 0 0 0 2 0 0 0 1 0 0 0 0
2449.26 0 0 1 0 0 0 0 1 0 0 3 0 0 0 1 0 0 0 0
2456.36 0 0 1 1 0 0 0 1 0 0 2 0 0 0 0 0 0 0 0
2533.73 0 0 0 0 0 1 0 1 0 0 3 0 0 0 0 0 0 0 0
2572.29 0 0 0 0 0 0 0 0 0 1 4 0 0 0 0 0 0 0 0
3535.95 0 0 0 0 0 1 0 0 0 0 4 0 0 0 0 0 0 0 1
3546.98 0 0 0 0 0 1 0 1 0 0 3 0 0 0 0 0 0 0 0
3579.51 0 0 1 0 0 0 0 1 0 0 3 0 0 0 1 0 0 0 0
3592.17 0 0 1 1 0 0 0 1 0 0 2 0 0 0 0 0 0 0 0
3597.87 0 0 1 1 1 0 0 0 0 0 2 0 1 0 0 0 0 0 0
3599.13 1 0 1 1 0 0 0 0 0 0 2 0 2 0 0 0 0 0 0
3602.91 1 1 1 1 0 0 0 0 0 0 1 0 1 0 0 0 0 0 0
3611.54 1 2 1 1 0 0 0 0 0 0 0 0 0 0 0 0 0 0 0
3626.21 0 1 1 1 1 0 0 0 0 0 1 0 0 0 0 0 0 0 0
3638.63 1 1 1 1 0 0 0 0 0 0 1 0 1 0 0 0 0 0 0
3641.53 1 2 1 1 0 0 0 0 0 0 0 0 0 0 0 0 0 0 0
3643.77 1 2 0 0 0 1 0 0 0 0 1 0 0 0 0 0 0 0 0
3731.11 0 1 0 0 1 1 0 0 0 0 2 0 0 0 0 0 0 0 0
3731.12 0 1 0 0 0 0 1 0 0 0 3 0 0 0 0 0 0 0 0
3800.87 0 0 0 0 0 0 0 0 1 0 4 0 0 0 0 0 0 0 0
3800.87 0 0 0 0 0 0 0 0 1 0 4 0 0 0 0 0 0 0 0
