0 0 0 0 0 0 0 0 0 0 0 5 1 2 1 1 0 0 0 0
1.62762 0 1 0 0 0 0 0 0 0 0 4 1 1 1 1 0 0 0 0
13.4367 0 1 0 1 0 0 0 0 0 0 3 1 1 1 0 0 0 0 0
22.5905 1 1 0 1 0 0 0 0 0 0 2 0 1 1 0 0 0 0 0
38.6547 1 1 1 1 0 0 0 0 0 0 1 0 1 0 0 0 0 0 0
38.7213 1 1 0 0 0 1 0 0 0 0 2 0 1 0 0 0 0 0 0
53.7511 1 2 0 0 0 1 0 0 0 0 1 0 0 0 0 0 0 0 0
75.0671 0 1 0 0 1 1 0 0 0 0 2 0 0 0 0 0 0 0 0
91.926 0 1 0 0 0 0 1 0 0 0 3 0 0 0 0 0 0 0 0
109.997 0 0 0 0 0 0 0 0 1 0 4 0 0 0 0 0 0 0 0
425.012 0 0 0 0 0 0 1 0 0 0 4 0 1 0 0 0 0 0 0
480.224 0 0 0 0 0 1 0 0 0 0 4 0 1 0 0 1 0 0 0
496.708 0 1 0 0 0 1 0 0 0 0 3 0 0 0 0 1 0 0 0
517.372 0 1 0 0 1 1 0 0 0 0 2 0 0 0 0 0 0 0 0
532.898 0 0 0 0 0 1 0 1 0 0 3 0 0 0 0 0 0 0 0
546.069 0 0 0 0 0 0 0 0 0 1 4 0 0 0 0 0 0 0 0
546.069 0 0 0 0 0 0 0 0 0 1 4 0 0 0 0 0 0 0 0
