0 0 0 0 0 0 0 0 0 0 0 5 1 2 1 1 0 0 0 0
1.39948 0 0 1 0 0 0 0 0 0 0 4 1 2 0 1 0 0 0 0
7.2431 0 1 1 0 0 0 0 0 0 0 3 1 1 0 1 0 0 0 0
28.9637 0 1 1 1 0 0 0 0 0 0 2 1 1 0 0 0 0 0 0
33.9506 0 1 0 0 0 1 0 0 0 0 3 1 1 0 0 0 0 0 0
58.7471 1 1 0 0 0 1 0 0 0 0 2 0 1 0 0 0 0 0 0
63.8036 0 0 0 0 1 1 0 0 0 0 3 0 1 0 0 0 0 0 0
73.0559 1 0 0 0 0 1 0 0 0 0 3 0 2 0 0 0 0 0 0
80.7042 1 1 0 0 0 1 0 0 0 0 2 0 1 0 0 0 0 0 0
83.9386 0 0 0 0 1 1 0 0 0 0 3 0 1 0 0 0 0 0 0
92.9444 1 0 0 0 0 1 0 0 0 0 3 0 2 0 0 0 0 0 0
110.146 1 0 1 0 0 0 0 0 0 0 3 0 2 0 1 0 0 0 0
116.812 1 1 1 0 0 0 0 0 0 0 2 0 1 0 1 0 0 0 0
136.322 1 2 1 0 0 0 0 0 0 0 1 0 0 0 1 0 0 0 0
139.037 1 2 1 1 0 0 0 0 0 0 0 0 0 0 0 0 0 0 0
167.702 0 1 1 1 1 0 0 0 0 0 1 0 0 0 0 0 0 0 0
171.132 1 1 1 1 0 0 0 0 0 0 1 0 1 0 0 0 0 0 0
205.812 0 0 1 1 1 0 0 0 0 0 2 0 1 0 0 0 0 0 0
213.612 1 0 1 1 0 0 0 0 0 0 2 0 2 0 0 0 0 0 0
267.348 1 1 1 1 0 0 0 0 0 0 1 0 1 0 0 0 0 0 0
283.296 0 0 1 1 1 0 0 0 0 0 2 0 1 0 0 0 0 0 0
290.555 1 0 1 1 0 0 0 0 0 0 2 0 2 0 0 0 0 0 0
310.191 1 0 0 0 0 1 0 0 0 0 3 0 2 0 0 0 0 0 0
314.7 1 1 0 0 0 1 0 0 0 0 2 0 1 0 0 0 0 0 0
320.805 1 2 0 0 0 1 0 0 0 0 1 0 0 0 0 0 0 0 0
385.386 0 1 0 0 1 1 0 0 0 0 2 0 0 0 0 0 0 0 0
385.863 0 0 0 0 0 1 0 1 0 0 3 0 0 0 0 0 0 0 0
417.567 0 0 1 0 0 0 0 1 0 0 3 0 0 0 1 0 0 0 0
418.783 0 0 1 1 0 0 0 1 0 0 2 0 0 0 0 0 0 0 0
421.845 0 0 1 1 1 0 0 0 0 0 2 0 1 0 0 0 0 0 0
435.307 0 0 0 0 1 1 0 0 0 0 3 0 1 0 0 0 0 0 0
446.106 1 0 0 0 0 1 0 0 0 0 3 0 2 0 0 0 0 0 0
471.753 1 1 0 0 0 1 0 0 0 0 2 0 1 0 0 0 0 0 0
485.012 1 2 0 0 0 1 0 0 0 0 1 0 0 0 0 0 0 0 0
549.698 0 1 0 0 1 1 0 0 0 0 2 0 0 0 0 0 0 0 0
577.723 1 1 0 0 0 1 0 0 0 0 2 0 1 0 0 0 0 0 0
581.86 1 2 0 0 0 1 0 0 0 0 1 0 0 0 0 0 0 0 0
583.628 0 1 0 0 1 1 0 0 0 0 2 0 0 0 0 0 0 0 0
628.832 1 1 0 0 0 1 0 0 0 0 2 0 1 0 0 0 0 0 0
686.503 1 2 0 0 0 1 0 0 0 0 1 0 0 0 0 0 0 0 0
721.553 0 1 0 0 1 1 0 0 0 0 2 0 0 0 0 0 0 0 0
757.026 0 1 0 0 0 0 1 0 0 0 3 0 0 0 0 0 0 0 0
788.132 0 0 0 0 0 0 0 0 1 0 4 0 0 0 0 0 0 0 0
1219.67 0 0 0 0 0 0 1 0 0 0 4 0 1 0 0 0 0 0 0
1255.45 0 1 0 0 0 0 1 0 0 0 3 0 0 0 0 0 0 0 0
1310.31 0 0 0 0 0 0 0 0 1 0 4 0 0 0 0 0 0 0 0
1505.09 0 0 0 0 0 0 1 0 0 0 4 0 1 0 0 0 0 0 0
1610.49 0 0 0 0 0 1 0 0 0 0 4 0 1 0 0 1 0 0 0
1617.54 0 0 0 0 1 1 0 0 0 0 3 0 1 0 0 0 0 0 0
1619.56 0 1 0 0 1 1 0 0 0 0 2 0 0 0 0 0 0 0 0
1652.01 0 1 0 0 0 0 1 0 0 0 3 0 0 0 0 0 0 0 0
1731.15 0 0 0 0 0 0 0 0 1 0 4 0 0 0 0 0 0 0 0
1738.69 0 0 0 0 0 0 1 0 0 0 4 0 1 0 0 0 0 0 0
1776.5 0 1 0 0 0 0 1 0 0 0 3 0 0 0 0 0 0 0 0
1786.71 0 0 0 0 0 0 0 0 1 0 4 0 0 0 0 0 0 0 0
1870.72 0 0 0 0 0 0 1 0 0 0 4 0 1 0 0 0 0 0 0
1889.38 0 1 0 0 0 0 1 0 0 0 3 0 0 0 0 0 0 0 0
1948.25 0 1 0 0 0 1 0 0 0 0 3 0 0 0 0 1 0 0 0
1961.03 0 1 1 0 0 0 0 0 0 0 3 0 0 0 1 1 0 0 0
1972.42 0 1 1 0 1 0 0 0 0 0 2 0 0 0 1 0 0 0 0
1977.65 0 1 1 1 1 0 0 0 0 0 1 0 0 0 0 0 0 0 0
1993.04 1 1 1 1 0 0 0 0 0 0 1 0 1 0 0 0 0 0 0
2003.04 1 1 0 0 0 1 0 0 0 0 2 0 1 0 0 0 0 0 0
2011.74 0 0 0 0 1 1 0 0 0 0 3 0 1 0 0 0 0 0 0
2050.28 0 0 1 0 1 0 0 0 0 0 3 0 1 0 1 0 0 0 0
2052.88 0 1 1 0 1 0 0 0 0 0 2 0 0 0 1 0 0 0 0
2061.19 0 0 1 0 0 0 0 1 0 0 3 0 0 0 1 0 0 0 0
2094.34 0 0 1 1 0 0 0 1 0 0 2 0 0 0 0 0 0 0 0
2161.61 0 0 0 0 0 1 0 1 0 0 3 0 0 0 0 0 0 0 0
2171.35 0 0 0 0 0 0 0 0 0 1 4 0 0 0 0 0 0 0 0
3497.13 0 0 0 0 0 1 0 0 0 0 4 0 0 0 0 0 0 0 1
3542.89 0 0 1 0 0 0 0 0 0 0 4 0 0 0 1 0 0 0 1
3545.98 0 0 1 1 0 0 0 0 0 0 3 0 0 0 0 0 0 0 1
3592.02 0 0 1 1 0 0 0 1 0 0 2 0 0 0 0 0 0 0 0
3619.15 0 0 0 0 0 1 0 1 0 0 3 0 0 0 0 0 0 0 0
3669.76 0 0 0 0 0 0 0 0 0 1 4 0 0 0 0 0 0 0 0
3669.76 0 0 0 0 0 0 0 0 0 1 4 0 0 0 0 0 0 0 0
