0 0 0 0 0 0 0 0 0 0 0 5 1 2 1 1 0 0 0 0
3.78765 1 0 0 0 0 0 0 0 0 0 4 0 2 1 1 0 0 0 0
4.44321 1 0 0 1 0 0 0 0 0 0 3 0 2 1 0 0 0 0 0
28.3268 1 1 0 1 0 0 0 0 0 0 2 0 1 1 0 0 0 0 0
66.2355 1 2 0 1 0 0 0 0 0 0 1 0 0 1 0 0 0 0 0
106.665 1 2 1 1 0 0 0 0 0 0 0 0 0 0 0 0 0 0 0
138.363 0 1 1 1 1 0 0 0 0 0 1 0 0 0 0 0 0 0 0
146.787 0 1 0 0 1 1 0 0 0 0 2 0 0 0 0 0 0 0 0
147.639 1 1 0 0 0 1 0 0 0 0 2 0 1 0 0 0 0 0 0
178.526 1 1 1 0 0 0 0 0 0 0 2 0 1 0 1 0 0 0 0
179.738 0 0 1 0 1 0 0 0 0 0 3 0 1 0 1 0 0 0 0
186.783 0 0 1 1 1 0 0 0 0 0 2 0 1 0 0 0 0 0 0
292.057 1 0 1 1 0 0 0 0 0 0 2 0 2 0 0 0 0 0 0
304.72 1 1 1 1 0 0 0 0 0 0 1 0 1 0 0 0 0 0 0
350.182 1 1 0 0 0 1 0 0 0 0 2 0 1 0 0 0 0 0 0
374.307 1 2 0 0 0 1 0 0 0 0 1 0 0 0 0 0 0 0 0
383.94 0 1 0 0 1 1 0 0 0 0 2 0 0 0 0 0 0 0 0
389.594 1 1 0 0 0 1 0 0 0 0 2 0 1 0 0 0 0 0 0
404.274 1 2 0 0 0 1 0 0 0 0 1 0 0 0 0 0 0 0 0
480.051 0 1 0 0 1 1 0 0 0 0 2 0 0 0 0 0 0 0 0
503.726 0 1 0 0 0 0 1 0 0 0 3 0 0 0 0 0 0 0 0
552.935 0 0 0 0 0 0 0 0 1 0 4 0 0 0 0 0 0 0 0
1675.27 0 0 0 0 0 0 1 0 0 0 4 0 1 0 0 0 0 0 0
1682.87 0 1 0 0 0 0 1 0 0 0 3 0 0 0 0 0 0 0 0
1706.2 0 1 0 0 0 1 0 0 0 0 3 0 0 0 0 1 0 0 0
1708.25 0 1 0 0 1 1 0 0 0 0 2 0 0 0 0 0 0 0 0
1785.4 0 0 0 0 0 1 0 1 0 0 3 0 0 0 0 0 0 0 0
1819.42 0 0 0 0 0 0 0 0 0 1 4 0 0 0 0 0 0 0 0
1819.42 0 0 0 0 0 0 0 0 0 1 4 0 0 0 0 0 0 0 0
