0 0 0 0 0 0 0 0 0 0 0 5 1 2 1 1 0 0 0 0
4.67235 0 0 0 1 0 0 0 0 0 0 4 1 2 1 0 0 0 0 0
11.2502 0 1 0 1 0 0 0 0 0 0 3 1 1 1 0 0 0 0 0
15.7343 1 1 0 1 0 0 0 0 0 0 2 0 1 1 0 0 0 0 0
51.6523 1 2 0 1 0 0 0 0 0 0 1 0 0 1 0 0 0 0 0
56.7606 1 2 1 1 0 0 0 0 0 0 0 0 0 0 0 0 0 0 0
77.1062 0 1 1 1 1 0 0 0 0 0 1 0 0 0 0 0 0 0 0
100.69 1 1 1 1 0 0 0 0 0 0 1 0 1 0 0 0 0 0 0
132.93 1 1 0 0 0 1 0 0 0 0 2 0 1 0 0 0 0 0 0
141.387 1 1 1 0 0 0 0 0 0 0 2 0 1 0 1 0 0 0 0
141.655 1 2 1 0 0 0 0 0 0 0 1 0 0 0 1 0 0 0 0
160.41 0 1 1 0 1 0 0 0 0 0 2 0 0 0 1 0 0 0 0
176.502 0 1 1 1 1 0 0 0 0 0 1 0 0 0 0 0 0 0 0
182.182 1 1 1 1 0 0 0 0 0 0 1 0 1 0 0 0 0 0 0
235.901 0 0 1 1 1 0 0 0 0 0 2 0 1 0 0 0 0 0 0
259.838 1 0 1 1 0 0 0 0 0 0 2 0 2 0 0 0 0 0 0
268.042 1 1 1 1 0 0 0 0 0 0 1 0 1 0 0 0 0 0 0
296.23 1 2 1 1 0 0 0 0 0 0 0 0 0 0 0 0 0 0 0
326.897 1 2 0 0 0 1 0 0 0 0 1 0 0 0 0 0 0 0 0
362.074 0 1 0 0 1 1 0 0 0 0 2 0 0 0 0 0 0 0 0
387.002 0 1 0 0 0 0 1 0 0 0 3 0 0 0 0 0 0 0 0
475.51 0 0 0 0 0 0 0 0 1 0 4 0 0 0 0 0 0 0 0
2282.07 0 0 0 0 0 0 1 0 0 0 4 0 1 0 0 0 0 0 0
2306.48 0 1 0 0 0 0 1 0 0 0 3 0 0 0 0 0 0 0 0
2308.7 0 0 0 0 0 0 0 0 1 0 4 0 0 0 0 0 0 0 0
2308.7 0 0 0 0 0 0 0 0 1 0 4 0 0 0 0 0 0 0 0
