0 0 0 0 0 0 0 0 0 0 0 5 1 2 1 1 0 0 0 0
0.76697 0 1 0 0 0 0 0 0 0 0 4 1 1 1 1 0 0 0 0
9.70454 0 2 0 0 0 0 0 0 0 0 3 1 0 1 1 0 0 0 0
10.8125 0 2 0 1 0 0 0 0 0 0 2 1 0 1 0 0 0 0 0
54.2652 0 2 1 1 0 0 0 0 0 0 1 1 0 0 0 0 0 0 0
75.2778 1 2 1 1 0 0 0 0 0 0 0 0 0 0 0 0 0 0 0
116.275 0 1 1 1 1 0 0 0 0 0 1 0 0 0 0 0 0 0 0
120.714 1 1 1 1 0 0 0 0 0 0 1 0 1 0 0 0 0 0 0
128.71 0 0 1 1 1 0 0 0 0 0 2 0 1 0 0 0 0 0 0
158.685 0 0 0 0 1 1 0 0 0 0 3 0 1 0 0 0 0 0 0
167.452 1 0 0 0 0 1 0 0 0 0 3 0 2 0 0 0 0 0 0
168.112 1 1 0 0 0 1 0 0 0 0 2 0 1 0 0 0 0 0 0
170.38 1 2 0 0 0 1 0 0 0 0 1 0 0 0 0 0 0 0 0
173.366 0 1 0 0 1 1 0 0 0 0 2 0 0 0 0 0 0 0 0
174.496 0 0 0 0 0 1 0 1 0 0 3 0 0 0 0 0 0 0 0
180.83 0 0 0 0 1 1 0 0 0 0 3 0 1 0 0 0 0 0 0
192.059 0 1 0 0 1 1 0 0 0 0 2 0 0 0 0 0 0 0 0
204.678 1 1 0 0 0 1 0 0 0 0 2 0 1 0 0 0 0 0 0
256.551 1 1 1 0 0 0 0 0 0 0 2 0 1 0 1 0 0 0 0
268.008 1 2 1 0 0 0 0 0 0 0 1 0 0 0 1 0 0 0 0
345.484 0 1 1 0 1 0 0 0 0 0 2 0 0 0 1 0 0 0 0
415.126 0 0 1 0 0 0 0 1 0 0 3 0 0 0 1 0 0 0 0
430.11 0 0 1 1 0 0 0 1 0 0 2 0 0 0 0 0 0 0 0
430.199 0 0 0 0 0 1 0 1 0 0 3 0 0 0 0 0 0 0 0
433.474 0 0 0 0 0 0 0 0 0 1 4 0 0 0 0 0 0 0 0
2950.24 0 0 0 0 0 1 0 0 0 0 4 0 0 0 0 0 0 0 1
2966.31 0 0 0 0 0 1 0 1 0 0 3 0 0 0 0 0 0 0 0
2994.1 0 0 0 0 0 0 0 0 0 1 4 0 0 0 0 0 0 0 0
2994.1 0 0 0 0 0 0 0 0 0 1 4 0 0 0 0 0 0 0 0
