0 0 0 0 0 0 0 0 0 0 0 5 1 2 1 1 0 0 0 0
7.77042 0 0 0 1 0 0 0 0 0 0 4 1 2 1 0 0 0 0 0
14.1911 0 0 1 1 0 0 0 0 0 0 3 1 2 0 0 0 0 0 0
31.2869 0 1 1 1 0 0 0 0 0 0 2 1 1 0 0 0 0 0 0
84.1867 0 2 1 1 0 0 0 0 0 0 1 1 0 0 0 0 0 0 0
122.398 0 2 0 0 0 1 0 0 0 0 2 1 0 0 0 0 0 0 0
171.595 1 2 0 0 0 1 0 0 0 0 1 0 0 0 0 0 0 0 0
315.649 0 1 0 0 1 1 0 0 0 0 2 0 0 0 0 0 0 0 0
321.798 1 1 0 0 0 1 0 0 0 0 2 0 1 0 0 0 0 0 0
330.144 1 1 1 0 0 0 0 0 0 0 2 0 1 0 1 0 0 0 0
378.886 1 2 1 0 0 0 0 0 0 0 1 0 0 0 1 0 0 0 0
392.56 0 1 1 0 1 0 0 0 0 0 2 0 0 0 1 0 0 0 0
400.207 0 0 1 0 0 0 0 1 0 0 3 0 0 0 1 0 0 0 0
433.167 0 0 1 1 0 0 0 1 0 0 2 0 0 0 0 0 0 0 0
437.183 0 0 0 0 0 1 0 1 0 0 3 0 0 0 0 0 0 0 0
454.881 0 0 0 0 1 1 0 0 0 0 3 0 1 0 0 0 0 0 0
460.809 0 1 0 0 1 1 0 0 0 0 2 0 0 0 0 0 0 0 0
466.724 0 1 0 0 0 0 1 0 0 0 3 0 0 0 0 0 0 0 0
492.234 0 1 0 0 0 1 0 0 0 0 3 0 0 0 0 1 0 0 0
498.439 0 1 0 0 1 1 0 0 0 0 2 0 0 0 0 0 0 0 0
503.416 0 1 0 0 0 0 1 0 0 0 3 0 0 0 0 0 0 0 0
514.774 0 0 0 0 0 0 0 0 1 0 4 0 0 0 0 0 0 0 0
1168.1 0 0 0 0 0 0 1 0 0 0 4 0 1 0 0 0 0 0 0
1201.06 0 1 0 0 0 0 1 0 0 0 3 0 0 0 0 0 0 0 0
1227.42 0 1 0 0 0 1 0 0 0 0 3 0 0 0 0 1 0 0 0
1232.11 0 1 0 0 1 1 0 0 0 0 2 0 0 0 0 0 0 0 0
1246.6 0 0 0 0 0 1 0 1 0 0 3 0 0 0 0 0 0 0 0
1252.58 0 0 0 0 0 0 0 0 0 1 4 0 0 0 0 0 0 0 0
1252.58 0 0 0 0 0 0 0 0 0 1 4 0 0 0 0 0 0 0 0
