0 0 0 0 0 0 0 0 0 0 0 5 1 2 1 1 0 0 0 0
1.7811 0 1 0 0 0 0 0 0 0 0 4 1 1 1 1 0 0 0 0
8.69098 0 1 1 0 0 0 0 0 0 0 3 1 1 0 1 0 0 0 0
61.8799 1 1 1 0 0 0 0 0 0 0 2 0 1 0 1 0 0 0 0
157.92 0 0 1 0 1 0 0 0 0 0 3 0 1 0 1 0 0 0 0
160.074 0 1 1 0 1 0 0 0 0 0 2 0 0 0 1 0 0 0 0
177.129 0 0 1 0 0 0 0 1 0 0 3 0 0 0 1 0 0 0 0
177.575 0 0 1 1 0 0 0 1 0 0 2 0 0 0 0 0 0 0 0
189.772 0 0 1 1 1 0 0 0 0 0 2 0 1 0 0 0 0 0 0
190.763 1 0 1 1 0 0 0 0 0 0 2 0 2 0 0 0 0 0 0
195.152 1 1 1 1 0 0 0 0 0 0 1 0 1 0 0 0 0 0 0
233.766 1 2 1 1 0 0 0 0 0 0 0 0 0 0 0 0 0 0 0
255.488 1 2 0 0 0 1 0 0 0 0 1 0 0 0 0 0 0 0 0
308.51 0 1 0 0 1 1 0 0 0 0 2 0 0 0 0 0 0 0 0
384.931 0 1 0 0 0 0 1 0 0 0 3 0 0 0 0 0 0 0 0
467.951 0 0 0 0 0 0 0 0 1 0 4 0 0 0 0 0 0 0 0
467.951 0 0 0 0 0 0 0 0 1 0 4 0 0 0 0 0 0 0 0
