0 0 0 0 0 0 0 0 0 0 0 5 1 2 1 1 0 0 0 0
1.28434 0 0 0 1 0 0 0 0 0 0 4 1 2 1 0 0 0 0 0
4.51473 0 1 0 1 0 0 0 0 0 0 3 1 1 1 0 0 0 0 0
10.9873 0 2 0 1 0 0 0 0 0 0 2 1 0 1 0 0 0 0 0
30.4656 1 2 0 1 0 0 0 0 0 0 1 0 0 1 0 0 0 0 0
97.1936 0 1 0 1 1 0 0 0 0 0 2 0 0 1 0 0 0 0 0
100.884 1 1 0 1 0 0 0 0 0 0 2 0 1 1 0 0 0 0 0
107.712 0 0 0 1 1 0 0 0 0 0 3 0 1 1 0 0 0 0 0
108.295 0 1 0 1 1 0 0 0 0 0 2 0 0 1 0 0 0 0 0
122.591 0 1 1 1 1 0 0 0 0 0 1 0 0 0 0 0 0 0 0
155.623 1 1 1 1 0 0 0 0 0 0 1 0 1 0 0 0 0 0 0
158.02 1 1 0 0 0 1 0 0 0 0 2 0 1 0 0 0 0 0 0
161.237 1 2 0 0 0 1 0 0 0 0 1 0 0 0 0 0 0 0 0
173.019 1 2 1 0 0 0 0 0 0 0 1 0 0 0 1 0 0 0 0
187.122 0 1 1 0 1 0 0 0 0 0 2 0 0 0 1 0 0 0 0
195.856 0 1 1 1 1 0 0 0 0 0 1 0 0 0 0 0 0 0 0
208.362 0 0 1 1 0 0 0 1 0 0 2 0 0 0 0 0 0 0 0
233.376 0 0 0 0 0 1 0 1 0 0 3 0 0 0 0 0 0 0 0
235.579 0 0 0 0 0 0 0 0 0 1 4 0 0 0 0 0 0 0 0
2853.11 0 0 0 0 0 1 0 0 0 0 4 0 0 0 0 0 0 0 1
2870.74 0 0 0 0 0 1 0 1 0 0 3 0 0 0 0 0 0 0 0
2890.34 0 0 0 0 0 0 0 0 0 1 4 0 0 0 0 0 0 0 0
2890.34 0 0 0 0 0 0 0 0 0 1 4 0 0 0 0 0 0 0 0
