0 0 0 0 0 0 0 0 0 0 0 5 1 2 1 1 0 0 0 0
5.35391 0 1 0 0 0 0 0 0 0 0 4 1 1 1 1 0 0 0 0
18.9266 0 1 0 1 0 0 0 0 0 0 3 1 1 1 0 0 0 0 0
19.8751 1 1 0 1 0 0 0 0 0 0 2 0 1 1 0 0 0 0 0
40.2981 1 2 0 1 0 0 0 0 0 0 1 0 0 1 0 0 0 0 0
83.1674 0 1 0 1 1 0 0 0 0 0 2 0 0 1 0 0 0 0 0
94.2893 1 1 0 1 0 0 0 0 0 0 2 0 1 1 0 0 0 0 0
127.126 0 0 0 1 1 0 0 0 0 0 3 0 1 1 0 0 0 0 0
129.175 0 0 1 1 1 0 0 0 0 0 2 0 1 0 0 0 0 0 0
184.935 1 0 1 1 0 0 0 0 0 0 2 0 2 0 0 0 0 0 0
223.411 1 1 1 1 0 0 0 0 0 0 1 0 1 0 0 0 0 0 0
237.942 0 0 1 1 1 0 0 0 0 0 2 0 1 0 0 0 0 0 0
245.22 1 0 1 1 0 0 0 0 0 0 2 0 2 0 0 0 0 0 0
266.672 1 1 1 1 0 0 0 0 0 0 1 0 1 0 0 0 0 0 0
302.99 1 1 0 0 0 1 0 0 0 0 2 0 1 0 0 0 0 0 0
340.652 1 1 1 0 0 0 0 0 0 0 2 0 1 0 1 0 0 0 0
341.023 1 2 1 0 0 0 0 0 0 0 1 0 0 0 1 0 0 0 0
345.183 0 1 1 0 1 0 0 0 0 0 2 0 0 0 1 0 0 0 0
365.171 0 1 1 1 1 0 0 0 0 0 1 0 0 0 0 0 0 0 0
393.709 1 1 1 1 0 0 0 0 0 0 1 0 1 0 0 0 0 0 0
440.979 1 1 0 0 0 1 0 0 0 0 2 0 1 0 0 0 0 0 0
477.839 1 2 0 0 0 1 0 0 0 0 1 0 0 0 0 0 0 0 0
480.716 0 1 0 0 1 1 0 0 0 0 2 0 0 0 0 0 0 0 0
485.157 1 1 0 0 0 1 0 0 0 0 2 0 1 0 0 0 0 0 0
518.707 1 2 0 0 0 1 0 0 0 0 1 0 0 0 0 0 0 0 0
608.276 0 1 0 0 1 1 0 0 0 0 2 0 0 0 0 0 0 0 0
627.643 1 1 0 0 0 1 0 0 0 0 2 0 1 0 0 0 0 0 0
646.097 0 0 0 0 1 1 0 0 0 0 3 0 1 0 0 0 0 0 0
693.094 0 1 0 0 1 1 0 0 0 0 2 0 0 0 0 0 0 0 0
693.692 0 0 0 0 0 1 0 1 0 0 3 0 0 0 0 0 0 0 0
718.212 0 0 0 0 0 0 0 0 0 1 4 0 0 0 0 0 0 0 0
2148.48 0 0 0 0 0 1 0 0 0 0 4 0 0 0 0 0 0 0 1
2158.64 0 0 0 0 0 1 0 1 0 0 3 0 0 0 0 0 0 0 0
2179.1 0 0 0 0 1 1 0 0 0 0 3 0 1 0 0 0 0 0 0
2196.64 0 1 0 0 1 1 0 0 0 0 2 0 0 0 0 0 0 0 0
2205.64 0 0 0 0 0 1 0 1 0 0 3 0 0 0 0 0 0 0 0
2253.12 0 0 0 0 1 1 0 0 0 0 3 0 1 0 0 0 0 0 0
2280.94 0 0 0 0 0 0 1 0 0 0 4 0 1 0 0 0 0 0 0
2318.83 0 1 0 0 0 0 1 0 0 0 3 0 0 0 0 0 0 0 0
2327.19 0 0 0 0 0 0 0 0 1 0 4 0 0 0 0 0 0 0 0
2724.8 0 0 0 0 0 0 1 0 0 0 4 0 1 0 0 0 0 0 0
2730.9 0 1 0 0 0 0 1 0 0 0 3 0 0 0 0 0 0 0 0
2770.28 0 0 0 0 0 0 0 0 1 0 4 0 0 0 0 0 0 0 0
2770.28 0 0 0 0 0 0 0 0 1 0 4 0 0 0 0 0 0 0 0
