0 0 0 0 0 0 0 0 0 0 0 5 1 2 1 1 0 0 0 0
2.87777 0 1 0 0 0 0 0 0 0 0 4 1 1 1 1 0 0 0 0
8.85688 0 1 0 1 0 0 0 0 0 0 3 1 1 1 0 0 0 0 0
22.6689 0 2 0 1 0 0 0 0 0 0 2 1 0 1 0 0 0 0 0
116.319 1 2 0 1 0 0 0 0 0 0 1 0 0 1 0 0 0 0 0
139.076 0 1 0 1 1 0 0 0 0 0 2 0 0 1 0 0 0 0 0
159.905 0 0 0 1 0 0 0 1 0 0 3 0 0 1 0 0 0 0 0
167.919 0 0 1 1 0 0 0 1 0 0 2 0 0 0 0 0 0 0 0
176.367 0 0 0 0 0 1 0 1 0 0 3 0 0 0 0 0 0 0 0
183.702 0 0 0 0 0 0 0 0 0 1 4 0 0 0 0 0 0 0 0
3282.44 0 0 0 0 0 1 0 0 0 0 4 0 0 0 0 0 0 0 1
3289.05 0 0 0 0 0 1 0 1 0 0 3 0 0 0 0 0 0 0 0
3363.55 0 0 0 0 0 0 0 0 0 1 4 0 0 0 0 0 0 0 0
3363.55 0 0 0 0 0 0 0 0 0 1 4 0 0 0 0 0 0 0 0
