0 0 0 0 0 0 0 0 0 0 0 5 1 2 1 1 0 0 0 0
3.09919 1 0 0 0 0 0 0 0 0 0 4 0 2 1 1 0 0 0 0
12.434 1 1 0 0 0 0 0 0 0 0 3 0 1 1 1 0 0 0 0
25.1329 1 1 1 0 0 0 0 0 0 0 2 0 1 0 1 0 0 0 0
44.005 1 1 1 1 0 0 0 0 0 0 1 0 1 0 0 0 0 0 0
75.1386 1 1 0 0 0 1 0 0 0 0 2 0 1 0 0 0 0 0 0
108.777 1 1 1 0 0 0 0 0 0 0 2 0 1 0 1 0 0 0 0
121.986 1 2 1 0 0 0 0 0 0 0 1 0 0 0 1 0 0 0 0
168.612 0 1 1 0 1 0 0 0 0 0 2 0 0 0 1 0 0 0 0
187.829 1 1 1 0 0 0 0 0 0 0 2 0 1 0 1 0 0 0 0
229.14 1 2 1 0 0 0 0 0 0 0 1 0 0 0 1 0 0 0 0
272.093 0 1 1 0 1 0 0 0 0 0 2 0 0 0 1 0 0 0 0
284.281 1 1 1 0 0 0 0 0 0 0 2 0 1 0 1 0 0 0 0
302.081 0 0 1 0 1 0 0 0 0 0 3 0 1 0 1 0 0 0 0
307.904 0 0 1 1 1 0 0 0 0 0 2 0 1 0 0 0 0 0 0
353.349 0 1 1 1 1 0 0 0 0 0 1 0 0 0 0 0 0 0 0
356.708 0 0 1 1 0 0 0 1 0 0 2 0 0 0 0 0 0 0 0
459.405 0 0 0 0 0 1 0 1 0 0 3 0 0 0 0 0 0 0 0
475.948 0 0 0 0 0 0 0 0 0 1 4 0 0 0 0 0 0 0 0
2005.43 0 0 0 0 0 1 0 0 0 0 4 0 0 0 0 0 0 0 1
2045.34 0 0 0 0 0 1 0 1 0 0 3 0 0 0 0 0 0 0 0
2072.5 0 0 0 0 0 0 0 0 0 1 4 0 0 0 0 0 0 0 0
2072.5 0 0 0 0 0 0 0 0 0 1 4 0 0 0 0 0 0 0 0
