0 0 0 0 0 0 0 0 0 0 0 5 1 2 1 1 0 0 0 0
3.59772 0 1 0 0 0 0 0 0 0 0 4 1 1 1 1 0 0 0 0
4.31751 0 1 1 0 0 0 0 0 0 0 3 1 1 0 1 0 0 0 0
21.9652 0 1 1 1 0 0 0 0 0 0 2 1 1 0 0 0 0 0 0
36.582 0 1 0 0 0 1 0 0 0 0 3 1 1 0 0 0 0 0 0
39.1418 0 2 0 0 0 1 0 0 0 0 2 1 0 0 0 0 0 0 0
84.7715 1 2 0 0 0 1 0 0 0 0 1 0 0 0 0 0 0 0 0
99.0472 1 2 1 0 0 0 0 0 0 0 1 0 0 0 1 0 0 0 0
137.07 1 2 1 1 0 0 0 0 0 0 0 0 0 0 0 0 0 0 0
144.553 0 1 1 1 1 0 0 0 0 0 1 0 0 0 0 0 0 0 0
158.705 1 1 1 1 0 0 0 0 0 0 1 0 1 0 0 0 0 0 0
197.248 1 2 1 1 0 0 0 0 0 0 0 0 0 0 0 0 0 0 0
220.513 1 2 0 0 0 1 0 0 0 0 1 0 0 0 0 0 0 0 0
223.742 0 1 0 0 1 1 0 0 0 0 2 0 0 0 0 0 0 0 0
234.426 0 1 0 0 0 0 1 0 0 0 3 0 0 0 0 0 0 0 0
372.061 0 0 0 0 0 0 0 0 1 0 4 0 0 0 0 0 0 0 0
3614.09 0 0 0 0 0 0 1 0 0 0 4 0 1 0 0 0 0 0 0
3614.31 0 0 0 0 0 1 0 0 0 0 4 0 1 0 0 1 0 0 0
3664.03 0 1 0 0 0 1 0 0 0 0 3 0 0 0 0 1 0 0 0
3666.49 0 1 0 0 1 1 0 0 0 0 2 0 0 0 0 0 0 0 0
3683.35 1 1 0 0 0 1 0 0 0 0 2 0 1 0 0 0 0 0 0
3721.1 1 2 0 0 0 1 0 0 0 0 1 0 0 0 0 0 0 0 0
3736.89 0 1 0 0 1 1 0 0 0 0 2 0 0 0 0 0 0 0 0
3749.46 1 1 0 0 0 1 0 0 0 0 2 0 1 0 0 0 0 0 0
3757.74 0 0 0 0 1 1 0 0 0 0 3 0 1 0 0 0 0 0 0
3778.75 1 0 0 0 0 1 0 0 0 0 3 0 2 0 0 0 0 0 0
3822.95 1 1 0 0 0 1 0 0 0 0 2 0 1 0 0 0 0 0 0
3862.97 1 1 1 0 0 0 0 0 0 0 2 0 1 0 1 0 0 0 0
3899.14 0 0 1 0 1 0 0 0 0 0 3 0 1 0 1 0 0 0 0
3907.35 0 0 1 1 1 0 0 0 0 0 2 0 1 0 0 0 0 0 0
3950.27 1 0 1 1 0 0 0 0 0 0 2 0 2 0 0 0 0 0 0
3963.15 1 0 0 0 0 1 0 0 0 0 3 0 2 0 0 0 0 0 0
3963.15 1 0 0 0 0 1 0 0 0 0 3 0 2 0 0 0 0 0 0
