0 0 0 0 0 0 0 0 0 0 0 5 1 2 1 1 0 0 0 0
1.953 0 1 0 0 0 0 0 0 0 0 4 1 1 1 1 0 0 0 0
3.03007 0 1 1 0 0 0 0 0 0 0 3 1 1 0 1 0 0 0 0
13.097 1 1 1 0 0 0 0 0 0 0 2 0 1 0 1 0 0 0 0
15.1249 1 2 1 0 0 0 0 0 0 0 1 0 0 0 1 0 0 0 0
97.8609 0 1 1 0 1 0 0 0 0 0 2 0 0 0 1 0 0 0 0
130.115 1 1 1 0 0 0 0 0 0 0 2 0 1 0 1 0 0 0 0
139.096 1 1 1 1 0 0 0 0 0 0 1 0 1 0 0 0 0 0 0
147.74 1 2 1 1 0 0 0 0 0 0 0 0 0 0 0 0 0 0 0
181.858 1 2 0 0 0 1 0 0 0 0 1 0 0 0 0 0 0 0 0
191.133 0 1 0 0 1 1 0 0 0 0 2 0 0 0 0 0 0 0 0
212.692 0 1 0 0 0 0 1 0 0 0 3 0 0 0 0 0 0 0 0
253.537 0 0 0 0 0 0 0 0 1 0 4 0 0 0 0 0 0 0 0
1416.47 0 0 0 0 0 0 1 0 0 0 4 0 1 0 0 0 0 0 0
1423.97 0 0 0 0 0 1 0 0 0 0 4 0 1 0 0 1 0 0 0
1425.08 0 0 0 0 1 1 0 0 0 0 3 0 1 0 0 0 0 0 0
1452.9 0 0 1 0 1 0 0 0 0 0 3 0 1 0 1 0 0 0 0
1476.53 0 0 1 1 1 0 0 0 0 0 2 0 1 0 0 0 0 0 0
1547.26 1 0 1 1 0 0 0 0 0 0 2 0 2 0 0 0 0 0 0
1577.65 1 1 1 1 0 0 0 0 0 0 1 0 1 0 0 0 0 0 0
1695.2 0 0 1 1 1 0 0 0 0 0 2 0 1 0 0 0 0 0 0
1696.01 0 0 0 0 1 1 0 0 0 0 3 0 1 0 0 0 0 0 0
1699.43 0 0 1 0 1 0 0 0 0 0 3 0 1 0 1 0 0 0 0
1739.75 0 1 1 0 1 0 0 0 0 0 2 0 0 0 1 0 0 0 0
1752.33 1 1 1 0 0 0 0 0 0 0 2 0 1 0 1 0 0 0 0
1765.58 0 0 1 0 1 0 0 0 0 0 3 0 1 0 1 0 0 0 0
1808.81 0 0 1 1 1 0 0 0 0 0 2 0 1 0 0 0 0 0 0
1828.16 1 0 1 1 0 0 0 0 0 0 2 0 2 0 0 0 0 0 0
1839.37 1 1 1 1 0 0 0 0 0 0 1 0 1 0 0 0 0 0 0
1842.16 0 0 1 1 1 0 0 0 0 0 2 0 1 0 0 0 0 0 0
1844.8 0 1 1 1 1 0 0 0 0 0 1 0 0 0 0 0 0 0 0
1845.14 0 1 0 0 1 1 0 0 0 0 2 0 0 0 0 0 0 0 0
1867.65 0 1 0 0 0 0 1 0 0 0 3 0 0 0 0 0 0 0 0
1868.71 0 0 0 0 0 0 0 0 1 0 4 0 0 0 0 0 0 0 0
2474.04 0 0 0 0 0 0 1 0 0 0 4 0 1 0 0 0 0 0 0
2505.77 0 1 0 0 0 0 1 0 0 0 3 0 0 0 0 0 0 0 0
2557.81 0 0 0 0 0 0 0 0 1 0 4 0 0 0 0 0 0 0 0
2767.23 0 0 0 0 0 0 1 0 0 0 4 0 1 0 0 0 0 0 0
2773.53 0 1 0 0 0 0 1 0 0 0 3 0 0 0 0 0 0 0 0
2796.47 0 0 0 0 0 0 0 0 1 0 4 0 0 0 0 0 0 0 0
2796.47 0 0 0 0 0 0 0 0 1 0 4 0 0 0 0 0 0 0 0
