0 0 0 0 0 0 0 0 0 0 0 5 1 2 1 1 0 0 0 0
7.31035 0 1 0 0 0 0 0 0 0 0 4 1 1 1 1 0 0 0 0
12.3858 0 1 1 0 0 0 0 0 0 0 3 1 1 0 1 0 0 0 0
23.6914 0 2 1 0 0 0 0 0 0 0 2 1 0 0 1 0 0 0 0
36.56 1 2 1 0 0 0 0 0 0 0 1 0 0 0 1 0 0 0 0
39.316 0 1 1 0 1 0 0 0 0 0 2 0 0 0 1 0 0 0 0
83.9429 0 1 1 1 1 0 0 0 0 0 1 0 0 0 0 0 0 0 0
88.2146 1 1 1 1 0 0 0 0 0 0 1 0 1 0 0 0 0 0 0
107.005 1 2 1 1 0 0 0 0 0 0 0 0 0 0 0 0 0 0 0
109.433 1 2 0 0 0 1 0 0 0 0 1 0 0 0 0 0 0 0 0
123.778 0 1 0 0 1 1 0 0 0 0 2 0 0 0 0 0 0 0 0
128.776 0 1 0 0 0 0 1 0 0 0 3 0 0 0 0 0 0 0 0
151.347 0 0 0 0 0 0 0 0 1 0 4 0 0 0 0 0 0 0 0
151.347 0 0 0 0 0 0 0 0 1 0 4 0 0 0 0 0 0 0 0
