0 0 0 0 0 0 0 0 0 0 0 5 1 2 1 1 0 0 0 0
4.92097 0 0 1 0 0 0 0 0 0 0 4 1 2 0 1 0 0 0 0
30.8403 0 1 1 0 0 0 0 0 0 0 3 1 1 0 1 0 0 0 0
44.3186 0 2 1 0 0 0 0 0 0 0 2 1 0 0 1 0 0 0 0
53.6103 0 2 1 1 0 0 0 0 0 0 1 1 0 0 0 0 0 0 0
70.5207 0 2 0 0 0 1 0 0 0 0 2 1 0 0 0 0 0 0 0
75.8219 1 2 0 0 0 1 0 0 0 0 1 0 0 0 0 0 0 0 0
104.131 0 1 0 0 1 1 0 0 0 0 2 0 0 0 0 0 0 0 0
181.412 1 1 0 0 0 1 0 0 0 0 2 0 1 0 0 0 0 0 0
201.339 1 2 0 0 0 1 0 0 0 0 1 0 0 0 0 0 0 0 0
215.595 0 1 0 0 1 1 0 0 0 0 2 0 0 0 0 0 0 0 0
219.364 0 0 0 0 0 1 0 1 0 0 3 0 0 0 0 0 0 0 0
241.656 0 0 0 0 0 0 0 0 0 1 4 0 0 0 0 0 0 0 0
241.656 0 0 0 0 0 0 0 0 0 1 4 0 0 0 0 0 0 0 0
