0 0 0 0 0 0 0 0 0 0 0 5 1 2 1 1 0 0 0 0
5.17932 0 1 0 0 0 0 0 0 0 0 4 1 1 1 1 0 0 0 0
8.98927 1 1 0 0 0 0 0 0 0 0 3 0 1 1 1 0 0 0 0
10.7613 1 2 0 0 0 0 0 0 0 0 2 0 0 1 1 0 0 0 0
15.1773 1 2 0 1 0 0 0 0 0 0 1 0 0 1 0 0 0 0 0
60.8213 0 1 0 1 1 0 0 0 0 0 2 0 0 1 0 0 0 0 0
104.847 1 1 0 1 0 0 0 0 0 0 2 0 1 1 0 0 0 0 0
121.685 0 0 0 1 1 0 0 0 0 0 3 0 1 1 0 0 0 0 0
158.95 1 0 0 1 0 0 0 0 0 0 3 0 2 1 0 0 0 0 0
168.953 1 1 0 1 0 0 0 0 0 0 2 0 1 1 0 0 0 0 0
189.363 0 0 0 1 1 0 0 0 0 0 3 0 1 1 0 0 0 0 0
201.075 0 1 0 1 1 0 0 0 0 0 2 0 0 1 0 0 0 0 0
228.076 0 0 0 1 0 0 0 1 0 0 3 0 0 1 0 0 0 0 0
242.287 0 0 1 1 0 0 0 1 0 0 2 0 0 0 0 0 0 0 0
267.401 0 0 1 1 1 0 0 0 0 0 2 0 1 0 0 0 0 0 0
271.914 0 1 1 1 1 0 0 0 0 0 1 0 0 0 0 0 0 0 0
273.136 0 1 0 0 1 1 0 0 0 0 2 0 0 0 0 0 0 0 0
307.144 0 0 0 0 0 1 0 1 0 0 3 0 0 0 0 0 0 0 0
353.377 0 0 0 0 1 1 0 0 0 0 3 0 1 0 0 0 0 0 0
355.146 0 1 0 0 1 1 0 0 0 0 2 0 0 0 0 0 0 0 0
360.473 0 1 0 0 0 0 1 0 0 0 3 0 0 0 0 0 0 0 0
361.798 0 1 0 0 0 1 0 0 0 0 3 0 0 0 0 1 0 0 0
381.992 0 1 0 0 1 1 0 0 0 0 2 0 0 0 0 0 0 0 0
423.728 1 1 0 0 0 1 0 0 0 0 2 0 1 0 0 0 0 0 0
440.878 1 1 1 0 0 0 0 0 0 0 2 0 1 0 1 0 0 0 0
440.892 1 1 1 1 0 0 0 0 0 0 1 0 1 0 0 0 0 0 0
450.462 1 1 0 0 0 1 0 0 0 0 2 0 1 0 0 0 0 0 0
522.18 1 2 0 0 0 1 0 0 0 0 1 0 0 0 0 0 0 0 0
542.481 0 1 0 0 1 1 0 0 0 0 2 0 0 0 0 0 0 0 0
556.765 0 1 0 0 0 0 1 0 0 0 3 0 0 0 0 0 0 0 0
599.341 0 0 0 0 0 0 0 0 1 0 4 0 0 0 0 0 0 0 0
1168.71 0 0 0 0 0 0 1 0 0 0 4 0 1 0 0 0 0 0 0
1195.71 0 1 0 0 0 0 1 0 0 0 3 0 0 0 0 0 0 0 0
1203.24 0 0 0 0 0 0 0 0 1 0 4 0 0 0 0 0 0 0 0
1460.32 0 0 0 0 0 0 1 0 0 0 4 0 1 0 0 0 0 0 0
1477.11 0 1 0 0 0 0 1 0 0 0 3 0 0 0 0 0 0 0 0
1489.78 0 0 0 0 0 0 0 0 1 0 4 0 0 0 0 0 0 0 0
2688.72 0 0 0 0 0 0 1 0 0 0 4 0 1 0 0 0 0 0 0
2693.56 0 1 0 0 0 0 1 0 0 0 3 0 0 0 0 0 0 0 0
2708.6 0 0 0 0 0 0 0 0 1 0 4 0 0 0 0 0 0 0 0
2708.6 0 0 0 0 0 0 0 0 1 0 4 0 0 0 0 0 0 0 0
