0 0 0 0 0 0 0 0 0 0 0 5 1 2 1 1 0 0 0 0
6.06135 0 1 0 0 0 0 0 0 0 0 4 1 1 1 1 0 0 0 0
19.4221 0 1 0 1 0 0 0 0 0 0 3 1 1 1 0 0 0 0 0
19.5889 0 1 1 1 0 0 0 0 0 0 2 1 1 0 0 0 0 0 0
82.7923 1 1 1 1 0 0 0 0 0 0 1 0 1 0 0 0 0 0 0
89.6302 1 1 0 0 0 1 0 0 0 0 2 0 1 0 0 0 0 0 0
105.532 1 1 1 0 0 0 0 0 0 0 2 0 1 0 1 0 0 0 0
151.049 1 2 1 0 0 0 0 0 0 0 1 0 0 0 1 0 0 0 0
211.584 0 1 1 0 1 0 0 0 0 0 2 0 0 0 1 0 0 0 0
212.176 0 1 1 1 1 0 0 0 0 0 1 0 0 0 0 0 0 0 0
217.837 0 1 0 0 1 1 0 0 0 0 2 0 0 0 0 0 0 0 0
241.769 0 1 1 0 1 0 0 0 0 0 2 0 0 0 1 0 0 0 0
268.22 1 1 1 0 0 0 0 0 0 0 2 0 1 0 1 0 0 0 0
283.989 1 2 1 0 0 0 0 0 0 0 1 0 0 0 1 0 0 0 0
289.668 1 2 1 1 0 0 0 0 0 0 0 0 0 0 0 0 0 0 0
330.728 0 1 1 1 1 0 0 0 0 0 1 0 0 0 0 0 0 0 0
374.185 0 0 1 1 0 0 0 1 0 0 2 0 0 0 0 0 0 0 0
398.52 0 0 0 0 0 1 0 1 0 0 3 0 0 0 0 0 0 0 0
451.603 0 0 1 0 0 0 0 1 0 0 3 0 0 0 1 0 0 0 0
511.046 0 0 1 0 1 0 0 0 0 0 3 0 1 0 1 0 0 0 0
533.107 0 0 1 1 1 0 0 0 0 0 2 0 1 0 0 0 0 0 0
541.206 0 1 1 1 1 0 0 0 0 0 1 0 0 0 0 0 0 0 0
562.456 1 1 1 1 0 0 0 0 0 0 1 0 1 0 0 0 0 0 0
690.297 1 1 0 0 0 1 0 0 0 0 2 0 1 0 0 0 0 0 0
691.996 1 2 0 0 0 1 0 0 0 0 1 0 0 0 0 0 0 0 0
735.102 0 1 0 0 1 1 0 0 0 0 2 0 0 0 0 0 0 0 0
758.35 0 0 0 0 0 1 0 1 0 0 3 0 0 0 0 0 0 0 0
773.818 0 0 1 0 0 0 0 1 0 0 3 0 0 0 1 0 0 0 0
777.847 0 0 1 0 1 0 0 0 0 0 3 0 1 0 1 0 0 0 0
799.834 0 0 1 1 1 0 0 0 0 0 2 0 1 0 0 0 0 0 0
800.032 1 0 1 1 0 0 0 0 0 0 2 0 2 0 0 0 0 0 0
806.823 1 0 0 0 0 1 0 0 0 0 3 0 2 0 0 0 0 0 0
812.234 1 1 0 0 0 1 0 0 0 0 2 0 1 0 0 0 0 0 0
835.77 1 2 0 0 0 1 0 0 0 0 1 0 0 0 0 0 0 0 0
842.707 0 1 0 0 1 1 0 0 0 0 2 0 0 0 0 0 0 0 0
893.144 0 1 1 0 1 0 0 0 0 0 2 0 0 0 1 0 0 0 0
916.261 0 1 1 1 1 0 0 0 0 0 1 0 0 0 0 0 0 0 0
927.019 1 1 1 1 0 0 0 0 0 0 1 0 1 0 0 0 0 0 0
947.767 1 1 0 0 0 1 0 0 0 0 2 0 1 0 0 0 0 0 0
996.415 1 1 1 0 0 0 0 0 0 0 2 0 1 0 1 0 0 0 0
1005.89 1 2 1 0 0 0 0 0 0 0 1 0 0 0 1 0 0 0 0
1076.93 1 2 1 1 0 0 0 0 0 0 0 0 0 0 0 0 0 0 0
1082.04 0 1 1 1 1 0 0 0 0 0 1 0 0 0 0 0 0 0 0
1100.55 1 1 1 1 0 0 0 0 0 0 1 0 1 0 0 0 0 0 0
1110.27 1 1 0 0 0 1 0 0 0 0 2 0 1 0 0 0 0 0 0
1139.13 1 2 0 0 0 1 0 0 0 0 1 0 0 0 0 0 0 0 0
1141.57 1 2 1 0 0 0 0 0 0 0 1 0 0 0 1 0 0 0 0
1147.57 0 1 1 0 1 0 0 0 0 0 2 0 0 0 1 0 0 0 0
1178.29 0 0 1 0 0 0 0 1 0 0 3 0 0 0 1 0 0 0 0
1197.41 0 0 1 1 0 0 0 1 0 0 2 0 0 0 0 0 0 0 0
1218.85 0 0 0 0 0 1 0 1 0 0 3 0 0 0 0 0 0 0 0
1221.97 0 0 0 0 1 1 0 0 0 0 3 0 1 0 0 0 0 0 0
1241.92 0 0 1 0 1 0 0 0 0 0 3 0 1 0 1 0 0 0 0
1249.18 0 0 1 1 1 0 0 0 0 0 2 0 1 0 0 0 0 0 0
1288.4 0 1 1 1 1 0 0 0 0 0 1 0 0 0 0 0 0 0 0
1361.25 1 1 1 1 0 0 0 0 0 0 1 0 1 0 0 0 0 0 0
1361.47 0 0 1 1 1 0 0 0 0 0 2 0 1 0 0 0 0 0 0
1371.45 0 1 1 1 1 0 0 0 0 0 1 0 0 0 0 0 0 0 0
1377.64 1 1 1 1 0 0 0 0 0 0 1 0 1 0 0 0 0 0 0
1398.62 1 1 0 0 0 1 0 0 0 0 2 0 1 0 0 0 0 0 0
1410.83 1 2 0 0 0 1 0 0 0 0 1 0 0 0 0 0 0 0 0
1475.73 0 1 0 0 1 1 0 0 0 0 2 0 0 0 0 0 0 0 0
1483.08 0 1 1 0 1 0 0 0 0 0 2 0 0 0 1 0 0 0 0
1527.53 0 1 1 1 1 0 0 0 0 0 1 0 0 0 0 0 0 0 0
1624.62 0 0 1 1 0 0 0 1 0 0 2 0 0 0 0 0 0 0 0
1631.5 0 0 0 0 0 1 0 1 0 0 3 0 0 0 0 0 0 0 0
1706.13 0 0 0 0 1 1 0 0 0 0 3 0 1 0 0 0 0 0 0
1716.16 1 0 0 0 0 1 0 0 0 0 3 0 2 0 0 0 0 0 0
1735.68 1 0 1 0 0 0 0 0 0 0 3 0 2 0 1 0 0 0 0
1792.78 1 1 1 0 0 0 0 0 0 0 2 0 1 0 1 0 0 0 0
1798.54 0 0 1 0 1 0 0 0 0 0 3 0 1 0 1 0 0 0 0
1830.39 0 0 1 1 1 0 0 0 0 0 2 0 1 0 0 0 0 0 0
1868.32 0 1 1 1 1 0 0 0 0 0 1 0 0 0 0 0 0 0 0
1883.24 1 1 1 1 0 0 0 0 0 0 1 0 1 0 0 0 0 0 0
1893.65 1 2 1 1 0 0 0 0 0 0 0 0 0 0 0 0 0 0 0
1920.43 0 1 1 1 1 0 0 0 0 0 1 0 0 0 0 0 0 0 0
1930.11 0 0 1 1 0 0 0 1 0 0 2 0 0 0 0 0 0 0 0
1942.25 0 0 0 0 0 1 0 1 0 0 3 0 0 0 0 0 0 0 0
1984.94 0 0 0 0 1 1 0 0 0 0 3 0 1 0 0 0 0 0 0
2008.29 1 0 0 0 0 1 0 0 0 0 3 0 2 0 0 0 0 0 0
2021.52 1 0 1 0 0 0 0 0 0 0 3 0 2 0 1 0 0 0 0
2023.11 1 1 1 0 0 0 0 0 0 0 2 0 1 0 1 0 0 0 0
2027.39 1 2 1 0 0 0 0 0 0 0 1 0 0 0 1 0 0 0 0
2032.34 0 1 1 0 1 0 0 0 0 0 2 0 0 0 1 0 0 0 0
2049.8 0 1 1 1 1 0 0 0 0 0 1 0 0 0 0 0 0 0 0
2068.59 0 1 0 0 1 1 0 0 0 0 2 0 0 0 0 0 0 0 0
2071.45 0 0 0 0 0 1 0 1 0 0 3 0 0 0 0 0 0 0 0
2077.03 0 0 0 0 1 1 0 0 0 0 3 0 1 0 0 0 0 0 0
2104.18 1 0 0 0 0 1 0 0 0 0 3 0 2 0 0 0 0 0 0
2106.35 1 1 0 0 0 1 0 0 0 0 2 0 1 0 0 0 0 0 0
2137.82 0 0 0 0 1 1 0 0 0 0 3 0 1 0 0 0 0 0 0
2181.73 0 1 0 0 1 1 0 0 0 0 2 0 0 0 0 0 0 0 0
2193.49 1 1 0 0 0 1 0 0 0 0 2 0 1 0 0 0 0 0 0
2230.12 1 2 0 0 0 1 0 0 0 0 1 0 0 0 0 0 0 0 0
2242.41 0 1 0 0 1 1 0 0 0 0 2 0 0 0 0 0 0 0 0
2300.32 0 1 0 0 0 0 1 0 0 0 3 0 0 0 0 0 0 0 0
2344.91 0 1 0 0 0 1 0 0 0 0 3 0 0 0 0 1 0 0 0
2362.3 0 1 0 0 1 1 0 0 0 0 2 0 0 0 0 0 0 0 0
2387.6 0 0 0 0 0 1 0 1 0 0 3 0 0 0 0 0 0 0 0
2429.5 0 0 1 0 0 0 0 1 0 0 3 0 0 0 1 0 0 0 0
2476.32 0 0 1 1 0 0 0 1 0 0 2 0 0 0 0 0 0 0 0
2486.28 0 0 0 0 0 1 0 1 0 0 3 0 0 0 0 0 0 0 0
2542.4 0 0 1 0 0 0 0 1 0 0 3 0 0 0 1 0 0 0 0
2542.5 0 0 1 1 0 0 0 1 0 0 2 0 0 0 0 0 0 0 0
2544.66 0 0 1 1 1 0 0 0 0 0 2 0 1 0 0 0 0 0 0
2585.38 0 0 0 0 1 1 0 0 0 0 3 0 1 0 0 0 0 0 0
2648.1 0 0 0 0 0 0 1 0 0 0 4 0 1 0 0 0 0 0 0
2700.63 0 1 0 0 0 0 1 0 0 0 3 0 0 0 0 0 0 0 0
2703.89 0 0 0 0 0 0 0 0 1 0 4 0 0 0 0 0 0 0 0
2703.89 0 0 0 0 0 0 0 0 1 0 4 0 0 0 0 0 0 0 0
