0 0 0 0 0 0 0 0 0 0 0 5 1 2 1 1 0 0 0 0
3.37049 0 0 0 1 0 0 0 0 0 0 4 1 2 1 0 0 0 0 0
3.44072 0 0 1 1 0 0 0 0 0 0 3 1 2 0 0 0 0 0 0
4.66285 0 1 1 1 0 0 0 0 0 0 2 1 1 0 0 0 0 0 0
13.9883 0 2 1 1 0 0 0 0 0 0 1 1 0 0 0 0 0 0 0
27.2867 1 2 1 1 0 0 0 0 0 0 0 0 0 0 0 0 0 0 0
39.8935 0 1 1 1 1 0 0 0 0 0 1 0 0 0 0 0 0 0 0
43.6812 1 1 1 1 0 0 0 0 0 0 1 0 1 0 0 0 0 0 0
56.2654 1 1 0 0 0 1 0 0 0 0 2 0 1 0 0 0 0 0 0
75.9429 1 2 0 0 0 1 0 0 0 0 1 0 0 0 0 0 0 0 0
76.9464 0 1 0 0 1 1 0 0 0 0 2 0 0 0 0 0 0 0 0
144.931 0 1 1 0 1 0 0 0 0 0 2 0 0 0 1 0 0 0 0
148.783 0 1 1 1 1 0 0 0 0 0 1 0 0 0 0 0 0 0 0
150.167 1 1 1 1 0 0 0 0 0 0 1 0 1 0 0 0 0 0 0
154.85 1 1 0 0 0 1 0 0 0 0 2 0 1 0 0 0 0 0 0
167.357 1 1 1 0 0 0 0 0 0 0 2 0 1 0 1 0 0 0 0
181.524 1 1 1 1 0 0 0 0 0 0 1 0 1 0 0 0 0 0 0
214.661 1 1 0 0 0 1 0 0 0 0 2 0 1 0 0 0 0 0 0
221.222 0 0 0 0 1 1 0 0 0 0 3 0 1 0 0 0 0 0 0
239.915 1 0 0 0 0 1 0 0 0 0 3 0 2 0 0 0 0 0 0
269.528 1 1 0 0 0 1 0 0 0 0 2 0 1 0 0 0 0 0 0
324.606 1 2 0 0 0 1 0 0 0 0 1 0 0 0 0 0 0 0 0
337.042 1 2 1 0 0 0 0 0 0 0 1 0 0 0 1 0 0 0 0
353.707 0 1 1 0 1 0 0 0 0 0 2 0 0 0 1 0 0 0 0
368.06 0 1 1 1 1 0 0 0 0 0 1 0 0 0 0 0 0 0 0
427.549 0 0 1 1 0 0 0 1 0 0 2 0 0 0 0 0 0 0 0
512.785 0 0 0 0 0 1 0 1 0 0 3 0 0 0 0 0 0 0 0
539.442 0 0 0 0 1 1 0 0 0 0 3 0 1 0 0 0 0 0 0
542.626 1 0 0 0 0 1 0 0 0 0 3 0 2 0 0 0 0 0 0
544.273 1 1 0 0 0 1 0 0 0 0 2 0 1 0 0 0 0 0 0
550.11 1 1 1 0 0 0 0 0 0 0 2 0 1 0 1 0 0 0 0
612.331 0 0 1 0 1 0 0 0 0 0 3 0 1 0 1 0 0 0 0
621.642 0 1 1 0 1 0 0 0 0 0 2 0 0 0 1 0 0 0 0
629.537 0 0 1 0 0 0 0 1 0 0 3 0 0 0 1 0 0 0 0
650.585 0 0 1 1 0 0 0 1 0 0 2 0 0 0 0 0 0 0 0
673.968 0 0 0 0 0 1 0 1 0 0 3 0 0 0 0 0 0 0 0
677.035 0 0 1 0 0 0 0 1 0 0 3 0 0 0 1 0 0 0 0
711.878 0 0 1 1 0 0 0 1 0 0 2 0 0 0 0 0 0 0 0
733.849 0 0 1 1 1 0 0 0 0 0 2 0 1 0 0 0 0 0 0
739.052 0 0 0 0 1 1 0 0 0 0 3 0 1 0 0 0 0 0 0
744.437 0 1 0 0 1 1 0 0 0 0 2 0 0 0 0 0 0 0 0
758.042 1 1 0 0 0 1 0 0 0 0 2 0 1 0 0 0 0 0 0
760.378 1 2 0 0 0 1 0 0 0 0 1 0 0 0 0 0 0 0 0
768.035 0 1 0 0 1 1 0 0 0 0 2 0 0 0 0 0 0 0 0
793.157 1 1 0 0 0 1 0 0 0 0 2 0 1 0 0 0 0 0 0
818.935 0 0 0 0 1 1 0 0 0 0 3 0 1 0 0 0 0 0 0
849.879 1 0 0 0 0 1 0 0 0 0 3 0 2 0 0 0 0 0 0
868.901 1 1 0 0 0 1 0 0 0 0 2 0 1 0 0 0 0 0 0
878.977 1 2 0 0 0 1 0 0 0 0 1 0 0 0 0 0 0 0 0
884.737 0 1 0 0 1 1 0 0 0 0 2 0 0 0 0 0 0 0 0
887.77 0 0 0 0 0 1 0 1 0 0 3 0 0 0 0 0 0 0 0
902.252 0 0 0 0 1 1 0 0 0 0 3 0 1 0 0 0 0 0 0
955.11 0 1 0 0 1 1 0 0 0 0 2 0 0 0 0 0 0 0 0
978.825 1 1 0 0 0 1 0 0 0 0 2 0 1 0 0 0 0 0 0
989.868 0 0 0 0 1 1 0 0 0 0 3 0 1 0 0 0 0 0 0
995.677 1 0 0 0 0 1 0 0 0 0 3 0 2 0 0 0 0 0 0
997.96 1 1 0 0 0 1 0 0 0 0 2 0 1 0 0 0 0 0 0
1049.13 1 2 0 0 0 1 0 0 0 0 1 0 0 0 0 0 0 0 0
1124.11 1 2 1 0 0 0 0 0 0 0 1 0 0 0 1 0 0 0 0
1143.28 0 1 1 0 1 0 0 0 0 0 2 0 0 0 1 0 0 0 0
1156.66 0 1 1 1 1 0 0 0 0 0 1 0 0 0 0 0 0 0 0
1178.16 1 1 1 1 0 0 0 0 0 0 1 0 1 0 0 0 0 0 0
1226.72 1 1 0 0 0 1 0 0 0 0 2 0 1 0 0 0 0 0 0
1265.12 1 2 0 0 0 1 0 0 0 0 1 0 0 0 0 0 0 0 0
1280.57 1 2 1 0 0 0 0 0 0 0 1 0 0 0 1 0 0 0 0
1284.38 0 1 1 0 1 0 0 0 0 0 2 0 0 0 1 0 0 0 0
1303.83 1 1 1 0 0 0 0 0 0 0 2 0 1 0 1 0 0 0 0
1335.55 1 2 1 0 0 0 0 0 0 0 1 0 0 0 1 0 0 0 0
1361.4 0 1 1 0 1 0 0 0 0 0 2 0 0 0 1 0 0 0 0
1361.57 0 1 1 1 1 0 0 0 0 0 1 0 0 0 0 0 0 0 0
1376.78 1 1 1 1 0 0 0 0 0 0 1 0 1 0 0 0 0 0 0
1409.15 0 0 1 1 1 0 0 0 0 0 2 0 1 0 0 0 0 0 0
1413.15 1 0 1 1 0 0 0 0 0 0 2 0 2 0 0 0 0 0 0
1454 1 1 1 1 0 0 0 0 0 0 1 0 1 0 0 0 0 0 0
1489.9 1 1 0 0 0 1 0 0 0 0 2 0 1 0 0 0 0 0 0
1528.64 1 2 0 0 0 1 0 0 0 0 1 0 0 0 0 0 0 0 0
1557.02 0 1 0 0 1 1 0 0 0 0 2 0 0 0 0 0 0 0 0
1577.75 0 0 0 0 0 1 0 1 0 0 3 0 0 0 0 0 0 0 0
1630.28 0 0 1 0 0 0 0 1 0 0 3 0 0 0 1 0 0 0 0
1663.11 0 0 1 1 0 0 0 1 0 0 2 0 0 0 0 0 0 0 0
1690.21 0 0 0 0 0 1 0 1 0 0 3 0 0 0 0 0 0 0 0
1749.34 0 0 0 0 1 1 0 0 0 0 3 0 1 0 0 0 0 0 0
1756.53 1 0 0 0 0 1 0 0 0 0 3 0 2 0 0 0 0 0 0
1775.91 1 1 0 0 0 1 0 0 0 0 2 0 1 0 0 0 0 0 0
1782.11 0 0 0 0 1 1 0 0 0 0 3 0 1 0 0 0 0 0 0
1783.34 1 0 0 0 0 1 0 0 0 0 3 0 2 0 0 0 0 0 0
1784.79 1 1 0 0 0 1 0 0 0 0 2 0 1 0 0 0 0 0 0
1796.65 1 2 0 0 0 1 0 0 0 0 1 0 0 0 0 0 0 0 0
1811.83 0 1 0 0 1 1 0 0 0 0 2 0 0 0 0 0 0 0 0
1822.5 1 1 0 0 0 1 0 0 0 0 2 0 1 0 0 0 0 0 0
1854.05 1 2 0 0 0 1 0 0 0 0 1 0 0 0 0 0 0 0 0
1871.15 0 1 0 0 1 1 0 0 0 0 2 0 0 0 0 0 0 0 0
1893.6 0 1 1 0 1 0 0 0 0 0 2 0 0 0 1 0 0 0 0
1943.07 1 1 1 0 0 0 0 0 0 0 2 0 1 0 1 0 0 0 0
1960.11 1 2 1 0 0 0 0 0 0 0 1 0 0 0 1 0 0 0 0
1996.73 1 2 1 1 0 0 0 0 0 0 0 0 0 0 0 0 0 0 0
2013.86 0 1 1 1 1 0 0 0 0 0 1 0 0 0 0 0 0 0 0
2019.41 0 1 0 0 1 1 0 0 0 0 2 0 0 0 0 0 0 0 0
2026.64 0 1 0 0 0 0 1 0 0 0 3 0 0 0 0 0 0 0 0
2275.18 0 0 0 0 0 0 0 0 1 0 4 0 0 0 0 0 0 0 0
2275.18 0 0 0 0 0 0 0 0 1 0 4 0 0 0 0 0 0 0 0
