0 0 0 0 0 0 0 0 0 0 0 5 1 2 1 1 0 0 0 0
2.49813 0 0 0 1 0 0 0 0 0 0 4 1 2 1 0 0 0 0 0
4.87596 0 1 0 1 0 0 0 0 0 0 3 1 1 1 0 0 0 0 0
5.51788 1 1 0 1 0 0 0 0 0 0 2 0 1 1 0 0 0 0 0
55.4687 1 2 0 1 0 0 0 0 0 0 1 0 0 1 0 0 0 0 0
64.1982 1 2 1 1 0 0 0 0 0 0 0 0 0 0 0 0 0 0 0
77.5361 0 1 1 1 1 0 0 0 0 0 1 0 0 0 0 0 0 0 0
91.4065 1 1 1 1 0 0 0 0 0 0 1 0 1 0 0 0 0 0 0
106.847 1 1 0 0 0 1 0 0 0 0 2 0 1 0 0 0 0 0 0
207.819 0 0 0 0 1 1 0 0 0 0 3 0 1 0 0 0 0 0 0
219.262 1 0 0 0 0 1 0 0 0 0 3 0 2 0 0 0 0 0 0
249.137 1 1 0 0 0 1 0 0 0 0 2 0 1 0 0 0 0 0 0
249.772 1 2 0 0 0 1 0 0 0 0 1 0 0 0 0 0 0 0 0
274.871 0 1 0 0 1 1 0 0 0 0 2 0 0 0 0 0 0 0 0
275.287 0 1 0 0 0 0 1 0 0 0 3 0 0 0 0 0 0 0 0
314.017 0 0 0 0 0 0 0 0 1 0 4 0 0 0 0 0 0 0 0
788.608 0 0 0 0 0 0 1 0 0 0 4 0 1 0 0 0 0 0 0
805.781 0 1 0 0 0 0 1 0 0 0 3 0 0 0 0 0 0 0 0
847.615 0 0 0 0 0 0 0 0 1 0 4 0 0 0 0 0 0 0 0
1571.31 0 0 0 0 0 0 1 0 0 0 4 0 1 0 0 0 0 0 0
1578.6 0 1 0 0 0 0 1 0 0 0 3 0 0 0 0 0 0 0 0
1620.53 0 0 0 0 0 0 0 0 1 0 4 0 0 0 0 0 0 0 0
1989.64 0 0 0 0 0 0 1 0 0 0 4 0 1 0 0 0 0 0 0
1992.65 0 1 0 0 0 0 1 0 0 0 3 0 0 0 0 0 0 0 0
2010.46 0 1 0 0 0 1 0 0 0 0 3 0 0 0 0 1 0 0 0
2037.92 0 1 1 0 0 0 0 0 0 0 3 0 0 0 1 1 0 0 0
2056.29 0 1 1 1 0 0 0 0 0 0 2 0 0 0 0 1 0 0 0
2089.2 0 1 0 0 0 1 0 0 0 0 3 0 0 0 0 1 0 0 0
2138.52 0 1 0 0 1 1 0 0 0 0 2 0 0 0 0 0 0 0 0
2138.97 0 1 0 0 0 0 1 0 0 0 3 0 0 0 0 0 0 0 0
2150.31 0 0 0 0 0 0 0 0 1 0 4 0 0 0 0 0 0 0 0
2667.56 0 0 0 0 0 0 1 0 0 0 4 0 1 0 0 0 0 0 0
2684.65 0 1 0 0 0 0 1 0 0 0 3 0 0 0 0 0 0 0 0
2687.79 0 1 0 0 0 1 0 0 0 0 3 0 0 0 0 1 0 0 0
2702.26 0 1 0 0 1 1 0 0 0 0 2 0 0 0 0 0 0 0 0
2718.36 0 0 0 0 0 1 0 1 0 0 3 0 0 0 0 0 0 0 0
2722.23 0 0 0 0 1 1 0 0 0 0 3 0 1 0 0 0 0 0 0
2730.51 0 1 0 0 1 1 0 0 0 0 2 0 0 0 0 0 0 0 0
2733.49 0 0 0 0 0 1 0 1 0 0 3 0 0 0 0 0 0 0 0
2734.02 0 0 1 0 0 0 0 1 0 0 3 0 0 0 1 0 0 0 0
2762.64 0 0 1 1 0 0 0 1 0 0 2 0 0 0 0 0 0 0 0
2775.68 0 0 1 1 1 0 0 0 0 0 2 0 1 0 0 0 0 0 0
2779.77 0 0 0 0 1 1 0 0 0 0 3 0 1 0 0 0 0 0 0
2780.88 0 1 0 0 1 1 0 0 0 0 2 0 0 0 0 0 0 0 0
2786.87 0 1 1 0 1 0 0 0 0 0 2 0 0 0 1 0 0 0 0
2836 1 1 1 0 0 0 0 0 0 0 2 0 1 0 1 0 0 0 0
2854.1 1 1 1 1 0 0 0 0 0 0 1 0 1 0 0 0 0 0 0
2918.47 1 2 1 1 0 0 0 0 0 0 0 0 0 0 0 0 0 0 0
2919.46 0 1 1 1 1 0 0 0 0 0 1 0 0 0 0 0 0 0 0
2926.03 0 0 1 1 0 0 0 1 0 0 2 0 0 0 0 0 0 0 0
2948.48 0 0 0 0 0 1 0 1 0 0 3 0 0 0 0 0 0 0 0
2954.61 0 0 0 0 0 0 0 0 0 1 4 0 0 0 0 0 0 0 0
2954.61 0 0 0 0 0 0 0 0 0 1 4 0 0 0 0 0 0 0 0
