0 0 0 0 0 0 0 0 0 0 0 5 1 2 1 1 0 0 0 0
2.9267 0 0 1 0 0 0 0 0 0 0 4 1 2 0 1 0 0 0 0
6.45278 0 0 1 1 0 0 0 0 0 0 3 1 2 0 0 0 0 0 0
9.51163 0 1 1 1 0 0 0 0 0 0 2 1 1 0 0 0 0 0 0
20.7941 1 1 1 1 0 0 0 0 0 0 1 0 1 0 0 0 0 0 0
24.1023 1 1 0 0 0 1 0 0 0 0 2 0 1 0 0 0 0 0 0
27.7244 0 0 0 0 1 1 0 0 0 0 3 0 1 0 0 0 0 0 0
54.5548 0 1 0 0 1 1 0 0 0 0 2 0 0 0 0 0 0 0 0
93.4066 0 1 1 0 1 0 0 0 0 0 2 0 0 0 1 0 0 0 0
99.4446 0 1 1 1 1 0 0 0 0 0 1 0 0 0 0 0 0 0 0
163.126 0 1 0 0 1 1 0 0 0 0 2 0 0 0 0 0 0 0 0
253.209 0 1 0 0 0 0 1 0 0 0 3 0 0 0 0 0 0 0 0
265.979 0 0 0 0 0 0 0 0 1 0 4 0 0 0 0 0 0 0 0
539.191 0 0 0 0 0 0 1 0 0 0 4 0 1 0 0 0 0 0 0
552.128 0 1 0 0 0 0 1 0 0 0 3 0 0 0 0 0 0 0 0
641.476 0 0 0 0 0 0 0 0 1 0 4 0 0 0 0 0 0 0 0
994.206 0 0 0 0 0 0 1 0 0 0 4 0 1 0 0 0 0 0 0
1018.84 0 1 0 0 0 0 1 0 0 0 3 0 0 0 0 0 0 0 0
1051.92 0 0 0 0 0 0 0 0 1 0 4 0 0 0 0 0 0 0 0
2691.02 0 0 0 0 0 0 1 0 0 0 4 0 1 0 0 0 0 0 0
2706.48 0 1 0 0 0 0 1 0 0 0 3 0 0 0 0 0 0 0 0
2722.49 0 0 0 0 0 0 0 0 1 0 4 0 0 0 0 0 0 0 0
2722.49 0 0 0 0 0 0 0 0 1 0 4 0 0 0 0 0 0 0 0
