0 15 3 6 3 3 0 0 0 0 0 0 0 0
0.368603 14 2 6 3 3 1 0 0 0 0 0 0 0
0.415656 13 2 6 3 2 1 0 0 1 0 0 0 0
1.07184 12 2 6 2 2 1 0 1 1 0 0 0 0
4.94584 11 2 6 1 2 1 0 2 1 0 0 0 0
6.62089 10 2 6 0 2 1 0 3 1 0 0 0 0
6.70753 9 2 6 0 1 1 0 3 2 0 0 0 0
13.8738 8 2 5 0 1 1 1 3 2 0 0 0 0
14.0689 7 2 4 0 1 1 2 3 2 0 0 0 0
19.2851 6 2 3 0 1 1 3 3 2 0 0 0 0
20.5657 7 2 3 0 1 1 3 2 1 0 1 0 0
23.454 6 1 3 0 1 2 3 2 1 0 1 0 0
32.1224 7 1 3 0 1 1 2 2 1 1 1 0 0
33.1007 6 1 3 0 0 1 2 2 2 1 1 0 0
43.0146 5 1 2 0 0 1 3 2 2 1 1 0 0
44.0172 6 1 2 0 0 1 3 1 1 1 2 0 0
45.746 5 1 1 0 0 1 4 1 1 1 2 0 0
46.8945 6 1 1 0 0 1 4 0 0 1 3 0 0
54.0968 7 1 1 0 0 0 3 0 0 2 3 0 0
59.2251 8 1 1 0 0 0 3 0 0 1 2 1 0
71.2971 7 0 1 0 0 1 3 0 0 1 2 1 0
84.9994 6 0 0 0 0 1 4 0 0 1 2 1 0
85.2296 7 0 0 0 0 0 3 0 0 2 2 1 0
150.628 9 0 0 0 0 0 2 0 0 2 2 0 1
238.926 10 0 0 0 0 0 2 0 0 1 1 1 1
282.379 12 0 0 0 0 0 1 0 0 1 1 0 2
536.294 13 0 0 0 0 0 1 0 0 0 0 1 2
536.778 15 0 0 0 0 0 0 0 0 0 0 0 3
536.778 15 0 0 0 0 0 0 0 0 0 0 0 3
