0 15 3 6 3 3 0 0 0 0 0 0 0 0
2.43049 14 3 5 3 3 0 1 0 0 0 0 0 0
2.50868 13 3 4 3 3 0 2 0 0 0 0 0 0
5.56699 12 3 3 3 3 0 3 0 0 0 0 0 0
5.96071 11 3 3 3 2 0 3 0 1 0 0 0 0
6.01633 10 3 2 3 2 0 4 0 1 0 0 0 0
6.61449 9 2 2 3 2 1 4 0 1 0 0 0 0
10.0114 8 2 2 3 1 1 4 0 2 0 0 0 0
12.4012 7 2 2 2 1 1 4 1 2 0 0 0 0
39.0039 6 2 2 1 1 1 4 2 2 0 0 0 0
39.114 5 1 2 1 1 2 4 2 2 0 0 0 0
41.8395 4 1 2 0 1 2 4 3 2 0 0 0 0
46.5176 3 1 1 0 1 2 5 3 2 0 0 0 0
76.887 2 0 1 0 1 3 5 3 2 0 0 0 0
81.3609 3 0 1 0 1 2 4 3 2 1 0 0 0
99.6761 2 0 0 0 1 2 5 3 2 1 0 0 0
101.075 3 0 0 0 1 1 4 3 2 2 0 0 0
110.088 4 0 0 0 1 1 4 2 1 2 1 0 0
116.983 5 0 0 0 1 1 4 1 0 2 2 0 0
133.086 6 0 0 0 1 0 3 1 0 3 2 0 0
144.51 5 0 0 0 0 0 3 1 1 3 2 0 0
148.582 6 0 0 0 0 0 3 1 1 2 1 1 0
180.316 7 0 0 0 0 0 3 0 0 2 2 1 0
234.089 9 0 0 0 0 0 2 0 0 2 2 0 1
236.775 10 0 0 0 0 0 2 0 0 1 1 1 1
288.817 12 0 0 0 0 0 1 0 0 1 1 0 2
496.302 13 0 0 0 0 0 1 0 0 0 0 1 2
725.796 15 0 0 0 0 0 0 0 0 0 0 0 3
725.796 15 0 0 0 0 0 0 0 0 0 0 0 3
