0 15 3 6 3 3 0 0 0 0 0 0 0 0
1.69847 14 2 6 3 3 1 0 0 0 0 0 0 0
2.35754 13 2 6 3 2 1 0 0 1 0 0 0 0
7.01704 12 2 5 3 2 1 1 0 1 0 0 0 0
11.9102 11 1 5 3 2 2 1 0 1 0 0 0 0
15.2561 10 1 5 2 2 2 1 1 1 0 0 0 0
19.587 9 1 4 2 2 2 2 1 1 0 0 0 0
31.3636 8 1 4 2 1 2 2 1 2 0 0 0 0
31.8375 7 1 4 2 0 2 2 1 3 0 0 0 0
40.9356 6 1 4 1 0 2 2 2 3 0 0 0 0
41.9595 7 1 4 1 0 2 2 1 2 0 1 0 0
43.5029 6 1 3 1 0 2 3 1 2 0 1 0 0
46.0507 5 1 3 0 0 2 3 2 2 0 1 0 0
54.9667 4 1 2 0 0 2 4 2 2 0 1 0 0
61.3157 5 1 2 0 0 1 3 2 2 1 1 0 0
99.5926 6 1 2 0 0 1 3 1 1 1 2 0 0
120.523 5 1 1 0 0 1 4 1 1 1 2 0 0
123.037 6 1 1 0 0 0 3 1 1 2 2 0 0
150.497 7 1 1 0 0 0 3 1 1 1 1 1 0
166.759 6 0 1 0 0 1 3 1 1 1 1 1 0
167.662 7 0 1 0 0 0 2 1 1 2 1 1 0
170.109 6 0 0 0 0 0 3 1 1 2 1 1 0
176.144 8 0 0 0 0 0 2 1 1 2 1 0 1
186.996 9 0 0 0 0 0 2 1 1 1 0 1 1
212.586 11 0 0 0 0 0 1 1 1 1 0 0 2
342.658 12 0 0 0 0 0 1 0 0 1 1 0 2
363.533 13 0 0 0 0 0 1 0 0 0 0 1 2
789.426 15 0 0 0 0 0 0 0 0 0 0 0 3
789.426 15 0 0 0 0 0 0 0 0 0 0 0 3
