0 15 3 6 3 3 0 0 0 0 0 0 0 0
1.101 14 3 6 2 3 0 0 1 0 0 0 0 0
1.30766 13 3 6 2 2 0 0 1 1 0 0 0 0
2.4332 12 3 6 2 1 0 0 1 2 0 0 0 0
4.16816 11 2 6 2 1 1 0 1 2 0 0 0 0
5.99172 10 2 6 1 1 1 0 2 2 0 0 0 0
12.7344 9 2 6 1 0 1 0 2 3 0 0 0 0
14.2541 10 2 6 1 0 1 0 1 2 0 1 0 0
24.5645 9 1 6 1 0 2 0 1 2 0 1 0 0
25.5573 8 1 5 1 0 2 1 1 2 0 1 0 0
28.0871 7 1 4 1 0 2 2 1 2 0 1 0 0
29.6774 6 1 3 1 0 2 3 1 2 0 1 0 0
30.6683 5 1 3 0 0 2 3 2 2 0 1 0 0
31.6258 6 1 3 0 0 2 3 1 1 0 2 0 0
35.2385 5 1 2 0 0 2 4 1 1 0 2 0 0
53.29 4 1 1 0 0 2 5 1 1 0 2 0 0
71.4857 5 1 1 0 0 1 4 1 1 1 2 0 0
72.0387 4 0 1 0 0 2 4 1 1 1 2 0 0
85.73 5 0 1 0 0 1 3 1 1 2 2 0 0
87.1447 6 0 1 0 0 1 3 1 1 1 1 1 0
99.8106 5 0 0 0 0 1 4 1 1 1 1 1 0
117.017 6 0 0 0 0 1 4 0 0 1 2 1 0
149.045 8 0 0 0 0 1 3 0 0 1 2 0 1
179.849 9 0 0 0 0 0 2 0 0 2 2 0 1
261.53 10 0 0 0 0 0 2 0 0 1 1 1 1
266.1 12 0 0 0 0 0 1 0 0 1 1 0 2
480.039 13 0 0 0 0 0 1 0 0 0 0 1 2
499.267 15 0 0 0 0 0 0 0 0 0 0 0 3
499.267 15 0 0 0 0 0 0 0 0 0 0 0 3
