0 15 3 6 3 3 0 0 0 0 0 0 0 0
1.18355 14 3 6 2 3 0 0 1 0 0 0 0 0
3.20145 13 3 6 2 2 0 0 1 1 0 0 0 0
6.12432 12 2 6 2 2 1 0 1 1 0 0 0 0
7.48243 11 1 6 2 2 2 0 1 1 0 0 0 0
9.11587 10 1 5 2 2 2 1 1 1 0 0 0 0
12.1588 9 1 5 1 2 2 1 2 1 0 0 0 0
17.4422 8 1 4 1 2 2 2 2 1 0 0 0 0
24.569 7 1 3 1 2 2 3 2 1 0 0 0 0
24.7203 6 1 3 1 1 2 3 2 2 0 0 0 0
26.4806 5 1 3 0 1 2 3 3 2 0 0 0 0
27.6482 4 1 3 0 0 2 3 3 3 0 0 0 0
31.961 3 1 2 0 0 2 4 3 3 0 0 0 0
41.8429 2 1 1 0 0 2 5 3 3 0 0 0 0
46.1856 3 1 1 0 0 1 4 3 3 1 0 0 0
52.4834 4 1 1 0 0 1 4 2 2 1 1 0 0
75.7066 5 1 1 0 0 1 4 1 1 1 2 0 0
82.6357 4 1 0 0 0 1 5 1 1 1 2 0 0
87.0398 5 1 0 0 0 0 4 1 1 2 2 0 0
107.629 4 0 0 0 0 1 4 1 1 2 2 0 0
113.542 5 0 0 0 0 1 4 1 1 1 1 1 0
132.812 7 0 0 0 0 1 3 1 1 1 1 0 1
157.364 8 0 0 0 0 0 2 1 1 2 1 0 1
230.207 9 0 0 0 0 0 2 1 1 1 0 1 1
244.396 10 0 0 0 0 0 2 0 0 1 1 1 1
311.435 12 0 0 0 0 0 1 0 0 1 1 0 2
368.684 13 0 0 0 0 0 1 0 0 0 0 1 2
375.879 15 0 0 0 0 0 0 0 0 0 0 0 3
375.879 15 0 0 0 0 0 0 0 0 0 0 0 3
