0 15 3 6 3 3 0 0 0 0 0 0 0 0
2.66458 14 3 5 3 3 0 1 0 0 0 0 0 0
3.82483 13 3 5 3 2 0 1 0 1 0 0 0 0
6.59368 12 3 4 3 2 0 2 0 1 0 0 0 0
8.30277 11 3 4 2 2 0 2 1 1 0 0 0 0
10.8179 10 2 4 2 2 1 2 1 1 0 0 0 0
10.831 9 1 4 2 2 2 2 1 1 0 0 0 0
13.1487 8 1 4 1 2 2 2 2 1 0 0 0 0
13.1927 7 1 3 1 2 2 3 2 1 0 0 0 0
21.3 6 1 2 1 2 2 4 2 1 0 0 0 0
25.1194 5 1 2 1 1 2 4 2 2 0 0 0 0
31.8424 4 1 1 1 1 2 5 2 2 0 0 0 0
32.739 3 1 1 0 1 2 5 3 2 0 0 0 0
32.8882 2 1 1 0 0 2 5 3 3 0 0 0 0
33.3649 3 1 1 0 0 2 5 2 2 0 1 0 0
90.8237 4 1 1 0 0 1 4 2 2 1 1 0 0
105.409 3 0 1 0 0 2 4 2 2 1 1 0 0
109.356 4 0 1 0 0 2 4 1 1 1 2 0 0
110.843 5 0 1 0 0 2 4 0 0 1 3 0 0
111.087 6 0 1 0 0 1 3 0 0 2 3 0 0
116.771 5 0 0 0 0 1 4 0 0 2 3 0 0
128.697 6 0 0 0 0 1 4 0 0 1 2 1 0
144.846 8 0 0 0 0 1 3 0 0 1 2 0 1
196.134 9 0 0 0 0 0 2 0 0 2 2 0 1
228.512 10 0 0 0 0 0 2 0 0 1 1 1 1
251.976 12 0 0 0 0 0 1 0 0 1 1 0 2
921.397 13 0 0 0 0 0 1 0 0 0 0 1 2
921.397 13 0 0 0 0 0 1 0 0 0 0 1 2
