0 15 3 6 3 3 0 0 0 0 0 0 0 0
0.127519 14 3 5 3 3 0 1 0 0 0 0 0 0
3.15388 13 2 5 3 3 1 1 0 0 0 0 0 0
5.72919 12 2 5 2 3 1 1 1 0 0 0 0 0
8.95018 11 2 5 1 3 1 1 2 0 0 0 0 0
9.04178 10 2 4 1 3 1 2 2 0 0 0 0 0
11.6476 9 2 4 0 3 1 2 3 0 0 0 0 0
17.9093 8 1 4 0 3 2 2 3 0 0 0 0 0
19.671 7 1 3 0 3 2 3 3 0 0 0 0 0
20.5689 8 1 3 0 3 1 2 3 0 1 0 0 0
21.281 7 1 2 0 3 1 3 3 0 1 0 0 0
28.0965 6 1 2 0 2 1 3 3 1 1 0 0 0
30.8603 5 1 2 0 1 1 3 3 2 1 0 0 0
42.4705 6 1 2 0 1 1 3 2 1 1 1 0 0
49.9194 5 0 2 0 1 2 3 2 1 1 1 0 0
49.9536 4 0 2 0 0 2 3 2 2 1 1 0 0
65.4701 5 0 2 0 0 2 3 1 1 1 2 0 0
70.8877 4 0 1 0 0 2 4 1 1 1 2 0 0
112.884 5 0 1 0 0 1 3 1 1 2 2 0 0
113.225 4 0 0 0 0 1 4 1 1 2 2 0 0
129.959 5 0 0 0 0 1 4 1 1 1 1 1 0
146.124 7 0 0 0 0 1 3 1 1 1 1 0 1
165.211 8 0 0 0 0 0 2 1 1 2 1 0 1
170.863 9 0 0 0 0 0 2 0 0 2 2 0 1
175.806 10 0 0 0 0 0 2 0 0 1 1 1 1
423.859 12 0 0 0 0 0 1 0 0 1 1 0 2
737.834 13 0 0 0 0 0 1 0 0 0 0 1 2
897.167 15 0 0 0 0 0 0 0 0 0 0 0 3
897.167 15 0 0 0 0 0 0 0 0 0 0 0 3
