0 15 3 6 3 3 0 0 0 0 0 0 0 0
0.588144 14 2 6 3 3 1 0 0 0 0 0 0 0
5.6321 13 2 5 3 3 1 1 0 0 0 0 0 0
6.36914 12 2 5 3 2 1 1 0 1 0 0 0 0
7.97299 11 2 4 3 2 1 2 0 1 0 0 0 0
8.78621 10 2 3 3 2 1 3 0 1 0 0 0 0
9.66736 9 2 3 3 1 1 3 0 2 0 0 0 0
12.1143 8 1 3 3 1 2 3 0 2 0 0 0 0
15.035 7 1 2 3 1 2 4 0 2 0 0 0 0
17.3163 6 0 2 3 1 3 4 0 2 0 0 0 0
20.0167 5 0 1 3 1 3 5 0 2 0 0 0 0
22.2266 4 0 1 2 1 3 5 1 2 0 0 0 0
23.1152 5 0 1 2 1 2 4 1 2 1 0 0 0
28.2964 6 0 1 2 1 1 3 1 2 2 0 0 0
33.8508 5 0 1 2 0 1 3 1 3 2 0 0 0
36.5058 6 0 1 2 0 0 2 1 3 3 0 0 0
45.4799 5 0 1 1 0 0 2 2 3 3 0 0 0
48.7251 4 0 1 0 0 0 2 3 3 3 0 0 0
50.9522 5 0 1 0 0 0 2 2 2 3 1 0 0
64.4818 4 0 0 0 0 0 3 2 2 3 1 0 0
72.0373 5 0 0 0 0 0 3 1 1 3 2 0 0
84.0624 6 0 0 0 0 0 3 1 1 2 1 1 0
84.4347 7 0 0 0 0 0 3 0 0 2 2 1 0
106.335 8 0 0 0 0 0 3 0 0 1 1 2 0
140.037 10 0 0 0 0 0 2 0 0 1 1 1 1
196.285 12 0 0 0 0 0 1 0 0 1 1 0 2
587.012 13 0 0 0 0 0 1 0 0 0 0 1 2
1160.11 15 0 0 0 0 0 0 0 0 0 0 0 3
1160.11 15 0 0 0 0 0 0 0 0 0 0 0 3
