0 15 3 6 3 3 0 0 0 0 0 0 0 0
0.77395 14 2 6 3 3 1 0 0 0 0 0 0 0
0.837742 13 2 5 3 3 1 1 0 0 0 0 0 0
2.02305 12 2 4 3 3 1 2 0 0 0 0 0 0
2.65606 11 2 3 3 3 1 3 0 0 0 0 0 0
3.72241 10 2 2 3 3 1 4 0 0 0 0 0 0
8.03656 9 2 2 3 2 1 4 0 1 0 0 0 0
8.54426 8 2 2 2 2 1 4 1 1 0 0 0 0
8.59305 7 1 2 2 2 2 4 1 1 0 0 0 0
21.0576 8 1 2 2 2 1 3 1 1 1 0 0 0
26.1443 7 1 2 1 2 1 3 2 1 1 0 0 0
30.8646 6 1 1 1 2 1 4 2 1 1 0 0 0
31.7121 5 1 1 1 1 1 4 2 2 1 0 0 0
32.7949 4 0 1 1 1 2 4 2 2 1 0 0 0
36.873 3 0 0 1 1 2 5 2 2 1 0 0 0
66.6001 4 0 0 1 1 1 4 2 2 2 0 0 0
72.2756 5 0 0 1 1 0 3 2 2 3 0 0 0
85.5619 4 0 0 1 0 0 3 2 3 3 0 0 0
88.6485 5 0 0 1 0 0 3 1 2 3 1 0 0
89.4014 6 0 0 1 0 0 3 0 1 3 2 0 0
107.575 7 0 0 1 0 0 3 0 1 2 1 1 0
111.506 6 0 0 0 0 0 3 1 1 2 1 1 0
159.82 8 0 0 0 0 0 2 1 1 2 1 0 1
290.674 9 0 0 0 0 0 2 0 0 2 2 0 1
302.398 10 0 0 0 0 0 2 0 0 1 1 1 1
543.281 11 0 0 0 0 0 2 0 0 0 0 2 1
566.642 13 0 0 0 0 0 1 0 0 0 0 1 2
751.079 15 0 0 0 0 0 0 0 0 0 0 0 3
751.079 15 0 0 0 0 0 0 0 0 0 0 0 3
