0 15 3 6 3 3 0 0 0 0 0 0 0 0
1.68989 14 3 5 3 3 0 1 0 0 0 0 0 0
3.00671 13 3 5 3 2 0 1 0 1 0 0 0 0
3.03 12 3 5 2 2 0 1 1 1 0 0 0 0
4.06369 11 2 5 2 2 1 1 1 1 0 0 0 0
6.4014 10 2 4 2 2 1 2 1 1 0 0 0 0
7.69742 9 2 4 1 2 1 2 2 1 0 0 0 0
8.00798 10 2 4 1 2 0 1 2 1 1 0 0 0
10.1491 9 2 4 1 1 0 1 2 2 1 0 0 0
11.6224 10 2 4 1 1 0 1 1 1 1 1 0 0
15.9634 9 2 4 1 0 0 1 1 2 1 1 0 0
18.2701 8 2 3 1 0 0 2 1 2 1 1 0 0
21.3509 7 2 2 1 0 0 3 1 2 1 1 0 0
22.244 6 2 1 1 0 0 4 1 2 1 1 0 0
30.5203 5 2 1 0 0 0 4 2 2 1 1 0 0
35.301 4 1 1 0 0 1 4 2 2 1 1 0 0
35.8564 5 1 1 0 0 1 4 1 1 1 2 0 0
40.1754 4 1 0 0 0 1 5 1 1 1 2 0 0
44.4868 5 1 0 0 0 0 4 1 1 2 2 0 0
92.2321 4 0 0 0 0 1 4 1 1 2 2 0 0
95.4263 5 0 0 0 0 0 3 1 1 3 2 0 0
107.772 6 0 0 0 0 0 3 1 1 2 1 1 0
235.566 7 0 0 0 0 0 3 1 1 1 0 2 0
265.676 9 0 0 0 0 0 2 1 1 1 0 1 1
337.12 11 0 0 0 0 0 1 1 1 1 0 0 2
470.697 12 0 0 0 0 0 1 0 0 1 1 0 2
486.695 13 0 0 0 0 0 1 0 0 0 0 1 2
859.942 15 0 0 0 0 0 0 0 0 0 0 0 3
859.942 15 0 0 0 0 0 0 0 0 0 0 0 3
