0 15 3 6 3 3 0 0 0 0 0 0 0 0
0.90696 14 3 5 3 3 0 1 0 0 0 0 0 0
1.62416 13 2 5 3 3 1 1 0 0 0 0 0 0
3.21034 12 1 5 3 3 2 1 0 0 0 0 0 0
3.6283 11 1 5 2 3 2 1 1 0 0 0 0 0
4.10802 10 1 5 1 3 2 1 2 0 0 0 0 0
4.65068 9 1 4 1 3 2 2 2 0 0 0 0 0
8.53458 8 1 4 1 2 2 2 2 1 0 0 0 0
10.8088 7 1 4 1 1 2 2 2 2 0 0 0 0
14.9524 6 1 3 1 1 2 3 2 2 0 0 0 0
20.256 5 1 2 1 1 2 4 2 2 0 0 0 0
23.2879 4 1 1 1 1 2 5 2 2 0 0 0 0
25.0794 5 1 1 1 1 2 5 1 1 0 1 0 0
29.5262 4 1 1 1 0 2 5 1 2 0 1 0 0
32.6605 5 1 1 1 0 1 4 1 2 1 1 0 0
33.7424 4 1 0 1 0 1 5 1 2 1 1 0 0
40.6829 3 1 0 0 0 1 5 2 2 1 1 0 0
41.7185 2 0 0 0 0 2 5 2 2 1 1 0 0
53.3578 3 0 0 0 0 1 4 2 2 2 1 0 0
83.2213 4 0 0 0 0 0 3 2 2 3 1 0 0
89.0157 5 0 0 0 0 0 3 2 2 2 0 1 0
98.2747 6 0 0 0 0 0 3 1 1 2 1 1 0
159.579 8 0 0 0 0 0 2 1 1 2 1 0 1
214.642 9 0 0 0 0 0 2 1 1 1 0 1 1
239.442 11 0 0 0 0 0 1 1 1 1 0 0 2
716.468 12 0 0 0 0 0 1 0 0 1 1 0 2
722.443 13 0 0 0 0 0 1 0 0 0 0 1 2
1150.9 15 0 0 0 0 0 0 0 0 0 0 0 3
1150.9 15 0 0 0 0 0 0 0 0 0 0 0 3
