0 15 3 6 3 3 0 0 0 0 0 0 0 0
3.14164 14 2 6 3 3 1 0 0 0 0 0 0 0
4.7293 13 2 5 3 3 1 1 0 0 0 0 0 0
4.97743 12 2 5 2 3 1 1 1 0 0 0 0 0
11.478 11 1 5 2 3 2 1 1 0 0 0 0 0
16.3484 10 1 5 2 2 2 1 1 1 0 0 0 0
17.057 9 0 5 2 2 3 1 1 1 0 0 0 0
18.7356 8 0 5 1 2 3 1 2 1 0 0 0 0
19.5732 7 0 4 1 2 3 2 2 1 0 0 0 0
22.156 6 0 3 1 2 3 3 2 1 0 0 0 0
24.1145 5 0 2 1 2 3 4 2 1 0 0 0 0
25.9112 6 0 2 1 2 2 3 2 1 1 0 0 0
31.55 5 0 2 1 1 2 3 2 2 1 0 0 0
48.0731 4 0 1 1 1 2 4 2 2 1 0 0 0
52.4953 5 0 1 1 1 2 4 1 1 1 1 0 0
65.6784 6 0 1 1 1 1 3 1 1 2 1 0 0
68.2215 5 0 1 0 1 1 3 2 1 2 1 0 0
118.108 4 0 0 0 1 1 4 2 1 2 1 0 0
121.472 5 0 0 0 1 1 4 2 1 1 0 1 0
126.998 7 0 0 0 1 1 3 2 1 1 0 0 1
128.442 8 0 0 0 1 0 2 2 1 2 0 0 1
134.776 7 0 0 0 0 0 2 2 2 2 0 0 1
146.429 8 0 0 0 0 0 2 1 1 2 1 0 1
201.138 9 0 0 0 0 0 2 1 1 1 0 1 1
211.219 11 0 0 0 0 0 1 1 1 1 0 0 2
259.339 12 0 0 0 0 0 1 0 0 1 1 0 2
721.57 13 0 0 0 0 0 1 0 0 0 0 1 2
929.405 15 0 0 0 0 0 0 0 0 0 0 0 3
929.405 15 0 0 0 0 0 0 0 0 0 0 0 3
