0 15 3 6 3 3 0 0 0 0 0 0 0 0
0.261343 14 3 5 3 3 0 1 0 0 0 0 0 0
2.93115 13 3 4 3 3 0 2 0 0 0 0 0 0
3.22044 12 3 4 3 2 0 2 0 1 0 0 0 0
6.02321 11 2 4 3 2 1 2 0 1 0 0 0 0
6.3565 10 2 4 2 2 1 2 1 1 0 0 0 0
7.43052 9 2 4 2 1 1 2 1 2 0 0 0 0
9.64868 8 1 4 2 1 2 2 1 2 0 0 0 0
17.023 7 1 4 2 0 2 2 1 3 0 0 0 0
20.8808 6 1 3 2 0 2 3 1 3 0 0 0 0
22.7857 5 1 3 1 0 2 3 2 3 0 0 0 0
25.0559 4 0 3 1 0 3 3 2 3 0 0 0 0
33.1495 5 0 3 1 0 3 3 1 2 0 1 0 0
50.87 4 0 2 1 0 3 4 1 2 0 1 0 0
57.2183 3 0 1 1 0 3 5 1 2 0 1 0 0
59.7111 4 0 1 1 0 3 5 0 1 0 2 0 0
75.8015 5 0 1 1 0 2 4 0 1 1 2 0 0
82.9886 4 0 1 0 0 2 4 1 1 1 2 0 0
121.08 5 0 1 0 0 1 3 1 1 2 2 0 0
164.113 4 0 0 0 0 1 4 1 1 2 2 0 0
176.324 5 0 0 0 0 1 4 1 1 1 1 1 0
178.868 6 0 0 0 0 0 3 1 1 2 1 1 0
188.07 7 0 0 0 0 0 3 1 1 1 0 2 0
220.371 9 0 0 0 0 0 2 1 1 1 0 1 1
358.658 11 0 0 0 0 0 1 1 1 1 0 0 2
494.765 12 0 0 0 0 0 1 0 0 1 1 0 2
718.116 13 0 0 0 0 0 1 0 0 0 0 1 2
766.217 15 0 0 0 0 0 0 0 0 0 0 0 3
766.217 15 0 0 0 0 0 0 0 0 0 0 0 3
