0 15 3 6 3 3 0 0 0 0 0 0 0 0
0.201955 14 3 6 2 3 0 0 1 0 0 0 0 0
0.250999 13 3 5 2 3 0 1 1 0 0 0 0 0
0.433853 12 3 4 2 3 0 2 1 0 0 0 0 0
1.88777 11 2 4 2 3 1 2 1 0 0 0 0 0
3.62904 10 1 4 2 3 2 2 1 0 0 0 0 0
4.41476 9 1 4 1 3 2 2 2 0 0 0 0 0
4.94227 8 1 4 0 3 2 2 3 0 0 0 0 0
11.6426 7 0 4 0 3 3 2 3 0 0 0 0 0
15.504 6 0 4 0 2 3 2 3 1 0 0 0 0
27.9347 5 0 4 0 1 3 2 3 2 0 0 0 0
31.7516 6 0 4 0 1 2 1 3 2 1 0 0 0
33.8918 5 0 3 0 1 2 2 3 2 1 0 0 0
43.9602 4 0 2 0 1 2 3 3 2 1 0 0 0
68.9275 5 0 2 0 1 2 3 2 1 1 1 0 0
69.0441 6 0 2 0 1 1 2 2 1 2 1 0 0
71.8175 7 0 2 0 1 1 2 1 0 2 2 0 0
77.8467 6 0 2 0 0 1 2 1 1 2 2 0 0
104.864 5 0 1 0 0 1 3 1 1 2 2 0 0
142.355 6 0 1 0 0 0 2 1 1 3 2 0 0
154.274 7 0 1 0 0 0 2 1 1 2 1 1 0
162.896 6 0 0 0 0 0 3 1 1 2 1 1 0
333.593 7 0 0 0 0 0 3 1 1 1 0 2 0
344.064 8 0 0 0 0 0 3 0 0 1 1 2 0
362.17 9 0 0 0 0 0 3 0 0 0 0 3 0
369.929 11 0 0 0 0 0 2 0 0 0 0 2 1
386.799 13 0 0 0 0 0 1 0 0 0 0 1 2
601.059 15 0 0 0 0 0 0 0 0 0 0 0 3
601.059 15 0 0 0 0 0 0 0 0 0 0 0 3
