0 15 3 6 3 3 0 0 0 0 0 0 0 0
1.19526 14 3 5 3 3 0 1 0 0 0 0 0 0
1.86753 13 3 4 3 3 0 2 0 0 0 0 0 0
2.49925 12 3 3 3 3 0 3 0 0 0 0 0 0
4.05892 11 3 3 2 3 0 3 1 0 0 0 0 0
6.20937 10 2 3 2 3 1 3 1 0 0 0 0 0
7.9762 11 2 3 2 3 0 2 1 0 1 0 0 0
9.78078 10 2 2 2 3 0 3 1 0 1 0 0 0
15.9062 9 2 2 2 2 0 3 1 1 1 0 0 0
17.552 8 2 2 2 1 0 3 1 2 1 0 0 0
23.3896 7 2 2 1 1 0 3 2 2 1 0 0 0
25.6619 6 2 1 1 1 0 4 2 2 1 0 0 0
27.478 5 1 1 1 1 1 4 2 2 1 0 0 0
47.9324 6 1 1 1 1 0 3 2 2 2 0 0 0
54.2553 5 0 1 1 1 1 3 2 2 2 0 0 0
79.721 6 0 1 1 1 1 3 1 1 2 1 0 0
100.243 5 0 1 0 1 1 3 2 1 2 1 0 0
109.451 6 0 1 0 1 0 2 2 1 3 1 0 0
111.336 5 0 0 0 1 0 3 2 1 3 1 0 0
111.504 4 0 0 0 0 0 3 2 2 3 1 0 0
121.792 5 0 0 0 0 0 3 1 1 3 2 0 0
150.965 6 0 0 0 0 0 3 0 0 3 3 0 0
172.318 7 0 0 0 0 0 3 0 0 2 2 1 0
195.364 8 0 0 0 0 0 3 0 0 1 1 2 0
214.573 9 0 0 0 0 0 3 0 0 0 0 3 0
240.004 11 0 0 0 0 0 2 0 0 0 0 2 1
263.428 13 0 0 0 0 0 1 0 0 0 0 1 2
577.373 15 0 0 0 0 0 0 0 0 0 0 0 3
577.373 15 0 0 0 0 0 0 0 0 0 0 0 3
