0 15 3 6 3 3 0 0 0 0 0 0 0 0
0.057531 14 3 6 2 3 0 0 1 0 0 0 0 0
2.6028 13 2 6 2 3 1 0 1 0 0 0 0 0
3.86651 12 2 6 2 2 1 0 1 1 0 0 0 0
4.43624 11 2 6 1 2 1 0 2 1 0 0 0 0
9.88402 10 2 5 1 2 1 1 2 1 0 0 0 0
12.3336 9 2 4 1 2 1 2 2 1 0 0 0 0
15.8978 8 2 3 1 2 1 3 2 1 0 0 0 0
17.192 7 2 3 0 2 1 3 3 1 0 0 0 0
18.0637 6 2 3 0 1 1 3 3 2 0 0 0 0
18.0776 5 2 2 0 1 1 4 3 2 0 0 0 0
21.1591 6 2 2 0 1 1 4 2 1 0 1 0 0
21.5256 5 2 1 0 1 1 5 2 1 0 1 0 0
28.0212 4 1 1 0 1 2 5 2 1 0 1 0 0
29.1478 5 1 1 0 1 1 4 2 1 1 1 0 0
29.5777 4 1 0 0 1 1 5 2 1 1 1 0 0
31.0711 5 1 0 0 1 1 5 1 0 1 2 0 0
32.7412 4 0 0 0 1 2 5 1 0 1 2 0 0
58.2272 5 0 0 0 1 1 4 1 0 2 2 0 0
58.9551 6 0 0 0 1 1 4 1 0 1 1 1 0
94.6815 5 0 0 0 0 1 4 1 1 1 1 1 0
120.635 6 0 0 0 0 0 3 1 1 2 1 1 0
160.198 7 0 0 0 0 0 3 1 1 1 0 2 0
165.882 9 0 0 0 0 0 2 1 1 1 0 1 1
290.738 11 0 0 0 0 0 1 1 1 1 0 0 2
326.217 12 0 0 0 0 0 1 0 0 1 1 0 2
340.096 13 0 0 0 0 0 1 0 0 0 0 1 2
970.237 15 0 0 0 0 0 0 0 0 0 0 0 3
970.237 15 0 0 0 0 0 0 0 0 0 0 0 3
