0 15 3 6 3 3 0 0 0 0 0 0 0 0
1.37385 14 2 6 3 3 1 0 0 0 0 0 0 0
4.54424 13 2 6 2 3 1 0 1 0 0 0 0 0
4.7567 12 2 6 1 3 1 0 2 0 0 0 0 0
4.93851 11 2 6 1 2 1 0 2 1 0 0 0 0
6.02935 10 2 5 1 2 1 1 2 1 0 0 0 0
11.0944 9 2 4 1 2 1 2 2 1 0 0 0 0
14.7341 8 1 4 1 2 2 2 2 1 0 0 0 0
16.3297 7 1 3 1 2 2 3 2 1 0 0 0 0
18.4329 6 1 2 1 2 2 4 2 1 0 0 0 0
21.5424 5 1 2 1 1 2 4 2 2 0 0 0 0
23.6487 6 1 2 1 1 2 4 1 1 0 1 0 0
39.0273 5 0 2 1 1 3 4 1 1 0 1 0 0
39.9098 4 0 2 1 0 3 4 1 2 0 1 0 0
43.8919 5 0 2 1 0 2 3 1 2 1 1 0 0
50.3378 6 0 2 1 0 1 2 1 2 2 1 0 0
65.1425 7 0 2 1 0 0 1 1 2 3 1 0 0
66.9975 6 0 1 1 0 0 2 1 2 3 1 0 0
78.0672 7 0 1 1 0 0 2 0 1 3 2 0 0
78.1446 6 0 1 0 0 0 2 1 1 3 2 0 0
88.8899 7 0 1 0 0 0 2 1 1 2 1 1 0
90.6855 8 0 1 0 0 0 2 0 0 2 2 1 0
92.368 7 0 0 0 0 0 3 0 0 2 2 1 0
98.2689 8 0 0 0 0 0 3 0 0 1 1 2 0
135.186 10 0 0 0 0 0 2 0 0 1 1 1 1
156.446 12 0 0 0 0 0 1 0 0 1 1 0 2
157.434 13 0 0 0 0 0 1 0 0 0 0 1 2
237.781 15 0 0 0 0 0 0 0 0 0 0 0 3
237.781 15 0 0 0 0 0 0 0 0 0 0 0 3
