0 15 3 6 3 3 0 0 0 0 0 0 0 0
0.551939 14 3 6 2 3 0 0 1 0 0 0 0 0
0.774605 13 3 6 1 3 0 0 2 0 0 0 0 0
1.4479 12 2 6 1 3 1 0 2 0 0 0 0 0
1.95982 11 1 6 1 3 2 0 2 0 0 0 0 0
3.40044 10 1 5 1 3 2 1 2 0 0 0 0 0
6.79385 9 0 5 1 3 3 1 2 0 0 0 0 0
9.8519 8 0 5 0 3 3 1 3 0 0 0 0 0
10.0678 7 0 4 0 3 3 2 3 0 0 0 0 0
11.239 6 0 4 0 2 3 2 3 1 0 0 0 0
17.4665 7 0 4 0 2 2 1 3 1 1 0 0 0
26.0175 6 0 4 0 1 2 1 3 2 1 0 0 0
27.3898 5 0 3 0 1 2 2 3 2 1 0 0 0
32.4206 6 0 3 0 1 2 2 2 1 1 1 0 0
42.9758 5 0 2 0 1 2 3 2 1 1 1 0 0
43.0015 4 0 1 0 1 2 4 2 1 1 1 0 0
45.7004 5 0 1 0 1 1 3 2 1 2 1 0 0
49.2736 6 0 1 0 1 0 2 2 1 3 1 0 0
61.7977 5 0 1 0 0 0 2 2 2 3 1 0 0
65.0655 4 0 0 0 0 0 3 2 2 3 1 0 0
80.1686 5 0 0 0 0 0 3 1 1 3 2 0 0
88.9387 6 0 0 0 0 0 3 1 1 2 1 1 0
118.492 7 0 0 0 0 0 3 0 0 2 2 1 0
144.905 8 0 0 0 0 0 3 0 0 1 1 2 0
194.507 9 0 0 0 0 0 3 0 0 0 0 3 0
197.984 11 0 0 0 0 0 2 0 0 0 0 2 1
206.125 13 0 0 0 0 0 1 0 0 0 0 1 2
526.246 15 0 0 0 0 0 0 0 0 0 0 0 3
526.246 15 0 0 0 0 0 0 0 0 0 0 0 3
