0 15 3 6 3 3 0 0 0 0 0 0 0 0
0.490247 14 3 6 3 2 0 0 0 1 0 0 0 0
2.73179 13 2 6 3 2 1 0 0 1 0 0 0 0
3.248 12 1 6 3 2 2 0 0 1 0 0 0 0
3.93683 11 1 5 3 2 2 1 0 1 0 0 0 0
4.76117 10 1 5 3 1 2 1 0 2 0 0 0 0
7.04478 9 1 5 2 1 2 1 1 2 0 0 0 0
12.484 8 1 4 2 1 2 2 1 2 0 0 0 0
23.2444 7 1 4 1 1 2 2 2 2 0 0 0 0
26.9665 6 1 4 1 0 2 2 2 3 0 0 0 0
27.3437 5 0 4 1 0 3 2 2 3 0 0 0 0
31.4506 6 0 4 1 0 3 2 1 2 0 1 0 0
32.6835 5 0 4 0 0 3 2 2 2 0 1 0 0
37.6589 4 0 3 0 0 3 3 2 2 0 1 0 0
40.1659 3 0 2 0 0 3 4 2 2 0 1 0 0
42.7739 4 0 2 0 0 2 3 2 2 1 1 0 0
50.5381 5 0 2 0 0 1 2 2 2 2 1 0 0
57.9699 6 0 2 0 0 1 2 1 1 2 2 0 0
65.7077 5 0 1 0 0 1 3 1 1 2 2 0 0
69.8038 4 0 0 0 0 1 4 1 1 2 2 0 0
74.7205 5 0 0 0 0 0 3 1 1 3 2 0 0
200.359 6 0 0 0 0 0 3 0 0 3 3 0 0
283.627 7 0 0 0 0 0 3 0 0 2 2 1 0
312.026 8 0 0 0 0 0 3 0 0 1 1 2 0
318.386 10 0 0 0 0 0 2 0 0 1 1 1 1
331.711 12 0 0 0 0 0 1 0 0 1 1 0 2
380.532 13 0 0 0 0 0 1 0 0 0 0 1 2
486.427 15 0 0 0 0 0 0 0 0 0 0 0 3
486.427 15 0 0 0 0 0 0 0 0 0 0 0 3
