0 15 3 6 3 3 0 0 0 0 0 0 0 0
5.65655 14 3 5 3 3 0 1 0 0 0 0 0 0
6.15951 13 3 4 3 3 0 2 0 0 0 0 0 0
6.31977 12 2 4 3 3 1 2 0 0 0 0 0 0
10.5361 11 2 3 3 3 1 3 0 0 0 0 0 0
12.948 10 1 3 3 3 2 3 0 0 0 0 0 0
13.7378 9 1 2 3 3 2 4 0 0 0 0 0 0
14.7106 8 1 2 2 3 2 4 1 0 0 0 0 0
37.9689 9 1 2 2 3 1 3 1 0 1 0 0 0
42.3233 8 1 1 2 3 1 4 1 0 1 0 0 0
43.051 7 1 1 2 2 1 4 1 1 1 0 0 0
52.735 6 1 1 2 1 1 4 1 2 1 0 0 0
63.241 5 1 1 2 0 1 4 1 3 1 0 0 0
65.6257 4 1 1 1 0 1 4 2 3 1 0 0 0
70.1236 5 1 1 1 0 0 3 2 3 2 0 0 0
80.4393 4 1 0 1 0 0 4 2 3 2 0 0 0
81.6339 3 1 0 0 0 0 4 3 3 2 0 0 0
82.7497 4 1 0 0 0 0 4 2 2 2 1 0 0
87.7495 5 1 0 0 0 0 4 2 2 1 0 1 0
94.5243 7 1 0 0 0 0 3 2 2 1 0 0 1
121.268 8 1 0 0 0 0 3 1 1 1 1 0 1
209.168 9 1 0 0 0 0 3 1 1 0 0 1 1
243.052 10 1 0 0 0 0 3 0 0 0 1 1 1
258.885 9 0 0 0 0 1 3 0 0 0 1 1 1
274.415 11 0 0 0 0 1 2 0 0 0 1 0 2
363.854 12 0 0 0 0 0 1 0 0 1 1 0 2
587.701 13 0 0 0 0 0 1 0 0 0 0 1 2
587.701 13 0 0 0 0 0 1 0 0 0 0 1 2
