0 15 3 6 3 3 0 0 0 0 0 0 0 0
0.642818 14 3 6 2 3 0 0 1 0 0 0 0 0
3.31083 13 3 6 2 2 0 0 1 1 0 0 0 0
3.39865 12 3 6 1 2 0 0 2 1 0 0 0 0
5.0912 13 3 6 1 2 0 0 1 0 0 1 0 0
5.34258 12 2 6 1 2 1 0 1 0 0 1 0 0
7.5224 11 2 6 1 1 1 0 1 1 0 1 0 0
9.77295 10 2 6 0 1 1 0 2 1 0 1 0 0
11.9858 9 2 5 0 1 1 1 2 1 0 1 0 0
18.7066 8 2 4 0 1 1 2 2 1 0 1 0 0
19.0169 7 2 3 0 1 1 3 2 1 0 1 0 0
22.6423 6 2 3 0 0 1 3 2 2 0 1 0 0
32.6371 5 2 2 0 0 1 4 2 2 0 1 0 0
32.9587 6 2 2 0 0 1 4 1 1 0 2 0 0
35.8031 5 2 1 0 0 1 5 1 1 0 2 0 0
42.8257 6 2 1 0 0 0 4 1 1 1 2 0 0
53.0117 5 1 1 0 0 1 4 1 1 1 2 0 0
57.7941 6 1 1 0 0 0 3 1 1 2 2 0 0
58.0972 5 1 0 0 0 0 4 1 1 2 2 0 0
84.8699 4 0 0 0 0 1 4 1 1 2 2 0 0
93.961 5 0 0 0 0 0 3 1 1 3 2 0 0
118.375 6 0 0 0 0 0 3 1 1 2 1 1 0
119.752 8 0 0 0 0 0 2 1 1 2 1 0 1
134.417 9 0 0 0 0 0 2 1 1 1 0 1 1
214.003 11 0 0 0 0 0 1 1 1 1 0 0 2
513.023 12 0 0 0 0 0 1 0 0 1 1 0 2
617.543 13 0 0 0 0 0 1 0 0 0 0 1 2
617.543 13 0 0 0 0 0 1 0 0 0 0 1 2
