0 15 3 6 3 3 0 0 0 0 0 0 0 0
1.03075 14 3 6 2 3 0 0 1 0 0 0 0 0
1.71836 13 3 5 2 3 0 1 1 0 0 0 0 0
2.65108 12 3 4 2 3 0 2 1 0 0 0 0 0
5.12202 11 3 3 2 3 0 3 1 0 0 0 0 0
7.08171 10 3 3 1 3 0 3 2 0 0 0 0 0
7.19261 9 3 2 1 3 0 4 2 0 0 0 0 0
15.4298 8 2 2 1 3 1 4 2 0 0 0 0 0
15.5503 7 2 2 0 3 1 4 3 0 0 0 0 0
18.5005 6 2 2 0 2 1 4 3 1 0 0 0 0
20.6212 5 2 2 0 1 1 4 3 2 0 0 0 0
43.486 4 2 1 0 1 1 5 3 2 0 0 0 0
46.5157 5 2 1 0 1 0 4 3 2 1 0 0 0
52.8824 4 2 0 0 1 0 5 3 2 1 0 0 0
72.3594 3 1 0 0 1 1 5 3 2 1 0 0 0
77.4332 4 1 0 0 1 0 4 3 2 2 0 0 0
84.1809 3 0 0 0 1 1 4 3 2 2 0 0 0
108.542 4 0 0 0 1 0 3 3 2 3 0 0 0
123.763 5 0 0 0 1 0 3 2 1 3 1 0 0
129.087 6 0 0 0 1 0 3 2 1 2 0 1 0
130.146 5 0 0 0 0 0 3 2 2 2 0 1 0
155.03 7 0 0 0 0 0 2 2 2 2 0 0 1
175.846 8 0 0 0 0 0 2 1 1 2 1 0 1
179.679 9 0 0 0 0 0 2 1 1 1 0 1 1
182.399 11 0 0 0 0 0 1 1 1 1 0 0 2
495.616 12 0 0 0 0 0 1 0 0 1 1 0 2
501.741 13 0 0 0 0 0 1 0 0 0 0 1 2
502.936 15 0 0 0 0 0 0 0 0 0 0 0 3
502.936 15 0 0 0 0 0 0 0 0 0 0 0 3
