0 15 3 6 3 3 0 0 0 0 0 0 0 0
0.371818 14 3 5 3 3 0 1 0 0 0 0 0 0
4.69685 13 3 4 3 3 0 2 0 0 0 0 0 0
5.41849 12 3 3 3 3 0 3 0 0 0 0 0 0
5.92171 11 3 3 3 2 0 3 0 1 0 0 0 0
6.20711 10 3 2 3 2 0 4 0 1 0 0 0 0
7.86626 9 3 2 2 2 0 4 1 1 0 0 0 0
9.29927 8 3 1 2 2 0 5 1 1 0 0 0 0
10.387 7 2 1 2 2 1 5 1 1 0 0 0 0
13.6166 6 1 1 2 2 2 5 1 1 0 0 0 0
15.5322 5 1 1 1 2 2 5 2 1 0 0 0 0
20.6348 4 1 1 1 1 2 5 2 2 0 0 0 0
22.9182 3 1 1 0 1 2 5 3 2 0 0 0 0
28.6291 4 1 1 0 1 2 5 2 1 0 1 0 0
37.1085 3 1 1 0 0 2 5 2 2 0 1 0 0
38.6759 4 1 1 0 0 1 4 2 2 1 1 0 0
43.128 5 1 1 0 0 0 3 2 2 2 1 0 0
45.8349 6 1 1 0 0 0 3 1 1 2 2 0 0
45.9998 5 1 0 0 0 0 4 1 1 2 2 0 0
119.433 6 1 0 0 0 0 4 1 1 1 1 1 0
142.038 8 1 0 0 0 0 3 1 1 1 1 0 1
222.683 9 1 0 0 0 0 3 0 0 1 2 0 1
232.626 8 0 0 0 0 1 3 0 0 1 2 0 1
299.801 9 0 0 0 0 0 2 0 0 2 2 0 1
308.755 10 0 0 0 0 0 2 0 0 1 1 1 1
356.375 12 0 0 0 0 0 1 0 0 1 1 0 2
387.726 13 0 0 0 0 0 1 0 0 0 0 1 2
392.957 15 0 0 0 0 0 0 0 0 0 0 0 3
392.957 15 0 0 0 0 0 0 0 0 0 0 0 3
