0 15 3 6 3 3 0 0 0 0 0 0 0 0
2.23242 14 3 6 3 2 0 0 0 1 0 0 0 0
2.67992 13 3 5 3 2 0 1 0 1 0 0 0 0
2.81609 12 3 5 3 1 0 1 0 2 0 0 0 0
4.37258 11 3 4 3 1 0 2 0 2 0 0 0 0
8.66535 10 3 4 3 0 0 2 0 3 0 0 0 0
14.4783 9 3 3 3 0 0 3 0 3 0 0 0 0
18.1401 8 2 3 3 0 1 3 0 3 0 0 0 0
18.7312 7 2 3 2 0 1 3 1 3 0 0 0 0
25.2008 6 2 2 2 0 1 4 1 3 0 0 0 0
32.3241 7 2 2 2 0 0 3 1 3 1 0 0 0
32.9762 6 1 2 2 0 1 3 1 3 1 0 0 0
43.3453 7 1 2 2 0 0 2 1 3 2 0 0 0
52.0305 6 1 2 1 0 0 2 2 3 2 0 0 0
88.2786 5 0 2 1 0 1 2 2 3 2 0 0 0
98.4941 4 0 1 1 0 1 3 2 3 2 0 0 0
100.262 5 0 1 1 0 0 2 2 3 3 0 0 0
120.278 6 0 1 1 0 0 2 1 2 3 1 0 0
120.624 5 0 0 1 0 0 3 1 2 3 1 0 0
134.914 4 0 0 0 0 0 3 2 2 3 1 0 0
141.989 5 0 0 0 0 0 3 2 2 2 0 1 0
171.085 7 0 0 0 0 0 2 2 2 2 0 0 1
229.857 8 0 0 0 0 0 2 1 1 2 1 0 1
329.614 9 0 0 0 0 0 2 0 0 2 2 0 1
385.448 10 0 0 0 0 0 2 0 0 1 1 1 1
441.01 12 0 0 0 0 0 1 0 0 1 1 0 2
750.444 13 0 0 0 0 0 1 0 0 0 0 1 2
840.328 15 0 0 0 0 0 0 0 0 0 0 0 3
840.328 15 0 0 0 0 0 0 0 0 0 0 0 3
