0 15 3 6 3 3 0 0 0 0 0 0 0 0
1.46063 14 2 6 3 3 1 0 0 0 0 0 0 0
1.4858 13 2 6 2 3 1 0 1 0 0 0 0 0
1.85824 12 2 5 2 3 1 1 1 0 0 0 0 0
2.49089 11 2 4 2 3 1 2 1 0 0 0 0 0
5.33157 10 2 4 2 2 1 2 1 1 0 0 0 0
7.7138 9 1 4 2 2 2 2 1 1 0 0 0 0
9.25033 8 1 3 2 2 2 3 1 1 0 0 0 0
10.2653 7 0 3 2 2 3 3 1 1 0 0 0 0
13.815 6 0 3 1 2 3 3 2 1 0 0 0 0
15.3347 5 0 2 1 2 3 4 2 1 0 0 0 0
22.6387 4 0 2 1 1 3 4 2 2 0 0 0 0
25.1157 3 0 1 1 1 3 5 2 2 0 0 0 0
29.71 4 0 1 1 1 2 4 2 2 1 0 0 0
34.9111 3 0 1 1 0 2 4 2 3 1 0 0 0
51.1013 4 0 1 1 0 1 3 2 3 2 0 0 0
62.2474 5 0 1 1 0 0 2 2 3 3 0 0 0
67.4168 4 0 1 0 0 0 2 3 3 3 0 0 0
111.805 5 0 1 0 0 0 2 2 2 3 1 0 0
120.354 6 0 1 0 0 0 2 2 2 2 0 1 0
121.325 7 0 1 0 0 0 2 1 1 2 1 1 0
133.345 6 0 0 0 0 0 3 1 1 2 1 1 0
135.495 7 0 0 0 0 0 3 0 0 2 2 1 0
143.981 9 0 0 0 0 0 2 0 0 2 2 0 1
220.218 10 0 0 0 0 0 2 0 0 1 1 1 1
392.799 12 0 0 0 0 0 1 0 0 1 1 0 2
740.574 13 0 0 0 0 0 1 0 0 0 0 1 2
1024.15 15 0 0 0 0 0 0 0 0 0 0 0 3
1024.15 15 0 0 0 0 0 0 0 0 0 0 0 3
