0 15 3 6 3 3 0 0 0 0 0 0 0 0
0.226716 14 2 6 3 3 1 0 0 0 0 0 0 0
0.64876 13 2 5 3 3 1 1 0 0 0 0 0 0
0.997382 12 2 5 2 3 1 1 1 0 0 0 0 0
5.52773 11 1 5 2 3 2 1 1 0 0 0 0 0
5.83231 10 1 4 2 3 2 2 1 0 0 0 0 0
11.1956 9 1 4 2 2 2 2 1 1 0 0 0 0
12.2493 8 0 4 2 2 3 2 1 1 0 0 0 0
14.146 7 0 3 2 2 3 3 1 1 0 0 0 0
19.5817 6 0 3 2 1 3 3 1 2 0 0 0 0
25.2236 5 0 3 2 0 3 3 1 3 0 0 0 0
30.6895 6 0 3 2 0 2 2 1 3 1 0 0 0
31.1454 5 0 3 1 0 2 2 2 3 1 0 0 0
32.6653 6 0 3 1 0 1 1 2 3 2 0 0 0
37.1161 5 0 3 0 0 1 1 3 3 2 0 0 0
46.278 6 0 3 0 0 1 1 2 2 2 1 0 0
57.42 5 0 2 0 0 1 2 2 2 2 1 0 0
58.6575 6 0 2 0 0 1 2 2 2 1 0 1 0
63.3992 7 0 2 0 0 1 2 1 1 1 1 1 0
68.2108 8 0 2 0 0 0 1 1 1 2 1 1 0
71.1243 7 0 1 0 0 0 2 1 1 2 1 1 0
115.716 9 0 1 0 0 0 1 1 1 2 1 0 1
143.764 10 0 1 0 0 0 1 0 0 2 2 0 1
145.082 11 0 1 0 0 0 1 0 0 1 1 1 1
214.912 10 0 0 0 0 0 2 0 0 1 1 1 1
274.084 11 0 0 0 0 0 2 0 0 0 0 2 1
284.177 13 0 0 0 0 0 1 0 0 0 0 1 2
950.616 15 0 0 0 0 0 0 0 0 0 0 0 3
950.616 15 0 0 0 0 0 0 0 0 0 0 0 3
