0 15 3 6 3 3 0 0 0 0 0 0 0 0
0.795492 14 2 6 3 3 1 0 0 0 0 0 0 0
1.65055 13 2 5 3 3 1 1 0 0 0 0 0 0
1.77446 12 2 4 3 3 1 2 0 0 0 0 0 0
4.52805 11 2 4 3 2 1 2 0 1 0 0 0 0
6.48882 10 2 3 3 2 1 3 0 1 0 0 0 0
8.65779 9 2 2 3 2 1 4 0 1 0 0 0 0
8.98109 8 2 2 3 1 1 4 0 2 0 0 0 0
23.4398 7 2 1 3 1 1 5 0 2 0 0 0 0
23.5984 8 2 1 3 1 0 4 0 2 1 0 0 0
25.2316 7 2 1 2 1 0 4 1 2 1 0 0 0
26.9722 6 2 1 1 1 0 4 2 2 1 0 0 0
40.3209 5 1 1 1 1 1 4 2 2 1 0 0 0
45.3799 6 1 1 1 1 0 3 2 2 2 0 0 0
56.0166 5 0 1 1 1 1 3 2 2 2 0 0 0
58.4638 4 0 1 0 1 1 3 3 2 2 0 0 0
87.1496 3 0 1 0 0 1 3 3 3 2 0 0 0
99.3462 4 0 1 0 0 1 3 2 2 2 1 0 0
106.35 5 0 1 0 0 0 2 2 2 3 1 0 0
108.843 6 0 1 0 0 0 2 2 2 2 0 1 0
135.446 5 0 0 0 0 0 3 2 2 2 0 1 0
221.191 6 0 0 0 0 0 3 1 1 2 1 1 0
238.234 8 0 0 0 0 0 2 1 1 2 1 0 1
289.402 9 0 0 0 0 0 2 1 1 1 0 1 1
396.724 10 0 0 0 0 0 2 0 0 1 1 1 1
441.474 12 0 0 0 0 0 1 0 0 1 1 0 2
976.051 13 0 0 0 0 0 1 0 0 0 0 1 2
1181.81 15 0 0 0 0 0 0 0 0 0 0 0 3
1181.81 15 0 0 0 0 0 0 0 0 0 0 0 3
