0 15 3 6 3 3 0 0 0 0 0 0 0 0
3.11629 14 3 5 3 3 0 1 0 0 0 0 0 0
3.85074 13 3 5 3 2 0 1 0 1 0 0 0 0
5.45676 12 3 4 3 2 0 2 0 1 0 0 0 0
5.50159 11 3 4 3 1 0 2 0 2 0 0 0 0
5.5609 10 3 3 3 1 0 3 0 2 0 0 0 0
6.10278 9 3 3 3 0 0 3 0 3 0 0 0 0
7.22081 8 3 3 2 0 0 3 1 3 0 0 0 0
8.77256 7 3 3 1 0 0 3 2 3 0 0 0 0
26.7093 6 2 3 1 0 1 3 2 3 0 0 0 0
27.8411 7 2 3 1 0 1 3 1 2 0 1 0 0
32.8198 6 2 3 0 0 1 3 2 2 0 1 0 0
48.5527 5 2 2 0 0 1 4 2 2 0 1 0 0
51.4106 6 2 2 0 0 0 3 2 2 1 1 0 0
54.0586 7 2 2 0 0 0 3 1 1 1 2 0 0
54.7123 6 2 1 0 0 0 4 1 1 1 2 0 0
59.4241 7 2 1 0 0 0 4 1 1 0 1 1 0
60.6877 6 1 1 0 0 1 4 1 1 0 1 1 0
62.1546 5 0 1 0 0 2 4 1 1 0 1 1 0
67.8691 7 0 1 0 0 2 3 1 1 0 1 0 1
98.7092 8 0 1 0 0 1 2 1 1 1 1 0 1
118.841 9 0 1 0 0 1 2 1 1 0 0 1 1
128.156 8 0 0 0 0 1 3 1 1 0 0 1 1
135.345 9 0 0 0 0 0 2 1 1 1 0 1 1
140.806 11 0 0 0 0 0 1 1 1 1 0 0 2
296.753 12 0 0 0 0 0 1 0 0 1 1 0 2
376.629 13 0 0 0 0 0 1 0 0 0 0 1 2
512.229 15 0 0 0 0 0 0 0 0 0 0 0 3
512.229 15 0 0 0 0 0 0 0 0 0 0 0 3
