0.09600 2.68800 4 0 0 0 -1 0 0 0 0 0 0 0 1 0 0 0 0 0 0 
0.09600 3.80800 3 0 0 -1 0 0 0 0 0 0 0 1 0 0 0 0 0 0 0 
2.91200 4.83201 2 0 -1 0 0 0 0 0 0 0 1 0 0 0 0 0 0 0 0 
4.41600 5.82398 1 -1 0 0 0 0 0 0 0 1 0 0 0 0 0 0 0 0 0 
7.61601 5.24794 3 0 0 -1 0 0 0 0 0 0 0 1 0 0 0 0 0 0 0 
11.26397 4.38394 2 0 -1 0 0 0 0 0 0 0 1 0 0 0 0 0 0 0 0 
33.34377 4.44821 3 0 0 -1 0 0 0 0 0 0 0 1 0 0 0 0 0 0 0 
36.15990 4.99223 4 0 0 0 -1 0 0 0 0 0 0 0 1 0 0 0 0 0 0 
47.77644 4.03219 2 0 -1 0 0 0 0 0 0 0 1 0 0 0 0 0 0 0 0 
60.51303 5.24804 2 0 -1 0 0 0 0 0 0 0 1 0 0 0 0 0 0 0 0 
62.88115 5.31175 1 -1 0 0 0 0 0 0 0 1 0 0 0 0 0 0 0 0 0 
57.44089 10.81600 9 0 0 0 0 0 0 0 0 -1 -1 0 0 1 0 0 0 0 0 
68.22488 6.27155 9 0 0 0 0 0 0 0 0 -1 -1 0 0 1 0 0 0 0 0 
79.42407 4.60767 2 0 -1 0 0 0 0 0 0 0 1 0 0 0 0 0 0 0 0 
94.30300 0.00000 15 0 1 0 0 0 0 0 0 1 0 0 0 -1 0 0 0 0 0 
90.78326 7.96742 10 0 0 0 0 0 0 0 0 0 0 -1 -1 0 1 0 0 0 0 
106.14214 8.99135 9 0 0 0 0 0 0 0 0 -1 -1 0 0 1 0 0 0 0 0 
119.29319 0.00000 16 0 0 0 1 0 0 0 0 0 0 1 0 0 -1 0 0 0 0 
113.21363 8.83136 13 0 0 0 0 0 0 0 0 0 -1 0 0 -1 0 0 0 1 0 
122.78094 7.51946 10 0 0 0 0 0 0 0 0 0 0 -1 -1 0 1 0 0 0 0 
129.11649 4.79965 4 0 0 0 -1 0 0 0 0 0 0 0 1 0 0 0 0 0 0 
144.44337 5.21562 1 -1 0 0 0 0 0 0 0 1 0 0 0 0 0 0 0 0 0 
154.39465 7.87143 13 0 0 0 0 0 0 0 0 0 -1 0 0 -1 0 0 0 1 0 
175.83310 5.05563 2 0 -1 0 0 0 0 0 0 0 1 0 0 0 0 0 0 0 0 
179.09686 3.39175 4 0 0 0 -1 0 0 0 0 0 0 0 1 0 0 0 0 0 0 
195.95964 4.15970 2 0 -1 0 0 0 0 0 0 0 1 0 0 0 0 0 0 0 0 
195.86365 6.91150 10 0 0 0 0 0 0 0 0 0 0 -1 -1 0 1 0 0 0 0 
205.94292 0.00000 16 0 0 0 1 0 0 0 0 0 0 1 0 0 -1 0 0 0 0 
212.66243 0.00000 16 0 0 0 1 0 0 0 0 0 0 1 0 0 -1 0 0 0 0 
207.95877 8.09541 9 0 0 0 0 0 0 0 0 -1 -1 0 0 1 0 0 0 0 0 
243.73218 4.86365 4 0 0 0 -1 0 0 0 0 0 0 0 1 0 0 0 0 0 0 
256.85162 9.66791 13 0 0 0 0 0 0 0 0 0 -1 0 0 -1 0 0 0 1 0 
268.24823 0.00000 19 0 1 0 0 0 0 0 0 0 0 0 0 1 0 0 0 -1 0 
269.68881 0.00000 19 0 1 0 0 0 0 0 0 0 0 0 0 1 0 0 0 -1 0 
259.73279 11.62070 10 0 0 0 0 0 0 0 0 0 0 -1 -1 0 1 0 0 0 0 
278.33231 5.12207 2 0 -1 0 0 0 0 0 0 0 1 0 0 0 0 0 0 0 0 
276.12341 8.41940 10 0 0 0 0 0 0 0 0 0 0 -1 -1 0 1 0 0 0 0 
278.10822 8.96362 11 0 0 0 0 0 0 0 0 0 0 0 0 -1 -1 1 0 0 0 
325.39133 8.89960 13 0 0 0 0 0 0 0 0 0 -1 0 0 -1 0 0 0 1 0 
337.65228 10.85239 14 0 0 0 0 0 0 0 0 0 0 0 0 0 -1 0 0 -1 1 
345.39941 5.05804 4 0 0 0 -1 0 0 0 0 0 0 0 1 0 0 0 0 0 0 
351.80200 0.00000 19 0 1 0 0 0 0 0 0 0 0 0 0 1 0 0 0 -1 0 
383.01462 4.22571 2 0 -1 0 0 0 0 0 0 0 1 0 0 0 0 0 0 0 0 
427.64066 0.00000 15 0 1 0 0 0 0 0 0 1 0 0 0 -1 0 0 0 0 0 
435.32376 0.00000 17 0 0 0 0 1 0 0 0 0 0 0 0 0 1 -1 0 0 0 
449.88965 0.00000 16 0 0 0 1 0 0 0 0 0 0 1 0 0 -1 0 0 0 0 
454.01932 5.63428 4 0 0 0 -1 0 0 0 0 0 0 0 1 0 0 0 0 0 0 
485.55206 11.74875 10 0 0 0 0 0 0 0 0 0 0 -1 -1 0 1 0 0 0 0 
491.66653 7.36298 10 0 0 0 0 0 0 0 0 0 0 -1 -1 0 1 0 0 0 0 
499.06152 3.39337 5 0 0 0 0 -1 0 0 0 0 0 0 0 1 0 0 0 0 0 
574.26453 3.93384 2 0 -1 0 0 0 0 0 0 0 1 0 0 0 0 0 0 0 0 
754.61340 0.00000 16 0 0 0 1 0 0 0 0 0 0 1 0 0 -1 0 0 0 0 
765.58337 4.60547 4 0 0 0 -1 0 0 0 0 0 0 0 1 0 0 0 0 0 0 
805.88123 10.45825 10 0 0 0 0 0 0 0 0 0 0 -1 -1 0 1 0 0 0 0 
