0.38400 4.12800 1 -1 0 0 0 0 0 0 0 1 0 0 0 0 0 0 0 0 0 
0.09600 5.15200 2 0 -1 0 0 0 0 0 0 0 1 0 0 0 0 0 0 0 0 
1.85600 4.19201 3 0 0 -1 0 0 0 0 0 0 0 1 0 0 0 0 0 0 0 
1.56800 4.51201 2 0 -1 0 0 0 0 0 0 0 1 0 0 0 0 0 0 0 0 
4.54401 4.51199 2 0 -1 0 0 0 0 0 0 0 1 0 0 0 0 0 0 0 0 
13.37594 3.93595 1 -1 0 0 0 0 0 0 0 1 0 0 0 0 0 0 0 0 0 
14.52793 3.13596 2 0 -1 0 0 0 0 0 0 0 1 0 0 0 0 0 0 0 0 
13.47194 5.82393 1 -1 0 0 0 0 0 0 0 1 0 0 0 0 0 0 0 0 0 
20.70385 3.93595 3 0 0 -1 0 0 0 0 0 0 0 1 0 0 0 0 0 0 0 
24.92780 5.24793 4 0 0 0 -1 0 0 0 0 0 0 0 1 0 0 0 0 0 0 
28.19175 4.57599 2 0 -1 0 0 0 0 0 0 0 1 0 0 0 0 0 0 0 0 
28.95974 7.77618 9 0 0 0 0 0 0 0 0 -1 -1 0 0 1 0 0 0 0 0 
30.55972 7.00824 9 0 0 0 0 0 0 0 0 -1 -1 0 0 1 0 0 0 0 0 
37.37596 8.41639 13 0 0 0 0 0 0 0 0 0 -1 0 0 -1 0 0 0 1 0 
48.48047 0.00000 19 0 1 0 0 0 0 0 0 0 0 0 0 1 0 0 0 -1 0 
36.47991 16.70478 3 0 0 -1 0 0 0 0 0 0 0 1 0 0 0 0 0 0 0 
48.35246 4.86423 3 0 0 -1 0 0 0 0 0 0 0 1 0 0 0 0 0 0 0 
57.28089 4.80022 2 0 -1 0 0 0 0 0 0 0 1 0 0 0 0 0 0 0 0 
58.43294 4.67222 4 0 0 0 -1 0 0 0 0 0 0 0 1 0 0 0 0 0 0 
84.67170 0.00000 15 0 1 0 0 0 0 0 0 1 0 0 0 -1 0 0 0 0 0 
77.21624 8.25540 9 0 0 0 0 0 0 0 0 -1 -1 0 0 1 0 0 0 0 0 
101.11851 10.65523 13 0 0 0 0 0 0 0 0 0 -1 0 0 -1 0 0 0 1 0 
127.00463 0.00000 15 0 1 0 0 0 0 0 0 1 0 0 0 -1 0 0 0 0 0 
161.65813 4.95964 4 0 0 0 -1 0 0 0 0 0 0 0 1 0 0 0 0 0 0 
181.04872 8.83136 10 0 0 0 0 0 0 0 0 0 0 -1 -1 0 1 0 0 0 0 
191.22398 1.91986 2 0 -1 0 0 0 0 0 0 0 1 0 0 0 0 0 0 0 0 
201.14326 3.90372 2 0 -1 0 0 0 0 0 0 0 1 0 0 0 0 0 0 0 0 
225.14153 0.00000 16 0 0 0 1 0 0 0 0 0 0 1 0 0 -1 0 0 0 0 
226.99739 5.88757 4 0 0 0 -1 0 0 0 0 0 0 0 1 0 0 0 0 0 0 
234.00488 8.57538 9 0 0 0 0 0 0 0 0 -1 -1 0 0 1 0 0 0 0 0 
241.46034 9.34332 10 0 0 0 0 0 0 0 0 0 0 -1 -1 0 1 0 0 0 0 
280.70126 7.90720 10 0 0 0 0 0 0 0 0 0 0 -1 -1 0 1 0 0 0 0 
290.84937 0.00000 19 0 1 0 0 0 0 0 0 0 0 0 0 1 0 0 0 -1 0 
292.73813 0.00000 15 0 1 0 0 0 0 0 0 1 0 0 0 -1 0 0 0 0 0 
320.49335 6.30655 9 0 0 0 0 0 0 0 0 -1 -1 0 0 1 0 0 0 0 0 
324.04678 5.18610 2 0 -1 0 0 0 0 0 0 0 1 0 0 0 0 0 0 0 0 
326.86392 9.31577 11 0 0 0 0 0 0 0 0 0 0 0 0 -1 -1 1 0 0 0 
341.14169 11.39661 12 0 0 0 0 0 0 0 0 0 -1 0 0 0 0 -1 1 0 0 
357.46829 4.57785 2 0 -1 0 0 0 0 0 0 0 1 0 0 0 0 0 0 0 0 
372.22626 0.00000 15 0 1 0 0 0 0 0 0 1 0 0 0 -1 0 0 0 0 0 
366.52795 9.76395 9 0 0 0 0 0 0 0 0 -1 -1 0 0 1 0 0 0 0 0 
376.35593 9.15570 11 0 0 0 0 0 0 0 0 0 0 0 0 -1 -1 1 0 0 0 
384.07104 5.25012 2 0 -1 0 0 0 0 0 0 0 1 0 0 0 0 0 0 0 0 
411.92230 5.41019 2 0 -1 0 0 0 0 0 0 0 1 0 0 0 0 0 0 0 0 
434.13928 0.00000 18 0 1 0 0 0 0 0 0 0 0 0 0 0 0 1 -1 0 0 
437.21252 8.93161 9 0 0 0 0 0 0 0 0 -1 -1 0 0 1 0 0 0 0 0 
440.63791 11.78076 12 0 0 0 0 0 0 0 0 0 -1 0 0 0 0 -1 1 0 0 
452.45068 3.93759 2 0 -1 0 0 0 0 0 0 0 1 0 0 0 0 0 0 0 0 
461.73444 0.00000 18 0 1 0 0 0 0 0 0 0 0 0 0 0 0 1 -1 0 0 
461.73444 6.11447 2 0 -1 0 0 0 0 0 0 0 1 0 0 0 0 0 0 0 0 
464.58359 9.15570 12 0 0 0 0 0 0 0 0 0 -1 0 0 0 0 -1 1 0 0 
467.91293 13.06128 12 0 0 0 0 0 0 0 0 0 -1 0 0 0 0 -1 1 0 0 
505.65619 0.00000 18 0 1 0 0 0 0 0 0 0 0 0 0 0 0 1 -1 0 0 
522.99670 0.00000 17 0 0 0 0 1 0 0 0 0 0 0 0 0 1 -1 0 0 0 
530.38464 0.00000 15 0 1 0 0 0 0 0 0 1 0 0 0 -1 0 0 0 0 0 
532.30359 4.38159 2 0 -1 0 0 0 0 0 0 0 1 0 0 0 0 0 0 0 0 
536.71716 9.46680 9 0 0 0 0 0 0 0 0 -1 -1 0 0 1 0 0 0 0 0 
573.17712 0.00000 18 0 1 0 0 0 0 0 0 0 0 0 0 0 0 1 -1 0 0 
579.98938 9.72266 11 0 0 0 0 0 0 0 0 0 0 0 0 -1 -1 1 0 0 0 
591.40710 5.37305 2 0 -1 0 0 0 0 0 0 0 1 0 0 0 0 0 0 0 0 
618.78406 10.10645 12 0 0 0 0 0 0 0 0 0 -1 0 0 0 0 -1 1 0 0 
636.79016 5.14917 2 0 -1 0 0 0 0 0 0 0 1 0 0 0 0 0 0 0 0 
652.42957 0.00000 18 0 1 0 0 0 0 0 0 0 0 0 0 0 0 1 -1 0 0 
654.18860 8.69922 12 0 0 0 0 0 0 0 0 0 -1 0 0 0 0 -1 1 0 0 
660.87292 4.38159 2 0 -1 0 0 0 0 0 0 0 1 0 0 0 0 0 0 0 0 
665.54236 7.83569 12 0 0 0 0 0 0 0 0 0 -1 0 0 0 0 -1 1 0 0 
679.67859 0.00000 18 0 1 0 0 0 0 0 0 0 0 0 0 0 0 1 -1 0 0 
681.08582 0.00000 18 0 1 0 0 0 0 0 0 0 0 0 0 0 0 1 -1 0 0 
686.13904 4.54150 5 0 0 0 0 -1 0 0 0 0 0 0 0 1 0 0 0 0 0 
701.29871 6.36450 2 0 -1 0 0 0 0 0 0 0 1 0 0 0 0 0 0 0 0 
723.97424 5.46899 2 0 -1 0 0 0 0 0 0 0 1 0 0 0 0 0 0 0 0 
723.17468 7.80371 12 0 0 0 0 0 0 0 0 0 -1 0 0 0 0 -1 1 0 0 
733.15320 8.34741 12 0 0 0 0 0 0 0 0 0 -1 0 0 0 0 -1 1 0 0 
742.26819 0.00000 18 0 1 0 0 0 0 0 0 0 0 0 0 0 0 1 -1 0 0 
774.28259 0.00000 17 0 0 0 0 1 0 0 0 0 0 0 0 0 1 -1 0 0 0 
774.82629 0.00000 18 0 1 0 0 0 0 0 0 0 0 0 0 0 0 1 -1 0 0 
776.61731 9.24292 12 0 0 0 0 0 0 0 0 0 -1 0 0 0 0 -1 1 0 0 
793.28015 0.00000 15 0 1 0 0 0 0 0 0 1 0 0 0 -1 0 0 0 0 0 
806.45691 0.00000 16 0 0 0 1 0 0 0 0 0 0 1 0 0 -1 0 0 0 0 
816.49939 4.73340 2 0 -1 0 0 0 0 0 0 0 1 0 0 0 0 0 0 0 0 
825.67834 3.80591 5 0 0 0 0 -1 0 0 0 0 0 0 0 1 0 0 0 0 0 
839.55872 0.00000 18 0 1 0 0 0 0 0 0 0 0 0 0 0 0 1 -1 0 0 
833.73792 8.05957 13 0 0 0 0 0 0 0 0 0 -1 0 0 -1 0 0 0 1 0 
833.89783 9.40283 9 0 0 0 0 0 0 0 0 -1 -1 0 0 1 0 0 0 0 0 
863.22571 0.00000 15 0 1 0 0 0 0 0 0 1 0 0 0 -1 0 0 0 0 0 
889.93103 4.15771 2 0 -1 0 0 0 0 0 0 0 1 0 0 0 0 0 0 0 0 
