0.09600 4.44800 2 0 -1 0 0 0 0 0 0 0 1 0 0 0 0 0 0 0 0 
0.09600 4.99200 2 0 -1 0 0 0 0 0 0 0 1 0 0 0 0 0 0 0 0 
0.03200 5.79201 4 0 0 0 -1 0 0 0 0 0 0 0 1 0 0 0 0 0 0 
0.09600 6.27201 1 -1 0 0 0 0 0 0 0 1 0 0 0 0 0 0 0 0 0 
2.24000 4.16001 1 -1 0 0 0 0 0 0 0 1 0 0 0 0 0 0 0 0 0 
6.68801 6.20794 3 0 0 -1 0 0 0 0 0 0 0 1 0 0 0 0 0 0 0 
14.87992 5.02394 4 0 0 0 -1 0 0 0 0 0 0 0 1 0 0 0 0 0 0 
18.14388 6.20792 2 0 -1 0 0 0 0 0 0 0 1 0 0 0 0 0 0 0 0 
20.38385 4.06395 2 0 -1 0 0 0 0 0 0 0 1 0 0 0 0 0 0 0 0 
33.79179 4.25620 2 0 -1 0 0 0 0 0 0 0 1 0 0 0 0 0 0 0 0 
49.95254 8.16038 9 0 0 0 0 0 0 0 0 -1 -1 0 0 1 0 0 0 0 0 
53.08868 8.51240 10 0 0 0 0 0 0 0 0 0 0 -1 -1 0 1 0 0 0 0 
86.71955 0.00000 15 0 1 0 0 0 0 0 0 1 0 0 0 -1 0 0 0 0 0 
86.20759 4.70366 3 0 0 -1 0 0 0 0 0 0 0 1 0 0 0 0 0 0 0 
90.55927 5.08763 2 0 -1 0 0 0 0 0 0 0 1 0 0 0 0 0 0 0 0 
92.12716 9.08734 9 0 0 0 0 0 0 0 0 -1 -1 0 0 1 0 0 0 0 0 
105.43819 5.27962 2 0 -1 0 0 0 0 0 0 0 1 0 0 0 0 0 0 0 0 
107.03809 8.22340 9 0 0 0 0 0 0 0 0 -1 -1 0 0 1 0 0 0 0 0 
117.30933 0.00000 15 0 1 0 0 0 0 0 0 1 0 0 0 -1 0 0 0 0 0 
118.65324 0.00000 16 0 0 0 1 0 0 0 0 0 0 1 0 0 -1 0 0 0 0 
115.70945 10.65523 13 0 0 0 0 0 0 0 0 0 -1 0 0 -1 0 0 0 1 0 
129.40446 3.74373 2 0 -1 0 0 0 0 0 0 0 1 0 0 0 0 0 0 0 0 
126.26868 7.51946 10 0 0 0 0 0 0 0 0 0 0 -1 -1 0 1 0 0 0 0 
133.18019 9.88728 9 0 0 0 0 0 0 0 0 -1 -1 0 0 1 0 0 0 0 0 
149.94698 4.19170 4 0 0 0 -1 0 0 0 0 0 0 0 1 0 0 0 0 0 0 
147.86713 9.53531 11 0 0 0 0 0 0 0 0 0 0 0 0 -1 -1 1 0 0 0 
171.89738 0.00000 17 0 0 0 0 1 0 0 0 0 0 0 0 0 1 -1 0 0 0 
174.58519 4.99164 4 0 0 0 -1 0 0 0 0 0 0 0 1 0 0 0 0 0 0 
183.89651 6.55952 14 0 0 0 0 0 0 0 0 0 0 0 0 0 -1 0 0 -1 1 
250.48369 10.24150 10 0 0 0 0 0 0 0 0 0 0 -1 -1 0 1 0 0 0 0 
287.68008 0.00000 16 0 0 0 1 0 0 0 0 0 0 1 0 0 -1 0 0 0 0 
302.88623 5.25012 3 0 0 -1 0 0 0 0 0 0 0 1 0 0 0 0 0 0 0 
313.86667 4.00162 5 0 0 0 0 -1 0 0 0 0 0 0 0 1 0 0 0 0 0 
346.39182 0.00000 15 0 1 0 0 0 0 0 0 1 0 0 0 -1 0 0 0 0 0 
360.86166 5.34616 2 0 -1 0 0 0 0 0 0 0 1 0 0 0 0 0 0 0 0 
366.23984 5.05804 4 0 0 0 -1 0 0 0 0 0 0 0 1 0 0 0 0 0 0 
409.26523 8.93161 9 0 0 0 0 0 0 0 0 -1 -1 0 0 1 0 0 0 0 0 
436.63629 10.02005 10 0 0 0 0 0 0 0 0 0 0 -1 -1 0 1 0 0 0 0 
486.99265 0.00000 16 0 0 0 1 0 0 0 0 0 0 1 0 0 -1 0 0 0 0 
493.04309 4.35376 4 0 0 0 -1 0 0 0 0 0 0 0 1 0 0 0 0 0 0 
602.37708 6.20459 1 -1 0 0 0 0 0 0 0 1 0 0 0 0 0 0 0 0 0 
609.50916 9.14697 10 0 0 0 0 0 0 0 0 0 0 -1 -1 0 1 0 0 0 0 
760.14636 0.00000 16 0 0 0 1 0 0 0 0 0 0 1 0 0 -1 0 0 0 0 
