0.09600 2.36800 2 0 -1 0 0 0 0 0 0 0 1 0 0 0 0 0 0 0 0 
0.03200 4.00000 4 0 0 0 -1 0 0 0 0 0 0 0 1 0 0 0 0 0 0 
0.80000 4.51200 3 0 0 -1 0 0 0 0 0 0 0 1 0 0 0 0 0 0 0 
0.09600 5.50401 2 0 -1 0 0 0 0 0 0 0 1 0 0 0 0 0 0 0 0 
0.03200 5.63201 4 0 0 0 -1 0 0 0 0 0 0 0 1 0 0 0 0 0 0 
2.78400 5.21601 1 -1 0 0 0 0 0 0 0 1 0 0 0 0 0 0 0 0 0 
3.29601 5.12000 2 0 -1 0 0 0 0 0 0 0 1 0 0 0 0 0 0 0 0 
5.40801 4.35198 1 -1 0 0 0 0 0 0 0 1 0 0 0 0 0 0 0 0 0 
7.23201 5.18394 2 0 -1 0 0 0 0 0 0 0 1 0 0 0 0 0 0 0 0 
10.75197 3.99995 2 0 -1 0 0 0 0 0 0 0 1 0 0 0 0 0 0 0 0 
15.80791 5.56793 4 0 0 0 -1 0 0 0 0 0 0 0 1 0 0 0 0 0 0 
23.67981 4.63994 2 0 -1 0 0 0 0 0 0 0 1 0 0 0 0 0 0 0 0 
33.02375 4.09619 1 -1 0 0 0 0 0 0 0 1 0 0 0 0 0 0 0 0 0 
30.27172 8.86431 9 0 0 0 0 0 0 0 0 -1 -1 0 0 1 0 0 0 0 0 
38.68801 6.97633 9 0 0 0 0 0 0 0 0 -1 -1 0 0 1 0 0 0 0 0 
51.42461 7.52035 10 0 0 0 0 0 0 0 0 0 0 -1 -1 0 1 0 0 0 0 
63.42517 8.47945 11 0 0 0 0 0 0 0 0 0 0 0 0 -1 -1 1 0 0 0 
73.08854 0.00000 15 0 1 0 0 0 0 0 0 1 0 0 0 -1 0 0 0 0 0 
75.90434 5.24762 3 0 0 -1 0 0 0 0 0 0 0 1 0 0 0 0 0 0 0 
73.18452 8.89536 12 0 0 0 0 0 0 0 0 0 -1 0 0 0 0 -1 1 0 0 
81.37594 8.09541 10 0 0 0 0 0 0 0 0 0 0 -1 -1 0 1 0 0 0 0 
89.50335 4.09570 3 0 0 -1 0 0 0 0 0 0 0 1 0 0 0 0 0 0 0 
112.15771 0.00000 18 0 1 0 0 0 0 0 0 0 0 0 0 0 0 1 -1 0 0 
127.32461 3.99972 2 0 -1 0 0 0 0 0 0 0 1 0 0 0 0 0 0 0 0 
124.38082 10.30326 12 0 0 0 0 0 0 0 0 0 -1 0 0 0 0 -1 1 0 0 
135.16405 8.47939 9 0 0 0 0 0 0 0 0 -1 -1 0 0 1 0 0 0 0 0 
147.38716 0.00000 18 0 1 0 0 0 0 0 0 0 0 0 0 0 0 1 -1 0 0 
165.33786 2.68781 2 0 -1 0 0 0 0 0 0 0 1 0 0 0 0 0 0 0 0 
181.04872 4.44768 2 0 -1 0 0 0 0 0 0 0 1 0 0 0 0 0 0 0 0 
185.52840 7.07149 12 0 0 0 0 0 0 0 0 0 -1 0 0 0 0 -1 1 0 0 
199.41539 0.00000 18 0 1 0 0 0 0 0 0 0 0 0 0 0 0 1 -1 0 0 
211.47852 0.00000 16 0 0 0 1 0 0 0 0 0 0 1 0 0 -1 0 0 0 0 
204.31104 7.23148 13 0 0 0 0 0 0 0 0 0 -1 0 0 -1 0 0 0 1 0 
213.65436 4.44768 4 0 0 0 -1 0 0 0 0 0 0 0 1 0 0 0 0 0 0 
221.68578 0.00000 19 0 1 0 0 0 0 0 0 0 0 0 0 1 0 0 0 -1 0 
218.13403 9.79129 10 0 0 0 0 0 0 0 0 0 0 -1 -1 0 1 0 0 0 0 
224.50157 4.19170 2 0 -1 0 0 0 0 0 0 0 1 0 0 0 0 0 0 0 0 
229.46121 8.12741 13 0 0 0 0 0 0 0 0 0 -1 0 0 -1 0 0 0 1 0 
250.48369 3.26376 2 0 -1 0 0 0 0 0 0 0 1 0 0 0 0 0 0 0 0 
430.39377 8.03525 12 0 0 0 0 0 0 0 0 0 -1 0 0 0 0 -1 1 0 0 
431.38617 9.57187 14 0 0 0 0 0 0 0 0 0 0 0 0 0 -1 0 0 -1 1 
461.60638 0.00000 18 0 1 0 0 0 0 0 0 0 0 0 0 0 0 1 -1 0 0 
461.63840 3.68149 2 0 -1 0 0 0 0 0 0 0 1 0 0 0 0 0 0 0 0 
465.35190 8.25934 12 0 0 0 0 0 0 0 0 0 -1 0 0 0 0 -1 1 0 0 
486.12830 0.00000 18 0 1 0 0 0 0 0 0 0 0 0 0 0 0 1 -1 0 0 
552.06873 9.24292 10 0 0 0 0 0 0 0 0 0 0 -1 -1 0 1 0 0 0 0 
568.66760 0.00000 16 0 0 0 1 0 0 0 0 0 0 1 0 0 -1 0 0 0 0 
573.27307 4.22168 2 0 -1 0 0 0 0 0 0 0 1 0 0 0 0 0 0 0 0 
588.43274 9.17896 12 0 0 0 0 0 0 0 0 0 -1 0 0 0 0 -1 1 0 0 
607.39832 0.00000 18 0 1 0 0 0 0 0 0 0 0 0 0 0 0 1 -1 0 0 
627.13147 5.05322 2 0 -1 0 0 0 0 0 0 0 1 0 0 0 0 0 0 0 0 
632.21667 12.56909 12 0 0 0 0 0 0 0 0 0 -1 0 0 0 0 -1 1 0 0 
677.37585 5.59692 4 0 0 0 -1 0 0 0 0 0 0 0 1 0 0 0 0 0 0 
703.79333 7.16406 10 0 0 0 0 0 0 0 0 0 0 -1 -1 0 1 0 0 0 0 
746.10608 0.00000 18 0 1 0 0 0 0 0 0 0 0 0 0 0 0 1 -1 0 0 
762.83289 0.00000 17 0 0 0 0 1 0 0 0 0 0 0 0 0 1 -1 0 0 0 
775.21008 4.95728 5 0 0 0 0 -1 0 0 0 0 0 0 0 1 0 0 0 0 0 
789.79407 7.83569 11 0 0 0 0 0 0 0 0 0 0 0 0 -1 -1 1 0 0 0 
799.42078 5.37305 2 0 -1 0 0 0 0 0 0 0 1 0 0 0 0 0 0 0 0 
804.82581 13.24072 12 0 0 0 0 0 0 0 0 0 -1 0 0 0 0 -1 1 0 0 
832.61853 0.00000 18 0 1 0 0 0 0 0 0 0 0 0 0 0 0 1 -1 0 0 
846.43494 4.25366 2 0 -1 0 0 0 0 0 0 0 1 0 0 0 0 0 0 0 0 
866.80774 8.76318 12 0 0 0 0 0 0 0 0 0 -1 0 0 0 0 -1 1 0 0 
891.91394 0.00000 16 0 0 0 1 0 0 0 0 0 0 1 0 0 -1 0 0 0 0 
