0.09600 3.42400 2 0 -1 0 0 0 0 0 0 0 1 0 0 0 0 0 0 0 0 
0.09600 4.12800 2 0 -1 0 0 0 0 0 0 0 1 0 0 0 0 0 0 0 0 
0.09600 4.25600 1 -1 0 0 0 0 0 0 0 1 0 0 0 0 0 0 0 0 0 
0.09600 4.80000 4 0 0 0 -1 0 0 0 0 0 0 0 1 0 0 0 0 0 0 
0.64000 5.60001 3 0 0 -1 0 0 0 0 0 0 0 1 0 0 0 0 0 0 0 
8.60801 5.18393 4 0 0 0 -1 0 0 0 0 0 0 0 1 0 0 0 0 0 0 
9.40799 5.31193 3 0 0 -1 0 0 0 0 0 0 0 1 0 0 0 0 0 0 0 
17.11990 2.91196 2 0 -1 0 0 0 0 0 0 0 1 0 0 0 0 0 0 0 0 
17.66389 5.88792 3 0 0 -1 0 0 0 0 0 0 0 1 0 0 0 0 0 0 0 
22.39983 4.41594 1 -1 0 0 0 0 0 0 0 1 0 0 0 0 0 0 0 0 0 
23.29581 3.90395 2 0 -1 0 0 0 0 0 0 0 1 0 0 0 0 0 0 0 0 
27.26377 10.62421 9 0 0 0 0 0 0 0 0 -1 -1 0 0 1 0 0 0 0 0 
33.47178 7.80836 10 0 0 0 0 0 0 0 0 0 0 -1 -1 0 1 0 0 0 0 
38.91202 8.89642 9 0 0 0 0 0 0 0 0 -1 -1 0 0 1 0 0 0 0 0 
43.77626 4.57621 2 0 -1 0 0 0 0 0 0 0 1 0 0 0 0 0 0 0 0 
45.37633 8.80041 10 0 0 0 0 0 0 0 0 0 0 -1 -1 0 1 0 0 0 0 
52.64066 4.41621 4 0 0 0 -1 0 0 0 0 0 0 0 1 0 0 0 0 0 0 
63.29716 0.00000 15 0 1 0 0 0 0 0 0 1 0 0 0 -1 0 0 0 0 0 
65.05712 10.52724 10 0 0 0 0 0 0 0 0 0 0 -1 -1 0 1 0 0 0 0 
82.65584 7.10349 11 0 0 0 0 0 0 0 0 0 0 0 0 -1 -1 1 0 0 0 
93.31107 5.37561 1 -1 0 0 0 0 0 0 0 1 0 0 0 0 0 0 0 0 0 
114.01357 0.00000 17 0 0 0 0 1 0 0 0 0 0 0 0 0 1 -1 0 0 0 
110.23785 8.99135 9 0 0 0 0 0 0 0 0 -1 -1 0 0 1 0 0 0 0 0 
123.13291 0.00000 15 0 1 0 0 0 0 0 0 1 0 0 0 -1 0 0 0 0 0 
148.44308 4.54367 2 0 -1 0 0 0 0 0 0 0 1 0 0 0 0 0 0 0 0 
156.18652 0.00000 16 0 0 0 1 0 0 0 0 0 0 1 0 0 -1 0 0 0 0 
153.65871 4.51167 2 0 -1 0 0 0 0 0 0 0 1 0 0 0 0 0 0 0 0 
165.30586 6.01556 4 0 0 0 -1 0 0 0 0 0 0 0 1 0 0 0 0 0 0 
173.75325 0.00000 16 0 0 0 1 0 0 0 0 0 0 1 0 0 -1 0 0 0 0 
180.95273 8.67137 10 0 0 0 0 0 0 0 0 0 0 -1 -1 0 1 0 0 0 0 
301.12552 0.00000 16 0 0 0 1 0 0 0 0 0 0 1 0 0 -1 0 0 0 0 
294.14670 7.58707 9 0 0 0 0 0 0 0 0 -1 -1 0 0 1 0 0 0 0 0 
329.04080 4.76993 4 0 0 0 -1 0 0 0 0 0 0 0 1 0 0 0 0 0 0 
326.67184 8.03525 13 0 0 0 0 0 0 0 0 0 -1 0 0 -1 0 0 0 1 0 
342.26215 7.55505 10 0 0 0 0 0 0 0 0 0 0 -1 -1 0 1 0 0 0 0 
365.08737 0.00000 16 0 0 0 1 0 0 0 0 0 0 1 0 0 -1 0 0 0 0 
371.07379 4.12967 4 0 0 0 -1 0 0 0 0 0 0 0 1 0 0 0 0 0 0 
375.52359 9.53986 10 0 0 0 0 0 0 0 0 0 0 -1 -1 0 1 0 0 0 0 
387.14429 5.82635 4 0 0 0 -1 0 0 0 0 0 0 0 1 0 0 0 0 0 0 
403.66296 7.74713 14 0 0 0 0 0 0 0 0 0 0 0 0 0 -1 0 0 -1 1 
496.18036 5.44220 5 0 0 0 0 -1 0 0 0 0 0 0 0 1 0 0 0 0 0 
484.33557 17.31900 5 0 0 0 0 -1 0 0 0 0 0 0 0 1 0 0 0 0 0 
568.25183 0.00000 15 0 1 0 0 0 0 0 0 1 0 0 0 -1 0 0 0 0 0 
568.28381 0.00000 15 0 1 0 0 0 0 0 0 1 0 0 0 -1 0 0 0 0 0 
