0 15 3 6 3 3 0 0 0 0 0 0 0 0
0.720489 14 3 5 3 3 0 1 0 0 0 0 0 0
1.24964 13 3 5 2 3 0 1 1 0 0 0 0 0
2.14321 12 3 4 2 3 0 2 1 0 0 0 0 0
2.45914 11 3 4 2 2 0 2 1 1 0 0 0 0
4.94207 10 3 3 2 2 0 3 1 1 0 0 0 0
11.5364 9 3 3 1 2 0 3 2 1 0 0 0 0
12.2292 8 2 3 1 2 1 3 2 1 0 0 0 0
16.9595 7 2 3 1 1 1 3 2 2 0 0 0 0
17.3155 8 2 3 1 1 1 3 1 1 0 1 0 0
18.1419 7 2 3 0 1 1 3 2 1 0 1 0 0
22.8054 6 1 3 0 1 2 3 2 1 0 1 0 0
28.3706 5 1 2 0 1 2 4 2 1 0 1 0 0
35.303 4 0 2 0 1 3 4 2 1 0 1 0 0
36.8705 5 0 2 0 1 2 3 2 1 1 1 0 0
60.7095 4 0 1 0 1 2 4 2 1 1 1 0 0
61.7423 5 0 1 0 1 1 3 2 1 2 1 0 0
65.3559 6 0 1 0 1 0 2 2 1 3 1 0 0
84.1761 5 0 0 0 1 0 3 2 1 3 1 0 0
119.222 4 0 0 0 0 0 3 2 2 3 1 0 0
179.424 5 0 0 0 0 0 3 1 1 3 2 0 0
197.512 6 0 0 0 0 0 3 0 0 3 3 0 0
223.919 7 0 0 0 0 0 3 0 0 2 2 1 0
245.537 8 0 0 0 0 0 3 0 0 1 1 2 0
292.359 10 0 0 0 0 0 2 0 0 1 1 1 1
339.003 12 0 0 0 0 0 1 0 0 1 1 0 2
741.24 13 0 0 0 0 0 1 0 0 0 0 1 2
1123.03 15 0 0 0 0 0 0 0 0 0 0 0 3
1123.03 15 0 0 0 0 0 0 0 0 0 0 0 3
