0 15 3 6 3 3 0 0 0 0 0 0 0 0
3.33925 14 3 5 3 3 0 1 0 0 0 0 0 0
4.23582 13 3 5 3 2 0 1 0 1 0 0 0 0
5.75517 12 3 4 3 2 0 2 0 1 0 0 0 0
8.93588 11 2 4 3 2 1 2 0 1 0 0 0 0
13.0532 10 2 4 3 1 1 2 0 2 0 0 0 0
13.5681 9 2 3 3 1 1 3 0 2 0 0 0 0
18.6844 10 2 3 3 1 0 2 0 2 1 0 0 0
21.1927 9 2 2 3 1 0 3 0 2 1 0 0 0
24.1091 8 2 2 2 1 0 3 1 2 1 0 0 0
28.1114 7 2 2 1 1 0 3 2 2 1 0 0 0
39.7809 6 2 2 1 0 0 3 2 3 1 0 0 0
52.3116 5 1 2 1 0 1 3 2 3 1 0 0 0
70.3598 4 1 2 0 0 1 3 3 3 1 0 0 0
84.4506 3 1 1 0 0 1 4 3 3 1 0 0 0
94.0278 4 1 1 0 0 0 3 3 3 2 0 0 0
99.1808 5 1 1 0 0 0 3 2 2 2 1 0 0
103.109 4 0 1 0 0 1 3 2 2 2 1 0 0
121.485 3 0 0 0 0 1 4 2 2 2 1 0 0
128.035 4 0 0 0 0 1 4 1 1 2 2 0 0
147.802 5 0 0 0 0 1 4 1 1 1 1 1 0
166.828 6 0 0 0 0 0 3 1 1 2 1 1 0
220.913 7 0 0 0 0 0 3 1 1 1 0 2 0
272.415 9 0 0 0 0 0 2 1 1 1 0 1 1
290.469 11 0 0 0 0 0 1 1 1 1 0 0 2
445.183 12 0 0 0 0 0 1 0 0 1 1 0 2
719.606 13 0 0 0 0 0 1 0 0 0 0 1 2
742.463 15 0 0 0 0 0 0 0 0 0 0 0 3
742.463 15 0 0 0 0 0 0 0 0 0 0 0 3
