0 15 3 6 3 3 0 0 0 0 0 0 0 0
2.20818 14 3 6 2 3 0 0 1 0 0 0 0 0
4.14585 13 3 6 2 2 0 0 1 1 0 0 0 0
5.99861 12 3 5 2 2 0 1 1 1 0 0 0 0
6.20354 11 2 5 2 2 1 1 1 1 0 0 0 0
6.31132 10 2 5 2 1 1 1 1 2 0 0 0 0
8.98257 9 2 5 1 1 1 1 2 2 0 0 0 0
9.57919 8 2 5 0 1 1 1 3 2 0 0 0 0
12.207 7 1 5 0 1 2 1 3 2 0 0 0 0
15.1174 6 1 4 0 1 2 2 3 2 0 0 0 0
23.4277 5 0 4 0 1 3 2 3 2 0 0 0 0
26.5488 6 0 4 0 1 2 1 3 2 1 0 0 0
28.6118 5 0 3 0 1 2 2 3 2 1 0 0 0
33.3746 4 0 3 0 0 2 2 3 3 1 0 0 0
38.5057 3 0 2 0 0 2 3 3 3 1 0 0 0
43.3714 4 0 2 0 0 1 2 3 3 2 0 0 0
48.87 5 0 2 0 0 1 2 2 2 2 1 0 0
134.889 6 0 2 0 0 1 2 1 1 2 2 0 0
140.84 5 0 1 0 0 1 3 1 1 2 2 0 0
154.579 6 0 1 0 0 0 2 1 1 3 2 0 0
165.734 5 0 0 0 0 0 3 1 1 3 2 0 0
185.255 6 0 0 0 0 0 3 1 1 2 1 1 0
237.482 7 0 0 0 0 0 3 1 1 1 0 2 0
252.926 9 0 0 0 0 0 2 1 1 1 0 1 1
298.496 11 0 0 0 0 0 1 1 1 1 0 0 2
306.093 12 0 0 0 0 0 1 0 0 1 1 0 2
784.394 13 0 0 0 0 0 1 0 0 0 0 1 2
944.08 15 0 0 0 0 0 0 0 0 0 0 0 3
944.08 15 0 0 0 0 0 0 0 0 0 0 0 3
