0 15 3 6 3 3 0 0 0 0 0 0 0 0
0.200436 14 2 6 3 3 1 0 0 0 0 0 0 0
5.17305 13 2 6 2 3 1 0 1 0 0 0 0 0
7.76456 12 2 6 1 3 1 0 2 0 0 0 0 0
10.0865 11 1 6 1 3 2 0 2 0 0 0 0 0
12.1351 10 0 6 1 3 3 0 2 0 0 0 0 0
27.8161 9 0 5 1 3 3 1 2 0 0 0 0 0
29.6294 8 0 4 1 3 3 2 2 0 0 0 0 0
35.2606 7 0 4 1 2 3 2 2 1 0 0 0 0
38.4648 6 0 3 1 2 3 3 2 1 0 0 0 0
40.202 7 0 3 1 2 2 2 2 1 1 0 0 0
40.309 6 0 2 1 2 2 3 2 1 1 0 0 0
40.3409 5 0 1 1 2 2 4 2 1 1 0 0 0
43.0853 6 0 1 1 2 1 3 2 1 2 0 0 0
74.278 5 0 1 1 1 1 3 2 2 2 0 0 0
97.4814 4 0 1 1 0 1 3 2 3 2 0 0 0
105.664 5 0 1 1 0 1 3 1 2 2 1 0 0
111.965 6 0 1 1 0 0 2 1 2 3 1 0 0
119.195 7 0 1 1 0 0 2 0 1 3 2 0 0
134.428 8 0 1 1 0 0 2 0 1 2 1 1 0
135.481 7 0 1 0 0 0 2 1 1 2 1 1 0
138.734 9 0 1 0 0 0 1 1 1 2 1 0 1
140.317 8 0 0 0 0 0 2 1 1 2 1 0 1
218.153 9 0 0 0 0 0 2 0 0 2 2 0 1
221.632 10 0 0 0 0 0 2 0 0 1 1 1 1
314.685 12 0 0 0 0 0 1 0 0 1 1 0 2
401.099 13 0 0 0 0 0 1 0 0 0 0 1 2
414.101 15 0 0 0 0 0 0 0 0 0 0 0 3
414.101 15 0 0 0 0 0 0 0 0 0 0 0 3
