0 15 3 6 3 3 0 0 0 0 0 0 0 0
1.34577 14 3 5 3 3 0 1 0 0 0 0 0 0
1.43711 13 2 5 3 3 1 1 0 0 0 0 0 0
2.40207 12 2 5 2 3 1 1 1 0 0 0 0 0
3.80859 11 2 4 2 3 1 2 1 0 0 0 0 0
9.10975 10 2 3 2 3 1 3 1 0 0 0 0 0
10.6515 9 2 3 1 3 1 3 2 0 0 0 0 0
13.1123 8 2 3 1 2 1 3 2 1 0 0 0 0
13.5088 7 2 2 1 2 1 4 2 1 0 0 0 0
18.1005 6 1 2 1 2 2 4 2 1 0 0 0 0
22.7569 7 1 2 1 2 2 4 1 0 0 1 0 0
28.1994 6 1 2 1 1 2 4 1 1 0 1 0 0
34.4227 5 0 2 1 1 3 4 1 1 0 1 0 0
47.0581 4 0 2 0 1 3 4 2 1 0 1 0 0
49.0948 5 0 2 0 1 2 3 2 1 1 1 0 0
58.9685 6 0 2 0 1 1 2 2 1 2 1 0 0
62.0903 5 0 2 0 0 1 2 2 2 2 1 0 0
64.3227 6 0 2 0 0 1 2 1 1 2 2 0 0
67.9958 5 0 1 0 0 1 3 1 1 2 2 0 0
83.4289 4 0 0 0 0 1 4 1 1 2 2 0 0
87.9813 5 0 0 0 0 0 3 1 1 3 2 0 0
114.18 6 0 0 0 0 0 3 1 1 2 1 1 0
116.638 8 0 0 0 0 0 2 1 1 2 1 0 1
233.105 9 0 0 0 0 0 2 1 1 1 0 1 1
234.597 11 0 0 0 0 0 1 1 1 1 0 0 2
253.358 12 0 0 0 0 0 1 0 0 1 1 0 2
389.455 13 0 0 0 0 0 1 0 0 0 0 1 2
410.082 15 0 0 0 0 0 0 0 0 0 0 0 3
410.082 15 0 0 0 0 0 0 0 0 0 0 0 3
