0 15 3 6 3 3 0 0 0 0 0 0 0 0
1.4476 14 2 6 3 3 1 0 0 0 0 0 0 0
2.98869 13 2 5 3 3 1 1 0 0 0 0 0 0
3.19534 12 1 5 3 3 2 1 0 0 0 0 0 0
3.25219 11 1 4 3 3 2 2 0 0 0 0 0 0
4.82624 10 1 4 2 3 2 2 1 0 0 0 0 0
6.18785 9 1 3 2 3 2 3 1 0 0 0 0 0
6.95568 8 0 3 2 3 3 3 1 0 0 0 0 0
7.14119 9 0 3 2 3 2 2 1 0 1 0 0 0
10.3759 8 0 3 2 2 2 2 1 1 1 0 0 0
13.5405 7 0 2 2 2 2 3 1 1 1 0 0 0
13.6064 6 0 2 2 1 2 3 1 2 1 0 0 0
15.6518 5 0 2 2 0 2 3 1 3 1 0 0 0
16.4652 4 0 2 1 0 2 3 2 3 1 0 0 0
41.0563 3 0 1 1 0 2 4 2 3 1 0 0 0
41.7371 4 0 1 1 0 2 4 1 2 1 1 0 0
48.8642 3 0 1 0 0 2 4 2 2 1 1 0 0
52.0171 4 0 1 0 0 2 4 1 1 1 2 0 0
62.8685 5 0 1 0 0 1 3 1 1 2 2 0 0
64.8251 6 0 1 0 0 0 2 1 1 3 2 0 0
68.8681 5 0 0 0 0 0 3 1 1 3 2 0 0
73.3664 6 0 0 0 0 0 3 1 1 2 1 1 0
95.4635 8 0 0 0 0 0 2 1 1 2 1 0 1
148.345 9 0 0 0 0 0 2 1 1 1 0 1 1
181.756 11 0 0 0 0 0 1 1 1 1 0 0 2
609.378 12 0 0 0 0 0 1 0 0 1 1 0 2
609.378 12 0 0 0 0 0 1 0 0 1 1 0 2
