0 15 3 6 3 3 0 0 0 0 0 0 0 0
1.25114 14 3 6 3 2 0 0 0 1 0 0 0 0
1.52435 13 3 5 3 2 0 1 0 1 0 0 0 0
1.85081 12 3 4 3 2 0 2 0 1 0 0 0 0
2.99691 11 3 3 3 2 0 3 0 1 0 0 0 0
5.81793 10 2 3 3 2 1 3 0 1 0 0 0 0
5.99516 9 2 3 2 2 1 3 1 1 0 0 0 0
11.285 8 2 2 2 2 1 4 1 1 0 0 0 0
11.7957 7 2 1 2 2 1 5 1 1 0 0 0 0
14.6774 6 2 1 1 2 1 5 2 1 0 0 0 0
15.4981 7 2 1 1 2 0 4 2 1 1 0 0 0
16.5219 6 1 1 1 2 1 4 2 1 1 0 0 0
17.3568 5 1 1 0 2 1 4 3 1 1 0 0 0
23.815 6 1 1 0 2 0 3 3 1 2 0 0 0
31.9722 5 1 0 0 2 0 4 3 1 2 0 0 0
36.0087 4 1 0 0 1 0 4 3 2 2 0 0 0
51.2633 3 0 0 0 1 1 4 3 2 2 0 0 0
63.1822 2 0 0 0 0 1 4 3 3 2 0 0 0
71.5072 3 0 0 0 0 0 3 3 3 3 0 0 0
81.1594 4 0 0 0 0 0 3 2 2 3 1 0 0
95.2414 5 0 0 0 0 0 3 2 2 2 0 1 0
125.366 6 0 0 0 0 0 3 1 1 2 1 1 0
141.418 7 0 0 0 0 0 3 1 1 1 0 2 0
142.488 9 0 0 0 0 0 2 1 1 1 0 1 1
156.044 11 0 0 0 0 0 1 1 1 1 0 0 2
181.549 12 0 0 0 0 0 1 0 0 1 1 0 2
341.549 13 0 0 0 0 0 1 0 0 0 0 1 2
360.364 15 0 0 0 0 0 0 0 0 0 0 0 3
360.364 15 0 0 0 0 0 0 0 0 0 0 0 3
