0 15 3 6 3 3 0 0 0 0 0 0 0 0
0.108796 14 2 6 3 3 1 0 0 0 0 0 0 0
0.808231 13 1 6 3 3 2 0 0 0 0 0 0 0
1.2551 12 1 5 3 3 2 1 0 0 0 0 0 0
1.55186 11 1 4 3 3 2 2 0 0 0 0 0 0
1.73214 12 1 4 3 3 1 1 0 0 1 0 0 0
2.58598 11 1 4 2 3 1 1 1 0 1 0 0 0
3.90297 10 1 4 2 2 1 1 1 1 1 0 0 0
6.45944 9 1 4 2 1 1 1 1 2 1 0 0 0
9.28502 8 1 4 1 1 1 1 2 2 1 0 0 0
17.4514 7 1 4 1 0 1 1 2 3 1 0 0 0
24.4304 6 1 3 1 0 1 2 2 3 1 0 0 0
38.0677 5 1 2 1 0 1 3 2 3 1 0 0 0
47.585 4 0 2 1 0 2 3 2 3 1 0 0 0
49.0946 5 0 2 1 0 2 3 1 2 1 1 0 0
51.3851 6 0 2 1 0 1 2 1 2 2 1 0 0
59.7253 7 0 2 1 0 0 1 1 2 3 1 0 0
60.0593 8 0 2 1 0 0 1 1 2 2 0 1 0
62.7269 7 0 2 0 0 0 1 2 2 2 0 1 0
71.7786 6 0 1 0 0 0 2 2 2 2 0 1 0
115.707 5 0 0 0 0 0 3 2 2 2 0 1 0
129.171 7 0 0 0 0 0 2 2 2 2 0 0 1
239.045 8 0 0 0 0 0 2 1 1 2 1 0 1
290.064 9 0 0 0 0 0 2 1 1 1 0 1 1
438.563 11 0 0 0 0 0 1 1 1 1 0 0 2
696.306 12 0 0 0 0 0 1 0 0 1 1 0 2
777.256 13 0 0 0 0 0 1 0 0 0 0 1 2
888.088 15 0 0 0 0 0 0 0 0 0 0 0 3
888.088 15 0 0 0 0 0 0 0 0 0 0 0 3
