0 15 3 6 3 3 0 0 0 0 0 0 0 0
0.142353 14 3 5 3 3 0 1 0 0 0 0 0 0
0.149119 13 3 5 3 2 0 1 0 1 0 0 0 0
0.91923 12 3 4 3 2 0 2 0 1 0 0 0 0
1.24687 11 3 4 2 2 0 2 1 1 0 0 0 0
3.66508 10 3 4 1 2 0 2 2 1 0 0 0 0
4.55103 9 2 4 1 2 1 2 2 1 0 0 0 0
5.27106 8 1 4 1 2 2 2 2 1 0 0 0 0
9.11245 7 1 3 1 2 2 3 2 1 0 0 0 0
13.2674 6 1 3 1 1 2 3 2 2 0 0 0 0
18.734 7 1 3 1 1 1 2 2 2 1 0 0 0
24.6024 6 1 3 1 0 1 2 2 3 1 0 0 0
34.9351 5 1 2 1 0 1 3 2 3 1 0 0 0
35.7304 4 0 2 1 0 2 3 2 3 1 0 0 0
41.5428 5 0 2 1 0 2 3 1 2 1 1 0 0
50.2903 4 0 1 1 0 2 4 1 2 1 1 0 0
61.2849 3 0 1 0 0 2 4 2 2 1 1 0 0
63.0264 4 0 1 0 0 1 3 2 2 2 1 0 0
84.3724 5 0 1 0 0 0 2 2 2 3 1 0 0
88.4265 4 0 0 0 0 0 3 2 2 3 1 0 0
122.69 5 0 0 0 0 0 3 1 1 3 2 0 0
129.719 6 0 0 0 0 0 3 1 1 2 1 1 0
180.782 8 0 0 0 0 0 2 1 1 2 1 0 1
314.155 9 0 0 0 0 0 2 1 1 1 0 1 1
553.257 11 0 0 0 0 0 1 1 1 1 0 0 2
829.957 12 0 0 0 0 0 1 0 0 1 1 0 2
1125.94 13 0 0 0 0 0 1 0 0 0 0 1 2
1125.94 13 0 0 0 0 0 1 0 0 0 0 1 2
