0 15 3 6 3 3 0 0 0 0 0 0 0 0
0.677747 14 3 6 3 2 0 0 0 1 0 0 0 0
1.7411 13 3 6 2 2 0 0 1 1 0 0 0 0
1.99979 12 3 6 1 2 0 0 2 1 0 0 0 0
3.61014 11 3 5 1 2 0 1 2 1 0 0 0 0
8.12502 10 3 5 1 1 0 1 2 2 0 0 0 0
10.6923 9 3 5 1 0 0 1 2 3 0 0 0 0
13.1633 10 3 5 1 0 0 1 1 2 0 1 0 0
14.7524 9 3 4 1 0 0 2 1 2 0 1 0 0
21.3243 8 3 4 0 0 0 2 2 2 0 1 0 0
29.3753 7 2 4 0 0 1 2 2 2 0 1 0 0
33.7368 6 2 3 0 0 1 3 2 2 0 1 0 0
47.817 5 2 2 0 0 1 4 2 2 0 1 0 0
48.0312 6 2 2 0 0 0 3 2 2 1 1 0 0
50.9319 5 2 1 0 0 0 4 2 2 1 1 0 0
54.6227 6 2 1 0 0 0 4 1 1 1 2 0 0
66.5268 5 1 1 0 0 1 4 1 1 1 2 0 0
69.5792 6 1 1 0 0 0 3 1 1 2 2 0 0
121.799 5 1 0 0 0 0 4 1 1 2 2 0 0
134.238 4 0 0 0 0 1 4 1 1 2 2 0 0
181.275 5 0 0 0 0 1 4 1 1 1 1 1 0
203.193 6 0 0 0 0 1 4 0 0 1 2 1 0
212.63 8 0 0 0 0 1 3 0 0 1 2 0 1
243.642 9 0 0 0 0 0 2 0 0 2 2 0 1
304.9 10 0 0 0 0 0 2 0 0 1 1 1 1
468.835 12 0 0 0 0 0 1 0 0 1 1 0 2
492.197 13 0 0 0 0 0 1 0 0 0 0 1 2
520.634 15 0 0 0 0 0 0 0 0 0 0 0 3
520.634 15 0 0 0 0 0 0 0 0 0 0 0 3
