0 15 3 6 3 3 0 0 0 0 0 0 0 0
1.0077 14 2 6 3 3 1 0 0 0 0 0 0 0
1.25999 13 2 6 3 2 1 0 0 1 0 0 0 0
1.3709 12 2 6 3 1 1 0 0 2 0 0 0 0
1.9284 11 2 5 3 1 1 1 0 2 0 0 0 0
4.92313 10 2 5 2 1 1 1 1 2 0 0 0 0
8.73122 9 2 5 1 1 1 1 2 2 0 0 0 0
11.1291 8 2 5 0 1 1 1 3 2 0 0 0 0
14.1075 9 2 5 0 1 0 0 3 2 1 0 0 0
25.0289 8 2 4 0 1 0 1 3 2 1 0 0 0
29.5725 7 2 3 0 1 0 2 3 2 1 0 0 0
29.9888 6 2 2 0 1 0 3 3 2 1 0 0 0
34.6835 7 2 2 0 1 0 3 2 1 1 1 0 0
37.4756 6 1 2 0 1 1 3 2 1 1 1 0 0
54.5971 7 1 2 0 1 1 3 2 1 0 0 1 0
64.9238 6 1 1 0 1 1 4 2 1 0 0 1 0
67.8151 7 1 1 0 1 0 3 2 1 1 0 1 0
79.1607 6 1 1 0 0 0 3 2 2 1 0 1 0
89.6289 5 0 1 0 0 1 3 2 2 1 0 1 0
98.8128 4 0 0 0 0 1 4 2 2 1 0 1 0
104.403 6 0 0 0 0 1 3 2 2 1 0 0 1
106.251 7 0 0 0 0 1 3 1 1 1 1 0 1
132.473 8 0 0 0 0 0 2 1 1 2 1 0 1
159.268 9 0 0 0 0 0 2 1 1 1 0 1 1
241.917 11 0 0 0 0 0 1 1 1 1 0 0 2
332.359 12 0 0 0 0 0 1 0 0 1 1 0 2
845.461 13 0 0 0 0 0 1 0 0 0 0 1 2
845.461 13 0 0 0 0 0 1 0 0 0 0 1 2
