0 15 3 6 3 3 0 0 0 0 0 0 0 0
2.41933 14 3 6 2 3 0 0 1 0 0 0 0 0
2.42601 13 3 6 1 3 0 0 2 0 0 0 0 0
3.79639 12 3 5 1 3 0 1 2 0 0 0 0 0
8.46358 11 3 4 1 3 0 2 2 0 0 0 0 0
12.5518 10 2 4 1 3 1 2 2 0 0 0 0 0
15.8368 9 1 4 1 3 2 2 2 0 0 0 0 0
17.3327 8 1 4 1 2 2 2 2 1 0 0 0 0
22.1216 7 0 4 1 2 3 2 2 1 0 0 0 0
22.162 6 0 3 1 2 3 3 2 1 0 0 0 0
24.3614 5 0 2 1 2 3 4 2 1 0 0 0 0
25.9033 6 0 2 1 2 2 3 2 1 1 0 0 0
37.2228 7 0 2 1 2 1 2 2 1 2 0 0 0
39.6898 8 0 2 1 2 0 1 2 1 3 0 0 0
40.0979 7 0 2 0 2 0 1 3 1 3 0 0 0
40.2246 6 0 2 0 1 0 1 3 2 3 0 0 0
41.6096 5 0 1 0 1 0 2 3 2 3 0 0 0
55.9228 6 0 1 0 1 0 2 2 1 3 1 0 0
58.6377 7 0 1 0 1 0 2 1 0 3 2 0 0
76.4981 8 0 1 0 1 0 2 1 0 2 1 1 0
87.308 7 0 0 0 1 0 3 1 0 2 1 1 0
121.438 8 0 0 0 1 0 3 1 0 1 0 2 0
131.267 10 0 0 0 1 0 2 1 0 1 0 1 1
142.237 9 0 0 0 0 0 2 1 1 1 0 1 1
153.865 11 0 0 0 0 0 1 1 1 1 0 0 2
175.294 12 0 0 0 0 0 1 0 0 1 1 0 2
248.411 13 0 0 0 0 0 1 0 0 0 0 1 2
426.849 15 0 0 0 0 0 0 0 0 0 0 0 3
426.849 15 0 0 0 0 0 0 0 0 0 0 0 3
