0 15 3 6 3 3 0 0 0 0 0 0 0 0
0.181249 14 3 6 2 3 0 0 1 0 0 0 0 0
0.620351 13 2 6 2 3 1 0 1 0 0 0 0 0
1.77841 12 2 6 2 2 1 0 1 1 0 0 0 0
2.52653 11 2 5 2 2 1 1 1 1 0 0 0 0
12.8153 10 2 4 2 2 1 2 1 1 0 0 0 0
13.9636 9 2 4 2 1 1 2 1 2 0 0 0 0
21.5136 8 2 4 1 1 1 2 2 2 0 0 0 0
21.684 9 2 4 1 1 1 2 1 1 0 1 0 0
22.1605 8 1 4 1 1 2 2 1 1 0 1 0 0
22.2328 7 1 4 0 1 2 2 2 1 0 1 0 0
26.6533 8 1 4 0 1 1 1 2 1 1 1 0 0
28.1283 7 1 3 0 1 1 2 2 1 1 1 0 0
31.1817 6 1 2 0 1 1 3 2 1 1 1 0 0
32.2147 5 1 1 0 1 1 4 2 1 1 1 0 0
35.8619 4 1 0 0 1 1 5 2 1 1 1 0 0
40.0412 5 1 0 0 1 0 4 2 1 2 1 0 0
107.026 4 1 0 0 0 0 4 2 2 2 1 0 0
117.159 5 1 0 0 0 0 4 1 1 2 2 0 0
136.055 4 0 0 0 0 1 4 1 1 2 2 0 0
136.662 5 0 0 0 0 0 3 1 1 3 2 0 0
152.444 6 0 0 0 0 0 3 1 1 2 1 1 0
190.717 8 0 0 0 0 0 2 1 1 2 1 0 1
263.097 9 0 0 0 0 0 2 0 0 2 2 0 1
290.449 10 0 0 0 0 0 2 0 0 1 1 1 1
344.681 12 0 0 0 0 0 1 0 0 1 1 0 2
376.069 13 0 0 0 0 0 1 0 0 0 0 1 2
514.325 15 0 0 0 0 0 0 0 0 0 0 0 3
514.325 15 0 0 0 0 0 0 0 0 0 0 0 3
