0 15 3 6 3 3 0 0 0 0 0 0 0 0
3.12969 14 3 5 3 3 0 1 0 0 0 0 0 0
3.15395 13 3 4 3 3 0 2 0 0 0 0 0 0
3.77038 12 3 4 2 3 0 2 1 0 0 0 0 0
10.9411 11 3 4 2 2 0 2 1 1 0 0 0 0
11.5312 10 3 3 2 2 0 3 1 1 0 0 0 0
16.1768 9 2 3 2 2 1 3 1 1 0 0 0 0
17.4236 8 2 3 2 1 1 3 1 2 0 0 0 0
21.7841 7 1 3 2 1 2 3 1 2 0 0 0 0
24.0859 6 1 3 1 1 2 3 2 2 0 0 0 0
26.0901 5 0 3 1 1 3 3 2 2 0 0 0 0
26.2289 6 0 3 1 1 2 2 2 2 1 0 0 0
29.9342 7 0 3 1 1 1 1 2 2 2 0 0 0
45.1277 6 0 2 1 1 1 2 2 2 2 0 0 0
52.1378 5 0 2 0 1 1 2 3 2 2 0 0 0
76.823 4 0 1 0 1 1 3 3 2 2 0 0 0
80.9932 3 0 0 0 1 1 4 3 2 2 0 0 0
87.6054 4 0 0 0 1 1 4 2 1 2 1 0 0
96.4092 5 0 0 0 1 0 3 2 1 3 1 0 0
115.406 6 0 0 0 1 0 3 1 0 3 2 0 0
137.138 5 0 0 0 0 0 3 1 1 3 2 0 0
264.615 6 0 0 0 0 0 3 1 1 2 1 1 0
291.008 8 0 0 0 0 0 2 1 1 2 1 0 1
398.784 9 0 0 0 0 0 2 1 1 1 0 1 1
408.854 11 0 0 0 0 0 1 1 1 1 0 0 2
665.36 12 0 0 0 0 0 1 0 0 1 1 0 2
698.999 13 0 0 0 0 0 1 0 0 0 0 1 2
1073.42 15 0 0 0 0 0 0 0 0 0 0 0 3
1073.42 15 0 0 0 0 0 0 0 0 0 0 0 3
