0 15 3 6 3 3 0 0 0 0 0 0 0 0
2.71465 14 2 6 3 3 1 0 0 0 0 0 0 0
4.8455 13 2 5 3 3 1 1 0 0 0 0 0 0
5.86555 12 2 5 3 2 1 1 0 1 0 0 0 0
9.46833 11 2 5 3 1 1 1 0 2 0 0 0 0
10.1322 10 2 5 2 1 1 1 1 2 0 0 0 0
10.215 9 1 5 2 1 2 1 1 2 0 0 0 0
10.608 8 1 5 1 1 2 1 2 2 0 0 0 0
11.8696 7 1 5 1 0 2 1 2 3 0 0 0 0
12.169 6 1 4 1 0 2 2 2 3 0 0 0 0
22.5207 5 1 3 1 0 2 3 2 3 0 0 0 0
27.8462 4 0 3 1 0 3 3 2 3 0 0 0 0
33.7023 3 0 3 0 0 3 3 3 3 0 0 0 0
34.8705 2 0 2 0 0 3 4 3 3 0 0 0 0
41.015 3 0 2 0 0 3 4 2 2 0 1 0 0
55.7915 4 0 2 0 0 3 4 1 1 0 2 0 0
61.1736 3 0 1 0 0 3 5 1 1 0 2 0 0
81.5246 4 0 1 0 0 2 4 1 1 1 2 0 0
89.0214 5 0 1 0 0 1 3 1 1 2 2 0 0
97.3909 6 0 1 0 0 1 3 1 1 1 1 1 0
107.988 5 0 0 0 0 1 4 1 1 1 1 1 0
126.354 6 0 0 0 0 1 4 0 0 1 2 1 0
142.067 7 0 0 0 0 0 3 0 0 2 2 1 0
178.791 8 0 0 0 0 0 3 0 0 1 1 2 0
257.463 9 0 0 0 0 0 3 0 0 0 0 3 0
264.941 11 0 0 0 0 0 2 0 0 0 0 2 1
310.957 13 0 0 0 0 0 1 0 0 0 0 1 2
605.812 15 0 0 0 0 0 0 0 0 0 0 0 3
605.812 15 0 0 0 0 0 0 0 0 0 0 0 3
