0 15 3 6 3 3 0 0 0 0 0 0 0 0
1.52845 14 3 5 3 3 0 1 0 0 0 0 0 0
4.17729 13 3 5 3 2 0 1 0 1 0 0 0 0
5.34793 12 2 5 3 2 1 1 0 1 0 0 0 0
6.95665 11 2 4 3 2 1 2 0 1 0 0 0 0
9.45508 10 2 4 2 2 1 2 1 1 0 0 0 0
11.1824 9 2 3 2 2 1 3 1 1 0 0 0 0
14.9737 8 2 3 2 1 1 3 1 2 0 0 0 0
16.6752 7 2 3 1 1 1 3 2 2 0 0 0 0
18.8152 8 2 3 1 1 1 3 1 1 0 1 0 0
18.9298 7 1 3 1 1 2 3 1 1 0 1 0 0
25.1472 6 1 2 1 1 2 4 1 1 0 1 0 0
25.9565 7 1 2 1 1 1 3 1 1 1 1 0 0
33.6287 6 1 2 1 0 1 3 1 2 1 1 0 0
33.7643 5 1 2 0 0 1 3 2 2 1 1 0 0
46.8622 4 1 1 0 0 1 4 2 2 1 1 0 0
51.828 5 1 1 0 0 0 3 2 2 2 1 0 0
56.2632 6 1 1 0 0 0 3 1 1 2 2 0 0
67.2436 5 0 1 0 0 1 3 1 1 2 2 0 0
70.9405 6 0 1 0 0 1 3 1 1 1 1 1 0
79.4632 5 0 0 0 0 1 4 1 1 1 1 1 0
95.0706 6 0 0 0 0 0 3 1 1 2 1 1 0
121.392 8 0 0 0 0 0 2 1 1 2 1 0 1
126.414 9 0 0 0 0 0 2 1 1 1 0 1 1
208.086 11 0 0 0 0 0 1 1 1 1 0 0 2
223.425 12 0 0 0 0 0 1 0 0 1 1 0 2
279.099 13 0 0 0 0 0 1 0 0 0 0 1 2
425.97 15 0 0 0 0 0 0 0 0 0 0 0 3
425.97 15 0 0 0 0 0 0 0 0 0 0 0 3
