0 15 3 6 3 3 0 0 0 0 0 0 0 0
0.123146 14 3 6 3 2 0 0 0 1 0 0 0 0
1.15431 13 3 6 2 2 0 0 1 1 0 0 0 0
1.5469 12 2 6 2 2 1 0 1 1 0 0 0 0
2.80839 11 2 6 1 2 1 0 2 1 0 0 0 0
10.7673 10 2 5 1 2 1 1 2 1 0 0 0 0
11.3626 9 2 5 0 2 1 1 3 1 0 0 0 0
11.9736 8 2 4 0 2 1 2 3 1 0 0 0 0
19.1547 7 2 4 0 1 1 2 3 2 0 0 0 0
26.0837 6 2 4 0 0 1 2 3 3 0 0 0 0
26.1078 5 2 3 0 0 1 3 3 3 0 0 0 0
26.6618 4 2 2 0 0 1 4 3 3 0 0 0 0
43.5757 3 2 1 0 0 1 5 3 3 0 0 0 0
44.0146 4 2 1 0 0 1 5 2 2 0 1 0 0
49.2192 5 2 1 0 0 1 5 1 1 0 2 0 0
61.359 6 2 1 0 0 0 4 1 1 1 2 0 0
64.2554 5 1 1 0 0 1 4 1 1 1 2 0 0
69.0188 4 0 1 0 0 2 4 1 1 1 2 0 0
70.2821 5 0 1 0 0 1 3 1 1 2 2 0 0
83.9104 6 0 1 0 0 0 2 1 1 3 2 0 0
111.051 7 0 1 0 0 0 2 0 0 3 3 0 0
111.394 8 0 1 0 0 0 2 0 0 2 2 1 0
142.155 9 0 1 0 0 0 2 0 0 1 1 2 0
149.745 8 0 0 0 0 0 3 0 0 1 1 2 0
159.072 10 0 0 0 0 0 2 0 0 1 1 1 1
162.738 12 0 0 0 0 0 1 0 0 1 1 0 2
715.761 13 0 0 0 0 0 1 0 0 0 0 1 2
996.667 15 0 0 0 0 0 0 0 0 0 0 0 3
996.667 15 0 0 0 0 0 0 0 0 0 0 0 3
