0 15 3 6 3 3 0 0 0 0 0 0 0 0
0.388802 14 3 5 3 3 0 1 0 0 0 0 0 0
0.509716 13 3 5 2 3 0 1 1 0 0 0 0 0
2.02431 12 3 5 1 3 0 1 2 0 0 0 0 0
5.37493 11 3 5 1 2 0 1 2 1 0 0 0 0
11.2012 10 2 5 1 2 1 1 2 1 0 0 0 0
16.2424 9 2 4 1 2 1 2 2 1 0 0 0 0
17.923 8 2 3 1 2 1 3 2 1 0 0 0 0
18.449 7 2 3 0 2 1 3 3 1 0 0 0 0
21.2399 6 1 3 0 2 2 3 3 1 0 0 0 0
29.8788 7 1 3 0 2 1 2 3 1 1 0 0 0
37.7044 6 1 2 0 2 1 3 3 1 1 0 0 0
48.1227 7 1 2 0 2 0 2 3 1 2 0 0 0
56.0976 6 1 2 0 1 0 2 3 2 2 0 0 0
67.0295 7 1 2 0 1 0 2 2 1 2 1 0 0
70.5887 6 0 2 0 1 1 2 2 1 2 1 0 0
75.4304 5 0 1 0 1 1 3 2 1 2 1 0 0
82.0212 6 0 1 0 1 0 2 2 1 3 1 0 0
82.1159 7 0 1 0 1 0 2 2 1 2 0 1 0
99.1551 6 0 0 0 1 0 3 2 1 2 0 1 0
101.861 5 0 0 0 0 0 3 2 2 2 0 1 0
129.181 7 0 0 0 0 0 2 2 2 2 0 0 1
151.561 8 0 0 0 0 0 2 1 1 2 1 0 1
187.831 9 0 0 0 0 0 2 1 1 1 0 1 1
226.748 10 0 0 0 0 0 2 0 0 1 1 1 1
249.165 12 0 0 0 0 0 1 0 0 1 1 0 2
290.678 13 0 0 0 0 0 1 0 0 0 0 1 2
571.339 15 0 0 0 0 0 0 0 0 0 0 0 3
571.339 15 0 0 0 0 0 0 0 0 0 0 0 3
