0 15 3 6 3 3 0 0 0 0 0 0 0 0
2.65458 14 3 6 2 3 0 0 1 0 0 0 0 0
3.30346 13 3 5 2 3 0 1 1 0 0 0 0 0
7.59952 12 3 5 2 2 0 1 1 1 0 0 0 0
8.49289 11 2 5 2 2 1 1 1 1 0 0 0 0
8.52519 10 2 5 2 1 1 1 1 2 0 0 0 0
14.1927 9 2 5 1 1 1 1 2 2 0 0 0 0
15.7863 8 2 4 1 1 1 2 2 2 0 0 0 0
19.1907 7 1 4 1 1 2 2 2 2 0 0 0 0
21.4756 6 1 3 1 1 2 3 2 2 0 0 0 0
21.7524 5 1 2 1 1 2 4 2 2 0 0 0 0
40.6927 6 1 2 1 1 1 3 2 2 1 0 0 0
45.9755 5 1 2 0 1 1 3 3 2 1 0 0 0
47.0192 4 1 1 0 1 1 4 3 2 1 0 0 0
73.2871 5 1 1 0 1 1 4 2 1 1 1 0 0
84.5531 6 1 1 0 1 1 4 2 1 0 0 1 0
88.9364 5 1 1 0 0 1 4 2 2 0 0 1 0
93.7899 4 0 1 0 0 2 4 2 2 0 0 1 0
128.83 5 0 1 0 0 2 4 1 1 0 1 1 0
153.238 6 0 1 0 0 1 3 1 1 1 1 1 0
158.814 5 0 0 0 0 1 4 1 1 1 1 1 0
167.724 7 0 0 0 0 1 3 1 1 1 1 0 1
175.025 8 0 0 0 0 0 2 1 1 2 1 0 1
237.376 9 0 0 0 0 0 2 0 0 2 2 0 1
298.137 10 0 0 0 0 0 2 0 0 1 1 1 1
319.619 11 0 0 0 0 0 2 0 0 0 0 2 1
538.606 13 0 0 0 0 0 1 0 0 0 0 1 2
545.035 15 0 0 0 0 0 0 0 0 0 0 0 3
545.035 15 0 0 0 0 0 0 0 0 0 0 0 3
