0 15 3 6 3 3 0 0 0 0 0 0 0 0
1.00098 14 2 6 3 3 1 0 0 0 0 0 0 0
1.45871 13 2 6 3 2 1 0 0 1 0 0 0 0
3.78362 12 2 5 3 2 1 1 0 1 0 0 0 0
5.13021 11 2 5 2 2 1 1 1 1 0 0 0 0
5.82445 10 1 5 2 2 2 1 1 1 0 0 0 0
11.4107 9 1 4 2 2 2 2 1 1 0 0 0 0
16.1221 8 1 4 1 2 2 2 2 1 0 0 0 0
24.7606 7 1 3 1 2 2 3 2 1 0 0 0 0
26.3499 6 1 2 1 2 2 4 2 1 0 0 0 0
35.4302 7 1 2 1 2 1 3 2 1 1 0 0 0
38.9273 6 1 2 1 1 1 3 2 2 1 0 0 0
41.9906 5 1 2 0 1 1 3 3 2 1 0 0 0
43.4809 4 1 2 0 0 1 3 3 3 1 0 0 0
61.9458 5 1 2 0 0 1 3 2 2 1 1 0 0
69.098 6 1 2 0 0 1 3 1 1 1 2 0 0
83.4027 7 1 2 0 0 1 3 0 0 1 3 0 0
84.4866 8 1 2 0 0 1 3 0 0 0 2 1 0
86.2614 7 0 2 0 0 2 3 0 0 0 2 1 0
92.7304 6 0 1 0 0 2 4 0 0 0 2 1 0
95.9653 5 0 0 0 0 2 5 0 0 0 2 1 0
105.94 7 0 0 0 0 2 4 0 0 0 2 0 1
126.12 8 0 0 0 0 1 3 0 0 1 2 0 1
151.821 9 0 0 0 0 0 2 0 0 2 2 0 1
304.321 10 0 0 0 0 0 2 0 0 1 1 1 1
313.127 11 0 0 0 0 0 2 0 0 0 0 2 1
316.653 13 0 0 0 0 0 1 0 0 0 0 1 2
358.252 15 0 0 0 0 0 0 0 0 0 0 0 3
358.252 15 0 0 0 0 0 0 0 0 0 0 0 3
