0 15 3 6 3 3 0 0 0 0 0 0 0 0
0.722718 14 3 5 3 3 0 1 0 0 0 0 0 0
1.3246 13 3 4 3 3 0 2 0 0 0 0 0 0
2.64625 12 3 4 3 2 0 2 0 1 0 0 0 0
2.87474 11 3 4 3 1 0 2 0 2 0 0 0 0
3.75757 10 3 4 2 1 0 2 1 2 0 0 0 0
4.43386 9 3 3 2 1 0 3 1 2 0 0 0 0
11.8665 8 2 3 2 1 1 3 1 2 0 0 0 0
12.2457 7 2 2 2 1 1 4 1 2 0 0 0 0
13.482 6 2 2 2 0 1 4 1 3 0 0 0 0
15.2464 5 2 2 1 0 1 4 2 3 0 0 0 0
18.6294 4 2 1 1 0 1 5 2 3 0 0 0 0
43.5818 3 2 0 1 0 1 6 2 3 0 0 0 0
58.844 4 2 0 1 0 1 6 1 2 0 1 0 0
77.556 5 2 0 1 0 0 5 1 2 1 1 0 0
78.6808 6 2 0 1 0 0 5 0 1 1 2 0 0
83.8864 5 1 0 1 0 1 5 0 1 1 2 0 0
105.979 4 1 0 0 0 1 5 1 1 1 2 0 0
109.445 5 1 0 0 0 0 4 1 1 2 2 0 0
161.194 6 1 0 0 0 0 4 1 1 1 1 1 0
175.662 8 1 0 0 0 0 3 1 1 1 1 0 1
196.845 7 0 0 0 0 1 3 1 1 1 1 0 1
227.057 8 0 0 0 0 0 2 1 1 2 1 0 1
313.341 9 0 0 0 0 0 2 0 0 2 2 0 1
315.549 10 0 0 0 0 0 2 0 0 1 1 1 1
479.937 12 0 0 0 0 0 1 0 0 1 1 0 2
578.373 13 0 0 0 0 0 1 0 0 0 0 1 2
582.72 15 0 0 0 0 0 0 0 0 0 0 0 3
582.72 15 0 0 0 0 0 0 0 0 0 0 0 3
