0 15 3 6 3 3 0 0 0 0 0 0 0 0
1.61928 14 3 5 3 3 0 1 0 0 0 0 0 0
1.63838 13 3 4 3 3 0 2 0 0 0 0 0 0
3.37748 12 2 4 3 3 1 2 0 0 0 0 0 0
4.87376 11 2 3 3 3 1 3 0 0 0 0 0 0
6.24883 10 2 3 2 3 1 3 1 0 0 0 0 0
8.16169 9 1 3 2 3 2 3 1 0 0 0 0 0
8.91552 8 1 3 2 2 2 3 1 1 0 0 0 0
10.1354 9 1 3 2 2 1 2 1 1 1 0 0 0
11.0029 8 0 3 2 2 2 2 1 1 1 0 0 0
13.4901 9 0 3 2 2 1 1 1 1 2 0 0 0
21.999 8 0 2 2 2 1 2 1 1 2 0 0 0
39.172 7 0 2 1 2 1 2 2 1 2 0 0 0
46.5385 6 0 2 0 2 1 2 3 1 2 0 0 0
51.2974 5 0 1 0 2 1 3 3 1 2 0 0 0
52.4441 4 0 1 0 1 1 3 3 2 2 0 0 0
61.4021 3 0 0 0 1 1 4 3 2 2 0 0 0
65.9039 4 0 0 0 1 0 3 3 2 3 0 0 0
79.5097 3 0 0 0 0 0 3 3 3 3 0 0 0
90.4896 4 0 0 0 0 0 3 2 2 3 1 0 0
121.351 5 0 0 0 0 0 3 1 1 3 2 0 0
147.093 6 0 0 0 0 0 3 1 1 2 1 1 0
204.397 7 0 0 0 0 0 3 0 0 2 2 1 0
222.823 9 0 0 0 0 0 2 0 0 2 2 0 1
349.288 10 0 0 0 0 0 2 0 0 1 1 1 1
356.454 12 0 0 0 0 0 1 0 0 1 1 0 2
632.457 13 0 0 0 0 0 1 0 0 0 0 1 2
681.045 15 0 0 0 0 0 0 0 0 0 0 0 3
681.045 15 0 0 0 0 0 0 0 0 0 0 0 3
