0 15 3 6 3 3 0 0 0 0 0 0 0 0
1.772 14 2 6 3 3 1 0 0 0 0 0 0 0
2.22056 13 2 5 3 3 1 1 0 0 0 0 0 0
3.53517 12 2 5 3 2 1 1 0 1 0 0 0 0
5.73466 11 2 4 3 2 1 2 0 1 0 0 0 0
6.1122 10 2 4 2 2 1 2 1 1 0 0 0 0
7.65958 9 2 3 2 2 1 3 1 1 0 0 0 0
9.18472 8 2 3 1 2 1 3 2 1 0 0 0 0
9.20271 7 2 3 1 1 1 3 2 2 0 0 0 0
29.2192 6 2 2 1 1 1 4 2 2 0 0 0 0
35.3159 5 2 1 1 1 1 5 2 2 0 0 0 0
42.7086 4 2 1 1 0 1 5 2 3 0 0 0 0
53.2473 5 2 1 1 0 1 5 1 2 0 1 0 0
64.3025 6 2 1 1 0 0 4 1 2 1 1 0 0
67.6538 5 2 0 1 0 0 5 1 2 1 1 0 0
69.669 4 2 0 0 0 0 5 2 2 1 1 0 0
78.6448 3 1 0 0 0 1 5 2 2 1 1 0 0
79.9173 4 1 0 0 0 0 4 2 2 2 1 0 0
91.3286 5 1 0 0 0 0 4 1 1 2 2 0 0
121.001 6 1 0 0 0 0 4 1 1 1 1 1 0
125.882 5 0 0 0 0 1 4 1 1 1 1 1 0
140.36 6 0 0 0 0 0 3 1 1 2 1 1 0
158.724 8 0 0 0 0 0 2 1 1 2 1 0 1
165.795 9 0 0 0 0 0 2 1 1 1 0 1 1
183.395 11 0 0 0 0 0 1 1 1 1 0 0 2
206.354 12 0 0 0 0 0 1 0 0 1 1 0 2
523.027 13 0 0 0 0 0 1 0 0 0 0 1 2
608.245 15 0 0 0 0 0 0 0 0 0 0 0 3
608.245 15 0 0 0 0 0 0 0 0 0 0 0 3
