0 15 3 6 3 3 0 0 0 0 0 0 0 0
0.21988 14 3 6 2 3 0 0 1 0 0 0 0 0
1.79884 13 2 6 2 3 1 0 1 0 0 0 0 0
2.37021 12 1 6 2 3 2 0 1 0 0 0 0 0
5.38528 11 1 6 2 2 2 0 1 1 0 0 0 0
6.95846 10 1 5 2 2 2 1 1 1 0 0 0 0
8.07961 9 1 4 2 2 2 2 1 1 0 0 0 0
8.17105 8 1 4 1 2 2 2 2 1 0 0 0 0
8.41228 7 1 4 0 2 2 2 3 1 0 0 0 0
8.777 6 1 3 0 2 2 3 3 1 0 0 0 0
10.9553 5 1 2 0 2 2 4 3 1 0 0 0 0
12.4957 4 1 2 0 1 2 4 3 2 0 0 0 0
21.8006 5 1 2 0 1 2 4 2 1 0 1 0 0
24.9934 4 1 1 0 1 2 5 2 1 0 1 0 0
34.3538 3 1 0 0 1 2 6 2 1 0 1 0 0
44.2319 4 1 0 0 1 1 5 2 1 1 1 0 0
87.4016 3 0 0 0 1 2 5 2 1 1 1 0 0
111.022 4 0 0 0 1 1 4 2 1 2 1 0 0
137.543 5 0 0 0 1 1 4 1 0 2 2 0 0
152.304 6 0 0 0 1 0 3 1 0 3 2 0 0
157.29 7 0 0 0 1 0 3 1 0 2 1 1 0
167.841 6 0 0 0 0 0 3 1 1 2 1 1 0
198.245 8 0 0 0 0 0 2 1 1 2 1 0 1
431.159 9 0 0 0 0 0 2 0 0 2 2 0 1
521.112 10 0 0 0 0 0 2 0 0 1 1 1 1
538.896 12 0 0 0 0 0 1 0 0 1 1 0 2
743.429 13 0 0 0 0 0 1 0 0 0 0 1 2
1050.87 15 0 0 0 0 0 0 0 0 0 0 0 3
1050.87 15 0 0 0 0 0 0 0 0 0 0 0 3
