0 0 0 0 0 0 0 0 0 0 0 24 3 6 3 3 0 0 0 0
1.01765 1 0 0 0 0 0 0 0 0 0 23 2 6 3 3 0 0 0 0
1.65618 1 0 0 1 0 0 0 0 0 0 22 2 6 3 2 0 0 0 0
3.15477 1 0 0 2 0 0 0 0 0 0 21 2 6 3 1 0 0 0 0
4.15796 1 1 0 2 0 0 0 0 0 0 20 2 5 3 1 0 0 0 0
5.98748 1 2 0 2 0 0 0 0 0 0 19 2 4 3 1 0 0 0 0
12.3676 1 3 0 2 0 0 0 0 0 0 18 2 3 3 1 0 0 0 0
15.7503 1 4 0 2 0 0 0 0 0 0 17 2 2 3 1 0 0 0 0
24.0874 1 4 1 2 0 0 0 0 0 0 16 2 2 2 1 0 0 0 0
26.3457 1 4 1 3 0 0 0 0 0 0 15 2 2 2 0 0 0 0 0
28.5594 0 3 1 3 1 0 0 0 0 0 16 2 2 2 0 0 0 0 0
35.0604 1 3 1 3 1 0 0 0 0 0 15 1 2 2 0 0 0 0 0
36.7092 1 3 2 3 1 0 0 0 0 0 14 1 2 1 0 0 0 0 0
38.1873 1 2 2 3 0 0 0 1 0 0 15 1 2 1 0 0 0 0 0
38.8528 1 2 1 2 0 1 0 1 0 0 16 1 2 1 0 0 0 0 0
45.6084 1 2 2 2 0 1 0 1 0 0 15 1 2 0 0 0 0 0 0
60.7422 1 3 2 2 0 1 0 1 0 0 14 1 1 0 0 0 0 0 0
115.164 1 4 2 2 0 1 0 1 0 0 13 1 0 0 0 0 0 0 0
120.492 1 4 3 2 0 0 0 1 0 0 13 1 0 0 1 0 0 0 0
124.256 1 4 2 1 0 1 0 1 0 0 14 1 0 0 1 0 0 0 0
128.671 0 3 2 1 1 1 0 1 0 0 15 1 0 0 1 0 0 0 0
133.379 1 3 2 1 1 1 0 1 0 0 14 0 0 0 1 0 0 0 0
137.832 1 3 2 2 1 1 0 1 0 0 13 0 0 0 0 0 0 0 0
159.297 2 3 2 2 0 1 0 1 0 0 13 0 1 0 0 0 0 0 0
166.711 2 4 2 2 0 1 0 1 0 0 12 0 0 0 0 0 0 0 0
175.332 1 3 2 2 1 1 0 1 0 0 13 0 0 0 0 0 0 0 0
178.559 1 3 3 2 1 0 0 1 0 0 13 0 0 0 1 0 0 0 0
186.295 2 3 3 2 0 0 0 1 0 0 13 0 1 0 1 0 0 0 0
191.474 2 3 2 1 0 1 0 1 0 0 14 0 1 0 1 0 0 0 0
194.849 2 4 2 1 0 1 0 1 0 0 13 0 0 0 1 0 0 0 0
209.599 1 3 2 1 1 1 0 1 0 0 14 0 0 0 1 0 0 0 0
219.4 2 3 2 1 0 1 0 1 0 0 14 0 1 0 1 0 0 0 0
221.892 2 3 2 1 1 1 0 0 0 0 14 0 2 0 1 0 0 0 0
232.625 2 4 2 1 1 1 0 0 0 0 13 0 1 0 1 0 0 0 0
234.495 2 4 2 2 1 1 0 0 0 0 12 0 1 0 0 0 0 0 0
238.076 2 3 2 2 0 1 0 1 0 0 13 0 1 0 0 0 0 0 0
238.29 2 3 1 1 0 2 0 1 0 0 14 0 1 0 0 0 0 0 0
262.1 2 3 1 1 1 2 0 0 0 0 14 0 2 0 0 0 0 0 0
279.33 3 3 1 1 0 2 0 0 0 0 14 0 3 0 0 0 0 0 0
286.722 3 4 1 1 0 2 0 0 0 0 13 0 2 0 0 0 0 0 0
306.373 3 5 1 1 0 2 0 0 0 0 12 0 1 0 0 0 0 0 0
308.535 3 6 1 1 0 2 0 0 0 0 11 0 0 0 0 0 0 0 0
312.061 2 5 1 1 1 2 0 0 0 0 12 0 0 0 0 0 0 0 0
322.499 1 4 1 1 2 2 0 0 0 0 13 0 0 0 0 0 0 0 0
328.257 0 3 1 1 3 2 0 0 0 0 14 0 0 0 0 0 0 0 0
329.929 1 3 1 1 2 2 0 0 0 0 14 0 1 0 0 0 0 0 0
348.496 1 2 1 1 1 2 0 1 0 0 15 0 1 0 0 0 0 0 0
360.542 1 3 1 1 1 2 0 1 0 0 14 0 0 0 0 0 0 0 0
367.187 2 3 1 1 0 2 0 1 0 0 14 0 1 0 0 0 0 0 0
381.314 2 3 2 1 0 1 0 1 0 0 14 0 1 0 1 0 0 0 0
390.925 2 3 2 2 0 1 0 1 0 0 13 0 1 0 0 0 0 0 0
393.493 2 3 1 1 0 2 0 1 0 0 14 0 1 0 0 0 0 0 0
410.401 2 4 1 1 0 2 0 1 0 0 13 0 0 0 0 0 0 0 0
410.865 1 3 1 1 1 2 0 1 0 0 14 0 0 0 0 0 0 0 0
426.873 1 2 1 1 0 2 0 2 0 0 15 0 0 0 0 0 0 0 0
426.91 1 2 1 1 0 1 0 1 0 1 16 0 0 0 0 0 0 0 0
467.989 1 2 1 1 1 1 0 0 0 1 16 0 1 0 0 0 0 0 0
483.176 0 1 1 1 2 1 0 0 0 1 17 0 1 0 0 0 0 0 0
505.098 0 2 1 1 2 1 0 0 0 1 16 0 0 0 0 0 0 0 0
519.07 1 2 1 1 1 1 0 0 0 1 16 0 1 0 0 0 0 0 0
522.057 1 1 1 1 0 1 0 1 0 1 17 0 1 0 0 0 0 0 0
531.835 1 2 1 1 0 1 0 1 0 1 16 0 0 0 0 0 0 0 0
559.51 1 2 1 1 1 1 0 0 0 1 16 0 1 0 0 0 0 0 0
563.057 0 1 1 1 2 1 0 0 0 1 17 0 1 0 0 0 0 0 0
575.521 0 1 1 1 1 0 1 0 0 1 18 0 1 0 0 0 0 0 0
587.591 0 2 1 1 1 0 1 0 0 1 17 0 0 0 0 0 0 0 0
666.657 0 1 1 1 1 0 0 0 1 1 18 0 0 0 0 0 0 0 0
666.842 1 1 1 1 0 0 0 0 1 1 18 0 1 0 0 0 0 0 0
703.094 1 2 1 1 0 0 0 0 1 1 17 0 0 0 0 0 0 0 0
745.676 0 1 1 1 1 0 0 0 1 1 18 0 0 0 0 0 0 0 0
792.595 1 1 1 1 0 0 0 0 1 1 18 0 1 0 0 0 0 0 0
795.407 1 2 1 1 0 0 0 0 1 1 17 0 0 0 0 0 0 0 0
870.457 0 1 1 1 1 0 0 0 1 1 18 0 0 0 0 0 0 0 0
887.498 1 1 1 1 0 0 0 0 1 1 18 0 1 0 0 0 0 0 0
890.456 0 0 1 1 1 0 0 0 1 1 19 0 1 0 0 0 0 0 0
912.274 0 1 1 1 1 0 0 0 1 1 18 0 0 0 0 0 0 0 0
962.898 1 1 1 1 0 0 0 0 1 1 18 0 1 0 0 0 0 0 0
975.753 1 2 1 1 0 0 0 0 1 1 17 0 0 0 0 0 0 0 0
1023.73 0 1 1 1 1 0 0 0 1 1 18 0 0 0 0 0 0 0 0
1035.3 1 1 1 1 0 0 0 0 1 1 18 0 1 0 0 0 0 0 0
1057.09 1 2 1 1 0 0 0 0 1 1 17 0 0 0 0 0 0 0 0
1112.59 0 1 1 1 1 0 0 0 1 1 18 0 0 0 0 0 0 0 0
1148.11 1 1 1 1 0 0 0 0 1 1 18 0 1 0 0 0 0 0 0
1155.69 1 2 1 1 0 0 0 0 1 1 17 0 0 0 0 0 0 0 0
1217.68 0 1 1 1 1 0 0 0 1 1 18 0 0 0 0 0 0 0 0
1327.3 1 1 1 1 0 0 0 0 1 1 18 0 1 0 0 0 0 0 0
1327.95 1 2 1 1 0 0 0 0 1 1 17 0 0 0 0 0 0 0 0
1413.24 0 1 1 1 1 0 0 0 1 1 18 0 0 0 0 0 0 0 0
1498.46 0 1 0 0 1 1 0 0 1 1 19 0 0 0 0 0 0 0 0
1498.8 0 1 0 0 1 1 1 0 0 1 19 0 1 0 0 0 0 0 0
1528.18 1 1 0 0 0 1 1 0 0 1 19 0 2 0 0 0 0 0 0
1532.58 1 2 0 0 0 1 1 0 0 1 18 0 1 0 0 0 0 0 0
1603.55 1 1 0 0 0 1 0 0 1 1 19 0 1 0 0 0 0 0 0
1653.44 1 2 0 0 0 1 0 0 1 1 18 0 0 0 0 0 0 0 0
1700.99 1 2 1 0 0 0 0 0 1 1 18 0 0 0 1 0 0 0 0
1715.38 1 2 1 1 0 0 0 0 1 1 17 0 0 0 0 0 0 0 0
1717.67 0 1 1 1 1 0 0 0 1 1 18 0 0 0 0 0 0 0 0
1769.8 1 1 1 1 0 0 0 0 1 1 18 0 1 0 0 0 0 0 0
1780.28 1 2 1 1 0 0 0 0 1 1 17 0 0 0 0 0 0 0 0
1784.27 0 1 1 1 1 0 0 0 1 1 18 0 0 0 0 0 0 0 0
1831.14 0 1 0 0 1 1 0 0 1 1 19 0 0 0 0 0 0 0 0
1832.9 1 1 0 0 0 1 0 0 1 1 19 0 1 0 0 0 0 0 0
1833.8 1 2 0 0 0 1 0 0 1 1 18 0 0 0 0 0 0 0 0
1858.71 0 1 0 0 1 1 0 0 1 1 19 0 0 0 0 0 0 0 0
1886.92 1 1 0 0 0 1 0 0 1 1 19 0 1 0 0 0 0 0 0
1944.85 1 2 0 0 0 1 0 0 1 1 18 0 0 0 0 0 0 0 0
1951.18 1 2 1 0 0 0 0 0 1 1 18 0 0 0 1 0 0 0 0
1954.61 1 2 1 1 0 0 0 0 1 1 17 0 0 0 0 0 0 0 0
1967.26 1 2 1 1 0 0 1 0 0 1 17 0 1 0 0 0 0 0 0
1978.33 1 3 1 1 0 0 1 0 0 1 16 0 0 0 0 0 0 0 0
1990.12 0 2 1 1 1 0 1 0 0 1 17 0 0 0 0 0 0 0 0
2030.83 1 2 1 1 0 0 1 0 0 1 17 0 1 0 0 0 0 0 0
2070.52 1 3 1 1 0 0 1 0 0 1 16 0 0 0 0 0 0 0 0
2164.36 1 2 1 1 0 0 0 0 1 1 17 0 0 0 0 0 0 0 0
2242.37 0 1 1 1 1 0 0 0 1 1 18 0 0 0 0 0 0 0 0
2248.93 1 1 1 1 0 0 0 0 1 1 18 0 1 0 0 0 0 0 0
2309 1 2 1 1 0 0 0 0 1 1 17 0 0 0 0 0 0 0 0
2881.87 0 1 1 1 1 0 0 0 1 1 18 0 0 0 0 0 0 0 0
2959.62 1 1 1 1 0 0 0 0 1 1 18 0 1 0 0 0 0 0 0
3014.38 1 2 1 1 0 0 0 0 1 1 17 0 0 0 0 0 0 0 0
3108.51 0 1 1 1 1 0 0 0 1 1 18 0 0 0 0 0 0 0 0
3269.1 1 1 1 1 0 0 0 0 1 1 18 0 1 0 0 0 0 0 0
3273.65 1 2 1 1 0 0 0 0 1 1 17 0 0 0 0 0 0 0 0
3426.41 1 2 0 0 0 1 0 0 1 1 18 0 0 0 0 0 0 0 0
3442.28 1 2 1 0 0 0 0 0 1 1 18 0 0 0 1 0 0 0 0
3508 1 2 1 1 0 0 0 0 1 1 17 0 0 0 0 0 0 0 0
3532.82 0 1 1 1 1 0 0 0 1 1 18 0 0 0 0 0 0 0 0
3589.97 1 1 1 1 0 0 0 0 1 1 18 0 1 0 0 0 0 0 0
3596.57 1 2 1 1 0 0 0 0 1 1 17 0 0 0 0 0 0 0 0
3646.72 0 1 1 1 1 0 0 0 1 1 18 0 0 0 0 0 0 0 0
3686.82 1 1 1 1 0 0 0 0 1 1 18 0 1 0 0 0 0 0 0
3688.98 1 2 1 1 0 0 0 0 1 1 17 0 0 0 0 0 0 0 0
3832.08 1 2 1 1 0 0 1 0 0 1 17 0 1 0 0 0 0 0 0
3846.91 1 3 1 1 0 0 1 0 0 1 16 0 0 0 0 0 0 0 0
3866.49 1 2 1 1 0 0 0 0 1 1 17 0 0 0 0 0 0 0 0
3878.42 1 2 1 1 0 0 1 0 0 1 17 0 1 0 0 0 0 0 0
3886.57 1 3 1 1 0 0 1 0 0 1 16 0 0 0 0 0 0 0 0
3940.66 1 3 0 0 0 1 1 0 0 1 17 0 0 0 0 0 0 0 0
3949.42 1 2 0 0 0 1 0 0 1 1 18 0 0 0 0 0 0 0 0
3949.42 1 2 0 0 0 1 0 0 1 1 18 0 0 0 0 0 0 0 0
