0 0 0 0 0 0 0 0 0 0 0 24 3 6 3 3 0 0 0 0
0.242344 0 0 1 0 0 0 0 0 0 0 23 3 6 2 3 0 0 0 0
2.70946 0 1 1 0 0 0 0 0 0 0 22 3 5 2 3 0 0 0 0
5.05164 0 2 1 0 0 0 0 0 0 0 21 3 4 2 3 0 0 0 0
6.90268 0 3 1 0 0 0 0 0 0 0 20 3 3 2 3 0 0 0 0
8.04907 0 4 1 0 0 0 0 0 0 0 19 3 2 2 3 0 0 0 0
13.4541 1 4 1 0 0 0 0 0 0 0 18 2 2 2 3 0 0 0 0
13.519 1 4 1 1 0 0 0 0 0 0 17 2 2 2 2 0 0 0 0
13.8207 1 5 1 1 0 0 0 0 0 0 16 2 1 2 2 0 0 0 0
14.1273 2 5 1 1 0 0 0 0 0 0 15 1 1 2 2 0 0 0 0
16.9358 2 5 1 2 0 0 0 0 0 0 14 1 1 2 1 0 0 0 0
20.7805 1 4 1 2 1 0 0 0 0 0 15 1 1 2 1 0 0 0 0
36.2962 1 5 1 2 1 0 0 0 0 0 14 1 0 2 1 0 0 0 0
39.4359 2 5 1 2 1 0 0 0 0 0 13 0 0 2 1 0 0 0 0
45.0725 2 5 1 3 1 0 0 0 0 0 12 0 0 2 0 0 0 0 0
59.8726 2 5 2 3 1 0 0 0 0 0 11 0 0 1 0 0 0 0 0
63.5918 2 5 3 3 1 0 0 0 0 0 10 0 0 0 0 0 0 0 0
72.3007 3 5 3 3 0 0 0 0 0 0 10 0 1 0 0 0 0 0 0
82.7556 3 5 2 2 0 1 0 0 0 0 11 0 1 0 0 0 0 0 0
93.2163 3 5 3 2 0 0 0 0 0 0 11 0 1 0 1 0 0 0 0
110.036 3 5 3 3 0 0 0 0 0 0 10 0 1 0 0 0 0 0 0
129.076 2 4 3 3 1 0 0 0 0 0 11 0 1 0 0 0 0 0 0
150.16 1 3 3 3 2 0 0 0 0 0 12 0 1 0 0 0 0 0 0
162.411 0 2 3 3 3 0 0 0 0 0 13 0 1 0 0 0 0 0 0
167.453 0 2 2 2 3 1 0 0 0 0 14 0 1 0 0 0 0 0 0
180.213 0 2 1 1 3 2 0 0 0 0 15 0 1 0 0 0 0 0 0
197.458 0 2 2 1 3 1 0 0 0 0 15 0 1 0 1 0 0 0 0
210.598 0 1 2 1 2 1 0 1 0 0 16 0 1 0 1 0 0 0 0
223.294 0 2 2 1 2 1 0 1 0 0 15 0 0 0 1 0 0 0 0
229.24 0 2 3 1 2 0 0 1 0 0 15 0 0 0 2 0 0 0 0
232.535 0 2 3 2 2 0 0 1 0 0 14 0 0 0 1 0 0 0 0
246.201 1 2 3 2 1 0 0 1 0 0 14 0 1 0 1 0 0 0 0
249.891 1 3 3 2 1 0 0 1 0 0 13 0 0 0 1 0 0 0 0
269.491 1 3 3 3 1 0 0 1 0 0 12 0 0 0 0 0 0 0 0
283.629 1 2 3 3 0 0 0 2 0 0 13 0 0 0 0 0 0 0 0
289.882 1 2 2 2 0 1 0 2 0 0 14 0 0 0 0 0 0 0 0
303.378 1 2 2 2 1 1 0 1 0 0 14 0 1 0 0 0 0 0 0
306.471 1 2 2 2 2 1 0 0 0 0 14 0 2 0 0 0 0 0 0
306.499 1 3 2 2 2 1 0 0 0 0 13 0 1 0 0 0 0 0 0
310.695 2 3 2 2 1 1 0 0 0 0 13 0 2 0 0 0 0 0 0
326.843 2 4 2 2 1 1 0 0 0 0 12 0 1 0 0 0 0 0 0
332.459 1 3 2 2 2 1 0 0 0 0 13 0 1 0 0 0 0 0 0
339.089 2 3 2 2 1 1 0 0 0 0 13 0 2 0 0 0 0 0 0
347.58 2 4 2 2 1 1 0 0 0 0 12 0 1 0 0 0 0 0 0
357.101 2 5 2 2 1 1 0 0 0 0 11 0 0 0 0 0 0 0 0
376.258 1 4 2 2 2 1 0 0 0 0 12 0 0 0 0 0 0 0 0
383.062 1 3 2 2 1 1 0 1 0 0 13 0 0 0 0 0 0 0 0
398.472 1 3 1 1 1 2 0 1 0 0 14 0 0 0 0 0 0 0 0
430.108 2 3 1 1 0 2 0 1 0 0 14 0 1 0 0 0 0 0 0
452.606 2 3 2 1 0 1 0 1 0 0 14 0 1 0 1 0 0 0 0
486.595 2 3 2 2 0 1 0 1 0 0 13 0 1 0 0 0 0 0 0
487.527 2 3 3 2 0 0 0 1 0 0 13 0 1 0 1 0 0 0 0
490.516 2 4 3 2 0 0 0 1 0 0 12 0 0 0 1 0 0 0 0
517.025 2 4 3 3 0 0 0 1 0 0 11 0 0 0 0 0 0 0 0
523.98 2 4 2 2 0 1 0 1 0 0 12 0 0 0 0 0 0 0 0
548.141 2 4 3 2 0 0 0 1 0 0 12 0 0 0 1 0 0 0 0
556.234 2 4 3 3 0 0 0 1 0 0 11 0 0 0 0 0 0 0 0
556.396 2 4 3 3 1 0 0 0 0 0 11 0 1 0 0 0 0 0 0
563.322 2 4 2 2 1 1 0 0 0 0 12 0 1 0 0 0 0 0 0
568.308 2 5 2 2 1 1 0 0 0 0 11 0 0 0 0 0 0 0 0
587.715 3 5 2 2 0 1 0 0 0 0 11 0 1 0 0 0 0 0 0
589.417 3 5 3 2 0 0 0 0 0 0 11 0 1 0 1 0 0 0 0
603.606 2 4 3 2 1 0 0 0 0 0 12 0 1 0 1 0 0 0 0
604.91 2 4 2 1 1 1 0 0 0 0 13 0 1 0 1 0 0 0 0
608.031 2 4 2 2 1 1 0 0 0 0 12 0 1 0 0 0 0 0 0
611.174 2 4 3 2 1 0 0 0 0 0 12 0 1 0 1 0 0 0 0
612.34 2 5 3 2 1 0 0 0 0 0 11 0 0 0 1 0 0 0 0
626.571 2 4 3 2 0 0 0 1 0 0 12 0 0 0 1 0 0 0 0
640.94 2 4 2 1 0 1 0 1 0 0 13 0 0 0 1 0 0 0 0
655.018 2 4 2 2 0 1 0 1 0 0 12 0 0 0 0 0 0 0 0
702.485 2 4 1 1 0 2 0 1 0 0 13 0 0 0 0 0 0 0 0
707.765 2 4 1 1 0 1 0 0 0 1 14 0 0 0 0 0 0 0 0
735.612 2 4 0 0 0 2 0 0 0 1 15 0 0 0 0 0 0 0 0
749.688 2 4 1 0 0 1 0 0 0 1 15 0 0 0 1 0 0 0 0
794.836 1 3 1 0 1 1 0 0 0 1 16 0 0 0 1 0 0 0 0
799.617 1 2 1 0 0 1 0 1 0 1 17 0 0 0 1 0 0 0 0
800.691 1 2 1 1 0 1 0 1 0 1 16 0 0 0 0 0 0 0 0
803.228 0 1 1 1 1 1 0 1 0 1 17 0 0 0 0 0 0 0 0
810.34 0 1 2 1 1 0 0 1 0 1 17 0 0 0 1 0 0 0 0
822.23 0 1 2 1 2 0 0 0 0 1 17 0 1 0 1 0 0 0 0
824.317 1 1 2 1 1 0 0 0 0 1 17 0 2 0 1 0 0 0 0
842.613 1 2 2 1 1 0 0 0 0 1 16 0 1 0 1 0 0 0 0
844.963 2 2 2 1 0 0 0 0 0 1 16 0 2 0 1 0 0 0 0
856.856 1 1 2 1 1 0 0 0 0 1 17 0 2 0 1 0 0 0 0
860.167 1 2 2 1 1 0 0 0 0 1 16 0 1 0 1 0 0 0 0
888.366 1 2 2 2 1 0 0 0 0 1 15 0 1 0 0 0 0 0 0
917.046 1 3 2 2 1 0 0 0 0 1 14 0 0 0 0 0 0 0 0
943.596 1 2 2 2 0 0 0 1 0 1 15 0 0 0 0 0 0 0 0
967.999 1 2 2 2 1 0 0 0 0 1 15 0 1 0 0 0 0 0 0
983.503 2 2 2 2 0 0 0 0 0 1 15 0 2 0 0 0 0 0 0
983.683 2 3 2 2 0 0 0 0 0 1 14 0 1 0 0 0 0 0 0
987.679 2 4 2 2 0 0 0 0 0 1 13 0 0 0 0 0 0 0 0
1005.17 2 4 1 1 0 1 0 0 0 1 14 0 0 0 0 0 0 0 0
1089.85 1 3 1 1 1 1 0 0 0 1 15 0 0 0 0 0 0 0 0
1104.46 1 2 1 1 0 1 0 1 0 1 16 0 0 0 0 0 0 0 0
1121.57 1 2 0 0 0 2 0 1 0 1 17 0 0 0 0 0 0 0 0
1135.74 1 2 1 0 0 1 0 1 0 1 17 0 0 0 1 0 0 0 0
1137.67 1 2 1 0 1 1 0 0 0 1 17 0 1 0 1 0 0 0 0
1138.02 1 1 1 0 0 1 0 1 0 1 18 0 1 0 1 0 0 0 0
1145.71 1 2 1 0 0 1 0 1 0 1 17 0 0 0 1 0 0 0 0
1152.21 1 2 1 1 0 1 0 1 0 1 16 0 0 0 0 0 0 0 0
1196.15 1 2 1 1 1 1 0 0 0 1 16 0 1 0 0 0 0 0 0
1212.15 1 2 2 1 1 0 0 0 0 1 16 0 1 0 1 0 0 0 0
1225.33 1 2 2 2 1 0 0 0 0 1 15 0 1 0 0 0 0 0 0
1238.54 2 2 2 2 0 0 0 0 0 1 15 0 2 0 0 0 0 0 0
1250.96 2 3 2 2 0 0 0 0 0 1 14 0 1 0 0 0 0 0 0
1261.12 1 2 2 2 1 0 0 0 0 1 15 0 1 0 0 0 0 0 0
1278.49 0 1 2 2 2 0 0 0 0 1 16 0 1 0 0 0 0 0 0
1280.89 1 1 2 2 1 0 0 0 0 1 16 0 2 0 0 0 0 0 0
1293.53 2 1 2 2 0 0 0 0 0 1 16 0 3 0 0 0 0 0 0
1295.68 2 2 2 2 0 0 0 0 0 1 15 0 2 0 0 0 0 0 0
1302.59 2 3 2 2 0 0 0 0 0 1 14 0 1 0 0 0 0 0 0
1312.85 2 3 1 1 0 1 0 0 0 1 15 0 1 0 0 0 0 0 0
1318.18 2 4 1 1 0 1 0 0 0 1 14 0 0 0 0 0 0 0 0
1335.68 1 3 1 1 1 1 0 0 0 1 15 0 0 0 0 0 0 0 0
1389.47 0 2 1 1 2 1 0 0 0 1 16 0 0 0 0 0 0 0 0
1395.56 1 2 1 1 1 1 0 0 0 1 16 0 1 0 0 0 0 0 0
1396.11 1 3 1 1 1 1 0 0 0 1 15 0 0 0 0 0 0 0 0
1398.92 1 3 0 0 1 2 0 0 0 1 16 0 0 0 0 0 0 0 0
1404.44 1 3 0 0 0 1 1 0 0 1 17 0 0 0 0 0 0 0 0
1413.87 0 2 0 0 1 1 1 0 0 1 18 0 0 0 0 0 0 0 0
1426 0 1 0 0 0 1 1 1 0 1 19 0 0 0 0 0 0 0 0
1495.67 0 1 0 0 1 1 1 0 0 1 19 0 1 0 0 0 0 0 0
1510.05 0 2 0 0 1 1 1 0 0 1 18 0 0 0 0 0 0 0 0
1551.69 1 2 0 0 0 1 1 0 0 1 18 0 1 0 0 0 0 0 0
1574.53 1 3 0 0 0 1 1 0 0 1 17 0 0 0 0 0 0 0 0
1602.52 1 3 1 0 0 0 1 0 0 1 17 0 0 0 1 0 0 0 0
1624.19 1 3 1 1 0 0 1 0 0 1 16 0 0 0 0 0 0 0 0
1689.1 1 3 1 1 0 1 0 0 0 1 16 0 0 0 0 1 0 0 0
1704.21 1 3 1 1 1 1 0 0 0 1 15 0 0 0 0 0 0 0 0
1741.38 2 3 1 1 0 1 0 0 0 1 15 0 1 0 0 0 0 0 0
1743.17 2 4 1 1 0 1 0 0 0 1 14 0 0 0 0 0 0 0 0
1748.23 2 4 2 1 0 0 0 0 0 1 14 0 0 0 1 0 0 0 0
1752.24 2 4 2 2 0 0 0 0 0 1 13 0 0 0 0 0 0 0 0
1829.54 1 3 2 2 1 0 0 0 0 1 14 0 0 0 0 0 0 0 0
1831.01 2 3 2 2 0 0 0 0 0 1 14 0 1 0 0 0 0 0 0
1840.41 2 3 1 1 0 1 0 0 0 1 15 0 1 0 0 0 0 0 0
1881.54 2 4 1 1 0 1 0 0 0 1 14 0 0 0 0 0 0 0 0
1910.09 1 3 1 1 1 1 0 0 0 1 15 0 0 0 0 0 0 0 0
1918.54 2 3 1 1 0 1 0 0 0 1 15 0 1 0 0 0 0 0 0
1919.24 2 4 1 1 0 1 0 0 0 1 14 0 0 0 0 0 0 0 0
1942.74 1 3 1 1 1 1 0 0 0 1 15 0 0 0 0 0 0 0 0
1951.25 2 3 1 1 0 1 0 0 0 1 15 0 1 0 0 0 0 0 0
1968.98 2 4 1 1 0 1 0 0 0 1 14 0 0 0 0 0 0 0 0
1979.63 2 4 0 0 0 2 0 0 0 1 15 0 0 0 0 0 0 0 0
1994.75 2 4 1 0 0 1 0 0 0 1 15 0 0 0 1 0 0 0 0
2015.3 2 4 2 0 0 0 0 0 0 1 15 0 0 0 2 0 0 0 0
2019.91 1 3 2 0 1 0 0 0 0 1 16 0 0 0 2 0 0 0 0
2031.74 1 3 2 1 1 0 0 0 0 1 15 0 0 0 1 0 0 0 0
2034.93 2 3 2 1 0 0 0 0 0 1 15 0 1 0 1 0 0 0 0
2035.63 2 3 2 2 0 0 0 0 0 1 14 0 1 0 0 0 0 0 0
2067.96 2 3 1 1 0 1 0 0 0 1 15 0 1 0 0 0 0 0 0
2091.82 1 2 1 1 1 1 0 0 0 1 16 0 1 0 0 0 0 0 0
2112.46 1 3 1 1 1 1 0 0 0 1 15 0 0 0 0 0 0 0 0
2122.8 1 3 2 1 1 0 0 0 0 1 15 0 0 0 1 0 0 0 0
2156.33 2 3 2 1 0 0 0 0 0 1 15 0 1 0 1 0 0 0 0
2159.73 2 4 2 1 0 0 0 0 0 1 14 0 0 0 1 0 0 0 0
2160.88 1 3 2 1 1 0 0 0 0 1 15 0 0 0 1 0 0 0 0
2182.47 1 2 2 1 0 0 0 1 0 1 16 0 0 0 1 0 0 0 0
2209.28 1 2 2 2 0 0 0 1 0 1 15 0 0 0 0 0 0 0 0
2354.7 1 2 2 2 1 0 0 0 0 1 15 0 1 0 0 0 0 0 0
2359.35 1 1 2 2 0 0 0 1 0 1 16 0 1 0 0 0 0 0 0
2387.32 1 1 2 2 1 0 0 0 0 1 16 0 2 0 0 0 0 0 0
2396.85 1 2 2 2 1 0 0 0 0 1 15 0 1 0 0 0 0 0 0
2399.95 1 2 1 1 1 1 0 0 0 1 16 0 1 0 0 0 0 0 0
2402.79 1 3 1 1 1 1 0 0 0 1 15 0 0 0 0 0 0 0 0
2405.84 1 3 2 1 1 0 0 0 0 1 15 0 0 0 1 0 0 0 0
2425.83 0 2 2 1 2 0 0 0 0 1 16 0 0 0 1 0 0 0 0
2448.03 1 2 2 1 1 0 0 0 0 1 16 0 1 0 1 0 0 0 0
2452.01 1 2 2 2 1 0 0 0 0 1 15 0 1 0 0 0 0 0 0
2469.69 1 3 2 2 1 0 0 0 0 1 14 0 0 0 0 0 0 0 0
2495.43 2 3 2 2 0 0 0 0 0 1 14 0 1 0 0 0 0 0 0
2518.73 1 2 2 2 1 0 0 0 0 1 15 0 1 0 0 0 0 0 0
2531.57 2 2 2 2 0 0 0 0 0 1 15 0 2 0 0 0 0 0 0
2539.94 2 3 2 2 0 0 0 0 0 1 14 0 1 0 0 0 0 0 0
2559.35 2 3 1 1 0 1 0 0 0 1 15 0 1 0 0 0 0 0 0
2576.44 2 4 1 1 0 1 0 0 0 1 14 0 0 0 0 0 0 0 0
2584.22 1 3 1 1 1 1 0 0 0 1 15 0 0 0 0 0 0 0 0
2604.95 0 2 1 1 2 1 0 0 0 1 16 0 0 0 0 0 0 0 0
2605.11 0 1 1 1 1 1 0 1 0 1 17 0 0 0 0 0 0 0 0
2633.7 0 1 2 1 1 0 0 1 0 1 17 0 0 0 1 0 0 0 0
2635.61 0 0 2 1 0 0 0 2 0 1 18 0 0 0 1 0 0 0 0
2640.75 0 0 1 0 0 1 0 2 0 1 19 0 0 0 1 0 0 0 0
2663.02 0 0 1 1 0 1 0 2 0 1 18 0 0 0 0 0 0 0 0
2682.27 0 0 1 1 1 1 0 1 0 1 18 0 1 0 0 0 0 0 0
2688.69 0 1 1 1 1 1 0 1 0 1 17 0 0 0 0 0 0 0 0
2700.3 0 1 1 1 2 1 0 0 0 1 17 0 1 0 0 0 0 0 0
2703.32 0 2 1 1 2 1 0 0 0 1 16 0 0 0 0 0 0 0 0
2744.71 0 2 1 1 1 0 1 0 0 1 17 0 0 0 0 0 0 0 0
2783.69 1 2 1 1 0 0 1 0 0 1 17 0 1 0 0 0 0 0 0
2789.71 1 3 1 1 0 0 1 0 0 1 16 0 0 0 0 0 0 0 0
2954.64 0 2 1 1 1 0 1 0 0 1 17 0 0 0 0 0 0 0 0
2971.95 1 2 1 1 0 0 1 0 0 1 17 0 1 0 0 0 0 0 0
2981.67 1 3 1 1 0 0 1 0 0 1 16 0 0 0 0 0 0 0 0
2986.74 1 2 1 1 0 0 0 0 1 1 17 0 0 0 0 0 0 0 0
3416.19 0 1 1 1 1 0 0 0 1 1 18 0 0 0 0 0 0 0 0
3456.78 1 1 1 1 0 0 0 0 1 1 18 0 1 0 0 0 0 0 0
3487.45 0 0 1 1 1 0 0 0 1 1 19 0 1 0 0 0 0 0 0
3488.06 0 1 1 1 1 0 0 0 1 1 18 0 0 0 0 0 0 0 0
3491.34 1 1 1 1 0 0 0 0 1 1 18 0 1 0 0 0 0 0 0
3519.4 1 2 1 1 0 0 0 0 1 1 17 0 0 0 0 0 0 0 0
3664.52 1 2 0 0 0 1 0 0 1 1 18 0 0 0 0 0 0 0 0
3733.04 1 2 0 0 0 1 1 0 0 1 18 0 1 0 0 0 0 0 0
3739.93 1 3 0 0 0 1 1 0 0 1 17 0 0 0 0 0 0 0 0
3822.24 1 3 0 0 0 2 0 0 0 1 17 0 0 0 0 1 0 0 0
3822.95 1 3 0 0 1 2 0 0 0 1 16 0 0 0 0 0 0 0 0
3839 1 3 1 0 1 1 0 0 0 1 16 0 0 0 1 0 0 0 0
3841.15 1 3 1 1 1 1 0 0 0 1 15 0 0 0 0 0 0 0 0
3847.26 1 2 1 1 0 1 0 1 0 1 16 0 0 0 0 0 0 0 0
3855.28 1 2 2 1 0 0 0 1 0 1 16 0 0 0 1 0 0 0 0
3855.75 1 2 2 2 0 0 0 1 0 1 15 0 0 0 0 0 0 0 0
3866.35 1 2 1 1 0 1 0 1 0 1 16 0 0 0 0 0 0 0 0
3879.53 1 2 1 1 1 1 0 0 0 1 16 0 1 0 0 0 0 0 0
3891.31 1 3 1 1 1 1 0 0 0 1 15 0 0 0 0 0 0 0 0
3909.4 1 2 1 1 0 1 0 1 0 1 16 0 0 0 0 0 0 0 0
3988.51 1 2 2 1 0 0 0 1 0 1 16 0 0 0 1 0 0 0 0
3992.19 1 2 2 1 1 0 0 0 0 1 16 0 1 0 1 0 0 0 0
3998.45 1 1 2 1 0 0 0 1 0 1 17 0 1 0 1 0 0 0 0
3998.45 1 1 2 1 0 0 0 1 0 1 17 0 1 0 1 0 0 0 0
