0 0 0 0 0 0 0 0 0 0 0 24 3 6 3 3 0 0 0 0
1.77349 1 0 0 0 0 0 0 0 0 0 23 2 6 3 3 0 0 0 0
4.98428 1 1 0 0 0 0 0 0 0 0 22 2 5 3 3 0 0 0 0
8.80913 1 2 0 0 0 0 0 0 0 0 21 2 4 3 3 0 0 0 0
10.055 1 3 0 0 0 0 0 0 0 0 20 2 3 3 3 0 0 0 0
10.2444 2 3 0 0 0 0 0 0 0 0 19 1 3 3 3 0 0 0 0
18.1132 2 4 0 0 0 0 0 0 0 0 18 1 2 3 3 0 0 0 0
19.9645 2 5 0 0 0 0 0 0 0 0 17 1 1 3 3 0 0 0 0
25.51 2 5 0 1 0 0 0 0 0 0 16 1 1 3 2 0 0 0 0
34.0101 2 6 0 1 0 0 0 0 0 0 15 1 0 3 2 0 0 0 0
46.4801 2 6 0 2 0 0 0 0 0 0 14 1 0 3 1 0 0 0 0
46.8115 2 6 1 2 0 0 0 0 0 0 13 1 0 2 1 0 0 0 0
50.8911 3 6 1 2 0 0 0 0 0 0 12 0 0 2 1 0 0 0 0
54.0566 3 6 1 3 0 0 0 0 0 0 11 0 0 2 0 0 0 0 0
66.1483 2 5 1 3 1 0 0 0 0 0 12 0 0 2 0 0 0 0 0
68.6822 2 5 2 3 1 0 0 0 0 0 11 0 0 1 0 0 0 0 0
93.7895 2 5 3 3 1 0 0 0 0 0 10 0 0 0 0 0 0 0 0
98.5247 1 4 3 3 2 0 0 0 0 0 11 0 0 0 0 0 0 0 0
109.354 2 4 3 3 1 0 0 0 0 0 11 0 1 0 0 0 0 0 0
117.143 2 5 3 3 1 0 0 0 0 0 10 0 0 0 0 0 0 0 0
154.84 1 4 3 3 2 0 0 0 0 0 11 0 0 0 0 0 0 0 0
190.72 0 3 3 3 3 0 0 0 0 0 12 0 0 0 0 0 0 0 0
196.607 1 3 3 3 2 0 0 0 0 0 12 0 1 0 0 0 0 0 0
205.464 2 3 3 3 1 0 0 0 0 0 12 0 2 0 0 0 0 0 0
217.956 3 3 3 3 0 0 0 0 0 0 12 0 3 0 0 0 0 0 0
218.2 3 3 2 2 0 1 0 0 0 0 13 0 3 0 0 0 0 0 0
225.87 3 4 2 2 0 1 0 0 0 0 12 0 2 0 0 0 0 0 0
226.422 3 5 2 2 0 1 0 0 0 0 11 0 1 0 0 0 0 0 0
237.553 3 5 1 1 0 2 0 0 0 0 12 0 1 0 0 0 0 0 0
240.739 3 5 2 1 0 1 0 0 0 0 12 0 1 0 1 0 0 0 0
244.96 3 5 1 0 0 2 0 0 0 0 13 0 1 0 1 0 0 0 0
258.345 3 6 1 0 0 2 0 0 0 0 12 0 0 0 1 0 0 0 0
266.578 3 6 1 1 0 2 0 0 0 0 11 0 0 0 0 0 0 0 0
268.655 3 6 0 0 0 3 0 0 0 0 12 0 0 0 0 0 0 0 0
275.508 2 5 0 0 1 3 0 0 0 0 13 0 0 0 0 0 0 0 0
280.661 3 5 0 0 0 3 0 0 0 0 13 0 1 0 0 0 0 0 0
285.377 3 5 1 0 0 2 0 0 0 0 13 0 1 0 1 0 0 0 0
288.73 2 4 1 0 1 2 0 0 0 0 14 0 1 0 1 0 0 0 0
302.135 1 3 1 0 2 2 0 0 0 0 15 0 1 0 1 0 0 0 0
303.295 2 3 1 0 1 2 0 0 0 0 15 0 2 0 1 0 0 0 0
307.953 2 3 1 1 1 2 0 0 0 0 14 0 2 0 0 0 0 0 0
311.611 2 4 1 1 1 2 0 0 0 0 13 0 1 0 0 0 0 0 0
314.815 3 4 1 1 0 2 0 0 0 0 13 0 2 0 0 0 0 0 0
317.976 2 3 1 1 1 2 0 0 0 0 14 0 2 0 0 0 0 0 0
333.201 2 3 2 1 1 1 0 0 0 0 14 0 2 0 1 0 0 0 0
335.791 2 4 2 1 1 1 0 0 0 0 13 0 1 0 1 0 0 0 0
336.505 2 4 2 2 1 1 0 0 0 0 12 0 1 0 0 0 0 0 0
344.455 2 4 1 1 1 2 0 0 0 0 13 0 1 0 0 0 0 0 0
347.595 2 4 1 1 0 1 1 0 0 0 14 0 1 0 0 0 0 0 0
371.927 1 3 1 1 1 1 1 0 0 0 15 0 1 0 0 0 0 0 0
377.702 1 4 1 1 1 1 1 0 0 0 14 0 0 0 0 0 0 0 0
379.228 1 4 0 0 1 2 1 0 0 0 15 0 0 0 0 0 0 0 0
391.388 2 4 0 0 0 2 1 0 0 0 15 0 1 0 0 0 0 0 0
403.053 2 4 1 0 0 1 1 0 0 0 15 0 1 0 1 0 0 0 0
407.752 1 3 1 0 1 1 1 0 0 0 16 0 1 0 1 0 0 0 0
408.577 0 2 1 0 2 1 1 0 0 0 17 0 1 0 1 0 0 0 0
408.673 0 3 1 0 2 1 1 0 0 0 16 0 0 0 1 0 0 0 0
409.957 0 3 1 0 2 2 0 0 0 0 16 0 0 0 1 1 0 0 0
427.202 0 3 1 1 2 2 0 0 0 0 15 0 0 0 0 1 0 0 0
429.573 0 2 1 1 1 2 0 1 0 0 16 0 0 0 0 1 0 0 0
490.573 0 2 2 1 1 1 0 1 0 0 16 0 0 0 1 1 0 0 0
490.898 0 2 2 1 2 1 0 1 0 0 15 0 0 0 1 0 0 0 0
501.558 1 2 2 1 1 1 0 1 0 0 15 0 1 0 1 0 0 0 0
512.013 0 1 2 1 2 1 0 1 0 0 16 0 1 0 1 0 0 0 0
514.628 1 1 2 1 1 1 0 1 0 0 16 0 2 0 1 0 0 0 0
522.207 1 1 3 1 1 0 0 1 0 0 16 0 2 0 2 0 0 0 0
532.898 1 1 3 1 2 0 0 0 0 0 16 0 3 0 2 0 0 0 0
536.302 1 2 3 1 2 0 0 0 0 0 15 0 2 0 2 0 0 0 0
537.722 1 2 3 2 2 0 0 0 0 0 14 0 2 0 1 0 0 0 0
555.234 2 2 3 2 1 0 0 0 0 0 14 0 3 0 1 0 0 0 0
555.298 2 2 3 3 1 0 0 0 0 0 13 0 3 0 0 0 0 0 0
561.671 2 3 3 3 1 0 0 0 0 0 12 0 2 0 0 0 0 0 0
567.619 2 3 2 2 1 1 0 0 0 0 13 0 2 0 0 0 0 0 0
570.808 2 3 3 2 1 0 0 0 0 0 13 0 2 0 1 0 0 0 0
572.257 3 3 3 2 0 0 0 0 0 0 13 0 3 0 1 0 0 0 0
574.016 3 4 3 2 0 0 0 0 0 0 12 0 2 0 1 0 0 0 0
575.166 3 5 3 2 0 0 0 0 0 0 11 0 1 0 1 0 0 0 0
578.01 2 4 3 2 1 0 0 0 0 0 12 0 1 0 1 0 0 0 0
595.515 2 4 3 3 1 0 0 0 0 0 11 0 1 0 0 0 0 0 0
612.333 2 5 3 3 1 0 0 0 0 0 10 0 0 0 0 0 0 0 0
622.506 2 5 2 2 1 1 0 0 0 0 11 0 0 0 0 0 0 0 0
657.138 2 5 2 2 0 0 1 0 0 0 12 0 0 0 0 0 0 0 0
663.692 2 5 1 1 0 1 1 0 0 0 13 0 0 0 0 0 0 0 0
713.081 1 4 1 1 1 1 1 0 0 0 14 0 0 0 0 0 0 0 0
729.267 0 3 1 1 2 1 1 0 0 0 15 0 0 0 0 0 0 0 0
732.695 0 2 1 1 1 1 1 1 0 0 16 0 0 0 0 0 0 0 0
781.205 0 1 1 1 1 1 0 1 1 0 17 0 0 0 0 0 0 0 0
808.008 1 1 1 1 0 1 0 1 1 0 17 0 1 0 0 0 0 0 0
823.155 1 2 1 1 0 1 0 1 1 0 16 0 0 0 0 0 0 0 0
912.807 0 1 1 1 1 1 0 1 1 0 17 0 0 0 0 0 0 0 0
933.424 0 1 1 1 2 1 0 0 1 0 17 0 1 0 0 0 0 0 0
933.579 1 1 1 1 1 1 0 0 1 0 17 0 2 0 0 0 0 0 0
939.181 1 2 1 1 1 1 0 0 1 0 16 0 1 0 0 0 0 0 0
951.466 1 3 1 1 1 1 0 0 1 0 15 0 0 0 0 0 0 0 0
958.631 2 3 1 1 0 1 0 0 1 0 15 0 1 0 0 0 0 0 0
971.935 1 2 1 1 1 1 0 0 1 0 16 0 1 0 0 0 0 0 0
971.976 1 2 2 1 1 0 0 0 1 0 16 0 1 0 1 0 0 0 0
976.582 1 3 2 1 1 0 0 0 1 0 15 0 0 0 1 0 0 0 0
976.847 1 3 2 2 1 0 0 0 1 0 14 0 0 0 0 0 0 0 0
1031.72 1 3 1 1 1 1 0 0 1 0 15 0 0 0 0 0 0 0 0
1037.26 2 3 1 1 0 1 0 0 1 0 15 0 1 0 0 0 0 0 0
1045.7 2 4 1 1 0 1 0 0 1 0 14 0 0 0 0 0 0 0 0
1047.2 2 4 2 1 0 0 0 0 1 0 14 0 0 0 1 0 0 0 0
1064.8 1 3 2 1 1 0 0 0 1 0 15 0 0 0 1 0 0 0 0
1067.79 2 3 2 1 0 0 0 0 1 0 15 0 1 0 1 0 0 0 0
1075.32 1 2 2 1 1 0 0 0 1 0 16 0 1 0 1 0 0 0 0
1089.9 1 3 2 1 1 0 0 0 1 0 15 0 0 0 1 0 0 0 0
1102.4 1 3 2 2 1 0 0 0 1 0 14 0 0 0 0 0 0 0 0
1135.48 2 3 2 2 0 0 0 0 1 0 14 0 1 0 0 0 0 0 0
1151.01 2 4 2 2 0 0 0 0 1 0 13 0 0 0 0 0 0 0 0
1182.36 2 4 1 1 0 1 0 0 1 0 14 0 0 0 0 0 0 0 0
1183.34 1 3 1 1 1 1 0 0 1 0 15 0 0 0 0 0 0 0 0
1208.36 2 3 1 1 0 1 0 0 1 0 15 0 1 0 0 0 0 0 0
1209.32 1 2 1 1 1 1 0 0 1 0 16 0 1 0 0 0 0 0 0
1227.89 0 1 1 1 2 1 0 0 1 0 17 0 1 0 0 0 0 0 0
1234.08 0 2 1 1 2 1 0 0 1 0 16 0 0 0 0 0 0 0 0
1237.13 0 2 1 1 1 0 1 0 1 0 17 0 0 0 0 0 0 0 0
1243.42 1 2 1 1 0 0 1 0 1 0 17 0 1 0 0 0 0 0 0
1243.65 1 2 0 0 0 1 1 0 1 0 18 0 1 0 0 0 0 0 0
1282.12 1 3 0 0 0 1 1 0 1 0 17 0 0 0 0 0 0 0 0
1304.04 1 2 0 0 0 1 0 0 2 0 18 0 0 0 0 0 0 0 0
1307.74 1 2 1 0 0 0 0 0 2 0 18 0 0 0 1 0 0 0 0
1364.21 1 2 1 1 0 0 0 0 2 0 17 0 0 0 0 0 0 0 0
1435.99 0 1 1 1 1 0 0 0 2 0 18 0 0 0 0 0 0 0 0
1529.82 1 1 1 1 0 0 0 0 2 0 18 0 1 0 0 0 0 0 0
1571.01 1 2 1 1 0 0 0 0 2 0 17 0 0 0 0 0 0 0 0
1613.33 0 1 1 1 1 0 0 0 2 0 18 0 0 0 0 0 0 0 0
1628.76 1 1 1 1 0 0 0 0 2 0 18 0 1 0 0 0 0 0 0
1636.95 1 2 1 1 0 0 0 0 2 0 17 0 0 0 0 0 0 0 0
1800.74 1 2 1 1 0 0 1 0 1 0 17 0 1 0 0 0 0 0 0
1809.29 1 3 1 1 0 0 1 0 1 0 16 0 0 0 0 0 0 0 0
1813.91 1 3 0 0 0 1 1 0 1 0 17 0 0 0 0 0 0 0 0
1819.63 1 3 1 0 0 0 1 0 1 0 17 0 0 0 1 0 0 0 0
1846.72 1 3 1 1 0 0 1 0 1 0 16 0 0 0 0 0 0 0 0
1855.93 0 2 1 1 1 0 1 0 1 0 17 0 0 0 0 0 0 0 0
1869.02 0 1 1 1 0 0 1 1 1 0 18 0 0 0 0 0 0 0 0
1876.46 0 1 1 1 1 0 1 0 1 0 18 0 1 0 0 0 0 0 0
1876.57 0 2 1 1 1 0 1 0 1 0 17 0 0 0 0 0 0 0 0
1880.03 1 2 1 1 0 0 1 0 1 0 17 0 1 0 0 0 0 0 0
1909.14 1 3 1 1 0 0 1 0 1 0 16 0 0 0 0 0 0 0 0
1959.43 0 2 1 1 1 0 1 0 1 0 17 0 0 0 0 0 0 0 0
1987.81 1 2 1 1 0 0 1 0 1 0 17 0 1 0 0 0 0 0 0
2002.28 0 1 1 1 1 0 1 0 1 0 18 0 1 0 0 0 0 0 0
2005.77 0 0 1 1 0 0 1 1 1 0 19 0 1 0 0 0 0 0 0
2014.27 0 1 1 1 0 0 1 1 1 0 18 0 0 0 0 0 0 0 0
2221.67 0 0 1 1 0 0 0 1 2 0 19 0 0 0 0 0 0 0 0
2252.86 0 0 1 1 1 0 0 0 2 0 19 0 1 0 0 0 0 0 0
2259.58 0 1 1 1 1 0 0 0 2 0 18 0 0 0 0 0 0 0 0
2281.19 1 1 1 1 0 0 0 0 2 0 18 0 1 0 0 0 0 0 0
2306.62 1 2 1 1 0 0 0 0 2 0 17 0 0 0 0 0 0 0 0
2501.42 1 2 1 1 0 0 1 0 1 0 17 0 1 0 0 0 0 0 0
2509.49 1 3 1 1 0 0 1 0 1 0 16 0 0 0 0 0 0 0 0
2538.93 1 2 1 1 0 0 0 0 2 0 17 0 0 0 0 0 0 0 0
2548.45 0 1 1 1 1 0 0 0 2 0 18 0 0 0 0 0 0 0 0
2656.5 0 1 0 0 1 1 0 0 2 0 19 0 0 0 0 0 0 0 0
2693.73 1 1 0 0 0 1 0 0 2 0 19 0 1 0 0 0 0 0 0
2710.17 1 2 0 0 0 1 0 0 2 0 18 0 0 0 0 0 0 0 0
2815.49 1 2 1 0 0 0 0 0 2 0 18 0 0 0 1 0 0 0 0
2825.49 1 2 1 1 0 0 0 0 2 0 17 0 0 0 0 0 0 0 0
2829.53 0 1 1 1 1 0 0 0 2 0 18 0 0 0 0 0 0 0 0
2833.21 0 1 1 1 1 0 1 0 1 0 18 0 1 0 0 0 0 0 0
2844.44 0 2 1 1 1 0 1 0 1 0 17 0 0 0 0 0 0 0 0
2848.13 0 1 1 1 1 0 0 0 2 0 18 0 0 0 0 0 0 0 0
2987.66 1 1 1 1 0 0 0 0 2 0 18 0 1 0 0 0 0 0 0
2989.26 1 2 1 1 0 0 0 0 2 0 17 0 0 0 0 0 0 0 0
3011.67 0 1 1 1 1 0 0 0 2 0 18 0 0 0 0 0 0 0 0
3067.71 1 1 1 1 0 0 0 0 2 0 18 0 1 0 0 0 0 0 0
3165.96 1 2 1 1 0 0 0 0 2 0 17 0 0 0 0 0 0 0 0
3497.98 1 2 1 1 0 0 1 0 1 0 17 0 1 0 0 0 0 0 0
3586.43 0 1 1 1 1 0 1 0 1 0 18 0 1 0 0 0 0 0 0
3586.54 1 1 1 1 0 0 1 0 1 0 18 0 2 0 0 0 0 0 0
3596.5 1 2 1 1 0 0 1 0 1 0 17 0 1 0 0 0 0 0 0
3598.06 1 3 1 1 0 0 1 0 1 0 16 0 0 0 0 0 0 0 0
3649.71 1 2 1 1 0 0 0 0 2 0 17 0 0 0 0 0 0 0 0
3701.19 0 1 1 1 1 0 0 0 2 0 18 0 0 0 0 0 0 0 0
3711.36 1 1 1 1 0 0 0 0 2 0 18 0 1 0 0 0 0 0 0
3748.26 1 2 1 1 0 0 0 0 2 0 17 0 0 0 0 0 0 0 0
3748.26 1 2 1 1 0 0 0 0 2 0 17 0 0 0 0 0 0 0 0
