0 0 0 0 0 0 0 0 0 0 0 24 3 6 3 3 0 0 0 0
2.85458 0 0 1 0 0 0 0 0 0 0 23 3 6 2 3 0 0 0 0
4.76567 0 0 2 0 0 0 0 0 0 0 22 3 6 1 3 0 0 0 0
4.79156 0 1 2 0 0 0 0 0 0 0 21 3 5 1 3 0 0 0 0
6.80457 0 1 2 1 0 0 0 0 0 0 20 3 5 1 2 0 0 0 0
8.82426 0 2 2 1 0 0 0 0 0 0 19 3 4 1 2 0 0 0 0
8.95537 0 3 2 1 0 0 0 0 0 0 18 3 3 1 2 0 0 0 0
9.99548 1 3 2 1 0 0 0 0 0 0 17 2 3 1 2 0 0 0 0
10.7077 2 3 2 1 0 0 0 0 0 0 16 1 3 1 2 0 0 0 0
14.9197 2 4 2 1 0 0 0 0 0 0 15 1 2 1 2 0 0 0 0
23.6091 2 4 2 2 0 0 0 0 0 0 14 1 2 1 1 0 0 0 0
25.9391 1 3 2 2 1 0 0 0 0 0 15 1 2 1 1 0 0 0 0
36.5037 2 3 2 2 0 0 0 0 0 0 15 1 3 1 1 0 0 0 0
42.948 2 3 3 2 0 0 0 0 0 0 14 1 3 0 1 0 0 0 0
44.5876 3 3 3 2 0 0 0 0 0 0 13 0 3 0 1 0 0 0 0
58.8868 3 3 2 1 0 1 0 0 0 0 14 0 3 0 1 0 0 0 0
67.5651 3 3 1 0 0 2 0 0 0 0 15 0 3 0 1 0 0 0 0
88.6293 3 4 1 0 0 2 0 0 0 0 14 0 2 0 1 0 0 0 0
89.6688 2 3 1 0 1 2 0 0 0 0 15 0 2 0 1 0 0 0 0
90.7162 2 2 1 0 0 2 0 1 0 0 16 0 2 0 1 0 0 0 0
90.8349 2 2 2 0 0 1 0 1 0 0 16 0 2 0 2 0 0 0 0
92.3019 2 2 2 1 0 1 0 1 0 0 15 0 2 0 1 0 0 0 0
93.1619 2 3 2 1 0 1 0 1 0 0 14 0 1 0 1 0 0 0 0
113.192 2 4 2 1 0 1 0 1 0 0 13 0 0 0 1 0 0 0 0
117.761 2 4 2 1 0 0 0 0 0 1 14 0 0 0 1 0 0 0 0
157.364 2 4 2 2 0 0 0 0 0 1 13 0 0 0 0 0 0 0 0
191.217 2 4 1 1 0 1 0 0 0 1 14 0 0 0 0 0 0 0 0
194.604 1 3 1 1 1 1 0 0 0 1 15 0 0 0 0 0 0 0 0
196.852 0 2 1 1 2 1 0 0 0 1 16 0 0 0 0 0 0 0 0
223.22 1 2 1 1 1 1 0 0 0 1 16 0 1 0 0 0 0 0 0
237.779 2 2 1 1 0 1 0 0 0 1 16 0 2 0 0 0 0 0 0
238.779 2 3 1 1 0 1 0 0 0 1 15 0 1 0 0 0 0 0 0
250.353 2 4 1 1 0 1 0 0 0 1 14 0 0 0 0 0 0 0 0
332.202 1 3 1 1 1 1 0 0 0 1 15 0 0 0 0 0 0 0 0
333.342 1 3 2 1 1 0 0 0 0 1 15 0 0 0 1 0 0 0 0
341.671 1 3 2 2 1 0 0 0 0 1 14 0 0 0 0 0 0 0 0
387.18 1 3 1 1 1 1 0 0 0 1 15 0 0 0 0 0 0 0 0
390.281 1 3 2 1 1 0 0 0 0 1 15 0 0 0 1 0 0 0 0
393.74 1 3 2 2 1 0 0 0 0 1 14 0 0 0 0 0 0 0 0
401.498 1 2 2 2 0 0 0 1 0 1 15 0 0 0 0 0 0 0 0
432.617 1 2 2 2 1 0 0 0 0 1 15 0 1 0 0 0 0 0 0
448.884 1 3 2 2 1 0 0 0 0 1 14 0 0 0 0 0 0 0 0
463.435 0 2 2 2 2 0 0 0 0 1 15 0 0 0 0 0 0 0 0
510.818 0 1 2 2 1 0 0 1 0 1 16 0 0 0 0 0 0 0 0
539.529 0 1 1 1 1 1 0 1 0 1 17 0 0 0 0 0 0 0 0
674.465 1 1 1 1 0 1 0 1 0 1 17 0 1 0 0 0 0 0 0
684.95 1 2 1 1 0 1 0 1 0 1 16 0 0 0 0 0 0 0 0
748.22 1 2 1 1 0 2 0 1 0 0 16 0 0 0 0 0 0 0 1
750.409 1 2 1 1 0 1 0 0 0 1 17 0 0 0 0 0 0 0 1
770.48 1 2 1 1 0 1 0 1 0 1 16 0 0 0 0 0 0 0 0
850.679 1 2 1 1 1 1 0 0 0 1 16 0 1 0 0 0 0 0 0
854.844 1 1 1 1 0 1 0 1 0 1 17 0 1 0 0 0 0 0 0
882.419 1 2 1 1 0 1 0 1 0 1 16 0 0 0 0 0 0 0 0
938.214 1 2 1 1 1 1 0 0 0 1 16 0 1 0 0 0 0 0 0
945.842 1 3 1 1 1 1 0 0 0 1 15 0 0 0 0 0 0 0 0
964.029 1 3 2 1 1 0 0 0 0 1 15 0 0 0 1 0 0 0 0
970.091 1 3 2 2 1 0 0 0 0 1 14 0 0 0 0 0 0 0 0
979.328 0 2 2 2 2 0 0 0 0 1 15 0 0 0 0 0 0 0 0
981.803 1 2 2 2 1 0 0 0 0 1 15 0 1 0 0 0 0 0 0
991.004 1 2 1 1 1 1 0 0 0 1 16 0 1 0 0 0 0 0 0
992.062 1 2 2 1 1 0 0 0 0 1 16 0 1 0 1 0 0 0 0
994.878 1 3 2 1 1 0 0 0 0 1 15 0 0 0 1 0 0 0 0
1006.65 1 3 2 2 1 0 0 0 0 1 14 0 0 0 0 0 0 0 0
1024 1 3 1 1 1 1 0 0 0 1 15 0 0 0 0 0 0 0 0
1072.34 2 3 1 1 0 1 0 0 0 1 15 0 1 0 0 0 0 0 0
1120.94 1 2 1 1 1 1 0 0 0 1 16 0 1 0 0 0 0 0 0
1126.91 1 3 1 1 1 1 0 0 0 1 15 0 0 0 0 0 0 0 0
1146.56 2 3 1 1 0 1 0 0 0 1 15 0 1 0 0 0 0 0 0
1163.78 2 4 1 1 0 1 0 0 0 1 14 0 0 0 0 0 0 0 0
1172.29 2 4 2 1 0 0 0 0 0 1 14 0 0 0 1 0 0 0 0
1185.89 1 3 2 1 1 0 0 0 0 1 15 0 0 0 1 0 0 0 0
1188.24 0 2 2 1 2 0 0 0 0 1 16 0 0 0 1 0 0 0 0
1190.46 1 2 2 1 1 0 0 0 0 1 16 0 1 0 1 0 0 0 0
1206.87 1 2 2 2 1 0 0 0 0 1 15 0 1 0 0 0 0 0 0
1231.26 1 3 2 2 1 0 0 0 0 1 14 0 0 0 0 0 0 0 0
1235.28 0 2 2 2 2 0 0 0 0 1 15 0 0 0 0 0 0 0 0
1264.82 1 2 2 2 1 0 0 0 0 1 15 0 1 0 0 0 0 0 0
1273.77 1 2 2 2 1 1 0 0 0 0 15 0 1 0 0 0 0 0 1
1280.52 1 2 2 2 1 1 0 1 0 0 14 0 1 0 0 0 0 0 0
1282.49 1 2 3 2 1 0 0 1 0 0 14 0 1 0 1 0 0 0 0
1285.64 1 2 3 3 1 0 0 1 0 0 13 0 1 0 0 0 0 0 0
1289.16 1 2 2 2 1 1 0 1 0 0 14 0 1 0 0 0 0 0 0
1293.8 1 2 1 1 1 2 0 1 0 0 15 0 1 0 0 0 0 0 0
1316.18 1 3 1 1 1 2 0 1 0 0 14 0 0 0 0 0 0 0 0
1322.03 1 3 2 1 1 1 0 1 0 0 14 0 0 0 1 0 0 0 0
1323.62 0 2 2 1 2 1 0 1 0 0 15 0 0 0 1 0 0 0 0
1323.96 0 2 2 1 3 1 0 0 0 0 15 0 1 0 1 0 0 0 0
1337.15 0 3 2 1 3 1 0 0 0 0 14 0 0 0 1 0 0 0 0
1350.72 0 2 2 1 2 1 0 1 0 0 15 0 0 0 1 0 0 0 0
1357.58 1 2 2 1 1 1 0 1 0 0 15 0 1 0 1 0 0 0 0
1357.93 2 2 2 1 0 1 0 1 0 0 15 0 2 0 1 0 0 0 0
1364.75 2 2 1 0 0 2 0 1 0 0 16 0 2 0 1 0 0 0 0
1365.95 2 2 1 1 0 2 0 1 0 0 15 0 2 0 0 0 0 0 0
1369.25 2 2 2 1 0 1 0 1 0 0 15 0 2 0 1 0 0 0 0
1370.68 2 3 2 1 0 1 0 1 0 0 14 0 1 0 1 0 0 0 0
1372.59 2 4 2 1 0 1 0 1 0 0 13 0 0 0 1 0 0 0 0
1384.33 2 4 3 1 0 0 0 1 0 0 13 0 0 0 2 0 0 0 0
1386.39 1 3 3 1 1 0 0 1 0 0 14 0 0 0 2 0 0 0 0
1390.67 1 3 3 2 1 0 0 1 0 0 13 0 0 0 1 0 0 0 0
1390.68 1 3 2 1 1 1 0 1 0 0 14 0 0 0 1 0 0 0 0
1393.79 1 3 2 2 1 1 0 1 0 0 13 0 0 0 0 0 0 0 0
1409.97 2 3 2 2 0 1 0 1 0 0 13 0 1 0 0 0 0 0 0
1417.4 2 3 2 2 0 0 0 0 0 1 14 0 1 0 0 0 0 0 0
1428.96 2 4 2 2 0 0 0 0 0 1 13 0 0 0 0 0 0 0 0
1437.47 2 4 1 1 0 1 0 0 0 1 14 0 0 0 0 0 0 0 0
1535.74 1 3 1 1 1 1 0 0 0 1 15 0 0 0 0 0 0 0 0
1565.85 1 2 1 1 0 1 0 1 0 1 16 0 0 0 0 0 0 0 0
1573.44 0 1 1 1 1 1 0 1 0 1 17 0 0 0 0 0 0 0 0
1597.63 1 1 1 1 0 1 0 1 0 1 17 0 1 0 0 0 0 0 0
1614.67 1 1 1 1 0 0 0 0 0 2 18 0 1 0 0 0 0 0 0
1783.77 1 2 1 1 0 0 0 0 0 2 17 0 0 0 0 0 0 0 0
1828.34 0 1 1 1 1 0 0 0 0 2 18 0 0 0 0 0 0 0 0
1843.88 1 1 1 1 0 0 0 0 0 2 18 0 1 0 0 0 0 0 0
1863.07 1 2 1 1 0 0 0 0 0 2 17 0 0 0 0 0 0 0 0
1964.72 0 1 1 1 1 0 0 0 0 2 18 0 0 0 0 0 0 0 0
1990.07 0 1 0 0 1 1 0 0 0 2 19 0 0 0 0 0 0 0 0
2030.94 0 1 1 0 1 0 0 0 0 2 19 0 0 0 1 0 0 0 0
2034.38 0 1 1 1 1 0 0 0 0 2 18 0 0 0 0 0 0 0 0
2086.9 1 1 1 1 0 0 0 0 0 2 18 0 1 0 0 0 0 0 0
2100.8 1 2 1 1 0 0 0 0 0 2 17 0 0 0 0 0 0 0 0
2247.86 0 1 1 1 1 0 0 0 0 2 18 0 0 0 0 0 0 0 0
2264.18 1 1 1 1 0 0 0 0 0 2 18 0 1 0 0 0 0 0 0
2264.82 1 2 1 1 0 0 0 0 0 2 17 0 0 0 0 0 0 0 0
2333.59 0 1 1 1 1 0 0 0 0 2 18 0 0 0 0 0 0 0 0
2335.87 1 1 1 1 0 0 0 0 0 2 18 0 1 0 0 0 0 0 0
2354.77 1 2 1 1 0 0 0 0 0 2 17 0 0 0 0 0 0 0 0
2356.01 0 1 1 1 1 0 0 0 0 2 18 0 0 0 0 0 0 0 0
2399.74 1 1 1 1 0 0 0 0 0 2 18 0 1 0 0 0 0 0 0
2414.42 1 2 1 1 0 0 0 0 0 2 17 0 0 0 0 0 0 0 0
2419.96 1 2 0 0 0 1 0 0 0 2 18 0 0 0 0 0 0 0 0
2549.88 1 2 1 0 0 0 0 0 0 2 18 0 0 0 1 0 0 0 0
2550.58 1 2 1 1 0 0 0 0 0 2 17 0 0 0 0 0 0 0 0
2666.89 1 2 0 0 0 1 0 0 0 2 18 0 0 0 0 0 0 0 0
2767.5 1 2 1 0 0 0 0 0 0 2 18 0 0 0 1 0 0 0 0
2828.79 1 2 1 1 0 0 0 0 0 2 17 0 0 0 0 0 0 0 0
2885.99 0 1 1 1 1 0 0 0 0 2 18 0 0 0 0 0 0 0 0
2931.98 0 0 1 1 0 0 0 1 0 2 19 0 0 0 0 0 0 0 0
2955.67 0 0 1 1 1 0 0 0 0 2 19 0 1 0 0 0 0 0 0
2961.58 1 0 1 1 0 0 0 0 0 2 19 0 2 0 0 0 0 0 0
2968.1 1 1 1 1 0 0 0 0 0 2 18 0 1 0 0 0 0 0 0
3024.85 1 2 1 1 0 0 0 0 0 2 17 0 0 0 0 0 0 0 0
3080.32 0 1 1 1 1 0 0 0 0 2 18 0 0 0 0 0 0 0 0
3206.01 1 1 1 1 0 0 0 0 0 2 18 0 1 0 0 0 0 0 0
3213 1 2 1 1 0 0 0 0 0 2 17 0 0 0 0 0 0 0 0
3256.09 1 2 0 0 0 1 0 0 0 2 18 0 0 0 0 0 0 0 0
3316.88 1 2 1 0 0 0 0 0 0 2 18 0 0 0 1 0 0 0 0
3358.87 1 2 1 1 0 0 0 0 0 2 17 0 0 0 0 0 0 0 0
3508.56 0 1 1 1 1 0 0 0 0 2 18 0 0 0 0 0 0 0 0
3582.1 1 1 1 1 0 0 0 0 0 2 18 0 1 0 0 0 0 0 0
3656.9 1 2 1 1 0 0 0 0 0 2 17 0 0 0 0 0 0 0 0
3808.71 0 1 1 1 1 0 0 0 0 2 18 0 0 0 0 0 0 0 0
3836.03 1 1 1 1 0 0 0 0 0 2 18 0 1 0 0 0 0 0 0
3840.31 1 2 1 1 0 0 0 0 0 2 17 0 0 0 0 0 0 0 0
3860.55 0 1 1 1 1 0 0 0 0 2 18 0 0 0 0 0 0 0 0
3890.33 1 1 1 1 0 0 0 0 0 2 18 0 1 0 0 0 0 0 0
3933.93 1 2 1 1 0 0 0 0 0 2 17 0 0 0 0 0 0 0 0
3933.93 1 2 1 1 0 0 0 0 0 2 17 0 0 0 0 0 0 0 0
