0 0 0 0 0 0 0 0 0 0 0 24 3 6 3 3 0 0 0 0
1.34025 1 0 0 0 0 0 0 0 0 0 23 2 6 3 3 0 0 0 0
4.65137 1 1 0 0 0 0 0 0 0 0 22 2 5 3 3 0 0 0 0
4.80795 1 2 0 0 0 0 0 0 0 0 21 2 4 3 3 0 0 0 0
5.02251 1 2 1 0 0 0 0 0 0 0 20 2 4 2 3 0 0 0 0
8.10434 0 1 1 0 1 0 0 0 0 0 21 2 4 2 3 0 0 0 0
11.4363 0 2 1 0 1 0 0 0 0 0 20 2 3 2 3 0 0 0 0
14.7352 0 2 1 1 1 0 0 0 0 0 19 2 3 2 2 0 0 0 0
15.0627 1 2 1 1 1 0 0 0 0 0 18 1 3 2 2 0 0 0 0
17.7681 1 3 1 1 1 0 0 0 0 0 17 1 2 2 2 0 0 0 0
20.2878 1 3 2 1 1 0 0 0 0 0 16 1 2 1 2 0 0 0 0
21.732 2 3 2 1 1 0 0 0 0 0 15 0 2 1 2 0 0 0 0
32.8492 3 3 2 1 0 0 0 0 0 0 15 0 3 1 2 0 0 0 0
34.6411 3 3 2 2 0 0 0 0 0 0 14 0 3 1 1 0 0 0 0
40.6223 2 2 2 2 1 0 0 0 0 0 15 0 3 1 1 0 0 0 0
47.7453 2 3 2 2 1 0 0 0 0 0 14 0 2 1 1 0 0 0 0
49.31 2 4 2 2 1 0 0 0 0 0 13 0 1 1 1 0 0 0 0
52.2551 2 4 2 3 1 0 0 0 0 0 12 0 1 1 0 0 0 0 0
54.7501 3 4 2 3 0 0 0 0 0 0 12 0 2 1 0 0 0 0 0
80.2861 3 5 2 3 0 0 0 0 0 0 11 0 1 1 0 0 0 0 0
93.7926 2 4 2 3 1 0 0 0 0 0 12 0 1 1 0 0 0 0 0
97.453 2 3 2 3 0 0 0 1 0 0 13 0 1 1 0 0 0 0 0
102.543 2 3 3 3 0 0 0 1 0 0 12 0 1 0 0 0 0 0 0
121.7 2 3 2 2 0 1 0 1 0 0 13 0 1 0 0 0 0 0 0
122.787 2 3 2 2 1 1 0 0 0 0 13 0 2 0 0 0 0 0 0
165.213 3 3 2 2 0 1 0 0 0 0 13 0 3 0 0 0 0 0 0
175.564 3 4 2 2 0 1 0 0 0 0 12 0 2 0 0 0 0 0 0
180.207 2 3 2 2 1 1 0 0 0 0 13 0 2 0 0 0 0 0 0
180.925 2 3 2 2 0 0 1 0 0 0 14 0 2 0 0 0 0 0 0
191.238 2 3 1 1 0 1 1 0 0 0 15 0 2 0 0 0 0 0 0
200.725 2 4 1 1 0 1 1 0 0 0 14 0 1 0 0 0 0 0 0
204.097 1 3 1 1 1 1 1 0 0 0 15 0 1 0 0 0 0 0 0
226.448 2 3 1 1 0 1 1 0 0 0 15 0 2 0 0 0 0 0 0
226.846 2 4 1 1 0 1 1 0 0 0 14 0 1 0 0 0 0 0 0
227.679 2 5 1 1 0 1 1 0 0 0 13 0 0 0 0 0 0 0 0
240.107 1 4 1 1 1 1 1 0 0 0 14 0 0 0 0 0 0 0 0
259.664 0 3 1 1 2 1 1 0 0 0 15 0 0 0 0 0 0 0 0
267.323 1 3 1 1 1 1 1 0 0 0 15 0 1 0 0 0 0 0 0
268.043 1 4 1 1 1 1 1 0 0 0 14 0 0 0 0 0 0 0 0
284.987 1 4 2 1 1 0 1 0 0 0 14 0 0 0 1 0 0 0 0
296.889 1 3 2 1 1 0 0 0 1 0 15 0 0 0 1 0 0 0 0
315.821 1 3 2 1 1 0 1 0 0 0 15 0 1 0 1 0 0 0 0
315.866 1 3 2 2 1 0 1 0 0 0 14 0 1 0 0 0 0 0 0
316.939 1 4 2 2 1 0 1 0 0 0 13 0 0 0 0 0 0 0 0
351.022 1 4 1 1 1 1 1 0 0 0 14 0 0 0 0 0 0 0 0
378.785 1 3 1 1 0 1 1 1 0 0 15 0 0 0 0 0 0 0 0
383.916 1 3 1 1 1 1 1 0 0 0 15 0 1 0 0 0 0 0 0
390.121 1 4 1 1 1 1 1 0 0 0 14 0 0 0 0 0 0 0 0
407.745 1 3 1 1 0 1 1 1 0 0 15 0 0 0 0 0 0 0 0
414.003 1 3 0 0 0 2 1 1 0 0 16 0 0 0 0 0 0 0 0
427 1 2 0 0 0 2 0 1 1 0 17 0 0 0 0 0 0 0 0
454.158 1 2 0 0 0 2 1 1 0 0 17 0 1 0 0 0 0 0 0
468.556 1 3 0 0 0 2 1 1 0 0 16 0 0 0 0 0 0 0 0
479.145 1 2 0 0 0 2 0 1 1 0 17 0 0 0 0 0 0 0 0
492.177 1 2 0 0 1 2 0 0 1 0 17 0 1 0 0 0 0 0 0
520.889 1 3 0 0 1 2 0 0 1 0 16 0 0 0 0 0 0 0 0
553.257 1 2 0 0 0 2 0 1 1 0 17 0 0 0 0 0 0 0 0
571.784 0 1 0 0 1 2 0 1 1 0 18 0 0 0 0 0 0 0 0
604.926 1 1 0 0 0 2 0 1 1 0 18 0 1 0 0 0 0 0 0
644.126 1 1 1 0 0 1 0 1 1 0 18 0 1 0 1 0 0 0 0
648.549 1 1 1 0 1 1 0 0 1 0 18 0 2 0 1 0 0 0 0
651.159 1 2 1 0 1 1 0 0 1 0 17 0 1 0 1 0 0 0 0
673.595 2 2 1 0 0 1 0 0 1 0 17 0 2 0 1 0 0 0 0
682.037 2 3 1 0 0 1 0 0 1 0 16 0 1 0 1 0 0 0 0
685.326 1 2 1 0 1 1 0 0 1 0 17 0 1 0 1 0 0 0 0
690.294 2 2 1 0 0 1 0 0 1 0 17 0 2 0 1 0 0 0 0
699.853 2 2 1 1 0 1 0 0 1 0 16 0 2 0 0 0 0 0 0
700.324 2 3 1 1 0 1 0 0 1 0 15 0 1 0 0 0 0 0 0
703.965 2 4 1 1 0 1 0 0 1 0 14 0 0 0 0 0 0 0 0
709.862 1 3 1 1 1 1 0 0 1 0 15 0 0 0 0 0 0 0 0
729.007 1 3 2 1 1 0 0 0 1 0 15 0 0 0 1 0 0 0 0
743.657 2 3 2 1 0 0 0 0 1 0 15 0 1 0 1 0 0 0 0
761.7 2 3 2 2 0 0 0 0 1 0 14 0 1 0 0 0 0 0 0
767.92 2 3 1 1 0 1 0 0 1 0 15 0 1 0 0 0 0 0 0
792.227 2 4 1 1 0 1 0 0 1 0 14 0 0 0 0 0 0 0 0
807.925 2 4 2 1 0 0 0 0 1 0 14 0 0 0 1 0 0 0 0
809.338 1 3 2 1 1 0 0 0 1 0 15 0 0 0 1 0 0 0 0
826.479 1 3 2 2 1 0 0 0 1 0 14 0 0 0 0 0 0 0 0
842.641 1 2 2 2 0 0 0 1 1 0 15 0 0 0 0 0 0 0 0
879.516 0 1 2 2 1 0 0 1 1 0 16 0 0 0 0 0 0 0 0
888.585 0 1 2 2 2 0 0 0 1 0 16 0 1 0 0 0 0 0 0
898.859 0 2 2 2 2 0 0 0 1 0 15 0 0 0 0 0 0 0 0
902.184 0 1 2 2 1 0 0 1 1 0 16 0 0 0 0 0 0 0 0
916.703 1 1 2 2 0 0 0 1 1 0 16 0 1 0 0 0 0 0 0
919.039 1 1 2 2 1 0 0 0 1 0 16 0 2 0 0 0 0 0 0
965.795 2 1 2 2 0 0 0 0 1 0 16 0 3 0 0 0 0 0 0
978.437 2 2 2 2 0 0 0 0 1 0 15 0 2 0 0 0 0 0 0
981.267 2 3 2 2 0 0 0 0 1 0 14 0 1 0 0 0 0 0 0
1011.39 2 3 1 1 0 1 0 0 1 0 15 0 1 0 0 0 0 0 0
1016.42 2 3 2 1 0 0 0 0 1 0 15 0 1 0 1 0 0 0 0
1035.52 2 3 2 1 0 0 1 0 0 0 15 0 2 0 1 0 0 0 0
1046.96 1 2 2 1 1 0 1 0 0 0 16 0 2 0 1 0 0 0 0
1051.39 1 3 2 1 1 0 1 0 0 0 15 0 1 0 1 0 0 0 0
1072.73 1 3 2 2 1 0 1 0 0 0 14 0 1 0 0 0 0 0 0
1101.22 1 2 2 2 0 0 1 1 0 0 15 0 1 0 0 0 0 0 0
1130.58 1 3 2 2 0 0 1 1 0 0 14 0 0 0 0 0 0 0 0
1156.43 1 2 2 2 0 0 0 1 1 0 15 0 0 0 0 0 0 0 0
1169.26 0 1 2 2 1 0 0 1 1 0 16 0 0 0 0 0 0 0 0
1172.7 0 1 1 1 1 1 0 1 1 0 17 0 0 0 0 0 0 0 0
1179.14 0 1 2 1 1 0 0 1 1 0 17 0 0 0 1 0 0 0 0
1187.4 0 1 2 2 1 0 0 1 1 0 16 0 0 0 0 0 0 0 0
1188.14 1 1 2 2 0 0 0 1 1 0 16 0 1 0 0 0 0 0 0
1231.92 1 2 2 2 0 0 0 1 1 0 15 0 0 0 0 0 0 0 0
1299.52 0 1 2 2 1 0 0 1 1 0 16 0 0 0 0 0 0 0 0
1337.68 0 1 2 2 2 0 0 0 1 0 16 0 1 0 0 0 0 0 0
1343.67 1 1 2 2 1 0 0 0 1 0 16 0 2 0 0 0 0 0 0
1361.41 1 2 2 2 1 0 0 0 1 0 15 0 1 0 0 0 0 0 0
1372.02 1 3 2 2 1 0 0 0 1 0 14 0 0 0 0 0 0 0 0
1398.83 1 2 2 2 0 0 0 1 1 0 15 0 0 0 0 0 0 0 0
1415.74 1 2 1 1 0 1 0 1 1 0 16 0 0 0 0 0 0 0 0
1418.21 1 2 1 1 1 1 0 0 1 0 16 0 1 0 0 0 0 0 0
1451.87 2 2 1 1 0 1 0 0 1 0 16 0 2 0 0 0 0 0 0
1466.86 2 3 1 1 0 1 0 0 1 0 15 0 1 0 0 0 0 0 0
1482.77 1 2 1 1 1 1 0 0 1 0 16 0 1 0 0 0 0 0 0
1483.24 1 2 0 0 1 2 0 0 1 0 17 0 1 0 0 0 0 0 0
1485.39 1 2 1 0 1 1 0 0 1 0 17 0 1 0 1 0 0 0 0
1486.97 1 2 1 1 1 1 0 0 1 0 16 0 1 0 0 0 0 0 0
1504.75 1 3 1 1 1 1 0 0 1 0 15 0 0 0 0 0 0 0 0
1517.14 1 2 1 1 0 1 0 1 1 0 16 0 0 0 0 0 0 0 0
1587.16 1 2 1 1 1 1 0 0 1 0 16 0 1 0 0 0 0 0 0
1604.93 1 3 1 1 1 1 0 0 1 0 15 0 0 0 0 0 0 0 0
1657.36 1 2 1 1 0 1 0 1 1 0 16 0 0 0 0 0 0 0 0
1681.41 1 2 2 1 0 0 0 1 1 0 16 0 0 0 1 0 0 0 0
1735.99 1 2 2 2 0 0 0 1 1 0 15 0 0 0 0 0 0 0 0
1862.05 1 2 1 1 0 1 0 1 1 0 16 0 0 0 0 0 0 0 0
1949.56 1 2 1 1 1 1 0 0 1 0 16 0 1 0 0 0 0 0 0
1961.59 1 2 1 1 0 0 1 0 1 0 17 0 1 0 0 0 0 0 0
1990.28 1 3 1 1 0 0 1 0 1 0 16 0 0 0 0 0 0 0 0
1994.65 1 2 1 1 0 0 0 0 2 0 17 0 0 0 0 0 0 0 0
2023.33 1 2 0 0 0 1 0 0 2 0 18 0 0 0 0 0 0 0 0
2051.1 1 2 1 0 0 0 0 0 2 0 18 0 0 0 1 0 0 0 0
2073.22 1 2 1 1 0 0 0 0 2 0 17 0 0 0 0 0 0 0 0
2168.4 1 2 0 0 0 1 0 0 2 0 18 0 0 0 0 0 0 0 0
2230.36 1 2 1 0 0 0 0 0 2 0 18 0 0 0 1 0 0 0 0
2231.05 1 2 1 1 0 0 0 0 2 0 17 0 0 0 0 0 0 0 0
2278.26 0 1 1 1 1 0 0 0 2 0 18 0 0 0 0 0 0 0 0
2341.02 1 1 1 1 0 0 0 0 2 0 18 0 1 0 0 0 0 0 0
2351.96 1 2 1 1 0 0 0 0 2 0 17 0 0 0 0 0 0 0 0
2511.41 1 2 0 0 0 1 0 0 2 0 18 0 0 0 0 0 0 0 0
2568.96 0 1 0 0 1 1 0 0 2 0 19 0 0 0 0 0 0 0 0
2606.04 1 1 0 0 0 1 0 0 2 0 19 0 1 0 0 0 0 0 0
2642.1 1 2 0 0 0 1 0 0 2 0 18 0 0 0 0 0 0 0 0
2673.66 0 1 0 0 1 1 0 0 2 0 19 0 0 0 0 0 0 0 0
2710.28 1 1 0 0 0 1 0 0 2 0 19 0 1 0 0 0 0 0 0
2712.5 0 0 0 0 1 1 0 0 2 0 20 0 1 0 0 0 0 0 0
2726.52 0 1 0 0 1 1 0 0 2 0 19 0 0 0 0 0 0 0 0
2743.47 1 1 0 0 0 1 0 0 2 0 19 0 1 0 0 0 0 0 0
2821.68 1 2 0 0 0 1 0 0 2 0 18 0 0 0 0 0 0 0 0
2900.73 0 1 0 0 1 1 0 0 2 0 19 0 0 0 0 0 0 0 0
2908.04 1 1 0 0 0 1 0 0 2 0 19 0 1 0 0 0 0 0 0
2910.17 1 2 0 0 0 1 0 0 2 0 18 0 0 0 0 0 0 0 0
2958.94 0 1 0 0 1 1 0 0 2 0 19 0 0 0 0 0 0 0 0
3067.07 0 1 0 0 0 0 1 0 2 0 20 0 0 0 0 0 0 0 0
3100.34 0 0 0 0 0 0 0 0 3 0 21 0 0 0 0 0 0 0 0
3244.75 0 0 0 0 0 0 1 0 2 0 21 0 1 0 0 0 0 0 0
3263.4 0 1 0 0 0 0 1 0 2 0 20 0 0 0 0 0 0 0 0
3316.43 0 1 0 0 0 1 0 0 2 0 20 0 0 0 0 1 0 0 0
3324.42 0 1 0 0 1 1 0 0 2 0 19 0 0 0 0 0 0 0 0
3328.94 0 1 1 0 1 0 0 0 2 0 19 0 0 0 1 0 0 0 0
3333.51 0 1 1 1 1 0 0 0 2 0 18 0 0 0 0 0 0 0 0
3334.94 0 1 0 0 1 1 0 0 2 0 19 0 0 0 0 0 0 0 0
3372.73 1 1 0 0 0 1 0 0 2 0 19 0 1 0 0 0 0 0 0
3376.97 1 2 0 0 0 1 0 0 2 0 18 0 0 0 0 0 0 0 0
3430.03 0 1 0 0 1 1 0 0 2 0 19 0 0 0 0 0 0 0 0
3441.07 1 1 0 0 0 1 0 0 2 0 19 0 1 0 0 0 0 0 0
3460.78 1 2 0 0 0 1 0 0 2 0 18 0 0 0 0 0 0 0 0
3494.72 1 2 1 0 0 0 0 0 2 0 18 0 0 0 1 0 0 0 0
3503.36 1 2 1 1 0 0 0 0 2 0 17 0 0 0 0 0 0 0 0
3515.36 0 1 1 1 1 0 0 0 2 0 18 0 0 0 0 0 0 0 0
3523.45 1 1 1 1 0 0 0 0 2 0 18 0 1 0 0 0 0 0 0
3535.24 1 2 1 1 0 0 0 0 2 0 17 0 0 0 0 0 0 0 0
3586.92 0 1 1 1 1 0 0 0 2 0 18 0 0 0 0 0 0 0 0
3599.52 0 0 1 1 0 0 0 1 2 0 19 0 0 0 0 0 0 0 0
3655.75 0 0 1 1 1 0 0 0 2 0 19 0 1 0 0 0 0 0 0
3683.77 1 0 1 1 0 0 0 0 2 0 19 0 2 0 0 0 0 0 0
3696.65 1 1 1 1 0 0 0 0 2 0 18 0 1 0 0 0 0 0 0
3722.98 1 2 1 1 0 0 0 0 2 0 17 0 0 0 0 0 0 0 0
3761.01 0 1 1 1 1 0 0 0 2 0 18 0 0 0 0 0 0 0 0
3765.09 0 1 0 0 1 1 0 0 2 0 19 0 0 0 0 0 0 0 0
3818.11 1 1 0 0 0 1 0 0 2 0 19 0 1 0 0 0 0 0 0
3839.96 1 2 0 0 0 1 0 0 2 0 18 0 0 0 0 0 0 0 0
3953.77 1 2 0 0 0 1 1 0 1 0 18 0 1 0 0 0 0 0 0
3971.24 1 3 0 0 0 1 1 0 1 0 17 0 0 0 0 0 0 0 0
3992.66 0 2 0 0 1 1 1 0 1 0 18 0 0 0 0 0 0 0 0
3992.66 0 2 0 0 1 1 1 0 1 0 18 0 0 0 0 0 0 0 0
