0 0 0 0 0 0 0 0 0 0 0 24 3 6 3 3 0 0 0 0
1.42264 0 1 0 0 0 0 0 0 0 0 23 3 5 3 3 0 0 0 0
2.73008 1 1 0 0 0 0 0 0 0 0 22 2 5 3 3 0 0 0 0
3.6781 1 1 1 0 0 0 0 0 0 0 21 2 5 2 3 0 0 0 0
3.68765 1 2 1 0 0 0 0 0 0 0 20 2 4 2 3 0 0 0 0
4.13984 1 2 2 0 0 0 0 0 0 0 19 2 4 1 3 0 0 0 0
4.85952 1 3 2 0 0 0 0 0 0 0 18 2 3 1 3 0 0 0 0
4.92445 1 3 2 1 0 0 0 0 0 0 17 2 3 1 2 0 0 0 0
5.59244 1 4 2 1 0 0 0 0 0 0 16 2 2 1 2 0 0 0 0
8.06259 2 4 2 1 0 0 0 0 0 0 15 1 2 1 2 0 0 0 0
8.49245 2 5 2 1 0 0 0 0 0 0 14 1 1 1 2 0 0 0 0
10.0604 2 6 2 1 0 0 0 0 0 0 13 1 0 1 2 0 0 0 0
10.8776 2 6 3 1 0 0 0 0 0 0 12 1 0 0 2 0 0 0 0
12.3872 2 6 3 2 0 0 0 0 0 0 11 1 0 0 1 0 0 0 0
14.8168 2 6 2 1 0 1 0 0 0 0 12 1 0 0 1 0 0 0 0
16.4228 1 5 2 1 1 1 0 0 0 0 13 1 0 0 1 0 0 0 0
22.216 1 5 1 0 1 2 0 0 0 0 14 1 0 0 1 0 0 0 0
25.6937 1 5 1 1 1 2 0 0 0 0 13 1 0 0 0 0 0 0 0
36.8614 1 5 0 0 1 3 0 0 0 0 14 1 0 0 0 0 0 0 0
40.9499 1 4 0 0 0 3 0 1 0 0 15 1 0 0 0 0 0 0 0
47.876 1 4 1 0 0 2 0 1 0 0 15 1 0 0 1 0 0 0 0
79.0332 1 4 2 0 0 1 0 1 0 0 15 1 0 0 2 0 0 0 0
104.445 0 3 2 0 1 1 0 1 0 0 16 1 0 0 2 0 0 0 0
120.347 0 3 2 1 1 1 0 1 0 0 15 1 0 0 1 0 0 0 0
129.308 1 3 2 1 1 1 0 1 0 0 14 0 0 0 1 0 0 0 0
129.809 1 2 2 1 0 1 0 2 0 0 15 0 0 0 1 0 0 0 0
154.759 1 2 2 2 0 1 0 2 0 0 14 0 0 0 0 0 0 0 0
163.232 0 1 2 2 1 1 0 2 0 0 15 0 0 0 0 0 0 0 0
187.353 1 1 2 2 0 1 0 2 0 0 15 0 1 0 0 0 0 0 0
189.524 1 2 2 2 0 1 0 2 0 0 14 0 0 0 0 0 0 0 0
191.308 1 2 2 2 1 1 0 1 0 0 14 0 1 0 0 0 0 0 0
217.276 2 2 2 2 0 1 0 1 0 0 14 0 2 0 0 0 0 0 0
218.761 2 3 2 2 0 1 0 1 0 0 13 0 1 0 0 0 0 0 0
233.929 1 2 2 2 1 1 0 1 0 0 14 0 1 0 0 0 0 0 0
235.009 1 3 2 2 1 1 0 1 0 0 13 0 0 0 0 0 0 0 0
244.706 1 2 2 2 0 1 0 2 0 0 14 0 0 0 0 0 0 0 0
263.813 1 2 3 2 0 0 0 2 0 0 14 0 0 0 1 0 0 0 0
268.036 1 2 3 2 1 0 0 1 0 0 14 0 1 0 1 0 0 0 0
273.186 1 2 3 3 1 0 0 1 0 0 13 0 1 0 0 0 0 0 0
287.402 1 3 3 3 1 0 0 1 0 0 12 0 0 0 0 0 0 0 0
299.067 1 3 2 2 1 1 0 1 0 0 13 0 0 0 0 0 0 0 0
329.172 2 3 2 2 0 1 0 1 0 0 13 0 1 0 0 0 0 0 0
330.522 2 4 2 2 0 1 0 1 0 0 12 0 0 0 0 0 0 0 0
339.865 1 3 2 2 1 1 0 1 0 0 13 0 0 0 0 0 0 0 0
360.459 1 2 2 2 0 1 0 2 0 0 14 0 0 0 0 0 0 0 0
422.807 1 2 1 1 0 2 0 2 0 0 15 0 0 0 0 0 0 0 0
463.826 1 2 0 0 0 3 0 2 0 0 16 0 0 0 0 0 0 0 0
472.948 1 2 0 0 1 3 0 1 0 0 16 0 1 0 0 0 0 0 0
474.511 1 3 0 0 1 3 0 1 0 0 15 0 0 0 0 0 0 0 0
498.166 1 3 1 0 1 2 0 1 0 0 15 0 0 0 1 0 0 0 0
500.691 1 3 1 0 2 2 0 0 0 0 15 0 1 0 1 0 0 0 0
511.695 1 3 1 0 1 1 1 0 0 0 16 0 1 0 1 0 0 0 0
526.209 1 3 1 1 1 1 1 0 0 0 15 0 1 0 0 0 0 0 0
532.615 1 4 1 1 1 1 1 0 0 0 14 0 0 0 0 0 0 0 0
537.098 2 4 1 1 0 1 1 0 0 0 14 0 1 0 0 0 0 0 0
544.033 1 3 1 1 1 1 1 0 0 0 15 0 1 0 0 0 0 0 0
544.098 1 4 1 1 1 1 1 0 0 0 14 0 0 0 0 0 0 0 0
549.02 1 4 2 1 1 0 1 0 0 0 14 0 0 0 1 0 0 0 0
557.826 1 3 2 1 1 0 0 0 1 0 15 0 0 0 1 0 0 0 0
558.201 1 3 2 2 1 0 0 0 1 0 14 0 0 0 0 0 0 0 0
565.511 0 2 2 2 2 0 0 0 1 0 15 0 0 0 0 0 0 0 0
569.318 1 2 2 2 1 0 0 0 1 0 15 0 1 0 0 0 0 0 0
595.824 2 2 2 2 0 0 0 0 1 0 15 0 2 0 0 0 0 0 0
599.076 2 3 2 2 0 0 0 0 1 0 14 0 1 0 0 0 0 0 0
627.689 2 4 2 2 0 0 0 0 1 0 13 0 0 0 0 0 0 0 0
636.864 2 4 1 1 0 1 0 0 1 0 14 0 0 0 0 0 0 0 0
655.961 2 4 2 1 0 0 0 0 1 0 14 0 0 0 1 0 0 0 0
699.849 2 4 2 2 0 0 0 0 1 0 13 0 0 0 0 0 0 0 0
705.984 1 3 2 2 1 0 0 0 1 0 14 0 0 0 0 0 0 0 0
728.09 1 2 2 2 0 0 0 1 1 0 15 0 0 0 0 0 0 0 0
760.076 1 2 2 2 1 0 0 0 1 0 15 0 1 0 0 0 0 0 0
765.707 2 2 2 2 0 0 0 0 1 0 15 0 2 0 0 0 0 0 0
771.966 2 3 2 2 0 0 0 0 1 0 14 0 1 0 0 0 0 0 0
792.313 2 4 2 2 0 0 0 0 1 0 13 0 0 0 0 0 0 0 0
804.342 1 3 2 2 1 0 0 0 1 0 14 0 0 0 0 0 0 0 0
813.109 1 3 1 1 1 1 0 0 1 0 15 0 0 0 0 0 0 0 0
839.706 1 2 1 1 0 1 0 1 1 0 16 0 0 0 0 0 0 0 0
912.562 1 2 1 1 0 0 0 0 1 1 17 0 0 0 0 0 0 0 0
938.1 1 2 0 0 0 1 0 0 1 1 18 0 0 0 0 0 0 0 0
1008.06 1 2 1 0 0 0 0 0 1 1 18 0 0 0 1 0 0 0 0
1015.16 0 1 1 0 1 0 0 0 1 1 19 0 0 0 1 0 0 0 0
1017.65 1 1 1 0 0 0 0 0 1 1 19 0 1 0 1 0 0 0 0
1018.54 1 1 1 1 0 0 0 0 1 1 18 0 1 0 0 0 0 0 0
1022.03 1 2 1 1 0 0 0 0 1 1 17 0 0 0 0 0 0 0 0
1084.52 0 1 1 1 1 0 0 0 1 1 18 0 0 0 0 0 0 0 0
1143.33 1 1 1 1 0 0 0 0 1 1 18 0 1 0 0 0 0 0 0
1200.67 1 2 1 1 0 0 0 0 1 1 17 0 0 0 0 0 0 0 0
1317.21 1 2 0 0 0 1 0 0 1 1 18 0 0 0 0 0 0 0 0
1420.06 1 2 1 0 0 0 0 0 1 1 18 0 0 0 1 0 0 0 0
1430.23 1 2 1 1 0 0 0 0 1 1 17 0 0 0 0 0 0 0 0
1449.95 0 1 1 1 1 0 0 0 1 1 18 0 0 0 0 0 0 0 0
1522.45 0 1 0 0 1 1 0 0 1 1 19 0 0 0 0 0 0 0 0
1533.37 1 1 0 0 0 1 0 0 1 1 19 0 1 0 0 0 0 0 0
1548.15 1 2 0 0 0 1 0 0 1 1 18 0 0 0 0 0 0 0 0
1695.76 1 2 1 0 0 0 0 0 1 1 18 0 0 0 1 0 0 0 0
1716.18 1 2 1 1 0 0 0 0 1 1 17 0 0 0 0 0 0 0 0
1731.27 0 1 1 1 1 0 0 0 1 1 18 0 0 0 0 0 0 0 0
1862.55 1 1 1 1 0 0 0 0 1 1 18 0 1 0 0 0 0 0 0
1903.14 1 2 1 1 0 0 0 0 1 1 17 0 0 0 0 0 0 0 0
1970.48 1 2 0 0 0 1 0 0 1 1 18 0 0 0 0 0 0 0 0
2155.74 1 2 1 0 0 0 0 0 1 1 18 0 0 0 1 0 0 0 0
2167.81 0 1 1 0 1 0 0 0 1 1 19 0 0 0 1 0 0 0 0
2176.44 0 1 1 1 1 0 0 0 1 1 18 0 0 0 0 0 0 0 0
2187.07 1 1 1 1 0 0 0 0 1 1 18 0 1 0 0 0 0 0 0
2205.52 1 2 1 1 0 0 0 0 1 1 17 0 0 0 0 0 0 0 0
2249.65 0 1 1 1 1 0 0 0 1 1 18 0 0 0 0 0 0 0 0
2266.63 1 1 1 1 0 0 0 0 1 1 18 0 1 0 0 0 0 0 0
2292.35 1 2 1 1 0 0 0 0 1 1 17 0 0 0 0 0 0 0 0
2595.01 1 2 0 0 0 1 0 0 1 1 18 0 0 0 0 0 0 0 0
2609.74 0 1 0 0 1 1 0 0 1 1 19 0 0 0 0 0 0 0 0
2627.43 1 1 0 0 0 1 0 0 1 1 19 0 1 0 0 0 0 0 0
2627.91 1 2 0 0 0 1 0 0 1 1 18 0 0 0 0 0 0 0 0
2685.49 0 1 0 0 1 1 0 0 1 1 19 0 0 0 0 0 0 0 0
2736.39 1 1 0 0 0 1 0 0 1 1 19 0 1 0 0 0 0 0 0
2738.54 1 2 0 0 0 1 0 0 1 1 18 0 0 0 0 0 0 0 0
2835.3 1 2 0 0 0 1 1 0 0 1 18 0 1 0 0 0 0 0 0
2850.4 1 3 0 0 0 1 1 0 0 1 17 0 0 0 0 0 0 0 0
2931.02 1 3 0 0 0 2 0 0 0 1 17 0 0 0 0 1 0 0 0
2937.72 1 3 0 0 1 2 0 0 0 1 16 0 0 0 0 0 0 0 0
2942.86 0 2 0 0 2 2 0 0 0 1 17 0 0 0 0 0 0 0 0
2962.69 1 2 0 0 1 2 0 0 0 1 17 0 1 0 0 0 0 0 0
2975.76 1 3 0 0 1 2 0 0 0 1 16 0 0 0 0 0 0 0 0
3008.92 2 3 0 0 0 2 0 0 0 1 16 0 1 0 0 0 0 0 0
3031.2 1 2 0 0 1 2 0 0 0 1 17 0 1 0 0 0 0 0 0
3042.5 0 1 0 0 2 2 0 0 0 1 18 0 1 0 0 0 0 0 0
3052.47 0 2 0 0 2 2 0 0 0 1 17 0 0 0 0 0 0 0 0
3073.89 1 2 0 0 1 2 0 0 0 1 17 0 1 0 0 0 0 0 0
3086.25 1 3 0 0 1 2 0 0 0 1 16 0 0 0 0 0 0 0 0
3106.02 2 3 0 0 0 2 0 0 0 1 16 0 1 0 0 0 0 0 0
3129.78 1 2 0 0 1 2 0 0 0 1 17 0 1 0 0 0 0 0 0
3148.23 1 2 1 0 1 1 0 0 0 1 17 0 1 0 1 0 0 0 0
3163.78 1 3 1 0 1 1 0 0 0 1 16 0 0 0 1 0 0 0 0
3181.78 1 2 1 0 0 1 0 1 0 1 17 0 0 0 1 0 0 0 0
3191.63 1 2 1 1 0 1 0 1 0 1 16 0 0 0 0 0 0 0 0
3270.69 1 2 0 0 0 2 0 1 0 1 17 0 0 0 0 0 0 0 0
3271.57 1 2 0 0 0 1 0 0 0 2 18 0 0 0 0 0 0 0 0
3302.12 0 1 0 0 1 1 0 0 0 2 19 0 0 0 0 0 0 0 0
3353.81 0 1 1 0 1 0 0 0 0 2 19 0 0 0 1 0 0 0 0
3355.61 0 1 1 1 1 0 0 0 0 2 18 0 0 0 0 0 0 0 0
3356.44 1 1 1 1 0 0 0 0 0 2 18 0 1 0 0 0 0 0 0
3375.55 1 2 1 1 0 0 0 0 0 2 17 0 0 0 0 0 0 0 0
3545.68 0 1 1 1 1 0 0 0 0 2 18 0 0 0 0 0 0 0 0
3564.2 1 1 1 1 0 0 0 0 0 2 18 0 1 0 0 0 0 0 0
3595.67 1 2 1 1 0 0 0 0 0 2 17 0 0 0 0 0 0 0 0
3933.97 0 1 1 1 1 0 0 0 0 2 18 0 0 0 0 0 0 0 0
3933.97 0 1 1 1 1 0 0 0 0 2 18 0 0 0 0 0 0 0 0
