0 0 0 0 0 0 0 0 0 0 0 24 3 6 3 3 0 0 0 0
2.12182 0 1 0 0 0 0 0 0 0 0 23 3 5 3 3 0 0 0 0
2.56286 0 2 0 0 0 0 0 0 0 0 22 3 4 3 3 0 0 0 0
4.44954 1 2 0 0 0 0 0 0 0 0 21 2 4 3 3 0 0 0 0
4.6464 1 2 1 0 0 0 0 0 0 0 20 2 4 2 3 0 0 0 0
9.83732 0 1 1 0 1 0 0 0 0 0 21 2 4 2 3 0 0 0 0
13.5854 0 1 2 0 1 0 0 0 0 0 20 2 4 1 3 0 0 0 0
13.9726 0 1 2 1 1 0 0 0 0 0 19 2 4 1 2 0 0 0 0
14.7195 1 1 2 1 0 0 0 0 0 0 19 2 5 1 2 0 0 0 0
20.326 1 2 2 1 0 0 0 0 0 0 18 2 4 1 2 0 0 0 0
20.9475 1 2 2 2 0 0 0 0 0 0 17 2 4 1 1 0 0 0 0
20.9477 1 3 2 2 0 0 0 0 0 0 16 2 3 1 1 0 0 0 0
21.5642 1 4 2 2 0 0 0 0 0 0 15 2 2 1 1 0 0 0 0
21.6745 2 4 2 2 0 0 0 0 0 0 14 1 2 1 1 0 0 0 0
27.1694 2 5 2 2 0 0 0 0 0 0 13 1 1 1 1 0 0 0 0
27.9639 2 6 2 2 0 0 0 0 0 0 12 1 0 1 1 0 0 0 0
32.9245 1 5 2 2 1 0 0 0 0 0 13 1 0 1 1 0 0 0 0
33.8911 1 4 2 2 0 0 0 1 0 0 14 1 0 1 1 0 0 0 0
41.3109 1 4 1 1 0 1 0 1 0 0 15 1 0 1 1 0 0 0 0
47.8234 2 4 1 1 0 1 0 1 0 0 14 0 0 1 1 0 0 0 0
49.99 2 4 2 1 0 1 0 1 0 0 13 0 0 0 1 0 0 0 0
65.1537 2 4 2 2 0 1 0 1 0 0 12 0 0 0 0 0 0 0 0
108.69 1 3 2 2 1 1 0 1 0 0 13 0 0 0 0 0 0 0 0
114.378 1 3 3 2 1 0 0 1 0 0 13 0 0 0 1 0 0 0 0
133.278 1 3 3 3 1 0 0 1 0 0 12 0 0 0 0 0 0 0 0
154.651 1 3 3 3 2 0 0 0 0 0 12 0 1 0 0 0 0 0 0
157.667 1 3 2 2 2 1 0 0 0 0 13 0 1 0 0 0 0 0 0
165.43 2 3 2 2 1 1 0 0 0 0 13 0 2 0 0 0 0 0 0
167.599 3 3 2 2 0 1 0 0 0 0 13 0 3 0 0 0 0 0 0
169.554 2 2 2 2 1 1 0 0 0 0 14 0 3 0 0 0 0 0 0
170.531 2 3 2 2 1 1 0 0 0 0 13 0 2 0 0 0 0 0 0
172.925 3 3 2 2 0 1 0 0 0 0 13 0 3 0 0 0 0 0 0
175.371 3 4 2 2 0 1 0 0 0 0 12 0 2 0 0 0 0 0 0
179.33 2 3 2 2 1 1 0 0 0 0 13 0 2 0 0 0 0 0 0
181.282 1 2 2 2 2 1 0 0 0 0 14 0 2 0 0 0 0 0 0
187.804 1 2 3 2 2 0 0 0 0 0 14 0 2 0 1 0 0 0 0
191.359 1 3 3 2 2 0 0 0 0 0 13 0 1 0 1 0 0 0 0
196.399 1 4 3 2 2 0 0 0 0 0 12 0 0 0 1 0 0 0 0
198.084 1 4 2 1 2 1 0 0 0 0 13 0 0 0 1 0 0 0 0
204.709 1 4 2 2 2 1 0 0 0 0 12 0 0 0 0 0 0 0 0
205.66 2 4 2 2 1 1 0 0 0 0 12 0 1 0 0 0 0 0 0
206.086 3 4 2 2 0 1 0 0 0 0 12 0 2 0 0 0 0 0 0
207.492 3 4 1 1 0 2 0 0 0 0 13 0 2 0 0 0 0 0 0
223.777 3 5 1 1 0 2 0 0 0 0 12 0 1 0 0 0 0 0 0
227.15 3 6 1 1 0 2 0 0 0 0 11 0 0 0 0 0 0 0 0
231.386 2 5 1 1 1 2 0 0 0 0 12 0 0 0 0 0 0 0 0
237.616 2 4 1 1 0 2 0 1 0 0 13 0 0 0 0 0 0 0 0
237.963 1 3 1 1 1 2 0 1 0 0 14 0 0 0 0 0 0 0 0
272.585 2 3 1 1 0 2 0 1 0 0 14 0 1 0 0 0 0 0 0
283.327 2 4 1 1 0 2 0 1 0 0 13 0 0 0 0 0 0 0 0
289.71 2 4 2 1 0 1 0 1 0 0 13 0 0 0 1 0 0 0 0
300.434 1 3 2 1 1 1 0 1 0 0 14 0 0 0 1 0 0 0 0
307.821 1 3 2 2 1 1 0 1 0 0 13 0 0 0 0 0 0 0 0
309.771 1 3 2 2 0 0 1 1 0 0 14 0 0 0 0 0 0 0 0
368.219 1 3 1 1 0 1 1 1 0 0 15 0 0 0 0 0 0 0 0
394.191 1 3 1 1 1 1 1 0 0 0 15 0 1 0 0 0 0 0 0
394.496 1 2 1 1 1 1 0 0 1 0 16 0 1 0 0 0 0 0 0
401.037 1 3 1 1 1 1 0 0 1 0 15 0 0 0 0 0 0 0 0
410.653 2 3 1 1 0 1 0 0 1 0 15 0 1 0 0 0 0 0 0
423.499 2 3 0 0 0 2 0 0 1 0 16 0 1 0 0 0 0 0 0
429.108 1 2 0 0 1 2 0 0 1 0 17 0 1 0 0 0 0 0 0
429.84 2 2 0 0 0 2 0 0 1 0 17 0 2 0 0 0 0 0 0
434.324 2 3 0 0 0 2 0 0 1 0 16 0 1 0 0 0 0 0 0
442.95 2 4 0 0 0 2 0 0 1 0 15 0 0 0 0 0 0 0 0
457.812 2 4 1 0 0 1 0 0 1 0 15 0 0 0 1 0 0 0 0
466.695 1 3 1 0 1 1 0 0 1 0 16 0 0 0 1 0 0 0 0
470.153 1 3 1 1 1 1 0 0 1 0 15 0 0 0 0 0 0 0 0
485.478 1 3 0 0 1 2 0 0 1 0 16 0 0 0 0 0 0 0 0
487.526 1 2 0 0 0 2 0 1 1 0 17 0 0 0 0 0 0 0 0
503.172 1 2 0 0 1 2 0 0 1 0 17 0 1 0 0 0 0 0 0
508.094 1 3 0 0 1 2 0 0 1 0 16 0 0 0 0 0 0 0 0
509.135 2 3 0 0 0 2 0 0 1 0 16 0 1 0 0 0 0 0 0
541.332 2 4 0 0 0 2 0 0 1 0 15 0 0 0 0 0 0 0 0
561.042 2 4 1 0 0 1 0 0 1 0 15 0 0 0 1 0 0 0 0
579.966 2 4 1 1 0 1 0 0 1 0 14 0 0 0 0 0 0 0 0
655.715 2 4 2 1 0 0 0 0 1 0 14 0 0 0 1 0 0 0 0
703.563 2 4 2 2 0 0 0 0 1 0 13 0 0 0 0 0 0 0 0
743.752 2 4 1 1 0 1 0 0 1 0 14 0 0 0 0 0 0 0 0
746.224 2 4 0 0 0 2 0 0 1 0 15 0 0 0 0 0 0 0 0
769.644 1 3 0 0 1 2 0 0 1 0 16 0 0 0 0 0 0 0 0
775.691 1 3 1 0 1 1 0 0 1 0 16 0 0 0 1 0 0 0 0
780.487 2 3 1 0 0 1 0 0 1 0 16 0 1 0 1 0 0 0 0
781.543 1 2 1 0 1 1 0 0 1 0 17 0 1 0 1 0 0 0 0
784.688 1 2 1 1 1 1 0 0 1 0 16 0 1 0 0 0 0 0 0
794.532 2 2 1 1 0 1 0 0 1 0 16 0 2 0 0 0 0 0 0
797.6 1 1 1 1 1 1 0 0 1 0 17 0 2 0 0 0 0 0 0
818.707 1 2 1 1 1 1 0 0 1 0 16 0 1 0 0 0 0 0 0
822.941 1 1 1 1 0 1 0 1 1 0 17 0 1 0 0 0 0 0 0
846.163 1 1 2 1 0 0 0 1 1 0 17 0 1 0 1 0 0 0 0
847.148 1 2 2 1 0 0 0 1 1 0 16 0 0 0 1 0 0 0 0
905.132 1 2 2 2 0 0 0 1 1 0 15 0 0 0 0 0 0 0 0
931.488 0 1 2 2 1 0 0 1 1 0 16 0 0 0 0 0 0 0 0
932.241 1 1 2 2 0 0 0 1 1 0 16 0 1 0 0 0 0 0 0
936.729 1 2 2 2 0 0 0 1 1 0 15 0 0 0 0 0 0 0 0
966.249 0 1 2 2 1 0 0 1 1 0 16 0 0 0 0 0 0 0 0
991.134 0 1 1 1 1 1 0 1 1 0 17 0 0 0 0 0 0 0 0
1046.77 0 1 0 0 1 2 0 1 1 0 18 0 0 0 0 0 0 0 0
1056.08 0 1 0 0 2 2 0 0 1 0 18 0 1 0 0 0 0 0 0
1074.59 1 1 0 0 1 2 0 0 1 0 18 0 2 0 0 0 0 0 0
1076.8 1 2 0 0 1 2 0 0 1 0 17 0 1 0 0 0 0 0 0
1084.27 1 2 1 0 1 1 0 0 1 0 17 0 1 0 1 0 0 0 0
1087.55 1 3 1 0 1 1 0 0 1 0 16 0 0 0 1 0 0 0 0
1107.2 2 3 1 0 0 1 0 0 1 0 16 0 1 0 1 0 0 0 0
1109.5 2 4 1 0 0 1 0 0 1 0 15 0 0 0 1 0 0 0 0
1118.5 2 4 1 1 0 1 0 0 1 0 14 0 0 0 0 0 0 0 0
1120.65 1 3 1 1 1 1 0 0 1 0 15 0 0 0 0 0 0 0 0
1128.18 1 2 1 1 0 1 0 1 1 0 16 0 0 0 0 0 0 0 0
1141.5 1 2 2 1 0 0 0 1 1 0 16 0 0 0 1 0 0 0 0
1192.55 1 2 2 2 0 0 0 1 1 0 15 0 0 0 0 0 0 0 0
1214.36 1 2 1 1 0 1 0 1 1 0 16 0 0 0 0 0 0 0 0
1233.17 1 2 1 1 1 1 0 0 1 0 16 0 1 0 0 0 0 0 0
1239.65 1 3 1 1 1 1 0 0 1 0 15 0 0 0 0 0 0 0 0
1242.63 0 2 1 1 2 1 0 0 1 0 16 0 0 0 0 0 0 0 0
1250.47 0 2 1 1 2 1 1 0 0 0 16 0 1 0 0 0 0 0 0
1257.89 1 2 1 1 1 1 1 0 0 0 16 0 2 0 0 0 0 0 0
1262.34 1 3 1 1 1 1 1 0 0 0 15 0 1 0 0 0 0 0 0
1263.89 1 2 1 1 1 1 0 0 1 0 16 0 1 0 0 0 0 0 0
1271.19 0 1 1 1 2 1 0 0 1 0 17 0 1 0 0 0 0 0 0
1275.57 1 1 1 1 1 1 0 0 1 0 17 0 2 0 0 0 0 0 0
1282.11 2 1 1 1 0 1 0 0 1 0 17 0 3 0 0 0 0 0 0
1303.18 2 2 1 1 0 1 0 0 1 0 16 0 2 0 0 0 0 0 0
1305.78 2 3 1 1 0 1 0 0 1 0 15 0 1 0 0 0 0 0 0
1309.63 2 3 2 1 0 0 0 0 1 0 15 0 1 0 1 0 0 0 0
1319.75 2 3 2 2 0 0 0 0 1 0 14 0 1 0 0 0 0 0 0
1321.92 2 4 2 2 0 0 0 0 1 0 13 0 0 0 0 0 0 0 0
1352.12 1 3 2 2 1 0 0 0 1 0 14 0 0 0 0 0 0 0 0
1357.14 2 3 2 2 0 0 0 0 1 0 14 0 1 0 0 0 0 0 0
1401.16 2 4 2 2 0 0 0 0 1 0 13 0 0 0 0 0 0 0 0
1468.37 2 4 1 1 0 1 0 0 1 0 14 0 0 0 0 0 0 0 0
1480.98 1 3 1 1 1 1 0 0 1 0 15 0 0 0 0 0 0 0 0
1566.43 1 3 0 0 1 2 0 0 1 0 16 0 0 0 0 0 0 0 0
1579.52 1 3 1 0 1 1 0 0 1 0 16 0 0 0 1 0 0 0 0
1588.94 0 2 1 0 2 1 0 0 1 0 17 0 0 0 1 0 0 0 0
1589.66 0 1 1 0 1 1 0 1 1 0 18 0 0 0 1 0 0 0 0
1601.1 0 1 2 0 1 0 0 1 1 0 18 0 0 0 2 0 0 0 0
1611.67 0 1 2 1 1 0 0 1 1 0 17 0 0 0 1 0 0 0 0
1614.55 0 0 2 1 0 0 0 2 1 0 18 0 0 0 1 0 0 0 0
1639.97 0 0 2 2 0 0 0 2 1 0 17 0 0 0 0 0 0 0 0
1658.98 0 0 2 2 1 0 0 1 1 0 17 0 1 0 0 0 0 0 0
1669.91 0 0 2 2 2 0 0 0 1 0 17 0 2 0 0 0 0 0 0
1675.37 0 1 2 2 2 0 0 0 1 0 16 0 1 0 0 0 0 0 0
1677.21 1 1 2 2 1 0 0 0 1 0 16 0 2 0 0 0 0 0 0
1681.5 1 2 2 2 1 0 0 0 1 0 15 0 1 0 0 0 0 0 0
1682.64 1 3 2 2 1 0 0 0 1 0 14 0 0 0 0 0 0 0 0
1694.04 1 2 2 2 0 0 0 1 1 0 15 0 0 0 0 0 0 0 0
1746.8 1 2 1 1 0 1 0 1 1 0 16 0 0 0 0 0 0 0 0
1756.55 1 2 1 1 0 1 1 1 0 0 16 0 1 0 0 0 0 0 0
1767.18 1 1 1 1 0 1 0 1 1 0 17 0 1 0 0 0 0 0 0
1772.65 1 1 1 1 1 1 0 0 1 0 17 0 2 0 0 0 0 0 0
1782.98 1 1 1 1 0 0 1 0 1 0 18 0 2 0 0 0 0 0 0
1785.54 1 2 1 1 0 0 1 0 1 0 17 0 1 0 0 0 0 0 0
1796.73 1 3 1 1 0 0 1 0 1 0 16 0 0 0 0 0 0 0 0
1809.25 1 2 1 1 0 0 0 0 2 0 17 0 0 0 0 0 0 0 0
1961.71 0 1 1 1 1 0 0 0 2 0 18 0 0 0 0 0 0 0 0
2007.77 1 1 1 1 0 0 0 0 2 0 18 0 1 0 0 0 0 0 0
2016.37 1 2 1 1 0 0 0 0 2 0 17 0 0 0 0 0 0 0 0
2115.19 0 1 1 1 1 0 0 0 2 0 18 0 0 0 0 0 0 0 0
2210.85 0 1 1 1 1 0 1 0 1 0 18 0 1 0 0 0 0 0 0
2223.05 0 2 1 1 1 0 1 0 1 0 17 0 0 0 0 0 0 0 0
2234 0 2 1 1 1 0 2 0 0 0 17 0 1 0 0 0 0 0 0
2241.29 0 3 1 1 1 0 2 0 0 0 16 0 0 0 0 0 0 0 0
2251.6 0 2 1 1 1 0 1 0 1 0 17 0 0 0 0 0 0 0 0
2267.28 0 2 0 0 1 1 1 0 1 0 18 0 0 0 0 0 0 0 0
2283.41 0 1 0 0 0 1 1 1 1 0 19 0 0 0 0 0 0 0 0
2317.2 0 1 0 0 1 1 1 0 1 0 19 0 1 0 0 0 0 0 0
2330.88 1 1 0 0 0 1 1 0 1 0 19 0 2 0 0 0 0 0 0
2339.7 1 2 0 0 0 1 1 0 1 0 18 0 1 0 0 0 0 0 0
2343.81 1 1 0 0 0 1 0 0 2 0 19 0 1 0 0 0 0 0 0
2354.36 1 2 0 0 0 1 0 0 2 0 18 0 0 0 0 0 0 0 0
2417.29 1 2 1 0 0 0 0 0 2 0 18 0 0 0 1 0 0 0 0
2429.92 0 1 1 0 1 0 0 0 2 0 19 0 0 0 1 0 0 0 0
2436.3 0 1 1 1 1 0 0 0 2 0 18 0 0 0 0 0 0 0 0
2459.01 1 1 1 1 0 0 0 0 2 0 18 0 1 0 0 0 0 0 0
2462.83 1 2 1 1 0 0 0 0 2 0 17 0 0 0 0 0 0 0 0
2489.92 0 1 1 1 1 0 0 0 2 0 18 0 0 0 0 0 0 0 0
2492.11 1 1 1 1 0 0 0 0 2 0 18 0 1 0 0 0 0 0 0
2513.71 1 2 1 1 0 0 0 0 2 0 17 0 0 0 0 0 0 0 0
2566.17 1 2 1 1 0 0 1 0 1 0 17 0 1 0 0 0 0 0 0
2577.95 0 1 1 1 1 0 1 0 1 0 18 0 1 0 0 0 0 0 0
2603.94 0 2 1 1 1 0 1 0 1 0 17 0 0 0 0 0 0 0 0
2609.09 1 2 1 1 0 0 1 0 1 0 17 0 1 0 0 0 0 0 0
2655.34 1 1 1 1 0 0 0 0 2 0 18 0 1 0 0 0 0 0 0
2678.38 1 2 1 1 0 0 0 0 2 0 17 0 0 0 0 0 0 0 0
2771.89 1 2 1 1 0 0 1 0 1 0 17 0 1 0 0 0 0 0 0
2776.1 1 3 1 1 0 0 1 0 1 0 16 0 0 0 0 0 0 0 0
2786.14 0 2 1 1 1 0 1 0 1 0 17 0 0 0 0 0 0 0 0
2793.18 1 2 1 1 0 0 1 0 1 0 17 0 1 0 0 0 0 0 0
2820.16 1 2 1 1 0 1 0 0 1 0 17 0 1 0 0 1 0 0 0
2839.67 0 1 1 1 1 1 0 0 1 0 18 0 1 0 0 1 0 0 0
2850.89 0 1 1 1 2 1 0 0 1 0 17 0 1 0 0 0 0 0 0
2857.29 1 1 1 1 1 1 0 0 1 0 17 0 2 0 0 0 0 0 0
2872.54 1 2 1 1 1 1 0 0 1 0 16 0 1 0 0 0 0 0 0
2876.65 1 3 1 1 1 1 0 0 1 0 15 0 0 0 0 0 0 0 0
2881.04 1 3 0 0 1 2 0 0 1 0 16 0 0 0 0 0 0 0 0
2885.67 1 3 1 0 1 1 0 0 1 0 16 0 0 0 1 0 0 0 0
2911.28 1 3 1 1 1 1 0 0 1 0 15 0 0 0 0 0 0 0 0
2927.54 0 2 1 1 2 1 0 0 1 0 16 0 0 0 0 0 0 0 0
2930.7 1 2 1 1 1 1 0 0 1 0 16 0 1 0 0 0 0 0 0
2976.71 1 1 1 1 0 1 0 1 1 0 17 0 1 0 0 0 0 0 0
2982.87 1 2 1 1 0 1 0 1 1 0 16 0 0 0 0 0 0 0 0
2986.87 1 2 2 1 0 0 0 1 1 0 16 0 0 0 1 0 0 0 0
3020.56 1 2 2 2 0 0 0 1 1 0 15 0 0 0 0 0 0 0 0
3025.79 1 2 1 1 0 1 0 1 1 0 16 0 0 0 0 0 0 0 0
3027.17 0 1 1 1 1 1 0 1 1 0 17 0 0 0 0 0 0 0 0
3046.19 0 1 1 1 1 0 0 0 1 1 18 0 0 0 0 0 0 0 0
3049.24 1 1 1 1 0 0 0 0 1 1 18 0 1 0 0 0 0 0 0
3066.08 1 1 0 0 0 1 0 0 1 1 19 0 1 0 0 0 0 0 0
3069.69 1 1 1 0 0 0 0 0 1 1 19 0 1 0 1 0 0 0 0
3071.79 1 1 1 1 0 0 0 0 1 1 18 0 1 0 0 0 0 0 0
3091.37 1 2 1 1 0 0 0 0 1 1 17 0 0 0 0 0 0 0 0
3143.03 0 1 1 1 1 0 0 0 1 1 18 0 0 0 0 0 0 0 0
3209.57 0 1 0 0 1 1 0 0 1 1 19 0 0 0 0 0 0 0 0
3220.05 0 1 0 0 1 1 1 0 0 1 19 0 1 0 0 0 0 0 0
3223.07 0 2 0 0 1 1 1 0 0 1 18 0 0 0 0 0 0 0 0
3264.73 1 2 0 0 0 1 1 0 0 1 18 0 1 0 0 0 0 0 0
3274.35 0 1 0 0 1 1 1 0 0 1 19 0 1 0 0 0 0 0 0
3275.82 0 2 0 0 1 1 1 0 0 1 18 0 0 0 0 0 0 0 0
3284.22 0 2 1 0 1 0 1 0 0 1 18 0 0 0 1 0 0 0 0
3329.65 0 2 1 1 1 0 1 0 0 1 17 0 0 0 0 0 0 0 0
3336.61 1 2 1 1 0 0 1 0 0 1 17 0 1 0 0 0 0 0 0
3338.89 1 3 1 1 0 0 1 0 0 1 16 0 0 0 0 0 0 0 0
3377.42 0 2 1 1 1 0 1 0 0 1 17 0 0 0 0 0 0 0 0
3383.51 0 1 1 1 1 0 0 0 1 1 18 0 0 0 0 0 0 0 0
3409.91 1 1 1 1 0 0 0 0 1 1 18 0 1 0 0 0 0 0 0
3414.4 1 2 1 1 0 0 0 0 1 1 17 0 0 0 0 0 0 0 0
3555.89 0 1 1 1 1 0 0 0 1 1 18 0 0 0 0 0 0 0 0
3589.08 1 1 1 1 0 0 0 0 1 1 18 0 1 0 0 0 0 0 0
3608.66 1 1 0 0 0 1 0 0 1 1 19 0 1 0 0 0 0 0 0
3626.16 1 1 1 0 0 0 0 0 1 1 19 0 1 0 1 0 0 0 0
3627.82 1 1 1 1 0 0 0 0 1 1 18 0 1 0 0 0 0 0 0
3637.43 1 2 1 1 0 0 0 0 1 1 17 0 0 0 0 0 0 0 0
3688.1 0 1 1 1 1 0 0 0 1 1 18 0 0 0 0 0 0 0 0
3781.77 1 1 1 1 0 0 0 0 1 1 18 0 1 0 0 0 0 0 0
3809.56 1 1 0 0 0 1 0 0 1 1 19 0 1 0 0 0 0 0 0
3811.31 0 0 0 0 1 1 0 0 1 1 20 0 1 0 0 0 0 0 0
3819.28 0 1 0 0 1 1 0 0 1 1 19 0 0 0 0 0 0 0 0
3828.69 0 1 1 0 1 0 0 0 1 1 19 0 0 0 1 0 0 0 0
3861.58 0 1 1 1 1 0 0 0 1 1 18 0 0 0 0 0 0 0 0
3950 1 1 1 1 0 0 0 0 1 1 18 0 1 0 0 0 0 0 0
3990.06 1 2 1 1 0 0 0 0 1 1 17 0 0 0 0 0 0 0 0
3990.06 1 2 1 1 0 0 0 0 1 1 17 0 0 0 0 0 0 0 0
