0 0 0 0 0 0 0 0 0 0 0 24 3 6 3 3 0 0 0 0
0.170382 0 0 0 1 0 0 0 0 0 0 23 3 6 3 2 0 0 0 0
7.84438 1 0 0 1 0 0 0 0 0 0 22 2 6 3 2 0 0 0 0
8.00068 1 0 0 2 0 0 0 0 0 0 21 2 6 3 1 0 0 0 0
8.19234 1 0 1 2 0 0 0 0 0 0 20 2 6 2 1 0 0 0 0
8.24913 1 1 1 2 0 0 0 0 0 0 19 2 5 2 1 0 0 0 0
8.66192 1 2 1 2 0 0 0 0 0 0 18 2 4 2 1 0 0 0 0
8.84606 1 3 1 2 0 0 0 0 0 0 17 2 3 2 1 0 0 0 0
9.52123 2 3 1 2 0 0 0 0 0 0 16 1 3 2 1 0 0 0 0
13.1752 2 3 1 3 0 0 0 0 0 0 15 1 3 2 0 0 0 0 0
13.1946 3 3 1 3 0 0 0 0 0 0 14 0 3 2 0 0 0 0 0
17.7159 2 2 1 3 1 0 0 0 0 0 15 0 3 2 0 0 0 0 0
21.8839 2 3 1 3 1 0 0 0 0 0 14 0 2 2 0 0 0 0 0
22.7621 2 4 1 3 1 0 0 0 0 0 13 0 1 2 0 0 0 0 0
30.3461 1 3 1 3 2 0 0 0 0 0 14 0 1 2 0 0 0 0 0
33.8364 2 3 1 3 1 0 0 0 0 0 14 0 2 2 0 0 0 0 0
39.6236 2 4 1 3 1 0 0 0 0 0 13 0 1 2 0 0 0 0 0
51.1144 3 4 1 3 0 0 0 0 0 0 13 0 2 2 0 0 0 0 0
56.1867 2 3 1 3 1 0 0 0 0 0 14 0 2 2 0 0 0 0 0
64.2018 2 4 1 3 1 0 0 0 0 0 13 0 1 2 0 0 0 0 0
65.533 2 4 0 2 1 1 0 0 0 0 14 0 1 2 0 0 0 0 0
66.3035 2 4 1 2 1 1 0 0 0 0 13 0 1 1 0 0 0 0 0
72.8208 2 4 2 2 1 1 0 0 0 0 12 0 1 0 0 0 0 0 0
93.6974 1 3 2 2 2 1 0 0 0 0 13 0 1 0 0 0 0 0 0
94.0446 2 3 2 2 1 1 0 0 0 0 13 0 2 0 0 0 0 0 0
108.699 2 4 2 2 1 1 0 0 0 0 12 0 1 0 0 0 0 0 0
112.254 3 4 2 2 0 1 0 0 0 0 12 0 2 0 0 0 0 0 0
112.58 2 3 2 2 1 1 0 0 0 0 13 0 2 0 0 0 0 0 0
125.719 2 4 2 2 1 1 0 0 0 0 12 0 1 0 0 0 0 0 0
129.627 3 4 2 2 0 1 0 0 0 0 12 0 2 0 0 0 0 0 0
130.913 2 3 2 2 1 1 0 0 0 0 13 0 2 0 0 0 0 0 0
132.385 2 3 1 1 1 2 0 0 0 0 14 0 2 0 0 0 0 0 0
135.525 1 2 1 1 2 2 0 0 0 0 15 0 2 0 0 0 0 0 0
139.113 1 2 1 1 1 1 1 0 0 0 16 0 2 0 0 0 0 0 0
158.256 1 3 1 1 1 1 1 0 0 0 15 0 1 0 0 0 0 0 0
166.748 1 4 1 1 1 1 1 0 0 0 14 0 0 0 0 0 0 0 0
213.208 1 3 1 1 1 1 0 0 1 0 15 0 0 0 0 0 0 0 0
224.277 1 2 1 1 0 1 0 1 1 0 16 0 0 0 0 0 0 0 0
286.914 1 2 1 1 0 1 1 1 0 0 16 0 1 0 0 0 0 0 0
291.571 1 2 0 0 0 2 1 1 0 0 17 0 1 0 0 0 0 0 0
312.878 1 3 0 0 0 2 1 1 0 0 16 0 0 0 0 0 0 0 0
364.415 1 3 0 0 1 2 1 0 0 0 16 0 1 0 0 0 0 0 0
372.186 0 2 0 0 2 2 1 0 0 0 17 0 1 0 0 0 0 0 0
372.548 0 2 1 0 2 1 1 0 0 0 17 0 1 0 1 0 0 0 0
373.697 0 3 1 0 2 1 1 0 0 0 16 0 0 0 1 0 0 0 0
390.74 0 3 1 1 2 1 1 0 0 0 15 0 0 0 0 0 0 0 0
392.733 0 3 1 1 2 2 0 0 0 0 15 0 0 0 0 1 0 0 0
393.316 1 3 1 1 1 2 0 0 0 0 15 0 1 0 0 1 0 0 0
393.498 1 4 1 1 1 2 0 0 0 0 14 0 0 0 0 1 0 0 0
398.601 0 3 1 1 2 2 0 0 0 0 15 0 0 0 0 1 0 0 0
407.868 0 3 1 1 1 1 1 0 0 0 16 0 0 0 0 1 0 0 0
408.092 1 3 1 1 0 1 1 0 0 0 16 0 1 0 0 1 0 0 0
417.517 1 4 1 1 0 1 1 0 0 0 15 0 0 0 0 1 0 0 0
419.931 1 4 1 1 0 2 0 0 0 0 15 0 0 0 0 2 0 0 0
435.183 1 4 1 1 1 2 0 0 0 0 14 0 0 0 0 1 0 0 0
439.958 2 4 1 1 0 2 0 0 0 0 14 0 1 0 0 1 0 0 0
448.532 2 5 1 1 0 2 0 0 0 0 13 0 0 0 0 1 0 0 0
466.369 2 5 1 1 1 2 0 0 0 0 12 0 0 0 0 0 0 0 0
470.14 1 4 1 1 2 2 0 0 0 0 13 0 0 0 0 0 0 0 0
477.45 2 4 1 1 1 2 0 0 0 0 13 0 1 0 0 0 0 0 0
479.263 2 4 2 1 1 1 0 0 0 0 13 0 1 0 1 0 0 0 0
489.322 2 5 2 1 1 1 0 0 0 0 12 0 0 0 1 0 0 0 0
494.337 1 4 2 1 2 1 0 0 0 0 13 0 0 0 1 0 0 0 0
508.761 2 4 2 1 1 1 0 0 0 0 13 0 1 0 1 0 0 0 0
511.258 2 4 2 2 1 1 0 0 0 0 12 0 1 0 0 0 0 0 0
515.672 1 3 2 2 2 1 0 0 0 0 13 0 1 0 0 0 0 0 0
517.203 2 3 2 2 1 1 0 0 0 0 13 0 2 0 0 0 0 0 0
523.748 2 3 1 1 1 2 0 0 0 0 14 0 2 0 0 0 0 0 0
537.772 2 2 1 1 0 2 0 1 0 0 15 0 2 0 0 0 0 0 0
540.527 2 2 1 1 1 2 0 0 0 0 15 0 3 0 0 0 0 0 0
541.775 2 2 2 1 1 1 0 0 0 0 15 0 3 0 1 0 0 0 0
543.124 3 2 2 1 0 1 0 0 0 0 15 0 4 0 1 0 0 0 0
558.142 2 1 2 1 1 1 0 0 0 0 16 0 4 0 1 0 0 0 0
570.247 2 2 2 1 1 1 0 0 0 0 15 0 3 0 1 0 0 0 0
578.282 2 3 2 1 1 1 0 0 0 0 14 0 2 0 1 0 0 0 0
585.458 1 2 2 1 2 1 0 0 0 0 15 0 2 0 1 0 0 0 0
596.134 1 3 2 1 2 1 0 0 0 0 14 0 1 0 1 0 0 0 0
598.44 1 4 2 1 2 1 0 0 0 0 13 0 0 0 1 0 0 0 0
600.204 1 4 2 2 2 1 0 0 0 0 12 0 0 0 0 0 0 0 0
612.434 1 3 2 2 1 1 0 1 0 0 13 0 0 0 0 0 0 0 0
617.814 1 3 2 2 2 1 0 0 0 0 13 0 1 0 0 0 0 0 0
622.185 2 3 2 2 1 1 0 0 0 0 13 0 2 0 0 0 0 0 0
627.07 1 2 2 2 2 1 0 0 0 0 14 0 2 0 0 0 0 0 0
629.358 1 3 2 2 2 1 0 0 0 0 13 0 1 0 0 0 0 0 0
639.274 2 3 2 2 1 1 0 0 0 0 13 0 2 0 0 0 0 0 0
658.883 1 2 2 2 2 1 0 0 0 0 14 0 2 0 0 0 0 0 0
660.309 1 3 2 2 2 1 0 0 0 0 13 0 1 0 0 0 0 0 0
669.093 1 4 2 2 2 1 0 0 0 0 12 0 0 0 0 0 0 0 0
670.316 1 3 2 2 1 1 0 1 0 0 13 0 0 0 0 0 0 0 0
676.567 0 2 2 2 2 1 0 1 0 0 14 0 0 0 0 0 0 0 0
676.939 0 2 2 2 3 1 0 0 0 0 14 0 1 0 0 0 0 0 0
690.768 0 2 2 2 2 0 1 0 0 0 15 0 1 0 0 0 0 0 0
696.225 0 3 2 2 2 0 1 0 0 0 14 0 0 0 0 0 0 0 0
698.023 0 2 2 2 1 0 1 1 0 0 15 0 0 0 0 0 0 0 0
702.664 0 2 1 1 1 1 1 1 0 0 16 0 0 0 0 0 0 0 0
704.27 1 2 1 1 0 1 1 1 0 0 16 0 1 0 0 0 0 0 0
735.519 1 2 1 1 1 1 1 0 0 0 16 0 2 0 0 0 0 0 0
735.868 1 3 1 1 1 1 1 0 0 0 15 0 1 0 0 0 0 0 0
742.3 1 4 1 1 1 1 1 0 0 0 14 0 0 0 0 0 0 0 0
757.422 1 4 2 1 1 0 1 0 0 0 14 0 0 0 1 0 0 0 0
778.271 1 3 2 1 0 0 1 1 0 0 15 0 0 0 1 0 0 0 0
778.598 1 3 2 2 0 0 1 1 0 0 14 0 0 0 0 0 0 0 0
806.846 1 3 1 1 0 1 1 1 0 0 15 0 0 0 0 0 0 0 0
811.149 0 2 1 1 1 1 1 1 0 0 16 0 0 0 0 0 0 0 0
815.773 1 2 1 1 0 1 1 1 0 0 16 0 1 0 0 0 0 0 0
832.813 1 3 1 1 0 1 1 1 0 0 15 0 0 0 0 0 0 0 0
851.558 1 2 1 1 0 1 0 1 1 0 16 0 0 0 0 0 0 0 0
856.904 1 2 1 1 1 1 0 0 1 0 16 0 1 0 0 0 0 0 0
871.306 1 3 1 1 1 1 0 0 1 0 15 0 0 0 0 0 0 0 0
891.371 0 2 1 1 2 1 0 0 1 0 16 0 0 0 0 0 0 0 0
893.303 0 1 1 1 1 1 0 1 1 0 17 0 0 0 0 0 0 0 0
906.344 0 1 1 1 2 1 0 0 1 0 17 0 1 0 0 0 0 0 0
909.027 1 1 1 1 1 1 0 0 1 0 17 0 2 0 0 0 0 0 0
913.354 1 1 2 1 1 0 0 0 1 0 17 0 2 0 1 0 0 0 0
925.811 1 1 2 2 1 0 0 0 1 0 16 0 2 0 0 0 0 0 0
943.016 2 1 2 2 0 0 0 0 1 0 16 0 3 0 0 0 0 0 0
951.162 2 1 1 1 0 1 0 0 1 0 17 0 3 0 0 0 0 0 0
961.779 2 2 1 1 0 1 0 0 1 0 16 0 2 0 0 0 0 0 0
969.936 1 1 1 1 1 1 0 0 1 0 17 0 2 0 0 0 0 0 0
971.828 2 1 1 1 0 1 0 0 1 0 17 0 3 0 0 0 0 0 0
976.785 2 1 2 1 0 0 0 0 1 0 17 0 3 0 1 0 0 0 0
977.159 2 1 2 2 0 0 0 0 1 0 16 0 3 0 0 0 0 0 0
982.334 2 2 2 2 0 0 0 0 1 0 15 0 2 0 0 0 0 0 0
983.131 2 3 2 2 0 0 0 0 1 0 14 0 1 0 0 0 0 0 0
993.918 1 2 2 2 1 0 0 0 1 0 15 0 1 0 0 0 0 0 0
994.96 2 2 2 2 0 0 0 0 1 0 15 0 2 0 0 0 0 0 0
1001.37 2 3 2 2 0 0 0 0 1 0 14 0 1 0 0 0 0 0 0
1017.42 2 3 1 1 0 1 0 0 1 0 15 0 1 0 0 0 0 0 0
1018.39 2 4 1 1 0 1 0 0 1 0 14 0 0 0 0 0 0 0 0
1030.76 1 3 1 1 1 1 0 0 1 0 15 0 0 0 0 0 0 0 0
1032.45 2 3 1 1 0 1 0 0 1 0 15 0 1 0 0 0 0 0 0
1046.5 1 2 1 1 1 1 0 0 1 0 16 0 1 0 0 0 0 0 0
1047.58 1 3 1 1 1 1 0 0 1 0 15 0 0 0 0 0 0 0 0
1049.24 1 2 1 1 0 1 0 1 1 0 16 0 0 0 0 0 0 0 0
1059.38 1 2 1 1 1 1 0 0 1 0 16 0 1 0 0 0 0 0 0
1065.79 2 2 1 1 0 1 0 0 1 0 16 0 2 0 0 0 0 0 0
1068.01 2 3 1 1 0 1 0 0 1 0 15 0 1 0 0 0 0 0 0
1093.04 2 3 0 0 0 2 0 0 1 0 16 0 1 0 0 0 0 0 0
1108.87 1 2 0 0 1 2 0 0 1 0 17 0 1 0 0 0 0 0 0
1128.51 1 3 0 0 1 2 0 0 1 0 16 0 0 0 0 0 0 0 0
1143.36 0 2 0 0 2 2 0 0 1 0 17 0 0 0 0 0 0 0 0
1163.42 0 2 1 0 2 1 0 0 1 0 17 0 0 0 1 0 0 0 0
1169.44 0 2 2 0 2 0 0 0 1 0 17 0 0 0 2 0 0 0 0
1179.2 0 2 2 1 2 0 0 0 1 0 16 0 0 0 1 0 0 0 0
1185.74 0 2 2 2 2 0 0 0 1 0 15 0 0 0 0 0 0 0 0
1194.07 1 2 2 2 1 0 0 0 1 0 15 0 1 0 0 0 0 0 0
1198.42 0 1 2 2 2 0 0 0 1 0 16 0 1 0 0 0 0 0 0
1201.6 0 2 2 2 2 0 0 0 1 0 15 0 0 0 0 0 0 0 0
1208.14 1 2 2 2 1 0 0 0 1 0 15 0 1 0 0 0 0 0 0
1264.66 2 2 2 2 0 0 0 0 1 0 15 0 2 0 0 0 0 0 0
1274.85 2 3 2 2 0 0 0 0 1 0 14 0 1 0 0 0 0 0 0
1281.47 1 2 2 2 1 0 0 0 1 0 15 0 1 0 0 0 0 0 0
1306.05 1 3 2 2 1 0 0 0 1 0 14 0 0 0 0 0 0 0 0
1318.5 1 2 2 2 0 0 0 1 1 0 15 0 0 0 0 0 0 0 0
1318.74 1 2 2 2 1 0 0 0 1 0 15 0 1 0 0 0 0 0 0
1333.82 2 2 2 2 0 0 0 0 1 0 15 0 2 0 0 0 0 0 0
1336.21 2 3 2 2 0 0 0 0 1 0 14 0 1 0 0 0 0 0 0
1351.12 2 3 1 1 0 1 0 0 1 0 15 0 1 0 0 0 0 0 0
1385.76 2 4 1 1 0 1 0 0 1 0 14 0 0 0 0 0 0 0 0
1390.49 1 3 1 1 1 1 0 0 1 0 15 0 0 0 0 0 0 0 0
1399.98 1 2 1 1 0 1 0 1 1 0 16 0 0 0 0 0 0 0 0
1466.1 1 2 1 1 0 0 0 0 1 1 17 0 0 0 0 0 0 0 0
1543.6 1 2 0 0 0 1 0 0 1 1 18 0 0 0 0 0 0 0 0
1546.09 0 1 0 0 1 1 0 0 1 1 19 0 0 0 0 0 0 0 0
1564.48 0 1 0 0 1 1 1 0 0 1 19 0 1 0 0 0 0 0 0
1573.01 0 2 0 0 1 1 1 0 0 1 18 0 0 0 0 0 0 0 0
1584.82 0 1 0 0 1 1 0 0 1 1 19 0 0 0 0 0 0 0 0
1644.86 1 1 0 0 0 1 0 0 1 1 19 0 1 0 0 0 0 0 0
1718.86 1 2 0 0 0 1 0 0 1 1 18 0 0 0 0 0 0 0 0
1820.78 0 1 0 0 1 1 0 0 1 1 19 0 0 0 0 0 0 0 0
1850.07 1 1 0 0 0 1 0 0 1 1 19 0 1 0 0 0 0 0 0
1866.07 1 1 1 0 0 0 0 0 1 1 19 0 1 0 1 0 0 0 0
1898.21 1 1 1 1 0 0 0 0 1 1 18 0 1 0 0 0 0 0 0
1911.64 1 2 1 1 0 0 0 0 1 1 17 0 0 0 0 0 0 0 0
1976.69 0 1 1 1 1 0 0 0 1 1 18 0 0 0 0 0 0 0 0
1983.78 0 1 0 0 1 1 0 0 1 1 19 0 0 0 0 0 0 0 0
1990.34 0 1 1 0 1 0 0 0 1 1 19 0 0 0 1 0 0 0 0
2002.88 1 1 1 0 0 0 0 0 1 1 19 0 1 0 1 0 0 0 0
2004.83 1 2 1 0 0 0 0 0 1 1 18 0 0 0 1 0 0 0 0
2027.4 1 2 1 1 0 0 0 0 1 1 17 0 0 0 0 0 0 0 0
2116.75 1 2 0 0 0 1 0 0 1 1 18 0 0 0 0 0 0 0 0
2191.71 1 2 0 0 0 1 1 0 0 1 18 0 1 0 0 0 0 0 0
2267 1 3 0 0 0 1 1 0 0 1 17 0 0 0 0 0 0 0 0
2278.11 0 2 0 0 1 1 1 0 0 1 18 0 0 0 0 0 0 0 0
2322.49 0 2 0 0 1 2 0 0 0 1 18 0 0 0 0 1 0 0 0
2360.64 0 2 1 0 1 1 0 0 0 1 18 0 0 0 1 1 0 0 0
2367.54 0 2 1 1 1 1 0 0 0 1 17 0 0 0 0 1 0 0 0
2372.31 0 2 1 1 2 1 0 0 0 1 16 0 0 0 0 0 0 0 0
2391.89 0 1 1 1 1 1 0 1 0 1 17 0 0 0 0 0 0 0 0
2399.7 0 1 2 1 1 0 0 1 0 1 17 0 0 0 1 0 0 0 0
2406.47 0 1 2 2 1 0 0 1 0 1 16 0 0 0 0 0 0 0 0
2409 1 1 2 2 0 0 0 1 0 1 16 0 1 0 0 0 0 0 0
2420.98 1 1 2 2 1 0 0 0 0 1 16 0 2 0 0 0 0 0 0
2424.96 2 1 2 2 0 0 0 0 0 1 16 0 3 0 0 0 0 0 0
2427.25 2 2 2 2 0 0 0 0 0 1 15 0 2 0 0 0 0 0 0
2430.92 1 1 2 2 1 0 0 0 0 1 16 0 2 0 0 0 0 0 0
2432.45 1 1 1 1 1 1 0 0 0 1 17 0 2 0 0 0 0 0 0
2451.86 1 2 1 1 1 1 0 0 0 1 16 0 1 0 0 0 0 0 0
2460.52 1 3 1 1 1 1 0 0 0 1 15 0 0 0 0 0 0 0 0
2462.98 2 3 1 1 0 1 0 0 0 1 15 0 1 0 0 0 0 0 0
2467.56 2 4 1 1 0 1 0 0 0 1 14 0 0 0 0 0 0 0 0
2518.89 1 3 1 1 1 1 0 0 0 1 15 0 0 0 0 0 0 0 0
2537.66 1 3 2 1 1 0 0 0 0 1 15 0 0 0 1 0 0 0 0
2541.95 1 3 2 2 1 0 0 0 0 1 14 0 0 0 0 0 0 0 0
2592.41 1 3 1 1 1 1 0 0 0 1 15 0 0 0 0 0 0 0 0
2608.43 2 3 1 1 0 1 0 0 0 1 15 0 1 0 0 0 0 0 0
2609.61 2 3 0 0 0 2 0 0 0 1 16 0 1 0 0 0 0 0 0
2643.88 2 3 1 0 0 1 0 0 0 1 16 0 1 0 1 0 0 0 0
2647.82 2 3 1 1 0 1 0 0 0 1 15 0 1 0 0 0 0 0 0
2652.63 2 3 2 1 0 0 0 0 0 1 15 0 1 0 1 0 0 0 0
2655.89 2 4 2 1 0 0 0 0 0 1 14 0 0 0 1 0 0 0 0
2664.74 2 4 2 2 0 0 0 0 0 1 13 0 0 0 0 0 0 0 0
2683.05 2 4 1 1 0 1 0 0 0 1 14 0 0 0 0 0 0 0 0
2705.16 2 4 1 1 0 2 0 0 0 0 14 0 0 0 0 0 0 0 1
2714.28 1 3 1 1 1 2 0 0 0 0 15 0 0 0 0 0 0 0 1
2719.18 1 2 1 1 0 2 0 1 0 0 16 0 0 0 0 0 0 0 1
2737.46 1 2 1 1 0 2 0 2 0 0 15 0 0 0 0 0 0 0 0
2751.12 1 2 2 1 0 1 0 2 0 0 15 0 0 0 1 0 0 0 0
2756.89 1 2 2 1 0 0 0 1 0 1 16 0 0 0 1 0 0 0 0
2777.57 1 2 2 2 0 0 0 1 0 1 15 0 0 0 0 0 0 0 0
2795.82 1 2 2 2 1 0 0 0 0 1 15 0 1 0 0 0 0 0 0
2807.75 2 2 2 2 0 0 0 0 0 1 15 0 2 0 0 0 0 0 0
2833.97 2 3 2 2 0 0 0 0 0 1 14 0 1 0 0 0 0 0 0
2835.12 2 4 2 2 0 0 0 0 0 1 13 0 0 0 0 0 0 0 0
2872.43 2 4 1 1 0 1 0 0 0 1 14 0 0 0 0 0 0 0 0
2915.27 2 4 2 1 0 0 0 0 0 1 14 0 0 0 1 0 0 0 0
2948.63 2 4 2 2 0 0 0 0 0 1 13 0 0 0 0 0 0 0 0
2963.3 1 3 2 2 1 0 0 0 0 1 14 0 0 0 0 0 0 0 0
2978.7 0 2 2 2 2 0 0 0 0 1 15 0 0 0 0 0 0 0 0
2986.71 1 2 2 2 1 0 0 0 0 1 15 0 1 0 0 0 0 0 0
3000.8 1 2 1 1 1 1 0 0 0 1 16 0 1 0 0 0 0 0 0
3019.37 1 3 1 1 1 1 0 0 0 1 15 0 0 0 0 0 0 0 0
3090.43 2 3 1 1 0 1 0 0 0 1 15 0 1 0 0 0 0 0 0
3113.8 2 4 1 1 0 1 0 0 0 1 14 0 0 0 0 0 0 0 0
3117.53 1 3 1 1 1 1 0 0 0 1 15 0 0 0 0 0 0 0 0
3136.69 1 2 1 1 0 1 0 1 0 1 16 0 0 0 0 0 0 0 0
3178.52 1 2 1 1 1 1 0 0 0 1 16 0 1 0 0 0 0 0 0
3178.74 2 2 1 1 0 1 0 0 0 1 16 0 2 0 0 0 0 0 0
3192.49 2 3 1 1 0 1 0 0 0 1 15 0 1 0 0 0 0 0 0
3222.73 2 4 1 1 0 1 0 0 0 1 14 0 0 0 0 0 0 0 0
3237.49 1 3 1 1 1 1 0 0 0 1 15 0 0 0 0 0 0 0 0
3251.62 2 3 1 1 0 1 0 0 0 1 15 0 1 0 0 0 0 0 0
3283.04 1 2 1 1 1 1 0 0 0 1 16 0 1 0 0 0 0 0 0
3297.34 1 3 1 1 1 1 0 0 0 1 15 0 0 0 0 0 0 0 0
3350.19 1 3 2 1 1 0 0 0 0 1 15 0 0 0 1 0 0 0 0
3357.44 2 3 2 1 0 0 0 0 0 1 15 0 1 0 1 0 0 0 0
3376.52 2 3 2 2 0 0 0 0 0 1 14 0 1 0 0 0 0 0 0
3501.64 1 2 2 2 1 0 0 0 0 1 15 0 1 0 0 0 0 0 0
3510.87 1 2 1 1 1 1 0 0 0 1 16 0 1 0 0 0 0 0 0
3512.69 2 2 1 1 0 1 0 0 0 1 16 0 2 0 0 0 0 0 0
3515.57 2 2 2 1 0 0 0 0 0 1 16 0 2 0 1 0 0 0 0
3517.07 1 1 2 1 1 0 0 0 0 1 17 0 2 0 1 0 0 0 0
3542.31 1 1 2 2 1 0 0 0 0 1 16 0 2 0 0 0 0 0 0
3550.29 2 1 2 2 0 0 0 0 0 1 16 0 3 0 0 0 0 0 0
3552.88 2 2 2 2 0 0 0 0 0 1 15 0 2 0 0 0 0 0 0
3555.13 2 3 2 2 0 0 0 0 0 1 14 0 1 0 0 0 0 0 0
3556.31 1 2 2 2 1 0 0 0 0 1 15 0 1 0 0 0 0 0 0
3614.41 0 1 2 2 2 0 0 0 0 1 16 0 1 0 0 0 0 0 0
3625.58 1 1 2 2 1 0 0 0 0 1 16 0 2 0 0 0 0 0 0
3629.29 1 2 2 2 1 0 0 0 0 1 15 0 1 0 0 0 0 0 0
3646.71 1 2 1 1 1 1 0 0 0 1 16 0 1 0 0 0 0 0 0
3648.89 2 2 1 1 0 1 0 0 0 1 16 0 2 0 0 0 0 0 0
3680.74 2 3 1 1 0 1 0 0 0 1 15 0 1 0 0 0 0 0 0
3687.82 2 4 1 1 0 1 0 0 0 1 14 0 0 0 0 0 0 0 0
3760.3 1 3 1 1 1 1 0 0 0 1 15 0 0 0 0 0 0 0 0
3762.19 2 3 1 1 0 1 0 0 0 1 15 0 1 0 0 0 0 0 0
3766.74 2 4 1 1 0 1 0 0 0 1 14 0 0 0 0 0 0 0 0
3770.17 2 4 0 0 0 2 0 0 0 1 15 0 0 0 0 0 0 0 0
3784.79 1 3 0 0 1 2 0 0 0 1 16 0 0 0 0 0 0 0 0
3828.61 1 2 0 0 0 2 0 1 0 1 17 0 0 0 0 0 0 0 0
3832.11 1 2 0 0 1 2 0 0 0 1 17 0 1 0 0 0 0 0 0
3838.22 1 3 0 0 1 2 0 0 0 1 16 0 0 0 0 0 0 0 0
3866.31 2 3 0 0 0 2 0 0 0 1 16 0 1 0 0 0 0 0 0
3868.29 2 4 0 0 0 2 0 0 0 1 15 0 0 0 0 0 0 0 0
3870.2 1 3 0 0 1 2 0 0 0 1 16 0 0 0 0 0 0 0 0
3870.37 1 3 0 0 0 1 1 0 0 1 17 0 0 0 0 0 0 0 0
3878.16 1 3 1 0 0 0 1 0 0 1 17 0 0 0 1 0 0 0 0
3885.9 1 3 1 1 0 0 1 0 0 1 16 0 0 0 0 0 0 0 0
3901.01 0 2 1 1 1 0 1 0 0 1 17 0 0 0 0 0 0 0 0
3926.47 1 2 1 1 0 0 1 0 0 1 17 0 1 0 0 0 0 0 0
3931 1 2 1 1 0 1 0 0 0 1 17 0 1 0 0 1 0 0 0
3937.02 1 3 1 1 0 1 0 0 0 1 16 0 0 0 0 1 0 0 0
3937.02 1 3 1 1 0 1 0 0 0 1 16 0 0 0 0 1 0 0 0
