0 0 0 0 0 0 0 0 0 0 0 24 3 6 3 3 0 0 0 0
2.14983 0 1 0 0 0 0 0 0 0 0 23 3 5 3 3 0 0 0 0
5.44621 0 1 1 0 0 0 0 0 0 0 22 3 5 2 3 0 0 0 0
7.57856 0 1 2 0 0 0 0 0 0 0 21 3 5 1 3 0 0 0 0
9.00557 1 1 2 0 0 0 0 0 0 0 20 2 5 1 3 0 0 0 0
11.7182 1 2 2 0 0 0 0 0 0 0 19 2 4 1 3 0 0 0 0
12.8575 1 3 2 0 0 0 0 0 0 0 18 2 3 1 3 0 0 0 0
12.8871 0 2 2 0 1 0 0 0 0 0 19 2 3 1 3 0 0 0 0
13.5721 1 2 2 0 1 0 0 0 0 0 18 1 3 1 3 0 0 0 0
17.7777 1 3 2 0 1 0 0 0 0 0 17 1 2 1 3 0 0 0 0
18.0696 1 4 2 0 1 0 0 0 0 0 16 1 1 1 3 0 0 0 0
19.4111 0 3 2 0 2 0 0 0 0 0 17 1 1 1 3 0 0 0 0
22.5296 1 3 2 0 2 0 0 0 0 0 16 0 1 1 3 0 0 0 0
24.5596 1 4 2 0 2 0 0 0 0 0 15 0 0 1 3 0 0 0 0
25.2943 1 3 2 0 1 0 0 1 0 0 16 0 0 1 3 0 0 0 0
35.5052 1 3 3 0 1 0 0 1 0 0 15 0 0 0 3 0 0 0 0
47.9515 1 3 3 1 1 0 0 1 0 0 14 0 0 0 2 0 0 0 0
53.9267 2 3 3 1 0 0 0 1 0 0 14 0 1 0 2 0 0 0 0
54.4598 2 3 3 2 0 0 0 1 0 0 13 0 1 0 1 0 0 0 0
54.9349 2 3 3 2 1 0 0 0 0 0 13 0 2 0 1 0 0 0 0
56.1211 2 3 2 1 1 1 0 0 0 0 14 0 2 0 1 0 0 0 0
56.4067 2 4 2 1 1 1 0 0 0 0 13 0 1 0 1 0 0 0 0
61.5193 2 4 2 2 1 1 0 0 0 0 12 0 1 0 0 0 0 0 0
68.9719 2 4 1 1 1 2 0 0 0 0 13 0 1 0 0 0 0 0 0
93.619 2 4 2 1 1 1 0 0 0 0 13 0 1 0 1 0 0 0 0
95.5925 2 4 2 2 1 1 0 0 0 0 12 0 1 0 0 0 0 0 0
123.36 2 3 2 2 0 1 0 1 0 0 13 0 1 0 0 0 0 0 0
165.569 2 3 3 2 0 0 0 1 0 0 13 0 1 0 1 0 0 0 0
168.278 2 4 3 2 0 0 0 1 0 0 12 0 0 0 1 0 0 0 0
171.515 2 4 3 2 1 0 0 0 0 0 12 0 1 0 1 0 0 0 0
173.397 2 4 3 3 1 0 0 0 0 0 11 0 1 0 0 0 0 0 0
174.344 2 5 3 3 1 0 0 0 0 0 10 0 0 0 0 0 0 0 0
189.087 2 5 2 2 1 1 0 0 0 0 11 0 0 0 0 0 0 0 0
206.574 1 4 2 2 2 1 0 0 0 0 12 0 0 0 0 0 0 0 0
225.209 1 4 1 1 2 2 0 0 0 0 13 0 0 0 0 0 0 0 0
230.651 1 4 2 1 2 1 0 0 0 0 13 0 0 0 1 0 0 0 0
238.532 2 4 2 1 1 1 0 0 0 0 13 0 1 0 1 0 0 0 0
244.71 2 4 2 2 1 1 0 0 0 0 12 0 1 0 0 0 0 0 0
251.779 2 5 2 2 1 1 0 0 0 0 11 0 0 0 0 0 0 0 0
271.243 2 4 2 2 0 1 0 1 0 0 12 0 0 0 0 0 0 0 0
279.979 2 4 2 2 1 1 0 0 0 0 12 0 1 0 0 0 0 0 0
285.972 3 4 2 2 0 1 0 0 0 0 12 0 2 0 0 0 0 0 0
293.272 3 5 2 2 0 1 0 0 0 0 11 0 1 0 0 0 0 0 0
315.428 2 4 2 2 1 1 0 0 0 0 12 0 1 0 0 0 0 0 0
330.068 2 5 2 2 1 1 0 0 0 0 11 0 0 0 0 0 0 0 0
332.461 1 4 2 2 2 1 0 0 0 0 12 0 0 0 0 0 0 0 0
334.485 2 4 2 2 1 1 0 0 0 0 12 0 1 0 0 0 0 0 0
334.922 1 3 2 2 2 1 0 0 0 0 13 0 1 0 0 0 0 0 0
353.378 1 3 1 1 2 2 0 0 0 0 14 0 1 0 0 0 0 0 0
364.297 1 2 1 1 1 2 0 1 0 0 15 0 1 0 0 0 0 0 0
374.776 1 3 1 1 1 2 0 1 0 0 14 0 0 0 0 0 0 0 0
391.911 1 3 2 1 1 1 0 1 0 0 14 0 0 0 1 0 0 0 0
402.394 1 3 2 2 1 1 0 1 0 0 13 0 0 0 0 0 0 0 0
408.8 1 3 3 2 1 0 0 1 0 0 13 0 0 0 1 0 0 0 0
413.779 1 3 3 3 1 0 0 1 0 0 12 0 0 0 0 0 0 0 0
426.535 1 3 2 2 1 1 0 1 0 0 13 0 0 0 0 0 0 0 0
430.211 1 3 2 2 2 1 0 0 0 0 13 0 1 0 0 0 0 0 0
431.294 1 3 2 2 1 0 1 0 0 0 14 0 1 0 0 0 0 0 0
439.028 0 2 2 2 2 0 1 0 0 0 15 0 1 0 0 0 0 0 0
447.655 0 3 2 2 2 0 1 0 0 0 14 0 0 0 0 0 0 0 0
448.858 0 2 2 2 2 0 0 0 1 0 15 0 0 0 0 0 0 0 0
454.508 1 2 2 2 1 0 0 0 1 0 15 0 1 0 0 0 0 0 0
455.445 1 3 2 2 1 0 0 0 1 0 14 0 0 0 0 0 0 0 0
459.891 0 2 2 2 2 0 0 0 1 0 15 0 0 0 0 0 0 0 0
462.89 0 2 1 1 2 1 0 0 1 0 16 0 0 0 0 0 0 0 0
480.373 0 1 1 1 1 1 0 1 1 0 17 0 0 0 0 0 0 0 0
482.767 1 1 1 1 0 1 0 1 1 0 17 0 1 0 0 0 0 0 0
484.521 1 1 2 1 0 0 0 1 1 0 17 0 1 0 1 0 0 0 0
497.137 1 2 2 1 0 0 0 1 1 0 16 0 0 0 1 0 0 0 0
538.319 1 2 2 2 0 0 0 1 1 0 15 0 0 0 0 0 0 0 0
575.94 1 2 1 1 0 1 0 1 1 0 16 0 0 0 0 0 0 0 0
636.052 0 1 1 1 1 1 0 1 1 0 17 0 0 0 0 0 0 0 0
655.081 0 1 0 0 1 2 0 1 1 0 18 0 0 0 0 0 0 0 0
675.052 0 1 0 0 2 2 0 0 1 0 18 0 1 0 0 0 0 0 0
702.955 0 2 0 0 2 2 0 0 1 0 17 0 0 0 0 0 0 0 0
710.075 0 2 1 0 2 1 0 0 1 0 17 0 0 0 1 0 0 0 0
710.799 1 2 1 0 1 1 0 0 1 0 17 0 1 0 1 0 0 0 0
714.084 1 2 1 1 1 1 0 0 1 0 16 0 1 0 0 0 0 0 0
714.787 1 2 2 1 1 0 0 0 1 0 16 0 1 0 1 0 0 0 0
715.725 1 2 2 2 1 0 0 0 1 0 15 0 1 0 0 0 0 0 0
723.712 1 2 1 1 1 1 0 0 1 0 16 0 1 0 0 0 0 0 0
724.446 2 2 1 1 0 1 0 0 1 0 16 0 2 0 0 0 0 0 0
726.742 2 3 1 1 0 1 0 0 1 0 15 0 1 0 0 0 0 0 0
732.742 1 2 1 1 1 1 0 0 1 0 16 0 1 0 0 0 0 0 0
745.596 1 3 1 1 1 1 0 0 1 0 15 0 0 0 0 0 0 0 0
808.028 2 3 1 1 0 1 0 0 1 0 15 0 1 0 0 0 0 0 0
829.736 1 2 1 1 1 1 0 0 1 0 16 0 1 0 0 0 0 0 0
832.756 1 3 1 1 1 1 0 0 1 0 15 0 0 0 0 0 0 0 0
860.909 0 2 1 1 2 1 0 0 1 0 16 0 0 0 0 0 0 0 0
870.587 0 1 1 1 1 1 0 1 1 0 17 0 0 0 0 0 0 0 0
875.046 0 1 1 1 0 0 1 1 1 0 18 0 0 0 0 0 0 0 0
945.254 0 1 1 1 1 0 1 0 1 0 18 0 1 0 0 0 0 0 0
958.079 0 2 1 1 1 0 1 0 1 0 17 0 0 0 0 0 0 0 0
971.542 0 1 1 1 0 0 1 1 1 0 18 0 0 0 0 0 0 0 0
1016.08 0 1 1 1 0 0 2 1 0 0 18 0 1 0 0 0 0 0 0
1048.55 0 2 1 1 0 0 2 1 0 0 17 0 0 0 0 0 0 0 0
1058.56 0 2 0 0 0 1 2 1 0 0 18 0 0 0 0 0 0 0 0
1082.84 0 2 1 0 0 0 2 1 0 0 18 0 0 0 1 0 0 0 0
1084.43 0 1 1 0 0 0 1 1 1 0 19 0 0 0 1 0 0 0 0
1092.19 0 1 1 0 1 0 1 0 1 0 19 0 1 0 1 0 0 0 0
1093.85 0 1 1 1 1 0 1 0 1 0 18 0 1 0 0 0 0 0 0
1094.7 0 0 1 1 1 0 0 0 2 0 19 0 1 0 0 0 0 0 0
1096.76 0 1 1 1 1 0 0 0 2 0 18 0 0 0 0 0 0 0 0
1108.77 0 1 0 0 1 1 0 0 2 0 19 0 0 0 0 0 0 0 0
1114.77 1 1 0 0 0 1 0 0 2 0 19 0 1 0 0 0 0 0 0
1131.94 1 2 0 0 0 1 0 0 2 0 18 0 0 0 0 0 0 0 0
1196 1 2 1 0 0 0 0 0 2 0 18 0 0 0 1 0 0 0 0
1217.67 1 2 1 1 0 0 0 0 2 0 17 0 0 0 0 0 0 0 0
1269.92 1 2 1 1 0 0 1 0 1 0 17 0 1 0 0 0 0 0 0
1308.5 1 3 1 1 0 0 1 0 1 0 16 0 0 0 0 0 0 0 0
1337.89 0 2 1 1 1 0 1 0 1 0 17 0 0 0 0 0 0 0 0
1340.58 0 1 1 1 1 0 0 0 2 0 18 0 0 0 0 0 0 0 0
1388.04 1 1 1 1 0 0 0 0 2 0 18 0 1 0 0 0 0 0 0
1395.7 1 2 1 1 0 0 0 0 2 0 17 0 0 0 0 0 0 0 0
1494.04 0 1 1 1 1 0 0 0 2 0 18 0 0 0 0 0 0 0 0
1525.62 0 0 1 1 0 0 0 1 2 0 19 0 0 0 0 0 0 0 0
1918.41 0 0 1 1 1 0 0 0 2 0 19 0 1 0 0 0 0 0 0
1940.18 0 1 1 1 1 0 0 0 2 0 18 0 0 0 0 0 0 0 0
2027.16 0 1 1 1 1 0 1 0 1 0 18 0 1 0 0 0 0 0 0
2027.31 0 2 1 1 1 0 1 0 1 0 17 0 0 0 0 0 0 0 0
2065.95 0 1 1 1 0 0 1 1 1 0 18 0 0 0 0 0 0 0 0
2096.14 0 1 1 1 1 0 1 0 1 0 18 0 1 0 0 0 0 0 0
2150.97 0 2 1 1 1 0 1 0 1 0 17 0 0 0 0 0 0 0 0
2177.61 1 2 1 1 0 0 1 0 1 0 17 0 1 0 0 0 0 0 0
2180.41 1 3 1 1 0 0 1 0 1 0 16 0 0 0 0 0 0 0 0
2203.69 0 2 1 1 1 0 1 0 1 0 17 0 0 0 0 0 0 0 0
2213.29 1 2 1 1 0 0 1 0 1 0 17 0 1 0 0 0 0 0 0
2226.21 1 3 1 1 0 0 1 0 1 0 16 0 0 0 0 0 0 0 0
2238.9 0 2 1 1 1 0 1 0 1 0 17 0 0 0 0 0 0 0 0
2286.86 0 2 0 0 1 1 1 0 1 0 18 0 0 0 0 0 0 0 0
2302.11 1 2 0 0 0 1 1 0 1 0 18 0 1 0 0 0 0 0 0
2327.04 1 3 0 0 0 1 1 0 1 0 17 0 0 0 0 0 0 0 0
2328.12 1 2 0 0 0 1 0 0 2 0 18 0 0 0 0 0 0 0 0
2390.12 0 1 0 0 1 1 0 0 2 0 19 0 0 0 0 0 0 0 0
2416.53 1 1 0 0 0 1 0 0 2 0 19 0 1 0 0 0 0 0 0
2416.81 1 2 0 0 0 1 0 0 2 0 18 0 0 0 0 0 0 0 0
2434.88 1 2 1 0 0 0 0 0 2 0 18 0 0 0 1 0 0 0 0
2465.72 1 2 1 1 0 0 0 0 2 0 17 0 0 0 0 0 0 0 0
2542.22 1 2 0 0 0 1 0 0 2 0 18 0 0 0 0 0 0 0 0
2609.79 0 1 0 0 1 1 0 0 2 0 19 0 0 0 0 0 0 0 0
2695.55 0 1 1 0 1 0 0 0 2 0 19 0 0 0 1 0 0 0 0
2704.06 0 1 1 1 1 0 0 0 2 0 18 0 0 0 0 0 0 0 0
2747.64 0 1 0 0 1 1 0 0 2 0 19 0 0 0 0 0 0 0 0
2757.26 0 1 0 0 0 0 1 0 2 0 20 0 0 0 0 0 0 0 0
2933.41 0 1 0 0 0 0 2 0 1 0 20 0 1 0 0 0 0 0 0
2979.69 0 2 0 0 0 0 2 0 1 0 19 0 0 0 0 0 0 0 0
3015.04 0 1 0 0 0 0 1 0 2 0 20 0 0 0 0 0 0 0 0
3191.18 0 1 0 0 0 1 0 0 2 0 20 0 0 0 0 1 0 0 0
3197.65 0 1 0 0 1 1 0 0 2 0 19 0 0 0 0 0 0 0 0
3217.84 0 0 0 0 0 1 0 1 2 0 20 0 0 0 0 0 0 0 0
3219.33 0 0 1 0 0 0 0 1 2 0 20 0 0 0 1 0 0 0 0
3224.36 0 0 1 1 0 0 0 1 2 0 19 0 0 0 0 0 0 0 0
3507.73 0 0 1 1 1 0 0 0 2 0 19 0 1 0 0 0 0 0 0
3518.49 0 1 1 1 1 0 0 0 2 0 18 0 0 0 0 0 0 0 0
3539.13 1 1 1 1 0 0 0 0 2 0 18 0 1 0 0 0 0 0 0
3546.24 1 2 1 1 0 0 0 0 2 0 17 0 0 0 0 0 0 0 0
3574.86 0 1 1 1 1 0 0 0 2 0 18 0 0 0 0 0 0 0 0
3611.21 0 1 0 0 1 1 0 0 2 0 19 0 0 0 0 0 0 0 0
3643.36 0 0 0 0 0 1 0 1 2 0 20 0 0 0 0 0 0 0 0
3766.79 0 0 0 0 0 1 1 1 1 0 20 0 1 0 0 0 0 0 0
3766.97 0 0 1 0 0 0 1 1 1 0 20 0 1 0 1 0 0 0 0
3779.67 0 1 1 0 0 0 1 1 1 0 19 0 0 0 1 0 0 0 0
3795.21 0 1 1 1 0 0 1 1 1 0 18 0 0 0 0 0 0 0 0
3800.31 0 1 0 0 0 1 1 1 1 0 19 0 0 0 0 0 0 0 0
3884.95 0 1 1 0 0 0 1 1 1 0 19 0 0 0 1 0 0 0 0
3909.81 0 1 1 0 0 1 0 1 1 0 19 0 0 0 1 1 0 0 0
3910.81 0 1 1 0 1 1 0 1 1 0 18 0 0 0 1 0 0 0 0
3913.7 0 1 1 1 1 1 0 1 1 0 17 0 0 0 0 0 0 0 0
3914.1 1 1 1 1 0 1 0 1 1 0 17 0 1 0 0 0 0 0 0
3929.95 1 2 1 1 0 1 0 1 1 0 16 0 0 0 0 0 0 0 0
3998.72 0 1 1 1 1 1 0 1 1 0 17 0 0 0 0 0 0 0 0
3998.72 0 1 1 1 1 1 0 1 1 0 17 0 0 0 0 0 0 0 0
