0 0 0 0 0 0 0 0 0 0 0 24 3 6 3 3 0 0 0 0
2.58201 1 0 0 0 0 0 0 0 0 0 23 2 6 3 3 0 0 0 0
2.72212 1 0 1 0 0 0 0 0 0 0 22 2 6 2 3 0 0 0 0
3.16642 1 0 2 0 0 0 0 0 0 0 21 2 6 1 3 0 0 0 0
5.22423 1 1 2 0 0 0 0 0 0 0 20 2 5 1 3 0 0 0 0
8.52076 2 1 2 0 0 0 0 0 0 0 19 1 5 1 3 0 0 0 0
9.53486 2 1 2 1 0 0 0 0 0 0 18 1 5 1 2 0 0 0 0
17.1368 2 2 2 1 0 0 0 0 0 0 17 1 4 1 2 0 0 0 0
17.6895 2 2 2 2 0 0 0 0 0 0 16 1 4 1 1 0 0 0 0
19.4927 2 3 2 2 0 0 0 0 0 0 15 1 3 1 1 0 0 0 0
23.4679 3 3 2 2 0 0 0 0 0 0 14 0 3 1 1 0 0 0 0
24.1557 3 3 3 2 0 0 0 0 0 0 13 0 3 0 1 0 0 0 0
27.5844 2 2 3 2 1 0 0 0 0 0 14 0 3 0 1 0 0 0 0
38.2857 2 3 3 2 1 0 0 0 0 0 13 0 2 0 1 0 0 0 0
39.1402 3 3 3 2 0 0 0 0 0 0 13 0 3 0 1 0 0 0 0
48.2339 3 3 3 3 0 0 0 0 0 0 12 0 3 0 0 0 0 0 0
53.4176 3 3 2 2 0 1 0 0 0 0 13 0 3 0 0 0 0 0 0
54.367 3 4 2 2 0 1 0 0 0 0 12 0 2 0 0 0 0 0 0
89.321 3 5 2 2 0 1 0 0 0 0 11 0 1 0 0 0 0 0 0
111.706 2 4 2 2 1 1 0 0 0 0 12 0 1 0 0 0 0 0 0
112.606 2 4 1 1 1 2 0 0 0 0 13 0 1 0 0 0 0 0 0
119.586 3 4 1 1 0 2 0 0 0 0 13 0 2 0 0 0 0 0 0
136.97 3 5 1 1 0 2 0 0 0 0 12 0 1 0 0 0 0 0 0
154.548 3 6 1 1 0 2 0 0 0 0 11 0 0 0 0 0 0 0 0
168.972 3 6 2 1 0 1 0 0 0 0 11 0 0 0 1 0 0 0 0
183.608 3 6 3 1 0 0 0 0 0 0 11 0 0 0 2 0 0 0 0
183.912 2 5 3 1 1 0 0 0 0 0 12 0 0 0 2 0 0 0 0
188.834 3 5 3 1 0 0 0 0 0 0 12 0 1 0 2 0 0 0 0
201.195 3 5 3 2 0 0 0 0 0 0 11 0 1 0 1 0 0 0 0
212.064 2 4 3 2 1 0 0 0 0 0 12 0 1 0 1 0 0 0 0
234.708 3 4 3 2 0 0 0 0 0 0 12 0 2 0 1 0 0 0 0
235.154 3 5 3 2 0 0 0 0 0 0 11 0 1 0 1 0 0 0 0
236.312 3 5 3 3 0 0 0 0 0 0 10 0 1 0 0 0 0 0 0
236.845 3 6 3 3 0 0 0 0 0 0 9 0 0 0 0 0 0 0 0
245.876 2 5 3 3 1 0 0 0 0 0 10 0 0 0 0 0 0 0 0
261.312 2 5 2 2 1 1 0 0 0 0 11 0 0 0 0 0 0 0 0
271.668 3 5 2 2 0 1 0 0 0 0 11 0 1 0 0 0 0 0 0
272.457 3 5 1 1 0 2 0 0 0 0 12 0 1 0 0 0 0 0 0
287.848 2 4 1 1 1 2 0 0 0 0 13 0 1 0 0 0 0 0 0
293.922 3 4 1 1 0 2 0 0 0 0 13 0 2 0 0 0 0 0 0
294.51 3 5 1 1 0 2 0 0 0 0 12 0 1 0 0 0 0 0 0
307.144 3 6 1 1 0 2 0 0 0 0 11 0 0 0 0 0 0 0 0
308.734 3 6 2 1 0 1 0 0 0 0 11 0 0 0 1 0 0 0 0
317.293 2 5 2 1 1 1 0 0 0 0 12 0 0 0 1 0 0 0 0
323.204 2 5 3 1 1 0 0 0 0 0 12 0 0 0 2 0 0 0 0
338.999 2 5 3 2 1 0 0 0 0 0 11 0 0 0 1 0 0 0 0
352.217 1 4 3 2 2 0 0 0 0 0 12 0 0 0 1 0 0 0 0
369.222 1 4 2 1 2 1 0 0 0 0 13 0 0 0 1 0 0 0 0
370.123 0 3 2 1 3 1 0 0 0 0 14 0 0 0 1 0 0 0 0
403.764 1 3 2 1 2 1 0 0 0 0 14 0 1 0 1 0 0 0 0
416.501 1 2 2 1 1 1 0 1 0 0 15 0 1 0 1 0 0 0 0
419.071 1 3 2 1 1 1 0 1 0 0 14 0 0 0 1 0 0 0 0
419.537 1 3 2 1 2 1 0 0 0 0 14 0 1 0 1 0 0 0 0
435.248 1 2 2 1 1 1 0 1 0 0 15 0 1 0 1 0 0 0 0
437.234 1 3 2 1 1 1 0 1 0 0 14 0 0 0 1 0 0 0 0
439.936 1 3 2 2 1 1 0 1 0 0 13 0 0 0 0 0 0 0 0
453.004 0 2 2 2 2 1 0 1 0 0 14 0 0 0 0 0 0 0 0
458.575 0 1 2 2 1 1 0 2 0 0 15 0 0 0 0 0 0 0 0
459.676 0 1 1 1 1 2 0 2 0 0 16 0 0 0 0 0 0 0 0
473.411 1 1 1 1 0 2 0 2 0 0 16 0 1 0 0 0 0 0 0
476.202 1 1 1 1 1 2 0 1 0 0 16 0 2 0 0 0 0 0 0
500.019 0 0 1 1 2 2 0 1 0 0 17 0 2 0 0 0 0 0 0
503.74 1 0 1 1 1 2 0 1 0 0 17 0 3 0 0 0 0 0 0
515.392 1 1 1 1 1 2 0 1 0 0 16 0 2 0 0 0 0 0 0
525.417 1 1 1 1 1 1 0 0 0 1 17 0 2 0 0 0 0 0 0
527.298 1 2 1 1 1 1 0 0 0 1 16 0 1 0 0 0 0 0 0
538.936 1 2 2 1 1 0 0 0 0 1 16 0 1 0 1 0 0 0 0
539.135 1 3 2 1 1 0 0 0 0 1 15 0 0 0 1 0 0 0 0
561.29 0 2 2 1 2 0 0 0 0 1 16 0 0 0 1 0 0 0 0
567.95 0 2 2 2 2 0 0 0 0 1 15 0 0 0 0 0 0 0 0
573.643 0 1 2 2 1 0 0 1 0 1 16 0 0 0 0 0 0 0 0
582.483 0 1 1 1 1 1 0 1 0 1 17 0 0 0 0 0 0 0 0
601.652 1 1 1 1 0 1 0 1 0 1 17 0 1 0 0 0 0 0 0
617.341 1 1 1 1 1 1 0 0 0 1 17 0 2 0 0 0 0 0 0
626.67 1 2 1 1 1 1 0 0 0 1 16 0 1 0 0 0 0 0 0
629.817 1 2 1 1 0 0 1 0 0 1 17 0 1 0 0 0 0 0 0
658.784 1 3 1 1 0 0 1 0 0 1 16 0 0 0 0 0 0 0 0
730.34 1 2 1 1 0 0 0 0 1 1 17 0 0 0 0 0 0 0 0
730.892 0 1 1 1 1 0 0 0 1 1 18 0 0 0 0 0 0 0 0
793.29 1 1 1 1 0 0 0 0 1 1 18 0 1 0 0 0 0 0 0
810.978 0 0 1 1 1 0 0 0 1 1 19 0 1 0 0 0 0 0 0
817.16 0 1 1 1 1 0 0 0 1 1 18 0 0 0 0 0 0 0 0
841.013 1 1 1 1 0 0 0 0 1 1 18 0 1 0 0 0 0 0 0
877.041 1 2 1 1 0 0 0 0 1 1 17 0 0 0 0 0 0 0 0
906.439 1 2 0 0 0 1 0 0 1 1 18 0 0 0 0 0 0 0 0
931.215 1 2 1 0 0 0 0 0 1 1 18 0 0 0 1 0 0 0 0
994.648 1 2 1 1 0 0 0 0 1 1 17 0 0 0 0 0 0 0 0
1054.7 0 1 1 1 1 0 0 0 1 1 18 0 0 0 0 0 0 0 0
1070.77 1 1 1 1 0 0 0 0 1 1 18 0 1 0 0 0 0 0 0
1076.28 0 0 1 1 1 0 0 0 1 1 19 0 1 0 0 0 0 0 0
1084.07 0 1 1 1 1 0 0 0 1 1 18 0 0 0 0 0 0 0 0
1160.66 1 1 1 1 0 0 0 0 1 1 18 0 1 0 0 0 0 0 0
1181.88 1 2 1 1 0 0 0 0 1 1 17 0 0 0 0 0 0 0 0
1239.49 0 1 1 1 1 0 0 0 1 1 18 0 0 0 0 0 0 0 0
1260.72 1 1 1 1 0 0 0 0 1 1 18 0 1 0 0 0 0 0 0
1271.02 0 0 1 1 1 0 0 0 1 1 19 0 1 0 0 0 0 0 0
1275.48 1 0 1 1 0 0 0 0 1 1 19 0 2 0 0 0 0 0 0
1277.37 1 1 1 1 0 0 0 0 1 1 18 0 1 0 0 0 0 0 0
1278.76 0 0 1 1 1 0 0 0 1 1 19 0 1 0 0 0 0 0 0
1343.59 0 1 1 1 1 0 0 0 1 1 18 0 0 0 0 0 0 0 0
1353.94 1 1 1 1 0 0 0 0 1 1 18 0 1 0 0 0 0 0 0
1402.3 1 2 1 1 0 0 0 0 1 1 17 0 0 0 0 0 0 0 0
1649.39 1 2 0 0 0 1 0 0 1 1 18 0 0 0 0 0 0 0 0
1737.7 1 2 1 0 0 0 0 0 1 1 18 0 0 0 1 0 0 0 0
1751.46 0 1 1 0 1 0 0 0 1 1 19 0 0 0 1 0 0 0 0
1756.11 1 1 1 0 0 0 0 0 1 1 19 0 1 0 1 0 0 0 0
1762.16 1 1 1 1 0 0 0 0 1 1 18 0 1 0 0 0 0 0 0
1763.85 1 2 1 1 0 0 0 0 1 1 17 0 0 0 0 0 0 0 0
1930.5 0 1 1 1 1 0 0 0 1 1 18 0 0 0 0 0 0 0 0
1974.2 1 1 1 1 0 0 0 0 1 1 18 0 1 0 0 0 0 0 0
2007.87 1 2 1 1 0 0 0 0 1 1 17 0 0 0 0 0 0 0 0
2033.33 1 2 1 1 0 0 1 0 0 1 17 0 1 0 0 0 0 0 0
2059.14 1 3 1 1 0 0 1 0 0 1 16 0 0 0 0 0 0 0 0
2112.33 0 2 1 1 1 0 1 0 0 1 17 0 0 0 0 0 0 0 0
2124 0 1 1 1 0 0 1 1 0 1 18 0 0 0 0 0 0 0 0
2133.19 0 1 1 1 0 1 0 1 0 1 18 0 0 0 0 1 0 0 0
2133.75 0 1 1 1 1 1 0 1 0 1 17 0 0 0 0 0 0 0 0
2164.8 0 1 0 0 1 2 0 1 0 1 18 0 0 0 0 0 0 0 0
2174.44 1 1 0 0 0 2 0 1 0 1 18 0 1 0 0 0 0 0 0
2177.98 1 1 0 0 0 1 0 0 0 2 19 0 1 0 0 0 0 0 0
2190.05 1 2 0 0 0 1 0 0 0 2 18 0 0 0 0 0 0 0 0
2294.41 0 1 0 0 1 1 0 0 0 2 19 0 0 0 0 0 0 0 0
2323.38 0 0 0 0 0 1 0 1 0 2 20 0 0 0 0 0 0 0 0
2446.96 0 0 0 0 1 1 0 0 0 2 20 0 1 0 0 0 0 0 0
2453.66 0 0 0 0 1 2 0 0 0 1 20 0 1 0 0 0 0 0 1
2462.89 0 0 0 0 1 2 0 1 0 1 19 0 1 0 0 0 0 0 0
2473.9 0 0 0 0 1 1 0 0 0 2 20 0 1 0 0 0 0 0 0
2477.39 0 1 0 0 1 1 0 0 0 2 19 0 0 0 0 0 0 0 0
2489.25 0 1 0 0 0 0 1 0 0 2 20 0 0 0 0 0 0 0 0
2530.61 0 0 0 0 0 0 0 0 1 2 21 0 0 0 0 0 0 0 0
3534.54 0 0 0 0 0 0 1 0 0 2 21 0 1 0 0 0 0 0 0
3540.76 0 1 0 0 0 0 1 0 0 2 20 0 0 0 0 0 0 0 0
3632.4 0 1 0 0 0 1 1 0 0 1 20 0 0 0 0 0 0 0 1
3654 0 1 1 0 0 0 1 0 0 1 20 0 0 0 1 0 0 0 1
3662.5 0 1 1 0 0 1 0 0 0 1 20 0 0 0 1 1 0 0 1
3675.26 0 1 1 0 0 1 0 1 0 1 19 0 0 0 1 1 0 0 0
3680.8 0 1 1 1 0 1 0 1 0 1 18 0 0 0 0 1 0 0 0
3718.36 0 1 1 1 1 1 0 1 0 1 17 0 0 0 0 0 0 0 0
3731.26 0 0 1 1 0 1 0 2 0 1 18 0 0 0 0 0 0 0 0
3749.51 0 0 1 1 0 0 0 1 0 2 19 0 0 0 0 0 0 0 0
3792.3 0 0 1 1 1 0 0 0 0 2 19 0 1 0 0 0 0 0 0
3792.82 0 1 1 1 1 0 0 0 0 2 18 0 0 0 0 0 0 0 0
3797.25 1 1 1 1 0 0 0 0 0 2 18 0 1 0 0 0 0 0 0
3812.91 1 2 1 1 0 0 0 0 0 2 17 0 0 0 0 0 0 0 0
3840.16 0 1 1 1 1 0 0 0 0 2 18 0 0 0 0 0 0 0 0
3844.39 0 1 0 0 1 1 0 0 0 2 19 0 0 0 0 0 0 0 0
3851.64 1 1 0 0 0 1 0 0 0 2 19 0 1 0 0 0 0 0 0
3875.35 1 2 0 0 0 1 0 0 0 2 18 0 0 0 0 0 0 0 0
3912.33 1 2 1 0 0 0 0 0 0 2 18 0 0 0 1 0 0 0 0
3933.61 0 1 1 0 1 0 0 0 0 2 19 0 0 0 1 0 0 0 0
3941.1 0 1 1 1 1 0 0 0 0 2 18 0 0 0 0 0 0 0 0
3941.1 0 1 1 1 1 0 0 0 0 2 18 0 0 0 0 0 0 0 0
