0 0 0 0 0 0 0 0 0 0 0 24 3 6 3 3 0 0 0 0
0.0783474 0 0 0 1 0 0 0 0 0 0 23 3 6 3 2 0 0 0 0
0.985726 0 1 0 1 0 0 0 0 0 0 22 3 5 3 2 0 0 0 0
1.73018 0 1 0 2 0 0 0 0 0 0 21 3 5 3 1 0 0 0 0
3.21675 1 1 0 2 0 0 0 0 0 0 20 2 5 3 1 0 0 0 0
3.69619 1 1 0 3 0 0 0 0 0 0 19 2 5 3 0 0 0 0 0
11.7474 1 1 1 3 0 0 0 0 0 0 18 2 5 2 0 0 0 0 0
14.862 1 2 1 3 0 0 0 0 0 0 17 2 4 2 0 0 0 0 0
19.5991 1 3 1 3 0 0 0 0 0 0 16 2 3 2 0 0 0 0 0
22.5671 1 4 1 3 0 0 0 0 0 0 15 2 2 2 0 0 0 0 0
31.7415 1 4 2 3 0 0 0 0 0 0 14 2 2 1 0 0 0 0 0
34.1176 2 4 2 3 0 0 0 0 0 0 13 1 2 1 0 0 0 0 0
37.8311 1 3 2 3 1 0 0 0 0 0 14 1 2 1 0 0 0 0 0
53.4605 1 4 2 3 1 0 0 0 0 0 13 1 1 1 0 0 0 0 0
66.2779 1 4 1 2 1 1 0 0 0 0 14 1 1 1 0 0 0 0 0
73.0822 1 3 1 2 0 1 0 1 0 0 15 1 1 1 0 0 0 0 0
83.337 2 3 1 2 0 1 0 1 0 0 14 0 1 1 0 0 0 0 0
104.576 2 3 2 2 0 1 0 1 0 0 13 0 1 0 0 0 0 0 0
112.041 2 4 2 2 0 1 0 1 0 0 12 0 0 0 0 0 0 0 0
118.313 2 4 2 2 1 1 0 0 0 0 12 0 1 0 0 0 0 0 0
120.388 2 3 2 2 0 1 0 1 0 0 13 0 1 0 0 0 0 0 0
120.982 2 4 2 2 0 1 0 1 0 0 12 0 0 0 0 0 0 0 0
146.044 1 3 2 2 1 1 0 1 0 0 13 0 0 0 0 0 0 0 0
165.117 1 2 2 2 0 1 0 2 0 0 14 0 0 0 0 0 0 0 0
166.739 1 2 2 2 1 1 0 1 0 0 14 0 1 0 0 0 0 0 0
192.778 0 1 2 2 2 1 0 1 0 0 15 0 1 0 0 0 0 0 0
195.839 0 2 2 2 2 1 0 1 0 0 14 0 0 0 0 0 0 0 0
204.28 0 1 2 2 1 1 0 2 0 0 15 0 0 0 0 0 0 0 0
207.19 1 1 2 2 0 1 0 2 0 0 15 0 1 0 0 0 0 0 0
208.521 1 2 2 2 0 1 0 2 0 0 14 0 0 0 0 0 0 0 0
216.535 1 2 1 1 0 2 0 2 0 0 15 0 0 0 0 0 0 0 0
252.893 1 2 1 1 1 2 0 1 0 0 15 0 1 0 0 0 0 0 0
258.648 1 2 1 1 1 1 0 0 0 1 16 0 1 0 0 0 0 0 0
263.344 1 2 0 0 1 2 0 0 0 1 17 0 1 0 0 0 0 0 0
263.803 2 2 0 0 0 2 0 0 0 1 17 0 2 0 0 0 0 0 0
287.665 2 3 0 0 0 2 0 0 0 1 16 0 1 0 0 0 0 0 0
289.745 1 2 0 0 1 2 0 0 0 1 17 0 1 0 0 0 0 0 0
295.428 1 2 0 0 0 1 1 0 0 1 18 0 1 0 0 0 0 0 0
313.734 1 3 0 0 0 1 1 0 0 1 17 0 0 0 0 0 0 0 0
333.093 0 2 0 0 1 1 1 0 0 1 18 0 0 0 0 0 0 0 0
345.902 1 2 0 0 0 1 1 0 0 1 18 0 1 0 0 0 0 0 0
365.716 1 2 1 0 0 0 1 0 0 1 18 0 1 0 1 0 0 0 0
376.56 1 2 1 1 0 0 1 0 0 1 17 0 1 0 0 0 0 0 0
387.852 1 1 1 1 0 0 0 0 1 1 18 0 1 0 0 0 0 0 0
413.445 1 2 1 1 0 0 0 0 1 1 17 0 0 0 0 0 0 0 0
599.949 1 2 1 1 0 0 1 0 0 1 17 0 1 0 0 0 0 0 0
606.819 1 1 1 1 0 0 0 0 1 1 18 0 1 0 0 0 0 0 0
609.793 1 2 1 1 0 0 0 0 1 1 17 0 0 0 0 0 0 0 0
675.897 0 1 1 1 1 0 0 0 1 1 18 0 0 0 0 0 0 0 0
719.461 1 1 1 1 0 0 0 0 1 1 18 0 1 0 0 0 0 0 0
720.812 1 2 1 1 0 0 0 0 1 1 17 0 0 0 0 0 0 0 0
863.344 1 2 0 0 0 1 0 0 1 1 18 0 0 0 0 0 0 0 0
916.407 1 2 1 0 0 0 0 0 1 1 18 0 0 0 1 0 0 0 0
918.676 1 2 1 1 0 0 0 0 1 1 17 0 0 0 0 0 0 0 0
955.372 0 1 1 1 1 0 0 0 1 1 18 0 0 0 0 0 0 0 0
955.673 1 1 1 1 0 0 0 0 1 1 18 0 1 0 0 0 0 0 0
1009.26 1 2 1 1 0 0 0 0 1 1 17 0 0 0 0 0 0 0 0
1073.78 0 1 1 1 1 0 0 0 1 1 18 0 0 0 0 0 0 0 0
1202.32 0 1 0 0 1 1 0 0 1 1 19 0 0 0 0 0 0 0 0
1217.5 1 1 0 0 0 1 0 0 1 1 19 0 1 0 0 0 0 0 0
1232.53 1 2 0 0 0 1 0 0 1 1 18 0 0 0 0 0 0 0 0
1313.2 0 1 0 0 1 1 0 0 1 1 19 0 0 0 0 0 0 0 0
1460.87 0 0 0 0 0 1 0 1 1 1 20 0 0 0 0 0 0 0 0
1510.24 0 0 1 0 0 0 0 1 1 1 20 0 0 0 1 0 0 0 0
1516.14 0 0 1 1 0 0 0 1 1 1 19 0 0 0 0 0 0 0 0
1519.36 0 0 1 1 1 0 0 0 1 1 19 0 1 0 0 0 0 0 0
1557.39 1 0 1 1 0 0 0 0 1 1 19 0 2 0 0 0 0 0 0
1566.06 1 1 1 1 0 0 0 0 1 1 18 0 1 0 0 0 0 0 0
1566.09 1 2 1 1 0 0 0 0 1 1 17 0 0 0 0 0 0 0 0
1679.65 1 2 0 0 0 1 0 0 1 1 18 0 0 0 0 0 0 0 0
1693.03 0 1 0 0 1 1 0 0 1 1 19 0 0 0 0 0 0 0 0
1695.79 0 1 1 0 1 0 0 0 1 1 19 0 0 0 1 0 0 0 0
1704.66 0 1 1 1 1 0 0 0 1 1 18 0 0 0 0 0 0 0 0
1747.03 1 1 1 1 0 0 0 0 1 1 18 0 1 0 0 0 0 0 0
1764.39 1 2 1 1 0 0 0 0 1 1 17 0 0 0 0 0 0 0 0
1770.25 1 2 0 0 0 1 0 0 1 1 18 0 0 0 0 0 0 0 0
1795.58 0 1 0 0 1 1 0 0 1 1 19 0 0 0 0 0 0 0 0
1923.01 1 1 0 0 0 1 0 0 1 1 19 0 1 0 0 0 0 0 0
1939.92 1 2 0 0 0 1 0 0 1 1 18 0 0 0 0 0 0 0 0
2049.3 0 1 0 0 1 1 0 0 1 1 19 0 0 0 0 0 0 0 0
2147.95 0 0 0 0 0 1 0 1 1 1 20 0 0 0 0 0 0 0 0
2158.66 0 0 0 0 0 0 0 0 1 2 21 0 0 0 0 0 0 0 0
3040.81 0 0 0 0 0 0 1 0 0 2 21 0 1 0 0 0 0 0 0
3049.08 0 1 0 0 0 0 1 0 0 2 20 0 0 0 0 0 0 0 0
3110.94 0 1 0 0 0 1 1 0 0 1 20 0 0 0 0 0 0 0 1
3232.91 0 1 0 0 0 1 1 1 0 1 19 0 0 0 0 0 0 0 0
3283.51 0 1 0 0 1 1 1 0 0 1 19 0 1 0 0 0 0 0 0
3296.53 0 2 0 0 1 1 1 0 0 1 18 0 0 0 0 0 0 0 0
3321.11 1 2 0 0 0 1 1 0 0 1 18 0 1 0 0 0 0 0 0
3334.83 1 3 0 0 0 1 1 0 0 1 17 0 0 0 0 0 0 0 0
3350.1 1 2 0 0 0 1 0 0 1 1 18 0 0 0 0 0 0 0 0
3377.27 0 1 0 0 1 1 0 0 1 1 19 0 0 0 0 0 0 0 0
3393.06 1 1 0 0 0 1 0 0 1 1 19 0 1 0 0 0 0 0 0
3546.47 1 2 0 0 0 1 0 0 1 1 18 0 0 0 0 0 0 0 0
3754.16 0 1 0 0 1 1 0 0 1 1 19 0 0 0 0 0 0 0 0
3815.88 0 1 0 0 0 0 1 0 1 1 20 0 0 0 0 0 0 0 0
3948.81 0 1 0 0 0 0 2 0 0 1 20 0 1 0 0 0 0 0 0
3976.02 0 2 0 0 0 0 2 0 0 1 19 0 0 0 0 0 0 0 0
3976.02 0 2 0 0 0 0 2 0 0 1 19 0 0 0 0 0 0 0 0
