0 0 0 0 0 0 0 0 0 0 0 24 3 6 3 3 0 0 0 0
0.341579 0 0 1 0 0 0 0 0 0 0 23 3 6 2 3 0 0 0 0
1.41391 0 0 1 1 0 0 0 0 0 0 22 3 6 2 2 0 0 0 0
2.68043 0 0 2 1 0 0 0 0 0 0 21 3 6 1 2 0 0 0 0
2.91923 0 0 3 1 0 0 0 0 0 0 20 3 6 0 2 0 0 0 0
4.57949 0 1 3 1 0 0 0 0 0 0 19 3 5 0 2 0 0 0 0
8.30316 0 2 3 1 0 0 0 0 0 0 18 3 4 0 2 0 0 0 0
9.84568 0 2 3 2 0 0 0 0 0 0 17 3 4 0 1 0 0 0 0
10.1777 1 2 3 2 0 0 0 0 0 0 16 2 4 0 1 0 0 0 0
11.6332 1 2 3 3 0 0 0 0 0 0 15 2 4 0 0 0 0 0 0
22.6648 1 3 3 3 0 0 0 0 0 0 14 2 3 0 0 0 0 0 0
27.1197 2 3 3 3 0 0 0 0 0 0 13 1 3 0 0 0 0 0 0
35.1535 2 4 3 3 0 0 0 0 0 0 12 1 2 0 0 0 0 0 0
40.9036 3 4 3 3 0 0 0 0 0 0 11 0 2 0 0 0 0 0 0
62.2178 3 4 2 2 0 1 0 0 0 0 12 0 2 0 0 0 0 0 0
63.9817 3 4 3 2 0 0 0 0 0 0 12 0 2 0 1 0 0 0 0
65.2917 3 5 3 2 0 0 0 0 0 0 11 0 1 0 1 0 0 0 0
78.135 2 4 3 2 1 0 0 0 0 0 12 0 1 0 1 0 0 0 0
85.9061 2 5 3 2 1 0 0 0 0 0 11 0 0 0 1 0 0 0 0
113.077 1 4 3 2 2 0 0 0 0 0 12 0 0 0 1 0 0 0 0
119.765 2 4 3 2 1 0 0 0 0 0 12 0 1 0 1 0 0 0 0
121.126 2 5 3 2 1 0 0 0 0 0 11 0 0 0 1 0 0 0 0
139.927 2 5 2 1 1 1 0 0 0 0 12 0 0 0 1 0 0 0 0
145.755 1 4 2 1 2 1 0 0 0 0 13 0 0 0 1 0 0 0 0
150.674 1 3 2 1 1 1 0 1 0 0 14 0 0 0 1 0 0 0 0
151.664 1 3 2 1 2 1 0 0 0 0 14 0 1 0 1 0 0 0 0
154.666 2 3 2 1 1 1 0 0 0 0 14 0 2 0 1 0 0 0 0
154.787 2 3 2 2 1 1 0 0 0 0 13 0 2 0 0 0 0 0 0
155.557 3 3 2 2 0 1 0 0 0 0 13 0 3 0 0 0 0 0 0
161.153 3 4 2 2 0 1 0 0 0 0 12 0 2 0 0 0 0 0 0
163.23 2 3 2 2 1 1 0 0 0 0 13 0 2 0 0 0 0 0 0
168.875 2 4 2 2 1 1 0 0 0 0 12 0 1 0 0 0 0 0 0
170.112 2 4 3 2 1 0 0 0 0 0 12 0 1 0 1 0 0 0 0
170.635 2 4 2 1 1 1 0 0 0 0 13 0 1 0 1 0 0 0 0
177.828 2 4 2 2 1 1 0 0 0 0 12 0 1 0 0 0 0 0 0
184.47 2 5 2 2 1 1 0 0 0 0 11 0 0 0 0 0 0 0 0
192.718 1 4 2 2 2 1 0 0 0 0 12 0 0 0 0 0 0 0 0
199.571 2 4 2 2 1 1 0 0 0 0 12 0 1 0 0 0 0 0 0
202.304 1 3 2 2 2 1 0 0 0 0 13 0 1 0 0 0 0 0 0
205.968 1 2 2 2 1 1 0 1 0 0 14 0 1 0 0 0 0 0 0
220.155 1 2 3 2 1 0 0 1 0 0 14 0 1 0 1 0 0 0 0
220.723 1 2 3 3 1 0 0 1 0 0 13 0 1 0 0 0 0 0 0
221.899 1 3 3 3 1 0 0 1 0 0 12 0 0 0 0 0 0 0 0
224.552 2 3 3 3 0 0 0 1 0 0 12 0 1 0 0 0 0 0 0
236.713 2 3 2 2 0 1 0 1 0 0 13 0 1 0 0 0 0 0 0
239.603 1 2 2 2 1 1 0 1 0 0 14 0 1 0 0 0 0 0 0
245.139 1 1 2 2 0 1 0 2 0 0 15 0 1 0 0 0 0 0 0
248.095 1 1 2 2 1 1 0 1 0 0 15 0 2 0 0 0 0 0 0
248.101 1 2 2 2 1 1 0 1 0 0 14 0 1 0 0 0 0 0 0
251.582 2 2 2 2 0 1 0 1 0 0 14 0 2 0 0 0 0 0 0
254.777 2 2 1 1 0 2 0 1 0 0 15 0 2 0 0 0 0 0 0
267.285 2 2 1 1 0 1 0 0 0 1 16 0 2 0 0 0 0 0 0
273.639 2 3 1 1 0 1 0 0 0 1 15 0 1 0 0 0 0 0 0
276.945 1 2 1 1 1 1 0 0 0 1 16 0 1 0 0 0 0 0 0
279.795 2 2 1 1 0 1 0 0 0 1 16 0 2 0 0 0 0 0 0
285.143 1 1 1 1 1 1 0 0 0 1 17 0 2 0 0 0 0 0 0
320.832 1 2 1 1 1 1 0 0 0 1 16 0 1 0 0 0 0 0 0
321.495 1 3 1 1 1 1 0 0 0 1 15 0 0 0 0 0 0 0 0
337.118 2 3 1 1 0 1 0 0 0 1 15 0 1 0 0 0 0 0 0
342.578 2 4 1 1 0 1 0 0 0 1 14 0 0 0 0 0 0 0 0
419.416 1 3 1 1 1 1 0 0 0 1 15 0 0 0 0 0 0 0 0
419.979 2 3 1 1 0 1 0 0 0 1 15 0 1 0 0 0 0 0 0
423.862 2 4 1 1 0 1 0 0 0 1 14 0 0 0 0 0 0 0 0
485.141 2 4 0 0 0 2 0 0 0 1 15 0 0 0 0 0 0 0 0
503.129 2 4 1 0 0 1 0 0 0 1 15 0 0 0 1 0 0 0 0
529.303 1 3 1 0 1 1 0 0 0 1 16 0 0 0 1 0 0 0 0
571.844 2 3 1 0 0 1 0 0 0 1 16 0 1 0 1 0 0 0 0
581.708 2 4 1 0 0 1 0 0 0 1 15 0 0 0 1 0 0 0 0
608.097 1 3 1 0 1 1 0 0 0 1 16 0 0 0 1 0 0 0 0
609.615 1 3 1 1 1 1 0 0 0 1 15 0 0 0 0 0 0 0 0
617.965 2 3 1 1 0 1 0 0 0 1 15 0 1 0 0 0 0 0 0
680.086 2 4 1 1 0 1 0 0 0 1 14 0 0 0 0 0 0 0 0
778.632 2 4 2 1 0 0 0 0 0 1 14 0 0 0 1 0 0 0 0
787.195 2 4 1 0 0 1 0 0 0 1 15 0 0 0 1 0 0 0 0
791.793 1 3 1 0 1 1 0 0 0 1 16 0 0 0 1 0 0 0 0
806.497 1 3 1 1 1 1 0 0 0 1 15 0 0 0 0 0 0 0 0
811.093 1 3 1 1 0 0 1 0 0 1 16 0 0 0 0 0 0 0 0
842.113 1 2 1 1 0 0 0 0 1 1 17 0 0 0 0 0 0 0 0
1180.42 0 1 1 1 1 0 0 0 1 1 18 0 0 0 0 0 0 0 0
1220.21 1 1 1 1 0 0 0 0 1 1 18 0 1 0 0 0 0 0 0
1241.68 1 2 1 1 0 0 0 0 1 1 17 0 0 0 0 0 0 0 0
1275.96 0 1 1 1 1 0 0 0 1 1 18 0 0 0 0 0 0 0 0
1277.76 0 1 0 0 1 1 0 0 1 1 19 0 0 0 0 0 0 0 0
1278.47 0 0 0 0 0 1 0 1 1 1 20 0 0 0 0 0 0 0 0
1339.34 0 0 0 0 1 1 0 0 1 1 20 0 1 0 0 0 0 0 0
1370.51 0 1 0 0 1 1 0 0 1 1 19 0 0 0 0 0 0 0 0
1402.55 0 0 0 0 0 1 0 1 1 1 20 0 0 0 0 0 0 0 0
1426.27 0 0 1 0 0 0 0 1 1 1 20 0 0 0 1 0 0 0 0
1471.09 0 0 1 0 1 0 0 0 1 1 20 0 1 0 1 0 0 0 0
1472.54 0 0 1 1 1 0 0 0 1 1 19 0 1 0 0 0 0 0 0
1483.92 1 0 1 1 0 0 0 0 1 1 19 0 2 0 0 0 0 0 0
1489.35 1 1 1 1 0 0 0 0 1 1 18 0 1 0 0 0 0 0 0
1507.67 0 0 1 1 1 0 0 0 1 1 19 0 1 0 0 0 0 0 0
1510.22 0 1 1 1 1 0 0 0 1 1 18 0 0 0 0 0 0 0 0
1529.36 0 0 1 1 0 0 0 1 1 1 19 0 0 0 0 0 0 0 0
1532.61 0 0 1 1 1 0 0 0 1 1 19 0 1 0 0 0 0 0 0
1537.26 0 1 1 1 1 0 0 0 1 1 18 0 0 0 0 0 0 0 0
1575.59 1 1 1 1 0 0 0 0 1 1 18 0 1 0 0 0 0 0 0
1582.34 1 2 1 1 0 0 0 0 1 1 17 0 0 0 0 0 0 0 0
1600.62 0 1 1 1 1 0 0 0 1 1 18 0 0 0 0 0 0 0 0
1661.46 1 1 1 1 0 0 0 0 1 1 18 0 1 0 0 0 0 0 0
1662.96 1 2 1 1 0 0 0 0 1 1 17 0 0 0 0 0 0 0 0
1960.79 0 1 1 1 1 0 0 0 1 1 18 0 0 0 0 0 0 0 0
1963.63 0 0 1 1 0 0 0 1 1 1 19 0 0 0 0 0 0 0 0
1987.48 0 0 1 1 1 0 0 0 1 1 19 0 1 0 0 0 0 0 0
1988.2 1 0 1 1 0 0 0 0 1 1 19 0 2 0 0 0 0 0 0
1988.91 1 1 1 1 0 0 0 0 1 1 18 0 1 0 0 0 0 0 0
2004.9 1 2 1 1 0 0 0 0 1 1 17 0 0 0 0 0 0 0 0
2046.77 0 1 1 1 1 0 0 0 1 1 18 0 0 0 0 0 0 0 0
2054.73 1 1 1 1 0 0 0 0 1 1 18 0 1 0 0 0 0 0 0
2068.43 1 2 1 1 0 0 0 0 1 1 17 0 0 0 0 0 0 0 0
2208 0 1 1 1 1 0 0 0 1 1 18 0 0 0 0 0 0 0 0
2241.45 1 1 1 1 0 0 0 0 1 1 18 0 1 0 0 0 0 0 0
2242.29 1 1 1 1 0 0 1 0 0 1 18 0 2 0 0 0 0 0 0
2242.88 1 2 1 1 0 0 1 0 0 1 17 0 1 0 0 0 0 0 0
2275.71 1 2 0 0 0 1 1 0 0 1 18 0 1 0 0 0 0 0 0
2281.14 0 1 0 0 1 1 1 0 0 1 19 0 1 0 0 0 0 0 0
2285.39 0 2 0 0 1 1 1 0 0 1 18 0 0 0 0 0 0 0 0
2295.99 1 2 0 0 0 1 1 0 0 1 18 0 1 0 0 0 0 0 0
2298.02 1 2 0 0 0 2 0 0 0 1 18 0 1 0 0 1 0 0 0
2306.54 1 2 0 0 1 2 0 0 0 1 17 0 1 0 0 0 0 0 0
2313.4 2 2 0 0 0 2 0 0 0 1 17 0 2 0 0 0 0 0 0
2322.07 1 1 0 0 1 2 0 0 0 1 18 0 2 0 0 0 0 0 0
2324.64 1 1 0 0 0 1 1 0 0 1 19 0 2 0 0 0 0 0 0
2335.39 1 2 0 0 0 1 1 0 0 1 18 0 1 0 0 0 0 0 0
2354.2 1 3 0 0 0 1 1 0 0 1 17 0 0 0 0 0 0 0 0
2392.1 1 2 0 0 0 1 0 0 1 1 18 0 0 0 0 0 0 0 0
2527.98 1 2 1 0 0 0 0 0 1 1 18 0 0 0 1 0 0 0 0
2572.21 0 1 1 0 1 0 0 0 1 1 19 0 0 0 1 0 0 0 0
2574.13 1 1 1 0 0 0 0 0 1 1 19 0 1 0 1 0 0 0 0
2575.65 1 1 1 0 0 0 1 0 0 1 19 0 2 0 1 0 0 0 0
2586.62 1 2 1 0 0 0 1 0 0 1 18 0 1 0 1 0 0 0 0
2608.65 1 2 1 1 0 0 1 0 0 1 17 0 1 0 0 0 0 0 0
2627.91 1 3 1 1 0 0 1 0 0 1 16 0 0 0 0 0 0 0 0
2648.84 0 2 1 1 1 0 1 0 0 1 17 0 0 0 0 0 0 0 0
2714.32 0 2 0 0 1 1 1 0 0 1 18 0 0 0 0 0 0 0 0
2783.12 1 2 0 0 0 1 1 0 0 1 18 0 1 0 0 0 0 0 0
2798.98 1 3 0 0 0 1 1 0 0 1 17 0 0 0 0 0 0 0 0
2813.34 0 2 0 0 1 1 1 0 0 1 18 0 0 0 0 0 0 0 0
2828.41 0 2 0 0 1 2 0 0 0 1 18 0 0 0 0 1 0 0 0
2833.85 0 2 0 0 2 2 0 0 0 1 17 0 0 0 0 0 0 0 0
2836.11 0 2 1 0 2 1 0 0 0 1 17 0 0 0 1 0 0 0 0
2847.09 0 2 1 1 2 1 0 0 0 1 16 0 0 0 0 0 0 0 0
2853.09 1 2 1 1 1 1 0 0 0 1 16 0 1 0 0 0 0 0 0
2887.52 1 3 1 1 1 1 0 0 0 1 15 0 0 0 0 0 0 0 0
2899.95 1 3 2 1 1 0 0 0 0 1 15 0 0 0 1 0 0 0 0
2906.73 1 3 2 2 1 0 0 0 0 1 14 0 0 0 0 0 0 0 0
2919.76 2 3 2 2 0 0 0 0 0 1 14 0 1 0 0 0 0 0 0
2925.49 2 4 2 2 0 0 0 0 0 1 13 0 0 0 0 0 0 0 0
2945.6 1 3 2 2 1 0 0 0 0 1 14 0 0 0 0 0 0 0 0
2999.98 1 2 2 2 0 0 0 1 0 1 15 0 0 0 0 0 0 0 0
3045.09 0 1 2 2 1 0 0 1 0 1 16 0 0 0 0 0 0 0 0
3085.36 1 1 2 2 0 0 0 1 0 1 16 0 1 0 0 0 0 0 0
3094.69 1 2 2 2 0 0 0 1 0 1 15 0 0 0 0 0 0 0 0
3105.77 0 1 2 2 1 0 0 1 0 1 16 0 0 0 0 0 0 0 0
3111.05 1 1 2 2 0 0 0 1 0 1 16 0 1 0 0 0 0 0 0
3113.09 1 2 2 2 0 0 0 1 0 1 15 0 0 0 0 0 0 0 0
3154.83 0 1 2 2 1 0 0 1 0 1 16 0 0 0 0 0 0 0 0
3166.11 0 1 2 2 2 0 0 0 0 1 16 0 1 0 0 0 0 0 0
3170.32 0 2 2 2 2 0 0 0 0 1 15 0 0 0 0 0 0 0 0
3180.41 0 1 2 2 1 0 0 1 0 1 16 0 0 0 0 0 0 0 0
3191.5 0 1 1 1 1 1 0 1 0 1 17 0 0 0 0 0 0 0 0
3192 0 0 1 1 0 1 0 2 0 1 18 0 0 0 0 0 0 0 0
3196.38 0 0 1 1 1 1 0 1 0 1 18 0 1 0 0 0 0 0 0
3196.45 1 0 1 1 0 1 0 1 0 1 18 0 2 0 0 0 0 0 0
3196.99 1 0 1 1 0 0 0 0 0 2 19 0 2 0 0 0 0 0 0
3198.77 1 1 1 1 0 0 0 0 0 2 18 0 1 0 0 0 0 0 0
3236.63 0 0 1 1 1 0 0 0 0 2 19 0 1 0 0 0 0 0 0
3239.05 0 1 1 1 1 0 0 0 0 2 18 0 0 0 0 0 0 0 0
3245.96 1 1 1 1 0 0 0 0 0 2 18 0 1 0 0 0 0 0 0
3250.34 1 2 1 1 0 0 0 0 0 2 17 0 0 0 0 0 0 0 0
3256.35 1 2 0 0 0 1 0 0 0 2 18 0 0 0 0 0 0 0 0
3347.47 0 1 0 0 1 1 0 0 0 2 19 0 0 0 0 0 0 0 0
3350.07 0 1 1 0 1 0 0 0 0 2 19 0 0 0 1 0 0 0 0
3373.91 0 1 1 1 1 0 0 0 0 2 18 0 0 0 0 0 0 0 0
3397.47 1 1 1 1 0 0 0 0 0 2 18 0 1 0 0 0 0 0 0
3401.87 1 2 1 1 0 0 0 0 0 2 17 0 0 0 0 0 0 0 0
3413.42 1 2 0 0 0 1 0 0 0 2 18 0 0 0 0 0 0 0 0
3495.92 1 2 1 0 0 0 0 0 0 2 18 0 0 0 1 0 0 0 0
3512.43 1 2 1 1 0 0 0 0 0 2 17 0 0 0 0 0 0 0 0
3799.89 0 1 1 1 1 0 0 0 0 2 18 0 0 0 0 0 0 0 0
3840.38 1 1 1 1 0 0 0 0 0 2 18 0 1 0 0 0 0 0 0
3850.29 1 2 1 1 0 0 0 0 0 2 17 0 0 0 0 0 0 0 0
3856.57 0 1 1 1 1 0 0 0 0 2 18 0 0 0 0 0 0 0 0
3907.68 1 1 1 1 0 0 0 0 0 2 18 0 1 0 0 0 0 0 0
3964.65 1 1 0 0 0 1 0 0 0 2 19 0 1 0 0 0 0 0 0
3981.43 0 0 0 0 1 1 0 0 0 2 20 0 1 0 0 0 0 0 0
3984.6 0 1 0 0 1 1 0 0 0 2 19 0 0 0 0 0 0 0 0
3984.6 0 1 0 0 1 1 0 0 0 2 19 0 0 0 0 0 0 0 0
