0 0 0 0 0 0 0 0 0 0 0 24 3 6 3 3 0 0 0 0
0.96011 0 0 0 1 0 0 0 0 0 0 23 3 6 3 2 0 0 0 0
1.18025 0 0 1 1 0 0 0 0 0 0 22 3 6 2 2 0 0 0 0
1.81314 0 0 2 1 0 0 0 0 0 0 21 3 6 1 2 0 0 0 0
2.1207 0 1 2 1 0 0 0 0 0 0 20 3 5 1 2 0 0 0 0
3.72998 0 2 2 1 0 0 0 0 0 0 19 3 4 1 2 0 0 0 0
9.97173 0 3 2 1 0 0 0 0 0 0 18 3 3 1 2 0 0 0 0
11.3778 0 4 2 1 0 0 0 0 0 0 17 3 2 1 2 0 0 0 0
12.3285 0 5 2 1 0 0 0 0 0 0 16 3 1 1 2 0 0 0 0
18.4857 0 5 2 2 0 0 0 0 0 0 15 3 1 1 1 0 0 0 0
24.4627 0 5 3 2 0 0 0 0 0 0 14 3 1 0 1 0 0 0 0
25.8281 1 5 3 2 0 0 0 0 0 0 13 2 1 0 1 0 0 0 0
30.1905 2 5 3 2 0 0 0 0 0 0 12 1 1 0 1 0 0 0 0
61.0881 2 5 2 1 0 1 0 0 0 0 13 1 1 0 1 0 0 0 0
64.9024 1 4 2 1 1 1 0 0 0 0 14 1 1 0 1 0 0 0 0
71.8854 1 4 3 1 1 0 0 0 0 0 14 1 1 0 2 0 0 0 0
75.1086 1 4 3 2 1 0 0 0 0 0 13 1 1 0 1 0 0 0 0
83.3911 2 4 3 2 1 0 0 0 0 0 12 0 1 0 1 0 0 0 0
87.3413 2 4 3 3 1 0 0 0 0 0 11 0 1 0 0 0 0 0 0
99.6578 2 4 2 2 1 1 0 0 0 0 12 0 1 0 0 0 0 0 0
104.239 2 4 3 2 1 0 0 0 0 0 12 0 1 0 1 0 0 0 0
105.775 2 5 3 2 1 0 0 0 0 0 11 0 0 0 1 0 0 0 0
135.842 2 5 2 1 1 1 0 0 0 0 12 0 0 0 1 0 0 0 0
155.976 2 5 2 2 1 1 0 0 0 0 11 0 0 0 0 0 0 0 0
201.786 1 4 2 2 2 1 0 0 0 0 12 0 0 0 0 0 0 0 0
206.542 1 4 2 2 1 0 1 0 0 0 13 0 0 0 0 0 0 0 0
233.393 1 3 2 2 1 0 0 0 1 0 14 0 0 0 0 0 0 0 0
244.126 2 3 2 2 0 0 0 0 1 0 14 0 1 0 0 0 0 0 0
246.574 2 4 2 2 0 0 0 0 1 0 13 0 0 0 0 0 0 0 0
248.318 1 3 2 2 1 0 0 0 1 0 14 0 0 0 0 0 0 0 0
257.774 1 3 1 1 1 1 0 0 1 0 15 0 0 0 0 0 0 0 0
261.184 1 3 0 0 1 2 0 0 1 0 16 0 0 0 0 0 0 0 0
301.022 0 2 0 0 2 2 0 0 1 0 17 0 0 0 0 0 0 0 0
307.391 1 2 0 0 1 2 0 0 1 0 17 0 1 0 0 0 0 0 0
332.779 1 3 0 0 1 2 0 0 1 0 16 0 0 0 0 0 0 0 0
365.23 2 3 0 0 0 2 0 0 1 0 16 0 1 0 0 0 0 0 0
372.499 2 4 0 0 0 2 0 0 1 0 15 0 0 0 0 0 0 0 0
393.836 2 4 1 0 0 1 0 0 1 0 15 0 0 0 1 0 0 0 0
407.598 2 4 1 1 0 1 0 0 1 0 14 0 0 0 0 0 0 0 0
430.427 1 3 1 1 1 1 0 0 1 0 15 0 0 0 0 0 0 0 0
433.541 0 2 1 1 2 1 0 0 1 0 16 0 0 0 0 0 0 0 0
438.537 0 2 1 1 2 1 1 0 0 0 16 0 1 0 0 0 0 0 0
445.377 1 2 1 1 1 1 1 0 0 0 16 0 2 0 0 0 0 0 0
448.653 2 2 1 1 0 1 1 0 0 0 16 0 3 0 0 0 0 0 0
449.38 2 3 1 1 0 1 1 0 0 0 15 0 2 0 0 0 0 0 0
451.559 2 4 1 1 0 1 1 0 0 0 14 0 1 0 0 0 0 0 0
453.083 2 4 1 1 0 2 0 0 0 0 14 0 1 0 0 1 0 0 0
456.243 2 4 1 1 1 2 0 0 0 0 13 0 1 0 0 0 0 0 0
458.733 2 3 1 1 0 2 0 1 0 0 14 0 1 0 0 0 0 0 0
463.283 2 4 1 1 0 2 0 1 0 0 13 0 0 0 0 0 0 0 0
488.986 2 4 2 1 0 1 0 1 0 0 13 0 0 0 1 0 0 0 0
495.543 2 4 2 2 0 1 0 1 0 0 12 0 0 0 0 0 0 0 0
499.215 1 3 2 2 1 1 0 1 0 0 13 0 0 0 0 0 0 0 0
510.111 1 3 1 1 1 2 0 1 0 0 14 0 0 0 0 0 0 0 0
518.483 1 3 1 1 2 2 0 0 0 0 14 0 1 0 0 0 0 0 0
522.328 2 3 1 1 1 2 0 0 0 0 14 0 2 0 0 0 0 0 0
522.839 3 3 1 1 0 2 0 0 0 0 14 0 3 0 0 0 0 0 0
529.842 3 4 1 1 0 2 0 0 0 0 13 0 2 0 0 0 0 0 0
533.724 2 3 1 1 1 2 0 0 0 0 14 0 2 0 0 0 0 0 0
536.095 2 4 1 1 1 2 0 0 0 0 13 0 1 0 0 0 0 0 0
540.213 3 4 1 1 0 2 0 0 0 0 13 0 2 0 0 0 0 0 0
563.227 3 5 1 1 0 2 0 0 0 0 12 0 1 0 0 0 0 0 0
583.753 3 6 1 1 0 2 0 0 0 0 11 0 0 0 0 0 0 0 0
592.865 3 6 2 1 0 1 0 0 0 0 11 0 0 0 1 0 0 0 0
614.677 2 5 2 1 1 1 0 0 0 0 12 0 0 0 1 0 0 0 0
616.974 2 5 1 0 1 2 0 0 0 0 13 0 0 0 1 0 0 0 0
654.216 2 4 1 0 0 2 0 1 0 0 14 0 0 0 1 0 0 0 0
675.729 2 4 1 1 0 2 0 1 0 0 13 0 0 0 0 0 0 0 0
692.303 2 4 2 1 0 1 0 1 0 0 13 0 0 0 1 0 0 0 0
737.896 2 4 2 2 0 1 0 1 0 0 12 0 0 0 0 0 0 0 0
750.143 2 4 1 1 0 2 0 1 0 0 13 0 0 0 0 0 0 0 0
771.603 1 3 1 1 1 2 0 1 0 0 14 0 0 0 0 0 0 0 0
771.785 2 3 1 1 0 2 0 1 0 0 14 0 1 0 0 0 0 0 0
774.027 2 3 1 1 1 2 0 0 0 0 14 0 2 0 0 0 0 0 0
776.78 2 4 1 1 1 2 0 0 0 0 13 0 1 0 0 0 0 0 0
792.868 2 3 1 1 0 2 0 1 0 0 14 0 1 0 0 0 0 0 0
822.803 2 3 0 0 0 3 0 1 0 0 15 0 1 0 0 0 0 0 0
824.419 2 3 0 0 0 2 0 0 0 1 16 0 1 0 0 0 0 0 0
870.905 2 3 1 0 0 1 0 0 0 1 16 0 1 0 1 0 0 0 0
890.923 1 2 1 0 1 1 0 0 0 1 17 0 1 0 1 0 0 0 0
896.231 1 2 1 1 1 1 0 0 0 1 16 0 1 0 0 0 0 0 0
904.916 1 2 2 1 1 0 0 0 0 1 16 0 1 0 1 0 0 0 0
916.318 1 3 2 1 1 0 0 0 0 1 15 0 0 0 1 0 0 0 0
929.173 1 3 2 2 1 0 0 0 0 1 14 0 0 0 0 0 0 0 0
956.325 1 3 1 1 1 1 0 0 0 1 15 0 0 0 0 0 0 0 0
967.78 2 3 1 1 0 1 0 0 0 1 15 0 1 0 0 0 0 0 0
1016.3 2 4 1 1 0 1 0 0 0 1 14 0 0 0 0 0 0 0 0
1064.67 1 3 1 1 1 1 0 0 0 1 15 0 0 0 0 0 0 0 0
1078.77 1 3 1 1 1 2 0 0 0 0 15 0 0 0 0 0 0 0 1
1083.17 1 3 1 1 0 1 1 0 0 0 16 0 0 0 0 0 0 0 1
1091.66 1 3 1 1 0 1 1 1 0 0 15 0 0 0 0 0 0 0 0
1105.56 1 3 2 1 0 0 1 1 0 0 15 0 0 0 1 0 0 0 0
1139.52 1 3 2 1 0 1 0 1 0 0 15 0 0 0 1 1 0 0 0
1140.91 1 3 1 0 0 2 0 1 0 0 16 0 0 0 1 1 0 0 0
1143.6 0 2 1 0 1 2 0 1 0 0 17 0 0 0 1 1 0 0 0
1152.72 0 2 2 0 1 1 0 1 0 0 17 0 0 0 2 1 0 0 0
1153.14 0 2 2 0 2 1 0 1 0 0 16 0 0 0 2 0 0 0 0
1154.36 1 2 2 0 1 1 0 1 0 0 16 0 1 0 2 0 0 0 0
1159.46 2 2 2 0 0 1 0 1 0 0 16 0 2 0 2 0 0 0 0
1160.11 2 2 2 1 0 1 0 1 0 0 15 0 2 0 1 0 0 0 0
1163.62 2 3 2 1 0 1 0 1 0 0 14 0 1 0 1 0 0 0 0
1171.03 2 4 2 1 0 1 0 1 0 0 13 0 0 0 1 0 0 0 0
1186.29 2 4 2 1 1 1 0 0 0 0 13 0 1 0 1 0 0 0 0
1189.1 2 4 2 2 1 1 0 0 0 0 12 0 1 0 0 0 0 0 0
1193.66 2 4 1 1 1 2 0 0 0 0 13 0 1 0 0 0 0 0 0
1193.95 1 3 1 1 2 2 0 0 0 0 14 0 1 0 0 0 0 0 0
1207.07 2 3 1 1 1 2 0 0 0 0 14 0 2 0 0 0 0 0 0
1208.61 3 3 1 1 0 2 0 0 0 0 14 0 3 0 0 0 0 0 0
1209.55 3 4 1 1 0 2 0 0 0 0 13 0 2 0 0 0 0 0 0
1217.36 3 5 1 1 0 2 0 0 0 0 12 0 1 0 0 0 0 0 0
1221.27 3 5 2 1 0 1 0 0 0 0 12 0 1 0 1 0 0 0 0
1222.16 3 6 2 1 0 1 0 0 0 0 11 0 0 0 1 0 0 0 0
1229.54 3 6 3 1 0 0 0 0 0 0 11 0 0 0 2 0 0 0 0
1230.84 3 6 3 2 0 0 0 0 0 0 10 0 0 0 1 0 0 0 0
1231.29 3 6 2 1 0 1 0 0 0 0 11 0 0 0 1 0 0 0 0
1235.91 2 5 2 1 1 1 0 0 0 0 12 0 0 0 1 0 0 0 0
1250.48 1 4 2 1 2 1 0 0 0 0 13 0 0 0 1 0 0 0 0
1262.51 2 4 2 1 1 1 0 0 0 0 13 0 1 0 1 0 0 0 0
1265.09 2 4 2 2 1 1 0 0 0 0 12 0 1 0 0 0 0 0 0
1277.16 2 4 1 1 1 2 0 0 0 0 13 0 1 0 0 0 0 0 0
1288.7 2 4 0 0 1 3 0 0 0 0 14 0 1 0 0 0 0 0 0
1294.34 3 4 0 0 0 3 0 0 0 0 14 0 2 0 0 0 0 0 0
1296.74 3 4 1 0 0 2 0 0 0 0 14 0 2 0 1 0 0 0 0
1298.55 3 5 1 0 0 2 0 0 0 0 13 0 1 0 1 0 0 0 0
1332.37 2 4 1 0 1 2 0 0 0 0 14 0 1 0 1 0 0 0 0
1342.68 2 5 1 0 1 2 0 0 0 0 13 0 0 0 1 0 0 0 0
1343.78 1 4 1 0 2 2 0 0 0 0 14 0 0 0 1 0 0 0 0
1352.01 2 4 1 0 1 2 0 0 0 0 14 0 1 0 1 0 0 0 0
1352.88 2 4 1 0 0 1 1 0 0 0 15 0 1 0 1 0 0 0 0
1362.95 2 4 1 1 0 1 1 0 0 0 14 0 1 0 0 0 0 0 0
1363.45 2 5 1 1 0 1 1 0 0 0 13 0 0 0 0 0 0 0 0
1377.45 1 4 1 1 1 1 1 0 0 0 14 0 0 0 0 0 0 0 0
1418.58 2 4 1 1 0 1 1 0 0 0 14 0 1 0 0 0 0 0 0
1423.43 2 5 1 1 0 1 1 0 0 0 13 0 0 0 0 0 0 0 0
1432.09 2 5 1 1 0 2 0 0 0 0 13 0 0 0 0 1 0 0 0
1460.7 2 5 1 1 1 2 0 0 0 0 12 0 0 0 0 0 0 0 0
1478.89 3 5 1 1 0 2 0 0 0 0 12 0 1 0 0 0 0 0 0
1490.08 3 6 1 1 0 2 0 0 0 0 11 0 0 0 0 0 0 0 0
1490.72 2 5 1 1 1 2 0 0 0 0 12 0 0 0 0 0 0 0 0
1497.12 2 5 2 1 1 1 0 0 0 0 12 0 0 0 1 0 0 0 0
1508.21 2 5 2 2 1 1 0 0 0 0 11 0 0 0 0 0 0 0 0
1512.55 1 4 2 2 2 1 0 0 0 0 12 0 0 0 0 0 0 0 0
1513.02 0 3 2 2 3 1 0 0 0 0 13 0 0 0 0 0 0 0 0
1518.3 1 3 2 2 2 1 0 0 0 0 13 0 1 0 0 0 0 0 0
1530.65 1 4 2 2 2 1 0 0 0 0 12 0 0 0 0 0 0 0 0
1534.47 1 4 1 1 2 2 0 0 0 0 13 0 0 0 0 0 0 0 0
1536.33 0 3 1 1 3 2 0 0 0 0 14 0 0 0 0 0 0 0 0
1545.15 0 3 2 1 3 1 0 0 0 0 14 0 0 0 1 0 0 0 0
1547.25 0 3 1 0 3 2 0 0 0 0 15 0 0 0 1 0 0 0 0
1550.25 1 3 1 0 2 2 0 0 0 0 15 0 1 0 1 0 0 0 0
1550.43 1 4 1 0 2 2 0 0 0 0 14 0 0 0 1 0 0 0 0
1562.64 1 4 1 0 1 1 1 0 0 0 15 0 0 0 1 0 0 0 0
1572.34 2 4 1 0 0 1 1 0 0 0 15 0 1 0 1 0 0 0 0
1590.93 2 3 1 0 0 1 0 0 1 0 16 0 1 0 1 0 0 0 0
1594.84 2 3 1 1 0 1 0 0 1 0 15 0 1 0 0 0 0 0 0
1614.09 2 4 1 1 0 1 0 0 1 0 14 0 0 0 0 0 0 0 0
1633.08 2 4 2 1 0 0 0 0 1 0 14 0 0 0 1 0 0 0 0
1660.93 2 4 1 0 0 1 0 0 1 0 15 0 0 0 1 0 0 0 0
1741.35 2 4 1 1 0 1 0 0 1 0 14 0 0 0 0 0 0 0 0
1774.55 1 3 1 1 1 1 0 0 1 0 15 0 0 0 0 0 0 0 0
1784.48 1 3 2 1 1 0 0 0 1 0 15 0 0 0 1 0 0 0 0
1795.54 2 3 2 1 0 0 0 0 1 0 15 0 1 0 1 0 0 0 0
1822.87 2 3 2 2 0 0 0 0 1 0 14 0 1 0 0 0 0 0 0
1841.47 2 4 2 2 0 0 0 0 1 0 13 0 0 0 0 0 0 0 0
1846.84 2 4 1 1 0 1 0 0 1 0 14 0 0 0 0 0 0 0 0
1894.24 2 4 2 1 0 0 0 0 1 0 14 0 0 0 1 0 0 0 0
1899.82 1 3 2 1 1 0 0 0 1 0 15 0 0 0 1 0 0 0 0
1900.42 0 2 2 1 2 0 0 0 1 0 16 0 0 0 1 0 0 0 0
1901.14 0 1 2 1 1 0 0 1 1 0 17 0 0 0 1 0 0 0 0
1913.45 0 1 2 2 1 0 0 1 1 0 16 0 0 0 0 0 0 0 0
1919.73 1 1 2 2 0 0 0 1 1 0 16 0 1 0 0 0 0 0 0
1927.95 1 1 1 1 0 1 0 1 1 0 17 0 1 0 0 0 0 0 0
1934.23 1 2 1 1 0 1 0 1 1 0 16 0 0 0 0 0 0 0 0
1946.01 1 2 1 1 0 1 1 1 0 0 16 0 1 0 0 0 0 0 0
1955.11 1 3 1 1 0 1 1 1 0 0 15 0 0 0 0 0 0 0 0
1957.2 0 2 1 1 1 1 1 1 0 0 16 0 0 0 0 0 0 0 0
1957.79 0 2 1 1 1 0 1 0 0 1 17 0 0 0 0 0 0 0 0
1974.21 0 2 0 0 1 1 1 0 0 1 18 0 0 0 0 0 0 0 0
2020.92 0 2 1 0 1 0 1 0 0 1 18 0 0 0 1 0 0 0 0
2022.64 0 2 1 1 1 0 1 0 0 1 17 0 0 0 0 0 0 0 0
2028.67 0 2 0 0 1 1 1 0 0 1 18 0 0 0 0 0 0 0 0
2036.12 1 2 0 0 0 1 1 0 0 1 18 0 1 0 0 0 0 0 0
2049.42 1 3 0 0 0 1 1 0 0 1 17 0 0 0 0 0 0 0 0
2067.74 1 2 0 0 0 1 0 0 1 1 18 0 0 0 0 0 0 0 0
2087.62 1 2 0 0 0 1 1 0 0 1 18 0 1 0 0 0 0 0 0
2087.88 1 3 0 0 0 1 1 0 0 1 17 0 0 0 0 0 0 0 0
2101.7 1 2 0 0 0 1 0 0 1 1 18 0 0 0 0 0 0 0 0
2121.18 0 1 0 0 1 1 0 0 1 1 19 0 0 0 0 0 0 0 0
2151.81 1 1 0 0 0 1 0 0 1 1 19 0 1 0 0 0 0 0 0
2152 1 2 0 0 0 1 0 0 1 1 18 0 0 0 0 0 0 0 0
2208.14 1 2 1 0 0 0 0 0 1 1 18 0 0 0 1 0 0 0 0
2208.66 1 2 1 1 0 0 0 0 1 1 17 0 0 0 0 0 0 0 0
2345.31 0 1 1 1 1 0 0 0 1 1 18 0 0 0 0 0 0 0 0
2377.09 1 1 1 1 0 0 0 0 1 1 18 0 1 0 0 0 0 0 0
2399.09 1 2 1 1 0 0 0 0 1 1 17 0 0 0 0 0 0 0 0
2516.3 0 1 1 1 1 0 0 0 1 1 18 0 0 0 0 0 0 0 0
2554.6 0 1 0 0 1 1 0 0 1 1 19 0 0 0 0 0 0 0 0
2567.66 0 1 1 0 1 0 0 0 1 1 19 0 0 0 1 0 0 0 0
2573.85 1 1 1 0 0 0 0 0 1 1 19 0 1 0 1 0 0 0 0
2594.46 1 2 1 0 0 0 0 0 1 1 18 0 0 0 1 0 0 0 0
2630.62 1 2 1 0 0 0 1 0 0 1 18 0 1 0 1 0 0 0 0
2631.59 1 2 1 1 0 0 1 0 0 1 17 0 1 0 0 0 0 0 0
2636.92 1 3 1 1 0 0 1 0 0 1 16 0 0 0 0 0 0 0 0
2707.16 0 2 1 1 1 0 1 0 0 1 17 0 0 0 0 0 0 0 0
2767.56 0 1 1 1 1 0 0 0 1 1 18 0 0 0 0 0 0 0 0
2768.75 1 1 1 1 0 0 0 0 1 1 18 0 1 0 0 0 0 0 0
2835.25 1 2 1 1 0 0 0 0 1 1 17 0 0 0 0 0 0 0 0
2842.38 0 1 1 1 1 0 0 0 1 1 18 0 0 0 0 0 0 0 0
2872.54 1 1 1 1 0 0 0 0 1 1 18 0 1 0 0 0 0 0 0
2882.3 1 2 1 1 0 0 0 0 1 1 17 0 0 0 0 0 0 0 0
2917.46 1 2 1 1 0 0 1 0 0 1 17 0 1 0 0 0 0 0 0
2918.02 0 1 1 1 1 0 1 0 0 1 18 0 1 0 0 0 0 0 0
2919.16 0 2 1 1 1 0 1 0 0 1 17 0 0 0 0 0 0 0 0
2923.14 1 2 1 1 0 0 1 0 0 1 17 0 1 0 0 0 0 0 0
2926.25 0 1 1 1 1 0 1 0 0 1 18 0 1 0 0 0 0 0 0
2994.73 0 1 0 0 1 1 1 0 0 1 19 0 1 0 0 0 0 0 0
3016.4 0 2 0 0 1 1 1 0 0 1 18 0 0 0 0 0 0 0 0
3019.8 0 2 1 0 1 0 1 0 0 1 18 0 0 0 1 0 0 0 0
3027.21 0 1 1 0 1 0 0 0 1 1 19 0 0 0 1 0 0 0 0
3096.1 0 1 1 1 1 0 0 0 1 1 18 0 0 0 0 0 0 0 0
3166.86 0 1 1 1 1 0 1 0 0 1 18 0 1 0 0 0 0 0 0
3188.7 1 1 1 1 0 0 1 0 0 1 18 0 2 0 0 0 0 0 0
3189.5 1 1 1 1 0 1 0 0 0 1 18 0 2 0 0 1 0 0 0
3195 1 2 1 1 0 1 0 0 0 1 17 0 1 0 0 1 0 0 0
3202.45 1 2 2 1 0 0 0 0 0 1 17 0 1 0 1 1 0 0 0
3215.24 1 3 2 1 0 0 0 0 0 1 16 0 0 0 1 1 0 0 0
3253.85 1 3 1 0 0 1 0 0 0 1 17 0 0 0 1 1 0 0 0
3268.86 1 3 1 0 1 1 0 0 0 1 16 0 0 0 1 0 0 0 0
3271.73 0 2 1 0 2 1 0 0 0 1 17 0 0 0 1 0 0 0 0
3277.72 0 2 1 1 2 1 0 0 0 1 16 0 0 0 0 0 0 0 0
3308.16 1 2 1 1 1 1 0 0 0 1 16 0 1 0 0 0 0 0 0
3313.62 2 2 1 1 0 1 0 0 0 1 16 0 2 0 0 0 0 0 0
3321.49 2 3 1 1 0 1 0 0 0 1 15 0 1 0 0 0 0 0 0
3345.36 1 2 1 1 1 1 0 0 0 1 16 0 1 0 0 0 0 0 0
3353.6 2 2 1 1 0 1 0 0 0 1 16 0 2 0 0 0 0 0 0
3356.9 2 3 1 1 0 1 0 0 0 1 15 0 1 0 0 0 0 0 0
3381.22 2 4 1 1 0 1 0 0 0 1 14 0 0 0 0 0 0 0 0
3384.53 1 3 1 1 1 1 0 0 0 1 15 0 0 0 0 0 0 0 0
3434.19 1 2 1 1 0 1 0 1 0 1 16 0 0 0 0 0 0 0 0
3455.24 1 2 2 1 0 0 0 1 0 1 16 0 0 0 1 0 0 0 0
3467.86 1 2 2 2 0 0 0 1 0 1 15 0 0 0 0 0 0 0 0
3476.56 1 2 1 1 0 1 0 1 0 1 16 0 0 0 0 0 0 0 0
3479.86 0 1 1 1 1 1 0 1 0 1 17 0 0 0 0 0 0 0 0
3495.23 0 1 2 1 1 0 0 1 0 1 17 0 0 0 1 0 0 0 0
3521.27 0 1 1 0 1 1 0 1 0 1 18 0 0 0 1 0 0 0 0
3534.7 1 1 1 0 0 1 0 1 0 1 18 0 1 0 1 0 0 0 0
3539.88 1 1 1 1 0 1 0 1 0 1 17 0 1 0 0 0 0 0 0
3548.1 1 1 0 0 0 2 0 1 0 1 18 0 1 0 0 0 0 0 0
3558.18 1 2 0 0 0 2 0 1 0 1 17 0 0 0 0 0 0 0 0
3614.22 1 2 0 0 1 2 0 0 0 1 17 0 1 0 0 0 0 0 0
3648.69 1 3 0 0 1 2 0 0 0 1 16 0 0 0 0 0 0 0 0
3655.52 1 3 0 0 0 1 1 0 0 1 17 0 0 0 0 0 0 0 0
3662.83 1 2 0 0 0 1 0 0 1 1 18 0 0 0 0 0 0 0 0
3722.85 1 2 1 0 0 0 0 0 1 1 18 0 0 0 1 0 0 0 0
3724.43 1 2 1 1 0 0 0 0 1 1 17 0 0 0 0 0 0 0 0
3796.08 0 1 1 1 1 0 0 0 1 1 18 0 0 0 0 0 0 0 0
3811.53 1 1 1 1 0 0 0 0 1 1 18 0 1 0 0 0 0 0 0
3813 1 2 1 1 0 0 0 0 1 1 17 0 0 0 0 0 0 0 0
3934.23 0 1 1 1 1 0 0 0 1 1 18 0 0 0 0 0 0 0 0
3984.66 1 1 1 1 0 0 0 0 1 1 18 0 1 0 0 0 0 0 0
3984.66 1 1 1 1 0 0 0 0 1 1 18 0 1 0 0 0 0 0 0
