0 0 0 0 0 0 0 0 0 0 0 24 3 6 3 3 0 0 0 0
1.55955 0 1 0 0 0 0 0 0 0 0 23 3 5 3 3 0 0 0 0
3.63978 0 1 0 1 0 0 0 0 0 0 22 3 5 3 2 0 0 0 0
5.53464 0 1 0 2 0 0 0 0 0 0 21 3 5 3 1 0 0 0 0
13.132 0 2 0 2 0 0 0 0 0 0 20 3 4 3 1 0 0 0 0
18.7675 0 2 1 2 0 0 0 0 0 0 19 3 4 2 1 0 0 0 0
22.8417 0 2 2 2 0 0 0 0 0 0 18 3 4 1 1 0 0 0 0
25.0757 1 2 2 2 0 0 0 0 0 0 17 2 4 1 1 0 0 0 0
30.6438 2 2 2 2 0 0 0 0 0 0 16 1 4 1 1 0 0 0 0
35.6386 3 2 2 2 0 0 0 0 0 0 15 0 4 1 1 0 0 0 0
39.6169 3 3 2 2 0 0 0 0 0 0 14 0 3 1 1 0 0 0 0
44.5116 3 4 2 2 0 0 0 0 0 0 13 0 2 1 1 0 0 0 0
55.2672 3 5 2 2 0 0 0 0 0 0 12 0 1 1 1 0 0 0 0
56.5913 2 4 2 2 1 0 0 0 0 0 13 0 1 1 1 0 0 0 0
56.6591 2 4 2 3 1 0 0 0 0 0 12 0 1 1 0 0 0 0 0
58.1043 2 4 3 3 1 0 0 0 0 0 11 0 1 0 0 0 0 0 0
83.7748 1 3 3 3 2 0 0 0 0 0 12 0 1 0 0 0 0 0 0
89.9382 1 3 2 2 2 1 0 0 0 0 13 0 1 0 0 0 0 0 0
131.325 1 4 2 2 2 1 0 0 0 0 12 0 0 0 0 0 0 0 0
147.454 0 3 2 2 3 1 0 0 0 0 13 0 0 0 0 0 0 0 0
156.938 0 2 2 2 2 1 0 1 0 0 14 0 0 0 0 0 0 0 0
160.124 1 2 2 2 1 1 0 1 0 0 14 0 1 0 0 0 0 0 0
182.151 1 2 2 2 0 0 1 1 0 0 15 0 1 0 0 0 0 0 0
185.195 1 1 2 2 0 0 0 1 1 0 16 0 1 0 0 0 0 0 0
197.381 1 1 1 1 0 1 0 1 1 0 17 0 1 0 0 0 0 0 0
209.592 1 2 1 1 0 1 0 1 1 0 16 0 0 0 0 0 0 0 0
244.905 1 2 1 1 1 1 0 0 1 0 16 0 1 0 0 0 0 0 0
254.006 1 2 2 1 1 0 0 0 1 0 16 0 1 0 1 0 0 0 0
264.942 2 2 2 1 0 0 0 0 1 0 16 0 2 0 1 0 0 0 0
267.496 2 3 2 1 0 0 0 0 1 0 15 0 1 0 1 0 0 0 0
283.841 2 4 2 1 0 0 0 0 1 0 14 0 0 0 1 0 0 0 0
310.281 1 3 2 1 1 0 0 0 1 0 15 0 0 0 1 0 0 0 0
315.243 1 3 2 2 1 0 0 0 1 0 14 0 0 0 0 0 0 0 0
326.192 2 3 2 2 0 0 0 0 1 0 14 0 1 0 0 0 0 0 0
338.623 2 4 2 2 0 0 0 0 1 0 13 0 0 0 0 0 0 0 0
347.228 2 4 1 1 0 1 0 0 1 0 14 0 0 0 0 0 0 0 0
426.428 1 3 1 1 1 1 0 0 1 0 15 0 0 0 0 0 0 0 0
447.65 0 2 1 1 2 1 0 0 1 0 16 0 0 0 0 0 0 0 0
453.774 0 1 1 1 1 1 0 1 1 0 17 0 0 0 0 0 0 0 0
469.785 0 0 1 1 0 1 0 2 1 0 18 0 0 0 0 0 0 0 0
512.608 0 0 1 1 1 1 0 1 1 0 18 0 1 0 0 0 0 0 0
559.245 0 1 1 1 1 1 0 1 1 0 17 0 0 0 0 0 0 0 0
565.11 1 1 1 1 0 1 0 1 1 0 17 0 1 0 0 0 0 0 0
610.929 1 1 0 0 0 2 0 1 1 0 18 0 1 0 0 0 0 0 0
613.689 1 2 0 0 0 2 0 1 1 0 17 0 0 0 0 0 0 0 0
640.704 0 1 0 0 1 2 0 1 1 0 18 0 0 0 0 0 0 0 0
659.097 1 1 0 0 0 2 0 1 1 0 18 0 1 0 0 0 0 0 0
674.392 0 0 0 0 1 2 0 1 1 0 19 0 1 0 0 0 0 0 0
690.347 0 1 0 0 1 2 0 1 1 0 18 0 0 0 0 0 0 0 0
696.11 0 1 1 0 1 1 0 1 1 0 18 0 0 0 1 0 0 0 0
700.68 0 1 1 0 1 1 1 1 0 0 18 0 1 0 1 0 0 0 0
706.459 0 1 1 1 1 1 1 1 0 0 17 0 1 0 0 0 0 0 0
707.661 0 2 1 1 1 1 1 1 0 0 16 0 0 0 0 0 0 0 0
709.384 1 2 1 1 0 1 1 1 0 0 16 0 1 0 0 0 0 0 0
710.05 1 2 1 1 0 2 0 1 0 0 16 0 1 0 0 1 0 0 0
713.198 1 2 2 1 0 1 0 1 0 0 16 0 1 0 1 1 0 0 0
722.628 1 2 2 2 0 1 0 1 0 0 15 0 1 0 0 1 0 0 0
726.017 0 1 2 2 1 1 0 1 0 0 16 0 1 0 0 1 0 0 0
737.716 0 1 2 2 2 1 0 1 0 0 15 0 1 0 0 0 0 0 0
759.536 0 1 1 1 2 2 0 1 0 0 16 0 1 0 0 0 0 0 0
764.661 1 1 1 1 1 2 0 1 0 0 16 0 2 0 0 0 0 0 0
783.874 1 2 1 1 1 2 0 1 0 0 15 0 1 0 0 0 0 0 0
784.084 2 2 1 1 0 2 0 1 0 0 15 0 2 0 0 0 0 0 0
785.146 2 2 1 1 0 1 0 0 0 1 16 0 2 0 0 0 0 0 0
798.274 2 3 1 1 0 1 0 0 0 1 15 0 1 0 0 0 0 0 0
800.825 2 4 1 1 0 1 0 0 0 1 14 0 0 0 0 0 0 0 0
904.044 1 3 1 1 1 1 0 0 0 1 15 0 0 0 0 0 0 0 0
911.092 1 3 2 1 1 0 0 0 0 1 15 0 0 0 1 0 0 0 0
937.829 1 3 2 2 1 0 0 0 0 1 14 0 0 0 0 0 0 0 0
952.557 0 2 2 2 2 0 0 0 0 1 15 0 0 0 0 0 0 0 0
953.211 0 2 1 1 2 1 0 0 0 1 16 0 0 0 0 0 0 0 0
975.173 0 1 1 1 1 1 0 1 0 1 17 0 0 0 0 0 0 0 0
977.102 0 1 1 1 2 1 0 0 0 1 17 0 1 0 0 0 0 0 0
991.156 0 0 1 1 1 1 0 1 0 1 18 0 1 0 0 0 0 0 0
995.517 0 0 2 1 1 0 0 1 0 1 18 0 1 0 1 0 0 0 0
1010.81 1 0 2 1 0 0 0 1 0 1 18 0 2 0 1 0 0 0 0
1012.71 1 1 2 1 0 0 0 1 0 1 17 0 1 0 1 0 0 0 0
1038.65 1 1 2 2 0 0 0 1 0 1 16 0 1 0 0 0 0 0 0
1045.87 1 2 2 2 0 0 0 1 0 1 15 0 0 0 0 0 0 0 0
1047.98 1 2 2 2 1 0 0 0 0 1 15 0 1 0 0 0 0 0 0
1055.25 1 3 2 2 1 0 0 0 0 1 14 0 0 0 0 0 0 0 0
1057.21 1 2 2 2 0 0 0 1 0 1 15 0 0 0 0 0 0 0 0
1132.53 1 2 1 1 0 1 0 1 0 1 16 0 0 0 0 0 0 0 0
1154.64 1 2 0 0 0 2 0 1 0 1 17 0 0 0 0 0 0 0 0
1196.1 1 2 0 0 0 3 0 1 0 0 17 0 0 0 0 0 0 0 1
1209.16 1 2 0 0 0 2 0 0 0 1 18 0 0 0 0 0 0 0 1
1236.95 1 2 0 0 0 2 0 1 0 1 17 0 0 0 0 0 0 0 0
1261.09 0 1 0 0 1 2 0 1 0 1 18 0 0 0 0 0 0 0 0
1272.78 0 1 1 0 1 1 0 1 0 1 18 0 0 0 1 0 0 0 0
1290.16 1 1 1 0 0 1 0 1 0 1 18 0 1 0 1 0 0 0 0
1290.2 1 2 1 0 0 1 0 1 0 1 17 0 0 0 1 0 0 0 0
1303.86 1 2 1 1 0 1 0 1 0 1 16 0 0 0 0 0 0 0 0
1317.8 1 2 2 1 0 0 0 1 0 1 16 0 0 0 1 0 0 0 0
1329.06 1 2 2 1 1 0 0 0 0 1 16 0 1 0 1 0 0 0 0
1335.9 1 3 2 1 1 0 0 0 0 1 15 0 0 0 1 0 0 0 0
1354.62 0 2 2 1 2 0 0 0 0 1 16 0 0 0 1 0 0 0 0
1369.65 0 1 2 1 1 0 0 1 0 1 17 0 0 0 1 0 0 0 0
1375.43 1 1 2 1 0 0 0 1 0 1 17 0 1 0 1 0 0 0 0
1378.41 1 1 2 1 1 0 0 0 0 1 17 0 2 0 1 0 0 0 0
1381.79 1 1 2 2 1 0 0 0 0 1 16 0 2 0 0 0 0 0 0
1398.82 1 2 2 2 1 0 0 0 0 1 15 0 1 0 0 0 0 0 0
1424.98 2 2 2 2 0 0 0 0 0 1 15 0 2 0 0 0 0 0 0
1432.35 2 3 2 2 0 0 0 0 0 1 14 0 1 0 0 0 0 0 0
1445.53 1 2 2 2 1 0 0 0 0 1 15 0 1 0 0 0 0 0 0
1466.87 1 3 2 2 1 0 0 0 0 1 14 0 0 0 0 0 0 0 0
1498.38 0 2 2 2 2 0 0 0 0 1 15 0 0 0 0 0 0 0 0
1540.58 1 2 2 2 1 0 0 0 0 1 15 0 1 0 0 0 0 0 0
1541.09 1 3 2 2 1 0 0 0 0 1 14 0 0 0 0 0 0 0 0
1582.14 1 2 2 2 0 0 0 1 0 1 15 0 0 0 0 0 0 0 0
1698.48 1 2 1 1 0 1 0 1 0 1 16 0 0 0 0 0 0 0 0
1700.18 1 2 0 0 0 2 0 1 0 1 17 0 0 0 0 0 0 0 0
1711.07 1 2 0 0 0 1 0 0 0 2 18 0 0 0 0 0 0 0 0
1770.69 0 1 0 0 1 1 0 0 0 2 19 0 0 0 0 0 0 0 0
1787.54 1 1 0 0 0 1 0 0 0 2 19 0 1 0 0 0 0 0 0
1801.59 1 1 1 0 0 0 0 0 0 2 19 0 1 0 1 0 0 0 0
1823.84 1 1 1 1 0 0 0 0 0 2 18 0 1 0 0 0 0 0 0
1866.33 1 2 1 1 0 0 0 0 0 2 17 0 0 0 0 0 0 0 0
1868.53 1 2 0 0 0 1 0 0 0 2 18 0 0 0 0 0 0 0 0
1882.53 0 1 0 0 1 1 0 0 0 2 19 0 0 0 0 0 0 0 0
1895.19 0 1 0 0 0 0 1 0 0 2 20 0 0 0 0 0 0 0 0
2231.73 0 1 0 0 0 1 0 0 0 2 20 0 0 0 0 1 0 0 0
2262.46 0 1 0 0 1 1 0 0 0 2 19 0 0 0 0 0 0 0 0
2283.93 0 0 0 0 0 1 0 1 0 2 20 0 0 0 0 0 0 0 0
2289.62 0 0 0 0 1 1 0 0 0 2 20 0 1 0 0 0 0 0 0
2295.47 0 1 0 0 1 1 0 0 0 2 19 0 0 0 0 0 0 0 0
2339.63 1 1 0 0 0 1 0 0 0 2 19 0 1 0 0 0 0 0 0
2370.13 1 2 0 0 0 1 0 0 0 2 18 0 0 0 0 0 0 0 0
2384.9 1 2 1 0 0 0 0 0 0 2 18 0 0 0 1 0 0 0 0
2418.11 1 2 1 1 0 0 0 0 0 2 17 0 0 0 0 0 0 0 0
2439.96 1 2 0 0 0 1 0 0 0 2 18 0 0 0 0 0 0 0 0
2477.31 1 2 1 0 0 0 0 0 0 2 18 0 0 0 1 0 0 0 0
2501.45 1 2 1 1 0 0 0 0 0 2 17 0 0 0 0 0 0 0 0
2648.84 0 1 1 1 1 0 0 0 0 2 18 0 0 0 0 0 0 0 0
2687.9 0 1 0 0 1 1 0 0 0 2 19 0 0 0 0 0 0 0 0
2698.02 0 1 0 0 0 0 1 0 0 2 20 0 0 0 0 0 0 0 0
3083.38 0 1 0 0 0 1 0 0 0 2 20 0 0 0 0 1 0 0 0
3085.21 0 1 0 0 1 1 0 0 0 2 19 0 0 0 0 0 0 0 0
3086.47 1 1 0 0 0 1 0 0 0 2 19 0 1 0 0 0 0 0 0
3102.59 1 2 0 0 0 1 0 0 0 2 18 0 0 0 0 0 0 0 0
3330.75 0 1 0 0 1 1 0 0 0 2 19 0 0 0 0 0 0 0 0
3338.69 1 1 0 0 0 1 0 0 0 2 19 0 1 0 0 0 0 0 0
3346.04 1 2 0 0 0 1 0 0 0 2 18 0 0 0 0 0 0 0 0
3465.55 1 2 1 0 0 0 0 0 0 2 18 0 0 0 1 0 0 0 0
3476.73 1 2 1 1 0 0 0 0 0 2 17 0 0 0 0 0 0 0 0
3490.07 0 1 1 1 1 0 0 0 0 2 18 0 0 0 0 0 0 0 0
3587.77 1 1 1 1 0 0 0 0 0 2 18 0 1 0 0 0 0 0 0
3610.66 1 2 1 1 0 0 0 0 0 2 17 0 0 0 0 0 0 0 0
3779.98 0 1 1 1 1 0 0 0 0 2 18 0 0 0 0 0 0 0 0
3793.14 1 1 1 1 0 0 0 0 0 2 18 0 1 0 0 0 0 0 0
3803.49 1 2 1 1 0 0 0 0 0 2 17 0 0 0 0 0 0 0 0
3855.46 1 2 0 0 0 1 0 0 0 2 18 0 0 0 0 0 0 0 0
3954.18 1 2 1 0 0 0 0 0 0 2 18 0 0 0 1 0 0 0 0
3955.56 1 2 1 1 0 0 0 0 0 2 17 0 0 0 0 0 0 0 0
3964.76 0 1 1 1 1 0 0 0 0 2 18 0 0 0 0 0 0 0 0
3964.76 0 1 1 1 1 0 0 0 0 2 18 0 0 0 0 0 0 0 0
