0 0 0 0 0 0 0 0 0 0 0 24 3 6 3 3 0 0 0 0
0.731255 1 0 0 0 0 0 0 0 0 0 23 2 6 3 3 0 0 0 0
0.894636 1 1 0 0 0 0 0 0 0 0 22 2 5 3 3 0 0 0 0
3.40691 1 1 0 1 0 0 0 0 0 0 21 2 5 3 2 0 0 0 0
3.45139 1 1 1 1 0 0 0 0 0 0 20 2 5 2 2 0 0 0 0
3.77198 1 2 1 1 0 0 0 0 0 0 19 2 4 2 2 0 0 0 0
7.37495 1 2 2 1 0 0 0 0 0 0 18 2 4 1 2 0 0 0 0
8.66623 1 3 2 1 0 0 0 0 0 0 17 2 3 1 2 0 0 0 0
14.7331 2 3 2 1 0 0 0 0 0 0 16 1 3 1 2 0 0 0 0
14.8027 2 3 3 1 0 0 0 0 0 0 15 1 3 0 2 0 0 0 0
19.3972 2 4 3 1 0 0 0 0 0 0 14 1 2 0 2 0 0 0 0
20.1438 3 4 3 1 0 0 0 0 0 0 13 0 2 0 2 0 0 0 0
24.1073 3 5 3 1 0 0 0 0 0 0 12 0 1 0 2 0 0 0 0
40.1948 2 4 3 1 1 0 0 0 0 0 13 0 1 0 2 0 0 0 0
48.4715 1 3 3 1 2 0 0 0 0 0 14 0 1 0 2 0 0 0 0
50.2971 1 3 3 2 2 0 0 0 0 0 13 0 1 0 1 0 0 0 0
58.0853 1 2 3 2 1 0 0 1 0 0 14 0 1 0 1 0 0 0 0
59.1992 1 1 3 2 0 0 0 2 0 0 15 0 1 0 1 0 0 0 0
63.3668 1 1 2 1 0 1 0 2 0 0 16 0 1 0 1 0 0 0 0
95.8382 1 2 2 1 0 1 0 2 0 0 15 0 0 0 1 0 0 0 0
100.817 1 2 2 2 0 1 0 2 0 0 14 0 0 0 0 0 0 0 0
142.391 1 2 2 2 1 1 0 1 0 0 14 0 1 0 0 0 0 0 0
147.308 1 3 2 2 1 1 0 1 0 0 13 0 0 0 0 0 0 0 0
168.167 1 3 3 2 1 0 0 1 0 0 13 0 0 0 1 0 0 0 0
170.206 1 3 2 1 1 1 0 1 0 0 14 0 0 0 1 0 0 0 0
179.317 1 3 2 1 0 0 1 1 0 0 15 0 0 0 1 0 0 0 0
189.217 1 2 2 1 0 0 0 1 1 0 16 0 0 0 1 0 0 0 0
200.405 0 1 2 1 1 0 0 1 1 0 17 0 0 0 1 0 0 0 0
204.244 0 1 2 2 1 0 0 1 1 0 16 0 0 0 0 0 0 0 0
282.48 0 1 1 1 1 1 0 1 1 0 17 0 0 0 0 0 0 0 0
288.961 0 1 2 1 1 0 0 1 1 0 17 0 0 0 1 0 0 0 0
290.953 0 1 1 0 1 1 0 1 1 0 18 0 0 0 1 0 0 0 0
321.993 0 1 1 1 1 1 0 1 1 0 17 0 0 0 0 0 0 0 0
347.132 0 1 2 1 1 0 0 1 1 0 17 0 0 0 1 0 0 0 0
349.846 1 1 2 1 0 0 0 1 1 0 17 0 1 0 1 0 0 0 0
361.649 1 2 2 1 0 0 0 1 1 0 16 0 0 0 1 0 0 0 0
389.288 1 2 2 2 0 0 0 1 1 0 15 0 0 0 0 0 0 0 0
421.939 1 2 2 2 1 0 0 0 1 0 15 0 1 0 0 0 0 0 0
444.159 1 3 2 2 1 0 0 0 1 0 14 0 0 0 0 0 0 0 0
454.66 0 2 2 2 2 0 0 0 1 0 15 0 0 0 0 0 0 0 0
458.142 0 2 1 1 2 1 0 0 1 0 16 0 0 0 0 0 0 0 0
483.612 0 1 1 1 1 1 0 1 1 0 17 0 0 0 0 0 0 0 0
509.273 0 1 2 1 1 0 0 1 1 0 17 0 0 0 1 0 0 0 0
524.554 0 1 1 0 1 1 0 1 1 0 18 0 0 0 1 0 0 0 0
537.174 0 1 2 0 1 0 0 1 1 0 18 0 0 0 2 0 0 0 0
560.954 1 1 2 0 0 0 0 1 1 0 18 0 1 0 2 0 0 0 0
577.267 1 1 2 1 0 0 0 1 1 0 17 0 1 0 1 0 0 0 0
598.271 1 1 2 1 1 0 0 0 1 0 17 0 2 0 1 0 0 0 0
601.087 1 2 2 1 1 0 0 0 1 0 16 0 1 0 1 0 0 0 0
602.056 1 3 2 1 1 0 0 0 1 0 15 0 0 0 1 0 0 0 0
605.769 1 2 2 1 0 0 0 1 1 0 16 0 0 0 1 0 0 0 0
606.236 1 2 2 2 0 0 0 1 1 0 15 0 0 0 0 0 0 0 0
619.726 1 2 1 1 0 1 0 1 1 0 16 0 0 0 0 0 0 0 0
628.075 1 2 1 1 1 1 0 0 1 0 16 0 1 0 0 0 0 0 0
628.587 2 2 1 1 0 1 0 0 1 0 16 0 2 0 0 0 0 0 0
630.192 2 3 1 1 0 1 0 0 1 0 15 0 1 0 0 0 0 0 0
645.889 1 2 1 1 1 1 0 0 1 0 16 0 1 0 0 0 0 0 0
680.483 1 3 1 1 1 1 0 0 1 0 15 0 0 0 0 0 0 0 0
685.981 1 2 1 1 0 1 0 1 1 0 16 0 0 0 0 0 0 0 0
698.064 0 1 1 1 1 1 0 1 1 0 17 0 0 0 0 0 0 0 0
704.677 0 1 2 1 1 0 0 1 1 0 17 0 0 0 1 0 0 0 0
728.215 0 1 2 2 1 0 0 1 1 0 16 0 0 0 0 0 0 0 0
736.393 0 0 2 2 0 0 0 2 1 0 17 0 0 0 0 0 0 0 0
844.907 0 0 1 1 0 1 0 2 1 0 18 0 0 0 0 0 0 0 0
853.064 0 0 1 1 1 1 0 1 1 0 18 0 1 0 0 0 0 0 0
855.051 0 0 1 1 2 1 0 0 1 0 18 0 2 0 0 0 0 0 0
868.76 0 1 1 1 2 1 0 0 1 0 17 0 1 0 0 0 0 0 0
877.057 0 2 1 1 2 1 0 0 1 0 16 0 0 0 0 0 0 0 0
903.652 0 1 1 1 1 1 0 1 1 0 17 0 0 0 0 0 0 0 0
911.408 0 0 1 1 0 1 0 2 1 0 18 0 0 0 0 0 0 0 0
926.005 0 0 1 1 1 1 0 1 1 0 18 0 1 0 0 0 0 0 0
927.261 0 1 1 1 1 1 0 1 1 0 17 0 0 0 0 0 0 0 0
938.068 0 1 1 1 2 1 0 0 1 0 17 0 1 0 0 0 0 0 0
943.198 1 1 1 1 1 1 0 0 1 0 17 0 2 0 0 0 0 0 0
952.715 1 1 2 1 1 0 0 0 1 0 17 0 2 0 1 0 0 0 0
958.374 1 1 1 0 1 1 0 0 1 0 18 0 2 0 1 0 0 0 0
976.776 1 2 1 0 1 1 0 0 1 0 17 0 1 0 1 0 0 0 0
977.631 1 2 1 1 1 1 0 0 1 0 16 0 1 0 0 0 0 0 0
978.663 1 3 1 1 1 1 0 0 1 0 15 0 0 0 0 0 0 0 0
1021 2 3 1 1 0 1 0 0 1 0 15 0 1 0 0 0 0 0 0
1023.27 2 4 1 1 0 1 0 0 1 0 14 0 0 0 0 0 0 0 0
1073.85 1 3 1 1 1 1 0 0 1 0 15 0 0 0 0 0 0 0 0
1078.81 2 3 1 1 0 1 0 0 1 0 15 0 1 0 0 0 0 0 0
1081.22 2 4 1 1 0 1 0 0 1 0 14 0 0 0 0 0 0 0 0
1086.69 1 3 1 1 1 1 0 0 1 0 15 0 0 0 0 0 0 0 0
1135.43 1 2 1 1 0 1 0 1 1 0 16 0 0 0 0 0 0 0 0
1214.55 1 2 1 1 1 1 0 0 1 0 16 0 1 0 0 0 0 0 0
1227.65 1 3 1 1 1 1 0 0 1 0 15 0 0 0 0 0 0 0 0
1228.82 1 3 2 1 1 0 0 0 1 0 15 0 0 0 1 0 0 0 0
1276.78 1 2 2 1 0 0 0 1 1 0 16 0 0 0 1 0 0 0 0
1300.5 1 2 2 2 0 0 0 1 1 0 15 0 0 0 0 0 0 0 0
1336.72 1 2 1 1 0 1 0 1 1 0 16 0 0 0 0 0 0 0 0
1418.31 1 2 0 0 0 2 0 1 1 0 17 0 0 0 0 0 0 0 0
1490.06 0 1 0 0 1 2 0 1 1 0 18 0 0 0 0 0 0 0 0
1518.55 0 1 0 0 1 1 0 0 1 1 19 0 0 0 0 0 0 0 0
1531.01 0 1 0 0 0 0 1 0 1 1 20 0 0 0 0 0 0 0 0
1778.11 0 1 0 0 0 1 0 0 1 1 20 0 0 0 0 1 0 0 0
1827.25 0 1 0 0 1 1 0 0 1 1 19 0 0 0 0 0 0 0 0
1854.15 0 1 1 0 1 0 0 0 1 1 19 0 0 0 1 0 0 0 0
1856.43 1 1 1 0 0 0 0 0 1 1 19 0 1 0 1 0 0 0 0
1864.87 1 1 1 1 0 0 0 0 1 1 18 0 1 0 0 0 0 0 0
1874.87 1 2 1 1 0 0 0 0 1 1 17 0 0 0 0 0 0 0 0
1881.88 1 2 1 1 0 0 1 0 0 1 17 0 1 0 0 0 0 0 0
1906.46 1 3 1 1 0 0 1 0 0 1 16 0 0 0 0 0 0 0 0
1909.13 0 2 1 1 1 0 1 0 0 1 17 0 0 0 0 0 0 0 0
1958.98 0 1 1 1 1 0 0 0 1 1 18 0 0 0 0 0 0 0 0
1970.69 1 1 1 1 0 0 0 0 1 1 18 0 1 0 0 0 0 0 0
1985.7 1 2 1 1 0 0 0 0 1 1 17 0 0 0 0 0 0 0 0
2013.15 0 1 1 1 1 0 0 0 1 1 18 0 0 0 0 0 0 0 0
2020.68 1 1 1 1 0 0 0 0 1 1 18 0 1 0 0 0 0 0 0
2027.17 1 2 1 1 0 0 0 0 1 1 17 0 0 0 0 0 0 0 0
2028.8 1 2 0 0 0 1 0 0 1 1 18 0 0 0 0 0 0 0 0
2108.89 0 1 0 0 1 1 0 0 1 1 19 0 0 0 0 0 0 0 0
2116.02 1 1 0 0 0 1 0 0 1 1 19 0 1 0 0 0 0 0 0
2116.15 1 2 0 0 0 1 0 0 1 1 18 0 0 0 0 0 0 0 0
2120.32 1 2 1 0 0 0 0 0 1 1 18 0 0 0 1 0 0 0 0
2131.19 1 2 1 1 0 0 0 0 1 1 17 0 0 0 0 0 0 0 0
2441.62 0 1 1 1 1 0 0 0 1 1 18 0 0 0 0 0 0 0 0
2465.38 1 1 1 1 0 0 0 0 1 1 18 0 1 0 0 0 0 0 0
2485.01 1 2 1 1 0 0 0 0 1 1 17 0 0 0 0 0 0 0 0
2540.8 0 1 1 1 1 0 0 0 1 1 18 0 0 0 0 0 0 0 0
2557.03 1 1 1 1 0 0 0 0 1 1 18 0 1 0 0 0 0 0 0
2622.65 1 1 1 1 0 0 1 0 0 1 18 0 2 0 0 0 0 0 0
2646.32 1 2 1 1 0 0 1 0 0 1 17 0 1 0 0 0 0 0 0
2652.27 1 3 1 1 0 0 1 0 0 1 16 0 0 0 0 0 0 0 0
2664.47 1 3 0 0 0 1 1 0 0 1 17 0 0 0 0 0 0 0 0
2692.56 1 3 1 0 0 0 1 0 0 1 17 0 0 0 1 0 0 0 0
2711.14 1 3 1 1 0 0 1 0 0 1 16 0 0 0 0 0 0 0 0
2721.21 0 2 1 1 1 0 1 0 0 1 17 0 0 0 0 0 0 0 0
2743.24 1 2 1 1 0 0 1 0 0 1 17 0 1 0 0 0 0 0 0
2747.83 1 3 1 1 0 0 1 0 0 1 16 0 0 0 0 0 0 0 0
2803.44 1 3 0 0 0 1 1 0 0 1 17 0 0 0 0 0 0 0 0
2805.49 0 2 0 0 1 1 1 0 0 1 18 0 0 0 0 0 0 0 0
2807.86 1 2 0 0 0 1 1 0 0 1 18 0 1 0 0 0 0 0 0
2817.27 1 2 1 0 0 0 1 0 0 1 18 0 1 0 1 0 0 0 0
2817.76 1 1 1 0 0 0 0 0 1 1 19 0 1 0 1 0 0 0 0
2819.66 1 1 1 1 0 0 0 0 1 1 18 0 1 0 0 0 0 0 0
2839.64 1 2 1 1 0 0 0 0 1 1 17 0 0 0 0 0 0 0 0
2864.89 0 1 1 1 1 0 0 0 1 1 18 0 0 0 0 0 0 0 0
2879.48 1 1 1 1 0 0 0 0 1 1 18 0 1 0 0 0 0 0 0
2897.01 1 2 1 1 0 0 0 0 1 1 17 0 0 0 0 0 0 0 0
2904.3 1 2 0 0 0 1 0 0 1 1 18 0 0 0 0 0 0 0 0
3046.43 0 1 0 0 1 1 0 0 1 1 19 0 0 0 0 0 0 0 0
3062.76 0 1 1 0 1 0 0 0 1 1 19 0 0 0 1 0 0 0 0
3078.41 0 0 1 0 0 0 0 1 1 1 20 0 0 0 1 0 0 0 0
3086.51 0 0 1 0 1 0 0 0 1 1 20 0 1 0 1 0 0 0 0
3095.25 0 0 1 1 1 0 0 0 1 1 19 0 1 0 0 0 0 0 0
3105.81 1 0 1 1 0 0 0 0 1 1 19 0 2 0 0 0 0 0 0
3128.14 1 1 1 1 0 0 0 0 1 1 18 0 1 0 0 0 0 0 0
3132.64 1 2 1 1 0 0 0 0 1 1 17 0 0 0 0 0 0 0 0
3166.02 1 2 0 0 0 1 0 0 1 1 18 0 0 0 0 0 0 0 0
3181.58 1 2 1 0 0 0 0 0 1 1 18 0 0 0 1 0 0 0 0
3202.46 1 2 1 1 0 0 0 0 1 1 17 0 0 0 0 0 0 0 0
3279.25 0 1 1 1 1 0 0 0 1 1 18 0 0 0 0 0 0 0 0
3293.72 0 0 1 1 0 0 0 1 1 1 19 0 0 0 0 0 0 0 0
3329.26 0 0 0 0 0 1 0 1 1 1 20 0 0 0 0 0 0 0 0
3358.3 0 0 0 0 0 1 1 1 0 1 20 0 1 0 0 0 0 0 0
3358.46 0 1 0 0 0 1 1 1 0 1 19 0 0 0 0 0 0 0 0
3366.98 0 1 0 0 0 2 0 1 0 1 19 0 0 0 0 1 0 0 0
3375.38 0 1 1 0 0 1 0 1 0 1 19 0 0 0 1 1 0 0 0
3380.47 0 1 1 0 1 1 0 0 0 1 19 0 1 0 1 1 0 0 0
3388.3 0 1 1 0 2 1 0 0 0 1 18 0 1 0 1 0 0 0 0
3408.91 0 1 1 1 2 1 0 0 0 1 17 0 1 0 0 0 0 0 0
3420.97 1 1 1 1 1 1 0 0 0 1 17 0 2 0 0 0 0 0 0
3435.15 2 1 1 1 0 1 0 0 0 1 17 0 3 0 0 0 0 0 0
3436.02 2 2 1 1 0 1 0 0 0 1 16 0 2 0 0 0 0 0 0
3437.33 2 3 1 1 0 1 0 0 0 1 15 0 1 0 0 0 0 0 0
3449.98 1 2 1 1 1 1 0 0 0 1 16 0 1 0 0 0 0 0 0
3451.73 1 3 1 1 1 1 0 0 0 1 15 0 0 0 0 0 0 0 0
3469.9 2 3 1 1 0 1 0 0 0 1 15 0 1 0 0 0 0 0 0
3532.26 1 2 1 1 1 1 0 0 0 1 16 0 1 0 0 0 0 0 0
3536.99 1 2 1 1 1 2 0 0 0 0 16 0 1 0 0 0 0 0 1
3541.69 1 3 1 1 1 2 0 0 0 0 15 0 0 0 0 0 0 0 1
3558.12 2 3 1 1 0 2 0 0 0 0 15 0 1 0 0 0 0 0 1
3571.62 2 3 1 1 0 2 0 1 0 0 14 0 1 0 0 0 0 0 0
3579.73 2 4 1 1 0 2 0 1 0 0 13 0 0 0 0 0 0 0 0
3580.7 2 4 2 1 0 1 0 1 0 0 13 0 0 0 1 0 0 0 0
3583.17 1 3 2 1 1 1 0 1 0 0 14 0 0 0 1 0 0 0 0
3588.52 1 3 1 0 1 2 0 1 0 0 15 0 0 0 1 0 0 0 0
3603.28 1 3 1 1 1 2 0 1 0 0 14 0 0 0 0 0 0 0 0
3621.39 0 2 1 1 2 2 0 1 0 0 15 0 0 0 0 0 0 0 0
3625.18 0 2 1 1 1 1 1 1 0 0 16 0 0 0 0 0 0 0 0
3629.1 0 1 1 1 1 1 0 1 1 0 17 0 0 0 0 0 0 0 0
3648.23 0 1 2 1 1 0 0 1 1 0 17 0 0 0 1 0 0 0 0
3690.38 0 1 2 2 1 0 0 1 1 0 16 0 0 0 0 0 0 0 0
3724.81 0 1 1 1 1 1 0 1 1 0 17 0 0 0 0 0 0 0 0
3729.16 0 1 1 1 2 1 0 0 1 0 17 0 1 0 0 0 0 0 0
3734.06 1 1 1 1 1 1 0 0 1 0 17 0 2 0 0 0 0 0 0
3738.9 1 2 1 1 1 1 0 0 1 0 16 0 1 0 0 0 0 0 0
3743.11 1 3 1 1 1 1 0 0 1 0 15 0 0 0 0 0 0 0 0
3753.37 1 3 0 0 1 2 0 0 1 0 16 0 0 0 0 0 0 0 0
3760.41 2 3 0 0 0 2 0 0 1 0 16 0 1 0 0 0 0 0 0
3818.76 2 3 1 0 0 1 0 0 1 0 16 0 1 0 1 0 0 0 0
3825.05 2 4 1 0 0 1 0 0 1 0 15 0 0 0 1 0 0 0 0
3832.4 2 4 1 1 0 1 0 0 1 0 14 0 0 0 0 0 0 0 0
3856.37 2 4 2 1 0 0 0 0 1 0 14 0 0 0 1 0 0 0 0
3858.89 1 3 2 1 1 0 0 0 1 0 15 0 0 0 1 0 0 0 0
3858.96 1 3 2 2 1 0 0 0 1 0 14 0 0 0 0 0 0 0 0
3885.87 1 3 1 1 1 1 0 0 1 0 15 0 0 0 0 0 0 0 0
3909.58 1 3 1 1 0 0 1 0 1 0 16 0 0 0 0 0 0 0 0
3972.48 1 2 1 1 0 0 0 0 2 0 17 0 0 0 0 0 0 0 0
3972.48 1 2 1 1 0 0 0 0 2 0 17 0 0 0 0 0 0 0 0
