0 0 0 0 0 0 0 0 0 0 0 24 3 6 3 3 0 0 0 0
1.6586 0 1 0 0 0 0 0 0 0 0 23 3 5 3 3 0 0 0 0
3.28517 1 1 0 0 0 0 0 0 0 0 22 2 5 3 3 0 0 0 0
4.38719 1 2 0 0 0 0 0 0 0 0 21 2 4 3 3 0 0 0 0
5.44265 2 2 0 0 0 0 0 0 0 0 20 1 4 3 3 0 0 0 0
9.06847 2 2 0 1 0 0 0 0 0 0 19 1 4 3 2 0 0 0 0
12.8369 2 3 0 1 0 0 0 0 0 0 18 1 3 3 2 0 0 0 0
13.6183 3 3 0 1 0 0 0 0 0 0 17 0 3 3 2 0 0 0 0
17.746 3 3 1 1 0 0 0 0 0 0 16 0 3 2 2 0 0 0 0
21.6433 3 3 2 1 0 0 0 0 0 0 15 0 3 1 2 0 0 0 0
23.0444 3 4 2 1 0 0 0 0 0 0 14 0 2 1 2 0 0 0 0
28.0662 3 4 2 2 0 0 0 0 0 0 13 0 2 1 1 0 0 0 0
40.9724 3 5 2 2 0 0 0 0 0 0 12 0 1 1 1 0 0 0 0
54.1206 3 5 2 3 0 0 0 0 0 0 11 0 1 1 0 0 0 0 0
55.7456 2 4 2 3 1 0 0 0 0 0 12 0 1 1 0 0 0 0 0
61.4971 2 4 3 3 1 0 0 0 0 0 11 0 1 0 0 0 0 0 0
67.8808 3 4 3 3 0 0 0 0 0 0 11 0 2 0 0 0 0 0 0
78.4576 3 5 3 3 0 0 0 0 0 0 10 0 1 0 0 0 0 0 0
78.9031 3 6 3 3 0 0 0 0 0 0 9 0 0 0 0 0 0 0 0
103.024 2 5 3 3 1 0 0 0 0 0 10 0 0 0 0 0 0 0 0
103.669 1 4 3 3 2 0 0 0 0 0 11 0 0 0 0 0 0 0 0
115.089 1 4 2 2 2 1 0 0 0 0 12 0 0 0 0 0 0 0 0
123.672 0 3 2 2 3 1 0 0 0 0 13 0 0 0 0 0 0 0 0
135.273 1 3 2 2 2 1 0 0 0 0 13 0 1 0 0 0 0 0 0
138.776 2 3 2 2 1 1 0 0 0 0 13 0 2 0 0 0 0 0 0
151.359 3 3 2 2 0 1 0 0 0 0 13 0 3 0 0 0 0 0 0
169.474 3 4 2 2 0 1 0 0 0 0 12 0 2 0 0 0 0 0 0
186.505 2 3 2 2 1 1 0 0 0 0 13 0 2 0 0 0 0 0 0
220.09 2 2 2 2 0 1 0 1 0 0 14 0 2 0 0 0 0 0 0
236.925 2 3 2 2 0 1 0 1 0 0 13 0 1 0 0 0 0 0 0
243.03 2 3 2 2 1 1 0 0 0 0 13 0 2 0 0 0 0 0 0
244.382 1 2 2 2 2 1 0 0 0 0 14 0 2 0 0 0 0 0 0
250.855 1 2 2 2 1 0 1 0 0 0 15 0 2 0 0 0 0 0 0
251.453 2 2 2 2 0 0 1 0 0 0 15 0 3 0 0 0 0 0 0
251.966 1 1 2 2 1 0 1 0 0 0 16 0 3 0 0 0 0 0 0
252.922 1 2 2 2 1 0 1 0 0 0 15 0 2 0 0 0 0 0 0
261.805 1 1 2 2 1 0 0 0 1 0 16 0 2 0 0 0 0 0 0
300.426 1 2 2 2 1 0 0 0 1 0 15 0 1 0 0 0 0 0 0
318.7 1 1 2 2 0 0 0 1 1 0 16 0 1 0 0 0 0 0 0
331.184 1 2 2 2 0 0 0 1 1 0 15 0 0 0 0 0 0 0 0
334.277 1 2 2 2 0 0 1 1 0 0 15 0 1 0 0 0 0 0 0
351.639 0 1 2 2 1 0 1 1 0 0 16 0 1 0 0 0 0 0 0
368.126 0 1 2 2 1 1 0 1 0 0 16 0 1 0 0 1 0 0 0
380.498 1 1 2 2 0 1 0 1 0 0 16 0 2 0 0 1 0 0 0
382.552 1 2 2 2 0 1 0 1 0 0 15 0 1 0 0 1 0 0 0
404.37 1 2 2 2 1 1 0 0 0 0 15 0 2 0 0 1 0 0 0
430.917 1 2 2 2 2 1 0 0 0 0 14 0 2 0 0 0 0 0 0
436.2 2 2 2 2 1 1 0 0 0 0 14 0 3 0 0 0 0 0 0
452.613 2 3 2 2 1 1 0 0 0 0 13 0 2 0 0 0 0 0 0
454.675 1 2 2 2 2 1 0 0 0 0 14 0 2 0 0 0 0 0 0
460.158 1 3 2 2 2 1 0 0 0 0 13 0 1 0 0 0 0 0 0
461.139 1 4 2 2 2 1 0 0 0 0 12 0 0 0 0 0 0 0 0
463.16 2 4 2 2 1 1 0 0 0 0 12 0 1 0 0 0 0 0 0
468.337 1 3 2 2 2 1 0 0 0 0 13 0 1 0 0 0 0 0 0
481.949 0 2 2 2 3 1 0 0 0 0 14 0 1 0 0 0 0 0 0
482.184 0 2 2 2 2 0 1 0 0 0 15 0 1 0 0 0 0 0 0
485.378 0 1 2 2 1 0 1 1 0 0 16 0 1 0 0 0 0 0 0
510.723 0 2 2 2 1 0 1 1 0 0 15 0 0 0 0 0 0 0 0
517.104 0 1 2 2 1 0 0 1 1 0 16 0 0 0 0 0 0 0 0
551.345 1 1 2 2 0 0 0 1 1 0 16 0 1 0 0 0 0 0 0
557.364 1 1 2 2 1 0 0 0 1 0 16 0 2 0 0 0 0 0 0
559.375 1 2 2 2 1 0 0 0 1 0 15 0 1 0 0 0 0 0 0
576.718 1 1 2 2 0 0 0 1 1 0 16 0 1 0 0 0 0 0 0
610.704 1 1 2 2 1 0 0 0 1 0 16 0 2 0 0 0 0 0 0
614.284 1 2 2 2 1 0 0 0 1 0 15 0 1 0 0 0 0 0 0
627.52 1 2 1 1 1 1 0 0 1 0 16 0 1 0 0 0 0 0 0
635.37 2 2 1 1 0 1 0 0 1 0 16 0 2 0 0 0 0 0 0
636.009 2 3 1 1 0 1 0 0 1 0 15 0 1 0 0 0 0 0 0
665.14 2 4 1 1 0 1 0 0 1 0 14 0 0 0 0 0 0 0 0
688.653 1 3 1 1 1 1 0 0 1 0 15 0 0 0 0 0 0 0 0
699.678 1 2 1 1 0 1 0 1 1 0 16 0 0 0 0 0 0 0 0
724.28 1 2 0 0 0 2 0 1 1 0 17 0 0 0 0 0 0 0 0
735.764 1 2 1 0 0 1 0 1 1 0 17 0 0 0 1 0 0 0 0
757.443 1 2 1 0 1 1 0 0 1 0 17 0 1 0 1 0 0 0 0
758.306 1 3 1 0 1 1 0 0 1 0 16 0 0 0 1 0 0 0 0
761.214 1 3 1 1 1 1 0 0 1 0 15 0 0 0 0 0 0 0 0
766.032 2 3 1 1 0 1 0 0 1 0 15 0 1 0 0 0 0 0 0
784.654 1 2 1 1 1 1 0 0 1 0 16 0 1 0 0 0 0 0 0
786.457 2 2 1 1 0 1 0 0 1 0 16 0 2 0 0 0 0 0 0
796.453 2 3 1 1 0 1 0 0 1 0 15 0 1 0 0 0 0 0 0
814.059 2 4 1 1 0 1 0 0 1 0 14 0 0 0 0 0 0 0 0
824.397 2 4 2 1 0 0 0 0 1 0 14 0 0 0 1 0 0 0 0
982.339 2 4 2 2 0 0 0 0 1 0 13 0 0 0 0 0 0 0 0
1021.92 1 3 2 2 1 0 0 0 1 0 14 0 0 0 0 0 0 0 0
1060.43 2 3 2 2 0 0 0 0 1 0 14 0 1 0 0 0 0 0 0
1070.94 2 4 2 2 0 0 0 0 1 0 13 0 0 0 0 0 0 0 0
1179.29 2 4 2 2 0 0 1 0 0 0 13 0 1 0 0 0 0 0 0
1179.29 2 4 2 2 0 1 0 0 0 0 13 0 1 0 0 1 0 0 0
1184.8 1 3 2 2 1 1 0 0 0 0 14 0 1 0 0 1 0 0 0
1184.81 1 3 3 2 1 0 0 0 0 0 14 0 1 0 1 1 0 0 0
1187.13 1 3 3 3 1 0 0 0 0 0 13 0 1 0 0 1 0 0 0
1209.11 2 3 3 3 0 0 0 0 0 0 13 0 2 0 0 1 0 0 0
1216.49 2 4 3 3 0 0 0 0 0 0 12 0 1 0 0 1 0 0 0
1222.34 1 3 3 3 1 0 0 0 0 0 13 0 1 0 0 1 0 0 0
1224.12 1 3 3 3 2 0 0 0 0 0 12 0 1 0 0 0 0 0 0
1226.18 1 3 2 2 2 1 0 0 0 0 13 0 1 0 0 0 0 0 0
1229.52 2 3 2 2 1 1 0 0 0 0 13 0 2 0 0 0 0 0 0
1229.61 2 4 2 2 1 1 0 0 0 0 12 0 1 0 0 0 0 0 0
1253 1 3 2 2 2 1 0 0 0 0 13 0 1 0 0 0 0 0 0
1254.58 1 3 2 2 1 0 1 0 0 0 14 0 1 0 0 0 0 0 0
1256.58 1 2 2 2 0 0 1 1 0 0 15 0 1 0 0 0 0 0 0
1257.38 1 3 2 2 0 0 1 1 0 0 14 0 0 0 0 0 0 0 0
1282.16 1 3 2 2 1 0 1 0 0 0 14 0 1 0 0 0 0 0 0
1289.54 1 4 2 2 1 0 1 0 0 0 13 0 0 0 0 0 0 0 0
1312.62 1 3 2 2 1 0 0 0 1 0 14 0 0 0 0 0 0 0 0
1332.62 2 3 2 2 0 0 0 0 1 0 14 0 1 0 0 0 0 0 0
1352.4 2 3 1 1 0 1 0 0 1 0 15 0 1 0 0 0 0 0 0
1367.18 2 4 1 1 0 1 0 0 1 0 14 0 0 0 0 0 0 0 0
1372.91 2 4 2 1 0 0 0 0 1 0 14 0 0 0 1 0 0 0 0
1374.58 2 4 2 2 0 0 0 0 1 0 13 0 0 0 0 0 0 0 0
1378.73 2 4 1 1 0 1 0 0 1 0 14 0 0 0 0 0 0 0 0
1386.73 1 3 1 1 1 1 0 0 1 0 15 0 0 0 0 0 0 0 0
1424.27 2 3 1 1 0 1 0 0 1 0 15 0 1 0 0 0 0 0 0
1449.82 1 2 1 1 1 1 0 0 1 0 16 0 1 0 0 0 0 0 0
1450.69 0 1 1 1 2 1 0 0 1 0 17 0 1 0 0 0 0 0 0
1458.57 0 2 1 1 2 1 0 0 1 0 16 0 0 0 0 0 0 0 0
1473.65 1 2 1 1 1 1 0 0 1 0 16 0 1 0 0 0 0 0 0
1479.92 1 3 1 1 1 1 0 0 1 0 15 0 0 0 0 0 0 0 0
1500.33 0 2 1 1 2 1 0 0 1 0 16 0 0 0 0 0 0 0 0
1508.31 1 2 1 1 1 1 0 0 1 0 16 0 1 0 0 0 0 0 0
1514.53 1 3 1 1 1 1 0 0 1 0 15 0 0 0 0 0 0 0 0
1530.52 1 3 2 1 1 0 0 0 1 0 15 0 0 0 1 0 0 0 0
1542.74 1 3 2 2 1 0 0 0 1 0 14 0 0 0 0 0 0 0 0
1554.57 1 3 1 1 1 1 0 0 1 0 15 0 0 0 0 0 0 0 0
1560.01 1 2 1 1 0 1 0 1 1 0 16 0 0 0 0 0 0 0 0
1566.81 1 2 2 1 0 0 0 1 1 0 16 0 0 0 1 0 0 0 0
1601.43 1 2 2 2 0 0 0 1 1 0 15 0 0 0 0 0 0 0 0
1670.78 1 2 1 1 0 1 0 1 1 0 16 0 0 0 0 0 0 0 0
1711.6 1 2 1 1 0 0 0 0 1 1 17 0 0 0 0 0 0 0 0
1774.12 0 1 1 1 1 0 0 0 1 1 18 0 0 0 0 0 0 0 0
1814.38 0 1 1 1 1 0 1 0 0 1 18 0 1 0 0 0 0 0 0
1814.67 0 2 1 1 1 0 1 0 0 1 17 0 0 0 0 0 0 0 0
1839.82 1 2 1 1 0 0 1 0 0 1 17 0 1 0 0 0 0 0 0
1854.95 1 3 1 1 0 0 1 0 0 1 16 0 0 0 0 0 0 0 0
1868.91 0 2 1 1 1 0 1 0 0 1 17 0 0 0 0 0 0 0 0
1902.44 0 1 1 1 0 0 1 1 0 1 18 0 0 0 0 0 0 0 0
1904 0 1 1 1 1 0 1 0 0 1 18 0 1 0 0 0 0 0 0
1927.18 1 1 1 1 0 0 1 0 0 1 18 0 2 0 0 0 0 0 0
1933.55 1 2 1 1 0 0 1 0 0 1 17 0 1 0 0 0 0 0 0
1943.66 1 2 1 1 0 1 0 0 0 1 17 0 1 0 0 1 0 0 0
1961.52 1 3 1 1 0 1 0 0 0 1 16 0 0 0 0 1 0 0 0
1963.03 1 3 2 1 0 0 0 0 0 1 16 0 0 0 1 1 0 0 0
1963.91 0 2 2 1 1 0 0 0 0 1 17 0 0 0 1 1 0 0 0
1968.61 1 2 2 1 0 0 0 0 0 1 17 0 1 0 1 1 0 0 0
1976.44 1 3 2 1 0 0 0 0 0 1 16 0 0 0 1 1 0 0 0
1986.2 1 3 2 1 1 0 0 0 0 1 15 0 0 0 1 0 0 0 0
2016.4 2 3 2 1 0 0 0 0 0 1 15 0 1 0 1 0 0 0 0
2025.02 2 4 2 1 0 0 0 0 0 1 14 0 0 0 1 0 0 0 0
2025.09 2 4 2 2 0 0 0 0 0 1 13 0 0 0 0 0 0 0 0
2063.83 2 4 1 1 0 1 0 0 0 1 14 0 0 0 0 0 0 0 0
2067.09 1 3 1 1 1 1 0 0 0 1 15 0 0 0 0 0 0 0 0
2067.36 1 3 2 1 1 0 0 0 0 1 15 0 0 0 1 0 0 0 0
2086.82 1 3 1 0 1 1 0 0 0 1 16 0 0 0 1 0 0 0 0
2105.32 1 3 1 1 1 1 0 0 0 1 15 0 0 0 0 0 0 0 0
2106.95 2 3 1 1 0 1 0 0 0 1 15 0 1 0 0 0 0 0 0
2144.37 1 2 1 1 1 1 0 0 0 1 16 0 1 0 0 0 0 0 0
2168.07 0 1 1 1 2 1 0 0 0 1 17 0 1 0 0 0 0 0 0
2176.46 0 1 1 1 1 0 1 0 0 1 18 0 1 0 0 0 0 0 0
2215.03 0 0 1 1 1 0 0 0 1 1 19 0 1 0 0 0 0 0 0
2234.1 0 1 1 1 1 0 0 0 1 1 18 0 0 0 0 0 0 0 0
2301.63 1 1 1 1 0 0 0 0 1 1 18 0 1 0 0 0 0 0 0
2339.33 1 2 1 1 0 0 0 0 1 1 17 0 0 0 0 0 0 0 0
2528.64 1 2 0 0 0 1 0 0 1 1 18 0 0 0 0 0 0 0 0
2546.81 0 1 0 0 1 1 0 0 1 1 19 0 0 0 0 0 0 0 0
2567.79 0 1 0 0 1 1 1 0 0 1 19 0 1 0 0 0 0 0 0
2570.29 0 1 1 0 1 0 1 0 0 1 19 0 1 0 1 0 0 0 0
2576.67 0 1 1 1 1 0 1 0 0 1 18 0 1 0 0 0 0 0 0
2596.41 0 2 1 1 1 0 1 0 0 1 17 0 0 0 0 0 0 0 0
2596.9 1 2 1 1 0 0 1 0 0 1 17 0 1 0 0 0 0 0 0
2609.04 1 3 1 1 0 0 1 0 0 1 16 0 0 0 0 0 0 0 0
2662.86 1 2 1 1 0 0 0 0 1 1 17 0 0 0 0 0 0 0 0
3041.42 0 1 1 1 1 0 0 0 1 1 18 0 0 0 0 0 0 0 0
3060.72 1 1 1 1 0 0 0 0 1 1 18 0 1 0 0 0 0 0 0
3076.75 1 2 1 1 0 0 0 0 1 1 17 0 0 0 0 0 0 0 0
3139.46 1 2 0 0 0 1 0 0 1 1 18 0 0 0 0 0 0 0 0
3285.26 1 2 1 0 0 0 0 0 1 1 18 0 0 0 1 0 0 0 0
3300.68 1 2 1 1 0 0 0 0 1 1 17 0 0 0 0 0 0 0 0
3304.21 1 2 0 0 0 1 0 0 1 1 18 0 0 0 0 0 0 0 0
3310.62 1 2 1 0 0 0 0 0 1 1 18 0 0 0 1 0 0 0 0
3316.82 1 2 1 1 0 0 0 0 1 1 17 0 0 0 0 0 0 0 0
3349.04 0 1 1 1 1 0 0 0 1 1 18 0 0 0 0 0 0 0 0
3357.88 0 0 1 1 0 0 0 1 1 1 19 0 0 0 0 0 0 0 0
3431.02 0 0 0 0 0 1 0 1 1 1 20 0 0 0 0 0 0 0 0
3435.11 0 0 1 0 0 0 0 1 1 1 20 0 0 0 1 0 0 0 0
3447.78 0 0 1 1 0 0 0 1 1 1 19 0 0 0 0 0 0 0 0
3548.5 0 0 1 1 1 0 0 0 1 1 19 0 1 0 0 0 0 0 0
3620.29 1 0 1 1 0 0 0 0 1 1 19 0 2 0 0 0 0 0 0
3642.97 1 1 1 1 0 0 0 0 1 1 18 0 1 0 0 0 0 0 0
3649.64 1 2 1 1 0 0 0 0 1 1 17 0 0 0 0 0 0 0 0
3766.25 0 1 1 1 1 0 0 0 1 1 18 0 0 0 0 0 0 0 0
3804.53 1 1 1 1 0 0 0 0 1 1 18 0 1 0 0 0 0 0 0
3806.03 1 2 1 1 0 0 0 0 1 1 17 0 0 0 0 0 0 0 0
3841.7 1 2 0 0 0 1 0 0 1 1 18 0 0 0 0 0 0 0 0
3891.17 1 2 1 0 0 0 0 0 1 1 18 0 0 0 1 0 0 0 0
3901.37 1 2 1 1 0 0 0 0 1 1 17 0 0 0 0 0 0 0 0
3901.37 1 2 1 1 0 0 0 0 1 1 17 0 0 0 0 0 0 0 0
