0 0 0 0 0 0 0 0 0 0 0 24 3 6 3 3 0 0 0 0
0.999137 0 0 1 0 0 0 0 0 0 0 23 3 6 2 3 0 0 0 0
3.499 0 1 1 0 0 0 0 0 0 0 22 3 5 2 3 0 0 0 0
6.94773 1 1 1 0 0 0 0 0 0 0 21 2 5 2 3 0 0 0 0
10.8338 1 2 1 0 0 0 0 0 0 0 20 2 4 2 3 0 0 0 0
15.2841 1 2 1 1 0 0 0 0 0 0 19 2 4 2 2 0 0 0 0
18.7258 1 3 1 1 0 0 0 0 0 0 18 2 3 2 2 0 0 0 0
23.148 1 3 2 1 0 0 0 0 0 0 17 2 3 1 2 0 0 0 0
23.3766 1 4 2 1 0 0 0 0 0 0 16 2 2 1 2 0 0 0 0
23.3973 2 4 2 1 0 0 0 0 0 0 15 1 2 1 2 0 0 0 0
23.7476 1 3 2 1 1 0 0 0 0 0 16 1 2 1 2 0 0 0 0
23.9283 2 3 2 1 1 0 0 0 0 0 15 0 2 1 2 0 0 0 0
25.1705 2 3 2 2 1 0 0 0 0 0 14 0 2 1 1 0 0 0 0
26.6274 2 3 3 2 1 0 0 0 0 0 13 0 2 0 1 0 0 0 0
34.5899 2 4 3 2 1 0 0 0 0 0 12 0 1 0 1 0 0 0 0
36.4907 2 4 2 1 1 1 0 0 0 0 13 0 1 0 1 0 0 0 0
37.8375 2 4 1 0 1 2 0 0 0 0 14 0 1 0 1 0 0 0 0
53.2542 1 3 1 0 2 2 0 0 0 0 15 0 1 0 1 0 0 0 0
54.2945 1 2 1 0 1 2 0 1 0 0 16 0 1 0 1 0 0 0 0
75.2673 1 2 1 1 1 2 0 1 0 0 15 0 1 0 0 0 0 0 0
79.0278 1 1 1 1 0 2 0 2 0 0 16 0 1 0 0 0 0 0 0
80.4009 1 2 1 1 0 2 0 2 0 0 15 0 0 0 0 0 0 0 0
87.9484 0 1 1 1 1 2 0 2 0 0 16 0 0 0 0 0 0 0 0
94.3681 0 1 2 1 1 1 0 2 0 0 16 0 0 0 1 0 0 0 0
102.319 0 1 2 1 2 1 0 1 0 0 16 0 1 0 1 0 0 0 0
104.078 1 1 2 1 1 1 0 1 0 0 16 0 2 0 1 0 0 0 0
106.474 1 2 2 1 1 1 0 1 0 0 15 0 1 0 1 0 0 0 0
110.236 1 2 2 1 2 1 0 0 0 0 15 0 2 0 1 0 0 0 0
112.158 1 2 3 1 2 0 0 0 0 0 15 0 2 0 2 0 0 0 0
120.119 0 1 3 1 3 0 0 0 0 0 16 0 2 0 2 0 0 0 0
128.13 0 1 3 2 3 0 0 0 0 0 15 0 2 0 1 0 0 0 0
133.588 0 1 2 1 3 1 0 0 0 0 16 0 2 0 1 0 0 0 0
141.103 0 2 2 1 3 1 0 0 0 0 15 0 1 0 1 0 0 0 0
162.523 0 2 2 1 2 0 1 0 0 0 16 0 1 0 1 0 0 0 0
164.903 0 1 2 1 2 0 0 0 1 0 17 0 1 0 1 0 0 0 0
188.582 0 1 2 1 2 0 1 0 0 0 17 0 2 0 1 0 0 0 0
196.653 0 1 2 2 2 0 1 0 0 0 16 0 2 0 0 0 0 0 0
205.44 0 2 2 2 2 0 1 0 0 0 15 0 1 0 0 0 0 0 0
242.893 0 3 2 2 2 0 1 0 0 0 14 0 0 0 0 0 0 0 0
251.735 0 2 2 2 1 0 1 1 0 0 15 0 0 0 0 0 0 0 0
263.231 0 1 2 2 1 0 0 1 1 0 16 0 0 0 0 0 0 0 0
266.751 0 1 1 1 1 1 0 1 1 0 17 0 0 0 0 0 0 0 0
266.839 1 1 1 1 0 1 0 1 1 0 17 0 1 0 0 0 0 0 0
273.486 1 2 1 1 0 1 0 1 1 0 16 0 0 0 0 0 0 0 0
278.104 1 2 1 1 1 1 0 0 1 0 16 0 1 0 0 0 0 0 0
282.023 0 1 1 1 2 1 0 0 1 0 17 0 1 0 0 0 0 0 0
283.615 0 0 1 1 1 1 0 1 1 0 18 0 1 0 0 0 0 0 0
315.253 0 0 1 1 1 0 0 0 1 1 19 0 1 0 0 0 0 0 0
323.423 1 0 1 1 0 0 0 0 1 1 19 0 2 0 0 0 0 0 0
343.173 1 1 1 1 0 0 0 0 1 1 18 0 1 0 0 0 0 0 0
379.019 1 2 1 1 0 0 0 0 1 1 17 0 0 0 0 0 0 0 0
410.305 0 1 1 1 1 0 0 0 1 1 18 0 0 0 0 0 0 0 0
479.507 0 1 0 0 1 1 0 0 1 1 19 0 0 0 0 0 0 0 0
511.037 1 1 0 0 0 1 0 0 1 1 19 0 1 0 0 0 0 0 0
512.063 1 2 0 0 0 1 0 0 1 1 18 0 0 0 0 0 0 0 0
539.377 1 2 1 0 0 0 0 0 1 1 18 0 0 0 1 0 0 0 0
586.17 1 2 1 1 0 0 0 0 1 1 17 0 0 0 0 0 0 0 0
623.461 0 1 1 1 1 0 0 0 1 1 18 0 0 0 0 0 0 0 0
623.611 1 1 1 1 0 0 0 0 1 1 18 0 1 0 0 0 0 0 0
627.852 1 2 1 1 0 0 0 0 1 1 17 0 0 0 0 0 0 0 0
787.169 0 1 1 1 1 0 0 0 1 1 18 0 0 0 0 0 0 0 0
790.761 0 1 0 0 1 1 0 0 1 1 19 0 0 0 0 0 0 0 0
803.8 0 1 0 0 1 1 1 0 0 1 19 0 1 0 0 0 0 0 0
828.951 1 1 0 0 0 1 1 0 0 1 19 0 2 0 0 0 0 0 0
854.234 1 2 0 0 0 1 1 0 0 1 18 0 1 0 0 0 0 0 0
863.495 1 2 1 0 0 0 1 0 0 1 18 0 1 0 1 0 0 0 0
869.958 1 3 1 0 0 0 1 0 0 1 17 0 0 0 1 0 0 0 0
875.675 1 3 1 1 0 0 1 0 0 1 16 0 0 0 0 0 0 0 0
921.489 0 2 1 1 1 0 1 0 0 1 17 0 0 0 0 0 0 0 0
924.441 0 1 1 1 1 0 0 0 1 1 18 0 0 0 0 0 0 0 0
928.259 1 1 1 1 0 0 0 0 1 1 18 0 1 0 0 0 0 0 0
935.472 0 0 1 1 1 0 0 0 1 1 19 0 1 0 0 0 0 0 0
975.253 0 1 1 1 1 0 0 0 1 1 18 0 0 0 0 0 0 0 0
1055.85 0 1 0 0 1 1 0 0 1 1 19 0 0 0 0 0 0 0 0
1066.3 0 1 1 0 1 0 0 0 1 1 19 0 0 0 1 0 0 0 0
1067.32 0 1 1 1 1 0 0 0 1 1 18 0 0 0 0 0 0 0 0
1094.57 1 1 1 1 0 0 0 0 1 1 18 0 1 0 0 0 0 0 0
1096.09 1 1 1 1 0 0 1 0 0 1 18 0 2 0 0 0 0 0 0
1098.15 1 1 0 0 0 1 1 0 0 1 19 0 2 0 0 0 0 0 0
1107.59 1 2 0 0 0 1 1 0 0 1 18 0 1 0 0 0 0 0 0
1123.13 1 3 0 0 0 1 1 0 0 1 17 0 0 0 0 0 0 0 0
1181.11 1 3 0 0 0 2 0 0 0 1 17 0 0 0 0 1 0 0 0
1206.25 1 3 0 0 1 2 0 0 0 1 16 0 0 0 0 0 0 0 0
1214.63 2 3 0 0 0 2 0 0 0 1 16 0 1 0 0 0 0 0 0
1215.57 2 4 0 0 0 2 0 0 0 1 15 0 0 0 0 0 0 0 0
1222.49 2 4 1 0 0 1 0 0 0 1 15 0 0 0 1 0 0 0 0
1262.86 2 4 2 0 0 0 0 0 0 1 15 0 0 0 2 0 0 0 0
1264.5 1 3 2 0 1 0 0 0 0 1 16 0 0 0 2 0 0 0 0
1266 1 3 2 1 1 0 0 0 0 1 15 0 0 0 1 0 0 0 0
1286.04 2 3 2 1 0 0 0 0 0 1 15 0 1 0 1 0 0 0 0
1286.83 1 2 2 1 1 0 0 0 0 1 16 0 1 0 1 0 0 0 0
1294.23 1 3 2 1 1 0 0 0 0 1 15 0 0 0 1 0 0 0 0
1375.9 2 3 2 1 0 0 0 0 0 1 15 0 1 0 1 0 0 0 0
1382.04 2 3 2 2 0 0 0 0 0 1 14 0 1 0 0 0 0 0 0
1394.92 2 4 2 2 0 0 0 0 0 1 13 0 0 0 0 0 0 0 0
1402.98 2 4 1 1 0 1 0 0 0 1 14 0 0 0 0 0 0 0 0
1406.04 2 4 2 1 0 0 0 0 0 1 14 0 0 0 1 0 0 0 0
1411.12 1 3 2 1 1 0 0 0 0 1 15 0 0 0 1 0 0 0 0
1414.44 2 3 2 1 0 0 0 0 0 1 15 0 1 0 1 0 0 0 0
1419.82 2 3 2 2 0 0 0 0 0 1 14 0 1 0 0 0 0 0 0
1422.32 2 3 1 1 0 1 0 0 0 1 15 0 1 0 0 0 0 0 0
1431.62 2 4 1 1 0 1 0 0 0 1 14 0 0 0 0 0 0 0 0
1436.69 1 3 1 1 1 1 0 0 0 1 15 0 0 0 0 0 0 0 0
1489.9 2 3 1 1 0 1 0 0 0 1 15 0 1 0 0 0 0 0 0
1504.33 1 2 1 1 1 1 0 0 0 1 16 0 1 0 0 0 0 0 0
1522.15 2 2 1 1 0 1 0 0 0 1 16 0 2 0 0 0 0 0 0
1530.9 2 3 1 1 0 1 0 0 0 1 15 0 1 0 0 0 0 0 0
1535.3 2 3 2 1 0 0 0 0 0 1 15 0 1 0 1 0 0 0 0
1563.33 2 4 2 1 0 0 0 0 0 1 14 0 0 0 1 0 0 0 0
1584.12 2 4 2 2 0 0 0 0 0 1 13 0 0 0 0 0 0 0 0
1616.81 1 3 2 2 1 0 0 0 0 1 14 0 0 0 0 0 0 0 0
1638.67 0 2 2 2 2 0 0 0 0 1 15 0 0 0 0 0 0 0 0
1640.31 0 2 1 1 2 1 0 0 0 1 16 0 0 0 0 0 0 0 0
1659.81 1 2 1 1 1 1 0 0 0 1 16 0 1 0 0 0 0 0 0
1671.08 1 3 1 1 1 1 0 0 0 1 15 0 0 0 0 0 0 0 0
1689.56 1 3 1 1 0 0 1 0 0 1 16 0 0 0 0 0 0 0 0
1741.21 1 3 1 1 0 1 0 0 0 1 16 0 0 0 0 1 0 0 0
1771.52 0 2 1 1 1 1 0 0 0 1 17 0 0 0 0 1 0 0 0
1784.84 1 2 1 1 0 1 0 0 0 1 17 0 1 0 0 1 0 0 0
1787.71 1 2 1 1 1 1 0 0 0 1 16 0 1 0 0 0 0 0 0
1795.47 0 1 1 1 2 1 0 0 0 1 17 0 1 0 0 0 0 0 0
1819.01 0 2 1 1 2 1 0 0 0 1 16 0 0 0 0 0 0 0 0
1824.36 1 2 1 1 1 1 0 0 0 1 16 0 1 0 0 0 0 0 0
1835.24 1 3 1 1 1 1 0 0 0 1 15 0 0 0 0 0 0 0 0
1868.4 2 3 1 1 0 1 0 0 0 1 15 0 1 0 0 0 0 0 0
1887.3 2 3 2 1 0 0 0 0 0 1 15 0 1 0 1 0 0 0 0
1891.29 2 3 2 2 0 0 0 0 0 1 14 0 1 0 0 0 0 0 0
1898.21 2 4 2 2 0 0 0 0 0 1 13 0 0 0 0 0 0 0 0
1907.22 2 4 1 1 0 1 0 0 0 1 14 0 0 0 0 0 0 0 0
1942.18 1 3 1 1 1 1 0 0 0 1 15 0 0 0 0 0 0 0 0
1946.14 2 3 1 1 0 1 0 0 0 1 15 0 1 0 0 0 0 0 0
1961.64 1 2 1 1 1 1 0 0 0 1 16 0 1 0 0 0 0 0 0
1967.62 1 3 1 1 1 1 0 0 0 1 15 0 0 0 0 0 0 0 0
2003.82 1 3 2 1 1 0 0 0 0 1 15 0 0 0 1 0 0 0 0
2006.5 1 3 2 2 1 0 0 0 0 1 14 0 0 0 0 0 0 0 0
2012.11 1 3 1 1 1 1 0 0 0 1 15 0 0 0 0 0 0 0 0
2013.32 1 3 2 1 1 0 0 0 0 1 15 0 0 0 1 0 0 0 0
2027.75 1 3 2 2 1 0 0 0 0 1 14 0 0 0 0 0 0 0 0
2034.4 2 3 2 2 0 0 0 0 0 1 14 0 1 0 0 0 0 0 0
2047.93 2 4 2 2 0 0 0 0 0 1 13 0 0 0 0 0 0 0 0
2068.86 2 4 1 1 0 1 0 0 0 1 14 0 0 0 0 0 0 0 0
2095.5 1 3 1 1 1 1 0 0 0 1 15 0 0 0 0 0 0 0 0
2115.07 0 2 1 1 2 1 0 0 0 1 16 0 0 0 0 0 0 0 0
2119.73 0 2 1 1 1 0 1 0 0 1 17 0 0 0 0 0 0 0 0
2121.05 0 2 0 0 1 1 1 0 0 1 18 0 0 0 0 0 0 0 0
2157.52 0 2 1 0 1 0 1 0 0 1 18 0 0 0 1 0 0 0 0
2162.6 0 2 1 1 1 0 1 0 0 1 17 0 0 0 0 0 0 0 0
2167.05 0 1 1 1 0 0 1 1 0 1 18 0 0 0 0 0 0 0 0
2269.64 0 1 0 0 0 1 1 1 0 1 19 0 0 0 0 0 0 0 0
2314.06 0 1 0 0 1 1 1 0 0 1 19 0 1 0 0 0 0 0 0
2314.89 0 0 0 0 1 1 0 0 1 1 20 0 1 0 0 0 0 0 0
2331.1 0 1 0 0 1 1 0 0 1 1 19 0 0 0 0 0 0 0 0
2333.89 1 1 0 0 0 1 0 0 1 1 19 0 1 0 0 0 0 0 0
2346.1 1 2 0 0 0 1 0 0 1 1 18 0 0 0 0 0 0 0 0
2408.97 1 2 0 0 0 1 1 0 0 1 18 0 1 0 0 0 0 0 0
2418.72 1 3 0 0 0 1 1 0 0 1 17 0 0 0 0 0 0 0 0
2431.3 1 3 0 0 0 2 0 0 0 1 17 0 0 0 0 1 0 0 0
2431.72 0 2 0 0 1 2 0 0 0 1 18 0 0 0 0 1 0 0 0
2432.47 0 2 0 0 2 2 0 0 0 1 17 0 0 0 0 0 0 0 0
2459.51 0 2 1 0 2 1 0 0 0 1 17 0 0 0 1 0 0 0 0
2462.72 1 2 1 0 1 1 0 0 0 1 17 0 1 0 1 0 0 0 0
2466.31 1 3 1 0 1 1 0 0 0 1 16 0 0 0 1 0 0 0 0
2467.69 1 3 2 0 1 0 0 0 0 1 16 0 0 0 2 0 0 0 0
2470.74 0 2 2 0 2 0 0 0 0 1 17 0 0 0 2 0 0 0 0
2476.2 0 1 2 0 1 0 0 1 0 1 18 0 0 0 2 0 0 0 0
2476.46 0 1 2 1 1 0 0 1 0 1 17 0 0 0 1 0 0 0 0
2512.16 1 1 2 1 0 0 0 1 0 1 17 0 1 0 1 0 0 0 0
2524.27 1 1 2 2 0 0 0 1 0 1 16 0 1 0 0 0 0 0 0
2525.89 1 2 2 2 0 0 0 1 0 1 15 0 0 0 0 0 0 0 0
2542.97 1 2 1 1 0 1 0 1 0 1 16 0 0 0 0 0 0 0 0
2550.76 0 1 1 1 1 1 0 1 0 1 17 0 0 0 0 0 0 0 0
2593.11 1 1 1 1 0 1 0 1 0 1 17 0 1 0 0 0 0 0 0
2636.37 1 1 1 1 0 0 0 0 0 2 18 0 1 0 0 0 0 0 0
2650.42 0 0 1 1 1 0 0 0 0 2 19 0 1 0 0 0 0 0 0
2653.58 0 1 1 1 1 0 0 0 0 2 18 0 0 0 0 0 0 0 0
2658.21 1 1 1 1 0 0 0 0 0 2 18 0 1 0 0 0 0 0 0
2658.73 1 2 1 1 0 0 0 0 0 2 17 0 0 0 0 0 0 0 0
2663.11 1 2 0 0 0 1 0 0 0 2 18 0 0 0 0 0 0 0 0
2865.36 1 2 1 0 0 0 0 0 0 2 18 0 0 0 1 0 0 0 0
2867.79 1 2 1 1 0 0 0 0 0 2 17 0 0 0 0 0 0 0 0
2904.11 1 2 0 0 0 1 0 0 0 2 18 0 0 0 0 0 0 0 0
3219.16 1 2 1 0 0 0 0 0 0 2 18 0 0 0 1 0 0 0 0
3262.18 1 2 1 1 0 0 0 0 0 2 17 0 0 0 0 0 0 0 0
3291.54 0 1 1 1 1 0 0 0 0 2 18 0 0 0 0 0 0 0 0
3360.69 1 1 1 1 0 0 0 0 0 2 18 0 1 0 0 0 0 0 0
3384.06 1 2 1 1 0 0 0 0 0 2 17 0 0 0 0 0 0 0 0
3452.1 0 1 1 1 1 0 0 0 0 2 18 0 0 0 0 0 0 0 0
3485 1 1 1 1 0 0 0 0 0 2 18 0 1 0 0 0 0 0 0
3496.98 1 2 1 1 0 0 0 0 0 2 17 0 0 0 0 0 0 0 0
3553.31 0 1 1 1 1 0 0 0 0 2 18 0 0 0 0 0 0 0 0
3572.86 1 1 1 1 0 0 0 0 0 2 18 0 1 0 0 0 0 0 0
3574.31 1 2 1 1 0 0 0 0 0 2 17 0 0 0 0 0 0 0 0
3574.31 1 2 1 1 0 0 0 0 0 2 17 0 0 0 0 0 0 0 0
