0 0 0 0 0 0 0 0 0 0 0 24 3 6 3 3 0 0 0 0
0.0201656 0 1 0 0 0 0 0 0 0 0 23 3 5 3 3 0 0 0 0
0.206538 0 2 0 0 0 0 0 0 0 0 22 3 4 3 3 0 0 0 0
6.84708 0 3 0 0 0 0 0 0 0 0 21 3 3 3 3 0 0 0 0
7.68223 1 3 0 0 0 0 0 0 0 0 20 2 3 3 3 0 0 0 0
7.71641 1 3 0 1 0 0 0 0 0 0 19 2 3 3 2 0 0 0 0
8.85143 1 3 1 1 0 0 0 0 0 0 18 2 3 2 2 0 0 0 0
14.1322 2 3 1 1 0 0 0 0 0 0 17 1 3 2 2 0 0 0 0
14.405 3 3 1 1 0 0 0 0 0 0 16 0 3 2 2 0 0 0 0
14.7485 3 4 1 1 0 0 0 0 0 0 15 0 2 2 2 0 0 0 0
16.1564 3 4 1 2 0 0 0 0 0 0 14 0 2 2 1 0 0 0 0
21.2479 3 4 1 3 0 0 0 0 0 0 13 0 2 2 0 0 0 0 0
21.3527 2 3 1 3 1 0 0 0 0 0 14 0 2 2 0 0 0 0 0
30.1672 2 4 1 3 1 0 0 0 0 0 13 0 1 2 0 0 0 0 0
43.5514 2 4 2 3 1 0 0 0 0 0 12 0 1 1 0 0 0 0 0
43.8195 2 3 2 3 0 0 0 1 0 0 13 0 1 1 0 0 0 0 0
55.0249 2 3 3 3 0 0 0 1 0 0 12 0 1 0 0 0 0 0 0
55.7244 1 2 3 3 1 0 0 1 0 0 13 0 1 0 0 0 0 0 0
62.9652 1 3 3 3 1 0 0 1 0 0 12 0 0 0 0 0 0 0 0
73.675 0 2 3 3 2 0 0 1 0 0 13 0 0 0 0 0 0 0 0
92.2906 0 1 3 3 1 0 0 2 0 0 14 0 0 0 0 0 0 0 0
173.996 0 1 3 3 2 0 0 1 0 0 14 0 1 0 0 0 0 0 0
195.824 0 1 2 2 2 1 0 1 0 0 15 0 1 0 0 0 0 0 0
195.853 0 1 1 1 2 2 0 1 0 0 16 0 1 0 0 0 0 0 0
206.211 0 2 1 1 2 2 0 1 0 0 15 0 0 0 0 0 0 0 0
216.348 0 2 1 1 3 2 0 0 0 0 15 0 1 0 0 0 0 0 0
219.387 0 2 2 1 3 1 0 0 0 0 15 0 1 0 1 0 0 0 0
219.677 0 3 2 1 3 1 0 0 0 0 14 0 0 0 1 0 0 0 0
221.365 0 2 2 1 2 1 0 1 0 0 15 0 0 0 1 0 0 0 0
266.294 0 2 2 2 2 1 0 1 0 0 14 0 0 0 0 0 0 0 0
313.809 0 2 2 2 3 1 0 0 0 0 14 0 1 0 0 0 0 0 0
321.603 1 2 2 2 2 1 0 0 0 0 14 0 2 0 0 0 0 0 0
322.164 2 2 2 2 1 1 0 0 0 0 14 0 3 0 0 0 0 0 0
326.568 2 3 2 2 1 1 0 0 0 0 13 0 2 0 0 0 0 0 0
337.278 2 4 2 2 1 1 0 0 0 0 12 0 1 0 0 0 0 0 0
343.099 2 3 2 2 0 1 0 1 0 0 13 0 1 0 0 0 0 0 0
354.664 2 3 2 2 1 1 0 0 0 0 13 0 2 0 0 0 0 0 0
364.921 3 3 2 2 0 1 0 0 0 0 13 0 3 0 0 0 0 0 0
367.638 3 3 1 1 0 2 0 0 0 0 14 0 3 0 0 0 0 0 0
372.859 3 4 1 1 0 2 0 0 0 0 13 0 2 0 0 0 0 0 0
388.135 3 5 1 1 0 2 0 0 0 0 12 0 1 0 0 0 0 0 0
388.541 3 6 1 1 0 2 0 0 0 0 11 0 0 0 0 0 0 0 0
394.878 3 6 2 1 0 1 0 0 0 0 11 0 0 0 1 0 0 0 0
402.945 2 5 2 1 1 1 0 0 0 0 12 0 0 0 1 0 0 0 0
426.498 2 4 2 1 0 1 0 1 0 0 13 0 0 0 1 0 0 0 0
439.657 1 3 2 1 1 1 0 1 0 0 14 0 0 0 1 0 0 0 0
448.132 1 3 2 2 1 1 0 1 0 0 13 0 0 0 0 0 0 0 0
460.091 1 2 2 2 0 1 0 2 0 0 14 0 0 0 0 0 0 0 0
586.505 1 2 2 2 1 1 0 1 0 0 14 0 1 0 0 0 0 0 0
589.043 1 1 2 2 0 1 0 2 0 0 15 0 1 0 0 0 0 0 0
590.436 1 1 3 2 0 0 0 2 0 0 15 0 1 0 1 0 0 0 0
593.545 1 1 3 2 1 0 0 1 0 0 15 0 2 0 1 0 0 0 0
594.453 1 1 3 3 1 0 0 1 0 0 14 0 2 0 0 0 0 0 0
596.601 1 2 3 3 1 0 0 1 0 0 13 0 1 0 0 0 0 0 0
610.404 1 2 2 2 1 1 0 1 0 0 14 0 1 0 0 0 0 0 0
616.814 2 2 2 2 0 1 0 1 0 0 14 0 2 0 0 0 0 0 0
636.774 2 3 2 2 0 1 0 1 0 0 13 0 1 0 0 0 0 0 0
653.254 2 4 2 2 0 1 0 1 0 0 12 0 0 0 0 0 0 0 0
668.172 2 4 3 2 0 0 0 1 0 0 12 0 0 0 1 0 0 0 0
691.743 2 4 2 1 0 1 0 1 0 0 13 0 0 0 1 0 0 0 0
712.044 2 4 3 1 0 0 0 1 0 0 13 0 0 0 2 0 0 0 0
717.221 2 4 3 2 0 0 0 1 0 0 12 0 0 0 1 0 0 0 0
737.387 1 3 3 2 1 0 0 1 0 0 13 0 0 0 1 0 0 0 0
737.41 1 3 2 1 1 1 0 1 0 0 14 0 0 0 1 0 0 0 0
738.016 1 3 2 2 1 1 0 1 0 0 13 0 0 0 0 0 0 0 0
748.771 1 3 3 2 1 0 0 1 0 0 13 0 0 0 1 0 0 0 0
772.949 1 3 2 1 1 1 0 1 0 0 14 0 0 0 1 0 0 0 0
794.764 1 3 2 2 1 1 0 1 0 0 13 0 0 0 0 0 0 0 0
819.452 1 3 2 2 2 1 0 0 0 0 13 0 1 0 0 0 0 0 0
824.664 2 3 2 2 1 1 0 0 0 0 13 0 2 0 0 0 0 0 0
840.42 1 2 2 2 2 1 0 0 0 0 14 0 2 0 0 0 0 0 0
841.435 2 2 2 2 1 1 0 0 0 0 14 0 3 0 0 0 0 0 0
845.059 2 2 1 1 1 2 0 0 0 0 15 0 3 0 0 0 0 0 0
845.123 2 3 1 1 1 2 0 0 0 0 14 0 2 0 0 0 0 0 0
846.302 1 2 1 1 2 2 0 0 0 0 15 0 2 0 0 0 0 0 0
851.061 1 2 0 0 2 3 0 0 0 0 16 0 2 0 0 0 0 0 0
853.813 1 2 0 0 1 2 1 0 0 0 17 0 2 0 0 0 0 0 0
856.595 1 3 0 0 1 2 1 0 0 0 16 0 1 0 0 0 0 0 0
879.209 1 4 0 0 1 2 1 0 0 0 15 0 0 0 0 0 0 0 0
922.397 0 3 0 0 2 2 1 0 0 0 16 0 0 0 0 0 0 0 0
930.619 1 3 0 0 1 2 1 0 0 0 16 0 1 0 0 0 0 0 0
931.938 1 3 1 0 1 1 1 0 0 0 16 0 1 0 1 0 0 0 0
935.051 1 3 1 1 1 1 1 0 0 0 15 0 1 0 0 0 0 0 0
941.419 1 4 1 1 1 1 1 0 0 0 14 0 0 0 0 0 0 0 0
943.211 0 3 1 1 2 1 1 0 0 0 15 0 0 0 0 0 0 0 0
959.206 0 3 0 0 2 2 1 0 0 0 16 0 0 0 0 0 0 0 0
978.864 0 2 0 0 2 2 0 0 1 0 17 0 0 0 0 0 0 0 0
996.173 1 2 0 0 1 2 0 0 1 0 17 0 1 0 0 0 0 0 0
1011.35 2 2 0 0 0 2 0 0 1 0 17 0 2 0 0 0 0 0 0
1014.44 1 1 0 0 1 2 0 0 1 0 18 0 2 0 0 0 0 0 0
1021.79 2 1 0 0 0 2 0 0 1 0 18 0 3 0 0 0 0 0 0
1034.67 1 0 0 0 1 2 0 0 1 0 19 0 3 0 0 0 0 0 0
1042.04 1 1 0 0 1 2 0 0 1 0 18 0 2 0 0 0 0 0 0
1043.18 1 2 0 0 1 2 0 0 1 0 17 0 1 0 0 0 0 0 0
1050.25 1 3 0 0 1 2 0 0 1 0 16 0 0 0 0 0 0 0 0
1065.09 1 3 0 0 1 2 1 0 0 0 16 0 1 0 0 0 0 0 0
1074.02 1 2 0 0 0 2 1 1 0 0 17 0 1 0 0 0 0 0 0
1080.88 0 1 0 0 1 2 1 1 0 0 18 0 1 0 0 0 0 0 0
1092.98 0 0 0 0 0 2 1 2 0 0 19 0 1 0 0 0 0 0 0
1094.27 0 0 1 0 0 1 1 2 0 0 19 0 1 0 1 0 0 0 0
1108.51 0 0 1 0 1 1 1 1 0 0 19 0 2 0 1 0 0 0 0
1118.78 0 1 1 0 1 1 1 1 0 0 18 0 1 0 1 0 0 0 0
1128.64 0 2 1 0 1 1 1 1 0 0 17 0 0 0 1 0 0 0 0
1156.28 0 2 1 0 2 1 1 0 0 0 17 0 1 0 1 0 0 0 0
1158.7 0 2 1 1 2 1 1 0 0 0 16 0 1 0 0 0 0 0 0
1162.66 0 1 1 1 2 1 0 0 1 0 17 0 1 0 0 0 0 0 0
1205.78 0 2 1 1 2 1 0 0 1 0 16 0 0 0 0 0 0 0 0
1236.35 1 2 1 1 1 1 0 0 1 0 16 0 1 0 0 0 0 0 0
1241.56 0 1 1 1 2 1 0 0 1 0 17 0 1 0 0 0 0 0 0
1245.26 1 1 1 1 1 1 0 0 1 0 17 0 2 0 0 0 0 0 0
1246.2 2 1 1 1 0 1 0 0 1 0 17 0 3 0 0 0 0 0 0
1259.31 2 2 1 1 0 1 0 0 1 0 16 0 2 0 0 0 0 0 0
1268.78 2 3 1 1 0 1 0 0 1 0 15 0 1 0 0 0 0 0 0
1285.61 2 4 1 1 0 1 0 0 1 0 14 0 0 0 0 0 0 0 0
1290.25 1 3 1 1 1 1 0 0 1 0 15 0 0 0 0 0 0 0 0
1293.44 0 2 1 1 2 1 0 0 1 0 16 0 0 0 0 0 0 0 0
1308.13 0 2 0 0 2 2 0 0 1 0 17 0 0 0 0 0 0 0 0
1321.54 1 2 0 0 1 2 0 0 1 0 17 0 1 0 0 0 0 0 0
1330.08 1 2 1 0 1 1 0 0 1 0 17 0 1 0 1 0 0 0 0
1344.36 2 2 1 0 0 1 0 0 1 0 17 0 2 0 1 0 0 0 0
1355.3 2 2 1 1 0 1 0 0 1 0 16 0 2 0 0 0 0 0 0
1369.33 2 2 2 1 0 0 0 0 1 0 16 0 2 0 1 0 0 0 0
1372.81 2 3 2 1 0 0 0 0 1 0 15 0 1 0 1 0 0 0 0
1379.13 2 4 2 1 0 0 0 0 1 0 14 0 0 0 1 0 0 0 0
1393.57 1 3 2 1 1 0 0 0 1 0 15 0 0 0 1 0 0 0 0
1402.74 1 2 2 1 0 0 0 1 1 0 16 0 0 0 1 0 0 0 0
1419.68 1 2 2 2 0 0 0 1 1 0 15 0 0 0 0 0 0 0 0
1437.85 1 2 2 2 1 0 0 0 1 0 15 0 1 0 0 0 0 0 0
1449.14 1 3 2 2 1 0 0 0 1 0 14 0 0 0 0 0 0 0 0
1464.03 1 3 1 1 1 1 0 0 1 0 15 0 0 0 0 0 0 0 0
1499.98 1 2 1 1 0 1 0 1 1 0 16 0 0 0 0 0 0 0 0
1541.18 1 2 2 1 0 0 0 1 1 0 16 0 0 0 1 0 0 0 0
1559.47 1 2 2 2 0 0 0 1 1 0 15 0 0 0 0 0 0 0 0
1614.96 1 2 2 2 1 0 0 0 1 0 15 0 1 0 0 0 0 0 0
1648 2 2 2 2 0 0 0 0 1 0 15 0 2 0 0 0 0 0 0
1648.24 2 3 2 2 0 0 0 0 1 0 14 0 1 0 0 0 0 0 0
1671.97 1 2 2 2 1 0 0 0 1 0 15 0 1 0 0 0 0 0 0
1679.49 1 3 2 2 1 0 0 0 1 0 14 0 0 0 0 0 0 0 0
1688.29 0 2 2 2 2 0 0 0 1 0 15 0 0 0 0 0 0 0 0
1716.46 0 2 1 1 2 1 0 0 1 0 16 0 0 0 0 0 0 0 0
1731.36 1 2 1 1 1 1 0 0 1 0 16 0 1 0 0 0 0 0 0
1744.78 1 3 1 1 1 1 0 0 1 0 15 0 0 0 0 0 0 0 0
1765.6 1 3 2 1 1 0 0 0 1 0 15 0 0 0 1 0 0 0 0
1773.83 1 3 2 2 1 0 0 0 1 0 14 0 0 0 0 0 0 0 0
1776.92 0 2 2 2 2 0 0 0 1 0 15 0 0 0 0 0 0 0 0
1836.85 0 2 1 1 2 1 0 0 1 0 16 0 0 0 0 0 0 0 0
1853.81 1 2 1 1 1 1 0 0 1 0 16 0 1 0 0 0 0 0 0
1861.15 1 3 1 1 1 1 0 0 1 0 15 0 0 0 0 0 0 0 0
1862.14 2 3 1 1 0 1 0 0 1 0 15 0 1 0 0 0 0 0 0
1873.53 1 2 1 1 1 1 0 0 1 0 16 0 1 0 0 0 0 0 0
1898.38 1 2 2 1 1 0 0 0 1 0 16 0 1 0 1 0 0 0 0
1908.35 1 3 2 1 1 0 0 0 1 0 15 0 0 0 1 0 0 0 0
1912.91 1 3 2 2 1 0 0 0 1 0 14 0 0 0 0 0 0 0 0
1942.46 1 3 1 1 1 1 0 0 1 0 15 0 0 0 0 0 0 0 0
2019.21 1 2 1 1 0 1 0 1 1 0 16 0 0 0 0 0 0 0 0
2049.88 1 2 1 1 0 0 0 0 1 1 17 0 0 0 0 0 0 0 0
2302.39 1 2 0 0 0 1 0 0 1 1 18 0 0 0 0 0 0 0 0
2431.76 0 1 0 0 1 1 0 0 1 1 19 0 0 0 0 0 0 0 0
2444.41 1 1 0 0 0 1 0 0 1 1 19 0 1 0 0 0 0 0 0
2476.8 1 2 0 0 0 1 0 0 1 1 18 0 0 0 0 0 0 0 0
2502.52 0 1 0 0 1 1 0 0 1 1 19 0 0 0 0 0 0 0 0
2521.73 0 1 0 0 0 0 1 0 1 1 20 0 0 0 0 0 0 0 0
2606.23 0 0 0 0 0 0 0 0 2 1 21 0 0 0 0 0 0 0 0
2811.96 0 0 0 0 0 0 1 0 1 1 21 0 1 0 0 0 0 0 0
2815.47 0 1 0 0 0 0 1 0 1 1 20 0 0 0 0 0 0 0 0
2905.15 0 1 0 0 0 1 1 0 1 0 20 0 0 0 0 0 0 0 1
2913.06 0 1 0 0 0 1 1 1 1 0 19 0 0 0 0 0 0 0 0
2952.47 0 1 1 0 0 0 1 1 1 0 19 0 0 0 1 0 0 0 0
2957.85 0 1 1 1 0 0 1 1 1 0 18 0 0 0 0 0 0 0 0
2976.8 0 1 1 1 1 0 1 0 1 0 18 0 1 0 0 0 0 0 0
2977.4 0 0 1 1 1 0 0 0 2 0 19 0 1 0 0 0 0 0 0
3007.16 0 0 0 0 1 1 0 0 2 0 20 0 1 0 0 0 0 0 0
3010.13 1 0 0 0 0 1 0 0 2 0 20 0 2 0 0 0 0 0 0
3018.64 1 1 0 0 0 1 0 0 2 0 19 0 1 0 0 0 0 0 0
3019.37 1 2 0 0 0 1 0 0 2 0 18 0 0 0 0 0 0 0 0
3021.01 1 2 1 0 0 0 0 0 2 0 18 0 0 0 1 0 0 0 0
3025.26 1 2 1 1 0 0 0 0 2 0 17 0 0 0 0 0 0 0 0
3063.77 0 1 1 1 1 0 0 0 2 0 18 0 0 0 0 0 0 0 0
3083.7 1 1 1 1 0 0 0 0 2 0 18 0 1 0 0 0 0 0 0
3088.83 1 2 1 1 0 0 0 0 2 0 17 0 0 0 0 0 0 0 0
3151.72 0 1 1 1 1 0 0 0 2 0 18 0 0 0 0 0 0 0 0
3186.4 0 1 0 0 1 1 0 0 2 0 19 0 0 0 0 0 0 0 0
3255.1 0 1 1 0 1 0 0 0 2 0 19 0 0 0 1 0 0 0 0
3267.4 0 1 1 1 1 0 0 0 2 0 18 0 0 0 0 0 0 0 0
3314.4 0 0 1 1 0 0 0 1 2 0 19 0 0 0 0 0 0 0 0
3353.02 0 0 1 1 0 0 1 1 1 0 19 0 1 0 0 0 0 0 0
3380.42 0 1 1 1 0 0 1 1 1 0 18 0 0 0 0 0 0 0 0
3444.26 0 1 0 0 0 1 1 1 1 0 19 0 0 0 0 0 0 0 0
3623.61 0 1 0 0 1 1 1 0 1 0 19 0 1 0 0 0 0 0 0
3633.14 0 2 0 0 1 1 1 0 1 0 18 0 0 0 0 0 0 0 0
3657.61 1 2 0 0 0 1 1 0 1 0 18 0 1 0 0 0 0 0 0
3665.3 1 1 0 0 0 1 0 0 2 0 19 0 1 0 0 0 0 0 0
3666.44 1 2 0 0 0 1 0 0 2 0 18 0 0 0 0 0 0 0 0
3714.79 1 2 1 0 0 0 0 0 2 0 18 0 0 0 1 0 0 0 0
3726.05 1 2 1 1 0 0 0 0 2 0 17 0 0 0 0 0 0 0 0
3729.86 0 1 1 1 1 0 0 0 2 0 18 0 0 0 0 0 0 0 0
3754.22 1 1 1 1 0 0 0 0 2 0 18 0 1 0 0 0 0 0 0
3788.38 1 2 1 1 0 0 0 0 2 0 17 0 0 0 0 0 0 0 0
3788.38 1 2 1 1 0 0 0 0 2 0 17 0 0 0 0 0 0 0 0
