0 0 0 0 0 0 0 0 0 0 0 24 3 6 3 3 0 0 0 0
0.871666 0 1 0 0 0 0 0 0 0 0 23 3 5 3 3 0 0 0 0
3.99762 0 2 0 0 0 0 0 0 0 0 22 3 4 3 3 0 0 0 0
4.21646 0 2 1 0 0 0 0 0 0 0 21 3 4 2 3 0 0 0 0
6.40886 1 2 1 0 0 0 0 0 0 0 20 2 4 2 3 0 0 0 0
7.2079 1 3 1 0 0 0 0 0 0 0 19 2 3 2 3 0 0 0 0
11.1646 2 3 1 0 0 0 0 0 0 0 18 1 3 2 3 0 0 0 0
12.0386 2 3 2 0 0 0 0 0 0 0 17 1 3 1 3 0 0 0 0
13.4252 2 4 2 0 0 0 0 0 0 0 16 1 2 1 3 0 0 0 0
13.6089 2 4 3 0 0 0 0 0 0 0 15 1 2 0 3 0 0 0 0
14.0834 2 5 3 0 0 0 0 0 0 0 14 1 1 0 3 0 0 0 0
14.2642 2 6 3 0 0 0 0 0 0 0 13 1 0 0 3 0 0 0 0
15.7803 2 6 3 1 0 0 0 0 0 0 12 1 0 0 2 0 0 0 0
34.5586 2 6 3 2 0 0 0 0 0 0 11 1 0 0 1 0 0 0 0
35.8274 2 6 3 3 0 0 0 0 0 0 10 1 0 0 0 0 0 0 0
54.4266 1 5 3 3 1 0 0 0 0 0 11 1 0 0 0 0 0 0 0
54.4836 2 5 3 3 0 0 0 0 0 0 11 1 1 0 0 0 0 0 0
59.4571 1 4 3 3 1 0 0 0 0 0 12 1 1 0 0 0 0 0 0
76.9827 2 4 3 3 0 0 0 0 0 0 12 1 2 0 0 0 0 0 0
79.9057 3 4 3 3 0 0 0 0 0 0 11 0 2 0 0 0 0 0 0
83.6405 3 4 2 2 0 1 0 0 0 0 12 0 2 0 0 0 0 0 0
84.9199 3 5 2 2 0 1 0 0 0 0 11 0 1 0 0 0 0 0 0
93.8025 3 5 1 1 0 2 0 0 0 0 12 0 1 0 0 0 0 0 0
104.939 2 4 1 1 1 2 0 0 0 0 13 0 1 0 0 0 0 0 0
150.677 2 4 1 1 0 1 1 0 0 0 14 0 1 0 0 0 0 0 0
155.81 2 5 1 1 0 1 1 0 0 0 13 0 0 0 0 0 0 0 0
163.714 2 4 1 1 0 1 0 0 1 0 14 0 0 0 0 0 0 0 0
197.255 1 3 1 1 1 1 0 0 1 0 15 0 0 0 0 0 0 0 0
207.826 1 2 1 1 0 1 0 1 1 0 16 0 0 0 0 0 0 0 0
287.62 1 2 2 1 0 0 0 1 1 0 16 0 0 0 1 0 0 0 0
307.145 1 2 2 1 1 0 0 0 1 0 16 0 1 0 1 0 0 0 0
311.522 2 2 2 1 0 0 0 0 1 0 16 0 2 0 1 0 0 0 0
311.754 2 3 2 1 0 0 0 0 1 0 15 0 1 0 1 0 0 0 0
321.152 1 2 2 1 1 0 0 0 1 0 16 0 1 0 1 0 0 0 0
325.013 1 2 1 0 1 1 0 0 1 0 17 0 1 0 1 0 0 0 0
331.002 1 2 2 0 1 0 0 0 1 0 17 0 1 0 2 0 0 0 0
336.53 1 3 2 0 1 0 0 0 1 0 16 0 0 0 2 0 0 0 0
354.492 1 3 2 1 1 0 0 0 1 0 15 0 0 0 1 0 0 0 0
355.11 2 3 2 1 0 0 0 0 1 0 15 0 1 0 1 0 0 0 0
355.367 2 3 2 2 0 0 0 0 1 0 14 0 1 0 0 0 0 0 0
358.717 2 4 2 2 0 0 0 0 1 0 13 0 0 0 0 0 0 0 0
362.334 1 3 2 2 1 0 0 0 1 0 14 0 0 0 0 0 0 0 0
390.281 0 2 2 2 2 0 0 0 1 0 15 0 0 0 0 0 0 0 0
393.441 1 2 2 2 1 0 0 0 1 0 15 0 1 0 0 0 0 0 0
401.585 1 3 2 2 1 0 0 0 1 0 14 0 0 0 0 0 0 0 0
426.531 2 3 2 2 0 0 0 0 1 0 14 0 1 0 0 0 0 0 0
453.082 2 4 2 2 0 0 0 0 1 0 13 0 0 0 0 0 0 0 0
498.032 1 3 2 2 1 0 0 0 1 0 14 0 0 0 0 0 0 0 0
541.228 1 2 2 2 0 0 0 1 1 0 15 0 0 0 0 0 0 0 0
589.465 1 2 2 2 1 0 0 0 1 0 15 0 1 0 0 0 0 0 0
594.267 1 3 2 2 1 0 0 0 1 0 14 0 0 0 0 0 0 0 0
643.985 0 2 2 2 2 0 0 0 1 0 15 0 0 0 0 0 0 0 0
680.127 0 1 2 2 1 0 0 1 1 0 16 0 0 0 0 0 0 0 0
754.656 0 1 1 1 1 1 0 1 1 0 17 0 0 0 0 0 0 0 0
761.179 0 1 0 0 1 2 0 1 1 0 18 0 0 0 0 0 0 0 0
827.148 1 1 0 0 0 2 0 1 1 0 18 0 1 0 0 0 0 0 0
833.129 1 2 0 0 0 2 0 1 1 0 17 0 0 0 0 0 0 0 0
834.341 1 2 0 0 1 2 0 0 1 0 17 0 1 0 0 0 0 0 0
869.621 1 3 0 0 1 2 0 0 1 0 16 0 0 0 0 0 0 0 0
875.392 2 3 0 0 0 2 0 0 1 0 16 0 1 0 0 0 0 0 0
880.796 1 2 0 0 1 2 0 0 1 0 17 0 1 0 0 0 0 0 0
890.182 1 3 0 0 1 2 0 0 1 0 16 0 0 0 0 0 0 0 0
891.819 2 3 0 0 0 2 0 0 1 0 16 0 1 0 0 0 0 0 0
943.549 1 2 0 0 1 2 0 0 1 0 17 0 1 0 0 0 0 0 0
961.799 2 2 0 0 0 2 0 0 1 0 17 0 2 0 0 0 0 0 0
964.005 2 3 0 0 0 2 0 0 1 0 16 0 1 0 0 0 0 0 0
1030.84 2 4 0 0 0 2 0 0 1 0 15 0 0 0 0 0 0 0 0
1115.96 1 3 0 0 1 2 0 0 1 0 16 0 0 0 0 0 0 0 0
1154.51 0 2 0 0 2 2 0 0 1 0 17 0 0 0 0 0 0 0 0
1177.54 0 2 1 0 2 1 0 0 1 0 17 0 0 0 1 0 0 0 0
1203.09 1 2 1 0 1 1 0 0 1 0 17 0 1 0 1 0 0 0 0
1211.63 1 2 1 1 1 1 0 0 1 0 16 0 1 0 0 0 0 0 0
1242.79 2 2 1 1 0 1 0 0 1 0 16 0 2 0 0 0 0 0 0
1248.13 1 1 1 1 1 1 0 0 1 0 17 0 2 0 0 0 0 0 0
1268.32 1 1 2 1 1 0 0 0 1 0 17 0 2 0 1 0 0 0 0
1270.79 1 1 2 2 1 0 0 0 1 0 16 0 2 0 0 0 0 0 0
1281.34 1 1 1 1 1 1 0 0 1 0 17 0 2 0 0 0 0 0 0
1285.07 2 1 1 1 0 1 0 0 1 0 17 0 3 0 0 0 0 0 0
1287.44 2 2 1 1 0 1 0 0 1 0 16 0 2 0 0 0 0 0 0
1302.08 2 3 1 1 0 1 0 0 1 0 15 0 1 0 0 0 0 0 0
1302.89 1 2 1 1 1 1 0 0 1 0 16 0 1 0 0 0 0 0 0
1305.43 1 3 1 1 1 1 0 0 1 0 15 0 0 0 0 0 0 0 0
1306.94 1 3 2 1 1 0 0 0 1 0 15 0 0 0 1 0 0 0 0
1340.87 0 2 2 1 2 0 0 0 1 0 16 0 0 0 1 0 0 0 0
1341.91 1 2 2 1 1 0 0 0 1 0 16 0 1 0 1 0 0 0 0
1343.25 1 2 2 2 1 0 0 0 1 0 15 0 1 0 0 0 0 0 0
1353.82 1 2 1 1 1 1 0 0 1 0 16 0 1 0 0 0 0 0 0
1358.17 1 2 2 1 1 0 0 0 1 0 16 0 1 0 1 0 0 0 0
1363.54 2 2 2 1 0 0 0 0 1 0 16 0 2 0 1 0 0 0 0
1366.99 2 3 2 1 0 0 0 0 1 0 15 0 1 0 1 0 0 0 0
1372.02 2 4 2 1 0 0 0 0 1 0 14 0 0 0 1 0 0 0 0
1384.74 2 4 2 2 0 0 0 0 1 0 13 0 0 0 0 0 0 0 0
1403.33 1 3 2 2 1 0 0 0 1 0 14 0 0 0 0 0 0 0 0
1438 1 3 1 1 1 1 0 0 1 0 15 0 0 0 0 0 0 0 0
1442.82 1 2 1 1 0 1 0 1 1 0 16 0 0 0 0 0 0 0 0
1505.19 1 2 1 1 1 1 0 0 1 0 16 0 1 0 0 0 0 0 0
1514.52 1 3 1 1 1 1 0 0 1 0 15 0 0 0 0 0 0 0 0
1521.75 1 2 1 1 0 1 0 1 1 0 16 0 0 0 0 0 0 0 0
1528.7 1 2 1 1 1 1 0 0 1 0 16 0 1 0 0 0 0 0 0
1539.21 1 3 1 1 1 1 0 0 1 0 15 0 0 0 0 0 0 0 0
1623.91 1 3 1 1 0 0 1 0 1 0 16 0 0 0 0 0 0 0 0
1636.82 1 3 0 0 0 1 1 0 1 0 17 0 0 0 0 0 0 0 0
1657 1 2 0 0 0 1 0 0 2 0 18 0 0 0 0 0 0 0 0
1658.27 0 1 0 0 1 1 0 0 2 0 19 0 0 0 0 0 0 0 0
1667.97 1 1 0 0 0 1 0 0 2 0 19 0 1 0 0 0 0 0 0
1673.25 1 2 0 0 0 1 0 0 2 0 18 0 0 0 0 0 0 0 0
1674.56 0 1 0 0 1 1 0 0 2 0 19 0 0 0 0 0 0 0 0
1710.55 1 1 0 0 0 1 0 0 2 0 19 0 1 0 0 0 0 0 0
1732.95 1 2 0 0 0 1 0 0 2 0 18 0 0 0 0 0 0 0 0
1757.7 0 1 0 0 1 1 0 0 2 0 19 0 0 0 0 0 0 0 0
1760.85 0 1 1 0 1 0 0 0 2 0 19 0 0 0 1 0 0 0 0
1764.06 0 1 1 1 1 0 0 0 2 0 18 0 0 0 0 0 0 0 0
1772.97 1 1 1 1 0 0 0 0 2 0 18 0 1 0 0 0 0 0 0
1778.43 1 2 1 1 0 0 0 0 2 0 17 0 0 0 0 0 0 0 0
1895.34 0 1 1 1 1 0 0 0 2 0 18 0 0 0 0 0 0 0 0
1938.93 1 1 1 1 0 0 0 0 2 0 18 0 1 0 0 0 0 0 0
1953.61 0 0 1 1 1 0 0 0 2 0 19 0 1 0 0 0 0 0 0
1958.28 0 0 0 0 1 1 0 0 2 0 20 0 1 0 0 0 0 0 0
1969.48 0 1 0 0 1 1 0 0 2 0 19 0 0 0 0 0 0 0 0
2032.43 0 0 0 0 0 1 0 1 2 0 20 0 0 0 0 0 0 0 0
2080.73 0 0 0 0 1 1 0 0 2 0 20 0 1 0 0 0 0 0 0
2089.86 0 0 1 0 1 0 0 0 2 0 20 0 1 0 1 0 0 0 0
2114.46 0 0 1 1 1 0 0 0 2 0 19 0 1 0 0 0 0 0 0
2118.09 0 1 1 1 1 0 0 0 2 0 18 0 0 0 0 0 0 0 0
2166.65 1 1 1 1 0 0 0 0 2 0 18 0 1 0 0 0 0 0 0
2183.54 1 2 1 1 0 0 0 0 2 0 17 0 0 0 0 0 0 0 0
2291.95 0 1 1 1 1 0 0 0 2 0 18 0 0 0 0 0 0 0 0
2314.63 0 1 0 0 1 1 0 0 2 0 19 0 0 0 0 0 0 0 0
2322.64 1 1 0 0 0 1 0 0 2 0 19 0 1 0 0 0 0 0 0
2329.68 0 0 0 0 1 1 0 0 2 0 20 0 1 0 0 0 0 0 0
2338.34 0 1 0 0 1 1 0 0 2 0 19 0 0 0 0 0 0 0 0
2372.84 0 1 0 0 0 0 1 0 2 0 20 0 0 0 0 0 0 0 0
2817.37 0 0 0 0 0 0 0 0 3 0 21 0 0 0 0 0 0 0 0
2817.37 0 0 0 0 0 0 0 0 3 0 21 0 0 0 0 0 0 0 0
