0 0 0 0 0 0 0 0 0 0 0 24 3 6 3 3 0 0 0 0
0.0916444 0 0 0 1 0 0 0 0 0 0 23 3 6 3 2 0 0 0 0
3.31135 0 0 0 2 0 0 0 0 0 0 22 3 6 3 1 0 0 0 0
4.21573 0 1 0 2 0 0 0 0 0 0 21 3 5 3 1 0 0 0 0
4.26691 0 2 0 2 0 0 0 0 0 0 20 3 4 3 1 0 0 0 0
4.49872 1 2 0 2 0 0 0 0 0 0 19 2 4 3 1 0 0 0 0
4.56017 1 2 0 3 0 0 0 0 0 0 18 2 4 3 0 0 0 0 0
4.57806 1 3 0 3 0 0 0 0 0 0 17 2 3 3 0 0 0 0 0
4.7383 1 4 0 3 0 0 0 0 0 0 16 2 2 3 0 0 0 0 0
5.80266 1 4 1 3 0 0 0 0 0 0 15 2 2 2 0 0 0 0 0
5.92791 2 4 1 3 0 0 0 0 0 0 14 1 2 2 0 0 0 0 0
7.99244 3 4 1 3 0 0 0 0 0 0 13 0 2 2 0 0 0 0 0
10.2682 3 5 1 3 0 0 0 0 0 0 12 0 1 2 0 0 0 0 0
12.3399 3 5 2 3 0 0 0 0 0 0 11 0 1 1 0 0 0 0 0
19.4214 2 4 2 3 1 0 0 0 0 0 12 0 1 1 0 0 0 0 0
31.5507 2 3 2 3 0 0 0 1 0 0 13 0 1 1 0 0 0 0 0
33.7391 1 2 2 3 1 0 0 1 0 0 14 0 1 1 0 0 0 0 0
46.0051 1 2 3 3 1 0 0 1 0 0 13 0 1 0 0 0 0 0 0
82.9145 1 3 3 3 1 0 0 1 0 0 12 0 0 0 0 0 0 0 0
97.0477 1 3 3 3 2 0 0 0 0 0 12 0 1 0 0 0 0 0 0
107.268 1 3 2 2 2 1 0 0 0 0 13 0 1 0 0 0 0 0 0
118.835 1 2 2 2 1 1 0 1 0 0 14 0 1 0 0 0 0 0 0
136.419 1 1 2 2 0 1 0 2 0 0 15 0 1 0 0 0 0 0 0
140.17 1 1 1 1 0 2 0 2 0 0 16 0 1 0 0 0 0 0 0
142.038 1 1 1 1 1 2 0 1 0 0 16 0 2 0 0 0 0 0 0
143.432 1 2 1 1 1 2 0 1 0 0 15 0 1 0 0 0 0 0 0
148.144 1 2 2 1 1 1 0 1 0 0 15 0 1 0 1 0 0 0 0
168.903 2 2 2 1 0 1 0 1 0 0 15 0 2 0 1 0 0 0 0
169.93 2 2 2 2 0 1 0 1 0 0 14 0 2 0 0 0 0 0 0
181.08 2 2 3 2 0 0 0 1 0 0 14 0 2 0 1 0 0 0 0
181.708 2 3 3 2 0 0 0 1 0 0 13 0 1 0 1 0 0 0 0
184.681 2 4 3 2 0 0 0 1 0 0 12 0 0 0 1 0 0 0 0
189.823 2 4 3 3 0 0 0 1 0 0 11 0 0 0 0 0 0 0 0
197.489 2 4 2 2 0 1 0 1 0 0 12 0 0 0 0 0 0 0 0
202.259 2 4 2 2 1 1 0 0 0 0 12 0 1 0 0 0 0 0 0
205.817 1 3 2 2 2 1 0 0 0 0 13 0 1 0 0 0 0 0 0
219.289 1 4 2 2 2 1 0 0 0 0 12 0 0 0 0 0 0 0 0
230.708 1 3 2 2 1 1 0 1 0 0 13 0 0 0 0 0 0 0 0
253.463 0 2 2 2 2 1 0 1 0 0 14 0 0 0 0 0 0 0 0
261.009 0 2 1 1 2 2 0 1 0 0 15 0 0 0 0 0 0 0 0
267.218 1 2 1 1 1 2 0 1 0 0 15 0 1 0 0 0 0 0 0
268.671 1 1 1 1 0 2 0 2 0 0 16 0 1 0 0 0 0 0 0
270.475 1 2 1 1 0 2 0 2 0 0 15 0 0 0 0 0 0 0 0
283.548 1 2 1 1 1 2 0 1 0 0 15 0 1 0 0 0 0 0 0
286.192 1 3 1 1 1 2 0 1 0 0 14 0 0 0 0 0 0 0 0
332.054 1 3 2 1 1 1 0 1 0 0 14 0 0 0 1 0 0 0 0
344.614 1 3 2 2 1 1 0 1 0 0 13 0 0 0 0 0 0 0 0
357.414 1 3 2 2 2 1 0 0 0 0 13 0 1 0 0 0 0 0 0
360.164 0 2 2 2 3 1 0 0 0 0 14 0 1 0 0 0 0 0 0
363.458 1 2 2 2 2 1 0 0 0 0 14 0 2 0 0 0 0 0 0
363.669 2 2 2 2 1 1 0 0 0 0 14 0 3 0 0 0 0 0 0
367.816 2 2 2 2 0 0 1 0 0 0 15 0 3 0 0 0 0 0 0
377.331 2 3 2 2 0 0 1 0 0 0 14 0 2 0 0 0 0 0 0
382.793 2 4 2 2 0 0 1 0 0 0 13 0 1 0 0 0 0 0 0
383.813 1 3 2 2 1 0 1 0 0 0 14 0 1 0 0 0 0 0 0
391.007 2 3 2 2 0 0 1 0 0 0 14 0 2 0 0 0 0 0 0
399.092 2 2 2 2 0 0 0 0 1 0 15 0 2 0 0 0 0 0 0
403.831 2 2 1 1 0 1 0 0 1 0 16 0 2 0 0 0 0 0 0
416.417 1 1 1 1 1 1 0 0 1 0 17 0 2 0 0 0 0 0 0
416.462 1 1 1 1 0 0 1 0 1 0 18 0 2 0 0 0 0 0 0
417.563 0 0 1 1 1 0 1 0 1 0 19 0 2 0 0 0 0 0 0
420.237 1 0 1 1 0 0 1 0 1 0 19 0 3 0 0 0 0 0 0
422.044 1 1 1 1 0 0 1 0 1 0 18 0 2 0 0 0 0 0 0
441.965 1 2 1 1 0 0 1 0 1 0 17 0 1 0 0 0 0 0 0
474.802 1 3 1 1 0 0 1 0 1 0 16 0 0 0 0 0 0 0 0
475.241 0 2 1 1 1 0 1 0 1 0 17 0 0 0 0 0 0 0 0
526.606 1 2 1 1 0 0 1 0 1 0 17 0 1 0 0 0 0 0 0
547.775 1 3 1 1 0 0 1 0 1 0 16 0 0 0 0 0 0 0 0
583.862 1 3 1 1 0 1 0 0 1 0 16 0 0 0 0 1 0 0 0
585.976 1 3 2 1 0 0 0 0 1 0 16 0 0 0 1 1 0 0 0
586.828 1 3 2 2 0 0 0 0 1 0 15 0 0 0 0 1 0 0 0
591.466 1 3 1 1 0 1 0 0 1 0 16 0 0 0 0 1 0 0 0
596.126 1 3 1 1 1 1 0 0 1 0 15 0 0 0 0 0 0 0 0
605.313 0 2 1 1 2 1 0 0 1 0 16 0 0 0 0 0 0 0 0
614.648 1 2 1 1 1 1 0 0 1 0 16 0 1 0 0 0 0 0 0
639.243 2 2 1 1 0 1 0 0 1 0 16 0 2 0 0 0 0 0 0
643.883 2 3 1 1 0 1 0 0 1 0 15 0 1 0 0 0 0 0 0
650.834 2 3 2 1 0 0 0 0 1 0 15 0 1 0 1 0 0 0 0
690.645 2 3 2 2 0 0 0 0 1 0 14 0 1 0 0 0 0 0 0
691.591 1 2 2 2 1 0 0 0 1 0 15 0 1 0 0 0 0 0 0
698.16 1 3 2 2 1 0 0 0 1 0 14 0 0 0 0 0 0 0 0
722.432 2 3 2 2 0 0 0 0 1 0 14 0 1 0 0 0 0 0 0
735.011 2 4 2 2 0 0 0 0 1 0 13 0 0 0 0 0 0 0 0
782.03 2 4 1 1 0 1 0 0 1 0 14 0 0 0 0 0 0 0 0
803.951 1 3 1 1 1 1 0 0 1 0 15 0 0 0 0 0 0 0 0
844.931 1 2 1 1 0 1 0 1 1 0 16 0 0 0 0 0 0 0 0
871.345 1 2 1 1 1 1 0 0 1 0 16 0 1 0 0 0 0 0 0
875.417 1 1 1 1 0 1 0 1 1 0 17 0 1 0 0 0 0 0 0
893.416 1 1 1 1 1 1 0 0 1 0 17 0 2 0 0 0 0 0 0
904.36 1 2 1 1 1 1 0 0 1 0 16 0 1 0 0 0 0 0 0
904.774 2 2 1 1 0 1 0 0 1 0 16 0 2 0 0 0 0 0 0
917.659 2 3 1 1 0 1 0 0 1 0 15 0 1 0 0 0 0 0 0
935.941 2 4 1 1 0 1 0 0 1 0 14 0 0 0 0 0 0 0 0
1019.49 1 3 1 1 1 1 0 0 1 0 15 0 0 0 0 0 0 0 0
1025.44 1 3 1 1 1 1 1 0 0 0 15 0 1 0 0 0 0 0 0
1032.36 1 2 1 1 0 1 1 1 0 0 16 0 1 0 0 0 0 0 0
1033.53 1 3 1 1 0 1 1 1 0 0 15 0 0 0 0 0 0 0 0
1087.59 1 2 1 1 0 1 0 1 1 0 16 0 0 0 0 0 0 0 0
1117.62 1 2 0 0 0 2 0 1 1 0 17 0 0 0 0 0 0 0 0
1160.45 1 2 0 0 1 2 0 0 1 0 17 0 1 0 0 0 0 0 0
1174.44 2 2 0 0 0 2 0 0 1 0 17 0 2 0 0 0 0 0 0
1189.53 2 3 0 0 0 2 0 0 1 0 16 0 1 0 0 0 0 0 0
1211.65 2 4 0 0 0 2 0 0 1 0 15 0 0 0 0 0 0 0 0
1213.03 1 3 0 0 1 2 0 0 1 0 16 0 0 0 0 0 0 0 0
1234.92 1 3 0 0 0 1 1 0 1 0 17 0 0 0 0 0 0 0 0
1266.07 0 2 0 0 1 1 1 0 1 0 18 0 0 0 0 0 0 0 0
1275.15 1 2 0 0 0 1 1 0 1 0 18 0 1 0 0 0 0 0 0
1277.51 1 3 0 0 0 1 1 0 1 0 17 0 0 0 0 0 0 0 0
1293.22 1 3 0 0 0 2 0 0 1 0 17 0 0 0 0 1 0 0 0
1311.85 1 3 1 0 0 1 0 0 1 0 17 0 0 0 1 1 0 0 0
1313.12 1 3 1 0 1 1 0 0 1 0 16 0 0 0 1 0 0 0 0
1317.61 1 3 1 1 1 1 0 0 1 0 15 0 0 0 0 0 0 0 0
1326.59 2 3 1 1 0 1 0 0 1 0 15 0 1 0 0 0 0 0 0
1354.22 1 2 1 1 1 1 0 0 1 0 16 0 1 0 0 0 0 0 0
1412.06 2 2 1 1 0 1 0 0 1 0 16 0 2 0 0 0 0 0 0
1413.53 2 3 1 1 0 1 0 0 1 0 15 0 1 0 0 0 0 0 0
1419.52 1 2 1 1 1 1 0 0 1 0 16 0 1 0 0 0 0 0 0
1465.39 1 3 1 1 1 1 0 0 1 0 15 0 0 0 0 0 0 0 0
1549.94 1 3 2 1 1 0 0 0 1 0 15 0 0 0 1 0 0 0 0
1561.3 1 2 2 1 0 0 0 1 1 0 16 0 0 0 1 0 0 0 0
1588.81 1 2 2 2 0 0 0 1 1 0 15 0 0 0 0 0 0 0 0
1609.83 1 2 2 2 1 0 0 0 1 0 15 0 1 0 0 0 0 0 0
1619.71 2 2 2 2 0 0 0 0 1 0 15 0 2 0 0 0 0 0 0
1621.66 1 1 2 2 1 0 0 0 1 0 16 0 2 0 0 0 0 0 0
1632.71 1 1 1 1 1 1 0 0 1 0 17 0 2 0 0 0 0 0 0
1640.2 2 1 1 1 0 1 0 0 1 0 17 0 3 0 0 0 0 0 0
1640.44 2 1 2 1 0 0 0 0 1 0 17 0 3 0 1 0 0 0 0
1640.46 2 2 2 1 0 0 0 0 1 0 16 0 2 0 1 0 0 0 0
1641.42 2 3 2 1 0 0 0 0 1 0 15 0 1 0 1 0 0 0 0
1646.41 2 3 2 2 0 0 0 0 1 0 14 0 1 0 0 0 0 0 0
1656.24 2 3 1 1 0 1 0 0 1 0 15 0 1 0 0 0 0 0 0
1682.24 1 2 1 1 1 1 0 0 1 0 16 0 1 0 0 0 0 0 0
1688.97 1 1 1 1 0 1 0 1 1 0 17 0 1 0 0 0 0 0 0
1722.63 1 2 1 1 0 1 0 1 1 0 16 0 0 0 0 0 0 0 0
1777.45 1 2 2 1 0 0 0 1 1 0 16 0 0 0 1 0 0 0 0
1779.48 1 2 2 1 1 0 0 0 1 0 16 0 1 0 1 0 0 0 0
1789.86 1 3 2 1 1 0 0 0 1 0 15 0 0 0 1 0 0 0 0
1807.86 1 3 2 2 1 0 0 0 1 0 14 0 0 0 0 0 0 0 0
1811.66 0 2 2 2 2 0 0 0 1 0 15 0 0 0 0 0 0 0 0
1813.89 0 2 1 1 2 1 0 0 1 0 16 0 0 0 0 0 0 0 0
1836.02 0 1 1 1 1 1 0 1 1 0 17 0 0 0 0 0 0 0 0
1859.46 0 1 1 1 1 0 0 0 1 1 18 0 0 0 0 0 0 0 0
1893.65 1 1 1 1 0 0 0 0 1 1 18 0 1 0 0 0 0 0 0
1898.32 1 2 1 1 0 0 0 0 1 1 17 0 0 0 0 0 0 0 0
1965.89 0 1 1 1 1 0 0 0 1 1 18 0 0 0 0 0 0 0 0
2029.04 0 1 0 0 1 1 0 0 1 1 19 0 0 0 0 0 0 0 0
2031.01 1 1 0 0 0 1 0 0 1 1 19 0 1 0 0 0 0 0 0
2057.6 1 2 0 0 0 1 0 0 1 1 18 0 0 0 0 0 0 0 0
2091.27 0 1 0 0 1 1 0 0 1 1 19 0 0 0 0 0 0 0 0
2156.48 0 1 1 0 1 0 0 0 1 1 19 0 0 0 1 0 0 0 0
2158.36 0 0 1 0 0 0 0 1 1 1 20 0 0 0 1 0 0 0 0
2190.18 0 0 1 1 0 0 0 1 1 1 19 0 0 0 0 0 0 0 0
2251.53 0 0 1 1 1 0 0 0 1 1 19 0 1 0 0 0 0 0 0
2332.5 1 0 1 1 0 0 0 0 1 1 19 0 2 0 0 0 0 0 0
2340.07 1 1 1 1 0 0 0 0 1 1 18 0 1 0 0 0 0 0 0
2360.34 1 2 1 1 0 0 0 0 1 1 17 0 0 0 0 0 0 0 0
2524.52 1 2 0 0 0 1 0 0 1 1 18 0 0 0 0 0 0 0 0
2527.89 1 2 1 0 0 0 0 0 1 1 18 0 0 0 1 0 0 0 0
2608.03 1 2 1 1 0 0 0 0 1 1 17 0 0 0 0 0 0 0 0
2619.21 0 1 1 1 1 0 0 0 1 1 18 0 0 0 0 0 0 0 0
2683.66 0 1 0 0 1 1 0 0 1 1 19 0 0 0 0 0 0 0 0
2702.7 0 0 0 0 0 1 0 1 1 1 20 0 0 0 0 0 0 0 0
2738.09 0 0 0 0 1 1 0 0 1 1 20 0 1 0 0 0 0 0 0
2743.98 1 0 0 0 0 1 0 0 1 1 20 0 2 0 0 0 0 0 0
2765.2 1 1 0 0 0 1 0 0 1 1 19 0 1 0 0 0 0 0 0
2767.95 0 0 0 0 1 1 0 0 1 1 20 0 1 0 0 0 0 0 0
2771.53 1 0 0 0 0 1 0 0 1 1 20 0 2 0 0 0 0 0 0
2786.86 1 1 0 0 0 1 0 0 1 1 19 0 1 0 0 0 0 0 0
2800.99 1 2 0 0 0 1 0 0 1 1 18 0 0 0 0 0 0 0 0
2852.84 1 2 0 0 0 2 0 0 1 0 18 0 0 0 0 0 0 0 1
2888.54 1 2 0 0 0 2 0 1 1 0 17 0 0 0 0 0 0 0 0
2896.58 1 2 0 0 0 1 0 0 1 1 18 0 0 0 0 0 0 0 0
2936.15 1 2 1 0 0 0 0 0 1 1 18 0 0 0 1 0 0 0 0
2939.06 1 2 1 1 0 0 0 0 1 1 17 0 0 0 0 0 0 0 0
3016.21 1 2 0 0 0 1 0 0 1 1 18 0 0 0 0 0 0 0 0
3179.8 1 2 1 0 0 0 0 0 1 1 18 0 0 0 1 0 0 0 0
3183.42 1 2 1 1 0 0 0 0 1 1 17 0 0 0 0 0 0 0 0
3209.72 0 1 1 1 1 0 0 0 1 1 18 0 0 0 0 0 0 0 0
3245.81 1 1 1 1 0 0 0 0 1 1 18 0 1 0 0 0 0 0 0
3266 1 2 1 1 0 0 0 0 1 1 17 0 0 0 0 0 0 0 0
3435.38 0 1 1 1 1 0 0 0 1 1 18 0 0 0 0 0 0 0 0
3459.23 1 1 1 1 0 0 0 0 1 1 18 0 1 0 0 0 0 0 0
3485.46 1 2 1 1 0 0 0 0 1 1 17 0 0 0 0 0 0 0 0
3675.28 1 2 0 0 0 1 0 0 1 1 18 0 0 0 0 0 0 0 0
3675.28 1 2 0 0 0 1 0 0 1 1 18 0 0 0 0 0 0 0 0
