0 0 0 0 0 0 0 0 0 0 0 10 1 2 1 1 0 0 0 0
4.52189 0 1 0 0 0 0 0 0 0 0 9 1 1 1 1 0 0 0 0
5.90016 0 2 0 0 0 0 0 0 0 0 8 1 0 1 1 0 0 0 0
7.66906 1 2 0 0 0 0 0 0 0 0 7 0 0 1 1 0 0 0 0
12.7269 1 2 1 0 0 0 0 0 0 0 6 0 0 0 1 0 0 0 0
19.7034 0 1 1 0 1 0 0 0 0 0 7 0 0 0 1 0 0 0 0
20.3694 0 1 1 1 1 0 0 0 0 0 6 0 0 0 0 0 0 0 0
71.4765 0 1 0 0 1 1 0 0 0 0 7 0 0 0 0 0 0 0 0
113.597 0 0 0 0 0 1 0 1 0 0 8 0 0 0 0 0 0 0 0
137.612 0 0 0 0 1 1 0 0 0 0 8 0 1 0 0 0 0 0 0
139.991 0 1 0 0 1 1 0 0 0 0 7 0 0 0 0 0 0 0 0
181.106 1 1 0 0 0 1 0 0 0 0 7 0 1 0 0 0 0 0 0
208.095 1 2 0 0 0 1 0 0 0 0 6 0 0 0 0 0 0 0 0
217.276 0 1 0 0 1 1 0 0 0 0 7 0 0 0 0 0 0 0 0
245.44 0 1 0 0 0 0 1 0 0 0 8 0 0 0 0 0 0 0 0
261.082 0 0 0 0 0 0 0 0 1 0 9 0 0 0 0 0 0 0 0
275.024 0 0 0 0 0 0 1 0 0 0 9 0 1 0 0 0 0 0 0
276.722 0 1 0 0 0 0 1 0 0 0 8 0 0 0 0 0 0 0 0
373.002 0 0 0 0 0 0 0 0 1 0 9 0 0 0 0 0 0 0 0
396.788 0 0 0 0 0 0 1 0 0 0 9 0 1 0 0 0 0 0 0
398.371 0 1 0 0 0 0 1 0 0 0 8 0 0 0 0 0 0 0 0
424.719 0 0 0 0 0 0 0 0 1 0 9 0 0 0 0 0 0 0 0
462.394 0 0 0 0 0 0 1 0 0 0 9 0 1 0 0 0 0 0 0
484.346 0 1 0 0 0 0 1 0 0 0 8 0 0 0 0 0 0 0 0
568.524 0 0 0 0 0 0 0 0 1 0 9 0 0 0 0 0 0 0 0
613.663 0 0 0 0 0 0 1 0 0 0 9 0 1 0 0 0 0 0 0
631.957 0 1 0 0 0 0 1 0 0 0 8 0 0 0 0 0 0 0 0
645.016 0 0 0 0 0 0 0 0 1 0 9 0 0 0 0 0 0 0 0
688.533 0 0 0 0 0 0 1 0 0 0 9 0 1 0 0 0 0 0 0
716.83 0 1 0 0 0 0 1 0 0 0 8 0 0 0 0 0 0 0 0
740.648 0 0 0 0 0 0 0 0 1 0 9 0 0 0 0 0 0 0 0
743.761 0 0 0 0 0 0 1 0 0 0 9 0 1 0 0 0 0 0 0
750.02 0 1 0 0 0 0 1 0 0 0 8 0 0 0 0 0 0 0 0
785.889 0 0 0 0 0 0 0 0 1 0 9 0 0 0 0 0 0 0 0
828.743 0 0 0 0 0 0 1 0 0 0 9 0 1 0 0 0 0 0 0
848.607 0 1 0 0 0 0 1 0 0 0 8 0 0 0 0 0 0 0 0
856.411 0 0 0 0 0 0 0 0 1 0 9 0 0 0 0 0 0 0 0
860.004 0 0 0 0 0 0 1 0 0 0 9 0 1 0 0 0 0 0 0
873.083 0 0 0 0 0 1 0 0 0 0 9 0 1 0 0 1 0 0 0
876.812 0 1 0 0 0 1 0 0 0 0 8 0 0 0 0 1 0 0 0
883.74 0 1 0 0 1 1 0 0 0 0 7 0 0 0 0 0 0 0 0
903.716 1 1 0 0 0 1 0 0 0 0 7 0 1 0 0 0 0 0 0
944.84 0 0 0 0 1 1 0 0 0 0 8 0 1 0 0 0 0 0 0
945.323 1 0 0 0 0 1 0 0 0 0 8 0 2 0 0 0 0 0 0
950.374 1 0 1 0 0 0 0 0 0 0 8 0 2 0 1 0 0 0 0
951.978 1 0 1 1 0 0 0 0 0 0 7 0 2 0 0 0 0 0 0
953.634 1 1 1 1 0 0 0 0 0 0 6 0 1 0 0 0 0 0 0
970.001 1 1 0 0 0 1 0 0 0 0 7 0 1 0 0 0 0 0 0
981.296 1 2 0 0 0 1 0 0 0 0 6 0 0 0 0 0 0 0 0
982.28 0 1 0 0 1 1 0 0 0 0 7 0 0 0 0 0 0 0 0
993.505 0 1 0 0 0 0 1 0 0 0 8 0 0 0 0 0 0 0 0
1010.81 0 0 0 0 0 0 0 0 1 0 9 0 0 0 0 0 0 0 0
1018.17 0 0 0 0 0 0 1 0 0 0 9 0 1 0 0 0 0 0 0
1026.22 0 1 0 0 0 0 1 0 0 0 8 0 0 0 0 0 0 0 0
1050.85 0 1 0 0 0 1 0 0 0 0 8 0 0 0 0 1 0 0 0
1058.87 0 1 0 0 1 1 0 0 0 0 7 0 0 0 0 0 0 0 0
1065.9 1 1 0 0 0 1 0 0 0 0 7 0 1 0 0 0 0 0 0
1068.15 1 2 0 0 0 1 0 0 0 0 6 0 0 0 0 0 0 0 0
1072.53 0 1 0 0 1 1 0 0 0 0 7 0 0 0 0 0 0 0 0
1073.86 0 1 0 0 0 0 1 0 0 0 8 0 0 0 0 0 0 0 0
1086.44 0 0 0 0 0 0 0 0 1 0 9 0 0 0 0 0 0 0 0
1132.56 0 0 0 0 0 0 1 0 0 0 9 0 1 0 0 0 0 0 0
1151.04 0 1 0 0 0 0 1 0 0 0 8 0 0 0 0 0 0 0 0
1159.94 0 0 0 0 0 0 0 0 1 0 9 0 0 0 0 0 0 0 0
1269.37 0 0 0 0 0 0 1 0 0 0 9 0 1 0 0 0 0 0 0
1299.11 0 1 0 0 0 0 1 0 0 0 8 0 0 0 0 0 0 0 0
1305.23 0 0 0 0 0 0 0 0 1 0 9 0 0 0 0 0 0 0 0
1309.44 0 0 0 0 0 0 1 0 0 0 9 0 1 0 0 0 0 0 0
1322.73 0 1 0 0 0 0 1 0 0 0 8 0 0 0 0 0 0 0 0
1337.03 0 0 0 0 0 0 0 0 1 0 9 0 0 0 0 0 0 0 0
1376.58 0 0 0 0 0 0 1 0 0 0 9 0 1 0 0 0 0 0 0
1377.32 0 1 0 0 0 0 1 0 0 0 8 0 0 0 0 0 0 0 0
1378.22 0 0 0 0 0 0 0 0 1 0 9 0 0 0 0 0 0 0 0
1394.1 0 0 0 0 0 0 1 0 0 0 9 0 1 0 0 0 0 0 0
1401.91 0 1 0 0 0 0 1 0 0 0 8 0 0 0 0 0 0 0 0
1563.82 0 0 0 0 0 0 0 0 1 0 9 0 0 0 0 0 0 0 0
1631.47 0 0 0 0 0 0 1 0 0 0 9 0 1 0 0 0 0 0 0
1634.89 0 1 0 0 0 0 1 0 0 0 8 0 0 0 0 0 0 0 0
1653.42 0 0 0 0 0 0 0 0 1 0 9 0 0 0 0 0 0 0 0
1661.59 0 0 0 0 0 0 1 0 0 0 9 0 1 0 0 0 0 0 0
1674.18 0 1 0 0 0 0 1 0 0 0 8 0 0 0 0 0 0 0 0
1741.43 0 0 0 0 0 0 0 0 1 0 9 0 0 0 0 0 0 0 0
1760.03 0 0 0 0 0 0 1 0 0 0 9 0 1 0 0 0 0 0 0
1762.19 0 1 0 0 0 0 1 0 0 0 8 0 0 0 0 0 0 0 0
1800.8 0 0 0 0 0 0 0 0 1 0 9 0 0 0 0 0 0 0 0
1813.74 0 0 0 0 0 0 1 0 0 0 9 0 1 0 0 0 0 0 0
1817.08 0 1 0 0 0 0 1 0 0 0 8 0 0 0 0 0 0 0 0
1839.06 0 0 0 0 0 0 0 0 1 0 9 0 0 0 0 0 0 0 0
1874.3 0 0 0 0 0 0 1 0 0 0 9 0 1 0 0 0 0 0 0
1881.54 0 1 0 0 0 0 1 0 0 0 8 0 0 0 0 0 0 0 0
1896.64 0 0 0 0 0 0 0 0 1 0 9 0 0 0 0 0 0 0 0
1896.85 0 0 0 0 0 0 1 0 0 0 9 0 1 0 0 0 0 0 0
1899.72 0 1 0 0 0 0 1 0 0 0 8 0 0 0 0 0 0 0 0
2006.56 0 0 0 0 0 0 0 0 1 0 9 0 0 0 0 0 0 0 0
2049.7 0 0 0 0 0 0 1 0 0 0 9 0 1 0 0 0 0 0 0
2076.11 0 1 0 0 0 0 1 0 0 0 8 0 0 0 0 0 0 0 0
2093.57 0 0 0 0 0 0 0 0 1 0 9 0 0 0 0 0 0 0 0
2104.54 0 0 0 0 0 0 1 0 0 0 9 0 1 0 0 0 0 0 0
2115.1 0 1 0 0 0 0 1 0 0 0 8 0 0 0 0 0 0 0 0
2282.03 0 0 0 0 0 0 0 0 1 0 9 0 0 0 0 0 0 0 0
2387 0 0 0 0 0 0 1 0 0 0 9 0 1 0 0 0 0 0 0
2395.56 0 1 0 0 0 0 1 0 0 0 8 0 0 0 0 0 0 0 0
2453.86 0 0 0 0 0 0 0 0 1 0 9 0 0 0 0 0 0 0 0
2477.56 0 0 0 0 0 0 1 0 0 0 9 0 1 0 0 0 0 0 0
2493.16 0 1 0 0 0 0 1 0 0 0 8 0 0 0 0 0 0 0 0
2538.27 0 1 0 0 0 1 0 0 0 0 8 0 0 0 0 1 0 0 0
2546.65 0 1 0 0 1 1 0 0 0 0 7 0 0 0 0 0 0 0 0
2551.85 0 1 0 0 0 0 1 0 0 0 8 0 0 0 0 0 0 0 0
2678.94 0 0 0 0 0 0 0 0 1 0 9 0 0 0 0 0 0 0 0
2692.96 0 0 0 0 0 0 1 0 0 0 9 0 1 0 0 0 0 0 0
2697.33 0 1 0 0 0 0 1 0 0 0 8 0 0 0 0 0 0 0 0
2705.49 0 0 0 0 0 0 0 0 1 0 9 0 0 0 0 0 0 0 0
2705.83 0 0 0 0 0 0 1 0 0 0 9 0 1 0 0 0 0 0 0
2712.54 0 1 0 0 0 0 1 0 0 0 8 0 0 0 0 0 0 0 0
2865.52 0 0 0 0 0 0 0 0 1 0 9 0 0 0 0 0 0 0 0
2932.47 0 0 0 0 0 0 1 0 0 0 9 0 1 0 0 0 0 0 0
2948.42 0 1 0 0 0 0 1 0 0 0 8 0 0 0 0 0 0 0 0
2957.24 0 0 0 0 0 0 0 0 1 0 9 0 0 0 0 0 0 0 0
2973.86 0 0 0 0 0 0 1 0 0 0 9 0 1 0 0 0 0 0 0
3009.17 0 1 0 0 0 0 1 0 0 0 8 0 0 0 0 0 0 0 0
3073.38 0 0 0 0 0 0 0 0 1 0 9 0 0 0 0 0 0 0 0
3083.39 0 0 0 0 0 0 1 0 0 0 9 0 1 0 0 0 0 0 0
3086.8 0 1 0 0 0 0 1 0 0 0 8 0 0 0 0 0 0 0 0
3090.59 0 0 0 0 0 0 0 0 1 0 9 0 0 0 0 0 0 0 0
3131.64 0 0 0 0 0 0 1 0 0 0 9 0 1 0 0 0 0 0 0
3160.81 0 1 0 0 0 0 1 0 0 0 8 0 0 0 0 0 0 0 0
3219.82 0 1 0 0 0 1 0 0 0 0 8 0 0 0 0 1 0 0 0
3236.1 0 1 0 0 1 1 0 0 0 0 7 0 0 0 0 0 0 0 0
3250.94 1 1 0 0 0 1 0 0 0 0 7 0 1 0 0 0 0 0 0
3256.3 1 2 0 0 0 1 0 0 0 0 6 0 0 0 0 0 0 0 0
3282.38 0 1 0 0 1 1 0 0 0 0 7 0 0 0 0 0 0 0 0
3294.06 0 0 0 0 0 1 0 1 0 0 8 0 0 0 0 0 0 0 0
3332.4 0 0 0 0 0 0 0 0 0 1 9 0 0 0 0 0 0 0 0
3548.63 0 0 0 0 0 1 0 0 0 0 9 0 0 0 0 0 0 0 1
3554.14 0 0 1 0 0 0 0 0 0 0 9 0 0 0 1 0 0 0 1
3556.76 0 0 1 0 0 0 0 1 0 0 8 0 0 0 1 0 0 0 0
3567.16 0 0 1 1 0 0 0 1 0 0 7 0 0 0 0 0 0 0 0
3592.13 0 0 0 0 0 1 0 1 0 0 8 0 0 0 0 0 0 0 0
3598.83 0 0 0 0 0 0 0 0 0 1 9 0 0 0 0 0 0 0 0
3598.83 0 0 0 0 0 0 0 0 0 1 9 0 0 0 0 0 0 0 0
