0 0 0 0 0 0 0 0 0 0 0 10 1 2 1 1 0 0 0 0
3.81667 0 0 1 0 0 0 0 0 0 0 9 1 2 0 1 0 0 0 0
21.9368 1 0 1 0 0 0 0 0 0 0 8 0 2 0 1 0 0 0 0
22.4853 1 1 1 0 0 0 0 0 0 0 7 0 1 0 1 0 0 0 0
24.3284 1 2 1 0 0 0 0 0 0 0 6 0 0 0 1 0 0 0 0
25.5915 1 2 1 1 0 0 0 0 0 0 5 0 0 0 0 0 0 0 0
53.8057 0 1 1 1 1 0 0 0 0 0 6 0 0 0 0 0 0 0 0
67.7321 1 1 1 1 0 0 0 0 0 0 6 0 1 0 0 0 0 0 0
89.3185 1 2 1 1 0 0 0 0 0 0 5 0 0 0 0 0 0 0 0
138.89 0 1 1 1 1 0 0 0 0 0 6 0 0 0 0 0 0 0 0
139.789 0 0 1 1 0 0 0 1 0 0 7 0 0 0 0 0 0 0 0
169.827 0 0 1 1 1 0 0 0 0 0 7 0 1 0 0 0 0 0 0
180.992 0 0 0 0 1 1 0 0 0 0 8 0 1 0 0 0 0 0 0
195.958 0 1 0 0 1 1 0 0 0 0 7 0 0 0 0 0 0 0 0
196.388 1 1 0 0 0 1 0 0 0 0 7 0 1 0 0 0 0 0 0
248.661 0 0 0 0 1 1 0 0 0 0 8 0 1 0 0 0 0 0 0
251.136 1 0 0 0 0 1 0 0 0 0 8 0 2 0 0 0 0 0 0
251.586 1 1 0 0 0 1 0 0 0 0 7 0 1 0 0 0 0 0 0
262.956 1 2 0 0 0 1 0 0 0 0 6 0 0 0 0 0 0 0 0
291.797 0 1 0 0 1 1 0 0 0 0 7 0 0 0 0 0 0 0 0
362.101 0 1 0 0 0 0 1 0 0 0 8 0 0 0 0 0 0 0 0
364.099 0 0 0 0 0 0 0 0 1 0 9 0 0 0 0 0 0 0 0
377.456 0 0 0 0 0 0 1 0 0 0 9 0 1 0 0 0 0 0 0
378.359 0 1 0 0 0 0 1 0 0 0 8 0 0 0 0 0 0 0 0
425.447 0 1 0 0 0 1 0 0 0 0 8 0 0 0 0 1 0 0 0
442.924 0 1 0 0 1 1 0 0 0 0 7 0 0 0 0 0 0 0 0
456.751 1 1 0 0 0 1 0 0 0 0 7 0 1 0 0 0 0 0 0
469.947 1 2 0 0 0 1 0 0 0 0 6 0 0 0 0 0 0 0 0
479.243 0 1 0 0 1 1 0 0 0 0 7 0 0 0 0 0 0 0 0
497.137 1 1 0 0 0 1 0 0 0 0 7 0 1 0 0 0 0 0 0
532.658 1 2 0 0 0 1 0 0 0 0 6 0 0 0 0 0 0 0 0
537.503 0 1 0 0 1 1 0 0 0 0 7 0 0 0 0 0 0 0 0
549.369 1 1 0 0 0 1 0 0 0 0 7 0 1 0 0 0 0 0 0
556.484 1 2 0 0 0 1 0 0 0 0 6 0 0 0 0 0 0 0 0
570.432 0 1 0 0 1 1 0 0 0 0 7 0 0 0 0 0 0 0 0
572.797 0 0 0 0 0 1 0 1 0 0 8 0 0 0 0 0 0 0 0
576.129 0 0 0 0 1 1 0 0 0 0 8 0 1 0 0 0 0 0 0
578.573 0 1 0 0 1 1 0 0 0 0 7 0 0 0 0 0 0 0 0
602.261 1 1 0 0 0 1 0 0 0 0 7 0 1 0 0 0 0 0 0
614.98 1 2 0 0 0 1 0 0 0 0 6 0 0 0 0 0 0 0 0
625.155 0 1 0 0 1 1 0 0 0 0 7 0 0 0 0 0 0 0 0
627.841 0 1 0 0 0 0 1 0 0 0 8 0 0 0 0 0 0 0 0
721.674 0 0 0 0 0 0 0 0 1 0 9 0 0 0 0 0 0 0 0
729.535 0 0 0 0 0 0 1 0 0 0 9 0 1 0 0 0 0 0 0
735.992 0 1 0 0 0 0 1 0 0 0 8 0 0 0 0 0 0 0 0
777.813 0 0 0 0 0 0 0 0 1 0 9 0 0 0 0 0 0 0 0
801.935 0 0 0 0 0 0 1 0 0 0 9 0 1 0 0 0 0 0 0
813.596 0 1 0 0 0 0 1 0 0 0 8 0 0 0 0 0 0 0 0
818.544 0 0 0 0 0 0 0 0 1 0 9 0 0 0 0 0 0 0 0
827.505 0 0 0 0 0 0 1 0 0 0 9 0 1 0 0 0 0 0 0
833.456 0 1 0 0 0 0 1 0 0 0 8 0 0 0 0 0 0 0 0
836.103 0 0 0 0 0 0 0 0 1 0 9 0 0 0 0 0 0 0 0
861.634 0 0 0 0 0 0 1 0 0 0 9 0 1 0 0 0 0 0 0
861.94 0 1 0 0 0 0 1 0 0 0 8 0 0 0 0 0 0 0 0
910.034 0 0 0 0 0 0 0 0 1 0 9 0 0 0 0 0 0 0 0
953.936 0 0 0 0 0 0 1 0 0 0 9 0 1 0 0 0 0 0 0
957.07 0 1 0 0 0 0 1 0 0 0 8 0 0 0 0 0 0 0 0
957.429 0 1 0 0 0 1 0 0 0 0 8 0 0 0 0 1 0 0 0
975.2 0 1 0 0 1 1 0 0 0 0 7 0 0 0 0 0 0 0 0
983.525 1 1 0 0 0 1 0 0 0 0 7 0 1 0 0 0 0 0 0
984.911 1 2 0 0 0 1 0 0 0 0 6 0 0 0 0 0 0 0 0
1010.58 0 1 0 0 1 1 0 0 0 0 7 0 0 0 0 0 0 0 0
1042.16 1 1 0 0 0 1 0 0 0 0 7 0 1 0 0 0 0 0 0
1055.75 0 0 0 0 1 1 0 0 0 0 8 0 1 0 0 0 0 0 0
1062.33 0 0 0 0 0 0 1 0 0 0 9 0 1 0 0 0 0 0 0
1070.68 0 1 0 0 0 0 1 0 0 0 8 0 0 0 0 0 0 0 0
1091.67 0 0 0 0 0 0 0 0 1 0 9 0 0 0 0 0 0 0 0
1116.52 0 0 0 0 0 0 1 0 0 0 9 0 1 0 0 0 0 0 0
1145.92 0 1 0 0 0 0 1 0 0 0 8 0 0 0 0 0 0 0 0
1160.67 0 0 0 0 0 0 0 0 1 0 9 0 0 0 0 0 0 0 0
1173.15 0 0 0 0 0 0 1 0 0 0 9 0 1 0 0 0 0 0 0
1184.83 0 1 0 0 0 0 1 0 0 0 8 0 0 0 0 0 0 0 0
1342.53 0 0 0 0 0 0 0 0 1 0 9 0 0 0 0 0 0 0 0
1384.78 0 0 0 0 0 0 1 0 0 0 9 0 1 0 0 0 0 0 0
1411.31 0 1 0 0 0 0 1 0 0 0 8 0 0 0 0 0 0 0 0
1413.06 0 1 0 0 0 1 0 0 0 0 8 0 0 0 0 1 0 0 0
1415.16 0 1 0 0 1 1 0 0 0 0 7 0 0 0 0 0 0 0 0
1436.83 0 1 1 0 1 0 0 0 0 0 7 0 0 0 1 0 0 0 0
1438.04 0 1 1 1 1 0 0 0 0 0 6 0 0 0 0 0 0 0 0
1520.55 0 1 0 0 1 1 0 0 0 0 7 0 0 0 0 0 0 0 0
1531.12 0 0 0 0 0 1 0 1 0 0 8 0 0 0 0 0 0 0 0
1562.88 0 0 0 0 0 0 0 0 0 1 9 0 0 0 0 0 0 0 0
2871.23 0 0 0 0 0 1 0 0 0 0 9 0 0 0 0 0 0 0 1
2888.41 0 0 0 0 0 1 0 1 0 0 8 0 0 0 0 0 0 0 0
2938.23 0 0 0 0 1 1 0 0 0 0 8 0 1 0 0 0 0 0 0
2948.33 0 1 0 0 1 1 0 0 0 0 7 0 0 0 0 0 0 0 0
2951.5 1 1 0 0 0 1 0 0 0 0 7 0 1 0 0 0 0 0 0
2966.76 1 2 0 0 0 1 0 0 0 0 6 0 0 0 0 0 0 0 0
2968.69 0 1 0 0 1 1 0 0 0 0 7 0 0 0 0 0 0 0 0
3011.44 0 1 1 0 1 0 0 0 0 0 7 0 0 0 1 0 0 0 0
3022.12 0 0 1 0 0 0 0 1 0 0 8 0 0 0 1 0 0 0 0
3022.83 0 0 1 1 0 0 0 1 0 0 7 0 0 0 0 0 0 0 0
3065.31 0 0 0 0 0 1 0 1 0 0 8 0 0 0 0 0 0 0 0
3123.35 0 0 0 0 0 0 0 0 0 1 9 0 0 0 0 0 0 0 0
3123.35 0 0 0 0 0 0 0 0 0 1 9 0 0 0 0 0 0 0 0
