0 0 0 0 0 0 0 0 0 0 0 10 1 2 1 1 0 0 0 0
4.13198 0 0 1 0 0 0 0 0 0 0 9 1 2 0 1 0 0 0 0
5.82012 0 0 1 1 0 0 0 0 0 0 8 1 2 0 0 0 0 0 0
8.24874 1 0 1 1 0 0 0 0 0 0 7 0 2 0 0 0 0 0 0
15.2707 1 1 1 1 0 0 0 0 0 0 6 0 1 0 0 0 0 0 0
33.2117 1 2 1 1 0 0 0 0 0 0 5 0 0 0 0 0 0 0 0
35.0984 0 1 1 1 1 0 0 0 0 0 6 0 0 0 0 0 0 0 0
49.4225 0 0 1 1 0 0 0 1 0 0 7 0 0 0 0 0 0 0 0
53.6052 0 0 0 0 0 1 0 1 0 0 8 0 0 0 0 0 0 0 0
55.925 0 0 1 0 0 0 0 1 0 0 8 0 0 0 1 0 0 0 0
57.3257 0 0 1 1 0 0 0 1 0 0 7 0 0 0 0 0 0 0 0
308.223 0 0 1 1 1 0 0 0 0 0 7 0 1 0 0 0 0 0 0
333.903 0 1 1 1 1 0 0 0 0 0 6 0 0 0 0 0 0 0 0
345.39 0 0 1 1 0 0 0 1 0 0 7 0 0 0 0 0 0 0 0
452.55 0 0 0 0 0 1 0 1 0 0 8 0 0 0 0 0 0 0 0
458.665 0 0 0 0 0 0 0 0 0 1 9 0 0 0 0 0 0 0 0
458.665 0 0 0 0 0 0 0 0 0 1 9 0 0 0 0 0 0 0 0
