0 0 0 0 0 0 0 0 0 0 0 10 1 2 1 1 0 0 0 0
0.0590417 0 0 0 1 0 0 0 0 0 0 9 1 2 1 0 0 0 0 0
3.6269 1 0 0 1 0 0 0 0 0 0 8 0 2 1 0 0 0 0 0
8.68429 1 0 1 1 0 0 0 0 0 0 7 0 2 0 0 0 0 0 0
15.064 1 0 0 0 0 1 0 0 0 0 8 0 2 0 0 0 0 0 0
19.0805 1 1 0 0 0 1 0 0 0 0 7 0 1 0 0 0 0 0 0
44.5409 1 2 0 0 0 1 0 0 0 0 6 0 0 0 0 0 0 0 0
52.3376 0 1 0 0 1 1 0 0 0 0 7 0 0 0 0 0 0 0 0
71.8616 0 1 0 0 0 0 1 0 0 0 8 0 0 0 0 0 0 0 0
73.9678 0 0 0 0 0 0 0 0 1 0 9 0 0 0 0 0 0 0 0
217.19 0 0 0 0 0 0 1 0 0 0 9 0 1 0 0 0 0 0 0
218.554 0 1 0 0 0 0 1 0 0 0 8 0 0 0 0 0 0 0 0
302.467 0 0 0 0 0 0 0 0 1 0 9 0 0 0 0 0 0 0 0
306.901 0 0 0 0 0 0 1 0 0 0 9 0 1 0 0 0 0 0 0
319.208 0 1 0 0 0 0 1 0 0 0 8 0 0 0 0 0 0 0 0
393.648 0 0 0 0 0 0 0 0 1 0 9 0 0 0 0 0 0 0 0
483.883 0 0 0 0 0 0 1 0 0 0 9 0 1 0 0 0 0 0 0
492.104 0 1 0 0 0 0 1 0 0 0 8 0 0 0 0 0 0 0 0
562.248 0 0 0 0 0 0 0 0 1 0 9 0 0 0 0 0 0 0 0
598.39 0 0 0 0 0 0 1 0 0 0 9 0 1 0 0 0 0 0 0
600.351 0 1 0 0 0 0 1 0 0 0 8 0 0 0 0 0 0 0 0
610.391 0 1 0 0 0 1 0 0 0 0 8 0 0 0 0 1 0 0 0
615.319 0 1 0 0 1 1 0 0 0 0 7 0 0 0 0 0 0 0 0
626.593 0 1 1 0 1 0 0 0 0 0 7 0 0 0 1 0 0 0 0
631.988 0 1 1 1 1 0 0 0 0 0 6 0 0 0 0 0 0 0 0
639.195 0 0 1 1 0 0 0 1 0 0 7 0 0 0 0 0 0 0 0
668.481 0 0 0 0 0 1 0 1 0 0 8 0 0 0 0 0 0 0 0
679.181 0 0 1 0 0 0 0 1 0 0 8 0 0 0 1 0 0 0 0
681.641 0 0 1 1 0 0 0 1 0 0 7 0 0 0 0 0 0 0 0
693.016 0 0 0 0 0 1 0 1 0 0 8 0 0 0 0 0 0 0 0
762.949 0 0 0 0 1 1 0 0 0 0 8 0 1 0 0 0 0 0 0
766.435 0 0 0 0 0 0 1 0 0 0 9 0 1 0 0 0 0 0 0
800.675 0 1 0 0 0 0 1 0 0 0 8 0 0 0 0 0 0 0 0
835.67 0 0 0 0 0 0 0 0 1 0 9 0 0 0 0 0 0 0 0
841.393 0 0 0 0 0 0 1 0 0 0 9 0 1 0 0 0 0 0 0
844.085 0 1 0 0 0 0 1 0 0 0 8 0 0 0 0 0 0 0 0
870.074 0 0 0 0 0 0 0 0 1 0 9 0 0 0 0 0 0 0 0
887.632 0 0 0 0 0 0 1 0 0 0 9 0 1 0 0 0 0 0 0
920.366 0 1 0 0 0 0 1 0 0 0 8 0 0 0 0 0 0 0 0
1007.62 0 0 0 0 0 0 0 0 1 0 9 0 0 0 0 0 0 0 0
1027.46 0 0 0 0 0 0 1 0 0 0 9 0 1 0 0 0 0 0 0
1045.99 0 1 0 0 0 0 1 0 0 0 8 0 0 0 0 0 0 0 0
1091.06 0 0 0 0 0 0 0 0 1 0 9 0 0 0 0 0 0 0 0
1111.28 0 0 0 0 0 0 1 0 0 0 9 0 1 0 0 0 0 0 0
1121.47 0 1 0 0 0 0 1 0 0 0 8 0 0 0 0 0 0 0 0
1181.64 0 0 0 0 0 0 0 0 1 0 9 0 0 0 0 0 0 0 0
1244.85 0 0 0 0 0 0 1 0 0 0 9 0 1 0 0 0 0 0 0
1250.64 0 1 0 0 0 0 1 0 0 0 8 0 0 0 0 0 0 0 0
1251.55 0 0 0 0 0 0 0 0 1 0 9 0 0 0 0 0 0 0 0
1280.19 0 0 0 0 0 0 1 0 0 0 9 0 1 0 0 0 0 0 0
1283.14 0 1 0 0 0 0 1 0 0 0 8 0 0 0 0 0 0 0 0
1316.11 0 0 0 0 0 0 0 0 1 0 9 0 0 0 0 0 0 0 0
1326.14 0 0 0 0 0 0 1 0 0 0 9 0 1 0 0 0 0 0 0
1333.76 0 1 0 0 0 0 1 0 0 0 8 0 0 0 0 0 0 0 0
1439.39 0 0 0 0 0 0 0 0 1 0 9 0 0 0 0 0 0 0 0
1470.39 0 0 0 0 0 0 1 0 0 0 9 0 1 0 0 0 0 0 0
1479.7 0 1 0 0 0 0 1 0 0 0 8 0 0 0 0 0 0 0 0
1505.24 0 0 0 0 0 0 0 0 1 0 9 0 0 0 0 0 0 0 0
1536.05 0 0 0 0 0 0 1 0 0 0 9 0 1 0 0 0 0 0 0
1537.19 0 1 0 0 0 0 1 0 0 0 8 0 0 0 0 0 0 0 0
1589.51 0 0 0 0 0 0 0 0 1 0 9 0 0 0 0 0 0 0 0
1641.65 0 0 0 0 0 0 1 0 0 0 9 0 1 0 0 0 0 0 0
1680.1 0 1 0 0 0 0 1 0 0 0 8 0 0 0 0 0 0 0 0
1703.6 0 0 0 0 0 0 0 0 1 0 9 0 0 0 0 0 0 0 0
1711.98 0 0 0 0 0 0 1 0 0 0 9 0 1 0 0 0 0 0 0
1714.17 0 1 0 0 0 0 1 0 0 0 8 0 0 0 0 0 0 0 0
1803.89 0 0 0 0 0 0 0 0 1 0 9 0 0 0 0 0 0 0 0
1810.52 0 0 0 0 0 0 1 0 0 0 9 0 1 0 0 0 0 0 0
1823.28 0 1 0 0 0 0 1 0 0 0 8 0 0 0 0 0 0 0 0
1845.11 0 0 0 0 0 0 0 0 1 0 9 0 0 0 0 0 0 0 0
1848.77 0 0 0 0 0 0 1 0 0 0 9 0 1 0 0 0 0 0 0
1849.03 0 1 0 0 0 0 1 0 0 0 8 0 0 0 0 0 0 0 0
1880.13 0 0 0 0 0 0 0 0 1 0 9 0 0 0 0 0 0 0 0
1975.32 0 0 0 0 0 0 1 0 0 0 9 0 1 0 0 0 0 0 0
1980.83 0 1 0 0 0 0 1 0 0 0 8 0 0 0 0 0 0 0 0
2004.39 0 1 0 0 0 1 0 0 0 0 8 0 0 0 0 1 0 0 0
2032.84 0 1 0 0 1 1 0 0 0 0 7 0 0 0 0 0 0 0 0
2053 0 1 0 0 0 0 1 0 0 0 8 0 0 0 0 0 0 0 0
2082.36 0 1 0 0 0 1 0 0 0 0 8 0 0 0 0 1 0 0 0
2107.49 0 1 0 0 1 1 0 0 0 0 7 0 0 0 0 0 0 0 0
2110.51 0 1 1 0 1 0 0 0 0 0 7 0 0 0 1 0 0 0 0
2112.94 0 1 1 1 1 0 0 0 0 0 6 0 0 0 0 0 0 0 0
2143.75 0 0 1 1 0 0 0 1 0 0 7 0 0 0 0 0 0 0 0
2151.75 0 0 0 0 0 1 0 1 0 0 8 0 0 0 0 0 0 0 0
2156.05 0 0 0 0 0 0 0 0 0 1 9 0 0 0 0 0 0 0 0
3420.93 0 0 0 0 0 1 0 0 0 0 9 0 0 0 0 0 0 0 1
3431.39 0 0 0 0 0 1 0 1 0 0 8 0 0 0 0 0 0 0 0
3526.36 0 0 0 0 1 1 0 0 0 0 8 0 1 0 0 0 0 0 0
3534.77 0 0 0 0 0 0 1 0 0 0 9 0 1 0 0 0 0 0 0
3538.87 0 1 0 0 0 0 1 0 0 0 8 0 0 0 0 0 0 0 0
3734.16 0 0 0 0 0 0 0 0 1 0 9 0 0 0 0 0 0 0 0
3740.63 0 0 0 0 0 0 1 0 0 0 9 0 1 0 0 0 0 0 0
3740.64 0 1 0 0 0 0 1 0 0 0 8 0 0 0 0 0 0 0 0
3812.03 0 0 0 0 0 0 0 0 1 0 9 0 0 0 0 0 0 0 0
3812.97 0 0 0 0 0 0 1 0 0 0 9 0 1 0 0 0 0 0 0
3815.79 0 1 0 0 0 0 1 0 0 0 8 0 0 0 0 0 0 0 0
3883.9 0 0 0 0 0 0 0 0 1 0 9 0 0 0 0 0 0 0 0
3892.38 0 0 0 0 0 0 1 0 0 0 9 0 1 0 0 0 0 0 0
3916.01 0 1 0 0 0 0 1 0 0 0 8 0 0 0 0 0 0 0 0
3922.69 0 1 0 0 0 1 0 0 0 0 8 0 0 0 0 1 0 0 0
3923.38 0 1 0 0 1 1 0 0 0 0 7 0 0 0 0 0 0 0 0
3929.47 0 1 0 0 0 0 1 0 0 0 8 0 0 0 0 0 0 0 0
3957.34 0 0 0 0 0 0 0 0 1 0 9 0 0 0 0 0 0 0 0
3957.34 0 0 0 0 0 0 0 0 1 0 9 0 0 0 0 0 0 0 0
