0 0 0 0 0 0 0 0 0 0 0 10 1 2 1 1 0 0 0 0
3.17053 0 0 0 1 0 0 0 0 0 0 9 1 2 1 0 0 0 0 0
9.51324 0 1 0 1 0 0 0 0 0 0 8 1 1 1 0 0 0 0 0
9.62123 0 1 1 1 0 0 0 0 0 0 7 1 1 0 0 0 0 0 0
16.5231 1 1 1 1 0 0 0 0 0 0 6 0 1 0 0 0 0 0 0
53.1968 1 2 1 1 0 0 0 0 0 0 5 0 0 0 0 0 0 0 0
113.543 0 1 1 1 1 0 0 0 0 0 6 0 0 0 0 0 0 0 0
129.965 0 0 1 1 0 0 0 1 0 0 7 0 0 0 0 0 0 0 0
162.128 0 0 0 0 0 1 0 1 0 0 8 0 0 0 0 0 0 0 0
170.032 0 0 0 0 0 0 0 0 0 1 9 0 0 0 0 0 0 0 0
170.032 0 0 0 0 0 0 0 0 0 1 9 0 0 0 0 0 0 0 0
