0 0 0 0 0 0 0 0 0 0 0 10 1 2 1 1 0 0 0 0
1.48805 0 1 0 0 0 0 0 0 0 0 9 1 1 1 1 0 0 0 0
4.50988 0 1 1 0 0 0 0 0 0 0 8 1 1 0 1 0 0 0 0
12.0566 1 1 1 0 0 0 0 0 0 0 7 0 1 0 1 0 0 0 0
14.2202 1 2 1 0 0 0 0 0 0 0 6 0 0 0 1 0 0 0 0
28.2103 0 1 1 0 1 0 0 0 0 0 7 0 0 0 1 0 0 0 0
34.0935 0 0 1 0 0 0 0 1 0 0 8 0 0 0 1 0 0 0 0
55.6409 0 0 1 0 1 0 0 0 0 0 8 0 1 0 1 0 0 0 0
61.1644 0 0 1 1 1 0 0 0 0 0 7 0 1 0 0 0 0 0 0
63.0682 0 1 1 1 1 0 0 0 0 0 6 0 0 0 0 0 0 0 0
70.4326 0 1 0 0 1 1 0 0 0 0 7 0 0 0 0 0 0 0 0
93.841 1 1 0 0 0 1 0 0 0 0 7 0 1 0 0 0 0 0 0
95.7846 1 2 0 0 0 1 0 0 0 0 6 0 0 0 0 0 0 0 0
98.4539 0 1 0 0 1 1 0 0 0 0 7 0 0 0 0 0 0 0 0
105.679 0 0 0 0 0 1 0 1 0 0 8 0 0 0 0 0 0 0 0
110.912 0 0 0 0 0 0 0 0 0 1 9 0 0 0 0 0 0 0 0
2227.56 0 0 0 0 0 1 0 0 0 0 9 0 0 0 0 0 0 0 1
2232.5 0 0 0 0 0 1 0 1 0 0 8 0 0 0 0 0 0 0 0
2236.01 0 0 0 0 1 1 0 0 0 0 8 0 1 0 0 0 0 0 0
2251.88 0 1 0 0 1 1 0 0 0 0 7 0 0 0 0 0 0 0 0
2253.87 0 0 0 0 0 1 0 1 0 0 8 0 0 0 0 0 0 0 0
2257.17 0 0 0 0 0 0 0 0 0 1 9 0 0 0 0 0 0 0 0
2257.17 0 0 0 0 0 0 0 0 0 1 9 0 0 0 0 0 0 0 0
