0 0 0 0 0 0 0 0 0 0 0 10 1 2 1 1 0 0 0 0
2.28203 1 0 0 0 0 0 0 0 0 0 9 0 2 1 1 0 0 0 0
5.40207 1 1 0 0 0 0 0 0 0 0 8 0 1 1 1 0 0 0 0
8.5787 1 1 0 1 0 0 0 0 0 0 7 0 1 1 0 0 0 0 0
11.5864 1 1 1 1 0 0 0 0 0 0 6 0 1 0 0 0 0 0 0
36.5867 1 1 0 0 0 1 0 0 0 0 7 0 1 0 0 0 0 0 0
37.6324 1 2 0 0 0 1 0 0 0 0 6 0 0 0 0 0 0 0 0
55.9946 0 1 0 0 1 1 0 0 0 0 7 0 0 0 0 0 0 0 0
65.0022 0 0 0 0 0 1 0 1 0 0 8 0 0 0 0 0 0 0 0
109.026 0 0 0 0 0 0 0 0 0 1 9 0 0 0 0 0 0 0 0
109.026 0 0 0 0 0 0 0 0 0 1 9 0 0 0 0 0 0 0 0
