0 0 0 0 0 0 0 0 0 0 0 10 1 2 1 1 0 0 0 0
0.817785 1 0 0 0 0 0 0 0 0 0 9 0 2 1 1 0 0 0 0
3.02932 1 0 0 1 0 0 0 0 0 0 8 0 2 1 0 0 0 0 0
5.61704 1 1 0 1 0 0 0 0 0 0 7 0 1 1 0 0 0 0 0
9.79149 1 1 1 1 0 0 0 0 0 0 6 0 1 0 0 0 0 0 0
38.8908 1 2 1 1 0 0 0 0 0 0 5 0 0 0 0 0 0 0 0
58.0336 1 2 0 0 0 1 0 0 0 0 6 0 0 0 0 0 0 0 0
81.9238 0 1 0 0 1 1 0 0 0 0 7 0 0 0 0 0 0 0 0
82.0532 0 0 0 0 0 1 0 1 0 0 8 0 0 0 0 0 0 0 0
103.457 0 0 0 0 0 0 0 0 0 1 9 0 0 0 0 0 0 0 0
103.457 0 0 0 0 0 0 0 0 0 1 9 0 0 0 0 0 0 0 0
