0 0 0 0 0 0 0 0 0 0 0 10 1 2 1 1 0 0 0 0
2.66526 1 0 0 0 0 0 0 0 0 0 9 0 2 1 1 0 0 0 0
5.01181 1 1 0 0 0 0 0 0 0 0 8 0 1 1 1 0 0 0 0
5.63064 1 1 1 0 0 0 0 0 0 0 7 0 1 0 1 0 0 0 0
14.8064 1 1 1 1 0 0 0 0 0 0 6 0 1 0 0 0 0 0 0
15.9051 1 2 1 1 0 0 0 0 0 0 5 0 0 0 0 0 0 0 0
18.1714 1 2 0 0 0 1 0 0 0 0 6 0 0 0 0 0 0 0 0
39.4678 0 1 0 0 1 1 0 0 0 0 7 0 0 0 0 0 0 0 0
76.2945 0 1 0 0 0 0 1 0 0 0 8 0 0 0 0 0 0 0 0
121.946 0 0 0 0 0 0 0 0 1 0 9 0 0 0 0 0 0 0 0
130.73 0 0 0 0 0 0 1 0 0 0 9 0 1 0 0 0 0 0 0
152.449 0 1 0 0 0 0 1 0 0 0 8 0 0 0 0 0 0 0 0
203.669 0 1 0 0 0 1 0 0 0 0 8 0 0 0 0 1 0 0 0
214.458 0 1 0 0 1 1 0 0 0 0 7 0 0 0 0 0 0 0 0
255.157 1 1 0 0 0 1 0 0 0 0 7 0 1 0 0 0 0 0 0
255.471 1 2 0 0 0 1 0 0 0 0 6 0 0 0 0 0 0 0 0
303.39 0 1 0 0 1 1 0 0 0 0 7 0 0 0 0 0 0 0 0
314.751 0 0 0 0 0 1 0 1 0 0 8 0 0 0 0 0 0 0 0
346.582 0 0 0 0 0 0 0 0 0 1 9 0 0 0 0 0 0 0 0
346.582 0 0 0 0 0 0 0 0 0 1 9 0 0 0 0 0 0 0 0
