0 0 0 0 0 0 0 0 0 0 0 10 1 2 1 1 0 0 0 0
0.838167 0 1 0 0 0 0 0 0 0 0 9 1 1 1 1 0 0 0 0
1.90704 0 1 1 0 0 0 0 0 0 0 8 1 1 0 1 0 0 0 0
7.42372 1 1 1 0 0 0 0 0 0 0 7 0 1 0 1 0 0 0 0
9.14175 1 2 1 0 0 0 0 0 0 0 6 0 0 0 1 0 0 0 0
18.465 1 2 1 1 0 0 0 0 0 0 5 0 0 0 0 0 0 0 0
42.9023 1 2 0 0 0 1 0 0 0 0 6 0 0 0 0 0 0 0 0
73.9668 0 1 0 0 1 1 0 0 0 0 7 0 0 0 0 0 0 0 0
86.7994 0 1 0 0 0 0 1 0 0 0 8 0 0 0 0 0 0 0 0
91.9681 0 0 0 0 0 0 0 0 1 0 9 0 0 0 0 0 0 0 0
114.236 0 0 0 0 0 0 1 0 0 0 9 0 1 0 0 0 0 0 0
117.623 0 1 0 0 0 0 1 0 0 0 8 0 0 0 0 0 0 0 0
205.364 0 0 0 0 0 0 0 0 1 0 9 0 0 0 0 0 0 0 0
209.951 0 0 0 0 0 0 1 0 0 0 9 0 1 0 0 0 0 0 0
212.037 0 0 0 0 0 1 0 0 0 0 9 0 1 0 0 1 0 0 0
218.482 0 1 0 0 0 1 0 0 0 0 8 0 0 0 0 1 0 0 0
221.281 0 1 0 0 1 1 0 0 0 0 7 0 0 0 0 0 0 0 0
229.195 0 0 0 0 0 1 0 1 0 0 8 0 0 0 0 0 0 0 0
241.728 0 0 0 0 1 1 0 0 0 0 8 0 1 0 0 0 0 0 0
245.184 0 1 0 0 1 1 0 0 0 0 7 0 0 0 0 0 0 0 0
273.439 0 1 0 0 0 0 1 0 0 0 8 0 0 0 0 0 0 0 0
317.596 0 0 0 0 0 0 0 0 1 0 9 0 0 0 0 0 0 0 0
325.172 0 0 0 0 0 0 1 0 0 0 9 0 1 0 0 0 0 0 0
358.727 0 1 0 0 0 0 1 0 0 0 8 0 0 0 0 0 0 0 0
365.853 0 1 0 0 0 1 0 0 0 0 8 0 0 0 0 1 0 0 0
366.141 0 1 0 0 1 1 0 0 0 0 7 0 0 0 0 0 0 0 0
370.308 1 1 0 0 0 1 0 0 0 0 7 0 1 0 0 0 0 0 0
382.263 1 2 0 0 0 1 0 0 0 0 6 0 0 0 0 0 0 0 0
433.291 0 1 0 0 1 1 0 0 0 0 7 0 0 0 0 0 0 0 0
441.149 0 1 1 0 1 0 0 0 0 0 7 0 0 0 1 0 0 0 0
456.297 0 1 1 1 1 0 0 0 0 0 6 0 0 0 0 0 0 0 0
484.287 1 1 1 1 0 0 0 0 0 0 6 0 1 0 0 0 0 0 0
486 1 2 1 1 0 0 0 0 0 0 5 0 0 0 0 0 0 0 0
500.734 0 1 1 1 1 0 0 0 0 0 6 0 0 0 0 0 0 0 0
507.126 0 1 0 0 1 1 0 0 0 0 7 0 0 0 0 0 0 0 0
509.846 0 1 1 0 1 0 0 0 0 0 7 0 0 0 1 0 0 0 0
531.603 1 1 1 0 0 0 0 0 0 0 7 0 1 0 1 0 0 0 0
538.986 1 1 1 1 0 0 0 0 0 0 6 0 1 0 0 0 0 0 0
541.347 1 1 0 0 0 1 0 0 0 0 7 0 1 0 0 0 0 0 0
563.459 1 2 0 0 0 1 0 0 0 0 6 0 0 0 0 0 0 0 0
592.126 0 1 0 0 1 1 0 0 0 0 7 0 0 0 0 0 0 0 0
592.85 0 1 0 0 0 0 1 0 0 0 8 0 0 0 0 0 0 0 0
603.518 0 0 0 0 0 0 0 0 1 0 9 0 0 0 0 0 0 0 0
605.451 0 0 0 0 0 0 1 0 0 0 9 0 1 0 0 0 0 0 0
614.344 0 1 0 0 0 0 1 0 0 0 8 0 0 0 0 0 0 0 0
625.192 0 0 0 0 0 0 0 0 1 0 9 0 0 0 0 0 0 0 0
648.368 0 0 0 0 0 0 1 0 0 0 9 0 1 0 0 0 0 0 0
653.876 0 1 0 0 0 0 1 0 0 0 8 0 0 0 0 0 0 0 0
662.439 0 0 0 0 0 0 0 0 1 0 9 0 0 0 0 0 0 0 0
670.258 0 0 0 0 0 0 1 0 0 0 9 0 1 0 0 0 0 0 0
698.226 0 1 0 0 0 0 1 0 0 0 8 0 0 0 0 0 0 0 0
737.078 0 0 0 0 0 0 0 0 1 0 9 0 0 0 0 0 0 0 0
743.028 0 0 0 0 0 0 1 0 0 0 9 0 1 0 0 0 0 0 0
777.835 0 1 0 0 0 0 1 0 0 0 8 0 0 0 0 0 0 0 0
924.906 0 0 0 0 0 0 0 0 1 0 9 0 0 0 0 0 0 0 0
968.004 0 0 0 0 0 0 1 0 0 0 9 0 1 0 0 0 0 0 0
983.239 0 1 0 0 0 0 1 0 0 0 8 0 0 0 0 0 0 0 0
1031.07 0 0 0 0 0 0 0 0 1 0 9 0 0 0 0 0 0 0 0
1054.74 0 0 0 0 0 0 1 0 0 0 9 0 1 0 0 0 0 0 0
1056.13 0 1 0 0 0 0 1 0 0 0 8 0 0 0 0 0 0 0 0
1064.51 0 0 0 0 0 0 0 0 1 0 9 0 0 0 0 0 0 0 0
1085.8 0 0 0 0 0 0 1 0 0 0 9 0 1 0 0 0 0 0 0
1090.45 0 1 0 0 0 0 1 0 0 0 8 0 0 0 0 0 0 0 0
1112.85 0 0 0 0 0 0 0 0 1 0 9 0 0 0 0 0 0 0 0
1187.72 0 0 0 0 0 0 1 0 0 0 9 0 1 0 0 0 0 0 0
1188 0 1 0 0 0 0 1 0 0 0 8 0 0 0 0 0 0 0 0
1188.75 0 0 0 0 0 0 0 0 1 0 9 0 0 0 0 0 0 0 0
1224.04 0 0 0 0 0 0 1 0 0 0 9 0 1 0 0 0 0 0 0
1251.17 0 1 0 0 0 0 1 0 0 0 8 0 0 0 0 0 0 0 0
1288.9 0 0 0 0 0 0 0 0 1 0 9 0 0 0 0 0 0 0 0
1310.52 0 0 0 0 0 0 1 0 0 0 9 0 1 0 0 0 0 0 0
1320.13 0 1 0 0 0 0 1 0 0 0 8 0 0 0 0 0 0 0 0
1327.06 0 0 0 0 0 0 0 0 1 0 9 0 0 0 0 0 0 0 0
1336.86 0 0 0 0 0 0 1 0 0 0 9 0 1 0 0 0 0 0 0
1337.05 0 1 0 0 0 0 1 0 0 0 8 0 0 0 0 0 0 0 0
1408.72 0 0 0 0 0 0 0 0 1 0 9 0 0 0 0 0 0 0 0
1451.03 0 0 0 0 0 0 1 0 0 0 9 0 1 0 0 0 0 0 0
1476.08 0 1 0 0 0 0 1 0 0 0 8 0 0 0 0 0 0 0 0
1487.72 0 0 0 0 0 0 0 0 1 0 9 0 0 0 0 0 0 0 0
1520.59 0 0 0 0 0 0 1 0 0 0 9 0 1 0 0 0 0 0 0
1553.45 0 1 0 0 0 0 1 0 0 0 8 0 0 0 0 0 0 0 0
1553.66 0 0 0 0 0 0 0 0 1 0 9 0 0 0 0 0 0 0 0
1565.07 0 0 0 0 0 0 1 0 0 0 9 0 1 0 0 0 0 0 0
1567.03 0 1 0 0 0 0 1 0 0 0 8 0 0 0 0 0 0 0 0
1585.24 0 0 0 0 0 0 0 0 1 0 9 0 0 0 0 0 0 0 0
1589.77 0 0 0 0 0 0 1 0 0 0 9 0 1 0 0 0 0 0 0
1590.95 0 1 0 0 0 0 1 0 0 0 8 0 0 0 0 0 0 0 0
1597.46 0 0 0 0 0 0 0 0 1 0 9 0 0 0 0 0 0 0 0
1598.3 0 0 0 0 0 0 1 0 0 0 9 0 1 0 0 0 0 0 0
1629.72 0 1 0 0 0 0 1 0 0 0 8 0 0 0 0 0 0 0 0
1702.87 0 0 0 0 0 0 0 0 1 0 9 0 0 0 0 0 0 0 0
1711.34 0 0 0 0 0 0 1 0 0 0 9 0 1 0 0 0 0 0 0
1712.28 0 1 0 0 0 0 1 0 0 0 8 0 0 0 0 0 0 0 0
1762.24 0 0 0 0 0 0 0 0 1 0 9 0 0 0 0 0 0 0 0
1781.88 0 0 0 0 0 0 1 0 0 0 9 0 1 0 0 0 0 0 0
1788.65 0 1 0 0 0 0 1 0 0 0 8 0 0 0 0 0 0 0 0
1790.52 0 0 0 0 0 0 0 0 1 0 9 0 0 0 0 0 0 0 0
1806.63 0 0 0 0 0 0 1 0 0 0 9 0 1 0 0 0 0 0 0
1808.68 0 1 0 0 0 0 1 0 0 0 8 0 0 0 0 0 0 0 0
1847.63 0 0 0 0 0 0 0 0 1 0 9 0 0 0 0 0 0 0 0
1860.49 0 0 0 0 0 0 1 0 0 0 9 0 1 0 0 0 0 0 0
1865.55 0 1 0 0 0 0 1 0 0 0 8 0 0 0 0 0 0 0 0
1893.74 0 0 0 0 0 0 0 0 1 0 9 0 0 0 0 0 0 0 0
1931.61 0 0 0 0 0 0 1 0 0 0 9 0 1 0 0 0 0 0 0
1962.19 0 1 0 0 0 0 1 0 0 0 8 0 0 0 0 0 0 0 0
1996.96 0 0 0 0 0 0 0 0 1 0 9 0 0 0 0 0 0 0 0
2014.16 0 0 0 0 0 0 1 0 0 0 9 0 1 0 0 0 0 0 0
2018.5 0 1 0 0 0 0 1 0 0 0 8 0 0 0 0 0 0 0 0
2154.38 0 1 0 0 0 1 0 0 0 0 8 0 0 0 0 1 0 0 0
2175.17 0 1 0 0 1 1 0 0 0 0 7 0 0 0 0 0 0 0 0
2183.26 1 1 0 0 0 1 0 0 0 0 7 0 1 0 0 0 0 0 0
2203.94 1 2 0 0 0 1 0 0 0 0 6 0 0 0 0 0 0 0 0
2239.86 0 1 0 0 1 1 0 0 0 0 7 0 0 0 0 0 0 0 0
2265.45 0 1 0 0 0 0 1 0 0 0 8 0 0 0 0 0 0 0 0
2352.84 0 0 0 0 0 0 0 0 1 0 9 0 0 0 0 0 0 0 0
2375.43 0 0 0 0 0 0 1 0 0 0 9 0 1 0 0 0 0 0 0
2376.84 0 1 0 0 0 0 1 0 0 0 8 0 0 0 0 0 0 0 0
2424.42 0 0 0 0 0 0 0 0 1 0 9 0 0 0 0 0 0 0 0
2442.2 0 0 0 0 0 0 1 0 0 0 9 0 1 0 0 0 0 0 0
2443.57 0 1 0 0 0 0 1 0 0 0 8 0 0 0 0 0 0 0 0
2445.94 0 0 0 0 0 0 0 0 1 0 9 0 0 0 0 0 0 0 0
2451.3 0 0 0 0 0 0 1 0 0 0 9 0 1 0 0 0 0 0 0
2458.15 0 1 0 0 0 0 1 0 0 0 8 0 0 0 0 0 0 0 0
2458.54 0 0 0 0 0 0 0 0 1 0 9 0 0 0 0 0 0 0 0
2482.09 0 0 0 0 0 0 1 0 0 0 9 0 1 0 0 0 0 0 0
2504.04 0 1 0 0 0 0 1 0 0 0 8 0 0 0 0 0 0 0 0
2512.81 0 0 0 0 0 0 0 0 1 0 9 0 0 0 0 0 0 0 0
2526.35 0 0 0 0 0 0 1 0 0 0 9 0 1 0 0 0 0 0 0
2526.79 0 1 0 0 0 0 1 0 0 0 8 0 0 0 0 0 0 0 0
2874.26 0 0 0 0 0 0 0 0 1 0 9 0 0 0 0 0 0 0 0
2897.67 0 0 0 0 0 0 1 0 0 0 9 0 1 0 0 0 0 0 0
2899.12 0 1 0 0 0 0 1 0 0 0 8 0 0 0 0 0 0 0 0
2923.82 0 0 0 0 0 0 0 0 1 0 9 0 0 0 0 0 0 0 0
2933.7 0 0 0 0 0 0 1 0 0 0 9 0 1 0 0 0 0 0 0
2935.9 0 1 0 0 0 0 1 0 0 0 8 0 0 0 0 0 0 0 0
2949.75 0 0 0 0 0 0 0 0 1 0 9 0 0 0 0 0 0 0 0
2952.47 0 0 0 0 0 0 1 0 0 0 9 0 1 0 0 0 0 0 0
2966.13 0 1 0 0 0 0 1 0 0 0 8 0 0 0 0 0 0 0 0
3090.93 0 0 0 0 0 0 0 0 1 0 9 0 0 0 0 0 0 0 0
3091.41 0 0 0 0 0 0 1 0 0 0 9 0 1 0 0 0 0 0 0
3100.86 0 1 0 0 0 0 1 0 0 0 8 0 0 0 0 0 0 0 0
3123.83 0 0 0 0 0 0 0 0 1 0 9 0 0 0 0 0 0 0 0
3155.74 0 0 0 0 0 0 1 0 0 0 9 0 1 0 0 0 0 0 0
3171.77 0 1 0 0 0 0 1 0 0 0 8 0 0 0 0 0 0 0 0
3284.06 0 0 0 0 0 0 0 0 1 0 9 0 0 0 0 0 0 0 0
3312.2 0 0 0 0 0 0 1 0 0 0 9 0 1 0 0 0 0 0 0
3316.09 0 1 0 0 0 0 1 0 0 0 8 0 0 0 0 0 0 0 0
3322.22 0 0 0 0 0 0 0 0 1 0 9 0 0 0 0 0 0 0 0
3345.77 0 0 0 0 0 0 1 0 0 0 9 0 1 0 0 0 0 0 0
3356.3 0 1 0 0 0 0 1 0 0 0 8 0 0 0 0 0 0 0 0
3428.36 0 0 0 0 0 0 0 0 1 0 9 0 0 0 0 0 0 0 0
3545.49 0 0 0 0 0 0 1 0 0 0 9 0 1 0 0 0 0 0 0
3550.07 0 1 0 0 0 0 1 0 0 0 8 0 0 0 0 0 0 0 0
3577.36 0 0 0 0 0 0 0 0 1 0 9 0 0 0 0 0 0 0 0
3595.84 0 0 0 0 0 0 1 0 0 0 9 0 1 0 0 0 0 0 0
3612.09 0 1 0 0 0 0 1 0 0 0 8 0 0 0 0 0 0 0 0
3632.88 0 0 0 0 0 0 0 0 1 0 9 0 0 0 0 0 0 0 0
3689.1 0 0 0 0 0 0 1 0 0 0 9 0 1 0 0 0 0 0 0
3735.8 0 1 0 0 0 0 1 0 0 0 8 0 0 0 0 0 0 0 0
3791.69 0 0 0 0 0 0 0 0 1 0 9 0 0 0 0 0 0 0 0
3808.28 0 0 0 0 0 0 1 0 0 0 9 0 1 0 0 0 0 0 0
3813.29 0 1 0 0 0 0 1 0 0 0 8 0 0 0 0 0 0 0 0
3816.55 0 0 0 0 0 0 0 0 1 0 9 0 0 0 0 0 0 0 0
3837.04 0 0 0 0 0 0 1 0 0 0 9 0 1 0 0 0 0 0 0
3864.85 0 1 0 0 0 0 1 0 0 0 8 0 0 0 0 0 0 0 0
3883.03 0 0 0 0 0 0 0 0 1 0 9 0 0 0 0 0 0 0 0
3884.61 0 0 0 0 0 0 1 0 0 0 9 0 1 0 0 0 0 0 0
3895.46 0 1 0 0 0 0 1 0 0 0 8 0 0 0 0 0 0 0 0
3897.22 0 1 0 0 0 1 0 0 0 0 8 0 0 0 0 1 0 0 0
3911.11 0 1 0 0 1 1 0 0 0 0 7 0 0 0 0 0 0 0 0
3926.77 0 0 0 0 0 1 0 1 0 0 8 0 0 0 0 0 0 0 0
3948.55 0 0 0 0 1 1 0 0 0 0 8 0 1 0 0 0 0 0 0
3958.58 0 1 0 0 1 1 0 0 0 0 7 0 0 0 0 0 0 0 0
3959.23 0 0 0 0 0 1 0 1 0 0 8 0 0 0 0 0 0 0 0
3960.14 0 0 0 0 0 0 0 0 0 1 9 0 0 0 0 0 0 0 0
3960.14 0 0 0 0 0 0 0 0 0 1 9 0 0 0 0 0 0 0 0
