0 0 0 0 0 0 0 0 0 0 0 10 1 2 1 1 0 0 0 0
3.7553 0 1 0 0 0 0 0 0 0 0 9 1 1 1 1 0 0 0 0
5.42979 0 1 0 1 0 0 0 0 0 0 8 1 1 1 0 0 0 0 0
13.0503 0 2 0 1 0 0 0 0 0 0 7 1 0 1 0 0 0 0 0
16.9649 0 2 1 1 0 0 0 0 0 0 6 1 0 0 0 0 0 0 0
22.8404 1 2 1 1 0 0 0 0 0 0 5 0 0 0 0 0 0 0 0
23.9932 0 1 1 1 1 0 0 0 0 0 6 0 0 0 0 0 0 0 0
59.5059 0 1 0 0 1 1 0 0 0 0 7 0 0 0 0 0 0 0 0
59.9583 1 1 0 0 0 1 0 0 0 0 7 0 1 0 0 0 0 0 0
65.2405 1 2 0 0 0 1 0 0 0 0 6 0 0 0 0 0 0 0 0
114.348 0 1 0 0 1 1 0 0 0 0 7 0 0 0 0 0 0 0 0
125.817 0 1 0 0 0 0 1 0 0 0 8 0 0 0 0 0 0 0 0
170.945 0 0 0 0 0 0 0 0 1 0 9 0 0 0 0 0 0 0 0
257.381 0 0 0 0 0 0 1 0 0 0 9 0 1 0 0 0 0 0 0
259.359 0 1 0 0 0 0 1 0 0 0 8 0 0 0 0 0 0 0 0
302.161 0 0 0 0 0 0 0 0 1 0 9 0 0 0 0 0 0 0 0
304.188 0 0 0 0 0 0 1 0 0 0 9 0 1 0 0 0 0 0 0
313.109 0 1 0 0 0 0 1 0 0 0 8 0 0 0 0 0 0 0 0
362.762 0 0 0 0 0 0 0 0 1 0 9 0 0 0 0 0 0 0 0
367.508 0 0 0 0 0 0 1 0 0 0 9 0 1 0 0 0 0 0 0
387.348 0 1 0 0 0 0 1 0 0 0 8 0 0 0 0 0 0 0 0
397.323 0 0 0 0 0 0 0 0 1 0 9 0 0 0 0 0 0 0 0
480.083 0 0 0 0 0 0 1 0 0 0 9 0 1 0 0 0 0 0 0
496.312 0 0 0 0 0 1 0 0 0 0 9 0 1 0 0 1 0 0 0
498.298 0 0 0 0 1 1 0 0 0 0 8 0 1 0 0 0 0 0 0
501.678 0 1 0 0 1 1 0 0 0 0 7 0 0 0 0 0 0 0 0
519.391 0 1 0 0 0 0 1 0 0 0 8 0 0 0 0 0 0 0 0
526.079 0 0 0 0 0 0 0 0 1 0 9 0 0 0 0 0 0 0 0
548.255 0 0 0 0 0 0 1 0 0 0 9 0 1 0 0 0 0 0 0
578.747 0 1 0 0 0 0 1 0 0 0 8 0 0 0 0 0 0 0 0
626.998 0 0 0 0 0 0 0 0 1 0 9 0 0 0 0 0 0 0 0
648.1 0 0 0 0 0 0 1 0 0 0 9 0 1 0 0 0 0 0 0
648.894 0 1 0 0 0 0 1 0 0 0 8 0 0 0 0 0 0 0 0
662.44 0 0 0 0 0 0 0 0 1 0 9 0 0 0 0 0 0 0 0
684.053 0 0 0 0 0 0 1 0 0 0 9 0 1 0 0 0 0 0 0
706.358 0 1 0 0 0 0 1 0 0 0 8 0 0 0 0 0 0 0 0
829.604 0 1 0 0 0 1 0 0 0 0 8 0 0 0 0 1 0 0 0
833.315 0 1 0 0 1 1 0 0 0 0 7 0 0 0 0 0 0 0 0
836.248 0 1 1 0 1 0 0 0 0 0 7 0 0 0 1 0 0 0 0
853.313 0 1 1 1 1 0 0 0 0 0 6 0 0 0 0 0 0 0 0
859.28 1 1 1 1 0 0 0 0 0 0 6 0 1 0 0 0 0 0 0
871.281 0 0 1 1 1 0 0 0 0 0 7 0 1 0 0 0 0 0 0
871.664 0 0 0 0 1 1 0 0 0 0 8 0 1 0 0 0 0 0 0
873.973 0 1 0 0 1 1 0 0 0 0 7 0 0 0 0 0 0 0 0
919.801 1 1 0 0 0 1 0 0 0 0 7 0 1 0 0 0 0 0 0
922.758 1 2 0 0 0 1 0 0 0 0 6 0 0 0 0 0 0 0 0
955.295 0 1 0 0 1 1 0 0 0 0 7 0 0 0 0 0 0 0 0
962.636 0 1 0 0 0 0 1 0 0 0 8 0 0 0 0 0 0 0 0
1040.55 0 0 0 0 0 0 0 0 1 0 9 0 0 0 0 0 0 0 0
1069.95 0 0 0 0 0 0 1 0 0 0 9 0 1 0 0 0 0 0 0
1070.49 0 1 0 0 0 0 1 0 0 0 8 0 0 0 0 0 0 0 0
1123.96 0 0 0 0 0 0 0 0 1 0 9 0 0 0 0 0 0 0 0
1151.76 0 0 0 0 0 0 1 0 0 0 9 0 1 0 0 0 0 0 0
1173.25 0 1 0 0 0 0 1 0 0 0 8 0 0 0 0 0 0 0 0
1176.74 0 0 0 0 0 0 0 0 1 0 9 0 0 0 0 0 0 0 0
1185.36 0 0 0 0 0 0 1 0 0 0 9 0 1 0 0 0 0 0 0
1210.07 0 1 0 0 0 0 1 0 0 0 8 0 0 0 0 0 0 0 0
1225.3 0 0 0 0 0 0 0 0 1 0 9 0 0 0 0 0 0 0 0
1274.38 0 0 0 0 0 0 1 0 0 0 9 0 1 0 0 0 0 0 0
1281.77 0 1 0 0 0 0 1 0 0 0 8 0 0 0 0 0 0 0 0
1341.91 0 0 0 0 0 0 0 0 1 0 9 0 0 0 0 0 0 0 0
1355.3 0 0 0 0 0 0 1 0 0 0 9 0 1 0 0 0 0 0 0
1363 0 1 0 0 0 0 1 0 0 0 8 0 0 0 0 0 0 0 0
1384.74 0 0 0 0 0 0 0 0 1 0 9 0 0 0 0 0 0 0 0
1397.79 0 0 0 0 0 0 1 0 0 0 9 0 1 0 0 0 0 0 0
1410.79 0 1 0 0 0 0 1 0 0 0 8 0 0 0 0 0 0 0 0
1442.83 0 0 0 0 0 0 0 0 1 0 9 0 0 0 0 0 0 0 0
1458.12 0 0 0 0 0 0 1 0 0 0 9 0 1 0 0 0 0 0 0
1463.97 0 1 0 0 0 0 1 0 0 0 8 0 0 0 0 0 0 0 0
1559.94 0 0 0 0 0 0 0 0 1 0 9 0 0 0 0 0 0 0 0
1701.42 0 0 0 0 0 0 1 0 0 0 9 0 1 0 0 0 0 0 0
1722.61 0 1 0 0 0 0 1 0 0 0 8 0 0 0 0 0 0 0 0
1726.9 0 0 0 0 0 0 0 0 1 0 9 0 0 0 0 0 0 0 0
1784.4 0 0 0 0 0 0 1 0 0 0 9 0 1 0 0 0 0 0 0
1797.81 0 1 0 0 0 0 1 0 0 0 8 0 0 0 0 0 0 0 0
1841.22 0 0 0 0 0 0 0 0 1 0 9 0 0 0 0 0 0 0 0
1845.46 0 0 0 0 0 0 1 0 0 0 9 0 1 0 0 0 0 0 0
1845.74 0 1 0 0 0 0 1 0 0 0 8 0 0 0 0 0 0 0 0
1899.16 0 0 0 0 0 0 0 0 1 0 9 0 0 0 0 0 0 0 0
1899.88 0 0 0 0 0 0 1 0 0 0 9 0 1 0 0 0 0 0 0
1906.01 0 1 0 0 0 0 1 0 0 0 8 0 0 0 0 0 0 0 0
1932.78 0 0 0 0 0 0 0 0 1 0 9 0 0 0 0 0 0 0 0
1938.51 0 0 0 0 0 0 1 0 0 0 9 0 1 0 0 0 0 0 0
1939.68 0 1 0 0 0 0 1 0 0 0 8 0 0 0 0 0 0 0 0
1945.93 0 1 0 0 0 1 0 0 0 0 8 0 0 0 0 1 0 0 0
1947.31 0 1 0 0 1 1 0 0 0 0 7 0 0 0 0 0 0 0 0
1949.92 0 1 0 0 0 0 1 0 0 0 8 0 0 0 0 0 0 0 0
1951.09 0 0 0 0 0 0 0 0 1 0 9 0 0 0 0 0 0 0 0
1956.45 0 0 0 0 0 0 1 0 0 0 9 0 1 0 0 0 0 0 0
1958.01 0 1 0 0 0 0 1 0 0 0 8 0 0 0 0 0 0 0 0
1969.73 0 0 0 0 0 0 0 0 1 0 9 0 0 0 0 0 0 0 0
1983.93 0 0 0 0 0 0 1 0 0 0 9 0 1 0 0 0 0 0 0
1999.44 0 1 0 0 0 0 1 0 0 0 8 0 0 0 0 0 0 0 0
2000.7 0 0 0 0 0 0 0 0 1 0 9 0 0 0 0 0 0 0 0
2053.73 0 0 0 0 0 0 1 0 0 0 9 0 1 0 0 0 0 0 0
2062.17 0 1 0 0 0 0 1 0 0 0 8 0 0 0 0 0 0 0 0
2129.13 0 1 0 0 0 1 0 0 0 0 8 0 0 0 0 1 0 0 0
2132.35 0 1 1 0 0 0 0 0 0 0 8 0 0 0 1 1 0 0 0
2145.67 0 1 1 0 1 0 0 0 0 0 7 0 0 0 1 0 0 0 0
2153.48 0 1 1 1 1 0 0 0 0 0 6 0 0 0 0 0 0 0 0
2161.67 0 1 0 0 1 1 0 0 0 0 7 0 0 0 0 0 0 0 0
2164.42 0 0 0 0 0 1 0 1 0 0 8 0 0 0 0 0 0 0 0
2194.81 0 0 0 0 1 1 0 0 0 0 8 0 1 0 0 0 0 0 0
2205.85 1 0 0 0 0 1 0 0 0 0 8 0 2 0 0 0 0 0 0
2206.2 1 1 0 0 0 1 0 0 0 0 7 0 1 0 0 0 0 0 0
2219.31 1 2 0 0 0 1 0 0 0 0 6 0 0 0 0 0 0 0 0
2243.14 1 2 1 0 0 0 0 0 0 0 6 0 0 0 1 0 0 0 0
2254.08 1 2 1 1 0 0 0 0 0 0 5 0 0 0 0 0 0 0 0
2265.97 0 1 1 1 1 0 0 0 0 0 6 0 0 0 0 0 0 0 0
2318.88 1 1 1 1 0 0 0 0 0 0 6 0 1 0 0 0 0 0 0
2332.67 1 2 1 1 0 0 0 0 0 0 5 0 0 0 0 0 0 0 0
2348.45 0 1 1 1 1 0 0 0 0 0 6 0 0 0 0 0 0 0 0
2362.17 0 1 0 0 1 1 0 0 0 0 7 0 0 0 0 0 0 0 0
2373.96 1 1 0 0 0 1 0 0 0 0 7 0 1 0 0 0 0 0 0
2376.47 1 2 0 0 0 1 0 0 0 0 6 0 0 0 0 0 0 0 0
2389.09 0 1 0 0 1 1 0 0 0 0 7 0 0 0 0 0 0 0 0
2413.31 0 0 0 0 0 1 0 1 0 0 8 0 0 0 0 0 0 0 0
2416.05 0 0 1 0 0 0 0 1 0 0 8 0 0 0 1 0 0 0 0
2432.65 0 0 1 1 0 0 0 1 0 0 7 0 0 0 0 0 0 0 0
2444.35 0 0 0 0 0 1 0 1 0 0 8 0 0 0 0 0 0 0 0
2481.07 0 0 0 0 1 1 0 0 0 0 8 0 1 0 0 0 0 0 0
2482.29 0 1 0 0 1 1 0 0 0 0 7 0 0 0 0 0 0 0 0
2484.45 0 1 0 0 0 0 1 0 0 0 8 0 0 0 0 0 0 0 0
2572.43 0 0 0 0 0 0 0 0 1 0 9 0 0 0 0 0 0 0 0
2594.36 0 0 0 0 0 0 1 0 0 0 9 0 1 0 0 0 0 0 0
2627.8 0 1 0 0 0 0 1 0 0 0 8 0 0 0 0 0 0 0 0
2644.57 0 0 0 0 0 0 0 0 1 0 9 0 0 0 0 0 0 0 0
2695.76 0 0 0 0 0 0 1 0 0 0 9 0 1 0 0 0 0 0 0
2701.53 0 1 0 0 0 0 1 0 0 0 8 0 0 0 0 0 0 0 0
2715.5 0 0 0 0 0 0 0 0 1 0 9 0 0 0 0 0 0 0 0
2731.48 0 0 0 0 0 0 1 0 0 0 9 0 1 0 0 0 0 0 0
2734.26 0 1 0 0 0 0 1 0 0 0 8 0 0 0 0 0 0 0 0
2751.4 0 0 0 0 0 0 0 0 1 0 9 0 0 0 0 0 0 0 0
2781.4 0 0 0 0 0 0 1 0 0 0 9 0 1 0 0 0 0 0 0
2783.49 0 1 0 0 0 0 1 0 0 0 8 0 0 0 0 0 0 0 0
2919.15 0 0 0 0 0 0 0 0 1 0 9 0 0 0 0 0 0 0 0
3002.14 0 0 0 0 0 0 1 0 0 0 9 0 1 0 0 0 0 0 0
3006.58 0 1 0 0 0 0 1 0 0 0 8 0 0 0 0 0 0 0 0
3112.22 0 0 0 0 0 0 0 0 1 0 9 0 0 0 0 0 0 0 0
3147.39 0 0 0 0 0 0 1 0 0 0 9 0 1 0 0 0 0 0 0
3147.85 0 1 0 0 0 0 1 0 0 0 8 0 0 0 0 0 0 0 0
3199.33 0 0 0 0 0 0 0 0 1 0 9 0 0 0 0 0 0 0 0
3206.74 0 0 0 0 0 0 1 0 0 0 9 0 1 0 0 0 0 0 0
3209.39 0 1 0 0 0 0 1 0 0 0 8 0 0 0 0 0 0 0 0
3288.89 0 0 0 0 0 0 0 0 1 0 9 0 0 0 0 0 0 0 0
3299.54 0 0 0 0 0 0 1 0 0 0 9 0 1 0 0 0 0 0 0
3302.32 0 1 0 0 0 0 1 0 0 0 8 0 0 0 0 0 0 0 0
3326.77 0 0 0 0 0 0 0 0 1 0 9 0 0 0 0 0 0 0 0
3387.71 0 0 0 0 0 0 1 0 0 0 9 0 1 0 0 0 0 0 0
3399.56 0 1 0 0 0 0 1 0 0 0 8 0 0 0 0 0 0 0 0
3575.27 0 0 0 0 0 0 0 0 1 0 9 0 0 0 0 0 0 0 0
3693.67 0 0 0 0 0 0 1 0 0 0 9 0 1 0 0 0 0 0 0
3707.71 0 1 0 0 0 0 1 0 0 0 8 0 0 0 0 0 0 0 0
3871.16 0 0 0 0 0 0 0 0 1 0 9 0 0 0 0 0 0 0 0
3895.5 0 0 0 0 0 0 1 0 0 0 9 0 1 0 0 0 0 0 0
3896.51 0 1 0 0 0 0 1 0 0 0 8 0 0 0 0 0 0 0 0
3912.58 0 0 0 0 0 0 0 0 1 0 9 0 0 0 0 0 0 0 0
3912.58 0 0 0 0 0 0 0 0 1 0 9 0 0 0 0 0 0 0 0
