0 0 0 0 0 0 0 0 0 0 0 10 1 2 1 1 0 0 0 0
3.21009 0 1 0 0 0 0 0 0 0 0 9 1 1 1 1 0 0 0 0
9.44935 0 1 1 0 0 0 0 0 0 0 8 1 1 0 1 0 0 0 0
15.265 1 1 1 0 0 0 0 0 0 0 7 0 1 0 1 0 0 0 0
17.9171 1 2 1 0 0 0 0 0 0 0 6 0 0 0 1 0 0 0 0
32.0177 1 2 1 1 0 0 0 0 0 0 5 0 0 0 0 0 0 0 0
38.1473 1 2 0 0 0 1 0 0 0 0 6 0 0 0 0 0 0 0 0
40.7031 0 1 0 0 1 1 0 0 0 0 7 0 0 0 0 0 0 0 0
65.4035 0 0 0 0 0 1 0 1 0 0 8 0 0 0 0 0 0 0 0
66.4361 0 0 1 0 0 0 0 1 0 0 8 0 0 0 1 0 0 0 0
67.7299 0 0 1 1 0 0 0 1 0 0 7 0 0 0 0 0 0 0 0
126.074 0 0 0 0 0 1 0 1 0 0 8 0 0 0 0 0 0 0 0
171.499 0 0 1 0 0 0 0 1 0 0 8 0 0 0 1 0 0 0 0
173.912 0 0 1 1 0 0 0 1 0 0 7 0 0 0 0 0 0 0 0
177.004 0 0 1 1 1 0 0 0 0 0 7 0 1 0 0 0 0 0 0
184.898 0 0 0 0 1 1 0 0 0 0 8 0 1 0 0 0 0 0 0
202.795 0 1 0 0 1 1 0 0 0 0 7 0 0 0 0 0 0 0 0
226.09 0 1 0 0 0 0 1 0 0 0 8 0 0 0 0 0 0 0 0
320.023 0 0 0 0 0 0 0 0 1 0 9 0 0 0 0 0 0 0 0
363.866 0 0 0 0 0 0 1 0 0 0 9 0 1 0 0 0 0 0 0
419.383 0 1 0 0 0 0 1 0 0 0 8 0 0 0 0 0 0 0 0
447.49 0 0 0 0 0 0 0 0 1 0 9 0 0 0 0 0 0 0 0
472.333 0 0 0 0 0 0 1 0 0 0 9 0 1 0 0 0 0 0 0
473.702 0 1 0 0 0 0 1 0 0 0 8 0 0 0 0 0 0 0 0
479.631 0 0 0 0 0 0 0 0 1 0 9 0 0 0 0 0 0 0 0
518.414 0 0 0 0 0 0 1 0 0 0 9 0 1 0 0 0 0 0 0
529.748 0 1 0 0 0 0 1 0 0 0 8 0 0 0 0 0 0 0 0
531.384 0 0 0 0 0 0 0 0 1 0 9 0 0 0 0 0 0 0 0
601.772 0 0 0 0 0 0 1 0 0 0 9 0 1 0 0 0 0 0 0
617.92 0 0 0 0 0 1 0 0 0 0 9 0 1 0 0 1 0 0 0
619.349 0 0 0 0 1 1 0 0 0 0 8 0 1 0 0 0 0 0 0
642.539 0 1 0 0 1 1 0 0 0 0 7 0 0 0 0 0 0 0 0
666.665 0 0 0 0 0 1 0 1 0 0 8 0 0 0 0 0 0 0 0
741.366 0 0 0 0 0 0 0 0 0 1 9 0 0 0 0 0 0 0 0
2664.79 0 0 0 0 0 1 0 0 0 0 9 0 0 0 0 0 0 0 1
2688.02 0 0 0 0 0 1 0 1 0 0 8 0 0 0 0 0 0 0 0
2695.08 0 0 1 0 0 0 0 1 0 0 8 0 0 0 1 0 0 0 0
2703.07 0 0 1 1 0 0 0 1 0 0 7 0 0 0 0 0 0 0 0
2846.9 0 0 0 0 0 1 0 1 0 0 8 0 0 0 0 0 0 0 0
2850.61 0 0 0 0 1 1 0 0 0 0 8 0 1 0 0 0 0 0 0
2863.65 1 0 0 0 0 1 0 0 0 0 8 0 2 0 0 0 0 0 0
2866.2 1 1 0 0 0 1 0 0 0 0 7 0 1 0 0 0 0 0 0
2871.16 1 2 0 0 0 1 0 0 0 0 6 0 0 0 0 0 0 0 0
2938.63 0 1 0 0 1 1 0 0 0 0 7 0 0 0 0 0 0 0 0
2955.11 0 1 0 0 0 0 1 0 0 0 8 0 0 0 0 0 0 0 0
2969.17 0 0 0 0 0 0 0 0 1 0 9 0 0 0 0 0 0 0 0
2973.21 0 0 0 0 0 0 1 0 0 0 9 0 1 0 0 0 0 0 0
2973.35 0 1 0 0 0 0 1 0 0 0 8 0 0 0 0 0 0 0 0
3088.51 0 0 0 0 0 0 0 0 1 0 9 0 0 0 0 0 0 0 0
3112.91 0 0 0 0 0 0 1 0 0 0 9 0 1 0 0 0 0 0 0
3123.89 0 1 0 0 0 0 1 0 0 0 8 0 0 0 0 0 0 0 0
3144.36 0 0 0 0 0 0 0 0 1 0 9 0 0 0 0 0 0 0 0
3200.76 0 0 0 0 0 0 1 0 0 0 9 0 1 0 0 0 0 0 0
3212.44 0 1 0 0 0 0 1 0 0 0 8 0 0 0 0 0 0 0 0
3246.44 0 0 0 0 0 0 0 0 1 0 9 0 0 0 0 0 0 0 0
3333.93 0 0 0 0 0 0 1 0 0 0 9 0 1 0 0 0 0 0 0
3345 0 1 0 0 0 0 1 0 0 0 8 0 0 0 0 0 0 0 0
3421.56 0 1 0 0 0 1 0 0 0 0 8 0 0 0 0 1 0 0 0
3434.78 0 1 0 0 1 1 0 0 0 0 7 0 0 0 0 0 0 0 0
3441.67 1 1 0 0 0 1 0 0 0 0 7 0 1 0 0 0 0 0 0
3449.51 1 2 0 0 0 1 0 0 0 0 6 0 0 0 0 0 0 0 0
3454.37 0 1 0 0 1 1 0 0 0 0 7 0 0 0 0 0 0 0 0
3485.86 1 1 0 0 0 1 0 0 0 0 7 0 1 0 0 0 0 0 0
3494.14 1 1 1 0 0 0 0 0 0 0 7 0 1 0 1 0 0 0 0
3495.27 1 1 1 1 0 0 0 0 0 0 6 0 1 0 0 0 0 0 0
3523.94 0 0 1 1 1 0 0 0 0 0 7 0 1 0 0 0 0 0 0
3531.64 0 1 1 1 1 0 0 0 0 0 6 0 0 0 0 0 0 0 0
3554.17 0 0 1 1 0 0 0 1 0 0 7 0 0 0 0 0 0 0 0
3563.25 0 0 0 0 0 1 0 1 0 0 8 0 0 0 0 0 0 0 0
3570.95 0 0 0 0 0 0 0 0 0 1 9 0 0 0 0 0 0 0 0
3570.95 0 0 0 0 0 0 0 0 0 1 9 0 0 0 0 0 0 0 0
