0 0 0 0 0 0 0 0 0 0 0 10 1 2 1 1 0 0 0 0
1.21796 0 0 0 1 0 0 0 0 0 0 9 1 2 1 0 0 0 0 0
3.39963 0 0 1 1 0 0 0 0 0 0 8 1 2 0 0 0 0 0 0
14.1611 1 0 1 1 0 0 0 0 0 0 7 0 2 0 0 0 0 0 0
24.1511 1 1 1 1 0 0 0 0 0 0 6 0 1 0 0 0 0 0 0
33.1422 0 0 1 1 1 0 0 0 0 0 7 0 1 0 0 0 0 0 0
49.0573 0 0 0 0 1 1 0 0 0 0 8 0 1 0 0 0 0 0 0
54.7185 0 0 0 0 0 0 1 0 0 0 9 0 1 0 0 0 0 0 0
62.6721 0 1 0 0 0 0 1 0 0 0 8 0 0 0 0 0 0 0 0
111.587 0 0 0 0 0 0 0 0 1 0 9 0 0 0 0 0 0 0 0
188.535 0 0 0 0 0 0 1 0 0 0 9 0 1 0 0 0 0 0 0
191.144 0 1 0 0 0 0 1 0 0 0 8 0 0 0 0 0 0 0 0
357.904 0 0 0 0 0 0 0 0 1 0 9 0 0 0 0 0 0 0 0
394.175 0 0 0 0 0 0 1 0 0 0 9 0 1 0 0 0 0 0 0
399.081 0 1 0 0 0 0 1 0 0 0 8 0 0 0 0 0 0 0 0
520.296 0 1 0 0 0 1 0 0 0 0 8 0 0 0 0 1 0 0 0
532.97 0 1 0 0 1 1 0 0 0 0 7 0 0 0 0 0 0 0 0
534.98 1 1 0 0 0 1 0 0 0 0 7 0 1 0 0 0 0 0 0
540.32 1 2 0 0 0 1 0 0 0 0 6 0 0 0 0 0 0 0 0
638.241 0 1 0 0 1 1 0 0 0 0 7 0 0 0 0 0 0 0 0
649.659 0 0 0 0 0 1 0 1 0 0 8 0 0 0 0 0 0 0 0
654.056 0 0 1 0 0 0 0 1 0 0 8 0 0 0 1 0 0 0 0
663.369 0 0 1 1 0 0 0 1 0 0 7 0 0 0 0 0 0 0 0
673.912 0 0 1 1 1 0 0 0 0 0 7 0 1 0 0 0 0 0 0
674.027 0 0 0 0 1 1 0 0 0 0 8 0 1 0 0 0 0 0 0
697.009 0 0 0 0 0 0 1 0 0 0 9 0 1 0 0 0 0 0 0
713.866 0 1 0 0 0 0 1 0 0 0 8 0 0 0 0 0 0 0 0
713.931 0 0 0 0 0 0 0 0 1 0 9 0 0 0 0 0 0 0 0
759.348 0 0 0 0 0 0 1 0 0 0 9 0 1 0 0 0 0 0 0
763.891 0 1 0 0 0 0 1 0 0 0 8 0 0 0 0 0 0 0 0
889.99 0 0 0 0 0 0 0 0 1 0 9 0 0 0 0 0 0 0 0
896.013 0 0 0 0 0 0 1 0 0 0 9 0 1 0 0 0 0 0 0
908.729 0 1 0 0 0 0 1 0 0 0 8 0 0 0 0 0 0 0 0
995.458 0 1 0 0 0 1 0 0 0 0 8 0 0 0 0 1 0 0 0
1000.31 0 1 0 0 1 1 0 0 0 0 7 0 0 0 0 0 0 0 0
1007.21 0 1 0 0 0 0 1 0 0 0 8 0 0 0 0 0 0 0 0
1032.58 0 0 0 0 0 0 0 0 1 0 9 0 0 0 0 0 0 0 0
1038.77 0 0 0 0 0 0 1 0 0 0 9 0 1 0 0 0 0 0 0
1040.53 0 1 0 0 0 0 1 0 0 0 8 0 0 0 0 0 0 0 0
1046.98 0 0 0 0 0 0 0 0 1 0 9 0 0 0 0 0 0 0 0
1062.23 0 0 0 0 0 0 1 0 0 0 9 0 1 0 0 0 0 0 0
1063.36 0 1 0 0 0 0 1 0 0 0 8 0 0 0 0 0 0 0 0
1075.94 0 1 0 0 0 1 0 0 0 0 8 0 0 0 0 1 0 0 0
1123.71 0 1 0 0 1 1 0 0 0 0 7 0 0 0 0 0 0 0 0
1150.69 1 1 0 0 0 1 0 0 0 0 7 0 1 0 0 0 0 0 0
1152.8 1 1 1 0 0 0 0 0 0 0 7 0 1 0 1 0 0 0 0
1159.03 1 1 1 1 0 0 0 0 0 0 6 0 1 0 0 0 0 0 0
1163.81 1 2 1 1 0 0 0 0 0 0 5 0 0 0 0 0 0 0 0
1182.31 1 2 0 0 0 1 0 0 0 0 6 0 0 0 0 0 0 0 0
1195.9 1 2 1 0 0 0 0 0 0 0 6 0 0 0 1 0 0 0 0
1197.1 0 1 1 0 1 0 0 0 0 0 7 0 0 0 1 0 0 0 0
1216.41 0 1 1 1 1 0 0 0 0 0 6 0 0 0 0 0 0 0 0
1223.12 1 1 1 1 0 0 0 0 0 0 6 0 1 0 0 0 0 0 0
1231.9 1 2 1 1 0 0 0 0 0 0 5 0 0 0 0 0 0 0 0
1243.96 0 1 1 1 1 0 0 0 0 0 6 0 0 0 0 0 0 0 0
1262.3 0 1 0 0 1 1 0 0 0 0 7 0 0 0 0 0 0 0 0
1290.27 0 1 0 0 0 0 1 0 0 0 8 0 0 0 0 0 0 0 0
1295.13 0 1 0 0 0 1 0 0 0 0 8 0 0 0 0 1 0 0 0
1315.96 0 1 0 0 1 1 0 0 0 0 7 0 0 0 0 0 0 0 0
1317.82 0 0 0 0 0 1 0 1 0 0 8 0 0 0 0 0 0 0 0
1333.29 0 0 1 0 0 0 0 1 0 0 8 0 0 0 1 0 0 0 0
1338.98 0 0 1 1 0 0 0 1 0 0 7 0 0 0 0 0 0 0 0
1376.8 0 0 0 0 0 1 0 1 0 0 8 0 0 0 0 0 0 0 0
1391.93 0 0 1 0 0 0 0 1 0 0 8 0 0 0 1 0 0 0 0
1392.48 0 0 1 0 1 0 0 0 0 0 8 0 1 0 1 0 0 0 0
1394.84 0 0 1 1 1 0 0 0 0 0 7 0 1 0 0 0 0 0 0
1406.32 0 1 1 1 1 0 0 0 0 0 6 0 0 0 0 0 0 0 0
1429.86 1 1 1 1 0 0 0 0 0 0 6 0 1 0 0 0 0 0 0
1433.25 1 2 1 1 0 0 0 0 0 0 5 0 0 0 0 0 0 0 0
1444.9 0 1 1 1 1 0 0 0 0 0 6 0 0 0 0 0 0 0 0
1445.82 1 1 1 1 0 0 0 0 0 0 6 0 1 0 0 0 0 0 0
1457.95 0 0 1 1 1 0 0 0 0 0 7 0 1 0 0 0 0 0 0
1476.94 1 0 1 1 0 0 0 0 0 0 7 0 2 0 0 0 0 0 0
1494.05 1 1 1 1 0 0 0 0 0 0 6 0 1 0 0 0 0 0 0
1517.87 1 2 1 1 0 0 0 0 0 0 5 0 0 0 0 0 0 0 0
1525.96 0 1 1 1 1 0 0 0 0 0 6 0 0 0 0 0 0 0 0
1533.56 0 1 0 0 1 1 0 0 0 0 7 0 0 0 0 0 0 0 0
1542.78 0 1 1 0 1 0 0 0 0 0 7 0 0 0 1 0 0 0 0
1550.86 0 0 1 0 0 0 0 1 0 0 8 0 0 0 1 0 0 0 0
1555.4 0 0 1 1 0 0 0 1 0 0 7 0 0 0 0 0 0 0 0
1605.16 0 0 0 0 0 1 0 1 0 0 8 0 0 0 0 0 0 0 0
1647.9 0 0 0 0 0 0 0 0 0 1 9 0 0 0 0 0 0 0 0
1647.9 0 0 0 0 0 0 0 0 0 1 9 0 0 0 0 0 0 0 0
