0 0 0 0 0 0 0 0 0 0 0 10 1 2 1 1 0 0 0 0
1.78252 0 0 1 0 0 0 0 0 0 0 9 1 2 0 1 0 0 0 0
1.79405 0 0 1 1 0 0 0 0 0 0 8 1 2 0 0 0 0 0 0
4.26236 1 0 1 1 0 0 0 0 0 0 7 0 2 0 0 0 0 0 0
7.79252 1 1 1 1 0 0 0 0 0 0 6 0 1 0 0 0 0 0 0
29.6822 1 1 0 0 0 1 0 0 0 0 7 0 1 0 0 0 0 0 0
30.883 1 2 0 0 0 1 0 0 0 0 6 0 0 0 0 0 0 0 0
31.9869 0 1 0 0 1 1 0 0 0 0 7 0 0 0 0 0 0 0 0
34.5065 0 1 0 0 0 0 1 0 0 0 8 0 0 0 0 0 0 0 0
64.4691 0 0 0 0 0 0 0 0 1 0 9 0 0 0 0 0 0 0 0
83.2938 0 0 0 0 0 0 1 0 0 0 9 0 1 0 0 0 0 0 0
88.1819 0 1 0 0 0 0 1 0 0 0 8 0 0 0 0 0 0 0 0
88.6024 0 0 0 0 0 0 0 0 1 0 9 0 0 0 0 0 0 0 0
138.903 0 0 0 0 0 0 1 0 0 0 9 0 1 0 0 0 0 0 0
148.185 0 1 0 0 0 0 1 0 0 0 8 0 0 0 0 0 0 0 0
232.173 0 0 0 0 0 0 0 0 1 0 9 0 0 0 0 0 0 0 0
289.6 0 0 0 0 0 0 1 0 0 0 9 0 1 0 0 0 0 0 0
305.02 0 1 0 0 0 0 1 0 0 0 8 0 0 0 0 0 0 0 0
351.027 0 0 0 0 0 0 0 0 1 0 9 0 0 0 0 0 0 0 0
389.434 0 0 0 0 0 0 1 0 0 0 9 0 1 0 0 0 0 0 0
390.1 0 1 0 0 0 0 1 0 0 0 8 0 0 0 0 0 0 0 0
474.53 0 0 0 0 0 0 0 0 1 0 9 0 0 0 0 0 0 0 0
508.808 0 0 0 0 0 0 1 0 0 0 9 0 1 0 0 0 0 0 0
509.528 0 1 0 0 0 0 1 0 0 0 8 0 0 0 0 0 0 0 0
583.675 0 0 0 0 0 0 0 0 1 0 9 0 0 0 0 0 0 0 0
584.256 0 0 0 0 0 0 1 0 0 0 9 0 1 0 0 0 0 0 0
584.942 0 1 0 0 0 0 1 0 0 0 8 0 0 0 0 0 0 0 0
614.504 0 1 0 0 0 1 0 0 0 0 8 0 0 0 0 1 0 0 0
637.393 0 1 0 0 1 1 0 0 0 0 7 0 0 0 0 0 0 0 0
645.548 0 0 0 0 0 1 0 1 0 0 8 0 0 0 0 0 0 0 0
691.581 0 0 0 0 1 1 0 0 0 0 8 0 1 0 0 0 0 0 0
715.934 0 0 1 0 1 0 0 0 0 0 8 0 1 0 1 0 0 0 0
722.755 0 1 1 0 1 0 0 0 0 0 7 0 0 0 1 0 0 0 0
729.626 0 1 1 1 1 0 0 0 0 0 6 0 0 0 0 0 0 0 0
814.85 1 1 1 1 0 0 0 0 0 0 6 0 1 0 0 0 0 0 0
821.269 1 2 1 1 0 0 0 0 0 0 5 0 0 0 0 0 0 0 0
853.884 0 1 1 1 1 0 0 0 0 0 6 0 0 0 0 0 0 0 0
858.587 0 0 1 1 0 0 0 1 0 0 7 0 0 0 0 0 0 0 0
868.732 0 0 1 1 1 0 0 0 0 0 7 0 1 0 0 0 0 0 0
872.663 0 1 1 1 1 0 0 0 0 0 6 0 0 0 0 0 0 0 0
909.477 0 0 1 1 0 0 0 1 0 0 7 0 0 0 0 0 0 0 0
925.32 0 0 0 0 0 1 0 1 0 0 8 0 0 0 0 0 0 0 0
964.719 0 0 0 0 0 0 0 0 0 1 9 0 0 0 0 0 0 0 0
1027.44 0 0 0 0 0 1 0 0 0 0 9 0 0 0 0 0 0 0 1
1029.42 0 0 0 0 0 1 0 1 0 0 8 0 0 0 0 0 0 0 0
1032.58 0 0 0 0 1 1 0 0 0 0 8 0 1 0 0 0 0 0 0
1040.89 0 1 0 0 1 1 0 0 0 0 7 0 0 0 0 0 0 0 0
1059.2 1 1 0 0 0 1 0 0 0 0 7 0 1 0 0 0 0 0 0
1075.1 1 2 0 0 0 1 0 0 0 0 6 0 0 0 0 0 0 0 0
1104.05 0 1 0 0 1 1 0 0 0 0 7 0 0 0 0 0 0 0 0
1113.6 1 1 0 0 0 1 0 0 0 0 7 0 1 0 0 0 0 0 0
1131.98 1 2 0 0 0 1 0 0 0 0 6 0 0 0 0 0 0 0 0
1149.66 1 2 1 0 0 0 0 0 0 0 6 0 0 0 1 0 0 0 0
1167 0 1 1 0 1 0 0 0 0 0 7 0 0 0 1 0 0 0 0
1171.22 0 1 1 1 1 0 0 0 0 0 6 0 0 0 0 0 0 0 0
1213.04 1 1 1 1 0 0 0 0 0 0 6 0 1 0 0 0 0 0 0
1221.02 1 2 1 1 0 0 0 0 0 0 5 0 0 0 0 0 0 0 0
1224.17 1 2 0 0 0 1 0 0 0 0 6 0 0 0 0 0 0 0 0
1227.36 0 1 0 0 1 1 0 0 0 0 7 0 0 0 0 0 0 0 0
1284 1 1 0 0 0 1 0 0 0 0 7 0 1 0 0 0 0 0 0
1292.64 1 2 0 0 0 1 0 0 0 0 6 0 0 0 0 0 0 0 0
1300.87 0 1 0 0 1 1 0 0 0 0 7 0 0 0 0 0 0 0 0
1303.44 0 1 0 0 0 0 1 0 0 0 8 0 0 0 0 0 0 0 0
1342.08 0 0 0 0 0 0 0 0 1 0 9 0 0 0 0 0 0 0 0
1348.44 0 0 0 0 0 0 1 0 0 0 9 0 1 0 0 0 0 0 0
1361.83 0 1 0 0 0 0 1 0 0 0 8 0 0 0 0 0 0 0 0
1397.31 0 0 0 0 0 0 0 0 1 0 9 0 0 0 0 0 0 0 0
1475.88 0 0 0 0 0 0 1 0 0 0 9 0 1 0 0 0 0 0 0
1486.35 0 1 0 0 0 0 1 0 0 0 8 0 0 0 0 0 0 0 0
1616.12 0 1 0 0 0 1 0 0 0 0 8 0 0 0 0 1 0 0 0
1646.74 0 1 0 0 1 1 0 0 0 0 7 0 0 0 0 0 0 0 0
1651.26 0 0 0 0 0 1 0 1 0 0 8 0 0 0 0 0 0 0 0
1654.82 0 0 1 0 0 0 0 1 0 0 8 0 0 0 1 0 0 0 0
1673.23 0 0 1 1 0 0 0 1 0 0 7 0 0 0 0 0 0 0 0
1703.89 0 0 0 0 0 1 0 1 0 0 8 0 0 0 0 0 0 0 0
1727.48 0 0 0 0 1 1 0 0 0 0 8 0 1 0 0 0 0 0 0
1743.24 0 0 0 0 0 0 1 0 0 0 9 0 1 0 0 0 0 0 0
1748.45 0 1 0 0 0 0 1 0 0 0 8 0 0 0 0 0 0 0 0
1846.42 0 0 0 0 0 0 0 0 1 0 9 0 0 0 0 0 0 0 0
1936.54 0 0 0 0 0 0 1 0 0 0 9 0 1 0 0 0 0 0 0
1940.75 0 1 0 0 0 0 1 0 0 0 8 0 0 0 0 0 0 0 0
1994.85 0 0 0 0 0 0 0 0 1 0 9 0 0 0 0 0 0 0 0
2003.33 0 0 0 0 0 0 1 0 0 0 9 0 1 0 0 0 0 0 0
2003.68 0 1 0 0 0 0 1 0 0 0 8 0 0 0 0 0 0 0 0
2025.4 0 0 0 0 0 0 0 0 1 0 9 0 0 0 0 0 0 0 0
2091.25 0 0 0 0 0 0 1 0 0 0 9 0 1 0 0 0 0 0 0
2110.1 0 1 0 0 0 0 1 0 0 0 8 0 0 0 0 0 0 0 0
2185.45 0 0 0 0 0 0 0 0 1 0 9 0 0 0 0 0 0 0 0
2208.8 0 0 0 0 0 0 1 0 0 0 9 0 1 0 0 0 0 0 0
2211.46 0 1 0 0 0 0 1 0 0 0 8 0 0 0 0 0 0 0 0
2235.57 0 0 0 0 0 0 0 0 1 0 9 0 0 0 0 0 0 0 0
2246.14 0 0 0 0 0 0 1 0 0 0 9 0 1 0 0 0 0 0 0
2259.2 0 1 0 0 0 0 1 0 0 0 8 0 0 0 0 0 0 0 0
2274.74 0 0 0 0 0 0 0 0 1 0 9 0 0 0 0 0 0 0 0
2309.68 0 0 0 0 0 0 1 0 0 0 9 0 1 0 0 0 0 0 0
2322.38 0 1 0 0 0 0 1 0 0 0 8 0 0 0 0 0 0 0 0
2436.65 0 0 0 0 0 0 0 0 1 0 9 0 0 0 0 0 0 0 0
2513.64 0 0 0 0 0 0 1 0 0 0 9 0 1 0 0 0 0 0 0
2514.43 0 1 0 0 0 0 1 0 0 0 8 0 0 0 0 0 0 0 0
2517.01 0 0 0 0 0 0 0 0 1 0 9 0 0 0 0 0 0 0 0
2602.06 0 0 0 0 0 0 1 0 0 0 9 0 1 0 0 0 0 0 0
2619.21 0 1 0 0 0 0 1 0 0 0 8 0 0 0 0 0 0 0 0
2622.42 0 0 0 0 0 0 0 0 1 0 9 0 0 0 0 0 0 0 0
2663.5 0 0 0 0 0 0 1 0 0 0 9 0 1 0 0 0 0 0 0
2666.99 0 0 0 0 0 1 0 0 0 0 9 0 1 0 0 1 0 0 0
2673.9 0 1 0 0 0 1 0 0 0 0 8 0 0 0 0 1 0 0 0
2690.74 0 1 0 0 1 1 0 0 0 0 7 0 0 0 0 0 0 0 0
2691.04 0 0 0 0 0 1 0 1 0 0 8 0 0 0 0 0 0 0 0
2725.71 0 0 1 0 0 0 0 1 0 0 8 0 0 0 1 0 0 0 0
2727.08 0 0 1 1 0 0 0 1 0 0 7 0 0 0 0 0 0 0 0
2756.89 0 0 0 0 0 1 0 1 0 0 8 0 0 0 0 0 0 0 0
2772.01 0 0 0 0 0 0 0 0 0 1 9 0 0 0 0 0 0 0 0
2772.01 0 0 0 0 0 0 0 0 0 1 9 0 0 0 0 0 0 0 0
