0 0 0 0 0 0 0 0 0 0 0 10 1 2 1 1 0 0 0 0
0.416135 0 0 0 1 0 0 0 0 0 0 9 1 2 1 0 0 0 0 0
5.61073 0 1 0 1 0 0 0 0 0 0 8 1 1 1 0 0 0 0 0
20.576 1 1 0 1 0 0 0 0 0 0 7 0 1 1 0 0 0 0 0
21.8799 1 2 0 1 0 0 0 0 0 0 6 0 0 1 0 0 0 0 0
24.6715 1 2 1 1 0 0 0 0 0 0 5 0 0 0 0 0 0 0 0
30.992 0 1 1 1 1 0 0 0 0 0 6 0 0 0 0 0 0 0 0
54.5534 0 1 0 0 1 1 0 0 0 0 7 0 0 0 0 0 0 0 0
75.7158 0 1 0 0 0 0 1 0 0 0 8 0 0 0 0 0 0 0 0
109.065 0 0 0 0 0 0 0 0 1 0 9 0 0 0 0 0 0 0 0
112.873 0 0 0 0 0 0 1 0 0 0 9 0 1 0 0 0 0 0 0
119.133 0 1 0 0 0 0 1 0 0 0 8 0 0 0 0 0 0 0 0
130.49 0 0 0 0 0 0 0 0 1 0 9 0 0 0 0 0 0 0 0
162.878 0 0 0 0 0 0 1 0 0 0 9 0 1 0 0 0 0 0 0
163.03 0 1 0 0 0 0 1 0 0 0 8 0 0 0 0 0 0 0 0
262.353 0 0 0 0 0 0 0 0 1 0 9 0 0 0 0 0 0 0 0
270.878 0 0 0 0 0 0 1 0 0 0 9 0 1 0 0 0 0 0 0
299.504 0 1 0 0 0 0 1 0 0 0 8 0 0 0 0 0 0 0 0
337.773 0 0 0 0 0 0 0 0 1 0 9 0 0 0 0 0 0 0 0
337.983 0 0 0 0 0 0 1 0 0 0 9 0 1 0 0 0 0 0 0
349.814 0 1 0 0 0 0 1 0 0 0 8 0 0 0 0 0 0 0 0
365.624 0 0 0 0 0 0 0 0 1 0 9 0 0 0 0 0 0 0 0
369.683 0 0 0 0 0 0 1 0 0 0 9 0 1 0 0 0 0 0 0
408.1 0 1 0 0 0 0 1 0 0 0 8 0 0 0 0 0 0 0 0
591.604 0 0 0 0 0 0 0 0 1 0 9 0 0 0 0 0 0 0 0
605.052 0 0 0 0 0 0 1 0 0 0 9 0 1 0 0 0 0 0 0
607.09 0 1 0 0 0 0 1 0 0 0 8 0 0 0 0 0 0 0 0
609.253 0 0 0 0 0 0 0 0 1 0 9 0 0 0 0 0 0 0 0
636.758 0 0 0 0 0 0 1 0 0 0 9 0 1 0 0 0 0 0 0
637.48 0 1 0 0 0 0 1 0 0 0 8 0 0 0 0 0 0 0 0
697.322 0 0 0 0 0 0 0 0 1 0 9 0 0 0 0 0 0 0 0
713.211 0 0 0 0 0 0 1 0 0 0 9 0 1 0 0 0 0 0 0
713.937 0 1 0 0 0 0 1 0 0 0 8 0 0 0 0 0 0 0 0
718.539 0 0 0 0 0 0 0 0 1 0 9 0 0 0 0 0 0 0 0
727.656 0 0 0 0 0 0 1 0 0 0 9 0 1 0 0 0 0 0 0
733.782 0 1 0 0 0 0 1 0 0 0 8 0 0 0 0 0 0 0 0
753.02 0 0 0 0 0 0 0 0 1 0 9 0 0 0 0 0 0 0 0
837.27 0 0 0 0 0 0 1 0 0 0 9 0 1 0 0 0 0 0 0
853.736 0 1 0 0 0 0 1 0 0 0 8 0 0 0 0 0 0 0 0
871.338 0 0 0 0 0 0 0 0 1 0 9 0 0 0 0 0 0 0 0
888.535 0 0 0 0 0 0 1 0 0 0 9 0 1 0 0 0 0 0 0
911.213 0 1 0 0 0 0 1 0 0 0 8 0 0 0 0 0 0 0 0
941.755 0 0 0 0 0 0 0 0 1 0 9 0 0 0 0 0 0 0 0
942.582 0 0 0 0 0 0 1 0 0 0 9 0 1 0 0 0 0 0 0
953.279 0 1 0 0 0 0 1 0 0 0 8 0 0 0 0 0 0 0 0
1007.68 0 0 0 0 0 0 0 0 1 0 9 0 0 0 0 0 0 0 0
1009.72 0 0 0 0 0 0 1 0 0 0 9 0 1 0 0 0 0 0 0
1015.02 0 1 0 0 0 0 1 0 0 0 8 0 0 0 0 0 0 0 0
1042.59 0 0 0 0 0 0 0 0 1 0 9 0 0 0 0 0 0 0 0
1090.49 0 0 0 0 0 0 1 0 0 0 9 0 1 0 0 0 0 0 0
1100.29 0 1 0 0 0 0 1 0 0 0 8 0 0 0 0 0 0 0 0
1148.82 0 0 0 0 0 0 0 0 1 0 9 0 0 0 0 0 0 0 0
1148.87 0 0 0 0 0 0 1 0 0 0 9 0 1 0 0 0 0 0 0
1155.35 0 1 0 0 0 0 1 0 0 0 8 0 0 0 0 0 0 0 0
1187.75 0 0 0 0 0 0 0 0 1 0 9 0 0 0 0 0 0 0 0
1214.26 0 0 0 0 0 0 1 0 0 0 9 0 1 0 0 0 0 0 0
1221.48 0 1 0 0 0 0 1 0 0 0 8 0 0 0 0 0 0 0 0
1258.39 0 1 0 0 0 1 0 0 0 0 8 0 0 0 0 1 0 0 0
1264.26 0 1 0 0 1 1 0 0 0 0 7 0 0 0 0 0 0 0 0
1266.48 0 1 1 0 1 0 0 0 0 0 7 0 0 0 1 0 0 0 0
1277.65 0 0 1 0 0 0 0 1 0 0 8 0 0 0 1 0 0 0 0
1284.3 0 0 1 1 0 0 0 1 0 0 7 0 0 0 0 0 0 0 0
1415.81 0 0 0 0 0 1 0 1 0 0 8 0 0 0 0 0 0 0 0
1477.85 0 0 1 0 0 0 0 1 0 0 8 0 0 0 1 0 0 0 0
1482.77 0 0 1 1 0 0 0 1 0 0 7 0 0 0 0 0 0 0 0
1490.13 0 0 0 0 0 1 0 1 0 0 8 0 0 0 0 0 0 0 0
1565.12 0 0 0 0 0 0 0 0 0 1 9 0 0 0 0 0 0 0 0
1565.12 0 0 0 0 0 0 0 0 0 1 9 0 0 0 0 0 0 0 0
