0 0 0 0 0 0 0 0 0 0 0 10 1 2 1 1 0 0 0 0
1.39769 0 1 0 0 0 0 0 0 0 0 9 1 1 1 1 0 0 0 0
1.99756 0 1 0 1 0 0 0 0 0 0 8 1 1 1 0 0 0 0 0
4.51513 1 1 0 1 0 0 0 0 0 0 7 0 1 1 0 0 0 0 0
6.62644 0 0 0 1 1 0 0 0 0 0 8 0 1 1 0 0 0 0 0
10.5675 0 1 0 1 1 0 0 0 0 0 7 0 0 1 0 0 0 0 0
17.7414 1 1 0 1 0 0 0 0 0 0 7 0 1 1 0 0 0 0 0
19.9994 1 2 0 1 0 0 0 0 0 0 6 0 0 1 0 0 0 0 0
33.1015 0 1 0 1 1 0 0 0 0 0 7 0 0 1 0 0 0 0 0
34.6268 1 1 0 1 0 0 0 0 0 0 7 0 1 1 0 0 0 0 0
62.945 1 1 1 1 0 0 0 0 0 0 6 0 1 0 0 0 0 0 0
72.3769 0 0 1 1 1 0 0 0 0 0 7 0 1 0 0 0 0 0 0
72.6626 0 0 0 0 1 1 0 0 0 0 8 0 1 0 0 0 0 0 0
84.5204 0 1 0 0 1 1 0 0 0 0 7 0 0 0 0 0 0 0 0
97.4323 1 1 0 0 0 1 0 0 0 0 7 0 1 0 0 0 0 0 0
100.814 1 2 0 0 0 1 0 0 0 0 6 0 0 0 0 0 0 0 0
153.75 0 1 0 0 1 1 0 0 0 0 7 0 0 0 0 0 0 0 0
178.61 0 1 1 0 1 0 0 0 0 0 7 0 0 0 1 0 0 0 0
199.844 0 1 1 1 1 0 0 0 0 0 6 0 0 0 0 0 0 0 0
201.505 1 1 1 1 0 0 0 0 0 0 6 0 1 0 0 0 0 0 0
203.413 1 2 1 1 0 0 0 0 0 0 5 0 0 0 0 0 0 0 0
225.012 0 1 1 1 1 0 0 0 0 0 6 0 0 0 0 0 0 0 0
231.313 1 1 1 1 0 0 0 0 0 0 6 0 1 0 0 0 0 0 0
237.208 1 2 1 1 0 0 0 0 0 0 5 0 0 0 0 0 0 0 0
275.676 0 1 1 1 1 0 0 0 0 0 6 0 0 0 0 0 0 0 0
299.321 0 1 0 0 1 1 0 0 0 0 7 0 0 0 0 0 0 0 0
316.759 1 1 0 0 0 1 0 0 0 0 7 0 1 0 0 0 0 0 0
330.727 1 2 0 0 0 1 0 0 0 0 6 0 0 0 0 0 0 0 0
336.531 0 1 0 0 1 1 0 0 0 0 7 0 0 0 0 0 0 0 0
337.162 0 1 0 0 0 0 1 0 0 0 8 0 0 0 0 0 0 0 0
429.604 0 0 0 0 0 0 0 0 1 0 9 0 0 0 0 0 0 0 0
518.126 0 0 0 0 0 0 1 0 0 0 9 0 1 0 0 0 0 0 0
519.519 0 1 0 0 0 0 1 0 0 0 8 0 0 0 0 0 0 0 0
628.167 0 1 0 0 0 1 0 0 0 0 8 0 0 0 0 1 0 0 0
667.185 0 1 0 0 1 1 0 0 0 0 7 0 0 0 0 0 0 0 0
671.271 1 1 0 0 0 1 0 0 0 0 7 0 1 0 0 0 0 0 0
680.824 0 0 0 0 1 1 0 0 0 0 8 0 1 0 0 0 0 0 0
696.517 0 0 0 0 0 0 1 0 0 0 9 0 1 0 0 0 0 0 0
734.432 0 1 0 0 0 0 1 0 0 0 8 0 0 0 0 0 0 0 0
854.588 0 0 0 0 0 0 0 0 1 0 9 0 0 0 0 0 0 0 0
929.836 0 0 0 0 0 0 1 0 0 0 9 0 1 0 0 0 0 0 0
944.573 0 1 0 0 0 0 1 0 0 0 8 0 0 0 0 0 0 0 0
945.304 0 0 0 0 0 0 0 0 1 0 9 0 0 0 0 0 0 0 0
954.222 0 0 0 0 0 0 1 0 0 0 9 0 1 0 0 0 0 0 0
954.677 0 1 0 0 0 0 1 0 0 0 8 0 0 0 0 0 0 0 0
956.417 0 0 0 0 0 0 0 0 1 0 9 0 0 0 0 0 0 0 0
985.464 0 0 0 0 0 0 1 0 0 0 9 0 1 0 0 0 0 0 0
999.082 0 1 0 0 0 0 1 0 0 0 8 0 0 0 0 0 0 0 0
1052.09 0 0 0 0 0 0 0 0 1 0 9 0 0 0 0 0 0 0 0
1096.52 0 0 0 0 0 0 1 0 0 0 9 0 1 0 0 0 0 0 0
1107.81 0 0 0 0 0 1 0 0 0 0 9 0 1 0 0 1 0 0 0
1116.94 0 0 0 0 1 1 0 0 0 0 8 0 1 0 0 0 0 0 0
1138.12 0 0 1 0 1 0 0 0 0 0 8 0 1 0 1 0 0 0 0
1139.26 1 0 1 0 0 0 0 0 0 0 8 0 2 0 1 0 0 0 0
1139.29 1 0 1 1 0 0 0 0 0 0 7 0 2 0 0 0 0 0 0
1148.45 1 0 0 0 0 1 0 0 0 0 8 0 2 0 0 0 0 0 0
1157.78 1 1 0 0 0 1 0 0 0 0 7 0 1 0 0 0 0 0 0
1164.62 0 0 0 0 1 1 0 0 0 0 8 0 1 0 0 0 0 0 0
1165.05 1 0 0 0 0 1 0 0 0 0 8 0 2 0 0 0 0 0 0
1165.5 1 1 0 0 0 1 0 0 0 0 7 0 1 0 0 0 0 0 0
1165.94 1 2 0 0 0 1 0 0 0 0 6 0 0 0 0 0 0 0 0
1166.49 0 1 0 0 1 1 0 0 0 0 7 0 0 0 0 0 0 0 0
1168.25 0 1 0 0 0 0 1 0 0 0 8 0 0 0 0 0 0 0 0
1190.31 0 0 0 0 0 0 0 0 1 0 9 0 0 0 0 0 0 0 0
1206.48 0 0 0 0 0 0 1 0 0 0 9 0 1 0 0 0 0 0 0
1213.57 0 1 0 0 0 0 1 0 0 0 8 0 0 0 0 0 0 0 0
1221.22 0 0 0 0 0 0 0 0 1 0 9 0 0 0 0 0 0 0 0
1234.74 0 0 0 0 0 0 1 0 0 0 9 0 1 0 0 0 0 0 0
1234.96 0 1 0 0 0 0 1 0 0 0 8 0 0 0 0 0 0 0 0
1235.08 0 1 0 0 0 1 0 0 0 0 8 0 0 0 0 1 0 0 0
1247.74 0 1 0 0 1 1 0 0 0 0 7 0 0 0 0 0 0 0 0
1297.94 0 0 0 0 0 1 0 1 0 0 8 0 0 0 0 0 0 0 0
1308.36 0 0 1 0 0 0 0 1 0 0 8 0 0 0 1 0 0 0 0
1312.25 0 0 1 1 0 0 0 1 0 0 7 0 0 0 0 0 0 0 0
1319.86 0 0 0 0 0 1 0 1 0 0 8 0 0 0 0 0 0 0 0
1336.93 0 0 0 0 1 1 0 0 0 0 8 0 1 0 0 0 0 0 0
1342.28 0 1 0 0 1 1 0 0 0 0 7 0 0 0 0 0 0 0 0
1380.58 0 0 0 0 0 1 0 1 0 0 8 0 0 0 0 0 0 0 0
1388.46 0 0 1 0 0 0 0 1 0 0 8 0 0 0 1 0 0 0 0
1394.15 0 0 1 1 0 0 0 1 0 0 7 0 0 0 0 0 0 0 0
1416.79 0 0 0 0 0 1 0 1 0 0 8 0 0 0 0 0 0 0 0
1453.87 0 0 0 0 0 0 0 0 0 1 9 0 0 0 0 0 0 0 0
3443.55 0 0 0 0 0 1 0 0 0 0 9 0 0 0 0 0 0 0 1
3457.01 0 0 0 0 0 1 0 1 0 0 8 0 0 0 0 0 0 0 0
3485.99 0 0 0 0 0 0 0 0 0 1 9 0 0 0 0 0 0 0 0
3485.99 0 0 0 0 0 0 0 0 0 1 9 0 0 0 0 0 0 0 0
