0 0 0 0 0 0 0 0 0 0 0 10 1 2 1 1 0 0 0 0
0.242728 0 0 0 1 0 0 0 0 0 0 9 1 2 1 0 0 0 0 0
4.3677 0 0 1 1 0 0 0 0 0 0 8 1 2 0 0 0 0 0 0
5.03807 0 1 1 1 0 0 0 0 0 0 7 1 1 0 0 0 0 0 0
17.0177 0 1 0 0 0 1 0 0 0 0 8 1 1 0 0 0 0 0 0
21.8156 0 2 0 0 0 1 0 0 0 0 7 1 0 0 0 0 0 0 0
24.3366 1 2 0 0 0 1 0 0 0 0 6 0 0 0 0 0 0 0 0
24.38 0 1 0 0 1 1 0 0 0 0 7 0 0 0 0 0 0 0 0
38.147 1 1 0 0 0 1 0 0 0 0 7 0 1 0 0 0 0 0 0
38.9895 0 0 0 0 1 1 0 0 0 0 8 0 1 0 0 0 0 0 0
42.9563 0 1 0 0 1 1 0 0 0 0 7 0 0 0 0 0 0 0 0
59.1873 0 0 0 0 0 1 0 1 0 0 8 0 0 0 0 0 0 0 0
64.8198 0 0 1 0 0 0 0 1 0 0 8 0 0 0 1 0 0 0 0
79.404 0 0 1 1 0 0 0 1 0 0 7 0 0 0 0 0 0 0 0
105.064 0 0 1 1 1 0 0 0 0 0 7 0 1 0 0 0 0 0 0
112.209 0 0 0 0 1 1 0 0 0 0 8 0 1 0 0 0 0 0 0
113.162 0 0 1 0 1 0 0 0 0 0 8 0 1 0 1 0 0 0 0
113.332 1 0 1 0 0 0 0 0 0 0 8 0 2 0 1 0 0 0 0
120.466 1 0 1 1 0 0 0 0 0 0 7 0 2 0 0 0 0 0 0
122.125 1 1 1 1 0 0 0 0 0 0 6 0 1 0 0 0 0 0 0
124.214 1 1 0 0 0 1 0 0 0 0 7 0 1 0 0 0 0 0 0
136.883 1 2 0 0 0 1 0 0 0 0 6 0 0 0 0 0 0 0 0
179.34 0 1 0 0 1 1 0 0 0 0 7 0 0 0 0 0 0 0 0
184.378 1 1 0 0 0 1 0 0 0 0 7 0 1 0 0 0 0 0 0
185.196 1 2 0 0 0 1 0 0 0 0 6 0 0 0 0 0 0 0 0
194.974 0 1 0 0 1 1 0 0 0 0 7 0 0 0 0 0 0 0 0
260.514 0 1 0 0 0 0 1 0 0 0 8 0 0 0 0 0 0 0 0
263.637 0 0 0 0 0 0 0 0 1 0 9 0 0 0 0 0 0 0 0
273.068 0 0 0 0 0 0 1 0 0 0 9 0 1 0 0 0 0 0 0
295.552 0 1 0 0 0 0 1 0 0 0 8 0 0 0 0 0 0 0 0
301.459 0 0 0 0 0 0 0 0 1 0 9 0 0 0 0 0 0 0 0
347.888 0 0 0 0 0 0 1 0 0 0 9 0 1 0 0 0 0 0 0
348.981 0 1 0 0 0 0 1 0 0 0 8 0 0 0 0 0 0 0 0
355.532 0 0 0 0 0 0 0 0 1 0 9 0 0 0 0 0 0 0 0
355.877 0 0 0 0 0 0 1 0 0 0 9 0 1 0 0 0 0 0 0
365.915 0 1 0 0 0 0 1 0 0 0 8 0 0 0 0 0 0 0 0
374.652 0 0 0 0 0 0 0 0 1 0 9 0 0 0 0 0 0 0 0
400.646 0 0 0 0 0 0 1 0 0 0 9 0 1 0 0 0 0 0 0
401.29 0 1 0 0 0 0 1 0 0 0 8 0 0 0 0 0 0 0 0
429.346 0 1 0 0 0 1 0 0 0 0 8 0 0 0 0 1 0 0 0
431.608 0 1 0 0 1 1 0 0 0 0 7 0 0 0 0 0 0 0 0
447.216 1 1 0 0 0 1 0 0 0 0 7 0 1 0 0 0 0 0 0
466.164 1 2 0 0 0 1 0 0 0 0 6 0 0 0 0 0 0 0 0
474.876 1 2 1 0 0 0 0 0 0 0 6 0 0 0 1 0 0 0 0
481.572 1 2 1 1 0 0 0 0 0 0 5 0 0 0 0 0 0 0 0
522.332 0 1 1 1 1 0 0 0 0 0 6 0 0 0 0 0 0 0 0
541.771 0 1 0 0 1 1 0 0 0 0 7 0 0 0 0 0 0 0 0
575.02 0 1 0 0 0 0 1 0 0 0 8 0 0 0 0 0 0 0 0
605.45 0 1 0 0 0 1 0 0 0 0 8 0 0 0 0 1 0 0 0
618.423 0 1 0 0 1 1 0 0 0 0 7 0 0 0 0 0 0 0 0
626.611 1 1 0 0 0 1 0 0 0 0 7 0 1 0 0 0 0 0 0
639.531 1 2 0 0 0 1 0 0 0 0 6 0 0 0 0 0 0 0 0
662.008 0 1 0 0 1 1 0 0 0 0 7 0 0 0 0 0 0 0 0
678.302 0 1 0 0 0 0 1 0 0 0 8 0 0 0 0 0 0 0 0
684.828 0 1 0 0 0 1 0 0 0 0 8 0 0 0 0 1 0 0 0
706.055 0 1 0 0 1 1 0 0 0 0 7 0 0 0 0 0 0 0 0
760.814 0 0 0 0 0 1 0 1 0 0 8 0 0 0 0 0 0 0 0
779.096 0 0 0 0 0 0 0 0 0 1 9 0 0 0 0 0 0 0 0
1994.43 0 0 0 0 0 1 0 0 0 0 9 0 0 0 0 0 0 0 1
2020.95 0 0 0 0 0 1 0 1 0 0 8 0 0 0 0 0 0 0 0
2022.47 0 0 0 0 0 0 0 0 0 1 9 0 0 0 0 0 0 0 0
2022.47 0 0 0 0 0 0 0 0 0 1 9 0 0 0 0 0 0 0 0
