0 0 0 0 0 0 0 0 0 0 0 10 1 2 1 1 0 0 0 0
0.0297238 0 1 0 0 0 0 0 0 0 0 9 1 1 1 1 0 0 0 0
2.91105 0 1 0 1 0 0 0 0 0 0 8 1 1 1 0 0 0 0 0
6.98148 1 1 0 1 0 0 0 0 0 0 7 0 1 1 0 0 0 0 0
17.6064 1 1 1 1 0 0 0 0 0 0 6 0 1 0 0 0 0 0 0
46.6155 1 2 1 1 0 0 0 0 0 0 5 0 0 0 0 0 0 0 0
71.5818 0 1 1 1 1 0 0 0 0 0 6 0 0 0 0 0 0 0 0
89.287 1 1 1 1 0 0 0 0 0 0 6 0 1 0 0 0 0 0 0
95.2903 1 2 1 1 0 0 0 0 0 0 5 0 0 0 0 0 0 0 0
95.4843 1 2 0 0 0 1 0 0 0 0 6 0 0 0 0 0 0 0 0
102.477 0 1 0 0 1 1 0 0 0 0 7 0 0 0 0 0 0 0 0
104.404 0 1 0 0 0 0 1 0 0 0 8 0 0 0 0 0 0 0 0
225.253 0 0 0 0 0 0 0 0 1 0 9 0 0 0 0 0 0 0 0
226.99 0 0 0 0 0 0 1 0 0 0 9 0 1 0 0 0 0 0 0
242.86 0 1 0 0 0 0 1 0 0 0 8 0 0 0 0 0 0 0 0
267.637 0 0 0 0 0 0 0 0 1 0 9 0 0 0 0 0 0 0 0
272.631 0 0 0 0 0 0 1 0 0 0 9 0 1 0 0 0 0 0 0
273.871 0 1 0 0 0 0 1 0 0 0 8 0 0 0 0 0 0 0 0
320.558 0 0 0 0 0 0 0 0 1 0 9 0 0 0 0 0 0 0 0
341.851 0 0 0 0 0 0 1 0 0 0 9 0 1 0 0 0 0 0 0
365.221 0 1 0 0 0 0 1 0 0 0 8 0 0 0 0 0 0 0 0
405.712 0 0 0 0 0 0 0 0 1 0 9 0 0 0 0 0 0 0 0
422.063 0 0 0 0 0 0 1 0 0 0 9 0 1 0 0 0 0 0 0
435.519 0 1 0 0 0 0 1 0 0 0 8 0 0 0 0 0 0 0 0
466.553 0 0 0 0 0 0 0 0 1 0 9 0 0 0 0 0 0 0 0
542.201 0 0 0 0 0 0 1 0 0 0 9 0 1 0 0 0 0 0 0
550.676 0 1 0 0 0 0 1 0 0 0 8 0 0 0 0 0 0 0 0
587.711 0 0 0 0 0 0 0 0 1 0 9 0 0 0 0 0 0 0 0
620.012 0 0 0 0 0 0 1 0 0 0 9 0 1 0 0 0 0 0 0
621.745 0 1 0 0 0 0 1 0 0 0 8 0 0 0 0 0 0 0 0
647.001 0 0 0 0 0 0 0 0 1 0 9 0 0 0 0 0 0 0 0
647.031 0 0 0 0 0 0 1 0 0 0 9 0 1 0 0 0 0 0 0
647.593 0 1 0 0 0 0 1 0 0 0 8 0 0 0 0 0 0 0 0
670.109 0 0 0 0 0 0 0 0 1 0 9 0 0 0 0 0 0 0 0
730.528 0 0 0 0 0 0 1 0 0 0 9 0 1 0 0 0 0 0 0
732.989 0 1 0 0 0 0 1 0 0 0 8 0 0 0 0 0 0 0 0
752.617 0 0 0 0 0 0 0 0 1 0 9 0 0 0 0 0 0 0 0
769.596 0 0 0 0 0 0 1 0 0 0 9 0 1 0 0 0 0 0 0
770.291 0 1 0 0 0 0 1 0 0 0 8 0 0 0 0 0 0 0 0
816.398 0 0 0 0 0 0 0 0 1 0 9 0 0 0 0 0 0 0 0
885.818 0 0 0 0 0 0 1 0 0 0 9 0 1 0 0 0 0 0 0
890.779 0 1 0 0 0 0 1 0 0 0 8 0 0 0 0 0 0 0 0
930.66 0 0 0 0 0 0 0 0 1 0 9 0 0 0 0 0 0 0 0
1029.77 0 0 0 0 0 0 1 0 0 0 9 0 1 0 0 0 0 0 0
1039.23 0 1 0 0 0 0 1 0 0 0 8 0 0 0 0 0 0 0 0
1091.44 0 1 0 0 0 1 0 0 0 0 8 0 0 0 0 1 0 0 0
1105.25 0 1 0 0 1 1 0 0 0 0 7 0 0 0 0 0 0 0 0
1122.45 0 1 0 0 0 0 1 0 0 0 8 0 0 0 0 0 0 0 0
1195.93 0 1 0 0 0 1 0 0 0 0 8 0 0 0 0 1 0 0 0
1203.29 0 1 0 0 1 1 0 0 0 0 7 0 0 0 0 0 0 0 0
1264.7 0 0 0 0 0 1 0 1 0 0 8 0 0 0 0 0 0 0 0
1280.64 0 0 1 0 0 0 0 1 0 0 8 0 0 0 1 0 0 0 0
1288.7 0 0 1 1 0 0 0 1 0 0 7 0 0 0 0 0 0 0 0
1293.62 0 0 0 0 0 1 0 1 0 0 8 0 0 0 0 0 0 0 0
1294.6 0 0 0 0 0 0 0 0 0 1 9 0 0 0 0 0 0 0 0
2718.97 0 0 0 0 0 1 0 0 0 0 9 0 0 0 0 0 0 0 1
2723.63 0 0 0 0 0 1 0 1 0 0 8 0 0 0 0 0 0 0 0
2737.14 0 0 0 0 0 0 0 0 0 1 9 0 0 0 0 0 0 0 0
2737.14 0 0 0 0 0 0 0 0 0 1 9 0 0 0 0 0 0 0 0
