0.09600 2.11200 2 0 -1 0 0 0 0 0 0 0 1 0 0 0 0 0 0 0 0 
30.78372 4.12812 4 0 0 0 -1 0 0 0 0 0 0 0 1 0 0 0 0 0 0 
41.24814 3.74417 3 0 0 -1 0 0 0 0 0 0 0 1 0 0 0 0 0 0 0 
52.25665 4.89623 1 -1 0 0 0 0 0 0 0 1 0 0 0 0 0 0 0 0 0 
57.18488 6.43230 9 0 0 0 0 0 0 0 0 -1 -1 0 0 1 0 0 0 0 0 
69.50480 0.00000 15 0 1 0 0 0 0 0 0 1 0 0 0 -1 0 0 0 0 0 
80.57600 6.52753 2 0 -1 0 0 0 0 0 0 0 1 0 0 0 0 0 0 0 0 
87.13552 5.66359 2 0 -1 0 0 0 0 0 0 0 1 0 0 0 0 0 0 0 0 
134.78008 9.24733 9 0 0 0 0 0 0 0 0 -1 -1 0 0 1 0 0 0 0 0 
172.34535 6.91150 13 0 0 0 0 0 0 0 0 0 -1 0 0 -1 0 0 0 1 0 
176.02509 8.31940 10 0 0 0 0 0 0 0 0 0 0 -1 -1 0 1 0 0 0 0 
185.62439 0.00000 19 0 1 0 0 0 0 0 0 0 0 0 0 1 0 0 0 -1 0 
214.83827 2.36783 2 0 -1 0 0 0 0 0 0 0 1 0 0 0 0 0 0 0 0 
219.28595 0.00000 15 0 1 0 0 0 0 0 0 1 0 0 0 -1 0 0 0 0 0 
226.64542 0.00000 16 0 0 0 1 0 0 0 0 0 0 1 0 0 -1 0 0 0 0 
239.76447 4.19170 4 0 0 0 -1 0 0 0 0 0 0 0 1 0 0 0 0 0 0 
233.23694 10.75122 4 0 0 0 -1 0 0 0 0 0 0 0 1 0 0 0 0 0 0 
254.83537 3.96904 2 0 -1 0 0 0 0 0 0 0 1 0 0 0 0 0 0 0 0 
285.18307 9.76395 9 0 0 0 0 0 0 0 0 -1 -1 0 0 1 0 0 0 0 0 
303.01428 11.10849 13 0 0 0 0 0 0 0 0 0 -1 0 0 -1 0 0 0 1 0 
344.56708 0.00000 19 0 1 0 0 0 0 0 0 0 0 0 0 1 0 0 0 -1 0 
345.62350 0.00000 15 0 1 0 0 0 0 0 0 1 0 0 0 -1 0 0 0 0 0 
356.79602 4.83395 2 0 -1 0 0 0 0 0 0 0 1 0 0 0 0 0 0 0 0 
367.23224 6.69070 9 0 0 0 0 0 0 0 0 -1 -1 0 0 1 0 0 0 0 0 
376.22787 0.00000 15 0 1 0 0 0 0 0 0 1 0 0 0 -1 0 0 0 0 0 
397.26038 4.83395 2 0 -1 0 0 0 0 0 0 0 1 0 0 0 0 0 0 0 0 
408.01672 9.98804 9 0 0 0 0 0 0 0 0 -1 -1 0 0 1 0 0 0 0 0 
419.15723 5.02603 2 0 -1 0 0 0 0 0 0 0 1 0 0 0 0 0 0 0 0 
428.18488 0.00000 15 0 1 0 0 0 0 0 0 1 0 0 0 -1 0 0 0 0 0 
446.52829 8.70752 9 0 0 0 0 0 0 0 0 -1 -1 0 0 1 0 0 0 0 0 
458.02094 2.59305 2 0 -1 0 0 0 0 0 0 0 1 0 0 0 0 0 0 0 0 
460.67801 14.11771 13 0 0 0 0 0 0 0 0 0 -1 0 0 -1 0 0 0 1 0 
525.42737 0.00000 19 0 1 0 0 0 0 0 0 0 0 0 0 1 0 0 0 -1 0 
536.87708 0.00000 15 0 1 0 0 0 0 0 0 1 0 0 0 -1 0 0 0 0 0 
535.27795 5.88477 2 0 -1 0 0 0 0 0 0 0 1 0 0 0 0 0 0 0 0 
556.19446 4.25366 2 0 -1 0 0 0 0 0 0 0 1 0 0 0 0 0 0 0 0 
591.27917 9.40283 9 0 0 0 0 0 0 0 0 -1 -1 0 0 1 0 0 0 0 0 
691.99182 9.21094 13 0 0 0 0 0 0 0 0 0 -1 0 0 -1 0 0 0 1 0 
762.89685 0.00000 19 0 1 0 0 0 0 0 0 0 0 0 0 1 0 0 0 -1 0 
779.17590 0.00000 15 0 1 0 0 0 0 0 0 1 0 0 0 -1 0 0 0 0 0 
779.84753 4.22168 2 0 -1 0 0 0 0 0 0 0 1 0 0 0 0 0 0 0 0 
784.13318 12.24927 9 0 0 0 0 0 0 0 0 -1 -1 0 0 1 0 0 0 0 0 
800.50818 0.00000 15 0 1 0 0 0 0 0 0 1 0 0 0 -1 0 0 0 0 0 
808.53577 5.69287 2 0 -1 0 0 0 0 0 0 0 1 0 0 0 0 0 0 0 0 
814.29260 8.53931 9 0 0 0 0 0 0 0 0 -1 -1 0 0 1 0 0 0 0 0 
827.94910 6.39648 2 0 -1 0 0 0 0 0 0 0 1 0 0 0 0 0 0 0 0 
834.40955 9.97852 13 0 0 0 0 0 0 0 0 0 -1 0 0 -1 0 0 0 1 0 
899.65369 0.00000 19 0 1 0 0 0 0 0 0 0 0 0 0 1 0 0 0 -1 0 
