0.09599 5.28001 1 -1 0 0 0 0 0 0 0 1 0 0 0 0 0 0 0 0 0 
5.60000 5.98396 2 0 -1 0 0 0 0 0 0 0 1 0 0 0 0 0 0 0 0 
7.64801 5.21594 4 0 0 0 -1 0 0 0 0 0 0 0 1 0 0 0 0 0 0 
13.98394 4.47994 3 0 0 -1 0 0 0 0 0 0 0 1 0 0 0 0 0 0 0 
17.21589 7.00791 9 0 0 0 0 0 0 0 0 -1 -1 0 0 1 0 0 0 0 0 
31.07171 0.00000 15 0 1 0 0 0 0 0 0 1 0 0 0 -1 0 0 0 0 0 
31.07171 3.52011 2 0 -1 0 0 0 0 0 0 0 1 0 0 0 0 0 0 0 0 
52.70467 5.60026 2 0 -1 0 0 0 0 0 0 0 1 0 0 0 0 0 0 0 0 
112.44569 10.20726 10 0 0 0 0 0 0 0 0 0 0 -1 -1 0 1 0 0 0 0 
150.84291 0.00000 16 0 0 0 1 0 0 0 0 0 0 1 0 0 -1 0 0 0 0 
155.73856 4.41568 4 0 0 0 -1 0 0 0 0 0 0 0 1 0 0 0 0 0 0 
160.18623 9.50331 10 0 0 0 0 0 0 0 0 0 0 -1 -1 0 1 0 0 0 0 
385.99182 0.00000 16 0 0 0 1 0 0 0 0 0 0 1 0 0 -1 0 0 0 0 
387.94461 4.32175 4 0 0 0 -1 0 0 0 0 0 0 0 1 0 0 0 0 0 0 
392.33038 8.32336 10 0 0 0 0 0 0 0 0 0 0 -1 -1 0 1 0 0 0 0 
465.92813 0.00000 16 0 0 0 1 0 0 0 0 0 0 1 0 0 -1 0 0 0 0 
465.96014 6.21051 4 0 0 0 -1 0 0 0 0 0 0 0 1 0 0 0 0 0 0 
477.29272 9.02765 10 0 0 0 0 0 0 0 0 0 0 -1 -1 0 1 0 0 0 0 
499.09354 0.00000 16 0 0 0 1 0 0 0 0 0 0 1 0 0 -1 0 0 0 0 
545.73621 1.88696 4 0 0 0 -1 0 0 0 0 0 0 0 1 0 0 0 0 0 0 
552.35657 9.37085 10 0 0 0 0 0 0 0 0 0 0 -1 -1 0 1 0 0 0 0 
629.97791 0.00000 16 0 0 0 1 0 0 0 0 0 0 1 0 0 -1 0 0 0 0 
657.13098 5.18115 4 0 0 0 -1 0 0 0 0 0 0 0 1 0 0 0 0 0 0 
715.11511 9.33887 10 0 0 0 0 0 0 0 0 0 0 -1 -1 0 1 0 0 0 0 
