0.09600 2.40000 3 0 0 -1 0 0 0 0 0 0 0 1 0 0 0 0 0 0 0 
0.09600 5.53601 1 -1 0 0 0 0 0 0 0 1 0 0 0 0 0 0 0 0 0 
14.20793 4.12795 2 0 -1 0 0 0 0 0 0 0 1 0 0 0 0 0 0 0 0 
26.30378 4.28794 2 0 -1 0 0 0 0 0 0 0 1 0 0 0 0 0 0 0 0 
80.00004 5.24762 4 0 0 0 -1 0 0 0 0 0 0 0 1 0 0 0 0 0 0 
87.45550 8.44739 9 0 0 0 0 0 0 0 0 -1 -1 0 0 1 0 0 0 0 0 
229.87718 0.00000 15 0 1 0 0 0 0 0 0 1 0 0 0 -1 0 0 0 0 0 
226.16545 11.10320 10 0 0 0 0 0 0 0 0 0 0 -1 -1 0 1 0 0 0 0 
241.17236 5.53560 2 0 -1 0 0 0 0 0 0 0 1 0 0 0 0 0 0 0 0 
282.39795 6.59467 9 0 0 0 0 0 0 0 0 -1 -1 0 0 1 0 0 0 0 0 
305.35123 6.97882 11 0 0 0 0 0 0 0 0 0 0 0 0 -1 -1 1 0 0 0 
329.16885 0.00000 17 0 0 0 0 1 0 0 0 0 0 0 0 0 1 -1 0 0 0 
334.25891 5.50623 5 0 0 0 0 -1 0 0 0 0 0 0 0 1 0 0 0 0 0 
376.06781 0.00000 15 0 1 0 0 0 0 0 0 1 0 0 0 -1 0 0 0 0 0 
429.56143 4.64188 2 0 -1 0 0 0 0 0 0 0 1 0 0 0 0 0 0 0 0 
447.42465 0.00000 16 0 0 0 1 0 0 0 0 0 0 1 0 0 -1 0 0 0 0 
437.53265 10.46823 9 0 0 0 0 0 0 0 0 -1 -1 0 0 1 0 0 0 0 0 
451.10614 0.00000 15 0 1 0 0 0 0 0 0 1 0 0 0 -1 0 0 0 0 0 
452.89886 4.03363 9 0 0 0 0 0 0 0 0 -1 -1 0 0 1 0 0 0 0 0 
451.10614 5.95441 2 0 -1 0 0 0 0 0 0 0 1 0 0 0 0 0 0 0 0 
455.65198 5.95441 4 0 0 0 -1 0 0 0 0 0 0 0 1 0 0 0 0 0 0 
470.53799 8.41940 10 0 0 0 0 0 0 0 0 0 0 -1 -1 0 1 0 0 0 0 
484.30356 11.20453 13 0 0 0 0 0 0 0 0 0 -1 0 0 -1 0 0 0 1 0 
859.80359 0.00000 16 0 0 0 1 0 0 0 0 0 0 1 0 0 -1 0 0 0 0 
883.66248 4.63745 4 0 0 0 -1 0 0 0 0 0 0 0 1 0 0 0 0 0 0 
891.94592 7.54785 10 0 0 0 0 0 0 0 0 0 0 -1 -1 0 1 0 0 0 0 
