2.27200 4.41601 4 0 0 0 -1 0 0 0 0 0 0 0 1 0 0 0 0 0 0 
9.69599 6.04792 2 0 -1 0 0 0 0 0 0 0 1 0 0 0 0 0 0 0 0 
21.40784 4.06395 1 -1 0 0 0 0 0 0 0 1 0 0 0 0 0 0 0 0 0 
22.11183 4.19195 2 0 -1 0 0 0 0 0 0 0 1 0 0 0 0 0 0 0 0 
80.89597 8.51138 9 0 0 0 0 0 0 0 0 -1 -1 0 0 1 0 0 0 0 0 
100.83053 8.51138 13 0 0 0 0 0 0 0 0 0 -1 0 0 -1 0 0 0 1 0 
114.20556 4.51167 3 0 0 -1 0 0 0 0 0 0 0 1 0 0 0 0 0 0 0 
166.96974 0.00000 19 0 1 0 0 0 0 0 0 0 0 0 0 1 0 0 0 -1 0 
170.07352 9.56731 10 0 0 0 0 0 0 0 0 0 0 -1 -1 0 1 0 0 0 0 
203.19112 10.62323 11 0 0 0 0 0 0 0 0 0 0 0 0 -1 -1 1 0 0 0 
213.84634 5.53560 2 0 -1 0 0 0 0 0 0 0 1 0 0 0 0 0 0 0 0 
250.19571 8.12851 12 0 0 0 0 0 0 0 0 0 -1 0 0 0 0 -1 1 0 0 
561.79138 0.00000 18 0 1 0 0 0 0 0 0 0 0 0 0 0 0 1 -1 0 0 
574.07263 6.26855 2 0 -1 0 0 0 0 0 0 0 1 0 0 0 0 0 0 0 0 
621.63049 0.00000 17 0 0 0 0 1 0 0 0 0 0 0 0 0 1 -1 0 0 0 
624.50891 4.47754 5 0 0 0 0 -1 0 0 0 0 0 0 0 1 0 0 0 0 0 
635.57483 0.00000 16 0 0 0 1 0 0 0 0 0 0 1 0 0 -1 0 0 0 0 
648.30383 4.57349 4 0 0 0 -1 0 0 0 0 0 0 0 1 0 0 0 0 0 0 
667.58923 0.00000 15 0 1 0 0 0 0 0 0 1 0 0 0 -1 0 0 0 0 0 
670.05188 9.72266 9 0 0 0 0 0 0 0 0 -1 -1 0 0 1 0 0 0 0 0 
681.40564 5.05322 2 0 -1 0 0 0 0 0 0 0 1 0 0 0 0 0 0 0 0 
686.49084 11.60962 13 0 0 0 0 0 0 0 0 0 -1 0 0 -1 0 0 0 1 0 
783.90930 0.00000 19 0 1 0 0 0 0 0 0 0 0 0 0 1 0 0 0 -1 0 
804.66589 0.00000 15 0 1 0 0 0 0 0 0 1 0 0 0 -1 0 0 0 0 0 
805.88123 8.79517 10 0 0 0 0 0 0 0 0 0 0 -1 -1 0 1 0 0 0 0 
814.70837 6.04468 2 0 -1 0 0 0 0 0 0 0 1 0 0 0 0 0 0 0 0 
833.29016 5.37305 2 0 -1 0 0 0 0 0 0 0 1 0 0 0 0 0 0 0 0 
845.95520 10.42627 9 0 0 0 0 0 0 0 0 -1 -1 0 0 1 0 0 0 0 0 
