0.92800 4.67201 1 -1 0 0 0 0 0 0 0 1 0 0 0 0 0 0 0 0 0 
4.60801 4.54399 2 0 -1 0 0 0 0 0 0 0 1 0 0 0 0 0 0 0 0 
8.64001 5.11993 2 0 -1 0 0 0 0 0 0 0 1 0 0 0 0 0 0 0 0 
14.52792 1.75998 3 0 0 -1 0 0 0 0 0 0 0 1 0 0 0 0 0 0 0 
42.81621 4.54421 4 0 0 0 -1 0 0 0 0 0 0 0 1 0 0 0 0 0 0 
50.36856 7.64836 9 0 0 0 0 0 0 0 0 -1 -1 0 0 1 0 0 0 0 0 
120.06113 0.00000 15 0 1 0 0 0 0 0 0 1 0 0 0 -1 0 0 0 0 0 
150.81091 9.34332 10 0 0 0 0 0 0 0 0 0 0 -1 -1 0 1 0 0 0 0 
156.85847 4.41568 2 0 -1 0 0 0 0 0 0 0 1 0 0 0 0 0 0 0 0 
178.80888 0.00000 16 0 0 0 1 0 0 0 0 0 0 1 0 0 -1 0 0 0 0 
204.37503 9.69530 9 0 0 0 0 0 0 0 0 -1 -1 0 0 1 0 0 0 0 0 
215.09425 4.67166 4 0 0 0 -1 0 0 0 0 0 0 0 1 0 0 0 0 0 0 
214.13432 6.91150 13 0 0 0 0 0 0 0 0 0 -1 0 0 -1 0 0 0 1 0 
251.50761 8.48128 10 0 0 0 0 0 0 0 0 0 0 -1 -1 0 1 0 0 0 0 
359.29303 7.74713 14 0 0 0 0 0 0 0 0 0 0 0 0 0 -1 0 0 -1 1 
