0.09600 2.56000 4 0 0 0 -1 0 0 0 0 0 0 0 1 0 0 0 0 0 0 
0.73600 5.08801 2 0 -1 0 0 0 0 0 0 0 1 0 0 0 0 0 0 0 0 
7.20001 6.20793 1 -1 0 0 0 0 0 0 0 1 0 0 0 0 0 0 0 0 0 
23.39181 5.59993 2 0 -1 0 0 0 0 0 0 0 1 0 0 0 0 0 0 0 0 
98.04673 4.86365 3 0 0 -1 0 0 0 0 0 0 0 1 0 0 0 0 0 0 0 
97.43877 8.70337 9 0 0 0 0 0 0 0 0 -1 -1 0 0 1 0 0 0 0 0 
116.18941 0.00000 15 0 1 0 0 0 0 0 0 1 0 0 0 -1 0 0 0 0 0 
154.65063 7.39146 9 0 0 0 0 0 0 0 0 -1 -1 0 0 1 0 0 0 0 0 
180.76074 0.00000 15 0 1 0 0 0 0 0 0 1 0 0 0 -1 0 0 0 0 0 
184.50447 9.37532 10 0 0 0 0 0 0 0 0 0 0 -1 -1 0 1 0 0 0 0 
223.12567 5.88757 2 0 -1 0 0 0 0 0 0 0 1 0 0 0 0 0 0 0 0 
232.82097 9.05534 9 0 0 0 0 0 0 0 0 -1 -1 0 0 1 0 0 0 0 0 
276.82770 4.70590 2 0 -1 0 0 0 0 0 0 0 1 0 0 0 0 0 0 0 0 
288.44839 0.00000 16 0 0 0 1 0 0 0 0 0 0 1 0 0 -1 0 0 0 0 
293.41040 4.28973 4 0 0 0 -1 0 0 0 0 0 0 0 1 0 0 0 0 0 0 
337.94040 8.54745 10 0 0 0 0 0 0 0 0 0 0 -1 -1 0 1 0 0 0 0 
348.63272 8.73953 11 0 0 0 0 0 0 0 0 0 0 0 0 -1 -1 1 0 0 0 
368.80087 0.00000 17 0 0 0 0 1 0 0 0 0 0 0 0 0 1 -1 0 0 0 
489.52167 0.00000 16 0 0 0 1 0 0 0 0 0 0 1 0 0 -1 0 0 0 0 
507.89709 5.08911 5 0 0 0 0 -1 0 0 0 0 0 0 0 1 0 0 0 0 0 
551.81287 4.44556 4 0 0 0 -1 0 0 0 0 0 0 0 1 0 0 0 0 0 0 
560.32019 7.22803 13 0 0 0 0 0 0 0 0 0 -1 0 0 -1 0 0 0 1 0 
585.17053 0.00000 19 0 1 0 0 0 0 0 0 0 0 0 0 1 0 0 0 -1 0 
607.62219 0.00000 15 0 1 0 0 0 0 0 0 1 0 0 0 -1 0 0 0 0 0 
623.96521 3.77393 2 0 -1 0 0 0 0 0 0 0 1 0 0 0 0 0 0 0 0 
634.51941 9.59473 9 0 0 0 0 0 0 0 0 -1 -1 0 0 1 0 0 0 0 0 
644.56189 0.00000 15 0 1 0 0 0 0 0 0 1 0 0 0 -1 0 0 0 0 0 
650.31873 5.46899 2 0 -1 0 0 0 0 0 0 0 1 0 0 0 0 0 0 0 0 
698.35632 6.68433 9 0 0 0 0 0 0 0 0 -1 -1 0 0 1 0 0 0 0 0 
762.35315 4.57349 2 0 -1 0 0 0 0 0 0 0 1 0 0 0 0 0 0 0 0 
780.90295 9.56274 13 0 0 0 0 0 0 0 0 0 -1 0 0 -1 0 0 0 1 0 
