0.09600 3.10400 2 0 -1 0 0 0 0 0 0 0 1 0 0 0 0 0 0 0 0 
3.87200 5.08800 4 0 0 0 -1 0 0 0 0 0 0 0 1 0 0 0 0 0 0 
36.31990 5.28025 3 0 0 -1 0 0 0 0 0 0 0 1 0 0 0 0 0 0 0 
38.14399 5.50426 2 0 -1 0 0 0 0 0 0 0 1 0 0 0 0 0 0 0 0 
48.76849 9.28043 10 0 0 0 0 0 0 0 0 0 0 -1 -1 0 1 0 0 0 0 
73.53651 4.09570 1 -1 0 0 0 0 0 0 0 1 0 0 0 0 0 0 0 0 0 
118.97321 9.40733 9 0 0 0 0 0 0 0 0 -1 -1 0 0 1 0 0 0 0 0 
148.41109 9.40732 11 0 0 0 0 0 0 0 0 0 0 0 0 -1 -1 1 0 0 0 
174.23322 8.51138 12 0 0 0 0 0 0 0 0 0 -1 0 0 0 0 -1 1 0 0 
460.32587 0.00000 18 0 1 0 0 0 0 0 0 0 0 0 0 0 0 1 -1 0 0 
466.88852 5.34616 2 0 -1 0 0 0 0 0 0 0 1 0 0 0 0 0 0 0 0 
472.26669 12.13290 12 0 0 0 0 0 0 0 0 0 -1 0 0 0 0 -1 1 0 0 
623.86926 0.00000 18 0 1 0 0 0 0 0 0 0 0 0 0 0 0 1 -1 0 0 
680.35022 5.46899 2 0 -1 0 0 0 0 0 0 0 1 0 0 0 0 0 0 0 0 
690.48865 10.65015 12 0 0 0 0 0 0 0 0 0 -1 0 0 0 0 -1 1 0 0 
