6.97601 4.83195 2 0 -1 0 0 0 0 0 0 0 1 0 0 0 0 0 0 0 0 
10.46398 3.80795 3 0 0 -1 0 0 0 0 0 0 0 1 0 0 0 0 0 0 0 
15.93591 4.86394 1 -1 0 0 0 0 0 0 0 1 0 0 0 0 0 0 0 0 0 
23.61581 4.54394 2 0 -1 0 0 0 0 0 0 0 1 0 0 0 0 0 0 0 0 
41.72815 4.83223 4 0 0 0 -1 0 0 0 0 0 0 0 1 0 0 0 0 0 0 
57.05687 8.86419 9 0 0 0 0 0 0 0 0 -1 -1 0 0 1 0 0 0 0 0 
75.45637 8.09541 13 0 0 0 0 0 0 0 0 0 -1 0 0 -1 0 0 0 1 0 
94.55898 0.00000 19 0 1 0 0 0 0 0 0 0 0 0 0 1 0 0 0 -1 0 
110.84580 8.38339 10 0 0 0 0 0 0 0 0 0 0 -1 -1 0 1 0 0 0 0 
119.83715 0.00000 15 0 1 0 0 0 0 0 0 1 0 0 0 -1 0 0 0 0 0 
117.24535 4.35168 2 0 -1 0 0 0 0 0 0 0 1 0 0 0 0 0 0 0 0 
136.95592 4.09570 2 0 -1 0 0 0 0 0 0 0 1 0 0 0 0 0 0 0 0 
141.11562 15.10291 9 0 0 0 0 0 0 0 0 -1 -1 0 0 1 0 0 0 0 0 
216.43816 0.00000 15 0 1 0 0 0 0 0 0 1 0 0 0 -1 0 0 0 0 0 
261.46149 6.53064 2 0 -1 0 0 0 0 0 0 0 1 0 0 0 0 0 0 0 0 
314.53894 8.64349 9 0 0 0 0 0 0 0 0 -1 -1 0 0 1 0 0 0 0 0 
335.34735 8.73953 13 0 0 0 0 0 0 0 0 0 -1 0 0 -1 0 0 0 1 0 
367.00815 9.60388 14 0 0 0 0 0 0 0 0 0 0 0 0 0 -1 0 0 -1 1 
