0.09600 3.07200 2 0 -1 0 0 0 0 0 0 0 1 0 0 0 0 0 0 0 0 
10.65597 4.89594 4 0 0 0 -1 0 0 0 0 0 0 0 1 0 0 0 0 0 0 
24.51180 4.60794 3 0 0 -1 0 0 0 0 0 0 0 1 0 0 0 0 0 0 0 
39.42405 4.16019 1 -1 0 0 0 0 0 0 0 1 0 0 0 0 0 0 0 0 0 
38.94403 11.13652 10 0 0 0 0 0 0 0 0 0 0 -1 -1 0 1 0 0 0 0 
51.04059 0.00000 16 0 0 0 1 0 0 0 0 0 0 1 0 0 -1 0 0 0 0 
70.72071 4.57567 2 0 -1 0 0 0 0 0 0 0 1 0 0 0 0 0 0 0 0 
101.98244 5.40761 4 0 0 0 -1 0 0 0 0 0 0 0 1 0 0 0 0 0 0 
102.43041 6.87950 9 0 0 0 0 0 0 0 0 -1 -1 0 0 1 0 0 0 0 0 
111.19778 9.59930 10 0 0 0 0 0 0 0 0 0 0 -1 -1 0 1 0 0 0 0 
139.64372 9.85529 11 0 0 0 0 0 0 0 0 0 0 0 0 -1 -1 1 0 0 0 
186.23235 0.00000 17 0 0 0 0 1 0 0 0 0 0 0 0 0 1 -1 0 0 0 
234.29286 0.00000 16 0 0 0 1 0 0 0 0 0 0 1 0 0 -1 0 0 0 0 
266.61557 5.02603 4 0 0 0 -1 0 0 0 0 0 0 0 1 0 0 0 0 0 0 
334.64307 10.24414 10 0 0 0 0 0 0 0 0 0 0 -1 -1 0 1 0 0 0 0 
599.97839 5.18115 5 0 0 0 0 -1 0 0 0 0 0 0 0 1 0 0 0 0 0 
611.33215 0.00000 15 0 1 0 0 0 0 0 0 1 0 0 0 -1 0 0 0 0 0 
612.57947 10.58618 9 0 0 0 0 0 0 0 0 -1 -1 0 0 1 0 0 0 0 0 
636.05457 3.23022 2 0 -1 0 0 0 0 0 0 0 1 0 0 0 0 0 0 0 0 
655.62781 7.89966 13 0 0 0 0 0 0 0 0 0 -1 0 0 -1 0 0 0 1 0 
669.34827 7.83569 14 0 0 0 0 0 0 0 0 0 0 0 0 0 -1 0 0 -1 1 
