3.74400 4.38401 2 0 -1 0 0 0 0 0 0 0 1 0 0 0 0 0 0 0 0 
5.66400 4.38398 3 0 0 -1 0 0 0 0 0 0 0 1 0 0 0 0 0 0 0 
35.42386 4.67222 4 0 0 0 -1 0 0 0 0 0 0 0 1 0 0 0 0 0 0 
57.18488 4.73622 1 -1 0 0 0 0 0 0 0 1 0 0 0 0 0 0 0 0 0 
55.64881 8.44838 10 0 0 0 0 0 0 0 0 0 0 -1 -1 0 1 0 0 0 0 
70.24075 9.15134 9 0 0 0 0 0 0 0 0 -1 -1 0 0 1 0 0 0 0 0 
83.23180 0.00000 15 0 1 0 0 0 0 0 0 1 0 0 0 -1 0 0 0 0 0 
86.78355 3.93571 2 0 -1 0 0 0 0 0 0 0 1 0 0 0 0 0 0 0 0 
90.75125 11.35918 9 0 0 0 0 0 0 0 0 -1 -1 0 0 1 0 0 0 0 0 
120.41311 0.00000 15 0 1 0 0 0 0 0 0 1 0 0 0 -1 0 0 0 0 0 
141.14761 0.00000 16 0 0 0 1 0 0 0 0 0 0 1 0 0 -1 0 0 0 0 
181.43269 5.34361 2 0 -1 0 0 0 0 0 0 0 1 0 0 0 0 0 0 0 0 
192.59988 5.63159 4 0 0 0 -1 0 0 0 0 0 0 0 1 0 0 0 0 0 0 
231.50906 9.34332 9 0 0 0 0 0 0 0 0 -1 -1 0 0 1 0 0 0 0 0 
283.07022 8.51544 10 0 0 0 0 0 0 0 0 0 0 -1 -1 0 1 0 0 0 0 
291.64969 5.69830 11 0 0 0 0 0 0 0 0 0 0 0 0 -1 -1 1 0 0 0 
384.19910 3.80954 2 0 -1 0 0 0 0 0 0 0 1 0 0 0 0 0 0 0 0 
421.04599 0.00000 17 0 0 0 0 1 0 0 0 0 0 0 0 0 1 -1 0 0 0 
433.30695 0.00000 16 0 0 0 1 0 0 0 0 0 0 1 0 0 -1 0 0 0 0 
437.40460 5.73032 5 0 0 0 0 -1 0 0 0 0 0 0 0 1 0 0 0 0 0 
