8.83200 4.19195 4 0 0 0 -1 0 0 0 0 0 0 0 1 0 0 0 0 0 0 
8.99199 4.12795 2 0 -1 0 0 0 0 0 0 0 1 0 0 0 0 0 0 0 0 
14.46393 5.18393 1 -1 0 0 0 0 0 0 0 1 0 0 0 0 0 0 0 0 0 
41.08812 9.31244 9 0 0 0 0 0 0 0 0 -1 -1 0 0 1 0 0 0 0 0 
51.39261 5.02423 3 0 0 -1 0 0 0 0 0 0 0 1 0 0 0 0 0 0 0 
57.66491 4.12819 2 0 -1 0 0 0 0 0 0 0 1 0 0 0 0 0 0 0 0 
78.62414 0.00000 15 0 1 0 0 0 0 0 0 1 0 0 0 -1 0 0 0 0 0 
91.58320 5.15163 2 0 -1 0 0 0 0 0 0 0 1 0 0 0 0 0 0 0 0 
85.05567 11.71115 2 0 -1 0 0 0 0 0 0 0 1 0 0 0 0 0 0 0 0 
148.37909 7.93542 10 0 0 0 0 0 0 0 0 0 0 -1 -1 0 1 0 0 0 0 
173.84924 0.00000 16 0 0 0 1 0 0 0 0 0 0 1 0 0 -1 0 0 0 0 
241.52434 5.98357 4 0 0 0 -1 0 0 0 0 0 0 0 1 0 0 0 0 0 0 
249.13979 7.67982 10 0 0 0 0 0 0 0 0 0 0 -1 -1 0 1 0 0 0 0 
609.73303 0.00000 16 0 0 0 1 0 0 0 0 0 0 1 0 0 -1 0 0 0 0 
630.45764 4.06177 4 0 0 0 -1 0 0 0 0 0 0 0 1 0 0 0 0 0 0 
700.43518 7.35596 10 0 0 0 0 0 0 0 0 0 0 -1 -1 0 1 0 0 0 0 
