0.09600 3.20000 3 0 0 -1 0 0 0 0 0 0 0 1 0 0 0 0 0 0 0 
8.41601 4.44794 1 -1 0 0 0 0 0 0 0 1 0 0 0 0 0 0 0 0 0 
21.08784 5.79193 4 0 0 0 -1 0 0 0 0 0 0 0 1 0 0 0 0 0 0 
97.24680 5.31161 2 0 -1 0 0 0 0 0 0 0 1 0 0 0 0 0 0 0 0 
119.90115 8.28741 9 0 0 0 0 0 0 0 0 -1 -1 0 0 1 0 0 0 0 0 
129.14848 9.72729 10 0 0 0 0 0 0 0 0 0 0 -1 -1 0 1 0 0 0 0 
138.93977 12.54309 11 0 0 0 0 0 0 0 0 0 0 0 0 -1 -1 1 0 0 0 
179.12886 4.95964 2 0 -1 0 0 0 0 0 0 0 1 0 0 0 0 0 0 0 0 
225.30151 10.71922 12 0 0 0 0 0 0 0 0 0 -1 0 0 0 0 -1 1 0 0 
402.28641 0.00000 18 0 1 0 0 0 0 0 0 0 0 0 0 0 0 1 -1 0 0 
418.35690 4.51382 2 0 -1 0 0 0 0 0 0 0 1 0 0 0 0 0 0 0 0 
451.07413 8.00323 12 0 0 0 0 0 0 0 0 0 -1 0 0 0 0 -1 1 0 0 
