0.09600 2.56000 3 0 0 -1 0 0 0 0 0 0 0 1 0 0 0 0 0 0 0 
5.63200 3.77599 4 0 0 0 -1 0 0 0 0 0 0 0 1 0 0 0 0 0 0 
6.24001 5.15196 1 -1 0 0 0 0 0 0 0 1 0 0 0 0 0 0 0 0 0 
9.43999 7.71190 10 0 0 0 0 0 0 0 0 0 0 -1 -1 0 1 0 0 0 0 
23.67981 5.18393 2 0 -1 0 0 0 0 0 0 0 1 0 0 0 0 0 0 0 0 
65.88906 0.00000 16 0 0 0 1 0 0 0 0 0 0 1 0 0 -1 0 0 0 0 
66.68900 4.31969 4 0 0 0 -1 0 0 0 0 0 0 0 1 0 0 0 0 0 0 
94.01501 4.19170 2 0 -1 0 0 0 0 0 0 0 1 0 0 0 0 0 0 0 0 
126.71664 8.57539 9 0 0 0 0 0 0 0 0 -1 -1 0 0 1 0 0 0 0 0 
138.97177 0.00000 15 0 1 0 0 0 0 0 0 1 0 0 0 -1 0 0 0 0 0 
175.35313 4.28769 2 0 -1 0 0 0 0 0 0 0 1 0 0 0 0 0 0 0 0 
182.87259 11.83914 9 0 0 0 0 0 0 0 0 -1 -1 0 0 1 0 0 0 0 0 
187.76823 7.07149 10 0 0 0 0 0 0 0 0 0 0 -1 -1 0 1 0 0 0 0 
195.09570 9.21533 11 0 0 0 0 0 0 0 0 0 0 0 0 -1 -1 1 0 0 0 
205.36696 11.00720 12 0 0 0 0 0 0 0 0 0 -1 0 0 0 0 -1 1 0 0 
746.93762 0.00000 18 0 1 0 0 0 0 0 0 0 0 0 0 0 0 1 -1 0 0 
790.14587 2.43066 2 0 -1 0 0 0 0 0 0 0 1 0 0 0 0 0 0 0 0 
824.39905 0.00000 17 0 0 0 0 1 0 0 0 0 0 0 0 0 1 -1 0 0 0 
846.94666 5.40503 5 0 0 0 0 -1 0 0 0 0 0 0 0 1 0 0 0 0 0 
876.46643 12.95288 11 0 0 0 0 0 0 0 0 0 0 0 0 -1 -1 1 0 0 0 
