0.09600 3.36000 1 -1 0 0 0 0 0 0 0 1 0 0 0 0 0 0 0 0 0 
7.16800 4.35196 4 0 0 0 -1 0 0 0 0 0 0 0 1 0 0 0 0 0 0 
8.28800 4.06395 2 0 -1 0 0 0 0 0 0 0 1 0 0 0 0 0 0 0 0 
7.13601 5.59994 3 0 0 -1 0 0 0 0 0 0 0 1 0 0 0 0 0 0 0 
14.43193 4.67194 2 0 -1 0 0 0 0 0 0 0 1 0 0 0 0 0 0 0 0 
19.16787 10.17587 9 0 0 0 0 0 0 0 0 -1 -1 0 0 1 0 0 0 0 0 
40.09608 0.00000 15 0 1 0 0 0 0 0 0 1 0 0 0 -1 0 0 0 0 0 
89.66334 6.52753 9 0 0 0 0 0 0 0 0 -1 -1 0 0 1 0 0 0 0 0 
102.71839 9.91928 11 0 0 0 0 0 0 0 0 0 0 0 0 -1 -1 1 0 0 0 
112.98965 4.79965 2 0 -1 0 0 0 0 0 0 0 1 0 0 0 0 0 0 0 0 
160.85818 7.80743 12 0 0 0 0 0 0 0 0 0 -1 0 0 0 0 -1 1 0 0 
817.33093 0.00000 18 0 1 0 0 0 0 0 0 0 0 0 0 0 0 1 -1 0 0 
825.45447 0.00000 17 0 0 0 0 1 0 0 0 0 0 0 0 0 1 -1 0 0 0 
870.70959 0.00000 16 0 0 0 1 0 0 0 0 0 0 1 0 0 -1 0 0 0 0 
867.03162 5.40503 5 0 0 0 0 -1 0 0 0 0 0 0 0 1 0 0 0 0 0 
871.66907 4.63745 2 0 -1 0 0 0 0 0 0 0 1 0 0 0 0 0 0 0 0 
876.85022 10.61816 13 0 0 0 0 0 0 0 0 0 -1 0 0 -1 0 0 0 1 0 
