0 60 120 60 60 0 0 0 0 0 0
0.0352155 60 120 59 59 0 1 0 0 0 0
0.0572323 60 120 58 58 0 2 0 0 0 0
0.0624789 60 120 57 57 0 3 0 0 0 0
0.0690048 59 119 57 57 1 3 0 0 0 0
0.079626 58 118 57 57 2 3 0 0 0 0
0.0893972 58 118 56 56 2 4 0 0 0 0
0.0954945 58 118 55 55 2 5 0 0 0 0
0.10029 58 118 54 54 2 6 0 0 0 0
0.134007 57 117 54 54 3 6 0 0 0 0
0.141338 56 116 54 54 4 6 0 0 0 0
0.15449 56 116 53 53 4 7 0 0 0 0
0.155031 56 116 52 52 4 8 0 0 0 0
0.170287 55 115 52 52 5 8 0 0 0 0
0.189254 55 115 51 51 5 9 0 0 0 0
0.194551 55 115 50 50 5 10 0 0 0 0
0.241284 55 115 49 49 5 11 0 0 0 0
0.248236 54 114 49 49 6 11 0 0 0 0
0.255453 53 113 49 49 7 11 0 0 0 0
0.282227 52 112 49 49 8 11 0 0 0 0
0.286717 51 111 49 49 9 11 0 0 0 0
0.295984 50 110 49 49 10 11 0 0 0 0
0.31045 49 109 49 49 11 11 0 0 0 0
0.311858 48 108 49 49 12 11 0 0 0 0
0.314166 49 109 49 49 11 11 0 0 0 0
0.346734 48 108 49 49 12 11 0 0 0 0
0.387187 47 107 49 49 13 11 0 0 0 0
0.417113 46 106 49 49 14 11 0 0 0 0
0.432057 45 105 49 49 15 11 0 0 0 0
0.437837 45 105 48 48 15 12 0 0 0 0
0.455931 44 104 48 48 16 12 0 0 0 0
0.46606 43 103 48 48 17 12 0 0 0 0
0.498146 42 102 48 48 18 12 0 0 0 0
0.507061 42 102 47 47 18 13 0 0 0 0
0.520492 42 102 46 46 18 14 0 0 0 0
0.521039 41 101 46 46 19 14 0 0 0 0
0.538435 41 101 45 45 19 15 0 0 0 0
0.553883 41 101 44 44 19 16 0 0 0 0
0.560371 40 100 44 44 20 16 0 0 0 0
0.563712 40 100 43 43 20 17 0 0 0 0
0.584053 40 99 43 43 19 17 0 1 0 0
0.584256 39 98 43 43 20 17 0 1 0 0
0.598514 38 97 43 43 21 17 0 1 0 0
0.614239 38 96 43 43 20 17 0 2 0 0
0.622949 37 95 43 43 21 17 0 2 0 0
0.636482 37 94 43 43 20 17 0 3 0 0
0.649787 36 93 43 43 21 17 0 3 0 0
0.67249 36 93 42 42 21 18 0 3 0 0
0.70726 36 92 42 42 20 18 0 4 0 0
0.726191 36 92 41 41 20 19 0 4 0 0
0.735622 35 91 41 41 21 19 0 4 0 0
0.74053 35 90 41 41 20 19 0 5 0 0
0.743822 34 89 41 41 21 19 0 5 0 0
0.750929 34 89 40 40 21 20 0 5 0 0
0.765504 34 89 39 39 21 21 0 5 0 0
0.819423 34 88 39 39 20 21 0 6 0 0
0.835362 33 87 39 39 21 21 0 6 0 0
0.872489 33 86 39 39 20 21 0 7 0 0
0.907482 33 86 38 38 20 22 0 7 0 0
0.914065 33 85 38 38 19 22 0 8 0 0
0.922371 32 84 38 38 20 22 0 8 0 0
0.928824 31 83 38 38 21 22 0 8 0 0
0.962781 30 82 38 38 22 22 0 8 0 0
0.96794 29 81 38 38 23 22 0 8 0 0
0.969997 28 80 38 38 24 22 0 8 0 0
0.970743 28 80 37 37 24 23 0 8 0 0
0.986279 28 79 37 37 23 23 0 9 0 0
1.00275 27 78 37 37 24 23 0 9 0 0
1.00473 26 77 37 37 25 23 0 9 0 0
1.00778 26 77 36 36 25 24 0 9 0 0
1.01581 26 77 36 36 25 23 0 8 0 1
1.055 25 76 36 36 26 23 0 8 0 1
1.18089 25 76 35 35 26 24 0 8 0 1
1.24206 24 75 35 35 27 24 0 8 0 1
1.24362 24 74 35 35 26 24 0 9 0 1
1.37666 24 74 35 35 25 23 1 9 0 1
1.47178 24 73 35 35 24 23 1 10 0 1
1.47778 23 72 35 35 25 23 1 10 0 1
1.48383 23 72 35 35 24 22 2 10 0 1
1.4967 23 71 35 35 23 22 2 11 0 1
1.50441 23 71 35 35 22 21 3 11 0 1
1.54378 22 70 35 35 23 21 3 11 0 1
1.57434 22 69 35 35 22 21 3 12 0 1
1.58833 21 68 35 35 23 21 3 12 0 1
1.59109 21 68 34 34 23 22 3 12 0 1
1.60348 21 67 34 34 23 22 2 12 1 1
1.62779 21 66 34 34 22 22 2 13 1 1
1.63471 21 66 33 33 22 23 2 13 1 1
1.68311 21 65 33 33 21 23 2 14 1 1
1.69708 20 64 33 33 22 23 2 14 1 1
1.70866 20 63 33 33 22 23 1 14 2 1
1.7176 20 62 33 33 21 23 1 15 2 1
1.7479 20 62 33 33 20 22 2 15 2 1
1.75002 19 61 33 33 21 22 2 15 2 1
1.81809 19 61 33 33 20 21 3 15 2 1
1.82266 19 60 33 33 19 21 3 16 2 1
1.89329 18 59 33 33 20 21 3 16 2 1
1.96595 18 59 32 32 20 22 3 16 2 1
1.97302 18 58 32 32 19 22 3 17 2 1
1.98664 18 57 32 32 18 22 3 18 2 1
2.0454 18 57 31 31 18 23 3 18 2 1
2.08439 18 56 31 31 18 23 2 18 3 1
2.15558 17 55 31 31 19 23 2 18 3 1
2.27949 17 55 30 30 19 24 2 18 3 1
2.28035 17 54 30 30 18 24 2 19 3 1
2.30981 17 53 30 30 17 24 2 20 3 1
2.35724 16 52 30 30 18 24 2 20 3 1
2.3965 16 51 30 30 17 24 2 21 3 1
2.4087 16 51 29 29 17 25 2 21 3 1
2.41612 16 51 29 29 17 24 2 20 3 2
2.42351 16 50 29 29 16 24 2 21 3 2
2.43756 16 50 29 29 16 23 2 20 3 3
2.4475 16 49 29 29 15 23 2 21 3 3
2.48853 16 49 29 29 14 22 3 21 3 3
2.51625 15 48 29 29 15 22 3 21 3 3
2.56734 15 47 29 29 14 22 3 22 3 3
2.6133 15 46 29 29 14 22 2 22 4 3
2.66618 15 46 28 28 14 23 2 22 4 3
2.67974 15 46 27 27 14 24 2 22 4 3
2.6894 15 45 27 27 13 24 2 23 4 3
2.68965 15 45 26 26 13 25 2 23 4 3
2.73601 15 45 25 25 13 26 2 23 4 3
2.77339 15 44 25 25 12 26 2 24 4 3
2.77651 14 43 25 25 13 26 2 24 4 3
2.98632 14 43 25 25 13 25 2 23 4 4
3.16807 14 43 25 25 13 24 2 22 4 5
3.20775 14 42 25 25 12 24 2 23 4 5
3.22017 14 42 24 24 12 25 2 23 4 5
3.25156 13 41 24 24 13 25 2 23 4 5
3.26105 12 40 24 24 14 25 2 23 4 5
3.34321 11 39 24 24 15 25 2 23 4 5
3.3567 11 38 24 24 14 25 2 24 4 5
3.37094 10 37 24 24 15 25 2 24 4 5
3.53889 10 36 24 24 15 25 1 24 5 5
3.58646 10 36 24 24 15 24 1 23 5 6
3.67072 10 36 24 24 14 23 2 23 5 6
3.79805 10 35 24 24 13 23 2 24 5 6
3.81973 10 34 24 24 12 23 2 25 5 6
3.88834 10 33 24 24 11 23 2 26 5 6
3.9067 10 33 23 23 11 24 2 26 5 6
3.96454 10 33 23 23 11 23 2 25 5 7
4.07529 10 33 23 23 11 22 2 24 5 8
4.12093 11 34 23 23 10 22 2 24 5 8
4.27854 10 33 23 23 11 22 2 24 5 8
4.41484 10 33 23 23 11 21 2 23 5 9
4.5615 10 33 22 22 11 22 2 23 5 9
4.75148 10 33 22 22 11 21 2 22 5 10
4.75955 10 33 22 22 11 20 2 21 5 11
4.76186 10 33 22 22 11 19 2 20 5 12
4.84287 10 33 21 21 11 20 2 20 5 12
4.86067 10 32 21 21 11 20 1 20 6 12
4.87733 10 32 21 21 11 19 1 19 6 13
5.02423 10 32 21 21 10 18 2 19 6 13
5.08722 10 32 21 21 9 17 3 19 6 13
5.25822 10 32 20 20 9 18 3 19 6 13
5.27575 10 32 20 20 8 17 4 19 6 13
5.27831 10 33 20 20 9 17 4 18 6 13
5.36111 10 33 20 20 8 16 5 18 6 13
5.36548 10 33 20 20 7 15 6 18 6 13
5.42354 9 32 20 20 8 15 6 18 6 13
5.50774 9 31 20 20 8 15 5 18 7 13
5.58948 9 31 19 19 8 16 5 18 7 13
5.65033 9 31 18 18 8 17 5 18 7 13
5.77063 9 31 18 18 7 16 6 18 7 13
5.90883 9 30 18 18 7 16 5 18 8 13
5.92211 8 29 18 18 8 16 5 18 8 13
6.09949 8 28 18 18 7 16 5 19 8 13
6.10812 8 28 17 17 7 17 5 19 8 13
6.2867 8 28 16 16 7 18 5 19 8 13
6.30973 8 28 15 15 7 19 5 19 8 13
6.36596 8 27 15 15 6 19 5 20 8 13
6.38638 8 26 15 15 5 19 5 21 8 13
6.44302 8 26 14 14 5 20 5 21 8 13
6.8627 8 25 14 14 4 20 5 22 8 13
6.91044 8 24 14 14 3 20 5 23 8 13
6.96576 7 23 14 14 4 20 5 23 8 13
7.17614 6 22 14 14 5 20 5 23 8 13
7.26015 6 22 14 14 5 19 5 22 8 14
7.39503 6 22 14 14 5 18 5 21 8 15
7.62352 6 21 14 14 4 18 5 22 8 15
7.75494 5 20 14 14 5 18 5 22 8 15
7.82489 5 19 14 14 4 18 5 23 8 15
7.86923 5 18 14 14 3 18 5 24 8 15
7.8901 5 18 14 14 3 17 5 23 8 16
7.90762 5 18 14 14 3 16 5 22 8 17
8.15326 5 17 14 14 3 16 4 22 9 17
8.36033 4 16 14 14 4 16 4 22 9 17
8.96479 4 16 14 14 4 15 4 21 9 18
9.21322 3 15 14 14 5 15 4 21 9 18
9.35741 3 15 14 14 5 14 4 20 9 19
9.45279 2 14 14 14 6 14 4 20 9 19
9.46563 2 14 14 14 6 13 4 19 9 20
9.93227 2 13 14 14 6 13 3 19 10 20
10.0933 2 12 14 14 6 13 2 19 11 20
10.4337 2 12 14 14 6 12 2 18 11 21
10.4374 2 11 14 14 5 12 2 19 11 21
10.5328 2 11 14 14 5 11 2 18 11 22
11.0918 2 11 13 13 5 12 2 18 11 22
11.6797 2 11 14 14 5 11 2 18 11 22
11.9865 2 12 14 14 6 11 2 17 11 22
12.0965 2 11 14 14 6 11 1 17 12 22
12.2888 2 11 14 14 6 10 1 16 12 23
12.4602 2 11 14 14 5 9 2 16 12 23
12.5321 2 11 14 14 5 8 2 15 12 24
12.7228 2 11 13 13 5 9 2 15 12 24
12.8604 2 11 12 12 5 10 2 15 12 24
13.2777 2 10 12 12 4 10 2 16 12 24
13.3298 2 10 11 11 4 11 2 16 12 24
13.3408 2 10 10 10 4 12 2 16 12 24
13.4348 2 10 9 9 4 13 2 16 12 24
13.4742 2 10 9 9 4 12 2 15 12 25
13.5896 2 10 9 9 4 11 2 14 12 26
14.0257 2 10 9 9 4 10 2 13 12 27
14.0705 2 10 9 9 3 9 3 13 12 27
14.1938 2 10 8 8 3 10 3 13 12 27
14.6406 2 9 8 8 3 10 2 13 13 27
14.8417 2 9 8 8 3 9 2 12 13 28
15.5117 2 9 7 7 3 10 2 12 13 28
16.1973 2 10 7 7 4 10 2 11 13 28
16.2683 2 10 7 7 4 9 2 10 13 29
17.0948 2 9 7 7 3 9 2 11 13 29
17.1955 2 8 7 7 2 9 2 12 13 29
19.6589 2 8 7 7 2 8 2 11 13 30
19.8505 2 9 7 7 3 8 2 10 13 30
19.8903 2 8 7 7 2 8 2 11 13 30
21.1561 2 8 7 7 2 7 2 10 13 31
22.3484 2 8 7 7 2 6 2 9 13 32
23.1646 2 7 7 7 2 6 1 9 14 32
23.5648 2 7 6 6 2 7 1 9 14 32
23.7326 2 7 6 6 1 6 2 9 14 32
24.6179 2 7 5 5 1 7 2 9 14 32
24.9492 2 8 5 5 2 7 2 8 14 32
25.0299 2 8 5 5 3 8 1 8 14 32
26.6343 2 8 4 4 3 9 1 8 14 32
26.6949 2 9 4 4 4 9 1 7 14 32
26.7923 2 9 3 3 4 10 1 7 14 32
27.35 2 9 3 3 4 9 1 6 14 33
27.8476 2 8 3 3 3 9 1 7 14 33
28.695 2 8 3 3 2 8 2 7 14 33
29.4873 2 7 3 3 2 8 1 7 15 33
29.8569 2 7 3 3 2 7 1 6 15 34
32.6716 3 8 3 3 1 7 1 6 15 34
33.9014 3 7 3 3 0 7 1 7 15 34
35.4639 3 8 3 3 1 7 1 6 15 34
36.0113 2 7 3 3 2 7 1 6 15 34
37.4376 2 8 3 3 3 7 1 5 15 34
38.8995 2 9 3 3 4 7 1 4 15 34
38.9193 2 9 2 2 4 8 1 4 15 34
39.0229 1 8 2 2 5 8 1 4 15 34
40.1632 2 9 2 2 4 8 1 4 15 34
42.803 2 9 1 1 4 9 1 4 15 34
42.8848 2 8 1 1 3 9 1 5 15 34
43.0609 2 7 1 1 2 9 1 6 15 34
43.1445 2 7 1 1 1 8 2 6 15 34
43.6535 2 6 1 1 0 8 2 7 15 34
44.6965 2 6 1 1 0 7 2 6 15 35
44.9223 2 6 1 1 0 6 2 5 15 36
48.0734 2 5 1 1 0 6 1 5 16 36
48.1966 2 5 1 1 0 5 1 4 16 37
53.2268 2 5 1 1 0 4 1 3 16 38
55.0664 2 5 1 1 0 3 1 2 16 39
57.6172 2 6 1 1 0 3 2 2 15 39
60.6146 2 5 1 1 0 3 1 2 16 39
60.7312 1 4 1 1 1 3 1 2 16 39
62.6617 1 3 1 1 1 3 0 2 17 39
73.8553 1 3 2 2 1 2 0 2 17 39
78.7359 0 2 2 2 2 2 0 2 17 39
87.535 0 2 2 2 1 1 1 2 17 39
92.9937 0 2 1 1 1 2 1 2 17 39
98.7301 0 2 1 1 0 1 2 2 17 39
106.712 0 3 1 1 1 1 2 1 17 39
112.238 0 2 1 1 1 1 1 1 18 39
120.586 0 2 2 2 1 0 1 1 18 39
126.805 0 1 2 2 1 0 0 1 19 39
152.299 0 2 2 2 1 0 1 1 18 39
153.146 0 2 2 2 2 1 0 1 18 39
168.39 0 2 2 2 2 0 0 0 18 40
174.071 1 3 2 2 1 0 0 0 18 40
222.774 1 2 2 2 0 0 0 1 18 40
225.572 1 3 2 2 0 0 1 1 17 40
228.233 1 3 2 2 0 1 1 2 17 39
236.478 0 2 2 2 1 1 1 2 17 39
236.856 0 2 2 2 1 0 1 1 17 40
245.587 0 1 2 2 1 0 0 1 18 40
252.088 0 2 2 2 2 0 0 0 18 40
258.349 0 2 2 2 2 1 0 1 18 39
261.159 0 3 2 2 3 1 0 0 18 39
267.68 0 3 1 1 3 2 0 0 18 39
270.683 1 4 1 1 2 2 0 0 18 39
275.643 2 5 1 1 1 2 0 0 18 39
280.061 1 4 1 1 2 2 0 0 18 39
285.507 1 3 1 1 1 2 0 1 18 39
287.332 1 4 1 1 2 2 0 0 18 39
302.759 2 5 1 1 1 2 0 0 18 39
308.143 2 5 2 2 1 1 0 0 18 39
312.868 1 4 2 2 2 1 0 0 18 39
314.144 2 5 2 2 1 1 0 0 18 39
320.954 2 4 2 2 0 1 0 1 18 39
332.706 2 4 2 2 0 0 0 0 18 40
351.85 2 4 1 1 0 1 0 0 18 40
360.196 1 3 1 1 1 1 0 0 18 40
362.699 0 2 1 1 2 1 0 0 18 40
368.222 0 2 0 0 2 2 0 0 18 40
383.167 0 2 0 0 1 1 1 0 18 40
385.087 1 3 0 0 0 1 1 0 18 40
388.733 1 2 0 0 0 1 0 0 19 40
392.353 0 1 0 0 1 1 0 0 19 40
395.1 0 1 1 1 1 0 0 0 19 40
395.24 0 1 1 1 1 1 0 1 19 39
405.96 1 2 1 1 0 1 0 1 19 39
409.889 1 3 1 1 1 1 0 0 19 39
416.666 2 4 1 1 0 1 0 0 19 39
423.267 2 5 1 1 0 1 1 0 18 39
431.748 2 4 1 1 0 1 0 0 19 39
440.569 1 3 1 1 1 1 0 0 19 39
447.062 1 4 1 1 1 1 1 0 18 39
481.34 1 4 1 1 0 0 2 0 18 39
481.548 1 3 1 1 0 0 1 0 19 39
495.418 0 2 1 1 1 0 1 0 19 39
501.191 0 1 1 1 1 0 0 0 20 39
508.354 1 2 1 1 0 0 0 0 20 39
524.403 1 3 1 1 0 0 1 0 19 39
533.431 1 3 0 0 0 1 1 0 19 39
558.695 1 2 0 0 0 1 0 0 20 39
591.612 1 3 0 0 0 1 1 0 19 39
593.616 1 3 0 0 0 2 1 1 19 38
603.431 1 2 0 0 0 2 0 1 20 38
611.636 1 3 0 0 1 2 0 0 20 38
630.861 1 4 0 0 1 2 1 0 19 38
634.102 1 3 0 0 0 2 1 1 19 38
648.557 0 2 0 0 1 2 1 1 19 38
655.534 0 1 0 0 1 2 0 1 20 38
664.862 1 2 0 0 0 2 0 1 20 38
668.563 1 3 0 0 0 2 1 1 19 38
674.55 1 2 0 0 0 2 0 1 20 38
675.711 0 1 0 0 1 2 0 1 20 38
678.392 1 2 0 0 0 2 0 1 20 38
682.897 1 2 0 0 0 1 0 0 20 39
690.107 1 2 0 0 0 2 0 1 20 38
693.932 1 2 0 0 0 3 0 2 20 37
701.756 1 2 1 1 0 2 0 2 20 37
702.498 1 3 1 1 0 2 1 2 19 37
702.886 1 3 1 1 0 1 1 1 19 38
708.137 0 2 1 1 1 1 1 1 19 38
720.388 0 1 1 1 1 1 0 1 20 38
726.117 1 2 1 1 0 1 0 1 20 38
743.64 0 1 1 1 1 1 0 1 20 38
748.255 0 2 1 1 1 1 1 1 19 38
756.125 0 2 1 1 1 0 1 0 19 39
767.202 0 2 1 1 1 1 1 1 19 38
769.208 0 1 1 1 0 1 1 2 19 38
794.696 0 2 1 1 0 1 2 2 18 38
797.738 0 3 1 1 1 1 2 1 18 38
799.063 0 2 1 1 0 1 2 2 18 38
802.782 0 2 1 1 1 2 1 2 18 38
808.99 0 2 1 1 0 1 2 2 18 38
825.95 0 1 1 1 0 1 1 2 19 38
829.205 0 0 1 1 0 1 0 2 20 38
833.152 0 0 2 2 0 0 0 2 20 38
857.837 0 0 1 1 0 1 0 2 20 38
866.555 0 1 1 1 1 1 0 1 20 38
875.245 0 2 1 1 2 1 0 0 20 38
877.132 0 2 1 1 1 0 1 0 20 38
885.464 0 1 1 1 1 0 0 0 21 38
895.711 0 1 1 1 1 1 0 1 21 37
916.758 1 2 1 1 0 1 0 1 21 37
936.536 1 2 0 0 0 2 0 1 21 37
937.532 1 2 0 0 0 3 0 2 21 36
955.284 1 3 0 0 0 3 1 2 20 36
960.959 1 4 0 0 0 3 2 2 19 36
966.703 1 4 0 0 1 4 1 2 19 36
967.424 1 4 0 0 1 3 1 1 19 37
979.284 1 4 0 0 1 2 1 0 19 38
982.774 1 4 0 0 2 3 0 0 19 38
983.081 2 5 0 0 1 3 0 0 19 38
983.929 2 5 0 0 0 2 1 0 19 38
988.11 1 4 0 0 1 2 1 0 19 38
995.736 1 3 0 0 1 2 0 0 20 38
1002.65 1 4 0 0 1 2 1 0 19 38
1006.33 0 3 0 0 2 2 1 0 19 38
1008.18 1 4 0 0 1 2 1 0 19 38
1014.23 1 4 0 0 1 3 1 1 19 37
1043.57 1 3 0 0 1 3 0 1 20 37
1043.86 0 2 0 0 2 3 0 1 20 37
1059.8 0 2 0 0 2 2 0 0 20 38
1060.71 0 1 0 0 1 2 0 1 20 38
1079.25 0 2 0 0 1 2 1 1 19 38
1080.69 0 1 0 0 0 2 1 2 19 38
1092.71 0 1 1 1 0 1 1 2 19 38
1122.49 0 1 1 1 0 0 1 1 19 39
1158.31 0 1 1 1 0 1 1 2 19 38
1162.26 0 2 1 1 1 1 1 1 19 38
1174.4 0 2 0 0 1 2 1 1 19 38
1202.79 0 2 0 0 2 3 0 1 19 38
1203.8 1 3 0 0 1 3 0 1 19 38
1205.65 2 4 0 0 0 3 0 1 19 38
1214.24 1 3 0 0 1 3 0 1 19 38
1217.96 1 2 0 0 0 3 0 2 19 38
1224.46 1 2 1 1 0 2 0 2 19 38
1232.34 1 2 2 2 0 1 0 2 19 38
1233.54 1 2 1 1 0 2 0 2 19 38
1234.83 0 1 1 1 1 2 0 2 19 38
1260.88 0 2 1 1 1 2 1 2 18 38
1269.13 0 2 1 1 1 1 1 1 18 39
1288.45 0 1 1 1 0 1 1 2 18 39
1294.9 0 1 1 1 0 0 1 1 18 40
1318.9 0 1 1 1 1 1 0 1 18 40
1319.21 0 1 2 2 1 0 0 1 18 40
1331.94 0 1 1 1 1 1 0 1 18 40
1346.62 0 0 1 1 0 1 0 2 18 40
1353.99 0 0 0 0 0 2 0 2 18 40
1357.44 0 0 0 0 0 3 0 3 18 39
1370.16 0 0 0 0 0 2 0 2 18 40
1387.94 0 1 0 0 0 2 1 2 17 40
1390.08 0 2 0 0 0 2 2 2 16 40
1407.65 0 3 0 0 0 2 3 2 15 40
1407.94 0 3 0 0 0 3 3 3 15 39
1409.44 0 3 0 0 0 4 3 4 15 38
1410.73 0 3 0 0 0 5 3 5 15 37
1413.76 0 3 0 0 1 6 2 5 15 37
1415.95 0 4 0 0 2 6 2 4 15 37
1420.59 0 4 0 0 2 5 2 3 15 38
1424.15 0 4 0 0 1 4 3 3 15 38
1428.66 0 4 0 0 1 3 3 2 15 39
1438.68 0 4 0 0 1 2 3 1 15 40
1440.15 1 5 0 0 0 2 3 1 15 40
1443.03 1 4 0 0 0 2 2 1 16 40
1446.74 1 4 1 1 0 1 2 1 16 40
1448.51 1 4 1 1 1 2 1 1 16 40
1454.7 1 4 1 1 1 1 1 0 16 41
1460.62 1 3 1 1 1 1 0 0 17 41
1473.21 1 2 1 1 0 1 0 1 17 41
1485.99 1 2 1 1 0 2 0 2 17 40
1495.67 0 1 1 1 1 2 0 2 17 40
1495.71 0 1 2 2 1 1 0 2 17 40
1496.4 0 1 2 2 1 0 0 1 17 41
1502.51 0 1 1 1 1 1 0 1 17 41
1553.44 0 2 1 1 2 1 0 0 17 41
1576.53 0 1 1 1 1 1 0 1 17 41
1588 0 1 1 1 0 0 1 1 17 41
1594.24 0 1 0 0 0 1 1 1 17 41
1598.13 0 1 1 1 0 0 1 1 17 41
1609.32 0 1 1 1 1 1 0 1 17 41
1609.74 1 2 1 1 0 1 0 1 17 41
1639.1 1 2 0 0 0 2 0 1 17 41
1640.16 1 2 1 1 0 1 0 1 17 41
1645.22 0 1 1 1 1 1 0 1 17 41
1646.29 0 1 1 1 0 0 1 1 17 41
1679.55 0 0 1 1 0 0 0 1 18 41
1716.73 0 0 0 0 0 1 0 1 18 41
1718 0 0 0 0 0 0 0 0 18 42
1744.89 0 0 0 0 0 1 0 1 18 41
1783.96 0 1 0 0 0 1 1 1 17 41
1802.15 0 1 0 0 0 0 1 0 17 42
1809.49 0 1 0 0 0 1 1 1 17 41
1826.6 0 2 0 0 0 1 2 1 16 41
1828.88 0 1 0 0 0 1 1 1 17 41
1833.2 0 1 0 0 1 2 0 1 17 41
1839.55 0 2 0 0 1 2 1 1 16 41
1841.98 0 2 1 1 1 1 1 1 16 41
1877.12 0 2 2 2 1 0 1 1 16 41
1891.32 0 3 2 2 1 0 2 1 15 41
1892.36 0 3 1 1 1 1 2 1 15 41
1893.45 0 3 0 0 1 2 2 1 15 41
1899.29 0 2 0 0 1 2 1 1 16 41
1911.12 0 2 0 0 1 1 1 0 16 42
1928.3 0 3 0 0 1 1 2 0 15 42
1929.49 0 2 0 0 1 1 1 0 16 42
1942.78 0 1 0 0 1 1 0 0 17 42
1950.57 0 1 0 0 0 0 1 0 17 42
1952.5 0 1 0 0 0 1 1 1 17 41
1960.86 0 2 0 0 1 1 1 0 17 41
1981.95 1 3 0 0 0 1 1 0 17 41
2005.2 1 3 0 0 1 2 0 0 17 41
2023.03 1 3 0 0 1 3 0 1 17 40
2029.64 1 3 0 0 0 2 1 1 17 40
2034.82 1 3 1 1 0 1 1 1 17 40
2035.97 1 2 1 1 0 1 0 1 18 40
2041.35 1 3 1 1 1 1 0 0 18 40
2048.62 0 2 1 1 2 1 0 0 18 40
2050.36 1 3 1 1 1 1 0 0 18 40
2059.06 0 2 1 1 2 1 0 0 18 40
2065.72 0 1 1 1 1 1 0 1 18 40
2075.32 0 2 1 1 2 1 0 0 18 40
2081.79 0 2 0 0 2 2 0 0 18 40
2082.68 1 3 0 0 1 2 0 0 18 40
2109.98 2 4 0 0 0 2 0 0 18 40
2127.56 1 3 0 0 1 2 0 0 18 40
2128.44 1 2 0 0 0 2 0 1 18 40
2129.74 0 1 0 0 1 2 0 1 18 40
2143.44 0 1 0 0 1 1 0 0 18 41
2168.66 0 2 0 0 1 1 1 0 17 41
2170.83 0 1 0 0 1 1 0 0 18 41
2193.6 0 1 1 1 1 0 0 0 18 41
2196.76 0 2 1 1 1 0 1 0 17 41
2203.27 1 3 1 1 0 0 1 0 17 41
2214.63 0 2 1 1 1 0 1 0 17 41
2218.91 0 2 1 1 1 1 1 1 17 40
2230.78 0 1 1 1 1 1 0 1 18 40
2235.32 0 2 1 1 1 1 1 1 17 40
2249.58 1 3 1 1 0 1 1 1 17 40
2267.05 1 3 0 0 0 2 1 1 17 40
2290.01 1 2 0 0 0 2 0 1 18 40
2299.85 1 2 0 0 0 3 0 2 18 39
2302.73 1 2 0 0 0 2 0 1 18 40
2345.81 1 2 0 0 0 3 0 2 18 39
2349.45 1 2 0 0 0 2 0 1 18 40
2352.78 1 2 1 1 0 1 0 1 18 40
2368.17 0 1 1 1 1 1 0 1 18 40
2368.31 0 0 1 1 0 1 0 2 18 40
2372.68 0 1 1 1 0 1 1 2 17 40
2374.72 0 0 1 1 0 1 0 2 18 40
2382.17 0 1 1 1 0 1 1 2 17 40
2423.74 0 2 1 1 1 1 1 1 17 40
2426.86 0 2 1 1 2 2 0 1 17 40
2429.99 0 3 1 1 3 2 0 0 17 40
2436.46 1 4 1 1 2 2 0 0 17 40
2445.74 1 3 1 1 1 2 0 1 17 40
2459.98 2 4 1 1 0 2 0 1 17 40
2468.19 2 5 1 1 0 2 1 1 16 40
2489.77 1 4 1 1 1 2 1 1 16 40
2491.04 2 5 1 1 0 2 1 1 16 40
2493.55 2 4 1 1 0 2 0 1 17 40
2509.81 2 4 1 1 0 3 0 2 17 39
2512.93 1 3 1 1 1 3 0 2 17 39
2522.2 1 2 1 1 0 3 0 3 17 39
2524.41 0 1 1 1 1 3 0 3 17 39
2528.45 0 1 1 1 1 2 0 2 17 40
2532.73 1 2 1 1 0 2 0 2 17 40
2550.56 1 2 1 1 0 1 0 1 17 41
2573.76 1 3 1 1 1 1 0 0 17 41
2589.49 1 2 1 1 0 1 0 1 17 41
2598.53 1 2 1 1 0 0 0 0 17 42
2602.3 1 3 1 1 0 0 1 0 16 42
2655.46 0 2 1 1 1 0 1 0 16 42
2664.14 0 2 0 0 1 1 1 0 16 42
2670.43 0 1 0 0 0 1 1 1 16 42
2676.81 0 1 0 0 0 0 1 0 16 43
2681.59 0 1 0 0 0 1 1 1 16 42
2710.06 0 1 0 0 1 2 0 1 16 42
2710.76 1 2 0 0 0 2 0 1 16 42
2714.62 1 3 0 0 0 2 1 1 15 42
2723.77 1 2 0 0 0 2 0 1 16 42
2724.9 1 2 0 0 0 3 0 2 16 41
2727.82 0 1 0 0 1 3 0 2 16 41
2737.74 0 2 0 0 2 3 0 1 16 41
2738.85 0 2 0 0 2 2 0 0 16 42
2746.43 0 1 0 0 1 2 0 1 16 42
2748.82 0 1 0 0 1 1 0 0 16 43
2806.92 0 2 0 0 1 1 1 0 15 43
2816.88 1 3 0 0 0 1 1 0 15 43
2819.12 0 2 0 0 1 1 1 0 15 43
2821.37 1 3 0 0 0 1 1 0 15 43
2840.61 1 3 0 0 1 2 0 0 15 43
2850.1 1 2 0 0 0 2 0 1 15 43
2879.01 1 2 0 0 0 1 0 0 15 44
2884.56 1 2 0 0 0 2 0 1 15 43
2885.69 0 1 0 0 1 2 0 1 15 43
2913.66 0 2 0 0 2 2 0 0 15 43
2932.48 0 2 1 1 2 1 0 0 15 43
2933.42 0 1 1 1 1 1 0 1 15 43
2938.28 0 2 1 1 1 1 1 1 14 43
2941.16 0 2 0 0 1 2 1 1 14 43
2961.81 1 3 0 0 0 2 1 1 14 43
2973.59 0 2 0 0 1 2 1 1 14 43
2982.71 0 2 1 1 1 1 1 1 14 43
2986.81 0 1 1 1 1 1 0 1 15 43
2990.69 1 2 1 1 0 1 0 1 15 43
2995.9 1 2 1 1 0 2 0 2 15 42
2995.9 1 2 1 1 0 2 0 2 15 42
