0 60 120 60 60 0 0 0 0 0 0
0.00418534 60 120 59 59 0 1 0 0 0 0
0.0146744 59 119 59 59 1 1 0 0 0 0
0.0193069 58 118 59 59 2 1 0 0 0 0
0.0317898 57 117 59 59 3 1 0 0 0 0
0.0518967 56 116 59 59 4 1 0 0 0 0
0.0696028 55 115 59 59 5 1 0 0 0 0
0.0774485 54 114 59 59 6 1 0 0 0 0
0.0812008 54 114 58 58 6 2 0 0 0 0
0.101081 53 113 58 58 7 2 0 0 0 0
0.144651 53 113 57 57 7 3 0 0 0 0
0.154464 52 112 57 57 8 3 0 0 0 0
0.162082 51 111 57 57 9 3 0 0 0 0
0.162465 50 110 57 57 10 3 0 0 0 0
0.171486 49 109 57 57 11 3 0 0 0 0
0.191134 49 108 57 57 10 3 0 1 0 0
0.196842 49 107 57 57 9 3 0 2 0 0
0.199796 48 106 57 57 10 3 0 2 0 0
0.241944 47 105 57 57 11 3 0 2 0 0
0.257669 46 104 57 57 12 3 0 2 0 0
0.29131 46 104 56 56 12 4 0 2 0 0
0.300398 45 103 56 56 13 4 0 2 0 0
0.340734 44 102 56 56 14 4 0 2 0 0
0.347045 44 102 55 55 14 5 0 2 0 0
0.349176 44 101 55 55 13 5 0 3 0 0
0.352123 44 100 55 55 12 5 0 4 0 0
0.356029 43 99 55 55 13 5 0 4 0 0
0.376684 42 98 55 55 14 5 0 4 0 0
0.388263 41 97 55 55 15 5 0 4 0 0
0.392451 40 96 55 55 16 5 0 4 0 0
0.397947 39 95 55 55 17 5 0 4 0 0
0.398471 38 94 55 55 18 5 0 4 0 0
0.398717 38 94 54 54 18 6 0 4 0 0
0.410513 37 93 54 54 19 6 0 4 0 0
0.431017 37 92 54 54 18 6 0 5 0 0
0.443712 36 91 54 54 19 6 0 5 0 0
0.459735 35 90 54 54 20 6 0 5 0 0
0.464436 35 90 53 53 20 7 0 5 0 0
0.501659 35 90 52 52 20 8 0 5 0 0
0.523768 36 91 52 52 19 8 0 5 0 0
0.544332 35 90 52 52 20 8 0 5 0 0
0.54616 34 89 52 52 21 8 0 5 0 0
0.561155 33 88 52 52 22 8 0 5 0 0
0.575506 33 87 52 52 21 8 0 6 0 0
0.591208 32 86 52 52 22 8 0 6 0 0
0.592474 31 85 52 52 23 8 0 6 0 0
0.618692 31 84 52 52 22 8 0 7 0 0
0.630882 30 83 52 52 23 8 0 7 0 0
0.638054 29 82 52 52 24 8 0 7 0 0
0.663127 29 82 52 52 24 7 0 6 0 1
0.666025 29 81 52 52 23 7 0 7 0 1
0.684775 28 80 52 52 24 7 0 7 0 1
0.689862 27 79 52 52 25 7 0 7 0 1
0.696334 27 78 52 52 24 7 0 8 0 1
0.707608 26 77 52 52 25 7 0 8 0 1
0.710062 26 76 52 52 24 7 0 9 0 1
0.752527 26 75 52 52 23 7 0 10 0 1
0.752897 26 75 51 51 23 8 0 10 0 1
0.753602 26 75 50 50 23 9 0 10 0 1
0.769244 26 75 49 49 23 10 0 10 0 1
0.778346 26 75 48 48 23 11 0 10 0 1
0.792233 26 74 48 48 22 11 0 11 0 1
0.817731 25 73 48 48 23 11 0 11 0 1
0.862931 24 72 48 48 24 11 0 11 0 1
0.92003 24 72 47 47 24 12 0 11 0 1
0.920135 24 71 47 47 23 12 0 12 0 1
0.963357 24 71 46 46 23 13 0 12 0 1
1.00148 24 70 46 46 22 13 0 13 0 1
1.01677 24 69 46 46 21 13 0 14 0 1
1.0214 23 68 46 46 22 13 0 14 0 1
1.02298 23 68 46 46 21 12 1 14 0 1
1.02312 22 67 46 46 22 12 1 14 0 1
1.04028 22 67 46 46 22 11 1 13 0 2
1.05188 22 67 45 45 22 12 1 13 0 2
1.07464 21 66 45 45 23 12 1 13 0 2
1.07832 20 65 45 45 24 12 1 13 0 2
1.09437 20 65 44 44 24 13 1 13 0 2
1.09494 20 64 44 44 23 13 1 14 0 2
1.11562 19 63 44 44 24 13 1 14 0 2
1.11926 19 63 43 43 24 14 1 14 0 2
1.13686 19 62 43 43 23 14 1 15 0 2
1.15676 19 61 43 43 23 14 0 15 1 2
1.19601 19 60 43 43 22 14 0 16 1 2
1.20993 19 59 43 43 21 14 0 17 1 2
1.22424 19 59 42 42 21 15 0 17 1 2
1.22771 19 59 41 41 21 16 0 17 1 2
1.28224 19 58 41 41 20 16 0 18 1 2
1.29677 19 58 41 41 19 15 1 18 1 2
1.30139 19 58 40 40 19 16 1 18 1 2
1.36222 19 58 39 39 19 17 1 18 1 2
1.39312 18 57 39 39 20 17 1 18 1 2
1.42681 18 57 39 39 20 16 1 17 1 3
1.45533 18 57 38 38 20 17 1 17 1 3
1.46343 18 56 38 38 19 17 1 18 1 3
1.4906 18 56 38 38 18 16 2 18 1 3
1.51964 18 56 38 38 18 15 2 17 1 4
1.54169 18 55 38 38 17 15 2 18 1 4
1.55664 18 54 38 38 16 15 2 19 1 4
1.57471 18 54 37 37 16 16 2 19 1 4
1.59567 17 53 37 37 17 16 2 19 1 4
1.60775 17 53 36 36 17 17 2 19 1 4
1.61727 17 52 36 36 16 17 2 20 1 4
1.65832 17 52 35 35 16 18 2 20 1 4
1.6809 16 51 35 35 17 18 2 20 1 4
1.69723 16 50 35 35 16 18 2 21 1 4
1.72658 15 49 35 35 17 18 2 21 1 4
1.74031 15 48 35 35 16 18 2 22 1 4
1.74271 14 47 35 35 17 18 2 22 1 4
1.82126 14 46 35 35 16 18 2 23 1 4
1.82169 14 46 35 35 15 17 3 23 1 4
1.86218 14 46 34 34 15 18 3 23 1 4
1.88739 14 46 34 34 15 17 3 22 1 5
1.93558 13 45 34 34 16 17 3 22 1 5
1.95259 13 45 34 34 16 16 3 21 1 6
1.98592 13 45 33 33 16 17 3 21 1 6
2.07304 12 44 33 33 17 17 3 21 1 6
2.0904 12 44 33 33 17 16 3 20 1 7
2.21916 11 43 33 33 18 16 3 20 1 7
2.27366 11 42 33 33 18 16 2 20 2 7
2.34849 11 42 33 33 18 15 2 19 2 8
2.4059 11 41 33 33 17 15 2 20 2 8
2.40729 11 42 33 33 18 15 2 19 2 8
2.44203 11 42 33 33 18 14 2 18 2 9
2.5475 11 42 33 33 17 13 3 18 2 9
2.56969 10 41 33 33 18 13 3 18 2 9
2.64954 9 40 33 33 19 13 3 18 2 9
2.68274 9 39 33 33 18 13 3 19 2 9
2.68781 9 38 33 33 17 13 3 20 2 9
2.69121 9 38 33 33 16 12 4 20 2 9
2.70626 9 38 32 32 16 13 4 20 2 9
2.71796 9 38 32 32 16 12 4 19 2 10
2.74767 9 38 31 31 16 13 4 19 2 10
2.76037 9 37 31 31 16 13 3 19 3 10
2.80147 8 36 31 31 17 13 3 19 3 10
2.88268 8 35 31 31 16 13 3 20 3 10
3.07162 8 35 31 31 15 12 4 20 3 10
3.13472 7 34 31 31 16 12 4 20 3 10
3.17252 7 33 31 31 15 12 4 21 3 10
3.17742 7 32 31 31 15 12 3 21 4 10
3.22904 7 32 31 31 14 11 4 21 4 10
3.24823 7 31 31 31 14 11 3 21 5 10
3.28563 7 31 30 30 14 12 3 21 5 10
3.35065 7 31 29 29 14 13 3 21 5 10
3.51941 7 31 28 28 14 14 3 21 5 10
3.73215 7 31 28 28 14 13 3 20 5 11
3.75595 7 31 28 28 14 12 3 19 5 12
3.7795 7 31 27 27 14 13 3 19 5 12
3.86108 7 31 27 27 13 12 4 19 5 12
3.86718 7 30 27 27 12 12 4 20 5 12
3.90544 7 30 26 26 12 13 4 20 5 12
3.96127 7 29 26 26 11 13 4 21 5 12
3.9902 7 29 26 26 11 12 4 20 5 13
4.02482 7 29 25 25 11 13 4 20 5 13
4.06059 7 28 25 25 11 13 3 20 6 13
4.07328 6 27 25 25 12 13 3 20 6 13
4.24598 6 26 25 25 12 13 2 20 7 13
4.27524 6 25 25 25 11 13 2 21 7 13
4.28983 5 24 25 25 12 13 2 21 7 13
4.45322 5 24 25 25 12 12 2 20 7 14
4.53826 5 24 24 24 12 13 2 20 7 14
4.5639 5 24 23 23 12 14 2 20 7 14
4.84974 5 24 23 23 11 13 3 20 7 14
4.94028 5 24 22 22 11 14 3 20 7 14
4.94158 5 24 21 21 11 15 3 20 7 14
5.1159 5 23 21 21 10 15 3 21 7 14
5.19219 5 22 21 21 9 15 3 22 7 14
5.34559 5 22 20 20 9 16 3 22 7 14
5.42368 5 22 20 20 9 15 3 21 7 15
5.52856 5 22 19 19 9 16 3 21 7 15
5.61585 5 22 18 18 9 17 3 21 7 15
5.79375 5 21 18 18 8 17 3 22 7 15
5.81363 5 21 18 18 8 16 3 21 7 16
5.96747 5 21 18 18 8 15 3 20 7 17
5.96775 5 21 18 18 7 14 4 20 7 17
6.02943 5 21 17 17 7 15 4 20 7 17
6.08793 5 21 17 17 6 14 5 20 7 17
6.17987 5 21 17 17 6 13 5 19 7 18
6.20221 5 21 17 17 6 12 5 18 7 19
6.63709 5 21 17 17 6 11 5 17 7 20
6.87497 5 21 16 16 6 12 5 17 7 20
7.00418 5 20 16 16 5 12 5 18 7 20
7.02609 5 19 16 16 4 12 5 19 7 20
7.05527 5 19 15 15 4 13 5 19 7 20
7.15882 5 19 14 14 4 14 5 19 7 20
7.28654 5 20 14 14 5 14 5 18 7 20
7.41155 5 20 14 14 5 13 5 17 7 21
7.50829 5 20 13 13 5 14 5 17 7 21
7.60251 5 20 13 13 5 13 5 16 7 22
7.60589 5 19 13 13 4 13 5 17 7 22
7.85231 5 18 13 13 3 13 5 18 7 22
7.85974 5 18 13 13 3 12 5 17 7 23
7.86577 5 17 13 13 3 12 4 17 8 23
7.9824 5 17 13 13 3 11 4 16 8 24
8.21129 5 16 13 13 2 11 4 17 8 24
8.3072 5 15 13 13 2 11 3 17 9 24
8.34905 4 14 13 13 3 11 3 17 9 24
8.69831 4 14 13 13 3 10 3 16 9 25
8.77545 3 13 13 13 4 10 3 16 9 25
9.52221 3 13 12 12 4 11 3 16 9 25
9.84394 3 12 12 12 3 11 3 17 9 25
10.2111 3 12 12 12 3 10 3 16 9 26
10.7103 3 12 12 12 3 9 3 15 9 27
11.7258 3 12 12 12 3 8 3 14 9 28
11.8701 2 11 12 12 4 8 3 14 9 28
12.2509 2 11 12 12 4 7 3 13 9 29
12.4214 2 11 11 11 4 8 3 13 9 29
12.5034 2 10 11 11 3 8 3 14 9 29
12.6177 2 10 10 10 3 9 3 14 9 29
12.9546 2 10 9 9 3 10 3 14 9 29
12.9601 2 10 8 8 3 11 3 14 9 29
13.1224 2 10 8 8 3 10 3 13 9 30
13.8965 2 10 8 8 3 9 3 12 9 31
14.1709 3 11 8 8 2 9 3 12 9 31
14.1944 3 11 8 8 2 8 3 11 9 32
15.0855 3 11 7 7 2 9 3 11 9 32
16.1782 3 10 7 7 2 9 2 11 10 32
16.1914 3 10 6 6 2 10 2 11 10 32
16.9673 2 9 6 6 3 10 2 11 10 32
18.9819 2 9 6 6 3 9 2 10 10 33
21.0129 2 8 6 6 3 9 1 10 11 33
21.1754 2 8 6 6 3 8 1 9 11 34
21.5135 2 8 6 6 3 7 1 8 11 35
22.6276 2 8 6 6 2 6 2 8 11 35
22.6981 2 8 6 6 2 5 2 7 11 36
23.4908 2 8 7 7 2 4 2 7 11 36
23.8276 1 7 7 7 3 4 2 7 11 36
24.1125 1 7 7 7 3 3 2 6 11 37
24.1694 1 7 6 6 3 4 2 6 11 37
24.5071 1 7 7 7 3 3 2 6 11 37
24.666 2 8 7 7 2 3 2 6 11 37
26.7172 2 9 7 7 3 3 2 5 11 37
27.85 1 8 7 7 4 3 2 5 11 37
29.1822 1 7 7 7 4 3 1 5 12 37
31.3979 1 7 6 6 4 4 1 5 12 37
32.4431 1 7 5 5 4 5 1 5 12 37
33.011 1 7 4 4 4 6 1 5 12 37
33.2741 1 7 4 4 3 5 2 5 12 37
33.7312 1 7 4 4 3 6 2 6 12 36
34.4171 1 7 4 4 3 5 2 5 12 37
34.9734 1 8 4 4 3 5 3 5 11 37
35.7028 1 7 4 4 3 5 2 5 12 37
35.7047 1 7 4 4 2 4 3 5 12 37
38.2821 1 8 4 4 3 4 3 4 12 37
39.1159 2 9 4 4 2 4 3 4 12 37
39.3225 2 9 4 4 1 3 4 4 12 37
39.7088 2 10 4 4 2 3 4 3 12 37
41.0303 1 9 4 4 3 3 4 3 12 37
44.1684 1 8 4 4 3 3 3 3 13 37
45.0181 1 8 3 3 3 4 3 3 13 37
45.3387 2 9 3 3 2 4 3 3 13 37
46.8455 2 8 3 3 2 4 2 3 14 37
54.2593 1 7 3 3 3 4 2 3 14 37
55.1876 1 7 3 3 3 3 2 2 14 38
59.5117 0 6 3 3 4 3 2 2 14 38
61.7564 0 6 3 3 4 2 2 1 14 39
61.7854 1 7 3 3 3 2 2 1 14 39
70.6431 1 7 3 3 3 3 2 2 14 38
70.6434 1 7 2 2 3 4 2 2 14 38
70.7723 1 6 2 2 2 4 2 3 14 38
79.3179 2 7 2 2 1 4 2 3 14 38
79.6823 2 7 2 2 1 3 2 2 14 39
80.428 1 6 2 2 2 3 2 2 14 39
81.0419 2 7 2 2 1 3 2 2 14 39
81.9876 2 7 1 1 1 4 2 2 14 39
82.0801 2 6 1 1 1 4 1 2 15 39
86.9878 2 6 1 1 0 3 2 2 15 39
87.6972 1 5 1 1 1 3 2 2 15 39
91.1316 1 4 1 1 1 3 1 2 16 39
91.7336 1 3 1 1 0 3 1 3 16 39
96.396 1 3 0 0 0 4 1 3 16 39
105.489 1 3 0 0 0 3 1 2 16 40
106.051 1 2 0 0 0 3 0 2 17 40
114.054 1 2 0 0 0 4 0 3 17 39
120.535 1 2 0 0 0 3 0 2 17 40
127.847 1 2 0 0 0 2 0 1 17 41
164.02 1 2 0 0 0 1 0 0 17 42
225.377 1 2 0 0 0 2 0 1 17 41
238.297 1 3 0 0 1 2 0 0 17 41
243.322 0 2 0 0 2 2 0 0 17 41
259.863 1 3 0 0 1 2 0 0 17 41
266.439 1 3 0 0 0 1 1 0 17 41
269.231 1 2 0 0 0 1 0 0 18 41
285.512 0 1 0 0 1 1 0 0 18 41
292.61 1 2 0 0 0 1 0 0 18 41
304.114 0 1 0 0 1 1 0 0 18 41
315.721 0 2 0 0 1 1 1 0 17 41
325.37 1 3 0 0 0 1 1 0 17 41
326.985 1 4 0 0 0 1 2 0 16 41
336.139 0 3 0 0 1 1 2 0 16 41
353.913 0 3 1 1 1 0 2 0 16 41
359.82 0 2 1 1 1 0 1 0 17 41
360.275 1 3 1 1 0 0 1 0 17 41
360.807 1 3 0 0 0 1 1 0 17 41
372.74 1 2 0 0 0 1 0 0 18 41
394.542 1 3 0 0 0 1 1 0 17 41
428.749 1 4 0 0 0 1 2 0 16 41
430.346 1 5 0 0 0 1 3 0 15 41
440.375 1 4 0 0 0 1 2 0 16 41
467.108 1 4 0 0 1 2 1 0 16 41
469.917 2 5 0 0 0 2 1 0 16 41
471.031 1 4 0 0 1 2 1 0 16 41
477.486 1 3 0 0 1 2 0 0 17 41
483.163 1 3 0 0 0 1 1 0 17 41
514.158 1 4 0 0 0 1 2 0 16 41
520.914 0 3 0 0 1 1 2 0 16 41
525.282 0 3 0 0 1 2 2 1 16 40
531.362 0 3 0 0 1 1 2 0 16 41
537.06 0 2 0 0 1 1 1 0 17 41
538.528 0 2 0 0 1 2 1 1 17 40
539.688 0 1 0 0 0 2 1 2 17 40
548.923 0 1 0 0 0 3 1 3 17 39
563.173 0 1 0 0 0 2 1 2 17 40
565.32 0 1 0 0 0 1 1 1 17 41
576.411 0 1 0 0 0 2 1 2 17 40
604.184 0 1 0 0 0 1 1 1 17 41
616.945 0 1 0 0 0 2 1 2 17 40
629.205 0 2 0 0 1 2 1 1 17 40
642.374 0 3 0 0 2 2 1 0 17 40
656.98 0 2 0 0 2 2 0 0 18 40
659.864 1 3 0 0 1 2 0 0 18 40
666.433 1 3 0 0 0 1 1 0 18 40
676.679 1 4 0 0 0 1 2 0 17 40
678.279 1 4 0 0 0 2 2 1 17 39
688.999 1 4 1 1 0 1 2 1 17 39
690.261 0 3 1 1 1 1 2 1 17 39
690.563 0 2 1 1 1 1 1 1 18 39
690.674 0 2 1 1 0 0 2 1 18 39
700.792 0 3 1 1 1 0 2 0 18 39
709.851 0 3 1 1 1 1 2 1 18 38
712.757 0 2 1 1 0 1 2 2 18 38
729.581 0 1 1 1 0 1 1 2 19 38
743.339 0 1 1 1 1 2 0 2 19 38
743.57 1 2 1 1 0 2 0 2 19 38
754.41 0 1 1 1 1 2 0 2 19 38
756.091 0 1 0 0 1 3 0 2 19 38
759.602 0 1 0 0 1 2 0 1 19 39
772.385 0 1 0 0 0 1 1 1 19 39
805.98 0 0 0 0 0 1 0 1 20 39
806.544 0 1 0 0 0 1 1 1 19 39
810.47 0 2 0 0 1 1 1 0 19 39
821.685 0 3 0 0 1 1 2 0 18 39
847.647 0 2 0 0 1 1 1 0 19 39
849.905 1 3 0 0 0 1 1 0 19 39
872.864 0 2 0 0 1 1 1 0 19 39
880.991 0 3 0 0 1 1 2 0 18 39
885.449 1 4 0 0 0 1 2 0 18 39
885.949 1 5 0 0 0 1 3 0 17 39
897.036 1 6 0 0 0 1 4 0 16 39
900.427 1 5 0 0 0 1 3 0 17 39
900.59 1 4 0 0 0 1 2 0 18 39
907.224 1 3 0 0 0 1 1 0 19 39
916.217 1 4 0 0 0 1 2 0 18 39
920.496 1 3 0 0 0 1 1 0 19 39
923.25 1 2 0 0 0 1 0 0 20 39
924.131 1 3 0 0 0 1 1 0 19 39
937.191 1 2 0 0 0 1 0 0 20 39
960.018 1 2 1 1 0 0 0 0 20 39
967.723 0 1 1 1 1 0 0 0 20 39
969.598 0 1 1 1 1 1 0 1 20 38
982.166 1 2 1 1 0 1 0 1 20 38
987.642 1 2 1 1 0 2 0 2 20 37
1014.8 1 3 1 1 0 2 1 2 19 37
1016.38 1 3 0 0 0 3 1 2 19 37
1020.42 1 2 0 0 0 3 0 2 20 37
1024.39 1 2 1 1 0 2 0 2 20 37
1032.38 0 1 1 1 1 2 0 2 20 37
1054.6 0 2 1 1 2 2 0 1 20 37
1056.37 1 3 1 1 1 2 0 1 20 37
1060.59 2 4 1 1 0 2 0 1 20 37
1073.29 2 4 0 0 0 3 0 1 20 37
1086.61 2 4 0 0 0 2 0 0 20 38
1088.33 1 3 0 0 1 2 0 0 20 38
1088.78 2 4 0 0 0 2 0 0 20 38
1092.64 2 5 0 0 0 2 1 0 19 38
1098.37 1 4 0 0 1 2 1 0 19 38
1107.27 0 3 0 0 2 2 1 0 19 38
1107.71 0 2 0 0 1 2 1 1 19 38
1110.31 0 2 0 0 2 3 0 1 19 38
1114.47 0 1 0 0 1 3 0 2 19 38
1114.88 0 1 0 0 0 2 1 2 19 38
1117.78 0 1 0 0 0 1 1 1 19 39
1152.81 0 2 0 0 1 1 1 0 19 39
1167.9 0 2 0 0 1 2 1 1 19 38
1174.42 0 3 0 0 1 2 2 1 18 38
1179.35 1 4 0 0 0 2 2 1 18 38
1186.52 1 4 0 0 0 1 2 0 18 39
1199.7 0 3 0 0 1 1 2 0 18 39
1216.54 0 2 0 0 1 1 1 0 19 39
1220.35 0 3 0 0 1 1 2 0 18 39
1220.38 0 2 0 0 1 1 1 0 19 39
1222.53 0 1 0 0 1 1 0 0 20 39
1245.43 0 2 0 0 1 1 1 0 19 39
1252.52 0 2 0 0 1 2 1 1 19 38
1258.22 0 2 0 0 0 1 2 1 19 38
1276.66 0 2 0 0 0 0 2 0 19 39
1315.2 0 2 0 0 0 1 2 1 19 38
1318.06 0 1 0 0 0 1 1 1 20 38
1322.49 0 0 0 0 0 1 0 1 21 38
1367.51 0 0 1 1 0 0 0 1 21 38
1370.85 0 1 1 1 1 0 0 0 21 38
1373.74 0 0 1 1 0 0 0 1 21 38
1417.92 0 0 0 0 0 1 0 1 21 38
1438.68 0 0 1 1 0 0 0 1 21 38
1480.24 0 0 0 0 0 1 0 1 21 38
1529.13 0 0 1 1 0 0 0 1 21 38
1566.23 0 0 1 1 0 1 0 2 21 37
1578.12 0 1 1 1 0 1 1 2 20 37
1582.72 0 1 1 1 0 2 1 3 20 36
1589.43 0 1 1 1 0 1 1 2 20 37
1589.69 0 2 1 1 0 1 2 2 19 37
1594.38 0 1 1 1 0 1 1 2 20 37
1600.63 0 1 2 2 0 0 1 2 20 37
1615.01 0 0 2 2 0 0 0 2 21 37
1626.3 0 1 2 2 0 0 1 2 20 37
1632.94 0 1 1 1 0 1 1 2 20 37
1633.21 0 1 2 2 0 0 1 2 20 37
1641.3 0 1 1 1 0 1 1 2 20 37
1650.41 0 2 1 1 1 1 1 1 20 37
1657.98 0 2 2 2 1 0 1 1 20 37
1658.31 1 3 2 2 0 0 1 1 20 37
1659.96 0 2 2 2 1 0 1 1 20 37
1667.17 0 2 1 1 1 1 1 1 20 37
1671.13 0 1 1 1 1 1 0 1 21 37
1688.48 0 1 0 0 1 2 0 1 21 37
1700.23 0 1 0 0 1 1 0 0 21 38
1706.02 0 1 0 0 1 2 0 1 21 37
1718.68 0 1 0 0 1 1 0 0 21 38
1738 0 1 1 1 1 0 0 0 21 38
1745.48 0 2 1 1 1 0 1 0 20 38
1815.82 0 1 1 1 1 0 0 0 21 38
1866.29 0 1 1 1 1 1 0 1 21 37
1870.99 0 1 2 2 1 0 0 1 21 37
1894.71 0 1 1 1 1 1 0 1 21 37
1903.82 0 1 2 2 1 0 0 1 21 37
1906.53 1 2 2 2 0 0 0 1 21 37
1939.26 1 3 2 2 0 0 1 1 20 37
1943.9 1 2 2 2 0 0 0 1 21 37
1945.53 1 2 1 1 0 1 0 1 21 37
1951.49 0 1 1 1 1 1 0 1 21 37
1964.97 0 1 1 1 1 2 0 2 21 36
1974.01 0 1 0 0 1 3 0 2 21 36
1974.92 1 2 0 0 0 3 0 2 21 36
1984.77 1 2 0 0 0 2 0 1 21 37
2008.15 1 2 0 0 0 3 0 2 21 36
2008.96 1 2 0 0 0 2 0 1 21 37
2030.7 1 2 0 0 0 3 0 2 21 36
2046.08 1 3 0 0 1 3 0 1 21 36
2050.06 1 2 0 0 0 3 0 2 21 36
2050.21 1 2 0 0 0 4 0 3 21 35
2051.21 1 3 0 0 0 4 1 3 20 35
2055.35 1 4 0 0 1 4 1 2 20 35
2058.87 0 3 0 0 2 4 1 2 20 35
2061.77 0 2 0 0 1 4 1 3 20 35
2067.36 0 2 0 0 0 3 2 3 20 35
2072.81 0 2 1 1 0 2 2 3 20 35
2091.27 0 3 1 1 0 2 3 3 19 35
2094.22 0 4 1 1 1 2 3 2 19 35
2099.66 0 5 1 1 1 2 4 2 18 35
2107.27 0 4 1 1 1 2 3 2 19 35
2108.15 0 4 1 1 1 3 3 3 19 34
2109.89 0 4 1 1 1 4 3 4 19 33
2110.01 1 5 1 1 0 4 3 4 19 33
2110.49 1 5 1 1 0 3 3 3 19 34
2131.38 1 5 1 1 1 4 2 3 19 34
2133.37 1 5 2 2 1 3 2 3 19 34
2134.87 1 6 2 2 1 3 3 3 18 34
2135.57 1 6 2 2 1 4 3 4 18 33
2135.81 1 6 2 2 0 3 4 4 18 33
2138.91 1 6 1 1 0 4 4 4 18 33
2141.81 1 6 1 1 0 3 4 3 18 34
2142.76 1 5 1 1 0 3 3 3 19 34
2146.53 1 4 1 1 0 3 2 3 20 34
2152.17 1 4 1 1 0 2 2 2 20 35
2163.62 1 3 1 1 0 2 1 2 21 35
2163.69 1 4 1 1 1 2 1 1 21 35
2169.46 1 4 1 1 1 1 1 0 21 36
2170.13 1 3 1 1 1 1 0 0 22 36
2181.49 1 3 2 2 1 0 0 0 22 36
2183.69 1 3 1 1 1 1 0 0 22 36
2189.32 1 3 0 0 1 2 0 0 22 36
2207.25 0 2 0 0 2 2 0 0 22 36
2222.82 0 3 0 0 2 2 1 0 21 36
2235.55 0 3 0 0 1 1 2 0 21 36
2259.43 0 2 0 0 1 1 1 0 22 36
2280.44 0 1 0 0 0 1 1 1 22 36
2350.26 0 1 0 0 0 2 1 2 22 35
2354.68 0 1 0 0 0 1 1 1 22 36
2391.21 0 1 0 0 0 2 1 2 22 35
2392.24 0 1 0 0 0 1 1 1 22 36
2416.19 0 1 0 0 0 2 1 2 22 35
2435.76 0 2 0 0 0 2 2 2 21 35
2441.91 0 1 0 0 0 2 1 2 22 35
2443.39 0 2 0 0 1 2 1 1 22 35
2445.3 0 2 1 1 1 1 1 1 22 35
2468.71 0 1 1 1 0 1 1 2 22 35
2469.97 0 1 1 1 0 0 1 1 22 36
2484.19 0 1 0 0 0 1 1 1 22 36
2526.48 0 2 0 0 0 1 2 1 21 36
2560.32 0 1 0 0 0 1 1 1 22 36
2560.69 0 1 0 0 0 0 1 0 22 37
2583.39 0 1 0 0 0 1 1 1 22 36
2628.43 0 0 0 0 0 1 0 1 23 36
2651.27 0 0 1 1 0 0 0 1 23 36
2651.5 0 1 1 1 0 0 1 1 22 36
2668.78 0 0 1 1 0 0 0 1 23 36
2719.82 0 1 1 1 1 0 0 0 23 36
2723.64 0 2 1 1 1 0 1 0 22 36
2729.93 0 2 1 1 2 1 0 0 22 36
2738.96 0 1 1 1 1 1 0 1 22 36
2752.3 1 2 1 1 0 1 0 1 22 36
2756.89 1 2 0 0 0 2 0 1 22 36
2762.69 1 2 0 0 0 1 0 0 22 37
2792.76 1 3 0 0 0 1 1 0 21 37
2795.58 1 2 0 0 0 1 0 0 22 37
2799.24 1 3 0 0 0 1 1 0 21 37
2807.58 1 2 0 0 0 1 0 0 22 37
2813.12 1 3 0 0 0 1 1 0 21 37
2825.24 0 2 0 0 1 1 1 0 21 37
2828.29 0 1 0 0 0 1 1 1 21 37
2847.26 0 1 0 0 0 0 1 0 21 38
2861.64 0 2 0 0 0 0 2 0 20 38
2866.98 0 1 0 0 0 0 1 0 21 38
2965.52 0 2 0 0 0 0 2 0 20 38
2965.52 0 2 0 0 0 0 2 0 20 38
