0 60 120 60 60 0 0 0 0 0 0
0.00757341 59 119 60 60 1 0 0 0 0 0
0.0216423 59 119 59 59 1 1 0 0 0 0
0.0217699 58 118 59 59 2 1 0 0 0 0
0.0380361 58 118 58 58 2 2 0 0 0 0
0.0568732 57 117 58 58 3 2 0 0 0 0
0.0636285 56 116 58 58 4 2 0 0 0 0
0.0737835 55 115 58 58 5 2 0 0 0 0
0.0831039 54 114 58 58 6 2 0 0 0 0
0.0859868 53 113 58 58 7 2 0 0 0 0
0.0868727 53 113 57 57 7 3 0 0 0 0
0.0921237 53 113 56 56 7 4 0 0 0 0
0.101878 52 112 56 56 8 4 0 0 0 0
0.139593 51 111 56 56 9 4 0 0 0 0
0.14052 50 110 56 56 10 4 0 0 0 0
0.158743 50 110 55 55 10 5 0 0 0 0
0.176454 50 110 54 54 10 6 0 0 0 0
0.200951 50 110 53 53 10 7 0 0 0 0
0.204863 49 109 53 53 11 7 0 0 0 0
0.208464 48 108 53 53 12 7 0 0 0 0
0.245618 47 107 53 53 13 7 0 0 0 0
0.267444 47 107 52 52 13 8 0 0 0 0
0.288537 47 107 51 51 13 9 0 0 0 0
0.314624 47 107 50 50 13 10 0 0 0 0
0.317432 47 106 50 50 12 10 0 1 0 0
0.351569 47 106 49 49 12 11 0 1 0 0
0.357113 47 106 48 48 12 12 0 1 0 0
0.364684 46 105 48 48 13 12 0 1 0 0
0.388981 46 105 47 47 13 13 0 1 0 0
0.394067 45 104 47 47 14 13 0 1 0 0
0.394872 44 103 47 47 15 13 0 1 0 0
0.396473 43 102 47 47 16 13 0 1 0 0
0.399577 42 101 47 47 17 13 0 1 0 0
0.402089 42 101 46 46 17 14 0 1 0 0
0.424515 42 101 45 45 17 15 0 1 0 0
0.432033 41 100 45 45 18 15 0 1 0 0
0.439098 41 99 45 45 17 15 0 2 0 0
0.504681 41 98 45 45 16 15 0 3 0 0
0.514695 40 97 45 45 17 15 0 3 0 0
0.522371 39 96 45 45 18 15 0 3 0 0
0.552272 39 96 45 45 17 14 1 3 0 0
0.584191 39 95 45 45 16 14 1 4 0 0
0.594971 39 95 45 45 15 13 2 4 0 0
0.639407 39 95 45 45 14 12 3 4 0 0
0.652972 39 94 45 45 14 12 2 4 1 0
0.654347 38 93 45 45 15 12 2 4 1 0
0.658007 38 92 45 45 14 12 2 5 1 0
0.6657 38 92 44 44 14 13 2 5 1 0
0.667192 38 92 43 43 14 14 2 5 1 0
0.69476 37 91 43 43 15 14 2 5 1 0
0.729523 37 90 43 43 14 14 2 6 1 0
0.74222 37 89 43 43 13 14 2 7 1 0
0.747879 37 89 42 42 13 15 2 7 1 0
0.75413 36 88 42 42 14 15 2 7 1 0
0.759928 35 87 42 42 15 15 2 7 1 0
0.766653 35 86 42 42 14 15 2 8 1 0
0.807222 35 85 42 42 13 15 2 9 1 0
0.811093 35 85 41 41 13 16 2 9 1 0
0.819414 35 84 41 41 12 16 2 10 1 0
0.835962 34 83 41 41 13 16 2 10 1 0
0.842633 33 82 41 41 14 16 2 10 1 0
0.854531 33 82 40 40 14 17 2 10 1 0
0.886951 32 81 40 40 15 17 2 10 1 0
0.92195 31 80 40 40 16 17 2 10 1 0
0.92732 31 80 39 39 16 18 2 10 1 0
0.951421 31 80 39 39 16 17 2 9 1 1
0.976113 31 79 39 39 15 17 2 10 1 1
0.981514 30 78 39 39 16 17 2 10 1 1
1.00113 30 78 38 38 16 18 2 10 1 1
1.02139 29 77 38 38 17 18 2 10 1 1
1.02321 28 76 38 38 18 18 2 10 1 1
1.07036 27 75 38 38 19 18 2 10 1 1
1.14047 28 76 38 38 18 18 2 10 1 1
1.14649 28 75 38 38 17 18 2 11 1 1
1.14873 27 74 38 38 18 18 2 11 1 1
1.1511 27 74 38 38 17 17 3 11 1 1
1.1613 27 74 37 37 17 18 3 11 1 1
1.19965 27 73 37 37 16 18 3 12 1 1
1.2066 27 73 36 36 16 19 3 12 1 1
1.27117 27 73 35 35 16 20 3 12 1 1
1.27347 27 73 34 34 16 21 3 12 1 1
1.29069 26 72 34 34 17 21 3 12 1 1
1.32011 25 71 34 34 18 21 3 12 1 1
1.34648 25 70 34 34 17 21 3 13 1 1
1.35032 25 69 34 34 16 21 3 14 1 1
1.3504 25 68 34 34 15 21 3 15 1 1
1.35064 24 67 34 34 16 21 3 15 1 1
1.35434 23 66 34 34 17 21 3 15 1 1
1.4134 23 65 34 34 17 21 2 15 2 1
1.42017 22 64 34 34 18 21 2 15 2 1
1.42227 22 63 34 34 17 21 2 16 2 1
1.43279 22 63 34 34 16 20 3 16 2 1
1.48096 22 63 34 34 16 19 3 15 2 2
1.50154 23 64 34 34 15 19 3 15 2 2
1.531 23 64 34 34 14 18 4 15 2 2
1.54997 22 63 34 34 15 18 4 15 2 2
1.63703 21 62 34 34 16 18 4 15 2 2
1.65434 21 62 33 33 16 19 4 15 2 2
1.6829 21 62 33 33 16 18 4 14 2 3
1.73608 20 61 33 33 17 18 4 14 2 3
1.74356 19 60 33 33 18 18 4 14 2 3
1.82292 19 59 33 33 17 18 4 15 2 3
1.85931 19 59 33 33 17 17 4 14 2 4
1.86517 19 59 32 32 17 18 4 14 2 4
1.88056 19 58 32 32 17 18 3 14 3 4
1.90274 19 58 32 32 16 17 4 14 3 4
1.94006 18 57 32 32 17 17 4 14 3 4
2.00158 18 57 32 32 16 16 5 14 3 4
2.06091 18 56 32 32 15 16 5 15 3 4
2.08234 18 56 32 32 14 15 6 15 3 4
2.12466 17 55 32 32 15 15 6 15 3 4
2.12801 17 55 31 31 15 16 6 15 3 4
2.1887 17 55 30 30 15 17 6 15 3 4
2.19685 17 54 30 30 15 17 5 15 4 4
2.2266 16 53 30 30 16 17 5 15 4 4
2.22969 16 53 29 29 16 18 5 15 4 4
2.29272 15 52 29 29 17 18 5 15 4 4
2.40083 15 52 29 29 16 17 6 15 4 4
2.66473 15 52 29 29 16 16 6 14 4 5
2.78865 15 51 29 29 16 16 5 14 5 5
2.81351 15 50 29 29 16 16 4 14 6 5
2.87998 15 50 29 29 16 15 4 13 6 6
2.88711 15 50 28 28 16 16 4 13 6 6
2.9183 14 49 28 28 17 16 4 13 6 6
3.01174 13 48 28 28 18 16 4 13 6 6
3.03121 13 48 27 27 18 17 4 13 6 6
3.10607 13 47 27 27 18 17 3 13 7 6
3.11276 13 47 26 26 18 18 3 13 7 6
3.23383 13 46 26 26 17 18 3 14 7 6
3.38118 13 46 26 26 16 17 4 14 7 6
3.39922 14 47 26 26 15 17 4 14 7 6
3.40754 14 47 26 26 15 16 4 13 7 7
3.68396 14 47 26 26 15 15 4 12 7 8
3.72171 13 46 26 26 16 15 4 12 7 8
3.73066 13 46 26 26 15 14 5 12 7 8
3.75343 13 46 25 25 15 15 5 12 7 8
3.85956 13 45 25 25 14 15 5 13 7 8
3.91939 13 46 25 25 15 15 5 12 7 8
3.98401 13 45 25 25 14 15 5 13 7 8
4.14244 13 45 24 24 14 16 5 13 7 8
4.14619 13 44 24 24 13 16 5 14 7 8
4.15161 12 43 24 24 14 16 5 14 7 8
4.22216 12 42 24 24 13 16 5 15 7 8
4.25672 12 42 23 23 13 17 5 15 7 8
4.30266 12 41 23 23 13 17 4 15 8 8
4.30566 11 40 23 23 14 17 4 15 8 8
4.33797 11 39 23 23 13 17 4 16 8 8
4.49074 11 38 23 23 13 17 3 16 9 8
4.51211 11 37 23 23 13 17 2 16 10 8
4.54616 11 37 23 23 12 16 3 16 10 8
4.69078 11 37 22 22 12 17 3 16 10 8
4.69179 11 37 21 21 12 18 3 16 10 8
4.82633 11 37 20 20 12 19 3 16 10 8
4.92082 11 37 20 20 11 18 4 16 10 8
5.04571 11 37 19 19 11 19 4 16 10 8
5.05353 10 36 19 19 12 19 4 16 10 8
5.27676 10 36 19 19 12 18 4 15 10 9
5.37915 10 36 18 18 12 19 4 15 10 9
5.41931 10 36 18 18 12 18 4 14 10 10
5.44354 9 35 18 18 13 18 4 14 10 10
5.50813 9 34 18 18 12 18 4 15 10 10
5.62644 8 33 18 18 13 18 4 15 10 10
5.685 8 33 17 17 13 19 4 15 10 10
5.72091 8 33 16 16 13 20 4 15 10 10
5.72813 8 33 15 15 13 21 4 15 10 10
5.74758 7 32 15 15 14 21 4 15 10 10
5.8012 7 32 15 15 14 20 4 14 10 11
5.90048 7 31 15 15 13 20 4 15 10 11
6.09925 7 30 15 15 12 20 4 16 10 11
6.28035 7 30 14 14 12 21 4 16 10 11
6.28828 6 29 14 14 13 21 4 16 10 11
6.37011 7 30 14 14 12 21 4 16 10 11
6.38495 7 29 14 14 11 21 4 17 10 11
6.49359 7 28 14 14 11 21 3 17 11 11
6.56119 6 27 14 14 12 21 3 17 11 11
6.62761 7 28 14 14 11 21 3 17 11 11
6.65652 7 28 14 14 11 20 3 16 11 12
6.65729 7 28 13 13 11 21 3 16 11 12
6.91547 7 27 13 13 10 21 3 17 11 12
6.99757 7 28 13 13 11 21 3 16 11 12
7.00809 7 28 12 12 11 22 3 16 11 12
7.32937 7 27 12 12 11 22 2 16 12 12
7.70452 7 27 12 12 10 21 3 16 12 12
7.94507 6 26 12 12 11 21 3 16 12 12
7.95089 6 26 12 12 10 20 4 16 12 12
8.04684 6 26 12 12 10 19 4 15 12 13
8.19258 6 26 12 12 10 18 4 14 12 14
8.2149 6 26 11 11 10 19 4 14 12 14
8.29575 6 26 10 10 10 20 4 14 12 14
8.36081 5 25 10 10 11 20 4 14 12 14
8.55326 4 24 10 10 12 20 4 14 12 14
8.55732 5 25 10 10 11 20 4 14 12 14
8.57818 6 26 10 10 10 20 4 14 12 14
8.78049 6 26 10 10 10 19 4 13 12 15
8.84517 6 25 10 10 9 19 4 14 12 15
8.85627 6 24 10 10 8 19 4 15 12 15
8.8708 6 24 11 11 8 18 4 15 12 15
8.88031 6 24 11 11 8 17 4 14 12 16
9.04278 5 23 11 11 9 17 4 14 12 16
9.43737 5 23 11 11 8 16 5 14 12 16
9.62042 5 22 11 11 8 16 4 14 13 16
9.93241 5 21 11 11 7 16 4 15 13 16
10.1105 5 21 12 12 7 15 4 15 13 16
10.1625 5 21 12 12 7 14 4 14 13 17
10.521 5 21 12 12 6 13 5 14 13 17
10.5456 5 21 12 12 5 12 6 14 13 17
10.7104 5 21 12 12 5 11 6 13 13 18
10.955 5 21 11 11 5 12 6 13 13 18
10.9989 5 20 11 11 5 12 5 13 14 18
11.3551 5 20 11 11 4 11 6 13 14 18
11.8054 4 19 11 11 5 11 6 13 14 18
11.8274 3 18 11 11 6 11 6 13 14 18
12.4501 3 18 11 11 6 10 6 12 14 19
12.4621 3 18 11 11 5 9 7 12 14 19
12.4928 2 17 11 11 6 9 7 12 14 19
12.5971 2 17 10 10 6 10 7 12 14 19
12.7622 2 17 10 10 6 9 7 11 14 20
12.833 2 17 10 10 6 8 7 10 14 21
12.909 2 16 10 10 6 8 6 10 15 21
13.015 2 16 10 10 6 7 6 9 15 22
13.0837 2 15 10 10 6 7 5 9 16 22
13.5959 2 15 9 9 6 8 5 9 16 22
13.895 2 14 9 9 6 8 4 9 17 22
14.1657 2 14 8 8 6 9 4 9 17 22
14.1807 2 13 8 8 5 9 4 10 17 22
14.3721 2 13 7 7 5 10 4 10 17 22
14.489 2 12 7 7 4 10 4 11 17 22
15.3876 2 12 7 7 4 9 4 10 17 23
15.8502 1 11 7 7 5 9 4 10 17 23
16.6163 1 11 7 7 4 8 5 10 17 23
17.8913 1 11 7 7 4 7 5 9 17 24
18.3604 1 10 7 7 3 7 5 10 17 24
18.634 1 10 6 6 3 8 5 10 17 24
19.109 1 9 6 6 3 8 4 10 18 24
19.3723 1 9 5 5 3 9 4 10 18 24
20.2056 1 8 5 5 2 9 4 11 18 24
20.4556 1 8 5 5 2 8 4 10 18 25
20.7613 1 8 4 4 2 9 4 10 18 25
20.8188 1 8 3 3 2 10 4 10 18 25
21.6912 1 8 4 4 2 9 4 10 18 25
21.9026 1 8 4 4 2 8 4 9 18 26
21.938 1 8 4 4 2 7 4 8 18 27
22.8092 1 8 3 3 2 8 4 8 18 27
23.9651 1 8 3 3 2 7 4 7 18 28
26.0331 1 7 3 3 2 7 3 7 19 28
26.1475 1 7 3 3 1 6 4 7 19 28
27.9096 1 6 3 3 1 6 3 7 20 28
28.3087 2 7 3 3 0 6 3 7 20 28
29.4103 2 7 2 2 0 7 3 7 20 28
31.7204 1 6 2 2 1 7 3 7 20 28
33.5002 1 6 2 2 1 6 3 6 20 29
34.555 1 6 2 2 2 7 2 6 20 29
34.8125 1 6 2 2 1 6 3 6 20 29
34.8995 1 6 2 2 1 5 3 5 20 30
37.6366 1 5 2 2 1 5 2 5 21 30
38.6159 1 6 2 2 2 5 2 4 21 30
44.1427 1 6 2 2 2 4 2 3 21 31
46.1356 1 5 2 2 2 4 1 3 22 31
47.3108 1 5 2 2 2 3 1 2 22 32
55.2551 2 6 2 2 1 3 1 2 22 32
55.2623 2 7 2 2 2 3 1 1 22 32
55.6019 1 6 2 2 3 3 1 1 22 32
59.0619 1 5 2 2 2 3 1 2 22 32
71.5103 1 5 2 2 2 2 1 1 22 33
72.5981 1 5 1 1 2 3 1 1 22 33
73.7772 1 6 1 1 3 3 1 0 22 33
75.3914 1 6 1 1 2 2 2 0 22 33
75.9305 1 5 1 1 2 2 1 0 23 33
81.0242 2 6 1 1 1 2 1 0 23 33
90.9609 2 5 1 1 1 2 0 0 24 33
91.1209 2 4 1 1 0 2 0 1 24 33
98.3769 1 3 1 1 1 2 0 1 24 33
108.558 1 3 2 2 1 1 0 1 24 33
115.077 1 4 2 2 1 1 1 1 23 33
120.533 1 3 2 2 1 1 0 1 24 33
124.848 1 3 1 1 1 2 0 1 24 33
131.213 1 2 1 1 0 2 0 2 24 33
136.492 1 3 1 1 0 2 1 2 23 33
136.552 1 3 1 1 0 1 1 1 23 34
148.897 1 4 1 1 0 1 2 1 22 34
150.924 1 4 1 1 0 2 2 2 22 33
153.026 1 3 1 1 0 2 1 2 23 33
166.17 1 3 1 1 0 1 1 1 23 34
170.461 1 2 1 1 0 1 0 1 24 34
187.83 1 3 1 1 0 1 1 1 23 34
188.797 1 3 0 0 0 2 1 1 23 34
196.968 1 2 0 0 0 2 0 1 24 34
213.571 1 3 0 0 0 2 1 1 23 34
241.192 1 3 1 1 0 1 1 1 23 34
248.578 1 2 1 1 0 1 0 1 24 34
279.913 1 2 1 1 0 2 0 2 24 33
282.516 1 2 2 2 0 1 0 2 24 33
290.85 1 2 1 1 0 2 0 2 24 33
309.086 1 2 1 1 0 1 0 1 24 34
310.939 1 2 1 1 0 0 0 0 24 35
358.217 1 3 1 1 0 0 1 0 23 35
370.119 1 4 1 1 0 0 2 0 22 35
370.988 1 3 1 1 0 0 1 0 23 35
386.655 1 2 1 1 0 0 0 0 24 35
387.276 1 3 1 1 0 0 1 0 23 35
404.295 1 4 1 1 0 0 2 0 22 35
405.702 1 3 1 1 0 0 1 0 23 35
428.094 0 2 1 1 1 0 1 0 23 35
443.239 0 1 1 1 1 0 0 0 24 35
447.941 0 2 1 1 1 0 1 0 23 35
453.945 0 3 1 1 1 0 2 0 22 35
456.286 0 2 1 1 1 0 1 0 23 35
468.293 0 1 1 1 1 0 0 0 24 35
475.28 1 2 1 1 0 0 0 0 24 35
488.127 1 3 1 1 0 0 1 0 23 35
489.203 1 3 1 1 1 1 0 0 23 35
506.718 1 3 1 1 0 0 1 0 23 35
517.296 0 2 1 1 1 0 1 0 23 35
519.364 0 3 1 1 1 0 2 0 22 35
523.764 0 4 1 1 1 0 3 0 21 35
530.814 0 4 1 1 2 1 2 0 21 35
532.612 0 3 1 1 2 1 1 0 22 35
537.077 0 4 1 1 2 1 2 0 21 35
544.135 1 5 1 1 1 1 2 0 21 35
556.454 1 5 1 1 1 2 2 1 21 34
558.835 1 5 1 1 1 1 2 0 21 35
559.505 1 4 1 1 1 1 1 0 22 35
579.594 1 4 1 1 0 0 2 0 22 35
585.734 1 3 1 1 0 0 1 0 23 35
589.338 0 2 1 1 1 0 1 0 23 35
605.782 0 2 1 1 2 1 0 0 23 35
609.427 1 3 1 1 1 1 0 0 23 35
609.682 0 2 1 1 2 1 0 0 23 35
616.216 0 3 1 1 2 1 1 0 22 35
617.634 0 3 1 1 1 0 2 0 22 35
621.42 0 2 1 1 1 0 1 0 23 35
622.627 0 1 1 1 0 0 1 1 23 35
650.839 0 2 1 1 0 0 2 1 22 35
672.66 0 1 1 1 0 0 1 1 23 35
702.752 0 0 1 1 0 0 0 1 24 35
721.242 0 1 1 1 1 0 0 0 24 35
722.266 1 2 1 1 0 0 0 0 24 35
781.195 1 2 1 1 0 1 0 1 24 34
789.043 1 3 1 1 0 1 1 1 23 34
792.387 1 2 1 1 0 1 0 1 24 34
801.407 1 2 1 1 0 2 0 2 24 33
801.502 1 2 0 0 0 3 0 2 24 33
809.053 1 2 0 0 0 4 0 3 24 32
816.018 1 3 0 0 1 4 0 2 24 32
817.144 0 2 0 0 2 4 0 2 24 32
817.492 0 2 0 0 2 3 0 1 24 33
827.154 0 3 0 0 2 3 1 1 23 33
828.528 0 2 0 0 1 3 1 2 23 33
836.579 0 3 0 0 2 3 1 1 23 33
837.238 0 2 0 0 1 3 1 2 23 33
846.693 0 2 0 0 1 2 1 1 23 34
859.425 0 1 0 0 1 2 0 1 24 34
863.542 0 1 0 0 1 1 0 0 24 35
897.143 1 2 0 0 0 1 0 0 24 35
902.326 1 2 0 0 0 2 0 1 24 34
909.929 1 2 0 0 0 1 0 0 24 35
914.92 1 3 0 0 0 1 1 0 23 35
923.858 0 2 0 0 1 1 1 0 23 35
931.698 0 3 0 0 1 1 2 0 22 35
958.68 0 2 0 0 1 1 1 0 23 35
960.728 0 2 0 0 1 2 1 1 23 34
963.587 0 2 0 0 0 1 2 1 23 34
966.602 0 2 1 1 0 0 2 1 23 34
978.045 0 2 0 0 0 1 2 1 23 34
989.94 0 1 0 0 0 1 1 1 24 34
1003.18 0 2 0 0 0 1 2 1 23 34
1009.09 0 3 0 0 0 1 3 1 22 34
1012.3 0 2 0 0 0 1 2 1 23 34
1013.41 0 3 0 0 0 1 3 1 22 34
1019.18 0 3 0 0 1 2 2 1 22 34
1022.22 0 3 0 0 0 1 3 1 22 34
1022.23 0 2 0 0 0 1 2 1 23 34
1028.8 0 2 1 1 0 0 2 1 23 34
1036.03 0 2 0 0 0 1 2 1 23 34
1052.33 0 2 0 0 1 2 1 1 23 34
1060.6 0 2 0 0 0 1 2 1 23 34
1067.56 0 1 0 0 0 1 1 1 24 34
1107.32 0 1 1 1 0 0 1 1 24 34
1121.13 0 2 1 1 0 0 2 1 23 34
1135.35 0 3 1 1 1 0 2 0 23 34
1137.44 0 3 1 1 2 1 1 0 23 34
1143.62 0 2 1 1 1 1 1 1 23 34
1151.18 0 2 0 0 1 2 1 1 23 34
1154.72 0 2 0 0 1 1 1 0 23 35
1156.71 0 1 0 0 1 1 0 0 24 35
1211.81 1 2 0 0 0 1 0 0 24 35
1251.07 0 1 0 0 1 1 0 0 24 35
1253.8 0 2 0 0 1 1 1 0 23 35
1261.29 1 3 0 0 0 1 1 0 23 35
1264.17 1 4 0 0 0 1 2 0 22 35
1300.41 0 3 0 0 1 1 2 0 22 35
1301.73 1 4 0 0 0 1 2 0 22 35
1314.73 1 4 0 0 0 2 2 1 22 34
1315.5 1 4 1 1 0 1 2 1 22 34
1320.98 1 4 0 0 0 2 2 1 22 34
1325.11 1 3 0 0 0 2 1 1 23 34
1325.16 1 4 0 0 1 2 1 0 23 34
1328.44 1 3 0 0 1 2 0 0 24 34
1328.79 1 3 0 0 0 1 1 0 24 34
1332.2 1 4 0 0 0 1 2 0 23 34
1340.33 1 4 0 0 1 2 1 0 23 34
1349.18 1 3 0 0 0 2 1 1 23 34
1350.99 0 2 0 0 1 2 1 1 23 34
1362.43 0 2 0 0 1 1 1 0 23 35
1370.46 0 2 0 0 0 0 2 0 23 35
1408.56 0 2 0 0 1 1 1 0 23 35
1428.34 0 2 0 0 1 2 1 1 23 34
1450.17 0 2 0 0 1 1 1 0 23 35
1451.64 0 2 0 0 1 2 1 1 23 34
1477.01 0 1 0 0 0 2 1 2 23 34
1495.24 0 1 0 0 1 3 0 2 23 34
1499.34 0 0 0 0 0 3 0 3 23 34
1504.7 0 0 0 0 0 2 0 2 23 35
1510.82 0 0 1 1 0 1 0 2 23 35
1525.05 0 0 2 2 0 0 0 2 23 35
1545.48 0 1 2 2 1 0 0 1 23 35
1568.49 1 2 2 2 0 0 0 1 23 35
1588.12 1 2 2 2 0 1 0 2 23 34
1593.47 1 2 2 2 0 0 0 1 23 35
1609.78 0 1 2 2 1 0 0 1 23 35
1618.07 0 0 2 2 0 0 0 2 23 35
1626.33 0 1 2 2 1 0 0 1 23 35
1639.26 1 2 2 2 0 0 0 1 23 35
1689.15 1 2 1 1 0 1 0 1 23 35
1697.32 0 1 1 1 1 1 0 1 23 35
1704.91 0 2 1 1 1 1 1 1 22 35
1709.19 0 2 0 0 1 2 1 1 22 35
1710.18 0 2 0 0 0 1 2 1 22 35
1731.53 0 2 1 1 0 0 2 1 22 35
1740.21 0 2 1 1 1 1 1 1 22 35
1742.13 0 3 1 1 1 1 2 1 21 35
1752.12 0 4 1 1 2 1 2 0 21 35
1759.71 0 3 1 1 1 1 2 1 21 35
1760.52 0 3 1 1 2 2 1 1 21 35
1761.1 0 3 1 1 1 1 2 1 21 35
1762.47 0 2 1 1 1 1 1 1 22 35
1767.9 0 1 1 1 0 1 1 2 22 35
1811.2 0 2 1 1 1 1 1 1 22 35
1811.41 0 2 0 0 1 2 1 1 22 35
1833.43 1 3 0 0 0 2 1 1 22 35
1853.42 1 3 1 1 0 1 1 1 22 35
1866.45 1 4 1 1 0 1 2 1 21 35
1869.67 0 3 1 1 1 1 2 1 21 35
1871.05 0 3 1 1 2 2 1 1 21 35
1873.6 0 2 1 1 1 2 1 2 21 35
1881.41 0 2 1 1 1 1 1 1 21 36
1906.53 1 3 1 1 0 1 1 1 21 36
1916.76 1 3 0 0 0 2 1 1 21 36
1917.19 1 2 0 0 0 2 0 1 22 36
1959.09 1 3 0 0 1 2 0 0 22 36
1967.27 1 4 0 0 1 2 1 0 21 36
1976.96 1 4 0 0 1 3 1 1 21 35
1984.49 1 3 0 0 1 3 0 1 22 35
1985.84 1 3 0 0 0 2 1 1 22 35
1996.96 1 4 0 0 1 2 1 0 22 35
1998.97 1 3 0 0 1 2 0 0 23 35
2006.17 1 3 0 0 1 3 0 1 23 34
2019.29 0 2 0 0 2 3 0 1 23 34
2030.66 0 3 0 0 3 3 0 0 23 34
2031.47 1 4 0 0 2 3 0 0 23 34
2038.09 0 3 0 0 3 3 0 0 23 34
2046.96 0 2 0 0 2 3 0 1 23 34
2049.38 1 3 0 0 1 3 0 1 23 34
2052.7 2 4 0 0 0 3 0 1 23 34
2055.03 2 4 1 1 0 2 0 1 23 34
2061.28 1 3 1 1 1 2 0 1 23 34
2066.37 2 4 1 1 0 2 0 1 23 34
2086.78 2 4 2 2 0 1 0 1 23 34
2087.53 2 5 2 2 1 1 0 0 23 34
2088.16 1 4 2 2 2 1 0 0 23 34
2089.67 1 3 2 2 1 1 0 1 23 34
2093.33 1 3 1 1 1 2 0 1 23 34
2096.87 1 3 2 2 1 1 0 1 23 34
2106.32 1 3 3 3 1 0 0 1 23 34
2109.01 0 2 3 3 2 0 0 1 23 34
2113.78 0 3 3 3 3 0 0 0 23 34
2121.11 1 4 3 3 2 0 0 0 23 34
2128.14 2 5 3 3 1 0 0 0 23 34
2139.06 3 6 3 3 0 0 0 0 23 34
2142.44 3 6 2 2 0 1 0 0 23 34
2146.53 3 7 2 2 0 1 1 0 22 34
2146.73 3 8 2 2 0 1 2 0 21 34
2148.27 2 7 2 2 1 1 2 0 21 34
2149.62 2 6 2 2 1 1 1 0 22 34
2150.04 2 5 2 2 1 1 0 0 23 34
2152.15 2 4 2 2 0 1 0 1 23 34
2167.1 1 3 2 2 1 1 0 1 23 34
2168.29 1 3 3 3 1 0 0 1 23 34
2168.47 0 2 3 3 2 0 0 1 23 34
2173.3 1 3 3 3 1 0 0 1 23 34
2183.65 1 4 3 3 2 0 0 0 23 34
2186.64 1 4 2 2 2 1 0 0 23 34
2190.03 2 5 2 2 1 1 0 0 23 34
2196.49 2 4 2 2 0 1 0 1 23 34
2200.28 2 5 2 2 0 1 1 1 22 34
2204.55 1 4 2 2 1 1 1 1 22 34
2206.61 1 3 2 2 1 1 0 1 23 34
2206.74 1 3 1 1 1 2 0 1 23 34
2212.96 2 4 1 1 0 2 0 1 23 34
2215.43 1 3 1 1 1 2 0 1 23 34
2229.8 1 2 1 1 0 2 0 2 23 34
2230.24 1 2 1 1 0 1 0 1 23 35
2236.29 1 3 1 1 1 1 0 0 23 35
2236.44 2 4 1 1 0 1 0 0 23 35
2237.59 1 3 1 1 1 1 0 0 23 35
2250.73 0 2 1 1 2 1 0 0 23 35
2259.62 0 3 1 1 2 1 1 0 22 35
2264.11 0 4 1 1 2 1 2 0 21 35
2266.94 1 5 1 1 1 1 2 0 21 35
2270.19 0 4 1 1 2 1 2 0 21 35
2273.06 0 5 1 1 2 1 3 0 20 35
2278.92 0 4 1 1 2 1 2 0 21 35
2284.28 0 3 1 1 2 1 1 0 22 35
2289.09 1 4 1 1 1 1 1 0 22 35
2290.6 1 4 0 0 1 2 1 0 22 35
2309.87 1 5 0 0 1 2 2 0 21 35
2312.22 1 5 0 0 1 3 2 1 21 34
2318.74 1 4 0 0 1 3 1 1 22 34
2319.87 1 4 0 0 0 2 2 1 22 34
2320.73 1 4 1 1 0 1 2 1 22 34
2324.07 0 3 1 1 1 1 2 1 22 34
2325.79 0 3 1 1 1 2 2 2 22 33
2326.27 0 2 1 1 1 2 1 2 23 33
2327.34 0 2 1 1 1 1 1 1 23 34
2351.15 0 1 1 1 0 1 1 2 23 34
2356.79 0 2 1 1 0 1 2 2 22 34
2368.14 0 3 1 1 1 1 2 1 22 34
2369.19 1 4 1 1 0 1 2 1 22 34
2400.31 1 3 1 1 0 1 1 1 23 34
2410.04 1 4 1 1 0 1 2 1 22 34
2414.16 1 3 1 1 0 1 1 1 23 34
2417.23 0 2 1 1 1 1 1 1 23 34
2425.14 0 3 1 1 2 1 1 0 23 34
2431.42 0 2 1 1 2 1 0 0 24 34
2454.99 0 1 1 1 1 1 0 1 24 34
2456.28 0 2 1 1 1 1 1 1 23 34
2465.01 0 2 2 2 1 0 1 1 23 34
2469.07 0 1 2 2 1 0 0 1 24 34
2469.78 1 2 2 2 0 0 0 1 24 34
2473.43 0 1 2 2 1 0 0 1 24 34
2475.62 0 0 2 2 0 0 0 2 24 34
2481.92 0 0 1 1 0 1 0 2 24 34
2503.93 0 1 1 1 0 1 1 2 23 34
2507.57 0 1 1 1 0 0 1 1 23 35
2511.41 0 1 0 0 0 1 1 1 23 35
2585.99 0 1 1 1 0 0 1 1 23 35
2598.83 0 2 1 1 1 0 1 0 23 35
2607.58 0 2 1 1 1 1 1 1 23 34
2611.54 0 3 1 1 2 1 1 0 23 34
2624.99 1 4 1 1 1 1 1 0 23 34
2638.65 0 3 1 1 2 1 1 0 23 34
2645.03 0 2 1 1 1 1 1 1 23 34
2648.41 0 2 0 0 1 2 1 1 23 34
2650.33 0 2 1 1 1 1 1 1 23 34
2656.76 1 3 1 1 0 1 1 1 23 34
2661.17 1 2 1 1 0 1 0 1 24 34
2662.52 1 2 0 0 0 2 0 1 24 34
2673.38 0 1 0 0 1 2 0 1 24 34
2676.19 0 0 0 0 0 2 0 2 24 34
2689.26 0 1 0 0 0 2 1 2 23 34
2702.83 0 1 0 0 0 1 1 1 23 35
2704.18 0 2 0 0 1 1 1 0 23 35
2735.69 1 3 0 0 0 1 1 0 23 35
2740.29 1 4 0 0 0 1 2 0 22 35
2750.23 1 5 0 0 0 1 3 0 21 35
2754.95 1 4 0 0 0 1 2 0 22 35
2756.33 1 4 0 0 1 2 1 0 22 35
2756.94 1 3 0 0 0 2 1 1 22 35
2759 1 3 0 0 1 3 0 1 22 35
2771.18 1 2 0 0 0 3 0 2 22 35
2783.05 1 3 0 0 1 3 0 1 22 35
2786.39 0 2 0 0 2 3 0 1 22 35
2803.95 0 2 0 0 1 2 1 1 22 35
2815.25 0 3 0 0 1 2 2 1 21 35
2825.88 1 4 0 0 0 2 2 1 21 35
2832.35 1 3 0 0 0 2 1 1 22 35
2833.53 1 2 0 0 0 2 0 1 23 35
2853.8 1 2 0 0 0 3 0 2 23 34
2856.74 1 3 0 0 1 3 0 1 23 34
2859.54 1 3 0 0 1 4 0 2 23 33
2861.08 0 2 0 0 2 4 0 2 23 33
2864.96 0 2 0 0 2 3 0 1 23 34
2865.93 0 1 0 0 1 3 0 2 23 34
2882.56 0 1 1 1 1 2 0 2 23 34
2882.71 0 1 1 1 1 1 0 1 23 35
2883.73 0 0 1 1 0 1 0 2 23 35
2883.74 0 1 1 1 0 1 1 2 22 35
2896.59 0 1 0 0 0 2 1 2 22 35
2903.23 0 2 0 0 0 2 2 2 21 35
2904.7 0 3 0 0 0 2 3 2 20 35
2916.95 0 2 0 0 0 2 2 2 21 35
2933.81 0 1 0 0 0 2 1 2 22 35
2941.4 0 1 0 0 0 1 1 1 22 36
2942.26 0 1 0 0 0 0 1 0 22 37
2984.96 0 2 0 0 0 0 2 0 21 37
2984.96 0 2 0 0 0 0 2 0 21 37
