0 60 120 60 60 0 0 0 0 0 0
0.0190019 59 119 60 60 1 0 0 0 0 0
0.0225649 59 119 59 59 1 1 0 0 0 0
0.0427161 59 119 58 58 1 2 0 0 0 0
0.0458041 58 118 58 58 2 2 0 0 0 0
0.0528535 57 117 58 58 3 2 0 0 0 0
0.0617154 56 116 58 58 4 2 0 0 0 0
0.0702302 56 116 57 57 4 3 0 0 0 0
0.0751248 55 115 57 57 5 3 0 0 0 0
0.0800799 54 114 57 57 6 3 0 0 0 0
0.0916819 54 113 57 57 5 3 0 1 0 0
0.102152 53 112 57 57 6 3 0 1 0 0
0.114524 52 111 57 57 7 3 0 1 0 0
0.131469 51 110 57 57 8 3 0 1 0 0
0.15278 50 109 57 57 9 3 0 1 0 0
0.161213 49 108 57 57 10 3 0 1 0 0
0.176321 49 108 56 56 10 4 0 1 0 0
0.189112 48 107 56 56 11 4 0 1 0 0
0.194366 48 107 55 55 11 5 0 1 0 0
0.198169 47 106 55 55 12 5 0 1 0 0
0.204261 46 105 55 55 13 5 0 1 0 0
0.206944 45 104 55 55 14 5 0 1 0 0
0.209528 44 103 55 55 15 5 0 1 0 0
0.249638 44 103 54 54 15 6 0 1 0 0
0.256391 44 103 53 53 15 7 0 1 0 0
0.258173 43 102 53 53 16 7 0 1 0 0
0.263594 42 101 53 53 17 7 0 1 0 0
0.2825 41 100 53 53 18 7 0 1 0 0
0.293424 41 100 52 52 18 8 0 1 0 0
0.302109 41 100 51 51 18 9 0 1 0 0
0.303197 40 99 51 51 19 9 0 1 0 0
0.348422 39 98 51 51 20 9 0 1 0 0
0.350041 39 98 50 50 20 10 0 1 0 0
0.365796 39 98 49 49 20 11 0 1 0 0
0.405059 38 97 49 49 21 11 0 1 0 0
0.445883 38 97 49 49 20 10 1 1 0 0
0.457136 38 96 49 49 19 10 1 2 0 0
0.458372 37 95 49 49 20 10 1 2 0 0
0.480039 36 94 49 49 21 10 1 2 0 0
0.482062 36 93 49 49 20 10 1 3 0 0
0.486814 36 92 49 49 19 10 1 4 0 0
0.48688 36 92 48 48 19 11 1 4 0 0
0.522536 35 91 48 48 20 11 1 4 0 0
0.532296 35 91 47 47 20 12 1 4 0 0
0.534381 34 90 47 47 21 12 1 4 0 0
0.553266 34 89 47 47 20 12 1 5 0 0
0.576128 34 89 46 46 20 13 1 5 0 0
0.618291 33 88 46 46 21 13 1 5 0 0
0.620356 33 88 45 45 21 14 1 5 0 0
0.624512 34 89 45 45 20 14 1 5 0 0
0.632752 34 88 45 45 19 14 1 6 0 0
0.638385 33 87 45 45 20 14 1 6 0 0
0.642343 33 87 44 44 20 15 1 6 0 0
0.655445 32 86 44 44 21 15 1 6 0 0
0.663139 32 86 43 43 21 16 1 6 0 0
0.73363 32 86 42 42 21 17 1 6 0 0
0.767614 31 85 42 42 22 17 1 6 0 0
0.76941 30 84 42 42 23 17 1 6 0 0
0.792866 30 84 41 41 23 18 1 6 0 0
0.793463 29 83 41 41 24 18 1 6 0 0
0.80191 28 82 41 41 25 18 1 6 0 0
0.868003 28 82 41 41 25 17 1 5 0 1
0.873922 27 81 41 41 26 17 1 5 0 1
0.911624 27 81 41 41 25 16 2 5 0 1
0.920955 27 81 41 41 25 15 2 4 0 2
0.930362 26 80 41 41 26 15 2 4 0 2
0.933252 26 80 40 40 26 16 2 4 0 2
0.950116 26 79 40 40 25 16 2 5 0 2
1.0067 27 80 40 40 24 16 2 5 0 2
1.01174 27 79 40 40 23 16 2 6 0 2
1.03295 27 78 40 40 22 16 2 7 0 2
1.06929 27 78 39 39 22 17 2 7 0 2
1.07291 26 77 39 39 23 17 2 7 0 2
1.07498 25 76 39 39 24 17 2 7 0 2
1.08599 25 75 39 39 23 17 2 8 0 2
1.10847 24 74 39 39 24 17 2 8 0 2
1.14529 24 74 38 38 24 18 2 8 0 2
1.17772 24 74 38 38 24 17 2 7 0 3
1.19061 24 74 37 37 24 18 2 7 0 3
1.20193 23 73 37 37 25 18 2 7 0 3
1.22363 22 72 37 37 26 18 2 7 0 3
1.23893 22 72 36 36 26 19 2 7 0 3
1.24855 21 71 36 36 27 19 2 7 0 3
1.24862 21 70 36 36 26 19 2 8 0 3
1.40258 21 69 36 36 25 19 2 9 0 3
1.41951 21 69 35 35 25 20 2 9 0 3
1.43224 21 68 35 35 24 20 2 10 0 3
1.43267 21 68 34 34 24 21 2 10 0 3
1.43651 21 67 34 34 23 21 2 11 0 3
1.4482 21 67 33 33 23 22 2 11 0 3
1.45498 20 66 33 33 24 22 2 11 0 3
1.46135 19 65 33 33 25 22 2 11 0 3
1.48135 18 64 33 33 26 22 2 11 0 3
1.48155 17 63 33 33 27 22 2 11 0 3
1.50112 17 62 33 33 26 22 2 12 0 3
1.53306 17 62 33 33 26 21 2 11 0 4
1.53564 17 61 33 33 25 21 2 12 0 4
1.57996 17 60 33 33 25 21 1 12 1 4
1.58291 16 59 33 33 26 21 1 12 1 4
1.61421 16 58 33 33 25 21 1 13 1 4
1.72536 16 58 33 33 25 20 1 12 1 5
1.76392 16 57 33 33 24 20 1 13 1 5
1.77827 16 57 32 32 24 21 1 13 1 5
1.84477 16 57 32 32 23 20 2 13 1 5
1.90063 16 56 32 32 22 20 2 14 1 5
2.02645 17 57 32 32 21 20 2 14 1 5
2.03143 17 56 32 32 20 20 2 15 1 5
2.29597 17 56 31 31 20 21 2 15 1 5
2.29969 17 56 32 32 20 20 2 15 1 5
2.32678 17 56 31 31 20 21 2 15 1 5
2.34374 17 55 31 31 19 21 2 16 1 5
2.38187 17 55 31 31 18 20 3 16 1 5
2.39466 17 55 31 31 17 19 4 16 1 5
2.46628 17 54 31 31 17 19 3 16 2 5
2.47331 17 54 30 30 17 20 3 16 2 5
2.49771 17 53 30 30 16 20 3 17 2 5
2.53077 17 52 30 30 15 20 3 18 2 5
2.557 16 51 30 30 16 20 3 18 2 5
2.63618 16 50 30 30 15 20 3 19 2 5
2.65637 16 50 29 29 15 21 3 19 2 5
2.6879 16 49 29 29 14 21 3 20 2 5
2.73566 16 49 28 28 14 22 3 20 2 5
2.76796 16 49 27 27 14 23 3 20 2 5
2.78279 16 49 26 26 14 24 3 20 2 5
2.83223 15 48 26 26 15 24 3 20 2 5
2.84234 15 48 26 26 15 23 3 19 2 6
2.84238 14 47 26 26 16 23 3 19 2 6
2.87428 14 46 26 26 15 23 3 20 2 6
2.88776 14 45 26 26 14 23 3 21 2 6
2.94057 14 44 26 26 14 23 2 21 3 6
3.02605 14 44 26 26 14 22 2 20 3 7
3.06595 14 43 26 26 13 22 2 21 3 7
3.08306 15 44 26 26 12 22 2 21 3 7
3.10086 15 44 26 26 12 21 2 20 3 8
3.12352 15 44 25 25 12 22 2 20 3 8
3.20613 14 43 25 25 13 22 2 20 3 8
3.20758 14 43 25 25 12 21 3 20 3 8
3.24848 14 43 24 24 12 22 3 20 3 8
3.25572 13 42 24 24 13 22 3 20 3 8
3.26579 12 41 24 24 14 22 3 20 3 8
3.32078 12 40 24 24 13 22 3 21 3 8
3.42487 12 40 23 23 13 23 3 21 3 8
3.4388 12 39 23 23 12 23 3 22 3 8
3.5885 12 38 23 23 12 23 2 22 4 8
3.65967 12 38 22 22 12 24 2 22 4 8
3.78918 12 38 22 22 11 23 3 22 4 8
3.86813 12 37 22 22 11 23 2 22 5 8
4.0195 12 38 22 22 12 23 2 21 5 8
4.05681 12 38 22 22 12 22 2 20 5 9
4.0668 11 37 22 22 13 22 2 20 5 9
4.20003 10 36 22 22 14 22 2 20 5 9
4.27301 9 35 22 22 15 22 2 20 5 9
4.30522 9 35 22 22 15 21 2 19 5 10
4.34482 9 35 22 22 14 20 3 19 5 10
4.34724 9 35 21 21 14 21 3 19 5 10
4.37318 9 35 20 20 14 22 3 19 5 10
4.75423 9 35 20 20 14 21 3 18 5 11
4.77942 9 35 20 20 14 20 3 17 5 12
4.83046 9 34 20 20 13 20 3 18 5 12
4.91503 9 34 20 20 13 19 3 17 5 13
5.04589 9 34 20 20 12 18 4 17 5 13
5.14822 9 34 20 20 11 17 5 17 5 13
5.14883 9 34 19 19 11 18 5 17 5 13
5.21419 9 33 19 19 11 18 4 17 6 13
5.37039 9 33 18 18 11 19 4 17 6 13
5.39675 9 33 17 17 11 20 4 17 6 13
5.48321 8 32 17 17 12 20 4 17 6 13
5.56754 8 32 17 17 12 19 4 16 6 14
5.58417 8 32 17 17 12 18 4 15 6 15
5.65887 8 32 17 17 12 17 4 14 6 16
5.77404 7 31 17 17 13 17 4 14 6 16
5.97012 7 31 16 16 13 18 4 14 6 16
5.97553 7 31 16 16 13 17 4 13 6 17
6.2281 7 31 16 16 12 16 5 13 6 17
6.28093 7 31 16 16 11 15 6 13 6 17
6.43287 7 30 16 16 10 15 6 14 6 17
6.45451 7 29 16 16 10 15 5 14 7 17
6.62519 7 29 16 16 10 14 5 13 7 18
6.64497 7 28 16 16 9 14 5 14 7 18
6.7698 7 29 16 16 10 14 5 13 7 18
6.77728 6 28 16 16 11 14 5 13 7 18
6.93057 6 28 15 15 11 15 5 13 7 18
7.18323 6 27 15 15 10 15 5 14 7 18
7.35026 6 27 15 15 10 14 5 13 7 19
7.42846 6 26 15 15 9 14 5 14 7 19
7.47013 6 26 15 15 9 13 5 13 7 20
7.50293 6 26 15 15 9 12 5 12 7 21
7.82421 6 25 15 15 8 12 5 13 7 21
7.88517 6 25 14 14 8 13 5 13 7 21
8.15295 6 25 13 13 8 14 5 13 7 21
8.23901 6 25 13 13 7 13 6 13 7 21
8.24101 6 25 13 13 6 12 7 13 7 21
8.26513 6 25 12 12 6 13 7 13 7 21
8.54365 6 24 12 12 5 13 7 14 7 21
8.57232 6 23 12 12 5 13 6 14 8 21
8.63788 6 23 12 12 5 12 6 13 8 22
8.73727 6 23 12 12 5 11 6 12 8 23
9.25813 6 22 12 12 4 11 6 13 8 23
9.37267 6 22 11 11 4 12 6 13 8 23
9.46995 5 21 11 11 5 12 6 13 8 23
9.47652 5 21 10 10 5 13 6 13 8 23
9.50122 5 21 10 10 5 12 6 12 8 24
9.87899 5 21 10 10 6 13 5 12 8 24
10.0291 5 21 10 10 6 12 5 11 8 25
10.4392 5 20 10 10 5 12 5 12 8 25
11.1629 5 19 10 10 4 12 5 13 8 25
11.1662 4 18 10 10 5 12 5 13 8 25
11.898 4 18 10 10 5 11 5 12 8 26
12.2693 4 18 9 9 5 12 5 12 8 26
12.4224 3 17 9 9 6 12 5 12 8 26
12.5075 3 17 8 8 6 13 5 12 8 26
12.5553 3 17 8 8 5 12 6 12 8 26
13.0584 3 17 8 8 5 11 6 11 8 27
13.0741 3 17 8 8 5 10 6 10 8 28
13.5716 3 16 8 8 4 10 6 11 8 28
13.6538 3 16 7 7 4 11 6 11 8 28
13.6963 3 16 7 7 4 10 6 10 8 29
13.7352 2 15 7 7 5 10 6 10 8 29
13.8919 2 14 7 7 5 10 5 10 9 29
13.9558 2 14 7 7 5 9 5 9 9 30
13.9686 2 14 7 7 5 8 5 8 9 31
14.2992 2 14 8 8 5 7 5 8 9 31
14.3463 2 13 8 8 5 7 4 8 10 31
14.4464 2 13 7 7 5 8 4 8 10 31
14.6133 2 13 7 7 4 7 5 8 10 31
15.4777 2 12 7 7 4 7 4 8 11 31
15.7946 2 13 7 7 5 7 4 7 11 31
15.9922 2 12 7 7 4 7 4 8 11 31
16.074 2 11 7 7 3 7 4 9 11 31
16.6277 1 10 7 7 4 7 4 9 11 31
17.6723 1 10 6 6 4 8 4 9 11 31
18.6329 0 9 6 6 5 8 4 9 11 31
18.7812 0 9 5 5 5 9 4 9 11 31
20.5295 0 8 5 5 5 9 3 9 12 31
21.0416 1 9 5 5 4 9 3 9 12 31
22.2173 1 8 5 5 4 9 2 9 13 31
22.4049 1 8 5 5 4 8 2 8 13 32
23.1761 1 8 5 5 4 7 2 7 13 33
25.7472 1 8 4 4 4 8 2 7 13 33
25.989 1 8 4 4 4 7 2 6 13 34
26.6947 2 9 4 4 3 7 2 6 13 34
28.7188 2 10 4 4 4 7 2 5 13 34
28.851 2 10 4 4 4 6 2 4 13 35
29.258 2 9 4 4 3 6 2 5 13 35
30.2883 2 10 4 4 4 6 2 4 13 35
30.5772 2 9 4 4 4 6 1 4 14 35
32.9245 3 10 4 4 3 6 1 4 14 35
33.612 3 10 4 4 3 5 1 3 14 36
33.695 3 9 4 4 3 5 0 3 15 36
35.5471 3 9 3 3 3 6 0 3 15 36
36.6888 3 9 3 3 2 5 1 3 15 36
37.184 2 8 3 3 3 5 1 3 15 36
37.3331 1 7 3 3 4 5 1 3 15 36
37.7372 1 7 4 4 4 4 1 3 15 36
40.6218 1 6 4 4 3 4 1 4 15 36
41.3027 1 5 4 4 2 4 1 5 15 36
43.1674 1 5 4 4 2 3 1 4 15 37
44.5529 1 5 3 3 2 4 1 4 15 37
46.0777 1 5 2 2 2 5 1 4 15 37
46.3701 2 6 2 2 1 5 1 4 15 37
51.3042 2 6 2 2 1 4 1 3 15 38
54.4501 1 5 2 2 2 4 1 3 15 38
56.3474 2 6 2 2 1 4 1 3 15 38
68.206 2 5 2 2 1 4 0 3 16 38
71.9609 2 5 1 1 1 5 0 3 16 38
72.9757 2 5 1 1 1 4 0 2 16 39
75.0244 2 4 1 1 0 4 0 3 16 39
76.1208 2 4 1 1 0 3 0 2 16 40
81.5374 2 4 1 1 0 2 0 1 16 41
89.2213 2 4 0 0 0 3 0 1 16 41
89.457 1 3 0 0 1 3 0 1 16 41
108.905 1 2 0 0 0 3 0 2 16 41
111.388 1 2 1 1 0 2 0 2 16 41
118.407 1 2 0 0 0 3 0 2 16 41
121.776 1 2 0 0 0 2 0 1 16 42
121.816 1 3 0 0 1 2 0 0 16 42
122.785 1 3 0 0 0 1 1 0 16 42
123.96 1 2 0 0 0 1 0 0 17 42
213.747 1 2 0 0 0 2 0 1 17 41
218.215 1 2 0 0 0 1 0 0 17 42
262.373 1 2 1 1 0 0 0 0 17 42
263.705 1 3 1 1 0 0 1 0 16 42
266.875 1 3 1 1 1 1 0 0 16 42
285.777 0 2 1 1 2 1 0 0 16 42
299.081 1 3 1 1 1 1 0 0 16 42
302.858 0 2 1 1 2 1 0 0 16 42
308.488 1 3 1 1 1 1 0 0 16 42
315.389 1 3 0 0 1 2 0 0 16 42
327.245 1 3 0 0 1 3 0 1 16 41
332.118 1 3 0 0 1 4 0 2 16 40
337.82 1 3 0 0 1 3 0 1 16 41
340.309 1 3 0 0 0 2 1 1 16 41
343.173 1 3 1 1 0 1 1 1 16 41
349.382 1 4 1 1 0 1 2 1 15 41
353.884 1 4 0 0 0 2 2 1 15 41
374.794 1 4 0 0 0 1 2 0 15 42
378.301 1 4 0 0 0 2 2 1 15 41
385.096 1 3 0 0 0 2 1 1 16 41
388.432 1 3 0 0 0 1 1 0 16 42
394.985 1 3 0 0 0 2 1 1 16 41
438.996 1 2 0 0 0 2 0 1 17 41
467.603 1 2 1 1 0 1 0 1 17 41
538.059 1 3 1 1 0 1 1 1 16 41
540.173 1 3 0 0 0 2 1 1 16 41
545.403 1 2 0 0 0 2 0 1 17 41
565.568 1 3 0 0 1 2 0 0 17 41
568.282 1 4 0 0 1 2 1 0 16 41
587.814 1 3 0 0 0 2 1 1 16 41
594.443 1 3 1 1 0 1 1 1 16 41
609.231 1 3 1 1 0 2 1 2 16 40
610.598 1 2 1 1 0 2 0 2 17 40
614.578 1 2 1 1 0 1 0 1 17 41
635.185 1 2 1 1 0 2 0 2 17 40
636.14 1 2 1 1 0 3 0 3 17 39
640.583 1 2 1 1 0 2 0 2 17 40
642.004 1 2 2 2 0 1 0 2 17 40
644.245 1 2 2 2 0 2 0 3 17 39
666.247 1 3 2 2 1 2 0 2 17 39
669.203 1 4 2 2 1 2 1 2 16 39
680.287 1 4 1 1 1 3 1 2 16 39
689.176 1 3 1 1 1 3 0 2 17 39
689.193 1 4 1 1 2 3 0 1 17 39
696.284 0 3 1 1 3 3 0 1 17 39
700.59 1 4 1 1 2 3 0 1 17 39
702.548 1 4 1 1 2 2 0 0 17 40
704.709 1 3 1 1 1 2 0 1 17 40
706.115 1 2 1 1 0 2 0 2 17 40
706.866 0 1 1 1 1 2 0 2 17 40
715.681 0 2 1 1 2 2 0 1 17 40
760.586 0 2 2 2 2 1 0 1 17 40
767.924 0 3 2 2 2 1 1 1 16 40
774.39 0 3 1 1 2 2 1 1 16 40
775.351 0 2 1 1 1 2 1 2 16 40
775.958 0 2 1 1 1 1 1 1 16 41
792.162 0 2 1 1 1 2 1 2 16 40
796.093 0 1 1 1 0 2 1 3 16 40
806.194 0 1 2 2 0 1 1 3 16 40
822.255 0 1 2 2 0 0 1 2 16 41
828.94 0 1 2 2 1 1 0 2 16 41
845.799 0 1 1 1 1 2 0 2 16 41
871.15 0 2 1 1 2 2 0 1 16 41
873.804 0 3 1 1 2 2 1 1 15 41
885.226 1 4 1 1 1 2 1 1 15 41
885.682 1 3 1 1 1 2 0 1 16 41
892.084 1 4 1 1 2 2 0 0 16 41
900.115 2 5 1 1 1 2 0 0 16 41
901.506 2 5 1 1 0 1 1 0 16 41
902.585 2 4 1 1 0 1 0 0 17 41
904.344 2 4 2 2 0 0 0 0 17 41
946.853 1 3 2 2 1 0 0 0 17 41
949.502 1 2 2 2 0 0 0 1 17 41
965.435 0 1 2 2 1 0 0 1 17 41
993.316 1 2 2 2 0 0 0 1 17 41
1003.18 1 3 2 2 0 0 1 1 16 41
1003.89 1 2 2 2 0 0 0 1 17 41
1005.54 1 2 2 2 0 1 0 2 17 40
1014.32 1 2 2 2 0 0 0 1 17 41
1016.99 1 2 1 1 0 1 0 1 17 41
1047.5 1 3 1 1 1 1 0 0 17 41
1048.3 1 2 1 1 0 1 0 1 17 41
1054.49 0 1 1 1 1 1 0 1 17 41
1070.11 1 2 1 1 0 1 0 1 17 41
1076.19 0 1 1 1 1 1 0 1 17 41
1114.41 1 2 1 1 0 1 0 1 17 41
1116.39 0 1 1 1 1 1 0 1 17 41
1124.09 0 1 2 2 1 0 0 1 17 41
1130.06 0 2 2 2 2 0 0 0 17 41
1134.01 1 3 2 2 1 0 0 0 17 41
1145.98 0 2 2 2 2 0 0 0 17 41
1154.8 0 2 1 1 2 1 0 0 17 41
1157.82 0 1 1 1 1 1 0 1 17 41
1179.9 0 1 1 1 0 0 1 1 17 41
1184.6 0 1 1 1 0 1 1 2 17 40
1190.85 0 1 1 1 0 2 1 3 17 39
1193.58 0 1 2 2 0 1 1 3 17 39
1200.36 0 1 2 2 0 0 1 2 17 40
1205.45 0 2 2 2 1 0 1 1 17 40
1207.59 0 1 2 2 1 0 0 1 18 40
1209.92 0 2 2 2 2 0 0 0 18 40
1211.61 1 3 2 2 1 0 0 0 18 40
1212.81 1 3 1 1 1 1 0 0 18 40
1224.14 1 2 1 1 0 1 0 1 18 40
1250.63 1 2 1 1 0 2 0 2 18 39
1267.31 1 2 1 1 0 1 0 1 18 40
1308.49 1 2 2 2 0 0 0 1 18 40
1314.9 1 3 2 2 1 0 0 0 18 40
1317.15 2 4 2 2 0 0 0 0 18 40
1318.38 2 4 1 1 0 1 0 0 18 40
1321.59 1 3 1 1 1 1 0 0 18 40
1328.6 1 2 1 1 0 1 0 1 18 40
1328.71 1 2 1 1 0 2 0 2 18 39
1330.83 1 3 1 1 0 2 1 2 17 39
1334.1 1 3 2 2 0 1 1 2 17 39
1334.27 1 2 2 2 0 1 0 2 18 39
1342.53 1 3 2 2 1 1 0 1 18 39
1356.35 1 3 1 1 1 2 0 1 18 39
1370.03 1 3 1 1 1 1 0 0 18 40
1372.68 1 3 1 1 0 0 1 0 18 40
1384.64 1 3 1 1 0 1 1 1 18 39
1387.74 1 2 1 1 0 1 0 1 19 39
1399.16 1 2 1 1 0 0 0 0 19 40
1432.35 0 1 1 1 1 0 0 0 19 40
1471.98 0 1 0 0 1 1 0 0 19 40
1475.56 0 1 0 0 1 2 0 1 19 39
1481.2 0 1 0 0 1 1 0 0 19 40
1501.47 0 1 1 1 1 0 0 0 19 40
1529.64 0 1 0 0 1 1 0 0 19 40
1554.35 0 1 0 0 1 2 0 1 19 39
1558.45 0 0 0 0 0 2 0 2 19 39
1572.72 0 0 0 0 0 1 0 1 19 40
1572.9 0 1 0 0 0 1 1 1 18 40
1590.54 0 1 0 0 0 0 1 0 18 41
1594.38 0 0 0 0 0 0 0 0 19 41
1629.55 0 1 0 0 0 0 1 0 18 41
1723.7 0 0 0 0 0 0 0 0 19 41
1737.39 0 1 0 0 0 0 1 0 18 41
1757.12 0 1 0 0 0 1 1 1 18 40
1762.67 0 2 0 0 0 1 2 1 17 40
1800.2 0 2 1 1 0 0 2 1 17 40
1810.26 0 3 1 1 0 0 3 1 16 40
1812.12 0 4 1 1 0 0 4 1 15 40
1822.53 0 4 0 0 0 1 4 1 15 40
1823.59 0 3 0 0 0 1 3 1 16 40
1824.85 0 2 0 0 0 1 2 1 17 40
1831.49 0 1 0 0 0 1 1 1 18 40
1841.36 0 2 0 0 0 1 2 1 17 40
1848.02 0 2 0 0 0 2 2 2 17 39
1850.92 0 2 0 0 0 1 2 1 17 40
1889.42 0 1 0 0 0 1 1 1 18 40
1894.96 0 0 0 0 0 1 0 1 19 40
1919.63 0 1 0 0 0 1 1 1 18 40
1929.14 0 1 0 0 0 2 1 2 18 39
1938.56 0 1 0 0 0 1 1 1 18 40
1952.52 0 1 0 0 1 2 0 1 18 40
1954.45 0 1 0 0 1 3 0 2 18 39
1973.39 0 1 1 1 1 2 0 2 18 39
1976.51 0 1 1 1 1 1 0 1 18 40
1981.57 1 2 1 1 0 1 0 1 18 40
1988.72 1 2 2 2 0 0 0 1 18 40
1988.96 0 1 2 2 1 0 0 1 18 40
1993.99 1 2 2 2 0 0 0 1 18 40
1997.74 1 2 1 1 0 1 0 1 18 40
2008.75 1 2 2 2 0 0 0 1 18 40
2013.94 1 2 1 1 0 1 0 1 18 40
2021.49 1 2 1 1 0 0 0 0 18 41
2033.26 1 2 1 1 0 1 0 1 18 40
2035.62 0 1 1 1 1 1 0 1 18 40
2039.39 0 1 1 1 1 0 0 0 18 41
2053.24 0 0 1 1 0 0 0 1 18 41
2062.56 0 1 1 1 0 0 1 1 17 41
2113.09 0 2 1 1 1 0 1 0 17 41
2114.14 0 3 1 1 1 0 2 0 16 41
2114.37 0 2 1 1 0 0 2 1 16 41
2133.7 0 2 1 1 1 1 1 1 16 41
2157.84 0 1 1 1 1 1 0 1 17 41
2160.93 0 2 1 1 1 1 1 1 16 41
2163.41 1 3 1 1 0 1 1 1 16 41
2164.01 1 3 0 0 0 2 1 1 16 41
2164.25 1 3 1 1 0 1 1 1 16 41
2167.26 1 3 1 1 0 0 1 0 16 42
2221.93 1 3 0 0 0 1 1 0 16 42
2231.7 1 3 0 0 0 2 1 1 16 41
2238.18 0 2 0 0 1 2 1 1 16 41
2255.74 0 2 0 0 1 3 1 2 16 40
2261.46 0 3 0 0 1 3 2 2 15 40
2267.91 0 3 0 0 1 2 2 1 15 41
2271.55 0 2 0 0 1 2 1 1 16 41
2285.13 1 3 0 0 0 2 1 1 16 41
2287.94 1 3 0 0 0 1 1 0 16 42
2316.83 1 4 0 0 0 1 2 0 15 42
2320.46 1 5 0 0 0 1 3 0 14 42
2323.91 1 4 0 0 0 1 2 0 15 42
2331.34 1 3 0 0 0 1 1 0 16 42
2337.39 1 2 0 0 0 1 0 0 17 42
2392.95 1 2 1 1 0 0 0 0 17 42
2394.36 0 1 1 1 1 0 0 0 17 42
2401.07 1 2 1 1 0 0 0 0 17 42
2401.91 0 1 1 1 1 0 0 0 17 42
2411.1 0 1 0 0 1 1 0 0 17 42
2442.54 0 1 0 0 1 2 0 1 17 41
2443.79 1 2 0 0 0 2 0 1 17 41
2455.46 1 2 1 1 0 1 0 1 17 41
2463.86 1 3 1 1 0 1 1 1 16 41
2464.26 1 2 1 1 0 1 0 1 17 41
2524.4 0 1 1 1 1 1 0 1 17 41
2550.66 0 2 1 1 1 1 1 1 16 41
2551.19 0 2 2 2 1 0 1 1 16 41
2578.32 0 1 2 2 1 0 0 1 17 41
2605.12 0 2 2 2 1 0 1 1 16 41
2608.22 0 2 1 1 1 1 1 1 16 41
2636.99 0 2 2 2 1 0 1 1 16 41
2648.49 0 3 2 2 1 0 2 1 15 41
2667.36 0 2 2 2 1 0 1 1 16 41
2668.11 1 3 2 2 0 0 1 1 16 41
2678.59 0 2 2 2 1 0 1 1 16 41
2682.76 0 2 1 1 1 1 1 1 16 41
2689.89 0 2 0 0 1 2 1 1 16 41
2693.49 0 2 0 0 0 1 2 1 16 41
2698.91 0 2 0 0 1 2 1 1 16 41
2708.16 0 2 1 1 1 1 1 1 16 41
2711.83 0 2 1 1 1 0 1 0 16 42
2726.82 1 3 1 1 0 0 1 0 16 42
2764.33 1 3 0 0 0 1 1 0 16 42
2764.95 0 2 0 0 1 1 1 0 16 42
2804.03 0 2 1 1 1 0 1 0 16 42
2817.7 0 2 0 0 1 1 1 0 16 42
2831.18 0 2 1 1 1 0 1 0 16 42
2833.81 0 1 1 1 0 0 1 1 16 42
2836.66 0 2 1 1 1 0 1 0 16 42
2877.17 0 1 1 1 1 0 0 0 17 42
2881.28 0 2 1 1 1 0 1 0 16 42
2893.02 0 1 1 1 1 0 0 0 17 42
2899.14 0 1 0 0 1 1 0 0 17 42
2920.05 1 2 0 0 0 1 0 0 17 42
2930.13 1 3 0 0 0 1 1 0 16 42
2994.17 1 2 0 0 0 1 0 0 17 42
2994.17 1 2 0 0 0 1 0 0 17 42
