0 60 120 60 60 0 0 0 0 0 0
4.90916e-05 60 120 59 59 0 1 0 0 0 0
0.00134325 59 119 59 59 1 1 0 0 0 0
0.00387779 58 118 59 59 2 1 0 0 0 0
0.0393711 57 117 59 59 3 1 0 0 0 0
0.0554503 56 116 59 59 4 1 0 0 0 0
0.0659436 55 115 59 59 5 1 0 0 0 0
0.0775069 54 114 59 59 6 1 0 0 0 0
0.0798776 53 113 59 59 7 1 0 0 0 0
0.0870155 52 112 59 59 8 1 0 0 0 0
0.0914572 51 111 59 59 9 1 0 0 0 0
0.0926577 50 110 59 59 10 1 0 0 0 0
0.098445 49 109 59 59 11 1 0 0 0 0
0.0993508 48 108 59 59 12 1 0 0 0 0
0.107031 47 107 59 59 13 1 0 0 0 0
0.10932 47 107 58 58 13 2 0 0 0 0
0.124568 47 107 57 57 13 3 0 0 0 0
0.132436 46 106 57 57 14 3 0 0 0 0
0.142474 45 105 57 57 15 3 0 0 0 0
0.153224 45 105 56 56 15 4 0 0 0 0
0.153608 45 105 55 55 15 5 0 0 0 0
0.186697 44 104 55 55 16 5 0 0 0 0
0.188359 44 104 54 54 16 6 0 0 0 0
0.190549 44 104 53 53 16 7 0 0 0 0
0.194782 43 103 53 53 17 7 0 0 0 0
0.196602 42 102 53 53 18 7 0 0 0 0
0.206911 42 102 52 52 18 8 0 0 0 0
0.209703 41 101 52 52 19 8 0 0 0 0
0.236596 41 101 51 51 19 9 0 0 0 0
0.253233 41 101 50 50 19 10 0 0 0 0
0.323644 40 100 50 50 20 10 0 0 0 0
0.340765 39 99 50 50 21 10 0 0 0 0
0.391499 39 98 50 50 20 10 0 1 0 0
0.400063 39 98 49 49 20 11 0 1 0 0
0.419108 38 97 49 49 21 11 0 1 0 0
0.457237 37 96 49 49 22 11 0 1 0 0
0.460226 36 95 49 49 23 11 0 1 0 0
0.465909 36 95 49 49 22 10 1 1 0 0
0.471212 36 95 48 48 22 11 1 1 0 0
0.484465 36 95 47 47 22 12 1 1 0 0
0.544284 35 94 47 47 23 12 1 1 0 0
0.544884 35 94 46 46 23 13 1 1 0 0
0.577878 35 93 46 46 22 13 1 2 0 0
0.583987 34 92 46 46 23 13 1 2 0 0
0.59403 33 91 46 46 24 13 1 2 0 0
0.638 33 91 45 45 24 14 1 2 0 0
0.662743 33 91 44 44 24 15 1 2 0 0
0.663914 32 90 44 44 25 15 1 2 0 0
0.683164 32 90 43 43 25 16 1 2 0 0
0.686312 32 90 43 43 24 15 2 2 0 0
0.695816 32 89 43 43 23 15 2 3 0 0
0.696412 32 89 42 42 23 16 2 3 0 0
0.732138 32 89 42 42 22 15 3 3 0 0
0.766082 32 88 42 42 21 15 3 4 0 0
0.792389 32 88 41 41 21 16 3 4 0 0
0.811681 31 87 41 41 22 16 3 4 0 0
0.811868 30 86 41 41 23 16 3 4 0 0
0.815337 29 85 41 41 24 16 3 4 0 0
0.854113 29 85 40 40 24 17 3 4 0 0
0.869278 29 84 40 40 23 17 3 5 0 0
0.879435 29 84 39 39 23 18 3 5 0 0
0.904152 29 83 39 39 22 18 3 6 0 0
1.01507 28 82 39 39 23 18 3 6 0 0
1.05205 27 81 39 39 24 18 3 6 0 0
1.05735 26 80 39 39 25 18 3 6 0 0
1.12862 26 80 38 38 25 19 3 6 0 0
1.12908 25 79 38 38 26 19 3 6 0 0
1.13314 24 78 38 38 27 19 3 6 0 0
1.14136 23 77 38 38 28 19 3 6 0 0
1.2201 23 76 38 38 27 19 3 7 0 0
1.2301 23 76 37 37 27 20 3 7 0 0
1.26154 23 75 37 37 27 20 2 7 1 0
1.268 22 74 37 37 28 20 2 7 1 0
1.27379 22 73 37 37 27 20 2 8 1 0
1.28399 21 72 37 37 28 20 2 8 1 0
1.29503 21 72 36 36 28 21 2 8 1 0
1.29945 21 72 36 36 28 20 2 7 1 1
1.34613 21 71 36 36 27 20 2 8 1 1
1.38692 21 71 35 35 27 21 2 8 1 1
1.42762 22 72 35 35 26 21 2 8 1 1
1.45314 21 71 35 35 27 21 2 8 1 1
1.47808 21 71 34 34 27 22 2 8 1 1
1.51347 20 70 34 34 28 22 2 8 1 1
1.53223 20 70 34 34 28 21 2 7 1 2
1.57157 20 70 34 34 27 20 3 7 1 2
1.57398 20 69 34 34 26 20 3 8 1 2
1.57585 19 68 34 34 27 20 3 8 1 2
1.59394 19 67 34 34 26 20 3 9 1 2
1.62971 19 67 33 33 26 21 3 9 1 2
1.64361 19 66 33 33 25 21 3 10 1 2
1.65977 18 65 33 33 26 21 3 10 1 2
1.7042 18 65 32 32 26 22 3 10 1 2
1.75075 18 65 31 31 26 23 3 10 1 2
1.79131 18 65 30 30 26 24 3 10 1 2
1.80134 18 65 30 30 25 23 4 10 1 2
1.82898 17 64 30 30 26 23 4 10 1 2
1.83949 17 63 30 30 25 23 4 11 1 2
1.86532 17 63 30 30 25 22 4 10 1 3
1.86558 17 62 30 30 24 22 4 11 1 3
1.86849 16 61 30 30 25 22 4 11 1 3
1.89482 16 60 30 30 24 22 4 12 1 3
1.97208 16 60 29 29 24 23 4 12 1 3
2.23396 16 59 29 29 23 23 4 13 1 3
2.32352 16 59 28 28 23 24 4 13 1 3
2.32654 16 58 28 28 22 24 4 14 1 3
2.37919 16 58 28 28 21 23 5 14 1 3
2.38171 16 58 27 27 21 24 5 14 1 3
2.3857 15 57 27 27 22 24 5 14 1 3
2.39337 14 56 27 27 23 24 5 14 1 3
2.41531 14 56 27 27 22 23 6 14 1 3
2.43364 14 56 27 27 22 22 6 13 1 4
2.45246 14 56 26 26 22 23 6 13 1 4
2.46497 13 55 26 26 23 23 6 13 1 4
2.51397 13 54 26 26 22 23 6 14 1 4
2.51603 12 53 26 26 23 23 6 14 1 4
2.51917 12 53 26 26 22 22 7 14 1 4
2.73134 11 52 26 26 23 22 7 14 1 4
2.74209 10 51 26 26 24 22 7 14 1 4
2.76046 10 50 26 26 23 22 7 15 1 4
2.81096 10 49 26 26 23 22 6 15 2 4
2.83881 10 48 26 26 23 22 5 15 3 4
2.9953 10 48 26 26 22 21 6 15 3 4
2.99824 10 48 26 26 22 20 6 14 3 5
3.02267 10 47 26 26 21 20 6 15 3 5
3.14836 9 46 26 26 22 20 6 15 3 5
3.20982 9 45 26 26 21 20 6 16 3 5
3.35202 9 44 26 26 20 20 6 17 3 5
3.35364 9 43 26 26 19 20 6 18 3 5
3.35975 9 43 25 25 19 21 6 18 3 5
3.39741 9 43 25 25 19 20 6 17 3 6
3.44156 9 43 25 25 18 19 7 17 3 6
3.51931 9 43 25 25 17 18 8 17 3 6
3.56688 10 44 25 25 16 18 8 17 3 6
3.6112 9 43 25 25 17 18 8 17 3 6
3.62263 9 42 25 25 16 18 8 18 3 6
3.65305 9 42 24 24 16 19 8 18 3 6
3.73747 9 41 24 24 16 19 7 18 4 6
3.75342 8 40 24 24 17 19 7 18 4 6
3.79117 8 40 23 23 17 20 7 18 4 6
3.79851 8 39 23 23 17 20 6 18 5 6
3.84663 7 38 23 23 18 20 6 18 5 6
3.9321 7 37 23 23 18 20 5 18 6 6
3.9331 7 37 22 22 18 21 5 18 6 6
4.01945 7 37 22 22 18 20 5 17 6 7
4.07156 7 36 22 22 17 20 5 18 6 7
4.09431 7 36 22 22 17 19 5 17 6 8
4.26131 7 36 22 22 17 18 5 16 6 9
4.35248 7 36 22 22 16 17 6 16 6 9
4.36105 7 35 22 22 15 17 6 17 6 9
4.40995 7 34 22 22 14 17 6 18 6 9
4.48022 6 33 22 22 15 17 6 18 6 9
4.48112 6 32 22 22 15 17 5 18 7 9
4.51412 6 31 22 22 14 17 5 19 7 9
4.54 6 31 21 21 14 18 5 19 7 9
4.76403 6 30 21 21 13 18 5 20 7 9
4.79154 6 29 21 21 13 18 4 20 8 9
4.81844 6 29 21 21 13 17 4 19 8 10
4.82244 6 28 21 21 12 17 4 20 8 10
5.00607 6 28 20 20 12 18 4 20 8 10
5.05514 6 27 20 20 12 18 3 20 9 10
5.06691 6 27 19 19 12 19 3 20 9 10
5.15482 6 27 19 19 12 18 3 19 9 11
5.32143 6 26 19 19 11 18 3 20 9 11
5.40373 5 25 19 19 12 18 3 20 9 11
5.52294 5 25 19 19 12 17 3 19 9 12
5.55503 5 24 19 19 11 17 3 20 9 12
5.55973 5 24 19 19 11 16 3 19 9 13
5.71675 5 23 19 19 10 16 3 20 9 13
5.80415 5 23 19 19 10 15 3 19 9 14
5.83915 5 23 19 19 9 14 4 19 9 14
5.916 5 23 19 19 8 13 5 19 9 14
5.91965 5 23 18 18 8 14 5 19 9 14
6.04351 5 23 18 18 8 13 5 18 9 15
6.05379 5 23 18 18 7 12 6 18 9 15
6.3412 5 22 18 18 7 12 5 18 10 15
7.1891 5 23 18 18 8 12 5 17 10 15
7.22868 5 23 17 17 8 13 5 17 10 15
7.23869 5 23 17 17 8 12 5 16 10 16
7.24095 5 23 16 16 8 13 5 16 10 16
7.25034 5 23 15 15 8 14 5 16 10 16
7.44284 5 22 15 15 7 14 5 17 10 16
7.45599 5 22 14 14 7 15 5 17 10 16
7.60188 5 22 13 13 7 16 5 17 10 16
7.63589 5 22 13 13 7 15 5 16 10 17
8.06136 5 21 13 13 7 15 4 16 11 17
8.25442 5 20 13 13 6 15 4 17 11 17
8.26366 5 20 12 12 6 16 4 17 11 17
8.30145 5 20 12 12 5 15 5 17 11 17
8.59048 5 20 12 12 5 14 5 16 11 18
8.63808 5 20 11 11 5 15 5 16 11 18
8.92978 5 20 11 11 5 14 5 15 11 19
9.17739 5 20 11 11 5 13 5 14 11 20
9.56888 5 20 10 10 5 14 5 14 11 20
9.60771 4 19 10 10 6 14 5 14 11 20
9.73264 4 19 10 10 6 13 5 13 11 21
9.93183 4 19 10 10 6 12 5 12 11 22
10.1286 4 19 10 10 5 11 6 12 11 22
10.136 4 19 10 10 5 10 6 11 11 23
10.3422 4 19 10 10 5 9 6 10 11 24
10.4887 4 18 10 10 5 9 5 10 12 24
10.8376 4 18 10 10 5 8 5 9 12 25
11.7066 4 18 9 9 5 9 5 9 12 25
12.3549 4 18 9 9 5 8 5 8 12 26
12.5549 4 18 8 8 5 9 5 8 12 26
12.7366 4 18 7 7 5 10 5 8 12 26
12.9092 4 18 7 7 5 9 5 7 12 27
13.938 4 18 7 7 5 8 5 6 12 28
14.076 3 17 7 7 6 8 5 6 12 28
15.5062 3 16 7 7 6 8 4 6 13 28
15.9604 3 15 7 7 6 8 3 6 14 28
16.5361 3 14 7 7 5 8 3 7 14 28
17.0293 3 13 7 7 4 8 3 8 14 28
17.0467 3 13 6 6 4 9 3 8 14 28
17.4662 3 12 6 6 4 9 2 8 15 28
19.0806 3 13 6 6 4 9 3 8 14 28
19.1483 3 13 6 6 3 8 4 8 14 28
19.2567 4 14 6 6 2 8 4 8 14 28
19.5723 5 15 6 6 1 8 4 8 14 28
19.7155 4 14 6 6 2 8 4 8 14 28
20.5429 4 14 5 5 2 9 4 8 14 28
21.1149 4 14 5 5 2 8 4 7 14 29
23.0241 4 14 5 5 1 7 5 7 14 29
23.3361 4 13 5 5 0 7 5 8 14 29
23.7359 4 12 5 5 0 7 4 8 15 29
24.9349 4 12 5 5 0 6 4 7 15 30
26.4415 4 11 5 5 0 6 3 7 16 30
27.0445 4 10 5 5 0 6 2 7 17 30
29.9298 4 9 5 5 0 6 1 7 18 30
30.2589 4 9 4 4 0 7 1 7 18 30
30.4534 4 9 4 4 0 6 1 6 18 31
31.5345 4 9 4 4 0 5 1 5 18 32
35.0235 3 8 4 4 1 5 1 5 18 32
35.7036 3 8 4 4 1 4 1 4 18 33
39.1099 3 8 3 3 1 5 1 4 18 33
39.814 3 8 2 2 1 6 1 4 18 33
40.5073 3 9 2 2 2 6 1 3 18 33
44.9594 3 9 2 2 2 5 1 2 18 34
46.8274 3 8 2 2 1 5 1 3 18 34
48.6805 4 9 2 2 0 5 1 3 18 34
51.5762 4 9 1 1 0 6 1 3 18 34
52.4083 3 8 1 1 1 6 1 3 18 34
52.5421 2 7 1 1 2 6 1 3 18 34
52.9755 2 8 1 1 3 6 1 2 18 34
53.846 2 7 1 1 2 6 1 3 18 34
55.3201 2 6 1 1 2 6 0 3 19 34
57.8868 3 7 1 1 1 6 0 3 19 34
63.225 3 7 1 1 0 5 1 3 19 34
73.0313 3 7 1 1 0 4 1 2 19 35
73.2217 2 6 1 1 1 4 1 2 19 35
85.144 2 5 1 1 0 4 1 3 19 35
88.1938 2 5 1 1 0 3 1 2 19 36
91.1456 2 4 1 1 0 3 0 2 20 36
97.9057 2 5 1 1 0 3 1 2 19 36
110.767 2 5 1 1 0 2 1 1 19 37
113.52 1 4 1 1 1 2 1 1 19 37
122.868 1 4 1 1 0 1 2 1 19 37
126.586 0 3 1 1 1 1 2 1 19 37
134.015 0 2 1 1 1 1 1 1 20 37
158.596 0 3 1 1 2 1 1 0 20 37
159.721 0 2 1 1 1 1 1 1 20 37
171.946 0 2 1 1 0 0 2 1 20 37
187.999 0 1 1 1 0 0 1 1 21 37
203.663 0 1 1 1 1 1 0 1 21 37
203.673 1 2 1 1 0 1 0 1 21 37
215.666 0 1 1 1 1 1 0 1 21 37
216.267 0 2 1 1 2 1 0 0 21 37
219.907 1 3 1 1 1 1 0 0 21 37
231.867 1 3 1 1 1 2 0 1 21 36
241.551 1 2 1 1 0 2 0 2 21 36
245.965 1 3 1 1 1 2 0 1 21 36
249.725 1 4 1 1 1 2 1 1 20 36
263.221 1 4 0 0 1 3 1 1 20 36
263.83 1 3 0 0 0 3 1 2 20 36
268.231 1 3 0 0 0 4 1 3 20 35
273.976 1 3 0 0 0 3 1 2 20 36
279.39 1 3 0 0 0 2 1 1 20 37
286.608 1 4 0 0 0 2 2 1 19 37
287.502 1 5 0 0 1 2 2 0 19 37
303.949 1 5 0 0 2 3 1 0 19 37
308.828 1 4 0 0 1 3 1 1 19 37
309.453 1 4 0 0 0 2 2 1 19 37
317.106 1 3 0 0 0 2 1 1 20 37
320.553 1 3 1 1 0 1 1 1 20 37
327.215 1 3 1 1 0 2 1 2 20 36
327.791 0 2 1 1 1 2 1 2 20 36
329.319 1 3 1 1 0 2 1 2 20 36
329.993 1 4 1 1 1 2 1 1 20 36
332.175 1 4 2 2 1 1 1 1 20 36
339.076 1 4 1 1 1 2 1 1 20 36
340.663 1 4 1 1 1 1 1 0 20 37
345.19 0 3 1 1 2 1 1 0 20 37
360.72 0 3 1 1 2 2 1 1 20 36
361.336 0 3 1 1 2 3 1 2 20 35
361.961 0 4 1 1 3 3 1 1 20 35
362.565 0 4 1 1 2 2 2 1 20 35
366.532 1 5 1 1 1 2 2 1 20 35
370.633 1 5 1 1 1 1 2 0 20 36
377.15 0 4 1 1 2 1 2 0 20 36
383.821 1 5 1 1 1 1 2 0 20 36
383.943 1 5 0 0 1 2 2 0 20 36
384.547 2 6 0 0 0 2 2 0 20 36
386.273 2 5 0 0 0 2 1 0 21 36
389.347 1 4 0 0 1 2 1 0 21 36
392.826 1 5 0 0 1 2 2 0 20 36
395.943 1 4 0 0 1 2 1 0 21 36
400.999 0 3 0 0 2 2 1 0 21 36
405.372 1 4 0 0 1 2 1 0 21 36
405.595 1 3 0 0 1 2 0 0 22 36
411.669 1 4 0 0 1 2 1 0 21 36
419.642 1 3 0 0 1 2 0 0 22 36
420.124 1 3 1 1 1 1 0 0 22 36
449.134 1 3 1 1 0 0 1 0 22 36
463.293 1 3 0 0 0 1 1 0 22 36
476.615 1 3 1 1 0 0 1 0 22 36
513.609 1 3 0 0 0 1 1 0 22 36
517.114 1 3 0 0 0 2 1 1 22 35
539.572 1 3 0 0 0 1 1 0 22 36
543.805 1 4 0 0 0 1 2 0 21 36
545.748 1 3 0 0 0 1 1 0 22 36
552.104 1 2 0 0 0 1 0 0 23 36
562.672 0 1 0 0 1 1 0 0 23 36
581.655 0 1 0 0 0 0 1 0 23 36
596.063 0 1 0 0 1 1 0 0 23 36
608.111 0 0 0 0 0 1 0 1 23 36
659.512 0 1 0 0 1 1 0 0 23 36
672.372 0 1 0 0 0 0 1 0 23 36
697.846 0 2 0 0 0 0 2 0 22 36
715.902 0 3 0 0 0 0 3 0 21 36
718.306 0 3 0 0 1 1 2 0 21 36
727.623 0 4 0 0 1 1 3 0 20 36
776.84 0 3 0 0 1 1 2 0 21 36
778.929 0 2 0 0 1 1 1 0 22 36
786.758 1 3 0 0 0 1 1 0 22 36
789.727 1 2 0 0 0 1 0 0 23 36
795.216 1 2 1 1 0 0 0 0 23 36
807.199 1 2 0 0 0 1 0 0 23 36
824.385 1 2 0 0 0 2 0 1 23 35
833.869 0 1 0 0 1 2 0 1 23 35
853.79 0 1 0 0 1 3 0 2 23 34
866.188 0 1 0 0 1 2 0 1 23 35
869.92 0 1 1 1 1 1 0 1 23 35
886.289 0 1 1 1 0 0 1 1 23 35
936.725 0 2 1 1 0 0 2 1 22 35
939.435 0 3 1 1 1 0 2 0 22 35
950.992 0 2 1 1 1 0 1 0 23 35
955.462 0 1 1 1 1 0 0 0 24 35
985.127 1 2 1 1 0 0 0 0 24 35
1008.56 1 3 1 1 0 0 1 0 23 35
1009.3 0 2 1 1 1 0 1 0 23 35
1009.7 0 3 1 1 1 0 2 0 22 35
1015.24 0 2 1 1 0 0 2 1 22 35
1045.45 0 2 1 1 0 1 2 2 22 34
1053.7 0 2 1 1 1 2 1 2 22 34
1094.59 1 3 1 1 0 2 1 2 22 34
1099.36 0 2 1 1 1 2 1 2 22 34
1101.21 0 1 1 1 1 2 0 2 23 34
1103.54 0 1 1 1 1 3 0 3 23 33
1110.2 0 2 1 1 1 3 1 3 22 33
1112.91 0 2 1 1 0 2 2 3 22 33
1115.58 0 3 1 1 1 2 2 2 22 33
1123.7 0 2 1 1 0 2 2 3 22 33
1142.78 0 2 1 1 0 1 2 2 22 34
1144.65 0 2 1 1 0 0 2 1 22 35
1179.67 0 3 1 1 0 0 3 1 21 35
1185.54 0 3 0 0 0 1 3 1 21 35
1191.52 0 2 0 0 0 1 2 1 22 35
1198.08 0 2 0 0 1 2 1 1 22 35
1198.27 0 2 0 0 1 3 1 2 22 34
1209.22 0 2 0 0 1 4 1 3 22 33
1211.9 1 3 0 0 0 4 1 3 22 33
1221.37 1 3 0 0 0 3 1 2 22 34
1222.51 1 4 0 0 1 3 1 1 22 34
1229.39 0 3 0 0 2 3 1 1 22 34
1231.3 0 3 1 1 2 2 1 1 22 34
1239.62 0 2 1 1 1 2 1 2 22 34
1242.85 0 2 1 1 1 1 1 1 22 35
1246.4 0 2 2 2 1 0 1 1 22 35
1248.64 0 1 2 2 0 0 1 2 22 35
1289.61 0 2 2 2 1 0 1 1 22 35
1302.14 1 3 2 2 0 0 1 1 22 35
1303.32 1 4 2 2 0 0 2 1 21 35
1307.09 1 3 2 2 0 0 1 1 22 35
1318.36 1 2 2 2 0 0 0 1 23 35
1329.28 1 2 1 1 0 1 0 1 23 35
1338.88 1 2 1 1 0 2 0 2 23 34
1362.41 1 3 1 1 0 2 1 2 22 34
1373.57 1 4 1 1 1 2 1 1 22 34
1377.37 1 3 1 1 0 2 1 2 22 34
1405.04 0 2 1 1 1 2 1 2 22 34
1413.91 0 1 1 1 1 2 0 2 23 34
1419.67 0 2 1 1 2 2 0 1 23 34
1422.79 0 2 1 1 1 1 1 1 23 34
1428.98 0 2 1 1 1 0 1 0 23 35
1434.82 1 3 1 1 0 0 1 0 23 35
1453.3 1 4 1 1 0 0 2 0 22 35
1474.47 0 3 1 1 1 0 2 0 22 35
1478.93 1 4 1 1 0 0 2 0 22 35
1483.55 1 5 1 1 0 0 3 0 21 35
1493.63 1 5 1 1 0 1 3 1 21 34
1499.27 1 4 1 1 0 1 2 1 22 34
1499.78 1 3 1 1 0 1 1 1 23 34
1511.88 0 2 1 1 1 1 1 1 23 34
1523.03 0 3 1 1 1 1 2 1 22 34
1526.66 0 2 1 1 1 1 1 1 23 34
1527.46 0 3 1 1 1 1 2 1 22 34
1531.83 0 2 1 1 1 1 1 1 23 34
1535.37 0 1 1 1 1 1 0 1 24 34
1542.98 0 0 1 1 0 1 0 2 24 34
1552.14 0 0 1 1 0 0 0 1 24 35
1560.6 0 1 1 1 1 0 0 0 24 35
1560.64 0 2 1 1 1 0 1 0 23 35
1562.69 1 3 1 1 0 0 1 0 23 35
1574.48 1 2 1 1 0 0 0 0 24 35
1591.19 1 3 1 1 0 0 1 0 23 35
1603.12 1 4 1 1 0 0 2 0 22 35
1616.03 1 3 1 1 0 0 1 0 23 35
1641.54 1 2 1 1 0 0 0 0 24 35
1658.85 1 2 0 0 0 1 0 0 24 35
1688.23 0 1 0 0 1 1 0 0 24 35
1693.3 0 0 0 0 0 1 0 1 24 35
1696.73 0 0 1 1 0 0 0 1 24 35
1711.51 0 1 1 1 0 0 1 1 23 35
1730.88 0 1 0 0 0 1 1 1 23 35
1737.19 0 1 0 0 0 2 1 2 23 34
1754.38 0 1 1 1 0 1 1 2 23 34
1760.23 0 1 1 1 0 0 1 1 23 35
1795.69 0 2 1 1 0 0 2 1 22 35
1799.23 0 2 1 1 1 1 1 1 22 35
1800.58 0 1 1 1 1 1 0 1 23 35
1828.35 0 1 1 1 1 0 0 0 23 36
1828.87 1 2 1 1 0 0 0 0 23 36
1841.32 0 1 1 1 1 0 0 0 23 36
1846.13 0 1 0 0 1 1 0 0 23 36
1856.41 0 1 0 0 0 0 1 0 23 36
1965.94 0 1 0 0 1 1 0 0 23 36
1993.61 0 1 0 0 1 2 0 1 23 35
2000.82 0 2 0 0 1 2 1 1 22 35
2008.53 0 3 0 0 1 2 2 1 21 35
2010.2 0 3 0 0 0 1 3 1 21 35
2012.89 0 3 0 0 0 2 3 2 21 34
2017.77 0 2 0 0 0 2 2 2 22 34
2034.89 0 2 0 0 1 3 1 2 22 34
2036.26 0 3 0 0 2 3 1 1 22 34
2044.87 1 4 0 0 1 3 1 1 22 34
2056.44 1 4 0 0 0 2 2 1 22 34
2057.19 0 3 0 0 1 2 2 1 22 34
2061.13 0 2 0 0 0 2 2 2 22 34
2075.54 0 2 0 0 0 1 2 1 22 35
2085.01 0 3 0 0 0 1 3 1 21 35
2094.94 0 2 0 0 0 1 2 1 22 35
2095.86 0 2 1 1 0 0 2 1 22 35
2110.22 0 1 1 1 0 0 1 1 23 35
2144.23 0 2 1 1 1 0 1 0 23 35
2161.51 0 2 1 1 1 1 1 1 23 34
2163.85 0 2 1 1 1 2 1 2 23 33
2164.74 0 1 1 1 1 2 0 2 24 33
2174.16 0 1 1 1 1 3 0 3 24 32
2175.16 0 1 1 1 0 2 1 3 24 32
2176.27 0 1 1 1 0 3 1 4 24 31
2178.07 0 1 1 1 0 4 1 5 24 30
2183.76 0 1 1 1 0 3 1 4 24 31
2203.09 0 2 1 1 0 3 2 4 23 31
2218.02 0 2 1 1 0 2 2 3 23 32
2244.38 0 2 1 1 0 1 2 2 23 33
2245.6 0 1 1 1 0 1 1 2 24 33
2246.2 0 2 1 1 1 1 1 1 24 33
2248.58 0 1 1 1 0 1 1 2 24 33
2267.57 0 1 1 1 0 2 1 3 24 32
2267.67 0 1 1 1 0 1 1 2 24 33
2269.44 0 2 1 1 1 1 1 1 24 33
2277.51 0 3 1 1 1 1 2 1 23 33
2277.69 0 3 2 2 1 0 2 1 23 33
2279.9 0 4 2 2 1 0 3 1 22 33
2281.3 0 3 2 2 0 0 3 2 22 33
2283.06 0 2 2 2 0 0 2 2 23 33
2288.73 0 2 2 2 0 1 2 3 23 32
2309.21 0 2 3 3 0 0 2 3 23 32
2311.33 0 2 2 2 0 1 2 3 23 32
2313.24 0 3 2 2 0 1 3 3 22 32
2316.22 0 3 3 3 0 0 3 3 22 32
2332.56 0 2 3 3 0 0 2 3 23 32
2338.08 0 3 3 3 1 0 2 2 23 32
2339.2 0 2 3 3 0 0 2 3 23 32
2341.15 0 3 3 3 1 0 2 2 23 32
2354.45 0 2 3 3 0 0 2 3 23 32
2358.43 0 1 3 3 0 0 1 3 24 32
2366.99 0 0 3 3 0 0 0 3 25 32
2382.38 0 0 2 2 0 1 0 3 25 32
2392.82 0 1 2 2 1 1 0 2 25 32
2396.51 0 1 1 1 1 2 0 2 25 32
2403.99 0 0 1 1 0 2 0 3 25 32
2426.72 0 0 1 1 0 1 0 2 25 33
2431.01 0 1 1 1 1 1 0 1 25 33
2438.83 1 2 1 1 0 1 0 1 25 33
2447.9 0 1 1 1 1 1 0 1 25 33
2472.94 0 1 2 2 1 0 0 1 25 33
2478.83 1 2 2 2 0 0 0 1 25 33
2491.49 1 2 1 1 0 1 0 1 25 33
2516.83 0 1 1 1 1 1 0 1 25 33
2536.24 0 1 1 1 1 0 0 0 25 34
2542.13 0 2 1 1 1 0 1 0 24 34
2546.31 0 2 0 0 1 1 1 0 24 34
2562.72 0 3 0 0 1 1 2 0 23 34
2581.94 0 2 0 0 0 1 2 1 23 34
2584.84 0 3 0 0 0 1 3 1 22 34
2588.64 0 2 0 0 0 1 2 1 23 34
2590.19 0 3 0 0 0 1 3 1 22 34
2594.83 0 3 1 1 0 0 3 1 22 34
2601.26 0 3 0 0 0 1 3 1 22 34
2620.97 0 3 0 0 0 2 3 2 22 33
2633.37 0 2 0 0 0 2 2 2 23 33
2638.1 0 3 0 0 0 2 3 2 22 33
2640.03 0 4 0 0 1 2 3 1 22 33
2649.93 0 5 0 0 1 2 4 1 21 33
2661.82 0 4 0 0 1 2 3 1 22 33
2671.35 0 4 1 1 1 1 3 1 22 33
2692.71 0 4 1 1 2 2 2 1 22 33
2693.68 0 3 1 1 2 2 1 1 23 33
2695.46 0 4 1 1 2 2 2 1 22 33
2696.41 0 3 1 1 1 2 2 2 22 33
2699.16 0 2 1 1 0 2 2 3 22 33
2702.14 0 2 1 1 0 1 2 2 22 34
2723.91 0 1 1 1 0 1 1 2 23 34
2757.09 0 2 1 1 0 1 2 2 22 34
2769.92 0 1 1 1 0 1 1 2 23 34
2776.98 0 1 2 2 0 0 1 2 23 34
2789.97 0 1 1 1 0 1 1 2 23 34
2817.64 0 1 0 0 0 2 1 2 23 34
2853.19 0 1 0 0 0 1 1 1 23 35
2853.94 0 0 0 0 0 1 0 1 24 35
2867.72 0 0 0 0 0 0 0 0 24 36
2876.24 0 1 0 0 0 0 1 0 23 36
2878.78 0 2 0 0 0 0 2 0 22 36
2883.22 0 3 0 0 0 0 3 0 21 36
2890.91 0 2 0 0 0 0 2 0 22 36
2928.81 0 1 0 0 0 0 1 0 23 36
2930 0 2 0 0 0 0 2 0 22 36
2941.35 0 1 0 0 0 0 1 0 23 36
2943.82 0 2 0 0 0 0 2 0 22 36
2951.86 0 1 0 0 0 0 1 0 23 36
2961.49 0 0 0 0 0 0 0 0 24 36
2985.95 0 1 0 0 0 0 1 0 23 36
2985.95 0 1 0 0 0 0 1 0 23 36
