0 60 120 60 60 0 0 0 0 0 0
0.0167847 60 120 59 59 0 1 0 0 0 0
0.0458818 59 119 59 59 1 1 0 0 0 0
0.0668553 58 118 59 59 2 1 0 0 0 0
0.0720079 57 117 59 59 3 1 0 0 0 0
0.0841536 56 116 59 59 4 1 0 0 0 0
0.088132 56 116 58 58 4 2 0 0 0 0
0.0883794 57 117 58 58 3 2 0 0 0 0
0.10939 57 117 57 57 3 3 0 0 0 0
0.112419 57 117 56 56 3 4 0 0 0 0
0.114004 57 117 55 55 3 5 0 0 0 0
0.11896 57 117 54 54 3 6 0 0 0 0
0.121322 56 116 54 54 4 6 0 0 0 0
0.132477 55 115 54 54 5 6 0 0 0 0
0.150512 55 115 53 53 5 7 0 0 0 0
0.179493 54 114 53 53 6 7 0 0 0 0
0.192577 53 113 53 53 7 7 0 0 0 0
0.20778 52 112 53 53 8 7 0 0 0 0
0.213477 51 111 53 53 9 7 0 0 0 0
0.223113 50 110 53 53 10 7 0 0 0 0
0.227765 50 109 53 53 9 7 0 1 0 0
0.240753 49 108 53 53 10 7 0 1 0 0
0.244742 48 107 53 53 11 7 0 1 0 0
0.25626 48 106 53 53 10 7 0 2 0 0
0.299017 47 105 53 53 11 7 0 2 0 0
0.301467 47 104 53 53 10 7 0 3 0 0
0.326724 46 103 53 53 11 7 0 3 0 0
0.332944 45 102 53 53 12 7 0 3 0 0
0.340752 44 101 53 53 13 7 0 3 0 0
0.354637 44 100 53 53 12 7 0 4 0 0
0.356763 44 100 52 52 12 8 0 4 0 0
0.371333 43 99 52 52 13 8 0 4 0 0
0.372391 43 99 51 51 13 9 0 4 0 0
0.376693 43 99 50 50 13 10 0 4 0 0
0.397283 42 98 50 50 14 10 0 4 0 0
0.39808 41 97 50 50 15 10 0 4 0 0
0.426219 40 96 50 50 16 10 0 4 0 0
0.438639 40 95 50 50 15 10 0 5 0 0
0.443282 40 94 50 50 14 10 0 6 0 0
0.444646 40 94 50 50 13 9 1 6 0 0
0.472413 40 94 49 49 13 10 1 6 0 0
0.476955 39 93 49 49 14 10 1 6 0 0
0.497363 38 92 49 49 15 10 1 6 0 0
0.511957 38 91 49 49 14 10 1 7 0 0
0.522408 38 90 49 49 13 10 1 8 0 0
0.526127 37 89 49 49 14 10 1 8 0 0
0.542853 36 88 49 49 15 10 1 8 0 0
0.549109 35 87 49 49 16 10 1 8 0 0
0.5493 35 87 48 48 16 11 1 8 0 0
0.549977 34 86 48 48 17 11 1 8 0 0
0.554822 34 85 48 48 16 11 1 9 0 0
0.578561 34 85 48 48 16 10 1 8 0 1
0.60359 34 84 48 48 16 10 0 8 1 1
0.604979 33 83 48 48 17 10 0 8 1 1
0.611084 33 82 48 48 16 10 0 9 1 1
0.613637 33 81 48 48 15 10 0 10 1 1
0.623247 33 81 47 47 15 11 0 10 1 1
0.645033 33 80 47 47 14 11 0 11 1 1
0.692901 33 79 47 47 13 11 0 12 1 1
0.695179 33 79 46 46 13 12 0 12 1 1
0.703648 33 79 45 45 13 13 0 12 1 1
0.749784 32 78 45 45 14 13 0 12 1 1
0.750718 32 77 45 45 13 13 0 13 1 1
0.768967 32 76 45 45 12 13 0 14 1 1
0.79402 31 75 45 45 13 13 0 14 1 1
0.829181 30 74 45 45 14 13 0 14 1 1
0.854938 30 74 44 44 14 14 0 14 1 1
0.908775 30 74 43 43 14 15 0 14 1 1
0.935951 29 73 43 43 15 15 0 14 1 1
0.945 28 72 43 43 16 15 0 14 1 1
0.947377 28 72 42 42 16 16 0 14 1 1
1.02873 28 72 41 41 16 17 0 14 1 1
1.06474 28 72 40 40 16 18 0 14 1 1
1.08198 27 71 40 40 17 18 0 14 1 1
1.1207 27 71 39 39 17 19 0 14 1 1
1.19864 27 70 39 39 16 19 0 15 1 1
1.25033 26 69 39 39 17 19 0 15 1 1
1.34617 25 68 39 39 18 19 0 15 1 1
1.42893 25 68 38 38 18 20 0 15 1 1
1.50658 25 68 37 37 18 21 0 15 1 1
1.50879 24 67 37 37 19 21 0 15 1 1
1.52599 23 66 37 37 20 21 0 15 1 1
1.53086 23 66 37 37 19 20 1 15 1 1
1.53338 22 65 37 37 20 20 1 15 1 1
1.54336 22 65 37 37 19 19 2 15 1 1
1.58193 22 65 37 37 18 18 3 15 1 1
1.62908 21 64 37 37 19 18 3 15 1 1
1.6815 21 64 36 36 19 19 3 15 1 1
1.69135 21 63 36 36 19 19 2 15 2 1
1.69753 21 63 36 36 19 18 2 14 2 2
1.76548 21 62 36 36 18 18 2 15 2 2
1.76984 20 61 36 36 19 18 2 15 2 2
1.85886 20 60 36 36 18 18 2 16 2 2
1.89106 19 59 36 36 19 18 2 16 2 2
1.92133 19 59 35 35 19 19 2 16 2 2
1.94316 19 59 34 34 19 20 2 16 2 2
1.95365 18 58 34 34 20 20 2 16 2 2
1.97102 18 58 34 34 19 19 3 16 2 2
1.98229 18 58 33 33 19 20 3 16 2 2
1.99201 18 58 32 32 19 21 3 16 2 2
2.06335 17 57 32 32 20 21 3 16 2 2
2.17343 17 57 31 31 20 22 3 16 2 2
2.21252 16 56 31 31 21 22 3 16 2 2
2.2214 15 55 31 31 22 22 3 16 2 2
2.22516 15 54 31 31 22 22 2 16 3 2
2.22545 14 53 31 31 23 22 2 16 3 2
2.25336 14 52 31 31 22 22 2 17 3 2
2.30195 14 52 31 31 21 21 3 17 3 2
2.31205 14 51 31 31 20 21 3 18 3 2
2.32958 13 50 31 31 21 21 3 18 3 2
2.43229 12 49 31 31 22 21 3 18 3 2
2.46088 12 48 31 31 21 21 3 19 3 2
2.52344 11 47 31 31 22 21 3 19 3 2
2.56311 11 47 31 31 22 20 3 18 3 3
2.58504 10 46 31 31 23 20 3 18 3 3
2.62845 10 45 31 31 22 20 3 19 3 3
2.71114 10 45 30 30 22 21 3 19 3 3
2.85556 10 45 30 30 21 20 4 19 3 3
2.87758 10 44 30 30 20 20 4 20 3 3
2.90736 10 44 30 30 19 19 5 20 3 3
2.94794 10 44 30 30 18 18 6 20 3 3
2.9788 10 44 30 30 18 17 6 19 3 4
3.02572 10 43 30 30 17 17 6 20 3 4
3.07048 9 42 30 30 18 17 6 20 3 4
3.11249 8 41 30 30 19 17 6 20 3 4
3.17269 8 41 30 30 18 16 7 20 3 4
3.25971 8 40 30 30 17 16 7 21 3 4
3.32296 8 40 29 29 17 17 7 21 3 4
3.33214 8 39 29 29 16 17 7 22 3 4
3.39481 8 39 28 28 16 18 7 22 3 4
3.4084 8 38 28 28 15 18 7 23 3 4
3.51962 8 38 28 28 15 17 7 22 3 5
3.72272 8 38 27 27 15 18 7 22 3 5
3.77707 8 37 27 27 14 18 7 23 3 5
3.77936 8 37 27 27 14 17 7 22 3 6
3.90255 8 37 26 26 14 18 7 22 3 6
3.95977 8 36 26 26 13 18 7 23 3 6
4.04792 8 35 26 26 12 18 7 24 3 6
4.10439 8 34 26 26 12 18 6 24 4 6
4.11449 8 34 26 26 12 17 6 23 4 7
4.14423 8 34 25 25 12 18 6 23 4 7
4.22508 8 34 25 25 12 17 6 22 4 8
4.2327 8 33 25 25 12 17 5 22 5 8
4.35549 8 32 25 25 11 17 5 23 5 8
4.46425 8 32 25 25 10 16 6 23 5 8
4.60491 9 33 25 25 9 16 6 23 5 8
4.77375 9 33 24 24 9 17 6 23 5 8
4.78302 8 32 24 24 10 17 6 23 5 8
4.84659 8 32 23 23 10 18 6 23 5 8
4.86894 8 32 22 22 10 19 6 23 5 8
5.02523 8 32 22 22 10 18 6 22 5 9
5.04886 8 32 22 22 9 17 7 22 5 9
5.10732 8 32 22 22 9 16 7 21 5 10
5.23037 8 32 22 22 9 15 7 20 5 11
5.27769 7 31 22 22 10 15 7 20 5 11
5.31232 7 31 21 21 10 16 7 20 5 11
5.44951 7 31 21 21 10 15 7 19 5 12
5.45244 6 30 21 21 11 15 7 19 5 12
5.51272 6 30 20 20 11 16 7 19 5 12
5.53213 6 29 20 20 10 16 7 20 5 12
5.57991 6 29 20 20 10 15 7 19 5 13
5.61652 6 28 20 20 9 15 7 20 5 13
5.77242 6 27 20 20 9 15 6 20 6 13
5.79635 6 26 20 20 8 15 6 21 6 13
5.82026 6 25 20 20 8 15 5 21 7 13
5.8245 6 25 20 20 8 14 5 20 7 14
5.93375 6 24 20 20 7 14 5 21 7 14
6.03943 6 24 20 20 7 13 5 20 7 15
6.09091 6 23 20 20 7 13 4 20 8 15
6.1381 6 23 19 19 7 14 4 20 8 15
6.1911 6 23 18 18 7 15 4 20 8 15
6.31113 6 23 18 18 7 14 4 19 8 16
6.4833 6 23 17 17 7 15 4 19 8 16
6.49722 6 23 17 17 7 14 4 18 8 17
6.59914 6 22 17 17 6 14 4 19 8 17
6.71252 5 21 17 17 7 14 4 19 8 17
6.77665 4 20 17 17 8 14 4 19 8 17
6.82504 4 20 17 17 8 13 4 18 8 18
6.88902 4 19 17 17 8 13 3 18 9 18
7.02312 4 19 17 17 7 12 4 18 9 18
7.0256 4 19 16 16 7 13 4 18 9 18
7.20136 4 19 15 15 7 14 4 18 9 18
7.6951 4 19 15 15 7 13 4 17 9 19
7.99478 4 19 15 15 7 12 4 16 9 20
8.21194 4 19 15 15 7 11 4 15 9 21
8.23911 4 19 15 15 7 10 4 14 9 22
8.60571 4 19 14 14 7 11 4 14 9 22
8.6642 4 19 14 14 6 10 5 14 9 22
8.78095 4 18 14 14 5 10 5 15 9 22
9.21766 4 19 14 14 6 10 5 14 9 22
9.44292 4 18 14 14 6 10 4 14 10 22
10.1721 4 18 14 14 6 9 4 13 10 23
10.2699 4 17 14 14 5 9 4 14 10 23
10.3392 4 17 13 13 5 10 4 14 10 23
10.7016 4 17 12 12 5 11 4 14 10 23
10.7893 4 17 11 11 5 12 4 14 10 23
10.9555 4 18 11 11 6 12 4 13 10 23
11.0978 4 17 11 11 6 12 3 13 11 23
11.1853 4 17 11 11 6 11 3 12 11 24
11.5849 4 17 12 12 6 10 3 12 11 24
11.7554 3 16 12 12 7 10 3 12 11 24
11.7912 3 15 12 12 6 10 3 13 11 24
12.126 3 14 12 12 5 10 3 14 11 24
13.5628 3 14 12 12 5 9 3 13 11 25
13.9954 3 14 11 11 5 10 3 13 11 25
14.0562 3 13 11 11 4 10 3 14 11 25
14.1796 3 13 11 11 4 9 3 13 11 26
14.4307 3 13 10 10 4 10 3 13 11 26
14.6164 3 13 9 9 4 11 3 13 11 26
14.807 3 13 9 9 4 10 3 12 11 27
15.2101 3 13 8 8 4 11 3 12 11 27
15.2336 3 13 8 8 4 10 3 11 11 28
15.7948 3 12 8 8 4 10 2 11 12 28
16.2576 4 13 8 8 3 10 2 11 12 28
17.0739 4 12 8 8 2 10 2 12 12 28
17.1413 4 12 8 8 2 9 2 11 12 29
17.4169 4 12 8 8 2 8 2 10 12 30
18.1134 4 12 8 8 2 7 2 9 12 31
18.7435 4 12 7 7 2 8 2 9 12 31
19.0043 4 11 7 7 2 8 1 9 13 31
19.5908 4 11 7 7 1 7 2 9 13 31
21.7254 3 10 7 7 2 7 2 9 13 31
22.5874 3 9 7 7 2 7 1 9 14 31
23.3897 3 9 7 7 2 6 1 8 14 32
23.6962 3 9 7 7 2 5 1 7 14 33
24.1748 3 10 7 7 3 5 1 6 14 33
26.1394 3 10 7 7 2 4 2 6 14 33
26.3732 3 10 6 6 2 5 2 6 14 33
26.4239 2 9 6 6 3 5 2 6 14 33
27.8415 1 8 6 6 4 5 2 6 14 33
28.3496 0 7 6 6 5 5 2 6 14 33
28.6795 0 7 5 5 5 6 2 6 14 33
28.9297 0 7 6 6 5 5 2 6 14 33
29.0307 0 7 5 5 5 6 2 6 14 33
30.606 0 6 5 5 4 6 2 7 14 33
31.1427 0 5 5 5 3 6 2 8 14 33
31.2307 0 5 5 5 3 5 2 7 14 34
31.9482 0 5 4 4 3 6 2 7 14 34
34.9501 1 6 4 4 2 6 2 7 14 34
34.9905 1 6 4 4 2 5 2 6 14 35
35.5015 1 6 4 4 2 4 2 5 14 36
36.0576 1 6 4 4 2 3 2 4 14 37
44.1752 1 5 4 4 2 3 1 4 15 37
50.9335 1 6 4 4 3 3 1 3 15 37
52.1681 1 6 3 3 3 4 1 3 15 37
59.7086 0 5 3 3 4 4 1 3 15 37
62.1117 0 5 3 3 4 3 1 2 15 38
66.3906 0 5 3 3 4 4 1 3 15 37
67.2685 0 5 2 2 4 5 1 3 15 37
73.0468 1 6 2 2 3 5 1 3 15 37
74.2065 1 6 2 2 3 4 1 2 15 38
76.878 1 5 2 2 2 4 1 3 15 38
81.0521 2 6 2 2 1 4 1 3 15 38
82.3561 2 6 1 1 1 5 1 3 15 38
83.4825 2 6 1 1 1 4 1 2 15 39
83.6064 2 6 1 1 0 3 2 2 15 39
92.7526 2 6 1 1 0 2 2 1 15 40
106.201 1 5 1 1 1 2 2 1 15 40
116.119 0 4 1 1 2 2 2 1 15 40
131.148 0 4 1 1 2 1 2 0 15 41
137.364 0 4 1 1 1 0 3 0 15 41
140.213 0 3 1 1 1 0 2 0 16 41
142.923 1 4 1 1 0 0 2 0 16 41
148.156 1 3 1 1 0 0 1 0 17 41
151.981 1 2 1 1 0 0 0 0 18 41
208.168 0 1 1 1 1 0 0 0 18 41
244.325 1 2 1 1 0 0 0 0 18 41
253.288 0 1 1 1 1 0 0 0 18 41
289.708 1 2 1 1 0 0 0 0 18 41
303.643 1 3 1 1 0 0 1 0 17 41
306.611 1 2 1 1 0 0 0 0 18 41
380.141 1 2 1 1 0 1 0 1 18 40
408.74 0 1 1 1 1 1 0 1 18 40
409.527 0 0 1 1 0 1 0 2 18 40
437.304 0 0 1 1 0 2 0 3 18 39
439.191 0 0 1 1 0 1 0 2 18 40
439.245 0 0 2 2 0 0 0 2 18 40
439.928 0 1 2 2 1 0 0 1 18 40
461.996 1 2 2 2 0 0 0 1 18 40
501.606 1 2 2 2 0 1 0 2 18 39
535.241 0 1 2 2 1 1 0 2 18 39
550.849 0 1 1 1 1 2 0 2 18 39
556.497 0 2 1 1 2 2 0 1 18 39
561.327 1 3 1 1 1 2 0 1 18 39
580.874 0 2 1 1 2 2 0 1 18 39
587.377 0 3 1 1 2 2 1 1 17 39
590.976 0 2 1 1 1 2 1 2 17 39
593.105 0 2 2 2 1 1 1 2 17 39
598.241 0 2 3 3 1 0 1 2 17 39
599.23 1 3 3 3 0 0 1 2 17 39
602.428 1 2 3 3 0 0 0 2 18 39
632.542 1 2 2 2 0 1 0 2 18 39
657.095 1 2 2 2 0 2 0 3 18 38
664.278 1 2 1 1 0 3 0 3 18 38
669.144 1 2 1 1 0 2 0 2 18 39
689.227 1 2 1 1 0 1 0 1 18 40
698.995 1 2 0 0 0 2 0 1 18 40
704.754 1 2 0 0 0 3 0 2 18 39
726.354 0 1 0 0 1 3 0 2 18 39
729.748 0 0 0 0 0 3 0 3 18 39
745.367 0 0 0 0 0 4 0 4 18 38
745.42 0 0 1 1 0 3 0 4 18 38
751.303 0 1 1 1 0 3 1 4 17 38
758.832 0 2 1 1 1 3 1 3 17 38
763.562 0 2 1 1 0 2 2 3 17 38
769.236 0 2 1 1 0 3 2 4 17 37
770.55 0 2 1 1 0 2 2 3 17 38
774.119 0 3 1 1 1 2 2 2 17 38
778.548 0 4 1 1 2 2 2 1 17 38
791.094 0 4 1 1 3 3 1 1 17 38
795.174 0 4 1 1 2 2 2 1 17 38
799.351 0 4 2 2 2 1 2 1 17 38
802.987 0 4 2 2 2 2 2 2 17 37
803.831 0 3 2 2 1 2 2 3 17 37
813.163 0 2 2 2 0 2 2 4 17 37
815.591 0 1 2 2 0 2 1 4 18 37
822.007 0 1 3 3 0 1 1 4 18 37
823.142 0 2 3 3 0 1 2 4 17 37
829.024 0 2 2 2 0 2 2 4 17 37
832.641 0 2 3 3 0 1 2 4 17 37
842.023 0 3 3 3 1 1 2 3 17 37
843.884 0 4 3 3 2 1 2 2 17 37
847.49 0 4 2 2 2 2 2 2 17 37
848.552 1 5 2 2 1 2 2 2 17 37
855.668 2 6 2 2 0 2 2 2 17 37
857.16 2 5 2 2 0 2 1 2 18 37
857.461 2 5 2 2 0 3 1 3 18 36
863.079 2 5 1 1 0 4 1 3 18 36
863.108 2 5 1 1 0 5 1 4 18 35
863.609 1 4 1 1 1 5 1 4 18 35
866.227 1 4 1 1 1 4 1 3 18 36
869.971 2 5 1 1 0 4 1 3 18 36
880.234 1 4 1 1 1 4 1 3 18 36
883.584 1 3 1 1 0 4 1 4 18 36
889.788 1 4 1 1 1 4 1 3 18 36
901.184 1 3 1 1 0 4 1 4 18 36
902.32 1 3 2 2 0 3 1 4 18 36
907.801 0 2 2 2 1 3 1 4 18 36
908.26 0 2 2 2 1 4 1 5 18 35
908.715 0 2 1 1 1 5 1 5 18 35
909.423 0 2 1 1 1 4 1 4 18 36
912.437 0 2 2 2 1 3 1 4 18 36
915.097 1 3 2 2 0 3 1 4 18 36
927.735 1 3 2 2 0 2 1 3 18 37
930.463 1 4 2 2 1 2 1 2 18 37
932.821 1 5 2 2 2 2 1 1 18 37
936.689 1 5 2 2 3 3 0 1 18 37
937.966 1 4 2 2 2 3 0 2 18 37
950.995 1 4 2 2 2 4 0 3 18 36
951.846 1 4 2 2 1 3 1 3 18 36
952.476 1 4 3 3 1 2 1 3 18 36
954.427 1 4 3 3 1 1 1 2 18 37
957.941 1 4 3 3 2 2 0 2 18 37
959.376 1 4 2 2 2 3 0 2 18 37
960.121 1 4 2 2 2 2 0 1 18 38
965.039 1 3 2 2 1 2 0 2 18 38
965.053 1 3 3 3 1 1 0 2 18 38
971.943 1 2 3 3 0 1 0 3 18 38
978.542 1 2 2 2 0 2 0 3 18 38
978.794 1 2 2 2 0 3 0 4 18 37
986.796 1 2 2 2 0 2 0 3 18 38
987.462 1 2 2 2 0 1 0 2 18 39
995.418 1 2 2 2 0 0 0 1 18 40
997.294 1 2 1 1 0 1 0 1 18 40
1006.43 1 3 1 1 0 1 1 1 17 40
1010.51 1 2 1 1 0 1 0 1 18 40
1025.41 1 2 0 0 0 2 0 1 18 40
1026.32 1 3 0 0 1 2 0 0 18 40
1055.43 2 4 0 0 0 2 0 0 18 40
1079.78 2 5 0 0 0 2 1 0 17 40
1095.49 1 4 0 0 1 2 1 0 17 40
1101.21 0 3 0 0 2 2 1 0 17 40
1113.16 1 4 0 0 1 2 1 0 17 40
1116.7 1 3 0 0 0 2 1 1 17 40
1116.97 1 3 0 0 0 1 1 0 17 41
1127.77 0 2 0 0 1 1 1 0 17 41
1158.26 0 1 0 0 0 1 1 1 17 41
1165.84 0 2 0 0 0 1 2 1 16 41
1167.45 0 2 1 1 0 0 2 1 16 41
1168.22 0 1 1 1 0 0 1 1 17 41
1212.25 0 2 1 1 1 0 1 0 17 41
1215.56 1 3 1 1 0 0 1 0 17 41
1218 1 3 1 1 1 1 0 0 17 41
1231.31 1 4 1 1 1 1 1 0 16 41
1239.6 1 3 1 1 1 1 0 0 17 41
1242.9 1 2 1 1 0 1 0 1 17 41
1246.9 0 1 1 1 1 1 0 1 17 41
1255.66 0 1 1 1 1 2 0 2 17 40
1257.46 0 1 0 0 1 3 0 2 17 40
1263.66 0 2 0 0 1 3 1 2 16 40
1266.7 0 3 0 0 1 3 2 2 15 40
1267.15 1 4 0 0 0 3 2 2 15 40
1276.35 1 4 0 0 0 2 2 1 15 41
1288.39 0 3 0 0 1 2 2 1 15 41
1304.95 0 2 0 0 1 2 1 1 16 41
1311.63 0 1 0 0 1 2 0 1 17 41
1315.19 0 1 0 0 1 1 0 0 17 42
1322.26 0 1 1 1 1 0 0 0 17 42
1324 0 1 1 1 1 1 0 1 17 41
1334.81 0 0 1 1 0 1 0 2 17 41
1354.45 0 0 1 1 0 0 0 1 17 42
1368.33 0 0 0 0 0 1 0 1 17 42
1399.87 0 0 0 0 0 0 0 0 17 43
1404.11 0 1 0 0 0 0 1 0 16 43
1473.4 0 1 0 0 1 1 0 0 16 43
1477.53 0 2 0 0 1 1 1 0 15 43
1502.87 0 2 1 1 1 0 1 0 15 43
1516.66 0 1 1 1 1 0 0 0 16 43
1542.89 1 2 1 1 0 0 0 0 16 43
1570.29 0 1 1 1 1 0 0 0 16 43
1580.06 0 2 1 1 1 0 1 0 15 43
1589.25 0 1 1 1 0 0 1 1 15 43
1590.43 0 1 0 0 0 1 1 1 15 43
1593.98 0 1 0 0 0 2 1 2 15 42
1629.26 0 1 0 0 0 1 1 1 15 43
1681.48 0 1 1 1 0 0 1 1 15 43
1704.53 0 2 1 1 1 0 1 0 15 43
1720.3 1 3 1 1 0 0 1 0 15 43
1725.21 0 2 1 1 1 0 1 0 15 43
1732.44 0 3 1 1 1 0 2 0 14 43
1738.45 0 2 1 1 1 0 1 0 15 43
1748.02 1 3 1 1 0 0 1 0 15 43
1794.15 1 4 1 1 0 0 2 0 14 43
1795.18 1 4 0 0 0 1 2 0 14 43
1804.84 0 3 0 0 1 1 2 0 14 43
1809.27 0 4 0 0 1 1 3 0 13 43
1809.77 0 3 0 0 1 1 2 0 14 43
1823.68 0 4 0 0 1 1 3 0 13 43
1832.84 0 4 0 0 1 2 3 1 13 42
1834.42 0 3 0 0 1 2 2 1 14 42
1844.04 0 3 1 1 1 1 2 1 14 42
1848.56 0 3 1 1 1 0 2 0 14 43
1856.48 0 3 1 1 2 1 1 0 14 43
1873.16 0 3 1 1 1 0 2 0 14 43
1929.79 1 4 1 1 0 0 2 0 14 43
1930.91 1 3 1 1 0 0 1 0 15 43
1931 1 3 0 0 0 1 1 0 15 43
1960.29 0 2 0 0 1 1 1 0 15 43
1982.37 0 2 0 0 1 2 1 1 15 42
1992.35 1 3 0 0 0 2 1 1 15 42
2008.96 1 4 0 0 1 2 1 0 15 42
2015.82 0 3 0 0 2 2 1 0 15 42
2016.25 0 2 0 0 1 2 1 1 15 42
2016.75 0 1 0 0 1 2 0 1 16 42
2023.37 0 1 1 1 1 1 0 1 16 42
2035.38 0 2 1 1 1 1 1 1 15 42
2043.45 0 3 1 1 2 1 1 0 15 42
2052.45 0 3 2 2 2 0 1 0 15 42
2055.04 0 2 2 2 1 0 1 1 15 42
2056.09 1 3 2 2 0 0 1 1 15 42
2056.18 1 4 2 2 0 0 2 1 14 42
2067.56 1 4 2 2 0 1 2 2 14 41
2079.71 1 4 1 1 0 2 2 2 14 41
2107 1 3 1 1 0 2 1 2 15 41
2116.54 1 2 1 1 0 2 0 2 16 41
2119.73 1 2 1 1 0 1 0 1 16 42
2145.98 0 1 1 1 1 1 0 1 16 42
2153.93 0 1 1 1 0 0 1 1 16 42
2165.08 0 2 1 1 0 0 2 1 15 42
2184.85 0 2 0 0 0 1 2 1 15 42
2212.87 0 2 0 0 1 2 1 1 15 42
2214.48 1 3 0 0 0 2 1 1 15 42
2221.62 0 2 0 0 1 2 1 1 15 42
2230.77 0 1 0 0 1 2 0 1 16 42
2239.47 0 1 0 0 1 1 0 0 16 43
2242.89 1 2 0 0 0 1 0 0 16 43
2243.43 1 2 0 0 0 2 0 1 16 42
2255.63 0 1 0 0 1 2 0 1 16 42
2269.16 1 2 0 0 0 2 0 1 16 42
2283.51 1 2 1 1 0 1 0 1 16 42
2288.75 0 1 1 1 1 1 0 1 16 42
2289.34 0 2 1 1 2 1 0 0 16 42
2309.86 1 3 1 1 1 1 0 0 16 42
2310.2 2 4 1 1 0 1 0 0 16 42
2311.23 1 3 1 1 1 1 0 0 16 42
2313.79 0 2 1 1 2 1 0 0 16 42
2315.98 1 3 1 1 1 1 0 0 16 42
2322.35 1 3 0 0 1 2 0 0 16 42
2326.02 1 4 0 0 1 2 1 0 15 42
2332.28 0 3 0 0 2 2 1 0 15 42
2349.81 0 2 0 0 2 2 0 0 16 42
2355.3 0 2 0 0 1 1 1 0 16 42
2375.89 0 2 0 0 1 2 1 1 16 41
2393.43 0 2 0 0 1 1 1 0 16 42
2407.55 1 3 0 0 0 1 1 0 16 42
2408.15 1 3 0 0 0 2 1 1 16 41
2414.59 1 3 0 0 0 3 1 2 16 40
2415.53 1 3 1 1 0 2 1 2 16 40
2422.71 1 4 1 1 1 2 1 1 16 40
2429.67 1 3 1 1 1 2 0 1 17 40
2456.59 0 2 1 1 2 2 0 1 17 40
2464.72 0 3 1 1 2 2 1 1 16 40
2467.1 0 3 2 2 2 1 1 1 16 40
2483.37 0 2 2 2 2 1 0 1 17 40
2486.33 0 1 2 2 1 1 0 2 17 40
2493.98 0 2 2 2 1 1 1 2 16 40
2497.29 0 3 2 2 2 1 1 1 16 40
2498.96 0 3 3 3 2 0 1 1 16 40
2500.18 0 3 3 3 3 1 0 1 16 40
2506.48 0 3 2 2 3 2 0 1 16 40
2511.54 0 3 2 2 2 1 1 1 16 40
2524.85 0 3 3 3 2 0 1 1 16 40
2537.87 0 4 3 3 3 0 1 0 16 40
2541.66 0 3 3 3 2 0 1 1 16 40
2542.97 1 4 3 3 1 0 1 1 16 40
2544.64 2 5 3 3 0 0 1 1 16 40
2546.36 2 5 3 3 0 1 1 2 16 39
2548.48 2 5 2 2 0 2 1 2 16 39
2549.53 2 5 2 2 0 1 1 1 16 40
2552.05 2 5 1 1 0 2 1 1 16 40
2566.77 1 4 1 1 1 2 1 1 16 40
2577.94 2 5 1 1 0 2 1 1 16 40
2578.55 2 6 1 1 0 2 2 1 15 40
2581.6 2 5 1 1 0 2 1 1 16 40
2583.58 2 5 1 1 0 1 1 0 16 41
2585.38 2 5 1 1 0 2 1 1 16 40
2586.27 2 6 1 1 0 2 2 1 15 40
2587.26 2 7 1 1 1 2 2 0 15 40
2587.98 1 6 1 1 2 2 2 0 15 40
2591.09 1 5 1 1 1 2 2 1 15 40
2591.89 0 4 1 1 2 2 2 1 15 40
2596.06 0 3 1 1 1 2 2 2 15 40
2609.7 0 3 1 1 1 3 2 3 15 39
2610.39 0 4 1 1 2 3 2 2 15 39
2612.05 0 3 1 1 1 3 2 3 15 39
2616.97 1 4 1 1 0 3 2 3 15 39
2620.13 1 4 1 1 0 2 2 2 15 40
2625.75 1 3 1 1 0 2 1 2 16 40
2635.32 1 4 1 1 1 2 1 1 16 40
2652.33 1 4 1 1 1 3 1 2 16 39
2655.28 1 4 2 2 1 2 1 2 16 39
2655.51 1 3 2 2 1 2 0 2 17 39
2657.82 1 3 3 3 1 1 0 2 17 39
2664.59 1 3 2 2 1 2 0 2 17 39
2665.2 2 4 2 2 0 2 0 2 17 39
2665.22 2 4 3 3 0 1 0 2 17 39
2667.01 2 4 2 2 0 2 0 2 17 39
2675.54 2 5 2 2 0 2 1 2 16 39
2680.7 1 4 2 2 1 2 1 2 16 39
2682.58 1 5 2 2 2 2 1 1 16 39
2684.78 1 6 2 2 2 2 2 1 15 39
2686.28 1 6 2 2 2 3 2 2 15 38
2688.83 1 7 2 2 2 3 3 2 14 38
2690.86 1 6 2 2 1 3 3 3 14 38
2691.57 1 5 2 2 1 3 2 3 15 38
2693.23 1 5 2 2 0 2 3 3 15 38
2698.72 1 4 2 2 0 2 2 3 16 38
2701.14 1 5 2 2 1 2 2 2 16 38
2706.15 1 5 3 3 1 1 2 2 16 38
2710.35 0 4 3 3 2 1 2 2 16 38
2712.91 0 3 3 3 2 1 1 2 17 38
2713.67 0 3 2 2 2 2 1 2 17 38
2715.57 0 3 1 1 2 3 1 2 17 38
2715.69 0 4 1 1 3 3 1 1 17 38
2722.5 0 4 1 1 3 2 1 0 17 39
2723.17 1 5 1 1 2 2 1 0 17 39
2725.64 1 4 1 1 2 2 0 0 18 39
2728.03 1 4 2 2 2 1 0 0 18 39
2733.63 1 4 2 2 2 2 0 1 18 38
2736.82 0 3 2 2 3 2 0 1 18 38
2740.79 0 3 1 1 3 3 0 1 18 38
2745.39 1 4 1 1 2 3 0 1 18 38
2748.04 1 5 1 1 2 3 1 1 17 38
2750.9 2 6 1 1 1 3 1 1 17 38
2752.05 2 6 1 1 1 2 1 0 17 39
2752.59 1 5 1 1 2 2 1 0 17 39
2752.65 2 6 1 1 1 2 1 0 17 39
2756.69 2 5 1 1 0 2 1 1 17 39
2758.16 1 4 1 1 1 2 1 1 17 39
2761.28 1 5 1 1 1 2 2 1 16 39
2761.49 1 4 1 1 1 2 1 1 17 39
2764.81 1 3 1 1 0 2 1 2 17 39
2766.17 1 3 0 0 0 3 1 2 17 39
2772.59 1 2 0 0 0 3 0 2 18 39
2787.24 1 3 0 0 1 3 0 1 18 39
2796.02 2 4 0 0 0 3 0 1 18 39
2797.05 2 4 0 0 0 2 0 0 18 40
2818.75 1 3 0 0 1 2 0 0 18 40
2826.22 2 4 0 0 0 2 0 0 18 40
2845.61 1 3 0 0 1 2 0 0 18 40
2858.13 0 2 0 0 2 2 0 0 18 40
2866.89 0 1 0 0 1 2 0 1 18 40
2869.95 0 2 0 0 1 2 1 1 17 40
2871.24 1 3 0 0 0 2 1 1 17 40
2903.47 1 3 0 0 0 1 1 0 17 41
2915.66 1 3 0 0 0 2 1 1 17 40
2917.57 1 3 0 0 0 3 1 2 17 39
2922.46 1 3 1 1 0 2 1 2 17 39
2938.9 1 4 1 1 1 2 1 1 17 39
2940.03 1 4 1 1 0 1 2 1 17 39
2942.68 0 3 1 1 1 1 2 1 17 39
2944.12 0 3 1 1 1 0 2 0 17 40
2948.09 0 3 1 1 1 1 2 1 17 39
2948.51 0 3 1 1 0 0 3 1 17 39
2954.92 0 2 1 1 0 0 2 1 18 39
2975.34 0 3 1 1 0 0 3 1 17 39
2993.43 0 2 1 1 0 0 2 1 18 39
2993.95 0 3 1 1 1 0 2 0 18 39
2993.95 0 3 1 1 1 0 2 0 18 39
