0 60 120 60 60 0 0 0 0 0 0
0.0186395 59 119 60 60 1 0 0 0 0 0
0.0461243 58 118 60 60 2 0 0 0 0 0
0.0479161 57 117 60 60 3 0 0 0 0 0
0.0922421 57 117 59 59 3 1 0 0 0 0
0.097601 56 116 59 59 4 1 0 0 0 0
0.0992702 55 115 59 59 5 1 0 0 0 0
0.105899 54 114 59 59 6 1 0 0 0 0
0.108773 53 113 59 59 7 1 0 0 0 0
0.117947 52 112 59 59 8 1 0 0 0 0
0.124577 51 111 59 59 9 1 0 0 0 0
0.129656 51 110 59 59 8 1 0 1 0 0
0.130934 51 110 58 58 8 2 0 1 0 0
0.132149 51 110 57 57 8 3 0 1 0 0
0.143915 51 109 57 57 7 3 0 2 0 0
0.154996 50 108 57 57 8 3 0 2 0 0
0.184686 50 108 56 56 8 4 0 2 0 0
0.199228 49 107 56 56 9 4 0 2 0 0
0.21899 48 106 56 56 10 4 0 2 0 0
0.22393 47 105 56 56 11 4 0 2 0 0
0.225179 46 104 56 56 12 4 0 2 0 0
0.237356 46 104 55 55 12 5 0 2 0 0
0.243123 45 103 55 55 13 5 0 2 0 0
0.302478 44 102 55 55 14 5 0 2 0 0
0.318475 44 102 54 54 14 6 0 2 0 0
0.328233 44 101 54 54 13 6 0 3 0 0
0.335429 43 100 54 54 14 6 0 3 0 0
0.336516 43 100 53 53 14 7 0 3 0 0
0.381616 43 99 53 53 13 7 0 4 0 0
0.40966 42 98 53 53 14 7 0 4 0 0
0.412475 42 98 52 52 14 8 0 4 0 0
0.420174 42 97 52 52 13 8 0 5 0 0
0.438934 42 97 53 53 13 7 0 5 0 0
0.464866 42 97 52 52 13 8 0 5 0 0
0.489277 42 96 52 52 12 8 0 6 0 0
0.49142 41 95 52 52 13 8 0 6 0 0
0.511901 40 94 52 52 14 8 0 6 0 0
0.512682 40 94 52 52 14 7 0 5 0 1
0.529822 40 93 52 52 13 7 0 6 0 1
0.542912 40 93 51 51 13 8 0 6 0 1
0.555377 39 92 51 51 14 8 0 6 0 1
0.561984 38 91 51 51 15 8 0 6 0 1
0.588421 38 91 50 50 15 9 0 6 0 1
0.595524 37 90 50 50 16 9 0 6 0 1
0.609216 37 89 50 50 15 9 0 7 0 1
0.613656 36 88 50 50 16 9 0 7 0 1
0.626798 35 87 50 50 17 9 0 7 0 1
0.650409 35 86 50 50 16 9 0 8 0 1
0.667411 35 86 49 49 16 10 0 8 0 1
0.684407 35 86 48 48 16 11 0 8 0 1
0.701066 34 85 48 48 17 11 0 8 0 1
0.705238 34 85 47 47 17 12 0 8 0 1
0.714513 34 85 47 47 16 11 1 8 0 1
0.720848 33 84 47 47 17 11 1 8 0 1
0.726878 32 83 47 47 18 11 1 8 0 1
0.733097 31 82 47 47 19 11 1 8 0 1
0.763995 31 82 46 46 19 12 1 8 0 1
0.784268 31 82 45 45 19 13 1 8 0 1
0.842327 30 81 45 45 20 13 1 8 0 1
0.848191 30 81 44 44 20 14 1 8 0 1
0.849856 30 81 43 43 20 15 1 8 0 1
0.852938 30 81 42 42 20 16 1 8 0 1
0.853517 29 80 42 42 21 16 1 8 0 1
0.88332 29 80 41 41 21 17 1 8 0 1
0.892364 29 80 41 41 20 16 2 8 0 1
0.959551 28 79 41 41 21 16 2 8 0 1
0.959687 28 78 41 41 20 16 2 9 0 1
0.963545 28 78 40 40 20 17 2 9 0 1
0.97422 28 78 39 39 20 18 2 9 0 1
0.984778 27 77 39 39 21 18 2 9 0 1
0.990246 27 77 38 38 21 19 2 9 0 1
1.00141 26 76 38 38 22 19 2 9 0 1
1.00628 25 75 38 38 23 19 2 9 0 1
1.02375 25 74 38 38 22 19 2 10 0 1
1.08772 24 73 38 38 23 19 2 10 0 1
1.10884 23 72 38 38 24 19 2 10 0 1
1.1144 22 71 38 38 25 19 2 10 0 1
1.1357 22 70 38 38 24 19 2 11 0 1
1.15572 22 69 38 38 23 19 2 12 0 1
1.20233 21 68 38 38 24 19 2 12 0 1
1.22794 20 67 38 38 25 19 2 12 0 1
1.26675 20 67 37 37 25 20 2 12 0 1
1.33274 19 66 37 37 26 20 2 12 0 1
1.48744 19 65 37 37 25 20 2 13 0 1
1.49886 19 64 37 37 25 20 1 13 1 1
1.56374 19 64 36 36 25 21 1 13 1 1
1.66991 19 63 36 36 24 21 1 14 1 1
1.69125 19 62 36 36 23 21 1 15 1 1
1.70017 19 62 36 36 23 20 1 14 1 2
1.70982 19 61 36 36 22 20 1 15 1 2
1.75672 18 60 36 36 23 20 1 15 1 2
1.76291 17 59 36 36 24 20 1 15 1 2
1.78748 17 59 35 35 24 21 1 15 1 2
1.7947 17 59 35 35 24 20 1 14 1 3
1.79656 17 59 35 35 24 19 1 13 1 4
1.8981 17 59 34 34 24 20 1 13 1 4
1.95256 17 59 33 33 24 21 1 13 1 4
1.96425 17 59 32 32 24 22 1 13 1 4
1.99806 17 58 32 32 23 22 1 14 1 4
1.99836 16 57 32 32 24 22 1 14 1 4
2.03424 15 56 32 32 25 22 1 14 1 4
2.05957 15 56 31 31 25 23 1 14 1 4
2.06634 15 56 31 31 25 22 1 13 1 5
2.1204 15 56 31 31 24 21 2 13 1 5
2.12338 15 56 31 31 24 20 2 12 1 6
2.15826 14 55 31 31 25 20 2 12 1 6
2.24518 13 54 31 31 26 20 2 12 1 6
2.31318 13 54 31 31 25 19 3 12 1 6
2.34302 13 54 31 31 25 18 3 11 1 7
2.37236 13 54 30 30 25 19 3 11 1 7
2.37595 13 54 30 30 24 18 4 11 1 7
2.38903 12 53 30 30 25 18 4 11 1 7
2.39895 12 53 29 29 25 19 4 11 1 7
2.43761 11 52 29 29 26 19 4 11 1 7
2.52402 11 52 28 28 26 20 4 11 1 7
2.5993 11 52 28 28 25 19 5 11 1 7
2.63099 11 51 28 28 24 19 5 12 1 7
2.63904 11 51 27 27 24 20 5 12 1 7
2.66189 10 50 27 27 25 20 5 12 1 7
2.66971 10 50 27 27 24 19 6 12 1 7
2.67129 10 50 26 26 24 20 6 12 1 7
2.69108 9 49 26 26 25 20 6 12 1 7
2.73023 9 48 26 26 24 20 6 13 1 7
2.75282 9 47 26 26 23 20 6 14 1 7
2.76741 8 46 26 26 24 20 6 14 1 7
2.83479 8 45 26 26 23 20 6 15 1 7
2.86284 8 45 26 26 23 19 6 14 1 8
2.87806 8 45 25 25 23 20 6 14 1 8
2.92945 7 44 25 25 24 20 6 14 1 8
2.96832 7 44 25 25 23 19 7 14 1 8
3.00746 7 43 25 25 22 19 7 15 1 8
3.01327 7 43 25 25 22 18 7 14 1 9
3.09431 7 42 25 25 21 18 7 15 1 9
3.19032 7 41 25 25 20 18 7 16 1 9
3.20642 8 42 25 25 19 18 7 16 1 9
3.27792 8 41 25 25 18 18 7 17 1 9
3.36972 8 41 25 25 18 17 7 16 1 10
3.38552 8 40 25 25 18 17 6 16 2 10
3.40992 8 40 24 24 18 18 6 16 2 10
3.46077 8 40 23 23 18 19 6 16 2 10
3.51523 8 39 23 23 17 19 6 17 2 10
3.51584 8 39 23 23 17 18 6 16 2 11
3.55155 8 38 23 23 16 18 6 17 2 11
3.64151 8 38 23 23 16 17 6 16 2 12
3.65605 8 37 23 23 15 17 6 17 2 12
3.73004 8 37 22 22 15 18 6 17 2 12
3.82137 8 37 21 21 15 19 6 17 2 12
3.9607 8 37 21 21 14 18 7 17 2 12
3.967 8 37 20 20 14 19 7 17 2 12
4.07313 8 36 20 20 13 19 7 18 2 12
4.16911 8 36 20 20 12 18 8 18 2 12
4.24441 8 36 20 20 11 17 9 18 2 12
4.3241 7 35 20 20 12 17 9 18 2 12
4.32448 8 36 20 20 11 17 9 18 2 12
4.3854 8 36 20 20 10 16 10 18 2 12
4.46465 8 36 20 20 10 15 10 17 2 13
4.7485 8 36 19 19 10 16 10 17 2 13
4.7724 8 35 19 19 10 16 9 17 3 13
5.03134 8 35 19 19 10 15 9 16 3 14
5.09542 8 35 19 19 10 14 9 15 3 15
5.13456 8 34 19 19 9 14 9 16 3 15
5.37418 8 34 19 19 9 13 9 15 3 16
5.37705 8 34 18 18 9 14 9 15 3 16
5.48209 8 34 18 18 9 13 9 14 3 17
5.55504 8 33 18 18 9 13 8 14 4 17
5.61609 8 32 18 18 8 13 8 15 4 17
5.62005 8 32 18 18 8 12 8 14 4 18
5.83574 8 32 17 17 8 13 8 14 4 18
5.84086 7 31 17 17 9 13 8 14 4 18
5.97655 7 31 17 17 8 12 9 14 4 18
6.0467 7 30 17 17 8 12 8 14 5 18
6.2292 7 29 17 17 8 12 7 14 6 18
6.2376 7 29 17 17 8 11 7 13 6 19
6.5026 8 30 17 17 7 11 7 13 6 19
6.51852 8 29 17 17 7 11 6 13 7 19
6.54639 8 29 17 17 6 10 7 13 7 19
6.68814 8 29 17 17 6 9 7 12 7 20
6.81922 8 29 16 16 6 10 7 12 7 20
7.27627 8 28 16 16 6 10 6 12 8 20
7.52204 8 28 15 15 6 11 6 12 8 20
7.76969 8 27 15 15 5 11 6 13 8 20
8.0269 7 26 15 15 6 11 6 13 8 20
8.11442 7 26 14 14 6 12 6 13 8 20
8.24359 7 25 14 14 6 12 5 13 9 20
8.3876 7 24 14 14 5 12 5 14 9 20
8.40951 7 24 14 14 5 11 5 13 9 21
8.62315 6 23 14 14 6 11 5 13 9 21
8.76402 6 23 13 13 6 12 5 13 9 21
8.76909 6 22 13 13 6 12 4 13 10 21
9.08481 6 22 13 13 6 11 4 12 10 22
9.54277 6 22 14 14 6 10 4 12 10 22
9.74279 6 22 13 13 6 11 4 12 10 22
9.78111 6 21 13 13 5 11 4 13 10 22
9.85446 6 21 13 13 5 10 4 12 10 23
10.0684 6 21 13 13 5 9 4 11 10 24
10.3118 6 21 13 13 4 8 5 11 10 24
10.4518 6 21 13 13 3 7 6 11 10 24
10.5561 5 20 13 13 4 7 6 11 10 24
10.6204 4 19 13 13 5 7 6 11 10 24
10.7536 4 19 12 12 5 8 6 11 10 24
10.8336 4 19 12 12 4 7 7 11 10 24
11.6262 4 20 12 12 5 7 7 10 10 24
11.7911 4 19 12 12 5 7 6 10 11 24
12.2031 4 18 12 12 5 7 5 10 12 24
12.2035 4 18 11 11 5 8 5 10 12 24
12.5209 3 17 11 11 6 8 5 10 12 24
12.8322 3 16 11 11 5 8 5 11 12 24
13.0395 3 16 10 10 5 9 5 11 12 24
13.3631 3 16 9 9 5 10 5 11 12 24
13.3736 3 15 9 9 4 10 5 12 12 24
14.9119 3 15 8 8 4 11 5 12 12 24
15.4427 3 14 8 8 3 11 5 13 12 24
15.5329 3 14 8 8 3 10 5 12 12 25
15.7073 3 13 8 8 2 10 5 13 12 25
15.7704 3 13 7 7 2 11 5 13 12 25
15.9252 3 13 7 7 2 10 5 12 12 26
16.1265 3 13 7 7 2 9 5 11 12 27
16.3878 2 12 7 7 3 9 5 11 12 27
17.1666 2 12 7 7 3 8 5 10 12 28
17.4427 2 12 6 6 3 9 5 10 12 28
18.6168 2 12 6 6 3 8 5 9 12 29
19.3257 2 11 6 6 3 8 4 9 13 29
19.717 2 11 6 6 3 7 4 8 13 30
20.1057 2 11 6 6 3 6 4 7 13 31
20.1878 2 10 6 6 3 6 3 7 14 31
20.7171 3 11 6 6 2 6 3 7 14 31
20.9132 3 10 6 6 1 6 3 8 14 31
21.5714 3 9 6 6 1 6 2 8 15 31
22.2512 2 8 6 6 2 6 2 8 15 31
25.8515 2 8 5 5 2 7 2 8 15 31
27.2706 2 8 5 5 2 6 2 7 15 32
27.4448 2 8 5 5 2 5 2 6 15 33
28.5269 2 8 5 5 1 4 3 6 15 33
28.7069 2 7 5 5 1 4 2 6 16 33
31.9152 2 7 5 5 0 3 3 6 16 33
32.519 2 7 4 4 0 4 3 6 16 33
34.6199 2 8 4 4 0 4 4 6 15 33
35.4074 2 8 4 4 0 3 4 5 15 34
36.1241 1 7 4 4 1 3 4 5 15 34
37.0956 1 6 4 4 1 3 3 5 16 34
38.1865 1 7 4 4 2 3 3 4 16 34
39.6609 1 7 4 4 1 2 4 4 16 34
40.4585 1 7 4 4 1 1 4 3 16 35
40.9097 0 6 4 4 2 1 4 3 16 35
41.3392 1 7 4 4 1 1 4 3 16 35
43.3772 1 8 4 4 2 1 4 2 16 35
44.596 1 8 3 3 2 2 4 2 16 35
45.0587 1 8 3 3 2 1 4 1 16 36
46.1887 1 7 3 3 2 1 3 1 17 36
48.6497 1 6 3 3 2 1 2 1 18 36
63.4836 1 6 3 3 2 2 2 2 18 35
64.0999 1 6 2 2 2 3 2 2 18 35
64.4124 1 5 2 2 2 3 1 2 19 35
64.5028 1 4 2 2 1 3 1 3 19 35
67.8882 1 4 2 2 1 2 1 2 19 36
67.996 1 5 2 2 2 2 1 1 19 36
70.5374 1 4 2 2 2 2 0 1 20 36
77.9018 0 3 2 2 3 2 0 1 20 36
86.0931 0 3 2 2 3 3 0 2 20 35
92.1704 0 4 2 2 4 3 0 1 20 35
92.9345 0 3 2 2 3 3 0 2 20 35
93.2143 0 3 2 2 2 2 1 2 20 35
94.9923 1 4 2 2 1 2 1 2 20 35
110.062 1 4 1 1 1 3 1 2 20 35
115.439 1 3 1 1 1 3 0 2 21 35
116.686 1 2 1 1 0 3 0 3 21 35
123.559 1 2 2 2 0 2 0 3 21 35
127.734 1 2 1 1 0 3 0 3 21 35
128.64 1 2 1 1 0 2 0 2 21 36
132.101 1 2 1 1 0 1 0 1 21 37
132.404 1 3 1 1 0 1 1 1 20 37
152.583 1 2 1 1 0 1 0 1 21 37
222.572 1 2 0 0 0 2 0 1 21 37
230.346 0 1 0 0 1 2 0 1 21 37
243.44 0 2 0 0 1 2 1 1 20 37
263.424 0 2 0 0 0 1 2 1 20 37
283.47 0 2 0 0 0 2 2 2 20 36
294.907 0 3 0 0 1 2 2 1 20 36
297.386 0 2 0 0 1 2 1 1 21 36
336.691 0 2 0 0 1 3 1 2 21 35
339.381 0 3 0 0 1 3 2 2 20 35
346.517 0 4 0 0 2 3 2 1 20 35
350.508 1 5 0 0 1 3 2 1 20 35
357.933 1 5 0 0 0 2 3 1 20 35
364.731 1 5 0 0 1 3 2 1 20 35
367.91 1 5 0 0 0 2 3 1 20 35
371.205 1 4 0 0 0 2 2 1 21 35
373.883 1 3 0 0 0 2 1 1 22 35
375.242 1 2 0 0 0 2 0 1 23 35
381.018 0 1 0 0 1 2 0 1 23 35
382.086 0 2 0 0 1 2 1 1 22 35
397.172 0 2 0 0 0 1 2 1 22 35
401.124 0 2 0 0 0 0 2 0 22 36
402.603 0 1 0 0 0 0 1 0 23 36
414.06 0 1 0 0 0 1 1 1 23 35
433.288 0 1 1 1 0 0 1 1 23 35
439.818 0 2 1 1 0 0 2 1 22 35
459.249 0 2 0 0 0 1 2 1 22 35
475.106 0 2 0 0 0 0 2 0 22 36
497.696 0 2 0 0 1 1 1 0 22 36
516.779 0 2 1 1 1 0 1 0 22 36
521.44 0 2 1 1 2 1 0 0 22 36
533.881 0 1 1 1 1 1 0 1 22 36
554.715 0 1 1 1 0 0 1 1 22 36
566.648 0 2 1 1 1 0 1 0 22 36
585.065 1 3 1 1 0 0 1 0 22 36
593.52 1 2 1 1 0 0 0 0 23 36
607.692 0 1 1 1 1 0 0 0 23 36
612.394 1 2 1 1 0 0 0 0 23 36
623.155 1 2 0 0 0 1 0 0 23 36
645.487 1 2 0 0 0 2 0 1 23 35
649.868 0 1 0 0 1 2 0 1 23 35
657.784 0 1 0 0 1 3 0 2 23 34
671.914 0 1 1 1 1 2 0 2 23 34
681.113 0 1 1 1 1 1 0 1 23 35
700.217 1 2 1 1 0 1 0 1 23 35
743.507 1 2 1 1 0 2 0 2 23 34
760.765 1 2 1 1 0 1 0 1 23 35
782.733 1 2 1 1 0 0 0 0 23 36
803.116 1 3 1 1 0 0 1 0 22 36
831.403 1 2 1 1 0 0 0 0 23 36
867.698 1 3 1 1 0 0 1 0 22 36
867.926 1 4 1 1 0 0 2 0 21 36
869.274 1 3 1 1 0 0 1 0 22 36
895.256 1 2 1 1 0 0 0 0 23 36
932.666 1 3 1 1 0 0 1 0 22 36
945.303 1 3 1 1 0 1 1 1 22 35
951.293 1 4 1 1 0 1 2 1 21 35
952.676 1 4 1 1 0 0 2 0 21 36
957.901 0 3 1 1 1 0 2 0 21 36
994.8 1 4 1 1 0 0 2 0 21 36
999.071 0 3 1 1 1 0 2 0 21 36
1003.7 1 4 1 1 0 0 2 0 21 36
1012.13 1 4 1 1 1 1 1 0 21 36
1033.08 2 5 1 1 0 1 1 0 21 36
1037.22 1 4 1 1 1 1 1 0 21 36
1044.37 2 5 1 1 0 1 1 0 21 36
1046.12 1 4 1 1 1 1 1 0 21 36
1051.94 1 3 1 1 0 1 1 1 21 36
1078.11 1 3 1 1 0 0 1 0 21 37
1114.46 0 2 1 1 1 0 1 0 21 37
1163.7 0 1 1 1 0 0 1 1 21 37
1204.4 0 2 1 1 0 0 2 1 20 37
1223.22 0 2 1 1 0 1 2 2 20 36
1237.82 0 3 1 1 1 1 2 1 20 36
1259.45 0 2 1 1 1 1 1 1 21 36
1266.49 0 2 2 2 1 0 1 1 21 36
1278.02 0 2 1 1 1 1 1 1 21 36
1287.35 0 2 2 2 1 0 1 1 21 36
1289.19 0 1 2 2 0 0 1 2 21 36
1301.94 0 1 1 1 0 1 1 2 21 36
1309.27 0 2 1 1 1 1 1 1 21 36
1334.22 0 1 1 1 0 1 1 2 21 36
1390.85 0 1 1 1 1 2 0 2 21 36
1391.5 0 1 1 1 0 1 1 2 21 36
1440.39 0 1 1 1 0 2 1 3 21 35
1449.21 0 1 0 0 0 3 1 3 21 35
1455.22 0 1 0 0 0 2 1 2 21 36
1460.53 0 2 0 0 0 2 2 2 20 36
1468.46 0 3 0 0 1 2 2 1 20 36
1474.22 0 2 0 0 0 2 2 2 20 36
1508.23 0 3 0 0 1 2 2 1 20 36
1528.61 0 2 0 0 1 2 1 1 21 36
1529.69 0 2 0 0 1 1 1 0 21 37
1530.77 0 2 1 1 1 0 1 0 21 37
1533.8 0 1 1 1 1 0 0 0 22 37
1594.06 1 2 1 1 0 0 0 0 22 37
1595.24 0 1 1 1 1 0 0 0 22 37
1603.26 0 1 1 1 1 1 0 1 22 36
1609.68 0 1 2 2 1 0 0 1 22 36
1648.84 1 2 2 2 0 0 0 1 22 36
1657.13 1 2 1 1 0 1 0 1 22 36
1663.83 1 2 1 1 0 2 0 2 22 35
1665.98 1 2 1 1 0 1 0 1 22 36
1674.21 0 1 1 1 1 1 0 1 22 36
1724.11 0 1 1 1 1 2 0 2 22 35
1728.22 0 1 0 0 1 3 0 2 22 35
1729.74 0 1 1 1 1 2 0 2 22 35
1738.33 0 1 2 2 1 1 0 2 22 35
1799.88 0 1 1 1 1 2 0 2 22 35
1807.77 0 2 1 1 1 2 1 2 21 35
1812.35 0 2 1 1 1 1 1 1 21 36
1832.26 0 2 1 1 1 0 1 0 21 37
1841.44 0 3 1 1 1 0 2 0 20 37
1849.32 0 3 0 0 1 1 2 0 20 37
1859.01 0 2 0 0 0 1 2 1 20 37
1864.42 0 3 0 0 1 1 2 0 20 37
1866.47 0 2 0 0 1 1 1 0 21 37
1869.84 1 3 0 0 0 1 1 0 21 37
1879.34 1 2 0 0 0 1 0 0 22 37
1886.25 1 3 0 0 0 1 1 0 21 37
1903.72 1 2 0 0 0 1 0 0 22 37
1918.1 0 1 0 0 1 1 0 0 22 37
1919.49 0 2 0 0 1 1 1 0 21 37
1923.51 0 2 0 0 1 2 1 1 21 36
1946.25 0 2 0 0 0 1 2 1 21 36
1950.48 0 2 0 0 1 2 1 1 21 36
1957.11 0 3 0 0 1 2 2 1 20 36
1957.25 0 4 0 0 2 2 2 0 20 36
1960 0 3 0 0 2 2 1 0 21 36
1960.27 0 3 0 0 3 3 0 0 21 36
1961.36 1 4 0 0 2 3 0 0 21 36
1963.38 1 3 0 0 1 3 0 1 21 36
1964.45 1 3 0 0 1 2 0 0 21 37
1983.45 1 2 0 0 0 2 0 1 21 37
1987.8 1 3 0 0 1 2 0 0 21 37
1989.79 1 3 0 0 1 3 0 1 21 36
2001.95 1 2 0 0 0 3 0 2 21 36
2046.29 0 1 0 0 1 3 0 2 21 36
2058.91 0 1 1 1 1 2 0 2 21 36
2059.07 0 0 1 1 0 2 0 3 21 36
2061.38 0 1 1 1 0 2 1 3 20 36
2063.68 0 1 1 1 0 1 1 2 20 37
2072.43 0 2 1 1 1 1 1 1 20 37
2092.9 0 2 0 0 1 2 1 1 20 37
2112.37 0 2 0 0 0 1 2 1 20 37
2113.92 0 3 0 0 1 1 2 0 20 37
2117.36 0 2 0 0 0 1 2 1 20 37
2127.22 0 2 1 1 0 0 2 1 20 37
2127.91 0 2 1 1 1 1 1 1 20 37
2129.8 0 2 2 2 1 0 1 1 20 37
2138.03 1 3 2 2 0 0 1 1 20 37
2142.32 1 2 2 2 0 0 0 1 21 37
2143.35 1 3 2 2 0 0 1 1 20 37
2147.88 0 2 2 2 1 0 1 1 20 37
2157.66 1 3 2 2 0 0 1 1 20 37
2169.81 0 2 2 2 1 0 1 1 20 37
2181.73 0 2 1 1 1 1 1 1 20 37
2192.93 0 3 1 1 1 1 2 1 19 37
2195.06 0 2 1 1 0 1 2 2 19 37
2197.33 0 3 1 1 1 1 2 1 19 37
2202.66 1 4 1 1 0 1 2 1 19 37
2205.15 0 3 1 1 1 1 2 1 19 37
2215.88 0 2 1 1 1 1 1 1 20 37
2220.62 0 1 1 1 1 1 0 1 21 37
2225.07 1 2 1 1 0 1 0 1 21 37
2228.06 0 1 1 1 1 1 0 1 21 37
2278.65 1 2 1 1 0 1 0 1 21 37
2285.36 1 2 1 1 0 2 0 2 21 36
2310.45 1 2 1 1 0 1 0 1 21 37
2405.92 1 2 1 1 0 0 0 0 21 38
2410.2 0 1 1 1 1 0 0 0 21 38
2422.68 0 1 0 0 1 1 0 0 21 38
2443.27 0 2 0 0 1 1 1 0 20 38
2445.34 0 2 0 0 1 2 1 1 20 37
2459.31 0 2 1 1 1 1 1 1 20 37
2461.17 0 2 2 2 1 0 1 1 20 37
2472.7 0 1 2 2 0 0 1 2 20 37
2476.71 0 1 2 2 1 1 0 2 20 37
2480.45 0 0 2 2 0 1 0 3 20 37
2484.69 0 0 2 2 0 0 0 2 20 38
2489.47 0 1 2 2 0 0 1 2 19 38
2501.24 0 2 2 2 1 0 1 1 19 38
2502.48 0 2 1 1 1 1 1 1 19 38
2506.24 0 2 1 1 1 2 1 2 19 37
2515.35 0 2 2 2 1 1 1 2 19 37
2522.67 0 2 1 1 1 2 1 2 19 37
2523.16 0 3 1 1 2 2 1 1 19 37
2532.9 0 2 1 1 2 2 0 1 20 37
2535.99 0 2 1 1 2 3 0 2 20 36
2543.4 0 2 2 2 2 2 0 2 20 36
2545.9 0 2 1 1 2 3 0 2 20 36
2550 0 3 1 1 3 3 0 1 20 36
2552.6 0 3 1 1 2 2 1 1 20 36
2557.89 0 3 1 1 1 1 2 1 20 36
2563.39 0 3 1 1 1 2 2 2 20 35
2567.54 0 2 1 1 1 2 1 2 21 35
2573.13 0 3 1 1 2 2 1 1 21 35
2573.83 0 2 1 1 1 2 1 2 21 35
2575 1 3 1 1 0 2 1 2 21 35
2585.6 0 2 1 1 1 2 1 2 21 35
2596.11 1 3 1 1 0 2 1 2 21 35
2610.29 0 2 1 1 1 2 1 2 21 35
2616.33 0 1 1 1 0 2 1 3 21 35
2625.21 0 1 1 1 0 3 1 4 21 34
2632.17 0 1 1 1 0 2 1 3 21 35
2634.03 0 2 1 1 1 2 1 2 21 35
2638.14 0 1 1 1 1 2 0 2 22 35
2640.42 0 1 0 0 1 3 0 2 22 35
2647.75 0 1 0 0 0 2 1 2 22 35
2665.34 0 2 0 0 1 2 1 1 22 35
2686.46 0 2 1 1 1 1 1 1 22 35
2687.33 1 3 1 1 0 1 1 1 22 35
2695.19 1 4 1 1 0 1 2 1 21 35
2696.93 1 3 1 1 0 1 1 1 22 35
2708.27 1 3 1 1 0 2 1 2 22 34
2715.7 1 3 1 1 0 1 1 1 22 35
2721.53 1 2 1 1 0 1 0 1 23 35
2728.33 1 2 1 1 0 2 0 2 23 34
2730.83 1 2 1 1 0 3 0 3 23 33
2731.26 0 1 1 1 1 3 0 3 23 33
2735.42 0 1 2 2 1 2 0 3 23 33
2736.11 0 1 2 2 1 3 0 4 23 32
2736.49 1 2 2 2 0 3 0 4 23 32
2761.85 1 2 2 2 0 2 0 3 23 33
2764.01 1 2 1 1 0 3 0 3 23 33
2764.07 1 3 1 1 1 3 0 2 23 33
2765.22 1 4 1 1 2 3 0 1 23 33
2770.68 1 4 1 1 1 2 1 1 23 33
2772.75 0 3 1 1 2 2 1 1 23 33
2776.1 0 3 1 1 2 3 1 2 23 32
2790.22 0 4 1 1 2 3 2 2 22 32
2792.56 0 4 1 1 2 2 2 1 22 33
2796.87 0 4 1 1 1 1 3 1 22 33
2800.19 0 3 1 1 1 1 2 1 23 33
2822.9 0 2 1 1 0 1 2 2 23 33
2842.22 0 2 2 2 0 0 2 2 23 33
2859.35 0 2 1 1 0 1 2 2 23 33
2866.76 0 2 0 0 0 2 2 2 23 33
2870.51 0 2 0 0 0 1 2 1 23 34
2884.75 0 1 0 0 0 1 1 1 24 34
2892.47 0 1 1 1 0 0 1 1 24 34
2932.43 0 2 1 1 0 0 2 1 23 34
2954.51 0 1 1 1 0 0 1 1 24 34
2962.25 0 1 1 1 0 1 1 2 24 33
2972.41 0 1 1 1 0 0 1 1 24 34
2975.8 0 2 1 1 0 0 2 1 23 34
2975.8 0 2 1 1 0 0 2 1 23 34
