0 60 120 60 60 0 0 0 0 0 0
0.0167811 59 119 60 60 1 0 0 0 0 0
0.0214079 58 118 60 60 2 0 0 0 0 0
0.0320369 57 117 60 60 3 0 0 0 0 0
0.0325901 56 116 60 60 4 0 0 0 0 0
0.0351291 55 115 60 60 5 0 0 0 0 0
0.0406549 55 115 59 59 5 1 0 0 0 0
0.0481561 55 115 58 58 5 2 0 0 0 0
0.0907047 54 114 58 58 6 2 0 0 0 0
0.10918 53 113 58 58 7 2 0 0 0 0
0.130384 53 113 57 57 7 3 0 0 0 0
0.136414 53 113 56 56 7 4 0 0 0 0
0.164674 52 112 56 56 8 4 0 0 0 0
0.16489 51 111 56 56 9 4 0 0 0 0
0.185434 50 110 56 56 10 4 0 0 0 0
0.19 49 109 56 56 11 4 0 0 0 0
0.222637 49 108 56 56 10 4 0 1 0 0
0.23865 49 108 55 55 10 5 0 1 0 0
0.251607 49 108 54 54 10 6 0 1 0 0
0.251749 48 107 54 54 11 6 0 1 0 0
0.255507 48 107 53 53 11 7 0 1 0 0
0.260023 47 106 53 53 12 7 0 1 0 0
0.268922 46 105 53 53 13 7 0 1 0 0
0.284425 46 105 52 52 13 8 0 1 0 0
0.294424 46 105 51 51 13 9 0 1 0 0
0.332064 46 105 50 50 13 10 0 1 0 0
0.342544 46 105 49 49 13 11 0 1 0 0
0.355464 46 105 48 48 13 12 0 1 0 0
0.387217 45 104 48 48 14 12 0 1 0 0
0.388902 44 103 48 48 15 12 0 1 0 0
0.400662 44 103 47 47 15 13 0 1 0 0
0.411106 44 103 46 46 15 14 0 1 0 0
0.419225 44 102 46 46 14 14 0 2 0 0
0.435488 43 101 46 46 15 14 0 2 0 0
0.443472 42 100 46 46 16 14 0 2 0 0
0.459388 41 99 46 46 17 14 0 2 0 0
0.488531 40 98 46 46 18 14 0 2 0 0
0.491703 40 98 45 45 18 15 0 2 0 0
0.506022 39 97 45 45 19 15 0 2 0 0
0.525248 39 96 45 45 18 15 0 3 0 0
0.529059 38 95 45 45 19 15 0 3 0 0
0.535652 37 94 45 45 20 15 0 3 0 0
0.569346 36 93 45 45 21 15 0 3 0 0
0.570018 35 92 45 45 22 15 0 3 0 0
0.580571 35 91 45 45 21 15 0 4 0 0
0.588285 34 90 45 45 22 15 0 4 0 0
0.601788 33 89 45 45 23 15 0 4 0 0
0.610452 32 88 45 45 24 15 0 4 0 0
0.667557 31 87 45 45 25 15 0 4 0 0
0.70759 31 87 45 45 24 14 1 4 0 0
0.726028 31 87 44 44 24 15 1 4 0 0
0.776287 31 87 43 43 24 16 1 4 0 0
0.784678 31 86 43 43 23 16 1 5 0 0
0.808279 30 85 43 43 24 16 1 5 0 0
0.854203 30 85 42 42 24 17 1 5 0 0
0.912579 30 84 42 42 23 17 1 6 0 0
0.968337 30 83 42 42 22 17 1 7 0 0
0.999163 29 82 42 42 23 17 1 7 0 0
1.0017 28 81 42 42 24 17 1 7 0 0
1.01578 28 81 41 41 24 18 1 7 0 0
1.07607 27 80 41 41 25 18 1 7 0 0
1.09116 27 80 40 40 25 19 1 7 0 0
1.11279 26 79 40 40 26 19 1 7 0 0
1.12224 26 79 39 39 26 20 1 7 0 0
1.16462 26 78 39 39 25 20 1 8 0 0
1.21703 26 78 38 38 25 21 1 8 0 0
1.2448 25 77 38 38 26 21 1 8 0 0
1.29672 25 76 38 38 25 21 1 9 0 0
1.35463 25 76 37 37 25 22 1 9 0 0
1.42819 24 75 37 37 26 22 1 9 0 0
1.49613 23 74 37 37 27 22 1 9 0 0
1.55137 22 73 37 37 28 22 1 9 0 0
1.55522 22 73 36 36 28 23 1 9 0 0
1.58064 22 72 36 36 27 23 1 10 0 0
1.59637 22 71 36 36 26 23 1 11 0 0
1.638 22 71 36 36 25 22 2 11 0 0
1.71352 22 70 36 36 24 22 2 12 0 0
1.76415 22 70 35 35 24 23 2 12 0 0
1.76913 22 69 35 35 23 23 2 13 0 0
1.77349 22 69 35 35 23 22 2 12 0 1
1.78853 22 69 35 35 23 21 2 11 0 2
1.80683 22 68 35 35 22 21 2 12 0 2
1.86482 22 68 35 35 21 20 3 12 0 2
1.8704 21 67 35 35 22 20 3 12 0 2
1.97011 21 66 35 35 21 20 3 13 0 2
1.99673 20 65 35 35 22 20 3 13 0 2
1.99774 20 65 34 34 22 21 3 13 0 2
2.04299 20 64 34 34 21 21 3 14 0 2
2.04858 20 64 34 34 20 20 4 14 0 2
2.06612 20 64 33 33 20 21 4 14 0 2
2.09155 20 63 33 33 19 21 4 15 0 2
2.09315 20 63 32 32 19 22 4 15 0 2
2.11861 19 62 32 32 20 22 4 15 0 2
2.12162 18 61 32 32 21 22 4 15 0 2
2.12545 18 60 32 32 20 22 4 16 0 2
2.17095 18 60 31 31 20 23 4 16 0 2
2.18225 18 59 31 31 19 23 4 17 0 2
2.21934 18 58 31 31 18 23 4 18 0 2
2.25297 17 57 31 31 19 23 4 18 0 2
2.36316 17 57 30 30 19 24 4 18 0 2
2.51803 17 57 29 29 19 25 4 18 0 2
2.54286 18 58 29 29 18 25 4 18 0 2
2.54523 18 57 29 29 17 25 4 19 0 2
2.55327 18 56 29 29 16 25 4 20 0 2
2.60113 18 56 28 28 16 26 4 20 0 2
2.67716 18 55 28 28 15 26 4 21 0 2
2.76042 17 54 28 28 16 26 4 21 0 2
2.82389 17 54 28 28 15 25 5 21 0 2
2.89205 16 53 28 28 16 25 5 21 0 2
2.89974 15 52 28 28 17 25 5 21 0 2
2.90607 14 51 28 28 18 25 5 21 0 2
2.93196 14 50 28 28 18 25 4 21 1 2
2.93994 14 50 28 28 18 24 4 20 1 3
2.97807 13 49 28 28 19 24 4 20 1 3
2.97885 13 49 28 28 18 23 5 20 1 3
3.00052 13 49 28 28 19 24 4 20 1 3
3.00658 12 48 28 28 20 24 4 20 1 3
3.00787 12 47 28 28 19 24 4 21 1 3
3.01843 12 46 28 28 18 24 4 22 1 3
3.04308 11 45 28 28 19 24 4 22 1 3
3.13323 11 44 28 28 18 24 4 23 1 3
3.14666 11 44 27 27 18 25 4 23 1 3
3.15924 11 44 27 27 18 24 4 22 1 4
3.17087 11 44 27 27 18 23 4 21 1 5
3.17088 11 43 27 27 17 23 4 22 1 5
3.17284 11 43 27 27 17 22 4 21 1 6
3.19358 11 43 27 27 16 21 5 21 1 6
3.23757 11 43 27 27 15 20 6 21 1 6
3.2964 11 42 27 27 14 20 6 22 1 6
3.31834 11 42 26 26 14 21 6 22 1 6
3.39796 11 42 25 25 14 22 6 22 1 6
3.46377 10 41 25 25 15 22 6 22 1 6
3.52419 10 41 24 24 15 23 6 22 1 6
3.5321 9 40 24 24 16 23 6 22 1 6
3.82767 9 40 24 24 15 22 7 22 1 6
3.94175 8 39 24 24 16 22 7 22 1 6
4.0696 8 39 24 24 16 21 7 21 1 7
4.12724 8 39 24 24 16 20 7 20 1 8
4.14268 7 38 24 24 17 20 7 20 1 8
4.15902 7 37 24 24 16 20 7 21 1 8
4.17979 7 36 24 24 15 20 7 22 1 8
4.2093 7 36 23 23 15 21 7 22 1 8
4.31345 7 37 23 23 16 21 7 21 1 8
4.32655 7 36 23 23 16 21 6 21 2 8
4.34093 7 36 23 23 15 20 7 21 2 8
4.35847 7 36 24 24 15 19 7 21 2 8
4.38241 6 35 24 24 16 19 7 21 2 8
4.56167 7 36 24 24 15 19 7 21 2 8
4.6426 7 36 24 24 15 18 7 20 2 9
4.82692 7 36 23 23 15 19 7 20 2 9
4.89726 7 36 22 22 15 20 7 20 2 9
4.95684 7 36 22 22 14 19 8 20 2 9
5.29429 7 35 22 22 13 19 8 21 2 9
5.38676 7 34 22 22 12 19 8 22 2 9
5.39902 7 34 23 23 12 18 8 22 2 9
5.44281 7 33 23 23 12 18 7 22 3 9
5.46848 7 33 22 22 12 19 7 22 3 9
5.47876 7 33 22 22 12 18 7 21 3 10
5.63002 7 32 22 22 11 18 7 22 3 10
5.71241 7 32 22 22 11 17 7 21 3 11
5.88855 6 31 22 22 12 17 7 21 3 11
5.89777 6 31 22 22 12 16 7 20 3 12
6.09066 6 31 22 22 12 15 7 19 3 13
6.1151 6 31 21 21 12 16 7 19 3 13
6.12898 6 31 21 21 12 15 7 18 3 14
6.17115 6 31 20 20 12 16 7 18 3 14
6.176 6 31 21 21 12 15 7 18 3 14
6.22314 6 31 21 21 12 14 7 17 3 15
6.25337 6 30 21 21 11 14 7 18 3 15
6.28332 6 29 21 21 11 14 6 18 4 15
6.30525 6 29 20 20 11 15 6 18 4 15
6.57093 6 29 20 20 10 14 7 18 4 15
6.67137 6 29 20 20 10 13 7 17 4 16
6.77993 6 29 20 20 9 12 8 17 4 16
6.83539 6 28 20 20 9 12 7 17 5 16
6.94169 6 27 20 20 8 12 7 18 5 16
6.97877 6 27 19 19 8 13 7 18 5 16
7.07037 6 27 19 19 8 12 7 17 5 17
7.26563 6 27 18 18 8 13 7 17 5 17
7.49994 5 26 18 18 9 13 7 17 5 17
7.5074 5 25 18 18 8 13 7 18 5 17
7.71573 5 25 18 18 8 12 7 17 5 18
7.75964 5 24 18 18 7 12 7 18 5 18
7.78333 5 24 17 17 7 13 7 18 5 18
7.86363 5 23 17 17 7 13 6 18 6 18
7.8749 5 23 16 16 7 14 6 18 6 18
7.91164 5 23 17 17 7 13 6 18 6 18
7.94484 4 22 17 17 8 13 6 18 6 18
7.9613 4 22 16 16 8 14 6 18 6 18
8.04081 4 21 16 16 8 14 5 18 7 18
8.08333 4 21 16 16 8 13 5 17 7 19
8.39933 4 21 16 16 7 12 6 17 7 19
8.70165 4 20 16 16 7 12 5 17 8 19
8.93647 4 20 15 15 7 13 5 17 8 19
8.99567 4 20 14 14 7 14 5 17 8 19
9.18135 4 19 14 14 6 14 5 18 8 19
9.66686 4 18 14 14 6 14 4 18 9 19
9.78449 4 18 14 14 6 13 4 17 9 20
10.0781 4 18 13 13 6 14 4 17 9 20
10.44 4 18 13 13 6 13 4 16 9 21
10.4703 3 17 13 13 7 13 4 16 9 21
11.2634 3 16 13 13 6 13 4 17 9 21
12.1297 3 16 13 13 6 12 4 16 9 22
12.204 3 16 13 13 6 11 4 15 9 23
12.2316 3 16 12 12 6 12 4 15 9 23
12.4633 3 15 12 12 5 12 4 16 9 23
12.9208 3 14 12 12 5 12 3 16 10 23
13.6666 3 14 11 11 5 13 3 16 10 23
13.6734 3 14 10 10 5 14 3 16 10 23
13.8131 3 14 10 10 5 13 3 15 10 24
13.945 3 14 10 10 5 12 3 14 10 25
14.2954 3 14 10 10 5 11 3 13 10 26
14.6261 3 14 10 10 5 10 3 12 10 27
14.9227 3 13 10 10 5 10 2 12 11 27
15.7488 3 12 10 10 4 10 2 13 11 27
16.279 4 13 10 10 3 10 2 13 11 27
16.4833 4 13 9 9 3 11 2 13 11 27
16.6999 4 13 9 9 3 10 2 12 11 28
18.8457 4 13 8 8 3 11 2 12 11 28
19.1388 4 13 8 8 3 10 2 11 11 29
19.4497 4 13 8 8 3 9 2 10 11 30
19.7495 4 12 8 8 2 9 2 11 11 30
20.4103 4 11 8 8 1 9 2 12 11 30
20.497 4 11 7 7 1 10 2 12 11 30
20.6122 4 10 7 7 1 10 1 12 12 30
20.6946 4 9 7 7 1 10 0 12 13 30
21.4854 3 8 7 7 2 10 0 12 13 30
24.2187 3 8 7 7 2 9 0 11 13 31
24.2983 3 7 7 7 1 9 0 12 13 31
26.4047 3 8 7 7 2 9 0 11 13 31
26.4804 3 8 6 6 2 10 0 11 13 31
26.5621 3 8 6 6 2 9 0 10 13 32
27.0756 3 7 6 6 1 9 0 11 13 32
27.0952 3 7 6 6 1 8 0 10 13 33
27.4774 3 7 6 6 1 7 0 9 13 34
28.4257 2 6 6 6 2 7 0 9 13 34
29.7931 2 6 6 6 2 6 0 8 13 35
30.2296 2 5 6 6 1 6 0 9 13 35
31.2898 2 5 6 6 1 5 0 8 13 36
31.8452 2 5 5 5 1 6 0 8 13 36
32.0421 2 5 5 5 1 5 0 7 13 37
32.9754 1 4 5 5 2 5 0 7 13 37
33.6863 1 4 5 5 2 4 0 6 13 38
34.4595 1 3 5 5 1 4 0 7 13 38
34.6519 1 3 5 5 1 3 0 6 13 39
36.4814 2 4 5 5 0 3 0 6 13 39
36.7606 2 4 4 4 0 4 0 6 13 39
40.3684 2 4 3 3 0 5 0 6 13 39
41.2528 2 4 2 2 0 6 0 6 13 39
41.772 2 4 2 2 0 5 0 5 13 40
43.2232 1 3 2 2 1 5 0 5 13 40
45.925 1 3 3 3 1 4 0 5 13 40
46.0882 1 4 3 3 2 4 0 4 13 40
49.7459 1 4 3 3 1 3 1 4 13 40
52.0945 1 4 4 4 1 2 1 4 13 40
54.3968 1 4 3 3 1 3 1 4 13 40
57.7916 1 5 3 3 2 3 1 3 13 40
60.302 1 5 3 3 3 4 0 3 13 40
61.9004 1 6 3 3 4 4 0 2 13 40
63.811 1 6 3 3 3 3 1 2 13 40
64.8494 1 6 3 3 3 2 1 1 13 41
70.0064 1 5 3 3 2 2 1 2 13 41
82.3038 1 5 3 3 1 1 2 2 13 41
83.0364 1 4 3 3 0 1 2 3 13 41
86.2788 1 3 3 3 0 1 1 3 14 41
86.5654 0 2 3 3 1 1 1 3 14 41
88.382 0 2 2 2 1 2 1 3 14 41
89.438 1 3 2 2 0 2 1 3 14 41
97.2521 0 2 2 2 1 2 1 3 14 41
97.6565 1 3 2 2 0 2 1 3 14 41
98.6746 1 2 2 2 0 2 0 3 15 41
99.1083 1 2 1 1 0 3 0 3 15 41
106.85 1 2 1 1 0 2 0 2 15 42
106.854 1 3 1 1 1 2 0 1 15 42
116.935 1 2 1 1 0 2 0 2 15 42
140.715 1 3 1 1 1 2 0 1 15 42
158.836 1 3 0 0 1 3 0 1 15 42
166.229 0 2 0 0 2 3 0 1 15 42
170.249 0 2 0 0 1 2 1 1 15 42
172.393 0 2 0 0 1 3 1 2 15 41
174.401 0 2 1 1 1 2 1 2 15 41
174.494 0 2 1 1 1 1 1 1 15 42
174.614 0 3 1 1 1 1 2 1 14 42
198.977 0 2 1 1 1 1 1 1 15 42
201.003 0 2 1 1 1 2 1 2 15 41
201.808 0 2 2 2 1 1 1 2 15 41
209.972 0 3 2 2 2 1 1 1 15 41
211.5 1 4 2 2 1 1 1 1 15 41
223.672 2 5 2 2 0 1 1 1 15 41
229.685 1 4 2 2 1 1 1 1 15 41
242.763 1 3 2 2 1 1 0 1 16 41
254.659 1 3 1 1 1 2 0 1 16 41
258.404 1 3 1 1 1 1 0 0 16 42
271.687 0 2 1 1 2 1 0 0 16 42
275.892 0 2 0 0 2 2 0 0 16 42
304.048 0 1 0 0 1 2 0 1 16 42
307.127 0 1 0 0 0 1 1 1 16 42
312.859 0 2 0 0 1 1 1 0 16 42
315.328 0 3 0 0 1 1 2 0 15 42
315.79 1 4 0 0 0 1 2 0 15 42
318.7 1 4 0 0 1 2 1 0 15 42
327.863 1 4 0 0 1 3 1 1 15 41
330.036 1 4 0 0 1 4 1 2 15 40
332.105 1 4 1 1 1 3 1 2 15 40
333.364 1 5 1 1 2 3 1 1 15 40
341.365 1 5 2 2 2 2 1 1 15 40
345.445 1 5 2 2 1 1 2 1 15 40
345.491 1 6 2 2 1 1 3 1 14 40
346.255 1 6 2 2 0 0 4 1 14 40
346.356 1 5 2 2 0 0 3 1 15 40
352.445 1 5 2 2 0 1 3 2 15 39
353.717 0 4 2 2 1 1 3 2 15 39
371.244 0 3 2 2 1 1 2 2 16 39
372.957 0 4 2 2 1 1 3 2 15 39
379.737 0 4 2 2 1 0 3 1 15 40
383.847 0 5 2 2 1 0 4 1 14 40
386.433 0 4 2 2 0 0 4 2 14 40
387.03 0 4 1 1 0 1 4 2 14 40
389.062 0 3 1 1 0 1 3 2 15 40
389.864 0 2 1 1 0 1 2 2 16 40
399.154 0 2 1 1 0 2 2 3 16 39
408.777 0 2 1 1 1 3 1 3 16 39
415.055 0 1 1 1 0 3 1 4 16 39
418.062 0 1 0 0 0 4 1 4 16 39
421.581 0 1 0 0 0 3 1 3 16 40
426.993 0 2 0 0 0 3 2 3 15 40
430.539 0 2 0 0 0 2 2 2 15 41
433.14 0 2 1 1 0 1 2 2 15 41
437.66 0 2 1 1 0 0 2 1 15 42
450.826 0 3 1 1 1 0 2 0 15 42
468.589 0 3 1 1 2 1 1 0 15 42
470.916 1 4 1 1 1 1 1 0 15 42
475.784 1 3 1 1 0 1 1 1 15 42
478.479 0 2 1 1 1 1 1 1 15 42
504.156 0 2 2 2 1 0 1 1 15 42
509.584 0 1 2 2 0 0 1 2 15 42
515.32 0 2 2 2 1 0 1 1 15 42
535.988 0 3 2 2 2 0 1 0 15 42
536.013 1 4 2 2 1 0 1 0 15 42
536.502 1 3 2 2 1 0 0 0 16 42
550.861 1 3 1 1 1 1 0 0 16 42
567.392 1 3 2 2 1 0 0 0 16 42
573.001 1 3 2 2 1 1 0 1 16 41
581.767 0 2 2 2 2 1 0 1 16 41
588.438 1 3 2 2 1 1 0 1 16 41
588.661 1 2 2 2 0 1 0 2 16 41
595.675 1 3 2 2 0 1 1 2 15 41
611.559 1 3 2 2 0 2 1 3 15 40
618.657 1 4 2 2 1 2 1 2 15 40
628.291 1 3 2 2 1 2 0 2 16 40
631.754 2 4 2 2 0 2 0 2 16 40
633.349 1 3 2 2 1 2 0 2 16 40
637.769 1 4 2 2 2 2 0 1 16 40
651.286 1 3 2 2 1 2 0 2 16 40
654.667 1 3 2 2 1 3 0 3 16 39
655.139 1 3 3 3 1 2 0 3 16 39
659.532 0 2 3 3 2 2 0 3 16 39
662.358 0 3 3 3 3 2 0 2 16 39
662.413 1 4 3 3 2 2 0 2 16 39
674.41 1 4 3 3 1 1 1 2 16 39
677.937 1 4 3 3 1 2 1 3 16 38
678.539 1 5 3 3 2 2 1 2 16 38
679.659 1 6 3 3 3 2 1 1 16 38
680.021 1 7 3 3 3 2 2 1 15 38
680.41 1 8 3 3 4 2 2 0 15 38
682.567 1 7 3 3 4 2 1 0 16 38
683.503 0 6 3 3 5 2 1 0 16 38
684.916 0 6 2 2 5 3 1 0 16 38
685.155 0 5 2 2 4 3 1 1 16 38
686.837 0 4 2 2 3 3 1 2 16 38
688.725 0 3 2 2 2 3 1 3 16 38
694.807 0 4 2 2 2 3 2 3 15 38
697.008 0 4 2 2 2 2 2 2 15 39
698.141 0 3 2 2 1 2 2 3 15 39
702.051 0 3 3 3 1 1 2 3 15 39
703.067 0 4 3 3 1 1 3 3 14 39
704.072 0 3 3 3 0 1 3 4 14 39
705.465 0 2 3 3 0 1 2 4 15 39
708.32 0 2 3 3 0 0 2 3 15 40
715.141 0 2 2 2 0 1 2 3 15 40
719.431 0 2 2 2 1 2 1 3 15 40
721.013 0 2 2 2 0 1 2 3 15 40
724.011 0 1 2 2 0 1 1 3 16 40
736.908 0 1 3 3 0 0 1 3 16 40
739.075 0 2 3 3 1 0 1 2 16 40
739.39 0 2 2 2 1 1 1 2 16 40
756.239 0 2 1 1 1 2 1 2 16 40
770.422 1 3 1 1 0 2 1 2 16 40
772.641 1 4 1 1 1 2 1 1 16 40
772.81 0 3 1 1 2 2 1 1 16 40
775.66 0 3 2 2 2 1 1 1 16 40
775.983 0 2 2 2 2 1 0 1 17 40
782.494 1 3 2 2 1 1 0 1 17 40
784.669 1 3 2 2 1 2 0 2 17 39
792.425 0 2 2 2 2 2 0 2 17 39
797.909 0 2 3 3 2 1 0 2 17 39
799.56 0 2 2 2 2 2 0 2 17 39
799.936 0 1 2 2 1 2 0 3 17 39
807.161 0 1 1 1 1 3 0 3 17 39
807.738 0 1 1 1 0 2 1 3 17 39
809.073 0 2 1 1 1 2 1 2 17 39
816.685 0 3 1 1 2 2 1 1 17 39
816.934 0 2 1 1 1 2 1 2 17 39
821.938 0 2 2 2 1 1 1 2 17 39
831.468 0 2 2 2 1 0 1 1 17 40
833.406 0 3 2 2 1 0 2 1 16 40
844.927 0 3 2 2 2 1 1 1 16 40
855.589 0 3 2 2 2 0 1 0 16 41
861.51 0 4 2 2 2 0 2 0 15 41
864.966 0 3 2 2 1 0 2 1 15 41
865.252 0 4 2 2 1 0 3 1 14 41
869.66 0 3 2 2 0 0 3 2 14 41
870.573 0 2 2 2 0 0 2 2 15 41
903.049 0 2 1 1 0 1 2 2 15 41
910.023 0 2 1 1 0 2 2 3 15 40
920.824 0 2 1 1 0 1 2 2 15 41
923.223 0 2 2 2 0 0 2 2 15 41
936.611 0 3 2 2 1 0 2 1 15 41
937.231 1 4 2 2 0 0 2 1 15 41
942.953 0 3 2 2 1 0 2 1 15 41
956.748 0 2 2 2 1 0 1 1 16 41
957.023 0 1 2 2 1 0 0 1 17 41
957.409 0 1 1 1 1 1 0 1 17 41
959.16 1 2 1 1 0 1 0 1 17 41
959.589 1 2 1 1 0 0 0 0 17 42
1054.55 1 2 1 1 0 1 0 1 17 41
1079.9 1 2 1 1 0 0 0 0 17 42
1091.36 0 1 1 1 1 0 0 0 17 42
1096.34 0 2 1 1 1 0 1 0 16 42
1116.49 0 1 1 1 1 0 0 0 17 42
1127.06 1 2 1 1 0 0 0 0 17 42
1140.28 1 2 0 0 0 1 0 0 17 42
1142.86 1 2 0 0 0 2 0 1 17 41
1179.19 1 3 0 0 1 2 0 0 17 41
1185.49 1 2 0 0 0 2 0 1 17 41
1186.06 1 3 0 0 0 2 1 1 16 41
1189.43 1 3 0 0 0 3 1 2 16 40
1189.85 1 3 1 1 0 2 1 2 16 40
1214.6 1 4 1 1 1 2 1 1 16 40
1232.46 0 3 1 1 2 2 1 1 16 40
1242.1 0 3 1 1 1 1 2 1 16 40
1242.58 0 2 1 1 1 1 1 1 17 40
1249.35 1 3 1 1 0 1 1 1 17 40
1258.91 1 3 0 0 0 2 1 1 17 40
1275.36 1 3 1 1 0 1 1 1 17 40
1282.71 1 4 1 1 0 1 2 1 16 40
1282.86 0 3 1 1 1 1 2 1 16 40
1301.62 0 4 1 1 2 1 2 0 16 40
1302.55 0 3 1 1 2 1 1 0 17 40
1305.18 0 2 1 1 1 1 1 1 17 40
1309.87 0 2 2 2 1 0 1 1 17 40
1310.26 0 1 2 2 1 0 0 1 18 40
1317.05 0 1 2 2 1 1 0 2 18 39
1317.46 1 2 2 2 0 1 0 2 18 39
1320.88 1 2 2 2 0 2 0 3 18 38
1324.3 1 3 2 2 1 2 0 2 18 38
1342.01 1 3 2 2 1 1 0 1 18 39
1354.39 1 2 2 2 0 1 0 2 18 39
1381.69 1 2 3 3 0 0 0 2 18 39
1384.09 1 2 2 2 0 1 0 2 18 39
1402.81 1 2 1 1 0 2 0 2 18 39
1403.33 0 1 1 1 1 2 0 2 18 39
1413.83 0 1 0 0 1 3 0 2 18 39
1413.96 0 1 0 0 0 2 1 2 18 39
1434.94 0 2 0 0 0 2 2 2 17 39
1442.25 0 3 0 0 0 2 3 2 16 39
1450.07 0 2 0 0 0 2 2 2 17 39
1483.1 0 3 0 0 1 2 2 1 17 39
1491.35 0 3 0 0 1 3 2 2 17 38
1495.3 0 4 0 0 2 3 2 1 17 38
1495.47 0 4 0 0 1 2 3 1 17 38
1496.52 0 4 0 0 1 3 3 2 17 37
1498.83 0 4 0 0 1 4 3 3 17 36
1500.87 0 4 0 0 1 3 3 2 17 37
1503.3 0 3 0 0 1 3 2 2 18 37
1504.29 1 4 0 0 0 3 2 2 18 37
1508 1 4 1 1 0 2 2 2 18 37
1509.43 1 4 2 2 0 1 2 2 18 37
1510.91 1 4 3 3 0 0 2 2 18 37
1512.02 1 5 3 3 1 0 2 1 18 37
1515.54 1 5 2 2 1 1 2 1 18 37
1517.49 1 4 2 2 0 1 2 2 18 37
1520.46 1 4 2 2 0 0 2 1 18 38
1524.73 1 5 2 2 0 0 3 1 17 38
1527.07 1 6 2 2 1 0 3 0 17 38
1527.9 1 5 2 2 1 0 2 0 18 38
1528.12 1 4 2 2 1 0 1 0 19 38
1531.95 1 3 2 2 1 0 0 0 20 38
1537.34 0 2 2 2 2 0 0 0 20 38
1559.55 0 2 1 1 2 1 0 0 20 38
1570.33 0 3 1 1 2 1 1 0 19 38
1572.54 1 4 1 1 1 1 1 0 19 38
1575.54 1 3 1 1 1 1 0 0 20 38
1582.56 1 2 1 1 0 1 0 1 20 38
1604.24 1 2 0 0 0 2 0 1 20 38
1620.62 1 3 0 0 0 2 1 1 19 38
1627.17 1 4 0 0 1 2 1 0 19 38
1635.05 0 3 0 0 2 2 1 0 19 38
1638.94 0 3 1 1 2 1 1 0 19 38
1639.71 0 3 1 1 1 0 2 0 19 38
1642.23 1 4 1 1 0 0 2 0 19 38
1645.3 1 3 1 1 0 0 1 0 20 38
1662.88 0 2 1 1 1 0 1 0 20 38
1683.98 0 3 1 1 1 0 2 0 19 38
1694.98 0 2 1 1 1 0 1 0 20 38
1696.83 1 3 1 1 0 0 1 0 20 38
1721.47 1 2 1 1 0 0 0 0 21 38
1746.01 1 3 1 1 0 0 1 0 20 38
1783.2 1 4 1 1 0 0 2 0 19 38
1797.12 1 4 0 0 0 1 2 0 19 38
1816.85 1 3 0 0 0 1 1 0 20 38
1818.35 1 3 1 1 0 0 1 0 20 38
1831.78 0 2 1 1 1 0 1 0 20 38
1837.58 0 3 1 1 1 0 2 0 19 38
1837.74 0 2 1 1 0 0 2 1 19 38
1948.34 0 3 1 1 0 0 3 1 18 38
1962.66 0 3 1 1 1 1 2 1 18 38
1968.52 0 2 1 1 0 1 2 2 18 38
1969.45 0 2 1 1 1 2 1 2 18 38
1978.62 0 1 1 1 1 2 0 2 19 38
1979.77 0 1 1 1 0 1 1 2 19 38
1983.47 0 1 0 0 0 2 1 2 19 38
1987.47 0 0 0 0 0 2 0 2 20 38
1990.24 0 1 0 0 1 2 0 1 20 38
1991.69 0 1 0 0 1 3 0 2 20 37
2026.81 0 1 0 0 1 4 0 3 20 36
2030.79 0 2 0 0 2 4 0 2 20 36
2033.46 0 2 1 1 2 3 0 2 20 36
2045.56 0 2 1 1 1 2 1 2 20 36
2048.44 0 2 1 1 0 1 2 2 20 36
2052.26 0 3 1 1 0 1 3 2 19 36
2054 0 4 1 1 1 1 3 1 19 36
2059.64 0 3 1 1 1 1 2 1 20 36
2067.84 0 2 1 1 1 1 1 1 21 36
2069.96 1 3 1 1 0 1 1 1 21 36
2078.96 1 3 1 1 1 2 0 1 21 36
2082.19 0 2 1 1 2 2 0 1 21 36
2084.86 0 1 1 1 1 2 0 2 21 36
2097.28 1 2 1 1 0 2 0 2 21 36
2127.33 0 1 1 1 1 2 0 2 21 36
2134.29 0 1 0 0 1 3 0 2 21 36
2170.26 0 2 0 0 1 3 1 2 20 36
2170.63 1 3 0 0 0 3 1 2 20 36
2174.21 0 2 0 0 1 3 1 2 20 36
2176.49 0 1 0 0 0 3 1 3 20 36
2195.25 0 1 0 0 0 2 1 2 20 37
2197 0 2 0 0 1 2 1 1 20 37
2210.86 0 1 0 0 1 2 0 1 21 37
2249.09 1 2 0 0 0 2 0 1 21 37
2261.53 1 3 0 0 1 2 0 0 21 37
2261.55 1 3 1 1 1 1 0 0 21 37
2268.98 2 4 1 1 0 1 0 0 21 37
2270 1 3 1 1 1 1 0 0 21 37
2270.64 0 2 1 1 2 1 0 0 21 37
2275.87 0 2 1 1 2 2 0 1 21 36
2287.63 0 2 1 1 2 3 0 2 21 35
2307.19 0 2 1 1 1 2 1 2 21 35
2308.98 0 2 1 1 1 3 1 3 21 34
2310.75 0 2 1 1 1 2 1 2 21 35
2311.06 0 2 1 1 1 1 1 1 21 36
2316.74 0 2 0 0 1 2 1 1 21 36
2319.94 0 2 0 0 1 1 1 0 21 37
2321.91 0 3 0 0 1 1 2 0 20 37
2326.93 0 4 0 0 1 1 3 0 19 37
2333.43 0 5 0 0 1 1 4 0 18 37
2335.03 0 4 0 0 1 1 3 0 19 37
2337.15 0 3 0 0 1 1 2 0 20 37
2337.67 1 4 0 0 0 1 2 0 20 37
2348.88 1 5 0 0 0 1 3 0 19 37
2350.88 1 5 1 1 0 0 3 0 19 37
2351.78 1 5 1 1 1 1 2 0 19 37
2353.21 1 5 2 2 1 0 2 0 19 37
2353.22 1 4 2 2 1 0 1 0 20 37
2354.58 1 3 2 2 0 0 1 1 20 37
2356.43 1 4 2 2 0 0 2 1 19 37
2381.8 1 4 1 1 0 1 2 1 19 37
2383.54 1 4 1 1 0 0 2 0 19 38
2386.16 1 3 1 1 0 0 1 0 20 38
2394.25 0 2 1 1 1 0 1 0 20 38
2403.53 0 3 1 1 1 0 2 0 19 38
2418.95 0 2 1 1 1 0 1 0 20 38
2442.57 0 3 1 1 1 0 2 0 19 38
2453.35 0 2 1 1 1 0 1 0 20 38
2463.79 1 3 1 1 0 0 1 0 20 38
2464.33 0 2 1 1 1 0 1 0 20 38
2478.84 0 3 1 1 1 0 2 0 19 38
2479.19 0 3 0 0 1 1 2 0 19 38
2482.49 0 3 0 0 1 2 2 1 19 37
2486.22 0 3 0 0 1 1 2 0 19 38
2489.86 0 2 0 0 1 1 1 0 20 38
2506.92 0 2 1 1 1 0 1 0 20 38
2511.27 0 2 1 1 1 1 1 1 20 37
2521.02 0 2 1 1 1 0 1 0 20 38
2527.21 0 3 1 1 1 0 2 0 19 38
2530.52 0 2 1 1 1 0 1 0 20 38
2534.79 0 3 1 1 1 0 2 0 19 38
2547.21 0 4 1 1 1 0 3 0 18 38
2549.48 0 3 1 1 1 0 2 0 19 38
2549.95 0 2 1 1 1 0 1 0 20 38
2596.56 0 2 1 1 1 1 1 1 20 37
2609.96 0 1 1 1 0 1 1 2 20 37
2614.17 0 1 1 1 0 0 1 1 20 38
2632.89 0 2 1 1 0 0 2 1 19 38
2658.62 0 2 1 1 0 1 2 2 19 37
2660.32 0 3 1 1 1 1 2 1 19 37
2668.73 0 3 1 1 0 0 3 1 19 37
2676.09 0 3 1 1 0 1 3 2 19 36
2695.82 0 4 1 1 0 1 4 2 18 36
2700.18 0 4 1 1 0 0 4 1 18 37
2702.88 0 3 1 1 0 0 3 1 19 37
2705.43 0 2 1 1 0 0 2 1 20 37
2706.52 0 2 1 1 0 1 2 2 20 36
2721.43 0 2 1 1 1 2 1 2 20 36
2726.18 0 1 1 1 1 2 0 2 21 36
2728.83 1 2 1 1 0 2 0 2 21 36
2756.78 1 2 1 1 0 3 0 3 21 35
2757.89 1 3 1 1 0 3 1 3 20 35
2769.03 1 2 1 1 0 3 0 3 21 35
2782.07 1 2 1 1 0 2 0 2 21 36
2799.84 1 2 1 1 0 3 0 3 21 35
2822.12 1 2 1 1 0 2 0 2 21 36
2866.95 1 2 1 1 0 1 0 1 21 37
2879.5 0 1 1 1 1 1 0 1 21 37
2897.24 0 2 1 1 2 1 0 0 21 37
2900.08 0 3 1 1 2 1 1 0 20 37
2900.68 0 2 1 1 1 1 1 1 20 37
2915.92 0 3 1 1 2 1 1 0 20 37
2921.38 0 2 1 1 1 1 1 1 20 37
2928.99 0 3 1 1 2 1 1 0 20 37
2933.22 0 3 1 1 1 0 2 0 20 37
2940.69 0 2 1 1 0 0 2 1 20 37
2977.56 0 1 1 1 0 0 1 1 21 37
2999.4 0 0 1 1 0 0 0 1 22 37
2999.4 0 0 1 1 0 0 0 1 22 37
