0 60 120 60 60 0 0 0 0 0 0
0.0260389 59 119 60 60 1 0 0 0 0 0
0.0332093 59 119 59 59 1 1 0 0 0 0
0.05768 58 118 59 59 2 1 0 0 0 0
0.0684213 57 117 59 59 3 1 0 0 0 0
0.0765144 56 116 59 59 4 1 0 0 0 0
0.0908598 55 115 59 59 5 1 0 0 0 0
0.100277 54 114 59 59 6 1 0 0 0 0
0.121567 54 114 58 58 6 2 0 0 0 0
0.147882 53 113 58 58 7 2 0 0 0 0
0.166485 53 113 57 57 7 3 0 0 0 0
0.182986 53 113 56 56 7 4 0 0 0 0
0.189398 52 112 56 56 8 4 0 0 0 0
0.199122 52 112 55 55 8 5 0 0 0 0
0.212942 51 111 55 55 9 5 0 0 0 0
0.231765 51 111 54 54 9 6 0 0 0 0
0.241188 50 110 54 54 10 6 0 0 0 0
0.243529 49 109 54 54 11 6 0 0 0 0
0.271258 50 110 54 54 10 6 0 0 0 0
0.275962 49 109 54 54 11 6 0 0 0 0
0.284484 48 108 54 54 12 6 0 0 0 0
0.326005 48 107 54 54 11 6 0 1 0 0
0.330453 47 106 54 54 12 6 0 1 0 0
0.351405 47 105 54 54 11 6 0 2 0 0
0.375207 46 104 54 54 12 6 0 2 0 0
0.450015 45 103 54 54 13 6 0 2 0 0
0.481163 44 102 54 54 14 6 0 2 0 0
0.514328 44 102 53 53 14 7 0 2 0 0
0.518064 44 102 52 52 14 8 0 2 0 0
0.527044 43 101 52 52 15 8 0 2 0 0
0.534771 43 101 52 52 14 7 1 2 0 0
0.538637 42 100 52 52 15 7 1 2 0 0
0.562741 42 100 51 51 15 8 1 2 0 0
0.587367 41 99 51 51 16 8 1 2 0 0
0.594841 41 98 51 51 15 8 1 3 0 0
0.595591 40 97 51 51 16 8 1 3 0 0
0.622599 39 96 51 51 17 8 1 3 0 0
0.665204 39 95 51 51 16 8 1 4 0 0
0.675109 38 94 51 51 17 8 1 4 0 0
0.677232 38 94 50 50 17 9 1 4 0 0
0.683106 38 93 50 50 16 9 1 5 0 0
0.709008 38 92 50 50 15 9 1 6 0 0
0.738301 37 91 50 50 16 9 1 6 0 0
0.74734 37 91 50 50 16 8 1 5 0 1
0.747925 36 90 50 50 17 8 1 5 0 1
0.782982 36 90 49 49 17 9 1 5 0 1
0.867203 36 89 49 49 16 9 1 6 0 1
0.87346 35 88 49 49 17 9 1 6 0 1
0.884191 35 87 49 49 16 9 1 7 0 1
0.89391 34 86 49 49 17 9 1 7 0 1
0.896363 34 86 48 48 17 10 1 7 0 1
0.914779 33 85 48 48 18 10 1 7 0 1
0.925744 33 85 47 47 18 11 1 7 0 1
0.999936 32 84 47 47 19 11 1 7 0 1
1.00437 32 83 47 47 18 11 1 8 0 1
1.00625 32 83 46 46 18 12 1 8 0 1
1.01085 31 82 46 46 19 12 1 8 0 1
1.03196 30 81 46 46 20 12 1 8 0 1
1.04669 30 81 46 46 20 11 1 7 0 2
1.0469 30 81 45 45 20 12 1 7 0 2
1.087 29 80 45 45 21 12 1 7 0 2
1.15036 28 79 45 45 22 12 1 7 0 2
1.20684 28 78 45 45 21 12 1 8 0 2
1.22716 28 78 44 44 21 13 1 8 0 2
1.23474 27 77 44 44 22 13 1 8 0 2
1.23834 27 77 43 43 22 14 1 8 0 2
1.25105 26 76 43 43 23 14 1 8 0 2
1.25994 25 75 43 43 24 14 1 8 0 2
1.26738 25 74 43 43 23 14 1 9 0 2
1.2964 25 74 42 42 23 15 1 9 0 2
1.30796 24 73 42 42 24 15 1 9 0 2
1.37965 24 73 41 41 24 16 1 9 0 2
1.40481 24 73 40 40 24 17 1 9 0 2
1.42599 24 72 40 40 23 17 1 10 0 2
1.44907 24 72 39 39 23 18 1 10 0 2
1.47741 24 72 38 38 23 19 1 10 0 2
1.4925 24 72 37 37 23 20 1 10 0 2
1.50084 24 72 37 37 22 19 2 10 0 2
1.54902 23 71 37 37 23 19 2 10 0 2
1.58243 23 70 37 37 22 19 2 11 0 2
1.6352 22 69 37 37 23 19 2 11 0 2
1.65549 22 68 37 37 22 19 2 12 0 2
1.68182 21 67 37 37 23 19 2 12 0 2
1.68575 20 66 37 37 24 19 2 12 0 2
1.68999 19 65 37 37 25 19 2 12 0 2
1.70243 19 65 36 36 25 20 2 12 0 2
1.73033 19 64 36 36 24 20 2 13 0 2
1.73346 19 63 36 36 23 20 2 14 0 2
1.79752 19 63 35 35 23 21 2 14 0 2
1.81334 19 63 34 34 23 22 2 14 0 2
1.82257 19 63 34 34 23 21 2 13 0 3
1.90424 19 63 33 33 23 22 2 13 0 3
1.94148 19 62 33 33 22 22 2 14 0 3
1.94416 19 62 32 32 22 23 2 14 0 3
1.94688 18 61 32 32 23 23 2 14 0 3
1.98259 17 60 32 32 24 23 2 14 0 3
2.01781 17 59 32 32 23 23 2 15 0 3
2.02631 17 58 32 32 22 23 2 16 0 3
2.02833 17 57 32 32 21 23 2 17 0 3
2.03505 17 56 32 32 20 23 2 18 0 3
2.04282 17 56 31 31 20 24 2 18 0 3
2.08734 16 55 31 31 21 24 2 18 0 3
2.1528 15 54 31 31 22 24 2 18 0 3
2.15663 15 54 30 30 22 25 2 18 0 3
2.1815 15 54 30 30 21 24 3 18 0 3
2.19059 15 54 29 29 21 25 3 18 0 3
2.22403 15 53 29 29 20 25 3 19 0 3
2.24848 15 52 29 29 19 25 3 20 0 3
2.26566 15 52 28 28 19 26 3 20 0 3
2.34099 15 52 28 28 18 25 4 20 0 3
2.35893 15 52 28 28 17 24 5 20 0 3
2.37855 15 52 28 28 17 23 5 19 0 4
2.43405 15 52 27 27 17 24 5 19 0 4
2.45043 14 51 27 27 18 24 5 19 0 4
2.67071 14 51 27 27 17 23 6 19 0 4
2.67142 14 50 27 27 16 23 6 20 0 4
2.67406 14 50 26 26 16 24 6 20 0 4
2.67536 13 49 26 26 17 24 6 20 0 4
2.71059 13 49 26 26 17 23 6 19 0 5
2.75483 13 49 26 26 17 22 6 18 0 6
2.8008 12 48 26 26 18 22 6 18 0 6
2.88468 12 47 26 26 17 22 6 19 0 6
2.88614 12 46 26 26 16 22 6 20 0 6
2.92542 12 45 26 26 16 22 5 20 1 6
3.04052 12 44 26 26 16 22 4 20 2 6
3.13327 12 43 26 26 15 22 4 21 2 6
3.36079 12 42 26 26 14 22 4 22 2 6
3.38167 12 42 25 25 14 23 4 22 2 6
3.49088 12 42 24 24 14 24 4 22 2 6
3.53294 11 41 24 24 15 24 4 22 2 6
3.54435 11 41 24 24 14 23 5 22 2 6
3.54868 11 40 24 24 13 23 5 23 2 6
3.56945 11 40 24 24 13 22 5 22 2 7
3.57984 10 39 24 24 14 22 5 22 2 7
3.59529 10 39 23 23 14 23 5 22 2 7
3.79416 9 38 23 23 15 23 5 22 2 7
3.85954 9 38 22 22 15 24 5 22 2 7
3.86938 9 38 21 21 15 25 5 22 2 7
3.87978 9 38 20 20 15 26 5 22 2 7
3.88741 9 38 20 20 15 25 5 21 2 8
3.89905 8 37 20 20 16 25 5 21 2 8
3.9261 8 37 20 20 16 24 5 20 2 9
3.94202 8 37 19 19 16 25 5 20 2 9
4.09204 8 37 19 19 16 24 5 19 2 10
4.12251 8 36 19 19 16 24 4 19 3 10
4.12266 8 36 19 19 15 23 5 19 3 10
4.12696 8 36 19 19 15 22 5 18 3 11
4.25515 8 35 19 19 14 22 5 19 3 11
4.26959 9 36 19 19 13 22 5 19 3 11
4.2918 9 35 19 19 12 22 5 20 3 11
4.42364 9 35 19 19 12 21 5 19 3 12
4.45297 9 35 19 19 11 20 6 19 3 12
4.45924 9 34 19 19 11 20 5 19 4 12
4.4831 9 34 19 19 11 19 5 18 4 13
4.50448 9 33 19 19 10 19 5 19 4 13
4.53732 9 32 19 19 10 19 4 19 5 13
4.57705 9 32 18 18 10 20 4 19 5 13
4.65275 9 32 18 18 9 19 5 19 5 13
4.70048 9 31 18 18 9 19 4 19 6 13
4.81925 8 30 18 18 10 19 4 19 6 13
4.81992 8 30 17 17 10 20 4 19 6 13
4.8683 8 30 17 17 10 19 4 18 6 14
5.02833 8 30 17 17 10 18 4 17 6 15
5.08647 8 30 18 18 10 17 4 17 6 15
5.12159 8 30 17 17 10 18 4 17 6 15
5.17942 8 30 17 17 10 17 4 16 6 16
5.79371 8 30 16 16 10 18 4 16 6 16
5.91517 8 30 16 16 10 17 4 15 6 17
5.95118 7 29 16 16 11 17 4 15 6 17
5.99247 7 29 16 16 10 16 5 15 6 17
6.0433 7 29 15 15 10 17 5 15 6 17
6.40763 7 29 14 14 10 18 5 15 6 17
6.45934 7 29 14 14 9 17 6 15 6 17
6.51303 7 29 13 13 9 18 6 15 6 17
6.52364 7 29 13 13 9 17 6 14 6 18
6.64054 7 29 13 13 9 16 6 13 6 19
6.88622 7 29 13 13 9 15 6 12 6 20
6.90918 7 29 12 12 9 16 6 12 6 20
6.96124 7 29 12 12 8 15 7 12 6 20
7.12265 7 29 12 12 7 14 8 12 6 20
7.18333 7 29 12 12 7 13 8 11 6 21
7.4164 7 28 12 12 7 13 7 11 7 21
7.99703 7 27 12 12 7 13 6 11 8 21
8.08607 7 26 12 12 6 13 6 12 8 21
8.19964 7 26 11 11 6 14 6 12 8 21
8.46869 6 25 11 11 7 14 6 12 8 21
8.56522 6 25 10 10 7 15 6 12 8 21
8.74164 5 24 10 10 8 15 6 12 8 21
8.81274 5 24 10 10 8 14 6 11 8 22
8.99435 5 23 10 10 8 14 5 11 9 22
9.03355 5 22 10 10 7 14 5 12 9 22
9.18043 5 22 10 10 7 13 5 11 9 23
9.27265 5 22 9 9 7 14 5 11 9 23
9.56523 5 22 8 8 7 15 5 11 9 23
9.65121 5 21 8 8 7 15 4 11 10 23
9.75269 5 21 8 8 6 14 5 11 10 23
10.0032 5 21 8 8 6 13 5 10 10 24
10.0316 5 21 8 8 5 12 6 10 10 24
10.3655 5 20 8 8 5 12 5 10 11 24
11.2423 5 19 8 8 4 12 5 11 11 24
11.3599 5 19 7 7 4 13 5 11 11 24
11.419 4 18 7 7 5 13 5 11 11 24
11.6501 3 17 7 7 6 13 5 11 11 24
11.9482 2 16 7 7 7 13 5 11 11 24
12.7746 2 16 7 7 7 12 5 10 11 25
12.9247 2 16 7 7 7 11 5 9 11 26
13.257 1 15 7 7 8 11 5 9 11 26
13.3407 2 16 7 7 7 11 5 9 11 26
13.7084 2 16 8 8 7 10 5 9 11 26
14.1943 3 17 8 8 6 10 5 9 11 26
14.4296 3 17 8 8 6 9 5 8 11 27
14.9801 3 16 8 8 5 9 5 9 11 27
15.1723 2 15 8 8 6 9 5 9 11 27
16.1711 2 15 8 8 6 8 5 8 11 28
16.4407 1 14 8 8 7 8 5 8 11 28
16.6976 1 14 7 7 7 9 5 8 11 28
17.1555 1 14 7 7 6 8 6 8 11 28
17.6696 1 13 7 7 5 8 6 9 11 28
18.0513 1 12 7 7 4 8 6 10 11 28
18.1981 1 11 7 7 4 8 5 10 12 28
18.9379 1 11 7 7 3 7 6 10 12 28
19.607 1 10 7 7 3 7 5 10 13 28
20.2492 0 9 7 7 4 7 5 10 13 28
20.6857 0 8 7 7 3 7 5 11 13 28
20.7063 0 8 7 7 3 6 5 10 13 29
21.1549 0 7 7 7 3 6 4 10 14 29
21.7523 0 7 7 7 3 5 4 9 14 30
23.2109 0 8 7 7 4 5 4 8 14 30
23.467 0 8 6 6 4 6 4 8 14 30
23.6749 0 8 5 5 4 7 4 8 14 30
24.5976 0 8 5 5 3 6 5 8 14 30
25.6846 0 7 5 5 2 6 5 9 14 30
26.2646 0 6 5 5 1 6 5 10 14 30
27.6767 0 6 6 6 1 5 5 10 14 30
30.3497 0 7 6 6 2 5 5 9 14 30
31.3493 0 7 6 6 1 4 6 9 14 30
32.8567 0 6 6 6 0 4 6 10 14 30
33.132 0 5 6 6 0 4 5 10 15 30
33.7691 0 5 5 5 0 5 5 10 15 30
36.7117 0 5 5 5 0 4 5 9 15 31
36.9521 0 5 5 5 0 3 5 8 15 32
37.0593 0 5 4 4 0 4 5 8 15 32
39.3671 0 5 3 3 0 5 5 8 15 32
41.6722 0 6 3 3 1 5 5 7 15 32
43.4088 0 7 3 3 2 5 5 6 15 32
46.9198 0 6 3 3 1 5 5 7 15 32
49.2649 0 5 3 3 1 5 4 7 16 32
53.5783 0 5 3 3 1 4 4 6 16 33
54.0101 0 4 3 3 1 4 3 6 17 33
55.2203 0 4 4 4 1 3 3 6 17 33
58.7227 0 4 4 4 2 4 2 6 17 33
63.009 0 3 4 4 2 4 1 6 18 33
64.7193 0 3 5 5 2 3 1 6 18 33
65.0083 0 4 5 5 3 3 1 5 18 33
70.5287 0 5 5 5 4 3 1 4 18 33
71.6503 1 6 5 5 3 3 1 4 18 33
72.7546 1 6 5 5 2 2 2 4 18 33
76.6421 1 5 5 5 1 2 2 5 18 33
78.0906 1 5 4 4 1 3 2 5 18 33
79.171 1 5 4 4 1 2 2 4 18 34
82.5087 1 4 4 4 0 2 2 5 18 34
86.2878 1 3 4 4 0 2 1 5 19 34
86.5794 1 3 3 3 0 3 1 5 19 34
95.9021 1 3 3 3 0 2 1 4 19 35
98.3165 1 3 3 3 0 1 1 3 19 36
101.785 1 3 4 4 0 0 1 3 19 36
105.901 1 3 3 3 0 1 1 3 19 36
119.373 1 4 3 3 0 1 2 3 18 36
122.999 1 5 3 3 1 1 2 2 18 36
123.98 1 4 3 3 1 1 1 2 19 36
124.682 1 4 2 2 1 2 1 2 19 36
129.622 1 3 2 2 1 2 0 2 20 36
132.223 1 2 2 2 0 2 0 3 20 36
132.226 0 1 2 2 1 2 0 3 20 36
134.146 1 2 2 2 0 2 0 3 20 36
135.509 1 2 2 2 0 3 0 4 20 35
142.873 0 1 2 2 1 3 0 4 20 35
147.199 0 1 1 1 1 4 0 4 20 35
151.086 0 1 1 1 1 3 0 3 20 36
152.261 0 2 1 1 2 3 0 2 20 36
152.365 0 1 1 1 1 3 0 3 20 36
154.891 0 1 1 1 1 2 0 2 20 37
155.773 0 2 1 1 1 2 1 2 19 37
166.444 0 2 1 1 1 1 1 1 19 38
170.895 0 2 1 1 1 2 1 2 19 37
172.665 0 2 1 1 1 1 1 1 19 38
190.2 0 2 1 1 0 0 2 1 19 38
193.58 0 3 1 1 1 0 2 0 19 38
199.683 0 3 1 1 2 1 1 0 19 38
200.859 0 2 1 1 2 1 0 0 20 38
210.076 1 3 1 1 1 1 0 0 20 38
228.982 2 4 1 1 0 1 0 0 20 38
232.641 1 3 1 1 1 1 0 0 20 38
236.567 0 2 1 1 2 1 0 0 20 38
237.718 1 3 1 1 1 1 0 0 20 38
238.196 1 4 1 1 1 1 1 0 19 38
239.959 1 3 1 1 0 1 1 1 19 38
253.7 1 3 1 1 1 2 0 1 19 38
263.407 1 3 1 1 1 1 0 0 19 39
263.77 1 4 1 1 1 1 1 0 18 39
270.504 2 5 1 1 0 1 1 0 18 39
278.119 2 5 0 0 0 2 1 0 18 39
279.659 1 4 0 0 1 2 1 0 18 39
288.192 1 3 0 0 1 2 0 0 19 39
289.54 0 2 0 0 2 2 0 0 19 39
295.533 0 1 0 0 1 2 0 1 19 39
298.467 0 1 1 1 1 1 0 1 19 39
301.605 1 2 1 1 0 1 0 1 19 39
336.534 1 2 2 2 0 0 0 1 19 39
345.705 1 2 2 2 0 1 0 2 19 38
346.821 1 2 2 2 0 0 0 1 19 39
349.422 1 3 2 2 0 0 1 1 18 39
389.419 0 2 2 2 1 0 1 1 18 39
400.005 0 1 2 2 1 0 0 1 19 39
408.048 0 1 1 1 1 1 0 1 19 39
432.063 0 2 1 1 2 1 0 0 19 39
432.12 1 3 1 1 1 1 0 0 19 39
441.702 1 4 1 1 1 1 1 0 18 39
445.923 1 3 1 1 0 1 1 1 18 39
473.47 1 2 1 1 0 1 0 1 19 39
478.011 1 2 2 2 0 0 0 1 19 39
484.651 1 2 1 1 0 1 0 1 19 39
513.577 1 2 1 1 0 0 0 0 19 40
515.443 0 1 1 1 1 0 0 0 19 40
519.644 1 2 1 1 0 0 0 0 19 40
556.614 1 3 1 1 0 0 1 0 18 40
558.489 0 2 1 1 1 0 1 0 18 40
572.349 0 2 1 1 1 1 1 1 18 39
596.001 0 2 2 2 1 0 1 1 18 39
613.676 1 3 2 2 0 0 1 1 18 39
614.502 1 3 1 1 0 1 1 1 18 39
622.7 1 3 1 1 0 2 1 2 18 38
625.136 1 4 1 1 1 2 1 1 18 38
627.082 1 4 1 1 0 1 2 1 18 38
632.672 1 4 1 1 1 2 1 1 18 38
635.114 1 4 0 0 1 3 1 1 18 38
641.372 1 4 0 0 0 2 2 1 18 38
644.24 1 3 0 0 0 2 1 1 19 38
648.888 1 3 1 1 0 1 1 1 19 38
653.281 1 2 1 1 0 1 0 1 20 38
653.685 1 3 1 1 1 1 0 0 20 38
679.24 1 4 1 1 1 1 1 0 19 38
680.443 1 3 1 1 1 1 0 0 20 38
683.669 1 3 1 1 1 2 0 1 20 37
705.855 1 4 1 1 1 2 1 1 19 37
709.749 1 4 1 1 1 3 1 2 19 36
718.42 1 5 1 1 2 3 1 1 19 36
718.907 1 5 2 2 2 2 1 1 19 36
720.044 1 4 2 2 1 2 1 2 19 36
731.324 1 4 1 1 1 3 1 2 19 36
736.161 2 5 1 1 0 3 1 2 19 36
741.22 2 5 1 1 0 2 1 1 19 37
741.583 2 5 1 1 0 3 1 2 19 36
763.72 2 5 1 1 0 2 1 1 19 37
767.446 2 5 1 1 0 1 1 0 19 38
767.953 1 4 1 1 1 1 1 0 19 38
772.966 1 4 1 1 1 2 1 1 19 37
779.105 1 3 1 1 1 2 0 1 20 37
785.592 0 2 1 1 2 2 0 1 20 37
795.364 0 2 1 1 2 1 0 0 20 38
796.457 1 3 1 1 1 1 0 0 20 38
805.365 0 2 1 1 2 1 0 0 20 38
809.788 0 1 1 1 1 1 0 1 20 38
811.848 1 2 1 1 0 1 0 1 20 38
814.785 1 2 1 1 0 2 0 2 20 37
821.739 0 1 1 1 1 2 0 2 20 37
825.483 0 2 1 1 1 2 1 2 19 37
827.623 1 3 1 1 0 2 1 2 19 37
829.857 1 4 1 1 0 2 2 2 18 37
843.283 1 3 1 1 0 2 1 2 19 37
850.391 0 2 1 1 1 2 1 2 19 37
852.571 0 3 1 1 2 2 1 1 19 37
891.594 0 3 0 0 2 3 1 1 19 37
900.656 0 2 0 0 1 3 1 2 19 37
917.228 0 2 0 0 1 2 1 1 19 38
918.672 0 2 0 0 1 3 1 2 19 37
936.355 0 1 0 0 0 3 1 3 19 37
936.762 0 1 0 0 1 4 0 3 19 37
939.994 0 2 0 0 1 4 1 3 18 37
940.135 0 2 0 0 1 3 1 2 18 38
942.272 0 2 0 0 1 2 1 1 18 39
949.112 0 1 0 0 0 2 1 2 18 39
964.938 0 1 0 0 0 1 1 1 18 40
968.014 0 1 0 0 0 2 1 2 18 39
969.531 0 1 0 0 0 3 1 3 18 38
980.959 0 1 0 0 0 2 1 2 18 39
981.807 0 2 0 0 1 2 1 1 18 39
1003.94 0 2 0 0 1 3 1 2 18 38
1004.46 0 1 0 0 0 3 1 3 18 38
1012.01 0 1 0 0 0 4 1 4 18 37
1014.68 0 1 0 0 0 3 1 3 18 38
1015.39 0 1 1 1 0 2 1 3 18 38
1022.85 0 2 1 1 1 2 1 2 18 38
1031.9 0 3 1 1 2 2 1 1 18 38
1034.38 0 2 1 1 2 2 0 1 19 38
1045.54 0 1 1 1 1 2 0 2 19 38
1048.88 0 1 2 2 1 1 0 2 19 38
1053.1 0 2 2 2 2 1 0 1 19 38
1055.1 0 1 2 2 1 1 0 2 19 38
1056.89 1 2 2 2 0 1 0 2 19 38
1066.83 1 2 2 2 0 2 0 3 19 37
1068.04 1 2 1 1 0 3 0 3 19 37
1068.94 1 3 1 1 1 3 0 2 19 37
1077.6 1 3 2 2 1 2 0 2 19 37
1090.1 1 3 2 2 1 1 0 1 19 38
1092.23 2 4 2 2 0 1 0 1 19 38
1095.36 2 4 1 1 0 2 0 1 19 38
1106.28 1 3 1 1 1 2 0 1 19 38
1111.53 1 3 1 1 1 1 0 0 19 39
1112.49 0 2 1 1 2 1 0 0 19 39
1115.65 0 2 1 1 1 0 1 0 19 39
1127.53 0 1 1 1 0 0 1 1 19 39
1135.35 0 1 1 1 0 1 1 2 19 38
1154.93 0 1 2 2 0 0 1 2 19 38
1166.07 0 1 2 2 0 1 1 3 19 37
1202.83 0 2 2 2 1 1 1 2 19 37
1203 0 3 2 2 2 1 1 1 19 37
1229.56 0 4 2 2 2 1 2 1 18 37
1230.84 0 3 2 2 2 1 1 1 19 37
1233.41 0 3 2 2 3 2 0 1 19 37
1234.93 0 2 2 2 2 2 0 2 19 37
1238.55 0 1 2 2 1 2 0 3 19 37
1238.63 0 2 2 2 1 2 1 3 18 37
1243.39 0 2 2 2 1 1 1 2 18 38
1253.82 0 1 2 2 1 1 0 2 19 38
1258.61 0 2 2 2 2 1 0 1 19 38
1265.3 0 2 2 2 2 2 0 2 19 37
1272.04 0 2 1 1 2 3 0 2 19 37
1272.47 0 2 1 1 2 2 0 1 19 38
1277.58 0 1 1 1 1 2 0 2 19 38
1283.63 1 2 1 1 0 2 0 2 19 38
1309.87 1 2 1 1 0 1 0 1 19 39
1327.36 0 1 1 1 1 1 0 1 19 39
1342.85 0 1 0 0 1 2 0 1 19 39
1356.46 0 2 0 0 2 2 0 0 19 39
1357.68 0 2 0 0 2 3 0 1 19 38
1365.98 0 1 0 0 1 3 0 2 19 38
1374 0 1 0 0 1 2 0 1 19 39
1402.67 0 1 1 1 1 1 0 1 19 39
1407.25 0 1 1 1 1 0 0 0 19 40
1408.02 0 0 1 1 0 0 0 1 19 40
1451.36 0 1 1 1 0 0 1 1 18 40
1488.05 0 2 1 1 0 0 2 1 17 40
1501.82 0 2 0 0 0 1 2 1 17 40
1503.35 0 3 0 0 1 1 2 0 17 40
1511.02 0 2 0 0 1 1 1 0 18 40
1526.82 1 3 0 0 0 1 1 0 18 40
1530.44 1 2 0 0 0 1 0 0 19 40
1545.5 0 1 0 0 1 1 0 0 19 40
1554.19 0 2 0 0 1 1 1 0 18 40
1555.51 1 3 0 0 0 1 1 0 18 40
1560.01 0 2 0 0 1 1 1 0 18 40
1563.01 0 2 0 0 1 2 1 1 18 39
1571.88 0 3 0 0 1 2 2 1 17 39
1574.36 0 3 0 0 0 1 3 1 17 39
1593.4 0 3 1 1 0 0 3 1 17 39
1606.24 0 2 1 1 0 0 2 1 18 39
1606.98 0 1 1 1 0 0 1 1 19 39
1613.95 0 1 1 1 1 1 0 1 19 39
1623.1 0 1 2 2 1 0 0 1 19 39
1649.98 0 2 2 2 2 0 0 0 19 39
1650.78 0 1 2 2 1 0 0 1 19 39
1665.59 0 2 2 2 1 0 1 1 18 39
1666.5 0 3 2 2 1 0 2 1 17 39
1669.05 0 2 2 2 1 0 1 1 18 39
1674.61 1 3 2 2 0 0 1 1 18 39
1675.32 1 3 1 1 0 1 1 1 18 39
1678.92 1 4 1 1 0 1 2 1 17 39
1688.51 0 3 1 1 1 1 2 1 17 39
1692.83 0 4 1 1 2 1 2 0 17 39
1710.4 0 3 1 1 1 1 2 1 17 39
1714.64 0 2 1 1 1 1 1 1 18 39
1715.66 1 3 1 1 0 1 1 1 18 39
1720.06 1 3 2 2 0 0 1 1 18 39
1722.4 0 2 2 2 1 0 1 1 18 39
1738 0 3 2 2 2 0 1 0 18 39
1738.48 0 3 1 1 2 1 1 0 18 39
1748.33 0 2 1 1 2 1 0 0 19 39
1750.78 0 2 1 1 1 0 1 0 19 39
1750.93 1 3 1 1 0 0 1 0 19 39
1757.13 1 2 1 1 0 0 0 0 20 39
1849.52 1 3 1 1 0 0 1 0 19 39
1852.81 1 4 1 1 0 0 2 0 18 39
1864.26 0 3 1 1 1 0 2 0 18 39
1866.89 0 3 1 1 2 1 1 0 18 39
1867.45 1 4 1 1 1 1 1 0 18 39
1873.84 1 3 1 1 1 1 0 0 19 39
1914.7 1 3 0 0 1 2 0 0 19 39
1915.39 2 4 0 0 0 2 0 0 19 39
1916.82 2 4 1 1 0 1 0 0 19 39
1919.85 1 3 1 1 1 1 0 0 19 39
1925.17 2 4 1 1 0 1 0 0 19 39
1945.58 2 5 1 1 0 1 1 0 18 39
1946.41 2 6 1 1 0 1 2 0 17 39
1946.74 2 6 1 1 1 2 1 0 17 39
1951.11 2 5 1 1 1 2 0 0 18 39
1956.17 1 4 1 1 2 2 0 0 18 39
1969.12 1 4 0 0 2 3 0 0 18 39
1983.26 1 4 0 0 1 2 1 0 18 39
1994.02 1 4 1 1 1 1 1 0 18 39
2010.15 0 3 1 1 2 1 1 0 18 39
2014.11 0 2 1 1 1 1 1 1 18 39
2019.46 1 3 1 1 0 1 1 1 18 39
2022.32 1 2 1 1 0 1 0 1 19 39
2044.33 1 3 1 1 0 1 1 1 18 39
2061.02 1 3 1 1 0 2 1 2 18 38
2063.88 1 4 1 1 0 2 2 2 17 38
2066.27 1 5 1 1 0 2 3 2 16 38
2068.6 1 4 1 1 0 2 2 2 17 38
2070.48 1 3 1 1 0 2 1 2 18 38
2077.14 0 2 1 1 1 2 1 2 18 38
2099.03 0 3 1 1 1 2 2 2 17 38
2103.89 0 2 1 1 1 2 1 2 18 38
2104.14 0 2 1 1 1 1 1 1 18 39
2111.46 0 1 1 1 1 1 0 1 19 39
2128.23 1 2 1 1 0 1 0 1 19 39
2148.19 1 3 1 1 1 1 0 0 19 39
2197.27 1 4 1 1 1 1 1 0 18 39
2204.29 2 5 1 1 0 1 1 0 18 39
2212.61 2 4 1 1 0 1 0 0 19 39
2222.84 1 3 1 1 1 1 0 0 19 39
2228.97 0 2 1 1 2 1 0 0 19 39
2242.17 0 2 1 1 1 0 1 0 19 39
2244.27 0 3 1 1 1 0 2 0 18 39
2247.43 0 2 1 1 0 0 2 1 18 39
2264.85 0 2 0 0 0 1 2 1 18 39
2271.28 0 1 0 0 0 1 1 1 19 39
2273.71 0 1 0 0 0 2 1 2 19 38
2282.59 0 2 0 0 1 2 1 1 19 38
2289.59 0 3 0 0 2 2 1 0 19 38
2289.74 1 4 0 0 1 2 1 0 19 38
2295.57 1 4 0 0 0 1 2 0 19 38
2302.15 1 3 0 0 0 1 1 0 20 38
2346.72 1 4 0 0 0 1 2 0 19 38
2361.31 1 3 0 0 0 1 1 0 20 38
2374.65 1 2 0 0 0 1 0 0 21 38
2380.02 1 2 0 0 0 2 0 1 21 37
2387.22 0 1 0 0 1 2 0 1 21 37
2417.8 1 2 0 0 0 2 0 1 21 37
2420.93 1 3 0 0 0 2 1 1 20 37
2421.28 0 2 0 0 1 2 1 1 20 37
2422.96 1 3 0 0 0 2 1 1 20 37
2432.47 1 3 0 0 1 3 0 1 20 37
2436.66 1 3 1 1 1 2 0 1 20 37
2441.43 1 3 1 1 1 3 0 2 20 36
2443.75 1 3 1 1 1 2 0 1 20 37
2447.49 0 2 1 1 2 2 0 1 20 37
2449.66 0 2 0 0 2 3 0 1 20 37
2454.23 0 2 1 1 2 2 0 1 20 37
2455.58 1 3 1 1 1 2 0 1 20 37
2476.17 1 3 0 0 1 3 0 1 20 37
2489.18 1 4 0 0 1 3 1 1 19 37
2505.63 2 5 0 0 0 3 1 1 19 37
2506.56 1 4 0 0 1 3 1 1 19 37
2517.19 1 4 0 0 1 2 1 0 19 38
2518.52 0 3 0 0 2 2 1 0 19 38
2520.94 1 4 0 0 1 2 1 0 19 38
2523.94 0 3 0 0 2 2 1 0 19 38
2531.26 0 3 0 0 1 1 2 0 19 38
2533.15 0 3 0 0 2 2 1 0 19 38
2548.72 0 2 0 0 1 2 1 1 19 38
2558.67 0 2 1 1 1 1 1 1 19 38
2565.75 0 2 1 1 1 2 1 2 19 37
2568.16 0 3 1 1 2 2 1 1 19 37
2569.72 0 3 1 1 2 1 1 0 19 38
2574.36 0 3 2 2 2 0 1 0 19 38
2577.18 1 4 2 2 1 0 1 0 19 38
2580.18 1 3 2 2 0 0 1 1 19 38
2590.5 1 3 1 1 0 1 1 1 19 38
2593.12 1 2 1 1 0 1 0 1 20 38
2629.52 1 3 1 1 0 1 1 1 19 38
2635.97 1 4 1 1 0 1 2 1 18 38
2646.78 0 3 1 1 1 1 2 1 18 38
2648.54 0 2 1 1 0 1 2 2 18 38
2660.25 0 2 1 1 1 2 1 2 18 38
2667.9 0 2 1 1 1 1 1 1 18 39
2668.09 1 3 1 1 0 1 1 1 18 39
2705.08 1 2 1 1 0 1 0 1 19 39
2712.74 1 3 1 1 0 1 1 1 18 39
2723.56 1 2 1 1 0 1 0 1 19 39
2746.72 1 3 1 1 1 1 0 0 19 39
2767.68 1 4 1 1 1 1 1 0 18 39
2772.99 2 5 1 1 0 1 1 0 18 39
2777.14 2 4 1 1 0 1 0 0 19 39
2794.1 1 3 1 1 1 1 0 0 19 39
2808.91 1 3 0 0 1 2 0 0 19 39
2810.11 1 3 1 1 1 1 0 0 19 39
2847.09 0 2 1 1 2 1 0 0 19 39
2848.29 0 2 2 2 2 0 0 0 19 39
2853.16 0 2 1 1 2 1 0 0 19 39
2862.48 0 3 1 1 2 1 1 0 18 39
2866.85 0 2 1 1 1 1 1 1 18 39
2873.8 1 3 1 1 0 1 1 1 18 39
2876.46 0 2 1 1 1 1 1 1 18 39
2889.1 0 2 1 1 0 0 2 1 18 39
2902.01 0 1 1 1 0 0 1 1 19 39
2903.64 0 2 1 1 0 0 2 1 18 39
2919.63 0 1 1 1 0 0 1 1 19 39
2949.16 0 1 1 1 0 1 1 2 19 38
2972.46 0 1 2 2 0 0 1 2 19 38
2997.45 0 0 2 2 0 0 0 2 20 38
2997.45 0 0 2 2 0 0 0 2 20 38
