0 60 120 60 60 0 0 0 0 0 0
0.00186295 59 119 60 60 1 0 0 0 0 0
0.013646 59 119 59 59 1 1 0 0 0 0
0.0153448 59 119 58 58 1 2 0 0 0 0
0.0225888 59 119 57 57 1 3 0 0 0 0
0.0341533 58 118 57 57 2 3 0 0 0 0
0.0504593 58 117 57 57 1 3 0 1 0 0
0.0542536 57 116 57 57 2 3 0 1 0 0
0.0655203 56 115 57 57 3 3 0 1 0 0
0.0662113 55 114 57 57 4 3 0 1 0 0
0.0927544 54 113 57 57 5 3 0 1 0 0
0.0953727 54 113 56 56 5 4 0 1 0 0
0.101639 54 113 55 55 5 5 0 1 0 0
0.103011 53 112 55 55 6 5 0 1 0 0
0.124996 52 111 55 55 7 5 0 1 0 0
0.126632 52 111 54 54 7 6 0 1 0 0
0.138593 52 111 53 53 7 7 0 1 0 0
0.141483 52 111 52 52 7 8 0 1 0 0
0.147131 52 111 51 51 7 9 0 1 0 0
0.15306 51 110 51 51 8 9 0 1 0 0
0.16044 50 109 51 51 9 9 0 1 0 0
0.172127 50 108 51 51 8 9 0 2 0 0
0.210448 49 107 51 51 9 9 0 2 0 0
0.235198 48 106 51 51 10 9 0 2 0 0
0.245594 47 105 51 51 11 9 0 2 0 0
0.249833 47 105 50 50 11 10 0 2 0 0
0.258634 47 105 49 49 11 11 0 2 0 0
0.27278 46 104 49 49 12 11 0 2 0 0
0.286832 45 103 49 49 13 11 0 2 0 0
0.293714 45 103 48 48 13 12 0 2 0 0
0.299109 44 102 48 48 14 12 0 2 0 0
0.313307 43 101 48 48 15 12 0 2 0 0
0.333288 42 100 48 48 16 12 0 2 0 0
0.333476 42 99 48 48 15 12 0 3 0 0
0.334527 42 99 47 47 15 13 0 3 0 0
0.359336 42 99 46 46 15 14 0 3 0 0
0.364425 42 99 45 45 15 15 0 3 0 0
0.378273 42 98 45 45 14 15 0 4 0 0
0.379894 42 98 44 44 14 16 0 4 0 0
0.399048 41 97 44 44 15 16 0 4 0 0
0.402899 40 96 44 44 16 16 0 4 0 0
0.448211 39 95 44 44 17 16 0 4 0 0
0.454788 38 94 44 44 18 16 0 4 0 0
0.464409 37 93 44 44 19 16 0 4 0 0
0.468156 36 92 44 44 20 16 0 4 0 0
0.473584 36 92 43 43 20 17 0 4 0 0
0.477904 35 91 43 43 21 17 0 4 0 0
0.48486 34 90 43 43 22 17 0 4 0 0
0.501697 34 90 42 42 22 18 0 4 0 0
0.550652 33 89 42 42 23 18 0 4 0 0
0.571478 32 88 42 42 24 18 0 4 0 0
0.573362 31 87 42 42 25 18 0 4 0 0
0.656508 30 86 42 42 26 18 0 4 0 0
0.658189 30 85 42 42 25 18 0 5 0 0
0.738536 29 84 42 42 26 18 0 5 0 0
0.759705 29 83 42 42 25 18 0 6 0 0
0.780176 29 83 41 41 25 19 0 6 0 0
0.812823 28 82 41 41 26 19 0 6 0 0
0.814219 28 81 41 41 25 19 0 7 0 0
0.849768 28 80 41 41 24 19 0 8 0 0
0.913057 28 79 41 41 23 19 0 9 0 0
0.940537 28 78 41 41 22 19 0 10 0 0
0.99008 29 79 41 41 21 19 0 10 0 0
0.99126 29 79 40 40 21 20 0 10 0 0
1.00038 28 78 40 40 22 20 0 10 0 0
1.00314 27 77 40 40 23 20 0 10 0 0
1.02765 27 76 40 40 22 20 0 11 0 0
1.0808 27 76 39 39 22 21 0 11 0 0
1.12459 26 75 39 39 23 21 0 11 0 0
1.15421 25 74 39 39 24 21 0 11 0 0
1.18408 25 74 39 39 23 20 1 11 0 0
1.31305 25 74 39 39 22 19 2 11 0 0
1.37387 24 73 39 39 23 19 2 11 0 0
1.38141 23 72 39 39 24 19 2 11 0 0
1.47604 23 71 39 39 23 19 2 12 0 0
1.48254 22 70 39 39 24 19 2 12 0 0
1.48614 21 69 39 39 25 19 2 12 0 0
1.48801 21 69 39 39 25 18 2 11 0 1
1.56454 21 68 39 39 24 18 2 12 0 1
1.5822 21 67 39 39 23 18 2 13 0 1
1.5848 21 67 38 38 23 19 2 13 0 1
1.59309 20 66 38 38 24 19 2 13 0 1
1.63793 20 65 38 38 23 19 2 14 0 1
1.65144 20 65 37 37 23 20 2 14 0 1
1.65554 20 64 37 37 22 20 2 15 0 1
1.67379 19 63 37 37 23 20 2 15 0 1
1.69108 19 63 36 36 23 21 2 15 0 1
1.69703 19 62 36 36 23 21 1 15 1 1
1.70562 19 62 36 36 22 20 2 15 1 1
1.71856 19 61 36 36 21 20 2 16 1 1
1.74113 19 61 35 35 21 21 2 16 1 1
1.74624 19 61 34 34 21 22 2 16 1 1
1.76857 19 60 34 34 20 22 2 17 1 1
1.80399 19 60 34 34 19 21 3 17 1 1
1.81752 19 59 34 34 18 21 3 18 1 1
1.86157 19 59 34 34 17 20 4 18 1 1
1.90946 19 60 34 34 18 20 4 17 1 1
1.91603 19 60 33 33 18 21 4 17 1 1
1.92189 19 60 32 32 18 22 4 17 1 1
1.93017 19 59 32 32 17 22 4 18 1 1
1.96685 19 59 31 31 17 23 4 18 1 1
1.9723 19 59 31 31 17 22 4 17 1 2
1.97841 19 58 31 31 17 22 3 17 2 2
2.00188 19 58 31 31 16 21 4 17 2 2
2.05642 18 57 31 31 17 21 4 17 2 2
2.09354 18 56 31 31 16 21 4 18 2 2
2.11329 17 55 31 31 17 21 4 18 2 2
2.23481 16 54 31 31 18 21 4 18 2 2
2.23568 16 54 30 30 18 22 4 18 2 2
2.25434 16 53 30 30 18 22 3 18 3 2
2.31587 16 53 30 30 18 21 3 17 3 3
2.37943 16 53 29 29 18 22 3 17 3 3
2.38535 15 52 29 29 19 22 3 17 3 3
2.39128 15 51 29 29 18 22 3 18 3 3
2.42417 15 50 29 29 17 22 3 19 3 3
2.46247 15 49 29 29 16 22 3 20 3 3
2.46503 15 49 28 28 16 23 3 20 3 3
2.48276 15 48 28 28 15 23 3 21 3 3
2.48687 14 47 28 28 16 23 3 21 3 3
2.53105 13 46 28 28 17 23 3 21 3 3
2.5794 13 45 28 28 16 23 3 22 3 3
2.58846 13 45 28 28 16 22 3 21 3 4
2.59249 13 45 28 28 16 21 3 20 3 5
2.59345 13 45 28 28 16 20 3 19 3 6
2.66618 13 44 28 28 16 20 2 19 4 6
2.6976 13 44 27 27 16 21 2 19 4 6
2.73672 13 43 27 27 15 21 2 20 4 6
2.74503 13 43 26 26 15 22 2 20 4 6
2.76106 13 42 26 26 14 22 2 21 4 6
3.06502 12 41 26 26 15 22 2 21 4 6
3.12034 12 41 25 25 15 23 2 21 4 6
3.12339 12 41 24 24 15 24 2 21 4 6
3.14674 12 40 24 24 14 24 2 22 4 6
3.29622 12 39 24 24 14 24 1 22 5 6
3.31065 12 39 24 24 13 23 2 22 5 6
3.33285 11 38 24 24 14 23 2 22 5 6
3.44478 11 38 24 24 13 22 3 22 5 6
3.70906 10 37 24 24 14 22 3 22 5 6
3.77108 10 38 24 24 15 22 3 21 5 6
3.77431 10 37 24 24 15 22 2 21 6 6
3.80644 10 37 24 24 14 21 3 21 6 6
3.80821 9 36 24 24 15 21 3 21 6 6
3.90855 9 36 24 24 15 20 3 20 6 7
3.9758 9 36 24 24 15 19 3 19 6 8
4.0162 9 36 23 23 15 20 3 19 6 8
4.17477 9 36 23 23 15 19 3 18 6 9
4.19502 8 35 23 23 16 19 3 18 6 9
4.31725 8 35 22 22 16 20 3 18 6 9
4.34807 8 35 21 21 16 21 3 18 6 9
4.35353 8 35 21 21 15 20 4 18 6 9
4.38392 8 34 21 21 14 20 4 19 6 9
4.43291 8 34 21 21 14 19 4 18 6 10
4.60932 8 33 21 21 14 19 3 18 7 10
4.62335 8 33 21 21 13 18 4 18 7 10
4.67658 8 32 21 21 12 18 4 19 7 10
4.67803 7 31 21 21 13 18 4 19 7 10
4.78921 7 31 21 21 13 17 4 18 7 11
4.98154 7 31 21 21 12 16 5 18 7 11
5.00292 7 31 21 21 11 15 6 18 7 11
5.09444 7 31 20 20 11 16 6 18 7 11
5.11798 7 31 20 20 10 15 7 18 7 11
5.27527 7 30 20 20 10 15 6 18 8 11
5.34886 7 30 19 19 10 16 6 18 8 11
5.36266 6 29 19 19 11 16 6 18 8 11
5.42058 6 29 19 19 11 15 6 17 8 12
5.49412 6 29 18 18 11 16 6 17 8 12
5.58715 6 29 18 18 11 15 6 16 8 13
5.59355 6 29 18 18 10 14 7 16 8 13
5.67368 6 28 18 18 9 14 7 17 8 13
5.68698 6 28 18 18 9 13 7 16 8 14
5.75432 6 28 18 18 9 12 7 15 8 15
6.37434 6 27 18 18 8 12 7 16 8 15
6.39799 5 26 18 18 9 12 7 16 8 15
6.58828 5 25 18 18 9 12 6 16 9 15
6.66758 5 24 18 18 9 12 5 16 10 15
6.68405 5 24 17 17 9 13 5 16 10 15
6.69176 4 23 17 17 10 13 5 16 10 15
6.72672 4 23 17 17 9 12 6 16 10 15
6.86265 4 22 17 17 8 12 6 17 10 15
6.97265 4 22 17 17 8 11 6 16 10 16
7.10327 4 22 17 17 8 10 6 15 10 17
7.56374 4 21 17 17 7 10 6 16 10 17
7.58956 4 22 17 17 8 10 6 15 10 17
7.81034 4 22 16 16 8 11 6 15 10 17
7.85463 4 22 15 15 8 12 6 15 10 17
8.07315 4 22 14 14 8 13 6 15 10 17
8.07958 4 22 13 13 8 14 6 15 10 17
8.56855 4 22 13 13 8 13 6 14 10 18
8.74399 4 22 12 12 8 14 6 14 10 18
8.9074 4 22 12 12 8 13 6 13 10 19
8.95376 4 22 11 11 8 14 6 13 10 19
9.31724 4 21 11 11 7 14 6 14 10 19
9.54417 4 21 11 11 7 13 6 13 10 20
10.014 4 20 11 11 6 13 6 14 10 20
10.1507 4 19 11 11 6 13 5 14 11 20
10.2887 4 19 11 11 6 12 5 13 11 21
10.4722 4 18 11 11 6 12 4 13 12 21
10.5696 4 18 10 10 6 13 4 13 12 21
10.7139 4 18 10 10 6 12 4 12 12 22
10.8539 4 18 9 9 6 13 4 12 12 22
10.8647 4 18 9 9 6 12 4 11 12 23
11.0215 4 18 9 9 6 11 4 10 12 24
12.589 4 17 9 9 5 11 4 11 12 24
12.6927 4 17 9 9 4 10 5 11 12 24
12.76 3 16 9 9 5 10 5 11 12 24
13.2765 3 15 9 9 4 10 5 12 12 24
13.6846 3 15 8 8 4 11 5 12 12 24
14.1228 3 14 8 8 3 11 5 13 12 24
14.754 3 14 8 8 2 10 6 13 12 24
15.4252 3 14 8 8 2 9 6 12 12 25
15.4975 3 14 8 8 2 8 6 11 12 26
15.7738 3 14 7 7 2 9 6 11 12 26
16.4685 3 14 6 6 2 10 6 11 12 26
16.7514 3 14 6 6 2 9 6 10 12 27
16.7579 2 13 6 6 3 9 6 10 12 27
16.7861 2 13 7 7 3 8 6 10 12 27
16.8826 2 12 7 7 3 8 5 10 13 27
16.9565 2 12 7 7 3 7 5 9 13 28
18.8898 2 11 7 7 3 7 4 9 14 28
19.9967 2 11 7 7 3 6 4 8 14 29
20.3273 2 11 6 6 3 7 4 8 14 29
20.9346 2 11 6 6 3 6 4 7 14 30
21.2989 2 10 6 6 2 6 4 8 14 30
22.0293 2 10 6 6 2 5 4 7 14 31
22.1171 2 9 6 6 2 5 3 7 15 31
23.0729 2 9 6 6 2 4 3 6 15 32
25.0593 2 9 6 6 2 3 3 5 15 33
25.123 2 9 5 5 2 4 3 5 15 33
25.1924 2 8 5 5 2 4 2 5 16 33
25.2358 2 8 5 5 3 5 1 5 16 33
26.0785 2 8 6 6 3 4 1 5 16 33
26.2363 2 8 5 5 3 5 1 5 16 33
27.3101 2 8 5 5 3 4 1 4 16 34
31.1378 2 8 5 5 2 3 2 4 16 34
32.9975 2 8 4 4 2 4 2 4 16 34
35.2313 2 8 4 4 2 3 2 3 16 35
36.4148 2 7 4 4 2 3 1 3 17 35
37.2352 1 6 4 4 3 3 1 3 17 35
40.9572 1 7 4 4 4 3 1 2 17 35
41.4806 0 6 4 4 5 3 1 2 17 35
42.7114 0 6 3 3 5 4 1 2 17 35
43.2209 0 5 3 3 4 4 1 3 17 35
43.5421 0 5 3 3 4 3 1 2 17 36
43.8875 1 6 3 3 3 3 1 2 17 36
49.1436 2 7 3 3 2 3 1 2 17 36
49.9104 2 6 3 3 2 3 0 2 18 36
50.7541 2 5 3 3 1 3 0 3 18 36
51.5392 1 4 3 3 2 3 0 3 18 36
55.3906 2 5 3 3 1 3 0 3 18 36
57.7591 2 4 3 3 0 3 0 4 18 36
57.8993 2 4 3 3 0 2 0 3 18 37
63.237 2 4 2 2 0 3 0 3 18 37
71.4087 2 5 2 2 1 3 0 2 18 37
74.5064 2 5 1 1 1 4 0 2 18 37
74.9767 1 4 1 1 2 4 0 2 18 37
79.1326 1 3 1 1 1 4 0 3 18 37
86.3279 1 3 1 1 1 5 0 4 18 36
86.6855 1 3 1 1 1 6 0 5 18 35
87.6579 2 4 1 1 0 6 0 5 18 35
88.386 2 4 2 2 0 5 0 5 18 35
90.0286 2 4 2 2 0 4 0 4 18 36
94.778 2 4 1 1 0 5 0 4 18 36
94.8805 1 3 1 1 1 5 0 4 18 36
98.3506 1 2 1 1 0 5 0 5 18 36
99.0525 1 2 2 2 0 4 0 5 18 36
100.263 1 2 3 3 0 3 0 5 18 36
103.874 1 2 3 3 0 4 0 6 18 35
108.696 1 2 3 3 0 3 0 5 18 36
109.091 1 2 3 3 0 2 0 4 18 37
110.224 1 3 3 3 0 2 1 4 17 37
111.587 0 2 3 3 1 2 1 4 17 37
120.839 0 3 3 3 2 2 1 3 17 37
130.389 0 3 3 3 2 3 1 4 17 36
130.842 1 4 3 3 1 3 1 4 17 36
131.832 1 4 3 3 1 2 1 3 17 37
134.72 1 4 2 2 1 3 1 3 17 37
149.045 1 4 2 2 1 2 1 2 17 38
152.274 1 4 2 2 1 3 1 3 17 37
153.62 1 4 3 3 1 2 1 3 17 37
159.096 1 3 3 3 0 2 1 4 17 37
161.848 1 4 3 3 1 2 1 3 17 37
166.792 1 5 3 3 1 2 2 3 16 37
167.131 1 4 3 3 1 2 1 3 17 37
170.452 1 4 4 4 1 1 1 3 17 37
170.49 1 4 3 3 1 2 1 3 17 37
172.538 1 4 3 3 1 1 1 2 17 38
178.791 1 3 3 3 0 1 1 3 17 38
181.743 1 3 2 2 0 2 1 3 17 38
184.423 1 3 2 2 0 1 1 2 17 39
184.566 1 3 1 1 0 2 1 2 17 39
184.6 1 3 1 1 0 1 1 1 17 40
190.763 0 2 1 1 1 1 1 1 17 40
214.165 0 2 0 0 1 2 1 1 17 40
214.223 0 2 0 0 2 3 0 1 17 40
215.665 0 2 0 0 1 2 1 1 17 40
227.802 0 1 0 0 0 2 1 2 17 40
252.44 0 1 1 1 0 1 1 2 17 40
276.295 0 1 1 1 0 2 1 3 17 39
277.514 0 1 2 2 0 1 1 3 17 39
279.819 0 2 2 2 1 1 1 2 17 39
282.444 0 1 2 2 1 1 0 2 18 39
287.317 0 2 2 2 2 1 0 1 18 39
287.731 0 2 1 1 2 2 0 1 18 39
298.793 1 3 1 1 1 2 0 1 18 39
303.421 0 2 1 1 2 2 0 1 18 39
304.46 1 3 1 1 1 2 0 1 18 39
308.531 1 2 1 1 0 2 0 2 18 39
314.503 1 3 1 1 0 2 1 2 17 39
321.232 1 3 1 1 0 1 1 1 17 40
330.614 0 2 1 1 1 1 1 1 17 40
333.754 1 3 1 1 0 1 1 1 17 40
341.846 1 4 1 1 0 1 2 1 16 40
360.687 1 3 1 1 0 1 1 1 17 40
363.167 1 3 1 1 0 2 1 2 17 39
379.512 1 3 1 1 0 1 1 1 17 40
382.23 1 4 1 1 0 1 2 1 16 40
383.405 1 3 1 1 0 1 1 1 17 40
387.278 1 4 1 1 0 1 2 1 16 40
393.205 1 5 1 1 0 1 3 1 15 40
398.561 1 6 1 1 1 1 3 0 15 40
418.534 1 6 0 0 1 2 3 0 15 40
421.289 1 5 0 0 1 2 2 0 16 40
423.994 1 5 0 0 1 3 2 1 16 39
430.075 1 6 0 0 2 3 2 0 16 39
432.226 1 5 0 0 1 3 2 1 16 39
440.831 1 5 0 0 0 2 3 1 16 39
448.319 1 4 0 0 0 2 2 1 17 39
448.363 1 3 0 0 0 2 1 1 18 39
467.271 1 4 0 0 0 2 2 1 17 39
478.541 1 3 0 0 0 2 1 1 18 39
489.342 1 3 0 0 0 3 1 2 18 38
527.368 1 2 0 0 0 3 0 2 19 38
539.096 1 3 0 0 0 3 1 2 18 38
539.601 1 3 1 1 0 2 1 2 18 38
544.143 1 2 1 1 0 2 0 2 19 38
549.152 1 2 2 2 0 1 0 2 19 38
557.187 0 1 2 2 1 1 0 2 19 38
576.106 0 1 2 2 1 2 0 3 19 37
576.129 0 1 2 2 1 1 0 2 19 38
576.81 1 2 2 2 0 1 0 2 19 38
577.959 0 1 2 2 1 1 0 2 19 38
581.098 0 1 1 1 1 2 0 2 19 38
585.408 0 1 2 2 1 1 0 2 19 38
594.222 0 2 2 2 1 1 1 2 18 38
599.741 0 2 2 2 1 0 1 1 18 39
600.525 0 3 2 2 1 0 2 1 17 39
606.133 0 4 2 2 2 0 2 0 17 39
606.699 0 3 2 2 1 0 2 1 17 39
610.152 0 4 2 2 1 0 3 1 16 39
615.872 0 4 1 1 1 1 3 1 16 39
629.596 0 5 1 1 1 1 4 1 15 39
631.171 0 4 1 1 1 1 3 1 16 39
631.586 1 5 1 1 0 1 3 1 16 39
635.295 1 6 1 1 1 1 3 0 16 39
646.289 1 5 1 1 1 1 2 0 17 39
650.666 1 6 1 1 1 1 3 0 16 39
653.884 0 5 1 1 2 1 3 0 16 39
674.568 0 5 1 1 2 2 3 1 16 38
675.515 0 4 1 1 2 2 2 1 17 38
677.22 0 3 1 1 2 2 1 1 18 38
678.113 1 4 1 1 1 2 1 1 18 38
678.521 1 3 1 1 1 2 0 1 19 38
683.518 1 4 1 1 1 2 1 1 18 38
683.86 0 3 1 1 2 2 1 1 18 38
686.21 0 2 1 1 2 2 0 1 19 38
696.032 1 3 1 1 1 2 0 1 19 38
709.64 1 4 1 1 2 2 0 0 19 38
718.901 0 3 1 1 3 2 0 0 19 38
721.4 1 4 1 1 2 2 0 0 19 38
721.514 2 5 1 1 1 2 0 0 19 38
748.698 1 4 1 1 2 2 0 0 19 38
751.589 1 3 1 1 1 2 0 1 19 38
757.219 2 4 1 1 0 2 0 1 19 38
764.996 1 3 1 1 1 2 0 1 19 38
765.583 0 2 1 1 2 2 0 1 19 38
771.839 0 2 2 2 2 1 0 1 19 38
775.259 0 1 2 2 1 1 0 2 19 38
803.08 0 1 1 1 1 2 0 2 19 38
819.536 0 1 1 1 1 3 0 3 19 37
828.619 0 2 1 1 1 3 1 3 18 37
835.602 0 2 1 1 1 2 1 2 18 38
840.9 0 2 1 1 1 1 1 1 18 39
853.526 0 2 2 2 1 0 1 1 18 39
861.209 0 3 2 2 2 0 1 0 18 39
870.477 0 2 2 2 1 0 1 1 18 39
876.51 0 2 1 1 1 1 1 1 18 39
878.739 0 2 1 1 0 0 2 1 18 39
884.318 0 1 1 1 0 0 1 1 19 39
892.03 0 1 0 0 0 1 1 1 19 39
906.828 0 2 0 0 0 1 2 1 18 39
943.66 0 3 0 0 1 1 2 0 18 39
951.902 1 4 0 0 0 1 2 0 18 39
971.158 1 3 0 0 0 1 1 0 19 39
975.253 0 2 0 0 1 1 1 0 19 39
987.19 0 2 0 0 1 2 1 1 19 38
987.625 1 3 0 0 0 2 1 1 19 38
999.094 1 2 0 0 0 2 0 1 20 38
999.919 1 2 1 1 0 1 0 1 20 38
999.984 1 2 1 1 0 0 0 0 20 39
1020.65 0 1 1 1 1 0 0 0 20 39
1025.29 0 1 1 1 1 1 0 1 20 38
1033.55 0 1 2 2 1 0 0 1 20 38
1033.6 0 1 1 1 1 1 0 1 20 38
1036.42 0 2 1 1 1 1 1 1 19 38
1052.58 0 1 1 1 1 1 0 1 20 38
1067.77 0 0 1 1 0 1 0 2 20 38
1067.83 0 1 1 1 1 1 0 1 20 38
1069.66 0 1 1 1 0 0 1 1 20 38
1161.55 0 2 1 1 0 0 2 1 19 38
1177.88 0 1 1 1 0 0 1 1 20 38
1192.36 0 0 1 1 0 0 0 1 21 38
1193.93 0 0 1 1 0 1 0 2 21 37
1200.55 0 0 1 1 0 2 0 3 21 36
1210.9 0 1 1 1 0 2 1 3 20 36
1221.86 0 2 1 1 0 2 2 3 19 36
1222.89 0 2 0 0 0 3 2 3 19 36
1225.92 0 2 0 0 0 2 2 2 19 37
1230.55 0 2 1 1 0 1 2 2 19 37
1237.24 0 2 1 1 0 0 2 1 19 38
1255.41 0 3 1 1 0 0 3 1 18 38
1260.52 0 2 1 1 0 0 2 1 19 38
1262.43 0 2 1 1 1 1 1 1 19 38
1280.12 0 3 1 1 1 1 2 1 18 38
1283.17 0 2 1 1 1 1 1 1 19 38
1294.15 0 2 1 1 1 2 1 2 19 37
1298.4 0 3 1 1 1 2 2 2 18 37
1307.91 0 3 1 1 1 1 2 1 18 38
1312.11 0 3 1 1 2 2 1 1 18 38
1317.79 0 3 1 1 3 3 0 1 18 38
1321.48 1 4 1 1 2 3 0 1 18 38
1324.33 1 4 1 1 1 2 1 1 18 38
1327.2 0 3 1 1 2 2 1 1 18 38
1329.95 0 3 1 1 1 1 2 1 18 38
1332.66 0 3 1 1 0 0 3 1 18 38
1338.72 0 3 1 1 0 1 3 2 18 37
1340.93 0 3 0 0 0 2 3 2 18 37
1346.03 0 3 0 0 0 1 3 1 18 38
1350.22 0 3 0 0 0 0 3 0 18 39
1362.18 0 2 0 0 0 0 2 0 19 39
1367.55 0 2 0 0 1 1 1 0 19 39
1389.4 0 1 0 0 1 1 0 0 20 39
1405.1 1 2 0 0 0 1 0 0 20 39
1413.15 1 2 0 0 0 2 0 1 20 38
1445.58 0 1 0 0 1 2 0 1 20 38
1448.68 1 2 0 0 0 2 0 1 20 38
1455.5 1 2 0 0 0 1 0 0 20 39
1462.91 0 1 0 0 1 1 0 0 20 39
1480.86 1 2 0 0 0 1 0 0 20 39
1505.91 1 2 0 0 0 2 0 1 20 38
1518.92 1 3 0 0 1 2 0 0 20 38
1519.79 0 2 0 0 2 2 0 0 20 38
1520.98 0 1 0 0 1 2 0 1 20 38
1524.93 1 2 0 0 0 2 0 1 20 38
1526.02 1 2 0 0 0 3 0 2 20 37
1529.08 1 2 1 1 0 2 0 2 20 37
1534.16 1 3 1 1 1 2 0 1 20 37
1535.02 1 3 1 1 1 3 0 2 20 36
1545.06 1 3 1 1 1 2 0 1 20 37
1546.16 1 3 1 1 0 1 1 1 20 37
1551.21 1 3 2 2 0 0 1 1 20 37
1554.6 0 2 2 2 1 0 1 1 20 37
1556.36 0 1 2 2 0 0 1 2 20 37
1568.97 0 1 1 1 0 1 1 2 20 37
1573.32 0 2 1 1 1 1 1 1 20 37
1591.16 0 2 0 0 1 2 1 1 20 37
1596.94 0 2 0 0 0 1 2 1 20 37
1619.68 0 1 0 0 0 1 1 1 21 37
1635.62 0 2 0 0 1 1 1 0 21 37
1638.19 0 1 0 0 0 1 1 1 21 37
1642.12 0 2 0 0 0 1 2 1 20 37
1642.7 0 2 0 0 0 0 2 0 20 38
1661.87 0 2 0 0 0 1 2 1 20 37
1675.56 0 2 1 1 0 0 2 1 20 37
1687.16 0 1 1 1 0 0 1 1 21 37
1694.78 0 1 0 0 0 1 1 1 21 37
1699.51 0 1 1 1 0 0 1 1 21 37
1731.69 0 2 1 1 0 0 2 1 20 37
1735.16 0 2 1 1 1 1 1 1 20 37
1738.06 1 3 1 1 0 1 1 1 20 37
1752.91 1 4 1 1 1 1 1 0 20 37
1757.17 2 5 1 1 0 1 1 0 20 37
1757.81 2 4 1 1 0 1 0 0 21 37
1789.53 1 3 1 1 1 1 0 0 21 37
1796.34 1 4 1 1 1 1 1 0 20 37
1799.7 1 4 1 1 0 0 2 0 20 37
1808.59 1 3 1 1 0 0 1 0 21 37
1814.08 1 2 1 1 0 0 0 0 22 37
1834.39 1 2 1 1 0 1 0 1 22 36
1867.55 1 3 1 1 1 1 0 0 22 36
1886.7 1 4 1 1 1 1 1 0 21 36
1888.11 1 5 1 1 1 1 2 0 20 36
1897.5 1 5 1 1 1 2 2 1 20 35
1900.55 1 6 1 1 1 2 3 1 19 35
1902.42 1 6 1 1 0 1 4 1 19 35
1905.89 1 5 1 1 0 1 3 1 20 35
1919.83 1 6 1 1 0 1 4 1 19 35
1922.49 1 7 1 1 1 1 4 0 19 35
1924 1 6 1 1 1 1 3 0 20 35
1928.76 0 5 1 1 2 1 3 0 20 35
1932.6 0 5 2 2 2 0 3 0 20 35
1936.58 0 4 2 2 1 0 3 1 20 35
1940.93 0 4 2 2 1 1 3 2 20 34
1945.65 0 4 2 2 2 2 2 2 20 34
1945.83 0 3 2 2 1 2 2 3 20 34
1947.92 0 3 1 1 1 3 2 3 20 34
1954.47 0 3 1 1 1 2 2 2 20 35
1954.62 0 2 1 1 1 2 1 2 21 35
1960.34 0 2 1 1 1 1 1 1 21 36
1973.69 0 2 1 1 1 2 1 2 21 35
1976.66 1 3 1 1 0 2 1 2 21 35
1979.06 1 3 1 1 1 3 0 2 21 35
1982.74 1 3 1 1 0 2 1 2 21 35
1985.9 0 2 1 1 1 2 1 2 21 35
1988.35 0 3 1 1 2 2 1 1 21 35
1999.84 0 3 0 0 2 3 1 1 21 35
2001.17 0 2 0 0 1 3 1 2 21 35
2003.09 0 1 0 0 1 3 0 2 22 35
2008.6 0 1 0 0 0 2 1 2 22 35
2009.02 0 1 0 0 0 1 1 1 22 36
2022.7 0 2 0 0 0 1 2 1 21 36
2031.97 0 3 0 0 0 1 3 1 20 36
2032.22 0 2 0 0 0 1 2 1 21 36
2032.83 0 2 0 0 0 0 2 0 21 37
2035.26 0 1 0 0 0 0 1 0 22 37
2066.95 0 2 0 0 0 0 2 0 21 37
2071.32 0 1 0 0 0 0 1 0 22 37
2121.36 0 1 0 0 1 1 0 0 22 37
2146.14 0 2 0 0 1 1 1 0 21 37
2159.8 0 3 0 0 1 1 2 0 20 37
2162.63 0 2 0 0 0 1 2 1 20 37
2163.63 0 2 1 1 0 0 2 1 20 37
2165.82 0 3 1 1 0 0 3 1 19 37
2170.12 0 2 1 1 0 0 2 1 20 37
2175.64 0 2 1 1 1 1 1 1 20 37
2179.59 0 2 1 1 0 0 2 1 20 37
2206.58 0 1 1 1 0 0 1 1 21 37
2212.83 0 1 0 0 0 1 1 1 21 37
2223.67 0 2 0 0 0 1 2 1 20 37
2232.56 0 2 0 0 0 0 2 0 20 38
2235.27 0 3 0 0 0 0 3 0 19 38
2236.56 0 2 0 0 0 0 2 0 20 38
2239.61 0 1 0 0 0 0 1 0 21 38
2243.59 0 0 0 0 0 0 0 0 22 38
2249.9 0 1 0 0 0 0 1 0 21 38
2252.08 0 2 0 0 0 0 2 0 20 38
2261.19 0 2 0 0 0 1 2 1 20 37
2338.69 0 2 0 0 0 0 2 0 20 38
2351.1 0 2 0 0 1 1 1 0 20 38
2355.29 0 1 0 0 1 1 0 0 21 38
2383.15 1 2 0 0 0 1 0 0 21 38
2415.29 0 1 0 0 1 1 0 0 21 38
2428.37 0 1 0 0 1 2 0 1 21 37
2437.53 0 1 0 0 1 3 0 2 21 36
2440.56 0 2 0 0 2 3 0 1 21 36
2446.36 0 2 0 0 2 2 0 0 21 37
2449.57 0 1 0 0 1 2 0 1 21 37
2473.07 1 2 0 0 0 2 0 1 21 37
2489.35 1 2 0 0 0 3 0 2 21 36
2494.36 1 2 0 0 0 2 0 1 21 37
2520.12 1 2 1 1 0 1 0 1 21 37
2525.37 1 3 1 1 0 1 1 1 20 37
2536.86 1 4 1 1 0 1 2 1 19 37
2550.18 1 4 1 1 1 2 1 1 19 37
2556.55 1 4 1 1 2 3 0 1 19 37
2556.94 1 3 1 1 1 3 0 2 19 37
2566.06 1 3 0 0 1 4 0 2 19 37
2567.25 2 4 0 0 0 4 0 2 19 37
2580.03 1 3 0 0 1 4 0 2 19 37
2582.62 1 3 1 1 1 3 0 2 19 37
2600.09 1 4 1 1 2 3 0 1 19 37
2607.03 2 5 1 1 1 3 0 1 19 37
2615.26 1 4 1 1 2 3 0 1 19 37
2622.1 1 3 1 1 1 3 0 2 19 37
2629.35 1 3 2 2 1 2 0 2 19 37
2632.32 1 2 2 2 0 2 0 3 19 37
2643.08 1 2 1 1 0 3 0 3 19 37
2657.96 1 2 1 1 0 2 0 2 19 38
2658.37 1 2 1 1 0 1 0 1 19 39
2676.86 1 2 0 0 0 2 0 1 19 39
2714.78 0 1 0 0 1 2 0 1 19 39
2717.92 0 1 0 0 1 1 0 0 19 40
2736.03 1 2 0 0 0 1 0 0 19 40
2740.2 1 2 1 1 0 0 0 0 19 40
2749.19 1 2 0 0 0 1 0 0 19 40
2795.18 1 3 0 0 0 1 1 0 18 40
2809.88 1 2 0 0 0 1 0 0 19 40
2830.29 1 2 1 1 0 0 0 0 19 40
2841.9 1 3 1 1 0 0 1 0 18 40
2843.18 1 4 1 1 0 0 2 0 17 40
2852.42 1 3 1 1 0 0 1 0 18 40
2872.48 1 2 1 1 0 0 0 0 19 40
2879.18 0 1 1 1 1 0 0 0 19 40
2879.18 0 1 1 1 1 0 0 0 19 40
