0 60 120 60 60 0 0 0 0 0 0
0.0666418 59 119 60 60 1 0 0 0 0 0
0.0709658 58 118 60 60 2 0 0 0 0 0
0.0714291 57 117 60 60 3 0 0 0 0 0
0.076963 56 116 60 60 4 0 0 0 0 0
0.0791034 55 115 60 60 5 0 0 0 0 0
0.0849876 54 114 60 60 6 0 0 0 0 0
0.0851376 53 113 60 60 7 0 0 0 0 0
0.0860069 52 112 60 60 8 0 0 0 0 0
0.0974395 51 111 60 60 9 0 0 0 0 0
0.109211 51 111 59 59 9 1 0 0 0 0
0.109887 51 111 58 58 9 2 0 0 0 0
0.134256 50 110 58 58 10 2 0 0 0 0
0.162613 49 109 58 58 11 2 0 0 0 0
0.17315 48 108 58 58 12 2 0 0 0 0
0.20177 48 108 57 57 12 3 0 0 0 0
0.222239 47 107 57 57 13 3 0 0 0 0
0.223409 47 106 57 57 12 3 0 1 0 0
0.245761 47 105 57 57 11 3 0 2 0 0
0.257587 47 105 56 56 11 4 0 2 0 0
0.332854 46 104 56 56 12 4 0 2 0 0
0.34702 46 104 55 55 12 5 0 2 0 0
0.358468 45 103 55 55 13 5 0 2 0 0
0.361496 44 102 55 55 14 5 0 2 0 0
0.374909 43 101 55 55 15 5 0 2 0 0
0.387731 43 101 54 54 15 6 0 2 0 0
0.421383 42 100 54 54 16 6 0 2 0 0
0.426146 41 99 54 54 17 6 0 2 0 0
0.431554 41 98 54 54 16 6 0 3 0 0
0.451755 40 97 54 54 17 6 0 3 0 0
0.466109 39 96 54 54 18 6 0 3 0 0
0.541086 39 96 53 53 18 7 0 3 0 0
0.55095 39 95 53 53 17 7 0 4 0 0
0.559636 39 95 52 52 17 8 0 4 0 0
0.563068 38 94 52 52 18 8 0 4 0 0
0.570986 38 93 52 52 17 8 0 5 0 0
0.589732 37 92 52 52 18 8 0 5 0 0
0.603096 37 91 52 52 17 8 0 6 0 0
0.61961 36 90 52 52 18 8 0 6 0 0
0.647024 36 89 52 52 17 8 0 7 0 0
0.658578 36 89 51 51 17 9 0 7 0 0
0.66656 36 89 50 50 17 10 0 7 0 0
0.724959 35 88 50 50 18 10 0 7 0 0
0.726229 35 88 49 49 18 11 0 7 0 0
0.752083 34 87 49 49 19 11 0 7 0 0
0.753344 34 87 48 48 19 12 0 7 0 0
0.762057 34 86 48 48 18 12 0 8 0 0
0.784454 33 85 48 48 19 12 0 8 0 0
0.787029 33 84 48 48 18 12 0 9 0 0
0.787969 33 84 47 47 18 13 0 9 0 0
0.788728 33 84 46 46 18 14 0 9 0 0
0.802226 32 83 46 46 19 14 0 9 0 0
0.812696 32 83 46 46 19 13 0 8 0 1
0.85764 31 82 46 46 20 13 0 8 0 1
0.884842 30 81 46 46 21 13 0 8 0 1
0.889153 30 80 46 46 20 13 0 9 0 1
0.889374 30 80 45 45 20 14 0 9 0 1
0.906523 29 79 45 45 21 14 0 9 0 1
0.909969 29 79 44 44 21 15 0 9 0 1
0.91521 28 78 44 44 22 15 0 9 0 1
0.92619 28 77 44 44 21 15 0 10 0 1
0.931755 27 76 44 44 22 15 0 10 0 1
0.940843 26 75 44 44 23 15 0 10 0 1
0.95987 26 75 43 43 23 16 0 10 0 1
1.04858 26 75 42 42 23 17 0 10 0 1
1.08146 27 76 42 42 22 17 0 10 0 1
1.08199 27 75 42 42 21 17 0 11 0 1
1.11138 27 75 41 41 21 18 0 11 0 1
1.11818 27 75 40 40 21 19 0 11 0 1
1.13127 26 74 40 40 22 19 0 11 0 1
1.13855 26 74 39 39 22 20 0 11 0 1
1.143 26 73 39 39 21 20 0 12 0 1
1.14666 25 72 39 39 22 20 0 12 0 1
1.15341 25 71 39 39 21 20 0 13 0 1
1.16331 25 71 38 38 21 21 0 13 0 1
1.16812 24 70 38 38 22 21 0 13 0 1
1.20127 24 70 38 38 21 20 1 13 0 1
1.21742 24 70 38 38 21 19 1 12 0 2
1.22624 24 70 38 38 21 18 1 11 0 3
1.24464 24 69 38 38 20 18 1 12 0 3
1.27172 24 68 38 38 19 18 1 13 0 3
1.28069 24 68 37 37 19 19 1 13 0 3
1.29931 23 67 37 37 20 19 1 13 0 3
1.30134 22 66 37 37 21 19 1 13 0 3
1.32593 22 66 36 36 21 20 1 13 0 3
1.36083 21 65 36 36 22 20 1 13 0 3
1.36351 20 64 36 36 23 20 1 13 0 3
1.36674 20 63 36 36 22 20 1 14 0 3
1.3924 20 62 36 36 21 20 1 15 0 3
1.41382 19 61 36 36 22 20 1 15 0 3
1.46079 19 61 35 35 22 21 1 15 0 3
1.48946 19 61 34 34 22 22 1 15 0 3
1.49145 19 61 34 34 22 21 1 14 0 4
1.51668 19 60 34 34 21 21 1 15 0 4
1.51956 19 60 34 34 21 20 1 14 0 5
1.54979 19 60 33 33 21 21 1 14 0 5
1.56138 18 59 33 33 22 21 1 14 0 5
1.57633 17 58 33 33 23 21 1 14 0 5
1.64258 17 58 33 33 22 20 2 14 0 5
1.66664 17 58 33 33 21 19 3 14 0 5
1.75253 17 57 33 33 20 19 3 15 0 5
1.7638 17 57 34 34 20 18 3 15 0 5
1.76672 17 56 34 34 20 18 2 15 1 5
1.77609 17 56 33 33 20 19 2 15 1 5
1.82153 17 56 32 32 20 20 2 15 1 5
1.85069 17 56 31 31 20 21 2 15 1 5
1.87004 17 55 31 31 19 21 2 16 1 5
1.87044 17 55 31 31 18 20 3 16 1 5
1.88008 17 55 30 30 18 21 3 16 1 5
1.94497 17 54 30 30 17 21 3 17 1 5
1.98129 17 54 30 30 16 20 4 17 1 5
1.98235 16 53 30 30 17 20 4 17 1 5
1.9967 16 52 30 30 17 20 3 17 2 5
2.04381 16 51 30 30 16 20 3 18 2 5
2.11548 16 50 30 30 15 20 3 19 2 5
2.15534 16 50 29 29 15 21 3 19 2 5
2.17806 15 49 29 29 16 21 3 19 2 5
2.23785 15 49 29 29 15 20 4 19 2 5
2.25152 14 48 29 29 16 20 4 19 2 5
2.25886 13 47 29 29 17 20 4 19 2 5
2.31568 13 47 28 28 17 21 4 19 2 5
2.34613 13 47 28 28 17 20 4 18 2 6
2.43932 13 47 28 28 16 19 5 18 2 6
2.4833 13 47 28 28 16 18 5 17 2 7
2.48674 13 47 28 28 15 17 6 17 2 7
2.512 13 47 27 27 15 18 6 17 2 7
2.60764 13 46 27 27 15 18 5 17 3 7
2.65131 13 45 27 27 14 18 5 18 3 7
2.7408 13 44 27 27 13 18 5 19 3 7
2.76236 13 44 26 26 13 19 5 19 3 7
2.79629 12 43 26 26 14 19 5 19 3 7
2.82302 11 42 26 26 15 19 5 19 3 7
2.92003 11 42 26 26 15 18 5 18 3 8
2.94654 11 42 26 26 15 17 5 17 3 9
2.95485 11 42 25 25 15 18 5 17 3 9
2.96094 10 41 25 25 16 18 5 17 3 9
2.97737 10 41 24 24 16 19 5 17 3 9
2.97782 10 41 24 24 16 18 5 16 3 10
2.98456 10 41 23 23 16 19 5 16 3 10
2.99966 10 40 23 23 15 19 5 17 3 10
3.00364 10 40 22 22 15 20 5 17 3 10
3.12223 9 39 22 22 16 20 5 17 3 10
3.1276 9 38 22 22 16 20 4 17 4 10
3.13426 8 37 22 22 17 20 4 17 4 10
3.21609 8 36 22 22 17 20 3 17 5 10
3.27038 8 35 22 22 16 20 3 18 5 10
3.30357 7 34 22 22 17 20 3 18 5 10
3.3111 7 33 22 22 16 20 3 19 5 10
3.32038 7 32 22 22 16 20 2 19 6 10
3.35057 7 31 22 22 15 20 2 20 6 10
3.35372 7 30 22 22 14 20 2 21 6 10
3.3644 7 29 22 22 13 20 2 22 6 10
3.36908 7 29 22 22 13 19 2 21 6 11
3.41214 7 29 22 22 13 18 2 20 6 12
3.52856 7 29 21 21 13 19 2 20 6 12
3.56344 7 29 20 20 13 20 2 20 6 12
3.59262 7 29 20 20 13 19 2 19 6 13
3.71259 7 28 20 20 12 19 2 20 6 13
3.80755 7 28 19 19 12 20 2 20 6 13
3.83908 7 27 19 19 11 20 2 21 6 13
3.87198 6 26 19 19 12 20 2 21 6 13
3.95704 6 26 18 18 12 21 2 21 6 13
4.12834 6 26 17 17 12 22 2 21 6 13
4.39777 5 25 17 17 13 22 2 21 6 13
4.42063 5 25 17 17 13 21 2 20 6 14
4.44769 5 25 17 17 13 20 2 19 6 15
4.58487 5 24 17 17 12 20 2 20 6 15
4.66732 5 24 16 16 12 21 2 20 6 15
4.74237 5 25 16 16 13 21 2 19 6 15
5.45715 5 25 16 16 13 20 2 18 6 16
5.56399 5 24 16 16 12 20 2 19 6 16
5.57979 4 23 16 16 13 20 2 19 6 16
5.66593 4 23 15 15 13 21 2 19 6 16
5.7111 4 23 15 15 13 20 2 18 6 17
5.87036 4 23 15 15 12 19 3 18 6 17
5.98675 4 23 15 15 12 18 3 17 6 18
6.07854 4 23 15 15 12 17 3 16 6 19
6.27317 4 22 15 15 11 17 3 17 6 19
6.27437 4 22 14 14 11 18 3 17 6 19
6.33683 4 22 14 14 11 17 3 16 6 20
6.34591 4 22 14 14 10 16 4 16 6 20
6.4409 4 22 13 13 10 17 4 16 6 20
6.44801 4 22 13 13 10 16 4 15 6 21
6.59788 4 21 13 13 10 16 3 15 7 21
6.61108 4 21 13 13 9 15 4 15 7 21
6.95638 4 21 12 12 9 16 4 15 7 21
6.95881 5 22 12 12 8 16 4 15 7 21
7.14907 5 21 12 12 8 16 3 15 8 21
7.63877 5 21 12 12 8 15 3 14 8 22
7.93657 5 21 11 11 8 16 3 14 8 22
8.16457 5 20 11 11 7 16 3 15 8 22
8.46745 5 20 11 11 7 15 3 14 8 23
8.7328 5 20 11 11 6 14 4 14 8 23
8.97065 5 20 10 10 6 15 4 14 8 23
9.06625 5 20 10 10 6 14 4 13 8 24
9.07089 5 19 10 10 5 14 4 14 8 24
9.3814 5 18 10 10 5 14 3 14 9 24
9.45971 5 18 9 9 5 15 3 14 9 24
9.66839 4 17 9 9 6 15 3 14 9 24
9.78662 4 17 9 9 5 14 4 14 9 24
10.0106 4 17 9 9 5 13 4 13 9 25
10.1585 4 17 9 9 4 12 5 13 9 25
10.2752 4 17 9 9 4 11 5 12 9 26
10.3469 4 17 9 9 4 10 5 11 9 27
10.4331 5 18 9 9 3 10 5 11 9 27
10.4518 5 19 9 9 4 10 5 10 9 27
10.6755 4 18 9 9 5 10 5 10 9 27
10.7796 4 17 9 9 4 10 5 11 9 27
10.9979 4 17 10 10 4 9 5 11 9 27
11.0361 3 16 10 10 5 9 5 11 9 27
11.0872 3 16 10 10 5 8 5 10 9 28
11.2448 2 15 10 10 6 8 5 10 9 28
11.5976 2 15 9 9 6 9 5 10 9 28
12.0564 2 14 9 9 5 9 5 11 9 28
12.4244 2 14 9 9 5 8 5 10 9 29
12.43 2 13 9 9 4 8 5 11 9 29
12.7019 2 12 9 9 4 8 4 11 10 29
13.8856 2 12 8 8 4 9 4 11 10 29
14.3035 2 12 8 8 4 8 4 10 10 30
14.4084 2 12 7 7 4 9 4 10 10 30
14.5354 2 12 7 7 4 8 4 9 10 31
15.7636 2 12 6 6 4 9 4 9 10 31
15.854 2 12 6 6 4 8 4 8 10 32
15.9468 2 12 6 6 3 7 5 8 10 32
16.133 2 12 6 6 3 6 5 7 10 33
16.7415 2 11 6 6 3 6 4 7 11 33
17.1159 2 11 6 6 4 7 3 7 11 33
17.4173 2 11 6 6 4 6 3 6 11 34
18.3584 2 11 6 6 4 5 3 5 11 35
18.7598 2 10 6 6 4 5 2 5 12 35
19.1248 2 9 6 6 3 5 2 6 12 35
20.3163 1 8 6 6 4 5 2 6 12 35
22.5916 1 8 6 6 3 4 3 6 12 35
24.0742 1 7 6 6 3 4 2 6 13 35
26.4118 1 8 6 6 4 4 2 5 13 35
27.0721 2 9 6 6 3 4 2 5 13 35
27.4035 2 8 6 6 2 4 2 6 13 35
31.7925 2 7 6 6 2 4 1 6 14 35
33.1284 3 8 6 6 1 4 1 6 14 35
33.379 2 7 6 6 2 4 1 6 14 35
34.0669 2 7 5 5 2 5 1 6 14 35
34.7518 1 6 5 5 3 5 1 6 14 35
37.5267 1 6 4 4 3 6 1 6 14 35
37.5709 1 5 4 4 3 6 0 6 15 35
37.6128 1 5 4 4 3 5 0 5 15 36
37.8275 1 5 4 4 3 4 0 4 15 37
42.5115 1 5 3 3 3 5 0 4 15 37
43.1544 1 5 2 2 3 6 0 4 15 37
44.6778 1 5 3 3 3 5 0 4 15 37
45.7112 1 4 3 3 2 5 0 5 15 37
45.9793 0 3 3 3 3 5 0 5 15 37
47.9038 0 3 3 3 3 4 0 4 15 38
49.0299 0 2 3 3 2 4 0 5 15 38
54.9072 0 3 3 3 3 4 0 4 15 38
58.4782 0 4 3 3 3 4 1 4 14 38
58.662 1 5 3 3 2 4 1 4 14 38
65.6552 1 4 3 3 1 4 1 5 14 38
66.0745 1 4 2 2 1 5 1 5 14 38
67.1566 1 4 3 3 1 4 1 5 14 38
69.0497 1 4 3 3 1 3 1 4 14 39
72.2712 1 4 3 3 0 2 2 4 14 39
78.5117 1 3 3 3 0 2 1 4 15 39
82.2914 1 4 3 3 1 2 1 3 15 39
84.6238 1 4 4 4 1 1 1 3 15 39
85.6713 0 3 4 4 2 1 1 3 15 39
89.833 0 2 4 4 1 1 1 4 15 39
99.4675 0 2 4 4 1 0 1 3 15 40
108.229 0 1 4 4 0 0 1 4 15 40
108.463 0 1 3 3 0 1 1 4 15 40
111.761 0 1 2 2 0 2 1 4 15 40
124.254 0 1 2 2 0 1 1 3 15 41
125.314 0 1 1 1 0 2 1 3 15 41
125.836 0 2 1 1 1 2 1 2 15 41
134.528 1 3 1 1 0 2 1 2 15 41
139.453 1 3 2 2 0 1 1 2 15 41
154.888 1 4 2 2 1 1 1 1 15 41
154.988 1 4 1 1 1 2 1 1 15 41
163.936 1 3 1 1 1 2 0 1 16 41
179.153 1 3 2 2 1 1 0 1 16 41
192.194 1 4 2 2 1 1 1 1 15 41
193.843 1 3 2 2 1 1 0 1 16 41
199.822 1 4 2 2 1 1 1 1 15 41
216.523 1 3 2 2 0 1 1 2 15 41
221.85 0 2 2 2 1 1 1 2 15 41
223.252 0 2 1 1 1 2 1 2 15 41
235.557 0 3 1 1 2 2 1 1 15 41
238.941 0 3 0 0 2 3 1 1 15 41
251.262 0 2 0 0 1 3 1 2 15 41
252.965 0 2 0 0 1 2 1 1 15 42
253.003 0 1 0 0 0 2 1 2 15 42
293.781 0 1 0 0 0 1 1 1 15 43
344.908 0 0 0 0 0 1 0 1 16 43
365.301 0 0 1 1 0 0 0 1 16 43
390.612 0 1 1 1 1 0 0 0 16 43
391.901 1 2 1 1 0 0 0 0 16 43
416.091 1 3 1 1 0 0 1 0 15 43
416.523 1 4 1 1 0 0 2 0 14 43
422.541 0 3 1 1 1 0 2 0 14 43
431.376 0 3 1 1 1 1 2 1 14 42
461.183 0 2 1 1 1 1 1 1 15 42
461.248 0 1 1 1 1 1 0 1 16 42
488.964 1 2 1 1 0 1 0 1 16 42
513.308 0 1 1 1 1 1 0 1 16 42
513.756 0 1 1 1 1 2 0 2 16 41
519.134 0 1 1 1 1 3 0 3 16 40
528.327 0 1 1 1 1 2 0 2 16 41
548.669 0 1 1 1 1 1 0 1 16 42
556.456 1 2 1 1 0 1 0 1 16 42
567.602 1 2 1 1 0 2 0 2 16 41
567.965 1 2 1 1 0 1 0 1 16 42
580.516 1 2 0 0 0 2 0 1 16 42
616.32 1 2 0 0 0 1 0 0 16 43
673.168 1 3 0 0 0 1 1 0 15 43
685.004 1 2 0 0 0 1 0 0 16 43
701.045 1 2 1 1 0 0 0 0 16 43
712.519 1 2 0 0 0 1 0 0 16 43
724.995 1 3 0 0 0 1 1 0 15 43
725.065 1 4 0 0 0 1 2 0 14 43
726.258 1 4 0 0 0 2 2 1 14 42
728.59 1 3 0 0 0 2 1 1 15 42
729.408 1 4 0 0 1 2 1 0 15 42
730.294 1 4 0 0 1 3 1 1 15 41
742.101 1 3 0 0 1 3 0 1 16 41
747.353 2 4 0 0 0 3 0 1 16 41
756.848 1 3 0 0 1 3 0 1 16 41
757.114 1 3 1 1 1 2 0 1 16 41
759.537 0 2 1 1 2 2 0 1 16 41
774.576 0 2 2 2 2 1 0 1 16 41
778.346 1 3 2 2 1 1 0 1 16 41
788.83 0 2 2 2 2 1 0 1 16 41
789.436 0 3 2 2 2 1 1 1 15 41
792.68 0 2 2 2 1 1 1 2 15 41
796.993 1 3 2 2 0 1 1 2 15 41
806.83 1 2 2 2 0 1 0 2 16 41
813.43 1 2 2 2 0 2 0 3 16 40
815.319 1 2 2 2 0 1 0 2 16 41
817.221 1 2 3 3 0 0 0 2 16 41
824.943 1 3 3 3 1 0 0 1 16 41
858.21 1 4 3 3 1 0 1 1 15 41
861.954 1 4 2 2 1 1 1 1 15 41
869.572 1 3 2 2 1 1 0 1 16 41
869.681 1 3 2 2 1 2 0 2 16 40
873.905 0 2 2 2 2 2 0 2 16 40
875.379 0 2 1 1 2 3 0 2 16 40
877.921 0 2 1 1 2 4 0 3 16 39
886.703 0 2 1 1 2 3 0 2 16 40
887.74 1 3 1 1 1 3 0 2 16 40
887.861 1 2 1 1 0 3 0 3 16 40
899.327 1 2 1 1 0 2 0 2 16 41
902.405 1 3 1 1 0 2 1 2 15 41
914.649 1 3 1 1 0 1 1 1 15 42
942.696 1 3 1 1 0 2 1 2 15 41
960.264 1 3 1 1 0 1 1 1 15 42
961.258 0 2 1 1 1 1 1 1 15 42
972.626 0 1 1 1 0 1 1 2 15 42
984.792 0 2 1 1 0 1 2 2 14 42
986.88 0 2 1 1 0 0 2 1 14 43
996.81 0 1 1 1 0 0 1 1 15 43
1013.65 0 0 1 1 0 0 0 1 16 43
1047.14 0 0 0 0 0 1 0 1 16 43
1083.18 0 1 0 0 0 1 1 1 15 43
1095.31 0 1 0 0 0 2 1 2 15 42
1095.63 0 1 1 1 0 1 1 2 15 42
1109.98 0 0 1 1 0 1 0 2 16 42
1114.87 0 0 0 0 0 2 0 2 16 42
1117.83 0 0 0 0 0 3 0 3 16 41
1122.81 0 1 0 0 1 3 0 2 16 41
1123.61 1 2 0 0 0 3 0 2 16 41
1133.73 1 3 0 0 1 3 0 1 16 41
1136.27 2 4 0 0 0 3 0 1 16 41
1149.72 1 3 0 0 1 3 0 1 16 41
1164.17 1 3 0 0 1 4 0 2 16 40
1168.34 1 3 0 0 1 3 0 1 16 41
1178.13 1 4 0 0 1 3 1 1 15 41
1179.21 1 3 0 0 0 3 1 2 15 41
1180.21 1 3 0 0 0 4 1 3 15 40
1181 1 3 0 0 0 3 1 2 15 41
1181.15 1 4 0 0 1 3 1 1 15 41
1182.05 1 3 0 0 1 3 0 1 16 41
1182.45 2 4 0 0 0 3 0 1 16 41
1190.86 2 4 1 1 0 2 0 1 16 41
1197.46 2 5 1 1 0 2 1 1 15 41
1200.74 1 4 1 1 1 2 1 1 15 41
1205.61 1 5 1 1 1 2 2 1 14 41
1214.67 0 4 1 1 2 2 2 1 14 41
1218.22 0 3 1 1 2 2 1 1 15 41
1229 0 3 1 1 2 1 1 0 15 42
1238.75 0 2 1 1 1 1 1 1 15 42
1259.26 1 3 1 1 0 1 1 1 15 42
1269.11 1 3 1 1 0 2 1 2 15 41
1269.54 1 2 1 1 0 2 0 2 16 41
1270.51 1 3 1 1 1 2 0 1 16 41
1274.33 1 4 1 1 2 2 0 0 16 41
1277.08 1 3 1 1 1 2 0 1 16 41
1289.74 1 3 1 1 1 1 0 0 16 42
1290.11 1 2 1 1 0 1 0 1 16 42
1310.36 1 2 1 1 0 0 0 0 16 43
1337.2 1 2 1 1 0 1 0 1 16 42
1342.2 1 3 1 1 1 1 0 0 16 42
1346.54 1 4 1 1 1 1 1 0 15 42
1348.18 0 3 1 1 2 1 1 0 15 42
1364.66 0 4 1 1 2 1 2 0 14 42
1367.36 0 3 1 1 2 1 1 0 15 42
1372.93 1 4 1 1 1 1 1 0 15 42
1374.72 1 4 2 2 1 0 1 0 15 42
1378.03 1 3 2 2 0 0 1 1 15 42
1410.54 1 2 2 2 0 0 0 1 16 42
1419.97 1 3 2 2 0 0 1 1 15 42
1429.13 0 2 2 2 1 0 1 1 15 42
1460.42 1 3 2 2 0 0 1 1 15 42
1464.77 1 3 2 2 0 1 1 2 15 41
1490.07 1 4 2 2 1 1 1 1 15 41
1495.11 1 4 2 2 0 0 2 1 15 41
1497.61 0 3 2 2 1 0 2 1 15 41
1518.51 0 2 2 2 1 0 1 1 16 41
1519.31 0 3 2 2 2 0 1 0 16 41
1525.76 0 3 1 1 2 1 1 0 16 41
1527.82 0 3 1 1 2 2 1 1 16 40
1533.72 0 3 1 1 1 1 2 1 16 40
1536.73 0 3 1 1 0 0 3 1 16 40
1536.99 0 2 1 1 0 0 2 1 17 40
1540.12 0 2 0 0 0 1 2 1 17 40
1543.9 0 1 0 0 0 1 1 1 18 40
1552.27 0 0 0 0 0 1 0 1 19 40
1573 0 1 0 0 1 1 0 0 19 40
1580.06 0 1 0 0 1 2 0 1 19 39
1584.46 0 1 1 1 1 1 0 1 19 39
1586 0 1 0 0 1 2 0 1 19 39
1631.65 0 1 1 1 1 1 0 1 19 39
1655.25 0 1 0 0 1 2 0 1 19 39
1656.6 0 1 0 0 0 1 1 1 19 39
1658.73 0 1 0 0 0 0 1 0 19 40
1748.36 0 2 0 0 0 0 2 0 18 40
1775.26 0 1 0 0 0 0 1 0 19 40
1782.41 0 1 0 0 0 1 1 1 19 39
1796.27 0 2 0 0 1 1 1 0 19 39
1826.02 0 1 0 0 1 1 0 0 20 39
1830.52 0 2 0 0 1 1 1 0 19 39
1838.13 0 1 0 0 0 1 1 1 19 39
1839.76 0 1 0 0 0 2 1 2 19 38
1882.46 0 1 0 0 1 3 0 2 19 38
1883.24 0 1 1 1 1 2 0 2 19 38
1894.46 0 2 1 1 1 2 1 2 18 38
1896.86 0 1 1 1 0 2 1 3 18 38
1905.76 0 2 1 1 1 2 1 2 18 38
1913.65 0 1 1 1 1 2 0 2 19 38
1914.75 0 0 1 1 0 2 0 3 19 38
1921.71 0 1 1 1 1 2 0 2 19 38
1923.49 0 1 2 2 1 1 0 2 19 38
1933.87 1 2 2 2 0 1 0 2 19 38
1940.63 1 3 2 2 0 1 1 2 18 38
1948.61 1 3 2 2 0 0 1 1 18 39
1949.06 0 2 2 2 1 0 1 1 18 39
1958.2 0 1 2 2 0 0 1 2 18 39
1968.08 0 1 1 1 0 1 1 2 18 39
1980.6 0 1 1 1 1 2 0 2 18 39
1982.06 0 1 1 1 1 1 0 1 18 40
2006.71 0 1 0 0 1 2 0 1 18 40
2054.7 0 2 0 0 2 2 0 0 18 40
2064.51 0 1 0 0 1 2 0 1 18 40
2069.18 0 1 1 1 1 1 0 1 18 40
2076.9 1 2 1 1 0 1 0 1 18 40
2080.97 1 2 1 1 0 2 0 2 18 39
2089.38 1 2 2 2 0 1 0 2 18 39
2094.22 1 3 2 2 0 1 1 2 17 39
2109.44 0 2 2 2 1 1 1 2 17 39
2115.73 0 2 2 2 1 0 1 1 17 40
2119.86 0 1 2 2 1 0 0 1 18 40
2127.36 0 1 2 2 1 1 0 2 18 39
2129.01 0 1 2 2 1 2 0 3 18 38
2136.39 0 1 2 2 0 1 1 3 18 38
2143.29 0 1 1 1 0 2 1 3 18 38
2150.08 0 1 2 2 0 1 1 3 18 38
2165.99 0 1 2 2 0 0 1 2 18 39
2178.44 0 0 2 2 0 0 0 2 19 39
2182.5 0 0 2 2 0 1 0 3 19 38
2219.85 0 0 2 2 0 0 0 2 19 39
2230.19 0 1 2 2 1 0 0 1 19 39
2247.74 0 1 2 2 1 1 0 2 19 38
2256.94 0 2 2 2 2 1 0 1 19 38
2260.78 0 1 2 2 1 1 0 2 19 38
2261.73 0 1 2 2 1 2 0 3 19 37
2262.44 0 1 2 2 1 1 0 2 19 38
2272.23 0 1 2 2 1 0 0 1 19 39
2279.77 0 1 1 1 1 1 0 1 19 39
2291.12 0 2 1 1 2 1 0 0 19 39
2302.35 0 3 1 1 2 1 1 0 18 39
2303.16 1 4 1 1 1 1 1 0 18 39
2309.87 0 3 1 1 2 1 1 0 18 39
2323.86 1 4 1 1 1 1 1 0 18 39
2328.93 1 5 1 1 1 1 2 0 17 39
2330.51 1 4 1 1 1 1 1 0 18 39
2343.82 1 4 0 0 1 2 1 0 18 39
2352.54 1 3 0 0 1 2 0 0 19 39
2375.4 2 4 0 0 0 2 0 0 19 39
2393.86 2 4 1 1 0 1 0 0 19 39
2445.65 1 3 1 1 1 1 0 0 19 39
2450.79 1 4 1 1 1 1 1 0 18 39
2454.43 1 5 1 1 1 1 2 0 17 39
2460.29 0 4 1 1 2 1 2 0 17 39
2460.35 1 5 1 1 1 1 2 0 17 39
2460.9 1 4 1 1 1 1 1 0 18 39
2465.85 2 5 1 1 0 1 1 0 18 39
2466.1 2 5 1 1 1 2 0 0 18 39
2467.3 1 4 1 1 2 2 0 0 18 39
2470.3 1 4 1 1 1 1 1 0 18 39
2470.61 1 4 1 1 0 0 2 0 18 39
2472.87 0 3 1 1 1 0 2 0 18 39
2478.98 0 3 0 0 1 1 2 0 18 39
2485.44 1 4 0 0 0 1 2 0 18 39
2489.8 1 3 0 0 0 1 1 0 19 39
2510.39 1 3 1 1 0 0 1 0 19 39
2515.56 1 4 1 1 0 0 2 0 18 39
2521.56 1 4 0 0 0 1 2 0 18 39
2524.8 1 4 1 1 0 0 2 0 18 39
2533.27 1 3 1 1 0 0 1 0 19 39
2544.15 0 2 1 1 1 0 1 0 19 39
2545.16 0 2 1 1 1 1 1 1 19 38
2588.81 0 3 1 1 2 1 1 0 19 38
2590.76 0 3 2 2 2 0 1 0 19 38
2590.95 0 2 2 2 2 0 0 0 20 38
2612.59 0 2 2 2 2 1 0 1 20 37
2615.96 0 3 2 2 2 1 1 1 19 37
2637.82 0 3 1 1 2 2 1 1 19 37
2638.69 0 2 1 1 1 2 1 2 19 37
2641.49 0 2 1 1 1 1 1 1 19 38
2665.29 0 3 1 1 2 1 1 0 19 38
2697.66 1 4 1 1 1 1 1 0 19 38
2700.73 1 3 1 1 1 1 0 0 20 38
2700.87 1 3 1 1 0 0 1 0 20 38
2718.98 1 3 0 0 0 1 1 0 20 38
2719.64 1 3 0 0 1 2 0 0 20 38
2724.76 1 4 0 0 1 2 1 0 19 38
2728.3 1 3 0 0 0 2 1 1 19 38
2730.82 1 2 0 0 0 2 0 1 20 38
2743.08 1 3 0 0 0 2 1 1 19 38
2747.29 1 3 0 0 0 1 1 0 19 39
2752.73 0 2 0 0 1 1 1 0 19 39
2766.43 0 2 1 1 1 0 1 0 19 39
2781.09 0 1 1 1 1 0 0 0 20 39
2817.72 0 1 1 1 1 1 0 1 20 38
2824.21 0 0 1 1 0 1 0 2 20 38
2827.34 0 1 1 1 0 1 1 2 19 38
2828.1 0 1 2 2 0 0 1 2 19 38
2863.23 0 1 2 2 0 1 1 3 19 37
2865.92 0 0 2 2 0 1 0 3 20 37
2878.22 0 1 2 2 1 1 0 2 20 37
2878.49 0 2 2 2 2 1 0 1 20 37
2882.5 1 3 2 2 1 1 0 1 20 37
2888.96 1 3 1 1 1 2 0 1 20 37
2890.04 1 4 1 1 1 2 1 1 19 37
2909.17 1 3 1 1 0 2 1 2 19 37
2918.9 1 3 2 2 0 1 1 2 19 37
2921.31 1 3 2 2 0 0 1 1 19 38
2930.96 0 2 2 2 1 0 1 1 19 38
2934.12 0 1 2 2 0 0 1 2 19 38
2934.42 0 1 1 1 0 1 1 2 19 38
2939.14 0 2 1 1 1 1 1 1 19 38
2940.59 0 2 2 2 1 0 1 1 19 38
2955.05 0 3 2 2 2 0 1 0 19 38
2959.05 0 4 2 2 2 0 2 0 18 38
2966.74 1 5 2 2 1 0 2 0 18 38
2969.12 1 5 1 1 1 1 2 0 18 38
2971.37 0 4 1 1 2 1 2 0 18 38
2973.03 0 4 0 0 2 2 2 0 18 38
2976.86 0 3 0 0 1 2 2 1 18 38
2978.21 0 2 0 0 0 2 2 2 18 38
2978.21 0 2 0 0 0 2 2 2 18 38
