0 60 120 60 60 0 0 0 0 0 0
0.00294537 60 120 59 59 0 1 0 0 0 0
0.00908852 60 120 58 58 0 2 0 0 0 0
0.0140803 60 120 57 57 0 3 0 0 0 0
0.0360599 60 120 56 56 0 4 0 0 0 0
0.0382782 60 120 55 55 0 5 0 0 0 0
0.0471578 59 119 55 55 1 5 0 0 0 0
0.0513901 58 118 55 55 2 5 0 0 0 0
0.0556165 58 118 54 54 2 6 0 0 0 0
0.157908 57 117 54 54 3 6 0 0 0 0
0.161771 56 116 54 54 4 6 0 0 0 0
0.193583 55 115 54 54 5 6 0 0 0 0
0.207286 54 114 54 54 6 6 0 0 0 0
0.213183 54 114 53 53 6 7 0 0 0 0
0.213547 53 113 53 53 7 7 0 0 0 0
0.215762 52 112 53 53 8 7 0 0 0 0
0.223415 52 112 52 52 8 8 0 0 0 0
0.233133 51 111 52 52 9 8 0 0 0 0
0.245265 50 110 52 52 10 8 0 0 0 0
0.245523 50 110 51 51 10 9 0 0 0 0
0.273934 50 110 50 50 10 10 0 0 0 0
0.290803 50 110 49 49 10 11 0 0 0 0
0.291442 49 109 49 49 11 11 0 0 0 0
0.30847 49 109 48 48 11 12 0 0 0 0
0.308945 48 108 48 48 12 12 0 0 0 0
0.353194 48 108 47 47 12 13 0 0 0 0
0.362977 47 107 47 47 13 13 0 0 0 0
0.391336 47 106 47 47 12 13 0 1 0 0
0.415501 47 106 46 46 12 14 0 1 0 0
0.420057 46 105 46 46 13 14 0 1 0 0
0.436637 46 105 45 45 13 15 0 1 0 0
0.442255 46 104 45 45 12 15 0 2 0 0
0.46492 45 103 45 45 13 15 0 2 0 0
0.496583 45 103 44 44 13 16 0 2 0 0
0.511638 44 102 44 44 14 16 0 2 0 0
0.531434 43 101 44 44 15 16 0 2 0 0
0.532078 43 101 43 43 15 17 0 2 0 0
0.558321 43 100 43 43 14 17 0 3 0 0
0.564791 42 99 43 43 15 17 0 3 0 0
0.57357 42 99 42 42 15 18 0 3 0 0
0.575918 42 99 41 41 15 19 0 3 0 0
0.593113 41 98 41 41 16 19 0 3 0 0
0.596579 41 98 40 40 16 20 0 3 0 0
0.617466 40 97 40 40 17 20 0 3 0 0
0.635623 39 96 40 40 18 20 0 3 0 0
0.661854 39 96 40 40 17 19 1 3 0 0
0.668857 39 95 40 40 16 19 1 4 0 0
0.676027 39 94 40 40 15 19 1 5 0 0
0.709466 39 93 40 40 14 19 1 6 0 0
0.718269 39 93 39 39 14 20 1 6 0 0
0.718745 39 92 39 39 13 20 1 7 0 0
0.75692 39 91 39 39 12 20 1 8 0 0
0.767634 38 90 39 39 13 20 1 8 0 0
0.770745 37 89 39 39 14 20 1 8 0 0
0.772374 36 88 39 39 15 20 1 8 0 0
0.77332 36 87 39 39 14 20 1 9 0 0
0.815367 35 86 39 39 15 20 1 9 0 0
0.848678 35 86 39 39 15 19 1 8 0 1
0.851015 35 86 38 38 15 20 1 8 0 1
0.937173 34 85 38 38 16 20 1 8 0 1
0.947937 33 84 38 38 17 20 1 8 0 1
1.04383 32 83 38 38 18 20 1 8 0 1
1.07769 32 83 38 38 17 19 2 8 0 1
1.10891 31 82 38 38 18 19 2 8 0 1
1.12293 31 81 38 38 17 19 2 9 0 1
1.12301 31 81 37 37 17 20 2 9 0 1
1.12676 30 80 37 37 18 20 2 9 0 1
1.14525 30 80 36 36 18 21 2 9 0 1
1.16055 29 79 36 36 19 21 2 9 0 1
1.1677 29 79 35 35 19 22 2 9 0 1
1.17328 29 78 35 35 19 22 1 9 1 1
1.20703 29 77 35 35 18 22 1 10 1 1
1.28601 29 77 34 34 18 23 1 10 1 1
1.28845 29 77 34 34 18 22 1 9 1 2
1.40023 29 76 34 34 17 22 1 10 1 2
1.44019 29 76 33 33 17 23 1 10 1 2
1.48336 28 75 33 33 18 23 1 10 1 2
1.48512 28 75 32 32 18 24 1 10 1 2
1.48696 27 74 32 32 19 24 1 10 1 2
1.49222 27 74 31 31 19 25 1 10 1 2
1.55952 27 73 31 31 18 25 1 11 1 2
1.55967 27 73 31 31 18 24 1 10 1 3
1.56051 27 73 30 30 18 25 1 10 1 3
1.58735 27 73 29 29 18 26 1 10 1 3
1.59466 26 72 29 29 19 26 1 10 1 3
1.59612 26 72 28 28 19 27 1 10 1 3
1.60152 25 71 28 28 20 27 1 10 1 3
1.62127 25 70 28 28 19 27 1 11 1 3
1.63268 25 70 27 27 19 28 1 11 1 3
1.63872 25 69 27 27 18 28 1 12 1 3
1.67118 24 68 27 27 19 28 1 12 1 3
1.70574 24 68 27 27 18 27 2 12 1 3
1.7465 23 67 27 27 19 27 2 12 1 3
1.74777 22 66 27 27 20 27 2 12 1 3
1.77286 22 65 27 27 19 27 2 13 1 3
1.78529 22 65 27 27 18 26 3 13 1 3
1.80165 22 64 27 27 17 26 3 14 1 3
1.82664 22 64 27 27 16 25 4 14 1 3
1.89603 22 63 27 27 15 25 4 15 1 3
1.9863 22 63 27 27 15 24 4 14 1 4
1.98675 21 62 27 27 16 24 4 14 1 4
2.01331 21 61 27 27 15 24 4 15 1 4
2.066 21 61 27 27 15 23 4 14 1 5
2.07946 21 61 27 27 15 22 4 13 1 6
2.11423 21 61 26 26 15 23 4 13 1 6
2.13299 21 60 26 26 14 23 4 14 1 6
2.15624 21 60 26 26 14 22 4 13 1 7
2.20611 21 59 26 26 13 22 4 14 1 7
2.27256 20 58 26 26 14 22 4 14 1 7
2.45045 20 57 26 26 14 22 3 14 2 7
2.61663 20 56 26 26 13 22 3 15 2 7
2.69152 20 56 26 26 12 21 4 15 2 7
2.73456 20 55 26 26 12 21 3 15 3 7
2.80603 20 55 25 25 12 22 3 15 3 7
2.83701 19 54 25 25 13 22 3 15 3 7
2.87897 19 54 24 24 13 23 3 15 3 7
2.93442 19 53 24 24 12 23 3 16 3 7
2.98974 19 53 23 23 12 24 3 16 3 7
2.99843 19 53 24 24 12 23 3 16 3 7
3.03741 18 52 24 24 13 23 3 16 3 7
3.06982 17 51 24 24 14 23 3 16 3 7
3.07224 16 50 24 24 15 23 3 16 3 7
3.07444 15 49 24 24 16 23 3 16 3 7
3.08233 14 48 24 24 17 23 3 16 3 7
3.11915 14 48 24 24 17 22 3 15 3 8
3.13147 14 48 24 24 16 21 4 15 3 8
3.16098 14 48 24 24 16 20 4 14 3 9
3.27851 14 48 24 24 16 19 4 13 3 10
3.3063 14 48 23 23 16 20 4 13 3 10
3.3536 13 47 23 23 17 20 4 13 3 10
3.38396 13 46 23 23 16 20 4 14 3 10
3.41526 13 45 23 23 15 20 4 15 3 10
3.43977 13 45 23 23 15 19 4 14 3 11
3.49662 13 45 23 23 14 18 5 14 3 11
3.50668 13 44 23 23 13 18 5 15 3 11
3.52903 13 44 22 22 13 19 5 15 3 11
3.5413 13 43 22 22 13 19 4 15 4 11
3.60176 13 42 22 22 12 19 4 16 4 11
3.6118 12 41 22 22 13 19 4 16 4 11
3.6182 12 41 21 21 13 20 4 16 4 11
3.78975 12 40 21 21 12 20 4 17 4 11
3.80578 12 39 21 21 11 20 4 18 4 11
3.83781 12 39 21 21 11 19 4 17 4 12
3.88254 11 38 21 21 12 19 4 17 4 12
4.00738 11 38 21 21 12 18 4 16 4 13
4.10072 11 37 21 21 11 18 4 17 4 13
4.12729 11 37 21 21 11 17 4 16 4 14
4.17105 11 37 20 20 11 18 4 16 4 14
4.20172 11 37 20 20 11 17 4 15 4 15
4.2199 11 37 20 20 10 16 5 15 4 15
4.24887 11 37 20 20 9 15 6 15 4 15
4.26414 11 37 20 20 8 14 7 15 4 15
4.45676 10 36 20 20 9 14 7 15 4 15
4.56642 10 36 20 20 9 13 7 14 4 16
4.64353 9 35 20 20 10 13 7 14 4 16
4.76137 9 35 20 20 9 12 8 14 4 16
4.77676 8 34 20 20 10 12 8 14 4 16
5.01022 8 34 20 20 9 11 9 14 4 16
5.01995 8 33 20 20 9 11 8 14 5 16
5.06078 7 32 20 20 10 11 8 14 5 16
5.12671 7 32 20 20 10 10 8 13 5 17
5.15217 7 32 19 19 10 11 8 13 5 17
5.1846 7 32 18 18 10 12 8 13 5 17
5.2508 7 32 17 17 10 13 8 13 5 17
5.39811 7 32 16 16 10 14 8 13 5 17
5.41191 7 32 16 16 10 13 8 12 5 18
5.44016 7 31 16 16 9 13 8 13 5 18
5.53496 7 31 16 16 9 12 8 12 5 19
5.54865 7 30 16 16 8 12 8 13 5 19
5.57538 7 30 15 15 8 13 8 13 5 19
5.59703 6 29 15 15 9 13 8 13 5 19
5.63215 6 28 15 15 8 13 8 14 5 19
5.97047 6 28 15 15 8 12 8 13 5 20
6.23975 7 29 15 15 7 12 8 13 5 20
6.35564 7 28 15 15 6 12 8 14 5 20
6.96574 7 28 15 15 6 11 8 13 5 21
7.02114 7 27 15 15 5 11 8 14 5 21
7.40931 7 27 14 14 5 12 8 14 5 21
7.74245 7 26 14 14 5 12 7 14 6 21
7.78547 7 26 13 13 5 13 7 14 6 21
7.80812 7 25 13 13 5 13 6 14 7 21
8.03869 7 24 13 13 5 13 5 14 8 21
8.22858 7 23 13 13 4 13 5 15 8 21
8.35802 6 22 13 13 5 13 5 15 8 21
8.56473 6 22 12 12 5 14 5 15 8 21
8.69461 5 21 12 12 6 14 5 15 8 21
8.90837 5 21 11 11 6 15 5 15 8 21
8.95059 5 21 11 11 5 14 6 15 8 21
10.0706 5 21 11 11 5 13 6 14 8 22
10.2968 5 20 11 11 5 13 5 14 9 22
10.3826 5 20 10 10 5 14 5 14 9 22
10.6422 5 20 10 10 4 13 6 14 9 22
11.1673 5 20 10 10 3 12 7 14 9 22
11.2537 5 20 9 9 3 13 7 14 9 22
11.2796 5 19 9 9 3 13 6 14 10 22
11.4472 5 19 9 9 3 12 6 13 10 23
12.3777 5 19 9 9 3 11 6 12 10 24
12.6387 5 19 9 9 2 10 7 12 10 24
12.9362 5 19 9 9 2 9 7 11 10 25
13.1218 5 18 9 9 2 9 6 11 11 25
13.9422 5 19 9 9 3 9 6 10 11 25
14.0291 5 19 8 8 3 10 6 10 11 25
14.5213 5 18 8 8 3 10 5 10 12 25
14.6341 4 17 8 8 4 10 5 10 12 25
14.9089 4 18 8 8 5 10 5 9 12 25
15.0732 3 17 8 8 6 10 5 9 12 25
15.434 3 17 8 8 6 9 5 8 12 26
15.7573 3 17 8 8 5 8 6 8 12 26
16.3673 2 16 8 8 6 8 6 8 12 26
16.5752 1 15 8 8 7 8 6 8 12 26
16.8595 0 14 8 8 8 8 6 8 12 26
16.9443 0 13 8 8 8 8 5 8 13 26
17.0723 0 13 7 7 8 9 5 8 13 26
17.167 0 13 6 6 8 10 5 8 13 26
17.1881 0 12 6 6 8 10 4 8 14 26
17.3589 0 12 5 5 8 11 4 8 14 26
17.8704 0 11 5 5 8 11 3 8 15 26
18.2828 0 10 5 5 7 11 3 9 15 26
18.3378 0 10 4 4 7 12 3 9 15 26
18.5474 0 9 4 4 7 12 2 9 16 26
20.2953 0 9 4 4 6 11 3 9 16 26
20.8214 0 8 4 4 6 11 2 9 17 26
20.8304 0 8 4 4 6 10 2 8 17 27
21.0571 0 8 4 4 5 9 3 8 17 27
21.2907 0 8 4 4 4 8 4 8 17 27
22.5096 0 8 4 4 3 7 5 8 17 27
23.7503 0 9 4 4 3 7 6 8 16 27
24.1693 0 9 5 5 3 6 6 8 16 27
26.0552 0 8 5 5 3 6 5 8 17 27
26.1302 0 8 4 4 3 7 5 8 17 27
26.5339 0 8 4 4 3 6 5 7 17 28
30.2807 1 9 4 4 2 6 5 7 17 28
30.3647 1 8 4 4 2 6 4 7 18 28
31.6282 1 8 4 4 2 5 4 6 18 29
32.5848 2 9 4 4 1 5 4 6 18 29
35.5166 2 8 4 4 1 5 3 6 19 29
41.7598 2 7 4 4 1 5 2 6 20 29
42.1995 2 8 4 4 2 5 2 5 20 29
45.6853 2 7 4 4 2 5 1 5 21 29
48.5132 2 7 4 4 2 4 1 4 21 30
49.3781 2 7 3 3 2 5 1 4 21 30
49.6565 2 7 3 3 2 4 1 3 21 31
52.3253 2 7 3 3 1 3 2 3 21 31
53.2168 2 7 2 2 1 4 2 3 21 31
53.9897 2 6 2 2 0 4 2 4 21 31
56.9142 2 6 1 1 0 5 2 4 21 31
62.5578 2 5 1 1 0 5 1 4 22 31
69.0384 2 5 1 1 0 6 1 5 22 30
69.9338 2 5 1 1 0 5 1 4 22 31
70.6527 1 4 1 1 1 5 1 4 22 31
74.8389 1 4 2 2 1 4 1 4 22 31
76.8679 1 4 2 2 0 3 2 4 22 31
82.1843 1 4 1 1 0 4 2 4 22 31
87.6022 1 3 1 1 0 4 1 4 23 31
89.7825 1 3 1 1 0 3 1 3 23 32
89.8551 1 3 0 0 0 4 1 3 23 32
92.3432 1 4 0 0 0 4 2 3 22 32
92.8438 1 4 0 0 1 5 1 3 22 32
97.7171 1 4 0 0 1 4 1 2 22 33
107.393 1 5 0 0 1 4 2 2 21 33
116.112 1 4 0 0 1 4 1 2 22 33
123.884 1 4 0 0 0 3 2 2 22 33
125.853 1 3 0 0 0 3 1 2 23 33
138.772 1 3 0 0 0 2 1 1 23 34
143.947 1 4 0 0 1 2 1 0 23 34
149.965 1 4 1 1 1 1 1 0 23 34
152.139 1 5 1 1 1 1 2 0 22 34
152.392 1 6 1 1 1 1 3 0 21 34
163.913 0 5 1 1 2 1 3 0 21 34
170.248 0 4 1 1 1 1 3 1 21 34
174.395 0 3 1 1 1 1 2 1 22 34
176.6 0 3 0 0 1 2 2 1 22 34
176.718 1 4 0 0 0 2 2 1 22 34
178.12 0 3 0 0 1 2 2 1 22 34
191.765 0 4 0 0 1 2 3 1 21 34
206.726 0 3 0 0 1 2 2 1 22 34
215.271 0 2 0 0 1 2 1 1 23 34
224.653 0 3 0 0 2 2 1 0 23 34
230.417 0 2 0 0 1 2 1 1 23 34
241.758 0 2 0 0 1 3 1 2 23 33
247.939 0 2 1 1 1 2 1 2 23 33
250.23 0 2 1 1 0 1 2 2 23 33
257.019 0 3 1 1 0 1 3 2 22 33
257.224 0 3 1 1 0 0 3 1 22 34
259.413 0 2 1 1 0 0 2 1 23 34
288.287 0 1 1 1 0 0 1 1 24 34
310.453 0 2 1 1 1 0 1 0 24 34
329.669 0 1 1 1 0 0 1 1 24 34
346.436 0 1 0 0 0 1 1 1 24 34
359.208 0 2 0 0 0 1 2 1 23 34
360.649 0 2 1 1 0 0 2 1 23 34
365.591 0 1 1 1 0 0 1 1 24 34
373.341 0 1 1 1 0 1 1 2 24 33
412.334 0 1 0 0 0 2 1 2 24 33
421.053 0 1 0 0 0 1 1 1 24 34
421.195 0 2 0 0 1 1 1 0 24 34
422.424 0 2 0 0 2 2 0 0 24 34
424.211 0 1 0 0 1 2 0 1 24 34
434.996 0 2 0 0 1 2 1 1 23 34
435.979 0 1 0 0 1 2 0 1 24 34
436.882 0 1 0 0 1 3 0 2 24 33
444.504 0 1 0 0 1 2 0 1 24 34
446.548 1 2 0 0 0 2 0 1 24 34
454.951 1 2 0 0 0 1 0 0 24 35
468.816 1 2 0 0 0 2 0 1 24 34
472.586 1 2 1 1 0 1 0 1 24 34
482.995 1 2 2 2 0 0 0 1 24 34
491.133 0 1 2 2 1 0 0 1 24 34
501.256 1 2 2 2 0 0 0 1 24 34
522.638 1 3 2 2 1 0 0 0 24 34
524.159 0 2 2 2 2 0 0 0 24 34
528.909 1 3 2 2 1 0 0 0 24 34
530.167 1 3 1 1 1 1 0 0 24 34
551.039 0 2 1 1 2 1 0 0 24 34
568.535 0 2 1 1 2 2 0 1 24 33
576.027 0 2 0 0 2 3 0 1 24 33
576.135 1 3 0 0 1 3 0 1 24 33
584.475 1 4 0 0 1 3 1 1 23 33
594.974 1 4 1 1 1 2 1 1 23 33
616.862 2 5 1 1 0 2 1 1 23 33
618.372 2 5 2 2 0 1 1 1 23 33
635.607 1 4 2 2 1 1 1 1 23 33
644.602 1 3 2 2 0 1 1 2 23 33
651.544 1 3 2 2 0 0 1 1 23 34
669.835 1 2 2 2 0 0 0 1 24 34
681.104 1 2 2 2 0 1 0 2 24 33
683.855 1 2 2 2 0 2 0 3 24 32
686.035 1 2 3 3 0 1 0 3 24 32
692.356 1 3 3 3 1 1 0 2 24 32
693.468 1 2 3 3 0 1 0 3 24 32
694.744 1 2 2 2 0 2 0 3 24 32
698.758 1 3 2 2 1 2 0 2 24 32
700.568 1 4 2 2 1 2 1 2 23 32
702.839 1 5 2 2 1 2 2 2 22 32
704.674 1 4 2 2 0 2 2 3 22 32
707.961 1 3 2 2 0 2 1 3 23 32
713.399 1 3 2 2 0 1 1 2 23 33
717.377 1 3 2 2 0 0 1 1 23 34
742.499 1 3 2 2 0 1 1 2 23 33
757.124 1 3 1 1 0 2 1 2 23 33
761.981 1 3 1 1 0 1 1 1 23 34
779.216 1 3 0 0 0 2 1 1 23 34
784.955 1 4 0 0 1 2 1 0 23 34
786.031 1 5 0 0 1 2 2 0 22 34
787.674 1 4 0 0 0 2 2 1 22 34
793.895 1 3 0 0 0 2 1 1 23 34
796.489 1 4 0 0 1 2 1 0 23 34
804.026 1 3 0 0 0 2 1 1 23 34
807.169 1 4 0 0 1 2 1 0 23 34
815.138 1 3 0 0 1 2 0 0 24 34
821.539 1 3 1 1 1 1 0 0 24 34
826.063 1 4 1 1 1 1 1 0 23 34
835.509 0 3 1 1 2 1 1 0 23 34
841.828 0 2 1 1 1 1 1 1 23 34
860.314 1 3 1 1 0 1 1 1 23 34
867.113 1 3 2 2 0 0 1 1 23 34
895.613 1 2 2 2 0 0 0 1 24 34
897.521 1 3 2 2 0 0 1 1 23 34
903.131 1 4 2 2 0 0 2 1 22 34
908.153 1 4 1 1 0 1 2 1 22 34
915.11 1 5 1 1 0 1 3 1 21 34
916.503 0 4 1 1 1 1 3 1 21 34
918.046 0 4 1 1 0 0 4 1 21 34
921.468 0 3 1 1 0 0 3 1 22 34
922.074 0 4 1 1 0 0 4 1 21 34
924.01 0 3 1 1 0 0 3 1 22 34
928.67 0 2 1 1 0 0 2 1 23 34
945.987 0 3 1 1 1 0 2 0 23 34
951.375 1 4 1 1 0 0 2 0 23 34
968.373 1 3 1 1 0 0 1 0 24 34
992.62 1 2 1 1 0 0 0 0 25 34
1020.09 0 1 1 1 1 0 0 0 25 34
1042.79 0 0 1 1 0 0 0 1 25 34
1049.43 0 0 1 1 0 1 0 2 25 33
1051.85 0 0 1 1 0 0 0 1 25 34
1128.12 0 1 1 1 0 0 1 1 24 34
1193.2 0 2 1 1 1 0 1 0 24 34
1208.57 0 3 1 1 1 0 2 0 23 34
1210.13 0 4 1 1 1 0 3 0 22 34
1219.52 1 5 1 1 0 0 3 0 22 34
1221.6 1 6 1 1 0 0 4 0 21 34
1228.13 1 5 1 1 0 0 3 0 22 34
1235.52 1 4 1 1 0 0 2 0 23 34
1256.62 1 4 1 1 1 1 1 0 23 34
1273.6 0 3 1 1 2 1 1 0 23 34
1279.33 0 2 1 1 2 1 0 0 24 34
1281.35 1 3 1 1 1 1 0 0 24 34
1289.88 0 2 1 1 2 1 0 0 24 34
1291.62 0 2 1 1 1 0 1 0 24 34
1293.38 0 2 1 1 2 1 0 0 24 34
1302.03 0 3 1 1 2 1 1 0 23 34
1303.17 0 2 1 1 1 1 1 1 23 34
1306.49 0 1 1 1 1 1 0 1 24 34
1327.08 1 2 1 1 0 1 0 1 24 34
1327.63 1 2 1 1 0 0 0 0 24 35
1354.93 1 3 1 1 0 0 1 0 23 35
1371.42 1 2 1 1 0 0 0 0 24 35
1373.92 1 3 1 1 0 0 1 0 23 35
1375.41 1 3 1 1 0 1 1 1 23 34
1387.51 1 3 1 1 0 2 1 2 23 33
1401.24 1 3 1 1 1 3 0 2 23 33
1409.85 1 4 1 1 2 3 0 1 23 33
1413.79 1 4 1 1 2 2 0 0 23 34
1413.83 1 4 1 1 1 1 1 0 23 34
1415.74 1 5 1 1 1 1 2 0 22 34
1416.46 0 4 1 1 2 1 2 0 22 34
1417.79 1 5 1 1 1 1 2 0 22 34
1420.89 1 4 1 1 1 1 1 0 23 34
1422.19 2 5 1 1 0 1 1 0 23 34
1422.42 2 5 2 2 0 0 1 0 23 34
1442.15 1 4 2 2 1 0 1 0 23 34
1447.62 1 4 1 1 1 1 1 0 23 34
1450.02 1 3 1 1 1 1 0 0 24 34
1451.88 2 4 1 1 0 1 0 0 24 34
1465.44 1 3 1 1 1 1 0 0 24 34
1471.15 1 2 1 1 0 1 0 1 24 34
1474.18 1 3 1 1 0 1 1 1 23 34
1484.76 0 2 1 1 1 1 1 1 23 34
1494.99 0 1 1 1 0 1 1 2 23 34
1506.06 0 1 0 0 0 2 1 2 23 34
1523.31 0 1 0 0 0 1 1 1 23 35
1551.74 0 1 0 0 0 2 1 2 23 34
1552.26 0 2 0 0 0 2 2 2 22 34
1559.82 0 3 0 0 0 2 3 2 21 34
1565.75 0 2 0 0 0 2 2 2 22 34
1570.55 0 2 0 0 0 1 2 1 22 35
1576.6 0 2 0 0 0 2 2 2 22 34
1579.24 0 2 0 0 0 1 2 1 22 35
1594.48 0 2 0 0 1 2 1 1 22 35
1595.56 1 3 0 0 0 2 1 1 22 35
1599.48 1 3 0 0 0 1 1 0 22 36
1600.3 1 2 0 0 0 1 0 0 23 36
1640.99 0 1 0 0 1 1 0 0 23 36
1647.91 1 2 0 0 0 1 0 0 23 36
1658.98 0 1 0 0 1 1 0 0 23 36
1668.95 0 2 0 0 1 1 1 0 22 36
1683.06 0 2 0 0 2 2 0 0 22 36
1685.69 0 1 0 0 1 2 0 1 22 36
1694.48 0 1 0 0 0 1 1 1 22 36
1777.94 0 2 0 0 1 1 1 0 22 36
1786.75 1 3 0 0 0 1 1 0 22 36
1806.99 0 2 0 0 1 1 1 0 22 36
1814.33 0 2 0 0 1 2 1 1 22 35
1822.68 0 3 0 0 1 2 2 1 21 35
1827.38 0 2 0 0 1 2 1 1 22 35
1836.11 0 1 0 0 1 2 0 1 23 35
1840.47 0 1 0 0 1 1 0 0 23 36
1849.59 0 2 0 0 1 1 1 0 22 36
1856.62 0 1 0 0 1 1 0 0 23 36
1878.19 0 0 0 0 0 1 0 1 23 36
1907.39 0 1 0 0 1 1 0 0 23 36
1908.92 0 1 1 1 1 0 0 0 23 36
1921.36 0 2 1 1 1 0 1 0 22 36
1924.68 0 2 1 1 1 1 1 1 22 35
1927.54 0 3 1 1 1 1 2 1 21 35
1930.04 0 2 1 1 1 1 1 1 22 35
1940 0 3 1 1 2 1 1 0 22 35
1949.22 0 4 1 1 2 1 2 0 21 35
1950.28 0 3 1 1 1 1 2 1 21 35
1953.15 0 2 1 1 1 1 1 1 22 35
1954.99 0 2 1 1 1 2 1 2 22 34
1961.26 0 2 1 1 1 1 1 1 22 35
1973.64 0 2 1 1 1 2 1 2 22 34
1982.64 0 3 1 1 1 2 2 2 21 34
1993.01 0 3 1 1 1 1 2 1 21 35
1993.55 0 2 1 1 1 1 1 1 22 35
2005.09 0 3 1 1 1 1 2 1 21 35
2005.83 0 3 1 1 2 2 1 1 21 35
2009.88 1 4 1 1 1 2 1 1 21 35
2012.03 1 4 0 0 1 3 1 1 21 35
2016.19 1 3 0 0 1 3 0 1 22 35
2022.6 1 3 1 1 1 2 0 1 22 35
2032.69 2 4 1 1 0 2 0 1 22 35
2036.53 1 3 1 1 1 2 0 1 22 35
2047.72 1 3 1 1 0 1 1 1 22 35
2059.21 0 2 1 1 1 1 1 1 22 35
2072.04 0 2 1 1 2 2 0 1 22 35
2076.79 1 3 1 1 1 2 0 1 22 35
2080.29 1 3 2 2 1 1 0 1 22 35
2089.23 1 3 3 3 1 0 0 1 22 35
2099.24 1 3 2 2 1 1 0 1 22 35
2115.05 1 2 2 2 0 1 0 2 22 35
2148.19 1 2 2 2 0 2 0 3 22 34
2157.21 1 2 2 2 0 1 0 2 22 35
2161.1 1 3 2 2 1 1 0 1 22 35
2164.05 0 2 2 2 2 1 0 1 22 35
2172.84 0 2 1 1 2 2 0 1 22 35
2173.96 1 3 1 1 1 2 0 1 22 35
2177.23 1 3 1 1 1 1 0 0 22 36
2183.19 1 4 1 1 1 1 1 0 21 36
2185.53 1 4 1 1 2 2 0 0 21 36
2186.45 1 5 1 1 2 2 1 0 20 36
2189.12 1 4 1 1 2 2 0 0 21 36
2193.62 0 3 1 1 3 2 0 0 21 36
2213.5 1 4 1 1 2 2 0 0 21 36
2214.33 1 4 1 1 1 1 1 0 21 36
2215.02 1 4 1 1 1 2 1 1 21 35
2216.88 1 5 1 1 2 2 1 0 21 35
2217.07 1 6 1 1 2 2 2 0 20 35
2219.86 1 5 1 1 1 2 2 1 20 35
2220.47 0 4 1 1 2 2 2 1 20 35
2221.96 0 4 1 1 1 1 3 1 20 35
2234.59 0 3 1 1 0 1 3 2 20 35
2237.89 0 3 1 1 1 2 2 2 20 35
2238.04 0 2 1 1 1 2 1 2 21 35
2242.12 0 2 2 2 1 1 1 2 21 35
2242.22 0 1 2 2 0 1 1 3 21 35
2246.25 0 1 3 3 0 0 1 3 21 35
2249.31 0 1 2 2 0 1 1 3 21 35
2253.24 0 2 2 2 1 1 1 2 21 35
2255.24 0 2 2 2 1 0 1 1 21 36
2255.99 1 3 2 2 0 0 1 1 21 36
2263.63 1 2 2 2 0 0 0 1 22 36
2270.89 1 2 1 1 0 1 0 1 22 36
2278.86 1 2 1 1 0 2 0 2 22 35
2278.91 1 2 1 1 0 1 0 1 22 36
2327.18 1 3 1 1 0 1 1 1 21 36
2333.07 0 2 1 1 1 1 1 1 21 36
2347.04 0 1 1 1 1 1 0 1 22 36
2349.45 0 0 1 1 0 1 0 2 22 36
2365.85 0 0 2 2 0 0 0 2 22 36
2368.03 0 0 1 1 0 1 0 2 22 36
2372.87 0 1 1 1 0 1 1 2 21 36
2375.74 0 1 2 2 0 0 1 2 21 36
2384.02 0 0 2 2 0 0 0 2 22 36
2420.22 0 0 1 1 0 1 0 2 22 36
2421.97 0 0 1 1 0 2 0 3 22 35
2422.96 0 0 1 1 0 1 0 2 22 36
2429.65 0 1 1 1 0 1 1 2 21 36
2433.96 0 1 1 1 0 0 1 1 21 37
2450.25 0 2 1 1 1 0 1 0 21 37
2456.33 1 3 1 1 0 0 1 0 21 37
2468.71 0 2 1 1 1 0 1 0 21 37
2475.58 1 3 1 1 0 0 1 0 21 37
2490.31 1 2 1 1 0 0 0 0 22 37
2495.99 1 3 1 1 0 0 1 0 21 37
2500.15 1 2 1 1 0 0 0 0 22 37
2502.34 1 2 0 0 0 1 0 0 22 37
2554.14 1 3 0 0 0 1 1 0 21 37
2556.93 1 3 1 1 0 0 1 0 21 37
2586.57 1 4 1 1 0 0 2 0 20 37
2587.96 1 4 1 1 0 1 2 1 20 36
2588.9 1 4 2 2 0 0 2 1 20 36
2596.8 1 3 2 2 0 0 1 1 21 36
2612.13 1 3 2 2 0 1 1 2 21 35
2614.99 1 3 2 2 0 0 1 1 21 36
2618.5 1 3 1 1 0 1 1 1 21 36
2642.66 0 2 1 1 1 1 1 1 21 36
2650.13 0 2 2 2 1 0 1 1 21 36
2654.08 0 3 2 2 1 0 2 1 20 36
2675.32 0 2 2 2 1 0 1 1 21 36
2684.39 0 3 2 2 1 0 2 1 20 36
2706.75 0 2 2 2 1 0 1 1 21 36
2721.86 0 2 1 1 1 1 1 1 21 36
2722.27 0 2 1 1 1 2 1 2 21 35
2724.37 0 2 1 1 0 1 2 2 21 35
2725.74 0 2 1 1 1 2 1 2 21 35
2748.18 0 2 1 1 2 3 0 2 21 35
2753.9 0 1 1 1 1 3 0 3 21 35
2761.91 0 1 1 1 1 2 0 2 21 36
2770.84 0 2 1 1 2 2 0 1 21 36
2786.05 0 2 1 1 2 3 0 2 21 35
2794.5 0 2 1 1 1 2 1 2 21 35
2814.79 1 3 1 1 0 2 1 2 21 35
2816.11 1 3 1 1 1 3 0 2 21 35
2821.62 1 4 1 1 2 3 0 1 21 35
2831.35 2 5 1 1 1 3 0 1 21 35
2833.37 1 4 1 1 2 3 0 1 21 35
2833.51 1 4 2 2 2 2 0 1 21 35
2839.33 1 5 2 2 3 2 0 0 21 35
2840.09 1 5 2 2 3 3 0 1 21 34
2840.16 1 5 2 2 3 2 0 0 21 35
2842.32 0 4 2 2 4 2 0 0 21 35
2845.5 1 5 2 2 3 2 0 0 21 35
2849.34 1 4 2 2 2 2 0 1 21 35
2854.65 1 4 2 2 2 1 0 0 21 36
2858.49 1 4 2 2 1 0 1 0 21 36
2861.57 1 3 2 2 0 0 1 1 21 36
2867.06 1 2 2 2 0 0 0 1 22 36
2886.06 1 2 1 1 0 1 0 1 22 36
2901.43 1 3 1 1 0 1 1 1 21 36
2915.1 1 2 1 1 0 1 0 1 22 36
2933.68 1 2 1 1 0 2 0 2 22 35
2938.9 1 2 1 1 0 1 0 1 22 36
2944.18 1 3 1 1 1 1 0 0 22 36
2961.61 1 2 1 1 0 1 0 1 22 36
2964.99 0 1 1 1 1 1 0 1 22 36
2986.59 1 2 1 1 0 1 0 1 22 36
2986.59 1 2 1 1 0 1 0 1 22 36
