0 60 120 60 60 0 0 0 0 0 0
0.00800751 60 120 59 59 0 1 0 0 0 0
0.0290993 59 119 59 59 1 1 0 0 0 0
0.0430384 59 119 58 58 1 2 0 0 0 0
0.0614411 58 118 58 58 2 2 0 0 0 0
0.0804336 57 117 58 58 3 2 0 0 0 0
0.10405 56 116 58 58 4 2 0 0 0 0
0.165046 56 116 57 57 4 3 0 0 0 0
0.190722 56 116 56 56 4 4 0 0 0 0
0.196746 55 115 56 56 5 4 0 0 0 0
0.197455 55 115 55 55 5 5 0 0 0 0
0.222781 54 114 55 55 6 5 0 0 0 0
0.225965 53 113 55 55 7 5 0 0 0 0
0.239585 53 113 54 54 7 6 0 0 0 0
0.245407 52 112 54 54 8 6 0 0 0 0
0.256905 51 111 54 54 9 6 0 0 0 0
0.26717 51 110 54 54 8 6 0 1 0 0
0.267843 51 110 53 53 8 7 0 1 0 0
0.275871 50 109 53 53 9 7 0 1 0 0
0.286427 50 109 52 52 9 8 0 1 0 0
0.295998 50 109 51 51 9 9 0 1 0 0
0.318782 50 109 50 50 9 10 0 1 0 0
0.355736 49 108 50 50 10 10 0 1 0 0
0.367214 48 107 50 50 11 10 0 1 0 0
0.419431 47 106 50 50 12 10 0 1 0 0
0.425279 47 105 50 50 11 10 0 2 0 0
0.429628 47 105 49 49 11 11 0 2 0 0
0.449249 46 104 49 49 12 11 0 2 0 0
0.490962 46 104 48 48 12 12 0 2 0 0
0.504401 46 104 47 47 12 13 0 2 0 0
0.539047 46 103 47 47 11 13 0 3 0 0
0.540648 46 103 46 46 11 14 0 3 0 0
0.543225 46 103 46 46 10 13 1 3 0 0
0.56424 45 102 46 46 11 13 1 3 0 0
0.595932 45 102 45 45 11 14 1 3 0 0
0.61919 45 102 44 44 11 15 1 3 0 0
0.631131 44 101 44 44 12 15 1 3 0 0
0.648218 44 101 43 43 12 16 1 3 0 0
0.65422 44 100 43 43 12 16 0 3 1 0
0.657629 44 100 42 42 12 17 0 3 1 0
0.658268 43 99 42 42 13 17 0 3 1 0
0.66404 43 99 41 41 13 18 0 3 1 0
0.682867 42 98 41 41 14 18 0 3 1 0
0.706525 41 97 41 41 15 18 0 3 1 0
0.713357 41 97 40 40 15 19 0 3 1 0
0.746433 41 96 40 40 14 19 0 4 1 0
0.756196 40 95 40 40 15 19 0 4 1 0
0.772744 39 94 40 40 16 19 0 4 1 0
0.773819 39 94 39 39 16 20 0 4 1 0
0.775917 38 93 39 39 17 20 0 4 1 0
0.789885 37 92 39 39 18 20 0 4 1 0
0.794702 37 92 40 40 18 19 0 4 1 0
0.803586 36 91 40 40 19 19 0 4 1 0
0.814122 35 90 40 40 20 19 0 4 1 0
0.901057 34 89 40 40 21 19 0 4 1 0
0.94827 34 89 40 40 21 18 0 3 1 1
0.949698 34 88 40 40 20 18 0 4 1 1
0.956967 33 87 40 40 21 18 0 4 1 1
0.960356 33 87 40 40 21 17 0 3 1 2
0.966968 33 87 39 39 21 18 0 3 1 2
0.974413 33 86 39 39 20 18 0 4 1 2
0.996429 32 85 39 39 21 18 0 4 1 2
0.996719 32 84 39 39 20 18 0 5 1 2
1.00259 32 83 39 39 19 18 0 6 1 2
1.01817 32 83 38 38 19 19 0 6 1 2
1.09437 32 83 39 39 19 18 0 6 1 2
1.09873 32 82 39 39 18 18 0 7 1 2
1.09886 32 82 38 38 18 19 0 7 1 2
1.09924 32 82 37 37 18 20 0 7 1 2
1.10409 32 82 38 38 18 19 0 7 1 2
1.25818 32 81 38 38 17 19 0 8 1 2
1.25878 32 80 38 38 16 19 0 9 1 2
1.26618 32 80 37 37 16 20 0 9 1 2
1.30244 32 80 36 36 16 21 0 9 1 2
1.31253 32 80 36 36 16 20 0 8 1 3
1.36296 31 79 36 36 17 20 0 8 1 3
1.36671 31 79 35 35 17 21 0 8 1 3
1.37665 31 78 35 35 16 21 0 9 1 3
1.40948 30 77 35 35 17 21 0 9 1 3
1.41589 30 76 35 35 16 21 0 10 1 3
1.47473 30 75 35 35 15 21 0 11 1 3
1.48147 30 74 35 35 14 21 0 12 1 3
1.49391 30 73 35 35 13 21 0 13 1 3
1.52005 30 73 34 34 13 22 0 13 1 3
1.54929 29 72 34 34 14 22 0 13 1 3
1.56308 28 71 34 34 15 22 0 13 1 3
1.62423 28 71 33 33 15 23 0 13 1 3
1.65992 28 70 33 33 14 23 0 14 1 3
1.69849 28 70 32 32 14 24 0 14 1 3
1.72283 28 70 32 32 14 23 0 13 1 4
1.74524 28 70 31 31 14 24 0 13 1 4
1.78143 27 69 31 31 15 24 0 13 1 4
1.86391 27 69 31 31 15 23 0 12 1 5
1.91616 26 68 31 31 16 23 0 12 1 5
1.94311 26 68 31 31 16 22 0 11 1 6
2.00749 26 68 30 30 16 23 0 11 1 6
2.01525 26 67 30 30 15 23 0 12 1 6
2.04028 26 67 29 29 15 24 0 12 1 6
2.05274 26 66 29 29 14 24 0 13 1 6
2.15846 25 65 29 29 15 24 0 13 1 6
2.24813 25 65 29 29 14 23 1 13 1 6
2.27924 24 64 29 29 15 23 1 13 1 6
2.3263 24 63 29 29 14 23 1 14 1 6
2.43347 24 63 28 28 14 24 1 14 1 6
2.4878 24 63 27 27 14 25 1 14 1 6
2.51513 24 62 27 27 13 25 1 15 1 6
2.614 24 61 27 27 12 25 1 16 1 6
2.74253 23 60 27 27 13 25 1 16 1 6
2.75327 22 59 27 27 14 25 1 16 1 6
2.78076 21 58 27 27 15 25 1 16 1 6
2.84472 21 58 27 27 14 24 2 16 1 6
2.85814 21 58 27 27 14 23 2 15 1 7
2.88335 20 57 27 27 15 23 2 15 1 7
2.92021 19 56 27 27 16 23 2 15 1 7
3.05704 19 56 26 26 16 24 2 15 1 7
3.1118 18 55 26 26 17 24 2 15 1 7
3.20541 18 54 26 26 16 24 2 16 1 7
3.25576 18 54 25 25 16 25 2 16 1 7
3.29884 18 54 24 24 16 26 2 16 1 7
3.30417 18 54 24 24 15 25 3 16 1 7
3.31189 18 54 23 23 15 26 3 16 1 7
3.36852 18 54 23 23 15 25 3 15 1 8
3.4612 17 53 23 23 16 25 3 15 1 8
3.60664 17 53 23 23 16 24 3 14 1 9
3.63605 17 53 23 23 15 23 4 14 1 9
3.77701 17 52 23 23 14 23 4 15 1 9
3.86957 17 51 23 23 13 23 4 16 1 9
3.88844 17 50 23 23 12 23 4 17 1 9
3.89249 16 49 23 23 13 23 4 17 1 9
3.89933 16 49 23 23 13 22 4 16 1 10
3.93391 15 48 23 23 14 22 4 16 1 10
4.07973 15 47 23 23 14 22 3 16 2 10
4.09261 15 47 22 22 14 23 3 16 2 10
4.09547 14 46 22 22 15 23 3 16 2 10
4.11487 14 46 22 22 15 22 3 15 2 11
4.13386 14 46 22 22 14 21 4 15 2 11
4.22909 14 46 22 22 14 20 4 14 2 12
4.27681 14 46 21 21 14 21 4 14 2 12
4.35223 14 46 21 21 13 20 5 14 2 12
4.45692 14 45 21 21 12 20 5 15 2 12
4.45848 13 44 21 21 13 20 5 15 2 12
4.50259 12 43 21 21 14 20 5 15 2 12
4.50576 11 42 21 21 15 20 5 15 2 12
4.52155 11 42 21 21 15 19 5 14 2 13
4.61833 11 41 21 21 14 19 5 15 2 13
4.63077 11 40 21 21 13 19 5 16 2 13
4.64865 11 40 21 21 13 18 5 15 2 14
4.72875 11 39 21 21 13 18 4 15 3 14
4.83128 11 39 20 20 13 19 4 15 3 14
4.85908 11 39 20 20 13 18 4 14 3 15
5.04866 11 39 19 19 13 19 4 14 3 15
5.10818 11 39 18 18 13 20 4 14 3 15
5.18743 11 39 18 18 13 19 4 13 3 16
5.23407 11 38 18 18 13 19 3 13 4 16
5.32346 11 37 18 18 12 19 3 14 4 16
5.40444 11 37 17 17 12 20 3 14 4 16
5.4145 11 37 17 17 12 19 3 13 4 17
5.49097 11 37 17 17 12 18 3 12 4 18
5.49451 10 36 17 17 13 18 3 12 4 18
5.52469 9 35 17 17 14 18 3 12 4 18
5.5451 9 34 17 17 14 18 2 12 5 18
5.55827 9 33 17 17 14 18 1 12 6 18
5.64362 8 32 17 17 15 18 1 12 6 18
5.88013 8 31 17 17 14 18 1 13 6 18
5.96683 8 30 17 17 13 18 1 14 6 18
6.03114 8 30 17 17 12 17 2 14 6 18
6.25854 8 30 17 17 12 16 2 13 6 19
6.29563 8 30 17 17 11 15 3 13 6 19
6.32095 8 30 16 16 11 16 3 13 6 19
6.94507 7 29 16 16 12 16 3 13 6 19
6.95658 7 29 15 15 12 17 3 13 6 19
7.06413 7 29 15 15 12 16 3 12 6 20
7.25752 7 28 15 15 11 16 3 13 6 20
7.31536 6 27 15 15 12 16 3 13 6 20
7.32844 6 27 14 14 12 17 3 13 6 20
7.47113 6 26 14 14 11 17 3 14 6 20
7.49692 6 26 13 13 11 18 3 14 6 20
7.6817 6 26 12 12 11 19 3 14 6 20
7.82595 6 26 12 12 10 18 4 14 6 20
7.85494 6 25 12 12 9 18 4 15 6 20
8.37592 6 25 12 12 8 17 5 15 6 20
8.63188 5 24 12 12 9 17 5 15 6 20
8.82338 5 24 12 12 9 16 5 14 6 21
8.90907 4 23 12 12 10 16 5 14 6 21
9.31519 4 22 12 12 9 16 5 15 6 21
9.63916 5 23 12 12 8 16 5 15 6 21
9.65555 5 22 12 12 8 16 4 15 7 21
9.70373 4 21 12 12 9 16 4 15 7 21
9.93694 4 21 12 12 8 15 5 15 7 21
10.1955 4 21 11 11 8 16 5 15 7 21
10.2706 4 20 11 11 8 16 4 15 8 21
10.312 4 19 11 11 8 16 3 15 9 21
10.3924 4 20 11 11 9 16 3 14 9 21
10.4735 4 20 11 11 9 15 3 13 9 22
10.7003 4 20 11 11 8 14 4 13 9 22
10.7904 4 20 11 11 7 13 5 13 9 22
10.8579 4 20 11 11 7 12 5 12 9 23
11.0389 5 21 11 11 6 12 5 12 9 23
11.1435 6 22 11 11 5 12 5 12 9 23
11.1532 6 21 11 11 4 12 5 13 9 23
11.3044 5 20 11 11 5 12 5 13 9 23
11.413 5 20 11 11 4 11 6 13 9 23
11.5515 5 20 10 10 4 12 6 13 9 23
11.7327 5 20 10 10 4 11 6 12 9 24
11.8343 5 19 10 10 3 11 6 13 9 24
11.8769 5 19 9 9 3 12 6 13 9 24
12.4292 5 18 9 9 2 12 6 14 9 24
12.5272 5 18 9 9 2 11 6 13 9 25
12.6641 5 18 8 8 2 12 6 13 9 25
12.7829 5 18 8 8 2 11 6 12 9 26
12.8897 5 18 7 7 2 12 6 12 9 26
13.4282 5 17 7 7 2 12 5 12 10 26
13.4302 5 16 7 7 1 12 5 13 10 26
13.798 5 16 7 7 1 11 5 12 10 27
14.0461 5 16 6 6 1 12 5 12 10 27
14.5629 5 16 6 6 2 13 4 12 10 27
14.924 5 16 6 6 2 12 4 11 10 28
15.3085 5 16 6 6 2 11 4 10 10 29
16.0907 5 16 6 6 2 10 4 9 10 30
16.3054 5 16 6 6 2 9 4 8 10 31
16.7166 5 15 6 6 2 9 3 8 11 31
18.8743 5 14 6 6 2 9 2 8 12 31
20.7213 5 14 6 6 2 8 2 7 12 32
21.6003 5 13 6 6 1 8 2 8 12 32
21.6179 5 13 6 6 1 7 2 7 12 33
22.0741 5 12 6 6 0 7 2 8 12 33
23.8432 5 12 6 6 0 6 2 7 12 34
26.3538 4 11 6 6 1 6 2 7 12 34
27.6605 4 11 5 5 1 7 2 7 12 34
27.9911 4 11 5 5 1 6 2 6 12 35
28.4006 4 11 5 5 1 5 2 5 12 36
28.8498 4 11 5 5 2 6 1 5 12 36
29.19 4 11 6 6 2 5 1 5 12 36
29.3986 4 11 6 6 2 4 1 4 12 37
29.7338 4 11 5 5 2 5 1 4 12 37
30.3056 3 10 5 5 3 5 1 4 12 37
30.553 3 9 5 5 2 5 1 5 12 37
31.2047 3 9 5 5 2 4 1 4 12 38
32.8929 3 9 5 5 2 3 1 3 12 39
34.0325 2 8 5 5 3 3 1 3 12 39
34.7906 3 9 5 5 2 3 1 3 12 39
34.9875 3 8 5 5 1 3 1 4 12 39
35.931 3 8 6 6 1 2 1 4 12 39
36.4196 3 7 6 6 1 2 0 4 13 39
38.6904 3 7 5 5 1 3 0 4 13 39
40.4225 4 8 5 5 0 3 0 4 13 39
43.0227 4 9 5 5 1 3 0 3 13 39
43.3703 5 10 5 5 0 3 0 3 13 39
43.5056 5 10 4 4 0 4 0 3 13 39
44.1141 5 10 3 3 0 5 0 3 13 39
44.2416 4 9 3 3 1 5 0 3 13 39
44.8822 4 9 3 3 1 4 0 2 13 40
45.3679 3 8 3 3 2 4 0 2 13 40
46.6673 3 8 3 3 2 5 0 3 13 39
46.7828 3 8 4 4 2 4 0 3 13 39
49.2577 3 8 4 4 1 3 1 3 13 39
49.6627 2 7 4 4 2 3 1 3 13 39
53.2824 2 7 3 3 2 4 1 3 13 39
53.3722 3 8 3 3 1 4 1 3 13 39
60.3082 2 7 3 3 2 4 1 3 13 39
63.3078 2 7 3 3 1 3 2 3 13 39
69.4336 2 6 3 3 1 3 1 3 14 39
71.9297 2 6 4 4 1 2 1 3 14 39
74.8553 2 6 3 3 1 3 1 3 14 39
77.0332 2 7 3 3 2 3 1 2 14 39
77.3241 2 7 2 2 2 4 1 2 14 39
80.9334 2 6 2 2 1 4 1 3 14 39
90.7485 2 7 2 2 2 4 1 2 14 39
91.382 2 6 2 2 1 4 1 3 14 39
91.5699 2 6 2 2 1 3 1 2 14 40
94.2533 1 5 2 2 2 3 1 2 14 40
99.68 1 5 1 1 2 4 1 2 14 40
104.343 1 4 1 1 2 4 0 2 15 40
106.609 1 4 1 1 1 3 1 2 15 40
116.19 1 4 1 1 1 2 1 1 15 41
122.222 1 3 1 1 1 2 0 1 16 41
122.981 1 2 1 1 0 2 0 2 16 41
126.586 1 2 1 1 0 1 0 1 16 42
149.707 1 2 1 1 0 2 0 2 16 41
155.846 1 2 2 2 0 1 0 2 16 41
156.65 1 2 1 1 0 2 0 2 16 41
157.26 0 1 1 1 1 2 0 2 16 41
157.952 0 1 1 1 1 3 0 3 16 40
179.819 0 1 2 2 1 2 0 3 16 40
184.301 0 2 2 2 2 2 0 2 16 40
190.157 0 3 2 2 2 2 1 2 15 40
201.582 0 2 2 2 1 2 1 3 15 40
219.408 0 1 2 2 1 2 0 3 16 40
221.243 0 1 2 2 1 1 0 2 16 41
229.149 0 2 2 2 2 1 0 1 16 41
249.629 1 3 2 2 1 1 0 1 16 41
265.697 1 3 2 2 1 2 0 2 16 40
279.965 1 3 3 3 1 1 0 2 16 40
288.345 1 3 2 2 1 2 0 2 16 40
289.926 1 3 3 3 1 1 0 2 16 40
290.55 2 4 3 3 0 1 0 2 16 40
303.123 2 5 3 3 0 1 1 2 15 40
304.329 1 4 3 3 1 1 1 2 15 40
305.385 2 5 3 3 0 1 1 2 15 40
307.149 1 4 3 3 1 1 1 2 15 40
308.62 1 4 3 3 1 2 1 3 15 39
317.539 2 5 3 3 0 2 1 3 15 39
320.642 1 4 3 3 1 2 1 3 15 39
336.221 1 4 2 2 1 3 1 3 15 39
337.806 1 3 2 2 0 3 1 4 15 39
338 1 3 3 3 0 2 1 4 15 39
347.971 0 2 3 3 1 2 1 4 15 39
349.82 0 2 2 2 1 3 1 4 15 39
350.477 0 3 2 2 1 3 2 4 14 39
353.214 0 3 2 2 1 2 2 3 14 40
355.905 0 2 2 2 1 2 1 3 15 40
362.943 1 3 2 2 0 2 1 3 15 40
373.588 1 3 2 2 0 3 1 4 15 39
375.467 1 4 2 2 1 3 1 3 15 39
376.436 1 3 2 2 1 3 0 3 16 39
384.336 1 3 2 2 1 2 0 2 16 40
392.025 1 3 1 1 1 3 0 2 16 40
399.831 2 4 1 1 0 3 0 2 16 40
406.49 1 3 1 1 1 3 0 2 16 40
407.794 1 4 1 1 2 3 0 1 16 40
409.819 2 5 1 1 1 3 0 1 16 40
411.977 3 6 1 1 0 3 0 1 16 40
413.098 2 5 1 1 1 3 0 1 16 40
413.789 2 5 1 1 1 2 0 0 16 41
431.424 1 4 1 1 2 2 0 0 16 41
439.906 1 3 1 1 1 2 0 1 16 41
443.519 1 3 1 1 1 1 0 0 16 42
459.935 1 3 2 2 1 0 0 0 16 42
467.422 1 4 2 2 1 0 1 0 15 42
470.155 1 4 1 1 1 1 1 0 15 42
486.142 1 4 2 2 1 0 1 0 15 42
488.968 1 4 1 1 1 1 1 0 15 42
523.971 1 5 1 1 1 1 2 0 14 42
524.095 1 4 1 1 1 1 1 0 15 42
540.24 2 5 1 1 0 1 1 0 15 42
549.226 2 4 1 1 0 1 0 0 16 42
556.924 2 5 1 1 0 1 1 0 15 42
562.923 1 4 1 1 1 1 1 0 15 42
578.246 1 4 1 1 0 0 2 0 15 42
579.21 0 3 1 1 1 0 2 0 15 42
584.348 0 2 1 1 1 0 1 0 16 42
588.715 0 1 1 1 1 0 0 0 17 42
600.016 0 1 1 1 1 1 0 1 17 41
601.444 0 1 1 1 1 2 0 2 17 40
604.098 1 2 1 1 0 2 0 2 17 40
620.882 1 3 1 1 1 2 0 1 17 40
628.744 1 4 1 1 1 2 1 1 16 40
639.728 1 3 1 1 1 2 0 1 17 40
642.598 0 2 1 1 2 2 0 1 17 40
645.303 0 2 2 2 2 1 0 1 17 40
646.361 0 3 2 2 3 1 0 0 17 40
650.4 0 2 2 2 2 1 0 1 17 40
651.997 0 3 2 2 3 1 0 0 17 40
654.706 0 4 2 2 3 1 1 0 16 40
663.123 0 3 2 2 2 1 1 1 16 40
681.605 1 4 2 2 1 1 1 1 16 40
684.553 2 5 2 2 0 1 1 1 16 40
685.583 1 4 2 2 1 1 1 1 16 40
688.02 2 5 2 2 0 1 1 1 16 40
700.883 1 4 2 2 1 1 1 1 16 40
708.374 1 4 1 1 1 2 1 1 16 40
719 1 4 1 1 1 1 1 0 16 41
738.25 1 4 1 1 0 0 2 0 16 41
739.032 1 3 1 1 0 0 1 0 17 41
752.072 1 2 1 1 0 0 0 0 18 41
768.511 0 1 1 1 1 0 0 0 18 41
782.089 0 1 1 1 1 1 0 1 18 40
789.087 0 1 1 1 1 0 0 0 18 41
792.921 0 0 1 1 0 0 0 1 18 41
841.817 0 0 1 1 0 1 0 2 18 40
848.372 0 0 1 1 0 0 0 1 18 41
860.672 0 1 1 1 0 0 1 1 17 41
862.461 0 2 1 1 0 0 2 1 16 41
877.883 0 2 1 1 1 1 1 1 16 41
895.403 0 2 1 1 1 0 1 0 16 42
896.951 0 1 1 1 0 0 1 1 16 42
905.546 0 1 0 0 0 1 1 1 16 42
906.183 0 2 0 0 1 1 1 0 16 42
920.863 0 2 0 0 1 2 1 1 16 41
927.633 0 2 1 1 1 1 1 1 16 41
935.301 0 2 1 1 1 2 1 2 16 40
936.225 0 3 1 1 2 2 1 1 16 40
937.046 0 2 1 1 1 2 1 2 16 40
948.75 0 2 2 2 1 1 1 2 16 40
952.685 0 1 2 2 1 1 0 2 17 40
956.797 0 1 1 1 1 2 0 2 17 40
962.34 0 1 1 1 1 1 0 1 17 41
973.461 1 2 1 1 0 1 0 1 17 41
979.647 1 3 1 1 0 1 1 1 16 41
980.214 1 4 1 1 1 1 1 0 16 41
995.455 1 4 2 2 1 0 1 0 16 41
1005.96 2 5 2 2 0 0 1 0 16 41
1006.95 1 4 2 2 1 0 1 0 16 41
1011.81 0 3 2 2 2 0 1 0 16 41
1035.56 0 4 2 2 2 0 2 0 15 41
1036.75 0 3 2 2 1 0 2 1 15 41
1038.17 1 4 2 2 0 0 2 1 15 41
1044.71 1 3 2 2 0 0 1 1 16 41
1070.03 1 2 2 2 0 0 0 1 17 41
1085.07 1 3 2 2 0 0 1 1 16 41
1086.77 1 3 2 2 0 1 1 2 16 40
1088.3 1 3 1 1 0 2 1 2 16 40
1102.42 1 3 0 0 0 3 1 2 16 40
1104.6 1 4 0 0 0 3 2 2 15 40
1105.15 1 4 0 0 0 2 2 1 15 41
1108.5 1 4 0 0 0 3 2 2 15 40
1112.06 1 4 0 0 1 4 1 2 15 40
1113.14 1 3 0 0 0 4 1 3 15 40
1113.43 1 3 0 0 0 3 1 2 15 41
1118.27 1 3 0 0 0 4 1 3 15 40
1128.17 1 3 0 0 0 3 1 2 15 41
1133.67 1 4 0 0 1 3 1 1 15 41
1134.16 1 4 1 1 1 2 1 1 15 41
1137.02 1 4 1 1 1 3 1 2 15 40
1141.84 1 5 1 1 2 3 1 1 15 40
1143.58 1 5 0 0 2 4 1 1 15 40
1144.16 1 4 0 0 1 4 1 2 15 40
1147.12 1 4 0 0 1 5 1 3 15 39
1148.64 1 4 0 0 0 4 2 3 15 39
1149.69 1 4 0 0 0 3 2 2 15 40
1150.62 1 3 0 0 0 3 1 2 16 40
1155.22 1 3 0 0 0 2 1 1 16 41
1173.66 1 2 0 0 0 2 0 1 17 41
1179.28 0 1 0 0 1 2 0 1 17 41
1187.07 0 1 0 0 0 1 1 1 17 41
1242.57 0 2 0 0 0 1 2 1 16 41
1254.33 0 2 1 1 0 0 2 1 16 41
1263.55 0 1 1 1 0 0 1 1 17 41
1290.97 0 1 0 0 0 1 1 1 17 41
1314.64 0 2 0 0 0 1 2 1 16 41
1314.72 0 3 0 0 1 1 2 0 16 41
1317.43 0 3 0 0 2 2 1 0 16 41
1325.86 0 2 0 0 2 2 0 0 17 41
1327.75 0 3 0 0 2 2 1 0 16 41
1334.23 1 4 0 0 1 2 1 0 16 41
1341.16 0 3 0 0 2 2 1 0 16 41
1341.83 0 3 1 1 2 1 1 0 16 41
1346.58 0 3 0 0 2 2 1 0 16 41
1363 0 3 0 0 1 1 2 0 16 41
1381.07 0 2 0 0 0 1 2 1 16 41
1397.26 0 1 0 0 0 1 1 1 17 41
1436.57 0 2 0 0 0 1 2 1 16 41
1442.5 0 2 0 0 1 2 1 1 16 41
1443.15 0 3 0 0 2 2 1 0 16 41
1445.41 0 2 0 0 2 2 0 0 17 41
1452.04 1 3 0 0 1 2 0 0 17 41
1484.88 0 2 0 0 2 2 0 0 17 41
1490.29 0 1 0 0 1 2 0 1 17 41
1501.7 0 1 0 0 1 1 0 0 17 42
1535.31 0 2 0 0 1 1 1 0 16 42
1537.33 1 3 0 0 0 1 1 0 16 42
1539.59 1 4 0 0 0 1 2 0 15 42
1549.49 1 3 0 0 0 1 1 0 16 42
1552.89 1 2 0 0 0 1 0 0 17 42
1569.86 1 2 0 0 0 2 0 1 17 41
1571.43 1 3 0 0 0 2 1 1 16 41
1607.38 1 3 0 0 0 3 1 2 16 40
1613.78 1 3 1 1 0 2 1 2 16 40
1617.48 1 2 1 1 0 2 0 2 17 40
1623.94 1 2 1 1 0 1 0 1 17 41
1634.96 1 2 1 1 0 2 0 2 17 40
1635.25 1 2 2 2 0 1 0 2 17 40
1659.02 1 2 2 2 0 0 0 1 17 41
1662.4 1 2 1 1 0 1 0 1 17 41
1666.23 1 2 1 1 0 2 0 2 17 40
1691.67 1 2 2 2 0 1 0 2 17 40
1701.04 1 2 2 2 0 2 0 3 17 39
1707.89 1 2 3 3 0 1 0 3 17 39
1716.96 1 2 2 2 0 2 0 3 17 39
1743.13 1 3 2 2 0 2 1 3 16 39
1743.17 1 4 2 2 1 2 1 2 16 39
1746.76 0 3 2 2 2 2 1 2 16 39
1747.21 0 3 3 3 2 1 1 2 16 39
1749.04 0 2 3 3 1 1 1 3 16 39
1760.82 0 2 2 2 1 2 1 3 16 39
1762.07 0 2 2 2 1 1 1 2 16 40
1779.8 0 3 2 2 1 1 2 2 15 40
1794.95 0 3 1 1 1 2 2 2 15 40
1802.76 0 4 1 1 1 2 3 2 14 40
1805.18 0 4 1 1 1 3 3 3 14 39
1806.18 0 4 1 1 1 2 3 2 14 40
1808.25 0 3 1 1 1 2 2 2 15 40
1811.64 0 3 1 1 1 3 2 3 15 39
1812.73 0 3 2 2 1 2 2 3 15 39
1824.17 0 3 2 2 2 3 1 3 15 39
1826.74 0 3 1 1 2 4 1 3 15 39
1827.9 0 4 1 1 3 4 1 2 15 39
1835.02 0 4 1 1 3 3 1 1 15 40
1836.24 1 5 1 1 2 3 1 1 15 40
1845.21 2 6 1 1 1 3 1 1 15 40
1845.75 2 6 2 2 1 2 1 1 15 40
1849.38 2 7 2 2 1 2 2 1 14 40
1850.77 2 6 2 2 1 2 1 1 15 40
1859.61 3 7 2 2 0 2 1 1 15 40
1864.44 3 6 2 2 0 2 0 1 16 40
1865.45 3 6 2 2 0 3 0 2 16 39
1870.82 2 5 2 2 1 3 0 2 16 39
1880.25 3 6 2 2 0 3 0 2 16 39
1884.22 3 6 3 3 0 2 0 2 16 39
1886.64 2 5 3 3 1 2 0 2 16 39
1888.38 2 6 3 3 2 2 0 1 16 39
1890.57 2 6 2 2 2 3 0 1 16 39
1891.06 2 5 2 2 1 3 0 2 16 39
1891.58 2 4 2 2 0 3 0 3 16 39
1897.86 2 5 2 2 1 3 0 2 16 39
1902.02 1 4 2 2 2 3 0 2 16 39
1902.88 1 4 2 2 2 2 0 1 16 40
1921.42 1 3 2 2 1 2 0 2 16 40
1936.77 0 2 2 2 2 2 0 2 16 40
1945.3 0 1 2 2 1 2 0 3 16 40
1947.24 0 1 2 2 1 3 0 4 16 39
1952.69 0 2 2 2 2 3 0 3 16 39
1956.35 0 1 2 2 1 3 0 4 16 39
1957.82 0 1 3 3 1 2 0 4 16 39
1965.45 0 1 2 2 1 3 0 4 16 39
1974.07 0 2 2 2 1 3 1 4 15 39
1980.9 0 2 2 2 1 2 1 3 15 40
1995.14 0 2 1 1 1 3 1 3 15 40
2005.3 0 3 1 1 2 3 1 2 15 40
2007.78 0 2 1 1 1 3 1 3 15 40
2008.5 0 3 1 1 2 3 1 2 15 40
2011.72 1 4 1 1 1 3 1 2 15 40
2014.62 1 3 1 1 0 3 1 3 15 40
2052.28 1 3 1 1 0 2 1 2 15 41
2056.67 1 3 0 0 0 3 1 2 15 41
2057.75 1 2 0 0 0 3 0 2 16 41
2073.09 0 1 0 0 1 3 0 2 16 41
2083.78 1 2 0 0 0 3 0 2 16 41
2090.45 1 3 0 0 1 3 0 1 16 41
2099.73 2 4 0 0 0 3 0 1 16 41
2117.22 1 3 0 0 1 3 0 1 16 41
2123.57 1 3 0 0 0 2 1 1 16 41
2124.14 1 3 0 0 0 1 1 0 16 42
2141.91 0 2 0 0 1 1 1 0 16 42
2154.11 0 3 0 0 1 1 2 0 15 42
2161.45 0 2 0 0 1 1 1 0 16 42
2166.89 0 3 0 0 1 1 2 0 15 42
2168.28 0 2 0 0 1 1 1 0 16 42
2182.51 0 3 0 0 1 1 2 0 15 42
2185.63 0 4 0 0 1 1 3 0 14 42
2208.02 0 3 0 0 1 1 2 0 15 42
2227.68 0 2 0 0 1 1 1 0 16 42
2233.06 0 1 0 0 0 1 1 1 16 42
2239.46 0 0 0 0 0 1 0 1 17 42
2276.69 0 0 0 0 0 2 0 2 17 41
2281.25 0 0 0 0 0 1 0 1 17 42
2307.97 0 0 0 0 0 0 0 0 17 43
2336.75 0 1 0 0 0 0 1 0 16 43
2359.12 0 1 0 0 0 1 1 1 16 42
2381.61 0 1 0 0 0 2 1 2 16 41
2387.6 0 2 0 0 0 2 2 2 15 41
2414.8 0 1 0 0 0 2 1 2 16 41
2421.6 0 2 0 0 1 2 1 1 16 41
2430.95 0 3 0 0 1 2 2 1 15 41
2432.98 0 3 0 0 1 3 2 2 15 40
2434.97 0 3 1 1 1 2 2 2 15 40
2438.39 0 3 2 2 1 1 2 2 15 40
2438.91 0 3 1 1 1 2 2 2 15 40
2459.17 1 4 1 1 0 2 2 2 15 40
2467.32 1 4 0 0 0 3 2 2 15 40
2470.45 1 5 0 0 1 3 2 1 15 40
2473.38 1 5 1 1 1 2 2 1 15 40
2473.64 1 5 1 1 1 3 2 2 15 39
2484.23 1 4 1 1 1 3 1 2 16 39
2485.36 1 3 1 1 1 3 0 2 17 39
2492.59 1 2 1 1 0 3 0 3 17 39
2492.63 1 2 1 1 0 2 0 2 17 40
2498.87 1 2 2 2 0 1 0 2 17 40
2516.07 1 3 2 2 1 1 0 1 17 40
2523.97 1 4 2 2 2 1 0 0 17 40
2525.05 1 4 2 2 2 2 0 1 17 39
2527.14 1 4 2 2 1 1 1 1 17 39
2528.92 1 3 2 2 0 1 1 2 17 39
2534.21 1 4 2 2 0 1 2 2 16 39
2545.45 1 4 2 2 0 0 2 1 16 40
2545.93 1 3 2 2 0 0 1 1 17 40
2550.89 1 3 1 1 0 1 1 1 17 40
2558.38 1 3 1 1 0 0 1 0 17 41
2571.02 1 2 1 1 0 0 0 0 18 41
2572.44 0 1 1 1 1 0 0 0 18 41
2575.93 0 0 1 1 0 0 0 1 18 41
2595.75 0 0 1 1 0 1 0 2 18 40
2606.54 0 0 1 1 0 2 0 3 18 39
2615.92 0 1 1 1 0 2 1 3 17 39
2617.75 0 2 1 1 0 2 2 3 16 39
2622.28 0 2 2 2 0 1 2 3 16 39
2625.42 0 2 1 1 0 2 2 3 16 39
2625.84 0 2 1 1 0 1 2 2 16 40
2630.12 0 2 1 1 0 0 2 1 16 41
2663.31 0 3 1 1 1 0 2 0 16 41
2682.4 0 3 0 0 1 1 2 0 16 41
2689.6 1 4 0 0 0 1 2 0 16 41
2696.89 1 5 0 0 0 1 3 0 15 41
2705.21 1 4 0 0 0 1 2 0 16 41
2712.9 0 3 0 0 1 1 2 0 16 41
2713.61 0 2 0 0 1 1 1 0 17 41
2726.41 0 1 0 0 0 1 1 1 17 41
2789.36 0 2 0 0 1 1 1 0 17 41
2801.91 0 1 0 0 0 1 1 1 17 41
2817.03 0 1 0 0 0 0 1 0 17 42
2946.88 0 1 0 0 0 1 1 1 17 41
2952.18 0 2 0 0 0 1 2 1 16 41
2995.21 0 3 0 0 0 1 3 1 15 41
2995.26 0 3 1 1 0 0 3 1 15 41
2995.26 0 3 1 1 0 0 3 1 15 41
