0 60 120 60 60 0 0 0 0 0 0
0.00201682 59 119 60 60 1 0 0 0 0 0
0.0133924 59 119 59 59 1 1 0 0 0 0
0.0373889 59 119 58 58 1 2 0 0 0 0
0.0374073 58 118 58 58 2 2 0 0 0 0
0.0550988 57 117 58 58 3 2 0 0 0 0
0.0558313 56 116 58 58 4 2 0 0 0 0
0.09157 55 115 58 58 5 2 0 0 0 0
0.114336 54 114 58 58 6 2 0 0 0 0
0.114363 53 113 58 58 7 2 0 0 0 0
0.131344 52 112 58 58 8 2 0 0 0 0
0.132763 52 112 57 57 8 3 0 0 0 0
0.155178 51 111 57 57 9 3 0 0 0 0
0.165529 51 111 56 56 9 4 0 0 0 0
0.170971 51 111 55 55 9 5 0 0 0 0
0.173123 51 111 54 54 9 6 0 0 0 0
0.197812 51 111 53 53 9 7 0 0 0 0
0.198319 50 110 53 53 10 7 0 0 0 0
0.204393 49 109 53 53 11 7 0 0 0 0
0.223459 49 109 52 52 11 8 0 0 0 0
0.228105 48 108 52 52 12 8 0 0 0 0
0.233368 48 108 51 51 12 9 0 0 0 0
0.24133 48 108 50 50 12 10 0 0 0 0
0.243053 48 108 49 49 12 11 0 0 0 0
0.270315 48 107 49 49 11 11 0 1 0 0
0.29703 47 106 49 49 12 11 0 1 0 0
0.31717 46 105 49 49 13 11 0 1 0 0
0.340041 45 104 49 49 14 11 0 1 0 0
0.350616 45 104 48 48 14 12 0 1 0 0
0.382746 44 103 48 48 15 12 0 1 0 0
0.391347 45 104 48 48 14 12 0 1 0 0
0.393137 45 104 47 47 14 13 0 1 0 0
0.39879 45 103 47 47 13 13 0 2 0 0
0.416026 44 102 47 47 14 13 0 2 0 0
0.41636 44 102 46 46 14 14 0 2 0 0
0.479708 44 102 45 45 14 15 0 2 0 0
0.51123 44 102 44 44 14 16 0 2 0 0
0.527482 44 102 43 43 14 17 0 2 0 0
0.539613 43 101 43 43 15 17 0 2 0 0
0.551096 43 101 42 42 15 18 0 2 0 0
0.582072 43 101 41 41 15 19 0 2 0 0
0.61956 42 100 41 41 16 19 0 2 0 0
0.623977 41 99 41 41 17 19 0 2 0 0
0.625382 40 98 41 41 18 19 0 2 0 0
0.674099 39 97 41 41 19 19 0 2 0 0
0.687074 39 97 40 40 19 20 0 2 0 0
0.739811 38 96 40 40 20 20 0 2 0 0
0.755693 38 95 40 40 19 20 0 3 0 0
0.782107 38 94 40 40 18 20 0 4 0 0
0.821418 37 93 40 40 19 20 0 4 0 0
0.838983 36 92 40 40 20 20 0 4 0 0
0.840244 36 92 39 39 20 21 0 4 0 0
0.84279 35 91 39 39 21 21 0 4 0 0
0.866179 34 90 39 39 22 21 0 4 0 0
0.876138 34 89 39 39 21 21 0 5 0 0
0.941102 34 88 39 39 20 21 0 6 0 0
0.954526 33 87 39 39 21 21 0 6 0 0
0.985264 32 86 39 39 22 21 0 6 0 0
0.998997 31 85 39 39 23 21 0 6 0 0
1.00978 31 85 38 38 23 22 0 6 0 0
1.04251 30 84 38 38 24 22 0 6 0 0
1.07272 29 83 38 38 25 22 0 6 0 0
1.08871 29 83 38 38 24 21 1 6 0 0
1.1622 29 82 38 38 23 21 1 7 0 0
1.18012 28 81 38 38 24 21 1 7 0 0
1.18133 28 80 38 38 23 21 1 8 0 0
1.20746 28 79 38 38 22 21 1 9 0 0
1.22827 27 78 38 38 23 21 1 9 0 0
1.26453 27 77 38 38 22 21 1 10 0 0
1.27793 27 76 38 38 21 21 1 11 0 0
1.29306 27 76 37 37 21 22 1 11 0 0
1.30577 26 75 37 37 22 22 1 11 0 0
1.31221 26 74 37 37 21 22 1 12 0 0
1.33783 25 73 37 37 22 22 1 12 0 0
1.33854 25 73 37 37 22 21 1 11 0 1
1.342 24 72 37 37 23 21 1 11 0 1
1.4206 23 71 37 37 24 21 1 11 0 1
1.44077 23 71 36 36 24 22 1 11 0 1
1.44716 23 71 35 35 24 23 1 11 0 1
1.48413 22 70 35 35 25 23 1 11 0 1
1.49538 21 69 35 35 26 23 1 11 0 1
1.56555 21 69 35 35 26 22 1 10 0 2
1.63541 21 69 34 34 26 23 1 10 0 2
1.685 20 68 34 34 27 23 1 10 0 2
1.7305 20 67 34 34 26 23 1 11 0 2
1.79487 20 66 34 34 25 23 1 12 0 2
1.82588 20 65 34 34 24 23 1 13 0 2
1.83322 19 64 34 34 25 23 1 13 0 2
1.85273 18 63 34 34 26 23 1 13 0 2
1.88031 18 63 33 33 26 24 1 13 0 2
1.95128 18 63 32 32 26 25 1 13 0 2
1.96324 17 62 32 32 27 25 1 13 0 2
1.99228 16 61 32 32 28 25 1 13 0 2
2.00488 15 60 32 32 29 25 1 13 0 2
2.01968 15 59 32 32 28 25 1 14 0 2
2.04923 15 59 31 31 28 26 1 14 0 2
2.12499 15 59 31 31 27 25 2 14 0 2
2.17127 14 58 31 31 28 25 2 14 0 2
2.17376 14 58 30 30 28 26 2 14 0 2
2.19957 13 57 30 30 29 26 2 14 0 2
2.27013 13 56 30 30 29 26 1 14 1 2
2.27623 13 56 30 30 28 25 2 14 1 2
2.32511 13 55 30 30 27 25 2 15 1 2
2.34578 13 54 30 30 26 25 2 16 1 2
2.35634 13 54 30 30 26 24 2 15 1 3
2.40997 13 53 30 30 25 24 2 16 1 3
2.46994 13 53 30 30 25 23 2 15 1 4
2.47163 13 52 30 30 25 23 1 15 2 4
2.47173 13 51 30 30 24 23 1 16 2 4
2.48451 13 50 30 30 23 23 1 17 2 4
2.51078 12 49 30 30 24 23 1 17 2 4
2.51632 12 48 30 30 23 23 1 18 2 4
2.54067 11 47 30 30 24 23 1 18 2 4
2.55234 11 47 30 30 23 22 2 18 2 4
2.58244 11 47 29 29 23 23 2 18 2 4
2.60517 11 46 29 29 22 23 2 19 2 4
2.61887 11 46 28 28 22 24 2 19 2 4
2.79013 11 46 28 28 22 23 2 18 2 5
2.79024 11 45 28 28 22 23 1 18 3 5
2.80743 11 44 28 28 21 23 1 19 3 5
2.84015 11 44 28 28 21 22 1 18 3 6
2.8671 11 43 28 28 20 22 1 19 3 6
2.87972 11 43 28 28 19 21 2 19 3 6
2.95174 11 42 28 28 18 21 2 20 3 6
3.05669 11 42 28 28 18 20 2 19 3 7
3.10623 11 41 28 28 17 20 2 20 3 7
3.31162 11 41 27 27 17 21 2 20 3 7
3.39202 11 40 27 27 17 21 1 20 4 7
3.45099 11 40 27 27 17 20 1 19 4 8
3.67051 11 39 27 27 16 20 1 20 4 8
3.7811 11 38 27 27 16 20 0 20 5 8
3.83627 11 38 27 27 16 19 0 19 5 9
3.83732 11 38 26 26 16 20 0 19 5 9
3.851 12 39 26 26 15 20 0 19 5 9
3.85451 12 39 25 25 15 21 0 19 5 9
3.87427 12 39 24 24 15 22 0 19 5 9
3.93609 12 39 23 23 15 23 0 19 5 9
4.08528 11 38 23 23 16 23 0 19 5 9
4.10098 11 38 22 22 16 24 0 19 5 9
4.10965 11 38 22 22 16 23 0 18 5 10
4.20085 11 38 21 21 16 24 0 18 5 10
4.24363 11 38 20 20 16 25 0 18 5 10
4.29111 11 37 20 20 15 25 0 19 5 10
4.30565 11 37 20 20 15 24 0 18 5 11
4.33375 11 37 20 20 15 23 0 17 5 12
4.37061 11 37 20 20 15 22 0 16 5 13
4.43372 11 37 20 20 15 21 0 15 5 14
4.46668 11 37 19 19 15 22 0 15 5 14
4.54417 11 37 19 19 14 21 1 15 5 14
4.61831 11 37 18 18 14 22 1 15 5 14
4.6283 10 36 18 18 15 22 1 15 5 14
4.6553 10 36 17 17 15 23 1 15 5 14
4.73677 10 35 17 17 14 23 1 16 5 14
4.82157 9 34 17 17 15 23 1 16 5 14
5.0343 9 34 16 16 15 24 1 16 5 14
5.03703 9 34 15 15 15 25 1 16 5 14
5.10368 9 34 15 15 14 24 2 16 5 14
5.1546 9 34 15 15 14 23 2 15 5 15
5.30248 9 34 14 14 14 24 2 15 5 15
5.33729 9 34 14 14 14 23 2 14 5 16
5.51509 9 34 13 13 14 24 2 14 5 16
5.56055 9 33 13 13 13 24 2 15 5 16
5.71668 9 33 12 12 13 25 2 15 5 16
5.72743 9 32 12 12 13 25 1 15 6 16
5.77119 9 32 11 11 13 26 1 15 6 16
5.79564 9 31 11 11 12 26 1 16 6 16
5.90381 9 31 11 11 11 25 2 16 6 16
5.9383 9 30 11 11 10 25 2 17 6 16
6.08843 8 29 11 11 11 25 2 17 6 16
6.12133 8 29 11 11 10 24 3 17 6 16
6.28549 8 29 11 11 10 23 3 16 6 17
6.34832 8 28 11 11 9 23 3 17 6 17
6.5646 7 27 11 11 10 23 3 17 6 17
6.64594 7 27 11 11 9 22 4 17 6 17
6.75754 6 26 11 11 10 22 4 17 6 17
7.03489 6 25 11 11 9 22 4 18 6 17
7.16359 6 25 11 11 9 21 4 17 6 18
7.16656 6 24 11 11 8 21 4 18 6 18
7.18715 6 24 11 11 8 20 4 17 6 19
7.19287 6 23 11 11 8 20 3 17 7 19
7.5118 6 23 11 11 8 19 3 16 7 20
7.52339 6 23 11 11 7 18 4 16 7 20
7.79462 6 22 11 11 6 18 4 17 7 20
8.74318 6 22 11 11 5 17 5 17 7 20
8.81917 6 22 11 11 5 16 5 16 7 21
8.8978 6 22 11 11 5 15 5 15 7 22
9.06254 5 21 11 11 6 15 5 15 7 22
9.2219 5 20 11 11 6 15 4 15 8 22
9.50359 5 20 11 11 6 14 4 14 8 23
9.549 5 19 11 11 5 14 4 15 8 23
9.55835 5 19 11 11 5 13 4 14 8 24
10.2686 5 19 10 10 5 14 4 14 8 24
10.4064 4 18 10 10 6 14 4 14 8 24
10.4679 4 18 10 10 5 13 5 14 8 24
10.5004 4 18 10 10 5 12 5 13 8 25
10.5514 4 18 11 11 5 11 5 13 8 25
10.7562 4 18 11 11 5 10 5 12 8 26
11.021 4 17 11 11 5 10 4 12 9 26
11.306 4 17 10 10 5 11 4 12 9 26
11.3308 5 18 10 10 4 11 4 12 9 26
12.1493 5 17 10 10 4 11 3 12 10 26
12.2335 5 17 10 10 3 10 4 12 10 26
12.3448 4 16 10 10 4 10 4 12 10 26
12.3683 4 16 10 10 4 9 4 11 10 27
12.3771 4 16 10 10 4 8 4 10 10 28
12.6387 5 17 10 10 3 8 4 10 10 28
12.8182 5 17 10 10 2 7 5 10 10 28
13.3602 4 16 10 10 3 7 5 10 10 28
13.6081 5 17 10 10 2 7 5 10 10 28
13.8868 5 17 9 9 2 8 5 10 10 28
14.0408 5 17 8 8 2 9 5 10 10 28
14.4664 4 16 8 8 3 9 5 10 10 28
14.4847 4 15 8 8 2 9 5 11 10 28
14.6758 4 15 7 7 2 10 5 11 10 28
14.6961 4 14 7 7 2 10 4 11 11 28
15.3141 4 15 7 7 3 10 4 10 11 28
16.7611 4 15 8 8 3 9 4 10 11 28
17.0946 4 15 8 8 3 8 4 9 11 29
18.2191 4 15 7 7 3 9 4 9 11 29
18.4391 3 14 7 7 4 9 4 9 11 29
19.8801 2 13 7 7 5 9 4 9 11 29
19.9 2 12 7 7 4 9 4 10 11 29
20.2094 2 12 6 6 4 10 4 10 11 29
20.379 2 13 6 6 4 10 5 10 10 29
21.3735 2 13 5 5 4 11 5 10 10 29
21.8488 2 13 5 5 4 10 5 9 10 30
22.318 2 12 5 5 3 10 5 10 10 30
22.4485 2 11 5 5 3 10 4 10 11 30
23.2437 2 10 5 5 3 10 3 10 12 30
23.5563 2 10 4 4 3 11 3 10 12 30
23.647 2 10 4 4 3 10 3 9 12 31
24.8217 2 10 4 4 3 9 3 8 12 32
25.055 2 9 4 4 2 9 3 9 12 32
25.4542 2 9 4 4 2 8 3 8 12 33
25.5788 2 9 3 3 2 9 3 8 12 33
25.77 3 10 3 3 1 9 3 8 12 33
27.2754 3 10 3 3 1 8 3 7 12 34
27.9083 3 10 3 3 1 7 3 6 12 35
28.0427 2 9 3 3 2 7 3 6 12 35
28.563 2 10 3 3 3 7 3 5 12 35
29.7894 3 11 3 3 2 7 3 5 12 35
30.1411 3 10 3 3 1 7 3 6 12 35
30.9018 3 9 3 3 1 7 2 6 13 35
31.0968 3 9 3 3 1 6 2 5 13 36
31.4521 3 8 3 3 1 6 1 5 14 36
31.8093 3 8 3 3 1 5 1 4 14 37
35.0239 3 8 4 4 1 4 1 4 14 37
36.3093 3 8 4 4 1 3 1 3 14 38
37.838 3 9 4 4 2 3 1 2 14 38
38.7164 2 8 4 4 3 3 1 2 14 38
42.2285 2 8 3 3 3 4 1 2 14 38
45.3572 2 8 2 2 3 5 1 2 14 38
50.3001 2 7 2 2 2 5 1 3 14 38
50.6161 2 7 3 3 2 4 1 3 14 38
51.1935 2 6 3 3 2 4 0 3 15 38
51.5407 2 7 3 3 3 4 0 2 15 38
53.9312 2 6 3 3 2 4 0 3 15 38
55.3477 2 6 3 3 2 3 0 2 15 39
55.6096 2 6 2 2 2 4 0 2 15 39
58.3436 2 6 2 2 2 3 0 1 15 40
59.3718 1 5 2 2 3 3 0 1 15 40
63.8374 2 6 2 2 2 3 0 1 15 40
63.9098 2 5 2 2 1 3 0 2 15 40
65.5462 2 5 2 2 0 2 1 2 15 40
67.6836 1 4 2 2 1 2 1 2 15 40
69.5891 2 5 2 2 0 2 1 2 15 40
72.6307 2 5 3 3 0 1 1 2 15 40
72.9144 2 5 2 2 0 2 1 2 15 40
77.4321 2 5 3 3 0 1 1 2 15 40
80.8446 1 4 3 3 1 1 1 2 15 40
88.2868 1 4 2 2 1 2 1 2 15 40
104.358 1 3 2 2 1 2 0 2 16 40
105.689 1 3 2 2 1 1 0 1 16 41
120.576 2 4 2 2 0 1 0 1 16 41
121.764 2 4 1 1 0 2 0 1 16 41
130.91 2 4 1 1 0 1 0 0 16 42
137.476 1 3 1 1 1 1 0 0 16 42
146.924 1 2 1 1 0 1 0 1 16 42
173.9 0 1 1 1 1 1 0 1 16 42
175.204 0 2 1 1 2 1 0 0 16 42
189.849 1 3 1 1 1 1 0 0 16 42
196.933 2 4 1 1 0 1 0 0 16 42
209.416 1 3 1 1 1 1 0 0 16 42
223.717 2 4 1 1 0 1 0 0 16 42
241.479 2 4 0 0 0 2 0 0 16 42
244.665 1 3 0 0 1 2 0 0 16 42
245.134 1 3 1 1 1 1 0 0 16 42
247.602 1 3 2 2 1 0 0 0 16 42
258.95 1 4 2 2 1 0 1 0 15 42
264.694 0 3 2 2 2 0 1 0 15 42
271.76 1 4 2 2 1 0 1 0 15 42
274.111 1 5 2 2 1 0 2 0 14 42
280.68 0 4 2 2 2 0 2 0 14 42
285.343 0 3 2 2 2 0 1 0 15 42
301.965 0 2 2 2 2 0 0 0 16 42
317.497 0 1 2 2 1 0 0 1 16 42
319.858 0 2 2 2 1 0 1 1 15 42
320.172 0 2 1 1 1 1 1 1 15 42
344.555 0 1 1 1 1 1 0 1 16 42
347.454 0 1 1 1 1 0 0 0 16 43
350.149 1 2 1 1 0 0 0 0 16 43
361.645 1 2 1 1 0 1 0 1 16 42
380.361 1 2 1 1 0 0 0 0 16 43
394.244 1 3 1 1 0 0 1 0 15 43
411.055 1 3 1 1 0 1 1 1 15 42
414.581 1 3 2 2 0 0 1 1 15 42
418.341 1 3 1 1 0 1 1 1 15 42
425.29 1 3 1 1 0 2 1 2 15 41
430.795 1 4 1 1 1 2 1 1 15 41
437.139 1 3 1 1 0 2 1 2 15 41
450.02 1 3 1 1 0 1 1 1 15 42
452.03 1 3 1 1 0 2 1 2 15 41
466.637 1 4 1 1 0 2 2 2 14 41
478.791 1 3 1 1 0 2 1 2 15 41
478.944 1 4 1 1 1 2 1 1 15 41
483.183 1 5 1 1 1 2 2 1 14 41
486.853 0 4 1 1 2 2 2 1 14 41
488.558 1 5 1 1 1 2 2 1 14 41
491.924 1 5 1 1 0 1 3 1 14 41
498.623 1 4 1 1 0 1 2 1 15 41
511.508 1 4 1 1 0 2 2 2 15 40
517.424 1 5 1 1 0 2 3 2 14 40
521.769 1 5 1 1 1 3 2 2 14 40
522.849 1 5 2 2 1 2 2 2 14 40
524.018 0 4 2 2 2 2 2 2 14 40
527.656 0 5 2 2 2 2 3 2 13 40
529.565 0 4 2 2 2 2 2 2 14 40
530.097 0 4 2 2 2 1 2 1 14 41
530.338 0 4 2 2 2 2 2 2 14 40
530.971 0 5 2 2 3 2 2 1 14 40
531.449 0 4 2 2 3 2 1 1 15 40
532.363 0 3 2 2 3 2 0 1 16 40
536.846 0 2 2 2 2 2 0 2 16 40
537.228 0 2 3 3 2 1 0 2 16 40
539.573 0 2 2 2 2 2 0 2 16 40
543.167 0 2 3 3 2 1 0 2 16 40
553.736 0 3 3 3 2 1 1 2 15 40
555.97 0 2 3 3 1 1 1 3 15 40
558.214 0 2 2 2 1 2 1 3 15 40
565.018 0 2 2 2 1 1 1 2 15 41
572.491 1 3 2 2 0 1 1 2 15 41
583.369 1 4 2 2 1 1 1 1 15 41
584.841 0 3 2 2 2 1 1 1 15 41
588.892 1 4 2 2 1 1 1 1 15 41
607.042 1 4 1 1 1 2 1 1 15 41
609.555 1 5 1 1 1 2 2 1 14 41
611.757 1 4 1 1 1 2 1 1 15 41
623.091 1 5 1 1 2 2 1 0 15 41
623.944 0 4 1 1 3 2 1 0 15 41
625.455 0 3 1 1 2 2 1 1 15 41
633.339 0 3 1 1 1 1 2 1 15 41
644.291 0 2 1 1 1 1 1 1 16 41
644.468 0 3 1 1 1 1 2 1 15 41
646.105 1 4 1 1 0 1 2 1 15 41
662.794 0 3 1 1 1 1 2 1 15 41
663.042 0 2 1 1 0 1 2 2 15 41
667.28 0 1 1 1 0 1 1 2 16 41
684.361 0 1 2 2 0 0 1 2 16 41
701.151 0 2 2 2 1 0 1 1 16 41
722.281 0 1 2 2 1 0 0 1 17 41
774.566 0 2 2 2 1 0 1 1 16 41
790.849 1 3 2 2 0 0 1 1 16 41
811.128 1 3 1 1 0 1 1 1 16 41
817.845 1 3 1 1 0 2 1 2 16 40
825.698 1 3 0 0 0 3 1 2 16 40
832.407 1 3 0 0 0 2 1 1 16 41
841.664 1 3 1 1 0 1 1 1 16 41
842.955 1 2 1 1 0 1 0 1 17 41
859.197 1 3 1 1 0 1 1 1 16 41
859.566 1 2 1 1 0 1 0 1 17 41
864.749 1 2 1 1 0 2 0 2 17 40
866.502 1 2 1 1 0 1 0 1 17 41
898.581 0 1 1 1 1 1 0 1 17 41
902.207 1 2 1 1 0 1 0 1 17 41
905.607 1 3 1 1 1 1 0 0 17 41
909.62 1 4 1 1 1 1 1 0 16 41
913.573 1 4 2 2 1 0 1 0 16 41
919.508 1 3 2 2 0 0 1 1 16 41
939.585 1 3 2 2 0 1 1 2 16 40
943.385 1 2 2 2 0 1 0 2 17 40
965.31 1 2 2 2 0 2 0 3 17 39
965.355 1 2 2 2 0 1 0 2 17 40
972.044 1 3 2 2 1 1 0 1 17 40
973.567 1 4 2 2 1 1 1 1 16 40
976.919 2 5 2 2 0 1 1 1 16 40
984.736 1 4 2 2 1 1 1 1 16 40
986.662 0 3 2 2 2 1 1 1 16 40
989.628 0 3 3 3 2 0 1 1 16 40
999.862 0 3 2 2 2 1 1 1 16 40
1009.05 0 4 2 2 3 1 1 0 16 40
1017.3 1 5 2 2 2 1 1 0 16 40
1018.58 1 4 2 2 1 1 1 1 16 40
1020.75 0 3 2 2 2 1 1 1 16 40
1026.22 0 3 3 3 2 0 1 1 16 40
1045.8 0 4 3 3 3 0 1 0 16 40
1051.72 0 4 2 2 3 1 1 0 16 40
1052.23 0 3 2 2 3 1 0 0 17 40
1055.12 0 2 2 2 2 1 0 1 17 40
1071.1 0 1 2 2 1 1 0 2 17 40
1084.6 0 1 3 3 1 0 0 2 17 40
1098.98 0 1 2 2 1 1 0 2 17 40
1100.24 0 2 2 2 2 1 0 1 17 40
1105.22 0 1 2 2 1 1 0 2 17 40
1108.64 1 2 2 2 0 1 0 2 17 40
1111.58 1 3 2 2 1 1 0 1 17 40
1116.08 1 4 2 2 2 1 0 0 17 40
1118.23 1 4 1 1 2 2 0 0 17 40
1121.37 1 4 1 1 1 1 1 0 17 40
1127.9 1 5 1 1 1 1 2 0 16 40
1138.39 1 4 1 1 1 1 1 0 17 40
1139.45 1 3 1 1 1 1 0 0 18 40
1145.88 1 3 2 2 1 0 0 0 18 40
1151.19 0 2 2 2 2 0 0 0 18 40
1170.68 1 3 2 2 1 0 0 0 18 40
1177.43 1 3 1 1 1 1 0 0 18 40
1190.28 2 4 1 1 0 1 0 0 18 40
1193.84 1 3 1 1 1 1 0 0 18 40
1201.13 0 2 1 1 2 1 0 0 18 40
1206.51 0 2 1 1 1 0 1 0 18 40
1209.56 0 1 1 1 1 0 0 0 19 40
1210.41 1 2 1 1 0 0 0 0 19 40
1254.25 1 3 1 1 0 0 1 0 18 40
1261.54 1 3 1 1 1 1 0 0 18 40
1262.02 1 3 1 1 1 2 0 1 18 39
1265.6 0 2 1 1 2 2 0 1 18 39
1272.41 0 2 1 1 2 1 0 0 18 40
1280.59 0 3 1 1 2 1 1 0 17 40
1291.56 0 3 1 1 2 2 1 1 17 39
1291.86 0 2 1 1 1 2 1 2 17 39
1295.22 0 2 1 1 1 1 1 1 17 40
1299.98 0 3 1 1 2 1 1 0 17 40
1321.76 0 2 1 1 1 1 1 1 17 40
1322 1 3 1 1 0 1 1 1 17 40
1329.16 1 3 1 1 0 0 1 0 17 41
1335.11 0 2 1 1 1 0 1 0 17 41
1338.07 1 3 1 1 0 0 1 0 17 41
1345.12 1 3 1 1 0 1 1 1 17 40
1360.72 0 2 1 1 1 1 1 1 17 40
1365.05 0 1 1 1 1 1 0 1 18 40
1392.92 0 0 1 1 0 1 0 2 18 40
1414.32 0 1 1 1 0 1 1 2 17 40
1419.08 0 2 1 1 0 1 2 2 16 40
1430.81 0 3 1 1 1 1 2 1 16 40
1434.66 0 2 1 1 1 1 1 1 17 40
1450.94 0 1 1 1 1 1 0 1 18 40
1456.06 0 2 1 1 1 1 1 1 17 40
1496.89 0 2 2 2 1 0 1 1 17 40
1522.06 0 2 2 2 1 1 1 2 17 39
1533.29 1 3 2 2 0 1 1 2 17 39
1538.2 1 4 2 2 1 1 1 1 17 39
1539.29 1 4 1 1 1 2 1 1 17 39
1544.11 1 3 1 1 1 2 0 1 18 39
1554.7 2 4 1 1 0 2 0 1 18 39
1559.5 2 5 1 1 0 2 1 1 17 39
1560.96 2 4 1 1 0 2 0 1 18 39
1582.19 2 4 1 1 0 3 0 2 18 38
1597.9 2 4 2 2 0 2 0 2 18 38
1600.86 2 4 1 1 0 3 0 2 18 38
1603.67 1 3 1 1 1 3 0 2 18 38
1606.47 1 3 2 2 1 2 0 2 18 38
1612.58 1 3 1 1 1 3 0 2 18 38
1615.75 1 2 1 1 0 3 0 3 18 38
1616.37 1 2 2 2 0 2 0 3 18 38
1623.89 0 1 2 2 1 2 0 3 18 38
1634.69 0 2 2 2 2 2 0 2 18 38
1635.14 0 2 2 2 2 3 0 3 18 37
1643.28 0 1 2 2 1 3 0 4 18 37
1647.5 0 1 2 2 1 2 0 3 18 38
1647.94 0 2 2 2 2 2 0 2 18 38
1656.48 1 3 2 2 1 2 0 2 18 38
1659.89 1 3 1 1 1 3 0 2 18 38
1661.91 2 4 1 1 0 3 0 2 18 38
1662 1 3 1 1 1 3 0 2 18 38
1662.31 2 4 1 1 0 3 0 2 18 38
1667.1 2 4 1 1 0 2 0 1 18 39
1674.76 2 4 2 2 0 1 0 1 18 39
1676.98 2 5 2 2 1 1 0 0 18 39
1690.47 2 4 2 2 0 1 0 1 18 39
1695.4 1 3 2 2 1 1 0 1 18 39
1697.55 2 4 2 2 0 1 0 1 18 39
1709.23 2 4 1 1 0 2 0 1 18 39
1712.96 1 3 1 1 1 2 0 1 18 39
1713.22 1 3 1 1 1 3 0 2 18 38
1715.44 1 4 1 1 2 3 0 1 18 38
1716.02 1 4 2 2 2 2 0 1 18 38
1718.36 1 3 2 2 1 2 0 2 18 38
1732.92 1 3 1 1 1 3 0 2 18 38
1733 0 2 1 1 2 3 0 2 18 38
1735.96 0 3 1 1 3 3 0 1 18 38
1737.67 0 4 1 1 4 3 0 0 18 38
1740.32 0 4 0 0 4 4 0 0 18 38
1741.36 0 4 0 0 3 3 1 0 18 38
1741.62 1 5 0 0 2 3 1 0 18 38
1742.33 1 4 0 0 1 3 1 1 18 38
1750.92 1 4 0 0 1 2 1 0 18 39
1765.1 1 3 0 0 1 2 0 0 19 39
1778.88 1 3 1 1 1 1 0 0 19 39
1782.33 0 2 1 1 2 1 0 0 19 39
1785.45 0 1 1 1 1 1 0 1 19 39
1816.2 0 1 2 2 1 0 0 1 19 39
1836.64 0 2 2 2 1 0 1 1 18 39
1836.97 0 2 1 1 1 1 1 1 18 39
1837.9 0 2 1 1 1 2 1 2 18 38
1845.96 0 2 1 1 1 1 1 1 18 39
1847.16 0 2 1 1 1 2 1 2 18 38
1853.28 0 2 1 1 1 1 1 1 18 39
1853.75 0 2 1 1 0 0 2 1 18 39
1862.72 0 2 1 1 0 1 2 2 18 38
1863.95 0 1 1 1 0 1 1 2 19 38
1877.36 0 1 0 0 0 2 1 2 19 38
1878.37 0 1 1 1 0 1 1 2 19 38
1888.52 0 0 1 1 0 1 0 2 20 38
1913.39 0 0 1 1 0 0 0 1 20 39
1942.89 0 0 1 1 0 1 0 2 20 38
1953.14 0 0 2 2 0 0 0 2 20 38
1964.72 0 1 2 2 1 0 0 1 20 38
2007.15 0 0 2 2 0 0 0 2 20 38
2008.91 0 0 2 2 0 1 0 3 20 37
2018.33 0 0 1 1 0 2 0 3 20 37
2027.04 0 0 1 1 0 1 0 2 20 38
2059.69 0 1 1 1 1 1 0 1 20 38
2066.62 0 1 0 0 1 2 0 1 20 38
2068.45 0 1 0 0 0 1 1 1 20 38
2069.73 0 2 0 0 1 1 1 0 20 38
2080.45 0 1 0 0 0 1 1 1 20 38
2085.16 0 1 1 1 0 0 1 1 20 38
2092.23 0 0 1 1 0 0 0 1 21 38
2113.44 0 0 1 1 0 1 0 2 21 37
2129.09 0 1 1 1 1 1 0 1 21 37
2132.68 0 2 1 1 2 1 0 0 21 37
2152.61 0 2 1 1 1 0 1 0 21 37
2162.57 0 1 1 1 1 0 0 0 22 37
2172.4 1 2 1 1 0 0 0 0 22 37
2234.97 1 2 1 1 0 1 0 1 22 36
2244.92 1 2 1 1 0 0 0 0 22 37
2285.43 1 3 1 1 0 0 1 0 21 37
2309.49 1 4 1 1 0 0 2 0 20 37
2313.09 1 4 1 1 0 1 2 1 20 36
2314.96 1 3 1 1 0 1 1 1 21 36
2318.58 0 2 1 1 1 1 1 1 21 36
2320.35 1 3 1 1 0 1 1 1 21 36
2328.16 1 3 1 1 0 0 1 0 21 37
2333.88 1 4 1 1 0 0 2 0 20 37
2341.54 1 4 1 1 0 1 2 1 20 36
2344.99 0 3 1 1 1 1 2 1 20 36
2346.83 0 3 2 2 1 0 2 1 20 36
2355.23 0 2 2 2 1 0 1 1 21 36
2356.95 0 3 2 2 2 0 1 0 21 36
2361.02 0 4 2 2 2 0 2 0 20 36
2362.24 0 4 1 1 2 1 2 0 20 36
2368.27 0 5 1 1 2 1 3 0 19 36
2370.03 0 4 1 1 2 1 2 0 20 36
2372.27 0 3 1 1 2 1 1 0 21 36
2377.94 0 2 1 1 1 1 1 1 21 36
2379.74 0 2 1 1 0 0 2 1 21 36
2387.83 0 3 1 1 0 0 3 1 20 36
2392.85 0 3 1 1 0 1 3 2 20 35
2405.38 0 2 1 1 0 1 2 2 21 35
2406.85 0 2 2 2 0 0 2 2 21 35
2424.3 0 1 2 2 0 0 1 2 22 35
2429.53 0 1 2 2 0 1 1 3 22 34
2445.27 0 1 2 2 0 2 1 4 22 33
2457.52 0 1 2 2 0 3 1 5 22 32
2458.51 0 1 3 3 0 2 1 5 22 32
2459.19 0 1 3 3 0 1 1 4 22 33
2461.39 0 1 2 2 0 2 1 4 22 33
2465.39 0 1 2 2 0 1 1 3 22 34
2469.81 0 1 1 1 0 2 1 3 22 34
2474.33 0 1 0 0 0 3 1 3 22 34
2478.66 0 1 0 0 0 2 1 2 22 35
2500.7 0 0 0 0 0 2 0 2 23 35
2552.7 0 1 0 0 0 2 1 2 22 35
2586.87 0 1 0 0 0 1 1 1 22 36
2589.36 0 1 0 0 0 2 1 2 22 35
2592.95 0 0 0 0 0 2 0 2 23 35
2605.34 0 0 1 1 0 1 0 2 23 35
2606.44 0 1 1 1 0 1 1 2 22 35
2621.7 0 1 0 0 0 2 1 2 22 35
2629.74 0 0 0 0 0 2 0 2 23 35
2633.98 0 0 0 0 0 1 0 1 23 36
2643.52 0 1 0 0 0 1 1 1 22 36
2657.11 0 0 0 0 0 1 0 1 23 36
2665.39 0 0 0 0 0 0 0 0 23 37
2721.57 0 1 0 0 0 0 1 0 22 37
2820.74 0 1 0 0 0 1 1 1 22 36
2829.55 0 1 0 0 0 0 1 0 22 37
2835.46 0 2 0 0 0 0 2 0 21 37
2838.92 0 2 0 0 0 1 2 1 21 36
2842.05 0 3 0 0 0 1 3 1 20 36
2844.57 0 2 0 0 0 1 2 1 21 36
2849.01 0 1 0 0 0 1 1 1 22 36
2852.41 0 2 0 0 0 1 2 1 21 36
2859.59 0 1 0 0 0 1 1 1 22 36
2866.89 0 1 0 0 0 2 1 2 22 35
2885.51 0 1 0 0 0 1 1 1 22 36
2905.85 0 2 0 0 1 1 1 0 22 36
2909.91 0 3 0 0 1 1 2 0 21 36
2910.72 0 2 0 0 1 1 1 0 22 36
2913.72 0 1 0 0 1 1 0 0 23 36
2922.14 0 2 0 0 1 1 1 0 22 36
2923.24 0 1 0 0 1 1 0 0 23 36
2924.21 0 2 0 0 1 1 1 0 22 36
2927.09 0 3 0 0 1 1 2 0 21 36
2931.61 0 2 0 0 0 1 2 1 21 36
2941.73 0 1 0 0 0 1 1 1 22 36
2941.73 0 1 0 0 0 1 1 1 22 36
