0 60 120 60 60 0 0 0 0 0 0
0.00181618 60 120 59 59 0 1 0 0 0 0
0.00389925 59 119 59 59 1 1 0 0 0 0
0.00711908 58 118 59 59 2 1 0 0 0 0
0.00731203 57 117 59 59 3 1 0 0 0 0
0.0215746 57 117 58 58 3 2 0 0 0 0
0.0224277 56 116 58 58 4 2 0 0 0 0
0.0480149 55 115 58 58 5 2 0 0 0 0
0.065595 54 114 58 58 6 2 0 0 0 0
0.0820925 53 113 58 58 7 2 0 0 0 0
0.0916059 52 112 58 58 8 2 0 0 0 0
0.09981 51 111 58 58 9 2 0 0 0 0
0.100747 51 111 57 57 9 3 0 0 0 0
0.107314 51 111 56 56 9 4 0 0 0 0
0.127264 50 110 56 56 10 4 0 0 0 0
0.129321 49 109 56 56 11 4 0 0 0 0
0.135305 49 109 55 55 11 5 0 0 0 0
0.166904 48 108 55 55 12 5 0 0 0 0
0.169003 48 107 55 55 11 5 0 1 0 0
0.17484 48 107 54 54 11 6 0 1 0 0
0.176453 47 106 54 54 12 6 0 1 0 0
0.185314 47 106 53 53 12 7 0 1 0 0
0.192573 47 106 52 52 12 8 0 1 0 0
0.205078 47 105 52 52 11 8 0 2 0 0
0.207227 47 105 51 51 11 9 0 2 0 0
0.208938 46 104 51 51 12 9 0 2 0 0
0.228638 45 103 51 51 13 9 0 2 0 0
0.230703 44 102 51 51 14 9 0 2 0 0
0.254595 43 101 51 51 15 9 0 2 0 0
0.257382 42 100 51 51 16 9 0 2 0 0
0.31031 42 100 50 50 16 10 0 2 0 0
0.312809 42 100 49 49 16 11 0 2 0 0
0.326577 42 99 49 49 15 11 0 3 0 0
0.353683 41 98 49 49 16 11 0 3 0 0
0.356271 41 97 49 49 15 11 0 4 0 0
0.388932 41 97 48 48 15 12 0 4 0 0
0.391167 41 97 47 47 15 13 0 4 0 0
0.400471 40 96 47 47 16 13 0 4 0 0
0.416627 39 95 47 47 17 13 0 4 0 0
0.433695 38 94 47 47 18 13 0 4 0 0
0.438511 37 93 47 47 19 13 0 4 0 0
0.446622 36 92 47 47 20 13 0 4 0 0
0.452464 36 92 46 46 20 14 0 4 0 0
0.476297 36 91 46 46 19 14 0 5 0 0
0.55046 35 90 46 46 20 14 0 5 0 0
0.566945 34 89 46 46 21 14 0 5 0 0
0.570669 33 88 46 46 22 14 0 5 0 0
0.576109 32 87 46 46 23 14 0 5 0 0
0.603121 32 86 46 46 22 14 0 6 0 0
0.61453 31 85 46 46 23 14 0 6 0 0
0.618287 31 85 46 46 22 13 1 6 0 0
0.621244 31 85 46 46 21 12 2 6 0 0
0.638757 31 85 45 45 21 13 2 6 0 0
0.670618 31 84 45 45 20 13 2 7 0 0
0.685537 31 84 44 44 20 14 2 7 0 0
0.734823 30 83 44 44 21 14 2 7 0 0
0.73765 30 82 44 44 21 14 1 7 1 0
0.763147 30 82 43 43 21 15 1 7 1 0
0.792931 30 82 42 42 21 16 1 7 1 0
0.80584 29 81 42 42 22 16 1 7 1 0
0.813839 29 81 42 42 22 15 1 6 1 1
0.838407 29 81 41 41 22 16 1 6 1 1
0.869438 28 80 41 41 23 16 1 6 1 1
0.87515 28 80 40 40 23 17 1 6 1 1
0.950931 27 79 40 40 24 17 1 6 1 1
0.962527 27 78 40 40 23 17 1 7 1 1
1.03387 27 78 39 39 23 18 1 7 1 1
1.04705 27 78 38 38 23 19 1 7 1 1
1.04915 27 77 38 38 22 19 1 8 1 1
1.07966 27 77 37 37 22 20 1 8 1 1
1.10398 27 77 36 36 22 21 1 8 1 1
1.1146 26 76 36 36 23 21 1 8 1 1
1.16969 26 75 36 36 22 21 1 9 1 1
1.17406 25 74 36 36 23 21 1 9 1 1
1.19024 25 74 35 35 23 22 1 9 1 1
1.20212 24 73 35 35 24 22 1 9 1 1
1.22814 24 73 35 35 24 21 1 8 1 2
1.23604 24 73 35 35 23 20 2 8 1 2
1.32298 24 73 34 34 23 21 2 8 1 2
1.38233 23 72 34 34 24 21 2 8 1 2
1.38674 23 71 34 34 23 21 2 9 1 2
1.38862 23 70 34 34 22 21 2 10 1 2
1.43786 23 70 33 33 22 22 2 10 1 2
1.46663 22 69 33 33 23 22 2 10 1 2
1.50247 22 68 33 33 23 22 1 10 2 2
1.52343 22 67 33 33 23 22 0 10 3 2
1.65796 21 66 33 33 24 22 0 10 3 2
1.66159 20 65 33 33 25 22 0 10 3 2
1.73727 20 64 33 33 24 22 0 11 3 2
1.7599 20 64 33 33 23 21 1 11 3 2
1.82577 19 63 33 33 24 21 1 11 3 2
1.83166 19 63 32 32 24 22 1 11 3 2
1.92139 19 63 32 32 23 21 2 11 3 2
1.99753 18 62 32 32 24 21 2 11 3 2
2.07942 17 61 32 32 25 21 2 11 3 2
2.13729 17 60 32 32 24 21 2 12 3 2
2.1408 16 59 32 32 25 21 2 12 3 2
2.14753 15 58 32 32 26 21 2 12 3 2
2.16451 14 57 32 32 27 21 2 12 3 2
2.22781 14 56 32 32 26 21 2 13 3 2
2.23516 14 55 32 32 25 21 2 14 3 2
2.25785 14 54 32 32 24 21 2 15 3 2
2.2677 14 54 31 31 24 22 2 15 3 2
2.27022 14 53 31 31 23 22 2 16 3 2
2.34516 14 53 30 30 23 23 2 16 3 2
2.37513 14 53 29 29 23 24 2 16 3 2
2.4001 14 53 28 28 23 25 2 16 3 2
2.41216 14 52 28 28 23 25 1 16 4 2
2.41929 14 51 28 28 22 25 1 17 4 2
2.43576 14 51 28 28 22 24 1 16 4 3
2.71 14 50 28 28 21 24 1 17 4 3
2.71779 14 50 28 28 21 23 1 16 4 4
2.72174 14 49 28 28 20 23 1 17 4 4
2.72329 14 49 28 28 19 22 2 17 4 4
2.73247 13 48 28 28 20 22 2 17 4 4
2.77396 13 47 28 28 19 22 2 18 4 4
2.78715 13 47 28 28 19 21 2 17 4 5
2.82524 13 47 28 28 18 20 3 17 4 5
2.87997 13 47 27 27 18 21 3 17 4 5
2.93048 13 47 26 26 18 22 3 17 4 5
2.943 13 46 26 26 17 22 3 18 4 5
2.96204 13 46 25 25 17 23 3 18 4 5
3.1222 13 46 24 24 17 24 3 18 4 5
3.13118 13 46 24 24 17 23 3 17 4 6
3.2102 13 46 24 24 16 22 4 17 4 6
3.22346 12 45 24 24 17 22 4 17 4 6
3.28421 12 44 24 24 17 22 3 17 5 6
3.40425 12 44 23 23 17 23 3 17 5 6
3.48072 11 43 23 23 18 23 3 17 5 6
3.4987 10 42 23 23 19 23 3 17 5 6
3.59044 9 41 23 23 20 23 3 17 5 6
3.61367 9 41 23 23 20 22 3 16 5 7
3.61485 8 40 23 23 21 22 3 16 5 7
3.66329 8 40 22 22 21 23 3 16 5 7
3.70987 8 39 22 22 20 23 3 17 5 7
3.72948 8 39 21 21 20 24 3 17 5 7
3.7675 8 39 21 21 19 23 4 17 5 7
3.81292 8 38 21 21 18 23 4 18 5 7
3.82937 8 38 20 20 18 24 4 18 5 7
3.88294 8 38 20 20 18 23 4 17 5 8
3.89987 8 38 19 19 18 24 4 17 5 8
4.01562 7 37 19 19 19 24 4 17 5 8
4.03315 7 37 18 18 19 25 4 17 5 8
4.1171 8 38 18 18 18 25 4 17 5 8
4.18978 8 38 18 18 18 24 4 16 5 9
4.18995 8 37 18 18 18 24 3 16 6 9
4.40834 8 36 18 18 17 24 3 17 6 9
4.47232 7 35 18 18 18 24 3 17 6 9
4.49547 7 35 18 18 18 23 3 16 6 10
4.5791 6 34 18 18 19 23 3 16 6 10
4.62468 6 34 19 19 19 22 3 16 6 10
4.70576 5 33 19 19 20 22 3 16 6 10
4.77635 5 32 19 19 19 22 3 17 6 10
4.81877 5 32 18 18 19 23 3 17 6 10
5.11667 5 32 18 18 19 22 3 16 6 11
5.33581 5 32 18 18 19 21 3 15 6 12
5.51022 5 32 17 17 19 22 3 15 6 12
5.5258 5 32 17 17 19 21 3 14 6 13
5.59056 4 31 17 17 20 21 3 14 6 13
5.607 4 30 17 17 19 21 3 15 6 13
6.27055 4 30 17 17 19 20 3 14 6 14
6.40858 3 29 17 17 20 20 3 14 6 14
6.4751 3 28 17 17 19 20 3 15 6 14
6.7422 3 28 16 16 19 21 3 15 6 14
6.83603 3 28 16 16 18 20 4 15 6 14
6.95304 3 28 16 16 18 19 4 14 6 15
7.05723 3 27 16 16 17 19 4 15 6 15
7.07399 3 26 16 16 16 19 4 16 6 15
7.18948 3 26 16 16 15 18 5 16 6 15
7.21675 3 26 16 16 14 17 6 16 6 15
7.33548 3 26 16 16 14 16 6 15 6 16
7.61358 3 26 16 16 13 15 7 15 6 16
7.61512 3 26 16 16 13 14 7 14 6 17
7.77655 3 25 16 16 13 14 6 14 7 17
7.78525 2 24 16 16 14 14 6 14 7 17
8.02529 2 24 16 16 14 13 6 13 7 18
8.04658 2 24 16 16 13 12 7 13 7 18
8.05188 2 24 16 16 12 11 8 13 7 18
8.07233 2 25 16 16 13 11 8 12 7 18
8.18154 2 25 15 15 13 12 8 12 7 18
8.32161 2 24 15 15 12 12 8 13 7 18
8.32171 2 23 15 15 11 12 8 14 7 18
8.52745 2 23 15 15 11 11 8 13 7 19
8.7022 2 22 15 15 11 11 7 13 8 19
8.93404 1 21 15 15 12 11 7 13 8 19
8.96536 1 20 15 15 12 11 6 13 9 19
8.99284 1 20 15 15 12 10 6 12 9 20
9.00983 1 20 15 15 12 9 6 11 9 21
9.05754 1 20 14 14 12 10 6 11 9 21
9.30293 1 19 14 14 11 10 6 12 9 21
9.61592 1 19 14 14 10 9 7 12 9 21
9.70716 0 18 14 14 11 9 7 12 9 21
9.784 0 17 14 14 10 9 7 13 9 21
10.0293 0 16 14 14 10 9 6 13 10 21
10.1454 0 15 14 14 9 9 6 14 10 21
10.2251 0 15 14 14 9 8 6 13 10 22
10.4546 0 14 14 14 8 8 6 14 10 22
10.6094 0 13 14 14 7 8 6 15 10 22
10.7689 0 13 14 14 7 7 6 14 10 23
11.4519 0 12 14 14 6 7 6 15 10 23
11.5023 0 12 14 14 6 6 6 14 10 24
11.9292 0 11 14 14 5 6 6 15 10 24
12.0141 0 11 13 13 5 7 6 15 10 24
12.2298 0 10 13 13 5 7 5 15 11 24
12.6657 0 10 13 13 5 6 5 14 11 25
13.2458 0 10 13 13 4 5 6 14 11 25
14.2221 0 10 13 13 4 4 6 13 11 26
14.5565 0 9 13 13 3 4 6 14 11 26
14.9854 0 8 13 13 2 4 6 15 11 26
15.5978 0 8 13 13 2 3 6 14 11 27
16.0373 1 9 13 13 1 3 6 14 11 27
16.1501 1 8 13 13 1 3 5 14 12 27
16.3954 1 8 12 12 1 4 5 14 12 27
16.9955 1 8 11 11 1 5 5 14 12 27
18.2978 1 8 10 10 1 6 5 14 12 27
18.403 2 9 10 10 0 6 5 14 12 27
19.1488 1 8 10 10 1 6 5 14 12 27
19.4409 1 9 10 10 2 6 5 13 12 27
20.3747 1 9 9 9 2 7 5 13 12 27
20.7401 1 8 9 9 2 7 4 13 13 27
20.8905 1 8 9 9 2 6 4 12 13 28
21.0238 1 8 9 9 2 5 4 11 13 29
21.5644 1 8 8 8 2 6 4 11 13 29
21.9622 1 8 8 8 2 5 4 10 13 30
22.0524 1 8 8 8 2 4 4 9 13 31
22.3887 1 8 7 7 2 5 4 9 13 31
22.7101 1 7 7 7 2 5 3 9 14 31
22.743 1 7 6 6 2 6 3 9 14 31
23.0532 1 7 5 5 2 7 3 9 14 31
23.9415 1 7 5 5 2 6 3 8 14 32
24.4239 1 7 4 4 2 7 3 8 14 32
24.821 1 7 4 4 2 6 3 7 14 33
26.6855 1 7 4 4 1 5 4 7 14 33
26.9845 1 6 4 4 1 5 3 7 15 33
28.8996 1 6 4 4 0 4 4 7 15 33
29.4866 1 7 4 4 1 4 4 6 15 33
29.6815 1 6 4 4 1 4 3 6 16 33
30.0796 1 6 4 4 0 3 4 6 16 33
30.8271 1 5 4 4 0 3 3 6 17 33
41.5311 1 5 4 4 0 2 3 5 17 34
50.0649 1 5 4 4 0 1 3 4 17 35
50.8054 1 4 4 4 0 1 2 4 18 35
61.4151 1 4 4 4 0 0 2 3 18 36
61.7864 1 3 4 4 0 0 1 3 19 36
61.9747 1 3 3 3 0 1 1 3 19 36
65.8917 1 2 3 3 0 1 0 3 20 36
71.9532 1 2 2 2 0 2 0 3 20 36
78.649 1 2 2 2 0 1 0 2 20 37
89.6973 0 1 2 2 1 1 0 2 20 37
91.1841 1 2 2 2 0 1 0 2 20 37
100.727 1 2 2 2 0 0 0 1 20 38
110.02 1 2 1 1 0 1 0 1 20 38
110.66 1 2 0 0 0 2 0 1 20 38
120.042 1 3 0 0 0 2 1 1 19 38
125.679 1 3 0 0 0 1 1 0 19 39
152.798 1 2 0 0 0 1 0 0 20 39
198.666 1 2 0 0 0 2 0 1 20 38
217.294 0 1 0 0 1 2 0 1 20 38
222.366 0 0 0 0 0 2 0 2 20 38
223.847 0 1 0 0 0 2 1 2 19 38
233.725 0 1 0 0 0 1 1 1 19 39
271.951 0 2 0 0 1 1 1 0 19 39
281.025 1 3 0 0 0 1 1 0 19 39
296.771 1 4 0 0 0 1 2 0 18 39
301.044 0 3 0 0 1 1 2 0 18 39
311.092 0 3 0 0 1 2 2 1 18 38
313.982 0 3 0 0 2 3 1 1 18 38
322.512 1 4 0 0 1 3 1 1 18 38
339.991 2 5 0 0 0 3 1 1 18 38
348.964 2 4 0 0 0 3 0 1 19 38
364.105 1 3 0 0 1 3 0 1 19 38
377.189 1 3 0 0 0 2 1 1 19 38
392.8 1 2 0 0 0 2 0 1 20 38
404.318 1 3 0 0 1 2 0 0 20 38
410.423 1 3 0 0 0 1 1 0 20 38
424.217 1 3 0 0 0 2 1 1 20 37
428.344 1 3 0 0 0 1 1 0 20 38
433.942 0 2 0 0 1 1 1 0 20 38
435.09 0 2 0 0 1 2 1 1 20 37
436.43 1 3 0 0 0 2 1 1 20 37
462.503 0 2 0 0 1 2 1 1 20 37
469.232 0 2 1 1 1 1 1 1 20 37
470.159 1 3 1 1 0 1 1 1 20 37
483.346 1 3 1 1 0 2 1 2 20 36
493.786 1 3 1 1 0 1 1 1 20 37
500.586 1 2 1 1 0 1 0 1 21 37
504.905 1 3 1 1 0 1 1 1 20 37
509.827 1 3 1 1 0 2 1 2 20 36
509.895 0 2 1 1 1 2 1 2 20 36
512.205 1 3 1 1 0 2 1 2 20 36
520.686 0 2 1 1 1 2 1 2 20 36
526.763 0 3 1 1 2 2 1 1 20 36
530.516 0 3 0 0 2 3 1 1 20 36
548.051 0 2 0 0 1 3 1 2 20 36
548.259 0 3 0 0 2 3 1 1 20 36
548.889 0 3 0 0 1 2 2 1 20 36
548.916 0 2 0 0 1 2 1 1 21 36
551.769 0 3 0 0 2 2 1 0 21 36
552.481 0 3 0 0 2 3 1 1 21 35
553.344 0 3 0 0 1 2 2 1 21 35
558.976 0 2 0 0 1 2 1 1 22 35
564.963 0 1 0 0 1 2 0 1 23 35
565.446 0 1 0 0 0 1 1 1 23 35
615.098 0 1 0 0 0 2 1 2 23 34
639.927 0 2 0 0 1 2 1 1 23 34
646.414 0 2 0 0 1 1 1 0 23 35
649.231 0 3 0 0 1 1 2 0 22 35
658.243 0 2 0 0 1 1 1 0 23 35
660.038 0 1 0 0 0 1 1 1 23 35
667.477 0 2 0 0 1 1 1 0 23 35
685.29 1 3 0 0 0 1 1 0 23 35
687.53 0 2 0 0 1 1 1 0 23 35
689.871 1 3 0 0 0 1 1 0 23 35
718.661 1 4 0 0 0 1 2 0 22 35
724.262 1 4 0 0 0 2 2 1 22 34
725.532 1 5 0 0 1 2 2 0 22 34
731.764 1 4 0 0 1 2 1 0 23 34
756.893 1 4 0 0 0 1 2 0 23 34
764.92 0 3 0 0 1 1 2 0 23 34
779.892 0 2 0 0 0 1 2 1 23 34
782.276 0 2 0 0 1 2 1 1 23 34
783.761 0 2 1 1 1 1 1 1 23 34
791.642 0 1 1 1 1 1 0 1 24 34
793.453 0 1 1 1 1 0 0 0 24 35
805.98 1 2 1 1 0 0 0 0 24 35
858.912 1 3 1 1 0 0 1 0 23 35
931.35 1 3 1 1 0 1 1 1 23 34
932.407 1 4 1 1 0 1 2 1 22 34
937.651 1 4 1 1 0 2 2 2 22 33
941.105 1 5 1 1 1 2 2 1 22 33
941.418 1 4 1 1 1 2 1 1 23 33
942.403 1 4 0 0 1 3 1 1 23 33
944.723 1 5 0 0 1 3 2 1 22 33
948.32 1 5 0 0 1 4 2 2 22 32
948.588 1 5 0 0 1 3 2 1 22 33
951.807 2 6 0 0 0 3 2 1 22 33
959.88 1 5 0 0 1 3 2 1 22 33
964.093 1 4 0 0 0 3 2 2 22 33
968.545 1 3 0 0 0 3 1 2 23 33
969.964 1 4 0 0 1 3 1 1 23 33
971.916 1 5 0 0 1 3 2 1 22 33
973.97 1 5 0 0 1 2 2 0 22 34
974.989 1 4 0 0 1 2 1 0 23 34
979.481 1 4 0 0 0 1 2 0 23 34
985.377 0 3 0 0 1 1 2 0 23 34
998.173 0 2 0 0 1 1 1 0 24 34
1010.23 0 2 0 0 0 0 2 0 24 34
1019.19 0 2 0 0 0 1 2 1 24 33
1020.79 0 2 0 0 0 2 2 2 24 32
1021.24 0 3 0 0 1 2 2 1 24 32
1025.5 0 2 0 0 0 2 2 2 24 32
1030.73 0 2 0 0 1 3 1 2 24 32
1033.33 0 3 0 0 1 3 2 2 23 32
1042.11 0 3 0 0 0 2 3 2 23 32
1064.53 0 4 0 0 1 2 3 1 23 32
1064.95 1 5 0 0 0 2 3 1 23 32
1065.82 1 4 0 0 0 2 2 1 24 32
1072.06 1 4 0 0 0 1 2 0 24 33
1072.33 1 5 0 0 0 1 3 0 23 33
1073.03 1 4 0 0 0 1 2 0 24 33
1074.15 0 3 0 0 1 1 2 0 24 33
1075.57 0 2 0 0 1 1 1 0 25 33
1101.8 1 3 0 0 0 1 1 0 25 33
1123.49 1 3 0 0 0 2 1 1 25 32
1132.38 0 2 0 0 1 2 1 1 25 32
1134.58 0 3 0 0 2 2 1 0 25 32
1138.83 0 2 0 0 2 2 0 0 26 32
1144.61 0 2 0 0 1 1 1 0 26 32
1168.2 0 2 1 1 1 0 1 0 26 32
1191.89 0 1 1 1 1 0 0 0 27 32
1201.66 0 1 0 0 1 1 0 0 27 32
1204.31 1 2 0 0 0 1 0 0 27 32
1216.9 0 1 0 0 1 1 0 0 27 32
1283.14 0 1 1 1 1 0 0 0 27 32
1328.94 0 1 1 1 1 1 0 1 27 31
1329.56 0 1 1 1 1 2 0 2 27 30
1329.85 0 2 1 1 1 2 1 2 26 30
1342.06 0 2 1 1 0 1 2 2 26 30
1357.12 0 1 1 1 0 1 1 2 27 30
1399.77 0 2 1 1 0 1 2 2 26 30
1407.26 0 3 1 1 1 1 2 1 26 30
1412.99 0 4 1 1 2 1 2 0 26 30
1426.87 0 5 1 1 2 1 3 0 25 30
1438.41 0 4 1 1 2 1 2 0 26 30
1441.68 0 3 1 1 2 1 1 0 27 30
1448.98 0 3 1 1 1 0 2 0 27 30
1460.84 0 2 1 1 1 0 1 0 28 30
1470.11 0 3 1 1 1 0 2 0 27 30
1478.18 0 2 1 1 0 0 2 1 27 30
1493.97 0 1 1 1 0 0 1 1 28 30
1512.64 0 0 1 1 0 0 0 1 29 30
1535.05 0 1 1 1 0 0 1 1 28 30
1617.19 0 2 1 1 0 0 2 1 27 30
1629.29 0 1 1 1 0 0 1 1 28 30
1632.64 0 2 1 1 0 0 2 1 27 30
1636.16 0 1 1 1 0 0 1 1 28 30
1666.74 0 0 1 1 0 0 0 1 29 30
1703.88 0 1 1 1 0 0 1 1 28 30
1754.97 0 0 1 1 0 0 0 1 29 30
1774.56 0 1 1 1 0 0 1 1 28 30
1790.49 0 2 1 1 1 0 1 0 28 30
1795.78 0 2 1 1 2 1 0 0 28 30
1796.59 0 2 1 1 1 0 1 0 28 30
1806.62 0 1 1 1 0 0 1 1 28 30
1816.77 0 2 1 1 1 0 1 0 28 30
1820.66 0 2 1 1 1 1 1 1 28 29
1821.11 0 2 1 1 0 0 2 1 28 29
1837.8 0 2 1 1 0 1 2 2 28 28
1842.17 0 3 1 1 0 1 3 2 27 28
1854.25 0 2 1 1 0 1 2 2 28 28
1880.18 0 3 1 1 1 1 2 1 28 28
1882.34 0 2 1 1 1 1 1 1 29 28
1903.36 0 3 1 1 2 1 1 0 29 28
1907.92 0 2 1 1 2 1 0 0 30 28
1923.9 0 3 1 1 2 1 1 0 29 28
1925.98 1 4 1 1 1 1 1 0 29 28
1928.66 1 3 1 1 1 1 0 0 30 28
1942.28 2 4 1 1 0 1 0 0 30 28
1949.77 2 4 2 2 0 0 0 0 30 28
1951.15 1 3 2 2 1 0 0 0 30 28
1959.52 1 2 2 2 0 0 0 1 30 28
1959.71 1 2 1 1 0 1 0 1 30 28
1965.09 1 2 0 0 0 2 0 1 30 28
1980.37 1 2 0 0 0 1 0 0 30 29
1982.59 1 3 0 0 0 1 1 0 29 29
1986.34 1 3 0 0 0 2 1 1 29 28
1995.18 1 3 0 0 0 1 1 0 29 29
2014.97 1 2 0 0 0 1 0 0 30 29
2035.2 1 3 0 0 0 1 1 0 29 29
2041.28 1 2 0 0 0 1 0 0 30 29
2051.43 1 2 1 1 0 0 0 0 30 29
2100.02 0 1 1 1 1 0 0 0 30 29
2106.09 1 2 1 1 0 0 0 0 30 29
2109.71 0 1 1 1 1 0 0 0 30 29
2110.07 0 2 1 1 1 0 1 0 29 29
2128.69 0 1 1 1 0 0 1 1 29 29
2152.97 0 0 1 1 0 0 0 1 30 29
2161.59 0 0 1 1 0 1 0 2 30 28
2172.31 0 0 1 1 0 2 0 3 30 27
2184.47 0 0 1 1 0 1 0 2 30 28
2195.94 0 0 1 1 0 2 0 3 30 27
2206.05 0 1 1 1 1 2 0 2 30 27
2212.57 1 2 1 1 0 2 0 2 30 27
2225.3 1 3 1 1 1 2 0 1 30 27
2237.27 1 4 1 1 1 2 1 1 29 27
2243.64 1 4 2 2 1 1 1 1 29 27
2252.74 1 3 2 2 1 1 0 1 30 27
2274.47 1 4 2 2 1 1 1 1 29 27
2276.31 1 5 2 2 1 1 2 1 28 27
2289.97 1 4 2 2 0 1 2 2 28 27
2292.93 1 4 1 1 0 2 2 2 28 27
2310.19 1 5 1 1 0 2 3 2 27 27
2313.46 1 5 1 1 0 1 3 1 27 28
2314.68 1 6 1 1 0 1 4 1 26 28
2315.96 1 6 1 1 0 2 4 2 26 27
2320.61 0 5 1 1 1 2 4 2 26 27
2320.76 0 4 1 1 1 2 3 2 27 27
2321.22 0 3 1 1 1 2 2 2 28 27
2321.28 0 2 1 1 1 2 1 2 29 27
2333.61 0 1 1 1 1 2 0 2 30 27
2333.83 1 2 1 1 0 2 0 2 30 27
2334.41 1 2 0 0 0 3 0 2 30 27
2336.02 1 2 0 0 0 4 0 3 30 26
2359.91 1 2 0 0 0 3 0 2 30 27
2361.13 0 1 0 0 1 3 0 2 30 27
2371.51 0 1 0 0 1 2 0 1 30 28
2383.57 0 1 0 0 1 1 0 0 30 29
2404.23 0 2 0 0 1 1 1 0 29 29
2404.82 0 2 0 0 0 0 2 0 29 29
2413.03 0 3 0 0 0 0 3 0 28 29
2454.1 0 4 0 0 0 0 4 0 27 29
2455.96 0 4 0 0 0 1 4 1 27 28
2462.39 0 3 0 0 0 1 3 1 28 28
2471.09 0 2 0 0 0 1 2 1 29 28
2474.15 0 2 1 1 0 0 2 1 29 28
2483.9 0 3 1 1 0 0 3 1 28 28
2484.8 0 2 1 1 0 0 2 1 29 28
2486.42 0 3 1 1 0 0 3 1 28 28
2494.67 0 4 1 1 1 0 3 0 28 28
2503.15 0 3 1 1 1 0 2 0 29 28
2503.73 0 2 1 1 0 0 2 1 29 28
2509.17 0 1 1 1 0 0 1 1 30 28
2517.1 0 1 1 1 0 1 1 2 30 27
2517.95 0 2 1 1 0 1 2 2 29 27
2518.7 0 2 2 2 0 0 2 2 29 27
2531.84 0 3 2 2 1 0 2 1 29 27
2539.07 0 3 2 2 1 1 2 2 29 26
2539.62 1 4 2 2 0 1 2 2 29 26
2542.16 1 4 1 1 0 2 2 2 29 26
2542.51 1 3 1 1 0 2 1 2 30 26
2544.99 1 3 1 1 0 1 1 1 30 27
2565.52 1 3 2 2 0 0 1 1 30 27
2567.64 1 3 2 2 0 1 1 2 30 26
2575.86 1 3 1 1 0 2 1 2 30 26
2576.75 1 3 1 1 0 1 1 1 30 27
2585.73 1 4 1 1 0 1 2 1 29 27
2586.1 0 3 1 1 1 1 2 1 29 27
2611.08 1 4 1 1 0 1 2 1 29 27
2611.56 1 5 1 1 1 1 2 0 29 27
2619.4 1 5 1 1 2 2 1 0 29 27
2622.38 1 4 1 1 2 2 0 0 30 27
2623.65 1 4 2 2 2 1 0 0 30 27
2628.46 2 5 2 2 1 1 0 0 30 27
2632.73 1 4 2 2 2 1 0 0 30 27
2633.22 1 3 2 2 1 1 0 1 30 27
2639.74 2 4 2 2 0 1 0 1 30 27
2641.68 2 4 1 1 0 2 0 1 30 27
2653.83 2 4 1 1 0 1 0 0 30 28
2660.99 1 3 1 1 1 1 0 0 30 28
2664.19 1 2 1 1 0 1 0 1 30 28
2712.39 0 1 1 1 1 1 0 1 30 28
2731.75 0 1 1 1 1 2 0 2 30 27
2747.26 0 0 1 1 0 2 0 3 30 27
2751.95 0 0 0 0 0 3 0 3 30 27
2765.24 0 1 0 0 0 3 1 3 29 27
2765.93 0 1 1 1 0 2 1 3 29 27
2779.56 0 2 1 1 0 2 2 3 28 27
2785.13 0 2 2 2 0 1 2 3 28 27
2791.91 0 3 2 2 1 1 2 2 28 27
2794.91 0 2 2 2 1 1 1 2 29 27
2804.76 0 3 2 2 2 1 1 1 29 27
2805.43 0 3 2 2 2 2 1 2 29 26
2808.76 0 3 1 1 2 3 1 2 29 26
2811.17 0 4 1 1 3 3 1 1 29 26
2812.93 0 3 1 1 3 3 0 1 30 26
2817.69 1 4 1 1 2 3 0 1 30 26
2822.22 1 3 1 1 1 3 0 2 30 26
2824.95 1 3 1 1 1 2 0 1 30 27
2827.82 0 2 1 1 2 2 0 1 30 27
2832.09 0 3 1 1 2 2 1 1 29 27
2832.68 0 2 1 1 1 2 1 2 29 27
2838.15 0 2 1 1 0 1 2 2 29 27
2861.24 0 3 1 1 1 1 2 1 29 27
2864.49 0 2 1 1 0 1 2 2 29 27
2867.94 0 1 1 1 0 1 1 2 30 27
2871.92 0 2 1 1 1 1 1 1 30 27
2890.81 1 3 1 1 0 1 1 1 30 27
2891.97 1 3 2 2 0 0 1 1 30 27
2895.6 1 3 1 1 0 1 1 1 30 27
2902.48 1 3 0 0 0 2 1 1 30 27
2906.17 1 4 0 0 0 2 2 1 29 27
2907.19 1 4 0 0 0 3 2 2 29 26
2914.2 1 4 0 0 0 2 2 1 29 27
2919.35 1 5 0 0 0 2 3 1 28 27
2921.88 1 6 0 0 1 2 3 0 28 27
2923.13 1 5 0 0 1 2 2 0 29 27
2928.12 0 4 0 0 2 2 2 0 29 27
2931.19 0 3 0 0 1 2 2 1 29 27
2931.59 0 2 0 0 1 2 1 1 30 27
2932.93 0 2 1 1 1 1 1 1 30 27
2943.96 1 3 1 1 0 1 1 1 30 27
2950.21 1 2 1 1 0 1 0 1 31 27
2977.19 1 2 1 1 0 0 0 0 31 28
2978.26 1 3 1 1 0 0 1 0 30 28
2980.76 1 2 1 1 0 0 0 0 31 28
2980.76 1 2 1 1 0 0 0 0 31 28
