0 60 120 60 60 0 0 0 0 0 0
0.0215549 60 120 59 59 0 1 0 0 0 0
0.0293858 59 119 59 59 1 1 0 0 0 0
0.0639401 59 119 58 58 1 2 0 0 0 0
0.0923273 58 118 58 58 2 2 0 0 0 0
0.118541 58 118 57 57 2 3 0 0 0 0
0.118563 57 117 57 57 3 3 0 0 0 0
0.123123 56 116 57 57 4 3 0 0 0 0
0.137401 55 115 57 57 5 3 0 0 0 0
0.139234 54 114 57 57 6 3 0 0 0 0
0.145525 53 113 57 57 7 3 0 0 0 0
0.146715 53 113 56 56 7 4 0 0 0 0
0.173003 53 113 55 55 7 5 0 0 0 0
0.179103 52 112 55 55 8 5 0 0 0 0
0.208527 51 111 55 55 9 5 0 0 0 0
0.217448 50 110 55 55 10 5 0 0 0 0
0.222639 50 110 54 54 10 6 0 0 0 0
0.241096 49 109 54 54 11 6 0 0 0 0
0.245662 48 108 54 54 12 6 0 0 0 0
0.267964 48 108 53 53 12 7 0 0 0 0
0.281029 47 107 53 53 13 7 0 0 0 0
0.286303 46 106 53 53 14 7 0 0 0 0
0.29748 45 105 53 53 15 7 0 0 0 0
0.299109 45 105 52 52 15 8 0 0 0 0
0.306689 45 105 51 51 15 9 0 0 0 0
0.333506 44 104 51 51 16 9 0 0 0 0
0.373524 43 103 51 51 17 9 0 0 0 0
0.433554 42 102 51 51 18 9 0 0 0 0
0.433783 42 102 50 50 18 10 0 0 0 0
0.439942 41 101 50 50 19 10 0 0 0 0
0.480974 40 100 50 50 20 10 0 0 0 0
0.487347 40 100 50 50 19 9 1 0 0 0
0.488607 40 99 50 50 18 9 1 1 0 0
0.568275 40 99 49 49 18 10 1 1 0 0
0.588402 39 98 49 49 19 10 1 1 0 0
0.600071 39 98 48 48 19 11 1 1 0 0
0.609331 38 97 48 48 20 11 1 1 0 0
0.645146 37 96 48 48 21 11 1 1 0 0
0.653603 36 95 48 48 22 11 1 1 0 0
0.655996 35 94 48 48 23 11 1 1 0 0
0.660096 34 93 48 48 24 11 1 1 0 0
0.67384 34 92 48 48 23 11 1 2 0 0
0.709137 34 92 47 47 23 12 1 2 0 0
0.752301 33 91 47 47 24 12 1 2 0 0
0.787282 33 90 47 47 23 12 1 3 0 0
0.814179 32 89 47 47 24 12 1 3 0 0
0.814546 32 88 47 47 23 12 1 4 0 0
0.814668 32 87 47 47 22 12 1 5 0 0
0.817637 31 86 47 47 23 12 1 5 0 0
0.828851 30 85 47 47 24 12 1 5 0 0
0.857782 29 84 47 47 25 12 1 5 0 0
0.860656 29 83 47 47 24 12 1 6 0 0
0.887877 29 83 47 47 24 11 1 5 0 1
0.891005 29 82 47 47 23 11 1 6 0 1
1.00212 29 81 47 47 23 11 0 6 1 1
1.05373 29 80 47 47 22 11 0 7 1 1
1.05924 29 80 46 46 22 12 0 7 1 1
1.06819 29 79 46 46 21 12 0 8 1 1
1.15693 29 78 46 46 20 12 0 9 1 1
1.23327 28 77 46 46 21 12 0 9 1 1
1.24801 27 76 46 46 22 12 0 9 1 1
1.26969 27 76 45 45 22 13 0 9 1 1
1.31017 27 76 44 44 22 14 0 9 1 1
1.33106 26 75 44 44 23 14 0 9 1 1
1.35364 26 75 44 44 23 13 0 8 1 2
1.39371 26 75 43 43 23 14 0 8 1 2
1.4836 25 74 43 43 24 14 0 8 1 2
1.50487 24 73 43 43 25 14 0 8 1 2
1.58901 23 72 43 43 26 14 0 8 1 2
1.63571 22 71 43 43 27 14 0 8 1 2
1.6359 21 70 43 43 28 14 0 8 1 2
1.64052 21 69 43 43 27 14 0 9 1 2
1.64706 21 69 42 42 27 15 0 9 1 2
1.65704 21 68 42 42 26 15 0 10 1 2
1.69398 21 67 42 42 25 15 0 11 1 2
1.69534 21 66 42 42 24 15 0 12 1 2
1.69614 21 66 41 41 24 16 0 12 1 2
1.73287 20 65 41 41 25 16 0 12 1 2
1.74218 20 65 41 41 24 15 1 12 1 2
1.7911 19 64 41 41 25 15 1 12 1 2
1.80403 19 64 40 40 25 16 1 12 1 2
1.8142 19 63 40 40 25 16 0 12 2 2
1.84075 18 62 40 40 26 16 0 12 2 2
1.84293 18 62 39 39 26 17 0 12 2 2
1.87174 17 61 39 39 27 17 0 12 2 2
1.89447 17 61 38 38 27 18 0 12 2 2
1.92966 17 61 37 37 27 19 0 12 2 2
1.99122 16 60 37 37 28 19 0 12 2 2
1.99884 16 59 37 37 27 19 0 13 2 2
2.00347 15 58 37 37 28 19 0 13 2 2
2.02441 15 57 37 37 27 19 0 14 2 2
2.03259 15 57 36 36 27 20 0 14 2 2
2.09424 14 56 36 36 28 20 0 14 2 2
2.10959 14 55 36 36 27 20 0 15 2 2
2.12172 14 54 36 36 26 20 0 16 2 2
2.12379 14 54 35 35 26 21 0 16 2 2
2.19101 14 53 35 35 25 21 0 17 2 2
2.19239 14 53 35 35 24 20 1 17 2 2
2.20286 14 53 35 35 24 19 1 16 2 3
2.20472 13 52 35 35 25 19 1 16 2 3
2.20621 13 52 34 34 25 20 1 16 2 3
2.23305 13 52 33 33 25 21 1 16 2 3
2.24612 13 51 33 33 25 21 0 16 3 3
2.2862 13 51 33 33 24 20 1 16 3 3
2.3209 13 51 32 32 24 21 1 16 3 3
2.34823 13 51 32 32 24 20 1 15 3 4
2.34834 13 51 31 31 24 21 1 15 3 4
2.38628 12 50 31 31 25 21 1 15 3 4
2.43588 13 51 31 31 24 21 1 15 3 4
2.43635 13 51 31 31 24 20 1 14 3 5
2.44665 13 51 31 31 24 19 1 13 3 6
2.49793 13 50 31 31 23 19 1 14 3 6
2.5212 13 50 30 30 23 20 1 14 3 6
2.55612 13 50 29 29 23 21 1 14 3 6
2.64339 13 50 28 28 23 22 1 14 3 6
2.68074 12 49 28 28 24 22 1 14 3 6
2.69129 12 48 28 28 23 22 1 15 3 6
2.73725 12 48 28 28 22 21 2 15 3 6
2.77055 12 47 28 28 21 21 2 16 3 6
2.77367 12 46 28 28 20 21 2 17 3 6
2.78064 12 46 27 27 20 22 2 17 3 6
2.79413 12 46 27 27 20 21 2 16 3 7
2.81346 11 45 27 27 21 21 2 16 3 7
2.81391 11 45 27 27 21 20 2 15 3 8
2.92661 12 46 27 27 20 20 2 15 3 8
2.93224 12 45 27 27 19 20 2 16 3 8
2.93704 11 44 27 27 20 20 2 16 3 8
2.9507 11 44 27 27 19 19 3 16 3 8
2.99723 10 43 27 27 20 19 3 16 3 8
3.01076 10 43 27 27 19 18 4 16 3 8
3.04144 10 43 26 26 19 19 4 16 3 8
3.06906 10 43 25 25 19 20 4 16 3 8
3.24974 10 43 25 25 19 19 4 15 3 9
3.26254 10 43 25 25 18 18 5 15 3 9
3.29129 10 42 25 25 17 18 5 16 3 9
3.35053 10 42 25 25 16 17 6 16 3 9
3.46676 9 41 25 25 17 17 6 16 3 9
3.53577 9 40 25 25 16 17 6 17 3 9
3.63221 9 40 24 24 16 18 6 17 3 9
3.65222 9 40 23 23 16 19 6 17 3 9
3.73066 9 39 23 23 15 19 6 18 3 9
3.85083 9 39 22 22 15 20 6 18 3 9
3.86806 9 39 22 22 15 19 6 17 3 10
3.89664 8 38 22 22 16 19 6 17 3 10
4.07116 8 38 22 22 15 18 7 17 3 10
4.09923 8 37 22 22 14 18 7 18 3 10
4.13808 8 37 21 21 14 19 7 18 3 10
4.14373 8 36 21 21 14 19 6 18 4 10
4.27938 8 35 21 21 13 19 6 19 4 10
4.46974 8 34 21 21 12 19 6 20 4 10
4.5325 8 34 21 21 11 18 7 20 4 10
4.67115 8 33 21 21 11 18 6 20 5 10
4.7269 8 33 21 21 10 17 7 20 5 10
4.81655 8 32 21 21 9 17 7 21 5 10
4.84308 7 31 21 21 10 17 7 21 5 10
4.84873 8 32 21 21 9 17 7 21 5 10
4.88808 7 31 21 21 10 17 7 21 5 10
5.04844 7 31 20 20 10 18 7 21 5 10
5.05283 7 31 20 20 10 17 7 20 5 11
5.11122 6 30 20 20 11 17 7 20 5 11
5.27166 6 30 19 19 11 18 7 20 5 11
5.31312 6 29 19 19 10 18 7 21 5 11
5.40353 6 28 19 19 10 18 6 21 6 11
5.52037 6 27 19 19 10 18 5 21 7 11
5.65777 6 27 18 18 10 19 5 21 7 11
5.81061 6 26 18 18 9 19 5 22 7 11
5.84099 6 26 18 18 8 18 6 22 7 11
6.01795 6 26 17 17 8 19 6 22 7 11
6.04379 6 25 17 17 8 19 5 22 8 11
6.06003 6 24 17 17 8 19 4 22 9 11
6.13546 6 24 17 17 8 18 4 21 9 12
6.22148 5 23 17 17 9 18 4 21 9 12
6.23987 5 22 17 17 8 18 4 22 9 12
6.33054 5 22 17 17 8 17 4 21 9 13
6.45637 5 22 17 17 8 16 4 20 9 14
6.48412 5 21 17 17 8 16 3 20 10 14
6.84536 5 21 17 17 7 15 4 20 10 14
7.07826 5 21 17 17 6 14 5 20 10 14
7.08976 5 21 17 17 5 13 6 20 10 14
7.10871 5 21 16 16 5 14 6 20 10 14
7.14878 4 20 16 16 6 14 6 20 10 14
7.18648 4 19 16 16 6 14 5 20 11 14
7.32342 4 19 16 16 6 13 5 19 11 15
7.38522 4 19 15 15 6 14 5 19 11 15
7.52912 4 18 15 15 6 14 4 19 12 15
7.60214 4 18 15 15 6 13 4 18 12 16
7.80477 3 17 15 15 7 13 4 18 12 16
7.81315 3 17 14 14 7 14 4 18 12 16
7.88422 3 17 14 14 6 13 5 18 12 16
7.89822 3 18 14 14 7 13 5 17 12 16
8.09234 3 18 14 14 7 12 5 16 12 17
8.22985 3 18 14 14 6 11 6 16 12 17
8.6341 3 17 14 14 5 11 6 17 12 17
8.68548 2 16 14 14 6 11 6 17 12 17
9.28699 2 15 14 14 5 11 6 18 12 17
9.64888 2 15 14 14 5 10 6 17 12 18
9.72632 3 16 14 14 4 10 6 17 12 18
10.0058 3 16 13 13 4 11 6 17 12 18
10.0411 4 17 13 13 3 11 6 17 12 18
10.3495 4 17 12 12 3 12 6 17 12 18
10.523 4 17 12 12 3 11 6 16 12 19
11.0369 4 17 12 12 3 10 6 15 12 20
11.0531 3 16 12 12 4 10 6 15 12 20
11.0868 3 15 12 12 3 10 6 16 12 20
11.2905 3 15 12 12 3 9 6 15 12 21
11.4379 3 15 12 12 3 8 6 14 12 22
11.6274 2 14 12 12 4 8 6 14 12 22
12.2187 2 13 12 12 3 8 6 15 12 22
12.3463 2 13 12 12 3 7 6 14 12 23
12.4836 2 13 12 12 3 6 6 13 12 24
12.6994 2 13 12 12 3 5 6 12 12 25
12.9543 2 13 11 11 3 6 6 12 12 25
13.0659 2 13 11 11 3 5 6 11 12 26
13.5336 2 12 11 11 3 5 5 11 13 26
13.6941 2 11 11 11 3 5 4 11 14 26
13.7848 2 11 10 10 3 6 4 11 14 26
14.2106 3 12 10 10 2 6 4 11 14 26
14.2844 3 12 9 9 2 7 4 11 14 26
14.3024 3 12 9 9 2 6 4 10 14 27
14.3533 3 12 8 8 2 7 4 10 14 27
14.6867 3 11 8 8 2 7 3 10 15 27
15.6682 2 10 8 8 3 7 3 10 15 27
16.0341 2 10 7 7 3 8 3 10 15 27
16.2832 2 10 6 6 3 9 3 10 15 27
17.2495 2 10 6 6 2 8 4 10 15 27
17.3536 2 10 6 6 2 7 4 9 15 28
19.0113 2 9 6 6 2 7 3 9 16 28
19.0909 2 9 6 6 2 6 3 8 16 29
21.182 2 9 5 5 2 7 3 8 16 29
21.9092 2 9 5 5 2 6 3 7 16 30
22.2052 2 9 4 4 2 7 3 7 16 30
22.3438 1 8 4 4 3 7 3 7 16 30
24.2463 1 8 4 4 3 6 3 6 16 31
25.1086 1 8 3 3 3 7 3 6 16 31
25.9362 1 7 3 3 3 7 2 6 17 31
26.7179 1 7 4 4 3 6 2 6 17 31
26.9978 1 7 4 4 3 5 2 5 17 32
27.1091 1 7 4 4 2 4 3 5 17 32
27.2752 1 6 4 4 1 4 3 6 17 32
28.6409 0 5 4 4 2 4 3 6 17 32
28.981 0 5 4 4 1 3 4 6 17 32
29.5575 0 5 4 4 2 4 3 6 17 32
30.4499 0 5 4 4 2 3 3 5 17 33
31.1514 0 5 4 4 2 2 3 4 17 34
31.6414 0 5 3 3 2 3 3 4 17 34
33.8017 0 4 3 3 1 3 3 5 17 34
37.173 0 4 3 3 0 2 4 5 17 34
38.7758 0 3 3 3 0 2 3 5 18 34
39.2093 0 4 3 3 1 2 3 4 18 34
41.8385 0 3 3 3 1 2 2 4 19 34
46.3936 0 4 3 3 2 2 2 3 19 34
51.1664 0 4 2 2 2 3 2 3 19 34
53.3066 0 4 2 2 1 2 3 3 19 34
57.7494 0 3 2 2 1 2 2 3 20 34
59.7117 1 4 2 2 0 2 2 3 20 34
63.824 1 3 2 2 0 2 1 3 21 34
64.3986 0 2 2 2 1 2 1 3 21 34
70.657 0 2 2 2 1 1 1 2 21 35
73.0583 0 2 2 2 1 2 1 3 21 34
87.7187 0 2 2 2 1 1 1 2 21 35
87.7908 0 1 2 2 0 1 1 3 21 35
88.0826 0 1 1 1 0 2 1 3 21 35
92.2831 0 1 2 2 0 1 1 3 21 35
97.1122 0 1 2 2 0 0 1 2 21 36
105.768 0 1 2 2 0 1 1 3 21 35
108.286 0 2 2 2 1 1 1 2 21 35
109.793 0 3 2 2 2 1 1 1 21 35
111.271 0 2 2 2 2 1 0 1 22 35
141.201 0 2 1 1 2 2 0 1 22 35
144.414 1 3 1 1 1 2 0 1 22 35
147.004 1 3 1 1 1 3 0 2 22 34
162.5 2 4 1 1 0 3 0 2 22 34
177.416 1 3 1 1 1 3 0 2 22 34
195.217 1 3 2 2 1 2 0 2 22 34
202.079 0 2 2 2 2 2 0 2 22 34
208.823 0 2 2 2 1 1 1 2 22 34
213.804 0 2 2 2 0 0 2 2 22 34
220.495 0 2 1 1 0 1 2 2 22 34
223.191 0 2 0 0 0 2 2 2 22 34
228.637 0 1 0 0 0 2 1 2 23 34
228.777 0 1 0 0 0 1 1 1 23 35
229.188 0 2 0 0 1 1 1 0 23 35
249.798 0 3 0 0 1 1 2 0 22 35
274.897 0 2 0 0 1 1 1 0 23 35
278.118 0 2 1 1 1 0 1 0 23 35
280.797 1 3 1 1 0 0 1 0 23 35
286.834 1 4 1 1 0 0 2 0 22 35
314.886 1 3 1 1 0 0 1 0 23 35
336.557 0 2 1 1 1 0 1 0 23 35
346.095 1 3 1 1 0 0 1 0 23 35
370.85 1 4 1 1 0 0 2 0 22 35
373.535 1 3 1 1 0 0 1 0 23 35
374.534 0 2 1 1 1 0 1 0 23 35
379.575 0 2 1 1 2 1 0 0 23 35
392.178 0 2 1 1 1 0 1 0 23 35
393.432 0 1 1 1 1 0 0 0 24 35
408.781 0 1 1 1 1 1 0 1 24 34
471.132 0 1 2 2 1 0 0 1 24 34
476.751 0 1 1 1 1 1 0 1 24 34
480.056 1 2 1 1 0 1 0 1 24 34
485.35 1 3 1 1 0 1 1 1 23 34
487.477 1 2 1 1 0 1 0 1 24 34
500.261 1 3 1 1 1 1 0 0 24 34
500.325 2 4 1 1 0 1 0 0 24 34
501.522 1 3 1 1 1 1 0 0 24 34
534.871 0 2 1 1 2 1 0 0 24 34
550.683 0 2 2 2 2 0 0 0 24 34
554.512 0 2 1 1 2 1 0 0 24 34
555.087 0 1 1 1 1 1 0 1 24 34
558.305 0 0 1 1 0 1 0 2 24 34
568.505 0 1 1 1 1 1 0 1 24 34
579.157 0 2 1 1 2 1 0 0 24 34
584.594 1 3 1 1 1 1 0 0 24 34
591.913 0 2 1 1 2 1 0 0 24 34
599.026 0 1 1 1 1 1 0 1 24 34
606.846 0 1 1 1 0 0 1 1 24 34
612.116 0 1 1 1 1 1 0 1 24 34
621.727 0 0 1 1 0 1 0 2 24 34
649.115 0 1 1 1 0 1 1 2 23 34
652.729 0 1 0 0 0 2 1 2 23 34
654.092 0 2 0 0 1 2 1 1 23 34
677.831 0 2 0 0 0 1 2 1 23 34
685.752 0 3 0 0 0 1 3 1 22 34
702.765 0 2 0 0 0 1 2 1 23 34
702.879 0 3 0 0 1 1 2 0 23 34
706.714 0 2 0 0 0 1 2 1 23 34
714.211 0 1 0 0 0 1 1 1 24 34
731.697 0 0 0 0 0 1 0 1 25 34
750.121 0 1 0 0 1 1 0 0 25 34
774.909 0 2 0 0 1 1 1 0 24 34
822.617 0 2 0 0 2 2 0 0 24 34
822.918 0 2 1 1 2 1 0 0 24 34
868.357 0 1 1 1 1 1 0 1 24 34
869.169 0 1 1 1 0 0 1 1 24 34
873.146 0 2 1 1 1 0 1 0 24 34
895.484 0 2 1 1 2 1 0 0 24 34
902.671 0 1 1 1 1 1 0 1 24 34
906.418 0 1 1 1 1 2 0 2 24 33
907.221 0 2 1 1 2 2 0 1 24 33
913.148 0 3 1 1 3 2 0 0 24 33
914.886 0 3 1 1 3 3 0 1 24 32
918.95 0 3 1 1 2 2 1 1 24 32
948.298 1 4 1 1 1 2 1 1 24 32
954.721 1 3 1 1 1 2 0 1 25 32
959.441 1 3 1 1 1 1 0 0 25 33
972.928 2 4 1 1 0 1 0 0 25 33
989.331 1 3 1 1 1 1 0 0 25 33
1000.91 0 2 1 1 2 1 0 0 25 33
1005.47 0 1 1 1 1 1 0 1 25 33
1017.61 1 2 1 1 0 1 0 1 25 33
1019.22 1 2 2 2 0 0 0 1 25 33
1050.61 1 2 1 1 0 1 0 1 25 33
1055.38 1 3 1 1 1 1 0 0 25 33
1067.68 2 4 1 1 0 1 0 0 25 33
1072.2 2 4 0 0 0 2 0 0 25 33
1079.25 1 3 0 0 1 2 0 0 25 33
1082.98 1 4 0 0 1 2 1 0 24 33
1086.39 2 5 0 0 0 2 1 0 24 33
1090.34 2 6 0 0 0 2 2 0 23 33
1102.97 1 5 0 0 1 2 2 0 23 33
1107.5 1 4 0 0 1 2 1 0 24 33
1111.05 1 3 0 0 0 2 1 1 24 33
1117.27 1 4 0 0 1 2 1 0 24 33
1118.93 0 3 0 0 2 2 1 0 24 33
1133.91 0 3 0 0 1 1 2 0 24 33
1139.51 0 3 0 0 1 2 2 1 24 32
1142.5 1 4 0 0 0 2 2 1 24 32
1150.04 1 3 0 0 0 2 1 1 25 32
1158.74 1 3 1 1 0 1 1 1 25 32
1159.48 0 2 1 1 1 1 1 1 25 32
1172.61 0 2 1 1 1 0 1 0 25 33
1184.92 0 3 1 1 1 0 2 0 24 33
1195.78 0 3 1 1 1 1 2 1 24 32
1199.81 0 4 1 1 1 1 3 1 23 32
1200.8 0 3 1 1 0 1 3 2 23 32
1201.79 0 2 1 1 0 1 2 2 24 32
1202.76 0 2 1 1 0 0 2 1 24 33
1206.41 0 1 1 1 0 0 1 1 25 33
1229.74 0 2 1 1 0 0 2 1 24 33
1239.02 0 1 1 1 0 0 1 1 25 33
1247.8 0 1 1 1 0 1 1 2 25 32
1260.34 0 1 1 1 0 0 1 1 25 33
1271.79 0 2 1 1 0 0 2 1 24 33
1279.33 0 2 1 1 0 1 2 2 24 32
1293.32 0 2 2 2 0 0 2 2 24 32
1293.93 0 1 2 2 0 0 1 2 25 32
1295.15 0 1 1 1 0 1 1 2 25 32
1308.47 0 0 1 1 0 1 0 2 26 32
1327.59 0 1 1 1 1 1 0 1 26 32
1327.78 0 1 0 0 1 2 0 1 26 32
1335.18 0 2 0 0 2 2 0 0 26 32
1346.06 0 1 0 0 1 2 0 1 26 32
1358.56 0 1 0 0 1 3 0 2 26 31
1360.31 1 2 0 0 0 3 0 2 26 31
1365.53 1 2 0 0 0 2 0 1 26 32
1366.36 0 1 0 0 1 2 0 1 26 32
1381.2 0 1 0 0 1 1 0 0 26 33
1396.1 0 2 0 0 1 1 1 0 25 33
1396.96 0 2 0 0 1 2 1 1 25 32
1399.99 0 1 0 0 1 2 0 1 26 32
1408.52 0 1 1 1 1 1 0 1 26 32
1414.62 1 2 1 1 0 1 0 1 26 32
1415.87 1 2 1 1 0 2 0 2 26 31
1422.32 1 2 0 0 0 3 0 2 26 31
1424.4 1 2 0 0 0 2 0 1 26 32
1443.76 1 2 0 0 0 1 0 0 26 33
1467.72 1 2 1 1 0 0 0 0 26 33
1478.48 1 3 1 1 0 0 1 0 25 33
1488.32 1 3 0 0 0 1 1 0 25 33
1511.53 1 3 0 0 0 2 1 1 25 32
1516.07 0 2 0 0 1 2 1 1 25 32
1533.27 0 3 0 0 1 2 2 1 24 32
1539.24 0 3 0 0 1 1 2 0 24 33
1543.55 0 2 0 0 1 1 1 0 25 33
1553.17 0 1 0 0 0 1 1 1 25 33
1566.79 0 2 0 0 1 1 1 0 25 33
1568.33 0 2 0 0 0 0 2 0 25 33
1598.39 0 3 0 0 0 0 3 0 24 33
1599.2 0 2 0 0 0 0 2 0 25 33
1600.2 0 3 0 0 0 0 3 0 24 33
1621.69 0 2 0 0 0 0 2 0 25 33
1623.01 0 1 0 0 0 0 1 0 26 33
1636.39 0 2 0 0 0 0 2 0 25 33
1702.8 0 1 0 0 0 0 1 0 26 33
1706.42 0 0 0 0 0 0 0 0 27 33
1837.43 0 1 0 0 0 0 1 0 26 33
1873.87 0 0 0 0 0 0 0 0 27 33
1920.31 0 1 0 0 0 0 1 0 26 33
1932.66 0 1 0 0 0 1 1 1 26 32
1933.91 0 0 0 0 0 1 0 1 27 32
1975.19 0 1 0 0 0 1 1 1 26 32
1977 0 1 0 0 0 2 1 2 26 31
1986.63 0 0 0 0 0 2 0 2 27 31
1989.39 0 0 0 0 0 1 0 1 27 32
1996.68 0 1 0 0 1 1 0 0 27 32
1996.86 0 2 0 0 1 1 1 0 26 32
1998.39 0 2 0 0 1 2 1 1 26 31
2009.91 1 3 0 0 0 2 1 1 26 31
2017.45 1 2 0 0 0 2 0 1 27 31
2025.05 1 2 0 0 0 1 0 0 27 32
2043.15 1 3 0 0 0 1 1 0 26 32
2046.27 1 3 0 0 1 2 0 0 26 32
2049.21 0 2 0 0 2 2 0 0 26 32
2058.4 0 1 0 0 1 2 0 1 26 32
2059.06 0 1 0 0 1 1 0 0 26 33
2072.91 0 1 0 0 0 0 1 0 26 33
2087.02 0 2 0 0 0 0 2 0 25 33
2134.97 0 2 0 0 0 1 2 1 25 32
2147.12 0 3 0 0 1 1 2 0 25 32
2157.25 0 3 0 0 0 0 3 0 25 32
2163.1 0 2 0 0 0 0 2 0 26 32
2165.83 0 1 0 0 0 0 1 0 27 32
2213.16 0 0 0 0 0 0 0 0 28 32
2217 0 1 0 0 0 0 1 0 27 32
2247.66 0 2 0 0 0 0 2 0 26 32
2249.37 0 3 0 0 0 0 3 0 25 32
2288.74 0 3 0 0 1 1 2 0 25 32
2295.76 0 3 1 1 1 0 2 0 25 32
2298.22 1 4 1 1 0 0 2 0 25 32
2317.73 1 3 1 1 0 0 1 0 26 32
2318.48 1 2 1 1 0 0 0 0 27 32
2324.94 1 3 1 1 0 0 1 0 26 32
2327.88 1 4 1 1 0 0 2 0 25 32
2333.19 0 3 1 1 1 0 2 0 25 32
2337.22 0 3 1 1 2 1 1 0 25 32
2348.39 0 2 1 1 2 1 0 0 26 32
2376.05 0 2 0 0 2 2 0 0 26 32
2380.22 0 1 0 0 1 2 0 1 26 32
2403.07 1 2 0 0 0 2 0 1 26 32
2405.76 1 2 1 1 0 1 0 1 26 32
2406.79 1 3 1 1 0 1 1 1 25 32
2425.3 1 3 1 1 0 2 1 2 25 31
2432.03 1 3 1 1 0 1 1 1 25 32
2435.72 0 2 1 1 1 1 1 1 25 32
2447.59 0 3 1 1 1 1 2 1 24 32
2449.09 0 2 1 1 1 1 1 1 25 32
2461.35 1 3 1 1 0 1 1 1 25 32
2464.27 0 2 1 1 1 1 1 1 25 32
2474.63 0 1 1 1 1 1 0 1 26 32
2494.09 0 1 1 1 1 2 0 2 26 31
2522.35 0 1 1 1 1 1 0 1 26 32
2550.16 0 1 0 0 1 2 0 1 26 32
2559.58 0 2 0 0 1 2 1 1 25 32
2569.79 1 3 0 0 0 2 1 1 25 32
2586.6 0 2 0 0 1 2 1 1 25 32
2587.58 0 2 0 0 0 1 2 1 25 32
2590.4 0 1 0 0 0 1 1 1 26 32
2650.47 0 1 0 0 0 0 1 0 26 33
2665.31 0 2 0 0 0 0 2 0 25 33
2685.56 0 3 0 0 0 0 3 0 24 33
2693.04 0 2 0 0 0 0 2 0 25 33
2744.64 0 3 0 0 0 0 3 0 24 33
2749.53 0 4 0 0 0 0 4 0 23 33
2751.33 0 5 0 0 0 0 5 0 22 33
2768.77 0 6 0 0 0 0 6 0 21 33
2769.34 0 5 0 0 0 0 5 0 22 33
2774.88 0 6 0 0 0 0 6 0 21 33
2782.2 0 5 0 0 0 0 5 0 22 33
2784.55 0 4 0 0 0 0 4 0 23 33
2797.31 0 3 0 0 0 0 3 0 24 33
2805.04 0 2 0 0 0 0 2 0 25 33
2808.25 0 1 0 0 0 0 1 0 26 33
2891.59 0 1 0 0 0 1 1 1 26 32
2906.47 0 2 0 0 0 1 2 1 25 32
2913.41 0 3 0 0 0 1 3 1 24 32
2919.54 0 2 0 0 0 1 2 1 25 32
2922.64 0 2 1 1 0 0 2 1 25 32
2926.62 0 1 1 1 0 0 1 1 26 32
2950.53 0 2 1 1 0 0 2 1 25 32
2966.35 0 1 1 1 0 0 1 1 26 32
2982.7 0 1 0 0 0 1 1 1 26 32
2982.7 0 1 0 0 0 1 1 1 26 32
