0 60 120 60 60 0 0 0 0 0 0
0.00978117 60 120 59 59 0 1 0 0 0 0
0.0176362 60 120 58 58 0 2 0 0 0 0
0.0203547 59 119 58 58 1 2 0 0 0 0
0.0407877 58 118 58 58 2 2 0 0 0 0
0.0538909 57 117 58 58 3 2 0 0 0 0
0.0768215 57 116 58 58 2 2 0 1 0 0
0.078757 57 116 57 57 2 3 0 1 0 0
0.0799317 56 115 57 57 3 3 0 1 0 0
0.0980344 56 115 56 56 3 4 0 1 0 0
0.126163 55 114 56 56 4 4 0 1 0 0
0.139877 54 113 56 56 5 4 0 1 0 0
0.141216 53 112 56 56 6 4 0 1 0 0
0.154317 52 111 56 56 7 4 0 1 0 0
0.182294 52 111 55 55 7 5 0 1 0 0
0.189927 52 111 54 54 7 6 0 1 0 0
0.25727 51 110 54 54 8 6 0 1 0 0
0.265232 50 109 54 54 9 6 0 1 0 0
0.266399 49 108 54 54 10 6 0 1 0 0
0.27277 48 107 54 54 11 6 0 1 0 0
0.277486 47 106 54 54 12 6 0 1 0 0
0.29892 47 105 54 54 11 6 0 2 0 0
0.299038 46 104 54 54 12 6 0 2 0 0
0.307262 46 103 54 54 11 6 0 3 0 0
0.318905 46 103 53 53 11 7 0 3 0 0
0.325355 46 103 52 52 11 8 0 3 0 0
0.376486 45 102 52 52 12 8 0 3 0 0
0.409348 45 101 52 52 11 8 0 4 0 0
0.416515 44 100 52 52 12 8 0 4 0 0
0.486672 44 100 51 51 12 9 0 4 0 0
0.505275 44 100 50 50 12 10 0 4 0 0
0.514933 43 99 50 50 13 10 0 4 0 0
0.522294 42 98 50 50 14 10 0 4 0 0
0.524379 42 98 49 49 14 11 0 4 0 0
0.53532 42 98 48 48 14 12 0 4 0 0
0.541496 41 97 48 48 15 12 0 4 0 0
0.551942 41 96 48 48 14 12 0 5 0 0
0.584516 41 96 47 47 14 13 0 5 0 0
0.640846 41 96 46 46 14 14 0 5 0 0
0.655278 40 95 46 46 15 14 0 5 0 0
0.664795 39 94 46 46 16 14 0 5 0 0
0.703781 39 94 45 45 16 15 0 5 0 0
0.738934 38 93 45 45 17 15 0 5 0 0
0.74903 38 92 45 45 16 15 0 6 0 0
0.753982 38 92 44 44 16 16 0 6 0 0
0.764535 37 91 44 44 17 16 0 6 0 0
0.79598 36 90 44 44 18 16 0 6 0 0
0.812325 36 89 44 44 17 16 0 7 0 0
0.837567 35 88 44 44 18 16 0 7 0 0
0.855203 35 87 44 44 17 16 0 8 0 0
0.85849 34 86 44 44 18 16 0 8 0 0
0.914061 33 85 44 44 19 16 0 8 0 0
0.974393 32 84 44 44 20 16 0 8 0 0
0.975605 31 83 44 44 21 16 0 8 0 0
0.976207 30 82 44 44 22 16 0 8 0 0
0.98647 30 82 43 43 22 17 0 8 0 0
1.00078 30 81 43 43 21 17 0 9 0 0
1.03566 30 81 42 42 21 18 0 9 0 0
1.03603 30 80 42 42 20 18 0 10 0 0
1.05353 30 79 42 42 19 18 0 11 0 0
1.07551 29 78 42 42 20 18 0 11 0 0
1.07918 29 78 41 41 20 19 0 11 0 0
1.11962 28 77 41 41 21 19 0 11 0 0
1.13973 28 77 40 40 21 20 0 11 0 0
1.15165 28 76 40 40 20 20 0 12 0 0
1.18352 28 76 39 39 20 21 0 12 0 0
1.1848 27 75 39 39 21 21 0 12 0 0
1.18866 26 74 39 39 22 21 0 12 0 0
1.20296 26 73 39 39 21 21 0 13 0 0
1.26028 26 73 38 38 21 22 0 13 0 0
1.30173 26 72 38 38 20 22 0 14 0 0
1.36231 26 71 38 38 19 22 0 15 0 0
1.38317 25 70 38 38 20 22 0 15 0 0
1.40979 25 70 37 37 20 23 0 15 0 0
1.47795 25 69 37 37 19 23 0 16 0 0
1.52315 25 69 36 36 19 24 0 16 0 0
1.52756 24 68 36 36 20 24 0 16 0 0
1.62218 23 67 36 36 21 24 0 16 0 0
1.65329 23 67 35 35 21 25 0 16 0 0
1.67376 23 67 35 35 21 24 0 15 0 1
1.70881 23 66 35 35 20 24 0 16 0 1
1.7369 22 65 35 35 21 24 0 16 0 1
1.81418 21 64 35 35 22 24 0 16 0 1
1.85588 21 64 35 35 21 23 1 16 0 1
1.96866 21 64 34 34 21 24 1 16 0 1
2.02421 20 63 34 34 22 24 1 16 0 1
2.11414 19 62 34 34 23 24 1 16 0 1
2.11688 19 62 33 33 23 25 1 16 0 1
2.1355 19 62 32 32 23 26 1 16 0 1
2.13779 19 61 32 32 23 26 0 16 1 1
2.21189 18 60 32 32 24 26 0 16 1 1
2.29612 18 60 32 32 24 25 0 15 1 2
2.35559 17 59 32 32 25 25 0 15 1 2
2.35684 17 59 32 32 24 24 1 15 1 2
2.37606 17 59 31 31 24 25 1 15 1 2
2.40612 17 58 31 31 23 25 1 16 1 2
2.46307 17 57 31 31 22 25 1 17 1 2
2.55476 17 57 30 30 22 26 1 17 1 2
2.55516 17 57 29 29 22 27 1 17 1 2
2.56006 16 56 29 29 23 27 1 17 1 2
2.57559 15 55 29 29 24 27 1 17 1 2
2.62707 15 54 29 29 23 27 1 18 1 2
2.67419 14 53 29 29 24 27 1 18 1 2
2.73509 14 52 29 29 23 27 1 19 1 2
2.76733 13 51 29 29 24 27 1 19 1 2
2.7998 13 51 29 29 23 26 2 19 1 2
2.85594 13 51 29 29 22 25 3 19 1 2
2.8869 13 51 28 28 22 26 3 19 1 2
2.90814 13 51 28 28 21 25 4 19 1 2
2.91508 12 50 28 28 22 25 4 19 1 2
2.92215 12 50 27 27 22 26 4 19 1 2
2.92447 11 49 27 27 23 26 4 19 1 2
2.92503 10 48 27 27 24 26 4 19 1 2
2.97872 11 49 27 27 23 26 4 19 1 2
3.02419 10 48 27 27 24 26 4 19 1 2
3.02487 10 48 27 27 24 25 4 18 1 3
3.10608 10 48 26 26 24 26 4 18 1 3
3.12517 10 48 26 26 23 25 5 18 1 3
3.16889 10 47 26 26 22 25 5 19 1 3
3.24 10 46 26 26 21 25 5 20 1 3
3.2449 10 45 26 26 20 25 5 21 1 3
3.3073 9 44 26 26 21 25 5 21 1 3
3.44032 9 43 26 26 20 25 5 22 1 3
3.47386 9 42 26 26 19 25 5 23 1 3
3.60378 9 42 25 25 19 26 5 23 1 3
3.61862 9 42 25 25 19 25 5 22 1 4
3.64879 9 41 25 25 18 25 5 23 1 4
3.65438 9 40 25 25 18 25 4 23 2 4
3.67405 9 40 24 24 18 26 4 23 2 4
3.70971 10 41 24 24 17 26 4 23 2 4
3.77722 10 41 24 24 16 25 5 23 2 4
3.78234 10 41 24 24 15 24 6 23 2 4
3.80305 10 40 24 24 15 24 5 23 3 4
3.81775 10 41 24 24 16 24 5 22 3 4
3.87739 10 41 24 24 16 23 5 21 3 5
3.89345 10 41 23 23 16 24 5 21 3 5
3.92893 10 41 23 23 16 23 5 20 3 6
3.99344 10 40 23 23 16 23 4 20 4 6
4.01909 10 39 23 23 15 23 4 21 4 6
4.12311 10 38 23 23 14 23 4 22 4 6
4.29305 10 38 23 23 14 22 4 21 4 7
4.32683 10 37 23 23 14 22 3 21 5 7
4.36502 10 37 23 23 13 21 4 21 5 7
4.52957 10 37 22 22 13 22 4 21 5 7
4.56311 10 36 22 22 13 22 3 21 6 7
4.68071 10 36 22 22 13 21 3 20 6 8
4.68076 9 35 22 22 14 21 3 20 6 8
4.78887 9 34 22 22 13 21 3 21 6 8
4.82637 9 34 22 22 13 20 3 20 6 9
4.85567 9 34 22 22 13 19 3 19 6 10
4.86609 9 34 21 21 13 20 3 19 6 10
5.06174 9 34 20 20 13 21 3 19 6 10
5.138 9 34 19 19 13 22 3 19 6 10
5.14494 10 35 19 19 12 22 3 19 6 10
5.30136 9 34 19 19 13 22 3 19 6 10
5.33336 8 33 19 19 14 22 3 19 6 10
5.33871 8 33 18 18 14 23 3 19 6 10
5.36169 8 33 18 18 13 22 4 19 6 10
5.39431 8 33 18 18 13 21 4 18 6 11
5.42772 8 33 17 17 13 22 4 18 6 11
5.51086 8 33 17 17 13 21 4 17 6 12
5.76135 8 33 17 17 12 20 5 17 6 12
5.77419 8 33 16 16 12 21 5 17 6 12
5.7748 8 33 16 16 11 20 6 17 6 12
5.92217 8 32 16 16 10 20 6 18 6 12
6.02686 7 31 16 16 11 20 6 18 6 12
6.34131 7 31 16 16 10 19 7 18 6 12
6.4235 7 31 16 16 9 18 8 18 6 12
6.45439 7 31 15 15 9 19 8 18 6 12
6.55497 7 31 15 15 9 18 8 17 6 13
6.65079 8 32 15 15 8 18 8 17 6 13
6.65257 8 32 14 14 8 19 8 17 6 13
6.82098 8 31 14 14 7 19 8 18 6 13
6.8498 8 31 14 14 7 18 8 17 6 14
6.91905 8 31 14 14 6 17 9 17 6 14
7.29471 8 31 14 14 6 16 9 16 6 15
7.47439 7 30 14 14 7 16 9 16 6 15
7.66485 6 29 14 14 8 16 9 16 6 15
7.79553 6 29 13 13 8 17 9 16 6 15
7.87988 6 28 13 13 8 17 8 16 7 15
7.90437 6 28 13 13 8 16 8 15 7 16
7.98601 6 28 13 13 8 15 8 14 7 17
8.25695 6 28 13 13 8 14 8 13 7 18
8.45957 6 28 13 13 8 13 8 12 7 19
8.67432 6 27 13 13 8 13 7 12 8 19
8.73511 6 26 13 13 8 13 6 12 9 19
8.83472 6 25 13 13 7 13 6 13 9 19
8.86132 6 24 13 13 6 13 6 14 9 19
9.03416 6 23 13 13 6 13 5 14 10 19
9.15769 6 23 13 13 6 12 5 13 10 20
9.16429 6 22 13 13 6 12 4 13 11 20
9.23823 5 21 13 13 7 12 4 13 11 20
9.34229 5 21 13 13 7 11 4 12 11 21
9.6605 5 21 13 13 7 10 4 11 11 22
9.66359 5 20 13 13 6 10 4 12 11 22
9.89687 5 20 13 13 6 9 4 11 11 23
10.099 5 20 13 13 6 8 4 10 11 24
10.2058 5 20 13 13 5 7 5 10 11 24
10.288 5 19 13 13 4 7 5 11 11 24
10.5747 5 19 13 13 4 6 5 10 11 25
10.8479 6 20 13 13 3 6 5 10 11 25
11.055 6 20 13 13 3 5 5 9 11 26
11.2045 6 20 12 12 3 6 5 9 11 26
11.3925 6 20 12 12 3 5 5 8 11 27
11.4385 7 21 12 12 2 5 5 8 11 27
11.5314 7 20 12 12 1 5 5 9 11 27
11.7642 7 20 11 11 1 6 5 9 11 27
11.779 7 20 11 11 1 7 5 10 11 26
12.2482 6 19 11 11 2 7 5 10 11 26
12.2941 5 18 11 11 3 7 5 10 11 26
12.3714 4 17 11 11 4 7 5 10 11 26
12.383 4 17 10 10 4 8 5 10 11 26
12.3895 4 16 10 10 4 8 4 10 12 26
12.531 4 15 10 10 3 8 4 11 12 26
12.8478 4 15 11 11 3 7 4 11 12 26
13.0382 4 15 11 11 3 6 4 10 12 27
13.0797 4 15 11 11 3 7 4 11 12 26
13.2714 4 15 11 11 2 6 5 11 12 26
13.7329 3 14 11 11 3 6 5 11 12 26
14.1222 3 14 10 10 3 7 5 11 12 26
15.9356 2 13 10 10 4 7 5 11 12 26
15.9662 2 12 10 10 4 7 4 11 13 26
16.315 2 12 10 10 4 6 4 10 13 27
16.6455 2 11 10 10 3 6 4 11 13 27
20.3054 2 11 9 9 3 7 4 11 13 27
20.4226 2 11 9 9 3 6 4 10 13 28
20.7863 2 11 9 9 3 5 4 9 13 29
20.831 2 10 9 9 3 5 3 9 14 29
21.4885 2 9 9 9 3 5 2 9 15 29
22.7369 2 9 9 9 3 4 2 8 15 30
23.1832 2 8 9 9 2 4 2 9 15 30
23.7771 2 8 8 8 2 5 2 9 15 30
24.0466 2 9 8 8 3 5 2 8 15 30
24.1618 2 10 8 8 4 5 2 7 15 30
26.1303 2 10 7 7 4 6 2 7 15 30
27.8377 1 9 7 7 5 6 2 7 15 30
28.8074 1 10 7 7 6 6 2 6 15 30
29.2164 1 9 7 7 5 6 2 7 15 30
29.3151 1 10 7 7 5 6 3 7 14 30
30.2085 1 10 7 7 5 5 3 6 14 31
31.0893 1 11 7 7 6 5 3 5 14 31
31.3677 1 10 7 7 5 5 3 6 14 31
31.581 1 9 7 7 4 5 3 7 14 31
32.8134 0 8 7 7 5 5 3 7 14 31
34.4317 0 8 7 7 4 4 4 7 14 31
34.68 0 7 7 7 3 4 4 8 14 31
34.6959 0 7 6 6 3 5 4 8 14 31
34.6999 0 7 6 6 3 4 4 7 14 32
36.5304 1 8 6 6 2 4 4 7 14 32
36.9672 1 8 5 5 2 5 4 7 14 32
41.0875 1 8 5 5 2 4 4 6 14 33
42.6063 1 8 4 4 2 5 4 6 14 33
43.0141 1 8 4 4 2 4 4 5 14 34
43.2041 1 7 4 4 2 4 3 5 15 34
43.7171 0 6 4 4 3 4 3 5 15 34
44.9809 0 7 4 4 4 4 3 4 15 34
48.5056 0 7 3 3 4 5 3 4 15 34
49.0119 0 7 3 3 4 4 3 3 15 35
49.8127 1 8 3 3 3 4 3 3 15 35
50.1221 1 7 3 3 2 4 3 4 15 35
53.4627 1 6 3 3 1 4 3 5 15 35
55.8675 1 6 2 2 1 5 3 5 15 35
56.5599 1 5 2 2 1 5 2 5 16 35
57.0941 1 5 3 3 1 4 2 5 16 35
62.1176 1 4 3 3 1 4 1 5 17 35
62.1579 1 4 2 2 1 5 1 5 17 35
68.0159 1 3 2 2 1 5 0 5 18 35
70.7765 2 4 2 2 0 5 0 5 18 35
70.9352 2 4 1 1 0 6 0 5 18 35
74.1597 2 4 1 1 0 5 0 4 18 36
78.8198 2 4 1 1 0 4 0 3 18 37
81.3689 2 4 1 1 0 3 0 2 18 38
83.7247 1 3 1 1 1 3 0 2 18 38
99.2342 1 3 1 1 0 2 1 2 18 38
132.27 1 4 1 1 1 2 1 1 18 38
133.117 0 3 1 1 2 2 1 1 18 38
138.498 0 3 1 1 1 1 2 1 18 38
149.095 0 3 0 0 1 2 2 1 18 38
155.687 0 3 0 0 1 3 2 2 18 37
156.661 0 3 0 0 1 2 2 1 18 38
163.254 0 3 0 0 2 3 1 1 18 38
166.383 0 2 0 0 1 3 1 2 18 38
197.899 0 3 0 0 1 3 2 2 17 38
206.749 0 4 0 0 2 3 2 1 17 38
206.786 0 3 0 0 1 3 2 2 17 38
209.432 0 2 0 0 1 3 1 2 18 38
224.218 0 1 0 0 1 3 0 2 19 38
228.663 0 2 0 0 1 3 1 2 18 38
235.343 1 3 0 0 0 3 1 2 18 38
235.72 1 3 0 0 0 2 1 1 18 39
244.304 1 4 0 0 0 2 2 1 17 39
249.675 1 4 1 1 0 1 2 1 17 39
250.43 1 3 1 1 0 1 1 1 18 39
253.294 1 3 0 0 0 2 1 1 18 39
258.002 1 3 1 1 0 1 1 1 18 39
262.218 1 3 1 1 0 2 1 2 18 38
269.702 1 3 0 0 0 3 1 2 18 38
276.552 1 3 0 0 0 2 1 1 18 39
276.716 1 3 0 0 0 1 1 0 18 40
292.342 1 3 0 0 0 2 1 1 18 39
293.247 1 4 0 0 1 2 1 0 18 39
303.685 1 4 0 0 1 3 1 1 18 38
303.839 2 5 0 0 0 3 1 1 18 38
305.623 1 4 0 0 1 3 1 1 18 38
312.438 2 5 0 0 0 3 1 1 18 38
315.227 2 5 0 0 0 2 1 0 18 39
320.509 1 4 0 0 1 2 1 0 18 39
326.692 1 3 0 0 1 2 0 0 19 39
330.535 0 2 0 0 2 2 0 0 19 39
334.889 0 1 0 0 1 2 0 1 19 39
338.695 0 1 0 0 1 1 0 0 19 40
365.702 0 1 0 0 0 0 1 0 19 40
393.628 0 2 0 0 0 0 2 0 18 40
409.905 0 1 0 0 0 0 1 0 19 40
529.511 0 2 0 0 0 0 2 0 18 40
547.735 0 2 0 0 0 1 2 1 18 39
555.209 0 2 0 0 1 2 1 1 18 39
556.058 1 3 0 0 0 2 1 1 18 39
569.389 1 3 1 1 0 1 1 1 18 39
571.852 1 2 1 1 0 1 0 1 19 39
590.977 1 2 1 1 0 0 0 0 19 40
637.238 1 3 1 1 0 0 1 0 18 40
649.589 1 2 1 1 0 0 0 0 19 40
713.062 0 1 1 1 1 0 0 0 19 40
721.424 0 2 1 1 1 0 1 0 18 40
737.143 0 1 1 1 0 0 1 1 18 40
740.17 0 2 1 1 0 0 2 1 17 40
754.498 0 1 1 1 0 0 1 1 18 40
754.51 0 2 1 1 1 0 1 0 18 40
760.734 0 2 0 0 1 1 1 0 18 40
771.467 0 2 0 0 1 2 1 1 18 39
771.979 0 2 0 0 1 3 1 2 18 38
776.09 0 3 0 0 1 3 2 2 17 38
779.927 0 3 1 1 1 2 2 2 17 38
784.037 0 2 1 1 1 2 1 2 18 38
794.497 0 2 2 2 1 1 1 2 18 38
798.172 0 1 2 2 1 1 0 2 19 38
804.97 0 1 2 2 1 2 0 3 19 37
806.074 0 1 2 2 1 1 0 2 19 38
806.094 0 1 2 2 1 0 0 1 19 39
830.861 0 1 1 1 1 1 0 1 19 39
834.047 0 1 1 1 1 2 0 2 19 38
836.174 0 1 1 1 0 1 1 2 19 38
854.608 0 2 1 1 1 1 1 1 19 38
856.419 0 3 1 1 2 1 1 0 19 38
858.139 0 2 1 1 2 1 0 0 20 38
860.371 1 3 1 1 1 1 0 0 20 38
878.888 1 3 0 0 1 2 0 0 20 38
884.328 2 4 0 0 0 2 0 0 20 38
884.655 2 4 0 0 0 3 0 1 20 37
886.354 1 3 0 0 1 3 0 1 20 37
888.549 1 2 0 0 0 3 0 2 20 37
894.404 1 2 0 0 0 2 0 1 20 38
908.594 1 2 0 0 0 1 0 0 20 39
918.999 1 2 1 1 0 0 0 0 20 39
925.215 1 3 1 1 0 0 1 0 19 39
931.476 1 2 1 1 0 0 0 0 20 39
938.884 1 2 0 0 0 1 0 0 20 39
949.615 1 2 0 0 0 2 0 1 20 38
976.659 1 2 1 1 0 1 0 1 20 38
980.599 1 2 1 1 0 2 0 2 20 37
984.638 1 2 2 2 0 1 0 2 20 37
989.329 1 3 2 2 1 1 0 1 20 37
990.966 0 2 2 2 2 1 0 1 20 37
997.524 0 2 3 3 2 0 0 1 20 37
1009.65 0 2 2 2 2 1 0 1 20 37
1010.17 0 3 2 2 2 1 1 1 19 37
1013.49 0 2 2 2 1 1 1 2 19 37
1013.58 0 3 2 2 2 1 1 1 19 37
1015.38 1 4 2 2 1 1 1 1 19 37
1024.05 1 3 2 2 1 1 0 1 20 37
1031.49 1 4 2 2 1 1 1 1 19 37
1031.62 0 3 2 2 2 1 1 1 19 37
1040.77 1 4 2 2 1 1 1 1 19 37
1040.82 1 4 1 1 1 2 1 1 19 37
1062.41 1 4 2 2 1 1 1 1 19 37
1071.17 1 4 2 2 1 0 1 0 19 38
1079.1 2 5 2 2 0 0 1 0 19 38
1083.93 1 4 2 2 1 0 1 0 19 38
1084.32 2 5 2 2 0 0 1 0 19 38
1085.4 1 4 2 2 1 0 1 0 19 38
1085.55 2 5 2 2 0 0 1 0 19 38
1085.98 2 5 1 1 0 1 1 0 19 38
1097.84 2 6 1 1 0 1 2 0 18 38
1102.31 2 6 1 1 1 2 1 0 18 38
1104.88 2 5 1 1 1 2 0 0 19 38
1110.84 2 5 2 2 1 1 0 0 19 38
1116.03 1 4 2 2 2 1 0 0 19 38
1116.42 1 3 2 2 1 1 0 1 19 38
1117.15 1 4 2 2 2 1 0 0 19 38
1118.03 1 5 2 2 2 1 1 0 18 38
1119.63 0 4 2 2 3 1 1 0 18 38
1121.88 0 5 2 2 3 1 2 0 17 38
1122.49 0 5 1 1 3 2 2 0 17 38
1133.61 1 6 1 1 2 2 2 0 17 38
1134.14 1 6 2 2 2 1 2 0 17 38
1134.64 2 7 2 2 1 1 2 0 17 38
1136.02 2 6 2 2 0 1 2 1 17 38
1140.32 2 5 2 2 0 1 1 1 18 38
1142.19 2 4 2 2 0 1 0 1 19 38
1145.2 1 3 2 2 1 1 0 1 19 38
1154.48 0 2 2 2 2 1 0 1 19 38
1169.71 1 3 2 2 1 1 0 1 19 38
1177.74 0 2 2 2 2 1 0 1 19 38
1188.76 0 2 2 2 1 0 1 1 19 38
1189.24 0 2 1 1 1 1 1 1 19 38
1207.16 0 2 2 2 1 0 1 1 19 38
1231.06 0 3 2 2 1 0 2 1 18 38
1234.78 0 4 2 2 2 0 2 0 18 38
1236.23 0 3 2 2 1 0 2 1 18 38
1238.92 0 2 2 2 0 0 2 2 18 38
1246.02 0 1 2 2 0 0 1 2 19 38
1257.06 0 1 1 1 0 1 1 2 19 38
1271.62 0 2 1 1 1 1 1 1 19 38
1272.73 0 2 0 0 1 2 1 1 19 38
1279.42 1 3 0 0 0 2 1 1 19 38
1292.78 1 3 0 0 1 3 0 1 19 38
1296.55 1 2 0 0 0 3 0 2 19 38
1305.3 1 3 0 0 1 3 0 1 19 38
1311.89 1 3 0 0 1 2 0 0 19 39
1333.5 1 3 0 0 0 1 1 0 19 39
1340.94 0 2 0 0 1 1 1 0 19 39
1341.88 0 2 1 1 1 0 1 0 19 39
1342.59 1 3 1 1 0 0 1 0 19 39
1350.78 1 3 1 1 1 1 0 0 19 39
1373.24 0 2 1 1 2 1 0 0 19 39
1384.68 1 3 1 1 1 1 0 0 19 39
1387.92 2 4 1 1 0 1 0 0 19 39
1392.24 1 3 1 1 1 1 0 0 19 39
1400.77 2 4 1 1 0 1 0 0 19 39
1442.97 2 5 1 1 0 1 1 0 18 39
1458.68 1 4 1 1 1 1 1 0 18 39
1462.74 1 3 1 1 0 1 1 1 18 39
1468.18 1 4 1 1 1 1 1 0 18 39
1472.54 1 5 1 1 1 1 2 0 17 39
1476.81 1 4 1 1 0 1 2 1 17 39
1486.52 1 4 1 1 0 2 2 2 17 38
1487.45 1 4 0 0 0 3 2 2 17 38
1490.02 1 4 0 0 1 4 1 2 17 38
1491.65 1 4 0 0 0 3 2 2 17 38
1495.36 1 4 1 1 0 2 2 2 17 38
1501.46 1 4 2 2 0 1 2 2 17 38
1507.65 0 3 2 2 1 1 2 2 17 38
1512.27 0 3 2 2 1 2 2 3 17 37
1525.11 0 4 2 2 1 2 3 3 16 37
1527.37 0 4 1 1 1 3 3 3 16 37
1528.63 0 4 1 1 1 2 3 2 16 38
1533.36 0 3 1 1 1 2 2 2 17 38
1540.39 0 4 1 1 2 2 2 1 17 38
1549.61 1 5 1 1 1 2 2 1 17 38
1550.44 1 4 1 1 1 2 1 1 18 38
1555.53 0 3 1 1 2 2 1 1 18 38
1559.36 0 2 1 1 2 2 0 1 19 38
1569.33 0 2 1 1 1 1 1 1 19 38
1617.96 0 3 1 1 2 1 1 0 19 38
1629.1 0 2 1 1 1 1 1 1 19 38
1633.62 1 3 1 1 0 1 1 1 19 38
1648.59 1 3 1 1 0 2 1 2 19 37
1653.05 1 3 2 2 0 1 1 2 19 37
1653.88 1 3 2 2 0 0 1 1 19 38
1660.83 1 3 1 1 0 1 1 1 19 38
1665.21 0 2 1 1 1 1 1 1 19 38
1705.47 0 2 1 1 1 2 1 2 19 37
1711.91 0 1 1 1 0 2 1 3 19 37
1713.35 0 1 2 2 0 1 1 3 19 37
1740.22 0 2 2 2 0 1 2 3 18 37
1740.41 0 2 2 2 0 0 2 2 18 38
1743.84 0 1 2 2 0 0 1 2 19 38
1749.23 0 1 2 2 0 1 1 3 19 37
1754.83 0 2 2 2 0 1 2 3 18 37
1756.73 0 3 2 2 0 1 3 3 17 37
1768.02 0 2 2 2 0 1 2 3 18 37
1779.27 0 1 2 2 0 1 1 3 19 37
1789.71 0 2 2 2 1 1 1 2 19 37
1789.88 0 2 1 1 1 2 1 2 19 37
1797.56 0 2 1 1 1 1 1 1 19 38
1802.52 0 2 1 1 1 2 1 2 19 37
1805.91 1 3 1 1 0 2 1 2 19 37
1806.76 1 3 1 1 0 3 1 3 19 36
1807.57 1 3 2 2 0 2 1 3 19 36
1812.22 1 4 2 2 1 2 1 2 19 36
1816.57 1 3 2 2 1 2 0 2 20 36
1822.68 0 2 2 2 2 2 0 2 20 36
1823.57 0 2 2 2 2 3 0 3 20 35
1823.75 0 1 2 2 1 3 0 4 20 35
1825.77 0 1 3 3 1 2 0 4 20 35
1840.01 0 1 4 4 1 1 0 4 20 35
1850.6 0 1 3 3 1 2 0 4 20 35
1861.83 0 1 3 3 1 1 0 3 20 36
1862.11 0 1 2 2 1 2 0 3 20 36
1865.68 0 0 2 2 0 2 0 4 20 36
1870.05 0 0 1 1 0 3 0 4 20 36
1879.24 0 0 1 1 0 2 0 3 20 37
1882.3 0 0 1 1 0 1 0 2 20 38
1933.02 0 1 1 1 0 1 1 2 19 38
1935.84 0 1 2 2 0 0 1 2 19 38
1945.83 0 1 1 1 0 1 1 2 19 38
1948.06 0 2 1 1 1 1 1 1 19 38
1962.31 0 2 2 2 1 0 1 1 19 38
1965.33 0 2 1 1 1 1 1 1 19 38
2010.54 0 1 1 1 0 1 1 2 19 38
2012.23 0 1 0 0 0 2 1 2 19 38
2042.55 0 1 0 0 0 3 1 3 19 37
2051.26 0 1 0 0 0 2 1 2 19 38
2063.59 0 1 0 0 0 1 1 1 19 39
2094.64 0 1 0 0 0 2 1 2 19 38
2102.43 0 2 0 0 0 2 2 2 18 38
2102.99 0 2 0 0 1 3 1 2 18 38
2104.81 0 2 1 1 1 2 1 2 18 38
2106.8 0 3 1 1 1 2 2 2 17 38
2115.68 0 3 1 1 1 1 2 1 17 39
2126.75 1 4 1 1 0 1 2 1 17 39
2129.36 0 3 1 1 1 1 2 1 17 39
2135.93 0 4 1 1 2 1 2 0 17 39
2137.75 0 4 1 1 1 0 3 0 17 39
2156.11 0 3 1 1 0 0 3 1 17 39
2163.77 0 3 1 1 0 1 3 2 17 38
2165.84 0 2 1 1 0 1 2 2 18 38
2167.3 0 2 0 0 0 2 2 2 18 38
2171.68 0 1 0 0 0 2 1 2 19 38
2187.24 0 2 0 0 1 2 1 1 19 38
2187.38 0 2 1 1 1 1 1 1 19 38
2195.76 0 2 1 1 1 2 1 2 19 37
2202.63 0 2 1 1 0 1 2 2 19 37
2208.26 0 1 1 1 0 1 1 2 20 37
2209.99 0 2 1 1 1 1 1 1 20 37
2214.61 0 2 0 0 1 2 1 1 20 37
2223.2 0 1 0 0 0 2 1 2 20 37
2248.52 0 2 0 0 1 2 1 1 20 37
2263.22 0 3 0 0 1 2 2 1 19 37
2264.53 0 2 0 0 1 2 1 1 20 37
2270.54 0 1 0 0 1 2 0 1 21 37
2292.11 0 1 0 0 1 1 0 0 21 38
2298.16 0 1 0 0 1 2 0 1 21 37
2313.59 0 1 0 0 1 1 0 0 21 38
2346.98 1 2 0 0 0 1 0 0 21 38
2442.2 0 1 0 0 1 1 0 0 21 38
2476.9 1 2 0 0 0 1 0 0 21 38
2561.7 1 2 1 1 0 0 0 0 21 38
2575.7 1 3 1 1 0 0 1 0 20 38
2583.88 1 2 1 1 0 0 0 0 21 38
2611.13 0 1 1 1 1 0 0 0 21 38
2625.26 0 2 1 1 1 0 1 0 20 38
2636.69 1 3 1 1 0 0 1 0 20 38
2650.38 1 2 1 1 0 0 0 0 21 38
2676.02 0 1 1 1 1 0 0 0 21 38
2680.96 0 2 1 1 1 0 1 0 20 38
2693.45 0 3 1 1 1 0 2 0 19 38
2693.58 0 3 0 0 1 1 2 0 19 38
2695 0 2 0 0 1 1 1 0 20 38
2708.26 0 2 0 0 1 2 1 1 20 37
2712.06 0 2 0 0 1 1 1 0 20 38
2744.01 0 2 0 0 2 2 0 0 20 38
2746.44 0 2 0 0 1 1 1 0 20 38
2765.74 0 1 0 0 0 1 1 1 20 38
2773.17 0 2 0 0 1 1 1 0 20 38
2778.07 0 2 0 0 1 2 1 1 20 37
2779.51 0 2 0 0 0 1 2 1 20 37
2786.44 0 1 0 0 0 1 1 1 21 37
2794.04 0 1 0 0 0 2 1 2 21 36
2796.42 0 1 0 0 0 3 1 3 21 35
2816.56 0 1 1 1 0 2 1 3 21 35
2819.06 0 1 1 1 0 1 1 2 21 36
2829.57 0 2 1 1 1 1 1 1 21 36
2836.52 0 1 1 1 1 1 0 1 22 36
2837.71 0 2 1 1 1 1 1 1 21 36
2851.65 1 3 1 1 0 1 1 1 21 36
2873.82 1 3 0 0 0 2 1 1 21 36
2886.13 1 4 0 0 1 2 1 0 21 36
2892.69 1 3 0 0 1 2 0 0 22 36
2913.67 1 3 0 0 1 3 0 1 22 35
2925.58 1 3 1 1 1 2 0 1 22 35
2926.08 1 3 1 1 1 3 0 2 22 34
2926.9 1 3 1 1 1 2 0 1 22 35
2937.39 1 3 1 1 1 1 0 0 22 36
2946.42 0 2 1 1 2 1 0 0 22 36
2953.73 1 3 1 1 1 1 0 0 22 36
2959.24 0 2 1 1 2 1 0 0 22 36
2960.72 0 2 1 1 2 2 0 1 22 35
2961.65 0 1 1 1 1 2 0 2 22 35
2972.67 0 2 1 1 1 2 1 2 21 35
2988.78 0 2 1 1 1 1 1 1 21 36
2988.78 0 2 1 1 1 1 1 1 21 36
