0 60 120 60 60 0 0 0 0 0 0
0.0214902 59 119 60 60 1 0 0 0 0 0
0.0258217 58 118 60 60 2 0 0 0 0 0
0.0580546 58 118 59 59 2 1 0 0 0 0
0.0629948 57 117 59 59 3 1 0 0 0 0
0.0717705 56 116 59 59 4 1 0 0 0 0
0.0783127 55 115 59 59 5 1 0 0 0 0
0.104845 54 114 59 59 6 1 0 0 0 0
0.1098 54 113 59 59 5 1 0 1 0 0
0.12046 54 113 58 58 5 2 0 1 0 0
0.130303 54 113 57 57 5 3 0 1 0 0
0.145473 53 112 57 57 6 3 0 1 0 0
0.182114 52 111 57 57 7 3 0 1 0 0
0.200162 51 110 57 57 8 3 0 1 0 0
0.203509 50 109 57 57 9 3 0 1 0 0
0.23466 49 108 57 57 10 3 0 1 0 0
0.235002 48 107 57 57 11 3 0 1 0 0
0.243263 48 107 56 56 11 4 0 1 0 0
0.257538 48 107 55 55 11 5 0 1 0 0
0.265258 47 106 55 55 12 5 0 1 0 0
0.284524 46 105 55 55 13 5 0 1 0 0
0.294671 46 104 55 55 12 5 0 2 0 0
0.309121 46 104 54 54 12 6 0 2 0 0
0.331328 45 103 54 54 13 6 0 2 0 0
0.338805 45 103 53 53 13 7 0 2 0 0
0.340161 44 102 53 53 14 7 0 2 0 0
0.348072 43 101 53 53 15 7 0 2 0 0
0.365835 43 101 52 52 15 8 0 2 0 0
0.384042 43 101 51 51 15 9 0 2 0 0
0.425221 42 100 51 51 16 9 0 2 0 0
0.470316 41 99 51 51 17 9 0 2 0 0
0.480704 40 98 51 51 18 9 0 2 0 0
0.492727 39 97 51 51 19 9 0 2 0 0
0.49805 39 96 51 51 18 9 0 3 0 0
0.503193 38 95 51 51 19 9 0 3 0 0
0.504708 37 94 51 51 20 9 0 3 0 0
0.519639 36 93 51 51 21 9 0 3 0 0
0.521661 36 92 51 51 20 9 0 4 0 0
0.570505 35 91 51 51 21 9 0 4 0 0
0.57279 35 91 50 50 21 10 0 4 0 0
0.576488 35 90 50 50 20 10 0 5 0 0
0.580998 34 89 50 50 21 10 0 5 0 0
0.637629 33 88 50 50 22 10 0 5 0 0
0.681347 32 87 50 50 23 10 0 5 0 0
0.687799 31 86 50 50 24 10 0 5 0 0
0.701756 31 85 50 50 23 10 0 6 0 0
0.721155 30 84 50 50 24 10 0 6 0 0
0.72524 30 83 50 50 23 10 0 7 0 0
0.770364 30 83 49 49 23 11 0 7 0 0
0.777352 30 82 49 49 22 11 0 8 0 0
0.780565 30 82 48 48 22 12 0 8 0 0
0.783928 29 81 48 48 23 12 0 8 0 0
0.850609 29 80 48 48 22 12 0 9 0 0
0.904313 28 79 48 48 23 12 0 9 0 0
0.907442 28 78 48 48 22 12 0 10 0 0
0.912776 28 78 47 47 22 13 0 10 0 0
0.918961 28 78 46 46 22 14 0 10 0 0
0.970817 28 77 46 46 21 14 0 11 0 0
0.979844 27 76 46 46 22 14 0 11 0 0
1.02047 27 76 45 45 22 15 0 11 0 0
1.04361 27 76 44 44 22 16 0 11 0 0
1.08805 27 75 44 44 21 16 0 12 0 0
1.09832 27 74 44 44 20 16 0 13 0 0
1.11186 27 73 44 44 19 16 0 14 0 0
1.12927 26 72 44 44 20 16 0 14 0 0
1.14253 26 72 43 43 20 17 0 14 0 0
1.14561 26 72 42 42 20 18 0 14 0 0
1.15789 26 71 42 42 19 18 0 15 0 0
1.20359 26 71 42 42 18 17 1 15 0 0
1.30247 25 70 42 42 19 17 1 15 0 0
1.31393 25 69 42 42 18 17 1 16 0 0
1.32327 25 69 41 41 18 18 1 16 0 0
1.35018 25 68 41 41 17 18 1 17 0 0
1.39543 24 67 41 41 18 18 1 17 0 0
1.3961 24 67 40 40 18 19 1 17 0 0
1.42128 24 67 39 39 18 20 1 17 0 0
1.4218 24 67 38 38 18 21 1 17 0 0
1.50345 24 67 38 38 17 20 2 17 0 0
1.52352 24 67 37 37 17 21 2 17 0 0
1.55189 24 67 37 37 17 20 2 16 0 1
1.55553 24 67 37 37 17 19 2 15 0 2
1.58948 24 66 37 37 16 19 2 16 0 2
1.61887 24 65 37 37 15 19 2 17 0 2
1.63037 24 65 36 36 15 20 2 17 0 2
1.64595 24 64 36 36 15 20 1 17 1 2
1.66433 23 63 36 36 16 20 1 17 1 2
1.6859 22 62 36 36 17 20 1 17 1 2
1.70076 22 61 36 36 16 20 1 18 1 2
1.80486 22 60 36 36 15 20 1 19 1 2
1.80903 21 59 36 36 16 20 1 19 1 2
1.87116 20 58 36 36 17 20 1 19 1 2
1.9061 19 57 36 36 18 20 1 19 1 2
1.91305 19 57 35 35 18 21 1 19 1 2
1.92247 19 57 34 34 18 22 1 19 1 2
2.06964 18 56 34 34 19 22 1 19 1 2
2.11436 18 56 34 34 19 21 1 18 1 3
2.21134 18 56 34 34 18 20 2 18 1 3
2.22616 18 56 33 33 18 21 2 18 1 3
2.2514 18 56 32 32 18 22 2 18 1 3
2.25304 17 55 32 32 19 22 2 18 1 3
2.37276 17 55 31 31 19 23 2 18 1 3
2.41385 17 55 31 31 18 22 3 18 1 3
2.42405 17 55 31 31 18 21 3 17 1 4
2.45866 17 54 31 31 17 21 3 18 1 4
2.46983 17 54 30 30 17 22 3 18 1 4
2.47799 17 54 30 30 17 21 3 17 1 5
2.50137 16 53 30 30 18 21 3 17 1 5
2.64504 16 53 29 29 18 22 3 17 1 5
2.66835 16 52 29 29 17 22 3 18 1 5
2.68538 16 52 29 29 16 21 4 18 1 5
2.6898 16 52 29 29 16 20 4 17 1 6
2.72219 16 52 29 29 16 19 4 16 1 7
2.75181 15 51 29 29 17 19 4 16 1 7
2.79231 16 52 29 29 16 19 4 16 1 7
2.82645 16 52 28 28 16 20 4 16 1 7
2.94328 16 52 27 27 16 21 4 16 1 7
2.95055 16 52 26 26 16 22 4 16 1 7
3.14714 16 51 26 26 16 22 3 16 2 7
3.19744 16 51 25 25 16 23 3 16 2 7
3.23902 15 50 25 25 17 23 3 16 2 7
3.25674 14 49 25 25 18 23 3 16 2 7
3.25881 13 48 25 25 19 23 3 16 2 7
3.30611 14 49 25 25 18 23 3 16 2 7
3.33107 14 49 25 25 18 22 3 15 2 8
3.34369 13 48 25 25 19 22 3 15 2 8
3.37903 13 47 25 25 18 22 3 16 2 8
3.47002 13 47 25 25 18 21 3 15 2 9
3.49362 13 46 25 25 17 21 3 16 2 9
3.67341 13 47 25 25 18 21 3 15 2 9
3.69662 13 47 25 25 17 20 4 15 2 9
3.75058 13 46 25 25 16 20 4 16 2 9
3.75346 12 45 25 25 17 20 4 16 2 9
3.89659 12 45 25 25 17 19 4 15 2 10
3.91001 12 45 24 24 17 20 4 15 2 10
3.96339 11 44 24 24 18 20 4 15 2 10
4.00629 10 43 24 24 19 20 4 15 2 10
4.0602 10 43 24 24 18 19 5 15 2 10
4.13557 10 42 24 24 17 19 5 16 2 10
4.18961 10 41 24 24 16 19 5 17 2 10
4.21781 9 40 24 24 17 19 5 17 2 10
4.40179 8 39 24 24 18 19 5 17 2 10
4.41562 8 39 23 23 18 20 5 17 2 10
4.41659 8 39 23 23 17 19 6 17 2 10
4.42825 7 38 23 23 18 19 6 17 2 10
4.48374 7 38 23 23 17 18 7 17 2 10
4.52795 7 37 23 23 16 18 7 18 2 10
4.66217 7 37 23 23 15 17 8 18 2 10
4.66958 7 37 22 22 15 18 8 18 2 10
4.7313 7 36 22 22 14 18 8 19 2 10
4.77049 7 35 22 22 13 18 8 20 2 10
4.7839 7 35 23 23 13 17 8 20 2 10
4.80246 7 35 22 22 13 18 8 20 2 10
4.86772 7 36 22 22 14 18 8 19 2 10
4.8762 7 35 22 22 13 18 8 20 2 10
4.89018 7 34 22 22 13 18 7 20 3 10
4.89946 7 34 22 22 13 17 7 19 3 11
4.94181 7 33 22 22 12 17 7 20 3 11
5.19584 7 32 22 22 12 17 6 20 4 11
5.41845 7 32 22 22 12 16 6 19 4 12
5.46573 7 32 22 22 11 15 7 19 4 12
5.56503 6 31 22 22 12 15 7 19 4 12
5.71297 6 31 22 22 11 14 8 19 4 12
5.78015 5 30 22 22 12 14 8 19 4 12
5.82708 5 30 22 22 12 13 8 18 4 13
5.85709 5 30 21 21 12 14 8 18 4 13
5.90933 5 29 21 21 12 14 7 18 5 13
6.12107 5 29 20 20 12 15 7 18 5 13
6.15394 5 28 20 20 12 15 6 18 6 13
6.26654 5 27 20 20 12 15 5 18 7 13
6.41471 5 27 19 19 12 16 5 18 7 13
6.70768 4 26 19 19 13 16 5 18 7 13
6.71293 4 25 19 19 12 16 5 19 7 13
6.74302 4 25 20 20 12 15 5 19 7 13
6.94795 4 25 20 20 12 14 5 18 7 14
6.96751 4 24 20 20 11 14 5 19 7 14
7.12343 4 24 19 19 11 15 5 19 7 14
7.1645 4 24 19 19 10 14 6 19 7 14
7.23979 4 24 18 18 10 15 6 19 7 14
7.33486 3 23 18 18 11 15 6 19 7 14
7.34428 3 23 17 17 11 16 6 19 7 14
7.54176 3 22 17 17 11 16 5 19 8 14
7.59424 3 22 16 16 11 17 5 19 8 14
7.62716 3 22 16 16 10 16 6 19 8 14
7.66692 2 21 16 16 11 16 6 19 8 14
7.68217 2 21 16 16 11 15 6 18 8 15
7.92837 2 21 16 16 11 14 6 17 8 16
7.92901 2 21 15 15 11 15 6 17 8 16
8.01405 2 21 15 15 11 14 6 16 8 17
8.40101 2 20 15 15 10 14 6 17 8 17
8.49278 2 20 15 15 10 13 6 16 8 18
8.66929 2 20 15 15 10 12 6 15 8 19
8.67225 2 20 16 16 10 11 6 15 8 19
9.00529 2 19 16 16 10 11 5 15 9 19
9.40966 2 18 16 16 10 11 4 15 10 19
9.51139 2 19 16 16 11 11 4 14 10 19
9.58256 2 18 16 16 10 11 4 15 10 19
9.71328 2 18 15 15 10 12 4 15 10 19
9.72237 2 18 14 14 10 13 4 15 10 19
9.81288 2 17 14 14 9 13 4 16 10 19
10.0637 2 16 14 14 9 13 3 16 11 19
10.1612 2 16 14 14 8 12 4 16 11 19
10.3418 2 15 14 14 7 12 4 17 11 19
10.4987 2 15 14 14 7 11 4 16 11 20
10.742 2 14 14 14 7 11 3 16 12 20
10.8779 2 14 14 14 7 10 3 15 12 21
11.0973 2 14 14 14 7 9 3 14 12 22
11.2391 2 14 13 13 7 10 3 14 12 22
11.2974 2 13 13 13 6 10 3 15 12 22
11.3439 2 13 13 13 6 9 3 14 12 23
11.7997 2 13 12 12 6 10 3 14 12 23
11.8437 2 13 12 12 6 9 3 13 12 24
12.6531 2 13 11 11 6 10 3 13 12 24
13.4115 1 12 11 11 7 10 3 13 12 24
13.6166 1 12 11 11 7 9 3 12 12 25
13.7425 1 12 11 11 7 8 3 11 12 26
14.502 1 12 10 10 7 9 3 11 12 26
15.3661 1 11 10 10 7 9 2 11 13 26
15.4418 1 10 10 10 6 9 2 12 13 26
15.8081 1 10 9 9 6 10 2 12 13 26
18.0918 1 10 9 9 6 9 2 11 13 27
18.1281 1 10 9 9 5 8 3 11 13 27
18.2794 1 9 9 9 5 8 2 11 14 27
18.4213 1 8 9 9 4 8 2 12 14 27
19.4452 1 8 9 9 4 7 2 11 14 28
20.0022 1 8 8 8 4 8 2 11 14 28
20.0493 1 8 7 7 4 9 2 11 14 28
21.2688 1 9 7 7 5 9 2 10 14 28
21.6333 1 9 6 6 5 10 2 10 14 28
21.6493 1 10 6 6 5 10 3 10 13 28
21.7502 1 10 6 6 5 9 3 9 13 29
21.9545 2 11 6 6 4 9 3 9 13 29
22.0304 2 11 6 6 4 8 3 8 13 30
22.5752 2 11 6 6 4 7 3 7 13 31
23.419 2 11 6 6 4 6 3 6 13 32
23.5965 2 11 5 5 4 7 3 6 13 32
23.924 2 11 5 5 4 6 3 5 13 33
24.268 2 11 5 5 3 5 4 5 13 33
25.8459 2 10 5 5 3 5 3 5 14 33
26.0678 2 10 4 4 3 6 3 5 14 33
26.1712 1 9 4 4 4 6 3 5 14 33
26.7362 1 9 4 4 4 5 3 4 14 34
27.949 1 8 4 4 3 5 3 5 14 34
28.2337 1 8 4 4 3 4 3 4 14 35
28.5608 1 8 4 4 3 3 3 3 14 36
29.0463 1 7 4 4 2 3 3 4 14 36
30.6083 1 6 4 4 2 3 2 4 15 36
32.0073 1 6 3 3 2 4 2 4 15 36
36.5093 2 7 3 3 1 4 2 4 15 36
36.7602 2 7 3 3 0 3 3 4 15 36
38.0462 2 6 3 3 0 3 2 4 16 36
39.4892 1 5 3 3 1 3 2 4 16 36
42.4289 1 5 2 2 1 4 2 4 16 36
44.4882 1 4 2 2 0 4 2 5 16 36
46.419 1 3 2 2 0 4 1 5 17 36
47.7944 1 3 2 2 0 3 1 4 17 37
52.9767 1 3 1 1 0 4 1 4 17 37
59.7792 1 3 1 1 0 3 1 3 17 38
61.2529 1 4 1 1 1 3 1 2 17 38
66.3941 1 4 1 1 1 2 1 1 17 39
68.6555 1 4 1 1 1 3 1 2 17 38
80.3697 0 3 1 1 2 3 1 2 17 38
84.7637 0 3 1 1 2 2 1 1 17 39
92.6397 0 2 1 1 1 2 1 2 17 39
100.174 0 2 1 1 0 1 2 2 17 39
103.398 0 3 1 1 1 1 2 1 17 39
105.782 0 2 1 1 1 1 1 1 18 39
106.236 0 2 1 1 1 2 1 2 18 38
111.998 0 2 1 1 1 1 1 1 18 39
120.363 0 3 1 1 2 1 1 0 18 39
124.439 0 3 0 0 2 2 1 0 18 39
132.549 0 3 1 1 2 1 1 0 18 39
143.675 0 2 1 1 1 1 1 1 18 39
152.836 0 2 1 1 1 2 1 2 18 38
159.476 0 2 2 2 1 1 1 2 18 38
164.964 0 2 1 1 1 2 1 2 18 38
167.913 1 3 1 1 0 2 1 2 18 38
198.353 1 3 1 1 0 3 1 3 18 37
226.043 1 2 1 1 0 3 0 3 19 37
232.387 1 2 1 1 0 2 0 2 19 38
243.24 0 1 1 1 1 2 0 2 19 38
257.847 0 1 0 0 1 3 0 2 19 38
265.335 0 1 0 0 0 2 1 2 19 38
265.376 0 2 0 0 1 2 1 1 19 38
271.617 0 2 0 0 1 1 1 0 19 39
277.217 0 2 0 0 1 2 1 1 19 38
283.984 0 3 0 0 2 2 1 0 19 38
285.242 1 4 0 0 1 2 1 0 19 38
292.753 0 3 0 0 2 2 1 0 19 38
296.374 1 4 0 0 1 2 1 0 19 38
297.567 1 4 0 0 1 3 1 1 19 37
299.546 1 3 0 0 0 3 1 2 19 37
304.06 1 3 1 1 0 2 1 2 19 37
310.256 1 3 1 1 0 1 1 1 19 38
311.176 1 4 1 1 0 1 2 1 18 38
312.584 1 4 0 0 0 2 2 1 18 38
313.739 1 4 0 0 0 3 2 2 18 37
321.039 1 3 0 0 0 3 1 2 19 37
339.96 1 2 0 0 0 3 0 2 20 37
341.065 1 2 1 1 0 2 0 2 20 37
345.528 1 2 2 2 0 1 0 2 20 37
351.794 0 1 2 2 1 1 0 2 20 37
359.84 0 0 2 2 0 1 0 3 20 37
363.626 0 1 2 2 1 1 0 2 20 37
369.224 0 1 1 1 1 2 0 2 20 37
377.528 0 1 1 1 1 1 0 1 20 38
396.098 0 1 0 0 1 2 0 1 20 38
398.502 0 2 0 0 1 2 1 1 19 38
401.537 0 1 0 0 1 2 0 1 20 38
418.044 0 1 1 1 1 1 0 1 20 38
418.384 0 1 1 1 1 2 0 2 20 37
419.959 0 2 1 1 2 2 0 1 20 37
420.255 0 2 0 0 2 3 0 1 20 37
420.516 0 2 0 0 1 2 1 1 20 37
431.308 0 3 0 0 1 2 2 1 19 37
435.354 0 4 0 0 1 2 3 1 18 37
440.699 0 4 0 0 0 1 4 1 18 37
441.193 0 4 0 0 0 0 4 0 18 38
448.155 0 3 0 0 0 0 3 0 19 38
458.69 0 4 0 0 0 0 4 0 18 38
460.287 0 3 0 0 0 0 3 0 19 38
478.52 0 3 0 0 0 1 3 1 19 37
481.59 0 3 0 0 0 2 3 2 19 36
484.01 0 2 0 0 0 2 2 2 20 36
499.569 0 3 0 0 1 2 2 1 20 36
499.809 0 2 0 0 1 2 1 1 21 36
501.002 0 3 0 0 1 2 2 1 20 36
501.498 0 4 0 0 1 2 3 1 19 36
502.467 0 5 0 0 1 2 4 1 18 36
503.16 0 4 0 0 1 2 3 1 19 36
504.786 0 3 0 0 1 2 2 1 20 36
505.162 0 3 0 0 0 1 3 1 20 36
513.45 0 4 0 0 1 1 3 0 20 36
515.502 1 5 0 0 0 1 3 0 20 36
519.989 0 4 0 0 1 1 3 0 20 36
523.474 0 3 0 0 1 1 2 0 21 36
526.057 1 4 0 0 0 1 2 0 21 36
539.099 1 3 0 0 0 1 1 0 22 36
544.693 1 4 0 0 0 1 2 0 21 36
546.751 1 4 0 0 1 2 1 0 21 36
548.771 2 5 0 0 0 2 1 0 21 36
549.437 2 4 0 0 0 2 0 0 22 36
556.411 2 5 0 0 0 2 1 0 21 36
562.382 1 4 0 0 1 2 1 0 21 36
564.633 1 4 0 0 0 1 2 0 21 36
572.235 1 3 0 0 0 1 1 0 22 36
579.614 1 2 0 0 0 1 0 0 23 36
598.28 1 2 0 0 0 2 0 1 23 35
620.234 0 1 0 0 1 2 0 1 23 35
625.088 0 1 1 1 1 1 0 1 23 35
646.97 0 1 1 1 0 0 1 1 23 35
650.844 0 1 1 1 0 1 1 2 23 34
652.952 0 1 0 0 0 2 1 2 23 34
666.11 0 1 1 1 0 1 1 2 23 34
667.728 0 1 0 0 0 2 1 2 23 34
681.082 0 2 0 0 0 2 2 2 22 34
683.156 0 1 0 0 0 2 1 2 23 34
700.053 0 1 0 0 0 1 1 1 23 35
700.164 0 2 0 0 0 1 2 1 22 35
706.342 0 3 0 0 0 1 3 1 21 35
708.03 0 3 0 0 0 2 3 2 21 34
722.294 0 2 0 0 0 2 2 2 22 34
732.127 0 2 1 1 0 1 2 2 22 34
743.854 0 2 1 1 0 0 2 1 22 35
750.066 0 2 1 1 0 1 2 2 22 34
773.502 0 3 1 1 1 1 2 1 22 34
796.912 0 4 1 1 2 1 2 0 22 34
799.151 0 4 1 1 3 2 1 0 22 34
799.564 0 4 1 1 4 3 0 0 22 34
803.023 1 5 1 1 3 3 0 0 22 34
803.222 1 4 1 1 2 3 0 1 22 34
807.285 2 5 1 1 1 3 0 1 22 34
808.377 2 4 1 1 0 3 0 2 22 34
808.428 2 5 1 1 0 3 1 2 21 34
816.679 2 5 1 1 0 2 1 1 21 35
820.824 2 5 1 1 0 3 1 2 21 34
823.38 2 5 1 1 0 2 1 1 21 35
829.494 2 6 1 1 0 2 2 1 20 35
839.801 2 5 1 1 0 2 1 1 21 35
846.004 2 5 1 1 0 1 1 0 21 36
850.703 1 4 1 1 1 1 1 0 21 36
855.897 1 3 1 1 0 1 1 1 21 36
867.896 0 2 1 1 1 1 1 1 21 36
876.468 0 1 1 1 1 1 0 1 22 36
876.61 0 2 1 1 1 1 1 1 21 36
876.912 0 2 1 1 1 2 1 2 21 35
883.774 0 2 1 1 1 1 1 1 21 36
887.716 0 2 1 1 0 0 2 1 21 36
889.066 0 3 1 1 0 0 3 1 20 36
890.061 0 3 0 0 0 1 3 1 20 36
902.324 0 2 0 0 0 1 2 1 21 36
959.077 0 3 0 0 0 1 3 1 20 36
959.766 0 2 0 0 0 1 2 1 21 36
965.428 0 2 0 0 0 2 2 2 21 35
965.977 0 2 0 0 0 3 2 3 21 34
968.116 0 2 0 0 0 2 2 2 21 35
976.958 0 1 0 0 0 2 1 2 22 35
977.581 0 2 0 0 0 2 2 2 21 35
989.61 0 2 0 0 0 1 2 1 21 36
992.01 0 1 0 0 0 1 1 1 22 36
1041.03 0 2 0 0 1 1 1 0 22 36
1063.21 1 3 0 0 0 1 1 0 22 36
1089.52 1 4 0 0 0 1 2 0 21 36
1094.81 0 3 0 0 1 1 2 0 21 36
1101.63 0 2 0 0 0 1 2 1 21 36
1132.25 0 3 0 0 0 1 3 1 20 36
1134.48 0 2 0 0 0 1 2 1 21 36
1145.02 0 3 0 0 0 1 3 1 20 36
1152.08 0 2 0 0 0 1 2 1 21 36
1156.87 0 2 0 0 0 0 2 0 21 37
1157.46 0 1 0 0 0 0 1 0 22 37
1164.77 0 1 0 0 1 1 0 0 22 37
1176.1 0 2 0 0 1 1 1 0 21 37
1177.03 0 2 0 0 2 2 0 0 21 37
1203.05 0 2 1 1 2 1 0 0 21 37
1203.74 0 2 1 1 1 0 1 0 21 37
1211.82 0 2 0 0 1 1 1 0 21 37
1220.13 0 2 1 1 1 0 1 0 21 37
1222.12 0 2 1 1 1 1 1 1 21 36
1225.73 0 1 1 1 0 1 1 2 21 36
1236.87 0 2 1 1 1 1 1 1 21 36
1237.7 0 1 1 1 1 1 0 1 22 36
1239.89 1 2 1 1 0 1 0 1 22 36
1242.57 1 2 0 0 0 2 0 1 22 36
1256.07 1 2 1 1 0 1 0 1 22 36
1263.56 1 2 0 0 0 2 0 1 22 36
1265.73 1 2 0 0 0 1 0 0 22 37
1276.34 1 2 1 1 0 0 0 0 22 37
1332.83 1 3 1 1 0 0 1 0 21 37
1373.18 0 2 1 1 1 0 1 0 21 37
1389.39 0 2 1 1 1 1 1 1 21 36
1403.88 0 3 1 1 1 1 2 1 20 36
1426.97 1 4 1 1 0 1 2 1 20 36
1432.52 1 5 1 1 1 1 2 0 20 36
1434.37 0 4 1 1 2 1 2 0 20 36
1443.45 0 4 1 1 1 0 3 0 20 36
1444.42 0 3 1 1 1 0 2 0 21 36
1456.91 1 4 1 1 0 0 2 0 21 36
1464.43 0 3 1 1 1 0 2 0 21 36
1465.21 1 4 1 1 0 0 2 0 21 36
1470 1 3 1 1 0 0 1 0 22 36
1509.19 1 2 1 1 0 0 0 0 23 36
1512.38 1 3 1 1 0 0 1 0 22 36
1516.55 1 3 1 1 0 1 1 1 22 35
1532.78 1 4 1 1 0 1 2 1 21 35
1553.62 1 3 1 1 0 1 1 1 22 35
1556.72 1 3 0 0 0 2 1 1 22 35
1569.32 1 4 0 0 0 2 2 1 21 35
1569.83 1 4 1 1 0 1 2 1 21 35
1572.8 1 3 1 1 0 1 1 1 22 35
1575.17 1 4 1 1 0 1 2 1 21 35
1577.84 1 3 1 1 0 1 1 1 22 35
1579.28 1 4 1 1 1 1 1 0 22 35
1587.26 1 4 1 1 0 0 2 0 22 35
1587.71 0 3 1 1 1 0 2 0 22 35
1587.88 0 2 1 1 0 0 2 1 22 35
1592.3 0 2 0 0 0 1 2 1 22 35
1593.84 0 2 0 0 1 2 1 1 22 35
1596.89 0 2 1 1 1 1 1 1 22 35
1602.98 0 3 1 1 2 1 1 0 22 35
1609.74 1 4 1 1 1 1 1 0 22 35
1617.2 0 3 1 1 2 1 1 0 22 35
1618.74 1 4 1 1 1 1 1 0 22 35
1619.91 2 5 1 1 0 1 1 0 22 35
1629.02 1 4 1 1 1 1 1 0 22 35
1636.7 0 3 1 1 2 1 1 0 22 35
1645.24 0 3 1 1 2 2 1 1 22 34
1647.36 0 3 1 1 1 1 2 1 22 34
1648.26 0 3 1 1 1 2 2 2 22 33
1653.18 0 4 1 1 1 2 3 2 21 33
1660.38 0 3 1 1 1 2 2 2 22 33
1666.39 0 4 1 1 2 2 2 1 22 33
1670.19 0 3 1 1 2 2 1 1 23 33
1674.27 0 3 1 1 1 1 2 1 23 33
1675.92 0 3 1 1 1 2 2 2 23 32
1676.27 0 2 1 1 1 2 1 2 24 32
1680.64 0 1 1 1 0 2 1 3 24 32
1692.31 0 1 1 1 0 1 1 2 24 33
1694.61 0 1 0 0 0 2 1 2 24 33
1749.44 0 0 0 0 0 2 0 2 25 33
1756.57 0 0 0 0 0 1 0 1 25 34
1802.25 0 1 0 0 1 1 0 0 25 34
1821 0 2 0 0 1 1 1 0 24 34
1821.8 0 1 0 0 1 1 0 0 25 34
1826.98 1 2 0 0 0 1 0 0 25 34
1827.25 1 2 0 0 0 2 0 1 25 33
1832.25 1 2 0 0 0 1 0 0 25 34
1838.15 0 1 0 0 1 1 0 0 25 34
1849.59 1 2 0 0 0 1 0 0 25 34
1893.35 0 1 0 0 1 1 0 0 25 34
1922.59 0 1 0 0 0 0 1 0 25 34
1948.18 0 2 0 0 0 0 2 0 24 34
1967.13 0 3 0 0 0 0 3 0 23 34
1967.72 0 2 0 0 0 0 2 0 24 34
1974.43 0 2 0 0 0 1 2 1 24 33
1992.87 0 1 0 0 0 1 1 1 25 33
2014.89 0 1 1 1 0 0 1 1 25 33
2015.09 0 2 1 1 0 0 2 1 24 33
2049.92 0 2 1 1 0 1 2 2 24 32
2052.79 0 3 1 1 1 1 2 1 24 32
2062.39 0 3 2 2 1 0 2 1 24 32
2065.12 0 4 2 2 2 0 2 0 24 32
2087 0 3 2 2 2 0 1 0 25 32
2087.25 0 2 2 2 1 0 1 1 25 32
2091.56 0 2 1 1 1 1 1 1 25 32
2094.18 0 3 1 1 1 1 2 1 24 32
2107.09 0 2 1 1 1 1 1 1 25 32
2114.87 1 3 1 1 0 1 1 1 25 32
2117.7 1 2 1 1 0 1 0 1 26 32
2125.15 1 2 1 1 0 0 0 0 26 33
2150.14 1 3 1 1 0 0 1 0 25 33
2156.63 1 2 1 1 0 0 0 0 26 33
2205.68 1 3 1 1 0 0 1 0 25 33
2231.79 0 2 1 1 1 0 1 0 25 33
2240.13 0 3 1 1 1 0 2 0 24 33
2240.63 0 3 1 1 2 1 1 0 24 33
2244.3 1 4 1 1 1 1 1 0 24 33
2247.23 1 3 1 1 0 1 1 1 24 33
2287.85 1 3 2 2 0 0 1 1 24 33
2312.15 1 2 2 2 0 0 0 1 25 33
2316.94 1 3 2 2 1 0 0 0 25 33
2325.15 1 4 2 2 1 0 1 0 24 33
2325.49 2 5 2 2 0 0 1 0 24 33
2333.12 2 4 2 2 0 0 0 0 25 33
2349.14 2 5 2 2 0 0 1 0 24 33
2363.27 2 5 1 1 0 1 1 0 24 33
2366.08 2 4 1 1 0 1 0 0 25 33
2402.38 2 5 1 1 0 1 1 0 24 33
2410.95 1 4 1 1 1 1 1 0 24 33
2411.6 1 4 2 2 1 0 1 0 24 33
2451.92 1 5 2 2 1 0 2 0 23 33
2455 1 4 2 2 1 0 1 0 24 33
2460.01 0 3 2 2 2 0 1 0 24 33
2472.25 0 2 2 2 1 0 1 1 24 33
2474.83 0 2 1 1 1 1 1 1 24 33
2496.22 1 3 1 1 0 1 1 1 24 33
2530.35 1 2 1 1 0 1 0 1 25 33
2549.17 1 2 1 1 0 2 0 2 25 32
2560.38 1 2 2 2 0 1 0 2 25 32
2564.08 1 2 2 2 0 0 0 1 25 33
2575.82 1 3 2 2 0 0 1 1 24 33
2576.63 0 2 2 2 1 0 1 1 24 33
2583.81 0 2 2 2 1 1 1 2 24 32
2585.35 0 2 2 2 2 2 0 2 24 32
2596.94 1 3 2 2 1 2 0 2 24 32
2600.76 0 2 2 2 2 2 0 2 24 32
2603.71 0 2 2 2 2 3 0 3 24 31
2605.21 0 2 2 2 2 4 0 4 24 30
2610.82 0 2 3 3 2 3 0 4 24 30
2613.13 0 3 3 3 3 3 0 3 24 30
2622.3 0 3 3 3 3 2 0 2 24 31
2626.09 0 3 2 2 3 3 0 2 24 31
2637.98 0 3 2 2 3 2 0 1 24 32
2651.74 0 2 2 2 2 2 0 2 24 32
2662.48 1 3 2 2 1 2 0 2 24 32
2663.9 1 3 2 2 1 1 0 1 24 33
2669.32 2 4 2 2 0 1 0 1 24 33
2673.63 2 5 2 2 1 1 0 0 24 33
2676.14 1 4 2 2 2 1 0 0 24 33
2678.69 2 5 2 2 1 1 0 0 24 33
2695.05 1 4 2 2 2 1 0 0 24 33
2696.2 1 3 2 2 1 1 0 1 24 33
2713.2 1 2 2 2 0 1 0 2 24 33
2718.15 1 2 1 1 0 2 0 2 24 33
2729.69 0 1 1 1 1 2 0 2 24 33
2746.68 0 1 1 1 1 1 0 1 24 34
2752.91 1 2 1 1 0 1 0 1 24 34
2766.88 1 3 1 1 0 1 1 1 23 34
2766.98 1 2 1 1 0 1 0 1 24 34
2768.25 0 1 1 1 1 1 0 1 24 34
2794.13 0 2 1 1 1 1 1 1 23 34
2798.61 1 3 1 1 0 1 1 1 23 34
2808.64 0 2 1 1 1 1 1 1 23 34
2815.56 0 2 1 1 1 2 1 2 23 33
2819.9 0 2 1 1 0 1 2 2 23 33
2823.42 0 2 1 1 1 2 1 2 23 33
2834.67 0 2 1 1 1 1 1 1 23 34
2852.52 0 1 1 1 0 1 1 2 23 34
2853.16 0 2 1 1 1 1 1 1 23 34
2859.79 0 1 1 1 1 1 0 1 24 34
2863.08 0 1 2 2 1 0 0 1 24 34
2870.12 0 1 1 1 1 1 0 1 24 34
2870.2 0 1 1 1 1 2 0 2 24 33
2870.77 0 1 1 1 1 3 0 3 24 32
2876.82 0 2 1 1 2 3 0 2 24 32
2888.21 0 2 1 1 2 2 0 1 24 33
2892.34 1 3 1 1 1 2 0 1 24 33
2892.57 1 4 1 1 1 2 1 1 23 33
2893.46 1 3 1 1 0 2 1 2 23 33
2894.68 1 2 1 1 0 2 0 2 24 33
2900.96 1 2 2 2 0 1 0 2 24 33
2901.98 1 3 2 2 0 1 1 2 23 33
2950.79 0 2 2 2 1 1 1 2 23 33
2951.33 0 2 2 2 1 2 1 3 23 32
2952.79 0 2 2 2 1 1 1 2 23 33
2964.34 0 2 2 2 1 0 1 1 23 34
2964.58 0 3 2 2 1 0 2 1 22 34
2965.92 0 3 2 2 1 1 2 2 22 33
2968.49 0 3 2 2 2 2 1 2 22 33
2968.7 0 4 2 2 3 2 1 1 22 33
2970.53 0 4 1 1 3 3 1 1 22 33
2974.11 0 4 1 1 2 2 2 1 22 33
2975.44 0 3 1 1 2 2 1 1 23 33
2975.61 1 4 1 1 1 2 1 1 23 33
2977.3 1 4 1 1 2 3 0 1 23 33
2977.7 1 4 1 1 1 2 1 1 23 33
2983.61 1 4 2 2 1 1 1 1 23 33
2984.21 1 4 2 2 0 0 2 1 23 33
2985.38 1 5 2 2 0 0 3 1 22 33
2991.27 1 4 2 2 0 0 2 1 23 33
2991.27 1 4 2 2 0 0 2 1 23 33
