0 60 120 60 60 0 0 0 0 0 0
0.0278424 59 119 60 60 1 0 0 0 0 0
0.0302577 59 119 59 59 1 1 0 0 0 0
0.0315782 59 119 58 58 1 2 0 0 0 0
0.0446469 59 119 57 57 1 3 0 0 0 0
0.0776791 59 119 56 56 1 4 0 0 0 0
0.0994189 59 119 55 55 1 5 0 0 0 0
0.11176 59 119 54 54 1 6 0 0 0 0
0.115361 59 119 53 53 1 7 0 0 0 0
0.120179 59 119 52 52 1 8 0 0 0 0
0.134849 58 118 52 52 2 8 0 0 0 0
0.137572 57 117 52 52 3 8 0 0 0 0
0.149052 56 116 52 52 4 8 0 0 0 0
0.166201 55 115 52 52 5 8 0 0 0 0
0.198263 55 115 51 51 5 9 0 0 0 0
0.205218 54 114 51 51 6 9 0 0 0 0
0.207586 54 114 50 50 6 10 0 0 0 0
0.211643 54 114 49 49 6 11 0 0 0 0
0.223605 53 113 49 49 7 11 0 0 0 0
0.231242 53 113 48 48 7 12 0 0 0 0
0.240032 53 113 47 47 7 13 0 0 0 0
0.250288 53 113 46 46 7 14 0 0 0 0
0.25964 53 113 45 45 7 15 0 0 0 0
0.265466 52 112 45 45 8 15 0 0 0 0
0.271733 51 111 45 45 9 15 0 0 0 0
0.295203 50 110 45 45 10 15 0 0 0 0
0.297053 49 109 45 45 11 15 0 0 0 0
0.306985 48 108 45 45 12 15 0 0 0 0
0.315509 48 108 44 44 12 16 0 0 0 0
0.325986 48 108 43 43 12 17 0 0 0 0
0.332497 47 107 43 43 13 17 0 0 0 0
0.371924 46 106 43 43 14 17 0 0 0 0
0.374345 46 105 43 43 13 17 0 1 0 0
0.401813 45 104 43 43 14 17 0 1 0 0
0.413291 45 104 42 42 14 18 0 1 0 0
0.449856 44 103 42 42 15 18 0 1 0 0
0.462782 44 103 41 41 15 19 0 1 0 0
0.466357 43 102 41 41 16 19 0 1 0 0
0.477397 42 101 41 41 17 19 0 1 0 0
0.497291 41 100 41 41 18 19 0 1 0 0
0.499403 41 100 40 40 18 20 0 1 0 0
0.526982 41 100 40 40 17 19 1 1 0 0
0.536411 41 100 39 39 17 20 1 1 0 0
0.576762 40 99 39 39 18 20 1 1 0 0
0.586703 40 99 38 38 18 21 1 1 0 0
0.589315 39 98 38 38 19 21 1 1 0 0
0.594224 39 97 38 38 18 21 1 2 0 0
0.599209 39 97 37 37 18 22 1 2 0 0
0.603333 39 96 37 37 17 22 1 3 0 0
0.604595 38 95 37 37 18 22 1 3 0 0
0.61009 37 94 37 37 19 22 1 3 0 0
0.629283 36 93 37 37 20 22 1 3 0 0
0.636905 35 92 37 37 21 22 1 3 0 0
0.66539 34 91 37 37 22 22 1 3 0 0
0.6729 34 91 36 36 22 23 1 3 0 0
0.690904 34 91 35 35 22 24 1 3 0 0
0.736906 34 91 34 34 22 25 1 3 0 0
0.758277 34 91 34 34 21 24 2 3 0 0
0.778796 33 90 34 34 22 24 2 3 0 0
0.781718 33 89 34 34 21 24 2 4 0 0
0.833859 33 88 34 34 20 24 2 5 0 0
0.869233 33 87 34 34 19 24 2 6 0 0
0.877297 33 86 34 34 18 24 2 7 0 0
0.893725 33 86 33 33 18 25 2 7 0 0
0.895648 32 85 33 33 19 25 2 7 0 0
0.900544 32 85 33 33 18 24 3 7 0 0
0.917781 31 84 33 33 19 24 3 7 0 0
0.920337 30 83 33 33 20 24 3 7 0 0
0.94348 29 82 33 33 21 24 3 7 0 0
0.967489 28 81 33 33 22 24 3 7 0 0
0.976182 28 80 33 33 21 24 3 8 0 0
0.98742 28 79 33 33 20 24 3 9 0 0
1.01087 28 79 33 33 20 23 3 8 0 1
1.02871 28 78 33 33 19 23 3 9 0 1
1.04996 27 77 33 33 20 23 3 9 0 1
1.05934 27 77 32 32 20 24 3 9 0 1
1.12223 27 76 32 32 19 24 3 10 0 1
1.14876 27 75 32 32 18 24 3 11 0 1
1.15347 27 74 32 32 17 24 3 12 0 1
1.18892 27 73 32 32 16 24 3 13 0 1
1.22713 26 72 32 32 17 24 3 13 0 1
1.25083 26 71 32 32 16 24 3 14 0 1
1.28993 25 70 32 32 17 24 3 14 0 1
1.29419 25 70 32 32 16 23 4 14 0 1
1.31717 24 69 32 32 17 23 4 14 0 1
1.32894 23 68 32 32 18 23 4 14 0 1
1.32969 22 67 32 32 19 23 4 14 0 1
1.33192 22 67 31 31 19 24 4 14 0 1
1.37166 22 67 30 30 19 25 4 14 0 1
1.43997 22 66 30 30 18 25 4 15 0 1
1.44839 22 65 30 30 17 25 4 16 0 1
1.49894 22 64 30 30 16 25 4 17 0 1
1.51172 22 64 30 30 15 24 5 17 0 1
1.5273 22 64 29 29 15 25 5 17 0 1
1.55776 22 64 29 29 15 24 5 16 0 2
1.60201 22 63 29 29 15 24 4 16 1 2
1.60362 22 62 29 29 15 24 3 16 2 2
1.63938 21 61 29 29 16 24 3 16 2 2
1.63944 20 60 29 29 17 24 3 16 2 2
1.6464 20 60 28 28 17 25 3 16 2 2
1.67606 20 60 27 27 17 26 3 16 2 2
1.69495 20 60 26 26 17 27 3 16 2 2
1.70416 20 60 26 26 16 26 4 16 2 2
1.71417 19 59 26 26 17 26 4 16 2 2
1.71728 19 58 26 26 16 26 4 17 2 2
1.72966 19 57 26 26 15 26 4 18 2 2
1.74628 19 57 26 26 15 25 4 17 2 3
1.77168 19 57 25 25 15 26 4 17 2 3
1.80149 18 56 25 25 16 26 4 17 2 3
1.80956 18 55 25 25 15 26 4 18 2 3
2.00377 17 54 25 25 16 26 4 18 2 3
2.03274 17 54 25 25 16 25 4 17 2 4
2.04447 17 53 25 25 15 25 4 18 2 4
2.1193 17 52 25 25 14 25 4 19 2 4
2.25126 18 53 25 25 13 25 4 19 2 4
2.32051 18 53 24 24 13 26 4 19 2 4
2.35305 18 52 24 24 12 26 4 20 2 4
2.35902 17 51 24 24 13 26 4 20 2 4
2.41368 17 50 24 24 12 26 4 21 2 4
2.47352 16 49 24 24 13 26 4 21 2 4
2.50629 17 50 24 24 12 26 4 21 2 4
2.51225 16 49 24 24 13 26 4 21 2 4
2.51793 16 49 23 23 13 27 4 21 2 4
2.55579 16 49 22 22 13 28 4 21 2 4
2.5857 15 48 22 22 14 28 4 21 2 4
2.66183 15 47 22 22 14 28 3 21 3 4
2.71647 15 46 22 22 13 28 3 22 3 4
2.75112 14 45 22 22 14 28 3 22 3 4
2.78427 14 44 22 22 13 28 3 23 3 4
2.79508 14 43 22 22 13 28 2 23 4 4
2.81855 14 44 22 22 14 28 2 22 4 4
3.03382 13 43 22 22 15 28 2 22 4 4
3.04674 13 43 22 22 15 27 2 21 4 5
3.10388 12 42 22 22 16 27 2 21 4 5
3.13785 12 41 22 22 15 27 2 22 4 5
3.20852 12 41 22 22 16 28 1 22 4 5
3.23829 11 40 22 22 17 28 1 22 4 5
3.34939 11 40 22 22 16 27 2 22 4 5
3.38357 11 39 22 22 15 27 2 23 4 5
3.3971 10 38 22 22 16 27 2 23 4 5
3.41016 10 38 22 22 16 26 2 22 4 6
3.44245 9 37 22 22 17 26 2 22 4 6
3.46798 8 36 22 22 18 26 2 22 4 6
3.57365 8 36 21 21 18 27 2 22 4 6
3.59489 8 36 21 21 18 26 2 21 4 7
3.61772 8 36 21 21 17 25 3 21 4 7
3.62143 8 35 21 21 16 25 3 22 4 7
3.67672 8 34 21 21 15 25 3 23 4 7
3.71147 8 34 21 21 15 24 3 22 4 8
3.72862 7 33 21 21 16 24 3 22 4 8
3.80528 6 32 21 21 17 24 3 22 4 8
3.98161 6 32 21 21 17 23 3 21 4 9
4.10816 6 32 20 20 17 24 3 21 4 9
4.19019 6 31 20 20 16 24 3 22 4 9
4.21271 5 30 20 20 17 24 3 22 4 9
4.23772 5 29 20 20 16 24 3 23 4 9
4.54743 5 29 19 19 16 25 3 23 4 9
4.58415 5 28 19 19 15 25 3 24 4 9
4.67465 5 28 19 19 15 24 3 23 4 10
4.69426 5 28 19 19 15 23 3 22 4 11
4.72401 5 28 19 19 14 22 4 22 4 11
4.8297 5 27 19 19 13 22 4 23 4 11
5.00683 5 26 19 19 12 22 4 24 4 11
5.09969 5 26 19 19 12 21 4 23 4 12
5.18661 4 25 19 19 13 21 4 23 4 12
5.2123 4 24 19 19 12 21 4 24 4 12
5.42748 4 24 19 19 12 20 4 23 4 13
5.49149 4 24 18 18 12 21 4 23 4 13
5.49524 4 24 18 18 12 20 4 22 4 14
5.50803 4 24 18 18 12 19 4 21 4 15
5.52808 4 23 18 18 11 19 4 22 4 15
5.70657 4 23 18 18 11 18 4 21 4 16
5.73077 4 23 18 18 11 17 4 20 4 17
5.81317 3 22 18 18 12 17 4 20 4 17
5.89485 3 22 17 17 12 18 4 20 4 17
5.89532 3 22 16 16 12 19 4 20 4 17
5.94293 3 22 15 15 12 20 4 20 4 17
5.97639 3 22 15 15 12 19 4 19 4 18
5.99056 2 21 15 15 13 19 4 19 4 18
6.09132 2 21 15 15 12 18 5 19 4 18
6.35094 2 21 14 14 12 19 5 19 4 18
6.36809 2 21 13 13 12 20 5 19 4 18
6.37801 2 21 13 13 11 19 6 19 4 18
6.48746 2 21 13 13 11 18 6 18 4 19
6.77583 2 21 13 13 10 17 7 18 4 19
6.8541 2 21 13 13 10 16 7 17 4 20
6.88198 2 21 13 13 10 15 7 16 4 21
6.92774 2 20 13 13 9 15 7 17 4 21
7.04874 2 20 12 12 9 16 7 17 4 21
7.11116 2 20 12 12 9 15 7 16 4 22
7.25602 2 19 12 12 8 15 7 17 4 22
7.99952 1 18 12 12 9 15 7 17 4 22
8.01876 1 18 12 12 9 14 7 16 4 23
8.06624 1 18 12 12 9 13 7 15 4 24
8.11179 1 18 11 11 9 14 7 15 4 24
8.1144 1 18 11 11 9 13 7 14 4 25
8.35087 1 18 11 11 9 12 7 13 4 26
8.9407 1 18 10 10 9 13 7 13 4 26
9.26459 1 17 10 10 9 13 6 13 5 26
9.82728 1 17 10 10 8 12 7 13 5 26
9.90288 1 16 10 10 7 12 7 14 5 26
10.2808 1 15 10 10 6 12 7 15 5 26
10.5592 1 15 10 10 6 11 7 14 5 27
11.111 1 15 10 10 6 10 7 13 5 28
11.8054 1 15 10 10 6 9 7 12 5 29
11.9391 1 14 10 10 6 9 6 12 6 29
12.2092 1 13 10 10 5 9 6 13 6 29
12.443 1 13 10 10 4 8 7 13 6 29
12.7769 1 13 9 9 4 9 7 13 6 29
13.8367 1 13 8 8 4 10 7 13 6 29
14.1697 0 12 8 8 5 10 7 13 6 29
14.173 0 12 8 8 5 9 7 12 6 30
14.2229 0 12 7 7 5 10 7 12 6 30
14.2948 0 12 6 6 5 11 7 12 6 30
14.5507 0 12 6 6 5 10 7 11 6 31
14.9653 0 12 6 6 4 9 8 11 6 31
15.2628 0 11 6 6 3 9 8 12 6 31
15.4276 0 11 6 6 3 8 8 11 6 32
15.8483 0 11 6 6 3 7 8 10 6 33
16.1999 0 10 6 6 3 7 7 10 7 33
16.5426 0 10 5 5 3 8 7 10 7 33
16.5917 0 10 6 6 3 7 7 10 7 33
16.7653 0 9 6 6 3 7 6 10 8 33
17.7126 0 9 5 5 3 8 6 10 8 33
18.0187 0 8 5 5 3 8 5 10 9 33
19.0109 0 9 5 5 4 8 5 9 9 33
19.7984 0 9 5 5 3 7 6 9 9 33
20.1573 0 9 5 5 2 6 7 9 9 33
21.1916 0 8 5 5 2 6 6 9 10 33
22.5411 0 8 5 5 2 5 6 8 10 34
23.7148 0 7 5 5 2 5 5 8 11 34
23.8522 0 7 5 5 2 4 5 7 11 35
23.8618 0 6 5 5 1 4 5 8 11 35
24.7042 0 5 5 5 1 4 4 8 12 35
26.1797 0 6 5 5 2 4 4 7 12 35
26.3671 1 7 5 5 1 4 4 7 12 35
29.3692 1 7 5 5 1 3 4 6 12 36
29.7286 1 7 5 5 1 2 4 5 12 37
32.6462 1 8 5 5 2 2 4 4 12 37
32.8193 1 7 5 5 1 2 4 5 12 37
35.2973 0 6 5 5 2 2 4 5 12 37
35.9223 0 5 5 5 2 2 3 5 13 37
38.2269 0 5 4 4 2 3 3 5 13 37
39.243 0 4 4 4 1 3 3 6 13 37
40.2396 0 4 4 4 1 2 3 5 13 38
44.2897 0 5 4 4 1 2 4 5 12 38
47.4029 0 5 3 3 1 3 4 5 12 38
48.5537 0 4 3 3 1 3 3 5 13 38
49.8412 0 4 2 2 1 4 3 5 13 38
51.0238 0 5 2 2 2 4 3 4 13 38
59.027 0 4 2 2 1 4 3 5 13 38
59.7353 0 4 2 2 0 3 4 5 13 38
64.1248 0 4 2 2 0 2 4 4 13 39
64.5333 0 3 2 2 0 2 3 4 14 39
67.9674 0 3 2 2 1 3 2 4 14 39
77.2233 0 3 2 2 1 2 2 3 14 40
77.9967 0 3 3 3 1 1 2 3 14 40
89.8453 0 3 2 2 1 2 2 3 14 40
90.1049 0 3 2 2 1 1 2 2 14 41
93.1085 0 3 2 2 1 0 2 1 14 42
100.468 1 4 2 2 0 0 2 1 14 42
106.616 1 3 2 2 0 0 1 1 15 42
108.874 1 3 2 2 0 1 1 2 15 41
110.924 1 3 1 1 0 2 1 2 15 41
110.96 1 2 1 1 0 2 0 2 16 41
123.918 0 1 1 1 1 2 0 2 16 41
125.783 0 1 1 1 1 3 0 3 16 40
137.66 0 1 1 1 1 4 0 4 16 39
140.515 0 1 1 1 1 5 0 5 16 38
143.651 0 2 1 1 2 5 0 4 16 38
144.408 0 2 1 1 2 4 0 3 16 39
146.598 0 2 1 1 2 3 0 2 16 40
157.288 1 3 1 1 1 3 0 2 16 40
159.354 0 2 1 1 2 3 0 2 16 40
166.779 0 1 1 1 1 3 0 3 16 40
169.643 1 2 1 1 0 3 0 3 16 40
169.726 1 2 1 1 0 4 0 4 16 39
180.451 1 3 1 1 0 4 1 4 15 39
180.795 1 4 1 1 1 4 1 3 15 39
187.389 1 5 1 1 2 4 1 2 15 39
192.107 1 4 1 1 1 4 1 3 15 39
192.378 1 5 1 1 2 4 1 2 15 39
195.194 0 4 1 1 3 4 1 2 15 39
195.338 0 4 2 2 3 3 1 2 15 39
207.771 0 3 2 2 3 3 0 2 16 39
208.808 1 4 2 2 2 3 0 2 16 39
210.261 1 4 2 2 1 2 1 2 16 39
214.875 1 4 3 3 1 1 1 2 16 39
215.6 0 3 3 3 2 1 1 2 16 39
216.578 0 3 2 2 2 2 1 2 16 39
222.336 0 2 2 2 1 2 1 3 16 39
225.085 0 1 2 2 1 2 0 3 17 39
231.34 0 1 3 3 1 1 0 3 17 39
259.506 0 1 2 2 1 2 0 3 17 39
263.489 0 1 1 1 1 3 0 3 17 39
273.333 0 1 2 2 1 2 0 3 17 39
277.067 0 1 1 1 1 3 0 3 17 39
279.465 0 2 1 1 2 3 0 2 17 39
290.412 1 3 1 1 1 3 0 2 17 39
292.296 0 2 1 1 2 3 0 2 17 39
293.054 0 2 1 1 2 2 0 1 17 40
293.98 1 3 1 1 1 2 0 1 17 40
296.78 1 3 0 0 1 3 0 1 17 40
305.619 1 3 0 0 1 2 0 0 17 41
319.666 0 2 0 0 2 2 0 0 17 41
324.385 1 3 0 0 1 2 0 0 17 41
332.549 0 2 0 0 2 2 0 0 17 41
335.402 0 2 1 1 2 1 0 0 17 41
337.557 1 3 1 1 1 1 0 0 17 41
337.76 1 3 0 0 1 2 0 0 17 41
339.326 0 2 0 0 2 2 0 0 17 41
339.754 0 1 0 0 1 2 0 1 17 41
355.857 0 1 1 1 1 1 0 1 17 41
373.118 0 1 1 1 1 0 0 0 17 42
407.146 0 1 1 1 1 1 0 1 17 41
417.954 0 1 0 0 1 2 0 1 17 41
428.763 0 1 0 0 1 1 0 0 17 42
439.893 0 1 0 0 0 0 1 0 17 42
462.762 0 1 0 0 0 1 1 1 17 41
473.926 0 2 0 0 1 1 1 0 17 41
476.558 0 1 0 0 1 1 0 0 18 41
508.232 0 0 0 0 0 1 0 1 18 41
541.992 0 0 0 0 0 2 0 2 18 40
542.69 0 0 0 0 0 3 0 3 18 39
547.018 0 1 0 0 1 3 0 2 18 39
555.682 0 1 0 0 1 2 0 1 18 40
585.435 0 1 0 0 1 1 0 0 18 41
590.25 1 2 0 0 0 1 0 0 18 41
595.495 1 2 0 0 0 2 0 1 18 40
603.424 1 2 0 0 0 3 0 2 18 39
604.353 1 2 0 0 0 4 0 3 18 38
604.642 1 2 0 0 0 3 0 2 18 39
617.595 1 2 0 0 0 2 0 1 18 40
635.957 1 3 0 0 0 2 1 1 17 40
650.319 1 4 0 0 0 2 2 1 16 40
657.119 0 3 0 0 1 2 2 1 16 40
658.147 0 3 0 0 1 1 2 0 16 41
670.652 0 3 0 0 0 0 3 0 16 41
682.055 0 2 0 0 0 0 2 0 17 41
738.68 0 2 0 0 0 1 2 1 17 40
770.262 0 1 0 0 0 1 1 1 18 40
793.96 0 0 0 0 0 1 0 1 19 40
808.037 0 0 0 0 0 2 0 2 19 39
819.349 0 0 0 0 0 1 0 1 19 40
820.098 0 0 0 0 0 2 0 2 19 39
836.247 0 1 0 0 1 2 0 1 19 39
837.768 0 1 0 0 1 1 0 0 19 40
876.778 0 1 0 0 0 0 1 0 19 40
889.586 0 2 0 0 0 0 2 0 18 40
894.972 0 2 0 0 0 1 2 1 18 39
922.4 0 1 0 0 0 1 1 1 19 39
925.015 0 1 0 0 0 2 1 2 19 38
931.003 0 0 0 0 0 2 0 2 20 38
931.061 0 1 0 0 1 2 0 1 20 38
946.064 0 1 0 0 0 1 1 1 20 38
950.992 0 1 1 1 0 0 1 1 20 38
972.685 0 1 0 0 0 1 1 1 20 38
987.633 0 1 0 0 0 2 1 2 20 37
987.686 0 2 0 0 1 2 1 1 20 37
1003.24 0 2 0 0 1 3 1 2 20 36
1005.18 0 2 0 0 1 2 1 1 20 37
1006.8 1 3 0 0 0 2 1 1 20 37
1011.72 1 4 0 0 1 2 1 0 20 37
1014.71 1 4 0 0 0 1 2 0 20 37
1026.14 1 3 0 0 0 1 1 0 21 37
1058.37 1 2 0 0 0 1 0 0 22 37
1076.91 1 2 0 0 0 2 0 1 22 36
1093 1 2 0 0 0 3 0 2 22 35
1136.28 1 2 0 0 0 2 0 1 22 36
1138.22 1 2 0 0 0 1 0 0 22 37
1163.44 1 3 0 0 0 1 1 0 21 37
1171.81 1 3 1 1 0 0 1 0 21 37
1178.14 1 3 1 1 0 1 1 1 21 36
1185.26 1 3 2 2 0 0 1 1 21 36
1188.26 1 2 2 2 0 0 0 1 22 36
1195.72 1 2 1 1 0 1 0 1 22 36
1262.13 1 2 1 1 0 0 0 0 22 37
1262.37 1 3 1 1 0 0 1 0 21 37
1278.43 1 2 1 1 0 0 0 0 22 37
1282.84 1 3 1 1 0 0 1 0 21 37
1283.32 1 3 1 1 0 1 1 1 21 36
1284.84 1 2 1 1 0 1 0 1 22 36
1287.49 0 1 1 1 1 1 0 1 22 36
1299.12 0 2 1 1 2 1 0 0 22 36
1306.76 0 1 1 1 1 1 0 1 22 36
1339.33 0 2 1 1 1 1 1 1 21 36
1341.04 1 3 1 1 0 1 1 1 21 36
1350.86 1 2 1 1 0 1 0 1 22 36
1360.56 1 3 1 1 1 1 0 0 22 36
1392.35 1 3 0 0 1 2 0 0 22 36
1399.2 2 4 0 0 0 2 0 0 22 36
1403.63 1 3 0 0 1 2 0 0 22 36
1403.86 2 4 0 0 0 2 0 0 22 36
1431.99 1 3 0 0 1 2 0 0 22 36
1444.4 1 4 0 0 1 2 1 0 21 36
1446.02 1 4 0 0 0 1 2 0 21 36
1448.07 1 3 0 0 0 1 1 0 22 36
1454.59 1 3 1 1 0 0 1 0 22 36
1457.95 1 3 1 1 0 1 1 1 22 35
1466 0 2 1 1 1 1 1 1 22 35
1481.45 1 3 1 1 0 1 1 1 22 35
1482.4 0 2 1 1 1 1 1 1 22 35
1506.68 0 1 1 1 0 1 1 2 22 35
1516.56 0 2 1 1 0 1 2 2 21 35
1536.69 0 2 1 1 0 0 2 1 21 36
1539.71 0 3 1 1 0 0 3 1 20 36
1562.53 0 2 1 1 0 0 2 1 21 36
1601.51 0 2 0 0 0 1 2 1 21 36
1631.79 0 1 0 0 0 1 1 1 22 36
1651.97 0 1 1 1 0 0 1 1 22 36
1652.14 0 1 0 0 0 1 1 1 22 36
1662.54 0 2 0 0 1 1 1 0 22 36
1666.56 0 1 0 0 1 1 0 0 23 36
1682.41 1 2 0 0 0 1 0 0 23 36
1733.52 1 2 0 0 0 2 0 1 23 35
1738.99 1 2 0 0 0 1 0 0 23 36
1765.32 1 3 0 0 0 1 1 0 22 36
1781.71 1 2 0 0 0 1 0 0 23 36
1785.8 1 3 0 0 0 1 1 0 22 36
1786.77 1 3 0 0 0 2 1 1 22 35
1802.08 1 4 0 0 0 2 2 1 21 35
1806.29 1 3 0 0 0 2 1 1 22 35
1822.85 1 3 1 1 0 1 1 1 22 35
1834.64 1 3 0 0 0 2 1 1 22 35
1838.16 1 3 1 1 0 1 1 1 22 35
1843.75 1 3 1 1 1 2 0 1 22 35
1846.55 0 2 1 1 2 2 0 1 22 35
1851.86 0 2 1 1 2 1 0 0 22 36
1864.6 0 3 1 1 2 1 1 0 21 36
1865.77 0 2 1 1 1 1 1 1 21 36
1870.5 1 3 1 1 0 1 1 1 21 36
1875.62 1 4 1 1 1 1 1 0 21 36
1896.38 1 5 1 1 1 1 2 0 20 36
1903.2 1 5 1 1 2 2 1 0 20 36
1905.45 1 5 0 0 2 3 1 0 20 36
1906.28 2 6 0 0 1 3 1 0 20 36
1906.78 1 5 0 0 2 3 1 0 20 36
1928.06 0 4 0 0 3 3 1 0 20 36
1928.53 0 3 0 0 3 3 0 0 21 36
1934.5 1 4 0 0 2 3 0 0 21 36
1935.05 1 4 1 1 2 2 0 0 21 36
1942.99 1 3 1 1 1 2 0 1 21 36
1943.48 2 4 1 1 0 2 0 1 21 36
1944.02 1 3 1 1 1 2 0 1 21 36
1949.7 1 3 2 2 1 1 0 1 21 36
1954.74 0 2 2 2 2 1 0 1 21 36
1963.61 0 2 1 1 2 2 0 1 21 36
1964.18 0 1 1 1 1 2 0 2 21 36
1964.68 0 1 1 1 0 1 1 2 21 36
1986.02 0 2 1 1 0 1 2 2 20 36
1996.82 0 2 1 1 0 2 2 3 20 35
2005.53 0 1 1 1 0 2 1 3 21 35
2014.99 0 1 1 1 0 1 1 2 21 36
2032.8 0 0 1 1 0 1 0 2 22 36
2040.73 0 1 1 1 0 1 1 2 21 36
2044.53 0 1 1 1 1 2 0 2 21 36
2052.81 0 1 1 1 1 3 0 3 21 35
2073.74 0 1 1 1 1 2 0 2 21 36
2077.55 0 1 1 1 1 3 0 3 21 35
2081.94 0 1 1 1 0 2 1 3 21 35
2084.46 0 2 1 1 1 2 1 2 21 35
2100.42 0 2 1 1 1 3 1 3 21 34
2100.48 0 2 1 1 1 4 1 4 21 33
2104.82 0 3 1 1 2 4 1 3 21 33
2110.66 0 3 1 1 2 3 1 2 21 34
2113.97 0 3 1 1 2 2 1 1 21 35
2118.35 1 4 1 1 1 2 1 1 21 35
2120.67 2 5 1 1 0 2 1 1 21 35
2120.96 2 6 1 1 0 2 2 1 20 35
2121.44 2 5 1 1 0 2 1 1 21 35
2126.84 2 4 1 1 0 2 0 1 22 35
2127.12 2 4 2 2 0 1 0 1 22 35
2131.29 2 4 2 2 0 2 0 2 22 34
2131.49 1 3 2 2 1 2 0 2 22 34
2131.86 1 2 2 2 0 2 0 3 22 34
2141.67 1 2 3 3 0 1 0 3 22 34
2149 1 2 2 2 0 2 0 3 22 34
2151.96 1 2 2 2 0 1 0 2 22 35
2163.23 1 3 2 2 1 1 0 1 22 35
2174.03 1 2 2 2 0 1 0 2 22 35
2183.5 1 3 2 2 0 1 1 2 21 35
2184.32 1 4 2 2 0 1 2 2 20 35
2190.25 1 3 2 2 0 1 1 2 21 35
2195.29 1 3 1 1 0 2 1 2 21 35
2201.66 1 3 1 1 0 1 1 1 21 36
2204.02 1 4 1 1 0 1 2 1 20 36
2204.08 1 4 1 1 1 2 1 1 20 36
2208.02 1 4 1 1 1 1 1 0 20 37
2210.09 1 3 1 1 1 1 0 0 21 37
2213.15 2 4 1 1 0 1 0 0 21 37
2215.03 2 4 1 1 0 2 0 1 21 36
2223.96 1 3 1 1 1 2 0 1 21 36
2233.96 1 3 1 1 1 3 0 2 21 35
2238.29 1 3 1 1 1 2 0 1 21 36
2239.4 2 4 1 1 0 2 0 1 21 36
2239.66 1 3 1 1 1 2 0 1 21 36
2248.6 1 4 1 1 1 2 1 1 20 36
2248.68 1 4 1 1 1 1 1 0 20 37
2254.92 1 3 1 1 1 1 0 0 21 37
2256.16 1 4 1 1 1 1 1 0 20 37
2257.22 2 5 1 1 0 1 1 0 20 37
2260.97 2 5 1 1 1 2 0 0 20 37
2265.82 1 4 1 1 2 2 0 0 20 37
2270.7 0 3 1 1 3 2 0 0 20 37
2274.42 0 3 1 1 2 1 1 0 20 37
2275.82 0 2 1 1 1 1 1 1 20 37
2300.46 0 2 1 1 0 0 2 1 20 37
2310.91 0 1 1 1 0 0 1 1 21 37
2362.92 0 1 1 1 0 1 1 2 21 36
2365.09 0 1 1 1 0 2 1 3 21 35
2370.2 0 2 1 1 1 2 1 2 21 35
2383.13 0 3 1 1 1 2 2 2 20 35
2385.27 0 2 1 1 1 2 1 2 21 35
2391.15 0 2 1 1 0 1 2 2 21 35
2395.97 0 1 1 1 0 1 1 2 22 35
2398.05 0 1 2 2 0 0 1 2 22 35
2398.82 0 0 2 2 0 0 0 2 23 35
2416.15 0 0 1 1 0 1 0 2 23 35
2427.21 0 1 1 1 1 1 0 1 23 35
2435.2 0 1 1 1 1 2 0 2 23 34
2436.82 0 1 1 1 1 1 0 1 23 35
2453.2 0 2 1 1 2 1 0 0 23 35
2460.6 1 3 1 1 1 1 0 0 23 35
2477.17 1 2 1 1 0 1 0 1 23 35
2485.3 0 1 1 1 1 1 0 1 23 35
2495.25 0 1 0 0 1 2 0 1 23 35
2497.32 0 1 1 1 1 1 0 1 23 35
2498.94 1 2 1 1 0 1 0 1 23 35
2504.71 1 2 0 0 0 2 0 1 23 35
2513.12 1 2 0 0 0 1 0 0 23 36
2526.33 1 2 1 1 0 0 0 0 23 36
2534 1 3 1 1 0 0 1 0 22 36
2537.44 1 3 1 1 0 1 1 1 22 35
2539.29 0 2 1 1 1 1 1 1 22 35
2542.92 0 1 1 1 0 1 1 2 22 35
2567.2 0 1 1 1 1 2 0 2 22 35
2570.74 0 1 1 1 1 1 0 1 22 36
2583.03 0 1 0 0 1 2 0 1 22 36
2611.76 1 2 0 0 0 2 0 1 22 36
2619.48 1 3 0 0 0 2 1 1 21 36
2625.32 1 3 0 0 0 3 1 2 21 35
2627.67 1 3 0 0 0 2 1 1 21 36
2633.74 1 3 1 1 0 1 1 1 21 36
2635.9 0 2 1 1 1 1 1 1 21 36
2637.68 0 1 1 1 0 1 1 2 21 36
2647.82 0 1 2 2 0 0 1 2 21 36
2652.65 0 1 1 1 0 1 1 2 21 36
2654.85 0 1 2 2 0 0 1 2 21 36
2681.48 0 2 2 2 1 0 1 1 21 36
2685.49 0 3 2 2 1 0 2 1 20 36
2685.62 0 3 2 2 2 1 1 1 20 36
2692.95 1 4 2 2 1 1 1 1 20 36
2703.4 1 3 2 2 0 1 1 2 20 36
2706.4 1 3 1 1 0 2 1 2 20 36
2722.38 1 3 0 0 0 3 1 2 20 36
2723.75 1 3 1 1 0 2 1 2 20 36
2736.52 1 3 1 1 0 1 1 1 20 37
2736.93 1 3 1 1 1 2 0 1 20 37
2757.49 1 3 2 2 1 1 0 1 20 37
2758.64 1 4 2 2 2 1 0 0 20 37
2772.29 1 4 1 1 2 2 0 0 20 37
2780.07 2 5 1 1 1 2 0 0 20 37
2785.02 1 4 1 1 2 2 0 0 20 37
2794.14 1 3 1 1 1 2 0 1 20 37
2796.43 1 4 1 1 1 2 1 1 19 37
2802.94 2 5 1 1 0 2 1 1 19 37
2805.84 2 4 1 1 0 2 0 1 20 37
2815.06 2 4 2 2 0 1 0 1 20 37
2830.19 2 4 2 2 0 2 0 2 20 36
2830.69 1 3 2 2 1 2 0 2 20 36
2840.4 1 3 3 3 1 1 0 2 20 36
2841.18 1 3 2 2 1 2 0 2 20 36
2849.21 1 4 2 2 1 2 1 2 19 36
2849.23 1 4 2 2 0 1 2 2 19 36
2852.16 1 5 2 2 0 1 3 2 18 36
2859.86 1 4 2 2 0 1 2 2 19 36
2871.05 1 3 2 2 0 1 1 2 20 36
2877.61 1 3 2 2 0 0 1 1 20 37
2885.14 1 2 2 2 0 0 0 1 21 37
2926.24 0 1 2 2 1 0 0 1 21 37
2936.96 0 0 2 2 0 0 0 2 21 37
2939.05 0 0 2 2 0 1 0 3 21 36
2940.26 0 0 1 1 0 2 0 3 21 36
2943.2 0 0 0 0 0 3 0 3 21 36
2957.84 0 0 1 1 0 2 0 3 21 36
2970.01 0 0 1 1 0 1 0 2 21 37
2984.72 0 0 0 0 0 2 0 2 21 37
2990.4 0 1 0 0 0 2 1 2 20 37
2991.38 0 2 0 0 0 2 2 2 19 37
2992.83 0 2 1 1 0 1 2 2 19 37
2992.83 0 2 1 1 0 1 2 2 19 37
