0 60 120 60 60 0 0 0 0 0 0
0.00952447 59 119 60 60 1 0 0 0 0 0
0.0110884 58 118 60 60 2 0 0 0 0 0
0.0218857 57 117 60 60 3 0 0 0 0 0
0.0233884 56 116 60 60 4 0 0 0 0 0
0.0250844 56 116 59 59 4 1 0 0 0 0
0.0899258 55 115 59 59 5 1 0 0 0 0
0.114655 54 114 59 59 6 1 0 0 0 0
0.11699 53 113 59 59 7 1 0 0 0 0
0.158299 53 112 59 59 6 1 0 1 0 0
0.170744 53 112 58 58 6 2 0 1 0 0
0.190845 53 111 58 58 5 2 0 2 0 0
0.21537 53 111 57 57 5 3 0 2 0 0
0.250186 52 110 57 57 6 3 0 2 0 0
0.258088 52 110 56 56 6 4 0 2 0 0
0.27185 51 109 56 56 7 4 0 2 0 0
0.27307 51 109 55 55 7 5 0 2 0 0
0.296676 51 109 54 54 7 6 0 2 0 0
0.314076 51 109 53 53 7 7 0 2 0 0
0.346643 50 108 53 53 8 7 0 2 0 0
0.347464 50 107 53 53 7 7 0 3 0 0
0.406073 50 106 53 53 6 7 0 4 0 0
0.423644 49 105 53 53 7 7 0 4 0 0
0.466315 48 104 53 53 8 7 0 4 0 0
0.471197 47 103 53 53 9 7 0 4 0 0
0.5058 46 102 53 53 10 7 0 4 0 0
0.509976 45 101 53 53 11 7 0 4 0 0
0.549898 45 100 53 53 10 7 0 5 0 0
0.550387 44 99 53 53 11 7 0 5 0 0
0.561414 44 99 52 52 11 8 0 5 0 0
0.611121 44 98 52 52 10 8 0 6 0 0
0.621408 44 97 52 52 9 8 0 7 0 0
0.626371 44 97 51 51 9 9 0 7 0 0
0.630862 43 96 51 51 10 9 0 7 0 0
0.648175 43 95 51 51 9 9 0 8 0 0
0.672513 42 94 51 51 10 9 0 8 0 0
0.674879 41 93 51 51 11 9 0 8 0 0
0.698339 40 92 51 51 12 9 0 8 0 0
0.712793 39 91 51 51 13 9 0 8 0 0
0.731483 38 90 51 51 14 9 0 8 0 0
0.746224 38 90 50 50 14 10 0 8 0 0
0.767476 37 89 50 50 15 10 0 8 0 0
0.771198 36 88 50 50 16 10 0 8 0 0
0.805441 36 88 50 50 15 9 1 8 0 0
0.815993 36 88 49 49 15 10 1 8 0 0
0.837035 36 88 48 48 15 11 1 8 0 0
0.847813 36 87 48 48 14 11 1 9 0 0
0.85807 35 86 48 48 15 11 1 9 0 0
0.867411 34 85 48 48 16 11 1 9 0 0
0.886666 33 84 48 48 17 11 1 9 0 0
0.914282 33 84 47 47 17 12 1 9 0 0
0.937548 32 83 47 47 18 12 1 9 0 0
0.939274 32 83 46 46 18 13 1 9 0 0
0.962158 31 82 46 46 19 13 1 9 0 0
0.963531 31 82 45 45 19 14 1 9 0 0
0.975776 30 81 45 45 20 14 1 9 0 0
1.01331 30 80 45 45 19 14 1 10 0 0
1.02403 31 81 45 45 18 14 1 10 0 0
1.05079 31 80 45 45 17 14 1 11 0 0
1.0561 31 79 45 45 16 14 1 12 0 0
1.07376 30 78 45 45 17 14 1 12 0 0
1.08979 29 77 45 45 18 14 1 12 0 0
1.21981 28 76 45 45 19 14 1 12 0 0
1.24345 28 76 44 44 19 15 1 12 0 0
1.26152 28 75 44 44 19 15 0 12 1 0
1.27241 28 75 44 44 18 14 1 12 1 0
1.29528 28 74 44 44 17 14 1 13 1 0
1.29928 27 73 44 44 18 14 1 13 1 0
1.31393 26 72 44 44 19 14 1 13 1 0
1.32357 26 72 43 43 19 15 1 13 1 0
1.32681 25 71 43 43 20 15 1 13 1 0
1.33018 24 70 43 43 21 15 1 13 1 0
1.38346 24 70 42 42 21 16 1 13 1 0
1.46273 24 70 41 41 21 17 1 13 1 0
1.49711 24 69 41 41 20 17 1 14 1 0
1.53081 24 68 41 41 19 17 1 15 1 0
1.53214 24 67 41 41 18 17 1 16 1 0
1.54008 24 67 41 41 18 16 1 15 1 1
1.54439 23 66 41 41 19 16 1 15 1 1
1.55921 23 66 40 40 19 17 1 15 1 1
1.56398 22 65 40 40 20 17 1 15 1 1
1.66587 21 64 40 40 21 17 1 15 1 1
1.71639 21 63 40 40 20 17 1 16 1 1
1.73489 21 62 40 40 19 17 1 17 1 1
1.81995 20 61 40 40 20 17 1 17 1 1
1.86746 20 61 40 40 20 16 1 16 1 2
1.89216 19 60 40 40 21 16 1 16 1 2
1.89268 19 60 39 39 21 17 1 16 1 2
1.91037 18 59 39 39 22 17 1 16 1 2
1.91137 18 58 39 39 21 17 1 17 1 2
1.9162 18 58 38 38 21 18 1 17 1 2
1.93582 18 57 38 38 20 18 1 18 1 2
2.08597 18 57 37 37 20 19 1 18 1 2
2.09477 18 56 37 37 19 19 1 19 1 2
2.12631 18 56 36 36 19 20 1 19 1 2
2.18414 17 55 36 36 20 20 1 19 1 2
2.20348 16 54 36 36 21 20 1 19 1 2
2.23022 16 53 36 36 20 20 1 20 1 2
2.31851 17 54 36 36 19 20 1 20 1 2
2.34627 16 53 36 36 20 20 1 20 1 2
2.40533 16 52 36 36 19 20 1 21 1 2
2.50134 16 52 36 36 18 19 2 21 1 2
2.5131 15 51 36 36 19 19 2 21 1 2
2.57543 15 51 35 35 19 20 2 21 1 2
2.66883 14 50 35 35 20 20 2 21 1 2
2.75342 14 50 35 35 20 19 2 20 1 3
2.78856 14 49 35 35 20 19 1 20 2 3
2.79994 14 49 34 34 20 20 1 20 2 3
2.80331 14 49 33 33 20 21 1 20 2 3
2.8551 14 49 32 32 20 22 1 20 2 3
2.86148 14 49 31 31 20 23 1 20 2 3
2.88626 14 49 30 30 20 24 1 20 2 3
2.90385 15 50 30 30 19 24 1 20 2 3
2.98089 15 49 30 30 18 24 1 21 2 3
2.98259 15 49 30 30 17 23 2 21 2 3
2.98936 14 48 30 30 18 23 2 21 2 3
3.04962 14 48 30 30 18 22 2 20 2 4
3.06125 14 48 30 30 18 21 2 19 2 5
3.06307 14 48 30 30 18 20 2 18 2 6
3.12774 13 47 30 30 19 20 2 18 2 6
3.24144 13 47 29 29 19 21 2 18 2 6
3.24305 13 47 28 28 19 22 2 18 2 6
3.2453 13 46 28 28 18 22 2 19 2 6
3.25253 13 46 28 28 18 21 2 18 2 7
3.32488 12 45 28 28 19 21 2 18 2 7
3.40732 11 44 28 28 20 21 2 18 2 7
3.43541 11 43 28 28 19 21 2 19 2 7
3.47188 11 43 27 27 19 22 2 19 2 7
3.49066 11 42 27 27 18 22 2 20 2 7
3.49612 11 41 27 27 17 22 2 21 2 7
3.58113 11 40 27 27 16 22 2 22 2 7
3.5945 11 40 26 26 16 23 2 22 2 7
3.61651 11 40 26 26 15 22 3 22 2 7
3.67119 11 39 26 26 14 22 3 23 2 7
3.71345 11 38 26 26 14 22 2 23 3 7
3.73786 11 38 26 26 13 21 3 23 3 7
3.7446 11 37 26 26 12 21 3 24 3 7
3.74589 11 37 26 26 12 20 3 23 3 8
3.81511 11 37 26 26 12 19 3 22 3 9
3.83637 11 37 26 26 11 18 4 22 3 9
3.84039 11 37 26 26 11 17 4 21 3 10
3.87662 11 37 25 25 11 18 4 21 3 10
3.91341 10 36 25 25 12 18 4 21 3 10
3.93984 10 36 24 24 12 19 4 21 3 10
3.97058 10 35 24 24 12 19 3 21 4 10
3.98053 10 35 24 24 12 18 3 20 4 11
4.06373 10 34 24 24 11 18 3 21 4 11
4.17454 10 34 24 24 11 17 3 20 4 12
4.30969 10 34 24 24 10 16 4 20 4 12
4.3537 10 33 24 24 10 16 3 20 5 12
4.51371 10 33 23 23 10 17 3 20 5 12
4.67316 9 32 23 23 11 17 3 20 5 12
4.6915 8 31 23 23 12 17 3 20 5 12
4.70493 7 30 23 23 13 17 3 20 5 12
4.71083 7 29 23 23 13 17 2 20 6 12
4.75132 7 29 23 23 13 16 2 19 6 13
4.82489 7 29 22 22 13 17 2 19 6 13
4.91277 8 30 22 22 12 17 2 19 6 13
5.05386 8 31 22 22 13 17 2 18 6 13
5.18557 8 31 22 22 13 16 2 17 6 14
5.2342 7 30 22 22 14 16 2 17 6 14
5.27751 7 30 22 22 14 15 2 16 6 15
5.31065 7 29 22 22 13 15 2 17 6 15
5.33236 7 29 22 22 13 14 2 16 6 16
5.42916 7 29 21 21 13 15 2 16 6 16
5.50694 7 29 21 21 12 14 3 16 6 16
5.57001 7 28 21 21 12 14 2 16 7 16
5.64472 7 28 20 20 12 15 2 16 7 16
5.68785 7 28 19 19 12 16 2 16 7 16
5.78209 7 27 19 19 11 16 2 17 7 16
5.80031 7 27 20 20 11 15 2 17 7 16
5.88494 7 27 19 19 11 16 2 17 7 16
6.08698 7 27 19 19 11 15 2 16 7 17
6.25551 7 27 18 18 11 16 2 16 7 17
6.28338 7 27 17 17 11 17 2 16 7 17
6.52312 7 27 16 16 11 18 2 16 7 17
6.6112 7 26 16 16 10 18 2 17 7 17
6.81348 6 25 16 16 11 18 2 17 7 17
6.89346 6 25 16 16 11 17 2 16 7 18
6.90161 6 25 16 16 11 16 2 15 7 19
7.06161 6 25 16 16 10 15 3 15 7 19
7.21968 6 25 16 16 10 14 3 14 7 20
7.23391 6 24 16 16 9 14 3 15 7 20
7.62182 6 23 16 16 9 14 2 15 8 20
8.12241 6 23 16 16 8 13 3 15 8 20
8.45003 6 23 16 16 8 12 3 14 8 21
8.58172 6 22 16 16 8 12 2 14 9 21
8.94087 6 21 16 16 8 12 1 14 10 21
9.13731 6 21 15 15 8 13 1 14 10 21
9.16377 5 20 15 15 9 13 1 14 10 21
9.22675 6 21 15 15 8 13 1 14 10 21
9.38571 5 20 15 15 9 13 1 14 10 21
9.45758 5 19 15 15 9 13 0 14 11 21
9.71338 5 19 14 14 9 14 0 14 11 21
9.84427 5 19 13 13 9 15 0 14 11 21
9.85526 5 19 13 13 9 14 0 13 11 22
9.97884 5 19 12 12 9 15 0 13 11 22
10.1107 5 19 12 12 8 14 1 13 11 22
10.1225 5 18 12 12 7 14 1 14 11 22
10.1375 5 18 13 13 7 13 1 14 11 22
10.1455 4 17 13 13 8 13 1 14 11 22
10.1833 4 17 13 13 7 12 2 14 11 22
10.3059 4 17 13 13 7 11 2 13 11 23
10.3272 4 17 13 13 7 10 2 12 11 24
10.6802 4 17 13 13 7 9 2 11 11 25
10.7068 4 17 13 13 7 8 2 10 11 26
10.7946 4 17 12 12 7 9 2 10 11 26
10.7959 4 17 11 11 7 10 2 10 11 26
10.8552 4 17 10 10 7 11 2 10 11 26
11.053 4 17 9 9 7 12 2 10 11 26
11.3159 4 17 9 9 6 11 3 10 11 26
11.3241 4 17 9 9 6 10 3 9 11 27
11.4664 4 16 9 9 6 10 2 9 12 27
11.8864 4 15 9 9 5 10 2 10 12 27
11.8937 4 15 8 8 5 11 2 10 12 27
12.1103 4 15 9 9 5 10 2 10 12 27
12.6271 4 15 9 9 4 9 3 10 12 27
13.0357 4 15 9 9 4 8 3 9 12 28
13.5369 4 15 8 8 4 9 3 9 12 28
13.7328 4 14 8 8 4 9 2 9 13 28
13.7478 4 13 8 8 4 9 1 9 14 28
14.1942 4 13 8 8 4 8 1 8 14 29
14.3271 4 13 7 7 4 9 1 8 14 29
16.4642 4 12 7 7 3 9 1 9 14 29
16.7521 4 11 7 7 3 9 0 9 15 29
16.874 4 11 8 8 3 8 0 9 15 29
16.9447 4 11 8 8 3 7 0 8 15 30
17.0883 4 11 8 8 2 6 1 8 15 30
18.0425 3 10 8 8 3 6 1 8 15 30
20.157 3 10 7 7 3 7 1 8 15 30
21.1303 3 9 7 7 2 7 1 9 15 30
22.5122 3 9 7 7 1 6 2 9 15 30
22.6053 3 9 7 7 0 5 3 9 15 30
24.0698 2 8 7 7 1 5 3 9 15 30
24.4301 2 8 7 7 1 4 3 8 15 31
24.8904 2 7 7 7 1 4 2 8 16 31
26.3241 2 8 7 7 2 4 2 7 16 31
27.5051 2 9 7 7 3 4 2 6 16 31
28.5282 2 9 6 6 3 5 2 6 16 31
29.0795 2 9 6 6 3 4 2 5 16 32
29.3448 2 9 5 5 3 5 2 5 16 32
29.603 2 8 5 5 2 5 2 6 16 32
32.3155 2 7 5 5 1 5 2 7 16 32
34.8719 2 7 4 4 1 6 2 7 16 32
35.521 2 7 3 3 1 7 2 7 16 32
36.3598 2 7 3 3 1 6 2 6 16 33
36.8527 2 7 3 3 1 5 2 5 16 34
39.3685 2 7 3 3 1 4 2 4 16 35
45.594 2 6 3 3 1 4 1 4 17 35
46.3238 2 6 3 3 1 3 1 3 17 36
51.9276 2 6 2 2 1 4 1 3 17 36
55.0825 2 6 2 2 0 3 2 3 17 36
59.1528 2 5 2 2 0 3 1 3 18 36
63.3628 2 5 2 2 0 2 1 2 18 37
64.2722 2 5 2 2 1 3 0 2 18 37
67.8386 2 5 2 2 1 2 0 1 18 38
76.8304 1 4 2 2 2 2 0 1 18 38
84.0491 1 4 1 1 2 3 0 1 18 38
85.7758 1 4 1 1 1 2 1 1 18 38
89.6179 1 4 1 1 0 1 2 1 18 38
95.2886 1 4 1 1 0 2 2 2 18 37
95.289 0 3 1 1 1 2 2 2 18 37
98.3035 0 2 1 1 1 2 1 2 19 37
100.816 1 3 1 1 0 2 1 2 19 37
105.242 1 3 1 1 0 1 1 1 19 38
118.836 1 3 2 2 0 0 1 1 19 38
122.56 1 2 2 2 0 0 0 1 20 38
123.138 1 2 2 2 0 1 0 2 20 37
150.511 1 2 1 1 0 2 0 2 20 37
158.276 1 3 1 1 1 2 0 1 20 37
176.035 1 4 1 1 1 2 1 1 19 37
180.568 1 4 1 1 0 1 2 1 19 37
181.12 1 3 1 1 0 1 1 1 20 37
189.808 1 3 2 2 0 0 1 1 20 37
190.776 1 4 2 2 1 0 1 0 20 37
192.133 1 4 1 1 1 1 1 0 20 37
193.201 1 4 2 2 1 0 1 0 20 37
198.387 1 3 2 2 1 0 0 0 21 37
198.454 0 2 2 2 2 0 0 0 21 37
198.555 1 3 2 2 1 0 0 0 21 37
204.963 1 3 1 1 1 1 0 0 21 37
222.614 0 2 1 1 2 1 0 0 21 37
225.088 0 2 1 1 1 0 1 0 21 37
260.845 0 3 1 1 1 0 2 0 20 37
269.079 0 2 1 1 0 0 2 1 20 37
274.339 0 1 1 1 0 0 1 1 21 37
299.096 0 1 0 0 0 1 1 1 21 37
306.078 0 1 0 0 0 0 1 0 21 38
316.168 0 0 0 0 0 0 0 0 22 38
326.226 0 0 0 0 0 1 0 1 22 37
326.959 0 1 0 0 0 1 1 1 21 37
328.198 0 2 0 0 1 1 1 0 21 37
338.859 0 1 0 0 0 1 1 1 21 37
364.257 0 1 0 0 1 2 0 1 21 37
371.461 0 1 0 0 1 1 0 0 21 38
372.919 0 1 0 0 1 2 0 1 21 37
380.851 0 1 0 0 0 1 1 1 21 37
416.746 0 1 0 0 0 0 1 0 21 38
465.191 0 0 0 0 0 0 0 0 22 38
674.916 0 1 0 0 0 0 1 0 21 38
686.834 0 2 0 0 0 0 2 0 20 38
764.707 0 2 0 0 0 1 2 1 20 37
767.85 0 3 0 0 0 1 3 1 19 37
783.801 0 2 0 0 0 1 2 1 20 37
787.355 0 2 0 0 0 2 2 2 20 36
808.785 0 3 0 0 0 2 3 2 19 36
812.956 0 3 0 0 0 3 3 3 19 35
815.943 0 4 0 0 1 3 3 2 19 35
819.629 0 4 1 1 1 2 3 2 19 35
824.673 0 5 1 1 1 2 4 2 18 35
824.823 0 4 1 1 1 2 3 2 19 35
825.635 0 3 1 1 1 2 2 2 20 35
832.402 0 4 1 1 2 2 2 1 20 35
834.439 0 3 1 1 1 2 2 2 20 35
845.686 1 4 1 1 0 2 2 2 20 35
874.114 1 4 1 1 1 3 1 2 20 35
879.343 0 3 1 1 2 3 1 2 20 35
880.697 0 3 1 1 1 2 2 2 20 35
882.633 0 4 1 1 1 2 3 2 19 35
885.275 0 3 1 1 1 2 2 2 20 35
886.655 1 4 1 1 0 2 2 2 20 35
897.404 1 3 1 1 0 2 1 2 21 35
901.14 1 3 2 2 0 1 1 2 21 35
913.786 1 3 2 2 0 2 1 3 21 34
918.713 1 3 2 2 0 1 1 2 21 35
920.251 1 3 1 1 0 2 1 2 21 35
923.315 1 3 2 2 0 1 1 2 21 35
925.355 1 4 2 2 1 1 1 1 21 35
928.443 1 3 2 2 1 1 0 1 22 35
935.556 2 4 2 2 0 1 0 1 22 35
935.874 1 3 2 2 1 1 0 1 22 35
941.665 1 3 1 1 1 2 0 1 22 35
948.445 0 2 1 1 2 2 0 1 22 35
956.274 0 2 1 1 1 1 1 1 22 35
956.406 0 3 1 1 1 1 2 1 21 35
961.186 0 3 1 1 2 2 1 1 21 35
965.941 1 4 1 1 1 2 1 1 21 35
987.646 1 4 1 1 1 3 1 2 21 34
993.059 1 4 1 1 0 2 2 2 21 34
993.421 1 4 2 2 0 1 2 2 21 34
995.834 1 4 3 3 0 0 2 2 21 34
1017.83 1 4 2 2 0 1 2 2 21 34
1023.26 1 4 2 2 1 2 1 2 21 34
1030.28 1 5 2 2 2 2 1 1 21 34
1037.72 1 4 2 2 1 2 1 2 21 34
1040.03 0 3 2 2 2 2 1 2 21 34
1040.39 0 3 1 1 2 3 1 2 21 34
1044.99 0 2 1 1 1 3 1 3 21 34
1053.48 1 3 1 1 0 3 1 3 21 34
1058.75 1 3 0 0 0 4 1 3 21 34
1062.95 1 4 0 0 1 4 1 2 21 34
1063.39 1 4 1 1 1 3 1 2 21 34
1066.61 1 5 1 1 2 3 1 1 21 34
1067.49 2 6 1 1 1 3 1 1 21 34
1075.62 2 6 1 1 1 2 1 0 21 35
1079.37 2 5 1 1 0 2 1 1 21 35
1083.85 2 5 0 0 0 3 1 1 21 35
1115.49 2 5 1 1 0 2 1 1 21 35
1125.42 1 4 1 1 1 2 1 1 21 35
1127.21 1 3 1 1 1 2 0 1 22 35
1129.28 1 3 1 1 0 1 1 1 22 35
1139.72 1 3 1 1 1 2 0 1 22 35
1147.94 2 4 1 1 0 2 0 1 22 35
1148.33 2 4 0 0 0 3 0 1 22 35
1158.73 1 3 0 0 1 3 0 1 22 35
1161.9 2 4 0 0 0 3 0 1 22 35
1175.92 2 4 0 0 0 2 0 0 22 36
1184.63 2 4 1 1 0 1 0 0 22 36
1193.93 1 3 1 1 1 1 0 0 22 36
1204.51 1 2 1 1 0 1 0 1 22 36
1206.12 1 3 1 1 0 1 1 1 21 36
1221.05 1 2 1 1 0 1 0 1 22 36
1251.37 1 2 0 0 0 2 0 1 22 36
1277.67 1 2 0 0 0 1 0 0 22 37
1296.79 1 2 0 0 0 2 0 1 22 36
1304.43 0 1 0 0 1 2 0 1 22 36
1324.5 0 2 0 0 2 2 0 0 22 36
1326.13 1 3 0 0 1 2 0 0 22 36
1331.72 1 3 1 1 1 1 0 0 22 36
1332.72 1 4 1 1 1 1 1 0 21 36
1350.43 1 3 1 1 0 1 1 1 21 36
1359.06 0 2 1 1 1 1 1 1 21 36
1415.65 0 3 1 1 2 1 1 0 21 36
1416.98 0 2 1 1 1 1 1 1 21 36
1449.07 0 1 1 1 1 1 0 1 22 36
1450.33 0 1 1 1 1 2 0 2 22 35
1451.44 0 1 1 1 0 1 1 2 22 35
1467.94 0 1 1 1 0 2 1 3 22 34
1476.51 0 1 1 1 0 1 1 2 22 35
1492.67 0 2 1 1 1 1 1 1 22 35
1506.34 0 3 1 1 1 1 2 1 21 35
1507.11 0 2 1 1 1 1 1 1 22 35
1510.34 0 2 1 1 2 2 0 1 22 35
1511.87 0 1 1 1 1 2 0 2 22 35
1517.6 0 2 1 1 1 2 1 2 21 35
1551.17 1 3 1 1 0 2 1 2 21 35
1562.87 1 3 1 1 0 1 1 1 21 36
1565.68 0 2 1 1 1 1 1 1 21 36
1578.05 1 3 1 1 0 1 1 1 21 36
1583.09 1 3 0 0 0 2 1 1 21 36
1586.16 1 3 0 0 0 1 1 0 21 37
1606.52 1 3 1 1 0 0 1 0 21 37
1612.99 1 2 1 1 0 0 0 0 22 37
1625.7 1 2 1 1 0 1 0 1 22 36
1628.35 1 3 1 1 1 1 0 0 22 36
1632.24 0 2 1 1 2 1 0 0 22 36
1636.4 1 3 1 1 1 1 0 0 22 36
1645.3 1 3 1 1 0 0 1 0 22 36
1662.46 0 2 1 1 1 0 1 0 22 36
1669.85 0 3 1 1 1 0 2 0 21 36
1671.14 0 2 1 1 0 0 2 1 21 36
1688.78 0 2 0 0 0 1 2 1 21 36
1689.15 0 1 0 0 0 1 1 1 22 36
1713.28 0 1 0 0 0 0 1 0 22 37
1729.09 0 1 0 0 0 1 1 1 22 36
1740.71 0 1 1 1 0 0 1 1 22 36
1762.55 0 2 1 1 1 0 1 0 22 36
1764.46 0 2 1 1 1 1 1 1 22 35
1781.38 0 2 1 1 1 0 1 0 22 36
1783.39 0 2 1 1 1 1 1 1 22 35
1796.76 1 3 1 1 0 1 1 1 22 35
1832.13 1 4 1 1 1 1 1 0 22 35
1850 1 3 1 1 1 1 0 0 23 35
1867.23 1 3 1 1 0 0 1 0 23 35
1873.8 1 4 1 1 0 0 2 0 22 35
1898.2 1 3 1 1 0 0 1 0 23 35
1914.92 1 3 0 0 0 1 1 0 23 35
1923.7 0 2 0 0 1 1 1 0 23 35
1937.04 0 3 0 0 1 1 2 0 22 35
1943.26 0 4 0 0 1 1 3 0 21 35
1946.43 0 4 0 0 1 2 3 1 21 34
1954.79 0 5 0 0 1 2 4 1 20 34
1956.28 0 5 0 0 0 1 5 1 20 34
1957.13 0 5 0 0 1 2 4 1 20 34
1960.1 0 4 0 0 0 2 4 2 20 34
1961.22 0 4 0 0 0 1 4 1 20 35
1971.09 0 4 0 0 1 2 3 1 20 35
1974.3 0 3 0 0 1 2 2 1 21 35
1983.31 1 4 0 0 0 2 2 1 21 35
1986.98 1 5 0 0 0 2 3 1 20 35
1991.51 1 4 0 0 0 2 2 1 21 35
1999.83 1 4 0 0 0 1 2 0 21 36
2000.6 1 4 0 0 1 2 1 0 21 36
2001.51 1 4 0 0 0 1 2 0 21 36
2007.05 1 3 0 0 0 1 1 0 22 36
2037.03 0 2 0 0 1 1 1 0 22 36
2051.82 0 1 0 0 0 1 1 1 22 36
2052.76 0 1 0 0 0 2 1 2 22 35
2066.01 0 2 0 0 1 2 1 1 22 35
2068.53 0 2 1 1 1 1 1 1 22 35
2076.47 1 3 1 1 0 1 1 1 22 35
2086.66 1 3 2 2 0 0 1 1 22 35
2097.05 1 4 2 2 1 0 1 0 22 35
2098.32 1 3 2 2 1 0 0 0 23 35
2104.38 1 3 1 1 1 1 0 0 23 35
2114.01 1 4 1 1 1 1 1 0 22 35
2114.14 1 3 1 1 0 1 1 1 22 35
2120.76 1 4 1 1 1 1 1 0 22 35
2126.93 1 3 1 1 1 1 0 0 23 35
2148.68 1 4 1 1 1 1 1 0 22 35
2151.15 0 3 1 1 2 1 1 0 22 35
2151.5 0 3 1 1 2 2 1 1 22 34
2155.59 0 4 1 1 2 2 2 1 21 34
2156.08 1 5 1 1 1 2 2 1 21 34
2157.82 1 4 1 1 0 2 2 2 21 34
2162.49 0 3 1 1 1 2 2 2 21 34
2173.23 0 3 1 1 2 3 1 2 21 34
2174.97 0 3 1 1 2 2 1 1 21 35
2177.53 0 2 1 1 1 2 1 2 21 35
2177.64 0 2 1 1 0 1 2 2 21 35
2179.34 0 2 1 1 0 0 2 1 21 36
2179.63 0 3 1 1 1 0 2 0 21 36
2179.85 0 2 1 1 0 0 2 1 21 36
2184.51 0 1 1 1 0 0 1 1 22 36
2187.64 0 2 1 1 1 0 1 0 22 36
2204.49 1 3 1 1 0 0 1 0 22 36
2204.6 0 2 1 1 1 0 1 0 22 36
2213.18 1 3 1 1 0 0 1 0 22 36
2242.81 1 2 1 1 0 0 0 0 23 36
2283.23 1 3 1 1 0 0 1 0 22 36
2283.3 1 2 1 1 0 0 0 0 23 36
2288.07 0 1 1 1 1 0 0 0 23 36
2307.89 1 2 1 1 0 0 0 0 23 36
2320.5 1 2 1 1 0 1 0 1 23 35
2322.08 1 3 1 1 0 1 1 1 22 35
2355.13 1 4 1 1 0 1 2 1 21 35
2355.96 0 3 1 1 1 1 2 1 21 35
2360.1 0 4 1 1 1 1 3 1 20 35
2363.57 0 3 1 1 1 1 2 1 21 35
2373.58 0 2 1 1 1 1 1 1 22 35
2404.05 1 3 1 1 0 1 1 1 22 35
2405.28 0 2 1 1 1 1 1 1 22 35
2408.76 0 2 1 1 1 0 1 0 22 36
2418.3 0 3 1 1 1 0 2 0 21 36
2420.57 1 4 1 1 0 0 2 0 21 36
2425.82 1 4 1 1 1 1 1 0 21 36
2437.37 1 3 1 1 1 1 0 0 22 36
2438.69 1 2 1 1 0 1 0 1 22 36
2442.7 1 2 2 2 0 0 0 1 22 36
2453.83 1 3 2 2 0 0 1 1 21 36
2454.18 1 3 1 1 0 1 1 1 21 36
2463.78 1 4 1 1 1 1 1 0 21 36
2468.83 1 5 1 1 1 1 2 0 20 36
2470.52 1 5 1 1 1 2 2 1 20 35
2478.3 1 6 1 1 1 2 3 1 19 35
2482.01 1 6 1 1 0 1 4 1 19 35
2485.21 1 5 1 1 0 1 3 1 20 35
2492.8 0 4 1 1 1 1 3 1 20 35
2495.65 1 5 1 1 0 1 3 1 20 35
2496.43 1 4 1 1 0 1 2 1 21 35
2505.09 1 3 1 1 0 1 1 1 22 35
2530.03 1 2 1 1 0 1 0 1 23 35
2535.52 1 2 1 1 0 2 0 2 23 34
2536.08 1 2 1 1 0 1 0 1 23 35
2550.01 1 2 1 1 0 0 0 0 23 36
2604.72 1 2 0 0 0 1 0 0 23 36
2608.99 1 2 1 1 0 0 0 0 23 36
2645.88 0 1 1 1 1 0 0 0 23 36
2663.9 0 1 1 1 1 1 0 1 23 35
2680.13 1 2 1 1 0 1 0 1 23 35
2683.32 1 3 1 1 0 1 1 1 22 35
2687.12 0 2 1 1 1 1 1 1 22 35
2690.07 0 3 1 1 2 1 1 0 22 35
2698.7 0 2 1 1 1 1 1 1 22 35
2704.3 0 2 1 1 0 0 2 1 22 35
2710.96 0 3 1 1 1 0 2 0 22 35
2717.13 1 4 1 1 0 0 2 0 22 35
2728.06 0 3 1 1 1 0 2 0 22 35
2732.04 0 2 1 1 1 0 1 0 23 35
2738.65 0 2 1 1 1 1 1 1 23 34
2743.9 0 2 2 2 1 0 1 1 23 34
2753.88 0 1 2 2 1 0 0 1 24 34
2778.84 1 2 2 2 0 0 0 1 24 34
2784.25 1 2 1 1 0 1 0 1 24 34
2797.78 1 2 1 1 0 2 0 2 24 33
2798.1 1 2 0 0 0 3 0 2 24 33
2804.72 1 2 1 1 0 2 0 2 24 33
2813.66 1 2 0 0 0 3 0 2 24 33
2818.93 1 2 1 1 0 2 0 2 24 33
2826.55 0 1 1 1 1 2 0 2 24 33
2828.67 0 1 0 0 1 3 0 2 24 33
2829.69 0 1 0 0 1 2 0 1 24 34
2833.16 0 1 0 0 0 1 1 1 24 34
2849.13 0 1 1 1 0 0 1 1 24 34
2872.36 0 1 1 1 0 1 1 2 24 33
2886.22 0 2 1 1 1 1 1 1 24 33
2890.4 0 2 2 2 1 0 1 1 24 33
2903.79 0 3 2 2 1 0 2 1 23 33
2916.82 0 4 2 2 1 0 3 1 22 33
2924.66 0 3 2 2 1 0 2 1 23 33
2926.38 0 3 1 1 1 1 2 1 23 33
2928.76 0 2 1 1 1 1 1 1 24 33
2930.67 0 2 1 1 0 0 2 1 24 33
2943.83 0 1 1 1 0 0 1 1 25 33
2950.37 0 2 1 1 1 0 1 0 25 33
2962.45 1 3 1 1 0 0 1 0 25 33
2965.01 0 2 1 1 1 0 1 0 25 33
2969.56 1 3 1 1 0 0 1 0 25 33
2983.5 0 2 1 1 1 0 1 0 25 33
2985.71 1 3 1 1 0 0 1 0 25 33
2985.71 1 3 1 1 0 0 1 0 25 33
