0 60 120 60 60 0 0 0 0 0 0
0.0185842 59 119 60 60 1 0 0 0 0 0
0.0236236 58 118 60 60 2 0 0 0 0 0
0.0267101 58 118 59 59 2 1 0 0 0 0
0.0476019 58 118 58 58 2 2 0 0 0 0
0.0544658 57 117 58 58 3 2 0 0 0 0
0.0753145 56 116 58 58 4 2 0 0 0 0
0.10423 55 115 58 58 5 2 0 0 0 0
0.119988 54 114 58 58 6 2 0 0 0 0
0.14366 53 113 58 58 7 2 0 0 0 0
0.173111 52 112 58 58 8 2 0 0 0 0
0.182939 51 111 58 58 9 2 0 0 0 0
0.186392 50 110 58 58 10 2 0 0 0 0
0.199387 49 109 58 58 11 2 0 0 0 0
0.210214 49 108 58 58 10 2 0 1 0 0
0.241583 49 108 57 57 10 3 0 1 0 0
0.258272 48 107 57 57 11 3 0 1 0 0
0.261014 48 106 57 57 10 3 0 2 0 0
0.270865 48 106 56 56 10 4 0 2 0 0
0.276981 48 106 55 55 10 5 0 2 0 0
0.294688 47 105 55 55 11 5 0 2 0 0
0.327791 46 104 55 55 12 5 0 2 0 0
0.344982 45 103 55 55 13 5 0 2 0 0
0.354974 45 103 54 54 13 6 0 2 0 0
0.361012 45 103 53 53 13 7 0 2 0 0
0.363739 45 103 52 52 13 8 0 2 0 0
0.366878 44 102 52 52 14 8 0 2 0 0
0.384947 44 102 51 51 14 9 0 2 0 0
0.38868 44 102 50 50 14 10 0 2 0 0
0.394154 43 101 50 50 15 10 0 2 0 0
0.400315 43 101 50 50 14 9 1 2 0 0
0.485305 44 102 50 50 13 9 1 2 0 0
0.515054 44 102 49 49 13 10 1 2 0 0
0.515383 44 102 48 48 13 11 1 2 0 0
0.528812 44 102 47 47 13 12 1 2 0 0
0.545055 44 102 46 46 13 13 1 2 0 0
0.546946 43 101 46 46 14 13 1 2 0 0
0.569772 42 100 46 46 15 13 1 2 0 0
0.575562 42 100 45 45 15 14 1 2 0 0
0.578478 41 99 45 45 16 14 1 2 0 0
0.591518 41 99 44 44 16 15 1 2 0 0
0.621721 40 98 44 44 17 15 1 2 0 0
0.70292 39 97 44 44 18 15 1 2 0 0
0.705016 39 96 44 44 17 15 1 3 0 0
0.733271 39 96 43 43 17 16 1 3 0 0
0.786545 39 95 43 43 16 16 1 4 0 0
0.802516 38 94 43 43 17 16 1 4 0 0
0.804646 38 94 42 42 17 17 1 4 0 0
0.80681 38 93 42 42 16 17 1 5 0 0
0.833243 37 92 42 42 17 17 1 5 0 0
0.846155 37 92 41 41 17 18 1 5 0 0
0.894156 36 91 41 41 18 18 1 5 0 0
0.935726 35 90 41 41 19 18 1 5 0 0
0.945087 35 89 41 41 18 18 1 6 0 0
0.986668 35 89 40 40 18 19 1 6 0 0
1.01722 35 89 39 39 18 20 1 6 0 0
1.05584 34 88 39 39 19 20 1 6 0 0
1.05819 33 87 39 39 20 20 1 6 0 0
1.06034 33 86 39 39 19 20 1 7 0 0
1.06107 32 85 39 39 20 20 1 7 0 0
1.08157 31 84 39 39 21 20 1 7 0 0
1.18378 31 83 39 39 20 20 1 8 0 0
1.23923 31 82 39 39 19 20 1 9 0 0
1.26018 31 82 39 39 19 19 1 8 0 1
1.26596 31 82 38 38 19 20 1 8 0 1
1.29274 30 81 38 38 20 20 1 8 0 1
1.32202 29 80 38 38 21 20 1 8 0 1
1.33035 29 80 37 37 21 21 1 8 0 1
1.3373 28 79 37 37 22 21 1 8 0 1
1.37122 28 78 37 37 21 21 1 9 0 1
1.37685 28 78 36 36 21 22 1 9 0 1
1.39498 28 77 36 36 20 22 1 10 0 1
1.39864 27 76 36 36 21 22 1 10 0 1
1.45394 27 75 36 36 20 22 1 11 0 1
1.50258 26 74 36 36 21 22 1 11 0 1
1.50593 26 74 35 35 21 23 1 11 0 1
1.5667 26 73 35 35 20 23 1 12 0 1
1.59503 25 72 35 35 21 23 1 12 0 1
1.60133 25 71 35 35 20 23 1 13 0 1
1.65302 25 71 34 34 20 24 1 13 0 1
1.67938 25 71 33 33 20 25 1 13 0 1
1.68382 25 71 33 33 19 24 2 13 0 1
1.68834 25 71 32 32 19 25 2 13 0 1
1.76851 25 71 32 32 18 24 3 13 0 1
1.77247 24 70 32 32 19 24 3 13 0 1
1.79424 24 69 32 32 19 24 2 13 1 1
1.80257 24 69 32 32 19 23 2 12 1 2
1.81735 24 69 32 32 18 22 3 12 1 2
1.85323 24 68 32 32 17 22 3 13 1 2
1.88273 24 68 31 31 17 23 3 13 1 2
1.89024 23 67 31 31 18 23 3 13 1 2
1.89126 23 66 31 31 17 23 3 14 1 2
1.95354 22 65 31 31 18 23 3 14 1 2
2.05046 22 65 31 31 18 22 3 13 1 3
2.15766 21 64 31 31 19 22 3 13 1 3
2.18092 21 64 30 30 19 23 3 13 1 3
2.19507 21 64 29 29 19 24 3 13 1 3
2.28375 21 64 28 28 19 25 3 13 1 3
2.28804 20 63 28 28 20 25 3 13 1 3
2.37068 20 62 28 28 19 25 3 14 1 3
2.40058 20 62 28 28 18 24 4 14 1 3
2.43139 19 61 28 28 19 24 4 14 1 3
2.45711 18 60 28 28 20 24 4 14 1 3
2.4663 18 59 28 28 19 24 4 15 1 3
2.47835 17 58 28 28 20 24 4 15 1 3
2.53489 17 58 28 28 19 23 5 15 1 3
2.5688 16 57 28 28 20 23 5 15 1 3
2.60541 16 57 28 28 19 22 6 15 1 3
2.6327 16 57 27 27 19 23 6 15 1 3
2.66272 16 57 27 27 18 22 7 15 1 3
2.682 16 57 27 27 18 21 7 14 1 4
2.68542 15 56 27 27 19 21 7 14 1 4
2.73784 16 57 27 27 18 21 7 14 1 4
2.7499 15 56 27 27 19 21 7 14 1 4
2.83893 15 55 27 27 18 21 7 15 1 4
2.84441 15 55 27 27 17 20 8 15 1 4
2.88636 15 55 26 26 17 21 8 15 1 4
2.90293 15 54 26 26 16 21 8 16 1 4
2.95581 15 54 25 25 16 22 8 16 1 4
2.97852 16 55 25 25 15 22 8 16 1 4
3.00216 16 54 25 25 14 22 8 17 1 4
3.03386 16 54 25 25 14 21 8 16 1 5
3.03664 16 53 25 25 13 21 8 17 1 5
3.07016 16 53 24 24 13 22 8 17 1 5
3.13456 16 53 24 24 13 21 8 16 1 6
3.13874 16 52 24 24 12 21 8 17 1 6
3.14799 16 51 24 24 11 21 8 18 1 6
3.28485 15 50 24 24 12 21 8 18 1 6
3.29537 15 49 24 24 11 21 8 19 1 6
3.37532 15 49 24 24 11 20 8 18 1 7
3.40186 14 48 24 24 12 20 8 18 1 7
3.4476 14 48 24 24 12 19 8 17 1 8
3.50403 13 47 24 24 13 19 8 17 1 8
3.51985 13 46 24 24 13 19 7 17 2 8
3.55917 13 46 23 23 13 20 7 17 2 8
3.58871 12 45 23 23 14 20 7 17 2 8
3.72837 11 44 23 23 15 20 7 17 2 8
3.73043 10 43 23 23 16 20 7 17 2 8
3.73898 10 43 23 23 15 19 8 17 2 8
3.78705 9 42 23 23 16 19 8 17 2 8
3.84984 9 42 22 22 16 20 8 17 2 8
3.85604 8 41 22 22 17 20 8 17 2 8
3.96372 8 41 22 22 17 19 8 16 2 9
4.05655 8 41 22 22 17 18 8 15 2 10
4.07542 8 41 22 22 16 17 9 15 2 10
4.08632 8 41 21 21 16 18 9 15 2 10
4.13555 8 41 20 20 16 19 9 15 2 10
4.22524 8 40 20 20 15 19 9 16 2 10
4.30468 8 40 20 20 15 18 9 15 2 11
4.37072 8 39 20 20 14 18 9 16 2 11
4.45981 8 39 20 20 14 17 9 15 2 12
4.47777 8 39 19 19 14 18 9 15 2 12
4.48173 8 38 19 19 13 18 9 16 2 12
4.55834 8 37 19 19 12 18 9 17 2 12
4.69494 8 36 19 19 11 18 9 18 2 12
4.70509 8 35 19 19 11 18 8 18 3 12
4.92326 8 34 19 19 10 18 8 19 3 12
4.96421 8 34 18 18 10 19 8 19 3 12
4.99103 8 34 18 18 10 18 8 18 3 13
5.15053 8 34 18 18 9 17 9 18 3 13
5.30073 9 35 18 18 8 17 9 18 3 13
5.32662 9 34 18 18 8 17 8 18 4 13
5.46686 9 34 18 18 8 16 8 17 4 14
5.55804 9 34 18 18 7 15 9 17 4 14
5.568 9 33 18 18 6 15 9 18 4 14
5.71652 8 32 18 18 7 15 9 18 4 14
5.76277 8 32 18 18 7 14 9 17 4 15
5.83594 8 31 18 18 7 14 8 17 5 15
5.87415 8 30 18 18 6 14 8 18 5 15
5.98404 8 30 18 18 6 13 8 17 5 16
6.05304 8 30 17 17 6 14 8 17 5 16
6.18899 8 29 17 17 6 14 7 17 6 16
6.19271 8 29 17 17 6 13 7 16 6 17
6.22324 8 28 17 17 5 13 7 17 6 17
6.27593 8 28 17 17 5 12 7 16 6 18
6.55672 8 28 17 17 5 11 7 15 6 19
6.57566 8 28 17 17 5 10 7 14 6 20
6.69869 7 27 17 17 6 10 7 14 6 20
6.73326 7 26 17 17 5 10 7 15 6 20
6.8266 7 25 17 17 5 10 6 15 7 20
6.94956 7 24 17 17 4 10 6 16 7 20
6.98241 6 23 17 17 5 10 6 16 7 20
7.04644 6 23 16 16 5 11 6 16 7 20
7.13197 6 23 15 15 5 12 6 16 7 20
7.61866 6 23 15 15 5 11 6 15 7 21
7.9254 6 22 15 15 5 11 5 15 8 21
8.29294 6 22 14 14 5 12 5 15 8 21
8.64071 5 21 14 14 6 12 5 15 8 21
8.85651 5 21 14 14 6 11 5 14 8 22
8.90776 5 21 14 14 6 10 5 13 8 23
8.9526 5 21 14 14 6 9 5 12 8 24
9.01867 5 20 14 14 5 9 5 13 8 24
9.0997 4 19 14 14 6 9 5 13 8 24
9.17562 4 19 14 14 5 8 6 13 8 24
9.21773 4 19 13 13 5 9 6 13 8 24
9.72686 4 19 12 12 5 10 6 13 8 24
9.75383 4 19 12 12 5 9 6 12 8 25
10.0582 4 18 12 12 5 9 5 12 9 25
10.5101 4 18 12 12 5 8 5 11 9 26
10.5487 4 18 11 11 5 9 5 11 9 26
10.6296 4 18 11 11 5 10 5 12 9 25
10.7003 4 18 11 11 5 9 5 11 9 26
10.9214 4 18 11 11 5 8 5 10 9 27
10.9473 4 17 11 11 4 8 5 11 9 27
11.026 4 16 11 11 3 8 5 12 9 27
11.175 4 15 11 11 3 8 4 12 10 27
11.3947 4 15 10 10 3 9 4 12 10 27
11.9429 4 15 9 9 3 10 4 12 10 27
12.2355 4 15 9 9 3 9 4 11 10 28
12.4129 4 15 8 8 3 10 4 11 10 28
13.4403 4 15 8 8 3 9 4 10 10 29
13.7291 4 15 9 9 3 8 4 10 10 29
13.9303 4 15 9 9 3 7 4 9 10 30
14.2283 4 14 9 9 2 7 4 10 10 30
14.4873 4 14 8 8 2 8 4 10 10 30
14.5261 4 14 7 7 2 9 4 10 10 30
15.0089 4 14 7 7 2 8 4 9 10 31
16.0894 4 14 7 7 2 7 4 8 10 32
16.4026 4 14 7 7 2 8 4 9 10 31
16.7913 4 14 6 6 2 9 4 9 10 31
16.9858 3 13 6 6 3 9 4 9 10 31
17.0789 3 13 5 5 3 10 4 9 10 31
17.5698 3 14 5 5 4 10 4 8 10 31
18.0644 3 14 5 5 4 9 4 7 10 32
18.1353 4 15 5 5 3 9 4 7 10 32
18.1562 5 16 5 5 2 9 4 7 10 32
18.3941 5 15 5 5 2 9 3 7 11 32
18.4816 4 14 5 5 3 9 3 7 11 32
19.5248 4 14 5 5 2 8 4 7 11 32
19.5895 4 13 5 5 1 8 4 8 11 32
19.8665 4 13 5 5 1 7 4 7 11 33
19.9238 4 13 6 6 1 6 4 7 11 33
20.4137 3 12 6 6 2 6 4 7 11 33
20.6687 3 13 6 6 3 6 4 6 11 33
24.8797 2 12 6 6 4 6 4 6 11 33
25.6766 2 11 6 6 3 6 4 7 11 33
27.052 1 10 6 6 4 6 4 7 11 33
27.1956 1 9 6 6 4 6 3 7 12 33
29.1642 1 9 5 5 4 7 3 7 12 33
30.3263 1 9 6 6 4 6 3 7 12 33
33.5425 1 9 5 5 4 7 3 7 12 33
33.6804 1 9 5 5 4 6 3 6 12 34
34.1392 1 9 5 5 4 5 3 5 12 35
34.3735 1 8 5 5 3 5 3 6 12 35
34.418 1 8 5 5 3 4 3 5 12 36
35.5987 1 7 5 5 2 4 3 6 12 36
36.5562 1 7 4 4 2 5 3 6 12 36
37.3559 1 7 5 5 2 4 3 6 12 36
39.0275 1 7 4 4 2 5 3 6 12 36
39.1986 1 7 4 4 1 4 4 6 12 36
41.0055 1 7 3 3 1 5 4 6 12 36
41.1592 1 6 3 3 1 5 3 6 13 36
43.6674 1 6 3 3 1 4 3 5 13 37
44.0213 1 5 3 3 1 4 2 5 14 37
44.4789 1 5 3 3 1 5 2 6 14 36
47.5705 1 5 4 4 1 4 2 6 14 36
50.8571 1 6 4 4 2 4 2 5 14 36
52.2289 1 6 4 4 2 3 2 4 14 37
53.0324 1 6 3 3 2 4 2 4 14 37
54.8073 1 6 3 3 2 3 2 3 14 38
55.2562 1 6 3 3 2 2 2 2 14 39
59.6722 1 6 2 2 2 3 2 2 14 39
59.8828 1 6 2 2 2 2 2 1 14 40
65.4959 1 6 1 1 2 3 2 1 14 40
66.0329 1 6 1 1 2 4 2 2 14 39
68.1806 0 5 1 1 3 4 2 2 14 39
73.2439 0 4 1 1 3 4 1 2 15 39
75.4373 0 3 1 1 3 4 0 2 16 39
75.5552 0 3 1 1 2 3 1 2 16 39
78.0772 0 3 2 2 2 2 1 2 16 39
83.8549 1 4 2 2 1 2 1 2 16 39
86.3531 1 3 2 2 1 2 0 2 17 39
88.6318 1 3 2 2 1 3 0 3 17 38
98.9033 1 3 2 2 0 2 1 3 17 38
110.463 1 3 2 2 0 1 1 2 17 39
111.525 1 4 2 2 1 1 1 1 17 39
122.947 0 3 2 2 2 1 1 1 17 39
132.822 0 3 1 1 2 2 1 1 17 39
134.907 0 2 1 1 2 2 0 1 18 39
145.738 1 3 1 1 1 2 0 1 18 39
154.945 2 4 1 1 0 2 0 1 18 39
159.569 1 3 1 1 1 2 0 1 18 39
160.763 1 3 1 1 1 3 0 2 18 38
162.885 1 4 1 1 1 3 1 2 17 38
168.873 1 4 1 1 0 2 2 2 17 38
171.941 1 3 1 1 0 2 1 2 18 38
172.965 0 2 1 1 1 2 1 2 18 38
173.844 1 3 1 1 0 2 1 2 18 38
192.114 1 3 1 1 0 3 1 3 18 37
193.271 1 2 1 1 0 3 0 3 19 37
199.113 1 2 2 2 0 2 0 3 19 37
213.577 1 2 2 2 0 1 0 2 19 38
217.262 1 2 1 1 0 2 0 2 19 38
223.065 1 2 1 1 0 1 0 1 19 39
231.905 1 3 1 1 0 1 1 1 18 39
233.856 1 4 1 1 1 1 1 0 18 39
242.312 1 3 1 1 1 1 0 0 19 39
258.423 0 2 1 1 2 1 0 0 19 39
267.416 0 3 1 1 2 1 1 0 18 39
267.889 1 4 1 1 1 1 1 0 18 39
290.423 1 3 1 1 0 1 1 1 18 39
315.332 1 3 1 1 0 2 1 2 18 38
318.827 1 3 1 1 0 3 1 3 18 37
323.303 1 3 2 2 0 2 1 3 18 37
323.865 1 3 1 1 0 3 1 3 18 37
324.536 1 3 1 1 0 2 1 2 18 38
325.497 1 3 1 1 0 3 1 3 18 37
326.72 1 3 1 1 0 2 1 2 18 38
336.713 1 2 1 1 0 2 0 2 19 38
337.875 1 3 1 1 1 2 0 1 19 38
362.095 1 3 2 2 1 1 0 1 19 38
365.712 1 3 1 1 1 2 0 1 19 38
384.043 1 4 1 1 1 2 1 1 18 38
388.429 1 3 1 1 0 2 1 2 18 38
391.68 1 3 1 1 0 1 1 1 18 39
426.353 1 3 1 1 1 2 0 1 18 39
427.413 0 2 1 1 2 2 0 1 18 39
431.029 1 3 1 1 1 2 0 1 18 39
451.013 1 3 1 1 1 3 0 2 18 38
460.498 1 3 1 1 1 4 0 3 18 37
466.69 0 2 1 1 2 4 0 3 18 37
471.507 0 2 1 1 1 3 1 3 18 37
490.252 0 2 0 0 1 4 1 3 18 37
492.236 0 2 0 0 1 3 1 2 18 38
498.125 0 2 0 0 1 2 1 1 18 39
522.857 0 2 0 0 1 1 1 0 18 40
541.754 0 2 1 1 1 0 1 0 18 40
546.324 0 1 1 1 1 0 0 0 19 40
561.651 0 0 1 1 0 0 0 1 19 40
570.507 0 0 0 0 0 1 0 1 19 40
585.016 0 1 0 0 1 1 0 0 19 40
590.199 1 2 0 0 0 1 0 0 19 40
594.042 0 1 0 0 1 1 0 0 19 40
596.996 0 1 0 0 1 2 0 1 19 39
610.008 0 1 0 0 1 3 0 2 19 38
611.01 1 2 0 0 0 3 0 2 19 38
641.647 0 1 0 0 1 3 0 2 19 38
645.726 0 1 0 0 0 2 1 2 19 38
666.416 0 1 0 0 0 1 1 1 19 39
686.985 0 2 0 0 0 1 2 1 18 39
692.301 0 1 0 0 0 1 1 1 19 39
694.785 0 1 0 0 0 2 1 2 19 38
694.902 0 1 0 0 1 3 0 2 19 38
709.516 0 1 0 0 1 2 0 1 19 39
713.175 0 2 0 0 2 2 0 0 19 39
719.069 0 2 0 0 1 1 1 0 19 39
726.177 0 1 0 0 1 1 0 0 20 39
735.593 1 2 0 0 0 1 0 0 20 39
751.334 1 2 1 1 0 0 0 0 20 39
779.439 1 3 1 1 0 0 1 0 19 39
792.019 0 2 1 1 1 0 1 0 19 39
810.864 0 1 1 1 0 0 1 1 19 39
839.374 0 2 1 1 1 0 1 0 19 39
849.74 0 1 1 1 0 0 1 1 19 39
851.786 0 2 1 1 1 0 1 0 19 39
853.814 1 3 1 1 0 0 1 0 19 39
885.809 1 4 1 1 0 0 2 0 18 39
893.553 0 3 1 1 1 0 2 0 18 39
904.437 0 2 1 1 0 0 2 1 18 39
913.951 0 2 1 1 0 1 2 2 18 38
925.384 0 2 1 1 0 2 2 3 18 37
937.279 0 3 1 1 1 2 2 2 18 37
946.762 0 3 2 2 1 1 2 2 18 37
955.033 1 4 2 2 0 1 2 2 18 37
967.336 1 3 2 2 0 1 1 2 19 37
973.859 1 2 2 2 0 1 0 2 20 37
978.221 1 3 2 2 0 1 1 2 19 37
979.21 1 4 2 2 1 1 1 1 19 37
984.398 1 4 1 1 1 2 1 1 19 37
992.264 1 3 1 1 1 2 0 1 20 37
1014.43 0 2 1 1 2 2 0 1 20 37
1015.69 0 2 1 1 1 1 1 1 20 37
1017.79 0 1 1 1 1 1 0 1 21 37
1036.54 0 1 0 0 1 2 0 1 21 37
1040.32 0 2 0 0 1 2 1 1 20 37
1067.75 0 2 0 0 1 3 1 2 20 36
1070.24 0 1 0 0 1 3 0 2 21 36
1071.64 0 2 0 0 1 3 1 2 20 36
1072.2 0 2 0 0 0 2 2 2 20 36
1078.83 0 1 0 0 0 2 1 2 21 36
1085.76 0 2 0 0 1 2 1 1 21 36
1091.65 0 1 0 0 1 2 0 1 22 36
1099.3 1 2 0 0 0 2 0 1 22 36
1099.47 1 3 0 0 1 2 0 0 22 36
1103.28 1 3 0 0 0 1 1 0 22 36
1131.05 1 3 0 0 1 2 0 0 22 36
1142.11 1 3 0 0 1 3 0 1 22 35
1143.37 0 2 0 0 2 3 0 1 22 35
1154.84 0 2 0 0 1 2 1 1 22 35
1170.04 0 3 0 0 1 2 2 1 21 35
1172.24 0 2 0 0 1 2 1 1 22 35
1174.19 0 2 0 0 1 1 1 0 22 36
1185.49 1 3 0 0 0 1 1 0 22 36
1210.86 0 2 0 0 1 1 1 0 22 36
1216.58 1 3 0 0 0 1 1 0 22 36
1232.73 0 2 0 0 1 1 1 0 22 36
1242.81 0 3 0 0 1 1 2 0 21 36
1254.12 0 4 0 0 1 1 3 0 20 36
1266.95 0 3 0 0 1 1 2 0 21 36
1269.72 0 3 1 1 1 0 2 0 21 36
1276.58 0 4 1 1 1 0 3 0 20 36
1281.24 1 5 1 1 0 0 3 0 20 36
1282.82 1 4 1 1 0 0 2 0 21 36
1284.49 1 5 1 1 0 0 3 0 20 36
1291.28 1 5 1 1 0 1 3 1 20 35
1293.11 1 5 1 1 0 2 3 2 20 34
1301.06 1 4 1 1 0 2 2 2 21 34
1307.25 1 4 1 1 0 1 2 1 21 35
1327.4 1 3 1 1 0 1 1 1 22 35
1329.82 1 3 1 1 1 2 0 1 22 35
1359.23 0 2 1 1 2 2 0 1 22 35
1360.93 0 2 1 1 2 1 0 0 22 36
1362.78 0 2 0 0 2 2 0 0 22 36
1372.25 0 3 0 0 2 2 1 0 21 36
1381.22 0 3 0 0 1 1 2 0 21 36
1384.51 1 4 0 0 0 1 2 0 21 36
1386.12 0 3 0 0 1 1 2 0 21 36
1393.47 1 4 0 0 0 1 2 0 21 36
1401.36 0 3 0 0 1 1 2 0 21 36
1408.05 1 4 0 0 0 1 2 0 21 36
1422.51 0 3 0 0 1 1 2 0 21 36
1426.3 0 2 0 0 1 1 1 0 22 36
1432.77 0 2 0 0 1 2 1 1 22 35
1434.54 0 2 1 1 1 1 1 1 22 35
1443.43 1 3 1 1 0 1 1 1 22 35
1456.22 1 2 1 1 0 1 0 1 23 35
1462.64 0 1 1 1 1 1 0 1 23 35
1465.02 1 2 1 1 0 1 0 1 23 35
1514.74 0 1 1 1 1 1 0 1 23 35
1526.68 0 1 1 1 1 0 0 0 23 36
1565.32 0 1 0 0 1 1 0 0 23 36
1566.62 0 1 0 0 1 2 0 1 23 35
1587.99 0 1 0 0 1 1 0 0 23 36
1599.32 1 2 0 0 0 1 0 0 23 36
1613.31 1 2 0 0 0 2 0 1 23 35
1639.55 1 3 0 0 0 2 1 1 22 35
1675.32 1 4 0 0 0 2 2 1 21 35
1675.49 1 4 0 0 0 1 2 0 21 36
1678.61 1 4 0 0 1 2 1 0 21 36
1688.86 0 3 0 0 2 2 1 0 21 36
1695.18 0 2 0 0 1 2 1 1 21 36
1701.94 0 2 0 0 1 3 1 2 21 35
1705.9 0 1 0 0 0 3 1 3 21 35
1711.45 0 1 1 1 0 2 1 3 21 35
1719.62 0 2 1 1 1 2 1 2 21 35
1721.22 0 2 1 1 1 1 1 1 21 36
1723.38 0 2 1 1 2 2 0 1 21 36
1729.44 0 3 1 1 3 2 0 0 21 36
1751.8 0 3 2 2 3 1 0 0 21 36
1756.84 0 2 2 2 2 1 0 1 21 36
1758.47 1 3 2 2 1 1 0 1 21 36
1769.43 1 4 2 2 1 1 1 1 20 36
1776.73 1 4 1 1 1 2 1 1 20 36
1781.82 1 5 1 1 2 2 1 0 20 36
1782.01 1 4 1 1 1 2 1 1 20 36
1782.19 1 3 1 1 1 2 0 1 21 36
1804.15 1 2 1 1 0 2 0 2 21 36
1815.48 1 2 2 2 0 1 0 2 21 36
1819.71 1 3 2 2 0 1 1 2 20 36
1839.97 1 3 2 2 0 2 1 3 20 35
1843.72 1 4 2 2 1 2 1 2 20 35
1847.29 1 4 2 2 0 1 2 2 20 35
1850.63 1 5 2 2 0 1 3 2 19 35
1857.51 1 4 2 2 0 1 2 2 20 35
1859.57 1 3 2 2 0 1 1 2 21 35
1877.98 1 2 2 2 0 1 0 2 22 35
1903.4 1 2 1 1 0 2 0 2 22 35
1915.85 1 2 1 1 0 1 0 1 22 36
1926.8 1 3 1 1 0 1 1 1 21 36
1940.74 1 2 1 1 0 1 0 1 22 36
1962.5 0 1 1 1 1 1 0 1 22 36
1966.28 0 1 1 1 1 0 0 0 22 37
1975.34 0 1 0 0 1 1 0 0 22 37
1978.97 1 2 0 0 0 1 0 0 22 37
1985.91 1 2 0 0 0 2 0 1 22 36
2006.1 1 2 0 0 0 1 0 0 22 37
2014.21 1 3 0 0 0 1 1 0 21 37
2023.05 0 2 0 0 1 1 1 0 21 37
2032.18 0 2 1 1 1 0 1 0 21 37
2035.56 0 1 1 1 1 0 0 0 22 37
2061.33 0 1 1 1 1 1 0 1 22 36
2067.46 0 1 1 1 1 0 0 0 22 37
2105.47 0 1 1 1 1 1 0 1 22 36
2111.17 0 1 2 2 1 0 0 1 22 36
2119.65 0 2 2 2 2 0 0 0 22 36
2119.73 1 3 2 2 1 0 0 0 22 36
2146.44 2 4 2 2 0 0 0 0 22 36
2146.92 2 4 1 1 0 1 0 0 22 36
2150.31 2 4 2 2 0 0 0 0 22 36
2151.49 1 3 2 2 1 0 0 0 22 36
2156.12 0 2 2 2 2 0 0 0 22 36
2159.72 0 1 2 2 1 0 0 1 22 36
2163.49 0 1 1 1 1 1 0 1 22 36
2171.54 0 0 1 1 0 1 0 2 22 36
2174.1 0 0 1 1 0 0 0 1 22 37
2203.79 0 0 0 0 0 1 0 1 22 37
2253.12 0 0 0 0 0 2 0 2 22 36
2264.88 0 0 0 0 0 1 0 1 22 37
2271.62 0 0 0 0 0 2 0 2 22 36
2274.4 0 0 0 0 0 1 0 1 22 37
2278.82 0 1 0 0 1 1 0 0 22 37
2280.76 0 1 0 0 1 2 0 1 22 36
2287.88 0 2 0 0 2 2 0 0 22 36
2293.27 0 2 0 0 1 1 1 0 22 36
2299.58 0 1 0 0 0 1 1 1 22 36
2307 0 1 0 0 0 0 1 0 22 37
2329 0 1 0 0 1 1 0 0 22 37
2341.78 0 0 0 0 0 1 0 1 22 37
2357.9 0 0 0 0 0 2 0 2 22 36
2369.99 0 0 0 0 0 1 0 1 22 37
2403.55 0 1 0 0 1 1 0 0 22 37
2420.29 1 2 0 0 0 1 0 0 22 37
2434.31 1 3 0 0 0 1 1 0 21 37
2443.34 0 2 0 0 1 1 1 0 21 37
2448.06 0 1 0 0 0 1 1 1 21 37
2462.15 0 2 0 0 0 1 2 1 20 37
2498.6 0 1 0 0 0 1 1 1 21 37
2517.7 0 2 0 0 0 1 2 1 20 37
2540.2 0 3 0 0 1 1 2 0 20 37
2542.67 0 3 1 1 1 0 2 0 20 37
2556.09 0 2 1 1 1 0 1 0 21 37
2557.53 1 3 1 1 0 0 1 0 21 37
2562.53 1 3 0 0 0 1 1 0 21 37
2564.79 0 2 0 0 1 1 1 0 21 37
2579.63 0 1 0 0 1 1 0 0 22 37
2593.52 1 2 0 0 0 1 0 0 22 37
2597.77 1 3 0 0 0 1 1 0 21 37
2601.4 1 2 0 0 0 1 0 0 22 37
2618.11 0 1 0 0 1 1 0 0 22 37
2626.69 0 0 0 0 0 1 0 1 22 37
2640.4 0 0 0 0 0 0 0 0 22 38
2662.01 0 1 0 0 0 0 1 0 21 38
2693.55 0 1 0 0 0 1 1 1 21 37
2734.53 0 2 0 0 0 1 2 1 20 37
2738.2 0 3 0 0 1 1 2 0 20 37
2750.78 0 3 0 0 1 2 2 1 20 36
2760.75 0 2 0 0 1 2 1 1 21 36
2764.89 0 3 0 0 2 2 1 0 21 36
2770.01 0 2 0 0 1 2 1 1 21 36
2770.03 0 2 1 1 1 1 1 1 21 36
2774.46 0 2 1 1 1 0 1 0 21 37
2796.61 1 3 1 1 0 0 1 0 21 37
2819.06 1 3 1 1 0 1 1 1 21 36
2821.59 1 3 2 2 0 0 1 1 21 36
2838.42 1 3 1 1 0 1 1 1 21 36
2841.22 1 3 1 1 1 2 0 1 21 36
2848.29 1 2 1 1 0 2 0 2 21 36
2861.84 1 3 1 1 0 2 1 2 20 36
2871.68 1 2 1 1 0 2 0 2 21 36
2887.61 1 2 1 1 0 3 0 3 21 35
2899.85 1 2 1 1 0 2 0 2 21 36
2900.66 1 2 1 1 0 1 0 1 21 37
2911.33 1 2 2 2 0 0 0 1 21 37
2932.47 1 2 2 2 0 1 0 2 21 36
2933.06 1 2 1 1 0 2 0 2 21 36
2937.71 1 2 2 2 0 1 0 2 21 36
2942.33 1 3 2 2 1 1 0 1 21 36
2942.49 1 4 2 2 1 1 1 1 20 36
2944.49 2 5 2 2 0 1 1 1 20 36
2949.24 2 6 2 2 0 1 2 1 19 36
2958.16 1 5 2 2 1 1 2 1 19 36
2960.84 1 4 2 2 1 1 1 1 20 36
2964.6 2 5 2 2 0 1 1 1 20 36
2974.35 2 5 2 2 0 0 1 0 20 37
2992.11 1 4 2 2 1 0 1 0 20 37
2994.2 1 4 1 1 1 1 1 0 20 37
2996.47 1 3 1 1 0 1 1 1 20 37
2996.47 1 3 1 1 0 1 1 1 20 37
