0 60 120 60 60 0 0 0 0 0 0
0.00238685 60 120 59 59 0 1 0 0 0 0
0.0210986 59 119 59 59 1 1 0 0 0 0
0.0236773 59 119 58 58 1 2 0 0 0 0
0.0552785 59 119 57 57 1 3 0 0 0 0
0.0587562 58 118 57 57 2 3 0 0 0 0
0.082068 57 117 57 57 3 3 0 0 0 0
0.0875492 56 116 57 57 4 3 0 0 0 0
0.10042 56 116 56 56 4 4 0 0 0 0
0.107805 56 116 55 55 4 5 0 0 0 0
0.115958 55 115 55 55 5 5 0 0 0 0
0.12806 55 115 54 54 5 6 0 0 0 0
0.1297 54 114 54 54 6 6 0 0 0 0
0.13307 53 113 54 54 7 6 0 0 0 0
0.136952 53 112 54 54 6 6 0 1 0 0
0.138725 52 111 54 54 7 6 0 1 0 0
0.142761 52 111 53 53 7 7 0 1 0 0
0.15504 52 110 53 53 6 7 0 2 0 0
0.185054 51 109 53 53 7 7 0 2 0 0
0.186409 50 108 53 53 8 7 0 2 0 0
0.187124 50 108 52 52 8 8 0 2 0 0
0.19567 49 107 52 52 9 8 0 2 0 0
0.222263 48 106 52 52 10 8 0 2 0 0
0.22634 47 105 52 52 11 8 0 2 0 0
0.227612 46 104 52 52 12 8 0 2 0 0
0.240124 45 103 52 52 13 8 0 2 0 0
0.24144 45 102 52 52 12 8 0 3 0 0
0.262925 45 102 51 51 12 9 0 3 0 0
0.279366 44 101 51 51 13 9 0 3 0 0
0.304528 43 100 51 51 14 9 0 3 0 0
0.36165 42 99 51 51 15 9 0 3 0 0
0.369364 42 99 50 50 15 10 0 3 0 0
0.372912 41 98 50 50 16 10 0 3 0 0
0.377232 41 97 50 50 15 10 0 4 0 0
0.397415 41 97 49 49 15 11 0 4 0 0
0.429025 40 96 49 49 16 11 0 4 0 0
0.446475 40 96 48 48 16 12 0 4 0 0
0.463224 40 96 47 47 16 13 0 4 0 0
0.463888 39 95 47 47 17 13 0 4 0 0
0.504699 39 94 47 47 16 13 0 5 0 0
0.517287 39 94 46 46 16 14 0 5 0 0
0.53623 38 93 46 46 17 14 0 5 0 0
0.552446 38 93 45 45 17 15 0 5 0 0
0.579956 38 93 45 45 16 14 1 5 0 0
0.587554 37 92 45 45 17 14 1 5 0 0
0.589524 37 92 44 44 17 15 1 5 0 0
0.601234 37 92 43 43 17 16 1 5 0 0
0.615159 36 91 43 43 18 16 1 5 0 0
0.625481 35 90 43 43 19 16 1 5 0 0
0.649571 35 89 43 43 18 16 1 6 0 0
0.650679 34 88 43 43 19 16 1 6 0 0
0.687833 33 87 43 43 20 16 1 6 0 0
0.722067 33 87 42 42 20 17 1 6 0 0
0.725211 32 86 42 42 21 17 1 6 0 0
0.732624 32 85 42 42 20 17 1 7 0 0
0.804971 31 84 42 42 21 17 1 7 0 0
0.819082 30 83 42 42 22 17 1 7 0 0
0.82925 30 82 42 42 21 17 1 8 0 0
0.935593 30 81 42 42 20 17 1 9 0 0
0.943217 30 81 41 41 20 18 1 9 0 0
0.97052 30 81 40 40 20 19 1 9 0 0
0.992623 30 80 40 40 19 19 1 10 0 0
1.03805 30 79 40 40 18 19 1 11 0 0
1.07752 30 79 40 40 17 18 2 11 0 0
1.12789 30 79 39 39 17 19 2 11 0 0
1.13923 29 78 39 39 18 19 2 11 0 0
1.14106 29 77 39 39 17 19 2 12 0 0
1.16481 28 76 39 39 18 19 2 12 0 0
1.1928 27 75 39 39 19 19 2 12 0 0
1.22628 26 74 39 39 20 19 2 12 0 0
1.2672 25 73 39 39 21 19 2 12 0 0
1.30589 25 72 39 39 20 19 2 13 0 0
1.31586 25 71 39 39 19 19 2 14 0 0
1.32783 25 71 39 39 18 18 3 14 0 0
1.33797 24 70 39 39 19 18 3 14 0 0
1.36503 24 70 39 39 19 17 3 13 0 1
1.36656 24 69 39 39 18 17 3 14 0 1
1.37252 23 68 39 39 19 17 3 14 0 1
1.38708 24 69 39 39 18 17 3 14 0 1
1.393 24 68 39 39 18 17 2 14 1 1
1.41453 24 68 38 38 18 18 2 14 1 1
1.42208 24 68 37 37 18 19 2 14 1 1
1.46792 23 67 37 37 19 19 2 14 1 1
1.48792 23 67 36 36 19 20 2 14 1 1
1.51638 23 66 36 36 18 20 2 15 1 1
1.53508 23 66 35 35 18 21 2 15 1 1
1.63322 23 65 35 35 17 21 2 16 1 1
1.67348 23 64 35 35 16 21 2 17 1 1
1.69089 23 63 35 35 15 21 2 18 1 1
1.72012 22 62 35 35 16 21 2 18 1 1
1.76682 22 61 35 35 15 21 2 19 1 1
1.8165 21 60 35 35 16 21 2 19 1 1
1.84039 20 59 35 35 17 21 2 19 1 1
1.88541 19 58 35 35 18 21 2 19 1 1
1.88543 18 57 35 35 19 21 2 19 1 1
1.89429 18 57 34 34 19 22 2 19 1 1
1.91897 18 57 33 33 19 23 2 19 1 1
1.92467 18 56 33 33 18 23 2 20 1 1
1.93863 18 56 32 32 18 24 2 20 1 1
1.99678 17 55 32 32 19 24 2 20 1 1
2.08169 17 54 32 32 18 24 2 21 1 1
2.1001 16 53 32 32 19 24 2 21 1 1
2.12859 16 53 32 32 19 23 2 20 1 2
2.13526 15 52 32 32 20 23 2 20 1 2
2.14595 15 52 31 31 20 24 2 20 1 2
2.19544 15 52 31 31 20 23 2 19 1 3
2.19651 15 52 30 30 20 24 2 19 1 3
2.26956 15 52 29 29 20 25 2 19 1 3
2.29676 15 52 28 28 20 26 2 19 1 3
2.32197 15 52 28 28 19 25 3 19 1 3
2.35302 15 52 27 27 19 26 3 19 1 3
2.35538 15 52 27 27 19 25 3 18 1 4
2.36408 15 51 27 27 18 25 3 19 1 4
2.38529 15 51 27 27 17 24 4 19 1 4
2.47163 15 50 27 27 16 24 4 20 1 4
2.50065 14 49 27 27 17 24 4 20 1 4
2.53125 13 48 27 27 18 24 4 20 1 4
2.57844 13 48 27 27 18 23 4 19 1 5
2.58102 12 47 27 27 19 23 4 19 1 5
2.58379 12 46 27 27 18 23 4 20 1 5
2.62657 12 46 26 26 18 24 4 20 1 5
2.64522 12 46 25 25 18 25 4 20 1 5
2.66351 12 45 25 25 17 25 4 21 1 5
2.67379 11 44 25 25 18 25 4 21 1 5
2.75058 11 44 24 24 18 26 4 21 1 5
2.77191 11 43 24 24 17 26 4 22 1 5
2.79715 11 42 24 24 16 26 4 23 1 5
2.8261 11 42 24 24 15 25 5 23 1 5
2.87724 10 41 24 24 16 25 5 23 1 5
2.88542 10 41 24 24 15 24 6 23 1 5
2.89056 10 41 23 23 15 25 6 23 1 5
2.91049 10 41 23 23 14 24 7 23 1 5
2.95351 10 42 23 23 15 24 7 22 1 5
3.01233 10 42 23 23 14 23 8 22 1 5
3.10929 10 42 22 22 14 24 8 22 1 5
3.25648 10 41 22 22 14 24 7 22 2 5
3.29977 10 40 22 22 13 24 7 23 2 5
3.30705 9 39 22 22 14 24 7 23 2 5
3.34385 9 38 22 22 13 24 7 24 2 5
3.42191 9 37 22 22 12 24 7 25 2 5
3.42322 9 37 22 22 12 23 7 24 2 6
3.4899 9 36 22 22 12 23 6 24 3 6
3.53943 9 36 22 22 12 22 6 23 3 7
3.54319 9 36 22 22 12 21 6 22 3 8
3.54372 9 36 22 22 12 20 6 21 3 9
3.63272 9 36 22 22 12 19 6 20 3 10
3.76873 9 36 22 22 12 18 6 19 3 11
3.85621 9 35 22 22 12 18 5 19 4 11
3.86239 9 34 22 22 12 18 4 19 5 11
3.86779 8 33 22 22 13 18 4 19 5 11
3.88168 8 33 23 23 13 17 4 19 5 11
3.91984 8 33 22 22 13 18 4 19 5 11
3.94634 8 33 22 22 12 17 5 19 5 11
4.02191 8 33 21 21 12 18 5 19 5 11
4.17384 8 32 21 21 11 18 5 20 5 11
4.18308 7 31 21 21 12 18 5 20 5 11
4.24105 7 31 20 20 12 19 5 20 5 11
4.27253 7 31 20 20 12 18 5 19 5 12
4.49424 7 30 20 20 11 18 5 20 5 12
4.52482 6 29 20 20 12 18 5 20 5 12
4.60197 6 29 20 20 12 17 5 19 5 13
4.60662 6 28 20 20 12 17 4 19 6 13
4.6198 6 28 19 19 12 18 4 19 6 13
4.84696 6 28 19 19 12 17 4 18 6 14
4.86697 5 27 19 19 13 17 4 18 6 14
4.88303 5 26 19 19 12 17 4 19 6 14
4.88429 5 26 19 19 11 16 5 19 6 14
4.89558 5 25 19 19 10 16 5 20 6 14
4.90748 5 25 18 18 10 17 5 20 6 14
4.92056 4 24 18 18 11 17 5 20 6 14
4.93652 4 24 18 18 11 16 5 19 6 15
5.1535 4 24 18 18 10 15 6 19 6 15
5.15723 4 24 18 18 10 14 6 18 6 16
5.32177 3 23 18 18 11 14 6 18 6 16
5.42577 3 23 18 18 11 13 6 17 6 17
5.71847 3 23 18 18 11 12 6 16 6 18
5.73711 2 22 18 18 12 12 6 16 6 18
5.88103 2 21 18 18 11 12 6 17 6 18
6.05589 2 21 18 18 10 11 7 17 6 18
6.14812 2 21 17 17 10 12 7 17 6 18
6.27301 2 21 17 17 9 11 8 17 6 18
6.32551 2 21 17 17 8 10 9 17 6 18
6.36443 2 20 17 17 8 10 8 17 7 18
6.79502 2 19 17 17 7 10 8 18 7 18
6.8251 2 19 17 17 7 9 8 17 7 19
6.89004 2 18 17 17 6 9 8 18 7 19
6.94998 2 18 17 17 6 8 8 17 7 20
6.9503 2 17 17 17 5 8 8 18 7 20
7.04762 2 17 16 16 5 9 8 18 7 20
7.11493 2 18 16 16 6 9 8 17 7 20
7.44947 2 18 16 16 6 8 8 16 7 21
7.49816 1 17 16 16 7 8 8 16 7 21
7.53945 1 17 15 15 7 9 8 16 7 21
7.60013 1 17 14 14 7 10 8 16 7 21
7.74703 1 17 13 13 7 11 8 16 7 21
8.17795 1 17 13 13 7 10 8 15 7 22
8.29716 1 17 13 13 7 9 8 14 7 23
8.61521 1 17 13 13 6 8 9 14 7 23
8.84183 1 17 12 12 6 9 9 14 7 23
8.85281 1 17 11 11 6 10 9 14 7 23
9.20526 1 16 11 11 5 10 9 15 7 23
9.24384 1 16 11 11 5 9 9 14 7 24
9.46267 1 16 11 11 5 8 9 13 7 25
9.6128 1 17 11 11 6 8 9 12 7 25
10.2533 1 17 10 10 6 9 9 12 7 25
10.2632 1 17 10 10 5 8 10 12 7 25
11.3544 1 16 10 10 4 8 10 13 7 25
11.7618 1 16 10 10 4 7 10 12 7 26
11.8263 1 16 11 11 4 6 10 12 7 26
11.8686 1 16 10 10 4 7 10 12 7 26
12.3992 1 16 10 10 5 8 9 12 7 26
13.041 1 15 10 10 4 8 9 13 7 26
13.1268 1 14 10 10 4 8 8 13 8 26
14.8184 1 14 9 9 4 9 8 13 8 26
14.9863 1 14 9 9 5 10 7 13 8 26
15.3706 1 14 9 9 5 9 7 12 8 27
15.5426 1 14 8 8 5 10 7 12 8 27
15.6657 1 15 8 8 6 10 7 11 8 27
15.6808 1 15 8 8 5 9 8 11 8 27
15.6942 0 14 8 8 6 9 8 11 8 27
15.93 1 15 8 8 5 9 8 11 8 27
16.3707 1 14 8 8 5 9 7 11 9 27
16.5151 1 13 8 8 5 9 6 11 10 27
16.9427 1 12 8 8 5 9 5 11 11 27
17.2852 1 12 7 7 5 10 5 11 11 27
17.4217 1 11 7 7 4 10 5 12 11 27
18.2719 1 11 7 7 4 9 5 11 11 28
18.8576 1 11 7 7 4 8 5 10 11 29
19.9581 1 11 7 7 3 7 6 10 11 29
19.9872 1 11 7 7 3 6 6 9 11 30
20.8271 1 11 6 6 3 7 6 9 11 30
21.2654 1 11 6 6 3 6 6 8 11 31
21.9422 1 11 5 5 3 7 6 8 11 31
22.1087 1 10 5 5 3 7 5 8 12 31
22.8085 1 10 5 5 3 6 5 7 12 32
23.6905 1 10 5 5 3 5 5 6 12 33
24.0489 1 9 5 5 3 5 4 6 13 33
25.1394 1 9 5 5 2 4 5 6 13 33
25.1677 1 8 5 5 2 4 4 6 14 33
25.5334 1 7 5 5 2 4 3 6 15 33
25.921 1 6 5 5 2 4 2 6 16 33
26.0377 2 7 5 5 1 4 2 6 16 33
28.309 2 7 4 4 1 5 2 6 16 33
28.8153 2 7 3 3 1 6 2 6 16 33
29.9571 2 7 3 3 1 5 2 5 16 34
30.0702 2 7 3 3 1 4 2 4 16 35
30.404 2 6 3 3 1 4 1 4 17 35
32.2844 1 5 3 3 2 4 1 4 17 35
33.7703 1 5 2 2 2 5 1 4 17 35
35.565 2 6 2 2 1 5 1 4 17 35
35.8894 2 6 2 2 1 4 1 3 17 36
37.1319 2 5 2 2 0 4 1 4 17 36
41.8831 2 6 2 2 1 4 1 3 17 36
42.6147 1 5 2 2 2 4 1 3 17 36
44.5685 1 4 2 2 1 4 1 4 17 36
46.3215 1 4 1 1 1 5 1 4 17 36
46.7953 1 4 1 1 1 4 1 3 17 37
46.8767 0 3 1 1 2 4 1 3 17 37
48.4379 1 4 1 1 1 4 1 3 17 37
52.7136 0 3 1 1 2 4 1 3 17 37
56.6203 0 2 1 1 2 4 0 3 18 37
58.1986 0 2 1 1 1 3 1 3 18 37
60.8762 0 2 0 0 1 4 1 3 18 37
66.7544 0 2 0 0 0 3 2 3 18 37
76.7659 0 2 1 1 0 2 2 3 18 37
77.9529 0 2 0 0 0 3 2 3 18 37
84.7136 0 2 0 0 0 2 2 2 18 38
90.4848 0 2 1 1 0 1 2 2 18 38
101.803 0 1 1 1 0 1 1 2 19 38
107.108 0 2 1 1 1 1 1 1 19 38
110.762 0 1 1 1 1 1 0 1 20 38
112.281 1 2 1 1 0 1 0 1 20 38
119.537 1 3 1 1 1 1 0 0 20 38
126.171 0 2 1 1 2 1 0 0 20 38
132.158 0 2 2 2 2 0 0 0 20 38
145.71 1 3 2 2 1 0 0 0 20 38
146.084 1 4 2 2 1 0 1 0 19 38
146.89 1 3 2 2 1 0 0 0 20 38
148.186 0 2 2 2 2 0 0 0 20 38
153.38 0 2 1 1 2 1 0 0 20 38
155.979 0 1 1 1 1 1 0 1 20 38
189.789 0 1 0 0 1 2 0 1 20 38
191.883 0 1 1 1 1 1 0 1 20 38
199.124 0 1 1 1 0 0 1 1 20 38
204.149 0 0 1 1 0 0 0 1 21 38
208.629 0 1 1 1 0 0 1 1 20 38
229.371 0 2 1 1 1 0 1 0 20 38
230.173 0 2 1 1 1 1 1 1 20 37
235.362 1 3 1 1 0 1 1 1 20 37
253.942 0 2 1 1 1 1 1 1 20 37
268.261 0 1 1 1 0 1 1 2 20 37
270.261 0 0 1 1 0 1 0 2 21 37
292.664 0 1 1 1 1 1 0 1 21 37
297.086 0 1 0 0 1 2 0 1 21 37
298.78 0 1 0 0 1 1 0 0 21 38
335.911 0 1 1 1 1 0 0 0 21 38
344.633 0 0 1 1 0 0 0 1 21 38
355.968 0 1 1 1 0 0 1 1 20 38
363.107 0 0 1 1 0 0 0 1 21 38
378.905 0 1 1 1 0 0 1 1 20 38
399.813 0 1 1 1 1 1 0 1 20 38
400.922 0 2 1 1 1 1 1 1 19 38
424.996 0 3 1 1 2 1 1 0 19 38
427.951 1 4 1 1 1 1 1 0 19 38
436.325 1 4 2 2 1 0 1 0 19 38
438.595 1 3 2 2 1 0 0 0 20 38
455.808 1 2 2 2 0 0 0 1 20 38
461.447 1 2 1 1 0 1 0 1 20 38
480.065 1 2 1 1 0 0 0 0 20 39
499.947 0 1 1 1 1 0 0 0 20 39
510.334 1 2 1 1 0 0 0 0 20 39
518.148 0 1 1 1 1 0 0 0 20 39
525.869 1 2 1 1 0 0 0 0 20 39
537.384 1 2 0 0 0 1 0 0 20 39
552.712 0 1 0 0 1 1 0 0 20 39
556.05 0 1 0 0 1 2 0 1 20 38
563.376 0 2 0 0 1 2 1 1 19 38
568.472 1 3 0 0 0 2 1 1 19 38
573.655 0 2 0 0 1 2 1 1 19 38
587.475 0 3 0 0 2 2 1 0 19 38
587.76 0 4 0 0 2 2 2 0 18 38
592.788 0 4 0 0 1 1 3 0 18 38
597.615 0 4 0 0 1 2 3 1 18 37
601.376 1 5 0 0 0 2 3 1 18 37
606.654 1 5 0 0 1 3 2 1 18 37
607.463 1 5 0 0 2 4 1 1 18 37
610.776 1 4 0 0 1 4 1 2 18 37
622.661 1 4 0 0 1 5 1 3 18 36
623.178 1 4 0 0 1 4 1 2 18 37
627.301 1 3 0 0 0 4 1 3 18 37
628.601 1 2 0 0 0 4 0 3 19 37
638.03 1 2 0 0 0 3 0 2 19 38
639.175 1 3 0 0 0 3 1 2 18 38
640.792 1 3 0 0 0 2 1 1 18 39
642.073 1 3 0 0 0 3 1 2 18 38
650.175 1 4 0 0 1 3 1 1 18 38
651.1 1 4 0 0 1 2 1 0 18 39
651.618 1 4 0 0 0 1 2 0 18 39
655.676 1 3 0 0 0 1 1 0 19 39
656.429 1 3 0 0 0 2 1 1 19 38
670.696 1 4 0 0 0 2 2 1 18 38
672.215 1 3 0 0 0 2 1 1 19 38
684.504 1 4 0 0 1 2 1 0 19 38
688.344 0 3 0 0 2 2 1 0 19 38
692.972 0 4 0 0 2 2 2 0 18 38
696.837 0 3 0 0 2 2 1 0 19 38
717.728 1 4 0 0 1 2 1 0 19 38
722.824 1 5 0 0 1 2 2 0 18 38
728.247 1 5 0 0 0 1 3 0 18 38
734.115 0 4 0 0 1 1 3 0 18 38
743.723 0 3 0 0 0 1 3 1 18 38
743.738 0 2 0 0 0 1 2 1 19 38
761.236 0 2 0 0 0 2 2 2 19 37
772.248 0 3 0 0 1 2 2 1 19 37
779.933 0 2 0 0 1 2 1 1 20 37
782.276 1 3 0 0 0 2 1 1 20 37
782.739 1 3 0 0 0 1 1 0 20 38
822.596 0 2 0 0 1 1 1 0 20 38
834.195 1 3 0 0 0 1 1 0 20 38
849.24 1 4 0 0 0 1 2 0 19 38
855.178 1 4 1 1 0 0 2 0 19 38
879.249 1 3 1 1 0 0 1 0 20 38
892.911 1 2 1 1 0 0 0 0 21 38
912.58 1 3 1 1 0 0 1 0 20 38
916.733 1 4 1 1 0 0 2 0 19 38
918.276 1 5 1 1 0 0 3 0 18 38
923.869 1 4 1 1 0 0 2 0 19 38
924.641 1 3 1 1 0 0 1 0 20 38
928.444 0 2 1 1 1 0 1 0 20 38
939.506 0 2 0 0 1 1 1 0 20 38
951.082 0 1 0 0 1 1 0 0 21 38
961.573 1 2 0 0 0 1 0 0 21 38
969.644 1 3 0 0 0 1 1 0 20 38
977.877 0 2 0 0 1 1 1 0 20 38
999.723 0 3 0 0 1 1 2 0 19 38
1000.72 1 4 0 0 0 1 2 0 19 38
1005.24 1 4 0 0 0 2 2 1 19 37
1018.29 1 5 0 0 1 2 2 0 19 37
1022.18 1 4 0 0 1 2 1 0 20 37
1025.89 0 3 0 0 2 2 1 0 20 37
1033.83 0 2 0 0 1 2 1 1 20 37
1057.77 0 2 1 1 1 1 1 1 20 37
1072.14 0 2 1 1 1 2 1 2 20 36
1082.4 0 2 1 1 1 3 1 3 20 35
1092.06 1 3 1 1 0 3 1 3 20 35
1092.22 1 3 1 1 0 2 1 2 20 36
1094.1 1 3 1 1 0 1 1 1 20 37
1096.26 1 2 1 1 0 1 0 1 21 37
1140.8 1 2 1 1 0 0 0 0 21 38
1155.58 0 1 1 1 1 0 0 0 21 38
1188.96 1 2 1 1 0 0 0 0 21 38
1193.41 1 3 1 1 0 0 1 0 20 38
1207.96 1 3 1 1 0 1 1 1 20 37
1212.5 1 4 1 1 0 1 2 1 19 37
1217.47 0 3 1 1 1 1 2 1 19 37
1218.2 0 3 1 1 2 2 1 1 19 37
1221.11 0 4 1 1 3 2 1 0 19 37
1225.18 1 5 1 1 2 2 1 0 19 37
1225.59 1 4 1 1 1 2 1 1 19 37
1227.4 0 3 1 1 2 2 1 1 19 37
1236.34 1 4 1 1 1 2 1 1 19 37
1239.89 1 5 1 1 2 2 1 0 19 37
1247.13 1 4 1 1 2 2 0 0 20 37
1252.07 1 4 1 1 1 1 1 0 20 37
1255.08 1 5 1 1 1 1 2 0 19 37
1259.39 2 6 1 1 0 1 2 0 19 37
1265 1 5 1 1 1 1 2 0 19 37
1268.22 1 4 1 1 0 1 2 1 19 37
1280.5 0 3 1 1 1 1 2 1 19 37
1287.4 1 4 1 1 0 1 2 1 19 37
1295.06 1 3 1 1 0 1 1 1 20 37
1304.56 1 4 1 1 1 1 1 0 20 37
1315.32 2 5 1 1 0 1 1 0 20 37
1318.17 1 4 1 1 1 1 1 0 20 37
1326.09 1 3 1 1 1 1 0 0 21 37
1345.95 1 2 1 1 0 1 0 1 21 37
1391.76 1 3 1 1 0 1 1 1 20 37
1400.35 0 2 1 1 1 1 1 1 20 37
1400.84 0 3 1 1 1 1 2 1 19 37
1406.72 1 4 1 1 0 1 2 1 19 37
1409.03 1 5 1 1 0 1 3 1 18 37
1413.73 1 5 1 1 0 2 3 2 18 36
1427.45 1 6 1 1 0 2 4 2 17 36
1428.98 1 5 1 1 0 2 3 2 18 36
1447.86 1 6 1 1 1 2 3 1 18 36
1448.46 1 5 1 1 1 2 2 1 19 36
1454.69 1 5 1 1 0 1 3 1 19 36
1462.1 1 4 1 1 0 1 2 1 20 36
1462.51 1 5 1 1 0 1 3 1 19 36
1465.71 1 4 1 1 0 1 2 1 20 36
1475.91 1 3 1 1 0 1 1 1 21 36
1479.12 1 3 0 0 0 2 1 1 21 36
1491.02 0 2 0 0 1 2 1 1 21 36
1497.17 0 1 0 0 1 2 0 1 22 36
1497.79 0 2 0 0 2 2 0 0 22 36
1499.57 1 3 0 0 1 2 0 0 22 36
1502.87 0 2 0 0 2 2 0 0 22 36
1506.32 0 2 1 1 2 1 0 0 22 36
1534.04 0 1 1 1 1 1 0 1 22 36
1535.08 0 1 0 0 1 2 0 1 22 36
1550.6 0 2 0 0 1 2 1 1 21 36
1558.37 0 2 0 0 1 1 1 0 21 37
1559.11 1 3 0 0 0 1 1 0 21 37
1561.57 1 3 0 0 0 2 1 1 21 36
1568.98 1 2 0 0 0 2 0 1 22 36
1595.91 1 3 0 0 0 2 1 1 21 36
1596.26 1 4 0 0 1 2 1 0 21 36
1596.85 1 4 0 0 0 1 2 0 21 36
1597.08 1 3 0 0 0 1 1 0 22 36
1607.31 1 3 0 0 0 2 1 1 22 35
1619.87 1 2 0 0 0 2 0 1 23 35
1627.29 1 2 0 0 0 3 0 2 23 34
1634.47 1 2 0 0 0 2 0 1 23 35
1639.74 1 2 1 1 0 1 0 1 23 35
1651.09 1 3 1 1 0 1 1 1 22 35
1657.84 1 3 1 1 1 2 0 1 22 35
1665.99 1 4 1 1 2 2 0 0 22 35
1680.16 1 4 1 1 1 1 1 0 22 35
1685.32 1 5 1 1 1 1 2 0 21 35
1695.08 1 6 1 1 1 1 3 0 20 35
1700.31 1 5 1 1 1 1 2 0 21 35
1703.1 1 5 0 0 1 2 2 0 21 35
1714.3 1 4 0 0 1 2 1 0 22 35
1719.89 0 3 0 0 2 2 1 0 22 35
1720.97 0 3 0 0 3 3 0 0 22 35
1721.12 0 3 0 0 2 2 1 0 22 35
1735.28 1 4 0 0 1 2 1 0 22 35
1759.9 1 3 0 0 0 2 1 1 22 35
1762.79 1 3 0 0 1 3 0 1 22 35
1763.13 1 3 0 0 0 2 1 1 22 35
1775.44 1 3 0 0 0 1 1 0 22 36
1777.88 1 3 1 1 0 0 1 0 22 36
1792.33 1 3 1 1 0 1 1 1 22 35
1794.34 1 4 1 1 0 1 2 1 21 35
1795.96 1 5 1 1 1 1 2 0 21 35
1797.83 0 4 1 1 2 1 2 0 21 35
1806.07 0 3 1 1 2 1 1 0 22 35
1817.03 0 2 1 1 2 1 0 0 23 35
1820.29 1 3 1 1 1 1 0 0 23 35
1830.86 2 4 1 1 0 1 0 0 23 35
1838.87 1 3 1 1 1 1 0 0 23 35
1843.64 2 4 1 1 0 1 0 0 23 35
1845.65 2 4 0 0 0 2 0 0 23 35
1875.92 1 3 0 0 1 2 0 0 23 35
1886.5 1 3 0 0 1 3 0 1 23 34
1888.6 2 4 0 0 0 3 0 1 23 34
1894.51 2 4 0 0 0 2 0 0 23 35
1915.74 2 5 0 0 0 2 1 0 22 35
1921.24 2 6 0 0 0 2 2 0 21 35
1924.04 1 5 0 0 1 2 2 0 21 35
1924.66 1 5 0 0 0 1 3 0 21 35
1932.72 0 4 0 0 1 1 3 0 21 35
1937.38 0 3 0 0 1 1 2 0 22 35
1946.15 0 2 0 0 1 1 1 0 23 35
2006.5 0 2 1 1 1 0 1 0 23 35
2011.99 1 3 1 1 0 0 1 0 23 35
2012.62 0 2 1 1 1 0 1 0 23 35
2068.84 0 3 1 1 1 0 2 0 22 35
2070.02 0 2 1 1 1 0 1 0 23 35
2084.11 0 1 1 1 1 0 0 0 24 35
2133.29 0 1 0 0 1 1 0 0 24 35
2138.17 0 1 1 1 1 0 0 0 24 35
2147.85 0 1 1 1 1 1 0 1 24 34
2162.98 0 1 0 0 1 2 0 1 24 34
2165.28 0 2 0 0 1 2 1 1 23 34
2177.31 0 2 1 1 1 1 1 1 23 34
2222.03 1 3 1 1 0 1 1 1 23 34
2225.18 1 2 1 1 0 1 0 1 24 34
2227.61 0 1 1 1 1 1 0 1 24 34
2234.27 0 2 1 1 2 1 0 0 24 34
2237.31 0 1 1 1 1 1 0 1 24 34
2250.74 0 2 1 1 1 1 1 1 23 34
2258.1 0 1 1 1 0 1 1 2 23 34
2268.25 0 1 1 1 0 0 1 1 23 35
2286.93 0 2 1 1 1 0 1 0 23 35
2296.01 1 3 1 1 0 0 1 0 23 35
2299.2 0 2 1 1 1 0 1 0 23 35
2300 0 1 1 1 0 0 1 1 23 35
2353.53 0 0 1 1 0 0 0 1 24 35
2378.45 0 0 1 1 0 1 0 2 24 34
2378.46 0 1 1 1 0 1 1 2 23 34
2386.39 0 1 0 0 0 2 1 2 23 34
2438.26 0 1 0 0 0 1 1 1 23 35
2451.8 0 1 0 0 0 2 1 2 23 34
2464.51 0 1 0 0 0 3 1 3 23 33
2466.91 0 1 0 0 0 4 1 4 23 32
2474.28 0 1 0 0 0 5 1 5 23 31
2475.73 0 1 0 0 0 4 1 4 23 32
2480.93 0 1 0 0 0 3 1 3 23 33
2481.37 0 2 0 0 0 3 2 3 22 33
2482.55 0 2 0 0 0 2 2 2 22 34
2499.25 0 2 1 1 0 1 2 2 22 34
2503.67 0 2 0 0 0 2 2 2 22 34
2504.22 0 3 0 0 0 2 3 2 21 34
2512.36 0 2 0 0 0 2 2 2 22 34
2517.49 0 2 0 0 0 1 2 1 22 35
2519.31 0 1 0 0 0 1 1 1 23 35
2541.31 0 1 0 0 0 2 1 2 23 34
2554.27 0 2 0 0 0 2 2 2 22 34
2557.03 0 2 1 1 0 1 2 2 22 34
2560.19 0 2 1 1 0 0 2 1 22 35
2568.03 0 2 1 1 0 1 2 2 22 34
2576.47 0 1 1 1 0 1 1 2 23 34
2584 0 2 1 1 1 1 1 1 23 34
2596.23 1 3 1 1 0 1 1 1 23 34
2605.03 0 2 1 1 1 1 1 1 23 34
2606.21 1 3 1 1 0 1 1 1 23 34
2610.39 1 2 1 1 0 1 0 1 24 34
2617.84 1 3 1 1 0 1 1 1 23 34
2634.86 1 4 1 1 1 1 1 0 23 34
2635.79 2 5 1 1 0 1 1 0 23 34
2650.15 2 4 1 1 0 1 0 0 24 34
2653.19 1 3 1 1 1 1 0 0 24 34
2658.23 0 2 1 1 2 1 0 0 24 34
2679.36 0 1 1 1 1 1 0 1 24 34
2685.63 0 2 1 1 2 1 0 0 24 34
2688.77 0 2 1 1 1 0 1 0 24 34
2693.2 0 1 1 1 1 0 0 0 25 34
2713.65 0 0 1 1 0 0 0 1 25 34
2718.81 0 1 1 1 0 0 1 1 24 34
2725.81 0 0 1 1 0 0 0 1 25 34
2737.07 0 1 1 1 1 0 0 0 25 34
2742.5 1 2 1 1 0 0 0 0 25 34
2801.79 1 2 0 0 0 1 0 0 25 34
2805.18 0 1 0 0 1 1 0 0 25 34
2832.8 0 2 0 0 1 1 1 0 24 34
2833.63 0 1 0 0 0 1 1 1 24 34
2847.13 0 2 0 0 0 1 2 1 23 34
2852.07 0 1 0 0 0 1 1 1 24 34
2858.3 0 2 0 0 1 1 1 0 24 34
2871.05 0 1 0 0 0 1 1 1 24 34
2881.31 0 0 0 0 0 1 0 1 25 34
2900.63 0 0 1 1 0 0 0 1 25 34
2952.77 0 1 1 1 1 0 0 0 25 34
2966.17 0 1 1 1 1 1 0 1 25 33
2982.05 0 1 1 1 0 0 1 1 25 33
2982.05 0 1 1 1 0 0 1 1 25 33
