0 60 120 60 60 0 0 0 0 0 0
0.0161822 60 120 59 59 0 1 0 0 0 0
0.0167852 59 119 59 59 1 1 0 0 0 0
0.0198324 58 118 59 59 2 1 0 0 0 0
0.0260708 58 117 59 59 1 1 0 1 0 0
0.028422 58 117 58 58 1 2 0 1 0 0
0.077781 57 116 58 58 2 2 0 1 0 0
0.0897822 57 116 57 57 2 3 0 1 0 0
0.101738 56 115 57 57 3 3 0 1 0 0
0.10782 56 115 56 56 3 4 0 1 0 0
0.113009 56 115 55 55 3 5 0 1 0 0
0.113763 55 114 55 55 4 5 0 1 0 0
0.137213 55 114 54 54 4 6 0 1 0 0
0.139983 54 113 54 54 5 6 0 1 0 0
0.167684 53 112 54 54 6 6 0 1 0 0
0.180122 52 111 54 54 7 6 0 1 0 0
0.182002 52 111 53 53 7 7 0 1 0 0
0.235348 52 111 52 52 7 8 0 1 0 0
0.273553 52 111 51 51 7 9 0 1 0 0
0.289163 52 111 50 50 7 10 0 1 0 0
0.292308 51 110 50 50 8 10 0 1 0 0
0.302021 51 110 49 49 8 11 0 1 0 0
0.30948 51 109 49 49 7 11 0 2 0 0
0.313588 50 108 49 49 8 11 0 2 0 0
0.323417 49 107 49 49 9 11 0 2 0 0
0.324048 48 106 49 49 10 11 0 2 0 0
0.352904 48 105 49 49 9 11 0 3 0 0
0.360629 47 104 49 49 10 11 0 3 0 0
0.364511 46 103 49 49 11 11 0 3 0 0
0.366054 46 102 49 49 10 11 0 4 0 0
0.368541 45 101 49 49 11 11 0 4 0 0
0.434263 45 101 48 48 11 12 0 4 0 0
0.495298 44 100 48 48 12 12 0 4 0 0
0.504876 43 99 48 48 13 12 0 4 0 0
0.507466 43 98 48 48 12 12 0 5 0 0
0.511498 43 98 47 47 12 13 0 5 0 0
0.550778 42 97 47 47 13 13 0 5 0 0
0.562874 42 97 46 46 13 14 0 5 0 0
0.587443 41 96 46 46 14 14 0 5 0 0
0.592655 41 96 45 45 14 15 0 5 0 0
0.599629 41 96 44 44 14 16 0 5 0 0
0.684726 41 95 44 44 13 16 0 6 0 0
0.693752 41 95 43 43 13 17 0 6 0 0
0.724679 40 94 43 43 14 17 0 6 0 0
0.774762 39 93 43 43 15 17 0 6 0 0
0.795641 39 92 43 43 14 17 0 7 0 0
0.81188 38 91 43 43 15 17 0 7 0 0
0.819668 37 90 43 43 16 17 0 7 0 0
0.83768 36 89 43 43 17 17 0 7 0 0
0.849036 35 88 43 43 18 17 0 7 0 0
0.885045 34 87 43 43 19 17 0 7 0 0
0.886371 33 86 43 43 20 17 0 7 0 0
0.894155 33 86 42 42 20 18 0 7 0 0
0.894157 33 85 42 42 19 18 0 8 0 0
0.901057 33 85 42 42 18 17 1 8 0 0
0.907728 32 84 42 42 19 17 1 8 0 0
0.924178 32 84 42 42 18 16 2 8 0 0
0.95381 31 83 42 42 19 16 2 8 0 0
0.975227 31 83 41 41 19 17 2 8 0 0
0.990809 31 83 40 40 19 18 2 8 0 0
1.00378 31 82 40 40 18 18 2 9 0 0
1.02554 32 83 40 40 17 18 2 9 0 0
1.06298 31 82 40 40 18 18 2 9 0 0
1.08055 31 82 39 39 18 19 2 9 0 0
1.10787 30 81 39 39 19 19 2 9 0 0
1.11144 30 81 38 38 19 20 2 9 0 0
1.1333 30 80 38 38 18 20 2 10 0 0
1.14027 29 79 38 38 19 20 2 10 0 0
1.17422 29 78 38 38 18 20 2 11 0 0
1.29359 29 78 38 38 18 19 2 10 0 1
1.31073 29 77 38 38 18 19 1 10 1 1
1.33602 29 77 38 38 18 18 1 9 1 2
1.35455 29 77 37 37 18 19 1 9 1 2
1.43973 29 76 37 37 17 19 1 10 1 2
1.51402 29 76 36 36 17 20 1 10 1 2
1.54627 29 76 35 35 17 21 1 10 1 2
1.57381 29 76 35 35 16 20 2 10 1 2
1.58728 29 76 34 34 16 21 2 10 1 2
1.59612 28 75 34 34 17 21 2 10 1 2
1.65225 27 74 34 34 18 21 2 10 1 2
1.7213 27 74 34 34 18 20 2 9 1 3
1.74127 27 74 33 33 18 21 2 9 1 3
1.74853 26 73 33 33 19 21 2 9 1 3
1.76607 25 72 33 33 20 21 2 9 1 3
1.76716 25 72 32 32 20 22 2 9 1 3
1.76837 25 72 31 31 20 23 2 9 1 3
1.80504 24 71 31 31 21 23 2 9 1 3
1.8305 24 70 31 31 20 23 2 10 1 3
1.83275 24 70 30 30 20 24 2 10 1 3
1.84806 24 70 30 30 20 23 2 9 1 4
1.84921 24 69 30 30 19 23 2 10 1 4
1.86515 23 68 30 30 20 23 2 10 1 4
1.88366 22 67 30 30 21 23 2 10 1 4
1.88891 21 66 30 30 22 23 2 10 1 4
1.93256 21 66 30 30 22 22 2 9 1 5
1.97297 20 65 30 30 23 22 2 9 1 5
1.97492 20 64 30 30 22 22 2 10 1 5
1.98295 20 63 30 30 21 22 2 11 1 5
1.98393 20 63 29 29 21 23 2 11 1 5
1.99527 20 63 29 29 21 22 2 10 1 6
2.00102 20 62 29 29 20 22 2 11 1 6
2.03353 19 61 29 29 21 22 2 11 1 6
2.03414 19 60 29 29 20 22 2 12 1 6
2.03948 19 60 29 29 20 21 2 11 1 7
2.09149 19 60 28 28 20 22 2 11 1 7
2.09576 18 59 28 28 21 22 2 11 1 7
2.13601 18 59 27 27 21 23 2 11 1 7
2.16096 18 58 27 27 20 23 2 12 1 7
2.1762 18 58 26 26 20 24 2 12 1 7
2.2527 18 58 26 26 20 23 2 11 1 8
2.29735 18 58 25 25 20 24 2 11 1 8
2.35484 17 57 25 25 21 24 2 11 1 8
2.42723 17 58 25 25 22 24 2 10 1 8
2.42899 16 57 25 25 23 24 2 10 1 8
2.47368 16 56 25 25 22 24 2 11 1 8
2.58607 15 55 25 25 23 24 2 11 1 8
2.62938 15 55 25 25 22 23 3 11 1 8
2.68241 15 55 24 24 22 24 3 11 1 8
2.7403 14 54 24 24 23 24 3 11 1 8
2.80097 14 54 24 24 22 23 4 11 1 8
2.82376 13 53 24 24 23 23 4 11 1 8
2.84081 13 53 24 24 23 22 4 10 1 9
2.86318 12 52 24 24 24 22 4 10 1 9
2.87421 12 52 23 23 24 23 4 10 1 9
2.90277 12 52 23 23 24 22 4 9 1 10
2.98336 12 51 23 23 23 22 4 10 1 10
3.03621 12 51 23 23 22 21 5 10 1 10
3.15959 12 51 23 23 21 20 6 10 1 10
3.20395 11 50 23 23 22 20 6 10 1 10
3.2292 11 49 23 23 21 20 6 11 1 10
3.24723 11 48 23 23 20 20 6 12 1 10
3.2563 10 47 23 23 21 20 6 12 1 10
3.38601 9 46 23 23 22 20 6 12 1 10
3.44149 9 46 22 22 22 21 6 12 1 10
3.51811 9 45 22 22 22 21 5 12 2 10
3.53163 9 44 22 22 21 21 5 13 2 10
3.55437 9 44 22 22 20 20 6 13 2 10
3.57507 9 44 21 21 20 21 6 13 2 10
3.60352 9 44 21 21 19 20 7 13 2 10
3.64376 8 43 21 21 20 20 7 13 2 10
3.70227 8 42 21 21 19 20 7 14 2 10
3.70808 8 41 21 21 18 20 7 15 2 10
3.70844 8 41 21 21 18 19 7 14 2 11
3.85162 8 41 21 21 17 18 8 14 2 11
3.85296 8 40 21 21 16 18 8 15 2 11
4.04114 8 39 21 21 15 18 8 16 2 11
4.11973 8 39 21 21 15 17 8 15 2 12
4.146 8 39 20 20 15 18 8 15 2 12
4.1487 8 39 21 21 15 17 8 15 2 12
4.1762 8 39 20 20 15 18 8 15 2 12
4.21869 8 39 20 20 14 17 9 15 2 12
4.22268 8 39 19 19 14 18 9 15 2 12
4.23464 8 38 19 19 13 18 9 16 2 12
4.29987 8 38 19 19 12 17 10 16 2 12
4.50261 8 38 19 19 12 16 10 15 2 13
4.55155 8 38 19 19 11 15 11 15 2 13
4.60557 8 38 19 19 10 14 12 15 2 13
4.87886 8 37 19 19 10 14 11 15 3 13
4.95617 7 36 19 19 11 14 11 15 3 13
4.97024 7 36 18 18 11 15 11 15 3 13
4.99093 7 36 18 18 11 14 11 14 3 14
4.99119 6 35 18 18 12 14 11 14 3 14
5.01429 6 34 18 18 11 14 11 15 3 14
5.09014 6 33 18 18 10 14 11 16 3 14
5.12845 5 32 18 18 11 14 11 16 3 14
5.14013 5 32 17 17 11 15 11 16 3 14
5.20695 5 32 17 17 11 14 11 15 3 15
5.31074 5 32 17 17 10 13 12 15 3 15
5.38844 5 31 17 17 9 13 12 16 3 15
5.42062 5 30 17 17 9 13 11 16 4 15
5.48003 5 30 16 16 9 14 11 16 4 15
5.49369 4 29 16 16 10 14 11 16 4 15
5.54244 4 29 16 16 10 13 11 15 4 16
5.61658 4 29 17 17 10 12 11 15 4 16
6.16866 4 29 17 17 9 11 12 15 4 16
6.28922 4 28 17 17 8 11 12 16 4 16
6.46562 4 28 16 16 8 12 12 16 4 16
6.48744 4 28 16 16 8 11 12 15 4 17
6.49035 4 28 15 15 8 12 12 15 4 17
6.53818 4 27 15 15 8 12 11 15 5 17
6.69336 4 26 15 15 8 12 10 15 6 17
6.72581 4 25 15 15 7 12 10 16 6 17
6.86298 3 24 15 15 8 12 10 16 6 17
7.30519 3 24 15 15 8 11 10 15 6 18
7.33893 3 23 15 15 7 11 10 16 6 18
7.53094 3 23 15 15 6 10 11 16 6 18
7.5369 3 23 14 14 6 11 11 16 6 18
7.69161 3 22 14 14 6 11 10 16 7 18
8.2679 3 22 14 14 6 10 10 15 7 19
8.36274 2 21 14 14 7 10 10 15 7 19
8.66175 2 21 14 14 7 9 10 14 7 20
8.6996 2 21 14 14 6 8 11 14 7 20
8.99287 2 20 14 14 6 8 10 14 8 20
9.21012 2 20 13 13 6 9 10 14 8 20
9.2424 2 20 14 14 6 8 10 14 8 20
9.28913 2 20 13 13 6 9 10 14 8 20
9.41908 2 19 13 13 6 9 9 14 9 20
9.45118 2 19 13 13 6 8 9 13 9 21
9.54525 2 19 13 13 6 7 9 12 9 22
9.64797 2 18 13 13 6 7 8 12 10 22
9.75218 2 18 13 13 6 6 8 11 10 23
9.82389 2 17 13 13 6 6 7 11 11 23
9.82391 2 17 12 12 6 7 7 11 11 23
10.2804 1 16 12 12 7 7 7 11 11 23
10.3015 1 15 12 12 6 7 7 12 11 23
11.0985 1 15 11 11 6 8 7 12 11 23
11.2435 1 15 11 11 6 7 7 11 11 24
11.4823 1 15 11 11 6 6 7 10 11 25
11.7113 1 14 11 11 5 6 7 11 11 25
11.7341 1 14 10 10 5 7 7 11 11 25
11.8481 1 13 10 10 4 7 7 12 11 25
12.1455 1 13 9 9 4 8 7 12 11 25
12.6208 1 13 9 9 3 7 8 12 11 25
13.8076 1 13 9 9 3 6 8 11 11 26
14.5501 1 12 9 9 2 6 8 12 11 26
15.067 1 12 9 9 2 5 8 11 11 27
15.3529 0 11 9 9 3 5 8 11 11 27
15.8105 0 10 9 9 3 5 7 11 12 27
16.8878 0 9 9 9 3 5 6 11 13 27
17.201 0 9 8 8 3 6 6 11 13 27
17.9489 0 8 8 8 2 6 6 12 13 27
19.1982 0 8 8 8 2 5 6 11 13 28
19.6893 0 7 8 8 2 5 5 11 14 28
20.029 0 8 8 8 2 5 6 11 13 28
20.8101 0 7 8 8 2 5 5 11 14 28
21.7895 0 8 8 8 3 5 5 10 14 28
22.683 0 8 8 8 3 4 5 9 14 29
23.8382 0 7 8 8 3 4 4 9 15 29
23.9025 0 7 7 7 3 5 4 9 15 29
24.6428 0 7 6 6 3 6 4 9 15 29
24.7401 0 7 6 6 3 5 4 8 15 30
24.8819 0 6 6 6 3 5 3 8 16 30
25.223 0 6 5 5 3 6 3 8 16 30
25.2863 0 6 5 5 3 5 3 7 16 31
25.598 0 5 5 5 2 5 3 8 16 31
25.8083 0 6 5 5 3 5 3 7 16 31
28.3314 0 7 5 5 4 5 3 6 16 31
28.5307 0 6 5 5 3 5 3 7 16 31
29.2823 0 5 5 5 3 5 2 7 17 31
30.1539 0 5 5 5 3 4 2 6 17 32
30.2353 0 5 5 5 3 3 2 5 17 33
30.6667 0 5 4 4 3 4 2 5 17 33
32.2913 0 6 4 4 4 4 2 4 17 33
32.835 0 6 4 4 3 3 3 4 17 33
35.6829 0 6 3 3 3 4 3 4 17 33
37.4131 0 6 2 2 3 5 3 4 17 33
37.9453 0 6 2 2 2 4 4 4 17 33
39.3454 0 5 2 2 2 4 3 4 18 33
41.2951 0 4 2 2 2 4 2 4 19 33
45.2001 0 4 2 2 1 3 3 4 19 33
45.6476 0 4 1 1 1 4 3 4 19 33
52.0277 0 5 1 1 2 4 3 3 19 33
52.1681 0 6 1 1 2 4 4 3 18 33
53.5821 0 5 1 1 2 4 3 3 19 33
56.243 0 6 1 1 3 4 3 2 19 33
59.4936 0 5 1 1 3 4 2 2 20 33
60.5858 0 6 1 1 3 4 3 2 19 33
62.2474 0 7 1 1 3 4 4 2 18 33
62.495 0 7 1 1 2 3 5 2 18 33
65.4182 0 7 0 0 2 4 5 2 18 33
69.1362 0 6 0 0 2 4 4 2 19 33
75.7374 1 7 0 0 1 4 4 2 19 33
76.5428 1 6 0 0 1 4 3 2 20 33
80.7047 0 5 0 0 2 4 3 2 20 33
81.1276 0 4 0 0 2 4 2 2 21 33
86.8093 1 5 0 0 1 4 2 2 21 33
89.8886 1 4 0 0 1 4 1 2 22 33
91.6534 1 3 0 0 1 4 0 2 23 33
101.17 0 2 0 0 2 4 0 2 23 33
102.481 0 2 0 0 2 3 0 1 23 34
123.176 0 3 0 0 3 3 0 0 23 34
125.049 1 4 0 0 2 3 0 0 23 34
125.98 0 3 0 0 3 3 0 0 23 34
128.447 1 4 0 0 2 3 0 0 23 34
137.491 1 4 1 1 2 2 0 0 23 34
139.413 1 4 1 1 1 1 1 0 23 34
147.457 2 5 1 1 0 1 1 0 23 34
163.823 2 5 1 1 0 2 1 1 23 33
172.273 1 4 1 1 1 2 1 1 23 33
197.519 0 3 1 1 2 2 1 1 23 33
199.827 0 3 1 1 1 1 2 1 23 33
201.779 0 3 1 1 1 2 2 2 23 32
206.607 0 2 1 1 0 2 2 3 23 32
214.211 0 2 1 1 0 1 2 2 23 33
221.166 0 2 0 0 0 2 2 2 23 33
221.706 0 2 1 1 0 1 2 2 23 33
222.389 0 2 1 1 1 2 1 2 23 33
235.447 0 3 1 1 1 2 2 2 22 33
237.419 0 3 2 2 1 1 2 2 22 33
241.75 0 4 2 2 1 1 3 2 21 33
244.68 0 4 2 2 0 0 4 2 21 33
255.536 0 4 2 2 1 1 3 2 21 33
256.12 0 3 2 2 1 1 2 2 22 33
257.627 0 3 1 1 1 2 2 2 22 33
261.559 0 3 1 1 2 3 1 2 22 33
269.517 0 3 1 1 1 2 2 2 22 33
269.973 0 4 1 1 2 2 2 1 22 33
279.447 0 3 1 1 2 2 1 1 23 33
286.596 0 2 1 1 1 2 1 2 23 33
287.932 0 2 1 1 2 3 0 2 23 33
291.835 0 2 2 2 2 2 0 2 23 33
299.657 0 1 2 2 1 2 0 3 23 33
305.605 0 1 2 2 1 1 0 2 23 34
323.253 0 1 1 1 1 2 0 2 23 34
348.104 1 2 1 1 0 2 0 2 23 34
349.491 1 2 2 2 0 1 0 2 23 34
353.004 1 2 2 2 0 2 0 3 23 33
360.471 1 2 2 2 0 1 0 2 23 34
377.205 0 1 2 2 1 1 0 2 23 34
380.92 0 1 3 3 1 0 0 2 23 34
382.386 0 2 3 3 1 0 1 2 22 34
384.515 0 3 3 3 1 0 2 2 21 34
386.893 0 4 3 3 1 0 3 2 20 34
400.25 0 5 3 3 1 0 4 2 19 34
405.228 0 5 3 3 2 1 3 2 19 34
406.734 0 4 3 3 1 1 3 3 19 34
408.525 0 4 4 4 1 0 3 3 19 34
408.587 0 5 4 4 2 0 3 2 19 34
414.561 0 5 3 3 2 1 3 2 19 34
414.693 0 5 2 2 2 2 3 2 19 34
415.945 1 6 2 2 1 2 3 2 19 34
417.036 1 5 2 2 1 2 2 2 20 34
417.876 1 5 2 2 1 3 2 3 20 33
418.286 1 6 2 2 2 3 2 2 20 33
425.814 1 5 2 2 1 3 2 3 20 33
427.437 1 6 2 2 1 3 3 3 19 33
430.711 1 5 2 2 1 3 2 3 20 33
432.154 1 6 2 2 1 3 3 3 19 33
437.927 1 6 2 2 1 2 3 2 19 34
438.745 1 5 2 2 1 2 2 2 20 34
441.239 1 4 2 2 1 2 1 2 21 34
441.61 0 3 2 2 2 2 1 2 21 34
451.34 0 4 2 2 3 2 1 1 21 34
451.346 0 4 2 2 2 1 2 1 21 34
451.406 0 5 2 2 3 1 2 0 21 34
454.902 0 4 2 2 2 1 2 1 21 34
456.014 0 4 1 1 2 2 2 1 21 34
456.279 0 3 1 1 1 2 2 2 21 34
456.379 0 4 1 1 1 2 3 2 20 34
459.303 0 4 0 0 1 3 3 2 20 34
463.884 0 4 0 0 0 2 4 2 20 34
464.463 0 3 0 0 0 2 3 2 21 34
471.48 0 3 0 0 0 1 3 1 21 35
478.834 0 2 0 0 0 1 2 1 22 35
504.721 0 1 0 0 0 1 1 1 23 35
511.021 0 2 0 0 0 1 2 1 22 35
520.331 0 2 0 0 1 2 1 1 22 35
523.702 1 3 0 0 0 2 1 1 22 35
529.959 1 3 1 1 0 1 1 1 22 35
532.824 1 2 1 1 0 1 0 1 23 35
539.953 0 1 1 1 1 1 0 1 23 35
565.689 1 2 1 1 0 1 0 1 23 35
600.548 0 1 1 1 1 1 0 1 23 35
601.654 0 1 0 0 1 2 0 1 23 35
603.368 1 2 0 0 0 2 0 1 23 35
634.726 0 1 0 0 1 2 0 1 23 35
642.988 0 1 0 0 1 3 0 2 23 34
645.686 0 2 0 0 1 3 1 2 22 34
650.214 0 2 0 0 0 2 2 2 22 34
665.834 0 2 1 1 0 1 2 2 22 34
680.935 0 3 1 1 1 1 2 1 22 34
693.917 1 4 1 1 0 1 2 1 22 34
699.519 1 5 1 1 0 1 3 1 21 34
707.307 1 6 1 1 1 1 3 0 21 34
710.112 1 7 1 1 1 1 4 0 20 34
712.461 0 6 1 1 2 1 4 0 20 34
724.442 0 5 1 1 2 1 3 0 21 34
727.683 0 4 1 1 2 1 2 0 22 34
730.548 0 3 1 1 2 1 1 0 23 34
742.381 0 2 1 1 1 1 1 1 23 34
745.441 0 1 1 1 1 1 0 1 24 34
752.82 0 1 1 1 0 0 1 1 24 34
782.168 0 0 1 1 0 0 0 1 25 34
785.086 0 1 1 1 1 0 0 0 25 34
810.135 0 1 0 0 1 1 0 0 25 34
834.287 1 2 0 0 0 1 0 0 25 34
837.571 1 2 1 1 0 0 0 0 25 34
893.261 0 1 1 1 1 0 0 0 25 34
926.716 1 2 1 1 0 0 0 0 25 34
959.456 1 3 1 1 0 0 1 0 24 34
979.887 1 2 1 1 0 0 0 0 25 34
989.369 0 1 1 1 1 0 0 0 25 34
1023.75 0 1 0 0 1 1 0 0 25 34
1041.97 0 2 0 0 1 1 1 0 24 34
1053.16 1 3 0 0 0 1 1 0 24 34
1083.82 0 2 0 0 1 1 1 0 24 34
1087.55 0 2 1 1 1 0 1 0 24 34
1106.11 0 2 1 1 1 1 1 1 24 33
1108.26 0 2 1 1 0 0 2 1 24 33
1115.07 0 2 0 0 0 1 2 1 24 33
1138.87 0 3 0 0 1 1 2 0 24 33
1145.2 0 3 0 0 1 2 2 1 24 32
1156.75 0 3 0 0 1 1 2 0 24 33
1167.06 0 2 0 0 1 1 1 0 25 33
1169.89 1 3 0 0 0 1 1 0 25 33
1171.48 1 3 0 0 0 2 1 1 25 32
1192.01 1 3 0 0 0 1 1 0 25 33
1213.21 0 2 0 0 1 1 1 0 25 33
1219.58 1 3 0 0 0 1 1 0 25 33
1220.53 1 3 0 0 0 2 1 1 25 32
1220.9 0 2 0 0 1 2 1 1 25 32
1253.18 0 2 1 1 1 1 1 1 25 32
1257.43 0 1 1 1 1 1 0 1 26 32
1263.03 1 2 1 1 0 1 0 1 26 32
1278.1 0 1 1 1 1 1 0 1 26 32
1287.79 1 2 1 1 0 1 0 1 26 32
1287.92 1 3 1 1 1 1 0 0 26 32
1295.41 0 2 1 1 2 1 0 0 26 32
1303.66 0 2 2 2 2 0 0 0 26 32
1310.88 0 2 1 1 2 1 0 0 26 32
1324.94 0 1 1 1 1 1 0 1 26 32
1347.77 0 1 1 1 1 0 0 0 26 33
1351.1 1 2 1 1 0 0 0 0 26 33
1364.35 1 2 0 0 0 1 0 0 26 33
1368.99 1 2 1 1 0 0 0 0 26 33
1392.29 1 3 1 1 0 0 1 0 25 33
1401.72 1 3 0 0 0 1 1 0 25 33
1412.05 0 2 0 0 1 1 1 0 25 33
1418.2 0 2 0 0 0 0 2 0 25 33
1429.69 0 2 0 0 0 1 2 1 25 32
1446.41 0 2 0 0 0 2 2 2 25 31
1454.1 0 1 0 0 0 2 1 2 26 31
1456.6 0 2 0 0 1 2 1 1 26 31
1464.49 0 1 0 0 1 2 0 1 27 31
1470.32 0 2 0 0 1 2 1 1 26 31
1479.24 0 3 0 0 1 2 2 1 25 31
1493.07 0 2 0 0 0 2 2 2 25 31
1519.8 0 3 0 0 1 2 2 1 25 31
1521.44 1 4 0 0 0 2 2 1 25 31
1528.68 1 4 0 0 0 1 2 0 25 32
1558.93 1 3 0 0 0 1 1 0 26 32
1573.03 1 2 0 0 0 1 0 0 27 32
1573.36 1 3 0 0 0 1 1 0 26 32
1580.17 1 3 1 1 0 0 1 0 26 32
1583.02 0 2 1 1 1 0 1 0 26 32
1591.97 0 2 0 0 1 1 1 0 26 32
1592.24 0 3 0 0 1 1 2 0 25 32
1602.83 0 3 0 0 2 2 1 0 25 32
1605.08 1 4 0 0 1 2 1 0 25 32
1605.64 1 4 0 0 0 1 2 0 25 32
1612.53 1 3 0 0 0 1 1 0 26 32
1612.86 1 2 0 0 0 1 0 0 27 32
1620.67 0 1 0 0 1 1 0 0 27 32
1633.32 1 2 0 0 0 1 0 0 27 32
1644.81 1 3 0 0 0 1 1 0 26 32
1706.76 1 3 1 1 0 0 1 0 26 32
1718.37 1 3 0 0 0 1 1 0 26 32
1749.25 1 2 0 0 0 1 0 0 27 32
1801.77 1 3 0 0 0 1 1 0 26 32
1802.57 1 4 0 0 0 1 2 0 25 32
1805.11 1 3 0 0 0 1 1 0 26 32
1806.39 1 4 0 0 0 1 2 0 25 32
1816.58 0 3 0 0 1 1 2 0 25 32
1822.78 0 3 0 0 1 2 2 1 25 31
1824.27 0 2 0 0 0 2 2 2 25 31
1837.52 0 1 0 0 0 2 1 2 26 31
1842.61 0 1 0 0 0 1 1 1 26 32
1848.28 0 1 1 1 0 0 1 1 26 32
1881.4 0 0 1 1 0 0 0 1 27 32
1888.74 0 1 1 1 1 0 0 0 27 32
1890.66 0 2 1 1 1 0 1 0 26 32
1903.86 0 1 1 1 0 0 1 1 26 32
1956.22 0 2 1 1 0 0 2 1 25 32
1961.52 0 1 1 1 0 0 1 1 26 32
2010.25 0 2 1 1 0 0 2 1 25 32
2068.18 0 3 1 1 1 0 2 0 25 32
2106.03 0 4 1 1 1 0 3 0 24 32
2110.06 0 3 1 1 1 0 2 0 25 32
2131.81 0 3 1 1 1 1 2 1 25 31
2141.26 0 4 1 1 1 1 3 1 24 31
2146.94 0 3 1 1 1 1 2 1 25 31
2167.4 0 4 1 1 2 1 2 0 25 31
2169.97 1 5 1 1 1 1 2 0 25 31
2177.64 2 6 1 1 0 1 2 0 25 31
2178.14 2 7 1 1 0 1 3 0 24 31
2180.4 2 6 1 1 0 1 2 0 25 31
2182.27 2 6 2 2 0 0 2 0 25 31
2193.38 2 5 2 2 0 0 1 0 26 31
2201.55 2 4 2 2 0 0 0 0 27 31
2202.89 1 3 2 2 1 0 0 0 27 31
2212.62 1 4 2 2 1 0 1 0 26 31
2225.71 1 4 1 1 1 1 1 0 26 31
2227.33 1 3 1 1 0 1 1 1 26 31
2231.92 1 4 1 1 1 1 1 0 26 31
2235.7 1 5 1 1 1 1 2 0 25 31
2237.35 1 5 1 1 2 2 1 0 25 31
2242.43 2 6 1 1 1 2 1 0 25 31
2243.41 2 6 2 2 1 1 1 0 25 31
2246.08 2 6 2 2 1 2 1 1 25 30
2247.65 2 6 1 1 1 3 1 1 25 30
2248.02 1 5 1 1 2 3 1 1 25 30
2253.71 1 4 1 1 1 3 1 2 25 30
2253.87 1 3 1 1 1 3 0 2 26 30
2260.4 1 3 1 1 0 2 1 2 26 30
2260.55 0 2 1 1 1 2 1 2 26 30
2264.44 0 2 1 1 1 1 1 1 26 31
2264.44 0 2 2 2 1 0 1 1 26 31
2268.33 0 3 2 2 1 0 2 1 25 31
2276.81 0 2 2 2 1 0 1 1 26 31
2280.86 0 3 2 2 1 0 2 1 25 31
2295.14 0 2 2 2 1 0 1 1 26 31
2298.22 0 1 2 2 0 0 1 2 26 31
2328.11 0 2 2 2 0 0 2 2 25 31
2340.39 0 2 2 2 1 1 1 2 25 31
2345.52 0 3 2 2 2 1 1 1 25 31
2345.68 0 2 2 2 1 1 1 2 25 31
2375.25 0 2 1 1 1 2 1 2 25 31
2375.84 0 2 1 1 1 3 1 3 25 30
2380.07 0 1 1 1 1 3 0 3 26 30
2388.69 0 1 1 1 1 2 0 2 26 31
2397.25 0 2 1 1 1 2 1 2 25 31
2399.68 0 2 1 1 1 1 1 1 25 32
2408.17 0 1 1 1 0 1 1 2 25 32
2436.1 0 2 1 1 0 1 2 2 24 32
2441.03 0 3 1 1 0 1 3 2 23 32
2445.79 0 3 1 1 1 2 2 2 23 32
2460.26 0 2 1 1 1 2 1 2 24 32
2475.71 0 1 1 1 1 2 0 2 25 32
2478.57 0 1 1 1 1 1 0 1 25 33
2482.36 0 1 1 1 0 0 1 1 25 33
2509.87 0 2 1 1 1 0 1 0 25 33
2518.38 0 1 1 1 1 0 0 0 26 33
2521.6 1 2 1 1 0 0 0 0 26 33
2553.61 0 1 1 1 1 0 0 0 26 33
2562.64 1 2 1 1 0 0 0 0 26 33
2573.38 1 2 1 1 0 1 0 1 26 32
2602.41 1 2 0 0 0 2 0 1 26 32
2621.35 1 2 1 1 0 1 0 1 26 32
2628.45 1 2 1 1 0 0 0 0 26 33
2666.42 0 1 1 1 1 0 0 0 26 33
2722.7 0 2 1 1 1 0 1 0 25 33
2724.34 0 1 1 1 1 0 0 0 26 33
2727.17 0 1 1 1 1 1 0 1 26 32
2743.56 0 1 2 2 1 0 0 1 26 32
2756.81 0 1 2 2 1 1 0 2 26 31
2759.97 1 2 2 2 0 1 0 2 26 31
2764.15 1 2 1 1 0 2 0 2 26 31
2766.36 1 2 1 1 0 1 0 1 26 32
2774.14 1 2 1 1 0 2 0 2 26 31
2777.58 1 2 0 0 0 3 0 2 26 31
2784.87 1 2 0 0 0 2 0 1 26 32
2818.74 1 2 1 1 0 1 0 1 26 32
2826.88 1 2 0 0 0 2 0 1 26 32
2873.13 0 1 0 0 1 2 0 1 26 32
2878.07 0 0 0 0 0 2 0 2 26 32
2890.31 0 1 0 0 0 2 1 2 25 32
2892.06 0 1 0 0 0 1 1 1 25 33
2897.18 0 2 0 0 0 1 2 1 24 33
2918.04 0 2 0 0 0 2 2 2 24 32
2930.3 0 2 0 0 0 1 2 1 24 33
2931.39 0 3 0 0 1 1 2 0 24 33
2967.16 0 2 0 0 0 1 2 1 24 33
2967.16 0 2 0 0 0 1 2 1 24 33
