0 60 120 60 60 0 0 0 0 0 0
0.000865293 59 119 60 60 1 0 0 0 0 0
0.00918201 58 118 60 60 2 0 0 0 0 0
0.0184937 58 118 59 59 2 1 0 0 0 0
0.0259572 57 117 59 59 3 1 0 0 0 0
0.0290347 57 117 58 58 3 2 0 0 0 0
0.0751255 57 116 58 58 2 2 0 1 0 0
0.0784046 56 115 58 58 3 2 0 1 0 0
0.0930358 56 115 57 57 3 3 0 1 0 0
0.133043 56 115 56 56 3 4 0 1 0 0
0.138819 56 115 55 55 3 5 0 1 0 0
0.179765 56 115 54 54 3 6 0 1 0 0
0.181766 55 114 54 54 4 6 0 1 0 0
0.197907 54 113 54 54 5 6 0 1 0 0
0.258817 53 112 54 54 6 6 0 1 0 0
0.271503 52 111 54 54 7 6 0 1 0 0
0.278415 51 110 54 54 8 6 0 1 0 0
0.298586 50 109 54 54 9 6 0 1 0 0
0.301269 50 109 53 53 9 7 0 1 0 0
0.302063 49 108 53 53 10 7 0 1 0 0
0.304513 49 108 52 52 10 8 0 1 0 0
0.330643 49 108 51 51 10 9 0 1 0 0
0.335366 49 107 51 51 9 9 0 2 0 0
0.349047 48 106 51 51 10 9 0 2 0 0
0.352861 47 105 51 51 11 9 0 2 0 0
0.353041 46 104 51 51 12 9 0 2 0 0
0.377727 45 103 51 51 13 9 0 2 0 0
0.397553 44 102 51 51 14 9 0 2 0 0
0.433718 44 102 50 50 14 10 0 2 0 0
0.454929 43 101 50 50 15 10 0 2 0 0
0.494248 43 101 49 49 15 11 0 2 0 0
0.499554 43 101 48 48 15 12 0 2 0 0
0.558113 43 100 48 48 14 12 0 3 0 0
0.560891 43 99 48 48 13 12 0 4 0 0
0.56686 43 99 47 47 13 13 0 4 0 0
0.590561 43 99 46 46 13 14 0 4 0 0
0.601598 42 98 46 46 14 14 0 4 0 0
0.616354 41 97 46 46 15 14 0 4 0 0
0.633063 41 96 46 46 14 14 0 5 0 0
0.652788 40 95 46 46 15 14 0 5 0 0
0.673978 39 94 46 46 16 14 0 5 0 0
0.682939 39 94 45 45 16 15 0 5 0 0
0.701568 39 93 45 45 15 15 0 6 0 0
0.711213 38 92 45 45 16 15 0 6 0 0
0.724045 38 91 45 45 15 15 0 7 0 0
0.734263 38 91 44 44 15 16 0 7 0 0
0.745843 37 90 44 44 16 16 0 7 0 0
0.768981 37 90 43 43 16 17 0 7 0 0
0.793628 36 89 43 43 17 17 0 7 0 0
0.809829 36 89 44 44 17 16 0 7 0 0
0.810757 36 89 43 43 17 17 0 7 0 0
0.822634 36 89 42 42 17 18 0 7 0 0
0.863224 36 89 42 42 17 17 0 6 0 1
0.868947 36 89 41 41 17 18 0 6 0 1
0.872658 35 88 41 41 18 18 0 6 0 1
0.88002 34 87 41 41 19 18 0 6 0 1
0.898197 33 86 41 41 20 18 0 6 0 1
0.906541 33 85 41 41 19 18 0 7 0 1
0.939157 32 84 41 41 20 18 0 7 0 1
0.968461 32 84 41 41 19 17 1 7 0 1
1.01055 32 83 41 41 18 17 1 8 0 1
1.0352 32 83 40 40 18 18 1 8 0 1
1.07573 32 83 39 39 18 19 1 8 0 1
1.10432 32 83 38 38 18 20 1 8 0 1
1.10955 32 83 38 38 17 19 2 8 0 1
1.12779 32 82 38 38 17 19 1 8 1 1
1.1476 31 81 38 38 18 19 1 8 1 1
1.18141 31 81 37 37 18 20 1 8 1 1
1.18169 32 82 37 37 17 20 1 8 1 1
1.23908 32 81 37 37 16 20 1 9 1 1
1.29878 32 80 37 37 15 20 1 10 1 1
1.2995 32 80 36 36 15 21 1 10 1 1
1.35581 32 80 35 35 15 22 1 10 1 1
1.38704 31 79 35 35 16 22 1 10 1 1
1.38927 31 79 34 34 16 23 1 10 1 1
1.46713 30 78 34 34 17 23 1 10 1 1
1.49123 29 77 34 34 18 23 1 10 1 1
1.49847 29 77 33 33 18 24 1 10 1 1
1.62428 28 76 33 33 19 24 1 10 1 1
1.62431 28 75 33 33 18 24 1 11 1 1
1.63165 28 75 32 32 18 25 1 11 1 1
1.6476 27 74 32 32 19 25 1 11 1 1
1.66906 27 73 32 32 18 25 1 12 1 1
1.67714 27 73 31 31 18 26 1 12 1 1
1.68414 27 72 31 31 17 26 1 13 1 1
1.72207 27 71 31 31 16 26 1 14 1 1
1.73591 26 70 31 31 17 26 1 14 1 1
1.76558 26 69 31 31 16 26 1 15 1 1
1.76961 26 69 31 31 15 25 2 15 1 1
1.86763 26 68 31 31 14 25 2 16 1 1
1.91946 25 67 31 31 15 25 2 16 1 1
1.92467 25 67 30 30 15 26 2 16 1 1
1.94893 25 67 30 30 14 25 3 16 1 1
2.01599 25 67 29 29 14 26 3 16 1 1
2.03051 24 66 29 29 15 26 3 16 1 1
2.07255 24 66 28 28 15 27 3 16 1 1
2.0908 24 65 28 28 14 27 3 17 1 1
2.10906 23 64 28 28 15 27 3 17 1 1
2.12588 22 63 28 28 16 27 3 17 1 1
2.15228 22 63 27 27 16 28 3 17 1 1
2.21625 22 62 27 27 15 28 3 18 1 1
2.2658 22 61 27 27 14 28 3 19 1 1
2.26813 22 61 27 27 13 27 4 19 1 1
2.29379 22 60 27 27 12 27 4 20 1 1
2.34642 22 60 26 26 12 28 4 20 1 1
2.36512 22 60 25 25 12 29 4 20 1 1
2.38362 22 60 24 24 12 30 4 20 1 1
2.38448 21 59 24 24 13 30 4 20 1 1
2.50925 20 58 24 24 14 30 4 20 1 1
2.53351 20 57 24 24 13 30 4 21 1 1
2.59219 20 56 24 24 12 30 4 22 1 1
2.70951 20 55 24 24 11 30 4 23 1 1
2.7302 20 54 24 24 11 30 3 23 2 1
2.74025 19 53 24 24 12 30 3 23 2 1
2.7433 18 52 24 24 13 30 3 23 2 1
2.76698 17 51 24 24 14 30 3 23 2 1
2.77002 17 51 24 24 14 29 3 22 2 2
2.77774 17 51 24 24 14 28 3 21 2 3
2.81958 17 51 23 23 14 29 3 21 2 3
2.83656 17 50 23 23 13 29 3 22 2 3
2.84504 16 49 23 23 14 29 3 22 2 3
3.08166 16 49 23 23 13 28 4 22 2 3
3.09759 17 50 23 23 12 28 4 22 2 3
3.13068 17 49 23 23 11 28 4 23 2 3
3.24826 17 49 24 24 11 27 4 23 2 3
3.2905 17 49 23 23 11 28 4 23 2 3
3.30291 17 49 22 22 11 29 4 23 2 3
3.44117 17 49 21 21 11 30 4 23 2 3
3.5785 17 49 21 21 11 29 4 22 2 4
3.60792 18 50 21 21 10 29 4 22 2 4
3.74923 17 49 21 21 11 29 4 22 2 4
3.89432 18 50 21 21 10 29 4 22 2 4
3.90102 18 50 21 21 10 28 4 21 2 5
3.90949 17 49 21 21 11 28 4 21 2 5
3.99084 17 49 21 21 10 27 5 21 2 5
3.99988 17 50 21 21 11 27 5 20 2 5
4.01256 17 50 21 21 11 26 5 19 2 6
4.05433 17 50 21 21 10 25 6 19 2 6
4.06439 17 50 21 21 10 24 6 18 2 7
4.14776 17 50 21 21 10 23 6 17 2 8
4.15489 17 49 21 21 10 23 5 17 3 8
4.24913 17 48 21 21 10 23 4 17 4 8
4.5204 16 47 21 21 11 23 4 17 4 8
4.52199 15 46 21 21 12 23 4 17 4 8
4.70774 15 46 21 21 11 22 5 17 4 8
4.90588 14 45 21 21 12 22 5 17 4 8
4.93607 13 44 21 21 13 22 5 17 4 8
5.10133 13 44 21 21 12 21 6 17 4 8
5.10476 13 44 21 21 12 20 6 16 4 9
5.12742 12 43 21 21 13 20 6 16 4 9
5.18263 12 43 21 21 12 19 7 16 4 9
5.31019 11 42 21 21 13 19 7 16 4 9
5.3754 11 41 21 21 13 19 6 16 5 9
5.40608 10 40 21 21 14 19 6 16 5 9
5.46014 10 39 21 21 13 19 6 17 5 9
5.67602 10 39 20 20 13 20 6 17 5 9
5.74045 10 39 19 19 13 21 6 17 5 9
5.74625 10 39 19 19 12 20 7 17 5 9
5.80559 10 39 19 19 12 19 7 16 5 10
5.86306 10 39 19 19 11 18 8 16 5 10
5.9292 10 39 19 19 10 17 9 16 5 10
5.97553 10 39 19 19 10 16 9 15 5 11
6.0219 10 38 19 19 10 16 8 15 6 11
6.08876 10 38 19 19 9 15 9 15 6 11
6.14853 9 37 19 19 10 15 9 15 6 11
6.18962 9 37 19 19 10 14 9 14 6 12
6.23111 9 36 19 19 9 14 9 15 6 12
6.23144 9 36 19 19 9 13 9 14 6 13
6.35136 9 35 19 19 9 13 8 14 7 13
6.57381 9 34 19 19 9 13 7 14 8 13
6.65629 8 33 19 19 10 13 7 14 8 13
6.66147 8 32 19 19 9 13 7 15 8 13
6.77192 8 32 19 19 9 12 7 14 8 14
6.96105 8 31 19 19 8 12 7 15 8 14
6.99063 8 30 19 19 8 12 6 15 9 14
7.1844 7 29 19 19 9 12 6 15 9 14
7.57856 7 28 19 19 8 12 6 16 9 14
7.83846 7 27 19 19 8 12 5 16 10 14
7.9983 7 27 19 19 7 11 6 16 10 14
8.48046 7 26 19 19 6 11 6 17 10 14
8.54489 7 25 19 19 6 11 5 17 11 14
8.62108 7 25 18 18 6 12 5 17 11 14
8.77137 7 24 18 18 6 12 4 17 12 14
9.07191 7 23 18 18 6 12 3 17 13 14
9.33662 7 23 17 17 6 13 3 17 13 14
9.56059 7 22 17 17 6 13 2 17 14 14
9.73907 6 21 17 17 7 13 2 17 14 14
9.90776 6 20 17 17 6 13 2 18 14 14
10.9777 6 20 17 17 5 12 3 18 14 14
11.1579 6 20 17 17 5 11 3 17 14 15
11.7988 6 20 16 16 5 12 3 17 14 15
11.8212 5 19 16 16 6 12 3 17 14 15
12.1441 5 19 17 17 6 11 3 17 14 15
12.2295 5 19 16 16 6 12 3 17 14 15
12.356 5 18 16 16 5 12 3 18 14 15
12.7844 4 17 16 16 6 12 3 18 14 15
13.0517 4 16 16 16 5 12 3 19 14 15
13.3164 4 15 16 16 5 12 2 19 15 15
13.647 4 15 15 15 5 13 2 19 15 15
14.1848 4 15 14 14 5 14 2 19 15 15
14.3122 4 15 13 13 5 15 2 19 15 15
14.3422 4 15 13 13 5 14 2 18 15 16
14.5248 4 15 12 12 5 15 2 18 15 16
14.7109 4 14 12 12 5 15 1 18 16 16
14.811 4 14 12 12 5 14 1 17 16 17
15.238 4 14 12 12 5 13 1 16 16 18
15.6501 3 13 12 12 6 13 1 16 16 18
15.7409 3 13 11 11 6 14 1 16 16 18
15.7473 3 13 10 10 6 15 1 16 16 18
15.8326 3 12 10 10 5 15 1 17 16 18
15.8656 3 12 10 10 5 14 1 16 16 19
16.0494 3 12 9 9 5 15 1 16 16 19
16.2845 3 12 9 9 5 14 1 15 16 20
16.4268 3 12 9 9 5 13 1 14 16 21
17.4792 3 12 9 9 5 12 1 13 16 22
17.5262 3 11 9 9 4 12 1 14 16 22
17.5628 3 11 9 9 4 11 1 13 16 23
17.965 3 11 8 8 4 12 1 13 16 23
18.0138 3 11 8 8 4 11 1 12 16 24
18.1598 3 10 8 8 3 11 1 13 16 24
18.5204 3 10 8 8 3 10 1 12 16 25
19.4728 3 10 8 8 3 9 1 11 16 26
19.5619 3 10 8 8 3 8 1 10 16 27
19.6316 3 10 8 8 3 7 1 9 16 28
21.3795 3 9 8 8 2 7 1 10 16 28
22.2462 3 9 9 9 2 6 1 10 16 28
22.9026 3 9 9 9 2 5 1 9 16 29
22.9086 3 9 9 9 2 4 1 8 16 30
23.5165 3 9 9 9 1 3 2 8 16 30
24.5023 3 9 8 8 1 4 2 8 16 30
25.6853 2 8 8 8 2 4 2 8 16 30
25.7069 2 8 7 7 2 5 2 8 16 30
25.8471 2 8 6 6 2 6 2 8 16 30
26.5939 2 8 6 6 2 5 2 7 16 31
26.6 1 7 6 6 3 5 2 7 16 31
28.1103 1 6 6 6 3 5 1 7 17 31
28.2157 1 6 5 5 3 6 1 7 17 31
28.2525 1 6 5 5 3 5 1 6 17 32
31.0768 2 7 5 5 2 5 1 6 17 32
31.8111 2 7 4 4 2 6 1 6 17 32
32.8691 2 7 4 4 2 5 1 5 17 33
37.0637 2 7 4 4 2 4 1 4 17 34
38.1766 1 6 4 4 3 4 1 4 17 34
39.3972 1 6 5 5 3 3 1 4 17 34
40.1263 1 6 5 5 3 2 1 3 17 35
41.9259 2 7 5 5 2 2 1 3 17 35
42.2023 2 7 4 4 2 3 1 3 17 35
42.2931 2 6 4 4 1 3 1 4 17 35
43.2893 2 6 3 3 1 4 1 4 17 35
45.1567 2 6 3 3 1 3 1 3 17 36
47.1727 2 5 3 3 0 3 1 4 17 36
47.1832 2 5 2 2 0 4 1 4 17 36
47.5156 2 6 2 2 1 4 1 3 17 36
54.3797 2 7 2 2 2 4 1 2 17 36
54.838 2 6 2 2 1 4 1 3 17 36
60.3555 1 5 2 2 2 4 1 3 17 36
62.8283 1 5 1 1 2 5 1 3 17 36
63.014 1 5 2 2 2 4 1 3 17 36
67.1016 1 4 2 2 1 4 1 4 17 36
67.973 1 4 3 3 1 3 1 4 17 36
74.9478 0 3 3 3 2 3 1 4 17 36
76.2191 0 4 3 3 3 3 1 3 17 36
78.4409 0 4 3 3 3 2 1 2 17 37
79.8168 0 4 3 3 3 3 1 3 17 36
80.0176 0 4 2 2 3 4 1 3 17 36
81.1966 0 3 2 2 2 4 1 4 17 36
82.5005 0 3 2 2 2 3 1 3 17 37
83.7554 0 3 2 2 2 2 1 2 17 38
86.2276 1 4 2 2 1 2 1 2 17 38
89.5285 1 3 2 2 1 2 0 2 18 38
95.5996 1 3 2 2 1 1 0 1 18 39
99.915 2 4 2 2 0 1 0 1 18 39
102.533 2 4 1 1 0 2 0 1 18 39
108.092 2 5 1 1 1 2 0 0 18 39
109.153 1 4 1 1 2 2 0 0 18 39
111.356 1 5 1 1 2 2 1 0 17 39
116.457 1 5 1 1 1 1 2 0 17 39
117.339 1 4 1 1 0 1 2 1 17 39
118.451 1 3 1 1 0 1 1 1 18 39
122.512 1 4 1 1 0 1 2 1 17 39
127.789 1 3 1 1 0 1 1 1 18 39
149.168 0 2 1 1 1 1 1 1 18 39
150.695 0 3 1 1 1 1 2 1 17 39
154.77 0 2 1 1 0 1 2 2 17 39
160.749 0 2 0 0 0 2 2 2 17 39
163.187 0 3 0 0 1 2 2 1 17 39
166.654 0 2 0 0 1 2 1 1 18 39
172.032 0 1 0 0 0 2 1 2 18 39
175.066 0 0 0 0 0 2 0 2 19 39
197.228 0 1 0 0 0 2 1 2 18 39
212.946 0 2 0 0 1 2 1 1 18 39
218.95 1 3 0 0 0 2 1 1 18 39
241.327 1 2 0 0 0 2 0 1 19 39
264.538 1 2 0 0 0 3 0 2 19 38
266.89 1 3 0 0 1 3 0 1 19 38
269.188 1 3 0 0 0 2 1 1 19 38
291.863 1 4 0 0 0 2 2 1 18 38
300.494 1 5 0 0 1 2 2 0 18 38
302.819 1 5 1 1 1 1 2 0 18 38
308.179 0 4 1 1 2 1 2 0 18 38
309.225 0 4 1 1 1 0 3 0 18 38
309.373 0 3 1 1 1 0 2 0 19 38
318.259 0 2 1 1 0 0 2 1 19 38
324.01 0 2 0 0 0 1 2 1 19 38
332.547 0 3 0 0 1 1 2 0 19 38
335.851 0 3 1 1 1 0 2 0 19 38
340.181 0 2 1 1 1 0 1 0 20 38
360.014 0 2 1 1 2 1 0 0 20 38
367.307 0 1 1 1 1 1 0 1 20 38
372.901 0 0 1 1 0 1 0 2 20 38
395.453 0 0 2 2 0 0 0 2 20 38
408.862 0 0 1 1 0 1 0 2 20 38
437.827 0 1 1 1 1 1 0 1 20 38
456.02 0 2 1 1 1 1 1 1 19 38
463.363 1 3 1 1 0 1 1 1 19 38
464.891 1 3 0 0 0 2 1 1 19 38
469.65 1 4 0 0 1 2 1 0 19 38
472.624 1 4 0 0 1 3 1 1 19 37
478.294 1 3 0 0 1 3 0 1 20 37
500.748 1 4 0 0 1 3 1 1 19 37
514.449 2 5 0 0 0 3 1 1 19 37
517.988 2 5 0 0 0 2 1 0 19 38
519.284 2 4 0 0 0 2 0 0 20 38
530.332 1 3 0 0 1 2 0 0 20 38
553.005 1 3 0 0 1 3 0 1 20 37
558.245 1 2 0 0 0 3 0 2 20 37
568.765 1 3 0 0 1 3 0 1 20 37
572.496 1 3 0 0 1 2 0 0 20 38
579.382 1 3 1 1 1 1 0 0 20 38
599.656 1 3 1 1 1 2 0 1 20 37
608.296 1 3 1 1 1 3 0 2 20 36
617.664 1 4 1 1 2 3 0 1 20 36
618.561 1 4 2 2 2 2 0 1 20 36
619.394 0 3 2 2 3 2 0 1 20 36
631.162 0 3 3 3 3 1 0 1 20 36
631.478 0 3 2 2 3 2 0 1 20 36
634.003 0 2 2 2 2 2 0 2 20 36
635.233 0 1 2 2 1 2 0 3 20 36
646.058 0 1 1 1 1 3 0 3 20 36
648.54 0 1 1 1 1 2 0 2 20 37
668.082 0 1 1 1 0 1 1 2 20 37
676.393 0 1 1 1 0 0 1 1 20 38
678.868 0 1 0 0 0 1 1 1 20 38
684.005 0 1 1 1 0 0 1 1 20 38
687.852 0 1 1 1 0 1 1 2 20 37
704.369 0 0 1 1 0 1 0 2 21 37
706.862 0 1 1 1 0 1 1 2 20 37
706.908 0 2 1 1 0 1 2 2 19 37
721.848 0 3 1 1 1 1 2 1 19 37
723.665 0 2 1 1 1 1 1 1 20 37
727.269 0 2 1 1 2 2 0 1 20 37
733.454 0 1 1 1 1 2 0 2 20 37
749.42 0 1 1 1 0 1 1 2 20 37
756.158 0 1 1 1 0 0 1 1 20 38
781.776 0 0 1 1 0 0 0 1 21 38
799.329 0 1 1 1 0 0 1 1 20 38
826.585 0 1 1 1 0 1 1 2 20 37
831.064 0 0 1 1 0 1 0 2 21 37
872.277 0 1 1 1 0 1 1 2 20 37
881.245 0 2 1 1 1 1 1 1 20 37
892.437 0 3 1 1 1 1 2 1 19 37
892.54 0 2 1 1 1 1 1 1 20 37
910.009 0 2 1 1 1 2 1 2 20 36
911.732 0 2 1 1 1 1 1 1 20 37
913.748 1 3 1 1 0 1 1 1 20 37
918.748 1 2 1 1 0 1 0 1 21 37
940.879 1 2 1 1 0 2 0 2 21 36
944.41 1 2 1 1 0 1 0 1 21 37
974.083 1 2 0 0 0 2 0 1 21 37
980.7 1 2 1 1 0 1 0 1 21 37
992.332 0 1 1 1 1 1 0 1 21 37
995.799 0 2 1 1 1 1 1 1 20 37
1018.69 0 2 1 1 1 0 1 0 20 38
1021.16 0 1 1 1 1 0 0 0 21 38
1023.88 1 2 1 1 0 0 0 0 21 38
1176.14 0 1 1 1 1 0 0 0 21 38
1241.8 0 1 1 1 1 1 0 1 21 37
1256.88 0 0 1 1 0 1 0 2 21 37
1257.35 0 0 0 0 0 2 0 2 21 37
1265.01 0 1 0 0 1 2 0 1 21 37
1270.8 0 1 0 0 0 1 1 1 21 37
1295.24 0 2 0 0 1 1 1 0 21 37
1323.87 0 2 0 0 1 2 1 1 21 36
1342.22 0 1 0 0 1 2 0 1 22 36
1359.9 0 2 0 0 1 2 1 1 21 36
1363.96 0 2 1 1 1 1 1 1 21 36
1366.16 0 1 1 1 0 1 1 2 21 36
1380.73 0 2 1 1 1 1 1 1 21 36
1383.09 0 2 1 1 0 0 2 1 21 36
1383.22 0 3 1 1 0 0 3 1 20 36
1390.82 0 3 1 1 0 1 3 2 20 35
1392.56 0 2 1 1 0 1 2 2 21 35
1392.78 0 2 0 0 0 2 2 2 21 35
1396.84 0 2 0 0 0 3 2 3 21 34
1411.5 0 1 0 0 0 3 1 3 22 34
1413.75 0 1 1 1 0 2 1 3 22 34
1425.24 0 1 1 1 0 3 1 4 22 33
1430.04 0 1 1 1 0 2 1 3 22 34
1431.22 0 1 2 2 0 1 1 3 22 34
1436.72 0 1 1 1 0 2 1 3 22 34
1449.38 0 0 1 1 0 2 0 3 23 34
1453.24 0 0 1 1 0 3 0 4 23 33
1457.62 0 1 1 1 1 3 0 3 23 33
1458.55 0 1 1 1 1 2 0 2 23 34
1482.06 0 2 1 1 2 2 0 1 23 34
1483.11 0 2 1 1 2 1 0 0 23 35
1484.88 1 3 1 1 1 1 0 0 23 35
1485.98 1 4 1 1 1 1 1 0 22 35
1488.72 1 3 1 1 0 1 1 1 22 35
1491.7 1 4 1 1 0 1 2 1 21 35
1494.99 1 3 1 1 0 1 1 1 22 35
1504.83 1 4 1 1 1 1 1 0 22 35
1511.08 2 5 1 1 0 1 1 0 22 35
1524.1 1 4 1 1 1 1 1 0 22 35
1533.16 2 5 1 1 0 1 1 0 22 35
1541.8 1 4 1 1 1 1 1 0 22 35
1543.63 1 5 1 1 1 1 2 0 21 35
1547.72 1 5 1 1 0 0 3 0 21 35
1548.76 1 4 1 1 0 0 2 0 22 35
1555.46 1 5 1 1 0 0 3 0 21 35
1569 1 4 1 1 0 0 2 0 22 35
1577.97 1 5 1 1 0 0 3 0 21 35
1578.58 1 5 0 0 0 1 3 0 21 35
1580.59 1 4 0 0 0 1 2 0 22 35
1583.33 1 3 0 0 0 1 1 0 23 35
1599.15 1 2 0 0 0 1 0 0 24 35
1602.27 1 3 0 0 0 1 1 0 23 35
1626.27 0 2 0 0 1 1 1 0 23 35
1636.6 0 1 0 0 0 1 1 1 23 35
1648.35 0 2 0 0 0 1 2 1 22 35
1649.19 0 3 0 0 0 1 3 1 21 35
1667.72 0 3 0 0 1 2 2 1 21 35
1670.26 0 3 0 0 1 1 2 0 21 36
1671.13 0 2 0 0 0 1 2 1 21 36
1674.21 0 1 0 0 0 1 1 1 22 36
1691.98 0 1 0 0 0 2 1 2 22 35
1697.22 0 2 0 0 0 2 2 2 21 35
1699.63 0 2 1 1 0 1 2 2 21 35
1700.83 0 2 1 1 0 0 2 1 21 36
1743.83 0 3 1 1 0 0 3 1 20 36
1745.28 0 2 1 1 0 0 2 1 21 36
1746.67 0 3 1 1 0 0 3 1 20 36
1747 0 3 0 0 0 1 3 1 20 36
1747.36 0 2 0 0 0 1 2 1 21 36
1760.48 0 2 1 1 0 0 2 1 21 36
1813.07 0 1 1 1 0 0 1 1 22 36
1843.08 0 1 0 0 0 1 1 1 22 36
1843.98 0 1 0 0 0 2 1 2 22 35
1848.6 0 2 0 0 1 2 1 1 22 35
1856.97 0 2 0 0 1 1 1 0 22 36
1877.31 0 2 0 0 2 2 0 0 22 36
1888.11 0 2 1 1 2 1 0 0 22 36
1897.01 0 2 1 1 2 2 0 1 22 35
1905.72 0 1 1 1 1 2 0 2 22 35
1912.29 0 1 1 1 1 1 0 1 22 36
1914.54 0 1 1 1 1 0 0 0 22 37
1923.41 0 2 1 1 1 0 1 0 21 37
1923.81 1 3 1 1 0 0 1 0 21 37
1927.22 1 3 1 1 0 1 1 1 21 36
1927.93 0 2 1 1 1 1 1 1 21 36
1936.72 0 2 1 1 1 2 1 2 21 35
1943.35 1 3 1 1 0 2 1 2 21 35
1962.75 1 2 1 1 0 2 0 2 22 35
1969.95 1 3 1 1 0 2 1 2 21 35
1983.59 1 4 1 1 0 2 2 2 20 35
1995.78 1 3 1 1 0 2 1 2 21 35
2000.74 1 2 1 1 0 2 0 2 22 35
2024.54 1 3 1 1 1 2 0 1 22 35
2032.03 1 2 1 1 0 2 0 2 22 35
2053.77 1 3 1 1 1 2 0 1 22 35
2057.24 1 4 1 1 2 2 0 0 22 35
2078.16 1 4 1 1 1 1 1 0 22 35
2081.18 1 4 1 1 1 2 1 1 22 34
2082.5 1 3 1 1 1 2 0 1 23 34
2083.14 1 3 2 2 1 1 0 1 23 34
2088.1 1 3 1 1 1 2 0 1 23 34
2091.03 1 4 1 1 1 2 1 1 22 34
2091.75 2 5 1 1 0 2 1 1 22 34
2102.37 1 4 1 1 1 2 1 1 22 34
2107 1 3 1 1 1 2 0 1 23 34
2121.44 1 3 1 1 1 1 0 0 23 35
2126.36 2 4 1 1 0 1 0 0 23 35
2127.86 2 4 0 0 0 2 0 0 23 35
2135.46 1 3 0 0 1 2 0 0 23 35
2135.56 2 4 0 0 0 2 0 0 23 35
2135.95 1 3 0 0 1 2 0 0 23 35
2142.53 1 3 0 0 1 3 0 1 23 34
2143.87 0 2 0 0 2 3 0 1 23 34
2144.05 1 3 0 0 1 3 0 1 23 34
2148.36 1 4 0 0 1 3 1 1 22 34
2154.33 1 4 0 0 1 4 1 2 22 33
2161.09 1 5 0 0 2 4 1 1 22 33
2161.65 0 4 0 0 3 4 1 1 22 33
2162.85 0 4 0 0 3 5 1 2 22 32
2165.27 0 4 0 0 2 4 2 2 22 32
2169.23 0 4 0 0 2 3 2 1 22 33
2171.14 0 4 0 0 3 4 1 1 22 33
2177.78 0 3 0 0 2 4 1 2 22 33
2180.04 0 3 0 0 2 3 1 1 22 34
2181.92 0 3 0 0 2 2 1 0 22 35
2193.57 1 4 0 0 1 2 1 0 22 35
2207.44 2 5 0 0 0 2 1 0 22 35
2210.72 2 6 0 0 0 2 2 0 21 35
2212.13 2 5 0 0 0 2 1 0 22 35
2216.56 1 4 0 0 1 2 1 0 22 35
2221.57 1 4 1 1 1 1 1 0 22 35
2231.2 1 3 1 1 0 1 1 1 22 35
2233.94 0 2 1 1 1 1 1 1 22 35
2237.7 0 2 1 1 1 0 1 0 22 36
2275.59 0 2 0 0 1 1 1 0 22 36
2283.37 0 1 0 0 0 1 1 1 22 36
2294.73 0 0 0 0 0 1 0 1 23 36
2331.41 0 1 0 0 0 1 1 1 22 36
2341.17 0 2 0 0 1 1 1 0 22 36
2359.76 0 1 0 0 1 1 0 0 23 36
2384.79 1 2 0 0 0 1 0 0 23 36
2388.37 0 1 0 0 1 1 0 0 23 36
2389 1 2 0 0 0 1 0 0 23 36
2419.99 1 3 0 0 0 1 1 0 22 36
2467.57 1 4 0 0 0 1 2 0 21 36
2468.16 1 3 0 0 0 1 1 0 22 36
2475.84 0 2 0 0 1 1 1 0 22 36
2502.79 0 1 0 0 0 1 1 1 22 36
2527.51 0 2 0 0 1 1 1 0 22 36
2531.29 0 1 0 0 0 1 1 1 22 36
2535.68 0 1 0 0 0 0 1 0 22 37
2550.92 0 1 0 0 1 1 0 0 22 37
2568.82 0 2 0 0 1 1 1 0 21 37
2570.13 0 3 0 0 1 1 2 0 20 37
2576.72 0 2 0 0 1 1 1 0 21 37
2603.01 0 2 1 1 1 0 1 0 21 37
2613.57 0 2 1 1 1 1 1 1 21 36
2614.03 0 2 1 1 1 0 1 0 21 37
2625.52 0 1 1 1 1 0 0 0 22 37
2670.47 1 2 1 1 0 0 0 0 22 37
2672.2 0 1 1 1 1 0 0 0 22 37
2674.2 1 2 1 1 0 0 0 0 22 37
2712.88 1 2 1 1 0 1 0 1 22 36
2716.74 1 2 1 1 0 0 0 0 22 37
2723.35 1 3 1 1 0 0 1 0 21 37
2728.43 1 2 1 1 0 0 0 0 22 37
2736.13 0 1 1 1 1 0 0 0 22 37
2740.46 0 1 0 0 1 1 0 0 22 37
2740.47 0 2 0 0 1 1 1 0 21 37
2741.68 1 3 0 0 0 1 1 0 21 37
2745.14 1 3 0 0 0 2 1 1 21 36
2769.02 0 2 0 0 1 2 1 1 21 36
2769.47 0 2 0 0 0 1 2 1 21 36
2776.05 0 1 0 0 0 1 1 1 22 36
2802.75 0 2 0 0 0 1 2 1 21 36
2806.03 0 1 0 0 0 1 1 1 22 36
2813.07 0 2 0 0 0 1 2 1 21 36
2819.26 0 3 0 0 1 1 2 0 21 36
2822.83 0 2 0 0 1 1 1 0 22 36
2840.14 0 1 0 0 0 1 1 1 22 36
2843.23 0 1 0 0 0 2 1 2 22 35
2844.55 0 1 0 0 1 3 0 2 22 35
2857.23 0 1 1 1 1 2 0 2 22 35
2861.69 0 1 1 1 0 1 1 2 22 35
2874.8 0 1 1 1 1 2 0 2 22 35
2878.99 0 1 1 1 0 1 1 2 22 35
2888.51 0 2 1 1 0 1 2 2 21 35
2900.19 0 2 1 1 0 0 2 1 21 36
2905.51 0 3 1 1 1 0 2 0 21 36
2908.07 0 4 1 1 1 0 3 0 20 36
2912.03 0 3 1 1 1 0 2 0 21 36
2912.09 0 2 1 1 1 0 1 0 22 36
2936.04 1 3 1 1 0 0 1 0 22 36
2936.26 1 4 1 1 0 0 2 0 21 36
2936.77 0 3 1 1 1 0 2 0 21 36
2952.5 0 3 1 1 2 1 1 0 21 36
2968.39 0 3 0 0 2 2 1 0 21 36
2975.65 0 2 0 0 2 2 0 0 22 36
2978.57 0 3 0 0 2 2 1 0 21 36
2984.62 0 3 0 0 1 1 2 0 21 36
2994.04 0 3 0 0 1 2 2 1 21 35
2994.04 0 3 0 0 1 2 2 1 21 35
