0 60 120 60 60 0 0 0 0 0 0
0.00377736 59 119 60 60 1 0 0 0 0 0
0.0232772 58 118 60 60 2 0 0 0 0 0
0.0257693 58 118 59 59 2 1 0 0 0 0
0.0590443 57 117 59 59 3 1 0 0 0 0
0.0690985 56 116 59 59 4 1 0 0 0 0
0.0941524 55 115 59 59 5 1 0 0 0 0
0.112061 55 115 58 58 5 2 0 0 0 0
0.126978 54 114 58 58 6 2 0 0 0 0
0.140929 54 114 57 57 6 3 0 0 0 0
0.152327 54 114 56 56 6 4 0 0 0 0
0.156115 53 113 56 56 7 4 0 0 0 0
0.171157 53 112 56 56 6 4 0 1 0 0
0.171571 53 112 55 55 6 5 0 1 0 0
0.207135 52 111 55 55 7 5 0 1 0 0
0.240238 52 111 54 54 7 6 0 1 0 0
0.247892 52 111 53 53 7 7 0 1 0 0
0.251237 52 111 52 52 7 8 0 1 0 0
0.2648 51 110 52 52 8 8 0 1 0 0
0.27169 50 109 52 52 9 8 0 1 0 0
0.300699 49 108 52 52 10 8 0 1 0 0
0.302128 48 107 52 52 11 8 0 1 0 0
0.311533 47 106 52 52 12 8 0 1 0 0
0.335224 47 106 52 52 11 7 1 1 0 0
0.355935 47 106 51 51 11 8 1 1 0 0
0.365958 47 106 50 50 11 9 1 1 0 0
0.380926 46 105 50 50 12 9 1 1 0 0
0.405413 46 105 49 49 12 10 1 1 0 0
0.428632 45 104 49 49 13 10 1 1 0 0
0.445612 44 103 49 49 14 10 1 1 0 0
0.457647 43 102 49 49 15 10 1 1 0 0
0.511689 42 101 49 49 16 10 1 1 0 0
0.532245 42 100 49 49 15 10 1 2 0 0
0.534633 42 100 48 48 15 11 1 2 0 0
0.548074 41 99 48 48 16 11 1 2 0 0
0.579304 41 99 47 47 16 12 1 2 0 0
0.588436 40 98 47 47 17 12 1 2 0 0
0.590547 39 97 47 47 18 12 1 2 0 0
0.615692 38 96 47 47 19 12 1 2 0 0
0.615891 38 96 46 46 19 13 1 2 0 0
0.623132 38 96 45 45 19 14 1 2 0 0
0.653374 37 95 45 45 20 14 1 2 0 0
0.657529 36 94 45 45 21 14 1 2 0 0
0.662332 35 93 45 45 22 14 1 2 0 0
0.672395 34 92 45 45 23 14 1 2 0 0
0.692245 33 91 45 45 24 14 1 2 0 0
0.703045 32 90 45 45 25 14 1 2 0 0
0.743902 32 89 45 45 24 14 1 3 0 0
0.773881 32 88 45 45 23 14 1 4 0 0
0.786325 32 88 44 44 23 15 1 4 0 0
0.800899 32 88 44 44 22 14 2 4 0 0
0.828182 31 87 44 44 23 14 2 4 0 0
0.833865 30 86 44 44 24 14 2 4 0 0
0.867609 30 86 44 44 24 13 2 3 0 1
0.897039 29 85 44 44 25 13 2 3 0 1
0.911952 29 84 44 44 24 13 2 4 0 1
0.91978 29 84 44 44 23 12 3 4 0 1
0.921122 29 84 43 43 23 13 3 4 0 1
0.982917 29 83 43 43 23 13 2 4 1 1
0.997602 29 83 42 42 23 14 2 4 1 1
1.00197 29 82 42 42 22 14 2 5 1 1
1.01057 28 81 42 42 23 14 2 5 1 1
1.0447 28 80 42 42 22 14 2 6 1 1
1.07934 28 80 41 41 22 15 2 6 1 1
1.0855 28 79 41 41 21 15 2 7 1 1
1.14714 27 78 41 41 22 15 2 7 1 1
1.16739 26 77 41 41 23 15 2 7 1 1
1.19623 25 76 41 41 24 15 2 7 1 1
1.21519 25 76 40 40 24 16 2 7 1 1
1.26046 25 75 40 40 24 16 1 7 2 1
1.27121 25 75 40 40 23 15 2 7 2 1
1.28516 24 74 40 40 24 15 2 7 2 1
1.31636 24 74 39 39 24 16 2 7 2 1
1.32197 24 74 38 38 24 17 2 7 2 1
1.36178 23 73 38 38 25 17 2 7 2 1
1.36292 22 72 38 38 26 17 2 7 2 1
1.41413 22 72 38 38 25 16 3 7 2 1
1.43824 22 72 37 37 25 17 3 7 2 1
1.46102 22 72 37 37 24 16 4 7 2 1
1.46823 21 71 37 37 25 16 4 7 2 1
1.49675 21 70 37 37 24 16 4 8 2 1
1.52081 21 69 37 37 23 16 4 9 2 1
1.57431 21 68 37 37 22 16 4 10 2 1
1.57673 21 68 37 37 21 15 5 10 2 1
1.62691 20 67 37 37 22 15 5 10 2 1
1.66504 20 66 37 37 21 15 5 11 2 1
1.67584 20 65 37 37 20 15 5 12 2 1
1.73576 20 65 37 37 20 14 5 11 2 2
1.76937 20 64 37 37 19 14 5 12 2 2
1.80611 20 64 36 36 19 15 5 12 2 2
1.85205 19 63 36 36 20 15 5 12 2 2
1.87093 19 63 35 35 20 16 5 12 2 2
1.87486 19 62 35 35 19 16 5 13 2 2
1.88632 19 62 34 34 19 17 5 13 2 2
1.90665 19 62 33 33 19 18 5 13 2 2
1.93133 19 61 33 33 18 18 5 14 2 2
1.9735 19 60 33 33 17 18 5 15 2 2
1.98981 19 60 32 32 17 19 5 15 2 2
2.00922 19 60 31 31 17 20 5 15 2 2
2.20108 19 59 31 31 16 20 5 16 2 2
2.21916 18 58 31 31 17 20 5 16 2 2
2.24101 18 58 30 30 17 21 5 16 2 2
2.32931 18 57 30 30 16 21 5 17 2 2
2.37958 18 57 29 29 16 22 5 17 2 2
2.39858 18 57 29 29 15 21 6 17 2 2
2.40126 18 56 29 29 14 21 6 18 2 2
2.40967 18 56 28 28 14 22 6 18 2 2
2.47673 18 55 28 28 13 22 6 19 2 2
2.5123 18 55 28 28 13 21 6 18 2 3
2.51327 18 55 28 28 13 20 6 17 2 4
2.55872 18 55 27 27 13 21 6 17 2 4
2.56787 18 54 27 27 13 21 5 17 3 4
2.61645 18 54 26 26 13 22 5 17 3 4
2.77689 18 54 26 26 13 21 5 16 3 5
2.77914 17 53 26 26 14 21 5 16 3 5
2.80043 17 53 26 26 13 20 6 16 3 5
2.85479 16 52 26 26 14 20 6 16 3 5
2.86295 16 52 25 25 14 21 6 16 3 5
2.87187 15 51 25 25 15 21 6 16 3 5
2.88311 15 51 24 24 15 22 6 16 3 5
2.90377 15 50 24 24 14 22 6 17 3 5
2.97104 15 50 23 23 14 23 6 17 3 5
3.05032 15 50 22 22 14 24 6 17 3 5
3.15096 15 49 22 22 14 24 5 17 4 5
3.21268 14 48 22 22 15 24 5 17 4 5
3.24448 14 47 22 22 15 24 4 17 5 5
3.27564 14 47 21 21 15 25 4 17 5 5
3.3549 14 47 21 21 15 24 4 16 5 6
3.37087 13 46 21 21 16 24 4 16 5 6
3.38738 13 45 21 21 15 24 4 17 5 6
3.45976 13 45 20 20 15 25 4 17 5 6
3.53802 13 44 20 20 15 25 3 17 6 6
3.57743 12 43 20 20 16 25 3 17 6 6
3.5826 12 43 19 19 16 26 3 17 6 6
3.69058 12 42 19 19 15 26 3 18 6 6
3.7095 12 42 19 19 15 25 3 17 6 7
3.76276 12 42 19 19 15 24 3 16 6 8
3.85719 12 41 19 19 14 24 3 17 6 8
3.92071 12 41 18 18 14 25 3 17 6 8
4.03289 12 40 18 18 13 25 3 18 6 8
4.08903 12 39 18 18 12 25 3 19 6 8
4.18507 12 39 18 18 12 24 3 18 6 9
4.18608 12 39 18 18 11 23 4 18 6 9
4.20268 12 38 18 18 10 23 4 19 6 9
4.23261 12 37 18 18 10 23 3 19 7 9
4.29885 12 37 18 18 10 22 3 18 7 10
4.31195 12 36 18 18 9 22 3 19 7 10
4.3745 12 36 17 17 9 23 3 19 7 10
4.40442 12 36 16 16 9 24 3 19 7 10
4.44098 12 36 16 16 9 23 3 18 7 11
4.71669 12 36 15 15 9 24 3 18 7 11
4.75966 12 36 15 15 8 23 4 18 7 11
4.86411 12 36 15 15 8 22 4 17 7 12
4.86457 12 35 15 15 7 22 4 18 7 12
5.07135 11 34 15 15 8 22 4 18 7 12
5.1933 11 33 15 15 8 22 3 18 8 12
5.2108 11 33 15 15 7 21 4 18 8 12
5.28824 11 33 15 15 7 20 4 17 8 13
5.30011 10 32 15 15 8 20 4 17 8 13
5.36181 10 31 15 15 8 20 3 17 9 13
5.3955 10 31 15 15 8 19 3 16 9 14
5.48219 10 30 15 15 8 19 2 16 10 14
5.54918 10 30 15 15 8 18 2 15 10 15
5.56559 9 29 15 15 9 18 2 15 10 15
5.74081 9 29 15 15 8 17 3 15 10 15
6.29002 9 29 14 14 8 18 3 15 10 15
6.31486 9 28 14 14 7 18 3 16 10 15
6.36507 8 27 14 14 8 18 3 16 10 15
6.48552 8 26 14 14 7 18 3 17 10 15
6.53055 8 26 14 14 6 17 4 17 10 15
6.55942 8 26 14 14 6 16 4 16 10 16
6.56813 8 25 14 14 5 16 4 17 10 16
6.69651 8 25 13 13 5 17 4 17 10 16
6.81459 8 25 12 12 5 18 4 17 10 16
6.89191 8 25 12 12 5 17 4 16 10 17
6.92448 8 25 11 11 5 18 4 16 10 17
6.94781 8 25 10 10 5 19 4 16 10 17
6.97648 8 25 10 10 4 18 5 16 10 17
7.35769 8 25 10 10 4 17 5 15 10 18
7.4429 8 25 9 9 4 18 5 15 10 18
7.7332 8 24 9 9 3 18 5 16 10 18
7.84311 8 24 10 10 3 17 5 16 10 18
8.13186 7 23 10 10 4 17 5 16 10 18
8.71863 7 22 10 10 3 17 5 17 10 18
8.75622 7 22 10 10 3 16 5 16 10 19
8.76199 7 21 10 10 2 16 5 17 10 19
8.84272 7 21 10 10 2 15 5 16 10 20
9.14606 6 20 10 10 3 15 5 16 10 20
9.40314 6 20 10 10 3 14 5 15 10 21
9.64915 6 20 10 10 3 13 5 14 10 22
9.77183 5 19 10 10 4 13 5 14 10 22
10.2576 5 18 10 10 4 13 4 14 11 22
10.5217 5 18 10 10 4 12 4 13 11 23
10.5785 5 18 10 10 3 11 5 13 11 23
10.7078 5 18 10 10 2 10 6 13 11 23
10.8165 5 18 10 10 2 9 6 12 11 24
10.8319 4 17 10 10 3 9 6 12 11 24
10.9307 3 16 10 10 4 9 6 12 11 24
11.2533 3 16 10 10 4 8 6 11 11 25
11.3895 3 16 9 9 4 9 6 11 11 25
11.6338 3 15 9 9 3 9 6 12 11 25
11.7423 2 14 9 9 4 9 6 12 11 25
11.9619 3 15 9 9 3 9 6 12 11 25
12.6421 3 15 9 9 3 8 6 11 11 26
12.8478 3 14 9 9 3 8 5 11 12 26
13.0336 2 13 9 9 4 8 5 11 12 26
13.2798 2 13 9 9 4 7 5 10 12 27
13.5344 2 13 9 9 4 6 5 9 12 28
13.7308 2 13 8 8 4 7 5 9 12 28
14.3931 2 13 7 7 4 8 5 9 12 28
14.5604 2 13 7 7 4 7 5 8 12 29
14.573 2 12 7 7 3 7 5 9 12 29
16.1967 2 12 7 7 3 6 5 8 12 30
16.3618 2 11 7 7 3 6 4 8 13 30
16.8819 2 11 7 7 2 5 5 8 13 30
17.3427 2 11 7 7 2 4 5 7 13 31
17.364 2 11 6 6 2 5 5 7 13 31
17.4074 2 10 6 6 2 5 4 7 14 31
19.0875 1 9 6 6 3 5 4 7 14 31
20.1602 1 8 6 6 2 5 4 8 14 31
20.7781 1 8 6 6 2 4 4 7 14 32
21.0282 1 9 6 6 3 4 4 6 14 32
21.5315 1 9 6 6 2 3 5 6 14 32
21.727 1 9 5 5 2 4 5 6 14 32
22.2058 0 8 5 5 3 4 5 6 14 32
23.0757 0 7 5 5 3 4 4 6 15 32
23.203 0 6 5 5 3 4 3 6 16 32
23.3406 0 7 5 5 3 4 4 6 15 32
26.6074 0 6 5 5 2 4 4 7 15 32
28.0877 0 5 5 5 2 4 3 7 16 32
28.1053 0 5 5 5 2 3 3 6 16 33
29.888 0 6 5 5 3 3 3 5 16 33
29.9691 0 6 4 4 3 4 3 5 16 33
31.09 0 6 3 3 3 5 3 5 16 33
32.6819 0 6 3 3 3 4 3 4 16 34
33.2195 1 7 3 3 2 4 3 4 16 34
34.2111 1 6 3 3 2 4 2 4 17 34
34.7011 0 5 3 3 3 4 2 4 17 34
35.2038 0 5 3 3 3 3 2 3 17 35
38.1292 0 4 3 3 3 3 1 3 18 35
39.4215 0 4 3 3 3 2 1 2 18 36
40.8208 0 3 3 3 2 2 1 3 18 36
40.8251 0 2 3 3 1 2 1 4 18 36
44.488 0 2 2 2 1 3 1 4 18 36
52.4257 1 3 2 2 0 3 1 4 18 36
55.2719 1 3 1 1 0 4 1 4 18 36
58.6084 1 4 1 1 0 4 2 4 17 36
67.7453 1 4 1 1 0 3 2 3 17 37
82.5443 1 4 1 1 0 2 2 2 17 38
87.402 1 3 1 1 0 2 1 2 18 38
100.436 0 2 1 1 1 2 1 2 18 38
115.875 0 2 2 2 1 1 1 2 18 38
119.753 0 3 2 2 2 1 1 1 18 38
121.366 0 2 2 2 2 1 0 1 19 38
127.36 0 2 2 2 2 2 0 2 19 37
129.493 0 2 2 2 2 3 0 3 19 36
131.362 0 1 2 2 1 3 0 4 19 36
134.731 1 2 2 2 0 3 0 4 19 36
136.05 1 3 2 2 1 3 0 3 19 36
137.822 1 4 2 2 2 3 0 2 19 36
140.338 1 4 1 1 2 4 0 2 19 36
140.435 1 5 1 1 2 4 1 2 18 36
140.646 0 4 1 1 3 4 1 2 18 36
144.36 0 5 1 1 4 4 1 1 18 36
145.856 0 5 1 1 4 3 1 0 18 37
149.341 1 6 1 1 3 3 1 0 18 37
150.14 1 5 1 1 3 3 0 0 19 37
153.687 1 5 1 1 2 2 1 0 19 37
160.036 0 4 1 1 3 2 1 0 19 37
162.019 1 5 1 1 2 2 1 0 19 37
173.746 1 5 1 1 1 1 2 0 19 37
176.287 1 4 1 1 0 1 2 1 19 37
180.76 0 3 1 1 1 1 2 1 19 37
189.851 0 2 1 1 1 1 1 1 20 37
191.458 0 3 1 1 2 1 1 0 20 37
204.869 0 2 1 1 1 1 1 1 20 37
235.44 0 2 1 1 0 0 2 1 20 37
256.283 0 2 1 1 0 1 2 2 20 36
275.209 0 2 1 1 0 0 2 1 20 37
276.419 0 3 1 1 0 0 3 1 19 37
297.279 0 2 1 1 0 0 2 1 20 37
312.314 0 3 1 1 1 0 2 0 20 37
317.321 1 4 1 1 0 0 2 0 20 37
333.226 1 3 1 1 0 0 1 0 21 37
336.943 1 4 1 1 0 0 2 0 20 37
344.97 1 4 1 1 1 1 1 0 20 37
387.191 1 4 1 1 1 2 1 1 20 36
391.345 1 3 1 1 0 2 1 2 20 36
391.584 1 4 1 1 0 2 2 2 19 36
392.927 1 5 1 1 0 2 3 2 18 36
394.895 1 6 1 1 1 2 3 1 18 36
401.514 1 5 1 1 0 2 3 2 18 36
421.851 1 4 1 1 0 2 2 2 19 36
424.532 0 3 1 1 1 2 2 2 19 36
425.911 0 3 1 1 1 1 2 1 19 37
427.59 0 4 1 1 1 1 3 1 18 37
429.35 0 3 1 1 1 1 2 1 19 37
431.9 0 2 1 1 1 1 1 1 20 37
434.416 0 3 1 1 1 1 2 1 19 37
471.139 0 2 1 1 0 1 2 2 19 37
476.477 0 2 1 1 0 0 2 1 19 38
492.189 0 2 1 1 1 1 1 1 19 38
502.62 0 3 1 1 1 1 2 1 18 38
519.803 0 2 1 1 1 1 1 1 19 38
526.641 0 3 1 1 2 1 1 0 19 38
542.948 0 3 1 1 1 0 2 0 19 38
545.276 0 2 1 1 1 0 1 0 20 38
549.321 0 3 1 1 1 0 2 0 19 38
554.831 0 2 1 1 1 0 1 0 20 38
556.165 0 1 1 1 0 0 1 1 20 38
559.626 0 2 1 1 1 0 1 0 20 38
584.68 1 3 1 1 0 0 1 0 20 38
588.03 1 4 1 1 0 0 2 0 19 38
589.952 1 3 1 1 0 0 1 0 20 38
595.792 1 4 1 1 0 0 2 0 19 38
624.679 0 3 1 1 1 0 2 0 19 38
640.208 0 2 1 1 1 0 1 0 20 38
643.66 1 3 1 1 0 0 1 0 20 38
674.973 1 4 1 1 0 0 2 0 19 38
677.228 1 3 1 1 0 0 1 0 20 38
682.029 1 4 1 1 0 0 2 0 19 38
685.665 1 3 1 1 0 0 1 0 20 38
727.456 1 3 0 0 0 1 1 0 20 38
747.435 1 2 0 0 0 1 0 0 21 38
755.786 0 1 0 0 1 1 0 0 21 38
758.588 0 1 1 1 1 0 0 0 21 38
762.97 0 1 1 1 1 1 0 1 21 37
796.354 0 1 2 2 1 0 0 1 21 37
799.1 0 2 2 2 2 0 0 0 21 37
821.539 0 1 2 2 1 0 0 1 21 37
826.834 0 1 1 1 1 1 0 1 21 37
832.454 0 2 1 1 2 1 0 0 21 37
839.847 0 1 1 1 1 1 0 1 21 37
855.383 1 2 1 1 0 1 0 1 21 37
877.992 0 1 1 1 1 1 0 1 21 37
908.633 0 1 1 1 1 2 0 2 21 36
909.866 0 2 1 1 1 2 1 2 20 36
916.846 0 3 1 1 2 2 1 1 20 36
931.326 0 3 1 1 2 1 1 0 20 37
936.686 1 4 1 1 1 1 1 0 20 37
939.569 1 4 1 1 0 0 2 0 20 37
950.404 1 3 1 1 0 0 1 0 21 37
967.897 1 3 0 0 0 1 1 0 21 37
968.179 0 2 0 0 1 1 1 0 21 37
989.862 0 2 0 0 0 0 2 0 21 37
1002.79 0 3 0 0 0 0 3 0 20 37
1021.45 0 2 0 0 0 0 2 0 21 37
1030.85 0 2 0 0 1 1 1 0 21 37
1040.22 0 3 0 0 1 1 2 0 20 37
1058.62 1 4 0 0 0 1 2 0 20 37
1060.04 0 3 0 0 1 1 2 0 20 37
1064.99 1 4 0 0 0 1 2 0 20 37
1066.1 1 5 0 0 0 1 3 0 19 37
1069.08 1 6 0 0 0 1 4 0 18 37
1072.44 0 5 0 0 1 1 4 0 18 37
1074.09 0 4 0 0 1 1 3 0 19 37
1080.91 0 5 0 0 1 1 4 0 18 37
1083.82 0 4 0 0 1 1 3 0 19 37
1092 0 3 0 0 1 1 2 0 20 37
1096.27 0 2 0 0 1 1 1 0 21 37
1103.82 0 2 0 0 0 0 2 0 21 37
1134.24 0 3 0 0 0 0 3 0 20 37
1156.23 0 3 0 0 1 1 2 0 20 37
1167.12 1 4 0 0 0 1 2 0 20 37
1171.88 1 3 0 0 0 1 1 0 21 37
1192.57 1 2 0 0 0 1 0 0 22 37
1206.7 1 3 0 0 0 1 1 0 21 37
1240.81 1 2 0 0 0 1 0 0 22 37
1251.82 1 3 0 0 0 1 1 0 21 37
1266.45 0 2 0 0 1 1 1 0 21 37
1271.35 0 2 0 0 1 2 1 1 21 36
1292.86 0 2 0 0 1 3 1 2 21 35
1293.45 1 3 0 0 0 3 1 2 21 35
1297.98 0 2 0 0 1 3 1 2 21 35
1321.04 0 2 0 0 0 2 2 2 21 35
1326.5 0 2 1 1 0 1 2 2 21 35
1346.51 0 3 1 1 0 1 3 2 20 35
1357.28 0 2 1 1 0 1 2 2 21 35
1365.94 0 2 1 1 0 0 2 1 21 36
1369.28 0 2 1 1 0 1 2 2 21 35
1371.27 0 2 1 1 0 2 2 3 21 34
1378.58 0 2 1 1 0 1 2 2 21 35
1381.89 0 2 1 1 0 0 2 1 21 36
1386.35 0 1 1 1 0 0 1 1 22 36
1457.09 0 1 0 0 0 1 1 1 22 36
1476.98 0 2 0 0 0 1 2 1 21 36
1548.81 0 2 0 0 0 0 2 0 21 37
1556.67 0 2 0 0 0 1 2 1 21 36
1557.6 0 1 0 0 0 1 1 1 22 36
1616.74 0 1 0 0 0 2 1 2 22 35
1633.83 0 1 0 0 1 3 0 2 22 35
1638.66 0 1 0 0 1 2 0 1 22 36
1654.35 0 2 0 0 1 2 1 1 21 36
1659.53 0 2 1 1 1 1 1 1 21 36
1677.91 0 1 1 1 0 1 1 2 21 36
1685.55 0 1 1 1 0 2 1 3 21 35
1695.84 0 2 1 1 1 2 1 2 21 35
1704.5 0 2 1 1 1 3 1 3 21 34
1711.09 0 2 1 1 1 4 1 4 21 33
1715.73 0 2 1 1 1 3 1 3 21 34
1715.78 1 3 1 1 0 3 1 3 21 34
1716.1 1 3 1 1 0 4 1 4 21 33
1716.37 1 3 1 1 0 3 1 3 21 34
1716.95 1 4 1 1 1 3 1 2 21 34
1718.59 1 5 1 1 2 3 1 1 21 34
1719.35 1 5 2 2 2 2 1 1 21 34
1721.99 1 5 2 2 1 1 2 1 21 34
1729.47 1 4 2 2 0 1 2 2 21 34
1729.79 1 4 2 2 0 0 2 1 21 35
1738.53 0 3 2 2 1 0 2 1 21 35
1738.76 0 3 2 2 2 1 1 1 21 35
1767.02 0 2 2 2 2 1 0 1 22 35
1770.03 0 2 2 2 1 0 1 1 22 35
1784.91 0 3 2 2 2 0 1 0 22 35
1794.57 0 2 2 2 1 0 1 1 22 35
1812.7 0 2 1 1 1 1 1 1 22 35
1864.01 0 2 1 1 0 0 2 1 22 35
1884.48 0 2 1 1 0 1 2 2 22 34
1888.71 0 1 1 1 0 1 1 2 23 34
1891.5 0 1 1 1 0 0 1 1 23 35
1968.47 0 2 1 1 0 0 2 1 22 35
1992.45 0 2 1 1 1 1 1 1 22 35
1993.85 0 1 1 1 0 1 1 2 22 35
2017.69 0 2 1 1 1 1 1 1 22 35
2017.85 0 2 1 1 1 0 1 0 22 36
2019.6 0 2 1 1 1 1 1 1 22 35
2035.45 0 3 1 1 2 1 1 0 22 35
2046.74 0 3 2 2 2 0 1 0 22 35
2059.82 0 2 2 2 1 0 1 1 22 35
2063.41 0 1 2 2 1 0 0 1 23 35
2065.81 0 2 2 2 2 0 0 0 23 35
2070.6 0 3 2 2 2 0 1 0 22 35
2071.51 1 4 2 2 1 0 1 0 22 35
2073.34 1 3 2 2 1 0 0 0 23 35
2074.52 1 2 2 2 0 0 0 1 23 35
2077.4 1 2 2 2 0 1 0 2 23 34
2096.39 1 2 2 2 0 2 0 3 23 33
2102.78 1 2 2 2 0 3 0 4 23 32
2108.88 1 2 2 2 0 2 0 3 23 33
2110.49 1 2 1 1 0 3 0 3 23 33
2111.19 1 2 2 2 0 2 0 3 23 33
2121.62 0 1 2 2 1 2 0 3 23 33
2125.29 0 1 2 2 1 1 0 2 23 34
2126.46 0 1 3 3 1 0 0 2 23 34
2128.72 0 0 3 3 0 0 0 3 23 34
2169.08 0 0 2 2 0 1 0 3 23 34
2179.02 0 1 2 2 0 1 1 3 22 34
2187.36 0 1 1 1 0 2 1 3 22 34
2195.21 0 0 1 1 0 2 0 3 23 34
2198.23 0 0 1 1 0 1 0 2 23 35
2204.2 0 1 1 1 0 1 1 2 22 35
2229.01 0 2 1 1 1 1 1 1 22 35
2236.12 1 3 1 1 0 1 1 1 22 35
2238.9 1 4 1 1 0 1 2 1 21 35
2238.92 1 3 1 1 0 1 1 1 22 35
2239.3 1 4 1 1 1 1 1 0 22 35
2250.94 0 3 1 1 2 1 1 0 22 35
2251.27 1 4 1 1 1 1 1 0 22 35
2255.45 1 4 2 2 1 0 1 0 22 35
2262.25 1 4 1 1 1 1 1 0 22 35
2269.31 1 3 1 1 1 1 0 0 23 35
2271.21 2 4 1 1 0 1 0 0 23 35
2271.98 1 3 1 1 1 1 0 0 23 35
2273.3 1 3 1 1 0 0 1 0 23 35
2289.01 1 2 1 1 0 0 0 0 24 35
2302.89 1 2 1 1 0 1 0 1 24 34
2342.13 1 3 1 1 0 1 1 1 23 34
2345.53 1 3 1 1 0 0 1 0 23 35
2370.37 1 2 1 1 0 0 0 0 24 35
2401.83 0 1 1 1 1 0 0 0 24 35
2402.21 0 0 1 1 0 0 0 1 24 35
2491.12 0 0 0 0 0 1 0 1 24 35
2512.56 0 0 0 0 0 2 0 2 24 34
2514.55 0 1 0 0 1 2 0 1 24 34
2516.89 0 0 0 0 0 2 0 2 24 34
2538.62 0 0 0 0 0 1 0 1 24 35
2551.72 0 0 0 0 0 2 0 2 24 34
2554.23 0 0 1 1 0 1 0 2 24 34
2580.85 0 1 1 1 1 1 0 1 24 34
2584.32 1 2 1 1 0 1 0 1 24 34
2604.61 1 2 0 0 0 2 0 1 24 34
2617.56 1 2 0 0 0 1 0 0 24 35
2619.77 0 1 0 0 1 1 0 0 24 35
2623.1 0 1 0 0 0 0 1 0 24 35
2641.54 0 0 0 0 0 0 0 0 25 35
2709.3 0 1 0 0 0 0 1 0 24 35
2750.88 0 0 0 0 0 0 0 0 25 35
2768.15 0 1 0 0 0 0 1 0 24 35
2816.58 0 2 0 0 0 0 2 0 23 35
2829.89 0 2 0 0 0 1 2 1 23 34
2834.86 0 2 0 0 1 2 1 1 23 34
2854.03 0 1 0 0 1 2 0 1 24 34
2859.88 0 2 0 0 2 2 0 0 24 34
2863.53 1 3 0 0 1 2 0 0 24 34
2868.7 1 2 0 0 0 2 0 1 24 34
2895.86 1 3 0 0 1 2 0 0 24 34
2900.15 1 2 0 0 0 2 0 1 24 34
2930.82 1 2 1 1 0 1 0 1 24 34
2939.56 1 2 1 1 0 2 0 2 24 33
2944.87 0 1 1 1 1 2 0 2 24 33
2945.42 0 2 1 1 1 2 1 2 23 33
2949.32 0 1 1 1 1 2 0 2 24 33
2949.88 0 0 1 1 0 2 0 3 24 33
2952.64 0 0 1 1 0 1 0 2 24 34
2958.33 0 0 1 1 0 0 0 1 24 35
2958.33 0 0 1 1 0 0 0 1 24 35
