0 60 120 60 60 0 0 0 0 0 0
0.00388198 59 119 60 60 1 0 0 0 0 0
0.0419724 58 118 60 60 2 0 0 0 0 0
0.0494547 58 118 59 59 2 1 0 0 0 0
0.0545395 58 118 58 58 2 2 0 0 0 0
0.0623383 58 118 57 57 2 3 0 0 0 0
0.0761979 58 118 56 56 2 4 0 0 0 0
0.0815892 57 117 56 56 3 4 0 0 0 0
0.113574 56 116 56 56 4 4 0 0 0 0
0.115086 56 116 55 55 4 5 0 0 0 0
0.129512 55 115 55 55 5 5 0 0 0 0
0.130211 55 115 54 54 5 6 0 0 0 0
0.140498 54 114 54 54 6 6 0 0 0 0
0.140794 54 114 53 53 6 7 0 0 0 0
0.146218 53 113 53 53 7 7 0 0 0 0
0.149732 52 112 53 53 8 7 0 0 0 0
0.159484 51 111 53 53 9 7 0 0 0 0
0.168241 50 110 53 53 10 7 0 0 0 0
0.175203 49 109 53 53 11 7 0 0 0 0
0.192284 48 108 53 53 12 7 0 0 0 0
0.192483 48 108 52 52 12 8 0 0 0 0
0.223463 47 107 52 52 13 8 0 0 0 0
0.227626 47 107 51 51 13 9 0 0 0 0
0.228447 47 107 50 50 13 10 0 0 0 0
0.231774 47 107 49 49 13 11 0 0 0 0
0.236129 46 106 49 49 14 11 0 0 0 0
0.247856 46 106 48 48 14 12 0 0 0 0
0.248793 46 105 48 48 13 12 0 1 0 0
0.28388 46 104 48 48 12 12 0 2 0 0
0.28868 46 104 47 47 12 13 0 2 0 0
0.289455 45 103 47 47 13 13 0 2 0 0
0.291737 44 102 47 47 14 13 0 2 0 0
0.344271 43 101 47 47 15 13 0 2 0 0
0.411931 43 101 46 46 15 14 0 2 0 0
0.423027 42 100 46 46 16 14 0 2 0 0
0.423767 41 99 46 46 17 14 0 2 0 0
0.452112 40 98 46 46 18 14 0 2 0 0
0.455068 40 97 46 46 17 14 0 3 0 0
0.457399 40 97 46 46 16 13 1 3 0 0
0.461317 40 97 45 45 16 14 1 3 0 0
0.469501 40 97 44 44 16 15 1 3 0 0
0.472766 39 96 44 44 17 15 1 3 0 0
0.497103 39 96 44 44 16 14 2 3 0 0
0.550773 38 95 44 44 17 14 2 3 0 0
0.557366 38 94 44 44 17 14 1 3 1 0
0.590852 38 94 43 43 17 15 1 3 1 0
0.612139 37 93 43 43 18 15 1 3 1 0
0.653624 36 92 43 43 19 15 1 3 1 0
0.668686 35 91 43 43 20 15 1 3 1 0
0.736735 35 90 43 43 19 15 1 4 1 0
0.751964 35 90 43 43 19 14 1 3 1 1
0.766394 35 90 42 42 19 15 1 3 1 1
0.819386 34 89 42 42 20 15 1 3 1 1
0.829528 34 88 42 42 19 15 1 4 1 1
0.873779 33 87 42 42 20 15 1 4 1 1
0.883392 33 86 42 42 20 15 0 4 2 1
0.884244 33 86 41 41 20 16 0 4 2 1
0.887687 32 85 41 41 21 16 0 4 2 1
0.918425 32 84 41 41 20 16 0 5 2 1
0.929759 32 83 41 41 19 16 0 6 2 1
0.9377 32 82 41 41 18 16 0 7 2 1
0.949781 31 81 41 41 19 16 0 7 2 1
0.954899 31 81 40 40 19 17 0 7 2 1
0.976628 30 80 40 40 20 17 0 7 2 1
0.980958 30 80 39 39 20 18 0 7 2 1
1.01545 29 79 39 39 21 18 0 7 2 1
1.03673 29 79 39 39 20 17 1 7 2 1
1.03813 29 79 38 38 20 18 1 7 2 1
1.11841 29 79 37 37 20 19 1 7 2 1
1.13925 28 78 37 37 21 19 1 7 2 1
1.14048 27 77 37 37 22 19 1 7 2 1
1.14315 27 76 37 37 21 19 1 8 2 1
1.15997 27 75 37 37 20 19 1 9 2 1
1.21148 27 74 37 37 19 19 1 10 2 1
1.2227 27 73 37 37 18 19 1 11 2 1
1.23283 26 72 37 37 19 19 1 11 2 1
1.25199 25 71 37 37 20 19 1 11 2 1
1.27857 24 70 37 37 21 19 1 11 2 1
1.27944 24 69 37 37 20 19 1 12 2 1
1.29639 24 68 37 37 19 19 1 13 2 1
1.34474 24 67 37 37 18 19 1 14 2 1
1.41453 24 67 36 36 18 20 1 14 2 1
1.43578 23 66 36 36 19 20 1 14 2 1
1.51757 23 66 35 35 19 21 1 14 2 1
1.53375 23 66 34 34 19 22 1 14 2 1
1.54585 23 66 33 33 19 23 1 14 2 1
1.56479 23 66 32 32 19 24 1 14 2 1
1.58962 22 65 32 32 20 24 1 14 2 1
1.62521 22 65 32 32 19 23 2 14 2 1
1.63251 22 65 32 32 19 22 2 13 2 2
1.6701 22 65 31 31 19 23 2 13 2 2
1.70694 22 64 31 31 18 23 2 14 2 2
1.71656 22 63 31 31 17 23 2 15 2 2
1.80211 22 62 31 31 16 23 2 16 2 2
1.82942 22 62 31 31 15 22 3 16 2 2
1.85234 22 62 31 31 14 21 4 16 2 2
1.88491 22 62 31 31 13 20 5 16 2 2
1.93928 22 61 31 31 12 20 5 17 2 2
1.95576 21 60 31 31 13 20 5 17 2 2
1.98999 20 59 31 31 14 20 5 17 2 2
2.0003 19 58 31 31 15 20 5 17 2 2
2.01157 18 57 31 31 16 20 5 17 2 2
2.02957 17 56 31 31 17 20 5 17 2 2
2.071 17 56 31 31 17 19 5 16 2 3
2.08214 16 55 31 31 18 19 5 16 2 3
2.08711 15 54 31 31 19 19 5 16 2 3
2.10761 14 53 31 31 20 19 5 16 2 3
2.11498 14 53 30 30 20 20 5 16 2 3
2.12065 14 53 30 30 20 19 5 15 2 4
2.26188 14 53 29 29 20 20 5 15 2 4
2.28812 14 53 29 29 19 19 6 15 2 4
2.29131 14 53 29 29 19 18 6 14 2 5
2.37383 13 52 29 29 20 18 6 14 2 5
2.38501 13 51 29 29 19 18 6 15 2 5
2.42334 12 50 29 29 20 18 6 15 2 5
2.42523 11 49 29 29 21 18 6 15 2 5
2.49606 11 48 29 29 20 18 6 16 2 5
2.53291 11 47 29 29 19 18 6 17 2 5
2.53978 11 46 29 29 18 18 6 18 2 5
2.55527 11 45 29 29 18 18 5 18 3 5
2.56273 11 44 29 29 18 18 4 18 4 5
2.58445 11 44 28 28 18 19 4 18 4 5
2.59721 11 44 28 28 17 18 5 18 4 5
2.61138 11 43 28 28 16 18 5 19 4 5
2.66362 11 42 28 28 15 18 5 20 4 5
2.66744 11 42 28 28 15 17 5 19 4 6
2.7291 11 42 28 28 15 16 5 18 4 7
2.74434 11 42 27 27 15 17 5 18 4 7
2.74557 11 42 27 27 14 16 6 18 4 7
2.83763 11 42 26 26 14 17 6 18 4 7
2.8616 10 41 26 26 15 17 6 18 4 7
2.89812 10 40 26 26 14 17 6 19 4 7
2.90906 10 40 26 26 14 16 6 18 4 8
2.93663 10 39 26 26 13 16 6 19 4 8
2.95947 10 39 25 25 13 17 6 19 4 8
3.03687 10 38 25 25 13 17 5 19 5 8
3.04267 10 38 25 25 13 16 5 18 5 9
3.04536 10 37 25 25 12 16 5 19 5 9
3.11169 10 36 25 25 11 16 5 20 5 9
3.1913 10 35 25 25 10 16 5 21 5 9
3.24176 10 35 24 24 10 17 5 21 5 9
3.28125 10 35 24 24 10 16 5 20 5 10
3.46151 10 35 23 23 10 17 5 20 5 10
3.57231 9 34 23 23 11 17 5 20 5 10
3.58666 9 34 22 22 11 18 5 20 5 10
3.64797 9 34 22 22 10 17 6 20 5 10
3.69467 9 34 22 22 10 16 6 19 5 11
3.78793 9 34 21 21 10 17 6 19 5 11
3.79794 9 34 21 21 10 16 6 18 5 12
4.06823 9 33 21 21 10 16 5 18 6 12
4.18439 9 33 20 20 10 17 5 18 6 12
4.38408 8 32 20 20 11 17 5 18 6 12
4.51249 7 31 20 20 12 17 5 18 6 12
4.52873 7 30 20 20 12 17 4 18 7 12
4.55342 6 29 20 20 13 17 4 18 7 12
4.66514 6 29 19 19 13 18 4 18 7 12
4.75559 6 29 19 19 13 17 4 17 7 13
5.30999 6 29 19 19 12 16 5 17 7 13
5.48731 6 29 18 18 12 17 5 17 7 13
5.55467 7 30 18 18 11 17 5 17 7 13
5.60071 7 30 18 18 11 16 5 16 7 14
5.68167 6 29 18 18 12 16 5 16 7 14
5.69775 6 28 18 18 11 16 5 17 7 14
5.76826 6 27 18 18 10 16 5 18 7 14
5.81608 6 26 18 18 10 16 4 18 8 14
5.94996 6 26 18 18 10 15 4 17 8 15
5.97138 6 26 17 17 10 16 4 17 8 15
6.57689 5 25 17 17 11 16 4 17 8 15
6.67528 5 25 17 17 11 15 4 16 8 16
6.7345 5 25 16 16 11 16 4 16 8 16
6.74094 5 25 16 16 11 15 4 15 8 17
6.85633 5 25 15 15 11 16 4 15 8 17
6.89974 5 25 15 15 10 15 5 15 8 17
6.94035 5 25 15 15 10 14 5 14 8 18
7.00772 5 25 14 14 10 15 5 14 8 18
7.03707 5 25 13 13 10 16 5 14 8 18
7.33212 5 25 12 12 10 17 5 14 8 18
7.47684 6 26 12 12 9 17 5 14 8 18
7.48648 6 26 12 12 9 16 5 13 8 19
7.54098 6 25 12 12 8 16 5 14 8 19
7.69667 6 25 12 12 8 15 5 13 8 20
7.8257 5 24 12 12 9 15 5 13 8 20
7.99953 5 23 12 12 9 15 4 13 9 20
8.26764 5 22 12 12 8 15 4 14 9 20
8.49506 5 22 12 12 8 14 4 13 9 21
8.52076 5 22 11 11 8 15 4 13 9 21
8.59895 5 22 10 10 8 16 4 13 9 21
8.72232 5 22 10 10 7 15 5 13 9 21
8.80781 5 22 9 9 7 16 5 13 9 21
9.13434 5 22 8 8 7 17 5 13 9 21
9.29707 6 23 8 8 6 17 5 13 9 21
9.45922 6 22 8 8 6 17 4 13 10 21
9.78896 6 22 8 8 6 16 4 12 10 22
9.94927 5 21 8 8 7 16 4 12 10 22
10.075 4 20 8 8 8 16 4 12 10 22
10.1612 4 20 8 8 8 15 4 11 10 23
10.9103 3 19 8 8 9 15 4 11 10 23
10.9157 3 19 8 8 8 14 5 11 10 23
11.0836 3 19 7 7 8 15 5 11 10 23
11.8565 3 19 7 7 8 14 5 10 10 24
11.8794 3 19 7 7 8 13 5 9 10 25
11.9151 3 18 7 7 7 13 5 10 10 25
12.4554 3 17 7 7 7 13 4 10 11 25
12.5024 3 17 7 7 7 12 4 9 11 26
12.6835 3 18 7 7 8 12 4 8 11 26
12.7091 3 18 7 7 8 11 4 7 11 27
12.732 3 18 7 7 7 10 5 7 11 27
13.0107 2 17 7 7 8 10 5 7 11 27
13.0129 2 17 7 7 8 9 5 6 11 28
13.5768 2 16 7 7 8 9 4 6 12 28
13.6167 2 16 7 7 8 8 4 5 12 29
13.9973 3 17 7 7 7 8 4 5 12 29
14.0634 3 17 7 7 6 7 5 5 12 29
14.5935 3 17 7 7 5 6 6 5 12 29
14.8946 3 17 6 6 5 7 6 5 12 29
14.9148 3 16 6 6 5 7 5 5 13 29
15.7553 3 16 6 6 5 6 5 4 13 30
15.8167 3 16 5 5 5 7 5 4 13 30
16.7077 3 15 5 5 4 7 5 5 13 30
16.7325 3 14 5 5 3 7 5 6 13 30
16.9328 3 14 5 5 3 6 5 5 13 31
17.2756 3 13 5 5 3 6 4 5 14 31
18.475 4 14 5 5 2 6 4 5 14 31
18.7136 3 13 5 5 3 6 4 5 14 31
18.9183 3 13 5 5 3 5 4 4 14 32
19.2153 3 12 5 5 3 5 3 4 15 32
19.5682 3 13 5 5 4 5 3 3 15 32
20.0168 3 12 5 5 4 5 2 3 16 32
20.966 3 11 5 5 3 5 2 4 16 32
21.2444 3 10 5 5 2 5 2 5 16 32
21.2524 3 9 5 5 1 5 2 6 16 32
23.8841 2 8 5 5 2 5 2 6 16 32
24.669 2 9 5 5 3 5 2 5 16 32
25.6273 2 8 5 5 2 5 2 6 16 32
26.0756 2 8 4 4 2 6 2 6 16 32
27.5401 2 7 4 4 2 6 1 6 17 32
29.6254 2 7 4 4 2 5 1 5 17 33
29.7248 2 7 4 4 1 4 2 5 17 33
30.2609 2 7 4 4 1 3 2 4 17 34
31.6641 2 6 4 4 1 3 1 4 18 34
33.3275 1 5 4 4 2 3 1 4 18 34
41.0956 0 4 4 4 3 3 1 4 18 34
46.8431 0 3 4 4 2 3 1 5 18 34
48.3386 0 3 4 4 1 2 2 5 18 34
51.8068 0 3 3 3 1 3 2 5 18 34
59.1004 0 2 3 3 1 3 1 5 19 34
59.4728 0 2 2 2 1 4 1 5 19 34
62.1789 0 2 2 2 1 3 1 4 19 35
71.1268 0 2 3 3 1 2 1 4 19 35
71.3336 0 2 4 4 1 1 1 4 19 35
82.5085 0 2 3 3 1 2 1 4 19 35
92.9378 0 2 2 2 1 3 1 4 19 35
93.0453 0 2 2 2 1 4 1 5 19 34
94.9085 1 3 2 2 0 4 1 5 19 34
96.5056 1 4 2 2 1 4 1 4 19 34
103.062 0 3 2 2 2 4 1 4 19 34
111.496 0 3 2 2 1 3 2 4 19 34
119.469 0 3 1 1 1 4 2 4 19 34
120.822 0 3 1 1 1 3 2 3 19 35
124.174 0 4 1 1 2 3 2 2 19 35
124.88 0 3 1 1 1 3 2 3 19 35
131.806 1 4 1 1 0 3 2 3 19 35
133.717 1 4 1 1 0 2 2 2 19 36
151.572 1 4 2 2 0 1 2 2 19 36
158.085 1 4 2 2 0 2 2 3 19 35
161.456 1 3 2 2 0 2 1 3 20 35
170.866 1 3 2 2 0 1 1 2 20 36
175.061 0 2 2 2 1 1 1 2 20 36
179.587 0 2 1 1 1 2 1 2 20 36
180.913 0 2 1 1 0 1 2 2 20 36
214.495 0 3 1 1 1 1 2 1 20 36
228.105 0 3 1 1 0 0 3 1 20 36
271.546 0 2 1 1 0 0 2 1 21 36
296.009 0 3 1 1 0 0 3 1 20 36
297.923 0 2 1 1 0 0 2 1 21 36
305.652 0 3 1 1 0 0 3 1 20 36
329.577 0 3 1 1 1 1 2 1 20 36
337.839 0 3 2 2 1 0 2 1 20 36
346.48 0 2 2 2 1 0 1 1 21 36
354.56 1 3 2 2 0 0 1 1 21 36
365.396 1 4 2 2 1 0 1 0 21 36
366.011 1 3 2 2 1 0 0 0 22 36
374.723 1 2 2 2 0 0 0 1 22 36
380.992 1 2 2 2 0 1 0 2 22 35
386.831 1 2 2 2 0 0 0 1 22 36
387.064 1 2 1 1 0 1 0 1 22 36
402.907 0 1 1 1 1 1 0 1 22 36
408.416 1 2 1 1 0 1 0 1 22 36
424.344 1 3 1 1 1 1 0 0 22 36
424.568 0 2 1 1 2 1 0 0 22 36
433.864 1 3 1 1 1 1 0 0 22 36
436.883 1 2 1 1 0 1 0 1 22 36
456.618 0 1 1 1 1 1 0 1 22 36
483.641 1 2 1 1 0 1 0 1 22 36
498.946 1 2 2 2 0 0 0 1 22 36
530.765 1 3 2 2 0 0 1 1 21 36
540.161 1 3 2 2 0 1 1 2 21 35
555.294 1 4 2 2 0 1 2 2 20 35
559.506 1 4 3 3 0 0 2 2 20 35
561.94 1 4 3 3 0 1 2 3 20 34
569.512 1 3 3 3 0 1 1 3 21 34
572.727 1 2 3 3 0 1 0 3 22 34
574.889 1 2 2 2 0 2 0 3 22 34
576.165 0 1 2 2 1 2 0 3 22 34
576.623 0 2 2 2 2 2 0 2 22 34
585.752 0 2 2 2 1 1 1 2 22 34
593.238 0 3 2 2 2 1 1 1 22 34
595.327 1 4 2 2 1 1 1 1 22 34
595.897 2 5 2 2 0 1 1 1 22 34
608.348 1 4 2 2 1 1 1 1 22 34
615.362 1 4 1 1 1 2 1 1 22 34
616.037 1 4 1 1 1 1 1 0 22 35
627.746 1 4 1 1 1 2 1 1 22 34
633.293 1 4 1 1 1 1 1 0 22 35
635.374 1 4 1 1 1 2 1 1 22 34
638.061 1 5 1 1 1 2 2 1 21 34
640.433 0 4 1 1 2 2 2 1 21 34
644.349 0 3 1 1 2 2 1 1 22 34
650.674 0 2 1 1 2 2 0 1 23 34
658.543 0 2 1 1 1 1 1 1 23 34
658.623 1 3 1 1 0 1 1 1 23 34
665.831 1 2 1 1 0 1 0 1 24 34
681.895 0 1 1 1 1 1 0 1 24 34
683.253 0 0 1 1 0 1 0 2 24 34
684.573 0 0 1 1 0 2 0 3 24 33
691.179 0 0 1 1 0 1 0 2 24 34
716.364 0 0 2 2 0 0 0 2 24 34
719.607 0 0 1 1 0 1 0 2 24 34
734.777 0 0 1 1 0 0 0 1 24 35
736.104 0 0 0 0 0 1 0 1 24 35
783.165 0 1 0 0 0 1 1 1 23 35
784.099 0 2 0 0 0 1 2 1 22 35
788.613 0 1 0 0 0 1 1 1 23 35
790.302 0 1 0 0 0 2 1 2 23 34
796.959 0 1 0 0 0 1 1 1 23 35
825.993 0 2 0 0 0 1 2 1 22 35
831.521 0 3 0 0 0 1 3 1 21 35
833.091 0 3 0 0 0 2 3 2 21 34
834.52 0 3 0 0 1 3 2 2 21 34
843.013 0 3 1 1 1 2 2 2 21 34
844.915 1 4 1 1 0 2 2 2 21 34
845.657 1 5 1 1 0 2 3 2 20 34
845.911 1 5 1 1 0 1 3 1 20 35
854.241 1 4 1 1 0 1 2 1 21 35
855.757 0 3 1 1 1 1 2 1 21 35
863.281 0 4 1 1 2 1 2 0 21 35
865.288 0 3 1 1 2 1 1 0 22 35
869.312 0 2 1 1 1 1 1 1 22 35
874.054 1 3 1 1 0 1 1 1 22 35
885.366 0 2 1 1 1 1 1 1 22 35
889.471 1 3 1 1 0 1 1 1 22 35
894.232 1 3 0 0 0 2 1 1 22 35
912.413 1 3 0 0 0 1 1 0 22 36
932.806 1 3 0 0 0 2 1 1 22 35
950.374 1 2 0 0 0 2 0 1 23 35
956.425 1 3 0 0 1 2 0 0 23 35
956.775 2 4 0 0 0 2 0 0 23 35
960.779 2 5 0 0 0 2 1 0 22 35
973.303 2 5 0 0 1 3 0 0 22 35
982.791 2 6 0 0 1 3 1 0 21 35
982.948 2 5 0 0 1 3 0 0 22 35
983.897 2 4 0 0 0 3 0 1 22 35
985.955 1 3 0 0 1 3 0 1 22 35
986.178 1 2 0 0 0 3 0 2 22 35
987.766 1 2 0 0 0 2 0 1 22 36
998.078 1 2 1 1 0 1 0 1 22 36
1001.96 0 1 1 1 1 1 0 1 22 36
1005.93 0 1 1 1 1 2 0 2 22 35
1011.29 0 2 1 1 2 2 0 1 22 35
1012.57 1 3 1 1 1 2 0 1 22 35
1022.01 1 3 1 1 1 1 0 0 22 36
1029.39 1 3 0 0 1 2 0 0 22 36
1030.08 0 2 0 0 2 2 0 0 22 36
1046.69 0 2 0 0 1 1 1 0 22 36
1046.94 0 1 0 0 0 1 1 1 22 36
1117.98 0 1 0 0 0 2 1 2 22 35
1120.61 0 2 0 0 1 2 1 1 22 35
1125.19 1 3 0 0 0 2 1 1 22 35
1138.58 1 3 0 0 0 1 1 0 22 36
1140.4 0 2 0 0 1 1 1 0 22 36
1142.91 0 1 0 0 0 1 1 1 22 36
1154.66 0 2 0 0 0 1 2 1 21 36
1166.46 0 1 0 0 0 1 1 1 22 36
1179.69 0 1 0 0 0 2 1 2 22 35
1202.28 0 1 0 0 0 1 1 1 22 36
1214.33 0 1 1 1 0 0 1 1 22 36
1221.08 0 1 1 1 0 1 1 2 22 35
1227.49 0 2 1 1 0 1 2 2 21 35
1250.6 0 3 1 1 0 1 3 2 20 35
1252.99 0 2 1 1 0 1 2 2 21 35
1253.1 0 3 1 1 0 1 3 2 20 35
1253.12 0 4 1 1 0 1 4 2 19 35
1255.93 0 3 1 1 0 1 3 2 20 35
1264.43 0 4 1 1 0 1 4 2 19 35
1276.6 0 3 1 1 0 1 3 2 20 35
1277.81 0 4 1 1 1 1 3 1 20 35
1281.62 0 3 1 1 1 1 2 1 21 35
1286.94 0 4 1 1 1 1 3 1 20 35
1290.03 0 5 1 1 1 1 4 1 19 35
1291.42 0 4 1 1 0 1 4 2 19 35
1300.12 0 3 1 1 0 1 3 2 20 35
1335.99 0 4 1 1 1 1 3 1 20 35
1346.47 0 3 1 1 0 1 3 2 20 35
1351.07 0 2 1 1 0 1 2 2 21 35
1362.33 0 1 1 1 0 1 1 2 22 35
1378.55 0 1 1 1 0 0 1 1 22 36
1380.13 0 0 1 1 0 0 0 1 23 36
1457.65 0 1 1 1 0 0 1 1 22 36
1461.65 0 1 1 1 1 1 0 1 22 36
1476.34 0 1 1 1 1 2 0 2 22 35
1481.98 0 1 1 1 0 1 1 2 22 35
1484.9 0 1 1 1 0 2 1 3 22 34
1491.16 0 1 1 1 0 1 1 2 22 35
1494.46 0 1 1 1 0 2 1 3 22 34
1509.92 0 1 1 1 0 1 1 2 22 35
1515.74 0 1 1 1 0 0 1 1 22 36
1525.17 0 2 1 1 0 0 2 1 21 36
1547.5 0 3 1 1 0 0 3 1 20 36
1560.9 0 3 1 1 1 1 2 1 20 36
1561.39 0 2 1 1 0 1 2 2 20 36
1562.47 0 1 1 1 0 1 1 2 21 36
1565.39 0 2 1 1 1 1 1 1 21 36
1572.73 0 3 1 1 1 1 2 1 20 36
1580.79 0 2 1 1 1 1 1 1 21 36
1597.97 1 3 1 1 0 1 1 1 21 36
1616.33 1 3 2 2 0 0 1 1 21 36
1619.78 1 3 2 2 0 1 1 2 21 35
1624 0 2 2 2 1 1 1 2 21 35
1636.01 0 1 2 2 1 1 0 2 22 35
1654.17 0 0 2 2 0 1 0 3 22 35
1656.75 0 1 2 2 1 1 0 2 22 35
1660.79 0 1 2 2 1 0 0 1 22 36
1673.25 0 2 2 2 1 0 1 1 21 36
1694.39 1 3 2 2 0 0 1 1 21 36
1701.38 0 2 2 2 1 0 1 1 21 36
1728.95 0 1 2 2 1 0 0 1 22 36
1746.76 0 2 2 2 2 0 0 0 22 36
1762.28 1 3 2 2 1 0 0 0 22 36
1766.04 1 2 2 2 0 0 0 1 22 36
1767.35 1 3 2 2 1 0 0 0 22 36
1796.63 0 2 2 2 2 0 0 0 22 36
1804.12 1 3 2 2 1 0 0 0 22 36
1804.23 1 3 2 2 1 1 0 1 22 35
1805.38 0 2 2 2 2 1 0 1 22 35
1813.75 0 2 2 2 2 2 0 2 22 34
1817.64 0 2 1 1 2 3 0 2 22 34
1819.5 0 2 1 1 1 2 1 2 22 34
1825.45 0 2 1 1 1 3 1 3 22 33
1826.3 0 2 1 1 1 2 1 2 22 34
1830.17 0 1 1 1 0 2 1 3 22 34
1835.37 0 1 1 1 1 3 0 3 22 34
1837.59 0 1 2 2 1 2 0 3 22 34
1842.45 0 2 2 2 2 2 0 2 22 34
1847.33 0 2 1 1 2 3 0 2 22 34
1853.18 0 1 1 1 1 3 0 3 22 34
1853.88 0 1 1 1 1 2 0 2 22 35
1862.33 0 1 1 1 1 1 0 1 22 36
1900.72 0 1 1 1 1 0 0 0 22 37
1924.45 0 1 1 1 1 1 0 1 22 36
1933.21 0 1 2 2 1 0 0 1 22 36
1935.3 0 1 2 2 1 1 0 2 22 35
1939.85 1 2 2 2 0 1 0 2 22 35
1940.17 1 2 2 2 0 2 0 3 22 34
1944.65 1 3 2 2 1 2 0 2 22 34
1948.99 0 2 2 2 2 2 0 2 22 34
1960.6 0 3 2 2 3 2 0 1 22 34
1962.5 1 4 2 2 2 2 0 1 22 34
1964.25 0 3 2 2 3 2 0 1 22 34
1966.65 0 3 1 1 3 3 0 1 22 34
1974.92 0 3 2 2 3 2 0 1 22 34
1979.86 0 3 2 2 3 3 0 2 22 33
1986.07 1 4 2 2 2 3 0 2 22 33
1990.34 1 4 1 1 2 4 0 2 22 33
1990.55 1 4 1 1 2 3 0 1 22 34
2002 1 3 1 1 1 3 0 2 22 34
2014.84 1 4 1 1 2 3 0 1 22 34
2019.63 2 5 1 1 1 3 0 1 22 34
2023.72 1 4 1 1 2 3 0 1 22 34
2025.84 1 5 1 1 2 3 1 1 21 34
2034.39 0 4 1 1 3 3 1 1 21 34
2034.62 0 4 1 1 2 2 2 1 21 34
2034.7 0 3 1 1 1 2 2 2 21 34
2035.19 1 4 1 1 0 2 2 2 21 34
2037.82 1 3 1 1 0 2 1 2 22 34
2040.6 1 4 1 1 0 2 2 2 21 34
2047.01 1 4 1 1 0 3 2 3 21 33
2048.37 1 4 1 1 0 2 2 2 21 34
2051.12 0 3 1 1 1 2 2 2 21 34
2053.55 0 3 1 1 1 1 2 1 21 35
2057.59 1 4 1 1 0 1 2 1 21 35
2058.09 1 3 1 1 0 1 1 1 22 35
2063.38 1 3 0 0 0 2 1 1 22 35
2075.27 1 3 0 0 0 3 1 2 22 34
2079.39 1 4 0 0 1 3 1 1 22 34
2080.13 1 4 0 0 1 2 1 0 22 35
2080.79 1 4 1 1 1 1 1 0 22 35
2082.56 1 5 1 1 1 1 2 0 21 35
2087.53 1 4 1 1 0 1 2 1 21 35
2091.79 1 4 1 1 0 2 2 2 21 34
2102.24 1 3 1 1 0 2 1 2 22 34
2104.96 1 3 1 1 0 1 1 1 22 35
2122.11 1 2 1 1 0 1 0 1 23 35
2124.01 1 3 1 1 1 1 0 0 23 35
2132.8 1 2 1 1 0 1 0 1 23 35
2150.14 1 2 1 1 0 2 0 2 23 34
2165.83 1 2 1 1 0 1 0 1 23 35
2173.97 1 3 1 1 1 1 0 0 23 35
2181.28 1 4 1 1 1 1 1 0 22 35
2183.4 1 4 1 1 1 2 1 1 22 34
2185.34 1 4 1 1 1 1 1 0 22 35
2188.93 1 3 1 1 0 1 1 1 22 35
2198.45 1 2 1 1 0 1 0 1 23 35
2208.93 1 3 1 1 0 1 1 1 22 35
2247.87 0 2 1 1 1 1 1 1 22 35
2251.4 0 1 1 1 1 1 0 1 23 35
2269.71 1 2 1 1 0 1 0 1 23 35
2277.19 1 2 1 1 0 0 0 0 23 36
2283.43 1 2 0 0 0 1 0 0 23 36
2326.41 0 1 0 0 1 1 0 0 23 36
2327.13 1 2 0 0 0 1 0 0 23 36
2380.7 0 1 0 0 1 1 0 0 23 36
2387.58 0 2 0 0 1 1 1 0 22 36
2388.94 0 1 0 0 1 1 0 0 23 36
2400.78 0 1 1 1 1 0 0 0 23 36
2443.16 0 0 1 1 0 0 0 1 23 36
2482.36 0 1 1 1 1 0 0 0 23 36
2487.31 0 2 1 1 1 0 1 0 22 36
2540.83 0 1 1 1 1 0 0 0 23 36
2562.44 0 1 0 0 1 1 0 0 23 36
2585.46 0 1 0 0 1 2 0 1 23 35
2601.94 1 2 0 0 0 2 0 1 23 35
2616.56 1 3 0 0 1 2 0 0 23 35
2618.56 0 2 0 0 2 2 0 0 23 35
2629.85 0 2 0 0 2 3 0 1 23 34
2638.61 0 2 0 0 1 2 1 1 23 34
2646.77 0 1 0 0 0 2 1 2 23 34
2658.17 0 1 0 0 0 3 1 3 23 33
2658.66 0 1 0 0 0 2 1 2 23 34
2681.3 0 1 1 1 0 1 1 2 23 34
2683.64 0 1 1 1 0 0 1 1 23 35
2694.8 0 1 0 0 0 1 1 1 23 35
2697.26 0 1 1 1 0 0 1 1 23 35
2707.4 0 1 1 1 0 1 1 2 23 34
2714.74 0 2 1 1 1 1 1 1 23 34
2715.62 0 3 1 1 1 1 2 1 22 34
2716.74 0 2 1 1 1 1 1 1 23 34
2731.12 0 1 1 1 1 1 0 1 24 34
2732.76 0 1 1 1 1 2 0 2 24 33
2743.98 0 1 1 1 0 1 1 2 24 33
2744.85 0 1 2 2 0 0 1 2 24 33
2759.66 0 1 1 1 0 1 1 2 24 33
2763.67 0 2 1 1 0 1 2 2 23 33
2775.16 0 3 1 1 0 1 3 2 22 33
2776.49 0 2 1 1 0 1 2 2 23 33
2806.65 0 3 1 1 0 1 3 2 22 33
2810.26 0 3 2 2 0 0 3 2 22 33
2813.06 0 2 2 2 0 0 2 2 23 33
2813.97 0 2 1 1 0 1 2 2 23 33
2824.32 0 2 1 1 0 0 2 1 23 34
2850.85 0 1 1 1 0 0 1 1 24 34
2880.07 0 1 1 1 0 1 1 2 24 33
2893.58 0 1 2 2 0 0 1 2 24 33
2918.01 0 1 1 1 0 1 1 2 24 33
2928.55 0 1 1 1 0 0 1 1 24 34
2952.44 0 1 1 1 1 1 0 1 24 34
2955.28 0 1 2 2 1 0 0 1 24 34
2960.6 1 2 2 2 0 0 0 1 24 34
2982.23 1 2 2 2 0 1 0 2 24 33
2982.23 1 2 2 2 0 1 0 2 24 33
