0 1 2 1 1 0 0 0 0 0 0
12.4371 0 1 1 1 1 0 0 0 0 0
75.0192 1 2 1 1 0 0 0 0 0 0
87.3323 0 1 1 1 1 0 0 0 0 0
103.253 1 2 1 1 0 0 0 0 0 0
107.175 0 1 1 1 1 0 0 0 0 0
132.125 0 1 0 0 1 1 0 0 0 0
152.784 0 1 0 0 0 0 1 0 0 0
189.953 0 0 0 0 0 0 0 0 1 0
622.647 0 1 0 0 0 0 1 0 0 0
850.835 0 1 0 0 1 1 0 0 0 0
865.67 0 1 0 0 0 0 1 0 0 0
896.319 0 0 0 0 0 0 0 0 1 0
2792.63 0 1 0 0 0 0 1 0 0 0
2816.6 0 1 0 0 1 1 0 0 0 0
2818.23 0 1 1 1 1 0 0 0 0 0
2830.97 0 0 1 1 0 0 0 1 0 0
2831.74 0 0 0 0 0 1 0 1 0 0
2901.24 0 0 1 1 0 0 0 1 0 0
2911.04 0 0 0 0 0 1 0 1 0 0
2935.24 0 0 1 1 0 0 0 1 0 0
2956.38 0 1 1 1 1 0 0 0 0 0
2959.67 1 2 1 1 0 0 0 0 0 0
2961.48 0 1 1 1 1 0 0 0 0 0
2986.09 1 2 1 1 0 0 0 0 0 0
2989.01 0 1 1 1 1 0 0 0 0 0
2999.88 0 0 1 1 0 0 0 1 0 0
2999.88 0 0 1 1 0 0 0 1 0 0
