0 1 2 1 1 0 0 0 0 0 0
7.40511 0 1 1 1 1 0 0 0 0 0
19.6195 0 1 0 0 1 1 0 0 0 0
22.2237 0 1 1 1 1 0 0 0 0 0
26.1799 1 2 1 1 0 0 0 0 0 0
53.715 0 1 1 1 1 0 0 0 0 0
58.1828 1 2 1 1 0 0 0 0 0 0
68.9181 1 2 0 0 0 1 0 0 0 0
177.178 0 1 0 0 1 1 0 0 0 0
180.43 1 2 0 0 0 1 0 0 0 0
204.604 0 1 0 0 1 1 0 0 0 0
207.466 1 2 0 0 0 1 0 0 0 0
208.595 0 1 0 0 1 1 0 0 0 0
214.32 1 2 0 0 0 1 0 0 0 0
237.604 0 1 0 0 1 1 0 0 0 0
249.781 1 2 0 0 0 1 0 0 0 0
307.1 0 1 0 0 1 1 0 0 0 0
308.389 1 2 0 0 0 1 0 0 0 0
338.237 1 2 1 1 0 0 0 0 0 0
351.37 0 1 1 1 1 0 0 0 0 0
365.801 1 2 1 1 0 0 0 0 0 0
383.785 0 1 1 1 1 0 0 0 0 0
391.099 0 1 0 0 1 1 0 0 0 0
450.66 1 2 0 0 0 1 0 0 0 0
469.032 1 2 1 1 0 0 0 0 0 0
487.813 1 2 0 0 0 1 0 0 0 0
523.6 0 1 0 0 1 1 0 0 0 0
540.881 0 1 0 0 0 0 1 0 0 0
568.168 0 0 0 0 0 0 0 0 1 0
1001.03 0 1 0 0 0 0 1 0 0 0
1087.54 0 0 0 0 0 0 0 0 1 0
2036.31 0 1 0 0 0 0 1 0 0 0
2071.19 0 0 0 0 0 0 0 0 1 0
2092.16 0 1 0 0 0 0 1 0 0 0
2160.64 0 0 0 0 0 0 0 0 1 0
2172.35 0 1 0 0 0 0 1 0 0 0
2224.45 0 0 0 0 0 0 0 0 1 0
2224.45 0 0 0 0 0 0 0 0 1 0
