0 1 2 1 1 0 0 0 0 0 0
27.1542 0 1 1 1 1 0 0 0 0 0
27.3388 1 2 1 1 0 0 0 0 0 0
83.0328 0 1 1 1 1 0 0 0 0 0
185.518 1 2 1 1 0 0 0 0 0 0
192.621 0 1 1 1 1 0 0 0 0 0
207.224 0 0 1 1 0 0 0 1 0 0
238.868 0 0 0 0 0 1 0 1 0 0
247.767 0 1 0 0 1 1 0 0 0 0
264.502 0 0 0 0 0 1 0 1 0 0
332.856 0 0 1 1 0 0 0 1 0 0
378.752 0 1 1 1 1 0 0 0 0 0
420.238 1 2 1 1 0 0 0 0 0 0
467.087 1 2 0 0 0 1 0 0 0 0
468.242 0 1 0 0 1 1 0 0 0 0
502.937 0 1 0 0 0 0 1 0 0 0
531.169 0 0 0 0 0 0 0 0 1 0
2720.18 0 1 0 0 0 0 1 0 0 0
2840.83 0 0 0 0 0 0 0 0 1 0
2855.86 0 1 0 0 0 0 1 0 0 0
2855.86 0 1 0 0 0 0 1 0 0 0
