0 1 2 1 1 0 0 0 0 0 0
22.5151 0 1 1 1 1 0 0 0 0 0
62.2945 1 2 1 1 0 0 0 0 0 0
111.759 0 1 1 1 1 0 0 0 0 0
122.104 0 0 1 1 0 0 0 1 0 0
135.928 0 0 0 0 0 1 0 1 0 0
178.466 0 0 0 0 0 0 0 0 0 1
1720.06 0 0 0 0 0 1 0 1 0 0
1732.72 0 1 0 0 1 1 0 0 0 0
1787.69 1 2 0 0 0 1 0 0 0 0
1798.51 0 1 0 0 1 1 0 0 0 0
1798.92 1 2 0 0 0 1 0 0 0 0
1869.63 0 1 0 0 1 1 0 0 0 0
1871.72 1 2 0 0 0 1 0 0 0 0
1903.97 0 1 0 0 1 1 0 0 0 0
1918.22 1 2 0 0 0 1 0 0 0 0
1931.08 1 2 1 1 0 0 0 0 0 0
1953.99 1 2 0 0 0 1 0 0 0 0
1963.16 0 1 0 0 1 1 0 0 0 0
1983.89 0 0 0 0 0 1 0 1 0 0
2096.94 0 0 0 0 0 0 0 0 0 1
2096.94 0 0 0 0 0 0 0 0 0 1
