0 1 2 1 1 0 0 0 0 0 0
13.9981 1 2 0 0 0 1 0 0 0 0
42.8799 1 2 1 1 0 0 0 0 0 0
43.6306 0 1 1 1 1 0 0 0 0 0
47.9746 0 1 0 0 1 1 0 0 0 0
53.4839 1 2 0 0 0 1 0 0 0 0
62.0934 0 1 0 0 1 1 0 0 0 0
72.7128 1 2 0 0 0 1 0 0 0 0
75.137 0 1 0 0 1 1 0 0 0 0
86.9556 0 1 1 1 1 0 0 0 0 0
102.665 0 0 1 1 0 0 0 1 0 0
136.791 0 1 1 1 1 0 0 0 0 0
153.877 1 2 1 1 0 0 0 0 0 0
155.889 1 2 0 0 0 1 0 0 0 0
165.799 0 1 0 0 1 1 0 0 0 0
179.504 1 2 0 0 0 1 0 0 0 0
193.783 0 1 0 0 1 1 0 0 0 0
204.393 0 1 1 1 1 0 0 0 0 0
208.094 0 0 1 1 0 0 0 1 0 0
208.225 0 1 1 1 1 0 0 0 0 0
219.188 1 2 1 1 0 0 0 0 0 0
235.614 0 1 1 1 1 0 0 0 0 0
240.983 0 1 0 0 1 1 0 0 0 0
244.34 1 2 0 0 0 1 0 0 0 0
257.303 0 1 0 0 1 1 0 0 0 0
265.223 0 1 0 0 0 0 1 0 0 0
270.186 0 0 0 0 0 0 0 0 1 0
300.361 0 1 0 0 0 0 1 0 0 0
302.944 0 1 0 0 1 1 0 0 0 0
340.918 1 2 0 0 0 1 0 0 0 0
375.964 0 1 0 0 1 1 0 0 0 0
392.124 1 2 0 0 0 1 0 0 0 0
404.118 1 2 1 1 0 0 0 0 0 0
410.096 0 1 1 1 1 0 0 0 0 0
423.443 1 2 1 1 0 0 0 0 0 0
468.023 0 1 1 1 1 0 0 0 0 0
482.673 1 2 1 1 0 0 0 0 0 0
500.096 0 1 1 1 1 0 0 0 0 0
509.263 0 1 0 0 1 1 0 0 0 0
509.825 0 0 0 0 0 1 0 1 0 0
522.408 0 0 1 1 0 0 0 1 0 0
564.99 0 0 0 0 0 1 0 1 0 0
575.034 0 0 0 0 0 0 0 0 0 1
832.253 0 0 0 0 0 1 0 1 0 0
878.006 0 0 0 0 0 0 0 0 0 1
878.006 0 0 0 0 0 0 0 0 0 1
