0 1 2 1 1 0 0 0 0 0 0
50.9079 0 1 1 1 1 0 0 0 0 0
53.4174 1 2 1 1 0 0 0 0 0 0
54.3652 0 1 1 1 1 0 0 0 0 0
78.5683 1 2 1 1 0 0 0 0 0 0
80.2826 1 2 0 0 0 1 0 0 0 0
99.0159 0 1 0 0 1 1 0 0 0 0
99.9952 0 0 0 0 0 1 0 1 0 0
102.488 0 0 1 1 0 0 0 1 0 0
136.224 0 0 0 0 0 1 0 1 0 0
139.717 0 0 0 0 0 0 0 0 0 1
1201.53 0 0 0 0 0 1 0 1 0 0
1247.15 0 1 0 0 1 1 0 0 0 0
1258.98 0 0 0 0 0 1 0 1 0 0
1261.06 0 1 0 0 1 1 0 0 0 0
1261.48 0 0 0 0 0 1 0 1 0 0
1300.11 0 0 0 0 0 0 0 0 0 1
1960.61 0 0 0 0 0 1 0 1 0 0
1971.28 0 1 0 0 1 1 0 0 0 0
1975.32 0 1 0 0 0 0 1 0 0 0
1987.83 0 0 0 0 0 0 0 0 1 0
1987.83 0 0 0 0 0 0 0 0 1 0
