0 1 2 1 1 0 0 0 0 0 0
24.9866 0 1 1 1 1 0 0 0 0 0
30.8444 0 1 0 0 1 1 0 0 0 0
67.5538 0 1 0 0 0 0 1 0 0 0
99.6711 0 1 0 0 1 1 0 0 0 0
100.908 1 2 0 0 0 1 0 0 0 0
116.561 0 1 0 0 1 1 0 0 0 0
127.26 0 1 1 1 1 0 0 0 0 0
129.872 1 2 1 1 0 0 0 0 0 0
145.559 0 1 1 1 1 0 0 0 0 0
165.173 0 1 0 0 1 1 0 0 0 0
168.02 1 2 0 0 0 1 0 0 0 0
171.375 0 1 0 0 1 1 0 0 0 0
176.79 0 1 0 0 0 0 1 0 0 0
208.688 0 0 0 0 0 0 0 0 1 0
1132.72 0 1 0 0 0 0 1 0 0 0
1135.84 0 1 0 0 1 1 0 0 0 0
1138.65 1 2 0 0 0 1 0 0 0 0
1139.44 0 1 0 0 1 1 0 0 0 0
1142.69 1 2 0 0 0 1 0 0 0 0
1146.76 0 1 0 0 1 1 0 0 0 0
1173.21 0 0 0 0 0 1 0 1 0 0
1176.68 0 1 0 0 1 1 0 0 0 0
1197.25 1 2 0 0 0 1 0 0 0 0
1204.36 1 2 1 1 0 0 0 0 0 0
1254.14 0 1 1 1 1 0 0 0 0 0
1255.66 1 2 1 1 0 0 0 0 0 0
1260.78 1 2 0 0 0 1 0 0 0 0
1268.5 0 1 0 0 1 1 0 0 0 0
1269.74 0 0 0 0 0 1 0 1 0 0
1278.45 0 0 1 1 0 0 0 1 0 0
1393.41 0 1 1 1 1 0 0 0 0 0
1416.23 1 2 1 1 0 0 0 0 0 0
1436.46 0 1 1 1 1 0 0 0 0 0
1438.04 0 1 0 0 1 1 0 0 0 0
1441.6 1 2 0 0 0 1 0 0 0 0
1543.85 0 1 0 0 1 1 0 0 0 0
1574.89 0 1 1 1 1 0 0 0 0 0
1577.32 0 0 1 1 0 0 0 1 0 0
1592.34 0 1 1 1 1 0 0 0 0 0
1614.17 1 2 1 1 0 0 0 0 0 0
1618.57 0 1 1 1 1 0 0 0 0 0
1624.4 1 2 1 1 0 0 0 0 0 0
1674.45 0 1 1 1 1 0 0 0 0 0
1714.25 0 1 0 0 1 1 0 0 0 0
1718.47 0 1 1 1 1 0 0 0 0 0
1732.47 1 2 1 1 0 0 0 0 0 0
1743.55 1 2 0 0 0 1 0 0 0 0
1750.01 0 1 0 0 1 1 0 0 0 0
1782.95 1 2 0 0 0 1 0 0 0 0
1820.06 0 1 0 0 1 1 0 0 0 0
1833.33 0 0 0 0 0 1 0 1 0 0
1910.81 0 0 1 1 0 0 0 1 0 0
1981.06 0 1 1 1 1 0 0 0 0 0
2013.1 1 2 1 1 0 0 0 0 0 0
2023.31 0 1 1 1 1 0 0 0 0 0
2031.92 0 0 1 1 0 0 0 1 0 0
2037.44 0 0 0 0 0 1 0 1 0 0
2124.84 0 1 0 0 1 1 0 0 0 0
2126.09 0 1 0 0 0 0 1 0 0 0
2344.95 0 0 0 0 0 0 0 0 1 0
2344.95 0 0 0 0 0 0 0 0 1 0
