0.09600 3.26400 3 0 0 -1 0 0 0 0 0 0 0 1 0 0 0 0 0 0 0 
0.09600 6.11201 2 0 -1 0 0 0 0 0 0 0 1 0 0 0 0 0 0 0 0 
21.08784 3.96795 1 -1 0 0 0 0 0 0 0 1 0 0 0 0 0 0 0 0 0 
24.03181 5.85592 2 0 -1 0 0 0 0 0 0 0 1 0 0 0 0 0 0 0 0 
28.70374 8.60821 9 0 0 0 0 0 0 0 0 -1 -1 0 0 1 0 0 0 0 0 
37.34395 4.19220 4 0 0 0 -1 0 0 0 0 0 0 0 1 0 0 0 0 0 0 
48.67248 9.31244 13 0 0 0 0 0 0 0 0 0 -1 0 0 -1 0 0 0 1 0 
111.70974 0.00000 19 0 1 0 0 0 0 0 0 0 0 0 0 1 0 0 0 -1 0 
113.53361 0.00000 15 0 1 0 0 0 0 0 0 1 0 0 0 -1 0 0 0 0 0 
111.90172 5.02364 2 0 -1 0 0 0 0 0 0 0 1 0 0 0 0 0 0 0 0 
116.95736 10.78322 9 0 0 0 0 0 0 0 0 -1 -1 0 0 1 0 0 0 0 0 
127.77258 5.69559 2 0 -1 0 0 0 0 0 0 0 1 0 0 0 0 0 0 0 0 
145.17932 7.80743 10 0 0 0 0 0 0 0 0 0 0 -1 -1 0 1 0 0 0 0 
169.75354 0.00000 16 0 0 0 1 0 0 0 0 0 0 1 0 0 -1 0 0 0 0 
169.75354 3.48775 4 0 0 0 -1 0 0 0 0 0 0 0 1 0 0 0 0 0 0 
200.88728 0.00000 15 0 1 0 0 0 0 0 0 1 0 0 0 -1 0 0 0 0 0 
199.35139 8.25540 10 0 0 0 0 0 0 0 0 0 0 -1 -1 0 1 0 0 0 0 
216.50215 0.00000 16 0 0 0 1 0 0 0 0 0 0 1 0 0 -1 0 0 0 0 
230.45314 4.41568 2 0 -1 0 0 0 0 0 0 0 1 0 0 0 0 0 0 0 0 
236.18073 8.60738 9 0 0 0 0 0 0 0 0 -1 -1 0 0 1 0 0 0 0 0 
270.20102 6.40259 4 0 0 0 -1 0 0 0 0 0 0 0 1 0 0 0 0 0 0 
320.42932 10.37219 10 0 0 0 0 0 0 0 0 0 0 -1 -1 0 1 0 0 0 0 
336.14767 0.00000 15 0 1 0 0 0 0 0 0 1 0 0 0 -1 0 0 0 0 0 
351.93005 4.16168 2 0 -1 0 0 0 0 0 0 0 1 0 0 0 0 0 0 0 0 
370.72165 8.03525 9 0 0 0 0 0 0 0 0 -1 -1 0 0 1 0 0 0 0 0 
396.65213 7.55505 11 0 0 0 0 0 0 0 0 0 0 0 0 -1 -1 1 0 0 0 
414.35529 9.82797 12 0 0 0 0 0 0 0 0 0 -1 0 0 0 0 -1 1 0 0 
1159.31897 0.00000 18 0 1 0 0 0 0 0 0 0 0 0 0 0 0 1 -1 0 0 
1181.70667 1.53516 2 0 -1 0 0 0 0 0 0 0 1 0 0 0 0 0 0 0 0 
1185.03284 8.85913 12 0 0 0 0 0 0 0 0 0 -1 0 0 0 0 -1 1 0 0 
