0.09600 3.96800 2 0 -1 0 0 0 0 0 0 0 1 0 0 0 0 0 0 0 0 
6.14400 3.90398 1 -1 0 0 0 0 0 0 0 1 0 0 0 0 0 0 0 0 0 
8.92800 5.21593 4 0 0 0 -1 0 0 0 0 0 0 0 1 0 0 0 0 0 0 
18.94387 7.71190 9 0 0 0 0 0 0 0 0 -1 -1 0 0 1 0 0 0 0 0 
51.61662 5.21624 3 0 0 -1 0 0 0 0 0 0 0 1 0 0 0 0 0 0 0 
73.66450 4.92764 2 0 -1 0 0 0 0 0 0 0 1 0 0 0 0 0 0 0 0 
70.20874 11.23119 10 0 0 0 0 0 0 0 0 0 0 -1 -1 0 1 0 0 0 0 
78.65613 9.98328 13 0 0 0 0 0 0 0 0 0 -1 0 0 -1 0 0 0 1 0 
104.44627 8.73537 14 0 0 0 0 0 0 0 0 0 0 0 0 0 -1 0 0 -1 1 
306.18356 0.00000 20 0 0 0 0 0 0 0 1 0 0 0 0 0 1 0 0 0 -1 
