0.09600 3.16800 4 0 0 0 -1 0 0 0 0 0 0 0 1 0 0 0 0 0 0 
25.15179 4.70394 1 -1 0 0 0 0 0 0 0 1 0 0 0 0 0 0 0 0 0 
33.85579 5.28025 2 0 -1 0 0 0 0 0 0 0 1 0 0 0 0 0 0 0 0 
44.06427 9.85646 9 0 0 0 0 0 0 0 0 -1 -1 0 0 1 0 0 0 0 0 
57.47289 0.00000 15 0 1 0 0 0 0 0 0 1 0 0 0 -1 0 0 0 0 0 
60.51304 4.60808 2 0 -1 0 0 0 0 0 0 0 1 0 0 0 0 0 0 0 0 
62.01711 4.47991 2 0 -1 0 0 0 0 0 0 0 1 0 0 0 0 0 0 0 0 
65.18511 10.49524 9 0 0 0 0 0 0 0 0 -1 -1 0 0 1 0 0 0 0 0 
102.01444 12.51109 13 0 0 0 0 0 0 0 0 0 -1 0 0 -1 0 0 0 1 0 
114.55753 4.19170 3 0 0 -1 0 0 0 0 0 0 0 1 0 0 0 0 0 0 0 
188.63217 7.19948 10 0 0 0 0 0 0 0 0 0 0 -1 -1 0 1 0 0 0 0 
196.21562 9.37532 14 0 0 0 0 0 0 0 0 0 0 0 0 0 -1 0 0 -1 1 
243.54019 0.00000 20 0 0 0 0 0 0 0 1 0 0 0 0 0 1 0 0 0 -1 
