0.03200 3.80800 2 0 -1 0 0 0 0 0 0 0 1 0 0 0 0 0 0 0 0 
0.09600 5.02400 3 0 0 -1 0 0 0 0 0 0 0 1 0 0 0 0 0 0 0 
6.52800 5.02396 4 0 0 0 -1 0 0 0 0 0 0 0 1 0 0 0 0 0 0 
12.99195 3.99995 1 -1 0 0 0 0 0 0 0 1 0 0 0 0 0 0 0 0 0 
19.19987 4.54394 2 0 -1 0 0 0 0 0 0 0 1 0 0 0 0 0 0 0 0 
20.28785 7.77590 9 0 0 0 0 0 0 0 0 -1 -1 0 0 1 0 0 0 0 0 
34.71983 7.68036 10 0 0 0 0 0 0 0 0 0 0 -1 -1 0 1 0 0 0 0 
46.59238 7.87237 11 0 0 0 0 0 0 0 0 0 0 0 0 -1 -1 1 0 0 0 
146.39523 12.35110 12 0 0 0 0 0 0 0 0 0 -1 0 0 0 0 -1 1 0 0 
239.31650 0.00000 18 0 1 0 0 0 0 0 0 0 0 0 0 0 0 1 -1 0 0 
253.29948 5.21681 2 0 -1 0 0 0 0 0 0 0 1 0 0 0 0 0 0 0 0 
389.67331 9.79596 12 0 0 0 0 0 0 0 0 0 -1 0 0 0 0 -1 1 0 0 
