5.15200 4.44799 3 0 0 -1 0 0 0 0 0 0 0 1 0 0 0 0 0 0 0 
8.96000 4.38394 1 -1 0 0 0 0 0 0 0 1 0 0 0 0 0 0 0 0 0 
10.65598 5.47193 2 0 -1 0 0 0 0 0 0 0 1 0 0 0 0 0 0 0 0 
47.16841 4.03219 4 0 0 0 -1 0 0 0 0 0 0 0 1 0 0 0 0 0 0 
50.20855 4.03219 2 0 -1 0 0 0 0 0 0 0 1 0 0 0 0 0 0 0 0 
98.97466 8.67137 9 0 0 0 0 0 0 0 0 -1 -1 0 0 1 0 0 0 0 0 
143.13147 8.44739 13 0 0 0 0 0 0 0 0 0 -1 0 0 -1 0 0 0 1 0 
155.89854 7.96742 10 0 0 0 0 0 0 0 0 0 0 -1 -1 0 1 0 0 0 0 
183.51254 0.00000 16 0 0 0 1 0 0 0 0 0 0 1 0 0 -1 0 0 0 0 
200.50331 5.37561 4 0 0 0 -1 0 0 0 0 0 0 0 1 0 0 0 0 0 0 
329.45697 10.88440 10 0 0 0 0 0 0 0 0 0 0 -1 -1 0 1 0 0 0 0 
396.58810 0.00000 19 0 1 0 0 0 0 0 0 0 0 0 0 1 0 0 0 -1 0 
415.66782 0.00000 16 0 0 0 1 0 0 0 0 0 0 1 0 0 -1 0 0 0 0 
421.39813 3.77753 4 0 0 0 -1 0 0 0 0 0 0 0 1 0 0 0 0 0 0 
425.20767 2.65707 10 0 0 0 0 0 0 0 0 0 0 -1 -1 0 1 0 0 0 0 
437.24454 9.34778 11 0 0 0 0 0 0 0 0 0 0 0 0 -1 -1 1 0 0 0 
448.60913 4.06564 2 0 -1 0 0 0 0 0 0 0 1 0 0 0 0 0 0 0 0 
472.26669 7.93921 12 0 0 0 0 0 0 0 0 0 -1 0 0 0 0 -1 1 0 0 
