0.03200 6.75201 2 0 -1 0 0 0 0 0 0 0 1 0 0 0 0 0 0 0 0 
0.09600 9.50399 3 0 0 -1 0 0 0 0 0 0 0 1 0 0 0 0 0 0 0 
0.03199 11.48797 1 -1 0 0 0 0 0 0 0 1 0 0 0 0 0 0 0 0 0 
26.14378 4.41594 4 0 0 0 -1 0 0 0 0 0 0 0 1 0 0 0 0 0 0 
23.74381 7.07191 9 0 0 0 0 0 0 0 0 -1 -1 0 0 1 0 0 0 0 0 
32.28772 0.00000 15 0 1 0 0 0 0 0 0 1 0 0 0 -1 0 0 0 0 0 
30.59172 4.51213 10 0 0 0 0 0 0 0 0 0 0 -1 -1 0 1 0 0 0 0 
42.27219 4.38420 2 0 -1 0 0 0 0 0 0 0 1 0 0 0 0 0 0 0 0 
78.17617 7.03949 9 0 0 0 0 0 0 0 0 -1 -1 0 0 1 0 0 0 0 0 
119.64516 2.68781 2 0 -1 0 0 0 0 0 0 0 1 0 0 0 0 0 0 0 0 
132.50824 0.00000 15 0 1 0 0 0 0 0 0 1 0 0 0 -1 0 0 0 0 0 
150.84291 5.82358 2 0 -1 0 0 0 0 0 0 0 1 0 0 0 0 0 0 0 0 
194.74373 7.35947 9 0 0 0 0 0 0 0 0 -1 -1 0 0 1 0 0 0 0 0 
229.52521 0.00000 15 0 1 0 0 0 0 0 0 1 0 0 0 -1 0 0 0 0 0 
242.74025 9.63130 9 0 0 0 0 0 0 0 0 -1 -1 0 0 1 0 0 0 0 0 
266.48752 3.93759 2 0 -1 0 0 0 0 0 0 0 1 0 0 0 0 0 0 0 0 
274.52277 0.00000 15 0 1 0 0 0 0 0 0 1 0 0 0 -1 0 0 0 0 0 
299.23676 5.57025 2 0 -1 0 0 0 0 0 0 0 1 0 0 0 0 0 0 0 0 
302.40604 9.31577 9 0 0 0 0 0 0 0 0 -1 -1 0 0 1 0 0 0 0 0 
339.22092 0.00000 15 0 1 0 0 0 0 0 0 1 0 0 0 -1 0 0 0 0 0 
353.27460 0.00000 16 0 0 0 1 0 0 0 0 0 0 1 0 0 -1 0 0 0 0 
364.92731 4.28973 2 0 -1 0 0 0 0 0 0 0 1 0 0 0 0 0 0 0 0 
366.55997 4.03363 4 0 0 0 -1 0 0 0 0 0 0 0 1 0 0 0 0 0 0 
394.73135 8.35538 10 0 0 0 0 0 0 0 0 0 0 -1 -1 0 1 0 0 0 0 
401.45407 7.55505 9 0 0 0 0 0 0 0 0 -1 -1 0 0 1 0 0 0 0 0 
415.37970 12.13290 13 0 0 0 0 0 0 0 0 0 -1 0 0 -1 0 0 0 1 0 
439.58148 7.04285 14 0 0 0 0 0 0 0 0 0 0 0 0 0 -1 0 0 -1 1 
493.55530 0.00000 20 0 0 0 0 0 0 0 1 0 0 0 0 0 1 0 0 0 -1 
