17.69589 3.90395 2 0 -1 0 0 0 0 0 0 0 1 0 0 0 0 0 0 0 0 
16.67190 8.54389 1 -1 0 0 0 0 0 0 0 1 0 0 0 0 0 0 0 0 0 
30.36773 4.89613 3 0 0 -1 0 0 0 0 0 0 0 1 0 0 0 0 0 0 0 
25.72779 10.17610 9 0 0 0 0 0 0 0 0 -1 -1 0 0 1 0 0 0 0 0 
37.88798 0.00000 15 0 1 0 0 0 0 0 0 1 0 0 0 -1 0 0 0 0 0 
42.72021 4.57621 2 0 -1 0 0 0 0 0 0 0 1 0 0 0 0 0 0 0 0 
47.32842 10.11247 9 0 0 0 0 0 0 0 0 -1 -1 0 0 1 0 0 0 0 0 
58.04892 1.79208 4 0 0 0 -1 0 0 0 0 0 0 0 1 0 0 0 0 0 0 
68.22489 0.00000 15 0 1 0 0 0 0 0 0 1 0 0 0 -1 0 0 0 0 0 
68.22489 3.32776 2 0 -1 0 0 0 0 0 0 0 1 0 0 0 0 0 0 0 0 
71.61665 9.40732 9 0 0 0 0 0 0 0 0 -1 -1 0 0 1 0 0 0 0 0 
85.31165 4.92764 2 0 -1 0 0 0 0 0 0 0 1 0 0 0 0 0 0 0 0 
100.83053 0.00000 15 0 1 0 0 0 0 0 0 1 0 0 0 -1 0 0 0 0 0 
124.95678 5.37562 2 0 -1 0 0 0 0 0 0 0 1 0 0 0 0 0 0 0 0 
136.79593 7.45546 10 0 0 0 0 0 0 0 0 0 0 -1 -1 0 1 0 0 0 0 
181.72067 8.99135 9 0 0 0 0 0 0 0 0 -1 -1 0 0 1 0 0 0 0 0 
190.74402 8.44739 11 0 0 0 0 0 0 0 0 0 0 0 0 -1 -1 1 0 0 0 
257.36383 9.53986 12 0 0 0 0 0 0 0 0 0 -1 0 0 0 0 -1 1 0 0 
864.82483 0.00000 18 0 1 0 0 0 0 0 0 0 0 0 0 0 0 1 -1 0 0 
866.16809 5.56494 2 0 -1 0 0 0 0 0 0 0 1 0 0 0 0 0 0 0 0 
871.76501 11.22583 12 0 0 0 0 0 0 0 0 0 -1 0 0 0 0 -1 1 0 0 
