0.09600 3.58400 3 0 0 -1 0 0 0 0 0 0 0 1 0 0 0 0 0 0 0 
5.47200 4.60798 1 -1 0 0 0 0 0 0 0 1 0 0 0 0 0 0 0 0 0 
10.43198 3.71195 4 0 0 0 -1 0 0 0 0 0 0 0 1 0 0 0 0 0 0 
12.89595 4.03195 2 0 -1 0 0 0 0 0 0 0 1 0 0 0 0 0 0 0 0 
37.82398 4.35220 2 0 -1 0 0 0 0 0 0 0 1 0 0 0 0 0 0 0 0 
62.01711 8.67161 9 0 0 0 0 0 0 0 0 -1 -1 0 0 1 0 0 0 0 0 
87.74348 8.41539 10 0 0 0 0 0 0 0 0 0 0 -1 -1 0 1 0 0 0 0 
127.38860 9.11935 13 0 0 0 0 0 0 0 0 0 -1 0 0 -1 0 0 0 1 0 
151.70685 0.00000 19 0 1 0 0 0 0 0 0 0 0 0 0 1 0 0 0 -1 0 
160.34622 8.57538 11 0 0 0 0 0 0 0 0 0 0 0 0 -1 -1 1 0 0 0 
188.69617 2.71980 2 0 -1 0 0 0 0 0 0 0 1 0 0 0 0 0 0 0 0 
191.47997 9.40732 12 0 0 0 0 0 0 0 0 0 -1 0 0 0 0 -1 1 0 0 
301.06149 0.00000 18 0 1 0 0 0 0 0 0 0 0 0 0 0 0 1 -1 0 0 
337.84436 5.44220 2 0 -1 0 0 0 0 0 0 0 1 0 0 0 0 0 0 0 0 
343.35059 12.10089 12 0 0 0 0 0 0 0 0 0 -1 0 0 0 0 -1 1 0 0 
