0.09600 3.00800 1 -1 0 0 0 0 0 0 0 1 0 0 0 0 0 0 0 0 0 
0.09600 3.42400 4 0 0 0 -1 0 0 0 0 0 0 0 1 0 0 0 0 0 0 
4.70400 4.12800 3 0 0 -1 0 0 0 0 0 0 0 1 0 0 0 0 0 0 0 
4.03200 6.46398 2 0 -1 0 0 0 0 0 0 0 1 0 0 0 0 0 0 0 0 
10.59198 2.94396 2 0 -1 0 0 0 0 0 0 0 1 0 0 0 0 0 0 0 0 
52.60867 9.50444 9 0 0 0 0 0 0 0 0 -1 -1 0 0 1 0 0 0 0 0 
73.53651 0.00000 15 0 1 0 0 0 0 0 0 1 0 0 0 -1 0 0 0 0 0 
64.06519 9.50331 10 0 0 0 0 0 0 0 0 0 0 -1 -1 0 1 0 0 0 0 
99.19865 4.51167 2 0 -1 0 0 0 0 0 0 0 1 0 0 0 0 0 0 0 0 
104.35027 0.00000 16 0 0 0 1 0 0 0 0 0 0 1 0 0 -1 0 0 0 0 
119.54917 4.09570 4 0 0 0 -1 0 0 0 0 0 0 0 1 0 0 0 0 0 0 
149.72299 8.47939 10 0 0 0 0 0 0 0 0 0 0 -1 -1 0 1 0 0 0 0 
169.46556 0.00000 16 0 0 0 1 0 0 0 0 0 0 1 0 0 -1 0 0 0 0 
163.00203 10.39925 9 0 0 0 0 0 0 0 0 -1 -1 0 0 1 0 0 0 0 0 
189.52811 4.38368 4 0 0 0 -1 0 0 0 0 0 0 0 1 0 0 0 0 0 0 
196.08763 0.00000 15 0 1 0 0 0 0 0 0 1 0 0 0 -1 0 0 0 0 0 
202.87114 7.61545 10 0 0 0 0 0 0 0 0 0 0 -1 -1 0 1 0 0 0 0 
226.86940 4.76765 2 0 -1 0 0 0 0 0 0 0 1 0 0 0 0 0 0 0 0 
238.29257 7.00749 9 0 0 0 0 0 0 0 0 -1 -1 0 0 1 0 0 0 0 0 
271.76965 10.24414 11 0 0 0 0 0 0 0 0 0 0 0 0 -1 -1 1 0 0 0 
282.07782 13.09329 12 0 0 0 0 0 0 0 0 0 -1 0 0 0 0 -1 1 0 0 
