0.09600 4.92800 1 -1 0 0 0 0 0 0 0 1 0 0 0 0 0 0 0 0 0 
0.09600 6.72001 4 0 0 0 -1 0 0 0 0 0 0 0 1 0 0 0 0 0 0 
20.41585 5.75993 3 0 0 -1 0 0 0 0 0 0 0 1 0 0 0 0 0 0 0 
26.20778 7.36000 10 0 0 0 0 0 0 0 0 0 0 -1 -1 0 1 0 0 0 0 
29.34373 5.28009 2 0 -1 0 0 0 0 0 0 0 1 0 0 0 0 0 0 0 0 
38.91203 2.24010 2 0 -1 0 0 0 0 0 0 0 1 0 0 0 0 0 0 0 0 
34.87984 10.27248 9 0 0 0 0 0 0 0 0 -1 -1 0 0 1 0 0 0 0 0 
53.37670 0.00000 15 0 1 0 0 0 0 0 0 1 0 0 0 -1 0 0 0 0 0 
53.53671 4.54421 2 0 -1 0 0 0 0 0 0 0 1 0 0 0 0 0 0 0 0 
60.54504 0.00000 16 0 0 0 1 0 0 0 0 0 0 1 0 0 -1 0 0 0 0 
58.14492 9.50401 9 0 0 0 0 0 0 0 0 -1 -1 0 0 1 0 0 0 0 0 
67.58494 4.51167 4 0 0 0 -1 0 0 0 0 0 0 0 1 0 0 0 0 0 0 
75.58436 8.86336 13 0 0 0 0 0 0 0 0 0 -1 0 0 -1 0 0 0 1 0 
137.17990 0.00000 19 0 1 0 0 0 0 0 0 0 0 0 0 1 0 0 0 -1 0 
143.03548 0.00000 15 0 1 0 0 0 0 0 0 1 0 0 0 -1 0 0 0 0 0 
213.04640 4.47968 2 0 -1 0 0 0 0 0 0 0 1 0 0 0 0 0 0 0 0 
223.38165 7.58345 9 0 0 0 0 0 0 0 0 -1 -1 0 0 1 0 0 0 0 0 
240.98038 0.00000 15 0 1 0 0 0 0 0 0 1 0 0 0 -1 0 0 0 0 0 
237.55663 5.72758 2 0 -1 0 0 0 0 0 0 0 1 0 0 0 0 0 0 0 0 
243.44420 12.28711 9 0 0 0 0 0 0 0 0 -1 -1 0 0 1 0 0 0 0 0 
250.32370 7.93649 10 0 0 0 0 0 0 0 0 0 0 -1 -1 0 1 0 0 0 0 
258.48428 0.00000 15 0 1 0 0 0 0 0 0 1 0 0 0 -1 0 0 0 0 0 
261.94168 5.63428 2 0 -1 0 0 0 0 0 0 0 1 0 0 0 0 0 0 0 0 
270.04095 9.82797 9 0 0 0 0 0 0 0 0 -1 -1 0 0 1 0 0 0 0 0 
289.21671 8.99564 11 0 0 0 0 0 0 0 0 0 0 0 0 -1 -1 1 0 0 0 
373.98697 4.51382 2 0 -1 0 0 0 0 0 0 0 1 0 0 0 0 0 0 0 0 
430.36176 9.66791 12 0 0 0 0 0 0 0 0 0 -1 0 0 0 0 -1 1 0 0 
