3.13601 5.24800 2 0 -1 0 0 0 0 0 0 0 1 0 0 0 0 0 0 0 0 
7.74401 4.19195 3 0 0 -1 0 0 0 0 0 0 0 1 0 0 0 0 0 0 0 
12.19196 4.44794 1 -1 0 0 0 0 0 0 0 1 0 0 0 0 0 0 0 0 0 
14.81593 5.31193 2 0 -1 0 0 0 0 0 0 0 1 0 0 0 0 0 0 0 0 
16.09591 5.24793 4 0 0 0 -1 0 0 0 0 0 0 0 1 0 0 0 0 0 0 
17.24790 8.15989 9 0 0 0 0 0 0 0 0 -1 -1 0 0 1 0 0 0 0 0 
44.00026 0.00000 15 0 1 0 0 0 0 0 0 1 0 0 0 -1 0 0 0 0 0 
50.14455 4.35220 2 0 -1 0 0 0 0 0 0 0 1 0 0 0 0 0 0 0 0 
70.01675 9.43932 9 0 0 0 0 0 0 0 0 -1 -1 0 0 1 0 0 0 0 0 
97.05479 10.68723 13 0 0 0 0 0 0 0 0 0 -1 0 0 -1 0 0 0 1 0 
166.80975 0.00000 19 0 1 0 0 0 0 0 0 0 0 0 0 1 0 0 0 -1 0 
183.64053 2.43182 2 0 -1 0 0 0 0 0 0 0 1 0 0 0 0 0 0 0 0 
212.02248 0.00000 15 0 1 0 0 0 0 0 0 1 0 0 0 -1 0 0 0 0 0 
236.43671 5.40761 2 0 -1 0 0 0 0 0 0 0 1 0 0 0 0 0 0 0 0 
373.66684 9.34778 9 0 0 0 0 0 0 0 0 -1 -1 0 0 1 0 0 0 0 0 
504.18359 10.84949 13 0 0 0 0 0 0 0 0 0 -1 0 0 -1 0 0 0 1 0 
599.11487 8.09155 10 0 0 0 0 0 0 0 0 0 0 -1 -1 0 1 0 0 0 0 
637.36584 0.00000 16 0 0 0 1 0 0 0 0 0 0 1 0 0 -1 0 0 0 0 
663.65540 4.76538 4 0 0 0 -1 0 0 0 0 0 0 0 1 0 0 0 0 0 0 
680.54211 0.00000 19 0 1 0 0 0 0 0 0 0 0 0 0 1 0 0 0 -1 0 
703.53748 0.00000 15 0 1 0 0 0 0 0 0 1 0 0 0 -1 0 0 0 0 0 
692.88733 11.25781 10 0 0 0 0 0 0 0 0 0 0 -1 -1 0 1 0 0 0 0 
709.77405 5.56494 2 0 -1 0 0 0 0 0 0 0 1 0 0 0 0 0 0 0 0 
729.92297 2.81445 2 0 -1 0 0 0 0 0 0 0 1 0 0 0 0 0 0 0 0 
737.34290 9.30688 9 0 0 0 0 0 0 0 0 -1 -1 0 0 1 0 0 0 0 0 
765.39148 9.81860 11 0 0 0 0 0 0 0 0 0 0 0 0 -1 -1 1 0 0 0 
832.52258 9.94653 12 0 0 0 0 0 0 0 0 0 -1 0 0 0 0 -1 1 0 0 
