0.09600 3.55200 1 -1 0 0 0 0 0 0 0 1 0 0 0 0 0 0 0 0 0 
4.03200 4.06401 2 0 -1 0 0 0 0 0 0 0 1 0 0 0 0 0 0 0 0 
4.16001 4.22400 3 0 0 -1 0 0 0 0 0 0 0 1 0 0 0 0 0 0 0 
6.75201 4.67196 4 0 0 0 -1 0 0 0 0 0 0 0 1 0 0 0 0 0 0 
10.33598 6.27192 2 0 -1 0 0 0 0 0 0 0 1 0 0 0 0 0 0 0 0 
40.92812 9.40844 10 0 0 0 0 0 0 0 0 0 0 -1 -1 0 1 0 0 0 0 
67.32896 8.76736 9 0 0 0 0 0 0 0 0 -1 -1 0 0 1 0 0 0 0 0 
88.09545 0.00000 16 0 0 0 1 0 0 0 0 0 0 1 0 0 -1 0 0 0 0 
101.31049 0.00000 15 0 1 0 0 0 0 0 0 1 0 0 0 -1 0 0 0 0 0 
121.78901 5.24762 4 0 0 0 -1 0 0 0 0 0 0 0 1 0 0 0 0 0 0 
133.88414 7.45546 10 0 0 0 0 0 0 0 0 0 0 -1 -1 0 1 0 0 0 0 
135.93199 6.65552 2 0 -1 0 0 0 0 0 0 0 1 0 0 0 0 0 0 0 0 
188.50418 9.40732 9 0 0 0 0 0 0 0 0 -1 -1 0 0 1 0 0 0 0 0 
218.77399 0.00000 15 0 1 0 0 0 0 0 0 1 0 0 0 -1 0 0 0 0 0 
226.32544 3.96771 2 0 -1 0 0 0 0 0 0 0 1 0 0 0 0 0 0 0 0 
230.32515 7.13548 9 0 0 0 0 0 0 0 0 -1 -1 0 0 1 0 0 0 0 0 
238.32457 7.51945 11 0 0 0 0 0 0 0 0 0 0 0 0 -1 -1 1 0 0 0 
284.06262 7.36298 12 0 0 0 0 0 0 0 0 0 -1 0 0 0 0 -1 1 0 0 
