0.09600 4.48000 3 0 0 -1 0 0 0 0 0 0 0 1 0 0 0 0 0 0 0 
0.09600 4.60800 2 0 -1 0 0 0 0 0 0 0 1 0 0 0 0 0 0 0 0 
2.40000 4.06401 4 0 0 0 -1 0 0 0 0 0 0 0 1 0 0 0 0 0 0 
5.28001 5.98396 1 -1 0 0 0 0 0 0 0 1 0 0 0 0 0 0 0 0 0 
11.32797 6.97591 9 0 0 0 0 0 0 0 0 -1 -1 0 0 1 0 0 0 0 0 
23.80781 3.07196 2 0 -1 0 0 0 0 0 0 0 1 0 0 0 0 0 0 0 0 
49.79253 0.00000 15 0 1 0 0 0 0 0 0 1 0 0 0 -1 0 0 0 0 0 
69.79278 7.55145 10 0 0 0 0 0 0 0 0 0 0 -1 -1 0 1 0 0 0 0 
73.31252 4.70366 2 0 -1 0 0 0 0 0 0 0 1 0 0 0 0 0 0 0 0 
85.40765 0.00000 16 0 0 0 1 0 0 0 0 0 0 1 0 0 -1 0 0 0 0 
111.61374 8.06342 9 0 0 0 0 0 0 0 0 -1 -1 0 0 1 0 0 0 0 0 
142.55551 5.05563 4 0 0 0 -1 0 0 0 0 0 0 0 1 0 0 0 0 0 0 
162.87404 9.43932 10 0 0 0 0 0 0 0 0 0 0 -1 -1 0 1 0 0 0 0 
187.57625 0.00000 16 0 0 0 1 0 0 0 0 0 0 1 0 0 -1 0 0 0 0 
205.33496 0.00000 15 0 1 0 0 0 0 0 0 1 0 0 0 -1 0 0 0 0 0 
208.24675 3.61574 4 0 0 0 -1 0 0 0 0 0 0 0 1 0 0 0 0 0 0 
224.14960 6.71951 2 0 -1 0 0 0 0 0 0 0 1 0 0 0 0 0 0 0 0 
236.88467 6.33554 10 0 0 0 0 0 0 0 0 0 0 -1 -1 0 1 0 0 0 0 
261.78162 6.85077 9 0 0 0 0 0 0 0 0 -1 -1 0 0 1 0 0 0 0 0 
268.85648 0.00000 16 0 0 0 1 0 0 0 0 0 0 1 0 0 -1 0 0 0 0 
269.88089 0.00000 15 0 1 0 0 0 0 0 0 1 0 0 0 -1 0 0 0 0 0 
276.47556 5.50623 4 0 0 0 -1 0 0 0 0 0 0 0 1 0 0 0 0 0 0 
295.49124 4.19370 2 0 -1 0 0 0 0 0 0 0 1 0 0 0 0 0 0 0 0 
297.12390 9.63589 9 0 0 0 0 0 0 0 0 -1 -1 0 0 1 0 0 0 0 0 
325.39133 8.70752 10 0 0 0 0 0 0 0 0 0 0 -1 -1 0 1 0 0 0 0 
352.53830 8.93161 13 0 0 0 0 0 0 0 0 0 -1 0 0 -1 0 0 0 1 0 
361.50192 13.98965 14 0 0 0 0 0 0 0 0 0 0 0 0 0 -1 0 0 -1 1 
427.41656 0.00000 20 0 0 0 0 0 0 0 1 0 0 0 0 0 1 0 0 0 -1 
