0.09600 5.02400 2 0 -1 0 0 0 0 0 0 0 1 0 0 0 0 0 0 0 0 
0.92800 4.25600 1 -1 0 0 0 0 0 0 0 1 0 0 0 0 0 0 0 0 0 
0.44800 5.63201 2 0 -1 0 0 0 0 0 0 0 1 0 0 0 0 0 0 0 0 
2.49600 3.84001 4 0 0 0 -1 0 0 0 0 0 0 0 1 0 0 0 0 0 0 
19.51986 4.89594 3 0 0 -1 0 0 0 0 0 0 0 1 0 0 0 0 0 0 0 
88.22344 11.83914 9 0 0 0 0 0 0 0 0 -1 -1 0 0 1 0 0 0 0 0 
107.55004 0.00000 15 0 1 0 0 0 0 0 0 1 0 0 0 -1 0 0 0 0 0 
102.59041 7.51945 10 0 0 0 0 0 0 0 0 0 0 -1 -1 0 1 0 0 0 0 
111.61375 3.99971 2 0 -1 0 0 0 0 0 0 0 1 0 0 0 0 0 0 0 0 
111.74173 11.35918 9 0 0 0 0 0 0 0 0 -1 -1 0 0 1 0 0 0 0 0 
130.20441 6.78351 11 0 0 0 0 0 0 0 0 0 0 0 0 -1 -1 1 0 0 0 
256.30740 10.30817 12 0 0 0 0 0 0 0 0 0 -1 0 0 0 0 -1 1 0 0 
