0.09600 5.79201 4 0 0 0 -1 0 0 0 0 0 0 0 1 0 0 0 0 0 0 
9.37599 4.09595 1 -1 0 0 0 0 0 0 0 1 0 0 0 0 0 0 0 0 0 
21.98383 4.83194 2 0 -1 0 0 0 0 0 0 0 1 0 0 0 0 0 0 0 0 
23.00782 3.99995 3 0 0 -1 0 0 0 0 0 0 0 1 0 0 0 0 0 0 0 
27.51976 4.35194 2 0 -1 0 0 0 0 0 0 0 1 0 0 0 0 0 0 0 0 
42.62420 9.31244 9 0 0 0 0 0 0 0 0 -1 -1 0 0 1 0 0 0 0 0 
65.63309 11.39117 10 0 0 0 0 0 0 0 0 0 0 -1 -1 0 1 0 0 0 0 
72.96055 8.38339 13 0 0 0 0 0 0 0 0 0 -1 0 0 -1 0 0 0 1 0 
118.94122 8.22340 14 0 0 0 0 0 0 0 0 0 0 0 0 0 -1 0 0 -1 1 
166.00981 0.00000 20 0 0 0 0 0 0 0 1 0 0 0 0 0 1 0 0 0 -1 
