0.03200 3.45600 1 -1 0 0 0 0 0 0 0 1 0 0 0 0 0 0 0 0 0 
0.80000 4.16000 2 0 -1 0 0 0 0 0 0 0 1 0 0 0 0 0 0 0 0 
0.76800 4.35200 4 0 0 0 -1 0 0 0 0 0 0 0 1 0 0 0 0 0 0 
0.76800 5.02401 3 0 0 -1 0 0 0 0 0 0 0 1 0 0 0 0 0 0 0 
8.76800 4.57594 2 0 -1 0 0 0 0 0 0 0 1 0 0 0 0 0 0 0 0 
52.48066 8.76841 9 0 0 0 0 0 0 0 0 -1 -1 0 0 1 0 0 0 0 0 
61.28107 9.05567 13 0 0 0 0 0 0 0 0 0 -1 0 0 -1 0 0 0 1 0 
94.87895 8.47939 10 0 0 0 0 0 0 0 0 0 0 -1 -1 0 1 0 0 0 0 
103.74232 0.00000 16 0 0 0 1 0 0 0 0 0 0 1 0 0 -1 0 0 0 0 
110.33384 5.91957 4 0 0 0 -1 0 0 0 0 0 0 0 1 0 0 0 0 0 0 
181.36870 7.64745 10 0 0 0 0 0 0 0 0 0 0 -1 -1 0 1 0 0 0 0 
206.83885 8.44739 14 0 0 0 0 0 0 0 0 0 0 0 0 0 -1 0 0 -1 1 
240.05244 0.00000 20 0 0 0 0 0 0 0 1 0 0 0 0 0 1 0 0 0 -1 
