1.76000 4.03201 2 0 -1 0 0 0 0 0 0 0 1 0 0 0 0 0 0 0 0 
3.55200 4.60801 1 -1 0 0 0 0 0 0 0 1 0 0 0 0 0 0 0 0 0 
25.15179 4.44794 2 0 -1 0 0 0 0 0 0 0 1 0 0 0 0 0 0 0 0 
27.07176 4.95994 4 0 0 0 -1 0 0 0 0 0 0 0 1 0 0 0 0 0 0 
28.35175 10.20826 9 0 0 0 0 0 0 0 0 -1 -1 0 0 1 0 0 0 0 0 
71.36066 4.19170 3 0 0 -1 0 0 0 0 0 0 0 1 0 0 0 0 0 0 0 
77.60021 9.24733 10 0 0 0 0 0 0 0 0 0 0 -1 -1 0 1 0 0 0 0 
83.10381 7.23148 13 0 0 0 0 0 0 0 0 0 -1 0 0 -1 0 0 0 1 0 
206.93484 7.23148 14 0 0 0 0 0 0 0 0 0 0 0 0 0 -1 0 0 -1 1 
252.56354 0.00000 20 0 0 0 0 0 0 0 1 0 0 0 0 0 1 0 0 0 -1 
