1.60000 4.76801 2 0 -1 0 0 0 0 0 0 0 1 0 0 0 0 0 0 0 0 
7.74401 4.19195 3 0 0 -1 0 0 0 0 0 0 0 1 0 0 0 0 0 0 0 
10.04799 4.57594 2 0 -1 0 0 0 0 0 0 0 1 0 0 0 0 0 0 0 0 
15.42391 4.09595 4 0 0 0 -1 0 0 0 0 0 0 0 1 0 0 0 0 0 0 
27.83975 7.36010 10 0 0 0 0 0 0 0 0 0 0 -1 -1 0 1 0 0 0 0 
117.14935 4.76765 1 -1 0 0 0 0 0 0 0 1 0 0 0 0 0 0 0 0 0 
126.07670 0.00000 16 0 0 0 1 0 0 0 0 0 0 1 0 0 -1 0 0 0 0 
148.02711 3.71173 4 0 0 0 -1 0 0 0 0 0 0 0 1 0 0 0 0 0 0 
151.77084 11.42317 10 0 0 0 0 0 0 0 0 0 0 -1 -1 0 1 0 0 0 0 
160.18623 7.07149 9 0 0 0 0 0 0 0 0 -1 -1 0 0 1 0 0 0 0 0 
193.84779 0.00000 15 0 1 0 0 0 0 0 0 1 0 0 0 -1 0 0 0 0 0 
222.16574 0.00000 16 0 0 0 1 0 0 0 0 0 0 1 0 0 -1 0 0 0 0 
217.43008 6.65552 2 0 -1 0 0 0 0 0 0 0 1 0 0 0 0 0 0 0 0 
231.06110 5.18362 4 0 0 0 -1 0 0 0 0 0 0 0 1 0 0 0 0 0 0 
231.66905 8.03142 9 0 0 0 0 0 0 0 0 -1 -1 0 0 1 0 0 0 0 0 
244.34013 10.27126 13 0 0 0 0 0 0 0 0 0 -1 0 0 -1 0 0 0 1 0 
302.85422 7.61908 10 0 0 0 0 0 0 0 0 0 0 -1 -1 0 1 0 0 0 0 
310.53732 15.43024 14 0 0 0 0 0 0 0 0 0 0 0 0 0 -1 0 0 -1 1 
344.02286 0.00000 20 0 0 0 0 0 0 0 1 0 0 0 0 0 1 0 0 0 -1 
