8.22400 4.06395 4 0 0 0 -1 0 0 0 0 0 0 0 1 0 0 0 0 0 0 
22.78382 4.22395 2 0 -1 0 0 0 0 0 0 0 1 0 0 0 0 0 0 0 0 
23.45581 4.22395 1 -1 0 0 0 0 0 0 0 1 0 0 0 0 0 0 0 0 0 
71.23267 4.86365 2 0 -1 0 0 0 0 0 0 0 1 0 0 0 0 0 0 0 0 
73.37653 7.39146 9 0 0 0 0 0 0 0 0 -1 -1 0 0 1 0 0 0 0 0 
88.38343 0.00000 15 0 1 0 0 0 0 0 0 1 0 0 0 -1 0 0 0 0 0 
128.31654 4.09570 3 0 0 -1 0 0 0 0 0 0 0 1 0 0 0 0 0 0 0 
137.97984 6.81551 9 0 0 0 0 0 0 0 0 -1 -1 0 0 1 0 0 0 0 0 
142.61951 3.99971 2 0 -1 0 0 0 0 0 0 0 1 0 0 0 0 0 0 0 0 
156.85847 0.00000 15 0 1 0 0 0 0 0 0 1 0 0 0 -1 0 0 0 0 0 
149.43501 10.75122 10 0 0 0 0 0 0 0 0 0 0 -1 -1 0 1 0 0 0 0 
173.40128 4.57567 2 0 -1 0 0 0 0 0 0 0 1 0 0 0 0 0 0 0 0 
174.26521 8.95935 9 0 0 0 0 0 0 0 0 -1 -1 0 0 1 0 0 0 0 0 
183.25656 9.79129 13 0 0 0 0 0 0 0 0 0 -1 0 0 -1 0 0 0 1 0 
201.55923 8.67137 14 0 0 0 0 0 0 0 0 0 0 0 0 0 -1 0 0 -1 1 
568.37976 0.00000 20 0 0 0 0 0 0 0 1 0 0 0 0 0 1 0 0 0 -1 
