6.01600 4.79997 4 0 0 0 -1 0 0 0 0 0 0 0 1 0 0 0 0 0 0 
13.27995 4.51194 3 0 0 -1 0 0 0 0 0 0 0 1 0 0 0 0 0 0 0 
23.00782 3.99995 2 0 -1 0 0 0 0 0 0 0 1 0 0 0 0 0 0 0 0 
34.27181 5.40825 2 0 -1 0 0 0 0 0 0 0 1 0 0 0 0 0 0 0 0 
129.91643 7.10349 10 0 0 0 0 0 0 0 0 0 0 -1 -1 0 1 0 0 0 0 
152.50679 0.00000 16 0 0 0 1 0 0 0 0 0 0 1 0 0 1 0 0 0 0 
191.09599 5.24762 1 -1 0 0 0 0 0 0 0 1 0 0 0 0 0 0 0 0 0 
226.19745 9.27933 9 0 0 0 0 0 0 0 0 -1 -1 0 0 1 0 0 0 0 0 
253.87544 9.66689 13 0 0 0 0 0 0 0 0 0 -1 0 0 -1 0 0 0 1 0 
269.14459 0.00000 19 0 1 0 0 0 0 0 0 0 0 0 0 1 0 0 0 -1 0 
279.90094 5.09006 2 0 -1 0 0 0 0 0 0 0 1 0 0 0 0 0 0 0 0 
362.49432 6.81876 13 0 0 0 0 0 0 0 0 0 -1 0 0 -1 0 0 0 1 0 
368.92892 4.09766 4 0 0 0 -1 0 0 0 0 0 0 0 1 0 0 0 0 0 0 
373.76288 0.00000 19 0 1 0 0 0 0 0 0 0 0 0 0 1 0 0 0 -1 0 
383.11066 0.00000 15 0 1 0 0 0 0 0 0 1 0 0 0 -1 0 0 0 0 0 
393.93103 4.32175 2 0 -1 0 0 0 0 0 0 0 1 0 0 0 0 0 0 0 0 
449.31342 10.43622 9 0 0 0 0 0 0 0 0 -1 -1 0 0 1 0 0 0 0 0 
542.63391 8.66724 10 0 0 0 0 0 0 0 0 0 0 -1 -1 0 1 0 0 0 0 
577.52673 0.00000 16 0 0 0 1 0 0 0 0 0 0 1 0 0 1 0 0 0 0 
581.42859 4.95728 4 0 0 0 -1 0 0 0 0 0 0 0 1 0 0 0 0 0 0 
585.71423 4.63745 2 0 -1 0 0 0 0 0 0 0 1 0 0 0 0 0 0 0 0 
