2.33600 4.57601 1 -1 0 0 0 0 0 0 0 1 0 0 0 0 0 0 0 0 0 
5.69600 5.21597 2 0 -1 0 0 0 0 0 0 0 1 0 0 0 0 0 0 0 0 
17.98388 3.67995 3 0 0 -1 0 0 0 0 0 0 0 1 0 0 0 0 0 0 0 
25.31179 7.10393 9 0 0 0 0 0 0 0 0 -1 -1 0 0 1 0 0 0 0 0 
38.24000 4.12819 2 0 -1 0 0 0 0 0 0 0 1 0 0 0 0 0 0 0 0 
61.12106 11.13554 13 0 0 0 0 0 0 0 0 0 -1 0 0 -1 0 0 0 1 0 
159.51428 0.00000 19 0 1 0 0 0 0 0 0 0 0 0 0 1 0 0 0 -1 0 
179.67282 0.00000 15 0 1 0 0 0 0 0 0 1 0 0 0 -1 0 0 0 0 0 
189.88008 4.99164 4 0 0 0 -1 0 0 0 0 0 0 0 1 0 0 0 0 0 0 
197.49553 2.49582 2 0 -1 0 0 0 0 0 0 0 1 0 0 0 0 0 0 0 0 
277.46796 11.07648 9 0 0 0 0 0 0 0 0 -1 -1 0 0 1 0 0 0 0 0 
296.70773 0.00000 15 0 1 0 0 0 0 0 0 1 0 0 0 -1 0 0 0 0 0 
296.64371 8.32336 10 0 0 0 0 0 0 0 0 0 0 -1 -1 0 1 0 0 0 0 
320.62140 0.00000 16 0 0 0 1 0 0 0 0 0 0 1 0 0 1 0 0 0 0 
326.89594 4.19370 2 0 -1 0 0 0 0 0 0 0 1 0 0 0 0 0 0 0 0 
363.45471 4.60986 4 0 0 0 -1 0 0 0 0 0 0 0 1 0 0 0 0 0 0 
375.87573 7.58707 9 0 0 0 0 0 0 0 0 -1 -1 0 0 1 0 0 0 0 0 
384.74332 6.59467 10 0 0 0 0 0 0 0 0 0 0 -1 -1 0 1 0 0 0 0 
403.85504 10.78836 11 0 0 0 0 0 0 0 0 0 0 0 0 -1 -1 1 0 0 0 
472.87494 0.00000 17 0 0 0 0 1 0 0 0 0 0 0 0 0 1 -1 0 0 0 
485.29596 4.54584 5 0 0 0 0 -1 0 0 0 0 0 0 0 1 0 0 0 0 0 
510.58618 8.89246 11 0 0 0 0 0 0 0 0 0 0 0 0 -1 -1 1 0 0 0 
528.49768 4.22168 2 0 -1 0 0 0 0 0 0 0 1 0 0 0 0 0 0 0 0 
532.78333 8.37939 12 0 0 0 0 0 0 0 0 0 -1 0 0 0 0 -1 1 0 0 
554.69128 0.00000 18 0 1 0 0 0 0 0 0 0 0 0 0 0 0 1 -1 0 0 
581.26868 4.57349 2 0 -1 0 0 0 0 0 0 0 1 0 0 0 0 0 0 0 0 
585.90613 10.39429 12 0 0 0 0 0 0 0 0 0 -1 0 0 0 0 -1 1 0 0 
