5.82400 4.19198 1 -1 0 0 0 0 0 0 0 1 0 0 0 0 0 0 0 0 0 
14.49593 3.96795 4 0 0 0 -1 0 0 0 0 0 0 0 1 0 0 0 0 0 0 
18.27188 5.91992 2 0 -1 0 0 0 0 0 0 0 1 0 0 0 0 0 0 0 0 
82.33586 4.19170 3 0 0 -1 0 0 0 0 0 0 0 1 0 0 0 0 0 0 0 
82.97582 7.55145 9 0 0 0 0 0 0 0 0 -1 -1 0 0 1 0 0 0 0 0 
94.27100 8.28740 10 0 0 0 0 0 0 0 0 0 0 -1 -1 0 1 0 0 0 0 
112.60567 0.00000 15 0 1 0 0 0 0 0 0 1 0 0 0 -1 0 0 0 0 0 
136.47595 3.87172 2 0 -1 0 0 0 0 0 0 0 1 0 0 0 0 0 0 0 0 
138.20383 4.35168 2 0 -1 0 0 0 0 0 0 0 1 0 0 0 0 0 0 0 0 
149.01904 8.63937 9 0 0 0 0 0 0 0 0 -1 -1 0 0 1 0 0 0 0 0 
168.28165 0.00000 16 0 0 0 1 0 0 0 0 0 0 1 0 0 1 0 0 0 0 
201.62323 10.07927 13 0 0 0 0 0 0 0 0 0 -1 0 0 -1 0 0 0 1 0 
329.23288 0.00000 19 0 1 0 0 0 0 0 0 0 0 0 0 1 0 0 0 -1 0 
350.77759 5.02603 4 0 0 0 -1 0 0 0 0 0 0 0 1 0 0 0 0 0 0 
498.19717 7.29895 10 0 0 0 0 0 0 0 0 0 0 -1 -1 0 1 0 0 0 0 
506.20041 0.00000 15 0 1 0 0 0 0 0 0 1 0 0 0 -1 0 0 0 0 0 
529.23328 5.98071 2 0 -1 0 0 0 0 0 0 0 1 0 0 0 0 0 0 0 0 
556.00256 8.28345 9 0 0 0 0 0 0 0 0 -1 -1 0 0 1 0 0 0 0 0 
568.79553 0.00000 16 0 0 0 1 0 0 0 0 0 0 1 0 0 1 0 0 0 0 
582.00427 4.79736 4 0 0 0 -1 0 0 0 0 0 0 0 1 0 0 0 0 0 0 
590.79944 6.87622 10 0 0 0 0 0 0 0 0 0 0 -1 -1 0 1 0 0 0 0 
