0.09600 2.84800 3 0 0 -1 0 0 0 0 0 0 0 1 0 0 0 0 0 0 0 
0.09600 5.21600 2 0 -1 0 0 0 0 0 0 0 1 0 0 0 0 0 0 0 0 
0.09600 6.27201 1 -1 0 0 0 0 0 0 0 1 0 0 0 0 0 0 0 0 0 
20.28786 4.51194 2 0 -1 0 0 0 0 0 0 0 1 0 0 0 0 0 0 0 0 
27.03976 9.08813 9 0 0 0 0 0 0 0 0 -1 -1 0 0 1 0 0 0 0 0 
60.03302 4.96011 4 0 0 0 -1 0 0 0 0 0 0 0 1 0 0 0 0 0 0 
77.66421 0.00000 15 0 1 0 0 0 0 0 0 1 0 0 0 -1 0 0 0 0 0 
105.88616 9.24733 9 0 0 0 0 0 0 0 0 -1 -1 0 0 1 0 0 0 0 0 
117.08535 0.00000 15 0 1 0 0 0 0 0 0 1 0 0 0 -1 0 0 0 0 0 
159.00232 4.86365 2 0 -1 0 0 0 0 0 0 0 1 0 0 0 0 0 0 0 0 
256.24338 6.17850 2 0 -1 0 0 0 0 0 0 0 1 0 0 0 0 0 0 0 0 
266.03934 10.40421 10 0 0 0 0 0 0 0 0 0 0 -1 -1 0 1 0 0 0 0 
301.34961 6.62668 9 0 0 0 0 0 0 0 0 -1 -1 0 0 1 0 0 0 0 0 
313.80264 0.00000 15 0 1 0 0 0 0 0 0 1 0 0 0 -1 0 0 0 0 0 
334.54703 0.00000 16 0 0 0 1 0 0 0 0 0 0 1 0 0 1 0 0 0 0 
340.82156 4.35376 2 0 -1 0 0 0 0 0 0 0 1 0 0 0 0 0 0 0 0 
346.42383 6.49863 9 0 0 0 0 0 0 0 0 -1 -1 0 0 1 0 0 0 0 0 
350.00928 4.25772 4 0 0 0 -1 0 0 0 0 0 0 0 1 0 0 0 0 0 0 
357.94849 0.00000 15 0 1 0 0 0 0 0 0 1 0 0 0 -1 0 0 0 0 0 
359.19699 8.35538 10 0 0 0 0 0 0 0 0 0 0 -1 -1 0 1 0 0 0 0 
388.64890 8.80356 9 0 0 0 0 0 0 0 0 -1 -1 0 0 1 0 0 0 0 0 
448.28900 4.22571 2 0 -1 0 0 0 0 0 0 0 1 0 0 0 0 0 0 0 0 
461.03015 0.00000 16 0 0 0 1 0 0 0 0 0 0 1 0 0 1 0 0 0 0 
456.74042 10.40421 13 0 0 0 0 0 0 0 0 0 -1 0 0 -1 0 0 0 1 0 
469.51358 4.60986 4 0 0 0 -1 0 0 0 0 0 0 0 1 0 0 0 0 0 0 
474.18747 8.80356 10 0 0 0 0 0 0 0 0 0 0 -1 -1 0 1 0 0 0 0 
490.03387 9.31577 14 0 0 0 0 0 0 0 0 0 0 0 0 0 -1 0 0 -1 1 
