0.09600 4.00000 4 0 0 0 -1 0 0 0 0 0 0 0 1 0 0 0 0 0 0 
0.09600 4.03200 2 0 -1 0 0 0 0 0 0 0 1 0 0 0 0 0 0 0 0 
16.47990 4.06395 2 0 -1 0 0 0 0 0 0 0 1 0 0 0 0 0 0 0 0 
20.31985 4.51194 3 0 0 -1 0 0 0 0 0 0 0 1 0 0 0 0 0 0 0 
27.87175 5.60002 1 -1 0 0 0 0 0 0 0 1 0 0 0 0 0 0 0 0 0 
33.50378 9.72845 9 0 0 0 0 0 0 0 0 -1 -1 0 0 1 0 0 0 0 0 
72.89655 11.00720 13 0 0 0 0 0 0 0 0 0 -1 0 0 -1 0 0 0 1 0 
124.79679 0.00000 19 0 1 0 0 0 0 0 0 0 0 0 0 1 0 0 0 -1 0 
117.94930 9.59930 10 0 0 0 0 0 0 0 0 0 0 -1 -1 0 1 0 0 0 0 
131.83629 6.52753 11 0 0 0 0 0 0 0 0 0 0 0 0 -1 -1 1 0 0 0 
147.67514 4.70366 2 0 -1 0 0 0 0 0 0 0 1 0 0 0 0 0 0 0 0 
152.69878 9.18333 12 0 0 0 0 0 0 0 0 0 -1 0 0 0 0 -1 1 0 0 
164.37793 0.00000 18 0 1 0 0 0 0 0 0 0 0 0 0 0 0 1 -1 0 0 
181.01672 0.00000 17 0 0 0 0 1 0 0 0 0 0 0 0 0 1 -1 0 0 0 
241.84431 3.80772 2 0 -1 0 0 0 0 0 0 0 1 0 0 0 0 0 0 0 0 
288.22430 5.66629 5 0 0 0 0 -1 0 0 0 0 0 0 0 1 0 0 0 0 0 
320.68542 0.00000 16 0 0 0 1 0 0 0 0 0 0 1 0 0 -1 0 0 0 0 
322.70224 0.00000 15 0 1 0 0 0 0 0 0 1 0 0 0 -1 0 0 0 0 0 
344.08688 7.77914 9 0 0 0 0 0 0 0 0 -1 -1 0 0 1 0 0 0 0 0 
348.53668 5.57025 4 0 0 0 -1 0 0 0 0 0 0 0 1 0 0 0 0 0 0 
363.29465 5.73032 2 0 -1 0 0 0 0 0 0 0 1 0 0 0 0 0 0 0 0 
394.85941 9.79596 10 0 0 0 0 0 0 0 0 0 0 -1 -1 0 1 0 0 0 0 
408.75302 8.83557 11 0 0 0 0 0 0 0 0 0 0 0 0 -1 -1 1 0 0 0 
431.99442 10.30817 12 0 0 0 0 0 0 0 0 0 -1 0 0 0 0 -1 1 0 0 
448.86523 0.00000 18 0 1 0 0 0 0 0 0 0 0 0 0 0 0 1 -1 0 0 
464.26346 3.20129 2 0 -1 0 0 0 0 0 0 0 1 0 0 0 0 0 0 0 0 
501.27042 9.25174 12 0 0 0 0 0 0 0 0 0 -1 0 0 0 0 -1 1 0 0 
559.42468 0.00000 18 0 1 0 0 0 0 0 0 0 0 0 0 0 0 1 -1 0 0 
570.68250 0.00000 17 0 0 0 0 1 0 0 0 0 0 0 0 0 1 -1 0 0 0 
578.77405 2.23877 2 0 -1 0 0 0 0 0 0 0 1 0 0 0 0 0 0 0 0 
