6.30401 4.06397 3 0 0 -1 0 0 0 0 0 0 0 1 0 0 0 0 0 0 0 
6.62401 3.99997 1 -1 0 0 0 0 0 0 0 1 0 0 0 0 0 0 0 0 0 
14.01593 3.83995 2 0 -1 0 0 0 0 0 0 0 1 0 0 0 0 0 0 0 0 
24.25580 5.79193 2 0 -1 0 0 0 0 0 0 0 1 0 0 0 0 0 0 0 0 
43.42423 10.40049 9 0 0 0 0 0 0 0 0 -1 -1 0 0 1 0 0 0 0 0 
63.48917 0.00000 15 0 1 0 0 0 0 0 0 1 0 0 0 -1 0 0 0 0 0 
63.90519 8.60739 9 0 0 0 0 0 0 0 0 -1 -1 0 0 1 0 0 0 0 0 
77.56821 0.00000 15 0 1 0 0 0 0 0 0 1 0 0 0 -1 0 0 0 0 0 
80.12803 6.07956 4 0 0 0 -1 0 0 0 0 0 0 0 1 0 0 0 0 0 0 
85.40765 4.25569 2 0 -1 0 0 0 0 0 0 0 1 0 0 0 0 0 0 0 0 
99.77460 3.96771 2 0 -1 0 0 0 0 0 0 0 1 0 0 0 0 0 0 0 0 
149.78699 8.12741 9 0 0 0 0 0 0 0 0 -1 -1 0 0 1 0 0 0 0 0 
158.74634 0.00000 15 0 1 0 0 0 0 0 0 1 0 0 0 -1 0 0 0 0 0 
175.19315 4.31969 2 0 -1 0 0 0 0 0 0 0 1 0 0 0 0 0 0 0 0 
183.51254 7.58345 9 0 0 0 0 0 0 0 0 -1 -1 0 0 1 0 0 0 0 0 
189.20813 10.43124 10 0 0 0 0 0 0 0 0 0 0 -1 -1 0 1 0 0 0 0 
210.55058 7.42346 11 0 0 0 0 0 0 0 0 0 0 0 0 -1 -1 1 0 0 0 
236.30872 11.13519 12 0 0 0 0 0 0 0 0 0 -1 0 0 0 0 -1 1 0 0 
346.07169 0.00000 18 0 1 0 0 0 0 0 0 0 0 0 0 0 0 1 -1 0 0 
502.26282 4.96201 2 0 -1 0 0 0 0 0 0 0 1 0 0 0 0 0 0 0 0 
548.32678 0.00000 17 0 0 0 0 1 0 0 0 0 0 0 0 0 1 -1 0 0 0 
