0.83200 4.32000 2 0 -1 0 0 0 0 0 0 0 1 0 0 0 0 0 0 0 0 
0.09600 5.66401 4 0 0 0 -1 0 0 0 0 0 0 0 1 0 0 0 0 0 0 
1.98400 5.02401 1 -1 0 0 0 0 0 0 0 1 0 0 0 0 0 0 0 0 0 
12.51195 8.57589 9 0 0 0 0 0 0 0 0 -1 -1 0 0 1 0 0 0 0 0 
46.01636 4.38420 3 0 0 -1 0 0 0 0 0 0 0 1 0 0 0 0 0 0 0 
50.56057 4.25620 2 0 -1 0 0 0 0 0 0 0 1 0 0 0 0 0 0 0 0 
53.02469 9.28043 10 0 0 0 0 0 0 0 0 0 0 -1 -1 0 1 0 0 0 0 
74.14446 8.41539 13 0 0 0 0 0 0 0 0 0 -1 0 0 -1 0 0 0 1 0 
120.86108 0.00000 19 0 1 0 0 0 0 0 0 0 0 0 0 1 0 0 0 -1 0 
141.49959 4.22369 2 0 -1 0 0 0 0 0 0 0 1 0 0 0 0 0 0 0 0 
157.40244 0.00000 15 0 1 0 0 0 0 0 0 1 0 0 0 -1 0 0 0 0 0 
168.34564 4.31969 2 0 -1 0 0 0 0 0 0 0 1 0 0 0 0 0 0 0 0 
197.30354 8.41539 9 0 0 0 0 0 0 0 0 -1 -1 0 0 1 0 0 0 0 0 
216.47015 8.57538 13 0 0 0 0 0 0 0 0 0 -1 0 0 -1 0 0 0 1 0 
296.67572 0.00000 19 0 1 0 0 0 0 0 0 0 0 0 0 1 0 0 0 -1 0 
297.70013 9.98804 11 0 0 0 0 0 0 0 0 0 0 0 0 -1 -1 1 0 0 0 
328.33652 3.87357 2 0 -1 0 0 0 0 0 0 0 1 0 0 0 0 0 0 0 0 
346.03967 9.89200 12 0 0 0 0 0 0 0 0 0 -1 0 0 0 0 -1 1 0 0 
357.46829 0.00000 18 0 1 0 0 0 0 0 0 0 0 0 0 0 0 1 -1 0 0 
373.50677 4.60986 2 0 -1 0 0 0 0 0 0 0 1 0 0 0 0 0 0 0 0 
379.58923 9.47583 12 0 0 0 0 0 0 0 0 0 -1 0 0 0 0 -1 1 0 0 
395.72375 0.00000 18 0 1 0 0 0 0 0 0 0 0 0 0 0 0 1 -1 0 0 
433.17889 5.02603 2 0 -1 0 0 0 0 0 0 0 1 0 0 0 0 0 0 0 0 
562.62292 7.45190 12 0 0 0 0 0 0 0 0 0 -1 0 0 0 0 -1 1 0 0 
