0.09600 2.36800 3 0 0 -1 0 0 0 0 0 0 0 1 0 0 0 0 0 0 0 
0.09600 3.74400 1 -1 0 0 0 0 0 0 0 1 0 0 0 0 0 0 0 0 0 
12.63995 4.15995 2 0 -1 0 0 0 0 0 0 0 1 0 0 0 0 0 0 0 0 
15.10392 4.06395 2 0 -1 0 0 0 0 0 0 0 1 0 0 0 0 0 0 0 0 
29.18374 5.47209 4 0 0 0 -1 0 0 0 0 0 0 0 1 0 0 0 0 0 0 
30.65572 9.50436 9 0 0 0 0 0 0 0 0 -1 -1 0 0 1 0 0 0 0 0 
82.46386 10.46324 10 0 0 0 0 0 0 0 0 0 0 -1 -1 0 1 0 0 0 0 
102.87837 9.98328 13 0 0 0 0 0 0 0 0 0 -1 0 0 -1 0 0 0 1 0 
157.27444 0.00000 16 0 0 0 1 0 0 0 0 0 0 1 0 0 -1 0 0 0 0 
213.17439 5.11963 4 0 0 0 -1 0 0 0 0 0 0 0 1 0 0 0 0 0 0 
269.72083 8.64349 10 0 0 0 0 0 0 0 0 0 0 -1 -1 0 1 0 0 0 0 
299.14072 9.92401 14 0 0 0 0 0 0 0 0 0 0 0 0 0 -1 0 0 -1 1 
