1.50400 4.80001 3 0 0 -1 0 0 0 0 0 0 0 1 0 0 0 0 0 0 0 
6.40001 4.06397 4 0 0 0 -1 0 0 0 0 0 0 0 1 0 0 0 0 0 0 
6.88001 4.95995 2 0 -1 0 0 0 0 0 0 0 1 0 0 0 0 0 0 0 0 
8.41601 5.05593 2 0 -1 0 0 0 0 0 0 0 1 0 0 0 0 0 0 0 0 
69.37681 9.11934 10 0 0 0 0 0 0 0 0 0 0 -1 -1 0 1 0 0 0 0 
88.51142 0.00000 16 0 0 0 1 0 0 0 0 0 0 1 0 0 1 0 0 0 0 
100.70255 4.76765 4 0 0 0 -1 0 0 0 0 0 0 0 1 0 0 0 0 0 0 
149.72299 3.99971 1 -1 0 0 0 0 0 0 0 1 0 0 0 0 0 0 0 0 0 
159.06631 9.11934 9 0 0 0 0 0 0 0 0 -1 -1 0 0 1 0 0 0 0 0 
163.00203 7.87143 10 0 0 0 0 0 0 0 0 0 0 -1 -1 0 1 0 0 0 0 
182.16864 7.03949 11 0 0 0 0 0 0 0 0 0 0 0 0 -1 -1 1 0 0 0 
216.59814 11.48717 12 0 0 0 0 0 0 0 0 0 -1 0 0 0 0 -1 1 0 0 
238.51656 0.00000 18 0 1 0 0 0 0 0 0 0 0 0 0 0 0 1 -1 0 0 
239.95645 6.30354 2 0 -1 0 0 0 0 0 0 0 1 0 0 0 0 0 0 0 0 
246.32399 13.79295 12 0 0 0 0 0 0 0 0 0 -1 0 0 0 0 -1 1 0 0 
267.41589 0.00000 18 0 1 0 0 0 0 0 0 0 0 0 0 0 0 1 -1 0 0 
374.88333 4.57785 2 0 -1 0 0 0 0 0 0 0 1 0 0 0 0 0 0 0 0 
406.67218 8.83557 12 0 0 0 0 0 0 0 0 0 -1 0 0 0 0 -1 1 0 0 
428.12085 0.00000 18 0 1 0 0 0 0 0 0 0 0 0 0 0 0 1 -1 0 0 
472.68286 4.86597 2 0 -1 0 0 0 0 0 0 0 1 0 0 0 0 0 0 0 0 
488.84940 0.00000 17 0 0 0 0 1 0 0 0 0 0 0 0 0 1 -1 0 0 0 
574.80823 0.00000 16 0 0 0 1 0 0 0 0 0 0 1 0 0 1 0 0 0 0 
576.59924 5.75684 4 0 0 0 -1 0 0 0 0 0 0 0 1 0 0 0 0 0 0 
