3.48800 4.57601 2 0 -1 0 0 0 0 0 0 0 1 0 0 0 0 0 0 0 0 
6.24000 3.77598 4 0 0 0 -1 0 0 0 0 0 0 0 1 0 0 0 0 0 0 
24.73580 6.17592 2 0 -1 0 0 0 0 0 0 0 1 0 0 0 0 0 0 0 0 
31.96770 4.99223 3 0 0 -1 0 0 0 0 0 0 0 1 0 0 0 0 0 0 0 
105.47018 8.47939 10 0 0 0 0 0 0 0 0 0 0 -1 -1 0 1 0 0 0 0 
242.42027 0.00000 16 0 0 0 1 0 0 0 0 0 0 1 0 0 1 0 0 0 0 
249.23578 5.02364 1 -1 0 0 0 0 0 0 0 1 0 0 0 0 0 0 0 0 0 
261.36545 4.51382 4 0 0 0 -1 0 0 0 0 0 0 0 1 0 0 0 0 0 0 
261.84564 10.59628 9 0 0 0 0 0 0 0 0 -1 -1 0 0 1 0 0 0 0 0 
272.47394 10.88440 13 0 0 0 0 0 0 0 0 0 -1 0 0 -1 0 0 0 1 0 
278.01218 7.65109 10 0 0 0 0 0 0 0 0 0 0 -1 -1 0 1 0 0 0 0 
294.37079 0.00000 16 0 0 0 1 0 0 0 0 0 0 1 0 0 1 0 0 0 0 
342.48624 5.15408 4 0 0 0 -1 0 0 0 0 0 0 0 1 0 0 0 0 0 0 
347.67233 7.58707 10 0 0 0 0 0 0 0 0 0 0 -1 -1 0 1 0 0 0 0 
363.61478 9.41180 14 0 0 0 0 0 0 0 0 0 0 0 0 0 -1 0 0 -1 1 
