28.95974 2.68797 2 0 -1 0 0 0 0 0 0 0 1 0 0 0 0 0 0 0 0 
39.96808 4.38420 1 -1 0 0 0 0 0 0 0 1 0 0 0 0 0 0 0 0 0 
66.94498 4.31969 2 0 -1 0 0 0 0 0 0 0 1 0 0 0 0 0 0 0 0 
68.57687 9.66330 9 0 0 0 0 0 0 0 0 -1 -1 0 0 1 0 0 0 0 0 
79.55207 8.79936 13 0 0 0 0 0 0 0 0 0 -1 0 0 -1 0 0 0 1 0 
138.97177 0.00000 19 0 1 0 0 0 0 0 0 0 0 0 0 1 0 0 0 -1 0 
157.81841 4.51167 4 0 0 0 -1 0 0 0 0 0 0 0 1 0 0 0 0 0 0 
164.34593 4.25569 2 0 -1 0 0 0 0 0 0 0 1 0 0 0 0 0 0 0 0 
188.40819 0.00000 15 0 1 0 0 0 0 0 0 1 0 0 0 -1 0 0 0 0 0 
248.21185 4.76765 2 0 -1 0 0 0 0 0 0 0 1 0 0 0 0 0 0 0 0 
283.51840 6.85077 9 0 0 0 0 0 0 0 0 -1 -1 0 0 1 0 0 0 0 0 
307.43207 5.57025 3 0 0 -1 0 0 0 0 0 0 0 1 0 0 0 0 0 0 0 
315.72342 9.05966 10 0 0 0 0 0 0 0 0 0 0 -1 -1 0 1 0 0 0 0 
336.49982 0.00000 15 0 1 0 0 0 0 0 0 1 0 0 0 -1 0 0 0 0 0 
340.91760 0.00000 16 0 0 0 1 0 0 0 0 0 0 1 0 0 1 0 0 0 0 
354.10693 8.67551 9 0 0 0 0 0 0 0 0 -1 -1 0 0 1 0 0 0 0 0 
362.81445 6.62668 2 0 -1 0 0 0 0 0 0 0 1 0 0 0 0 0 0 0 0 
375.26749 7.07486 13 0 0 0 0 0 0 0 0 0 -1 0 0 -1 0 0 0 1 0 
382.75851 0.00000 19 0 1 0 0 0 0 0 0 0 0 0 0 1 0 0 0 -1 0 
413.49094 4.57785 2 0 -1 0 0 0 0 0 0 0 1 0 0 0 0 0 0 0 0 
467.56079 7.90720 13 0 0 0 0 0 0 0 0 0 -1 0 0 -1 0 0 0 1 0 
475.72409 0.00000 19 0 1 0 0 0 0 0 0 0 0 0 0 1 0 0 0 -1 0 
514.52136 0.00000 15 0 1 0 0 0 0 0 0 1 0 0 0 -1 0 0 0 0 0 
512.18665 4.12573 2 0 -1 0 0 0 0 0 0 0 1 0 0 0 0 0 0 0 0 
519.51062 4.54150 2 0 -1 0 0 0 0 0 0 0 1 0 0 0 0 0 0 0 0 
528.81750 9.11499 9 0 0 0 0 0 0 0 0 -1 -1 0 0 1 0 0 0 0 0 
