22.36783 4.47994 3 0 0 -1 0 0 0 0 0 0 0 1 0 0 0 0 0 0 0 
23.48781 4.83194 2 0 -1 0 0 0 0 0 0 0 1 0 0 0 0 0 0 0 0 
42.17618 5.34425 2 0 -1 0 0 0 0 0 0 0 1 0 0 0 0 0 0 0 0 
65.76108 4.63966 4 0 0 0 -1 0 0 0 0 0 0 0 1 0 0 0 0 0 0 
100.60654 7.83943 10 0 0 0 0 0 0 0 0 0 0 -1 -1 0 1 0 0 0 0 
124.47681 4.09571 1 -1 0 0 0 0 0 0 0 1 0 0 0 0 0 0 0 0 0 
155.80255 9.75929 9 0 0 0 0 0 0 0 0 -1 -1 0 0 1 0 0 0 0 0 
165.59384 12.70308 11 0 0 0 0 0 0 0 0 0 0 0 0 -1 -1 1 0 0 0 
296.86780 10.62830 12 0 0 0 0 0 0 0 0 0 -1 0 0 0 0 -1 1 0 0 
370.46555 0.00000 18 0 1 0 0 0 0 0 0 0 0 0 0 0 0 1 -1 0 0 
375.23547 5.25012 2 0 -1 0 0 0 0 0 0 0 1 0 0 0 0 0 0 0 0 
380.51761 11.68472 12 0 0 0 0 0 0 0 0 0 -1 0 0 0 0 -1 1 0 0 
429.49741 0.00000 18 0 1 0 0 0 0 0 0 0 0 0 0 0 0 1 -1 0 0 
439.96564 4.28973 2 0 -1 0 0 0 0 0 0 0 1 0 0 0 0 0 0 0 0 
446.36823 8.22733 12 0 0 0 0 0 0 0 0 0 -1 0 0 0 0 -1 1 0 0 
457.95691 0.00000 18 0 1 0 0 0 0 0 0 0 0 0 0 0 0 1 -1 0 0 
520.72595 2.81445 2 0 -1 0 0 0 0 0 0 0 1 0 0 0 0 0 0 0 0 
523.57239 15.38354 12 0 0 0 0 0 0 0 0 0 -1 0 0 0 0 -1 1 0 0 
542.69788 0.00000 18 0 1 0 0 0 0 0 0 0 0 0 0 0 0 1 -1 0 0 
587.63318 4.63745 2 0 -1 0 0 0 0 0 0 0 1 0 0 0 0 0 0 0 0 
