1.53600 3.96801 2 0 -1 0 0 0 0 0 0 0 1 0 0 0 0 0 0 0 0 
0.09600 5.95201 2 0 -1 0 0 0 0 0 0 0 1 0 0 0 0 0 0 0 0 
28.83175 3.23196 4 0 0 0 -1 0 0 0 0 0 0 0 1 0 0 0 0 0 0 
41.66415 3.77618 1 -1 0 0 0 0 0 0 0 1 0 0 0 0 0 0 0 0 0 
45.47233 7.52035 9 0 0 0 0 0 0 0 0 -1 -1 0 0 1 0 0 0 0 0 
53.79272 4.32020 3 0 0 -1 0 0 0 0 0 0 0 1 0 0 0 0 0 0 0 
59.77700 10.97571 13 0 0 0 0 0 0 0 0 0 -1 0 0 -1 0 0 0 1 0 
94.04701 10.68723 10 0 0 0 0 0 0 0 0 0 0 -1 -1 0 1 0 0 0 0 
191.47997 0.00000 19 0 1 0 0 0 0 0 0 0 0 0 0 1 0 0 0 -1 0 
193.17584 0.00000 15 0 1 0 0 0 0 0 0 1 0 0 0 -1 0 0 0 0 0 
214.29431 5.05563 2 0 -1 0 0 0 0 0 0 0 1 0 0 0 0 0 0 0 0 
246.48398 3.93571 2 0 -1 0 0 0 0 0 0 0 1 0 0 0 0 0 0 0 0 
289.72891 9.60388 9 0 0 0 0 0 0 0 0 -1 -1 0 0 1 0 0 0 0 0 
302.53409 9.76395 13 0 0 0 0 0 0 0 0 0 -1 0 0 -1 0 0 0 1 0 
339.44501 9.21973 14 0 0 0 0 0 0 0 0 0 0 0 0 0 -1 0 0 -1 1 
