0.03200 6.24001 1 -1 0 0 0 0 0 0 0 1 0 0 0 0 0 0 0 0 0 
2.27200 4.16001 3 0 0 -1 0 0 0 0 0 0 0 1 0 0 0 0 0 0 0 
2.62400 4.28801 4 0 0 0 -1 0 0 0 0 0 0 0 1 0 0 0 0 0 0 
93.98302 7.45546 10 0 0 0 0 0 0 0 0 0 0 -1 -1 0 1 0 0 0 0 
106.81409 5.11963 2 0 -1 0 0 0 0 0 0 0 1 0 0 0 0 0 0 0 0 
138.45981 0.00000 16 0 0 0 1 0 0 0 0 0 0 1 0 0 1 0 0 0 0 
151.25888 7.61545 9 0 0 0 0 0 0 0 0 -1 -1 0 0 1 0 0 0 0 0 
182.13664 6.07956 2 0 -1 0 0 0 0 0 0 0 1 0 0 0 0 0 0 0 0 
209.97462 6.07956 4 0 0 0 -1 0 0 0 0 0 0 0 1 0 0 0 0 0 0 
247.12393 8.51138 13 0 0 0 0 0 0 0 0 0 -1 0 0 -1 0 0 0 1 0 
344.37500 8.93161 10 0 0 0 0 0 0 0 0 0 0 -1 -1 0 1 0 0 0 0 
365.50354 7.97122 14 0 0 0 0 0 0 0 0 0 0 0 0 0 -1 0 0 -1 1 
