0.09600 3.36000 3 0 0 -1 0 0 0 0 0 0 0 1 0 0 0 0 0 0 0 
0.09600 3.64800 2 0 -1 0 0 0 0 0 0 0 1 0 0 0 0 0 0 0 0 
14.52793 6.23992 4 0 0 0 -1 0 0 0 0 0 0 0 1 0 0 0 0 0 0 
137.05191 9.79129 10 0 0 0 0 0 0 0 0 0 0 -1 -1 0 1 0 0 0 0 
170.10551 3.99971 1 -1 0 0 0 0 0 0 0 1 0 0 0 0 0 0 0 0 0 
184.92044 0.00000 16 0 0 0 1 0 0 0 0 0 0 1 0 0 1 0 0 0 0 
189.72009 7.39146 9 0 0 0 0 0 0 0 0 -1 -1 0 0 1 0 0 0 0 0 
252.46754 6.40089 2 0 -1 0 0 0 0 0 0 0 1 0 0 0 0 0 0 0 0 
260.02090 9.18771 13 0 0 0 0 0 0 0 0 0 -1 0 0 -1 0 0 0 1 0 
318.09238 0.00000 19 0 1 0 0 0 0 0 0 0 0 0 0 1 0 0 0 -1 0 
317.26004 4.35376 4 0 0 0 -1 0 0 0 0 0 0 0 1 0 0 0 0 0 0 
325.48737 0.00000 15 0 1 0 0 0 0 0 0 1 0 0 0 -1 0 0 0 0 0 
327.72827 7.13889 10 0 0 0 0 0 0 0 0 0 0 -1 -1 0 1 0 0 0 0 
345.36740 3.74551 2 0 -1 0 0 0 0 0 0 0 1 0 0 0 0 0 0 0 0 
409.58536 0.00000 16 0 0 0 1 0 0 0 0 0 0 1 0 0 1 0 0 0 0 
399.91745 11.55667 9 0 0 0 0 0 0 0 0 -1 -1 0 0 1 0 0 0 0 0 
409.13718 4.64188 2 0 -1 0 0 0 0 0 0 0 1 0 0 0 0 0 0 0 0 
426.10403 0.00000 15 0 1 0 0 0 0 0 0 1 0 0 0 -1 0 0 0 0 0 
425.36774 4.35376 4 0 0 0 -1 0 0 0 0 0 0 0 1 0 0 0 0 0 0 
459.52554 8.06726 9 0 0 0 0 0 0 0 0 -1 -1 0 0 1 0 0 0 0 0 
474.09143 0.00000 15 0 1 0 0 0 0 0 0 1 0 0 0 -1 0 0 0 0 0 
474.18747 9.69992 10 0 0 0 0 0 0 0 0 0 0 -1 -1 0 1 0 0 0 0 
486.44843 5.41019 2 0 -1 0 0 0 0 0 0 0 1 0 0 0 0 0 0 0 0 
489.26556 4.76993 2 0 -1 0 0 0 0 0 0 0 1 0 0 0 0 0 0 0 0 
494.09952 9.37979 9 0 0 0 0 0 0 0 0 -1 -1 0 0 1 0 0 0 0 0 
506.71262 7.74478 11 0 0 0 0 0 0 0 0 0 0 0 0 -1 -1 1 0 0 0 
582.64392 10.84204 12 0 0 0 0 0 0 0 0 0 -1 0 0 0 0 -1 1 0 0 
594.57336 0.00000 18 0 1 0 0 0 0 0 0 0 0 0 0 0 0 1 -1 0 0 
