0.60800 3.93600 2 0 -1 0 0 0 0 0 0 0 1 0 0 0 0 0 0 0 0 
2.30400 3.87201 1 -1 0 0 0 0 0 0 0 1 0 0 0 0 0 0 0 0 0 
9.88799 4.35194 4 0 0 0 -1 0 0 0 0 0 0 0 1 0 0 0 0 0 0 
11.64797 4.35194 2 0 -1 0 0 0 0 0 0 0 1 0 0 0 0 0 0 0 0 
25.88778 5.40793 3 0 0 -1 0 0 0 0 0 0 0 1 0 0 0 0 0 0 0 
24.35180 9.72800 9 0 0 0 0 0 0 0 0 -1 -1 0 0 1 0 0 0 0 0 
31.32771 10.49645 10 0 0 0 0 0 0 0 0 0 0 -1 -1 0 1 0 0 0 0 
34.11180 14.84869 13 0 0 0 0 0 0 0 0 0 -1 0 0 -1 0 0 0 1 0 
104.79824 0.00000 19 0 1 0 0 0 0 0 0 0 0 0 0 1 0 0 0 -1 0 
106.04615 8.67137 11 0 0 0 0 0 0 0 0 0 0 0 0 -1 -1 1 0 0 0 
134.94006 6.68752 2 0 -1 0 0 0 0 0 0 0 1 0 0 0 0 0 0 0 0 
141.65958 16.89478 12 0 0 0 0 0 0 0 0 0 -1 0 0 0 0 -1 1 0 0 
