4.28800 3.90401 1 -1 0 0 0 0 0 0 0 1 0 0 0 0 0 0 0 0 0 
12.73595 4.54394 2 0 -1 0 0 0 0 0 0 0 1 0 0 0 0 0 0 0 0 
16.22390 4.92794 2 0 -1 0 0 0 0 0 0 0 1 0 0 0 0 0 0 0 0 
21.02385 7.48790 9 0 0 0 0 0 0 0 0 -1 -1 0 0 1 0 0 0 0 0 
25.63178 4.06395 3 0 0 -1 0 0 0 0 0 0 0 1 0 0 0 0 0 0 0 
47.77644 0.00000 15 0 1 0 0 0 0 0 0 1 0 0 0 -1 0 0 0 0 0 
48.35247 4.76822 2 0 -1 0 0 0 0 0 0 0 1 0 0 0 0 0 0 0 0 
53.18469 7.74436 9 0 0 0 0 0 0 0 0 -1 -1 0 0 1 0 0 0 0 0 
66.20904 0.00000 15 0 1 0 0 0 0 0 0 1 0 0 0 -1 0 0 0 0 0 
73.82449 2.97578 4 0 0 0 -1 0 0 0 0 0 0 0 1 0 0 0 0 0 0 
80.79998 6.04756 2 0 -1 0 0 0 0 0 0 0 1 0 0 0 0 0 0 0 0 
116.22141 10.39925 10 0 0 0 0 0 0 0 0 0 0 -1 -1 0 1 0 0 0 0 
194.03978 10.07927 9 0 0 0 0 0 0 0 0 -1 -1 0 0 1 0 0 0 0 0 
215.73421 8.86336 13 0 0 0 0 0 0 0 0 0 -1 0 0 -1 0 0 0 1 0 
232.11702 0.00000 19 0 1 0 0 0 0 0 0 0 0 0 0 1 0 0 0 -1 0 
315.75543 0.00000 15 0 1 0 0 0 0 0 0 1 0 0 0 -1 0 0 0 0 0 
356.18777 0.00000 16 0 0 0 1 0 0 0 0 0 0 1 0 0 1 0 0 0 0 
