9.53599 5.43993 2 0 -1 0 0 0 0 0 0 0 1 0 0 0 0 0 0 0 0 
25.21579 4.38394 4 0 0 0 -1 0 0 0 0 0 0 0 1 0 0 0 0 0 0 
60.03302 6.33601 1 -1 0 0 0 0 0 0 0 1 0 0 0 0 0 0 0 0 0 
76.76827 6.17555 3 0 0 -1 0 0 0 0 0 0 0 1 0 0 0 0 0 0 0 
83.00782 10.75122 10 0 0 0 0 0 0 0 0 0 0 -1 -1 0 1 0 0 0 0 
98.46270 5.15163 2 0 -1 0 0 0 0 0 0 0 1 0 0 0 0 0 0 0 0 
113.62960 0.00000 16 0 0 0 1 0 0 0 0 0 0 1 0 0 1 0 0 0 0 
129.94843 7.39146 9 0 0 0 0 0 0 0 0 -1 -1 0 0 1 0 0 0 0 0 
201.14326 0.00000 15 0 1 0 0 0 0 0 0 1 0 0 0 -1 0 0 0 0 0 
215.44623 7.61545 9 0 0 0 0 0 0 0 0 -1 -1 0 0 1 0 0 0 0 0 
232.14902 5.40761 4 0 0 0 -1 0 0 0 0 0 0 0 1 0 0 0 0 0 0 
240.91638 0.00000 15 0 1 0 0 0 0 0 0 1 0 0 0 -1 0 0 0 0 0 
250.64368 4.54367 2 0 -1 0 0 0 0 0 0 0 1 0 0 0 0 0 0 0 0 
255.98729 8.86757 10 0 0 0 0 0 0 0 0 0 0 -1 -1 0 1 0 0 0 0 
255.79530 9.12358 9 0 0 0 0 0 0 0 0 -1 -1 0 0 1 0 0 0 0 0 
280.86133 9.02765 11 0 0 0 0 0 0 0 0 0 0 0 0 -1 -1 1 0 0 0 
313.41849 4.57785 2 0 -1 0 0 0 0 0 0 0 1 0 0 0 0 0 0 0 0 
332.40216 8.70752 12 0 0 0 0 0 0 0 0 0 -1 0 0 0 0 -1 1 0 0 
361.66199 0.00000 18 0 1 0 0 0 0 0 0 0 0 0 0 0 0 1 -1 0 0 
384.16708 2.33694 2 0 -1 0 0 0 0 0 0 0 1 0 0 0 0 0 0 0 0 
386.53604 9.76395 12 0 0 0 0 0 0 0 0 0 -1 0 0 0 0 -1 1 0 0 
406.64017 0.00000 18 0 1 0 0 0 0 0 0 0 0 0 0 0 0 1 -1 0 0 
406.64017 11.39661 2 0 -1 0 0 0 0 0 0 0 1 0 0 0 0 0 0 0 0 
506.68060 6.91327 12 0 0 0 0 0 0 0 0 0 -1 0 0 0 0 -1 1 0 0 
521.52551 0.00000 18 0 1 0 0 0 0 0 0 0 0 0 0 0 0 1 -1 0 0 
541.35461 2.43066 2 0 -1 0 0 0 0 0 0 0 1 0 0 0 0 0 0 0 0 
