0.09600 2.78400 3 0 0 -1 0 0 0 0 0 0 0 1 0 0 0 0 0 0 0 
2.81600 4.22401 4 0 0 0 -1 0 0 0 0 0 0 0 1 0 0 0 0 0 0 
19.99986 5.59993 2 0 -1 0 0 0 0 0 0 0 1 0 0 0 0 0 0 0 0 
26.97577 8.83211 10 0 0 0 0 0 0 0 0 0 0 -1 -1 0 1 0 0 0 0 
86.65556 4.41568 1 -1 0 0 0 0 0 0 0 1 0 0 0 0 0 0 0 0 0 
94.07902 4.31969 2 0 -1 0 0 0 0 0 0 0 1 0 0 0 0 0 0 0 0 
132.60423 9.02335 9 0 0 0 0 0 0 0 0 -1 -1 0 0 1 0 0 0 0 0 
145.17932 7.07149 11 0 0 0 0 0 0 0 0 0 0 0 0 -1 -1 1 0 0 0 
281.62964 10.14810 12 0 0 0 0 0 0 0 0 0 -1 0 0 0 0 -1 1 0 0 
309.83304 0.00000 18 0 1 0 0 0 0 0 0 0 0 0 0 0 0 1 -1 0 0 
347.67233 4.73792 2 0 -1 0 0 0 0 0 0 0 1 0 0 0 0 0 0 0 0 
499.82983 9.15570 12 0 0 0 0 0 0 0 0 0 -1 0 0 0 0 -1 1 0 0 
515.44885 0.00000 18 0 1 0 0 0 0 0 0 0 0 0 0 0 0 1 -1 0 0 
567.38831 5.43701 2 0 -1 0 0 0 0 0 0 0 1 0 0 0 0 0 0 0 0 
