0.09600 3.96800 4 0 0 0 -1 0 0 0 0 0 0 0 1 0 0 0 0 0 0 
5.56801 4.03198 2 0 -1 0 0 0 0 0 0 0 1 0 0 0 0 0 0 0 0 
8.99200 3.67995 1 -1 0 0 0 0 0 0 0 1 0 0 0 0 0 0 0 0 0 
48.92849 5.88828 3 0 0 -1 0 0 0 0 0 0 0 1 0 0 0 0 0 0 0 
46.11237 10.56049 9 0 0 0 0 0 0 0 0 -1 -1 0 0 1 0 0 0 0 0 
61.37708 0.00000 15 0 1 0 0 0 0 0 0 1 0 0 0 -1 0 0 0 0 0 
65.40910 6.14355 2 0 -1 0 0 0 0 0 0 0 1 0 0 0 0 0 0 0 0 
68.48087 7.74344 10 0 0 0 0 0 0 0 0 0 0 -1 -1 0 1 0 0 0 0 
74.72042 9.88728 9 0 0 0 0 0 0 0 0 -1 -1 0 0 1 0 0 0 0 0 
100.70254 6.65552 2 0 -1 0 0 0 0 0 0 0 1 0 0 0 0 0 0 0 0 
190.00807 9.95128 13 0 0 0 0 0 0 0 0 0 -1 0 0 -1 0 0 0 1 0 
221.94176 9.34332 14 0 0 0 0 0 0 0 0 0 0 0 0 0 -1 0 0 -1 1 
