0.83200 4.89601 3 0 0 -1 0 0 0 0 0 0 0 1 0 0 0 0 0 0 0 
6.88001 4.41596 1 -1 0 0 0 0 0 0 0 1 0 0 0 0 0 0 0 0 0 
37.15195 5.40825 2 0 -1 0 0 0 0 0 0 0 1 0 0 0 0 0 0 0 0 
53.47271 5.34425 4 0 0 0 -1 0 0 0 0 0 0 0 1 0 0 0 0 0 0 
53.82473 5.18424 2 0 -1 0 0 0 0 0 0 0 1 0 0 0 0 0 0 0 0 
74.33644 7.64745 9 0 0 0 0 0 0 0 0 -1 -1 0 0 1 0 0 0 0 0 
135.80400 0.00000 15 0 1 0 0 0 0 0 0 1 0 0 0 -1 0 0 0 0 0 
147.38716 8.51138 9 0 0 0 0 0 0 0 0 -1 -1 0 0 1 0 0 0 0 0 
161.59413 4.28769 2 0 -1 0 0 0 0 0 0 0 1 0 0 0 0 0 0 0 0 
167.44971 7.51945 10 0 0 0 0 0 0 0 0 0 0 -1 -1 0 1 0 0 0 0 
168.24965 8.41539 13 0 0 0 0 0 0 0 0 0 -1 0 0 -1 0 0 0 1 0 
178.07294 10.49524 14 0 0 0 0 0 0 0 0 0 0 0 0 0 -1 0 0 -1 1 
