0.09600 5.37601 2 0 -1 0 0 0 0 0 0 0 1 0 0 0 0 0 0 0 0 
8.51200 4.06395 3 0 0 -1 0 0 0 0 0 0 0 1 0 0 0 0 0 0 0 
12.44795 4.89594 4 0 0 0 -1 0 0 0 0 0 0 0 1 0 0 0 0 0 0 
27.90376 4.25595 1 -1 0 0 0 0 0 0 0 1 0 0 0 0 0 0 0 0 0 
34.17580 6.52831 9 0 0 0 0 0 0 0 0 -1 -1 0 0 1 0 0 0 0 0 
47.87244 0.00000 15 0 1 0 0 0 0 0 0 1 0 0 0 -1 0 0 0 0 0 
84.38372 8.83136 10 0 0 0 0 0 0 0 0 0 0 -1 -1 0 1 0 0 0 0 
91.83917 4.47968 2 0 -1 0 0 0 0 0 0 0 1 0 0 0 0 0 0 0 0 
103.55033 6.23955 2 0 -1 0 0 0 0 0 0 0 1 0 0 0 0 0 0 0 0 
174.61719 9.85529 9 0 0 0 0 0 0 0 0 -1 -1 0 0 1 0 0 0 0 0 
185.84837 0.00000 16 0 0 0 1 0 0 0 0 0 0 1 0 0 1 0 0 0 0 
200.69530 11.13519 13 0 0 0 0 0 0 0 0 0 -1 0 0 -1 0 0 0 1 0 
211.86249 1.18391 4 0 0 0 -1 0 0 0 0 0 0 0 1 0 0 0 0 0 0 
213.07840 11.19919 10 0 0 0 0 0 0 0 0 0 0 -1 -1 0 1 0 0 0 0 
251.57161 0.00000 19 0 1 0 0 0 0 0 0 0 0 0 0 1 0 0 0 -1 0 
256.62753 1.95279 2 0 -1 0 0 0 0 0 0 0 1 0 0 0 0 0 0 0 0 
282.59003 6.65869 13 0 0 0 0 0 0 0 0 0 -1 0 0 -1 0 0 0 1 0 
378.66086 0.00000 16 0 0 0 1 0 0 0 0 0 0 1 0 0 1 0 0 0 0 
397.35641 5.95441 4 0 0 0 -1 0 0 0 0 0 0 0 1 0 0 0 0 0 0 
428.08884 0.00000 19 0 1 0 0 0 0 0 0 0 0 0 0 1 0 0 0 -1 0 
468.04099 4.44980 2 0 -1 0 0 0 0 0 0 0 1 0 0 0 0 0 0 0 0 
482.63889 0.00000 15 0 1 0 0 0 0 0 0 1 0 0 0 -1 0 0 0 0 0 
507.35287 9.59915 9 0 0 0 0 0 0 0 0 -1 -1 0 0 1 0 0 0 0 0 
511.99475 11.76953 10 0 0 0 0 0 0 0 0 0 0 -1 -1 0 1 0 0 0 0 
522.10120 4.28564 2 0 -1 0 0 0 0 0 0 0 1 0 0 0 0 0 0 0 0 
545.73621 10.55420 11 0 0 0 0 0 0 0 0 0 0 0 0 -1 -1 1 0 0 0 
573.52893 10.42627 12 0 0 0 0 0 0 0 0 0 -1 0 0 0 0 -1 1 0 0 
589.13635 0.00000 18 0 1 0 0 0 0 0 0 0 0 0 0 0 0 1 -1 0 0 
