0.09600 4.80000 2 0 -1 0 0 0 0 0 0 0 1 0 0 0 0 0 0 0 0 
8.12801 3.83995 1 -1 0 0 0 0 0 0 0 1 0 0 0 0 0 0 0 0 0 
23.39181 4.89594 3 0 0 -1 0 0 0 0 0 0 0 1 0 0 0 0 0 0 0 
26.49577 4.25595 4 0 0 0 -1 0 0 0 0 0 0 0 1 0 0 0 0 0 0 
39.64806 4.73622 2 0 -1 0 0 0 0 0 0 0 1 0 0 0 0 0 0 0 0 
47.96845 8.83241 10 0 0 0 0 0 0 0 0 0 0 -1 -1 0 1 0 0 0 0 
73.72849 9.79129 9 0 0 0 0 0 0 0 0 -1 -1 0 0 1 0 0 0 0 0 
85.37565 0.00000 16 0 0 0 1 0 0 0 0 0 0 1 0 0 -1 0 0 0 0 
98.17472 4.03171 4 0 0 0 -1 0 0 0 0 0 0 0 1 0 0 0 0 0 0 
98.01473 9.75929 13 0 0 0 0 0 0 0 0 0 -1 0 0 -1 0 0 0 1 0 
102.23843 13.08705 10 0 0 0 0 0 0 0 0 0 0 -1 -1 0 1 0 0 0 0 
156.37851 0.00000 16 0 0 0 1 0 0 0 0 0 0 1 0 0 -1 0 0 0 0 
175.86510 3.03978 4 0 0 0 -1 0 0 0 0 0 0 0 1 0 0 0 0 0 0 
178.93687 6.87950 10 0 0 0 0 0 0 0 0 0 0 -1 -1 0 1 0 0 0 0 
189.14413 10.30325 14 0 0 0 0 0 0 0 0 0 0 0 0 0 -1 0 0 -1 1 
