0 0 0 0 0 0 0 0 0 0 0 5 1 2 1 1 0 0 0 0
4.52326 0 0 1 0 0 0 0 0 0 0 4 1 2 0 1 0 0 0 0
14.1076 0 0 1 1 0 0 0 0 0 0 3 1 2 0 0 0 0 0 0
15.5966 0 1 1 1 0 0 0 0 0 0 2 1 1 0 0 0 0 0 0
25.1487 0 1 0 0 0 1 0 0 0 0 3 1 1 0 0 0 0 0 0
32.6584 1 1 0 0 0 1 0 0 0 0 2 0 1 0 0 0 0 0 0
60.9911 1 1 1 0 0 0 0 0 0 0 2 0 1 0 1 0 0 0 0
63.3858 0 0 1 0 1 0 0 0 0 0 3 0 1 0 1 0 0 0 0
63.8039 0 0 1 1 1 0 0 0 0 0 2 0 1 0 0 0 0 0 0
143.5 1 0 1 1 0 0 0 0 0 0 2 0 2 0 0 0 0 0 0
146.58 1 1 1 1 0 0 0 0 0 0 1 0 1 0 0 0 0 0 0
176.71 0 0 1 1 1 0 0 0 0 0 2 0 1 0 0 0 0 0 0
206.83 0 1 1 1 1 0 0 0 0 0 1 0 0 0 0 0 0 0 0
221.749 0 0 1 1 0 0 0 1 0 0 2 0 0 0 0 0 0 0 0
228.808 0 0 1 1 1 0 0 0 0 0 2 0 1 0 0 0 0 0 0
235.699 0 1 1 1 1 0 0 0 0 0 1 0 0 0 0 0 0 0 0
239.33 1 1 1 1 0 0 0 0 0 0 1 0 1 0 0 0 0 0 0
250.138 0 0 1 1 1 0 0 0 0 0 2 0 1 0 0 0 0 0 0
255.066 1 0 1 1 0 0 0 0 0 0 2 0 2 0 0 0 0 0 0
261.429 1 1 1 1 0 0 0 0 0 0 1 0 1 0 0 0 0 0 0
269.438 0 0 1 1 1 0 0 0 0 0 2 0 1 0 0 0 0 0 0
276.969 0 0 0 0 1 1 0 0 0 0 3 0 1 0 0 0 0 0 0
281.482 0 0 1 0 1 0 0 0 0 0 3 0 1 0 1 0 0 0 0
308.635 0 0 1 1 1 0 0 0 0 0 2 0 1 0 0 0 0 0 0
335.764 0 0 0 0 1 1 0 0 0 0 3 0 1 0 0 0 0 0 0
382.978 0 0 0 0 0 0 1 0 0 0 4 0 1 0 0 0 0 0 0
391.937 0 1 0 0 0 0 1 0 0 0 3 0 0 0 0 0 0 0 0
452.683 0 1 0 0 0 1 0 0 0 0 3 0 0 0 0 1 0 0 0
503.585 0 1 0 0 1 1 0 0 0 0 2 0 0 0 0 0 0 0 0
518.63 0 1 1 0 1 0 0 0 0 0 2 0 0 0 1 0 0 0 0
530.488 0 0 1 0 0 0 0 1 0 0 3 0 0 0 1 0 0 0 0
533.088 0 0 1 1 0 0 0 1 0 0 2 0 0 0 0 0 0 0 0
615.116 0 0 0 0 0 1 0 1 0 0 3 0 0 0 0 0 0 0 0
641.254 0 0 0 0 1 1 0 0 0 0 3 0 1 0 0 0 0 0 0
686.449 0 0 0 0 0 0 1 0 0 0 4 0 1 0 0 0 0 0 0
717.52 0 1 0 0 0 0 1 0 0 0 3 0 0 0 0 0 0 0 0
763.921 0 1 0 0 0 1 0 0 0 0 3 0 0 0 0 1 0 0 0
770.449 0 1 1 0 0 0 0 0 0 0 3 0 0 0 1 1 0 0 0
783.511 0 1 1 0 1 0 0 0 0 0 2 0 0 0 1 0 0 0 0
786.948 0 1 1 1 1 0 0 0 0 0 1 0 0 0 0 0 0 0 0
882.401 1 1 1 1 0 0 0 0 0 0 1 0 1 0 0 0 0 0 0
889.866 1 1 0 0 0 1 0 0 0 0 2 0 1 0 0 0 0 0 0
926.973 0 0 0 0 1 1 0 0 0 0 3 0 1 0 0 0 0 0 0
935.713 1 0 0 0 0 1 0 0 0 0 3 0 2 0 0 0 0 0 0
937.715 1 1 0 0 0 1 0 0 0 0 2 0 1 0 0 0 0 0 0
963.89 1 1 1 0 0 0 0 0 0 0 2 0 1 0 1 0 0 0 0
1000.12 0 0 1 0 1 0 0 0 0 0 3 0 1 0 1 0 0 0 0
1003.09 0 1 1 0 1 0 0 0 0 0 2 0 0 0 1 0 0 0 0
1008.18 0 0 1 0 0 0 0 1 0 0 3 0 0 0 1 0 0 0 0
1053.23 0 0 1 1 0 0 0 1 0 0 2 0 0 0 0 0 0 0 0
1097.45 0 0 0 0 0 1 0 1 0 0 3 0 0 0 0 0 0 0 0
1114.81 0 0 0 0 1 1 0 0 0 0 3 0 1 0 0 0 0 0 0
1131.12 1 0 0 0 0 1 0 0 0 0 3 0 2 0 0 0 0 0 0
1132.68 1 1 0 0 0 1 0 0 0 0 2 0 1 0 0 0 0 0 0
1166.13 1 2 0 0 0 1 0 0 0 0 1 0 0 0 0 0 0 0 0
1188.41 0 1 0 0 1 1 0 0 0 0 2 0 0 0 0 0 0 0 0
1198.05 0 1 0 0 0 0 1 0 0 0 3 0 0 0 0 0 0 0 0
1202.27 0 1 0 0 0 1 0 0 0 0 3 0 0 0 0 1 0 0 0
1241.07 0 1 0 0 1 1 0 0 0 0 2 0 0 0 0 0 0 0 0
1278.34 0 1 0 0 0 0 1 0 0 0 3 0 0 0 0 0 0 0 0
1320.41 0 0 0 0 0 0 0 0 1 0 4 0 0 0 0 0 0 0 0
1341.42 0 0 0 0 0 0 1 0 0 0 4 0 1 0 0 0 0 0 0
1349.92 0 1 0 0 0 0 1 0 0 0 3 0 0 0 0 0 0 0 0
1358.98 0 0 0 0 0 0 0 0 1 0 4 0 0 0 0 0 0 0 0
1380.02 0 0 0 0 0 0 1 0 0 0 4 0 1 0 0 0 0 0 0
1410.51 0 1 0 0 0 0 1 0 0 0 3 0 0 0 0 0 0 0 0
1457.64 0 1 0 0 0 1 0 0 0 0 3 0 0 0 0 1 0 0 0
1471.2 0 1 0 0 1 1 0 0 0 0 2 0 0 0 0 0 0 0 0
1505.19 0 0 0 0 0 1 0 1 0 0 3 0 0 0 0 0 0 0 0
1527.58 0 0 0 0 0 0 0 0 0 1 4 0 0 0 0 0 0 0 0
1527.58 0 0 0 0 0 0 0 0 0 1 4 0 0 0 0 0 0 0 0
