0 0 0 0 0 0 0 0 0 0 0 5 1 2 1 1 0 0 0 0
12.1429 0 0 1 0 0 0 0 0 0 0 4 1 2 0 1 0 0 0 0
15.0566 0 0 1 1 0 0 0 0 0 0 3 1 2 0 0 0 0 0 0
22.8586 0 0 0 0 0 1 0 0 0 0 4 1 2 0 0 0 0 0 0
28.1136 0 1 0 0 0 1 0 0 0 0 3 1 1 0 0 0 0 0 0
31.697 1 1 0 0 0 1 0 0 0 0 2 0 1 0 0 0 0 0 0
60.5889 0 0 0 0 1 1 0 0 0 0 3 0 1 0 0 0 0 0 0
70.4325 1 0 0 0 0 1 0 0 0 0 3 0 2 0 0 0 0 0 0
164.819 1 1 0 0 0 1 0 0 0 0 2 0 1 0 0 0 0 0 0
174.598 1 2 0 0 0 1 0 0 0 0 1 0 0 0 0 0 0 0 0
182.259 0 1 0 0 1 1 0 0 0 0 2 0 0 0 0 0 0 0 0
184.809 0 1 0 0 0 0 1 0 0 0 3 0 0 0 0 0 0 0 0
245.202 0 0 0 0 0 0 0 0 1 0 4 0 0 0 0 0 0 0 0
279.722 0 0 0 0 0 0 1 0 0 0 4 0 1 0 0 0 0 0 0
279.759 0 1 0 0 0 0 1 0 0 0 3 0 0 0 0 0 0 0 0
377.568 0 0 0 0 0 0 0 0 1 0 4 0 0 0 0 0 0 0 0
386.313 0 0 0 0 0 0 1 0 0 0 4 0 1 0 0 0 0 0 0
392.409 0 1 0 0 0 0 1 0 0 0 3 0 0 0 0 0 0 0 0
507.418 0 0 0 0 0 0 0 0 1 0 4 0 0 0 0 0 0 0 0
528.787 0 0 0 0 0 0 1 0 0 0 4 0 1 0 0 0 0 0 0
539.802 0 1 0 0 0 0 1 0 0 0 3 0 0 0 0 0 0 0 0
547.997 0 1 0 0 0 1 0 0 0 0 3 0 0 0 0 1 0 0 0
561.794 0 1 0 0 1 1 0 0 0 0 2 0 0 0 0 0 0 0 0
603.865 1 1 0 0 0 1 0 0 0 0 2 0 1 0 0 0 0 0 0
632.014 1 2 0 0 0 1 0 0 0 0 1 0 0 0 0 0 0 0 0
651.56 0 1 0 0 1 1 0 0 0 0 2 0 0 0 0 0 0 0 0
653.385 0 0 0 0 0 1 0 1 0 0 3 0 0 0 0 0 0 0 0
692.56 0 0 0 0 0 0 0 0 0 1 4 0 0 0 0 0 0 0 0
1944.91 0 0 0 0 0 1 0 0 0 0 4 0 0 0 0 0 0 0 1
1967.92 0 0 0 0 0 1 0 1 0 0 3 0 0 0 0 0 0 0 0
1969.55 0 0 1 0 0 0 0 1 0 0 3 0 0 0 1 0 0 0 0
1972.93 0 0 1 1 0 0 0 1 0 0 2 0 0 0 0 0 0 0 0
1988.61 0 0 1 1 1 0 0 0 0 0 2 0 1 0 0 0 0 0 0
2039.18 0 1 1 1 1 0 0 0 0 0 1 0 0 0 0 0 0 0 0
2043.44 0 0 1 1 0 0 0 1 0 0 2 0 0 0 0 0 0 0 0
2080.02 0 0 0 0 0 1 0 1 0 0 3 0 0 0 0 0 0 0 0
2085.8 0 0 0 0 0 0 0 0 0 1 4 0 0 0 0 0 0 0 0
2085.8 0 0 0 0 0 0 0 0 0 1 4 0 0 0 0 0 0 0 0
