0 0 0 0 0 0 0 0 0 0 0 5 1 2 1 1 0 0 0 0
16.1163 1 0 0 0 0 0 0 0 0 0 4 0 2 1 1 0 0 0 0
22.2182 1 0 0 1 0 0 0 0 0 0 3 0 2 1 0 0 0 0 0
27.8809 1 1 0 1 0 0 0 0 0 0 2 0 1 1 0 0 0 0 0
28.0197 1 1 1 1 0 0 0 0 0 0 1 0 1 0 0 0 0 0 0
34.2129 1 1 0 0 0 1 0 0 0 0 2 0 1 0 0 0 0 0 0
51.8652 1 2 0 0 0 1 0 0 0 0 1 0 0 0 0 0 0 0 0
80.8398 0 1 0 0 1 1 0 0 0 0 2 0 0 0 0 0 0 0 0
96.751 1 1 0 0 0 1 0 0 0 0 2 0 1 0 0 0 0 0 0
116.836 1 2 0 0 0 1 0 0 0 0 1 0 0 0 0 0 0 0 0
125.971 0 1 0 0 1 1 0 0 0 0 2 0 0 0 0 0 0 0 0
128.777 0 1 0 0 0 0 1 0 0 0 3 0 0 0 0 0 0 0 0
214.906 0 0 0 0 0 0 0 0 1 0 4 0 0 0 0 0 0 0 0
254.813 0 0 0 0 0 0 1 0 0 0 4 0 1 0 0 0 0 0 0
258.567 0 1 0 0 0 0 1 0 0 0 3 0 0 0 0 0 0 0 0
383.282 0 0 0 0 0 0 0 0 1 0 4 0 0 0 0 0 0 0 0
387.811 0 0 0 0 0 0 1 0 0 0 4 0 1 0 0 0 0 0 0
412.437 0 1 0 0 0 0 1 0 0 0 3 0 0 0 0 0 0 0 0
700.901 0 1 0 0 0 1 0 0 0 0 3 0 0 0 0 1 0 0 0
713.229 0 1 0 0 1 1 0 0 0 0 2 0 0 0 0 0 0 0 0
720.55 0 0 0 0 0 1 0 1 0 0 3 0 0 0 0 0 0 0 0
729.965 0 0 0 0 0 0 0 0 0 1 4 0 0 0 0 0 0 0 0
729.965 0 0 0 0 0 0 0 0 0 1 4 0 0 0 0 0 0 0 0
