0 0 0 0 0 0 0 0 0 0 0 5 1 2 1 1 0 0 0 0
6.01383 0 0 0 1 0 0 0 0 0 0 4 1 2 1 0 0 0 0 0
11.3814 0 0 1 1 0 0 0 0 0 0 3 1 2 0 0 0 0 0 0
16.8115 1 0 1 1 0 0 0 0 0 0 2 0 2 0 0 0 0 0 0
18.5793 1 1 1 1 0 0 0 0 0 0 1 0 1 0 0 0 0 0 0
27.8247 1 1 0 0 0 1 0 0 0 0 2 0 1 0 0 0 0 0 0
43.6401 0 0 0 0 1 1 0 0 0 0 3 0 1 0 0 0 0 0 0
46.653 0 0 1 0 1 0 0 0 0 0 3 0 1 0 1 0 0 0 0
50.8568 1 0 1 0 0 0 0 0 0 0 3 0 2 0 1 0 0 0 0
53.3784 1 0 1 1 0 0 0 0 0 0 2 0 2 0 0 0 0 0 0
54.202 1 0 0 0 0 1 0 0 0 0 3 0 2 0 0 0 0 0 0
56.9526 1 1 0 0 0 1 0 0 0 0 2 0 1 0 0 0 0 0 0
61.1786 1 2 0 0 0 1 0 0 0 0 1 0 0 0 0 0 0 0 0
76.646 0 1 0 0 1 1 0 0 0 0 2 0 0 0 0 0 0 0 0
99.6917 0 1 1 0 1 0 0 0 0 0 2 0 0 0 1 0 0 0 0
112.796 0 1 1 1 1 0 0 0 0 0 1 0 0 0 0 0 0 0 0
113.713 1 1 1 1 0 0 0 0 0 0 1 0 1 0 0 0 0 0 0
124.808 0 0 1 1 1 0 0 0 0 0 2 0 1 0 0 0 0 0 0
134.277 0 0 0 0 1 1 0 0 0 0 3 0 1 0 0 0 0 0 0
138.83 0 0 1 0 1 0 0 0 0 0 3 0 1 0 1 0 0 0 0
145.631 0 1 1 0 1 0 0 0 0 0 2 0 0 0 1 0 0 0 0
147.399 0 0 1 0 0 0 0 1 0 0 3 0 0 0 1 0 0 0 0
158.198 0 0 1 1 0 0 0 1 0 0 2 0 0 0 0 0 0 0 0
179.917 0 0 0 0 0 1 0 1 0 0 3 0 0 0 0 0 0 0 0
187.96 0 0 0 0 0 0 0 0 0 1 4 0 0 0 0 0 0 0 0
187.96 0 0 0 0 0 0 0 0 0 1 4 0 0 0 0 0 0 0 0
