0 0 0 0 0 0 0 0 0 0 0 5 1 2 1 1 0 0 0 0
0.205114 1 0 0 0 0 0 0 0 0 0 4 0 2 1 1 0 0 0 0
3.0397 1 0 1 0 0 0 0 0 0 0 3 0 2 0 1 0 0 0 0
3.06697 1 1 1 0 0 0 0 0 0 0 2 0 1 0 1 0 0 0 0
30.4982 1 1 1 1 0 0 0 0 0 0 1 0 1 0 0 0 0 0 0
50.9559 1 2 1 1 0 0 0 0 0 0 0 0 0 0 0 0 0 0 0
56.401 0 1 1 1 1 0 0 0 0 0 1 0 0 0 0 0 0 0 0
60.719 1 1 1 1 0 0 0 0 0 0 1 0 1 0 0 0 0 0 0
78.8547 0 0 1 1 1 0 0 0 0 0 2 0 1 0 0 0 0 0 0
89.0284 0 1 1 1 1 0 0 0 0 0 1 0 0 0 0 0 0 0 0
93.4644 0 0 1 1 0 0 0 1 0 0 2 0 0 0 0 0 0 0 0
109.651 0 0 1 1 1 0 0 0 0 0 2 0 1 0 0 0 0 0 0
135.107 0 0 0 0 1 1 0 0 0 0 3 0 1 0 0 0 0 0 0
168.765 0 0 1 0 1 0 0 0 0 0 3 0 1 0 1 0 0 0 0
180.512 0 1 1 0 1 0 0 0 0 0 2 0 0 0 1 0 0 0 0
181.525 1 1 1 0 0 0 0 0 0 0 2 0 1 0 1 0 0 0 0
184.066 1 1 1 1 0 0 0 0 0 0 1 0 1 0 0 0 0 0 0
206.185 1 1 0 0 0 1 0 0 0 0 2 0 1 0 0 0 0 0 0
223.274 1 1 1 0 0 0 0 0 0 0 2 0 1 0 1 0 0 0 0
226.518 1 1 1 1 0 0 0 0 0 0 1 0 1 0 0 0 0 0 0
259.712 0 0 1 1 1 0 0 0 0 0 2 0 1 0 0 0 0 0 0
271.194 0 0 0 0 1 1 0 0 0 0 3 0 1 0 0 0 0 0 0
274.783 1 0 0 0 0 1 0 0 0 0 3 0 2 0 0 0 0 0 0
275.732 1 1 0 0 0 1 0 0 0 0 2 0 1 0 0 0 0 0 0
297.729 1 1 1 0 0 0 0 0 0 0 2 0 1 0 1 0 0 0 0
335.629 0 0 1 0 1 0 0 0 0 0 3 0 1 0 1 0 0 0 0
337.132 0 0 1 1 1 0 0 0 0 0 2 0 1 0 0 0 0 0 0
381.322 0 0 0 0 1 1 0 0 0 0 3 0 1 0 0 0 0 0 0
383.683 0 0 0 0 0 0 1 0 0 0 4 0 1 0 0 0 0 0 0
394.359 0 1 0 0 0 0 1 0 0 0 3 0 0 0 0 0 0 0 0
420.992 0 0 0 0 0 0 0 0 1 0 4 0 0 0 0 0 0 0 0
435.06 0 0 0 0 0 0 1 0 0 0 4 0 1 0 0 0 0 0 0
452.153 0 0 0 0 0 1 0 0 0 0 4 0 1 0 0 1 0 0 0
452.591 0 0 0 0 1 1 0 0 0 0 3 0 1 0 0 0 0 0 0
464.168 0 1 0 0 1 1 0 0 0 0 2 0 0 0 0 0 0 0 0
473.093 1 1 0 0 0 1 0 0 0 0 2 0 1 0 0 0 0 0 0
537.43 0 0 0 0 1 1 0 0 0 0 3 0 1 0 0 0 0 0 0
541.67 0 1 0 0 1 1 0 0 0 0 2 0 0 0 0 0 0 0 0
554.451 1 1 0 0 0 1 0 0 0 0 2 0 1 0 0 0 0 0 0
609.733 1 2 0 0 0 1 0 0 0 0 1 0 0 0 0 0 0 0 0
654.067 0 1 0 0 1 1 0 0 0 0 2 0 0 0 0 0 0 0 0
699.621 0 1 0 0 0 0 1 0 0 0 3 0 0 0 0 0 0 0 0
699.782 0 0 0 0 0 0 0 0 1 0 4 0 0 0 0 0 0 0 0
747.638 0 0 0 0 0 0 1 0 0 0 4 0 1 0 0 0 0 0 0
770.152 0 1 0 0 0 0 1 0 0 0 3 0 0 0 0 0 0 0 0
907.347 0 1 0 0 0 1 0 0 0 0 3 0 0 0 0 1 0 0 0
931.881 0 1 0 0 1 1 0 0 0 0 2 0 0 0 0 0 0 0 0
947.618 1 1 0 0 0 1 0 0 0 0 2 0 1 0 0 0 0 0 0
954.61 1 1 1 0 0 0 0 0 0 0 2 0 1 0 1 0 0 0 0
958.85 0 0 1 0 1 0 0 0 0 0 3 0 1 0 1 0 0 0 0
979.331 0 1 1 0 1 0 0 0 0 0 2 0 0 0 1 0 0 0 0
981.815 1 1 1 0 0 0 0 0 0 0 2 0 1 0 1 0 0 0 0
991.76 1 2 1 0 0 0 0 0 0 0 1 0 0 0 1 0 0 0 0
1051.52 0 1 1 0 1 0 0 0 0 0 2 0 0 0 1 0 0 0 0
1074.8 0 0 1 0 0 0 0 1 0 0 3 0 0 0 1 0 0 0 0
1075.5 0 0 1 1 0 0 0 1 0 0 2 0 0 0 0 0 0 0 0
1114.5 0 0 0 0 0 1 0 1 0 0 3 0 0 0 0 0 0 0 0
1132.8 0 0 0 0 0 0 0 0 0 1 4 0 0 0 0 0 0 0 0
1132.8 0 0 0 0 0 0 0 0 0 1 4 0 0 0 0 0 0 0 0
