0 0 0 0 0 0 0 0 0 0 0 5 1 2 1 1 0 0 0 0
4.15415 0 0 0 1 0 0 0 0 0 0 4 1 2 1 0 0 0 0 0
20.06 0 1 0 1 0 0 0 0 0 0 3 1 1 1 0 0 0 0 0
28.2458 0 2 0 1 0 0 0 0 0 0 2 1 0 1 0 0 0 0 0
31.4872 1 2 0 1 0 0 0 0 0 0 1 0 0 1 0 0 0 0 0
61.6532 0 1 0 1 1 0 0 0 0 0 2 0 0 1 0 0 0 0 0
119.122 1 1 0 1 0 0 0 0 0 0 2 0 1 1 0 0 0 0 0
134.267 1 1 1 1 0 0 0 0 0 0 1 0 1 0 0 0 0 0 0
145.03 0 0 1 1 1 0 0 0 0 0 2 0 1 0 0 0 0 0 0
190.878 1 0 1 1 0 0 0 0 0 0 2 0 2 0 0 0 0 0 0
192.946 1 1 1 1 0 0 0 0 0 0 1 0 1 0 0 0 0 0 0
291.622 0 0 1 1 1 0 0 0 0 0 2 0 1 0 0 0 0 0 0
341.351 0 1 1 1 1 0 0 0 0 0 1 0 0 0 0 0 0 0 0
352.877 0 0 1 1 0 0 0 1 0 0 2 0 0 0 0 0 0 0 0
376.493 0 0 0 0 0 1 0 1 0 0 3 0 0 0 0 0 0 0 0
391.175 0 0 0 0 0 0 0 0 0 1 4 0 0 0 0 0 0 0 0
2496.25 0 0 0 0 0 1 0 0 0 0 4 0 0 0 0 0 0 0 1
2498.02 0 0 0 0 0 1 0 1 0 0 3 0 0 0 0 0 0 0 0
2516.39 0 0 0 0 0 0 0 0 0 1 4 0 0 0 0 0 0 0 0
2516.39 0 0 0 0 0 0 0 0 0 1 4 0 0 0 0 0 0 0 0
