0 0 0 0 0 0 0 0 0 0 0 5 1 2 1 1 0 0 0 0
4.28967 0 0 1 0 0 0 0 0 0 0 4 1 2 0 1 0 0 0 0
5.82205 1 0 1 0 0 0 0 0 0 0 3 0 2 0 1 0 0 0 0
8.11694 1 1 1 0 0 0 0 0 0 0 2 0 1 0 1 0 0 0 0
46.8027 1 1 1 1 0 0 0 0 0 0 1 0 1 0 0 0 0 0 0
51.9418 0 0 1 1 1 0 0 0 0 0 2 0 1 0 0 0 0 0 0
74.872 1 0 1 1 0 0 0 0 0 0 2 0 2 0 0 0 0 0 0
100.096 1 1 1 1 0 0 0 0 0 0 1 0 1 0 0 0 0 0 0
106.998 1 2 1 1 0 0 0 0 0 0 0 0 0 0 0 0 0 0 0
125.011 1 2 0 0 0 1 0 0 0 0 1 0 0 0 0 0 0 0 0
127.513 0 1 0 0 1 1 0 0 0 0 2 0 0 0 0 0 0 0 0
135.685 0 0 0 0 0 1 0 1 0 0 3 0 0 0 0 0 0 0 0
187.531 0 0 0 0 0 0 0 0 0 1 4 0 0 0 0 0 0 0 0
386.798 0 0 0 0 0 1 0 0 0 0 4 0 0 0 0 0 0 0 1
401.192 0 0 0 0 0 1 0 1 0 0 3 0 0 0 0 0 0 0 0
436.581 0 0 1 0 0 0 0 1 0 0 3 0 0 0 1 0 0 0 0
458.89 0 0 1 1 0 0 0 1 0 0 2 0 0 0 0 0 0 0 0
513.92 0 0 0 0 0 1 0 1 0 0 3 0 0 0 0 0 0 0 0
518.646 0 0 0 0 0 0 0 0 0 1 4 0 0 0 0 0 0 0 0
3867.8 0 0 0 0 0 1 0 0 0 0 4 0 0 0 0 0 0 0 1
3872.69 0 0 0 0 0 1 0 1 0 0 3 0 0 0 0 0 0 0 0
3919.35 0 0 0 0 0 0 0 0 0 1 4 0 0 0 0 0 0 0 0
3919.35 0 0 0 0 0 0 0 0 0 1 4 0 0 0 0 0 0 0 0
