0 0 0 0 0 0 0 0 0 0 0 5 1 2 1 1 0 0 0 0
0.57729 0 1 0 0 0 0 0 0 0 0 4 1 1 1 1 0 0 0 0
16.2498 0 1 1 0 0 0 0 0 0 0 3 1 1 0 1 0 0 0 0
22.6417 0 2 1 0 0 0 0 0 0 0 2 1 0 0 1 0 0 0 0
23.1076 1 2 1 0 0 0 0 0 0 0 1 0 0 0 1 0 0 0 0
36.2674 1 2 1 1 0 0 0 0 0 0 0 0 0 0 0 0 0 0 0
49.6985 0 1 1 1 1 0 0 0 0 0 1 0 0 0 0 0 0 0 0
93.6726 0 1 0 0 1 1 0 0 0 0 2 0 0 0 0 0 0 0 0
98.7565 0 1 1 0 1 0 0 0 0 0 2 0 0 0 1 0 0 0 0
112.672 1 1 1 0 0 0 0 0 0 0 2 0 1 0 1 0 0 0 0
128.832 1 1 1 1 0 0 0 0 0 0 1 0 1 0 0 0 0 0 0
148.843 0 0 1 1 1 0 0 0 0 0 2 0 1 0 0 0 0 0 0
159.615 0 0 0 0 1 1 0 0 0 0 3 0 1 0 0 0 0 0 0
165.169 0 1 0 0 1 1 0 0 0 0 2 0 0 0 0 0 0 0 0
193.637 0 1 0 0 0 0 1 0 0 0 3 0 0 0 0 0 0 0 0
283.996 0 0 0 0 0 0 0 0 1 0 4 0 0 0 0 0 0 0 0
309.436 0 0 0 0 0 0 1 0 0 0 4 0 1 0 0 0 0 0 0
315.251 0 1 0 0 0 0 1 0 0 0 3 0 0 0 0 0 0 0 0
328.715 0 0 0 0 0 0 0 0 1 0 4 0 0 0 0 0 0 0 0
332.301 0 0 0 0 0 0 1 0 0 0 4 0 1 0 0 0 0 0 0
342.302 0 1 0 0 0 0 1 0 0 0 3 0 0 0 0 0 0 0 0
367.787 0 0 0 0 0 0 0 0 1 0 4 0 0 0 0 0 0 0 0
379.021 0 0 0 0 0 0 1 0 0 0 4 0 1 0 0 0 0 0 0
406.476 0 1 0 0 0 0 1 0 0 0 3 0 0 0 0 0 0 0 0
422.957 0 0 0 0 0 0 0 0 1 0 4 0 0 0 0 0 0 0 0
431.932 0 0 0 0 0 0 1 0 0 0 4 0 1 0 0 0 0 0 0
439.857 0 1 0 0 0 0 1 0 0 0 3 0 0 0 0 0 0 0 0
484.606 0 0 0 0 0 0 0 0 1 0 4 0 0 0 0 0 0 0 0
524.073 0 0 0 0 0 0 1 0 0 0 4 0 1 0 0 0 0 0 0
525.206 0 1 0 0 0 0 1 0 0 0 3 0 0 0 0 0 0 0 0
608.096 0 0 0 0 0 0 0 0 1 0 4 0 0 0 0 0 0 0 0
762.684 0 0 0 0 0 0 1 0 0 0 4 0 1 0 0 0 0 0 0
801.43 0 1 0 0 0 0 1 0 0 0 3 0 0 0 0 0 0 0 0
903.505 0 1 0 0 0 1 0 0 0 0 3 0 0 0 0 1 0 0 0
964.612 0 1 1 0 0 0 0 0 0 0 3 0 0 0 1 1 0 0 0
970.24 0 1 1 0 1 0 0 0 0 0 2 0 0 0 1 0 0 0 0
983.199 1 1 1 0 0 0 0 0 0 0 2 0 1 0 1 0 0 0 0
984.868 0 0 1 0 1 0 0 0 0 0 3 0 1 0 1 0 0 0 0
1018.16 1 0 1 0 0 0 0 0 0 0 3 0 2 0 1 0 0 0 0
1022.78 1 0 1 1 0 0 0 0 0 0 2 0 2 0 0 0 0 0 0
1023.34 1 1 1 1 0 0 0 0 0 0 1 0 1 0 0 0 0 0 0
1025.07 1 1 0 0 0 1 0 0 0 0 2 0 1 0 0 0 0 0 0
1037.59 1 1 1 0 0 0 0 0 0 0 2 0 1 0 1 0 0 0 0
1039.03 1 1 1 1 0 0 0 0 0 0 1 0 1 0 0 0 0 0 0
1057.91 1 2 1 1 0 0 0 0 0 0 0 0 0 0 0 0 0 0 0
1081.33 1 2 0 0 0 1 0 0 0 0 1 0 0 0 0 0 0 0 0
1236.07 0 1 0 0 1 1 0 0 0 0 2 0 0 0 0 0 0 0 0
1258.08 0 1 0 0 0 0 1 0 0 0 3 0 0 0 0 0 0 0 0
1367.76 0 0 0 0 0 0 0 0 1 0 4 0 0 0 0 0 0 0 0
1430.7 0 0 0 0 0 0 1 0 0 0 4 0 1 0 0 0 0 0 0
1446.41 0 1 0 0 0 0 1 0 0 0 3 0 0 0 0 0 0 0 0
1449.1 0 1 0 0 0 1 0 0 0 0 3 0 0 0 0 1 0 0 0
1497.91 0 1 0 0 1 1 0 0 0 0 2 0 0 0 0 0 0 0 0
1529.05 0 1 0 0 0 0 1 0 0 0 3 0 0 0 0 0 0 0 0
1678.86 0 1 0 0 0 1 0 0 0 0 3 0 0 0 0 1 0 0 0
1782 0 1 1 0 0 0 0 0 0 0 3 0 0 0 1 1 0 0 0
1805.17 0 1 1 0 1 0 0 0 0 0 2 0 0 0 1 0 0 0 0
1812.08 0 1 1 1 1 0 0 0 0 0 1 0 0 0 0 0 0 0 0
1836.96 1 1 1 1 0 0 0 0 0 0 1 0 1 0 0 0 0 0 0
1846.89 1 2 1 1 0 0 0 0 0 0 0 0 0 0 0 0 0 0 0
1862.65 0 1 1 1 1 0 0 0 0 0 1 0 0 0 0 0 0 0 0
1879.71 0 0 1 1 0 0 0 1 0 0 2 0 0 0 0 0 0 0 0
1921 0 0 1 1 1 0 0 0 0 0 2 0 1 0 0 0 0 0 0
1928.4 1 0 1 1 0 0 0 0 0 0 2 0 2 0 0 0 0 0 0
1955.17 1 1 1 1 0 0 0 0 0 0 1 0 1 0 0 0 0 0 0
1963.61 1 1 0 0 0 1 0 0 0 0 2 0 1 0 0 0 0 0 0
1974.54 1 2 0 0 0 1 0 0 0 0 1 0 0 0 0 0 0 0 0
1983.6 0 1 0 0 1 1 0 0 0 0 2 0 0 0 0 0 0 0 0
1995.97 0 1 1 0 1 0 0 0 0 0 2 0 0 0 1 0 0 0 0
1996.11 1 1 1 0 0 0 0 0 0 0 2 0 1 0 1 0 0 0 0
2001.29 0 0 1 0 1 0 0 0 0 0 3 0 1 0 1 0 0 0 0
2007.45 0 0 1 1 1 0 0 0 0 0 2 0 1 0 0 0 0 0 0
2008.16 1 0 1 1 0 0 0 0 0 0 2 0 2 0 0 0 0 0 0
2012.12 1 1 1 1 0 0 0 0 0 0 1 0 1 0 0 0 0 0 0
2014.19 1 1 0 0 0 1 0 0 0 0 2 0 1 0 0 0 0 0 0
2083.18 1 1 1 0 0 0 0 0 0 0 2 0 1 0 1 0 0 0 0
2096.09 1 2 1 0 0 0 0 0 0 0 1 0 0 0 1 0 0 0 0
2098.7 1 2 1 1 0 0 0 0 0 0 0 0 0 0 0 0 0 0 0
2128.18 0 1 1 1 1 0 0 0 0 0 1 0 0 0 0 0 0 0 0
2151.52 0 0 1 1 0 0 0 1 0 0 2 0 0 0 0 0 0 0 0
2193.39 0 0 0 0 0 1 0 1 0 0 3 0 0 0 0 0 0 0 0
2243.84 0 0 0 0 1 1 0 0 0 0 3 0 1 0 0 0 0 0 0
2248.76 0 1 0 0 1 1 0 0 0 0 2 0 0 0 0 0 0 0 0
2254.11 0 1 0 0 0 0 1 0 0 0 3 0 0 0 0 0 0 0 0
2265.55 0 0 0 0 0 0 0 0 1 0 4 0 0 0 0 0 0 0 0
2272.1 0 0 0 0 0 0 1 0 0 0 4 0 1 0 0 0 0 0 0
2278.24 0 1 0 0 0 0 1 0 0 0 3 0 0 0 0 0 0 0 0
2311.4 0 0 0 0 0 0 0 0 1 0 4 0 0 0 0 0 0 0 0
2321.56 0 0 0 0 0 0 1 0 0 0 4 0 1 0 0 0 0 0 0
2321.72 0 1 0 0 0 0 1 0 0 0 3 0 0 0 0 0 0 0 0
2333.4 0 0 0 0 0 0 0 0 1 0 4 0 0 0 0 0 0 0 0
2429.5 0 0 0 0 0 0 1 0 0 0 4 0 1 0 0 0 0 0 0
2443.04 0 1 0 0 0 0 1 0 0 0 3 0 0 0 0 0 0 0 0
2551.64 0 1 0 0 0 1 0 0 0 0 3 0 0 0 0 1 0 0 0
2569.19 0 1 0 0 1 1 0 0 0 0 2 0 0 0 0 0 0 0 0
2592.91 0 1 1 0 1 0 0 0 0 0 2 0 0 0 1 0 0 0 0
2605.8 1 1 1 0 0 0 0 0 0 0 2 0 1 0 1 0 0 0 0
2608.72 0 0 1 0 1 0 0 0 0 0 3 0 1 0 1 0 0 0 0
2620.56 0 1 1 0 1 0 0 0 0 0 2 0 0 0 1 0 0 0 0
2636.23 0 0 1 0 0 0 0 1 0 0 3 0 0 0 1 0 0 0 0
2662.29 0 0 1 1 0 0 0 1 0 0 2 0 0 0 0 0 0 0 0
2674.59 0 0 0 0 0 1 0 1 0 0 3 0 0 0 0 0 0 0 0
2687.55 0 0 0 0 0 0 0 0 0 1 4 0 0 0 0 0 0 0 0
2687.55 0 0 0 0 0 0 0 0 0 1 4 0 0 0 0 0 0 0 0
