0 0 0 0 0 0 0 0 0 0 0 5 1 2 1 1 0 0 0 0
2.24826 0 1 0 0 0 0 0 0 0 0 4 1 1 1 1 0 0 0 0
9.75823 0 1 0 1 0 0 0 0 0 0 3 1 1 1 0 0 0 0 0
11.5846 0 1 1 1 0 0 0 0 0 0 2 1 1 0 0 0 0 0 0
22.6129 1 1 1 1 0 0 0 0 0 0 1 0 1 0 0 0 0 0 0
43.2504 1 1 0 0 0 1 0 0 0 0 2 0 1 0 0 0 0 0 0
54.7353 1 2 0 0 0 1 0 0 0 0 1 0 0 0 0 0 0 0 0
83.1468 0 1 0 0 1 1 0 0 0 0 2 0 0 0 0 0 0 0 0
113.681 0 1 1 0 1 0 0 0 0 0 2 0 0 0 1 0 0 0 0
119.387 0 1 1 1 1 0 0 0 0 0 1 0 0 0 0 0 0 0 0
137.595 0 1 0 0 1 1 0 0 0 0 2 0 0 0 0 0 0 0 0
155.601 0 0 0 0 0 1 0 1 0 0 3 0 0 0 0 0 0 0 0
156.824 0 0 0 0 1 1 0 0 0 0 3 0 1 0 0 0 0 0 0
178.559 1 0 0 0 0 1 0 0 0 0 3 0 2 0 0 0 0 0 0
198.314 1 1 0 0 0 1 0 0 0 0 2 0 1 0 0 0 0 0 0
206.562 1 1 1 0 0 0 0 0 0 0 2 0 1 0 1 0 0 0 0
211.093 0 0 1 0 1 0 0 0 0 0 3 0 1 0 1 0 0 0 0
216.992 1 0 1 0 0 0 0 0 0 0 3 0 2 0 1 0 0 0 0
233.609 1 1 1 0 0 0 0 0 0 0 2 0 1 0 1 0 0 0 0
235.922 1 1 1 1 0 0 0 0 0 0 1 0 1 0 0 0 0 0 0
243.542 0 0 1 1 1 0 0 0 0 0 2 0 1 0 0 0 0 0 0
261.999 1 0 1 1 0 0 0 0 0 0 2 0 2 0 0 0 0 0 0
265.192 1 1 1 1 0 0 0 0 0 0 1 0 1 0 0 0 0 0 0
329.287 0 0 1 1 1 0 0 0 0 0 2 0 1 0 0 0 0 0 0
338.59 0 1 1 1 1 0 0 0 0 0 1 0 0 0 0 0 0 0 0
344.954 0 1 0 0 1 1 0 0 0 0 2 0 0 0 0 0 0 0 0
413.075 0 1 0 0 0 0 1 0 0 0 3 0 0 0 0 0 0 0 0
467.148 0 1 0 0 0 1 0 0 0 0 3 0 0 0 0 1 0 0 0
469.681 0 1 0 0 1 1 0 0 0 0 2 0 0 0 0 0 0 0 0
493.801 0 1 0 0 0 0 1 0 0 0 3 0 0 0 0 0 0 0 0
763.597 0 1 0 0 0 1 0 0 0 0 3 0 0 0 0 1 0 0 0
778.177 0 1 0 0 1 1 0 0 0 0 2 0 0 0 0 0 0 0 0
805.554 0 1 0 0 0 0 1 0 0 0 3 0 0 0 0 0 0 0 0
814.71 0 0 0 0 0 0 0 0 1 0 4 0 0 0 0 0 0 0 0
827.611 0 0 0 0 0 0 1 0 0 0 4 0 1 0 0 0 0 0 0
863.585 0 1 0 0 0 0 1 0 0 0 3 0 0 0 0 0 0 0 0
1052.9 0 0 0 0 0 0 0 0 1 0 4 0 0 0 0 0 0 0 0
1062.52 0 0 0 0 0 0 1 0 0 0 4 0 1 0 0 0 0 0 0
1091.76 0 1 0 0 0 0 1 0 0 0 3 0 0 0 0 0 0 0 0
1097.49 0 1 0 0 0 1 0 0 0 0 3 0 0 0 0 1 0 0 0
1110.01 0 1 0 0 1 1 0 0 0 0 2 0 0 0 0 0 0 0 0
1112.09 1 1 0 0 0 1 0 0 0 0 2 0 1 0 0 0 0 0 0
1118.16 0 0 0 0 1 1 0 0 0 0 3 0 1 0 0 0 0 0 0
1124.62 0 1 0 0 1 1 0 0 0 0 2 0 0 0 0 0 0 0 0
1128.16 0 1 1 0 1 0 0 0 0 0 2 0 0 0 1 0 0 0 0
1131.62 0 1 1 1 1 0 0 0 0 0 1 0 0 0 0 0 0 0 0
1134.08 0 0 1 1 0 0 0 1 0 0 2 0 0 0 0 0 0 0 0
1153.94 0 0 0 0 0 1 0 1 0 0 3 0 0 0 0 0 0 0 0
1170.03 0 0 0 0 0 0 0 0 0 1 4 0 0 0 0 0 0 0 0
1170.03 0 0 0 0 0 0 0 0 0 1 4 0 0 0 0 0 0 0 0
