0 0 0 0 0 0 0 0 0 0 0 5 1 2 1 1 0 0 0 0
5.05978 0 0 0 1 0 0 0 0 0 0 4 1 2 1 0 0 0 0 0
7.43001 0 0 1 1 0 0 0 0 0 0 3 1 2 0 0 0 0 0 0
20.4998 0 1 1 1 0 0 0 0 0 0 2 1 1 0 0 0 0 0 0
34.0554 0 2 1 1 0 0 0 0 0 0 1 1 0 0 0 0 0 0 0
68.5369 0 2 0 0 0 1 0 0 0 0 2 1 0 0 0 0 0 0 0
76.6249 0 2 1 0 0 0 0 0 0 0 2 1 0 0 1 0 0 0 0
84.9261 0 2 1 1 0 0 0 0 0 0 1 1 0 0 0 0 0 0 0
162.344 0 2 0 0 0 1 0 0 0 0 2 1 0 0 0 0 0 0 0
193.481 1 2 0 0 0 1 0 0 0 0 1 0 0 0 0 0 0 0 0
200.256 0 1 0 0 1 1 0 0 0 0 2 0 0 0 0 0 0 0 0
267.841 1 1 0 0 0 1 0 0 0 0 2 0 1 0 0 0 0 0 0
269.349 1 2 0 0 0 1 0 0 0 0 1 0 0 0 0 0 0 0 0
316.38 0 1 0 0 1 1 0 0 0 0 2 0 0 0 0 0 0 0 0
326.674 0 0 0 0 0 1 0 1 0 0 3 0 0 0 0 0 0 0 0
370.579 0 0 0 0 1 1 0 0 0 0 3 0 1 0 0 0 0 0 0
370.643 0 0 1 0 1 0 0 0 0 0 3 0 1 0 1 0 0 0 0
372.73 0 0 1 1 1 0 0 0 0 0 2 0 1 0 0 0 0 0 0
385.813 0 0 0 0 1 1 0 0 0 0 3 0 1 0 0 0 0 0 0
412.206 0 1 0 0 1 1 0 0 0 0 2 0 0 0 0 0 0 0 0
415.343 1 1 0 0 0 1 0 0 0 0 2 0 1 0 0 0 0 0 0
430.231 1 2 0 0 0 1 0 0 0 0 1 0 0 0 0 0 0 0 0
436.049 0 1 0 0 1 1 0 0 0 0 2 0 0 0 0 0 0 0 0
467.52 0 1 1 0 1 0 0 0 0 0 2 0 0 0 1 0 0 0 0
479.676 1 1 1 0 0 0 0 0 0 0 2 0 1 0 1 0 0 0 0
499.617 1 2 1 0 0 0 0 0 0 0 1 0 0 0 1 0 0 0 0
608.919 0 1 1 0 1 0 0 0 0 0 2 0 0 0 1 0 0 0 0
610.1 0 1 1 1 1 0 0 0 0 0 1 0 0 0 0 0 0 0 0
667.407 0 1 0 0 1 1 0 0 0 0 2 0 0 0 0 0 0 0 0
693.976 1 1 0 0 0 1 0 0 0 0 2 0 1 0 0 0 0 0 0
708.388 1 1 1 0 0 0 0 0 0 0 2 0 1 0 1 0 0 0 0
719.168 1 2 1 0 0 0 0 0 0 0 1 0 0 0 1 0 0 0 0
719.283 0 1 1 0 1 0 0 0 0 0 2 0 0 0 1 0 0 0 0
749.889 1 1 1 0 0 0 0 0 0 0 2 0 1 0 1 0 0 0 0
763.048 1 2 1 0 0 0 0 0 0 0 1 0 0 0 1 0 0 0 0
783.239 0 1 1 0 1 0 0 0 0 0 2 0 0 0 1 0 0 0 0
784.735 0 1 1 1 1 0 0 0 0 0 1 0 0 0 0 0 0 0 0
785.498 1 1 1 1 0 0 0 0 0 0 1 0 1 0 0 0 0 0 0
825.776 0 0 1 1 1 0 0 0 0 0 2 0 1 0 0 0 0 0 0
833.158 0 1 1 1 1 0 0 0 0 0 1 0 0 0 0 0 0 0 0
839.031 1 1 1 1 0 0 0 0 0 0 1 0 1 0 0 0 0 0 0
930.751 1 2 1 1 0 0 0 0 0 0 0 0 0 0 0 0 0 0 0
954.328 1 2 0 0 0 1 0 0 0 0 1 0 0 0 0 0 0 0 0
963.015 0 1 0 0 1 1 0 0 0 0 2 0 0 0 0 0 0 0 0
1012.98 0 1 1 0 1 0 0 0 0 0 2 0 0 0 1 0 0 0 0
1066.59 0 1 1 1 1 0 0 0 0 0 1 0 0 0 0 0 0 0 0
1083.58 1 1 1 1 0 0 0 0 0 0 1 0 1 0 0 0 0 0 0
1132.72 1 1 0 0 0 1 0 0 0 0 2 0 1 0 0 0 0 0 0
1132.95 0 0 0 0 1 1 0 0 0 0 3 0 1 0 0 0 0 0 0
1133.96 0 0 1 0 1 0 0 0 0 0 3 0 1 0 1 0 0 0 0
1138.53 0 1 1 0 1 0 0 0 0 0 2 0 0 0 1 0 0 0 0
1143.11 0 1 1 1 1 0 0 0 0 0 1 0 0 0 0 0 0 0 0
1166.59 1 1 1 1 0 0 0 0 0 0 1 0 1 0 0 0 0 0 0
1193.08 1 1 0 0 0 1 0 0 0 0 2 0 1 0 0 0 0 0 0
1195.35 0 0 0 0 1 1 0 0 0 0 3 0 1 0 0 0 0 0 0
1214.87 0 1 0 0 1 1 0 0 0 0 2 0 0 0 0 0 0 0 0
1360.58 0 0 0 0 0 1 0 1 0 0 3 0 0 0 0 0 0 0 0
1386.08 0 0 0 0 0 0 0 0 0 1 4 0 0 0 0 0 0 0 0
1386.08 0 0 0 0 0 0 0 0 0 1 4 0 0 0 0 0 0 0 0
