0 0 0 0 0 0 0 0 0 0 0 5 1 2 1 1 0 0 0 0
0.695544 0 1 0 0 0 0 0 0 0 0 4 1 1 1 1 0 0 0 0
21.8312 0 1 0 1 0 0 0 0 0 0 3 1 1 1 0 0 0 0 0
47.0288 1 1 0 1 0 0 0 0 0 0 2 0 1 1 0 0 0 0 0
61.102 1 2 0 1 0 0 0 0 0 0 1 0 0 1 0 0 0 0 0
74.5204 0 1 0 1 1 0 0 0 0 0 2 0 0 1 0 0 0 0 0
84.695 0 1 1 1 1 0 0 0 0 0 1 0 0 0 0 0 0 0 0
108.699 0 1 0 0 1 1 0 0 0 0 2 0 0 0 0 0 0 0 0
118.092 0 1 1 0 1 0 0 0 0 0 2 0 0 0 1 0 0 0 0
124.639 1 1 1 0 0 0 0 0 0 0 2 0 1 0 1 0 0 0 0
144.327 1 1 1 1 0 0 0 0 0 0 1 0 1 0 0 0 0 0 0
154.604 0 0 1 1 1 0 0 0 0 0 2 0 1 0 0 0 0 0 0
170.662 0 1 1 1 1 0 0 0 0 0 1 0 0 0 0 0 0 0 0
172.031 1 1 1 1 0 0 0 0 0 0 1 0 1 0 0 0 0 0 0
187.996 0 0 1 1 1 0 0 0 0 0 2 0 1 0 0 0 0 0 0
208.792 0 1 1 1 1 0 0 0 0 0 1 0 0 0 0 0 0 0 0
218.482 0 1 0 0 1 1 0 0 0 0 2 0 0 0 0 0 0 0 0
262.206 1 1 0 0 0 1 0 0 0 0 2 0 1 0 0 0 0 0 0
263.599 0 0 0 0 1 1 0 0 0 0 3 0 1 0 0 0 0 0 0
264.025 1 0 0 0 0 1 0 0 0 0 3 0 2 0 0 0 0 0 0
273.984 1 1 0 0 0 1 0 0 0 0 2 0 1 0 0 0 0 0 0
274.672 0 0 0 0 1 1 0 0 0 0 3 0 1 0 0 0 0 0 0
286.761 1 0 0 0 0 1 0 0 0 0 3 0 2 0 0 0 0 0 0
318.038 1 0 1 0 0 0 0 0 0 0 3 0 2 0 1 0 0 0 0
331.335 1 0 1 1 0 0 0 0 0 0 2 0 2 0 0 0 0 0 0
342.535 1 1 1 1 0 0 0 0 0 0 1 0 1 0 0 0 0 0 0
356.946 0 0 1 1 1 0 0 0 0 0 2 0 1 0 0 0 0 0 0
360.533 0 1 1 1 1 0 0 0 0 0 1 0 0 0 0 0 0 0 0
429.976 1 1 1 1 0 0 0 0 0 0 1 0 1 0 0 0 0 0 0
431.508 1 1 0 0 0 1 0 0 0 0 2 0 1 0 0 0 0 0 0
521.877 0 0 0 0 1 1 0 0 0 0 3 0 1 0 0 0 0 0 0
542.577 0 1 0 0 1 1 0 0 0 0 2 0 0 0 0 0 0 0 0
559.15 0 0 0 0 0 1 0 1 0 0 3 0 0 0 0 0 0 0 0
594.202 0 0 0 0 0 0 0 0 0 1 4 0 0 0 0 0 0 0 0
594.202 0 0 0 0 0 0 0 0 0 1 4 0 0 0 0 0 0 0 0
