0 0 0 0 0 0 0 0 0 0 0 5 1 2 1 1 0 0 0 0
2.84204 0 0 1 0 0 0 0 0 0 0 4 1 2 0 1 0 0 0 0
19.2793 0 0 1 1 0 0 0 0 0 0 3 1 2 0 0 0 0 0 0
21.7684 0 1 1 1 0 0 0 0 0 0 2 1 1 0 0 0 0 0 0
33.4054 1 1 1 1 0 0 0 0 0 0 1 0 1 0 0 0 0 0 0
102.382 1 2 1 1 0 0 0 0 0 0 0 0 0 0 0 0 0 0 0
116.373 0 1 1 1 1 0 0 0 0 0 1 0 0 0 0 0 0 0 0
144.256 1 1 1 1 0 0 0 0 0 0 1 0 1 0 0 0 0 0 0
146.96 1 2 1 1 0 0 0 0 0 0 0 0 0 0 0 0 0 0 0
163.698 0 1 1 1 1 0 0 0 0 0 1 0 0 0 0 0 0 0 0
173.579 1 1 1 1 0 0 0 0 0 0 1 0 1 0 0 0 0 0 0
240.698 1 1 0 0 0 1 0 0 0 0 2 0 1 0 0 0 0 0 0
277.207 1 2 0 0 0 1 0 0 0 0 1 0 0 0 0 0 0 0 0
323.469 0 1 0 0 1 1 0 0 0 0 2 0 0 0 0 0 0 0 0
325.782 0 0 0 0 0 1 0 1 0 0 3 0 0 0 0 0 0 0 0
326.83 0 0 0 0 0 0 0 0 0 1 4 0 0 0 0 0 0 0 0
425.919 0 0 0 0 0 1 0 0 0 0 4 0 0 0 0 0 0 0 1
432.472 0 0 1 0 0 0 0 0 0 0 4 0 0 0 1 0 0 0 1
447.238 0 0 1 1 0 0 0 0 0 0 3 0 0 0 0 0 0 0 1
450.714 0 0 1 1 0 0 0 1 0 0 2 0 0 0 0 0 0 0 0
460.493 0 0 1 1 1 0 0 0 0 0 2 0 1 0 0 0 0 0 0
470.024 1 0 1 1 0 0 0 0 0 0 2 0 2 0 0 0 0 0 0
497.958 1 1 1 1 0 0 0 0 0 0 1 0 1 0 0 0 0 0 0
499.665 0 0 1 1 1 0 0 0 0 0 2 0 1 0 0 0 0 0 0
504.301 1 0 1 1 0 0 0 0 0 0 2 0 2 0 0 0 0 0 0
509.186 1 1 1 1 0 0 0 0 0 0 1 0 1 0 0 0 0 0 0
539.592 1 2 1 1 0 0 0 0 0 0 0 0 0 0 0 0 0 0 0
601.049 0 1 1 1 1 0 0 0 0 0 1 0 0 0 0 0 0 0 0
621.013 0 1 0 0 1 1 0 0 0 0 2 0 0 0 0 0 0 0 0
628.823 0 0 0 0 0 1 0 1 0 0 3 0 0 0 0 0 0 0 0
639.457 0 0 1 0 0 0 0 1 0 0 3 0 0 0 1 0 0 0 0
669.362 0 0 1 1 0 0 0 1 0 0 2 0 0 0 0 0 0 0 0
775.777 0 0 0 0 0 1 0 1 0 0 3 0 0 0 0 0 0 0 0
784.754 0 0 0 0 0 0 0 0 0 1 4 0 0 0 0 0 0 0 0
784.754 0 0 0 0 0 0 0 0 0 1 4 0 0 0 0 0 0 0 0
