0 0 0 0 0 0 0 0 0 0 0 5 1 2 1 1 0 0 0 0
1.20746 0 1 0 0 0 0 0 0 0 0 4 1 1 1 1 0 0 0 0
15.1244 0 2 0 0 0 0 0 0 0 0 3 1 0 1 1 0 0 0 0
24.7206 0 2 1 0 0 0 0 0 0 0 2 1 0 0 1 0 0 0 0
32.9358 0 2 1 1 0 0 0 0 0 0 1 1 0 0 0 0 0 0 0
71.6964 0 2 0 0 0 1 0 0 0 0 2 1 0 0 0 0 0 0 0
71.7269 0 2 1 0 0 0 0 0 0 0 2 1 0 0 1 0 0 0 0
87.4572 1 2 1 0 0 0 0 0 0 0 1 0 0 0 1 0 0 0 0
96.5195 0 1 1 0 1 0 0 0 0 0 2 0 0 0 1 0 0 0 0
104.545 1 1 1 0 0 0 0 0 0 0 2 0 1 0 1 0 0 0 0
133.085 1 2 1 0 0 0 0 0 0 0 1 0 0 0 1 0 0 0 0
180.62 0 1 1 0 1 0 0 0 0 0 2 0 0 0 1 0 0 0 0
213.276 1 1 1 0 0 0 0 0 0 0 2 0 1 0 1 0 0 0 0
217.408 1 2 1 0 0 0 0 0 0 0 1 0 0 0 1 0 0 0 0
223.908 0 1 1 0 1 0 0 0 0 0 2 0 0 0 1 0 0 0 0
285.199 0 1 1 1 1 0 0 0 0 0 1 0 0 0 0 0 0 0 0
291.646 1 1 1 1 0 0 0 0 0 0 1 0 1 0 0 0 0 0 0
330.357 1 2 1 1 0 0 0 0 0 0 0 0 0 0 0 0 0 0 0
362.235 0 1 1 1 1 0 0 0 0 0 1 0 0 0 0 0 0 0 0
377.576 1 1 1 1 0 0 0 0 0 0 1 0 1 0 0 0 0 0 0
424.396 1 2 1 1 0 0 0 0 0 0 0 0 0 0 0 0 0 0 0
425.452 0 1 1 1 1 0 0 0 0 0 1 0 0 0 0 0 0 0 0
545.999 0 0 1 1 0 0 0 1 0 0 2 0 0 0 0 0 0 0 0
568.741 0 0 1 1 1 0 0 0 0 0 2 0 1 0 0 0 0 0 0
575.676 0 0 0 0 1 1 0 0 0 0 3 0 1 0 0 0 0 0 0
601.633 0 1 0 0 1 1 0 0 0 0 2 0 0 0 0 0 0 0 0
605.942 0 0 0 0 0 1 0 1 0 0 3 0 0 0 0 0 0 0 0
609.082 0 0 0 0 1 1 0 0 0 0 3 0 1 0 0 0 0 0 0
613.093 0 1 0 0 1 1 0 0 0 0 2 0 0 0 0 0 0 0 0
624.624 1 1 0 0 0 1 0 0 0 0 2 0 1 0 0 0 0 0 0
626.088 1 2 0 0 0 1 0 0 0 0 1 0 0 0 0 0 0 0 0
646.42 0 1 0 0 1 1 0 0 0 0 2 0 0 0 0 0 0 0 0
666.024 1 1 0 0 0 1 0 0 0 0 2 0 1 0 0 0 0 0 0
681.225 1 2 0 0 0 1 0 0 0 0 1 0 0 0 0 0 0 0 0
714.203 0 1 0 0 1 1 0 0 0 0 2 0 0 0 0 0 0 0 0
726.005 0 0 0 0 0 1 0 1 0 0 3 0 0 0 0 0 0 0 0
730.475 0 0 1 0 0 0 0 1 0 0 3 0 0 0 1 0 0 0 0
743.75 0 0 1 1 0 0 0 1 0 0 2 0 0 0 0 0 0 0 0
745.265 0 0 0 0 0 1 0 1 0 0 3 0 0 0 0 0 0 0 0
762.941 0 0 1 0 0 0 0 1 0 0 3 0 0 0 1 0 0 0 0
786.404 0 0 1 1 0 0 0 1 0 0 2 0 0 0 0 0 0 0 0
812.243 0 0 0 0 0 1 0 1 0 0 3 0 0 0 0 0 0 0 0
926.646 0 0 0 0 0 0 0 0 0 1 4 0 0 0 0 0 0 0 0
926.646 0 0 0 0 0 0 0 0 0 1 4 0 0 0 0 0 0 0 0
