0 0 0 0 0 0 0 0 0 0 0 5 1 2 1 1 0 0 0 0
5.42238 1 0 0 0 0 0 0 0 0 0 4 0 2 1 1 0 0 0 0
6.9879 1 0 1 0 0 0 0 0 0 0 3 0 2 0 1 0 0 0 0
24.1264 1 1 1 0 0 0 0 0 0 0 2 0 1 0 1 0 0 0 0
42.1922 0 0 1 0 1 0 0 0 0 0 3 0 1 0 1 0 0 0 0
48.5117 1 0 1 0 0 0 0 0 0 0 3 0 2 0 1 0 0 0 0
48.9243 1 1 1 0 0 0 0 0 0 0 2 0 1 0 1 0 0 0 0
53.3725 1 2 1 0 0 0 0 0 0 0 1 0 0 0 1 0 0 0 0
78.2166 0 1 1 0 1 0 0 0 0 0 2 0 0 0 1 0 0 0 0
97.1382 0 1 1 1 1 0 0 0 0 0 1 0 0 0 0 0 0 0 0
159.616 0 1 0 0 1 1 0 0 0 0 2 0 0 0 0 0 0 0 0
174.828 0 1 1 0 1 0 0 0 0 0 2 0 0 0 1 0 0 0 0
177.279 1 1 1 0 0 0 0 0 0 0 2 0 1 0 1 0 0 0 0
180.002 1 2 1 0 0 0 0 0 0 0 1 0 0 0 1 0 0 0 0
182.626 1 2 1 1 0 0 0 0 0 0 0 0 0 0 0 0 0 0 0
185.559 0 1 1 1 1 0 0 0 0 0 1 0 0 0 0 0 0 0 0
197.985 0 1 0 0 1 1 0 0 0 0 2 0 0 0 0 0 0 0 0
210.054 0 0 0 0 0 1 0 1 0 0 3 0 0 0 0 0 0 0 0
218.801 0 0 0 0 1 1 0 0 0 0 3 0 1 0 0 0 0 0 0
224.601 0 0 0 0 0 0 1 0 0 0 4 0 1 0 0 0 0 0 0
229.646 0 1 0 0 0 0 1 0 0 0 3 0 0 0 0 0 0 0 0
298.406 0 0 0 0 0 0 0 0 1 0 4 0 0 0 0 0 0 0 0
307.951 0 0 0 0 0 0 1 0 0 0 4 0 1 0 0 0 0 0 0
330.541 0 1 0 0 0 0 1 0 0 0 3 0 0 0 0 0 0 0 0
370.375 0 0 0 0 0 0 0 0 1 0 4 0 0 0 0 0 0 0 0
380.682 0 0 0 0 0 0 1 0 0 0 4 0 1 0 0 0 0 0 0
386.314 0 1 0 0 0 0 1 0 0 0 3 0 0 0 0 0 0 0 0
424.001 0 0 0 0 0 0 0 0 1 0 4 0 0 0 0 0 0 0 0
448.642 0 0 0 0 0 0 1 0 0 0 4 0 1 0 0 0 0 0 0
450.083 0 1 0 0 0 0 1 0 0 0 3 0 0 0 0 0 0 0 0
508.52 0 1 0 0 0 1 0 0 0 0 3 0 0 0 0 1 0 0 0
517.907 0 1 0 0 1 1 0 0 0 0 2 0 0 0 0 0 0 0 0
519.227 0 1 0 0 0 0 1 0 0 0 3 0 0 0 0 0 0 0 0
599.315 0 0 0 0 0 0 0 0 1 0 4 0 0 0 0 0 0 0 0
600.683 0 0 0 0 0 0 1 0 0 0 4 0 1 0 0 0 0 0 0
605.702 0 1 0 0 0 0 1 0 0 0 3 0 0 0 0 0 0 0 0
707.95 0 0 0 0 0 0 0 0 1 0 4 0 0 0 0 0 0 0 0
728.312 0 0 0 0 0 0 1 0 0 0 4 0 1 0 0 0 0 0 0
775.359 0 1 0 0 0 0 1 0 0 0 3 0 0 0 0 0 0 0 0
777.17 0 0 0 0 0 0 0 0 1 0 4 0 0 0 0 0 0 0 0
792.619 0 0 0 0 0 0 1 0 0 0 4 0 1 0 0 0 0 0 0
840.57 0 1 0 0 0 0 1 0 0 0 3 0 0 0 0 0 0 0 0
850.001 0 0 0 0 0 0 0 0 1 0 4 0 0 0 0 0 0 0 0
956.631 0 0 0 0 0 0 1 0 0 0 4 0 1 0 0 0 0 0 0
957.718 0 1 0 0 0 0 1 0 0 0 3 0 0 0 0 0 0 0 0
982.956 0 0 0 0 0 0 0 0 1 0 4 0 0 0 0 0 0 0 0
990.53 0 0 0 0 0 0 1 0 0 0 4 0 1 0 0 0 0 0 0
1029.3 0 1 0 0 0 0 1 0 0 0 3 0 0 0 0 0 0 0 0
1061.79 0 0 0 0 0 0 0 0 1 0 4 0 0 0 0 0 0 0 0
1089.78 0 0 0 0 0 0 1 0 0 0 4 0 1 0 0 0 0 0 0
1118.26 0 1 0 0 0 0 1 0 0 0 3 0 0 0 0 0 0 0 0
1191.9 0 0 0 0 0 0 0 0 1 0 4 0 0 0 0 0 0 0 0
1232.33 0 0 0 0 0 0 1 0 0 0 4 0 1 0 0 0 0 0 0
1259.37 0 1 0 0 0 0 1 0 0 0 3 0 0 0 0 0 0 0 0
1283.95 0 0 0 0 0 0 0 0 1 0 4 0 0 0 0 0 0 0 0
1284.82 0 0 0 0 0 0 1 0 0 0 4 0 1 0 0 0 0 0 0
1286.23 0 1 0 0 0 0 1 0 0 0 3 0 0 0 0 0 0 0 0
1312.95 0 0 0 0 0 0 0 0 1 0 4 0 0 0 0 0 0 0 0
1324.15 0 0 0 0 0 0 1 0 0 0 4 0 1 0 0 0 0 0 0
1388.63 0 1 0 0 0 0 1 0 0 0 3 0 0 0 0 0 0 0 0
1415.73 0 0 0 0 0 0 0 0 1 0 4 0 0 0 0 0 0 0 0
1418.07 0 0 0 0 0 0 1 0 0 0 4 0 1 0 0 0 0 0 0
1418.27 0 1 0 0 0 0 1 0 0 0 3 0 0 0 0 0 0 0 0
1546.5 0 0 0 0 0 0 0 0 1 0 4 0 0 0 0 0 0 0 0
1567.95 0 0 0 0 0 0 1 0 0 0 4 0 1 0 0 0 0 0 0
1646.46 0 1 0 0 0 0 1 0 0 0 3 0 0 0 0 0 0 0 0
1667.01 0 0 0 0 0 0 0 0 1 0 4 0 0 0 0 0 0 0 0
1717.53 0 0 0 0 0 0 1 0 0 0 4 0 1 0 0 0 0 0 0
1791.28 0 1 0 0 0 0 1 0 0 0 3 0 0 0 0 0 0 0 0
1851.18 0 0 0 0 0 0 0 0 1 0 4 0 0 0 0 0 0 0 0
1860.16 0 0 0 0 0 0 1 0 0 0 4 0 1 0 0 0 0 0 0
1862.68 0 1 0 0 0 0 1 0 0 0 3 0 0 0 0 0 0 0 0
1913.9 0 0 0 0 0 0 0 0 1 0 4 0 0 0 0 0 0 0 0
1937.64 0 0 0 0 0 0 1 0 0 0 4 0 1 0 0 0 0 0 0
1983.07 0 1 0 0 0 0 1 0 0 0 3 0 0 0 0 0 0 0 0
2000.98 0 0 0 0 0 0 0 0 1 0 4 0 0 0 0 0 0 0 0
2052.04 0 0 0 0 0 0 1 0 0 0 4 0 1 0 0 0 0 0 0
2101.98 0 1 0 0 0 0 1 0 0 0 3 0 0 0 0 0 0 0 0
2118.09 0 0 0 0 0 0 0 0 1 0 4 0 0 0 0 0 0 0 0
2128.54 0 0 0 0 0 0 1 0 0 0 4 0 1 0 0 0 0 0 0
2137.14 0 1 0 0 0 0 1 0 0 0 3 0 0 0 0 0 0 0 0
2137.3 0 0 0 0 0 0 0 0 1 0 4 0 0 0 0 0 0 0 0
2267.48 0 0 0 0 0 0 1 0 0 0 4 0 1 0 0 0 0 0 0
2294.37 0 0 0 0 0 1 0 0 0 0 4 0 1 0 0 1 0 0 0
2298.84 0 0 0 0 1 1 0 0 0 0 3 0 1 0 0 0 0 0 0
2303.61 1 0 0 0 0 1 0 0 0 0 3 0 2 0 0 0 0 0 0
2304.93 1 1 0 0 0 1 0 0 0 0 2 0 1 0 0 0 0 0 0
2359.89 0 0 0 0 1 1 0 0 0 0 3 0 1 0 0 0 0 0 0
2392.29 0 0 1 0 1 0 0 0 0 0 3 0 1 0 1 0 0 0 0
2404.82 1 0 1 0 0 0 0 0 0 0 3 0 2 0 1 0 0 0 0
2435.38 1 1 1 0 0 0 0 0 0 0 2 0 1 0 1 0 0 0 0
2436.17 0 0 1 0 1 0 0 0 0 0 3 0 1 0 1 0 0 0 0
2440.34 1 0 1 0 0 0 0 0 0 0 3 0 2 0 1 0 0 0 0
2449.69 1 1 1 0 0 0 0 0 0 0 2 0 1 0 1 0 0 0 0
2473.93 0 0 1 0 1 0 0 0 0 0 3 0 1 0 1 0 0 0 0
2478.69 0 0 1 1 1 0 0 0 0 0 2 0 1 0 0 0 0 0 0
2481.4 0 1 1 1 1 0 0 0 0 0 1 0 0 0 0 0 0 0 0
2508.06 1 1 1 1 0 0 0 0 0 0 1 0 1 0 0 0 0 0 0
2511.72 1 1 0 0 0 1 0 0 0 0 2 0 1 0 0 0 0 0 0
2513.52 1 2 0 0 0 1 0 0 0 0 1 0 0 0 0 0 0 0 0
2555.75 0 1 0 0 1 1 0 0 0 0 2 0 0 0 0 0 0 0 0
2556.92 0 1 0 0 0 0 1 0 0 0 3 0 0 0 0 0 0 0 0
2631.75 0 0 0 0 0 0 0 0 1 0 4 0 0 0 0 0 0 0 0
2659.05 0 0 0 0 0 0 1 0 0 0 4 0 1 0 0 0 0 0 0
2671.12 0 1 0 0 0 0 1 0 0 0 3 0 0 0 0 0 0 0 0
2700.65 0 0 0 0 0 0 0 0 1 0 4 0 0 0 0 0 0 0 0
2705.84 0 0 0 0 0 0 1 0 0 0 4 0 1 0 0 0 0 0 0
2708.67 0 1 0 0 0 0 1 0 0 0 3 0 0 0 0 0 0 0 0
2736.75 0 0 0 0 0 0 0 0 1 0 4 0 0 0 0 0 0 0 0
2890.84 0 0 0 0 0 0 1 0 0 0 4 0 1 0 0 0 0 0 0
2909.81 0 1 0 0 0 0 1 0 0 0 3 0 0 0 0 0 0 0 0
2923.47 0 0 0 0 0 0 0 0 1 0 4 0 0 0 0 0 0 0 0
2954.12 0 0 0 0 0 0 1 0 0 0 4 0 1 0 0 0 0 0 0
2994.37 0 1 0 0 0 0 1 0 0 0 3 0 0 0 0 0 0 0 0
3017.8 0 0 0 0 0 0 0 0 1 0 4 0 0 0 0 0 0 0 0
3026.33 0 0 0 0 0 0 1 0 0 0 4 0 1 0 0 0 0 0 0
3033.46 0 1 0 0 0 0 1 0 0 0 3 0 0 0 0 0 0 0 0
3035.77 0 1 0 0 0 1 0 0 0 0 3 0 0 0 0 1 0 0 0
3044.08 0 1 0 0 1 1 0 0 0 0 2 0 0 0 0 0 0 0 0
3066.21 0 0 0 0 0 1 0 1 0 0 3 0 0 0 0 0 0 0 0
3128.92 0 0 0 0 1 1 0 0 0 0 3 0 1 0 0 0 0 0 0
3129.77 0 1 0 0 1 1 0 0 0 0 2 0 0 0 0 0 0 0 0
3146.62 1 1 0 0 0 1 0 0 0 0 2 0 1 0 0 0 0 0 0
3161.31 1 2 0 0 0 1 0 0 0 0 1 0 0 0 0 0 0 0 0
3217.28 0 1 0 0 1 1 0 0 0 0 2 0 0 0 0 0 0 0 0
3220.58 1 1 0 0 0 1 0 0 0 0 2 0 1 0 0 0 0 0 0
3255.4 1 2 0 0 0 1 0 0 0 0 1 0 0 0 0 0 0 0 0
3260.32 0 1 0 0 1 1 0 0 0 0 2 0 0 0 0 0 0 0 0
3267.86 0 1 1 0 1 0 0 0 0 0 2 0 0 0 1 0 0 0 0
3271.92 1 1 1 0 0 0 0 0 0 0 2 0 1 0 1 0 0 0 0
3316.87 1 2 1 0 0 0 0 0 0 0 1 0 0 0 1 0 0 0 0
3362.22 1 2 1 1 0 0 0 0 0 0 0 0 0 0 0 0 0 0 0
3392.21 0 1 1 1 1 0 0 0 0 0 1 0 0 0 0 0 0 0 0
3397.78 1 1 1 1 0 0 0 0 0 0 1 0 1 0 0 0 0 0 0
3416 0 0 1 1 1 0 0 0 0 0 2 0 1 0 0 0 0 0 0
3438.9 1 0 1 1 0 0 0 0 0 0 2 0 2 0 0 0 0 0 0
3439.54 1 0 0 0 0 1 0 0 0 0 3 0 2 0 0 0 0 0 0
3447.36 1 1 0 0 0 1 0 0 0 0 2 0 1 0 0 0 0 0 0
3516.38 0 0 0 0 1 1 0 0 0 0 3 0 1 0 0 0 0 0 0
3530.24 0 0 0 0 0 0 1 0 0 0 4 0 1 0 0 0 0 0 0
3540.05 0 1 0 0 0 0 1 0 0 0 3 0 0 0 0 0 0 0 0
3557.95 0 1 0 0 0 1 0 0 0 0 3 0 0 0 0 1 0 0 0
3562.86 0 1 0 0 1 1 0 0 0 0 2 0 0 0 0 0 0 0 0
3578.21 0 0 0 0 0 1 0 1 0 0 3 0 0 0 0 0 0 0 0
3597.5 0 0 0 0 0 0 0 0 0 1 4 0 0 0 0 0 0 0 0
3597.5 0 0 0 0 0 0 0 0 0 1 4 0 0 0 0 0 0 0 0
