0 0 0 0 0 0 0 0 0 0 0 5 1 2 1 1 0 0 0 0
0.929225 0 1 0 0 0 0 0 0 0 0 4 1 1 1 1 0 0 0 0
2.58407 0 2 0 0 0 0 0 0 0 0 3 1 0 1 1 0 0 0 0
3.01577 0 2 1 0 0 0 0 0 0 0 2 1 0 0 1 0 0 0 0
17.996 1 2 1 0 0 0 0 0 0 0 1 0 0 0 1 0 0 0 0
37.1844 0 1 1 0 1 0 0 0 0 0 2 0 0 0 1 0 0 0 0
53.7884 0 1 1 1 1 0 0 0 0 0 1 0 0 0 0 0 0 0 0
71.3918 0 1 0 0 1 1 0 0 0 0 2 0 0 0 0 0 0 0 0
134.213 0 1 0 0 0 0 1 0 0 0 3 0 0 0 0 0 0 0 0
179.469 0 0 0 0 0 0 0 0 1 0 4 0 0 0 0 0 0 0 0
238.75 0 0 0 0 0 0 1 0 0 0 4 0 1 0 0 0 0 0 0
245.522 0 1 0 0 0 0 1 0 0 0 3 0 0 0 0 0 0 0 0
365.918 0 0 0 0 0 0 0 0 1 0 4 0 0 0 0 0 0 0 0
386.03 0 0 0 0 0 0 1 0 0 0 4 0 1 0 0 0 0 0 0
414.596 0 1 0 0 0 0 1 0 0 0 3 0 0 0 0 0 0 0 0
583.456 0 0 0 0 0 0 0 0 1 0 4 0 0 0 0 0 0 0 0
584.114 0 0 0 0 0 0 1 0 0 0 4 0 1 0 0 0 0 0 0
589.212 0 1 0 0 0 0 1 0 0 0 3 0 0 0 0 0 0 0 0
651.521 0 0 0 0 0 0 0 0 1 0 4 0 0 0 0 0 0 0 0
709.768 0 0 0 0 0 0 1 0 0 0 4 0 1 0 0 0 0 0 0
747.534 0 1 0 0 0 0 1 0 0 0 3 0 0 0 0 0 0 0 0
753.009 0 0 0 0 0 0 0 0 1 0 4 0 0 0 0 0 0 0 0
769.002 0 0 0 0 0 0 1 0 0 0 4 0 1 0 0 0 0 0 0
778.709 0 1 0 0 0 0 1 0 0 0 3 0 0 0 0 0 0 0 0
823.888 0 0 0 0 0 0 0 0 1 0 4 0 0 0 0 0 0 0 0
896.159 0 0 0 0 0 0 1 0 0 0 4 0 1 0 0 0 0 0 0
939.055 0 1 0 0 0 0 1 0 0 0 3 0 0 0 0 0 0 0 0
1016.52 0 0 0 0 0 0 0 0 1 0 4 0 0 0 0 0 0 0 0
1074.25 0 0 0 0 0 0 1 0 0 0 4 0 1 0 0 0 0 0 0
1081.82 0 1 0 0 0 0 1 0 0 0 3 0 0 0 0 0 0 0 0
1100.34 0 0 0 0 0 0 0 0 1 0 4 0 0 0 0 0 0 0 0
1109.49 0 0 0 0 0 0 1 0 0 0 4 0 1 0 0 0 0 0 0
1121.61 0 1 0 0 0 0 1 0 0 0 3 0 0 0 0 0 0 0 0
1167.3 0 1 0 0 0 1 0 0 0 0 3 0 0 0 0 1 0 0 0
1199.56 0 1 0 0 1 1 0 0 0 0 2 0 0 0 0 0 0 0 0
1205.49 0 0 0 0 0 1 0 1 0 0 3 0 0 0 0 0 0 0 0
1259.97 0 0 1 0 0 0 0 1 0 0 3 0 0 0 1 0 0 0 0
1326.35 0 0 1 1 0 0 0 1 0 0 2 0 0 0 0 0 0 0 0
1327.47 0 0 1 1 1 0 0 0 0 0 2 0 1 0 0 0 0 0 0
1344.95 1 0 1 1 0 0 0 0 0 0 2 0 2 0 0 0 0 0 0
1349.3 1 1 1 1 0 0 0 0 0 0 1 0 1 0 0 0 0 0 0
1350.19 1 2 1 1 0 0 0 0 0 0 0 0 0 0 0 0 0 0 0
1376.37 0 1 1 1 1 0 0 0 0 0 1 0 0 0 0 0 0 0 0
1413.92 0 0 1 1 0 0 0 1 0 0 2 0 0 0 0 0 0 0 0
1416.4 0 0 1 1 1 0 0 0 0 0 2 0 1 0 0 0 0 0 0
1418.84 0 1 1 1 1 0 0 0 0 0 1 0 0 0 0 0 0 0 0
1428.6 1 1 1 1 0 0 0 0 0 0 1 0 1 0 0 0 0 0 0
1456 0 0 1 1 1 0 0 0 0 0 2 0 1 0 0 0 0 0 0
1491.09 0 1 1 1 1 0 0 0 0 0 1 0 0 0 0 0 0 0 0
1540.83 0 0 1 1 0 0 0 1 0 0 2 0 0 0 0 0 0 0 0
1587.75 0 0 1 1 1 0 0 0 0 0 2 0 1 0 0 0 0 0 0
1589.61 1 0 1 1 0 0 0 0 0 0 2 0 2 0 0 0 0 0 0
1603.31 1 1 1 1 0 0 0 0 0 0 1 0 1 0 0 0 0 0 0
1637.77 1 1 0 0 0 1 0 0 0 0 2 0 1 0 0 0 0 0 0
1646.51 1 2 0 0 0 1 0 0 0 0 1 0 0 0 0 0 0 0 0
1651.35 0 1 0 0 1 1 0 0 0 0 2 0 0 0 0 0 0 0 0
1693.49 1 1 0 0 0 1 0 0 0 0 2 0 1 0 0 0 0 0 0
1715.04 1 1 1 0 0 0 0 0 0 0 2 0 1 0 1 0 0 0 0
1715.17 1 2 1 0 0 0 0 0 0 0 1 0 0 0 1 0 0 0 0
1718.73 1 2 1 1 0 0 0 0 0 0 0 0 0 0 0 0 0 0 0
1736.5 1 2 0 0 0 1 0 0 0 0 1 0 0 0 0 0 0 0 0
1750.87 0 1 0 0 1 1 0 0 0 0 2 0 0 0 0 0 0 0 0
1770.53 0 1 1 0 1 0 0 0 0 0 2 0 0 0 1 0 0 0 0
1794.05 1 1 1 0 0 0 0 0 0 0 2 0 1 0 1 0 0 0 0
1801.43 1 2 1 0 0 0 0 0 0 0 1 0 0 0 1 0 0 0 0
1803.05 1 2 1 1 0 0 0 0 0 0 0 0 0 0 0 0 0 0 0
1836.75 1 2 0 0 0 1 0 0 0 0 1 0 0 0 0 0 0 0 0
1857.04 0 1 0 0 1 1 0 0 0 0 2 0 0 0 0 0 0 0 0
1861.02 1 1 0 0 0 1 0 0 0 0 2 0 1 0 0 0 0 0 0
1911.54 1 1 1 0 0 0 0 0 0 0 2 0 1 0 1 0 0 0 0
1930.5 1 1 1 1 0 0 0 0 0 0 1 0 1 0 0 0 0 0 0
1931.5 1 1 0 0 0 1 0 0 0 0 2 0 1 0 0 0 0 0 0
1938.41 1 1 1 0 0 0 0 0 0 0 2 0 1 0 1 0 0 0 0
1941.02 1 1 1 1 0 0 0 0 0 0 1 0 1 0 0 0 0 0 0
1943.18 1 1 0 0 0 1 0 0 0 0 2 0 1 0 0 0 0 0 0
1952.49 1 1 1 0 0 0 0 0 0 0 2 0 1 0 1 0 0 0 0
1965.92 0 0 1 0 1 0 0 0 0 0 3 0 1 0 1 0 0 0 0
1976.01 0 0 1 1 1 0 0 0 0 0 2 0 1 0 0 0 0 0 0
2010.15 0 1 1 1 1 0 0 0 0 0 1 0 0 0 0 0 0 0 0
2034.26 1 1 1 1 0 0 0 0 0 0 1 0 1 0 0 0 0 0 0
2086.52 0 0 1 1 1 0 0 0 0 0 2 0 1 0 0 0 0 0 0
2090.86 1 0 1 1 0 0 0 0 0 0 2 0 2 0 0 0 0 0 0
2131.87 1 0 0 0 0 1 0 0 0 0 3 0 2 0 0 0 0 0 0
2193.92 1 1 0 0 0 1 0 0 0 0 2 0 1 0 0 0 0 0 0
2194.81 0 0 0 0 1 1 0 0 0 0 3 0 1 0 0 0 0 0 0
2207.6 1 0 0 0 0 1 0 0 0 0 3 0 2 0 0 0 0 0 0
2246.19 1 1 0 0 0 1 0 0 0 0 2 0 1 0 0 0 0 0 0
2252.7 1 2 0 0 0 1 0 0 0 0 1 0 0 0 0 0 0 0 0
2261.5 0 1 0 0 1 1 0 0 0 0 2 0 0 0 0 0 0 0 0
2273.12 1 1 0 0 0 1 0 0 0 0 2 0 1 0 0 0 0 0 0
2297.75 0 0 0 0 1 1 0 0 0 0 3 0 1 0 0 0 0 0 0
2297.83 0 1 0 0 1 1 0 0 0 0 2 0 0 0 0 0 0 0 0
2312.73 0 0 0 0 0 1 0 1 0 0 3 0 0 0 0 0 0 0 0
2326.86 0 0 1 0 0 0 0 1 0 0 3 0 0 0 1 0 0 0 0
2370.93 0 0 1 1 0 0 0 1 0 0 2 0 0 0 0 0 0 0 0
2406.02 0 0 0 0 0 1 0 1 0 0 3 0 0 0 0 0 0 0 0
2453.45 0 0 0 0 0 0 0 0 0 1 4 0 0 0 0 0 0 0 0
2453.45 0 0 0 0 0 0 0 0 0 1 4 0 0 0 0 0 0 0 0
