0 0 0 0 0 0 0 0 0 0 0 5 1 2 1 1 0 0 0 0
5.2099 0 1 0 0 0 0 0 0 0 0 4 1 1 1 1 0 0 0 0
5.7159 0 1 1 0 0 0 0 0 0 0 3 1 1 0 1 0 0 0 0
18.2354 1 1 1 0 0 0 0 0 0 0 2 0 1 0 1 0 0 0 0
45.3672 0 0 1 0 1 0 0 0 0 0 3 0 1 0 1 0 0 0 0
47.1502 1 0 1 0 0 0 0 0 0 0 3 0 2 0 1 0 0 0 0
54.7243 1 1 1 0 0 0 0 0 0 0 2 0 1 0 1 0 0 0 0
90.4257 1 1 1 1 0 0 0 0 0 0 1 0 1 0 0 0 0 0 0
92.254 1 1 0 0 0 1 0 0 0 0 2 0 1 0 0 0 0 0 0
136.515 0 0 0 0 1 1 0 0 0 0 3 0 1 0 0 0 0 0 0
243.249 0 1 0 0 1 1 0 0 0 0 2 0 0 0 0 0 0 0 0
255.412 0 1 0 0 0 0 1 0 0 0 3 0 0 0 0 0 0 0 0
288.838 0 1 0 0 0 1 0 0 0 0 3 0 0 0 0 1 0 0 0
289.315 0 1 0 0 1 1 0 0 0 0 2 0 0 0 0 0 0 0 0
300.979 0 1 1 0 1 0 0 0 0 0 2 0 0 0 1 0 0 0 0
327.602 1 1 1 0 0 0 0 0 0 0 2 0 1 0 1 0 0 0 0
354.054 1 2 1 0 0 0 0 0 0 0 1 0 0 0 1 0 0 0 0
361.744 0 1 1 0 1 0 0 0 0 0 2 0 0 0 1 0 0 0 0
416.407 0 0 1 0 0 0 0 1 0 0 3 0 0 0 1 0 0 0 0
445.787 0 0 1 1 0 0 0 1 0 0 2 0 0 0 0 0 0 0 0
499.859 0 0 0 0 0 1 0 1 0 0 3 0 0 0 0 0 0 0 0
524.361 0 0 0 0 1 1 0 0 0 0 3 0 1 0 0 0 0 0 0
528.504 0 1 0 0 1 1 0 0 0 0 2 0 0 0 0 0 0 0 0
536.011 1 1 0 0 0 1 0 0 0 0 2 0 1 0 0 0 0 0 0
536.455 1 2 0 0 0 1 0 0 0 0 1 0 0 0 0 0 0 0 0
539.128 1 2 1 0 0 0 0 0 0 0 1 0 0 0 1 0 0 0 0
551.395 0 1 1 0 1 0 0 0 0 0 2 0 0 0 1 0 0 0 0
551.722 0 0 1 0 0 0 0 1 0 0 3 0 0 0 1 0 0 0 0
573.616 0 0 1 1 0 0 0 1 0 0 2 0 0 0 0 0 0 0 0
597.354 0 0 1 1 1 0 0 0 0 0 2 0 1 0 0 0 0 0 0
599.961 0 1 1 1 1 0 0 0 0 0 1 0 0 0 0 0 0 0 0
617.31 0 1 0 0 1 1 0 0 0 0 2 0 0 0 0 0 0 0 0
639.349 0 1 0 0 0 0 1 0 0 0 3 0 0 0 0 0 0 0 0
716.259 0 0 0 0 0 0 0 0 1 0 4 0 0 0 0 0 0 0 0
762.546 0 0 0 0 0 0 1 0 0 0 4 0 1 0 0 0 0 0 0
772.391 0 1 0 0 0 0 1 0 0 0 3 0 0 0 0 0 0 0 0
790.715 0 0 0 0 0 0 0 0 1 0 4 0 0 0 0 0 0 0 0
833.568 0 0 0 0 0 0 1 0 0 0 4 0 1 0 0 0 0 0 0
842.273 0 1 0 0 0 0 1 0 0 0 3 0 0 0 0 0 0 0 0
951.639 0 0 0 0 0 0 0 0 1 0 4 0 0 0 0 0 0 0 0
960.984 0 0 0 0 0 0 1 0 0 0 4 0 1 0 0 0 0 0 0
970.962 0 1 0 0 0 0 1 0 0 0 3 0 0 0 0 0 0 0 0
1012.05 0 0 0 0 0 0 0 0 1 0 4 0 0 0 0 0 0 0 0
1034.33 0 0 0 0 0 0 1 0 0 0 4 0 1 0 0 0 0 0 0
1046.21 0 0 0 0 0 1 0 0 0 0 4 0 1 0 0 1 0 0 0
1048.35 0 1 0 0 0 1 0 0 0 0 3 0 0 0 0 1 0 0 0
1052.73 0 1 0 0 1 1 0 0 0 0 2 0 0 0 0 0 0 0 0
1064.32 0 1 0 0 0 0 1 0 0 0 3 0 0 0 0 0 0 0 0
1107.51 0 0 0 0 0 0 0 0 1 0 4 0 0 0 0 0 0 0 0
1126.94 0 0 0 0 0 0 1 0 0 0 4 0 1 0 0 0 0 0 0
1152.58 0 1 0 0 0 0 1 0 0 0 3 0 0 0 0 0 0 0 0
1256.21 0 0 0 0 0 0 0 0 1 0 4 0 0 0 0 0 0 0 0
1297.17 0 0 0 0 0 0 1 0 0 0 4 0 1 0 0 0 0 0 0
1313.71 0 1 0 0 0 0 1 0 0 0 3 0 0 0 0 0 0 0 0
1377.64 0 0 0 0 0 0 0 0 1 0 4 0 0 0 0 0 0 0 0
1393.7 0 0 0 0 0 0 1 0 0 0 4 0 1 0 0 0 0 0 0
1403.92 0 1 0 0 0 0 1 0 0 0 3 0 0 0 0 0 0 0 0
1456.05 0 0 0 0 0 0 0 0 1 0 4 0 0 0 0 0 0 0 0
1461.15 0 0 0 0 0 0 1 0 0 0 4 0 1 0 0 0 0 0 0
1462.03 0 1 0 0 0 0 1 0 0 0 3 0 0 0 0 0 0 0 0
1468.21 0 0 0 0 0 0 0 0 1 0 4 0 0 0 0 0 0 0 0
1472.05 0 0 0 0 0 0 1 0 0 0 4 0 1 0 0 0 0 0 0
1537.23 0 1 0 0 0 0 1 0 0 0 3 0 0 0 0 0 0 0 0
1543.35 0 0 0 0 0 0 0 0 1 0 4 0 0 0 0 0 0 0 0
1592.14 0 0 0 0 0 0 1 0 0 0 4 0 1 0 0 0 0 0 0
1633.71 0 1 0 0 0 0 1 0 0 0 3 0 0 0 0 0 0 0 0
1662.22 0 0 0 0 0 0 0 0 1 0 4 0 0 0 0 0 0 0 0
1681.22 0 0 0 0 0 0 1 0 0 0 4 0 1 0 0 0 0 0 0
1689.86 0 0 0 0 0 1 0 0 0 0 4 0 1 0 0 1 0 0 0
1692.69 0 0 0 0 1 1 0 0 0 0 3 0 1 0 0 0 0 0 0
1699.74 1 0 0 0 0 1 0 0 0 0 3 0 2 0 0 0 0 0 0
1769.16 1 1 0 0 0 1 0 0 0 0 2 0 1 0 0 0 0 0 0
1781.42 1 1 1 0 0 0 0 0 0 0 2 0 1 0 1 0 0 0 0
1801.22 1 2 1 0 0 0 0 0 0 0 1 0 0 0 1 0 0 0 0
1836.97 0 1 1 0 1 0 0 0 0 0 2 0 0 0 1 0 0 0 0
1839.84 0 0 1 0 0 0 0 1 0 0 3 0 0 0 1 0 0 0 0
1904.78 0 0 1 1 0 0 0 1 0 0 2 0 0 0 0 0 0 0 0
1911.12 0 0 0 0 0 1 0 1 0 0 3 0 0 0 0 0 0 0 0
1966.68 0 0 0 0 1 1 0 0 0 0 3 0 1 0 0 0 0 0 0
1973.45 1 0 0 0 0 1 0 0 0 0 3 0 2 0 0 0 0 0 0
1999.39 1 1 0 0 0 1 0 0 0 0 2 0 1 0 0 0 0 0 0
2002.44 1 2 0 0 0 1 0 0 0 0 1 0 0 0 0 0 0 0 0
2074.56 0 1 0 0 1 1 0 0 0 0 2 0 0 0 0 0 0 0 0
2084.61 1 1 0 0 0 1 0 0 0 0 2 0 1 0 0 0 0 0 0
2104.78 1 1 1 0 0 0 0 0 0 0 2 0 1 0 1 0 0 0 0
2110.66 0 0 1 0 1 0 0 0 0 0 3 0 1 0 1 0 0 0 0
2114.64 0 0 1 1 1 0 0 0 0 0 2 0 1 0 0 0 0 0 0
2139.39 1 0 1 1 0 0 0 0 0 0 2 0 2 0 0 0 0 0 0
2179.14 1 1 1 1 0 0 0 0 0 0 1 0 1 0 0 0 0 0 0
2186.49 0 0 1 1 1 0 0 0 0 0 2 0 1 0 0 0 0 0 0
2189.01 1 0 1 1 0 0 0 0 0 0 2 0 2 0 0 0 0 0 0
2202.71 1 1 1 1 0 0 0 0 0 0 1 0 1 0 0 0 0 0 0
2229.03 0 0 1 1 1 0 0 0 0 0 2 0 1 0 0 0 0 0 0
2278.32 1 0 1 1 0 0 0 0 0 0 2 0 2 0 0 0 0 0 0
2326.84 1 1 1 1 0 0 0 0 0 0 1 0 1 0 0 0 0 0 0
2330.24 0 0 1 1 1 0 0 0 0 0 2 0 1 0 0 0 0 0 0
2344.54 0 1 1 1 1 0 0 0 0 0 1 0 0 0 0 0 0 0 0
2345.08 0 0 1 1 0 0 0 1 0 0 2 0 0 0 0 0 0 0 0
2420.87 0 0 0 0 0 1 0 1 0 0 3 0 0 0 0 0 0 0 0
2461.82 0 0 1 0 0 0 0 1 0 0 3 0 0 0 1 0 0 0 0
2463.73 0 0 1 1 0 0 0 1 0 0 2 0 0 0 0 0 0 0 0
2484.93 0 0 1 1 1 0 0 0 0 0 2 0 1 0 0 0 0 0 0
2491.31 0 1 1 1 1 0 0 0 0 0 1 0 0 0 0 0 0 0 0
2492.17 1 1 1 1 0 0 0 0 0 0 1 0 1 0 0 0 0 0 0
2512.47 1 1 0 0 0 1 0 0 0 0 2 0 1 0 0 0 0 0 0
2556.11 0 0 0 0 1 1 0 0 0 0 3 0 1 0 0 0 0 0 0
2572.85 0 1 0 0 1 1 0 0 0 0 2 0 0 0 0 0 0 0 0
2598.87 1 1 0 0 0 1 0 0 0 0 2 0 1 0 0 0 0 0 0
2600.58 0 0 0 0 1 1 0 0 0 0 3 0 1 0 0 0 0 0 0
2626.76 0 1 0 0 1 1 0 0 0 0 2 0 0 0 0 0 0 0 0
2719.57 0 1 0 0 0 0 1 0 0 0 3 0 0 0 0 0 0 0 0
2799.39 0 0 0 0 0 0 0 0 1 0 4 0 0 0 0 0 0 0 0
2807.12 0 0 0 0 0 0 1 0 0 0 4 0 1 0 0 0 0 0 0
2807.39 0 1 0 0 0 0 1 0 0 0 3 0 0 0 0 0 0 0 0
2821.91 0 0 0 0 0 0 0 0 1 0 4 0 0 0 0 0 0 0 0
2842.65 0 0 0 0 0 0 1 0 0 0 4 0 1 0 0 0 0 0 0
2874.88 0 1 0 0 0 0 1 0 0 0 3 0 0 0 0 0 0 0 0
2932.61 0 1 0 0 0 1 0 0 0 0 3 0 0 0 0 1 0 0 0
2933.85 0 1 0 0 1 1 0 0 0 0 2 0 0 0 0 0 0 0 0
2939.31 0 0 0 0 0 1 0 1 0 0 3 0 0 0 0 0 0 0 0
2939.34 0 0 0 0 1 1 0 0 0 0 3 0 1 0 0 0 0 0 0
2944.34 1 0 0 0 0 1 0 0 0 0 3 0 2 0 0 0 0 0 0
2953.98 1 1 0 0 0 1 0 0 0 0 2 0 1 0 0 0 0 0 0
2955.09 1 1 1 0 0 0 0 0 0 0 2 0 1 0 1 0 0 0 0
2977.83 0 0 1 0 1 0 0 0 0 0 3 0 1 0 1 0 0 0 0
2988.2 0 1 1 0 1 0 0 0 0 0 2 0 0 0 1 0 0 0 0
3026.1 0 1 1 1 1 0 0 0 0 0 1 0 0 0 0 0 0 0 0
3032.29 1 1 1 1 0 0 0 0 0 0 1 0 1 0 0 0 0 0 0
3036.32 1 1 0 0 0 1 0 0 0 0 2 0 1 0 0 0 0 0 0
3040.28 1 2 0 0 0 1 0 0 0 0 1 0 0 0 0 0 0 0 0
3040.6 0 1 0 0 1 1 0 0 0 0 2 0 0 0 0 0 0 0 0
3063.75 0 1 0 0 0 0 1 0 0 0 3 0 0 0 0 0 0 0 0
3106.63 0 0 0 0 0 0 0 0 1 0 4 0 0 0 0 0 0 0 0
3162.25 0 0 0 0 0 0 1 0 0 0 4 0 1 0 0 0 0 0 0
3163.93 0 1 0 0 0 0 1 0 0 0 3 0 0 0 0 0 0 0 0
3176.47 0 1 0 0 0 1 0 0 0 0 3 0 0 0 0 1 0 0 0
3181.98 0 1 0 0 1 1 0 0 0 0 2 0 0 0 0 0 0 0 0
3209.81 0 0 0 0 0 1 0 1 0 0 3 0 0 0 0 0 0 0 0
3234.71 0 0 0 0 0 0 0 0 0 1 4 0 0 0 0 0 0 0 0
3234.71 0 0 0 0 0 0 0 0 0 1 4 0 0 0 0 0 0 0 0
