0 0 0 0 0 0 0 0 0 0 0 5 1 2 1 1 0 0 0 0
0.55648 0 0 0 1 0 0 0 0 0 0 4 1 2 1 0 0 0 0 0
3.38908 0 1 0 1 0 0 0 0 0 0 3 1 1 1 0 0 0 0 0
44.913 0 2 0 1 0 0 0 0 0 0 2 1 0 1 0 0 0 0 0
50.21 1 2 0 1 0 0 0 0 0 0 1 0 0 1 0 0 0 0 0
61.5199 0 1 0 1 1 0 0 0 0 0 2 0 0 1 0 0 0 0 0
97.0522 1 1 0 1 0 0 0 0 0 0 2 0 1 1 0 0 0 0 0
108.561 1 2 0 1 0 0 0 0 0 0 1 0 0 1 0 0 0 0 0
132.954 0 1 0 1 1 0 0 0 0 0 2 0 0 1 0 0 0 0 0
134.816 0 1 1 1 1 0 0 0 0 0 1 0 0 0 0 0 0 0 0
147.761 0 0 1 1 0 0 0 1 0 0 2 0 0 0 0 0 0 0 0
162.287 0 0 1 1 1 0 0 0 0 0 2 0 1 0 0 0 0 0 0
208.946 1 0 1 1 0 0 0 0 0 0 2 0 2 0 0 0 0 0 0
210.359 1 1 1 1 0 0 0 0 0 0 1 0 1 0 0 0 0 0 0
233.419 1 1 0 0 0 1 0 0 0 0 2 0 1 0 0 0 0 0 0
254.491 1 2 0 0 0 1 0 0 0 0 1 0 0 0 0 0 0 0 0
361.092 0 1 0 0 1 1 0 0 0 0 2 0 0 0 0 0 0 0 0
369.503 1 1 0 0 0 1 0 0 0 0 2 0 1 0 0 0 0 0 0
381.263 1 2 0 0 0 1 0 0 0 0 1 0 0 0 0 0 0 0 0
467.955 0 1 0 0 1 1 0 0 0 0 2 0 0 0 0 0 0 0 0
505.826 1 1 0 0 0 1 0 0 0 0 2 0 1 0 0 0 0 0 0
507.354 0 0 0 0 1 1 0 0 0 0 3 0 1 0 0 0 0 0 0
508.454 0 0 1 0 1 0 0 0 0 0 3 0 1 0 1 0 0 0 0
510.984 0 1 1 0 1 0 0 0 0 0 2 0 0 0 1 0 0 0 0
523.685 0 1 1 1 1 0 0 0 0 0 1 0 0 0 0 0 0 0 0
525.486 0 1 0 0 1 1 0 0 0 0 2 0 0 0 0 0 0 0 0
551.104 1 1 0 0 0 1 0 0 0 0 2 0 1 0 0 0 0 0 0
624.747 0 0 0 0 1 1 0 0 0 0 3 0 1 0 0 0 0 0 0
625.773 0 1 0 0 1 1 0 0 0 0 2 0 0 0 0 0 0 0 0
631.887 0 0 0 0 0 1 0 1 0 0 3 0 0 0 0 0 0 0 0
657.536 0 0 0 0 0 0 0 0 0 1 4 0 0 0 0 0 0 0 0
657.536 0 0 0 0 0 0 0 0 0 1 4 0 0 0 0 0 0 0 0
