0 0 0 0 0 0 0 0 0 0 0 5 1 2 1 1 0 0 0 0
1.40181 1 0 0 0 0 0 0 0 0 0 4 0 2 1 1 0 0 0 0
2.32542 1 0 1 0 0 0 0 0 0 0 3 0 2 0 1 0 0 0 0
4.98556 1 1 1 0 0 0 0 0 0 0 2 0 1 0 1 0 0 0 0
5.49821 1 2 1 0 0 0 0 0 0 0 1 0 0 0 1 0 0 0 0
23.1844 1 2 1 1 0 0 0 0 0 0 0 0 0 0 0 0 0 0 0
37.56 0 1 1 1 1 0 0 0 0 0 1 0 0 0 0 0 0 0 0
37.8467 0 1 0 0 1 1 0 0 0 0 2 0 0 0 0 0 0 0 0
57.4293 0 1 0 0 0 0 1 0 0 0 3 0 0 0 0 0 0 0 0
186.67 0 0 0 0 0 0 0 0 1 0 4 0 0 0 0 0 0 0 0
204.325 0 0 0 0 0 0 1 0 0 0 4 0 1 0 0 0 0 0 0
226.433 0 1 0 0 0 0 1 0 0 0 3 0 0 0 0 0 0 0 0
250.579 0 0 0 0 0 0 0 0 1 0 4 0 0 0 0 0 0 0 0
290.147 0 0 0 0 0 0 1 0 0 0 4 0 1 0 0 0 0 0 0
293.816 0 1 0 0 0 0 1 0 0 0 3 0 0 0 0 0 0 0 0
323.268 0 0 0 0 0 0 0 0 1 0 4 0 0 0 0 0 0 0 0
358.744 0 0 0 0 0 0 1 0 0 0 4 0 1 0 0 0 0 0 0
407.477 0 1 0 0 0 0 1 0 0 0 3 0 0 0 0 0 0 0 0
408.392 0 1 0 0 0 1 0 0 0 0 3 0 0 0 0 1 0 0 0
422.251 0 1 0 0 1 1 0 0 0 0 2 0 0 0 0 0 0 0 0
446.897 0 1 0 0 0 0 1 0 0 0 3 0 0 0 0 0 0 0 0
461.593 0 0 0 0 0 0 0 0 1 0 4 0 0 0 0 0 0 0 0
503.596 0 0 0 0 0 0 1 0 0 0 4 0 1 0 0 0 0 0 0
505.638 0 1 0 0 0 0 1 0 0 0 3 0 0 0 0 0 0 0 0
512.196 0 1 0 0 0 1 0 0 0 0 3 0 0 0 0 1 0 0 0
544.903 0 1 0 0 1 1 0 0 0 0 2 0 0 0 0 0 0 0 0
550.688 1 1 0 0 0 1 0 0 0 0 2 0 1 0 0 0 0 0 0
572.504 1 1 1 0 0 0 0 0 0 0 2 0 1 0 1 0 0 0 0
575.394 1 1 1 1 0 0 0 0 0 0 1 0 1 0 0 0 0 0 0
580.018 1 1 0 0 0 1 0 0 0 0 2 0 1 0 0 0 0 0 0
600.078 1 1 1 0 0 0 0 0 0 0 2 0 1 0 1 0 0 0 0
606.305 1 1 1 1 0 0 0 0 0 0 1 0 1 0 0 0 0 0 0
616.161 1 2 1 1 0 0 0 0 0 0 0 0 0 0 0 0 0 0 0
618.609 0 1 1 1 1 0 0 0 0 0 1 0 0 0 0 0 0 0 0
626.113 0 0 1 1 0 0 0 1 0 0 2 0 0 0 0 0 0 0 0
646.502 0 0 1 1 1 0 0 0 0 0 2 0 1 0 0 0 0 0 0
657.388 1 0 1 1 0 0 0 0 0 0 2 0 2 0 0 0 0 0 0
662.046 1 1 1 1 0 0 0 0 0 0 1 0 1 0 0 0 0 0 0
716.716 1 1 0 0 0 1 0 0 0 0 2 0 1 0 0 0 0 0 0
737.446 1 2 0 0 0 1 0 0 0 0 1 0 0 0 0 0 0 0 0
747.648 0 1 0 0 1 1 0 0 0 0 2 0 0 0 0 0 0 0 0
763.506 0 0 0 0 0 1 0 1 0 0 3 0 0 0 0 0 0 0 0
796.756 0 0 0 0 1 1 0 0 0 0 3 0 1 0 0 0 0 0 0
800.147 0 0 0 0 0 0 1 0 0 0 4 0 1 0 0 0 0 0 0
816.471 0 1 0 0 0 0 1 0 0 0 3 0 0 0 0 0 0 0 0
822.981 0 1 0 0 0 1 0 0 0 0 3 0 0 0 0 1 0 0 0
928.656 0 1 0 0 1 1 0 0 0 0 2 0 0 0 0 0 0 0 0
937.611 1 1 0 0 0 1 0 0 0 0 2 0 1 0 0 0 0 0 0
958.695 1 1 1 0 0 0 0 0 0 0 2 0 1 0 1 0 0 0 0
977.733 0 0 1 0 1 0 0 0 0 0 3 0 1 0 1 0 0 0 0
977.754 0 0 1 1 1 0 0 0 0 0 2 0 1 0 0 0 0 0 0
1024.13 1 0 1 1 0 0 0 0 0 0 2 0 2 0 0 0 0 0 0
1044.75 1 1 1 1 0 0 0 0 0 0 1 0 1 0 0 0 0 0 0
1070.53 1 1 0 0 0 1 0 0 0 0 2 0 1 0 0 0 0 0 0
1085.2 1 2 0 0 0 1 0 0 0 0 1 0 0 0 0 0 0 0 0
1108.55 0 1 0 0 1 1 0 0 0 0 2 0 0 0 0 0 0 0 0
1123.85 1 1 0 0 0 1 0 0 0 0 2 0 1 0 0 0 0 0 0
1134.73 1 2 0 0 0 1 0 0 0 0 1 0 0 0 0 0 0 0 0
1145.45 0 1 0 0 1 1 0 0 0 0 2 0 0 0 0 0 0 0 0
1145.96 0 1 0 0 0 0 1 0 0 0 3 0 0 0 0 0 0 0 0
1341.82 0 1 0 0 0 1 0 0 0 0 3 0 0 0 0 1 0 0 0
1425.37 0 1 1 0 0 0 0 0 0 0 3 0 0 0 1 1 0 0 0
1438.41 0 1 1 0 1 0 0 0 0 0 2 0 0 0 1 0 0 0 0
1444.44 0 1 1 1 1 0 0 0 0 0 1 0 0 0 0 0 0 0 0
1480.91 0 1 0 0 1 1 0 0 0 0 2 0 0 0 0 0 0 0 0
1481.93 0 1 0 0 0 0 1 0 0 0 3 0 0 0 0 0 0 0 0
1701.47 0 0 0 0 0 0 0 0 1 0 4 0 0 0 0 0 0 0 0
1711.01 0 0 0 0 0 0 1 0 0 0 4 0 1 0 0 0 0 0 0
1713.96 0 0 0 0 0 1 0 0 0 0 4 0 1 0 0 1 0 0 0
1717.17 0 1 0 0 0 1 0 0 0 0 3 0 0 0 0 1 0 0 0
1721.75 0 1 1 0 0 0 0 0 0 0 3 0 0 0 1 1 0 0 0
1729.68 0 1 1 1 0 0 0 0 0 0 2 0 0 0 0 1 0 0 0
1874.22 0 1 0 0 0 1 0 0 0 0 3 0 0 0 0 1 0 0 0
1943.54 0 1 0 0 1 1 0 0 0 0 2 0 0 0 0 0 0 0 0
1951.89 0 1 0 0 0 0 1 0 0 0 3 0 0 0 0 0 0 0 0
1962.7 0 0 0 0 0 0 0 0 1 0 4 0 0 0 0 0 0 0 0
1965.91 0 0 0 0 0 0 1 0 0 0 4 0 1 0 0 0 0 0 0
1973.48 0 1 0 0 0 0 1 0 0 0 3 0 0 0 0 0 0 0 0
2008.29 0 0 0 0 0 0 0 0 1 0 4 0 0 0 0 0 0 0 0
2058.86 0 0 0 0 0 0 1 0 0 0 4 0 1 0 0 0 0 0 0
2073.88 0 1 0 0 0 0 1 0 0 0 3 0 0 0 0 0 0 0 0
2080.74 0 0 0 0 0 0 0 0 1 0 4 0 0 0 0 0 0 0 0
2135.68 0 0 0 0 0 0 1 0 0 0 4 0 1 0 0 0 0 0 0
2139.27 0 0 0 0 0 1 0 0 0 0 4 0 1 0 0 1 0 0 0
2143.4 0 0 0 0 1 1 0 0 0 0 3 0 1 0 0 0 0 0 0
2154.94 0 0 1 0 1 0 0 0 0 0 3 0 1 0 1 0 0 0 0
2158.35 1 0 1 0 0 0 0 0 0 0 3 0 2 0 1 0 0 0 0
2160.62 1 0 1 1 0 0 0 0 0 0 2 0 2 0 0 0 0 0 0
2182.77 1 1 1 1 0 0 0 0 0 0 1 0 1 0 0 0 0 0 0
2203.24 1 2 1 1 0 0 0 0 0 0 0 0 0 0 0 0 0 0 0
2205.07 0 1 1 1 1 0 0 0 0 0 1 0 0 0 0 0 0 0 0
2216.05 1 1 1 1 0 0 0 0 0 0 1 0 1 0 0 0 0 0 0
2271.48 0 0 1 1 1 0 0 0 0 0 2 0 1 0 0 0 0 0 0
2304.65 0 1 1 1 1 0 0 0 0 0 1 0 0 0 0 0 0 0 0
2310.9 0 0 1 1 0 0 0 1 0 0 2 0 0 0 0 0 0 0 0
2357.22 0 0 0 0 0 1 0 1 0 0 3 0 0 0 0 0 0 0 0
2379.38 0 0 0 0 0 0 0 0 0 1 4 0 0 0 0 0 0 0 0
2379.38 0 0 0 0 0 0 0 0 0 1 4 0 0 0 0 0 0 0 0
