0 0 0 0 0 0 0 0 0 0 0 5 1 2 1 1 0 0 0 0
5.11068 0 0 1 0 0 0 0 0 0 0 4 1 2 0 1 0 0 0 0
30.5155 0 1 1 0 0 0 0 0 0 0 3 1 1 0 1 0 0 0 0
31.2722 0 1 1 1 0 0 0 0 0 0 2 1 1 0 0 0 0 0 0
49.4112 0 1 0 0 0 1 0 0 0 0 3 1 1 0 0 0 0 0 0
66.7156 0 1 1 0 0 0 0 0 0 0 3 1 1 0 1 0 0 0 0
69.1114 1 1 1 0 0 0 0 0 0 0 2 0 1 0 1 0 0 0 0
93.0797 1 2 1 0 0 0 0 0 0 0 1 0 0 0 1 0 0 0 0
105.121 0 1 1 0 1 0 0 0 0 0 2 0 0 0 1 0 0 0 0
109.928 0 1 1 1 1 0 0 0 0 0 1 0 0 0 0 0 0 0 0
113.062 1 1 1 1 0 0 0 0 0 0 1 0 1 0 0 0 0 0 0
115.422 1 1 0 0 0 1 0 0 0 0 2 0 1 0 0 0 0 0 0
143.384 0 0 0 0 1 1 0 0 0 0 3 0 1 0 0 0 0 0 0
164.431 0 1 0 0 1 1 0 0 0 0 2 0 0 0 0 0 0 0 0
175.423 1 1 0 0 0 1 0 0 0 0 2 0 1 0 0 0 0 0 0
176.238 1 2 0 0 0 1 0 0 0 0 1 0 0 0 0 0 0 0 0
186.482 0 1 0 0 1 1 0 0 0 0 2 0 0 0 0 0 0 0 0
205.861 1 1 0 0 0 1 0 0 0 0 2 0 1 0 0 0 0 0 0
208.492 0 0 0 0 1 1 0 0 0 0 3 0 1 0 0 0 0 0 0
220.287 1 0 0 0 0 1 0 0 0 0 3 0 2 0 0 0 0 0 0
232.122 1 1 0 0 0 1 0 0 0 0 2 0 1 0 0 0 0 0 0
263.927 0 0 0 0 1 1 0 0 0 0 3 0 1 0 0 0 0 0 0
265.027 0 0 1 0 1 0 0 0 0 0 3 0 1 0 1 0 0 0 0
271.858 0 1 1 0 1 0 0 0 0 0 2 0 0 0 1 0 0 0 0
280.856 1 1 1 0 0 0 0 0 0 0 2 0 1 0 1 0 0 0 0
294.55 1 2 1 0 0 0 0 0 0 0 1 0 0 0 1 0 0 0 0
295.318 0 1 1 0 1 0 0 0 0 0 2 0 0 0 1 0 0 0 0
332.244 1 1 1 0 0 0 0 0 0 0 2 0 1 0 1 0 0 0 0
338.952 1 2 1 0 0 0 0 0 0 0 1 0 0 0 1 0 0 0 0
339.694 0 1 1 0 1 0 0 0 0 0 2 0 0 0 1 0 0 0 0
377.089 0 1 1 1 1 0 0 0 0 0 1 0 0 0 0 0 0 0 0
378.64 1 1 1 1 0 0 0 0 0 0 1 0 1 0 0 0 0 0 0
422.791 0 0 1 1 1 0 0 0 0 0 2 0 1 0 0 0 0 0 0
435.086 0 0 0 0 1 1 0 0 0 0 3 0 1 0 0 0 0 0 0
442.746 0 1 0 0 1 1 0 0 0 0 2 0 0 0 0 0 0 0 0
464.986 0 1 0 0 0 0 1 0 0 0 3 0 0 0 0 0 0 0 0
485.65 0 0 0 0 0 0 0 0 1 0 4 0 0 0 0 0 0 0 0
526.741 0 0 0 0 0 0 1 0 0 0 4 0 1 0 0 0 0 0 0
586.128 0 1 0 0 0 0 1 0 0 0 3 0 0 0 0 0 0 0 0
690.656 0 0 0 0 0 0 0 0 1 0 4 0 0 0 0 0 0 0 0
741.92 0 0 0 0 0 0 1 0 0 0 4 0 1 0 0 0 0 0 0
780.066 0 1 0 0 0 0 1 0 0 0 3 0 0 0 0 0 0 0 0
781.802 0 0 0 0 0 0 0 0 1 0 4 0 0 0 0 0 0 0 0
808.148 0 0 0 0 0 0 1 0 0 0 4 0 1 0 0 0 0 0 0
816.342 0 1 0 0 0 0 1 0 0 0 3 0 0 0 0 0 0 0 0
822.2 0 1 0 0 0 1 0 0 0 0 3 0 0 0 0 1 0 0 0
851.378 0 1 0 0 1 1 0 0 0 0 2 0 0 0 0 0 0 0 0
859.58 0 0 0 0 0 1 0 1 0 0 3 0 0 0 0 0 0 0 0
926.231 0 0 0 0 0 0 0 0 0 1 4 0 0 0 0 0 0 0 0
926.231 0 0 0 0 0 0 0 0 0 1 4 0 0 0 0 0 0 0 0
