3.712 3.680 4 0 0 0 -1 0 0 0 1 0 0 0 0 
4.864 4.832 4 0 0 0 -1 0 0 0 1 0 0 0 0 
6.464 6.432 2 0 -1 0 0 0 1 0 0 0 0 0 0 
8.256 8.224 2 0 -1 0 0 0 1 0 0 0 0 0 0 
8.768 8.736 4 0 0 0 -1 0 0 0 1 0 0 0 0 
9.408 9.376 1 -1 0 0 0 1 0 0 0 0 0 0 0 
10.272 10.240 2 0 -1 0 0 0 1 0 0 0 0 0 0 
10.464 10.432 1 -1 0 0 0 1 0 0 0 0 0 0 0 
11.840 11.808 2 0 -1 0 0 0 1 0 0 0 0 0 0 
13.440 13.408 3 0 0 -1 0 0 0 1 0 0 0 0 0 
19.040 19.008 3 0 0 -1 0 0 0 1 0 0 0 0 0 
31.648 31.616 2 0 -1 0 0 0 1 0 0 0 0 0 0 
38.592 38.560 1 -1 0 0 0 1 0 0 0 0 0 0 0 
46.688 46.656 6 0 0 0 0 0 0 -1 -1 0 1 0 0 
47.264 47.232 5 0 0 0 0 -1 -1 0 0 1 0 0 0 
48.640 48.608 5 0 0 0 0 -1 -1 0 0 1 0 0 0 
74.880 74.848 5 0 0 0 0 -1 -1 0 0 1 0 0 0 
75.808 75.776 6 0 0 0 0 0 0 -1 -1 0 1 0 0 
113.534 113.502 2 0 -1 0 0 0 1 0 0 0 0 0 0 
187.544 187.512 7 0 0 0 0 0 0 0 0 -1 -1 1 0 
205.687 205.655 8 0 0 0 0 0 -1 0 0 0 0 -1 1 
243.572 243.540 3 0 0 -1 0 0 0 1 0 0 0 0 0 
334.035 334.003 8 0 0 0 0 0 -1 0 0 0 0 -1 1 
486.673 486.641 6 0 0 0 0 0 0 -1 -1 0 1 0 0 
