3.712 3.680 4 0 0 0 -1 0 0 0 1 0 0 0 0 
4.448 4.416 4 0 0 0 -1 0 0 0 1 0 0 0 0 
6.368 6.336 2 0 -1 0 0 0 1 0 0 0 0 0 0 
6.400 6.336 2 0 -1 0 0 0 1 0 0 0 0 0 0 
8.224 8.192 4 0 0 0 -1 0 0 0 1 0 0 0 0 
8.480 8.448 3 0 0 -1 0 0 0 1 0 0 0 0 0 
15.104 15.072 1 -1 0 0 0 1 0 0 0 0 0 0 0 
24.704 24.672 3 0 0 -1 0 0 0 1 0 0 0 0 0 
24.768 24.736 2 0 -1 0 0 0 1 0 0 0 0 0 0 
29.056 29.024 1 -1 0 0 0 1 0 0 0 0 0 0 0 
39.136 39.104 1 -1 0 0 0 1 0 0 0 0 0 0 0 
42.304 42.272 2 0 -1 0 0 0 1 0 0 0 0 0 0 
48.064 48.032 3 0 0 -1 0 0 0 1 0 0 0 0 0 
50.113 50.081 5 0 0 0 0 -1 -1 0 0 1 0 0 0 
51.809 51.777 6 0 0 0 0 0 0 -1 -1 0 1 0 0 
91.711 91.679 2 0 -1 0 0 0 1 0 0 0 0 0 0 
97.215 97.183 6 0 0 0 0 0 0 -1 -1 0 1 0 0 
99.391 99.359 5 0 0 0 0 -1 -1 0 0 1 0 0 0 
102.622 102.590 6 0 0 0 0 0 0 -1 -1 0 1 0 0 
109.886 109.854 7 0 0 0 0 0 0 0 0 -1 -1 1 0 
140.604 140.572 2 0 -1 0 0 0 1 0 0 0 0 0 0 
157.370 157.338 5 0 0 0 0 -1 -1 0 0 1 0 0 0 
206.007 205.975 8 0 0 0 0 0 -1 0 0 0 0 -1 1 
229.781 229.749 7 0 0 0 0 0 0 0 0 -1 -1 1 0 
348.185 348.153 7 0 0 0 0 0 0 0 0 -1 -1 1 0 
445.760 445.728 8 0 0 0 0 0 -1 0 0 0 0 -1 1 
