3.712 3.680 4 0 0 0 -1 0 0 0 1 0 0 0 0 
4.800 4.768 4 0 0 0 -1 0 0 0 1 0 0 0 0 
6.336 6.304 2 0 -1 0 0 0 1 0 0 0 0 0 0 
6.848 6.816 3 0 0 -1 0 0 0 1 0 0 0 0 0 
7.136 7.104 2 0 -1 0 0 0 1 0 0 0 0 0 0 
8.704 8.672 2 0 -1 0 0 0 1 0 0 0 0 0 0 
9.280 9.248 2 0 -1 0 0 0 1 0 0 0 0 0 0 
9.568 9.536 2 0 -1 0 0 0 1 0 0 0 0 0 0 
12.352 12.320 4 0 0 0 -1 0 0 0 1 0 0 0 0 
15.712 15.680 3 0 0 -1 0 0 0 1 0 0 0 0 0 
16.096 16.064 2 0 -1 0 0 0 1 0 0 0 0 0 0 
18.464 18.432 1 -1 0 0 0 1 0 0 0 0 0 0 0 
38.272 38.240 3 0 0 -1 0 0 0 1 0 0 0 0 0 
73.537 73.505 6 0 0 0 0 0 0 -1 -1 0 1 0 0 
76.256 76.224 5 0 0 0 0 -1 -1 0 0 1 0 0 0 
113.438 113.406 1 -1 0 0 0 1 0 0 0 0 0 0 0 
122.589 122.557 5 0 0 0 0 -1 -1 0 0 1 0 0 0 
123.773 123.741 6 0 0 0 0 0 0 -1 -1 0 1 0 0 
143.771 143.739 7 0 0 0 0 0 0 0 0 -1 -1 1 0 
158.106 158.074 6 0 0 0 0 0 0 -1 -1 0 1 0 0 
164.026 163.994 8 0 0 0 0 0 -1 0 0 0 0 -1 1 
175.833 175.801 1 -1 0 0 0 1 0 0 0 0 0 0 0 
188.952 188.920 5 0 0 0 0 -1 -1 0 0 1 0 0 0 
437.373 437.341 7 0 0 0 0 0 0 0 0 -1 -1 1 0 
477.997 477.965 8 0 0 0 0 0 -1 0 0 0 0 -1 1 
584.339 584.307 8 0 0 0 0 0 -1 0 0 0 0 -1 1 
