0 15 3 6 3 3 0 0 0 0 0 0 0 0
0.325128 14 3 6 3 2 0 0 0 1 0 0 0 0
1.14931 13 3 5 3 2 0 1 0 1 0 0 0 0
2.86195 12 3 5 3 1 0 1 0 2 0 0 0 0
3.16429 11 2 5 3 1 1 1 0 2 0 0 0 0
9.87658 10 2 5 2 1 1 1 1 2 0 0 0 0
12.6366 9 2 4 2 1 1 2 1 2 0 0 0 0
20.2562 8 2 3 2 1 1 3 1 2 0 0 0 0
22.2845 7 2 2 2 1 1 4 1 2 0 0 0 0
28.7836 6 2 1 2 1 1 5 1 2 0 0 0 0
35.7277 5 1 1 2 1 2 5 1 2 0 0 0 0
36.6244 4 0 1 2 1 3 5 1 2 0 0 0 0
49.5181 3 0 0 2 1 3 6 1 2 0 0 0 0
50.749 4 0 0 2 1 2 5 1 2 1 0 0 0
64.7275 3 0 0 1 1 2 5 2 2 1 0 0 0
80.2119 4 0 0 1 1 1 4 2 2 2 0 0 0
85.1016 5 0 0 1 1 1 4 1 1 2 1 0 0
96.6176 4 0 0 0 1 1 4 2 1 2 1 0 0
107.838 5 0 0 0 1 1 4 1 0 2 2 0 0
135.138 4 0 0 0 0 1 4 1 1 2 2 0 0
142.242 5 0 0 0 0 0 3 1 1 3 2 0 0
143.148 6 0 0 0 0 0 3 1 1 2 1 1 0
158.7 7 0 0 0 0 0 3 0 0 2 2 1 0
181.952 8 0 0 0 0 0 3 0 0 1 1 2 0
195.443 10 0 0 0 0 0 2 0 0 1 1 1 1
250.859 12 0 0 0 0 0 1 0 0 1 1 0 2
303.632 13 0 0 0 0 0 1 0 0 0 0 1 2
325.573 15 0 0 0 0 0 0 0 0 0 0 0 3
325.573 15 0 0 0 0 0 0 0 0 0 0 0 3
