0 15 3 6 3 3 0 0 0 0 0 0 0 0
0.255537 14 3 5 3 3 0 1 0 0 0 0 0 0
1.92556 13 3 5 3 2 0 1 0 1 0 0 0 0
2.7787 12 3 5 2 2 0 1 1 1 0 0 0 0
5.08125 11 3 4 2 2 0 2 1 1 0 0 0 0
6.62068 10 3 3 2 2 0 3 1 1 0 0 0 0
7.68048 9 2 3 2 2 1 3 1 1 0 0 0 0
12.6279 8 1 3 2 2 2 3 1 1 0 0 0 0
14.6996 7 1 3 2 1 2 3 1 2 0 0 0 0
20.757 6 1 3 2 0 2 3 1 3 0 0 0 0
44.9125 5 1 2 2 0 2 4 1 3 0 0 0 0
50.8946 6 1 2 2 0 1 3 1 3 1 0 0 0
56.0332 5 1 1 2 0 1 4 1 3 1 0 0 0
56.362 4 1 0 2 0 1 5 1 3 1 0 0 0
77.2287 5 1 0 2 0 0 4 1 3 2 0 0 0
90.7655 6 1 0 2 0 0 4 0 2 2 1 0 0
105.243 5 0 0 2 0 1 4 0 2 2 1 0 0
116.99 4 0 0 1 0 1 4 1 2 2 1 0 0
117.634 5 0 0 1 0 1 4 1 2 1 0 1 0
130.617 4 0 0 0 0 1 4 2 2 1 0 1 0
146.594 6 0 0 0 0 1 3 2 2 1 0 0 1
158.026 7 0 0 0 0 1 3 1 1 1 1 0 1
351.861 8 0 0 0 0 1 3 0 0 1 2 0 1
353.161 9 0 0 0 0 0 2 0 0 2 2 0 1
374.631 10 0 0 0 0 0 2 0 0 1 1 1 1
447.234 12 0 0 0 0 0 1 0 0 1 1 0 2
607.534 13 0 0 0 0 0 1 0 0 0 0 1 2
800.143 15 0 0 0 0 0 0 0 0 0 0 0 3
800.143 15 0 0 0 0 0 0 0 0 0 0 0 3
