0 15 3 6 3 3 0 0 0 0 0 0 0 0
0.137298 14 3 6 3 2 0 0 0 1 0 0 0 0
0.669339 13 3 6 2 2 0 0 1 1 0 0 0 0
4.10933 12 3 6 2 1 0 0 1 2 0 0 0 0
5.40059 11 3 5 2 1 0 1 1 2 0 0 0 0
6.17736 10 3 4 2 1 0 2 1 2 0 0 0 0
9.58567 9 3 3 2 1 0 3 1 2 0 0 0 0
9.96328 8 2 3 2 1 1 3 1 2 0 0 0 0
12.6529 7 1 3 2 1 2 3 1 2 0 0 0 0
13.0845 8 1 3 2 1 1 2 1 2 1 0 0 0
18.9176 7 1 3 1 1 1 2 2 2 1 0 0 0
40.5089 6 1 2 1 1 1 3 2 2 1 0 0 0
43.8233 5 1 1 1 1 1 4 2 2 1 0 0 0
45.701 4 1 0 1 1 1 5 2 2 1 0 0 0
70.3754 3 1 0 1 0 1 5 2 3 1 0 0 0
72.1897 4 1 0 1 0 1 5 1 2 1 1 0 0
101.895 5 1 0 1 0 0 4 1 2 2 1 0 0
104.251 6 1 0 1 0 0 4 0 1 2 2 0 0
117.135 7 1 0 1 0 0 4 0 1 1 1 1 0
122.02 9 1 0 1 0 0 3 0 1 1 1 0 1
134.356 8 0 0 1 0 1 3 0 1 1 1 0 1
154.562 7 0 0 0 0 1 3 1 1 1 1 0 1
160.486 8 0 0 0 0 0 2 1 1 2 1 0 1
177.731 9 0 0 0 0 0 2 0 0 2 2 0 1
218.771 10 0 0 0 0 0 2 0 0 1 1 1 1
347.178 12 0 0 0 0 0 1 0 0 1 1 0 2
534.753 13 0 0 0 0 0 1 0 0 0 0 1 2
555.909 15 0 0 0 0 0 0 0 0 0 0 0 3
555.909 15 0 0 0 0 0 0 0 0 0 0 0 3
