0 15 3 6 3 3 0 0 0 0 0 0 0 0
1.59198 14 3 6 2 3 0 0 1 0 0 0 0 0
3.58285 13 3 5 2 3 0 1 1 0 0 0 0 0
5.76541 12 3 4 2 3 0 2 1 0 0 0 0 0
8.04509 11 3 4 1 3 0 2 2 0 0 0 0 0
13.5417 10 3 3 1 3 0 3 2 0 0 0 0 0
17.1291 9 3 2 1 3 0 4 2 0 0 0 0 0
18.1637 8 2 2 1 3 1 4 2 0 0 0 0 0
19.2034 7 1 2 1 3 2 4 2 0 0 0 0 0
21.6578 6 1 1 1 3 2 5 2 0 0 0 0 0
31.5413 5 1 1 0 3 2 5 3 0 0 0 0 0
38.1628 6 1 1 0 3 1 4 3 0 1 0 0 0
45.8174 5 1 0 0 3 1 5 3 0 1 0 0 0
47.9089 4 0 0 0 3 2 5 3 0 1 0 0 0
58.8342 3 0 0 0 2 2 5 3 1 1 0 0 0
63.702 2 0 0 0 1 2 5 3 2 1 0 0 0
75.2914 3 0 0 0 1 2 5 2 1 1 1 0 0
77.1846 4 0 0 0 1 1 4 2 1 2 1 0 0
96.7174 3 0 0 0 0 1 4 2 2 2 1 0 0
98.0615 4 0 0 0 0 1 4 1 1 2 2 0 0
103.569 5 0 0 0 0 1 4 1 1 1 1 1 0
140.441 7 0 0 0 0 1 3 1 1 1 1 0 1
158.208 8 0 0 0 0 1 3 0 0 1 2 0 1
204.345 9 0 0 0 0 0 2 0 0 2 2 0 1
212.785 10 0 0 0 0 0 2 0 0 1 1 1 1
259.314 12 0 0 0 0 0 1 0 0 1 1 0 2
896.037 13 0 0 0 0 0 1 0 0 0 0 1 2
967.955 15 0 0 0 0 0 0 0 0 0 0 0 3
967.955 15 0 0 0 0 0 0 0 0 0 0 0 3
