0 15 3 6 3 3 0 0 0 0 0 0 0 0
0.786445 14 3 5 3 3 0 1 0 0 0 0 0 0
1.70028 13 3 4 3 3 0 2 0 0 0 0 0 0
2.89194 12 3 3 3 3 0 3 0 0 0 0 0 0
4.61417 11 2 3 3 3 1 3 0 0 0 0 0 0
5.27381 10 2 2 3 3 1 4 0 0 0 0 0 0
8.92376 9 2 2 2 3 1 4 1 0 0 0 0 0
11.1209 8 2 1 2 3 1 5 1 0 0 0 0 0
19.3081 9 2 1 2 3 0 4 1 0 1 0 0 0
22.7057 8 2 1 1 3 0 4 2 0 1 0 0 0
24.2535 7 2 1 1 2 0 4 2 1 1 0 0 0
24.3474 6 2 0 1 2 0 5 2 1 1 0 0 0
28.1689 5 1 0 1 2 1 5 2 1 1 0 0 0
37.5759 6 1 0 1 2 0 4 2 1 2 0 0 0
41.8512 5 1 0 1 1 0 4 2 2 2 0 0 0
51.5036 4 0 0 1 1 1 4 2 2 2 0 0 0
61.7892 5 0 0 1 1 1 4 1 1 2 1 0 0
75.0626 6 0 0 1 1 1 4 1 1 1 0 1 0
94.1347 7 0 0 1 1 1 4 0 0 1 1 1 0
108.581 6 0 0 1 0 1 4 0 1 1 1 1 0
111.269 8 0 0 1 0 1 3 0 1 1 1 0 1
115.516 9 0 0 1 0 1 3 0 1 0 0 1 1
133.147 8 0 0 0 0 1 3 1 1 0 0 1 1
162.083 9 0 0 0 0 0 2 1 1 1 0 1 1
251.523 11 0 0 0 0 0 1 1 1 1 0 0 2
304.441 12 0 0 0 0 0 1 0 0 1 1 0 2
492.251 13 0 0 0 0 0 1 0 0 0 0 1 2
699.162 15 0 0 0 0 0 0 0 0 0 0 0 3
699.162 15 0 0 0 0 0 0 0 0 0 0 0 3
