0 15 3 6 3 3 0 0 0 0 0 0 0 0
0.727567 14 3 5 3 3 0 1 0 0 0 0 0 0
1.30126 13 3 5 2 3 0 1 1 0 0 0 0 0
1.54315 12 3 4 2 3 0 2 1 0 0 0 0 0
1.85664 11 3 3 2 3 0 3 1 0 0 0 0 0
2.37419 10 3 2 2 3 0 4 1 0 0 0 0 0
5.5471 9 3 2 2 2 0 4 1 1 0 0 0 0
7.35743 8 3 2 2 1 0 4 1 2 0 0 0 0
11.6806 7 3 2 1 1 0 4 2 2 0 0 0 0
16.4 6 2 2 1 1 1 4 2 2 0 0 0 0
17.2813 5 2 2 0 1 1 4 3 2 0 0 0 0
19.0222 6 2 2 0 1 0 3 3 2 1 0 0 0
21.6785 5 2 1 0 1 0 4 3 2 1 0 0 0
22.8479 6 2 1 0 1 0 4 2 1 1 1 0 0
24.4833 7 2 1 0 1 0 4 1 0 1 2 0 0
28.2721 6 2 1 0 0 0 4 1 1 1 2 0 0
81.1663 5 1 1 0 0 1 4 1 1 1 2 0 0
113.62 6 1 1 0 0 0 3 1 1 2 2 0 0
116.653 7 1 1 0 0 0 3 1 1 1 1 1 0
117.266 6 1 0 0 0 0 4 1 1 1 1 1 0
142.527 8 1 0 0 0 0 3 1 1 1 1 0 1
207.728 7 0 0 0 0 1 3 1 1 1 1 0 1
220.881 8 0 0 0 0 0 2 1 1 2 1 0 1
278.265 9 0 0 0 0 0 2 1 1 1 0 1 1
340.104 11 0 0 0 0 0 1 1 1 1 0 0 2
542.399 12 0 0 0 0 0 1 0 0 1 1 0 2
772.094 13 0 0 0 0 0 1 0 0 0 0 1 2
790.028 15 0 0 0 0 0 0 0 0 0 0 0 3
790.028 15 0 0 0 0 0 0 0 0 0 0 0 3
