0 15 3 6 3 3 0 0 0 0 0 0 0 0
1.03623 14 3 6 3 2 0 0 0 1 0 0 0 0
1.97798 13 3 5 3 2 0 1 0 1 0 0 0 0
5.27029 12 2 5 3 2 1 1 0 1 0 0 0 0
5.4835 11 2 5 2 2 1 1 1 1 0 0 0 0
7.77106 10 2 4 2 2 1 2 1 1 0 0 0 0
14.0257 9 2 3 2 2 1 3 1 1 0 0 0 0
19.1058 8 2 3 1 2 1 3 2 1 0 0 0 0
26.2318 7 2 3 0 2 1 3 3 1 0 0 0 0
26.8193 6 1 3 0 2 2 3 3 1 0 0 0 0
31.4115 5 1 2 0 2 2 4 3 1 0 0 0 0
36.9021 4 1 2 0 1 2 4 3 2 0 0 0 0
44.4557 5 1 2 0 1 1 3 3 2 1 0 0 0
48.0208 6 1 2 0 1 1 3 2 1 1 1 0 0
49.8156 5 1 1 0 1 1 4 2 1 1 1 0 0
55.0068 6 1 1 0 1 0 3 2 1 2 1 0 0
66.9845 7 1 1 0 1 0 3 2 1 1 0 1 0
71.1751 6 1 1 0 0 0 3 2 2 1 0 1 0
81.4374 7 1 1 0 0 0 3 1 1 1 1 1 0
83.0728 6 0 1 0 0 1 3 1 1 1 1 1 0
95.8883 5 0 0 0 0 1 4 1 1 1 1 1 0
99.0241 6 0 0 0 0 1 4 0 0 1 2 1 0
112.099 8 0 0 0 0 1 3 0 0 1 2 0 1
113.406 9 0 0 0 0 0 2 0 0 2 2 0 1
137.629 10 0 0 0 0 0 2 0 0 1 1 1 1
159.182 12 0 0 0 0 0 1 0 0 1 1 0 2
384.791 13 0 0 0 0 0 1 0 0 0 0 1 2
579.164 15 0 0 0 0 0 0 0 0 0 0 0 3
579.164 15 0 0 0 0 0 0 0 0 0 0 0 3
