0 15 3 6 3 3 0 0 0 0 0 0 0 0
0.287854 14 3 6 2 3 0 0 1 0 0 0 0 0
0.666854 13 2 6 2 3 1 0 1 0 0 0 0 0
2.2593 12 2 5 2 3 1 1 1 0 0 0 0 0
2.90165 11 2 4 2 3 1 2 1 0 0 0 0 0
3.91239 10 2 4 2 2 1 2 1 1 0 0 0 0
4.93673 9 2 4 1 2 1 2 2 1 0 0 0 0
6.12966 8 2 3 1 2 1 3 2 1 0 0 0 0
26.3754 7 2 3 0 2 1 3 3 1 0 0 0 0
28.5025 8 2 3 0 2 1 3 2 0 0 1 0 0
29.003 7 2 2 0 2 1 4 2 0 0 1 0 0
43.8834 6 1 2 0 2 2 4 2 0 0 1 0 0
46.4686 7 1 2 0 2 1 3 2 0 1 1 0 0
55.1034 6 1 1 0 2 1 4 2 0 1 1 0 0
55.2421 5 0 1 0 2 2 4 2 0 1 1 0 0
59.107 4 0 1 0 1 2 4 2 1 1 1 0 0
61.0384 5 0 1 0 1 1 3 2 1 2 1 0 0
77.115 6 0 1 0 1 0 2 2 1 3 1 0 0
88.6416 5 0 1 0 0 0 2 2 2 3 1 0 0
89.2828 4 0 0 0 0 0 3 2 2 3 1 0 0
89.4755 5 0 0 0 0 0 3 1 1 3 2 0 0
90.6298 6 0 0 0 0 0 3 1 1 2 1 1 0
133.955 8 0 0 0 0 0 2 1 1 2 1 0 1
245.066 9 0 0 0 0 0 2 0 0 2 2 0 1
321.134 10 0 0 0 0 0 2 0 0 1 1 1 1
419.03 11 0 0 0 0 0 2 0 0 0 0 2 1
459.912 13 0 0 0 0 0 1 0 0 0 0 1 2
729.28 15 0 0 0 0 0 0 0 0 0 0 0 3
729.28 15 0 0 0 0 0 0 0 0 0 0 0 3
