0 15 3 6 3 3 0 0 0 0 0 0 0 0
0.623025 14 3 5 3 3 0 1 0 0 0 0 0 0
1.40487 13 3 4 3 3 0 2 0 0 0 0 0 0
2.22419 12 3 4 3 2 0 2 0 1 0 0 0 0
2.62405 11 2 4 3 2 1 2 0 1 0 0 0 0
3.39303 10 2 4 2 2 1 2 1 1 0 0 0 0
6.63139 9 1 4 2 2 2 2 1 1 0 0 0 0
7.06217 8 1 3 2 2 2 3 1 1 0 0 0 0
7.17504 7 1 3 1 2 2 3 2 1 0 0 0 0
7.51171 8 1 3 1 2 1 2 2 1 1 0 0 0
23.8568 7 1 3 1 1 1 2 2 2 1 0 0 0
27.671 6 1 2 1 1 1 3 2 2 1 0 0 0
27.7571 5 1 2 0 1 1 3 3 2 1 0 0 0
33.5809 4 0 2 0 1 2 3 3 2 1 0 0 0
34.8753 5 0 2 0 1 1 2 3 2 2 0 0 0
40.8737 4 0 1 0 1 1 3 3 2 2 0 0 0
44.0649 3 0 0 0 1 1 4 3 2 2 0 0 0
46.3179 4 0 0 0 1 0 3 3 2 3 0 0 0
64.62 5 0 0 0 1 0 3 2 1 3 1 0 0
103.313 4 0 0 0 0 0 3 2 2 3 1 0 0
119.897 5 0 0 0 0 0 3 2 2 2 0 1 0
126.887 7 0 0 0 0 0 2 2 2 2 0 0 1
127.996 8 0 0 0 0 0 2 1 1 2 1 0 1
138.001 9 0 0 0 0 0 2 1 1 1 0 1 1
237.244 11 0 0 0 0 0 1 1 1 1 0 0 2
268.793 12 0 0 0 0 0 1 0 0 1 1 0 2
403.552 13 0 0 0 0 0 1 0 0 0 0 1 2
556.381 15 0 0 0 0 0 0 0 0 0 0 0 3
556.381 15 0 0 0 0 0 0 0 0 0 0 0 3
