0 15 3 6 3 3 0 0 0 0 0 0 0 0
0.793008 14 3 5 3 3 0 1 0 0 0 0 0 0
0.832307 13 3 4 3 3 0 2 0 0 0 0 0 0
1.56929 12 2 4 3 3 1 2 0 0 0 0 0 0
4.93742 11 2 4 2 3 1 2 1 0 0 0 0 0
5.74885 10 2 4 1 3 1 2 2 0 0 0 0 0
8.39787 9 2 3 1 3 1 3 2 0 0 0 0 0
8.53975 8 2 3 1 2 1 3 2 1 0 0 0 0
14.282 9 2 3 1 2 0 2 2 1 1 0 0 0
17.0911 8 1 3 1 2 1 2 2 1 1 0 0 0
18.7625 7 0 3 1 2 2 2 2 1 1 0 0 0
29.9535 6 0 2 1 2 2 3 2 1 1 0 0 0
34.823 5 0 2 1 1 2 3 2 2 1 0 0 0
35.7792 4 0 1 1 1 2 4 2 2 1 0 0 0
39.2032 3 0 0 1 1 2 5 2 2 1 0 0 0
43.8075 4 0 0 1 1 1 4 2 2 2 0 0 0
84.0993 3 0 0 0 1 1 4 3 2 2 0 0 0
155.231 4 0 0 0 1 1 4 2 1 2 1 0 0
168.879 5 0 0 0 1 0 3 2 1 3 1 0 0
198.676 6 0 0 0 1 0 3 1 0 3 2 0 0
228.086 7 0 0 0 1 0 3 1 0 2 1 1 0
269.836 6 0 0 0 0 0 3 1 1 2 1 1 0
302.412 7 0 0 0 0 0 3 0 0 2 2 1 0
323.288 8 0 0 0 0 0 3 0 0 1 1 2 0
324.591 10 0 0 0 0 0 2 0 0 1 1 1 1
349.761 12 0 0 0 0 0 1 0 0 1 1 0 2
363.6 13 0 0 0 0 0 1 0 0 0 0 1 2
397.627 15 0 0 0 0 0 0 0 0 0 0 0 3
397.627 15 0 0 0 0 0 0 0 0 0 0 0 3
