0 15 3 6 3 3 0 0 0 0 0 0 0 0
0.346799 14 3 6 3 2 0 0 0 1 0 0 0 0
0.532246 13 3 5 3 2 0 1 0 1 0 0 0 0
1.36576 12 3 4 3 2 0 2 0 1 0 0 0 0
3.73603 11 2 4 3 2 1 2 0 1 0 0 0 0
7.00552 10 2 4 2 2 1 2 1 1 0 0 0 0
10.5231 9 2 3 2 2 1 3 1 1 0 0 0 0
12.5034 8 2 2 2 2 1 4 1 1 0 0 0 0
20.3405 7 1 2 2 2 2 4 1 1 0 0 0 0
21.0206 6 1 2 2 1 2 4 1 2 0 0 0 0
28.6328 5 1 1 2 1 2 5 1 2 0 0 0 0
29.0783 4 1 0 2 1 2 6 1 2 0 0 0 0
36.5947 5 1 0 2 1 1 5 1 2 1 0 0 0
38.1311 6 1 0 2 1 0 4 1 2 2 0 0 0
43.387 5 1 0 1 1 0 4 2 2 2 0 0 0
48.0874 4 0 0 1 1 1 4 2 2 2 0 0 0
63.204 3 0 0 1 0 1 4 2 3 2 0 0 0
88.3948 2 0 0 0 0 1 4 3 3 2 0 0 0
92.9194 3 0 0 0 0 1 4 2 2 2 1 0 0
99.394 4 0 0 0 0 1 4 2 2 1 0 1 0
104.17 6 0 0 0 0 1 3 2 2 1 0 0 1
116.127 7 0 0 0 0 1 3 1 1 1 1 0 1
170.909 8 0 0 0 0 0 2 1 1 2 1 0 1
218.095 9 0 0 0 0 0 2 0 0 2 2 0 1
320.197 10 0 0 0 0 0 2 0 0 1 1 1 1
321.893 11 0 0 0 0 0 2 0 0 0 0 2 1
348.196 13 0 0 0 0 0 1 0 0 0 0 1 2
485.21 15 0 0 0 0 0 0 0 0 0 0 0 3
485.21 15 0 0 0 0 0 0 0 0 0 0 0 3
