0 15 3 6 3 3 0 0 0 0 0 0 0 0
0.82328 14 3 5 3 3 0 1 0 0 0 0 0 0
0.878543 13 3 5 3 2 0 1 0 1 0 0 0 0
2.60165 12 3 4 3 2 0 2 0 1 0 0 0 0
6.30946 11 2 4 3 2 1 2 0 1 0 0 0 0
9.27319 10 2 4 3 1 1 2 0 2 0 0 0 0
11.6848 9 2 4 3 0 1 2 0 3 0 0 0 0
15.2374 8 1 4 3 0 2 2 0 3 0 0 0 0
15.773 7 1 4 2 0 2 2 1 3 0 0 0 0
17.371 6 1 4 1 0 2 2 2 3 0 0 0 0
22.772 7 1 4 1 0 2 2 1 2 0 1 0 0
28.7177 8 1 4 1 0 1 1 1 2 1 1 0 0
29.5059 7 0 4 1 0 2 1 1 2 1 1 0 0
30.1753 6 0 4 0 0 2 1 2 2 1 1 0 0
31.7297 5 0 3 0 0 2 2 2 2 1 1 0 0
65.6671 4 0 2 0 0 2 3 2 2 1 1 0 0
66.0756 5 0 2 0 0 1 2 2 2 2 1 0 0
73.9795 6 0 2 0 0 1 2 2 2 1 0 1 0
81.9494 7 0 2 0 0 1 2 1 1 1 1 1 0
92.7327 6 0 1 0 0 1 3 1 1 1 1 1 0
95.3864 7 0 1 0 0 0 2 1 1 2 1 1 0
106.435 6 0 0 0 0 0 3 1 1 2 1 1 0
124.183 8 0 0 0 0 0 2 1 1 2 1 0 1
216.841 9 0 0 0 0 0 2 1 1 1 0 1 1
258.635 11 0 0 0 0 0 1 1 1 1 0 0 2
264.392 12 0 0 0 0 0 1 0 0 1 1 0 2
296.736 13 0 0 0 0 0 1 0 0 0 0 1 2
360.525 15 0 0 0 0 0 0 0 0 0 0 0 3
360.525 15 0 0 0 0 0 0 0 0 0 0 0 3
