0 15 3 6 3 3 0 0 0 0 0 0 0 0
0.57736 14 3 5 3 3 0 1 0 0 0 0 0 0
0.933644 13 3 5 2 3 0 1 1 0 0 0 0 0
2.93058 12 2 5 2 3 1 1 1 0 0 0 0 0
3.04811 11 2 4 2 3 1 2 1 0 0 0 0 0
4.27562 10 1 4 2 3 2 2 1 0 0 0 0 0
4.44383 9 1 4 1 3 2 2 2 0 0 0 0 0
5.87623 8 1 3 1 3 2 3 2 0 0 0 0 0
6.19638 7 1 2 1 3 2 4 2 0 0 0 0 0
11.0155 6 1 2 0 3 2 4 3 0 0 0 0 0
14.2436 5 1 2 0 2 2 4 3 1 0 0 0 0
17.6034 6 1 2 0 2 1 3 3 1 1 0 0 0
19.1069 5 1 2 0 1 1 3 3 2 1 0 0 0
57.404 4 1 1 0 1 1 4 3 2 1 0 0 0
67.5221 3 0 1 0 1 2 4 3 2 1 0 0 0
82.2871 2 0 0 0 1 2 5 3 2 1 0 0 0
110.64 3 0 0 0 1 2 5 2 1 1 1 0 0
119.004 4 0 0 0 1 1 4 2 1 2 1 0 0
129.294 5 0 0 0 1 1 4 1 0 2 2 0 0
129.649 6 0 0 0 1 0 3 1 0 3 2 0 0
131.464 7 0 0 0 1 0 3 1 0 2 1 1 0
140.616 9 0 0 0 1 0 2 1 0 2 1 0 1
181.362 8 0 0 0 0 0 2 1 1 2 1 0 1
184.814 9 0 0 0 0 0 2 0 0 2 2 0 1
210.459 10 0 0 0 0 0 2 0 0 1 1 1 1
256.391 11 0 0 0 0 0 2 0 0 0 0 2 1
258.136 13 0 0 0 0 0 1 0 0 0 0 1 2
298.197 15 0 0 0 0 0 0 0 0 0 0 0 3
298.197 15 0 0 0 0 0 0 0 0 0 0 0 3
