0 15 3 6 3 3 0 0 0 0 0 0 0 0
0.917887 14 3 5 3 3 0 1 0 0 0 0 0 0
2.52114 13 3 4 3 3 0 2 0 0 0 0 0 0
3.13897 12 2 4 3 3 1 2 0 0 0 0 0 0
5.48863 11 2 3 3 3 1 3 0 0 0 0 0 0
6.43793 10 2 3 2 3 1 3 1 0 0 0 0 0
6.52002 9 2 3 2 2 1 3 1 1 0 0 0 0
7.30091 8 2 2 2 2 1 4 1 1 0 0 0 0
7.46298 7 1 2 2 2 2 4 1 1 0 0 0 0
8.48693 6 1 2 2 1 2 4 1 2 0 0 0 0
9.1111 5 1 1 2 1 2 5 1 2 0 0 0 0
10.6759 4 1 1 2 0 2 5 1 3 0 0 0 0
18.7193 5 1 1 2 0 2 5 0 2 0 1 0 0
63.8637 6 1 1 2 0 1 4 0 2 1 1 0 0
65.9437 5 0 1 2 0 2 4 0 2 1 1 0 0
73.8207 4 0 1 1 0 2 4 1 2 1 1 0 0
116.33 5 0 1 1 0 1 3 1 2 2 1 0 0
117.426 4 0 1 0 0 1 3 2 2 2 1 0 0
142.96 5 0 1 0 0 1 3 1 1 2 2 0 0
160.85 6 0 1 0 0 0 2 1 1 3 2 0 0
165.565 7 0 1 0 0 0 2 1 1 2 1 1 0
167.834 8 0 1 0 0 0 2 1 1 1 0 2 0
176.658 9 0 1 0 0 0 2 0 0 1 1 2 0
212.508 8 0 0 0 0 0 3 0 0 1 1 2 0
218.7 10 0 0 0 0 0 2 0 0 1 1 1 1
293.042 12 0 0 0 0 0 1 0 0 1 1 0 2
293.042 12 0 0 0 0 0 1 0 0 1 1 0 2
