0 15 3 6 3 3 0 0 0 0 0 0 0 0
0.500531 14 3 6 2 3 0 0 1 0 0 0 0 0
1.51424 13 2 6 2 3 1 0 1 0 0 0 0 0
3.32791 12 2 6 1 3 1 0 2 0 0 0 0 0
6.75696 11 2 5 1 3 1 1 2 0 0 0 0 0
7.72954 10 2 4 1 3 1 2 2 0 0 0 0 0
10.2198 9 1 4 1 3 2 2 2 0 0 0 0 0
18.662 8 1 3 1 3 2 3 2 0 0 0 0 0
20.5282 7 0 3 1 3 3 3 2 0 0 0 0 0
25.7808 8 0 3 1 3 2 2 2 0 1 0 0 0
26.4299 9 0 3 1 3 1 1 2 0 2 0 0 0
26.5458 8 0 2 1 3 1 2 2 0 2 0 0 0
28.2035 7 0 2 0 3 1 2 3 0 2 0 0 0
38.4071 6 0 2 0 2 1 2 3 1 2 0 0 0
40.8745 5 0 2 0 1 1 2 3 2 2 0 0 0
41.5212 4 0 1 0 1 1 3 3 2 2 0 0 0
45.7188 5 0 1 0 1 0 2 3 2 3 0 0 0
48.9101 4 0 0 0 1 0 3 3 2 3 0 0 0
54.5637 3 0 0 0 0 0 3 3 3 3 0 0 0
58.9406 4 0 0 0 0 0 3 2 2 3 1 0 0
87.1839 5 0 0 0 0 0 3 1 1 3 2 0 0
104.551 6 0 0 0 0 0 3 1 1 2 1 1 0
130.631 8 0 0 0 0 0 2 1 1 2 1 0 1
135.036 9 0 0 0 0 0 2 1 1 1 0 1 1
162.108 10 0 0 0 0 0 2 0 0 1 1 1 1
166.276 12 0 0 0 0 0 1 0 0 1 1 0 2
527.552 13 0 0 0 0 0 1 0 0 0 0 1 2
615.549 15 0 0 0 0 0 0 0 0 0 0 0 3
615.549 15 0 0 0 0 0 0 0 0 0 0 0 3
