0 15 3 6 3 3 0 0 0 0 0 0 0 0
0.297987 14 3 5 3 3 0 1 0 0 0 0 0 0
1.06509 13 2 5 3 3 1 1 0 0 0 0 0 0
2.5444 12 2 4 3 3 1 2 0 0 0 0 0 0
2.8721 11 2 3 3 3 1 3 0 0 0 0 0 0
5.97624 10 1 3 3 3 2 3 0 0 0 0 0 0
6.22554 9 1 2 3 3 2 4 0 0 0 0 0 0
7.29717 8 1 2 3 2 2 4 0 1 0 0 0 0
8.45894 7 1 2 3 1 2 4 0 2 0 0 0 0
12.4191 8 1 2 3 1 1 3 0 2 1 0 0 0
12.5366 7 1 2 2 1 1 3 1 2 1 0 0 0
12.9501 6 1 1 2 1 1 4 1 2 1 0 0 0
15.8576 5 1 1 1 1 1 4 2 2 1 0 0 0
16.9583 4 1 0 1 1 1 5 2 2 1 0 0 0
74.7295 3 1 0 0 1 1 5 3 2 1 0 0 0
92.1033 4 1 0 0 1 0 4 3 2 2 0 0 0
114.761 5 1 0 0 1 0 4 2 1 2 1 0 0
117.313 6 1 0 0 1 0 4 1 0 2 2 0 0
118.058 5 0 0 0 1 1 4 1 0 2 2 0 0
119.303 6 0 0 0 1 1 4 1 0 1 1 1 0
126.621 5 0 0 0 0 1 4 1 1 1 1 1 0
129.653 6 0 0 0 0 1 4 0 0 1 2 1 0
151.281 7 0 0 0 0 1 4 0 0 0 1 2 0
170.613 9 0 0 0 0 1 3 0 0 0 1 1 1
216.847 11 0 0 0 0 1 2 0 0 0 1 0 2
227.538 12 0 0 0 0 0 1 0 0 1 1 0 2
421.979 13 0 0 0 0 0 1 0 0 0 0 1 2
540.724 15 0 0 0 0 0 0 0 0 0 0 0 3
540.724 15 0 0 0 0 0 0 0 0 0 0 0 3
