0 15 3 6 3 3 0 0 0 0 0 0 0 0
0.11445 14 2 6 3 3 1 0 0 0 0 0 0 0
0.667039 13 2 5 3 3 1 1 0 0 0 0 0 0
1.4951 12 2 5 2 3 1 1 1 0 0 0 0 0
1.59074 11 2 5 1 3 1 1 2 0 0 0 0 0
2.12556 10 2 5 1 2 1 1 2 1 0 0 0 0
3.51387 9 2 4 1 2 1 2 2 1 0 0 0 0
9.1715 8 1 4 1 2 2 2 2 1 0 0 0 0
10.131 9 1 4 1 2 2 2 1 0 0 1 0 0
10.9571 8 1 3 1 2 2 3 1 0 0 1 0 0
11.1381 7 1 3 1 1 2 3 1 1 0 1 0 0
11.6375 6 0 3 1 1 3 3 1 1 0 1 0 0
13.3995 7 0 3 1 1 2 2 1 1 1 1 0 0
14.6024 6 0 3 0 1 2 2 2 1 1 1 0 0
21.7933 5 0 3 0 0 2 2 2 2 1 1 0 0
38.9467 6 0 3 0 0 2 2 1 1 1 2 0 0
40.7116 5 0 2 0 0 2 3 1 1 1 2 0 0
42.5646 4 0 1 0 0 2 4 1 1 1 2 0 0
48.9452 5 0 1 0 0 1 3 1 1 2 2 0 0
49.2834 6 0 1 0 0 0 2 1 1 3 2 0 0
81.8891 7 0 1 0 0 0 2 1 1 2 1 1 0
95.1619 8 0 1 0 0 0 2 1 1 1 0 2 0
119.168 9 0 1 0 0 0 2 0 0 1 1 2 0
125.319 11 0 1 0 0 0 1 0 0 1 1 1 1
135.325 10 0 0 0 0 0 2 0 0 1 1 1 1
215.221 12 0 0 0 0 0 1 0 0 1 1 0 2
465.397 13 0 0 0 0 0 1 0 0 0 0 1 2
541.004 15 0 0 0 0 0 0 0 0 0 0 0 3
541.004 15 0 0 0 0 0 0 0 0 0 0 0 3
