0 15 3 6 3 3 0 0 0 0 0 0 0 0
5.49945 14 3 6 3 2 0 0 0 1 0 0 0 0
6.34621 13 3 6 3 1 0 0 0 2 0 0 0 0
7.41231 12 3 5 3 1 0 1 0 2 0 0 0 0
7.97223 11 2 5 3 1 1 1 0 2 0 0 0 0
10.316 10 2 5 2 1 1 1 1 2 0 0 0 0
11.1097 9 2 5 1 1 1 1 2 2 0 0 0 0
12.4056 8 1 5 1 1 2 1 2 2 0 0 0 0
12.9497 7 1 4 1 1 2 2 2 2 0 0 0 0
13.8574 6 1 4 1 0 2 2 2 3 0 0 0 0
15.698 5 0 4 1 0 3 2 2 3 0 0 0 0
23.2397 6 0 4 1 0 3 2 1 2 0 1 0 0
23.9592 7 0 4 1 0 3 2 0 1 0 2 0 0
30.5847 6 0 4 0 0 3 2 1 1 0 2 0 0
32.4469 5 0 3 0 0 3 3 1 1 0 2 0 0
33.1599 6 0 3 0 0 2 2 1 1 1 2 0 0
33.4437 7 0 3 0 0 2 2 1 1 0 1 1 0
37.478 6 0 2 0 0 2 3 1 1 0 1 1 0
38.7173 5 0 1 0 0 2 4 1 1 0 1 1 0
42.1958 6 0 1 0 0 1 3 1 1 1 1 1 0
66.9615 8 0 1 0 0 1 2 1 1 1 1 0 1
83.5145 9 0 1 0 0 1 2 0 0 1 2 0 1
86.6133 10 0 1 0 0 1 2 0 0 0 1 1 1
86.7996 11 0 1 0 0 0 1 0 0 1 1 1 1
125.86 10 0 0 0 0 0 2 0 0 1 1 1 1
170.839 12 0 0 0 0 0 1 0 0 1 1 0 2
193.517 13 0 0 0 0 0 1 0 0 0 0 1 2
259.511 15 0 0 0 0 0 0 0 0 0 0 0 3
259.511 15 0 0 0 0 0 0 0 0 0 0 0 3
