0 15 3 6 3 3 0 0 0 0 0 0 0 0
1.15778 14 3 5 3 3 0 1 0 0 0 0 0 0
7.30007 13 3 5 3 2 0 1 0 1 0 0 0 0
7.71654 12 3 4 3 2 0 2 0 1 0 0 0 0
8.57249 11 2 4 3 2 1 2 0 1 0 0 0 0
12.2437 10 2 3 3 2 1 3 0 1 0 0 0 0
12.8225 9 2 3 2 2 1 3 1 1 0 0 0 0
13.3685 8 2 2 2 2 1 4 1 1 0 0 0 0
17.2642 7 2 2 1 2 1 4 2 1 0 0 0 0
20.3223 6 2 2 1 1 1 4 2 2 0 0 0 0
26.9617 5 2 1 1 1 1 5 2 2 0 0 0 0
29.1326 4 2 1 1 0 1 5 2 3 0 0 0 0
32.6362 5 2 1 1 0 0 4 2 3 1 0 0 0
59.3128 4 1 1 1 0 1 4 2 3 1 0 0 0
70.9297 3 1 1 0 0 1 4 3 3 1 0 0 0
82.7733 4 1 1 0 0 1 4 2 2 1 1 0 0
90.2851 5 1 1 0 0 0 3 2 2 2 1 0 0
102.758 4 1 0 0 0 0 4 2 2 2 1 0 0
113.702 3 0 0 0 0 1 4 2 2 2 1 0 0
152.101 4 0 0 0 0 0 3 2 2 3 1 0 0
177.517 5 0 0 0 0 0 3 1 1 3 2 0 0
198.938 6 0 0 0 0 0 3 0 0 3 3 0 0
204.213 7 0 0 0 0 0 3 0 0 2 2 1 0
215.717 8 0 0 0 0 0 3 0 0 1 1 2 0
219.225 9 0 0 0 0 0 3 0 0 0 0 3 0
223.239 11 0 0 0 0 0 2 0 0 0 0 2 1
255.486 13 0 0 0 0 0 1 0 0 0 0 1 2
299.382 15 0 0 0 0 0 0 0 0 0 0 0 3
299.382 15 0 0 0 0 0 0 0 0 0 0 0 3
