0 15 3 6 3 3 0 0 0 0 0 0 0 0
0.983824 14 3 6 3 2 0 0 0 1 0 0 0 0
1.83661 13 3 5 3 2 0 1 0 1 0 0 0 0
1.86186 12 2 5 3 2 1 1 0 1 0 0 0 0
2.42693 11 1 5 3 2 2 1 0 1 0 0 0 0
2.79293 10 1 5 2 2 2 1 1 1 0 0 0 0
4.84133 9 1 5 2 1 2 1 1 2 0 0 0 0
6.08358 8 0 5 2 1 3 1 1 2 0 0 0 0
7.41274 7 0 4 2 1 3 2 1 2 0 0 0 0
21.5382 6 0 3 2 1 3 3 1 2 0 0 0 0
22.6819 5 0 3 2 0 3 3 1 3 0 0 0 0
23.7073 6 0 3 2 0 2 2 1 3 1 0 0 0
23.9443 7 0 3 2 0 1 1 1 3 2 0 0 0
32.5778 6 0 3 1 0 1 1 2 3 2 0 0 0
55.1062 7 0 3 1 0 1 1 1 2 2 1 0 0
69.3195 6 0 2 1 0 1 2 1 2 2 1 0 0
76.0045 5 0 2 0 0 1 2 2 2 2 1 0 0
88.6917 6 0 2 0 0 1 2 2 2 1 0 1 0
92.0999 5 0 1 0 0 1 3 2 2 1 0 1 0
113.778 6 0 1 0 0 0 2 2 2 2 0 1 0
126.794 8 0 1 0 0 0 1 2 2 2 0 0 1
251.229 9 0 1 0 0 0 1 1 1 2 1 0 1
255.861 8 0 0 0 0 0 2 1 1 2 1 0 1
260.243 9 0 0 0 0 0 2 1 1 1 0 1 1
383.558 11 0 0 0 0 0 1 1 1 1 0 0 2
448.425 12 0 0 0 0 0 1 0 0 1 1 0 2
534.814 13 0 0 0 0 0 1 0 0 0 0 1 2
579.57 15 0 0 0 0 0 0 0 0 0 0 0 3
579.57 15 0 0 0 0 0 0 0 0 0 0 0 3
