0 15 3 6 3 3 0 0 0 0 0 0 0 0
0.283482 14 3 5 3 3 0 1 0 0 0 0 0 0
1.75982 13 2 5 3 3 1 1 0 0 0 0 0 0
1.87389 12 2 5 3 2 1 1 0 1 0 0 0 0
1.90548 11 1 5 3 2 2 1 0 1 0 0 0 0
2.41707 12 1 5 3 2 1 0 0 1 1 0 0 0
3.88667 11 1 4 3 2 1 1 0 1 1 0 0 0
3.95422 10 1 3 3 2 1 2 0 1 1 0 0 0
9.14662 9 0 3 3 2 2 2 0 1 1 0 0 0
12.999 8 0 3 2 2 2 2 1 1 1 0 0 0
14.5599 7 0 2 2 2 2 3 1 1 1 0 0 0
16.4355 6 0 2 1 2 2 3 2 1 1 0 0 0
25.8263 7 0 2 1 2 2 3 1 0 1 1 0 0
28.6227 6 0 2 1 1 2 3 1 1 1 1 0 0
29.8268 5 0 2 1 0 2 3 1 2 1 1 0 0
37.9753 6 0 2 1 0 1 2 1 2 2 1 0 0
45.2873 5 0 1 1 0 1 3 1 2 2 1 0 0
62.3655 6 0 1 1 0 0 2 1 2 3 1 0 0
77.4675 5 0 0 1 0 0 3 1 2 3 1 0 0
89.0738 4 0 0 0 0 0 3 2 2 3 1 0 0
131.12 5 0 0 0 0 0 3 1 1 3 2 0 0
162.645 6 0 0 0 0 0 3 1 1 2 1 1 0
179.076 7 0 0 0 0 0 3 1 1 1 0 2 0
263.275 9 0 0 0 0 0 2 1 1 1 0 1 1
340.78 10 0 0 0 0 0 2 0 0 1 1 1 1
407.043 12 0 0 0 0 0 1 0 0 1 1 0 2
489.327 13 0 0 0 0 0 1 0 0 0 0 1 2
696.362 15 0 0 0 0 0 0 0 0 0 0 0 3
696.362 15 0 0 0 0 0 0 0 0 0 0 0 3
