0 15 3 6 3 3 0 0 0 0 0 0 0 0
0.916501 14 3 5 3 3 0 1 0 0 0 0 0 0
1.76472 13 3 5 2 3 0 1 1 0 0 0 0 0
2.32721 12 3 4 2 3 0 2 1 0 0 0 0 0
2.81956 11 3 3 2 3 0 3 1 0 0 0 0 0
6.38336 10 3 2 2 3 0 4 1 0 0 0 0 0
7.18784 9 2 2 2 3 1 4 1 0 0 0 0 0
7.27302 8 1 2 2 3 2 4 1 0 0 0 0 0
8.19564 7 1 1 2 3 2 5 1 0 0 0 0 0
8.96432 6 0 1 2 3 3 5 1 0 0 0 0 0
9.95469 7 0 1 2 3 2 4 1 0 1 0 0 0
15.7033 8 0 1 2 3 1 3 1 0 2 0 0 0
24.3034 7 0 1 1 3 1 3 2 0 2 0 0 0
24.6457 6 0 1 1 2 1 3 2 1 2 0 0 0
31.8765 5 0 1 1 1 1 3 2 2 2 0 0 0
41.4293 6 0 1 1 1 1 3 1 1 2 1 0 0
81.8182 7 0 1 1 1 0 2 1 1 3 1 0 0
89.8636 6 0 1 0 1 0 2 2 1 3 1 0 0
101.844 5 0 0 0 1 0 3 2 1 3 1 0 0
104.835 4 0 0 0 0 0 3 2 2 3 1 0 0
115.93 5 0 0 0 0 0 3 1 1 3 2 0 0
137.283 6 0 0 0 0 0 3 1 1 2 1 1 0
177.649 7 0 0 0 0 0 3 1 1 1 0 2 0
194.315 9 0 0 0 0 0 2 1 1 1 0 1 1
219.795 10 0 0 0 0 0 2 0 0 1 1 1 1
429.157 12 0 0 0 0 0 1 0 0 1 1 0 2
641.652 13 0 0 0 0 0 1 0 0 0 0 1 2
814.516 15 0 0 0 0 0 0 0 0 0 0 0 3
814.516 15 0 0 0 0 0 0 0 0 0 0 0 3
