0 15 3 6 3 3 0 0 0 0 0 0 0 0
0.0655592 14 3 6 3 2 0 0 0 1 0 0 0 0
0.414679 13 3 5 3 2 0 1 0 1 0 0 0 0
1.8132 12 2 5 3 2 1 1 0 1 0 0 0 0
1.93767 11 1 5 3 2 2 1 0 1 0 0 0 0
2.94766 10 1 5 3 1 2 1 0 2 0 0 0 0
6.97705 9 0 5 3 1 3 1 0 2 0 0 0 0
12.5062 8 0 4 3 1 3 2 0 2 0 0 0 0
17.6839 7 0 3 3 1 3 3 0 2 0 0 0 0
18.5814 6 0 3 3 0 3 3 0 3 0 0 0 0
18.6727 5 0 2 3 0 3 4 0 3 0 0 0 0
19.7326 6 0 2 3 0 2 3 0 3 1 0 0 0
25.1568 5 0 2 2 0 2 3 1 3 1 0 0 0
32.758 6 0 2 2 0 2 3 0 2 1 1 0 0
37.5442 5 0 1 2 0 2 4 0 2 1 1 0 0
45.8121 4 0 1 1 0 2 4 1 2 1 1 0 0
53.3779 3 0 1 0 0 2 4 2 2 1 1 0 0
75.0401 4 0 1 0 0 1 3 2 2 2 1 0 0
79.7308 5 0 1 0 0 0 2 2 2 3 1 0 0
95.1786 6 0 1 0 0 0 2 1 1 3 2 0 0
102.537 7 0 1 0 0 0 2 1 1 2 1 1 0
114.52 8 0 1 0 0 0 2 1 1 1 0 2 0
115.078 9 0 1 0 0 0 2 0 0 1 1 2 0
118.977 8 0 0 0 0 0 3 0 0 1 1 2 0
120.976 10 0 0 0 0 0 2 0 0 1 1 1 1
124.337 12 0 0 0 0 0 1 0 0 1 1 0 2
159.485 13 0 0 0 0 0 1 0 0 0 0 1 2
217.258 15 0 0 0 0 0 0 0 0 0 0 0 3
217.258 15 0 0 0 0 0 0 0 0 0 0 0 3
