0 15 3 6 3 3 0 0 0 0 0 0 0 0
0.400861 14 3 6 3 2 0 0 0 1 0 0 0 0
1.20749 13 3 5 3 2 0 1 0 1 0 0 0 0
2.35558 12 3 4 3 2 0 2 0 1 0 0 0 0
7.11182 11 3 3 3 2 0 3 0 1 0 0 0 0
9.20818 10 3 3 2 2 0 3 1 1 0 0 0 0
9.60137 9 2 3 2 2 1 3 1 1 0 0 0 0
10.7083 8 2 3 1 2 1 3 2 1 0 0 0 0
11.5766 7 2 3 1 1 1 3 2 2 0 0 0 0
14.1221 6 1 3 1 1 2 3 2 2 0 0 0 0
16.0699 5 1 2 1 1 2 4 2 2 0 0 0 0
28.2854 6 1 2 1 1 1 3 2 2 1 0 0 0
28.322 5 1 1 1 1 1 4 2 2 1 0 0 0
34.7715 4 1 1 0 1 1 4 3 2 1 0 0 0
35.1755 3 1 0 0 1 1 5 3 2 1 0 0 0
59.5747 4 1 0 0 1 1 5 2 1 1 1 0 0
104.531 5 1 0 0 1 0 4 2 1 2 1 0 0
113.015 4 1 0 0 0 0 4 2 2 2 1 0 0
142.195 5 1 0 0 0 0 4 2 2 1 0 1 0
143.179 4 0 0 0 0 1 4 2 2 1 0 1 0
156.229 5 0 0 0 0 0 3 2 2 2 0 1 0
159.282 6 0 0 0 0 0 3 1 1 2 1 1 0
180.273 8 0 0 0 0 0 2 1 1 2 1 0 1
195.592 9 0 0 0 0 0 2 0 0 2 2 0 1
239.065 10 0 0 0 0 0 2 0 0 1 1 1 1
295.414 12 0 0 0 0 0 1 0 0 1 1 0 2
376.574 13 0 0 0 0 0 1 0 0 0 0 1 2
452.032 15 0 0 0 0 0 0 0 0 0 0 0 3
452.032 15 0 0 0 0 0 0 0 0 0 0 0 3
