0 15 3 6 3 3 0 0 0 0 0 0 0 0
3.37732 14 3 5 3 3 0 1 0 0 0 0 0 0
5.05648 13 2 5 3 3 1 1 0 0 0 0 0 0
6.48728 12 2 4 3 3 1 2 0 0 0 0 0 0
6.7358 11 1 4 3 3 2 2 0 0 0 0 0 0
7.76035 10 1 4 3 2 2 2 0 1 0 0 0 0
13.5792 9 1 3 3 2 2 3 0 1 0 0 0 0
16.8475 8 1 2 3 2 2 4 0 1 0 0 0 0
17.7459 7 0 2 3 2 3 4 0 1 0 0 0 0
21.2048 6 0 2 3 1 3 4 0 2 0 0 0 0
21.5145 7 0 2 3 1 2 3 0 2 1 0 0 0
33.1438 6 0 1 3 1 2 4 0 2 1 0 0 0
33.8396 5 0 1 3 0 2 4 0 3 1 0 0 0
36.1206 4 0 1 2 0 2 4 1 3 1 0 0 0
40.3968 3 0 1 1 0 2 4 2 3 1 0 0 0
40.4614 4 0 1 1 0 1 3 2 3 2 0 0 0
47.0567 3 0 0 1 0 1 4 2 3 2 0 0 0
50.5524 4 0 0 1 0 1 4 1 2 2 1 0 0
78.7628 3 0 0 0 0 1 4 2 2 2 1 0 0
103.757 4 0 0 0 0 1 4 2 2 1 0 1 0
121.397 6 0 0 0 0 1 3 2 2 1 0 0 1
125.661 7 0 0 0 0 0 2 2 2 2 0 0 1
129.385 8 0 0 0 0 0 2 1 1 2 1 0 1
154.81 9 0 0 0 0 0 2 1 1 1 0 1 1
239.296 11 0 0 0 0 0 1 1 1 1 0 0 2
432.195 12 0 0 0 0 0 1 0 0 1 1 0 2
437.605 13 0 0 0 0 0 1 0 0 0 0 1 2
609.048 15 0 0 0 0 0 0 0 0 0 0 0 3
609.048 15 0 0 0 0 0 0 0 0 0 0 0 3
