0 15 3 6 3 3 0 0 0 0 0 0 0 0
1.30114 14 3 6 3 2 0 0 0 1 0 0 0 0
1.74939 13 3 6 2 2 0 0 1 1 0 0 0 0
2.4224 12 3 5 2 2 0 1 1 1 0 0 0 0
2.49888 11 2 5 2 2 1 1 1 1 0 0 0 0
3.83371 12 2 5 2 2 0 0 1 1 1 0 0 0
3.85282 11 2 4 2 2 0 1 1 1 1 0 0 0
4.52346 10 2 4 1 2 0 1 2 1 1 0 0 0
5.91577 9 1 4 1 2 1 1 2 1 1 0 0 0
8.25275 10 1 4 1 2 1 1 1 0 1 1 0 0
8.93027 9 1 4 1 1 1 1 1 1 1 1 0 0
13.1872 8 1 3 1 1 1 2 1 1 1 1 0 0
14.7397 7 1 2 1 1 1 3 1 1 1 1 0 0
20.0803 6 1 1 1 1 1 4 1 1 1 1 0 0
22.1618 5 1 1 0 1 1 4 2 1 1 1 0 0
25.3828 6 1 1 0 1 0 3 2 1 2 1 0 0
46.0355 7 1 1 0 1 0 3 2 1 1 0 1 0
52.2121 8 1 1 0 1 0 3 1 0 1 1 1 0
53.7934 7 0 1 0 1 1 3 1 0 1 1 1 0
78.9003 8 0 1 0 1 1 3 1 0 0 0 2 0
89.62 7 0 1 0 0 1 3 1 1 0 0 2 0
92.7941 6 0 0 0 0 1 4 1 1 0 0 2 0
96.5274 8 0 0 0 0 1 3 1 1 0 0 1 1
97.5728 9 0 0 0 0 0 2 1 1 1 0 1 1
133.171 11 0 0 0 0 0 1 1 1 1 0 0 2
342.262 12 0 0 0 0 0 1 0 0 1 1 0 2
652.219 13 0 0 0 0 0 1 0 0 0 0 1 2
686.626 15 0 0 0 0 0 0 0 0 0 0 0 3
686.626 15 0 0 0 0 0 0 0 0 0 0 0 3
