0 15 3 6 3 3 0 0 0 0 0 0 0 0
0.911751 14 2 6 3 3 1 0 0 0 0 0 0 0
0.971933 13 2 5 3 3 1 1 0 0 0 0 0 0
1.72225 12 2 5 3 2 1 1 0 1 0 0 0 0
2.37784 11 2 5 2 2 1 1 1 1 0 0 0 0
3.53618 10 2 5 1 2 1 1 2 1 0 0 0 0
5.78829 9 1 5 1 2 2 1 2 1 0 0 0 0
8.78556 8 1 5 0 2 2 1 3 1 0 0 0 0
8.89708 7 1 5 0 1 2 1 3 2 0 0 0 0
9.37312 6 1 4 0 1 2 2 3 2 0 0 0 0
10.7749 5 1 3 0 1 2 3 3 2 0 0 0 0
11.6618 6 1 3 0 1 2 3 2 1 0 1 0 0
11.7353 5 0 3 0 1 3 3 2 1 0 1 0 0
18.3861 4 0 2 0 1 3 4 2 1 0 1 0 0
19.2968 5 0 2 0 1 2 3 2 1 1 1 0 0
22.1957 4 0 1 0 1 2 4 2 1 1 1 0 0
23.5448 3 0 0 0 1 2 5 2 1 1 1 0 0
35.1252 4 0 0 0 1 2 5 1 0 1 2 0 0
42.5351 5 0 0 0 1 2 5 1 0 0 1 1 0
47.0008 4 0 0 0 0 2 5 1 1 0 1 1 0
50.8789 5 0 0 0 0 1 4 1 1 1 1 1 0
52.1005 6 0 0 0 0 0 3 1 1 2 1 1 0
98.972 7 0 0 0 0 0 3 1 1 1 0 2 0
106.546 8 0 0 0 0 0 3 0 0 1 1 2 0
106.911 10 0 0 0 0 0 2 0 0 1 1 1 1
129.203 12 0 0 0 0 0 1 0 0 1 1 0 2
159.528 13 0 0 0 0 0 1 0 0 0 0 1 2
252.711 15 0 0 0 0 0 0 0 0 0 0 0 3
252.711 15 0 0 0 0 0 0 0 0 0 0 0 3
