0 15 3 6 3 3 0 0 0 0 0 0 0 0
1.09298 14 3 6 3 2 0 0 0 1 0 0 0 0
3.96911 13 3 5 3 2 0 1 0 1 0 0 0 0
4.12983 12 2 5 3 2 1 1 0 1 0 0 0 0
4.42052 11 2 4 3 2 1 2 0 1 0 0 0 0
5.11852 10 1 4 3 2 2 2 0 1 0 0 0 0
7.83821 9 1 3 3 2 2 3 0 1 0 0 0 0
10.0607 8 1 3 2 2 2 3 1 1 0 0 0 0
10.7929 7 1 3 2 1 2 3 1 2 0 0 0 0
14.0614 6 1 3 2 0 2 3 1 3 0 0 0 0
15.8852 5 1 2 2 0 2 4 1 3 0 0 0 0
20.8416 4 1 2 1 0 2 4 2 3 0 0 0 0
24.0165 5 1 2 1 0 1 3 2 3 1 0 0 0
28.2726 4 1 1 1 0 1 4 2 3 1 0 0 0
36.6831 3 0 1 1 0 2 4 2 3 1 0 0 0
39.0576 2 0 1 0 0 2 4 3 3 1 0 0 0
42.6269 3 0 1 0 0 1 3 3 3 2 0 0 0
68.5162 4 0 1 0 0 1 3 2 2 2 1 0 0
78.5675 5 0 1 0 0 1 3 2 2 1 0 1 0
79.2906 6 0 1 0 0 0 2 2 2 2 0 1 0
96.4268 7 0 1 0 0 0 2 1 1 2 1 1 0
109.71 8 0 1 0 0 0 2 1 1 1 0 2 0
176.577 10 0 1 0 0 0 1 1 1 1 0 1 1
227.227 11 0 1 0 0 0 1 0 0 1 1 1 1
232.962 10 0 0 0 0 0 2 0 0 1 1 1 1
261.129 12 0 0 0 0 0 1 0 0 1 1 0 2
327.551 13 0 0 0 0 0 1 0 0 0 0 1 2
331.23 15 0 0 0 0 0 0 0 0 0 0 0 3
331.23 15 0 0 0 0 0 0 0 0 0 0 0 3
