0 15 3 6 3 3 0 0 0 0 0 0 0 0
1.01873 14 3 5 3 3 0 1 0 0 0 0 0 0
1.13563 13 3 5 2 3 0 1 1 0 0 0 0 0
2.08156 12 3 5 1 3 0 1 2 0 0 0 0 0
2.99844 11 2 5 1 3 1 1 2 0 0 0 0 0
10.453 10 2 4 1 3 1 2 2 0 0 0 0 0
13.1347 9 2 4 1 2 1 2 2 1 0 0 0 0
17.8202 8 2 3 1 2 1 3 2 1 0 0 0 0
21.8363 7 1 3 1 2 2 3 2 1 0 0 0 0
29.7929 6 1 3 1 1 2 3 2 2 0 0 0 0
37.0613 5 1 3 0 1 2 3 3 2 0 0 0 0
39.0469 6 1 3 0 1 1 2 3 2 1 0 0 0
45.2955 5 0 3 0 1 2 2 3 2 1 0 0 0
46.9634 4 0 2 0 1 2 3 3 2 1 0 0 0
52.1696 5 0 2 0 1 1 2 3 2 2 0 0 0
60.1995 4 0 2 0 0 1 2 3 3 2 0 0 0
63.4756 5 0 2 0 0 1 2 2 2 2 1 0 0
65.8651 6 0 2 0 0 1 2 1 1 2 2 0 0
73.8158 5 0 1 0 0 1 3 1 1 2 2 0 0
87.3977 4 0 0 0 0 1 4 1 1 2 2 0 0
102.134 5 0 0 0 0 0 3 1 1 3 2 0 0
115.579 6 0 0 0 0 0 3 1 1 2 1 1 0
162.924 8 0 0 0 0 0 2 1 1 2 1 0 1
305.96 9 0 0 0 0 0 2 1 1 1 0 1 1
316.041 10 0 0 0 0 0 2 0 0 1 1 1 1
433.485 11 0 0 0 0 0 2 0 0 0 0 2 1
446.951 13 0 0 0 0 0 1 0 0 0 0 1 2
516.915 15 0 0 0 0 0 0 0 0 0 0 0 3
516.915 15 0 0 0 0 0 0 0 0 0 0 0 3
