0 15 3 6 3 3 0 0 0 0 0 0 0 0
0.494347 14 2 6 3 3 1 0 0 0 0 0 0 0
1.3573 13 2 6 3 2 1 0 0 1 0 0 0 0
1.81627 12 1 6 3 2 2 0 0 1 0 0 0 0
4.24291 11 1 6 2 2 2 0 1 1 0 0 0 0
9.46538 10 1 5 2 2 2 1 1 1 0 0 0 0
10.1574 9 1 5 1 2 2 1 2 1 0 0 0 0
12.5756 8 1 4 1 2 2 2 2 1 0 0 0 0
15.5104 9 1 4 1 2 1 1 2 1 1 0 0 0
17.198 8 1 3 1 2 1 2 2 1 1 0 0 0
19.8858 7 1 2 1 2 1 3 2 1 1 0 0 0
20.455 6 1 1 1 2 1 4 2 1 1 0 0 0
32.2692 5 1 0 1 2 1 5 2 1 1 0 0 0
94.0962 4 0 0 1 2 2 5 2 1 1 0 0 0
119.085 3 0 0 1 1 2 5 2 2 1 0 0 0
121.107 4 0 0 1 1 2 5 1 1 1 1 0 0
126.284 5 0 0 1 1 1 4 1 1 2 1 0 0
147.95 4 0 0 0 1 1 4 2 1 2 1 0 0
171.014 5 0 0 0 1 1 4 2 1 1 0 1 0
203.922 6 0 0 0 1 0 3 2 1 2 0 1 0
211.023 5 0 0 0 0 0 3 2 2 2 0 1 0
217.676 6 0 0 0 0 0 3 1 1 2 1 1 0
225.94 7 0 0 0 0 0 3 0 0 2 2 1 0
228.459 8 0 0 0 0 0 3 0 0 1 1 2 0
293.082 10 0 0 0 0 0 2 0 0 1 1 1 1
361.926 12 0 0 0 0 0 1 0 0 1 1 0 2
413.375 13 0 0 0 0 0 1 0 0 0 0 1 2
459.424 15 0 0 0 0 0 0 0 0 0 0 0 3
459.424 15 0 0 0 0 0 0 0 0 0 0 0 3
