0 15 3 6 3 3 0 0 0 0 0 0 0 0
0.0404949 14 3 5 3 3 0 1 0 0 0 0 0 0
0.44186 13 2 5 3 3 1 1 0 0 0 0 0 0
0.809666 12 1 5 3 3 2 1 0 0 0 0 0 0
3.24587 11 1 5 3 2 2 1 0 1 0 0 0 0
4.21608 10 1 5 2 2 2 1 1 1 0 0 0 0
9.64452 9 1 4 2 2 2 2 1 1 0 0 0 0
12.1893 8 1 4 2 1 2 2 1 2 0 0 0 0
18.281 7 1 4 1 1 2 2 2 2 0 0 0 0
18.4786 6 0 4 1 1 3 2 2 2 0 0 0 0
19.8394 5 0 3 1 1 3 3 2 2 0 0 0 0
31.0325 4 0 2 1 1 3 4 2 2 0 0 0 0
32.0813 3 0 2 1 0 3 4 2 3 0 0 0 0
63.0166 4 0 2 1 0 2 3 2 3 1 0 0 0
63.6136 5 0 2 1 0 2 3 1 2 1 1 0 0
68.2949 6 0 2 1 0 1 2 1 2 2 1 0 0
78.0502 5 0 2 0 0 1 2 2 2 2 1 0 0
114.583 4 0 1 0 0 1 3 2 2 2 1 0 0
119.263 5 0 1 0 0 1 3 1 1 2 2 0 0
147.337 6 0 1 0 0 1 3 1 1 1 1 1 0
151.401 7 0 1 0 0 1 3 1 1 0 0 2 0
155.363 9 0 1 0 0 1 2 1 1 0 0 1 1
176.01 8 0 0 0 0 1 3 1 1 0 0 1 1
188.7 9 0 0 0 0 0 2 1 1 1 0 1 1
199.898 11 0 0 0 0 0 1 1 1 1 0 0 2
355.567 12 0 0 0 0 0 1 0 0 1 1 0 2
397.27 13 0 0 0 0 0 1 0 0 0 0 1 2
451.049 15 0 0 0 0 0 0 0 0 0 0 0 3
451.049 15 0 0 0 0 0 0 0 0 0 0 0 3
