0 15 3 6 3 3 0 0 0 0 0 0 0 0
0.289757 14 2 6 3 3 1 0 0 0 0 0 0 0
2.91831 13 2 5 3 3 1 1 0 0 0 0 0 0
3.38628 12 2 5 3 2 1 1 0 1 0 0 0 0
6.63993 11 2 5 2 2 1 1 1 1 0 0 0 0
7.08886 10 2 4 2 2 1 2 1 1 0 0 0 0
8.14682 9 2 4 1 2 1 2 2 1 0 0 0 0
9.23802 8 2 4 0 2 1 2 3 1 0 0 0 0
12.4865 9 2 4 0 2 0 1 3 1 1 0 0 0
16.74 8 1 4 0 2 1 1 3 1 1 0 0 0
23.4604 9 1 4 0 2 1 1 2 0 1 1 0 0
25.4161 8 0 4 0 2 2 1 2 0 1 1 0 0
30.9435 7 0 3 0 2 2 2 2 0 1 1 0 0
34.3896 6 0 3 0 1 2 2 2 1 1 1 0 0
41.0206 5 0 3 0 0 2 2 2 2 1 1 0 0
59.6775 4 0 2 0 0 2 3 2 2 1 1 0 0
66.2078 5 0 2 0 0 2 3 1 1 1 2 0 0
76.5471 6 0 2 0 0 1 2 1 1 2 2 0 0
87.54 5 0 1 0 0 1 3 1 1 2 2 0 0
99.7057 6 0 1 0 0 0 2 1 1 3 2 0 0
101.558 5 0 0 0 0 0 3 1 1 3 2 0 0
165.465 6 0 0 0 0 0 3 1 1 2 1 1 0
171.568 8 0 0 0 0 0 2 1 1 2 1 0 1
262.713 9 0 0 0 0 0 2 0 0 2 2 0 1
280.738 10 0 0 0 0 0 2 0 0 1 1 1 1
351.991 12 0 0 0 0 0 1 0 0 1 1 0 2
499.24 13 0 0 0 0 0 1 0 0 0 0 1 2
513.665 15 0 0 0 0 0 0 0 0 0 0 0 3
513.665 15 0 0 0 0 0 0 0 0 0 0 0 3
