0.09600 3.39200 1 -1 0 0 0 0 0 0 0 1 0 0 0 0 0 0 0 0 0 
11.74396 5.53593 4 0 0 0 -1 0 0 0 0 0 0 0 1 0 0 0 0 0 0 
15.74391 4.70394 3 0 0 -1 0 0 0 0 0 0 0 1 0 0 0 0 0 0 0 
23.19982 5.05593 2 0 -1 0 0 0 0 0 0 0 1 0 0 0 0 0 0 0 0 
28.83174 9.15224 10 0 0 0 0 0 0 0 0 0 0 -1 -1 0 1 0 0 0 0 
53.98473 4.00019 2 0 -1 0 0 0 0 0 0 0 1 0 0 0 0 0 0 0 0 
55.04078 8.38439 9 0 0 0 0 0 0 0 0 -1 -1 0 0 1 0 0 0 0 0 
73.63250 0.00000 15 0 1 0 0 0 0 0 0 1 0 0 0 -1 0 0 0 0 0 
85.37565 6.36754 2 0 -1 0 0 0 0 0 0 0 1 0 0 0 0 0 0 0 0 
97.11880 10.49524 9 0 0 0 0 0 0 0 0 -1 -1 0 0 1 0 0 0 0 0 
111.06979 0.00000 16 0 0 0 1 0 0 0 0 0 0 1 0 0 1 0 0 0 0 
150.29895 0.00000 15 0 1 0 0 0 0 0 0 1 0 0 0 -1 0 0 0 0 0 
149.46701 4.38368 4 0 0 0 -1 0 0 0 0 0 0 0 1 0 0 0 0 0 0 
159.67427 3.77573 2 0 -1 0 0 0 0 0 0 0 1 0 0 0 0 0 0 0 0 
169.84953 7.42346 10 0 0 0 0 0 0 0 0 0 0 -1 -1 0 1 0 0 0 0 
188.21620 11.26318 9 0 0 0 0 0 0 0 0 -1 -1 0 0 1 0 0 0 0 0 
227.22137 0.00000 15 0 1 0 0 0 0 0 0 1 0 0 0 -1 0 0 0 0 0 
235.47678 3.90372 2 0 -1 0 0 0 0 0 0 0 1 0 0 0 0 0 0 0 0 
247.41191 8.44739 9 0 0 0 0 0 0 0 0 -1 -1 0 0 1 0 0 0 0 0 
268.50433 6.75473 11 0 0 0 0 0 0 0 0 0 0 0 0 -1 -1 1 0 0 0 
299.07669 8.13129 12 0 0 0 0 0 0 0 0 0 -1 0 0 0 0 -1 1 0 0 
716.61829 0.00000 18 0 1 0 0 0 0 0 0 0 0 0 0 0 0 1 -1 0 0 
878.64124 2.87842 2 0 -1 0 0 0 0 0 0 0 1 0 0 0 0 0 0 0 0 
