4.38400 2.56001 1 -1 0 0 0 0 0 0 0 1 0 0 0 0 0 0 0 0 0 
4.67201 4.31999 3 0 0 -1 0 0 0 0 0 0 0 1 0 0 0 0 0 0 0 
7.68001 4.03195 4 0 0 0 -1 0 0 0 0 0 0 0 1 0 0 0 0 0 0 
7.13601 4.86395 2 0 -1 0 0 0 0 0 0 0 1 0 0 0 0 0 0 0 0 
18.23988 6.68791 9 0 0 0 0 0 0 0 0 -1 -1 0 0 1 0 0 0 0 0 
34.55983 7.96837 10 0 0 0 0 0 0 0 0 0 0 -1 -1 0 1 0 0 0 0 
42.88021 4.76822 2 0 -1 0 0 0 0 0 0 0 1 0 0 0 0 0 0 0 0 
51.71262 0.00000 15 0 1 0 0 0 0 0 0 1 0 0 0 -1 0 0 0 0 0 
101.08651 8.83136 9 0 0 0 0 0 0 0 0 -1 -1 0 0 1 0 0 0 0 0 
138.77979 7.77544 11 0 0 0 0 0 0 0 0 0 0 0 0 -1 -1 1 0 0 0 
178.71289 0.00000 17 0 0 0 0 1 0 0 0 0 0 0 0 0 1 -1 0 0 0 
190.20006 0.00000 16 0 0 0 1 0 0 0 0 0 0 1 0 0 1 0 0 0 0 
186.39233 4.92764 5 0 0 0 0 -1 0 0 0 0 0 0 0 1 0 0 0 0 0 
190.77602 4.76765 2 0 -1 0 0 0 0 0 0 0 1 0 0 0 0 0 0 0 0 
201.27126 0.00000 15 0 1 0 0 0 0 0 0 1 0 0 0 -1 0 0 0 0 0 
225.10953 4.38368 2 0 -1 0 0 0 0 0 0 0 1 0 0 0 0 0 0 0 0 
234.93282 9.56731 9 0 0 0 0 0 0 0 0 -1 -1 0 0 1 0 0 0 0 0 
285.15106 0.00000 15 0 1 0 0 0 0 0 0 1 0 0 0 -1 0 0 0 0 0 
290.27313 8.38739 9 0 0 0 0 0 0 0 0 -1 -1 0 0 1 0 0 0 0 0 
310.31323 4.89798 2 0 -1 0 0 0 0 0 0 0 1 0 0 0 0 0 0 0 0 
324.59100 8.41940 13 0 0 0 0 0 0 0 0 0 -1 0 0 -1 0 0 0 1 0 
403.31082 5.05804 4 0 0 0 -1 0 0 0 0 0 0 0 1 0 0 0 0 0 0 
438.84518 0.00000 19 0 1 0 0 0 0 0 0 0 0 0 0 1 0 0 0 -1 0 
458.02094 0.00000 15 0 1 0 0 0 0 0 0 1 0 0 0 -1 0 0 0 0 0 
454.40347 6.59467 2 0 -1 0 0 0 0 0 0 0 1 0 0 0 0 0 0 0 0 
462.63080 11.62070 9 0 0 0 0 0 0 0 0 -1 -1 0 0 1 0 0 0 0 0 
518.55115 0.00000 15 0 1 0 0 0 0 0 0 1 0 0 0 -1 0 0 0 0 0 
531.75989 4.15771 2 0 -1 0 0 0 0 0 0 0 1 0 0 0 0 0 0 0 0 
541.25867 9.01904 9 0 0 0 0 0 0 0 0 -1 -1 0 0 1 0 0 0 0 0 
551.39709 6.20459 2 0 -1 0 0 0 0 0 0 0 1 0 0 0 0 0 0 0 0 
557.66565 12.98486 13 0 0 0 0 0 0 0 0 0 -1 0 0 -1 0 0 0 1 0 
710.86145 0.00000 19 0 1 0 0 0 0 0 0 0 0 0 0 1 0 0 0 -1 0 
738.91003 16.43896 10 0 0 0 0 0 0 0 0 0 0 -1 -1 0 1 0 0 0 0 
844.22815 4.63745 2 0 -1 0 0 0 0 0 0 0 1 0 0 0 0 0 0 0 0 
840.16638 8.95508 11 0 0 0 0 0 0 0 0 0 0 0 0 -1 -1 1 0 0 0 
849.18542 9.65869 12 0 0 0 0 0 0 0 0 0 -1 0 0 0 0 -1 1 0 0 
1158.26355 0.00000 18 0 1 0 0 0 0 0 0 0 0 0 0 0 0 1 -1 0 0 
1158.26355 10.17041 2 0 -1 0 0 0 0 0 0 0 1 0 0 0 0 0 0 0 0 
1169.16956 11.19385 12 0 0 0 0 0 0 0 0 0 -1 0 0 0 0 -1 1 0 0 
