0.09600 3.26400 2 0 -1 0 0 0 0 0 0 0 1 0 0 0 0 0 0 0 0 
6.65601 6.33594 2 0 -1 0 0 0 0 0 0 0 1 0 0 0 0 0 0 0 0 
9.91999 5.43993 4 0 0 0 -1 0 0 0 0 0 0 0 1 0 0 0 0 0 0 
19.07187 5.18393 1 -1 0 0 0 0 0 0 0 1 0 0 0 0 0 0 0 0 0 
24.06380 4.57594 3 0 0 -1 0 0 0 0 0 0 0 1 0 0 0 0 0 0 0 
36.28790 6.88032 9 0 0 0 0 0 0 0 0 -1 -1 0 0 1 0 0 0 0 0 
47.93644 9.12043 10 0 0 0 0 0 0 0 0 0 0 -1 -1 0 1 0 0 0 0 
73.63250 8.95935 13 0 0 0 0 0 0 0 0 0 -1 0 0 -1 0 0 0 1 0 
155.64256 8.57538 14 0 0 0 0 0 0 0 0 0 0 0 0 0 -1 0 0 -1 1 
202.64716 0.00000 20 0 0 0 0 0 0 0 1 0 0 0 0 0 1 0 0 0 -1 
