0.09600 3.32800 2 0 -1 0 0 0 0 0 0 0 1 0 0 0 0 0 0 0 0 
8.60800 3.96795 4 0 0 0 -1 0 0 0 0 0 0 0 1 0 0 0 0 0 0 
21.08784 4.57594 1 -1 0 0 0 0 0 0 0 1 0 0 0 0 0 0 0 0 0 
24.92779 4.86394 3 0 0 -1 0 0 0 0 0 0 0 1 0 0 0 0 0 0 0 
38.46400 5.28025 2 0 -1 0 0 0 0 0 0 0 1 0 0 0 0 0 0 0 0 
48.57647 11.71255 9 0 0 0 0 0 0 0 0 -1 -1 0 0 1 0 0 0 0 0 
63.32917 8.22348 10 0 0 0 0 0 0 0 0 0 0 -1 -1 0 1 0 0 0 0 
73.82449 9.47131 11 0 0 0 0 0 0 0 0 0 0 0 0 -1 -1 1 0 0 0 
99.03866 0.00000 17 0 0 0 0 1 0 0 0 0 0 0 0 0 1 -1 0 0 0 
135.19604 0.00000 16 0 0 0 1 0 0 0 0 0 0 1 0 0 1 0 0 0 0 
152.50679 6.59152 5 0 0 0 0 -1 0 0 0 0 0 0 0 1 0 0 0 0 0 
190.52003 0.00000 15 0 1 0 0 0 0 0 0 1 0 0 0 -1 0 0 0 0 0 
244.11615 4.35168 4 0 0 0 -1 0 0 0 0 0 0 0 1 0 0 0 0 0 0 
335.95560 7.61908 10 0 0 0 0 0 0 0 0 0 0 -1 -1 0 1 0 0 0 0 
447.90485 0.00000 16 0 0 0 1 0 0 0 0 0 0 1 0 0 1 0 0 0 0 
493.58731 5.41019 4 0 0 0 -1 0 0 0 0 0 0 0 1 0 0 0 0 0 0 
499.06152 9.41180 10 0 0 0 0 0 0 0 0 0 0 -1 -1 0 1 0 0 0 0 
757.14001 0.00000 16 0 0 0 1 0 0 0 0 0 0 1 0 0 1 0 0 0 0 
757.14001 4.73340 4 0 0 0 -1 0 0 0 0 0 0 0 1 0 0 0 0 0 0 
761.93738 10.58618 10 0 0 0 0 0 0 0 0 0 0 -1 -1 0 1 0 0 0 0 
912.99036 0.00000 16 0 0 0 1 0 0 0 0 0 0 1 0 0 1 0 0 0 0 
969.18347 4.15771 4 0 0 0 -1 0 0 0 0 0 0 0 1 0 0 0 0 0 0 
1042.03943 8.37939 10 0 0 0 0 0 0 0 0 0 0 -1 -1 0 1 0 0 0 0 
1147.77332 0.00000 16 0 0 0 1 0 0 0 0 0 0 1 0 0 1 0 0 0 0 
