6.62401 4.79996 2 0 -1 0 0 0 0 0 0 0 1 0 0 0 0 0 0 0 0 
12.31996 5.47193 4 0 0 0 -1 0 0 0 0 0 0 0 1 0 0 0 0 0 0 
14.30392 5.11994 2 0 -1 0 0 0 0 0 0 0 1 0 0 0 0 0 0 0 0 
28.95974 3.87200 3 0 0 -1 0 0 0 0 0 0 0 1 0 0 0 0 0 0 0 
38.17599 4.48021 1 -1 0 0 0 0 0 0 0 1 0 0 0 0 0 0 0 0 0 
32.86374 11.93656 10 0 0 0 0 0 0 0 0 0 0 -1 -1 0 1 0 0 0 0 
48.57648 0.00000 16 0 0 0 1 0 0 0 0 0 0 1 0 0 1 0 0 0 0 
42.75220 8.16038 9 0 0 0 0 0 0 0 0 -1 -1 0 0 1 0 0 0 0 0 
62.01710 5.50384 4 0 0 0 -1 0 0 0 0 0 0 0 1 0 0 0 0 0 0 
72.67257 0.00000 15 0 1 0 0 0 0 0 0 1 0 0 0 -1 0 0 0 0 0 
75.00840 7.35947 9 0 0 0 0 0 0 0 0 -1 -1 0 0 1 0 0 0 0 0 
85.95160 3.10378 2 0 -1 0 0 0 0 0 0 0 1 0 0 0 0 0 0 0 0 
89.50335 11.58316 13 0 0 0 0 0 0 0 0 0 -1 0 0 -1 0 0 0 1 0 
130.78036 9.11934 10 0 0 0 0 0 0 0 0 0 0 -1 -1 0 1 0 0 0 0 
146.42723 10.43124 14 0 0 0 0 0 0 0 0 0 0 0 0 0 -1 0 0 -1 1 
277.08380 0.00000 20 0 0 0 0 0 0 0 1 0 0 0 0 0 1 0 0 0 -1 
