0.64000 3.84000 4 0 0 0 -1 0 0 0 0 0 0 0 1 0 0 0 0 0 0 
0.09600 6.72001 3 0 0 -1 0 0 0 0 0 0 0 1 0 0 0 0 0 0 0 
33.79178 4.86423 1 -1 0 0 0 0 0 0 0 1 0 0 0 0 0 0 0 0 0 
75.68035 5.21562 2 0 -1 0 0 0 0 0 0 0 1 0 0 0 0 0 0 0 0 
166.20180 7.71144 9 0 0 0 0 0 0 0 0 -1 -1 0 0 1 0 0 0 0 0 
184.08850 0.00000 15 0 1 0 0 0 0 0 0 1 0 0 0 -1 0 0 0 0 0 
242.54826 4.41568 2 0 -1 0 0 0 0 0 0 0 1 0 0 0 0 0 0 0 0 
294.85098 11.62070 9 0 0 0 0 0 0 0 0 -1 -1 0 0 1 0 0 0 0 0 
332.24210 0.00000 15 0 1 0 0 0 0 0 0 1 0 0 0 -1 0 0 0 0 0 
345.14331 4.89798 2 0 -1 0 0 0 0 0 0 0 1 0 0 0 0 0 0 0 0 
358.36465 8.73953 9 0 0 0 0 0 0 0 0 -1 -1 0 0 1 0 0 0 0 0 
375.97177 0.00000 15 0 1 0 0 0 0 0 0 1 0 0 0 -1 0 0 0 0 0 
384.74332 5.95441 2 0 -1 0 0 0 0 0 0 0 1 0 0 0 0 0 0 0 0 
390.72974 12.10089 9 0 0 0 0 0 0 0 0 -1 -1 0 0 1 0 0 0 0 0 
493.13913 0.00000 15 0 1 0 0 0 0 0 0 1 0 0 0 -1 0 0 0 0 0 
538.12439 4.25366 2 0 -1 0 0 0 0 0 0 0 1 0 0 0 0 0 0 0 0 
544.90466 8.73120 9 0 0 0 0 0 0 0 0 -1 -1 0 0 1 0 0 0 0 0 
585.52234 0.00000 15 0 1 0 0 0 0 0 0 1 0 0 0 -1 0 0 0 0 0 
601.22571 4.12573 2 0 -1 0 0 0 0 0 0 0 1 0 0 0 0 0 0 0 0 
680.28625 8.25146 9 0 0 0 0 0 0 0 0 -1 -1 0 0 1 0 0 0 0 0 
829.74011 0.00000 15 0 1 0 0 0 0 0 0 1 0 0 0 -1 0 0 0 0 0 
