0.09600 5.92001 3 0 0 -1 0 0 0 0 0 0 0 1 0 0 0 0 0 0 0 
0.09600 6.24001 2 0 -1 0 0 0 0 0 0 0 1 0 0 0 0 0 0 0 0 
2.59200 4.28801 1 -1 0 0 0 0 0 0 0 1 0 0 0 0 0 0 0 0 0 
8.09601 5.27993 2 0 -1 0 0 0 0 0 0 0 1 0 0 0 0 0 0 0 0 
12.54395 7.67990 9 0 0 0 0 0 0 0 0 -1 -1 0 0 1 0 0 0 0 0 
20.25586 13.75994 13 0 0 0 0 0 0 0 0 0 -1 0 0 -1 0 0 0 1 0 
56.60886 5.66426 4 0 0 0 -1 0 0 0 0 0 0 0 1 0 0 0 0 0 0 
116.70139 7.51945 10 0 0 0 0 0 0 0 0 0 0 -1 -1 0 1 0 0 0 0 
211.28653 0.00000 16 0 0 0 1 0 0 0 0 0 0 1 0 0 1 0 0 0 0 
228.34129 4.28769 4 0 0 0 -1 0 0 0 0 0 0 0 1 0 0 0 0 0 0 
317.16400 0.00000 19 0 1 0 0 0 0 0 0 0 0 0 0 1 0 0 0 -1 0 
320.55737 9.18771 10 0 0 0 0 0 0 0 0 0 0 -1 -1 0 1 0 0 0 0 
329.84113 4.64188 2 0 -1 0 0 0 0 0 0 0 1 0 0 0 0 0 0 0 0 
377.50839 0.00000 16 0 0 0 1 0 0 0 0 0 0 1 0 0 1 0 0 0 0 
397.67654 0.00000 15 0 1 0 0 0 0 0 0 1 0 0 0 -1 0 0 0 0 0 
403.50290 4.22571 4 0 0 0 -1 0 0 0 0 0 0 0 1 0 0 0 0 0 0 
402.54251 5.79434 2 0 -1 0 0 0 0 0 0 0 1 0 0 0 0 0 0 0 0 
407.76062 13.06128 10 0 0 0 0 0 0 0 0 0 0 -1 -1 0 1 0 0 0 0 
411.47412 9.37979 9 0 0 0 0 0 0 0 0 -1 -1 0 0 1 0 0 0 0 0 
789.82605 8.18750 9 0 0 0 0 0 0 0 0 -1 -1 0 0 1 0 0 0 0 0 
847.20251 0.00000 15 0 1 0 0 0 0 0 0 1 0 0 0 -1 0 0 0 0 0 
884.90979 4.25366 2 0 -1 0 0 0 0 0 0 0 1 0 0 0 0 0 0 0 0 
896.35950 7.16406 9 0 0 0 0 0 0 0 0 -1 -1 0 0 1 0 0 0 0 0 
914.55750 0.00000 15 0 1 0 0 0 0 0 0 1 0 0 0 -1 0 0 0 0 0 
916.22058 5.21313 2 0 -1 0 0 0 0 0 0 0 1 0 0 0 0 0 0 0 0 
928.15002 4.22168 2 0 -1 0 0 0 0 0 0 0 1 0 0 0 0 0 0 0 0 
921.49768 11.64160 9 0 0 0 0 0 0 0 0 -1 -1 0 0 1 0 0 0 0 0 
963.10681 7.93164 13 0 0 0 0 0 0 0 0 0 -1 0 0 -1 0 0 0 1 0 
985.17468 0.00000 19 0 1 0 0 0 0 0 0 0 0 0 0 1 0 0 0 -1 0 
985.17468 6.81226 2 0 -1 0 0 0 0 0 0 0 1 0 0 0 0 0 0 0 0 
1015.71790 10.10645 13 0 0 0 0 0 0 0 0 0 -1 0 0 -1 0 0 0 1 0 
1149.24451 0.00000 19 0 1 0 0 0 0 0 0 0 0 0 0 1 0 0 0 -1 0 
1175.08630 0.00000 15 0 1 0 0 0 0 0 0 1 0 0 0 -1 0 0 0 0 0 
1178.54041 3.03833 2 0 -1 0 0 0 0 0 0 0 1 0 0 0 0 0 0 0 0 
1177.80481 4.54150 2 0 -1 0 0 0 0 0 0 0 1 0 0 0 0 0 0 0 0 
1181.61072 9.81860 9 0 0 0 0 0 0 0 0 -1 -1 0 0 1 0 0 0 0 0 
