0.09600 3.23200 4 0 0 0 -1 0 0 0 0 0 0 0 1 0 0 0 0 0 0 
0.03200 3.55200 1 -1 0 0 0 0 0 0 0 1 0 0 0 0 0 0 0 0 0 
20.03186 3.55195 3 0 0 -1 0 0 0 0 0 0 0 1 0 0 0 0 0 0 0 
28.86375 4.09600 2 0 -1 0 0 0 0 0 0 0 1 0 0 0 0 0 0 0 0 
45.95235 4.83223 2 0 -1 0 0 0 0 0 0 0 1 0 0 0 0 0 0 0 0 
74.04847 8.41539 10 0 0 0 0 0 0 0 0 0 0 -1 -1 0 1 0 0 0 0 
84.63970 9.69530 9 0 0 0 0 0 0 0 0 -1 -1 0 0 1 0 0 0 0 0 
105.27821 10.62323 13 0 0 0 0 0 0 0 0 0 -1 0 0 -1 0 0 0 1 0 
125.40475 0.00000 16 0 0 0 1 0 0 0 0 0 0 1 0 0 1 0 0 0 0 
144.41138 5.63159 4 0 0 0 -1 0 0 0 0 0 0 0 1 0 0 0 0 0 0 
168.15366 0.00000 19 0 1 0 0 0 0 0 0 0 0 0 0 1 0 0 0 -1 0 
175.35313 0.00000 15 0 1 0 0 0 0 0 0 1 0 0 0 -1 0 0 0 0 0 
173.33728 4.54367 2 0 -1 0 0 0 0 0 0 0 1 0 0 0 0 0 0 0 0 
175.89709 3.58374 2 0 -1 0 0 0 0 0 0 0 1 0 0 0 0 0 0 0 0 
179.54483 9.66330 9 0 0 0 0 0 0 0 0 -1 -1 0 0 1 0 0 0 0 0 
192.43990 10.17526 13 0 0 0 0 0 0 0 0 0 -1 0 0 -1 0 0 0 1 0 
202.29518 7.67944 10 0 0 0 0 0 0 0 0 0 0 -1 -1 0 1 0 0 0 0 
254.86737 0.00000 16 0 0 0 1 0 0 0 0 0 0 1 0 0 1 0 0 0 0 
626.17200 0.00000 19 0 1 0 0 0 0 0 0 0 0 0 0 1 0 0 0 -1 0 
642.19519 0.00000 15 0 1 0 0 0 0 0 0 1 0 0 0 -1 0 0 0 0 0 
645.55334 5.46899 2 0 -1 0 0 0 0 0 0 0 1 0 0 0 0 0 0 0 0 
655.37195 9.21094 9 0 0 0 0 0 0 0 0 -1 -1 0 0 1 0 0 0 0 0 
704.81677 4.34961 2 0 -1 0 0 0 0 0 0 0 1 0 0 0 0 0 0 0 0 
719.72058 0.00000 15 0 1 0 0 0 0 0 0 1 0 0 0 -1 0 0 0 0 0 
767.53430 5.53296 2 0 -1 0 0 0 0 0 0 0 1 0 0 0 0 0 0 0 0 
775.01819 7.83569 9 0 0 0 0 0 0 0 0 -1 -1 0 0 1 0 0 0 0 0 
791.20129 10.33032 13 0 0 0 0 0 0 0 0 0 -1 0 0 -1 0 0 0 1 0 
805.17761 0.00000 19 0 1 0 0 0 0 0 0 0 0 0 0 1 0 0 0 -1 0 
813.78088 4.86133 2 0 -1 0 0 0 0 0 0 0 1 0 0 0 0 0 0 0 0 
835.33704 0.00000 15 0 1 0 0 0 0 0 0 1 0 0 0 -1 0 0 0 0 0 
838.21545 4.34961 2 0 -1 0 0 0 0 0 0 0 1 0 0 0 0 0 0 0 0 
846.05115 10.77808 9 0 0 0 0 0 0 0 0 -1 -1 0 0 1 0 0 0 0 0 
920.89001 0.00000 15 0 1 0 0 0 0 0 0 1 0 0 0 -1 0 0 0 0 0 
923.70447 7.00415 9 0 0 0 0 0 0 0 0 -1 -1 0 0 1 0 0 0 0 0 
943.62952 6.65234 2 0 -1 0 0 0 0 0 0 0 1 0 0 0 0 0 0 0 0 
1016.22961 0.00000 15 0 1 0 0 0 0 0 0 1 0 0 0 -1 0 0 0 0 0 
1095.86584 3.99780 2 0 -1 0 0 0 0 0 0 0 1 0 0 0 0 0 0 0 0 
1128.20007 8.85913 9 0 0 0 0 0 0 0 0 -1 -1 0 0 1 0 0 0 0 0 
1164.08435 9.53076 13 0 0 0 0 0 0 0 0 0 -1 0 0 -1 0 0 0 1 0 
