0.09600 1.95200 2 0 -1 0 0 0 0 0 0 0 1 0 0 0 0 0 0 0 0 
0.80000 3.93600 3 0 0 -1 0 0 0 0 0 0 0 1 0 0 0 0 0 0 0 
9.82399 5.59993 4 0 0 0 -1 0 0 0 0 0 0 0 1 0 0 0 0 0 0 
36.47991 11.04052 10 0 0 0 0 0 0 0 0 0 0 -1 -1 0 1 0 0 0 0 
45.02431 3.96819 2 0 -1 0 0 0 0 0 0 0 1 0 0 0 0 0 0 0 0 
59.55299 0.00000 16 0 0 0 1 0 0 0 0 0 0 1 0 0 1 0 0 0 0 
60.92905 4.70403 1 -1 0 0 0 0 0 0 0 1 0 0 0 0 0 0 0 0 0 
78.01619 5.72758 4 0 0 0 -1 0 0 0 0 0 0 0 1 0 0 0 0 0 0 
94.75098 8.63937 9 0 0 0 0 0 0 0 0 -1 -1 0 0 1 0 0 0 0 0 
147.29117 8.54338 10 0 0 0 0 0 0 0 0 0 0 -1 -1 0 1 0 0 0 0 
144.92334 11.39117 13 0 0 0 0 0 0 0 0 0 -1 0 0 -1 0 0 0 1 0 
195.44768 8.70337 14 0 0 0 0 0 0 0 0 0 0 0 0 0 -1 0 0 -1 1 
217.46208 0.00000 20 0 0 0 0 0 0 0 1 0 0 0 0 0 1 0 0 0 -1 
