3.04000 4.16001 2 0 -1 0 0 0 0 0 0 0 1 0 0 0 0 0 0 0 0 
13.72794 5.56793 2 0 -1 0 0 0 0 0 0 0 1 0 0 0 0 0 0 0 0 
15.55191 3.93595 4 0 0 0 -1 0 0 0 0 0 0 0 1 0 0 0 0 0 0 
31.29571 3.58413 1 -1 0 0 0 0 0 0 0 1 0 0 0 0 0 0 0 0 0 
34.94384 12.96061 9 0 0 0 0 0 0 0 0 -1 -1 0 0 1 0 0 0 0 0 
73.24854 4.22369 3 0 0 -1 0 0 0 0 0 0 0 1 0 0 0 0 0 0 0 
81.05596 0.00000 15 0 1 0 0 0 0 0 0 1 0 0 0 -1 0 0 0 0 0 
91.42321 4.79965 2 0 -1 0 0 0 0 0 0 0 1 0 0 0 0 0 0 0 0 
89.08738 9.34332 10 0 0 0 0 0 0 0 0 0 0 -1 -1 0 1 0 0 0 0 
90.33529 9.50331 9 0 0 0 0 0 0 0 0 -1 -1 0 0 1 0 0 0 0 0 
99.87059 15.10291 13 0 0 0 0 0 0 0 0 0 -1 0 0 -1 0 0 0 1 0 
201.78322 9.40732 14 0 0 0 0 0 0 0 0 0 0 0 0 0 -1 0 0 -1 1 
325.29529 0.00000 20 0 0 0 0 0 0 0 1 0 0 0 0 0 1 0 0 0 -1 
