0.09600 3.74400 2 0 -1 0 0 0 0 0 0 0 1 0 0 0 0 0 0 0 0 
0.09600 5.08800 3 0 0 -1 0 0 0 0 0 0 0 1 0 0 0 0 0 0 0 
4.99200 5.27998 4 0 0 0 -1 0 0 0 0 0 0 0 1 0 0 0 0 0 0 
9.88799 5.50393 2 0 -1 0 0 0 0 0 0 0 1 0 0 0 0 0 0 0 0 
11.67996 4.83194 1 -1 0 0 0 0 0 0 0 1 0 0 0 0 0 0 0 0 0 
10.78398 10.71986 10 0 0 0 0 0 0 0 0 0 0 -1 -1 0 1 0 0 0 0 
83.90376 0.00000 16 0 0 0 1 0 0 0 0 0 0 1 0 0 1 0 0 0 0 
100.19057 5.43961 4 0 0 0 -1 0 0 0 0 0 0 0 1 0 0 0 0 0 0 
106.43012 10.94321 9 0 0 0 0 0 0 0 0 -1 -1 0 0 1 0 0 0 0 0 
151.96283 7.96742 13 0 0 0 0 0 0 0 0 0 -1 0 0 -1 0 0 0 1 0 
154.13867 8.51138 10 0 0 0 0 0 0 0 0 0 0 -1 -1 0 1 0 0 0 0 
164.37793 0.00000 19 0 1 0 0 0 0 0 0 0 0 0 0 1 0 0 0 -1 0 
167.41771 5.11963 2 0 -1 0 0 0 0 0 0 0 1 0 0 0 0 0 0 0 0 
187.64024 8.44739 13 0 0 0 0 0 0 0 0 0 -1 0 0 -1 0 0 0 1 0 
259.47668 0.00000 16 0 0 0 1 0 0 0 0 0 0 1 0 0 1 0 0 0 0 
298.78857 3.93759 4 0 0 0 -1 0 0 0 0 0 0 0 1 0 0 0 0 0 0 
333.61865 7.23492 10 0 0 0 0 0 0 0 0 0 0 -1 -1 0 1 0 0 0 0 
342.83838 8.67551 14 0 0 0 0 0 0 0 0 0 0 0 0 0 -1 0 0 -1 1 
386.85617 0.00000 20 0 0 0 0 0 0 0 1 0 0 0 0 0 1 0 0 0 -1 
