3.13601 5.24800 3 0 0 -1 0 0 0 0 0 0 0 1 0 0 0 0 0 0 0 
13.11994 3.93595 1 -1 0 0 0 0 0 0 0 1 0 0 0 0 0 0 0 0 0 
16.47990 4.19195 4 0 0 0 -1 0 0 0 0 0 0 0 1 0 0 0 0 0 0 
25.95178 7.48799 10 0 0 0 0 0 0 0 0 0 0 -1 -1 0 1 0 0 0 0 
61.63309 2.36811 2 0 -1 0 0 0 0 0 0 0 1 0 0 0 0 0 0 0 0 
112.12571 8.41539 9 0 0 0 0 0 0 0 0 -1 -1 0 0 1 0 0 0 0 0 
139.25975 0.00000 16 0 0 0 1 0 0 0 0 0 0 1 0 0 1 0 0 0 0 
137.43588 5.05563 2 0 -1 0 0 0 0 0 0 0 1 0 0 0 0 0 0 0 0 
151.29088 8.57538 13 0 0 0 0 0 0 0 0 0 -1 0 0 -1 0 0 0 1 0 
156.37851 6.11156 4 0 0 0 -1 0 0 0 0 0 0 0 1 0 0 0 0 0 0 
165.81783 0.00000 19 0 1 0 0 0 0 0 0 0 0 0 0 1 0 0 0 -1 0 
184.98444 0.00000 15 0 1 0 0 0 0 0 0 1 0 0 0 -1 0 0 0 0 0 
276.12341 3.04123 2 0 -1 0 0 0 0 0 0 0 1 0 0 0 0 0 0 0 0 
295.45923 9.98804 10 0 0 0 0 0 0 0 0 0 0 -1 -1 0 1 0 0 0 0 
331.18567 4.32175 2 0 -1 0 0 0 0 0 0 0 1 0 0 0 0 0 0 0 0 
336.98001 8.57947 9 0 0 0 0 0 0 0 0 -1 -1 0 0 1 0 0 0 0 0 
348.76077 8.38739 11 0 0 0 0 0 0 0 0 0 0 0 0 -1 -1 1 0 0 0 
390.34558 0.00000 17 0 0 0 0 1 0 0 0 0 0 0 0 0 1 -1 0 0 0 
397.13232 0.00000 16 0 0 0 1 0 0 0 0 0 0 1 0 0 1 0 0 0 0 
404.97549 12.10089 5 0 0 0 0 -1 0 0 0 0 0 0 0 1 0 0 0 0 0 
411.57016 5.53824 5 0 0 0 0 -1 0 0 0 0 0 0 0 1 0 0 0 0 0 
411.76224 9.89200 4 0 0 0 -1 0 0 0 0 0 0 0 1 0 0 0 0 0 0 
432.44260 8.57947 13 0 0 0 0 0 0 0 0 0 -1 0 0 -1 0 0 0 1 0 
448.22498 10.27615 10 0 0 0 0 0 0 0 0 0 0 -1 -1 0 1 0 0 0 0 
545.48035 0.00000 19 0 1 0 0 0 0 0 0 0 0 0 0 1 0 0 0 -1 0 
546.50378 9.85059 11 0 0 0 0 0 0 0 0 0 0 0 0 -1 -1 1 0 0 0 
557.18591 0.00000 17 0 0 0 0 1 0 0 0 0 0 0 0 0 1 -1 0 0 0 
555.58679 4.12573 2 0 -1 0 0 0 0 0 0 0 1 0 0 0 0 0 0 0 0 
545.48035 15.06372 2 0 -1 0 0 0 0 0 0 0 1 0 0 0 0 0 0 0 0 
565.18152 5.34106 5 0 0 0 0 -1 0 0 0 0 0 0 0 1 0 0 0 0 0 
570.58655 10.42627 11 0 0 0 0 0 0 0 0 0 0 0 0 -1 -1 1 0 0 0 
584.17908 8.50732 12 0 0 0 0 0 0 0 0 0 -1 0 0 0 0 -1 1 0 0 
