0.09600 0.51200 2 0 -1 0 0 0 0 0 0 0 1 0 0 0 0 0 0 0 0 
2.04800 5.53601 3 0 0 -1 0 0 0 0 0 0 0 1 0 0 0 0 0 0 0 
7.68001 5.66393 1 -1 0 0 0 0 0 0 0 1 0 0 0 0 0 0 0 0 0 
43.07222 3.36016 2 0 -1 0 0 0 0 0 0 0 1 0 0 0 0 0 0 0 0 
51.32861 4.80022 4 0 0 0 -1 0 0 0 0 0 0 0 1 0 0 0 0 0 0 
66.49702 7.13548 9 0 0 0 0 0 0 0 0 -1 -1 0 0 1 0 0 0 0 0 
153.40273 7.35947 10 0 0 0 0 0 0 0 0 0 0 -1 -1 0 1 0 0 0 0 
161.69012 0.00000 16 0 0 0 1 0 0 0 0 0 0 1 0 0 1 0 0 0 0 
210.45459 6.94350 13 0 0 0 0 0 0 0 0 0 -1 0 0 -1 0 0 0 1 0 
241.78032 0.00000 19 0 1 0 0 0 0 0 0 0 0 0 0 1 0 0 0 -1 0 
250.96365 5.56784 2 0 -1 0 0 0 0 0 0 0 1 0 0 0 0 0 0 0 0 
258.96448 8.54745 13 0 0 0 0 0 0 0 0 0 -1 0 0 -1 0 0 0 1 0 
378.30872 0.00000 19 0 1 0 0 0 0 0 0 0 0 0 0 1 0 0 0 -1 0 
382.63046 4.80194 2 0 -1 0 0 0 0 0 0 0 1 0 0 0 0 0 0 0 0 
413.23483 7.77914 13 0 0 0 0 0 0 0 0 0 -1 0 0 -1 0 0 0 1 0 
421.27008 0.00000 19 0 1 0 0 0 0 0 0 0 0 0 0 1 0 0 0 -1 0 
428.66507 0.00000 15 0 1 0 0 0 0 0 0 1 0 0 0 -1 0 0 0 0 0 
432.09045 4.54584 2 0 -1 0 0 0 0 0 0 0 1 0 0 0 0 0 0 0 0 
444.79959 5.50623 2 0 -1 0 0 0 0 0 0 0 1 0 0 0 0 0 0 0 0 
463.43112 8.70752 9 0 0 0 0 0 0 0 0 -1 -1 0 0 1 0 0 0 0 0 
474.82773 8.41940 13 0 0 0 0 0 0 0 0 0 -1 0 0 -1 0 0 0 1 0 
634.51941 0.00000 19 0 1 0 0 0 0 0 0 0 0 0 0 1 0 0 0 -1 0 
646.70471 5.37305 2 0 -1 0 0 0 0 0 0 0 1 0 0 0 0 0 0 0 0 
652.81335 7.57983 13 0 0 0 0 0 0 0 0 0 -1 0 0 -1 0 0 0 1 0 
735.16809 0.00000 19 0 1 0 0 0 0 0 0 0 0 0 0 1 0 0 0 -1 0 
803.48254 0.00000 15 0 1 0 0 0 0 0 0 1 0 0 0 -1 0 0 0 0 0 
827.02161 4.12573 2 0 -1 0 0 0 0 0 0 0 1 0 0 0 0 0 0 0 0 
847.97009 5.66089 2 0 -1 0 0 0 0 0 0 0 1 0 0 0 0 0 0 0 0 
963.71448 7.22803 9 0 0 0 0 0 0 0 0 -1 -1 0 0 1 0 0 0 0 0 
1029.37439 10.04248 13 0 0 0 0 0 0 0 0 0 -1 0 0 -1 0 0 0 1 0 
