0.09600 3.84000 2 0 -1 0 0 0 0 0 0 0 1 0 0 0 0 0 0 0 0 
19.23187 2.20797 2 0 -1 0 0 0 0 0 0 0 1 0 0 0 0 0 0 0 0 
23.77581 4.31994 1 -1 0 0 0 0 0 0 0 1 0 0 0 0 0 0 0 0 0 
25.72778 5.79193 3 0 0 -1 0 0 0 0 0 0 0 1 0 0 0 0 0 0 0 
31.96770 4.44821 4 0 0 0 -1 0 0 0 0 0 0 0 1 0 0 0 0 0 0 
28.15976 12.67236 9 0 0 0 0 0 0 0 0 -1 -1 0 0 1 0 0 0 0 0 
43.61625 0.00000 15 0 1 0 0 0 0 0 0 1 0 0 0 -1 0 0 0 0 0 
93.15108 9.85529 10 0 0 0 0 0 0 0 0 0 0 -1 -1 0 1 0 0 0 0 
112.09371 16.22283 2 0 -1 0 0 0 0 0 0 0 1 0 0 0 0 0 0 0 0 
122.52495 5.82359 2 0 -1 0 0 0 0 0 0 0 1 0 0 0 0 0 0 0 0 
418.06879 10.66031 9 0 0 0 0 0 0 0 0 -1 -1 0 0 1 0 0 0 0 0 
473.83533 11.01245 11 0 0 0 0 0 0 0 0 0 0 0 0 -1 -1 1 0 0 0 
503.99152 7.58707 12 0 0 0 0 0 0 0 0 0 -1 0 0 0 0 -1 1 0 0 
