7.13601 4.99195 2 0 -1 0 0 0 0 0 0 0 1 0 0 0 0 0 0 0 0 
10.11199 5.27993 2 0 -1 0 0 0 0 0 0 0 1 0 0 0 0 0 0 0 0 
15.58391 3.10396 3 0 0 -1 0 0 0 0 0 0 0 1 0 0 0 0 0 0 0 
24.35180 3.90395 4 0 0 0 -1 0 0 0 0 0 0 0 1 0 0 0 0 0 0 
33.24776 2.27211 1 -1 0 0 0 0 0 0 0 1 0 0 0 0 0 0 0 0 0 
48.09646 7.36034 9 0 0 0 0 0 0 0 0 -1 -1 0 0 1 0 0 0 0 0 
121.59702 8.09542 10 0 0 0 0 0 0 0 0 0 0 -1 -1 0 1 0 0 0 0 
126.36468 8.41540 13 0 0 0 0 0 0 0 0 0 -1 0 0 -1 0 0 0 1 0 
153.91469 7.42346 14 0 0 0 0 0 0 0 0 0 0 0 0 0 -1 0 0 -1 1 
161.97810 0.00000 20 0 0 0 0 0 0 0 1 0 0 0 0 0 1 0 0 0 -1 
