0.09600 6.46401 2 0 -1 0 0 0 0 0 0 0 1 0 0 0 0 0 0 0 0 
7.32801 4.86395 2 0 -1 0 0 0 0 0 0 0 1 0 0 0 0 0 0 0 0 
9.66398 4.25595 3 0 0 -1 0 0 0 0 0 0 0 1 0 0 0 0 0 0 0 
11.51996 4.19195 4 0 0 0 -1 0 0 0 0 0 0 0 1 0 0 0 0 0 0 
34.36781 4.19220 1 -1 0 0 0 0 0 0 0 1 0 0 0 0 0 0 0 0 0 
30.65572 9.21635 10 0 0 0 0 0 0 0 0 0 0 -1 -1 0 1 0 0 0 0 
41.69615 9.79246 9 0 0 0 0 0 0 0 0 -1 -1 0 0 1 0 0 0 0 0 
59.00896 0.00000 15 0 1 0 0 0 0 0 0 1 0 0 0 -1 0 0 0 0 0 
83.90376 0.00000 16 0 0 0 1 0 0 0 0 0 0 1 0 0 1 0 0 0 0 
78.75213 10.59123 9 0 0 0 0 0 0 0 0 -1 -1 0 0 1 0 0 0 0 0 
131.90028 0.00000 15 0 1 0 0 0 0 0 0 1 0 0 0 -1 0 0 0 0 0 
126.90864 5.21563 2 0 -1 0 0 0 0 0 0 0 1 0 0 0 0 0 0 0 0 
133.18019 10.27126 2 0 -1 0 0 0 0 0 0 0 1 0 0 0 0 0 0 0 0 
143.83542 10.17526 9 0 0 0 0 0 0 0 0 -1 -1 0 0 1 0 0 0 0 0 
171.09744 0.00000 15 0 1 0 0 0 0 0 0 1 0 0 0 -1 0 0 0 0 0 
174.87317 5.63159 2 0 -1 0 0 0 0 0 0 0 1 0 0 0 0 0 0 0 0 
235.50877 6.23955 9 0 0 0 0 0 0 0 0 -1 -1 0 0 1 0 0 0 0 0 
241.81232 11.19919 13 0 0 0 0 0 0 0 0 0 -1 0 0 -1 0 0 0 1 0 
274.61880 5.12207 4 0 0 0 -1 0 0 0 0 0 0 0 1 0 0 0 0 0 0 
297.25195 0.00000 19 0 1 0 0 0 0 0 0 0 0 0 0 1 0 0 0 -1 0 
312.81024 4.19370 2 0 -1 0 0 0 0 0 0 0 1 0 0 0 0 0 0 0 0 
319.72504 0.00000 15 0 1 0 0 0 0 0 0 1 0 0 0 -1 0 0 0 0 0 
310.15317 11.46063 10 0 0 0 0 0 0 0 0 0 0 -1 -1 0 1 0 0 0 0 
335.89157 8.70752 9 0 0 0 0 0 0 0 0 -1 -1 0 0 1 0 0 0 0 0 
347.67233 4.06564 2 0 -1 0 0 0 0 0 0 0 1 0 0 0 0 0 0 0 0 
355.19537 0.00000 16 0 0 0 1 0 0 0 0 0 0 1 0 0 1 0 0 0 0 
359.54913 8.64349 13 0 0 0 0 0 0 0 0 0 -1 0 0 -1 0 0 0 1 0 
367.58438 4.83395 4 0 0 0 -1 0 0 0 0 0 0 0 1 0 0 0 0 0 0 
379.39716 8.73953 10 0 0 0 0 0 0 0 0 0 0 -1 -1 0 1 0 0 0 0 
400.71777 0.00000 16 0 0 0 1 0 0 0 0 0 0 1 0 0 1 0 0 0 0 
547.01550 0.00000 19 0 1 0 0 0 0 0 0 0 0 0 0 1 0 0 0 -1 0 
557.31384 5.62891 2 0 -1 0 0 0 0 0 0 0 1 0 0 0 0 0 0 0 0 
621.75842 0.00000 15 0 1 0 0 0 0 0 0 1 0 0 0 -1 0 0 0 0 0 
636.37439 4.73340 2 0 -1 0 0 0 0 0 0 0 1 0 0 0 0 0 0 0 0 
649.13538 10.39429 9 0 0 0 0 0 0 0 0 -1 -1 0 0 1 0 0 0 0 0 
664.26306 12.24927 13 0 0 0 0 0 0 0 0 0 -1 0 0 -1 0 0 0 1 0 
717.00208 0.00000 19 0 1 0 0 0 0 0 0 0 0 0 0 1 0 0 0 -1 0 
718.76111 3.86987 2 0 -1 0 0 0 0 0 0 0 1 0 0 0 0 0 0 0 0 
722.66296 8.95508 13 0 0 0 0 0 0 0 0 0 -1 0 0 -1 0 0 0 1 0 
857.21301 0.00000 19 0 1 0 0 0 0 0 0 0 0 0 0 1 0 0 0 -1 0 
872.40466 5.69287 2 0 -1 0 0 0 0 0 0 0 1 0 0 0 0 0 0 0 0 
878.12952 11.70557 13 0 0 0 0 0 0 0 0 0 -1 0 0 -1 0 0 0 1 0 
899.36584 0.00000 19 0 1 0 0 0 0 0 0 0 0 0 0 1 0 0 0 -1 0 
921.43372 4.41357 2 0 -1 0 0 0 0 0 0 0 1 0 0 0 0 0 0 0 0 
949.03455 8.41138 13 0 0 0 0 0 0 0 0 0 -1 0 0 -1 0 0 0 1 0 
1147.16565 0.00000 19 0 1 0 0 0 0 0 0 0 0 0 0 1 0 0 0 -1 0 
1154.61755 0.00000 15 0 1 0 0 0 0 0 0 1 0 0 0 -1 0 0 0 0 0 
1154.84143 4.57349 2 0 -1 0 0 0 0 0 0 0 1 0 0 0 0 0 0 0 0 
1181.54675 4.54150 2 0 -1 0 0 0 0 0 0 0 1 0 0 0 0 0 0 0 0 
