0.09600 4.96000 3 0 0 -1 0 0 0 0 0 0 0 1 0 0 0 0 0 0 0 
5.12001 3.99999 4 0 0 0 -1 0 0 0 0 0 0 0 1 0 0 0 0 0 0 
12.67195 4.67194 2 0 -1 0 0 0 0 0 0 0 1 0 0 0 0 0 0 0 0 
17.40789 4.92794 2 0 -1 0 0 0 0 0 0 0 1 0 0 0 0 0 0 0 0 
27.77575 4.89598 1 -1 0 0 0 0 0 0 0 1 0 0 0 0 0 0 0 0 0 
38.23999 6.36830 10 0 0 0 0 0 0 0 0 0 0 -1 -1 0 1 0 0 0 0 
58.84896 7.77605 9 0 0 0 0 0 0 0 0 -1 -1 0 0 1 0 0 0 0 0 
128.86050 9.08734 13 0 0 0 0 0 0 0 0 0 -1 0 0 -1 0 0 0 1 0 
146.77921 7.51945 14 0 0 0 0 0 0 0 0 0 0 0 0 0 -1 0 0 -1 1 
242.74025 0.00000 20 0 0 0 0 0 0 0 1 0 0 0 0 0 1 0 0 0 -1 
