1.95200 4.44801 4 0 0 0 -1 0 0 0 0 0 0 0 1 0 0 0 0 0 0 
2.17600 4.54401 1 -1 0 0 0 0 0 0 0 1 0 0 0 0 0 0 0 0 0 
37.69597 5.60026 3 0 0 -1 0 0 0 0 0 0 0 1 0 0 0 0 0 0 0 
52.92868 5.37625 2 0 -1 0 0 0 0 0 0 0 1 0 0 0 0 0 0 0 0 
61.85710 4.19195 2 0 -1 0 0 0 0 0 0 0 1 0 0 0 0 0 0 0 0 
71.32867 6.52753 9 0 0 0 0 0 0 0 0 -1 -1 0 0 1 0 0 0 0 0 
77.92020 10.84721 13 0 0 0 0 0 0 0 0 0 -1 0 0 -1 0 0 0 1 0 
152.12282 0.00000 19 0 1 0 0 0 0 0 0 0 0 0 0 1 0 0 0 -1 0 
152.25081 4.15970 2 0 -1 0 0 0 0 0 0 0 1 0 0 0 0 0 0 0 0 
156.44250 9.02335 13 0 0 0 0 0 0 0 0 0 -1 0 0 -1 0 0 0 1 0 
172.18536 7.71144 10 0 0 0 0 0 0 0 0 0 0 -1 -1 0 1 0 0 0 0 
180.40877 8.25540 14 0 0 0 0 0 0 0 0 0 0 0 0 0 -1 0 0 -1 1 
519.38269 0.00000 20 0 0 0 0 0 0 0 1 0 0 0 0 0 1 0 0 0 -1 
