0.48000 4.44800 1 -1 0 0 0 0 0 0 0 1 0 0 0 0 0 0 0 0 0 
5.24801 4.47998 4 0 0 0 -1 0 0 0 0 0 0 0 1 0 0 0 0 0 0 
9.21600 4.28794 3 0 0 -1 0 0 0 0 0 0 0 1 0 0 0 0 0 0 0 
23.00781 4.15995 2 0 -1 0 0 0 0 0 0 0 1 0 0 0 0 0 0 0 0 
26.39978 4.51194 2 0 -1 0 0 0 0 0 0 0 1 0 0 0 0 0 0 0 0 
50.08055 9.50444 9 0 0 0 0 0 0 0 0 -1 -1 0 0 1 0 0 0 0 0 
66.75300 8.31940 10 0 0 0 0 0 0 0 0 0 0 -1 -1 0 1 0 0 0 0 
93.98302 0.00000 16 0 0 0 1 0 0 0 0 0 0 1 0 0 1 0 0 0 0 
107.42206 4.76765 4 0 0 0 -1 0 0 0 0 0 0 0 1 0 0 0 0 0 0 
117.05335 9.95128 10 0 0 0 0 0 0 0 0 0 0 -1 -1 0 1 0 0 0 0 
136.63594 8.35139 11 0 0 0 0 0 0 0 0 0 0 0 0 -1 -1 1 0 0 0 
279.61282 8.25934 12 0 0 0 0 0 0 0 0 0 -1 0 0 0 0 -1 1 0 0 
