0 0 0 0 0 0 0 0 0 0 0 8 1 2 1 1 0 0 0 0
3.25396 0 1 0 0 0 0 0 0 0 0 7 1 1 1 1 0 0 0 0
8.89854 0 1 0 1 0 0 0 0 0 0 6 1 1 1 0 0 0 0 0
30.2858 1 1 0 1 0 0 0 0 0 0 5 0 1 1 0 0 0 0 0
30.9754 1 1 1 1 0 0 0 0 0 0 4 0 1 0 0 0 0 0 0
36.8079 1 1 0 0 0 1 0 0 0 0 5 0 1 0 0 0 0 0 0
39.624 1 2 0 0 0 1 0 0 0 0 4 0 0 0 0 0 0 0 0
56.0502 0 1 0 0 1 1 0 0 0 0 5 0 0 0 0 0 0 0 0
109.585 0 0 0 0 0 1 0 1 0 0 6 0 0 0 0 0 0 0 0
147.669 0 0 0 0 0 0 0 0 0 1 7 0 0 0 0 0 0 0 0
3875.83 0 0 0 0 0 1 0 0 0 0 7 0 0 0 0 0 0 0 1
3895.72 0 0 0 0 0 1 0 1 0 0 6 0 0 0 0 0 0 0 0
3916.66 0 0 0 0 0 0 0 0 0 1 7 0 0 0 0 0 0 0 0
3916.66 0 0 0 0 0 0 0 0 0 1 7 0 0 0 0 0 0 0 0
