0 0 0 0 0 0 0 0 0 0 0 8 1 2 1 1 0 0 0 0
3.23252 0 1 0 0 0 0 0 0 0 0 7 1 1 1 1 0 0 0 0
10.251 1 1 0 0 0 0 0 0 0 0 6 0 1 1 1 0 0 0 0
12.4727 1 2 0 0 0 0 0 0 0 0 5 0 0 1 1 0 0 0 0
28.4411 1 2 1 0 0 0 0 0 0 0 4 0 0 0 1 0 0 0 0
43.9181 1 2 1 1 0 0 0 0 0 0 3 0 0 0 0 0 0 0 0
49.645 0 1 1 1 1 0 0 0 0 0 4 0 0 0 0 0 0 0 0
55.787 0 1 0 0 1 1 0 0 0 0 5 0 0 0 0 0 0 0 0
67.2393 0 0 0 0 0 1 0 1 0 0 6 0 0 0 0 0 0 0 0
91.4682 0 0 0 0 0 0 0 0 0 1 7 0 0 0 0 0 0 0 0
1491.89 0 0 0 0 0 1 0 0 0 0 7 0 0 0 0 0 0 0 1
1493.78 0 0 0 0 0 1 0 1 0 0 6 0 0 0 0 0 0 0 0
1505.98 0 0 1 0 0 0 0 1 0 0 6 0 0 0 1 0 0 0 0
1508.75 0 0 1 1 0 0 0 1 0 0 5 0 0 0 0 0 0 0 0
1543.19 0 0 0 0 0 1 0 1 0 0 6 0 0 0 0 0 0 0 0
1556.65 0 0 0 0 1 1 0 0 0 0 6 0 1 0 0 0 0 0 0
1564.55 0 1 0 0 1 1 0 0 0 0 5 0 0 0 0 0 0 0 0
1582.82 1 1 0 0 0 1 0 0 0 0 5 0 1 0 0 0 0 0 0
1612.95 0 0 0 0 1 1 0 0 0 0 6 0 1 0 0 0 0 0 0
1615.85 1 0 0 0 0 1 0 0 0 0 6 0 2 0 0 0 0 0 0
1622.35 1 1 0 0 0 1 0 0 0 0 5 0 1 0 0 0 0 0 0
1626.54 0 0 0 0 1 1 0 0 0 0 6 0 1 0 0 0 0 0 0
1632.6 0 1 0 0 1 1 0 0 0 0 5 0 0 0 0 0 0 0 0
1648.01 0 1 0 0 0 0 1 0 0 0 6 0 0 0 0 0 0 0 0
1662.98 0 1 0 0 0 1 0 0 0 0 6 0 0 0 0 1 0 0 0
1680.31 0 1 0 0 1 1 0 0 0 0 5 0 0 0 0 0 0 0 0
1681.5 0 1 0 0 0 0 1 0 0 0 6 0 0 0 0 0 0 0 0
1700.99 0 0 0 0 0 0 0 0 1 0 7 0 0 0 0 0 0 0 0
1988.74 0 0 0 0 0 0 1 0 0 0 7 0 1 0 0 0 0 0 0
1989.9 0 1 0 0 0 0 1 0 0 0 6 0 0 0 0 0 0 0 0
2004.64 0 0 0 0 0 0 0 0 1 0 7 0 0 0 0 0 0 0 0
2004.64 0 0 0 0 0 0 0 0 1 0 7 0 0 0 0 0 0 0 0
