0 0 0 0 0 0 0 0 0 0 0 8 1 2 1 1 0 0 0 0
3.14658 0 1 0 0 0 0 0 0 0 0 7 1 1 1 1 0 0 0 0
8.02069 0 1 1 0 0 0 0 0 0 0 6 1 1 0 1 0 0 0 0
9.42079 0 2 1 0 0 0 0 0 0 0 5 1 0 0 1 0 0 0 0
45.9251 0 2 1 1 0 0 0 0 0 0 4 1 0 0 0 0 0 0 0
70.2793 0 2 0 0 0 1 0 0 0 0 5 1 0 0 0 0 0 0 0
112.381 1 2 0 0 0 1 0 0 0 0 4 0 0 0 0 0 0 0 0
113.708 0 1 0 0 1 1 0 0 0 0 5 0 0 0 0 0 0 0 0
127.71 1 1 0 0 0 1 0 0 0 0 5 0 1 0 0 0 0 0 0
155.824 1 1 1 0 0 0 0 0 0 0 5 0 1 0 1 0 0 0 0
159.422 1 1 1 1 0 0 0 0 0 0 4 0 1 0 0 0 0 0 0
166.334 1 2 1 1 0 0 0 0 0 0 3 0 0 0 0 0 0 0 0
214.12 1 2 0 0 0 1 0 0 0 0 4 0 0 0 0 0 0 0 0
219.343 0 1 0 0 1 1 0 0 0 0 5 0 0 0 0 0 0 0 0
220.827 0 0 0 0 0 1 0 1 0 0 6 0 0 0 0 0 0 0 0
260.519 0 0 0 0 0 0 0 0 0 1 7 0 0 0 0 0 0 0 0
260.519 0 0 0 0 0 0 0 0 0 1 7 0 0 0 0 0 0 0 0
