0 0 0 0 0 0 0 0 0 0 0 8 1 2 1 1 0 0 0 0
0.390297 0 0 0 1 0 0 0 0 0 0 7 1 2 1 0 0 0 0 0
1.5044 0 0 1 1 0 0 0 0 0 0 6 1 2 0 0 0 0 0 0
17.1755 0 1 1 1 0 0 0 0 0 0 5 1 1 0 0 0 0 0 0
17.9211 1 1 1 1 0 0 0 0 0 0 4 0 1 0 0 0 0 0 0
33.1361 1 1 0 0 0 1 0 0 0 0 5 0 1 0 0 0 0 0 0
44.4689 0 0 0 0 1 1 0 0 0 0 6 0 1 0 0 0 0 0 0
45.0022 0 1 0 0 1 1 0 0 0 0 5 0 0 0 0 0 0 0 0
79.6474 0 0 0 0 0 1 0 1 0 0 6 0 0 0 0 0 0 0 0
93.6145 0 0 0 0 0 0 0 0 0 1 7 0 0 0 0 0 0 0 0
93.6145 0 0 0 0 0 0 0 0 0 1 7 0 0 0 0 0 0 0 0
