0 0 0 0 0 0 0 0 0 0 0 8 1 2 1 1 0 0 0 0
3.83829 0 1 0 0 0 0 0 0 0 0 7 1 1 1 1 0 0 0 0
6.49422 0 1 0 1 0 0 0 0 0 0 6 1 1 1 0 0 0 0 0
9.46633 0 2 0 1 0 0 0 0 0 0 5 1 0 1 0 0 0 0 0
15.6827 0 2 1 1 0 0 0 0 0 0 4 1 0 0 0 0 0 0 0
17.4109 1 2 1 1 0 0 0 0 0 0 3 0 0 0 0 0 0 0 0
31.4149 0 1 1 1 1 0 0 0 0 0 4 0 0 0 0 0 0 0 0
73.8827 0 1 0 0 1 1 0 0 0 0 5 0 0 0 0 0 0 0 0
85.3656 0 1 0 0 0 0 1 0 0 0 6 0 0 0 0 0 0 0 0
99.5963 0 0 0 0 0 0 0 0 1 0 7 0 0 0 0 0 0 0 0
1086.03 0 0 0 0 0 0 1 0 0 0 7 0 1 0 0 0 0 0 0
1098.62 0 1 0 0 0 0 1 0 0 0 6 0 0 0 0 0 0 0 0
1104.21 0 1 0 0 0 1 0 0 0 0 6 0 0 0 0 1 0 0 0
1113.99 0 1 0 0 1 1 0 0 0 0 5 0 0 0 0 0 0 0 0
1115.79 1 1 0 0 0 1 0 0 0 0 5 0 1 0 0 0 0 0 0
1139.7 1 2 0 0 0 1 0 0 0 0 4 0 0 0 0 0 0 0 0
1144.16 0 1 0 0 1 1 0 0 0 0 5 0 0 0 0 0 0 0 0
1145.34 0 0 0 0 0 1 0 1 0 0 6 0 0 0 0 0 0 0 0
1203.1 0 0 1 0 0 0 0 1 0 0 6 0 0 0 1 0 0 0 0
1206.41 0 0 1 1 0 0 0 1 0 0 5 0 0 0 0 0 0 0 0
1254.04 0 0 1 1 1 0 0 0 0 0 5 0 1 0 0 0 0 0 0
1269.08 0 1 1 1 1 0 0 0 0 0 4 0 0 0 0 0 0 0 0
1273.88 0 0 1 1 0 0 0 1 0 0 5 0 0 0 0 0 0 0 0
1280.45 0 0 0 0 0 1 0 1 0 0 6 0 0 0 0 0 0 0 0
1294.44 0 0 1 0 0 0 0 1 0 0 6 0 0 0 1 0 0 0 0
1297.77 0 0 1 1 0 0 0 1 0 0 5 0 0 0 0 0 0 0 0
1305.71 0 0 0 0 0 1 0 1 0 0 6 0 0 0 0 0 0 0 0
1311.29 0 0 0 0 1 1 0 0 0 0 6 0 1 0 0 0 0 0 0
1329 0 0 1 0 1 0 0 0 0 0 6 0 1 0 1 0 0 0 0
1343 1 0 1 0 0 0 0 0 0 0 6 0 2 0 1 0 0 0 0
1355.23 1 1 1 0 0 0 0 0 0 0 5 0 1 0 1 0 0 0 0
1360.34 1 1 1 1 0 0 0 0 0 0 4 0 1 0 0 0 0 0 0
1365.83 1 2 1 1 0 0 0 0 0 0 3 0 0 0 0 0 0 0 0
1396.08 1 2 0 0 0 1 0 0 0 0 4 0 0 0 0 0 0 0 0
1396.11 0 1 0 0 1 1 0 0 0 0 5 0 0 0 0 0 0 0 0
1409.04 0 0 0 0 0 1 0 1 0 0 6 0 0 0 0 0 0 0 0
1418.37 0 0 0 0 1 1 0 0 0 0 6 0 1 0 0 0 0 0 0
1436.86 0 1 0 0 1 1 0 0 0 0 5 0 0 0 0 0 0 0 0
1467.99 0 1 0 0 0 0 1 0 0 0 6 0 0 0 0 0 0 0 0
1474.7 0 1 0 0 0 1 0 0 0 0 6 0 0 0 0 1 0 0 0
1481.58 0 1 0 0 1 1 0 0 0 0 5 0 0 0 0 0 0 0 0
1481.9 0 0 0 0 0 1 0 1 0 0 6 0 0 0 0 0 0 0 0
1487.31 0 0 0 0 1 1 0 0 0 0 6 0 1 0 0 0 0 0 0
1504.95 0 0 0 0 0 0 1 0 0 0 7 0 1 0 0 0 0 0 0
1529.23 0 1 0 0 0 0 1 0 0 0 6 0 0 0 0 0 0 0 0
1664.82 0 0 0 0 0 0 0 0 1 0 7 0 0 0 0 0 0 0 0
2430.27 0 0 0 0 0 0 1 0 0 0 7 0 1 0 0 0 0 0 0
2451.03 0 1 0 0 0 0 1 0 0 0 6 0 0 0 0 0 0 0 0
2569.26 0 0 0 0 0 0 0 0 1 0 7 0 0 0 0 0 0 0 0
2569.26 0 0 0 0 0 0 0 0 1 0 7 0 0 0 0 0 0 0 0
