0 0 0 0 0 0 0 0 0 0 0 8 1 2 1 1 0 0 0 0
0.00848796 0 1 0 0 0 0 0 0 0 0 7 1 1 1 1 0 0 0 0
2.40848 0 1 0 1 0 0 0 0 0 0 6 1 1 1 0 0 0 0 0
6.76904 1 1 0 1 0 0 0 0 0 0 5 0 1 1 0 0 0 0 0
31.3057 1 2 0 1 0 0 0 0 0 0 4 0 0 1 0 0 0 0 0
37.4492 1 2 1 1 0 0 0 0 0 0 3 0 0 0 0 0 0 0 0
62.8762 1 2 0 0 0 1 0 0 0 0 4 0 0 0 0 0 0 0 0
64.0586 0 1 0 0 1 1 0 0 0 0 5 0 0 0 0 0 0 0 0
78.7305 0 1 1 0 1 0 0 0 0 0 5 0 0 0 1 0 0 0 0
79.4543 0 1 1 1 1 0 0 0 0 0 4 0 0 0 0 0 0 0 0
89.0566 0 0 1 1 0 0 0 1 0 0 5 0 0 0 0 0 0 0 0
125.071 0 0 0 0 0 1 0 1 0 0 6 0 0 0 0 0 0 0 0
136.14 0 0 0 0 0 0 0 0 0 1 7 0 0 0 0 0 0 0 0
136.14 0 0 0 0 0 0 0 0 0 1 7 0 0 0 0 0 0 0 0
