0 0 0 0 0 0 0 0 0 0 0 8 1 2 1 1 0 0 0 0
0.651689 0 0 1 0 0 0 0 0 0 0 7 1 2 0 1 0 0 0 0
3.54989 0 1 1 0 0 0 0 0 0 0 6 1 1 0 1 0 0 0 0
33.0832 0 2 1 0 0 0 0 0 0 0 5 1 0 0 1 0 0 0 0
33.2292 0 2 1 1 0 0 0 0 0 0 4 1 0 0 0 0 0 0 0
53.8271 1 2 1 1 0 0 0 0 0 0 3 0 0 0 0 0 0 0 0
99.8585 0 1 1 1 1 0 0 0 0 0 4 0 0 0 0 0 0 0 0
137.939 1 1 1 1 0 0 0 0 0 0 4 0 1 0 0 0 0 0 0
148.498 1 2 1 1 0 0 0 0 0 0 3 0 0 0 0 0 0 0 0
185.81 0 1 1 1 1 0 0 0 0 0 4 0 0 0 0 0 0 0 0
199.712 0 0 1 1 0 0 0 1 0 0 5 0 0 0 0 0 0 0 0
201.409 0 0 1 1 1 0 0 0 0 0 5 0 1 0 0 0 0 0 0
205.331 0 1 1 1 1 0 0 0 0 0 4 0 0 0 0 0 0 0 0
223.045 0 1 0 0 1 1 0 0 0 0 5 0 0 0 0 0 0 0 0
227.375 1 1 0 0 0 1 0 0 0 0 5 0 1 0 0 0 0 0 0
229.399 1 2 0 0 0 1 0 0 0 0 4 0 0 0 0 0 0 0 0
248.511 0 1 0 0 1 1 0 0 0 0 5 0 0 0 0 0 0 0 0
291.097 0 1 1 0 1 0 0 0 0 0 5 0 0 0 1 0 0 0 0
304.932 0 0 1 0 0 0 0 1 0 0 6 0 0 0 1 0 0 0 0
312.713 0 0 1 1 0 0 0 1 0 0 5 0 0 0 0 0 0 0 0
320.549 0 0 1 1 1 0 0 0 0 0 5 0 1 0 0 0 0 0 0
320.733 0 1 1 1 1 0 0 0 0 0 4 0 0 0 0 0 0 0 0
347.368 0 1 0 0 1 1 0 0 0 0 5 0 0 0 0 0 0 0 0
351.837 1 1 0 0 0 1 0 0 0 0 5 0 1 0 0 0 0 0 0
352.539 1 2 0 0 0 1 0 0 0 0 4 0 0 0 0 0 0 0 0
354.225 0 1 0 0 1 1 0 0 0 0 5 0 0 0 0 0 0 0 0
368.421 0 1 1 0 1 0 0 0 0 0 5 0 0 0 1 0 0 0 0
397.392 1 1 1 0 0 0 0 0 0 0 5 0 1 0 1 0 0 0 0
404.377 1 2 1 0 0 0 0 0 0 0 4 0 0 0 1 0 0 0 0
425.674 0 1 1 0 1 0 0 0 0 0 5 0 0 0 1 0 0 0 0
439.562 0 0 1 0 0 0 0 1 0 0 6 0 0 0 1 0 0 0 0
447.521 0 0 1 1 0 0 0 1 0 0 5 0 0 0 0 0 0 0 0
462.129 0 0 1 1 1 0 0 0 0 0 5 0 1 0 0 0 0 0 0
466.081 0 0 0 0 1 1 0 0 0 0 6 0 1 0 0 0 0 0 0
468.505 1 0 0 0 0 1 0 0 0 0 6 0 2 0 0 0 0 0 0
477.304 1 1 0 0 0 1 0 0 0 0 5 0 1 0 0 0 0 0 0
501.024 1 1 1 0 0 0 0 0 0 0 5 0 1 0 1 0 0 0 0
505.972 1 2 1 0 0 0 0 0 0 0 4 0 0 0 1 0 0 0 0
517.081 0 1 1 0 1 0 0 0 0 0 5 0 0 0 1 0 0 0 0
535.527 0 1 1 1 1 0 0 0 0 0 4 0 0 0 0 0 0 0 0
559.937 0 1 0 0 1 1 0 0 0 0 5 0 0 0 0 0 0 0 0
562.588 1 1 0 0 0 1 0 0 0 0 5 0 1 0 0 0 0 0 0
602.989 1 2 0 0 0 1 0 0 0 0 4 0 0 0 0 0 0 0 0
603.557 0 1 0 0 1 1 0 0 0 0 5 0 0 0 0 0 0 0 0
617.353 0 1 0 0 0 0 1 0 0 0 6 0 0 0 0 0 0 0 0
634.956 0 0 0 0 0 0 0 0 1 0 7 0 0 0 0 0 0 0 0
2606.64 0 0 0 0 0 0 1 0 0 0 7 0 1 0 0 0 0 0 0
2613.48 0 1 0 0 0 0 1 0 0 0 6 0 0 0 0 0 0 0 0
2615.99 0 0 0 0 0 0 0 0 1 0 7 0 0 0 0 0 0 0 0
2639.18 0 0 0 0 0 0 1 0 0 0 7 0 1 0 0 0 0 0 0
2646.07 0 1 0 0 0 0 1 0 0 0 6 0 0 0 0 0 0 0 0
2702.97 0 0 0 0 0 0 0 0 1 0 7 0 0 0 0 0 0 0 0
3486.08 0 0 0 0 0 0 1 0 0 0 7 0 1 0 0 0 0 0 0
3505.95 0 0 0 0 0 1 0 0 0 0 7 0 1 0 0 1 0 0 0
3515.26 0 1 0 0 0 1 0 0 0 0 6 0 0 0 0 1 0 0 0
3526.88 0 1 0 0 1 1 0 0 0 0 5 0 0 0 0 0 0 0 0
3537.03 0 0 0 0 0 1 0 1 0 0 6 0 0 0 0 0 0 0 0
3569.17 0 0 1 0 0 0 0 1 0 0 6 0 0 0 1 0 0 0 0
3587.33 0 0 1 1 0 0 0 1 0 0 5 0 0 0 0 0 0 0 0
3674.22 0 0 1 1 1 0 0 0 0 0 5 0 1 0 0 0 0 0 0
3681.72 0 1 1 1 1 0 0 0 0 0 4 0 0 0 0 0 0 0 0
3694.44 1 1 1 1 0 0 0 0 0 0 4 0 1 0 0 0 0 0 0
3724.17 0 0 1 1 1 0 0 0 0 0 5 0 1 0 0 0 0 0 0
3727.26 0 0 0 0 1 1 0 0 0 0 6 0 1 0 0 0 0 0 0
3735.09 0 1 0 0 1 1 0 0 0 0 5 0 0 0 0 0 0 0 0
3739.16 0 1 0 0 0 0 1 0 0 0 6 0 0 0 0 0 0 0 0
3896.94 0 0 0 0 0 0 0 0 1 0 7 0 0 0 0 0 0 0 0
3896.94 0 0 0 0 0 0 0 0 1 0 7 0 0 0 0 0 0 0 0
