0 0 0 0 0 0 0 0 0 0 0 8 1 2 1 1 0 0 0 0
0.466983 0 0 1 0 0 0 0 0 0 0 7 1 2 0 1 0 0 0 0
3.02292 0 1 1 0 0 0 0 0 0 0 6 1 1 0 1 0 0 0 0
3.29841 0 1 1 1 0 0 0 0 0 0 5 1 1 0 0 0 0 0 0
14.8626 0 1 0 0 0 1 0 0 0 0 6 1 1 0 0 0 0 0 0
36.2924 1 1 0 0 0 1 0 0 0 0 5 0 1 0 0 0 0 0 0
49.988 1 2 0 0 0 1 0 0 0 0 4 0 0 0 0 0 0 0 0
128.444 0 1 0 0 1 1 0 0 0 0 5 0 0 0 0 0 0 0 0
140.78 0 1 0 0 0 0 1 0 0 0 6 0 0 0 0 0 0 0 0
226.275 0 1 0 0 0 1 0 0 0 0 6 0 0 0 0 1 0 0 0
257.855 0 1 0 0 1 1 0 0 0 0 5 0 0 0 0 0 0 0 0
267.395 1 1 0 0 0 1 0 0 0 0 5 0 1 0 0 0 0 0 0
270.865 1 2 0 0 0 1 0 0 0 0 4 0 0 0 0 0 0 0 0
274.046 1 2 1 0 0 0 0 0 0 0 4 0 0 0 1 0 0 0 0
285.482 1 2 1 1 0 0 0 0 0 0 3 0 0 0 0 0 0 0 0
302.137 1 2 0 0 0 1 0 0 0 0 4 0 0 0 0 0 0 0 0
314.115 0 1 0 0 1 1 0 0 0 0 5 0 0 0 0 0 0 0 0
321.217 0 1 0 0 0 0 1 0 0 0 6 0 0 0 0 0 0 0 0
336.49 0 0 0 0 0 0 0 0 1 0 7 0 0 0 0 0 0 0 0
673.185 0 0 0 0 0 0 1 0 0 0 7 0 1 0 0 0 0 0 0
676.887 0 1 0 0 0 0 1 0 0 0 6 0 0 0 0 0 0 0 0
731.889 0 0 0 0 0 0 0 0 1 0 7 0 0 0 0 0 0 0 0
1642.95 0 0 0 0 0 0 1 0 0 0 7 0 1 0 0 0 0 0 0
1657.09 0 1 0 0 0 0 1 0 0 0 6 0 0 0 0 0 0 0 0
1701.39 0 0 0 0 0 0 0 0 1 0 7 0 0 0 0 0 0 0 0
1891.49 0 0 0 0 0 0 1 0 0 0 7 0 1 0 0 0 0 0 0
1894.16 0 1 0 0 0 0 1 0 0 0 6 0 0 0 0 0 0 0 0
1950.26 0 0 0 0 0 0 0 0 1 0 7 0 0 0 0 0 0 0 0
1950.26 0 0 0 0 0 0 0 0 1 0 7 0 0 0 0 0 0 0 0
