0 0 0 0 0 0 0 0 0 0 0 8 1 2 1 1 0 0 0 0
0.507694 0 0 1 0 0 0 0 0 0 0 7 1 2 0 1 0 0 0 0
8.63652 0 1 1 0 0 0 0 0 0 0 6 1 1 0 1 0 0 0 0
12.5361 1 1 1 0 0 0 0 0 0 0 5 0 1 0 1 0 0 0 0
12.7832 1 1 1 1 0 0 0 0 0 0 4 0 1 0 0 0 0 0 0
13.0344 1 2 1 1 0 0 0 0 0 0 3 0 0 0 0 0 0 0 0
17.657 0 1 1 1 1 0 0 0 0 0 4 0 0 0 0 0 0 0 0
20.3905 1 1 1 1 0 0 0 0 0 0 4 0 1 0 0 0 0 0 0
33.1519 1 2 1 1 0 0 0 0 0 0 3 0 0 0 0 0 0 0 0
37.0918 0 1 1 1 1 0 0 0 0 0 4 0 0 0 0 0 0 0 0
51.2476 0 1 0 0 1 1 0 0 0 0 5 0 0 0 0 0 0 0 0
56.439 0 1 0 0 0 0 1 0 0 0 6 0 0 0 0 0 0 0 0
56.706 0 0 0 0 0 0 0 0 1 0 7 0 0 0 0 0 0 0 0
2151.71 0 0 0 0 0 0 1 0 0 0 7 0 1 0 0 0 0 0 0
2176.19 0 1 0 0 0 0 1 0 0 0 6 0 0 0 0 0 0 0 0
2285.78 0 0 0 0 0 0 0 0 1 0 7 0 0 0 0 0 0 0 0
2285.78 0 0 0 0 0 0 0 0 1 0 7 0 0 0 0 0 0 0 0
