0 0 0 0 0 0 0 0 0 0 0 8 1 2 1 1 0 0 0 0
4.18852 0 1 0 0 0 0 0 0 0 0 7 1 1 1 1 0 0 0 0
11.5973 1 1 0 0 0 0 0 0 0 0 6 0 1 1 1 0 0 0 0
15.9923 1 1 0 1 0 0 0 0 0 0 5 0 1 1 0 0 0 0 0
19.7876 1 2 0 1 0 0 0 0 0 0 4 0 0 1 0 0 0 0 0
25.1343 0 1 0 1 1 0 0 0 0 0 5 0 0 1 0 0 0 0 0
30.3266 0 1 1 1 1 0 0 0 0 0 4 0 0 0 0 0 0 0 0
35.1987 1 1 1 1 0 0 0 0 0 0 4 0 1 0 0 0 0 0 0
40.3208 1 2 1 1 0 0 0 0 0 0 3 0 0 0 0 0 0 0 0
58.0319 0 1 1 1 1 0 0 0 0 0 4 0 0 0 0 0 0 0 0
88.3544 0 0 1 1 0 0 0 1 0 0 5 0 0 0 0 0 0 0 0
159.585 0 0 0 0 0 1 0 1 0 0 6 0 0 0 0 0 0 0 0
222.903 0 0 0 0 0 0 0 0 0 1 7 0 0 0 0 0 0 0 0
222.903 0 0 0 0 0 0 0 0 0 1 7 0 0 0 0 0 0 0 0
