0 0 0 0 0 0 0 0 0 0 0 8 1 2 1 1 0 0 0 0
5.53469 1 0 0 0 0 0 0 0 0 0 7 0 2 1 1 0 0 0 0
9.82186 1 0 0 1 0 0 0 0 0 0 6 0 2 1 0 0 0 0 0
10.53 1 1 0 1 0 0 0 0 0 0 5 0 1 1 0 0 0 0 0
13.1426 1 1 1 1 0 0 0 0 0 0 4 0 1 0 0 0 0 0 0
21.2201 1 2 1 1 0 0 0 0 0 0 3 0 0 0 0 0 0 0 0
32.1126 0 1 1 1 1 0 0 0 0 0 4 0 0 0 0 0 0 0 0
48.0981 0 0 1 1 0 0 0 1 0 0 5 0 0 0 0 0 0 0 0
85.822 0 0 0 0 0 1 0 1 0 0 6 0 0 0 0 0 0 0 0
117.796 0 0 0 0 1 1 0 0 0 0 6 0 1 0 0 0 0 0 0
124.722 0 1 0 0 1 1 0 0 0 0 5 0 0 0 0 0 0 0 0
139.988 0 1 1 0 1 0 0 0 0 0 5 0 0 0 1 0 0 0 0
140.689 0 1 1 1 1 0 0 0 0 0 4 0 0 0 0 0 0 0 0
198.598 1 1 1 1 0 0 0 0 0 0 4 0 1 0 0 0 0 0 0
199.913 1 2 1 1 0 0 0 0 0 0 3 0 0 0 0 0 0 0 0
201.971 0 1 1 1 1 0 0 0 0 0 4 0 0 0 0 0 0 0 0
213.04 0 1 0 0 1 1 0 0 0 0 5 0 0 0 0 0 0 0 0
251.826 0 1 1 0 1 0 0 0 0 0 5 0 0 0 1 0 0 0 0
253.995 0 0 1 0 0 0 0 1 0 0 6 0 0 0 1 0 0 0 0
309.198 0 0 1 1 0 0 0 1 0 0 5 0 0 0 0 0 0 0 0
323.817 0 0 0 0 0 1 0 1 0 0 6 0 0 0 0 0 0 0 0
347.777 0 0 0 0 0 0 0 0 0 1 7 0 0 0 0 0 0 0 0
347.777 0 0 0 0 0 0 0 0 0 1 7 0 0 0 0 0 0 0 0
