0 0 0 0 0 0 0 0 0 0 0 8 1 2 1 1 0 0 0 0
0.0472452 1 0 0 0 0 0 0 0 0 0 7 0 2 1 1 0 0 0 0
0.941796 1 1 0 0 0 0 0 0 0 0 6 0 1 1 1 0 0 0 0
23.7313 1 1 0 1 0 0 0 0 0 0 5 0 1 1 0 0 0 0 0
31.7972 1 1 1 1 0 0 0 0 0 0 4 0 1 0 0 0 0 0 0
37.5922 1 2 1 1 0 0 0 0 0 0 3 0 0 0 0 0 0 0 0
43.105 0 1 1 1 1 0 0 0 0 0 4 0 0 0 0 0 0 0 0
48.5698 1 1 1 1 0 0 0 0 0 0 4 0 1 0 0 0 0 0 0
62.8299 1 1 0 0 0 1 0 0 0 0 5 0 1 0 0 0 0 0 0
66.2472 0 0 0 0 1 1 0 0 0 0 6 0 1 0 0 0 0 0 0
78.9899 0 1 0 0 1 1 0 0 0 0 5 0 0 0 0 0 0 0 0
108.596 0 1 0 0 0 0 1 0 0 0 6 0 0 0 0 0 0 0 0
111.445 0 0 0 0 0 0 0 0 1 0 7 0 0 0 0 0 0 0 0
2395.68 0 0 0 0 0 0 1 0 0 0 7 0 1 0 0 0 0 0 0
2397.86 0 1 0 0 0 0 1 0 0 0 6 0 0 0 0 0 0 0 0
2421.2 0 0 0 0 0 0 0 0 1 0 7 0 0 0 0 0 0 0 0
3531.32 0 0 0 0 0 0 1 0 0 0 7 0 1 0 0 0 0 0 0
3538.93 0 1 0 0 0 0 1 0 0 0 6 0 0 0 0 0 0 0 0
3551.11 0 0 0 0 0 0 0 0 1 0 7 0 0 0 0 0 0 0 0
3562.31 0 0 0 0 0 0 1 0 0 0 7 0 1 0 0 0 0 0 0
3573.99 0 1 0 0 0 0 1 0 0 0 6 0 0 0 0 0 0 0 0
3674.37 0 0 0 0 0 0 0 0 1 0 7 0 0 0 0 0 0 0 0
3674.37 0 0 0 0 0 0 0 0 1 0 7 0 0 0 0 0 0 0 0
