0 0 0 0 0 0 0 0 0 0 0 8 1 2 1 1 0 0 0 0
0.35037 0 0 0 1 0 0 0 0 0 0 7 1 2 1 0 0 0 0 0
1.05335 1 0 0 1 0 0 0 0 0 0 6 0 2 1 0 0 0 0 0
5.03042 1 1 0 1 0 0 0 0 0 0 5 0 1 1 0 0 0 0 0
7.27551 0 0 0 1 1 0 0 0 0 0 6 0 1 1 0 0 0 0 0
31.424 0 1 0 1 1 0 0 0 0 0 5 0 0 1 0 0 0 0 0
34.1604 0 1 1 1 1 0 0 0 0 0 4 0 0 0 0 0 0 0 0
42.2556 1 1 1 1 0 0 0 0 0 0 4 0 1 0 0 0 0 0 0
55.1462 1 2 1 1 0 0 0 0 0 0 3 0 0 0 0 0 0 0 0
96.5344 0 1 1 1 1 0 0 0 0 0 4 0 0 0 0 0 0 0 0
99.862 0 0 1 1 0 0 0 1 0 0 5 0 0 0 0 0 0 0 0
111.762 0 0 0 0 0 1 0 1 0 0 6 0 0 0 0 0 0 0 0
143.26 0 0 0 0 1 1 0 0 0 0 6 0 1 0 0 0 0 0 0
143.678 0 1 0 0 1 1 0 0 0 0 5 0 0 0 0 0 0 0 0
152.605 1 1 0 0 0 1 0 0 0 0 5 0 1 0 0 0 0 0 0
171.049 1 2 0 0 0 1 0 0 0 0 4 0 0 0 0 0 0 0 0
188.463 0 1 0 0 1 1 0 0 0 0 5 0 0 0 0 0 0 0 0
192.643 0 0 0 0 0 1 0 1 0 0 6 0 0 0 0 0 0 0 0
242.209 0 0 0 0 0 0 0 0 0 1 7 0 0 0 0 0 0 0 0
717.939 0 0 0 0 0 1 0 0 0 0 7 0 0 0 0 0 0 0 1
729.762 0 0 0 0 0 1 0 1 0 0 6 0 0 0 0 0 0 0 0
781.378 0 0 0 0 0 0 0 0 0 1 7 0 0 0 0 0 0 0 0
1136.82 0 0 0 0 0 1 0 0 0 0 7 0 0 0 0 0 0 0 1
1137.59 0 0 0 0 0 1 0 1 0 0 6 0 0 0 0 0 0 0 0
1151.45 0 0 0 0 0 0 0 0 0 1 7 0 0 0 0 0 0 0 0
3643.27 0 0 0 0 0 1 0 0 0 0 7 0 0 0 0 0 0 0 1
3649.73 0 0 0 0 0 1 0 1 0 0 6 0 0 0 0 0 0 0 0
3652.4 0 0 0 0 1 1 0 0 0 0 6 0 1 0 0 0 0 0 0
3683.77 0 1 0 0 1 1 0 0 0 0 5 0 0 0 0 0 0 0 0
3700.42 1 1 0 0 0 1 0 0 0 0 5 0 1 0 0 0 0 0 0
3713.01 1 2 0 0 0 1 0 0 0 0 4 0 0 0 0 0 0 0 0
3728.26 1 2 1 0 0 0 0 0 0 0 4 0 0 0 1 0 0 0 0
3731.62 0 1 1 0 1 0 0 0 0 0 5 0 0 0 1 0 0 0 0
3748.71 0 1 1 1 1 0 0 0 0 0 4 0 0 0 0 0 0 0 0
3758.21 0 1 0 0 1 1 0 0 0 0 5 0 0 0 0 0 0 0 0
3759.17 0 1 0 0 0 0 1 0 0 0 6 0 0 0 0 0 0 0 0
3937.55 0 0 0 0 0 0 0 0 1 0 7 0 0 0 0 0 0 0 0
3937.55 0 0 0 0 0 0 0 0 1 0 7 0 0 0 0 0 0 0 0
