0 0 0 0 0 0 0 0 0 0 0 8 1 2 1 1 0 0 0 0
3.38031 0 0 1 0 0 0 0 0 0 0 7 1 2 0 1 0 0 0 0
8.38977 1 0 1 0 0 0 0 0 0 0 6 0 2 0 1 0 0 0 0
9.32794 1 1 1 0 0 0 0 0 0 0 5 0 1 0 1 0 0 0 0
15.7585 1 1 1 1 0 0 0 0 0 0 4 0 1 0 0 0 0 0 0
18.4086 1 1 0 0 0 1 0 0 0 0 5 0 1 0 0 0 0 0 0
32.8184 0 0 0 0 1 1 0 0 0 0 6 0 1 0 0 0 0 0 0
34.9351 1 0 0 0 0 1 0 0 0 0 6 0 2 0 0 0 0 0 0
34.9664 1 1 0 0 0 1 0 0 0 0 5 0 1 0 0 0 0 0 0
39.0863 0 0 0 0 1 1 0 0 0 0 6 0 1 0 0 0 0 0 0
40.3388 0 1 0 0 1 1 0 0 0 0 5 0 0 0 0 0 0 0 0
68.022 0 1 1 0 1 0 0 0 0 0 5 0 0 0 1 0 0 0 0
68.3421 0 0 1 0 0 0 0 1 0 0 6 0 0 0 1 0 0 0 0
71.5141 0 0 1 0 1 0 0 0 0 0 6 0 1 0 1 0 0 0 0
75.1569 0 1 1 0 1 0 0 0 0 0 5 0 0 0 1 0 0 0 0
135.08 0 1 1 1 1 0 0 0 0 0 4 0 0 0 0 0 0 0 0
138.477 0 1 0 0 1 1 0 0 0 0 5 0 0 0 0 0 0 0 0
165.323 0 1 0 0 0 0 1 0 0 0 6 0 0 0 0 0 0 0 0
208.008 0 0 0 0 0 0 0 0 1 0 7 0 0 0 0 0 0 0 0
1676.72 0 0 0 0 0 0 1 0 0 0 7 0 1 0 0 0 0 0 0
1678.66 0 1 0 0 0 0 1 0 0 0 6 0 0 0 0 0 0 0 0
1739.57 0 0 0 0 0 0 0 0 1 0 7 0 0 0 0 0 0 0 0
3784.15 0 0 0 0 0 0 1 0 0 0 7 0 1 0 0 0 0 0 0
3793.97 0 1 0 0 0 0 1 0 0 0 6 0 0 0 0 0 0 0 0
3821.76 0 0 0 0 0 0 0 0 1 0 7 0 0 0 0 0 0 0 0
3821.76 0 0 0 0 0 0 0 0 1 0 7 0 0 0 0 0 0 0 0
