0 0 0 0 0 0 0 0 0 0 0 8 1 2 1 1 0 0 0 0
5.68123 1 0 0 0 0 0 0 0 0 0 7 0 2 1 1 0 0 0 0
5.85434 1 0 1 0 0 0 0 0 0 0 6 0 2 0 1 0 0 0 0
9.8383 1 0 1 1 0 0 0 0 0 0 5 0 2 0 0 0 0 0 0
20.2039 1 1 1 1 0 0 0 0 0 0 4 0 1 0 0 0 0 0 0
20.882 1 2 1 1 0 0 0 0 0 0 3 0 0 0 0 0 0 0 0
33.7729 0 1 1 1 1 0 0 0 0 0 4 0 0 0 0 0 0 0 0
45.635 0 0 1 1 0 0 0 1 0 0 5 0 0 0 0 0 0 0 0
49.1907 0 0 0 0 0 1 0 1 0 0 6 0 0 0 0 0 0 0 0
74.0527 0 0 1 0 0 0 0 1 0 0 6 0 0 0 1 0 0 0 0
104.257 0 0 1 1 0 0 0 1 0 0 5 0 0 0 0 0 0 0 0
143.147 0 0 0 0 0 1 0 1 0 0 6 0 0 0 0 0 0 0 0
305.82 0 0 0 0 0 0 0 0 0 1 7 0 0 0 0 0 0 0 0
305.82 0 0 0 0 0 0 0 0 0 1 7 0 0 0 0 0 0 0 0
