0 0 0 0 0 0 0 0 0 0 0 8 1 2 1 1 0 0 0 0
1.896 1 0 0 0 0 0 0 0 0 0 7 0 2 1 1 0 0 0 0
1.99999 1 1 0 0 0 0 0 0 0 0 6 0 1 1 1 0 0 0 0
8.52606 1 1 0 1 0 0 0 0 0 0 5 0 1 1 0 0 0 0 0
26.1681 1 2 0 1 0 0 0 0 0 0 4 0 0 1 0 0 0 0 0
37.7985 1 2 1 1 0 0 0 0 0 0 3 0 0 0 0 0 0 0 0
83.1256 1 2 0 0 0 1 0 0 0 0 4 0 0 0 0 0 0 0 0
208.258 0 1 0 0 1 1 0 0 0 0 5 0 0 0 0 0 0 0 0
209.059 1 1 0 0 0 1 0 0 0 0 5 0 1 0 0 0 0 0 0
214.708 1 1 1 0 0 0 0 0 0 0 5 0 1 0 1 0 0 0 0
218.182 0 0 1 0 1 0 0 0 0 0 6 0 1 0 1 0 0 0 0
231.641 0 1 1 0 1 0 0 0 0 0 5 0 0 0 1 0 0 0 0
235.083 1 1 1 0 0 0 0 0 0 0 5 0 1 0 1 0 0 0 0
235.706 1 1 1 1 0 0 0 0 0 0 4 0 1 0 0 0 0 0 0
252.435 0 0 1 1 1 0 0 0 0 0 5 0 1 0 0 0 0 0 0
255.045 1 0 1 1 0 0 0 0 0 0 5 0 2 0 0 0 0 0 0
263.073 1 1 1 1 0 0 0 0 0 0 4 0 1 0 0 0 0 0 0
276.014 1 1 0 0 0 1 0 0 0 0 5 0 1 0 0 0 0 0 0
280.45 1 2 0 0 0 1 0 0 0 0 4 0 0 0 0 0 0 0 0
316.646 1 2 1 0 0 0 0 0 0 0 4 0 0 0 1 0 0 0 0
319.68 1 2 1 1 0 0 0 0 0 0 3 0 0 0 0 0 0 0 0
335.071 1 2 0 0 0 1 0 0 0 0 4 0 0 0 0 0 0 0 0
357.903 0 1 0 0 1 1 0 0 0 0 5 0 0 0 0 0 0 0 0
365.048 0 0 0 0 0 1 0 1 0 0 6 0 0 0 0 0 0 0 0
417.608 0 0 0 0 0 0 0 0 0 1 7 0 0 0 0 0 0 0 0
1893.14 0 0 0 0 0 1 0 0 0 0 7 0 0 0 0 0 0 0 1
1903.2 0 0 0 0 0 1 0 1 0 0 6 0 0 0 0 0 0 0 0
1993.45 0 0 0 0 0 0 0 0 0 1 7 0 0 0 0 0 0 0 0
1993.45 0 0 0 0 0 0 0 0 0 1 7 0 0 0 0 0 0 0 0
