0 0 0 0 0 0 0 0 0 0 0 8 1 2 1 1 0 0 0 0
3.17154 0 0 0 1 0 0 0 0 0 0 7 1 2 1 0 0 0 0 0
4.05349 0 1 0 1 0 0 0 0 0 0 6 1 1 1 0 0 0 0 0
6.38844 1 1 0 1 0 0 0 0 0 0 5 0 1 1 0 0 0 0 0
10.0878 1 2 0 1 0 0 0 0 0 0 4 0 0 1 0 0 0 0 0
24.5449 1 2 1 1 0 0 0 0 0 0 3 0 0 0 0 0 0 0 0
54.5072 0 1 1 1 1 0 0 0 0 0 4 0 0 0 0 0 0 0 0
88.2071 0 1 0 0 1 1 0 0 0 0 5 0 0 0 0 0 0 0 0
104.893 1 1 0 0 0 1 0 0 0 0 5 0 1 0 0 0 0 0 0
146.486 1 2 0 0 0 1 0 0 0 0 4 0 0 0 0 0 0 0 0
160.277 0 1 0 0 1 1 0 0 0 0 5 0 0 0 0 0 0 0 0
167.491 1 1 0 0 0 1 0 0 0 0 5 0 1 0 0 0 0 0 0
176.737 1 2 0 0 0 1 0 0 0 0 4 0 0 0 0 0 0 0 0
199.108 0 1 0 0 1 1 0 0 0 0 5 0 0 0 0 0 0 0 0
255.173 0 1 0 0 0 0 1 0 0 0 6 0 0 0 0 0 0 0 0
332.884 0 0 0 0 0 0 0 0 1 0 7 0 0 0 0 0 0 0 0
3769.52 0 0 0 0 0 0 1 0 0 0 7 0 1 0 0 0 0 0 0
3770.17 0 1 0 0 0 0 1 0 0 0 6 0 0 0 0 0 0 0 0
3857.78 0 0 0 0 0 0 0 0 1 0 7 0 0 0 0 0 0 0 0
3932.5 0 0 0 0 0 0 1 0 0 0 7 0 1 0 0 0 0 0 0
3932.83 0 1 0 0 0 0 1 0 0 0 6 0 0 0 0 0 0 0 0
3956.71 0 0 0 0 0 0 0 0 1 0 7 0 0 0 0 0 0 0 0
3956.71 0 0 0 0 0 0 0 0 1 0 7 0 0 0 0 0 0 0 0
