0 0 0 0 0 0 0 0 0 0 0 8 1 2 1 1 0 0 0 0
4.2935 0 1 0 0 0 0 0 0 0 0 7 1 1 1 1 0 0 0 0
7.23068 0 1 0 1 0 0 0 0 0 0 6 1 1 1 0 0 0 0 0
27.6543 0 2 0 1 0 0 0 0 0 0 5 1 0 1 0 0 0 0 0
44.5794 0 2 1 1 0 0 0 0 0 0 4 1 0 0 0 0 0 0 0
53.7602 1 2 1 1 0 0 0 0 0 0 3 0 0 0 0 0 0 0 0
53.8176 0 1 1 1 1 0 0 0 0 0 4 0 0 0 0 0 0 0 0
100.349 1 1 1 1 0 0 0 0 0 0 4 0 1 0 0 0 0 0 0
110.44 1 2 1 1 0 0 0 0 0 0 3 0 0 0 0 0 0 0 0
115.403 0 1 1 1 1 0 0 0 0 0 4 0 0 0 0 0 0 0 0
122.949 0 0 1 1 0 0 0 1 0 0 5 0 0 0 0 0 0 0 0
137.608 0 0 1 1 1 0 0 0 0 0 5 0 1 0 0 0 0 0 0
155.229 0 1 1 1 1 0 0 0 0 0 4 0 0 0 0 0 0 0 0
163.211 0 0 1 1 0 0 0 1 0 0 5 0 0 0 0 0 0 0 0
262.905 0 0 0 0 0 1 0 1 0 0 6 0 0 0 0 0 0 0 0
268.715 0 0 0 0 0 0 0 0 0 1 7 0 0 0 0 0 0 0 0
268.715 0 0 0 0 0 0 0 0 0 1 7 0 0 0 0 0 0 0 0
