0.06400 3.64800 4 0 0 0 -1 0 0 0 1 0 0 0 0 
1.02400 4.57601 4 0 0 0 -1 0 0 0 1 0 0 0 0 
2.30400 4.83201 2 0 -1 0 0 0 1 0 0 0 0 0 0 
2.97600 4.51201 4 0 0 0 -1 0 0 0 1 0 0 0 0 
5.72801 4.70397 1 -1 0 0 0 1 0 0 0 0 0 0 0 
6.59201 4.47996 2 0 -1 0 0 0 1 0 0 0 0 0 0 
7.74401 4.73594 1 -1 0 0 0 1 0 0 0 0 0 0 0 
12.09596 4.35194 3 0 0 -1 0 0 0 1 0 0 0 0 0 
19.03987 4.19195 1 -1 0 0 0 1 0 0 0 0 0 0 0 
33.69578 4.60822 2 0 -1 0 0 0 1 0 0 0 0 0 0 
48.44847 7.74436 5 0 0 0 0 -1 -1 0 0 1 0 0 0 
51.96864 4.35220 2 0 -1 0 0 0 1 0 0 0 0 0 0 
47.74443 9.56845 5 0 0 0 0 -1 -1 0 0 1 0 0 0 
53.21669 4.92823 2 0 -1 0 0 0 1 0 0 0 0 0 0 
60.89705 4.28806 2 0 -1 0 0 0 1 0 0 0 0 0 0 
68.83284 3.64774 3 0 0 -1 0 0 0 1 0 0 0 0 0 
65.40910 10.46324 6 0 0 0 0 0 0 -1 -1 0 1 0 0 
79.80805 10.36725 6 0 0 0 0 0 0 -1 -1 0 1 0 0 
92.47914 5.31161 3 0 0 -1 0 0 0 1 0 0 0 0 0 
106.65411 9.50331 5 0 0 0 0 -1 -1 0 0 1 0 0 0 
197.84750 8.03142 7 0 0 0 0 0 0 0 0 -1 -1 1 0 
212.88641 8.44739 8 0 0 0 0 0 -1 0 0 0 0 -1 1 
280.92535 10.40421 7 0 0 0 0 0 0 0 0 -1 -1 1 0 
303.55850 11.78076 6 0 0 0 0 0 0 -1 -1 0 1 0 0 
379.04501 7.65109 7 0 0 0 0 0 0 0 0 -1 -1 1 0 
427.38455 9.12369 8 0 0 0 0 0 -1 0 0 0 0 -1 1 
494.35562 10.30817 8 0 0 0 0 0 -1 0 0 0 0 -1 1 
