0.06400 3.64800 4 0 0 0 -1 0 0 0 1 0 0 0 0 
0.99200 4.16000 4 0 0 0 -1 0 0 0 1 0 0 0 0 
0.41600 5.21601 2 0 -1 0 0 0 1 0 0 0 0 0 0 
2.40000 4.64001 3 0 0 -1 0 0 0 1 0 0 0 0 0 
2.75200 4.57601 4 0 0 0 -1 0 0 0 1 0 0 0 0 
2.68800 4.86401 1 -1 0 0 0 1 0 0 0 0 0 0 0 
3.80800 3.90401 1 -1 0 0 0 1 0 0 0 0 0 0 0 
5.15200 4.25599 2 0 -1 0 0 0 1 0 0 0 0 0 0 
5.82401 5.50396 2 0 -1 0 0 0 1 0 0 0 0 0 0 
16.19191 3.58395 1 -1 0 0 0 1 0 0 0 0 0 0 0 
12.70395 7.32791 5 0 0 0 0 -1 -1 0 0 1 0 0 0 
17.11989 5.40793 3 0 0 -1 0 0 0 1 0 0 0 0 0 
21.31184 5.08793 2 0 -1 0 0 0 1 0 0 0 0 0 0 
31.07171 4.16014 3 0 0 -1 0 0 0 1 0 0 0 0 0 
27.55176 9.56818 6 0 0 0 0 0 0 -1 -1 0 1 0 0 
32.09570 5.95228 2 0 -1 0 0 0 1 0 0 0 0 0 0 
41.72816 7.68036 5 0 0 0 0 -1 -1 0 0 1 0 0 0 
49.44052 6.20829 2 0 -1 0 0 0 1 0 0 0 0 0 0 
44.70430 10.97651 6 0 0 0 0 0 0 -1 -1 0 1 0 0 
51.77663 8.96042 7 0 0 0 0 0 0 0 0 -1 -1 1 0 
60.80105 6.78389 8 0 0 0 0 0 -1 0 0 0 0 -1 1 
87.61549 8.28740 7 0 0 0 0 0 0 0 0 -1 -1 1 0 
100.22257 7.29547 6 0 0 0 0 0 0 -1 -1 0 1 0 0 
139.41974 8.25540 8 0 0 0 0 0 -1 0 0 0 0 -1 1 
141.27560 6.75151 5 0 0 0 0 -1 -1 0 0 1 0 0 0 
279.00458 8.45142 7 0 0 0 0 0 0 0 0 -1 -1 1 0 
368.00055 8.32336 8 0 0 0 0 0 -1 0 0 0 0 -1 1 
