0.06400 3.64800 4 0 0 0 -1 0 0 0 1 0 0 0 0 
1.05600 4.80001 4 0 0 0 -1 0 0 0 1 0 0 0 0 
0.44800 5.88801 2 0 -1 0 0 0 1 0 0 0 0 0 0 
2.17600 4.80001 2 0 -1 0 0 0 1 0 0 0 0 0 0 
4.38400 4.09600 1 -1 0 0 0 1 0 0 0 0 0 0 0 
4.64000 4.70399 4 0 0 0 -1 0 0 0 1 0 0 0 0 
4.25600 5.85598 3 0 0 -1 0 0 0 1 0 0 0 0 0 
7.58401 4.41595 1 -1 0 0 0 1 0 0 0 0 0 0 0 
7.00801 5.98394 3 0 0 -1 0 0 0 1 0 0 0 0 0 
11.07198 4.31994 2 0 -1 0 0 0 1 0 0 0 0 0 0 
15.96791 4.95994 2 0 -1 0 0 0 1 0 0 0 0 0 0 
22.94382 7.19991 5 0 0 0 0 -1 -1 0 0 1 0 0 0 
27.61576 3.87195 3 0 0 -1 0 0 0 1 0 0 0 0 0 
34.33582 5.18424 1 -1 0 0 0 1 0 0 0 0 0 0 0 
54.14474 8.16038 6 0 0 0 0 0 0 -1 -1 0 1 0 0 
54.94477 8.35239 5 0 0 0 0 -1 -1 0 0 1 0 0 0 
58.33693 9.53599 6 0 0 0 0 0 0 -1 -1 0 1 0 0 
68.86485 3.58374 2 0 -1 0 0 0 1 0 0 0 0 0 0 
70.68871 4.38368 2 0 -1 0 0 0 1 0 0 0 0 0 0 
102.04643 7.10349 7 0 0 0 0 0 0 0 0 -1 -1 1 0 
109.21392 6.71951 8 0 0 0 0 0 -1 0 0 0 0 -1 1 
144.53937 9.40732 5 0 0 0 0 -1 -1 0 0 1 0 0 0 
154.29866 12.15912 7 0 0 0 0 0 0 0 0 -1 -1 1 0 
220.11789 9.88728 8 0 0 0 0 0 -1 0 0 0 0 -1 1 
229.62120 10.43124 6 0 0 0 0 0 0 -1 -1 0 1 0 0 
