0.06400 3.64800 4 0 0 0 -1 0 0 0 1 0 0 0 0 
0.96000 4.06400 4 0 0 0 -1 0 0 0 1 0 0 0 0 
0.41600 5.37601 2 0 -1 0 0 0 1 0 0 0 0 0 0 
2.27200 4.51201 4 0 0 0 -1 0 0 0 1 0 0 0 0 
3.13600 4.44801 3 0 0 -1 0 0 0 1 0 0 0 0 0 
2.62400 6.01600 1 -1 0 0 0 1 0 0 0 0 0 0 0 
2.97600 5.85600 2 0 -1 0 0 0 1 0 0 0 0 0 0 
8.92799 5.82393 1 -1 0 0 0 1 0 0 0 0 0 0 0 
11.96796 6.11192 2 0 -1 0 0 0 1 0 0 0 0 0 0 
14.39993 4.86394 1 -1 0 0 0 1 0 0 0 0 0 0 0 
13.98393 5.40793 2 0 -1 0 0 0 1 0 0 0 0 0 0 
31.26371 4.19215 3 0 0 -1 0 0 0 1 0 0 0 0 0 
47.39242 7.64836 6 0 0 0 0 0 0 -1 -1 0 1 0 0 
53.79272 10.17648 5 0 0 0 0 -1 -1 0 0 1 0 0 0 
69.66478 8.19141 5 0 0 0 0 -1 -1 0 0 1 0 0 0 
81.75991 4.03171 2 0 -1 0 0 0 1 0 0 0 0 0 0 
94.52699 9.37532 5 0 0 0 0 -1 -1 0 0 1 0 0 0 
110.42983 3.48775 3 0 0 -1 0 0 0 1 0 0 0 0 0 
132.15627 5.91957 2 0 -1 0 0 0 1 0 0 0 0 0 0 
156.02654 9.05534 6 0 0 0 0 0 0 -1 -1 0 1 0 0 
213.78235 10.17526 6 0 0 0 0 0 0 -1 -1 0 1 0 0 
228.82126 7.58345 7 0 0 0 0 0 0 0 0 -1 -1 1 0 
287.48801 8.06726 8 0 0 0 0 0 -1 0 0 0 0 -1 1 
336.94800 12.58109 8 0 0 0 0 0 0 0 0 -1 -1 1 0
360.89368 11.65271 8 0 0 0 0 0 -1 0 0 0 0 -1 1 
