0.06400 3.64800 4 0 0 0 -1 0 0 0 1 0 0 0 0 
0.96000 3.93600 4 0 0 0 -1 0 0 0 1 0 0 0 0 
4.09600 4.44800 2 0 -1 0 0 0 1 0 0 0 0 0 0 
4.32000 4.48000 4 0 0 0 -1 0 0 0 1 0 0 0 0 
4.35200 4.54400 1 -1 0 0 0 1 0 0 0 0 0 0 0 
5.85601 6.01595 2 0 -1 0 0 0 1 0 0 0 0 0 0 
7.52001 5.24794 3 0 0 -1 0 0 0 1 0 0 0 0 0 
8.35200 4.79994 1 -1 0 0 0 1 0 0 0 0 0 0 0 
15.03992 4.67194 2 0 -1 0 0 0 1 0 0 0 0 0 0 
18.71988 3.61595 2 0 -1 0 0 0 1 0 0 0 0 0 0 
21.88783 4.63994 2 0 -1 0 0 0 1 0 0 0 0 0 0 
24.99179 4.92794 3 0 0 -1 0 0 0 1 0 0 0 0 0 
29.15174 7.71219 6 0 0 0 0 0 0 -1 -1 0 1 0 0 
37.34395 7.29634 5 0 0 0 0 -1 -1 0 0 1 0 0 0 
47.07240 5.47226 2 0 -1 0 0 0 1 0 0 0 0 0 0 
54.81676 9.53641 6 0 0 0 0 0 0 -1 -1 0 1 0 0 
101.91845 5.53560 1 -1 0 0 0 1 0 0 0 0 0 0 0 
106.55812 8.63937 5 0 0 0 0 -1 -1 0 0 1 0 0 0 
121.85300 7.45547 7 0 0 0 0 0 0 0 0 -1 -1 1 0 
125.30875 4.76766 3 0 0 -1 0 0 0 1 0 0 0 0 0 
132.28426 9.05534 7 0 0 0 0 0 0 0 0 -1 -1 1 0 
148.89105 9.59930 5 0 0 0 0 -1 -1 0 0 1 0 0 0 
185.17642 8.19141 8 0 0 0 0 0 -1 0 0 0 0 -1 1 
440.82999 10.02005 8 0 0 0 0 0 -1 0 0 0 0 -1 1 
479.02142 7.10687 6 0 0 0 0 0 0 -1 -1 0 1 0 0 
653.48499 10.52222 7 0 0 0 0 0 0 0 0 -1 -1 1 0 
664.07117 11.32178 8 0 0 0 0 0 -1 0 0 0 0 -1 1 
