0.06400 3.64800 4 0 0 0 -1 0 0 0 1 0 0 0 0 
0.99200 4.22400 4 0 0 0 -1 0 0 0 1 0 0 0 0 
2.43200 4.28801 2 0 -1 0 0 0 1 0 0 0 0 0 0 
0.70400 6.84801 2 0 -1 0 0 0 1 0 0 0 0 0 0 
4.22400 4.28800 2 0 -1 0 0 0 1 0 0 0 0 0 0 
6.97601 5.72794 3 0 0 -1 0 0 0 1 0 0 0 0 0 
9.21599 5.66393 1 -1 0 0 0 1 0 0 0 0 0 0 0 
12.44795 5.40793 2 0 -1 0 0 0 1 0 0 0 0 0 0 
17.21589 5.63193 4 0 0 0 -1 0 0 0 1 0 0 0 0 
27.16777 3.03996 2 0 -1 0 0 0 1 0 0 0 0 0 0 
25.85579 4.44794 3 0 0 -1 0 0 0 1 0 0 0 0 0 
48.32047 7.71236 6 0 0 0 0 0 0 -1 -1 0 1 0 0 
81.21595 4.09570 3 0 0 -1 0 0 0 1 0 0 0 0 0 
83.80776 7.29547 5 0 0 0 0 -1 -1 0 0 1 0 0 0 
89.53535 8.09541 6 0 0 0 0 0 0 -1 -1 0 1 0 0 
117.50133 2.01585 1 -1 0 0 0 1 0 0 0 0 0 0 0 
147.83513 2.87979 1 -1 0 0 0 1 0 0 0 0 0 0 0 
162.87404 9.21533 5 0 0 0 0 -1 -1 0 0 1 0 0 0 
171.67340 8.92735 6 0 0 0 0 0 0 -1 -1 0 1 0 0 
193.52782 9.88728 7 0 0 0 0 0 0 0 0 -1 -1 1 0 
203.44710 6.46353 8 0 0 0 0 0 -1 0 0 0 0 -1 1 
214.61429 4.12770 2 0 -1 0 0 0 1 0 0 0 0 0 0 
236.66069 10.68723 7 0 0 0 0 0 0 0 0 -1 -1 1 0 
244.08415 7.16748 5 0 0 0 0 -1 -1 0 0 1 0 0 0 
256.14734 7.61908 7 0 0 0 0 0 0 0 0 -1 -1 1 0 
282.20587 8.48343 8 0 0 0 0 0 -1 0 0 0 0 -1 1 
507.54492 8.57556 8 0 0 0 0 0 -1 0 0 0 0 -1 1 
