0.06400 3.64800 4 0 0 0 -1 0 0 0 1 0 0 0 0 
0.96000 4.00000 4 0 0 0 -1 0 0 0 1 0 0 0 0 
0.44800 5.50401 2 0 -1 0 0 0 1 0 0 0 0 0 0 
2.30400 4.28801 4 0 0 0 -1 0 0 0 1 0 0 0 0 
3.23200 4.57601 1 -1 0 0 0 1 0 0 0 0 0 0 0 
4.51200 5.50398 2 0 -1 0 0 0 1 0 0 0 0 0 0 
4.19200 5.91998 2 0 -1 0 0 0 1 0 0 0 0 0 0 
7.13601 4.03196 1 -1 0 0 0 1 0 0 0 0 0 0 0 
12.28795 3.48796 3 0 0 -1 0 0 0 1 0 0 0 0 0 
13.40795 5.91992 2 0 -1 0 0 0 1 0 0 0 0 0 0 
13.59994 5.98392 2 0 -1 0 0 0 1 0 0 0 0 0 0 
17.02390 4.54394 3 0 0 -1 0 0 0 1 0 0 0 0 0 
15.48791 9.72788 5 0 0 0 0 -1 -1 0 0 1 0 0 0 
21.59983 5.72793 6 0 0 0 0 0 0 -1 -1 0 1 0 0 
20.19185 8.03190 5 0 0 0 0 -1 -1 0 0 1 0 0 0 
34.49582 4.80022 3 0 0 -1 0 0 0 1 0 0 0 0 0 
40.54410 10.46449 6 0 0 0 0 0 0 -1 -1 0 1 0 0 
57.72890 5.28025 1 -1 0 0 0 1 0 0 0 0 0 0 0 
71.84062 9.02335 7 0 0 0 0 0 0 0 0 -1 -1 1 0 
74.01647 8.51138 7 0 0 0 0 0 0 0 0 -1 -1 1 0 
99.64661 8.44739 8 0 0 0 0 0 -1 0 0 0 0 -1 1 
103.80632 5.18362 2 0 -1 0 0 0 1 0 0 0 0 0 0 
103.26235 10.30325 8 0 0 0 0 0 -1 0 0 0 0 -1 1 
104.76624 9.24733 5 0 0 0 0 -1 -1 0 0 1 0 0 0 
512.63440 12.02539 6 0 0 0 0 0 0 -1 -1 0 1 0 0 
556.61023 8.25146 7 0 0 0 0 0 0 0 0 -1 -1 1 0 
698.19641 8.82715 8 0 0 0 0 0 -1 0 0 0 0 -1 1 
