0.06400 3.64800 4 0 0 0 -1 0 0 0 1 0 0 0 0 
0.96000 3.87200 4 0 0 0 -1 0 0 0 1 0 0 0 0 
0.44800 6.20801 2 0 -1 0 0 0 1 0 0 0 0 0 0 
3.96800 4.09601 2 0 -1 0 0 0 1 0 0 0 0 0 0 
3.20000 5.76000 4 0 0 0 -1 0 0 0 1 0 0 0 0 
3.29600 5.72800 1 -1 0 0 0 1 0 0 0 0 0 0 0 
4.44800 4.89599 2 0 -1 0 0 0 1 0 0 0 0 0 0 
6.88001 3.83997 2 0 -1 0 0 0 1 0 0 0 0 0 0 
7.26401 4.41595 1 -1 0 0 0 1 0 0 0 0 0 0 0 
7.42401 5.63194 3 0 0 -1 0 0 0 1 0 0 0 0 0 
9.75999 4.28794 2 0 -1 0 0 0 1 0 0 0 0 0 0 
9.08800 9.37588 5 0 0 0 0 -1 -1 0 0 1 0 0 0 
15.58391 7.93590 6 0 0 0 0 0 0 -1 -1 0 1 0 0 
22.27183 9.82388 5 0 0 0 0 -1 -1 0 0 1 0 0 0 
34.94384 4.00019 3 0 0 -1 0 0 0 1 0 0 0 0 0 
39.71206 5.28025 2 0 -1 0 0 0 1 0 0 0 0 0 0 
41.53615 4.70422 1 -1 0 0 0 1 0 0 0 0 0 0 0 
54.04873 7.64836 7 0 0 0 0 0 0 0 0 -1 -1 1 0 
60.96105 10.04764 6 0 0 0 0 0 0 -1 -1 0 1 0 0 
74.30445 4.79965 3 0 0 -1 0 0 0 1 0 0 0 0 0 
140.76364 10.55923 8 0 0 0 0 0 -1 0 0 0 0 -1 1 
156.76248 8.86336 7 0 0 0 0 0 0 0 0 -1 -1 1 0 
160.09024 7.16748 5 0 0 0 0 -1 -1 0 0 1 0 0 0 
160.89018 8.86336 8 0 0 0 0 0 -1 0 0 0 0 -1 1 
186.93629 6.75151 6 0 0 0 0 0 0 -1 -1 0 1 0 0