0.06400 3.64800 4 0 0 0 -1 0 0 0 1 0 0 0 0 
0.44800 5.69601 2 0 -1 0 0 0 1 0 0 0 0 0 0 
2.46400 4.25601 3 0 0 -1 0 0 0 1 0 0 0 0 0 
2.62400 4.38401 4 0 0 0 -1 0 0 0 1 0 0 0 0 
2.33600 4.80001 1 -1 0 0 0 1 0 0 0 0 0 0 0 
4.73600 6.20797 1 -1 0 0 0 1 0 0 0 0 0 0 0 
7.26401 5.24794 3 0 0 -1 0 0 0 1 0 0 0 0 0 
8.73600 4.99194 2 0 -1 0 0 0 1 0 0 0 0 0 0 
13.88793 2.46397 4 0 0 0 -1 0 0 0 1 0 0 0 0 
17.02390 2.97596 2 0 -1 0 0 0 1 0 0 0 0 0 0 
16.70390 4.95994 2 0 -1 0 0 0 1 0 0 0 0 0 0 
23.26382 5.37593 2 0 -1 0 0 0 1 0 0 0 0 0 0 
39.23204 7.87237 5 0 0 0 0 -1 -1 0 0 1 0 0 0 
47.71244 4.92823 3 0 0 -1 0 0 0 1 0 0 0 0 0 
50.33656 4.35220 1 -1 0 0 0 1 0 0 0 0 0 0 0 
51.52062 4.57621 2 0 -1 0 0 0 1 0 0 0 0 0 0 
62.46513 8.31958 6 0 0 0 0 0 0 -1 -1 0 1 0 0 
78.43215 11.07120 6 0 0 0 0 0 0 -1 -1 0 1 0 0 
89.37536 7.32747 5 0 0 0 0 -1 -1 0 0 1 0 0 0 
89.56735 7.93542 7 0 0 0 0 0 0 0 0 -1 -1 1 0 
114.55753 8.86336 8 0 0 0 0 0 -1 0 0 0 0 -1 1 
125.78872 8.54339 5 0 0 0 0 -1 -1 0 0 1 0 0 0 
193.46382 9.91928 7 0 0 0 0 0 0 0 0 -1 -1 1 0 
203.44710 14.30296 8 0 0 0 0 0 -1 0 0 0 0 -1 1 
658.50623 9.56274 6 0 0 0 0 0 0 -1 -1 0 1 0 0 
706.22400 8.50732 7 0 0 0 0 0 0 0 0 -1 -1 1 0 
802.17126 7.16406 8 0 0 0 0 0 -1 0 0 0 0 -1 1 
