0.06400 3.64800 4 0 0 0 -1 0 0 0 1 0 0 0 0 
0.96000 4.12800 4 0 0 0 -1 0 0 0 1 0 0 0 0 
0.41600 5.37601 2 0 -1 0 0 0 1 0 0 0 0 0 0 
2.81600 4.35201 4 0 0 0 -1 0 0 0 1 0 0 0 0 
2.62400 4.80001 1 -1 0 0 0 1 0 0 0 0 0 0 0 
4.25601 4.86399 1 -1 0 0 0 1 0 0 0 0 0 0 0 
4.51200 5.05599 2 0 -1 0 0 0 1 0 0 0 0 0 0 
5.47201 4.28798 2 0 -1 0 0 0 1 0 0 0 0 0 0 
13.37594 4.19195 2 0 -1 0 0 0 1 0 0 0 0 0 0 
13.53594 4.51194 2 0 -1 0 0 0 1 0 0 0 0 0 0 
18.11188 5.27993 3 0 0 -1 0 0 0 1 0 0 0 0 0 
22.14383 3.80795 3 0 0 -1 0 0 0 1 0 0 0 0 0 
25.98378 7.90401 6 0 0 0 0 0 0 -1 -1 0 1 0 0 
29.43974 9.37628 6 0 0 0 0 0 0 -1 -1 0 1 0 0 
32.25571 7.87237 5 0 0 0 0 -1 -1 0 0 1 0 0 0 
45.24833 10.56049 5 0 0 0 0 -1 -1 0 0 1 0 0 0 
55.39280 4.96023 1 -1 0 0 0 1 0 0 0 0 0 0 0 
58.81695 7.32809 7 0 0 0 0 0 0 0 0 -1 -1 1 0 
61.76109 8.60765 7 0 0 0 0 0 0 0 0 -1 -1 1 0 
104.92623 9.15134 8 0 0 0 0 0 -1 0 0 0 0 -1 1 
140.05969 3.80772 2 0 -1 0 0 0 1 0 0 0 0 0 0 
142.61951 9.85529 8 0 0 0 0 0 -1 0 0 0 0 -1 1 
143.89941 11.45517 5 0 0 0 0 -1 -1 0 0 1 0 0 0 
160.60220 5.15163 3 0 0 -1 0 0 0 1 0 0 0 0 0 
343.44662 9.76395 6 0 0 0 0 0 0 -1 -1 0 1 0 0 
384.74332 8.96362 7 0 0 0 0 0 0 0 0 -1 -1 1 0 
487.72894 7.04285 8 0 0 0 0 0 -1 0 0 0 0 -1 1 
