0.06400 3.64800 4 0 0 0 -1 0 0 0 1 0 0 0 0 
0.96000 4.09600 4 0 0 0 -1 0 0 0 1 0 0 0 0 
0.44800 6.01601 2 0 -1 0 0 0 1 0 0 0 0 0 0 
2.40000 4.99201 3 0 0 -1 0 0 0 1 0 0 0 0 0 
4.76801 4.41599 4 0 0 0 -1 0 0 0 1 0 0 0 0 
5.85601 5.47196 2 0 -1 0 0 0 1 0 0 0 0 0 0 
7.29601 5.27994 2 0 -1 0 0 0 1 0 0 0 0 0 0 
8.28800 4.79994 2 0 -1 0 0 0 1 0 0 0 0 0 0 
9.31200 4.51194 2 0 -1 0 0 0 1 0 0 0 0 0 0 
10.39998 4.63994 1 -1 0 0 0 1 0 0 0 0 0 0 0 
11.35996 4.06395 1 -1 0 0 0 1 0 0 0 0 0 0 0 
16.41590 9.59988 5 0 0 0 0 -1 -1 0 0 1 0 0 0 
22.04783 4.76794 3 0 0 -1 0 0 0 1 0 0 0 0 0 
36.67192 3.00814 2 0 -1 0 0 0 1 0 0 0 0 0 0 
56.09683 7.90437 5 0 0 0 0 -1 -1 0 0 1 0 0 0 
58.46493 6.84817 6 0 0 0 0 0 0 -1 -1 0 1 0 0 
102.23843 3.83972 1 -1 0 0 0 1 0 0 0 0 0 0 0 
101.85445 7.77544 7 0 0 0 0 0 0 0 0 -1 -1 1 0 
106.11014 10.27126 5 0 0 0 0 -1 -1 0 0 1 0 0 0 
113.50160 4.60767 3 0 0 -1 0 0 0 1 0 0 0 0 0 
109.69389 9.24733 8 0 0 0 0 0 -1 0 0 0 0 -1 1 
115.80544 8.31940 6 0 0 0 0 0 0 -1 -1 0 1 0 0 
137.01991 10.17526 6 0 0 0 0 0 0 -1 -1 0 1 0 0 
166.77776 8.54338 7 0 0 0 0 0 0 0 0 -1 -1 1 0 
179.96080 9.34332 8 0 0 0 0 0 -1 0 0 0 0 -1 1 
331.31372 8.80356 7 0 0 0 0 0 0 0 0 -1 -1 1 0 
397.83661 9.05966 8 0 0 0 0 0 -1 0 0 0 0 -1 1 
