0.06400 3.64800 4 0 0 0 -1 0 0 0 1 0 0 0 0 
0.44800 4.38400 2 0 -1 0 0 0 1 0 0 0 0 0 0 
0.96000 3.90400 4 0 0 0 -1 0 0 0 1 0 0 0 0 
2.20800 4.70401 2 0 -1 0 0 0 1 0 0 0 0 0 0 
2.43200 5.53601 3 0 0 -1 0 0 0 1 0 0 0 0 0 
3.36000 4.92801 2 0 -1 0 0 0 1 0 0 0 0 0 0 
4.44800 4.25600 2 0 -1 0 0 0 1 0 0 0 0 0 0 
4.03200 4.92800 2 0 -1 0 0 0 1 0 0 0 0 0 0 
6.62401 5.40795 4 0 0 0 -1 0 0 0 1 0 0 0 0 
11.96796 5.69593 1 -1 0 0 0 1 0 0 0 0 0 0 0 
20.92785 5.15193 1 -1 0 0 0 1 0 0 0 0 0 0 0 
23.83981 5.95192 3 0 0 -1 0 0 0 1 0 0 0 0 0 
27.93576 7.68011 5 0 0 0 0 -1 -1 0 0 1 0 0 0 
31.71171 7.29632 5 0 0 0 0 -1 -1 0 0 1 0 0 0 
35.00784 9.15243 6 0 0 0 0 0 0 -1 -1 0 1 0 0 
44.22427 12.35258 7 0 0 0 0 0 0 0 0 -1 -1 1 0 
58.68895 4.44821 3 0 0 -1 0 0 0 1 0 0 0 0 0 
64.32117 4.15970 1 -1 0 0 0 1 0 0 0 0 0 0 0 
63.29716 10.43133 8 0 0 0 0 0 -1 0 0 0 0 -1 1 
64.22517 11.64716 6 0 0 0 0 0 0 -1 -1 0 1 0 0 
71.77663 9.15134 5 0 0 0 0 -1 -1 0 0 1 0 0 0 
80.95997 3.99971 2 0 -1 0 0 0 1 0 0 0 0 0 0 
85.95161 9.37532 7 0 0 0 0 0 0 0 0 -1 -1 1 0 
183.54454 9.43932 6 0 0 0 0 0 0 -1 -1 0 1 0 0 
226.22945 7.26347 7 0 0 0 0 0 0 0 0 -1 -1 1 0 
232.37300 9.43932 8 0 0 0 0 0 -1 0 0 0 0 -1 1 
266.51953 7.39499 8 0 0 0 0 0 -1 0 0 0 0 -1 1 
