0.06400 3.61600 4 0 0 0 -1 0 0 0 1 0 0 0 0 
0.96000 3.90400 4 0 0 0 -1 0 0 0 1 0 0 0 0 
0.44800 6.24001 2 0 -1 0 0 0 1 0 0 0 0 0 0 
2.11200 5.21601 2 0 -1 0 0 0 1 0 0 0 0 0 0 
3.23200 5.98399 4 0 0 0 -1 0 0 0 1 0 0 0 0 
4.16000 5.31199 1 -1 0 0 0 1 0 0 0 0 0 0 0 
5.15201 4.76798 2 0 -1 0 0 0 1 0 0 0 0 0 0 
8.51200 3.96795 1 -1 0 0 0 1 0 0 0 0 0 0 0 
10.04798 4.67194 2 0 -1 0 0 0 1 0 0 0 0 0 0 
16.22391 5.21593 3 0 0 -1 0 0 0 1 0 0 0 0 0 
16.51190 5.40793 2 0 -1 0 0 0 1 0 0 0 0 0 0 
30.65572 3.04006 2 0 -1 0 0 0 1 0 0 0 0 0 0 
34.81583 4.22420 3 0 0 -1 0 0 0 1 0 0 0 0 0 
31.29572 9.34439 5 0 0 0 0 -1 -1 0 0 1 0 0 0 
40.86411 9.34444 6 0 0 0 0 0 0 -1 -1 0 1 0 0 
51.36061 8.12838 6 0 0 0 0 0 0 -1 -1 0 1 0 0 
52.03264 8.60840 5 0 0 0 0 -1 -1 0 0 1 0 0 0 
64.54515 10.39925 7 0 0 0 0 0 0 0 0 -1 -1 1 0 
74.97639 10.81522 8 0 0 0 0 0 -1 0 0 0 0 -1 1 
116.82938 4.22369 3 0 0 -1 0 0 0 1 0 0 0 0 0 
148.34709 4.51167 1 -1 0 0 0 1 0 0 0 0 0 0 0 
183.96051 7.03949 5 0 0 0 0 -1 -1 0 0 1 0 0 0 
367.29626 10.34018 6 0 0 0 0 0 0 -1 -1 0 1 0 0 
375.71567 7.74713 7 0 0 0 0 0 0 0 0 -1 -1 1 0 
383.46280 8.51544 7 0 0 0 0 0 0 0 0 -1 -1 1 0 
415.09158 8.57947 8 0 0 0 0 0 -1 0 0 0 0 -1 1 
542.88977 8.47534 8 0 0 0 0 0 -1 0 0 0 0 -1 1 
