0.06400 3.64800 4 0 0 0 -1 0 0 0 1 0 0 0 0 
0.99200 4.09600 4 0 0 0 -1 0 0 0 1 0 0 0 0 
0.41600 5.34401 2 0 -1 0 0 0 1 0 0 0 0 0 0 
2.75200 4.44801 1 -1 0 0 0 1 0 0 0 0 0 0 0 
3.52000 3.90401 2 0 -1 0 0 0 1 0 0 0 0 0 0 
4.70400 4.83199 4 0 0 0 -1 0 0 0 1 0 0 0 0 
6.24000 5.40796 2 0 -1 0 0 0 1 0 0 0 0 0 0 
6.43201 5.85595 1 -1 0 0 0 1 0 0 0 0 0 0 0 
7.58401 6.14393 2 0 -1 0 0 0 1 0 0 0 0 0 0 
17.98389 9.05588 5 0 0 0 0 -1 -1 0 0 1 0 0 0 
24.28781 5.91992 2 0 -1 0 0 0 1 0 0 0 0 0 0 
27.42376 5.56799 2 0 -1 0 0 0 1 0 0 0 0 0 0 
27.07177 6.43200 3 0 0 -1 0 0 0 1 0 0 0 0 0 
35.00785 10.75250 5 0 0 0 0 -1 -1 0 0 1 0 0 0 
33.66378 13.50463 6 0 0 0 0 0 0 -1 -1 0 1 0 0 
48.09646 4.38420 1 -1 0 0 0 1 0 0 0 0 0 0 0 
73.92048 5.40761 3 0 0 -1 0 0 0 1 0 0 0 0 0 
84.60770 3.96771 3 0 0 -1 0 0 0 1 0 0 0 0 0 
96.03088 6.94350 5 0 0 0 0 -1 -1 0 0 1 0 0 0 
157.05046 6.55952 6 0 0 0 0 0 0 -1 -1 0 1 0 0 
194.00778 7.93542 6 0 0 0 0 0 0 -1 -1 0 1 0 0 
202.00720 9.82329 7 0 0 0 0 0 0 0 0 -1 -1 1 0 
208.59872 9.66330 7 0 0 0 0 0 0 0 0 -1 -1 1 0 
214.58229 7.32747 7 0 0 0 0 0 0 0 0 -1 -1 1 0 
234.48485 9.47131 8 0 0 0 0 0 -1 0 0 0 0 -1 1 
265.14297 7.71512 8 0 0 0 0 0 -1 0 0 0 0 -1 1 
321.16562 9.73193 8 0 0 0 0 0 -1 0 0 0 0 -1 1 
