0 3 6 3 3 0 0 0 0 0 0
5.3244 2 5 3 3 1 0 0 0 0 0
28.6065 2 5 2 2 1 1 0 0 0 0
35.1656 3 6 2 2 0 1 0 0 0 0
40.286 2 5 2 2 1 1 0 0 0 0
42.4436 1 4 2 2 2 1 0 0 0 0
57.9492 1 4 2 2 1 0 1 0 0 0
58.6056 1 3 2 2 1 0 0 0 1 0
62.1165 1 3 1 1 1 1 0 0 1 0
65.0927 1 2 1 1 0 1 0 1 1 0
92.623 0 1 1 1 1 1 0 1 1 0
94.1525 0 2 1 1 2 1 0 0 1 0
106.251 0 2 1 1 1 0 1 0 1 0
116.001 0 1 1 1 0 0 1 1 1 0
124.046 0 2 1 1 1 0 1 0 1 0
142.497 1 3 1 1 0 0 1 0 1 0
188.83 1 2 1 1 0 0 0 0 2 0
192.194 0 1 1 1 1 0 0 0 2 0
227.106 0 0 1 1 0 0 0 1 2 0
229.142 0 1 1 1 1 0 0 0 2 0
260.158 1 2 1 1 0 0 0 0 2 0
271.46 0 1 1 1 1 0 0 0 2 0
352.399 1 2 1 1 0 0 0 0 2 0
470.251 1 2 0 0 0 1 0 0 2 0
470.556 1 2 1 1 0 0 0 0 2 0
506.744 0 1 1 1 1 0 0 0 2 0
507.02 0 0 1 1 0 0 0 1 2 0
595.701 0 0 0 0 0 1 0 1 2 0
621.96 0 1 0 0 1 1 0 0 2 0
625.387 0 0 0 0 0 1 0 1 2 0
637.684 0 0 0 0 0 0 0 0 2 1
1810.01 0 1 0 0 0 0 1 0 1 1
1818.19 0 0 0 0 0 0 0 0 2 1
1891.49 0 1 0 0 0 0 1 0 1 1
1981.53 0 1 0 0 1 1 0 0 1 1
1983.03 1 2 0 0 0 1 0 0 1 1
2011.61 1 2 1 1 0 0 0 0 1 1
2105.74 0 1 1 1 1 0 0 0 1 1
2133.79 0 1 0 0 1 1 0 0 1 1
2158.23 1 2 0 0 0 1 0 0 1 1
2314.9 1 2 1 1 0 0 0 0 1 1
2333.63 0 1 1 1 1 0 0 0 1 1
2392.46 1 2 1 1 0 0 0 0 1 1
2439.58 1 2 0 0 0 1 0 0 1 1
2459.95 0 1 0 0 1 1 0 0 1 1
2461.22 1 2 0 0 0 1 0 0 1 1
2498.22 0 1 0 0 1 1 0 0 1 1
2544.84 1 2 0 0 0 1 0 0 1 1
2617.29 0 1 0 0 1 1 0 0 1 1
2632.48 1 2 0 0 0 1 0 0 1 1
2637.1 0 1 0 0 1 1 0 0 1 1
2675.58 1 2 0 0 0 1 0 0 1 1
2745.98 0 1 0 0 1 1 0 0 1 1
2746.14 1 2 0 0 0 1 0 0 1 1
2775.36 0 1 0 0 1 1 0 0 1 1
2776.06 1 2 0 0 0 1 0 0 1 1
2851.54 0 1 0 0 1 1 0 0 1 1
2866.4 0 0 0 0 0 1 0 1 1 1
2895.66 0 1 0 0 1 1 0 0 1 1
2896.63 0 1 0 0 0 0 1 0 1 1
2896.63 0 1 0 0 0 0 1 0 1 1
