0 3 6 3 3 0 0 0 0 0 0
14.5833 3 6 2 2 0 1 0 0 0 0
20.6272 3 6 1 1 0 2 0 0 0 0
25.6435 2 5 1 1 1 2 0 0 0 0
38.0912 1 4 1 1 2 2 0 0 0 0
40.5559 1 4 0 0 2 3 0 0 0 0
56.1711 0 3 0 0 3 3 0 0 0 0
62.3966 0 3 0 0 2 2 1 0 0 0
63.4082 0 3 0 0 1 1 2 0 0 0
70.9807 0 3 0 0 2 2 1 0 0 0
78.6428 1 4 0 0 1 2 1 0 0 0
106.138 0 3 0 0 2 2 1 0 0 0
110.586 0 2 0 0 1 2 1 1 0 0
110.763 0 1 0 0 0 2 1 2 0 0
163.974 0 1 1 1 0 1 1 2 0 0
176.092 0 2 1 1 1 1 1 1 0 0
176.902 0 2 1 1 1 0 1 0 0 1
190.11 0 1 1 1 1 0 0 0 1 1
215.199 1 2 1 1 0 0 0 0 1 1
230.812 0 1 1 1 1 0 0 0 1 1
230.973 0 0 1 1 0 0 0 1 1 1
244.824 0 0 0 0 0 1 0 1 1 1
279.709 0 0 0 0 0 0 0 0 1 2
1719.73 0 1 0 0 0 0 1 0 0 2
1883.4 0 1 0 0 1 1 0 0 0 2
1916.64 1 2 0 0 0 1 0 0 0 2
1964.67 0 1 0 0 1 1 0 0 0 2
1975.15 0 1 1 1 1 0 0 0 0 2
1985.07 1 2 1 1 0 0 0 0 0 2
2068.42 1 2 0 0 0 1 0 0 0 2
2134.6 0 1 0 0 1 1 0 0 0 2
2150.88 0 1 0 0 0 0 1 0 0 2
2300.2 0 1 0 0 0 1 1 1 0 1
2322.93 0 1 1 1 0 0 1 1 0 1
2325.91 0 1 0 0 0 1 1 1 0 1
2373.78 0 2 0 0 1 1 1 0 0 1
2384.46 0 2 0 0 2 2 0 0 0 1
2384.75 0 2 1 1 2 1 0 0 0 1
2419.11 0 2 1 1 1 0 1 0 0 1
2447.71 0 1 1 1 1 0 0 0 1 1
2454.88 1 2 1 1 0 0 0 0 1 1
2471.83 0 1 1 1 1 0 0 0 1 1
2480.37 0 0 1 1 0 0 0 1 1 1
2481.13 0 1 1 1 1 0 0 0 1 1
2481.78 0 1 0 0 1 1 0 0 1 1
2520.37 0 0 0 0 0 1 0 1 1 1
2530.36 0 1 0 0 1 1 0 0 1 1
2556.43 0 1 1 1 1 0 0 0 1 1
2565.92 1 2 1 1 0 0 0 0 1 1
2591.15 1 2 0 0 0 1 0 0 1 1
2594.07 1 2 1 1 0 0 0 0 1 1
2619.09 0 1 1 1 1 0 0 0 1 1
2629.69 1 2 1 1 0 0 0 0 1 1
2674.87 1 2 0 0 0 1 0 0 1 1
2691.3 0 1 0 0 1 1 0 0 1 1
2692.87 1 2 0 0 0 1 0 0 1 1
2899.45 0 1 0 0 1 1 0 0 1 1
2912.53 1 2 0 0 0 1 0 0 1 1
2914.6 0 1 0 0 1 1 0 0 1 1
2950.82 0 1 1 1 1 0 0 0 1 1
2960.78 1 2 1 1 0 0 0 0 1 1
2960.78 1 2 1 1 0 0 0 0 1 1
