0 3 6 3 3 0 0 0 0 0 0
29.3341 2 5 3 3 1 0 0 0 0 0
31.2813 2 5 2 2 1 1 0 0 0 0
31.8366 2 5 1 1 1 2 0 0 0 0
32.7132 1 4 1 1 2 2 0 0 0 0
55.6196 1 3 1 1 1 2 0 1 0 0
65.923 2 4 1 1 0 2 0 1 0 0
69.2864 2 4 0 0 0 3 0 1 0 0
115.513 1 3 0 0 1 3 0 1 0 0
118.924 1 3 0 0 0 2 1 1 0 0
125.332 1 2 0 0 0 2 0 1 1 0
126.179 1 3 0 0 1 2 0 0 1 0
151.902 0 2 0 0 2 2 0 0 1 0
151.977 1 3 0 0 1 2 0 0 1 0
163.48 1 3 1 1 1 1 0 0 1 0
174.736 1 3 0 0 1 2 0 0 1 0
178.534 1 2 0 0 0 2 0 1 1 0
187.702 1 2 0 0 0 1 0 0 1 1
302.366 0 1 0 0 1 1 0 0 1 1
486.22 0 1 1 1 1 0 0 0 1 1
500.488 0 1 0 0 1 1 0 0 1 1
524.87 0 1 1 1 1 0 0 0 1 1
532.023 0 1 0 0 1 1 0 0 1 1
549.721 0 1 1 1 1 0 0 0 1 1
567.19 0 1 0 0 1 1 0 0 1 1
645.916 0 1 0 0 0 0 1 0 1 1
709.449 0 1 0 0 0 1 1 1 1 0
781.737 0 1 1 1 0 0 1 1 1 0
857.083 0 1 0 0 0 1 1 1 1 0
885.773 0 1 1 1 0 0 1 1 1 0
886.903 0 2 1 1 1 0 1 0 1 0
891.425 1 3 1 1 0 0 1 0 1 0
925.112 0 2 1 1 1 0 1 0 1 0
967.114 0 1 1 1 1 0 0 0 2 0
970.596 0 1 0 0 1 1 0 0 2 0
1015.6 1 2 0 0 0 1 0 0 2 0
1108.42 0 1 0 0 1 1 0 0 2 0
1129.67 0 1 1 1 1 0 0 0 2 0
1144.12 1 2 1 1 0 0 0 0 2 0
1159.85 0 1 1 1 1 0 0 0 2 0
1255.74 1 2 1 1 0 0 0 0 2 0
1307.06 0 1 1 1 1 0 0 0 2 0
1316.31 0 0 1 1 0 0 0 1 2 0
1461.76 0 1 1 1 1 0 0 0 2 0
1486.16 1 2 1 1 0 0 0 0 2 0
1534.06 0 1 1 1 1 0 0 0 2 0
1585.39 0 1 0 0 1 1 0 0 2 0
1644.89 1 2 0 0 0 1 0 0 2 0
1676.85 0 1 0 0 1 1 0 0 2 0
1691.55 1 2 0 0 0 1 0 0 2 0
1747.54 1 2 1 1 0 0 0 0 2 0
1753.51 0 1 1 1 1 0 0 0 2 0
1794.57 0 0 1 1 0 0 0 1 2 0
1865.54 0 1 1 1 1 0 0 0 2 0
1912.16 0 2 1 1 1 0 1 0 1 0
1969.43 0 1 1 1 1 0 0 0 2 0
1979.78 0 0 1 1 0 0 0 1 2 0
1995.63 0 1 1 1 0 0 1 1 1 0
2007.55 0 2 1 1 1 0 1 0 1 0
2029.2 0 1 1 1 1 0 0 0 2 0
2070.34 1 2 1 1 0 0 0 0 2 0
2095.31 0 1 1 1 1 0 0 0 2 0
2105.5 1 2 1 1 0 0 0 0 2 0
2117.52 0 1 1 1 1 0 0 0 2 0
2123.19 0 0 1 1 0 0 0 1 2 0
2157.5 0 0 0 0 0 1 0 1 2 0
2311 0 0 1 1 0 0 0 1 2 0
2352.76 0 0 0 0 0 1 0 1 2 0
2366.51 0 1 0 0 1 1 0 0 2 0
2416.28 0 1 1 1 1 0 0 0 2 0
2426.06 0 1 0 0 1 1 0 0 2 0
2472.08 1 2 0 0 0 1 0 0 2 0
2500.81 1 2 1 1 0 0 0 0 2 0
2507.2 0 1 1 1 1 0 0 0 2 0
2516.52 0 1 0 0 1 1 0 0 2 0
2541.04 0 2 0 0 1 1 1 0 1 0
2545.3 0 2 1 1 1 0 1 0 1 0
2560.9 0 1 1 1 0 0 1 1 1 0
2580.24 0 1 0 0 0 1 1 1 1 0
2592.23 0 1 0 0 0 0 1 0 1 1
2655.43 0 0 0 0 0 0 0 0 2 1
2655.43 0 0 0 0 0 0 0 0 2 1
