0 3 6 3 3 0 0 0 0 0 0
14.8451 2 5 3 3 1 0 0 0 0 0
28.5233 2 4 3 3 0 0 0 1 0 0
39.5372 2 4 2 2 0 1 0 1 0 0
41.8511 1 3 2 2 1 1 0 1 0 0
46.9108 0 2 2 2 2 1 0 1 0 0
58.2283 0 2 1 1 2 2 0 1 0 0
60.0861 1 3 1 1 1 2 0 1 0 0
67.063 0 2 1 1 2 2 0 1 0 0
68.2478 1 3 1 1 1 2 0 1 0 0
69.3516 1 3 1 1 1 1 0 0 0 1
81.8317 1 2 1 1 0 1 0 1 0 1
125.993 0 1 1 1 1 1 0 1 0 1
134.323 0 1 1 1 1 0 0 0 0 2
165.458 1 2 1 1 0 0 0 0 0 2
223.141 1 2 0 0 0 1 0 0 0 2
225.774 0 1 0 0 1 1 0 0 0 2
229.103 0 1 0 0 0 0 1 0 0 2
456.38 0 0 0 0 0 0 0 0 1 2
680.871 0 0 0 0 0 1 0 1 1 1
711.096 0 0 1 1 0 0 0 1 1 1
716.167 0 1 1 1 1 0 0 0 1 1
744.756 1 2 1 1 0 0 0 0 1 1
797.906 1 2 0 0 0 1 0 0 1 1
813.361 0 1 0 0 1 1 0 0 1 1
833.679 1 2 0 0 0 1 0 0 1 1
850.324 1 2 1 1 0 0 0 0 1 1
1006.85 1 2 0 0 0 1 0 0 1 1
1007.34 0 1 0 0 1 1 0 0 1 1
1047.64 1 2 0 0 0 1 0 0 1 1
1099.78 0 1 0 0 1 1 0 0 1 1
1153.64 0 0 0 0 0 1 0 1 1 1
1162.66 0 0 0 0 0 2 0 2 1 0
1183.69 0 1 0 0 1 2 0 1 1 0
1213.58 0 1 0 0 0 1 1 1 1 0
1223.12 0 1 1 1 0 0 1 1 1 0
1261.82 0 1 1 1 1 1 0 1 1 0
1283.2 1 2 1 1 0 1 0 1 1 0
1307.78 1 2 1 1 0 0 0 0 1 1
1334.91 0 1 1 1 1 0 0 0 1 1
1345.8 0 2 1 1 1 0 1 0 0 1
1355.09 0 1 1 1 1 0 0 0 1 1
1362.4 1 2 1 1 0 0 0 0 1 1
1436.86 1 2 0 0 0 1 0 0 1 1
1500.23 0 1 0 0 1 1 0 0 1 1
1553.21 1 2 0 0 0 1 0 0 1 1
1560.22 0 1 0 0 1 1 0 0 1 1
1566.81 1 2 0 0 0 1 0 0 1 1
1630.88 0 1 0 0 1 1 0 0 1 1
1647.61 1 2 0 0 0 1 0 0 1 1
1780.76 0 1 0 0 1 1 0 0 1 1
1783.91 1 2 0 0 0 1 0 0 1 1
1791.4 0 1 0 0 1 1 0 0 1 1
1850.16 0 1 0 0 0 0 1 0 1 1
1881.68 0 1 0 0 1 1 0 0 1 1
1926.49 1 2 0 0 0 1 0 0 1 1
1947.79 1 2 1 1 0 0 0 0 1 1
1960.06 0 1 1 1 1 0 0 0 1 1
1990.17 1 2 1 1 0 0 0 0 1 1
2068.44 0 1 1 1 1 0 0 0 1 1
2103.11 0 0 1 1 0 0 0 1 1 1
2221.47 0 0 0 0 0 1 0 1 1 1
2247.21 0 1 0 0 1 1 0 0 1 1
2252.48 1 2 0 0 0 1 0 0 1 1
2256.3 0 1 0 0 1 1 0 0 1 1
2323.48 0 1 1 1 1 0 0 0 1 1
2342 1 2 1 1 0 0 0 0 1 1
2389.22 0 1 1 1 1 0 0 0 1 1
2463.37 1 2 1 1 0 0 0 0 1 1
2490.74 1 2 0 0 0 1 0 0 1 1
2609.29 1 2 1 1 0 0 0 0 1 1
2692.43 1 2 0 0 0 1 0 0 1 1
2726.71 1 2 1 1 0 0 0 0 1 1
2844.3 1 2 0 0 0 1 0 0 1 1
2851.92 0 1 0 0 1 1 0 0 1 1
2873.93 0 1 0 0 0 0 1 0 1 1
2928.6 0 0 0 0 0 0 0 0 2 1
2928.6 0 0 0 0 0 0 0 0 2 1
