0 3 6 3 3 0 0 0 0 0 0
9.33987 3 6 2 2 0 1 0 0 0 0
16.7811 3 6 1 1 0 2 0 0 0 0
20.7672 2 5 1 1 1 2 0 0 0 0
20.8081 1 4 1 1 2 2 0 0 0 0
34.9855 1 4 1 1 1 1 1 0 0 0
36.9811 1 3 1 1 0 1 1 1 0 0
45.9378 1 3 2 2 0 0 1 1 0 0
47.8126 1 3 1 1 0 1 1 1 0 0
53.2822 0 2 1 1 1 1 1 1 0 0
58.4584 1 3 1 1 0 1 1 1 0 0
67.5093 1 3 1 1 0 0 1 0 0 1
88.3167 0 2 1 1 1 0 1 0 0 1
95.0612 0 1 1 1 1 0 0 0 1 1
102.746 1 2 1 1 0 0 0 0 1 1
108.866 1 2 1 1 0 1 0 1 1 0
112.827 0 1 1 1 1 1 0 1 1 0
119.218 0 1 0 0 1 2 0 1 1 0
120.125 0 0 0 0 0 2 0 2 1 0
152.994 0 1 0 0 1 2 0 1 1 0
164.242 0 0 0 0 0 2 0 2 1 0
192.479 0 0 0 0 0 1 0 1 1 1
194.346 0 1 0 0 1 1 0 0 1 1
195.776 0 1 1 1 1 0 0 0 1 1
197.082 1 2 1 1 0 0 0 0 1 1
205.973 0 1 1 1 1 0 0 0 1 1
238.927 0 0 1 1 0 0 0 1 1 1
310.225 0 1 1 1 1 0 0 0 1 1
327.182 1 2 1 1 0 0 0 0 1 1
337.831 0 1 1 1 1 0 0 0 1 1
347.091 1 2 1 1 0 0 0 0 1 1
395.311 0 1 1 1 1 0 0 0 1 1
406.981 0 1 1 1 1 1 0 1 1 0
413.075 1 2 1 1 0 1 0 1 1 0
447.496 1 3 1 1 0 1 1 1 0 0
455.37 1 2 1 1 0 1 0 1 1 0
553.382 1 2 2 2 0 0 0 1 1 0
557.526 1 3 2 2 1 0 0 0 1 0
569.402 1 2 2 2 0 0 0 1 1 0
574.307 1 2 1 1 0 1 0 1 1 0
597.5 1 2 1 1 0 0 0 0 1 1
602.426 1 2 0 0 0 1 0 0 1 1
607.746 0 1 0 0 1 1 0 0 1 1
636.46 1 2 0 0 0 1 0 0 1 1
721.099 0 1 0 0 1 1 0 0 1 1
726.858 0 1 1 1 1 0 0 0 1 1
735.445 0 1 0 0 1 1 0 0 1 1
756.013 1 2 0 0 0 1 0 0 1 1
847.979 0 1 0 0 1 1 0 0 1 1
929.861 0 0 0 0 0 1 0 1 1 1
933.553 0 0 1 1 0 0 0 1 1 1
937.908 0 1 1 1 1 0 0 0 1 1
977.637 1 2 1 1 0 0 0 0 1 1
983.028 0 1 1 1 1 0 0 0 1 1
1005.71 1 2 1 1 0 0 0 0 1 1
1009.69 1 2 0 0 0 1 0 0 1 1
1072.38 1 2 1 1 0 0 0 0 1 1
1105.12 0 1 1 1 1 0 0 0 1 1
1105.64 1 2 1 1 0 0 0 0 1 1
1130.19 0 1 1 1 1 0 0 0 1 1
1133.8 0 0 1 1 0 0 0 1 1 1
1133.95 0 1 1 1 1 0 0 0 1 1
1155.53 1 2 1 1 0 0 0 0 1 1
1273.88 0 1 1 1 1 0 0 0 1 1
1291.78 0 1 0 0 1 1 0 0 1 1
1293.86 1 2 0 0 0 1 0 0 1 1
1310.8 1 2 1 1 0 0 0 0 1 1
1352.82 1 2 0 0 0 1 0 0 1 1
1376.91 0 1 0 0 1 1 0 0 1 1
1391.77 0 1 0 0 0 0 1 0 1 1
1399.12 0 0 0 0 0 0 0 0 2 1
1505.53 0 1 0 0 0 0 1 0 1 1
1614.51 0 0 0 0 0 0 0 0 2 1
2449.12 0 1 0 0 0 0 1 0 1 1
2637.58 0 1 0 0 1 1 0 0 1 1
2662.02 0 2 0 0 1 1 1 0 0 1
2687.28 0 1 0 0 0 1 1 1 0 1
2700.27 0 1 0 0 1 2 0 1 0 1
2703 0 1 1 1 1 1 0 1 0 1
2722.47 0 1 1 1 1 0 0 0 0 2
2729.36 0 1 0 0 1 1 0 0 0 2
2734.37 1 2 0 0 0 1 0 0 0 2
2860.93 0 1 0 0 1 1 0 0 0 2
2883.25 1 2 0 0 0 1 0 0 0 2
2916.81 1 2 1 1 0 0 0 0 0 2
2934.67 0 1 1 1 1 0 0 0 0 2
2960.52 1 2 1 1 0 0 0 0 0 2
2988.73 1 2 0 0 0 1 0 0 0 2
2996.96 1 2 1 1 0 0 0 0 0 2
2999.33 1 2 0 0 0 1 0 0 0 2
2999.33 1 2 0 0 0 1 0 0 0 2
