0 3 6 3 3 0 0 0 0 0 0
3.0801 2 5 3 3 1 0 0 0 0 0
6.77825 2 5 2 2 1 1 0 0 0 0
10.0209 2 5 3 3 1 0 0 0 0 0
10.2781 2 5 2 2 1 1 0 0 0 0
16.1687 2 5 1 1 1 2 0 0 0 0
23.2698 1 4 1 1 2 2 0 0 0 0
27.7817 2 5 1 1 1 2 0 0 0 0
46.0117 2 4 1 1 0 2 0 1 0 0
54.1315 1 3 1 1 1 2 0 1 0 0
56.7227 0 2 1 1 2 2 0 1 0 0
60.2899 0 2 2 2 2 1 0 1 0 0
62.4688 1 3 2 2 1 1 0 1 0 0
64.8957 0 2 2 2 2 1 0 1 0 0
65.1257 1 3 2 2 1 1 0 1 0 0
72.2548 1 3 1 1 1 2 0 1 0 0
76.8714 1 4 1 1 2 2 0 0 0 0
81.5663 0 3 1 1 3 2 0 0 0 0
85.7751 0 3 0 0 3 3 0 0 0 0
101.388 0 2 0 0 2 3 0 1 0 0
103.999 0 2 0 0 2 2 0 0 0 1
145.552 0 2 1 1 2 1 0 0 0 1
149.039 0 1 1 1 1 1 0 1 0 1
150.967 0 1 2 2 1 0 0 1 0 1
186.494 0 1 1 1 1 1 0 1 0 1
203.554 0 1 2 2 1 0 0 1 0 1
217.161 0 2 2 2 2 0 0 0 0 1
220.527 0 2 1 1 2 1 0 0 0 1
226.34 0 1 1 1 1 1 0 1 0 1
252.478 1 2 1 1 0 1 0 1 0 1
300.531 1 2 1 1 0 0 0 0 0 2
309.529 1 2 0 0 0 1 0 0 0 2
333.259 0 1 0 0 1 1 0 0 0 2
340.433 0 1 0 0 0 0 1 0 0 2
439.528 0 1 0 0 1 1 0 0 0 2
457.304 0 1 1 1 1 0 0 0 0 2
503.016 1 2 1 1 0 0 0 0 0 2
504.514 1 2 0 0 0 1 0 0 0 2
504.823 1 2 1 1 0 0 0 0 0 2
518.602 0 1 1 1 1 0 0 0 0 2
574.425 0 1 0 0 1 1 0 0 0 2
576.197 1 2 0 0 0 1 0 0 0 2
741.019 1 2 1 1 0 0 0 0 0 2
753.763 0 1 1 1 1 0 0 0 0 2
812.284 1 2 1 1 0 0 0 0 0 2
890.125 0 1 1 1 1 0 0 0 0 2
908.083 0 1 1 1 1 1 0 1 0 1
909.196 0 1 1 1 0 0 1 1 0 1
956.604 0 2 1 1 1 0 1 0 0 1
984.914 0 1 1 1 0 0 1 1 0 1
1010.76 0 2 1 1 1 0 1 0 0 1
1020.87 1 3 1 1 0 0 1 0 0 1
1050.15 1 3 0 0 0 1 1 0 0 1
1057.74 0 2 0 0 1 1 1 0 0 1
1072.93 0 1 0 0 0 1 1 1 0 1
1107.82 0 1 1 1 0 0 1 1 0 1
1135.62 0 1 0 0 0 1 1 1 0 1
1196.27 0 1 1 1 0 0 1 1 0 1
1200.7 0 2 1 1 1 0 1 0 0 1
1241.92 0 2 0 0 1 1 1 0 0 1
1245.35 0 1 0 0 1 1 0 0 1 1
1277.16 1 2 0 0 0 1 0 0 1 1
1336.02 0 1 0 0 1 1 0 0 1 1
1353.75 1 2 0 0 0 1 0 0 1 1
1358.56 1 2 1 1 0 0 0 0 1 1
1459.52 0 1 1 1 1 0 0 0 1 1
1488.68 1 2 1 1 0 0 0 0 1 1
1596.87 0 1 1 1 1 0 0 0 1 1
1647.66 1 2 1 1 0 0 0 0 1 1
1659.31 0 1 1 1 1 0 0 0 1 1
1721.29 0 1 0 0 1 1 0 0 1 1
1779.46 1 2 0 0 0 1 0 0 1 1
1836.01 0 1 0 0 1 1 0 0 1 1
1903.96 0 1 0 0 0 0 1 0 1 1
2120.4 0 0 0 0 0 0 0 0 2 1
2120.4 0 0 0 0 0 0 0 0 2 1
