0 3 6 3 3 0 0 0 0 0 0
12.8666 2 5 3 3 1 0 0 0 0 0
19.0878 3 6 3 3 0 0 0 0 0 0
36.2559 2 5 3 3 1 0 0 0 0 0
38.8959 2 5 2 2 1 1 0 0 0 0
52.5226 2 4 2 2 0 1 0 1 0 0
58.6363 1 3 2 2 1 1 0 1 0 0
60.2792 0 2 2 2 2 1 0 1 0 0
61.0714 0 2 2 2 1 0 1 1 0 0
89.1422 0 1 2 2 1 0 0 1 1 0
90.1658 0 1 1 1 1 1 0 1 1 0
146.605 0 2 1 1 2 1 0 0 1 0
146.856 0 1 1 1 1 1 0 1 1 0
164.471 0 1 1 1 1 0 0 0 1 1
232.549 1 2 1 1 0 0 0 0 1 1
272.498 0 1 1 1 1 0 0 0 1 1
280.635 1 2 1 1 0 0 0 0 1 1
290.189 0 1 1 1 1 0 0 0 1 1
317.131 1 2 1 1 0 0 0 0 1 1
336.226 0 1 1 1 1 0 0 0 1 1
363.654 1 2 1 1 0 0 0 0 1 1
371.85 1 2 0 0 0 1 0 0 1 1
372.619 1 2 1 1 0 0 0 0 1 1
479.368 1 2 0 0 0 1 0 0 1 1
480.804 0 1 0 0 1 1 0 0 1 1
507.257 0 1 1 1 1 0 0 0 1 1
529.461 0 0 1 1 0 0 0 1 1 1
542.772 0 1 1 1 1 0 0 0 1 1
553.259 0 1 0 0 1 1 0 0 1 1
558.202 0 1 1 1 1 0 0 0 1 1
565.768 0 0 1 1 0 0 0 1 1 1
711.565 0 1 1 1 1 0 0 0 1 1
722.386 1 2 1 1 0 0 0 0 1 1
743.989 0 1 1 1 1 0 0 0 1 1
754.028 0 0 1 1 0 0 0 1 1 1
875.451 0 0 0 0 0 1 0 1 1 1
1141.66 0 1 0 0 1 1 0 0 1 1
1240.91 0 2 0 0 1 1 1 0 0 1
1248.99 0 1 0 0 1 1 0 0 1 1
1252.52 1 2 0 0 0 1 0 0 1 1
1308.23 0 1 0 0 1 1 0 0 1 1
1327.27 1 2 0 0 0 1 0 0 1 1
1350.21 0 1 0 0 1 1 0 0 1 1
1389.67 0 0 0 0 0 1 0 1 1 1
1428.73 0 0 0 0 0 0 0 0 1 2
1428.73 0 0 0 0 0 0 0 0 1 2
