0 3 6 3 3 0 0 0 0 0 0
2.4941 2 5 3 3 1 0 0 0 0 0
3.43785 1 4 3 3 2 0 0 0 0 0
9.05487 0 3 3 3 3 0 0 0 0 0
15.9782 0 3 2 2 3 1 0 0 0 0
18.6954 1 4 2 2 2 1 0 0 0 0
20.9864 2 5 2 2 1 1 0 0 0 0
21.3446 2 5 1 1 1 2 0 0 0 0
29.1809 2 5 1 1 0 1 1 0 0 0
38.0589 1 4 1 1 1 1 1 0 0 0
46.131 1 4 0 0 1 2 1 0 0 0
53.0426 1 3 0 0 0 2 1 1 0 0
62.9047 1 4 0 0 1 2 1 0 0 0
66.2001 0 3 0 0 2 2 1 0 0 0
71.3551 0 3 0 0 1 1 2 0 0 0
76.396 1 4 0 0 0 1 2 0 0 0
85.6502 0 3 0 0 1 1 2 0 0 0
85.9856 0 2 0 0 1 1 1 0 1 0
97.076 0 1 0 0 1 1 0 0 2 0
124.208 1 2 0 0 0 1 0 0 2 0
165.862 1 3 0 0 0 1 1 0 1 0
176.178 0 2 0 0 1 1 1 0 1 0
181.327 0 1 0 0 0 1 1 1 1 0
198.753 0 0 0 0 0 1 0 1 2 0
296.301 0 1 0 0 1 1 0 0 2 0
316.393 1 2 0 0 0 1 0 0 2 0
413.23 1 2 1 1 0 0 0 0 2 0
413.894 0 1 1 1 1 0 0 0 2 0
420.614 1 2 1 1 0 0 0 0 2 0
435.612 0 1 1 1 1 0 0 0 2 0
447.224 0 0 1 1 0 0 0 1 2 0
786.359 0 0 0 0 0 1 0 1 2 0
813.042 0 1 0 0 1 1 0 0 2 0
844.409 0 2 0 0 1 1 1 0 1 0
863.491 1 3 0 0 0 1 1 0 1 0
868.168 1 2 0 0 0 1 0 0 2 0
891.382 0 1 0 0 1 1 0 0 2 0
899.445 0 0 0 0 0 1 0 1 2 0
906.567 0 0 0 0 0 0 0 0 2 1
1667.19 0 0 0 0 0 1 0 1 2 0
1755.53 0 1 0 0 1 1 0 0 2 0
1781.52 0 0 0 0 0 1 0 1 2 0
1802.66 0 0 1 1 0 0 0 1 2 0
1820.31 0 0 0 0 0 1 0 1 2 0
1821.91 0 0 1 1 0 0 0 1 2 0
1845.49 0 1 1 1 1 0 0 0 2 0
1854.81 1 2 1 1 0 0 0 0 2 0
1870.36 0 1 1 1 1 0 0 0 2 0
1884.34 0 2 1 1 1 0 1 0 1 0
1910.33 1 3 1 1 0 0 1 0 1 0
1919.78 1 4 1 1 0 0 2 0 0 0
1925.05 0 3 1 1 1 0 2 0 0 0
1936.81 0 2 1 1 1 0 1 0 1 0
1950.12 0 1 1 1 1 0 0 0 2 0
1967.57 1 2 1 1 0 0 0 0 2 0
2084.16 1 2 0 0 0 1 0 0 2 0
2113.17 0 1 0 0 1 1 0 0 2 0
2116.87 0 1 0 0 0 0 1 0 2 0
2140.22 0 0 0 0 0 0 0 0 3 0
2532.06 0 1 0 0 0 0 1 0 2 0
2847.79 0 0 0 0 0 0 0 0 3 0
2847.79 0 0 0 0 0 0 0 0 3 0
