0 3 6 3 3 0 0 0 0 0 0
16.8985 2 5 3 3 1 0 0 0 0 0
17.6256 1 4 3 3 2 0 0 0 0 0
23.9817 1 4 2 2 2 1 0 0 0 0
25.2912 0 3 2 2 3 1 0 0 0 0
27.2727 0 3 3 3 3 0 0 0 0 0
27.6692 0 2 3 3 2 0 0 1 0 0
29.3209 0 2 2 2 2 1 0 1 0 0
43.7453 1 3 2 2 1 1 0 1 0 0
53.5172 2 4 2 2 0 1 0 1 0 0
55.9561 1 3 2 2 1 1 0 1 0 0
73.2044 0 2 2 2 2 1 0 1 0 0
75.0571 1 3 2 2 1 1 0 1 0 0
78.3994 1 3 1 1 1 2 0 1 0 0
89.3078 2 4 1 1 0 2 0 1 0 0
101.169 1 3 1 1 1 2 0 1 0 0
103.261 1 3 1 1 0 1 1 1 0 0
135.589 1 3 1 1 0 0 1 0 0 1
152.289 0 2 1 1 1 0 1 0 0 1
152.515 0 1 1 1 1 0 0 0 1 1
179.205 1 2 1 1 0 0 0 0 1 1
255.981 0 1 1 1 1 0 0 0 1 1
292.068 1 2 1 1 0 0 0 0 1 1
302.193 0 1 1 1 1 0 0 0 1 1
319.671 0 1 0 0 1 1 0 0 1 1
361.882 0 0 0 0 0 1 0 1 1 1
445.088 0 0 1 1 0 0 0 1 1 1
509.099 0 1 1 1 1 0 0 0 1 1
569.647 0 1 1 1 1 1 0 1 1 0
591.959 0 1 1 1 1 0 0 0 1 1
600.718 1 2 1 1 0 0 0 0 1 1
605.017 0 1 1 1 1 0 0 0 1 1
610.104 0 2 1 1 1 0 1 0 0 1
640.492 0 1 1 1 1 0 0 0 1 1
670.283 0 1 0 0 1 1 0 0 1 1
690.795 1 2 0 0 0 1 0 0 1 1
697.106 0 1 0 0 1 1 0 0 1 1
749.383 0 0 0 0 0 1 0 1 1 1
770.909 0 1 0 0 1 1 0 0 1 1
782.9 0 1 0 0 0 0 1 0 1 1
1119.81 0 1 0 0 1 1 0 0 1 1
1139.46 0 1 0 0 0 0 1 0 1 1
1321.21 0 1 0 0 1 1 0 0 1 1
1398.57 0 0 0 0 0 1 0 1 1 1
1408.83 0 0 0 0 0 0 0 0 1 2
1772.73 0 1 0 0 0 0 1 0 0 2
1791.03 0 0 0 0 0 0 0 0 1 2
1791.03 0 0 0 0 0 0 0 0 1 2
