0 3 6 3 3 0 0 0 0 0 0
1.81506 2 5 3 3 1 0 0 0 0 0
8.87776 2 4 3 3 0 0 0 1 0 0
10.1434 2 4 2 2 0 1 0 1 0 0
13.4695 2 5 2 2 1 1 0 0 0 0
15.3638 2 5 1 1 1 2 0 0 0 0
17.7507 2 5 2 2 1 1 0 0 0 0
22.2684 3 6 2 2 0 1 0 0 0 0
25.137 2 5 2 2 1 1 0 0 0 0
27.2498 1 4 2 2 2 1 0 0 0 0
32.273 0 3 2 2 3 1 0 0 0 0
44.3913 0 2 2 2 2 1 0 1 0 0
47.9572 1 3 2 2 1 1 0 1 0 0
49.7543 0 2 2 2 2 1 0 1 0 0
52.0712 1 3 2 2 1 1 0 1 0 0
57.7871 1 3 2 2 1 0 0 0 0 1
58.157 0 2 2 2 2 0 0 0 0 1
95.2336 0 2 1 1 2 1 0 0 0 1
95.3984 1 3 1 1 1 1 0 0 0 1
97.2303 1 2 1 1 0 1 0 1 0 1
100.624 1 2 1 1 0 0 0 0 0 2
163.95 0 1 1 1 1 0 0 0 0 2
180.197 1 2 1 1 0 0 0 0 0 2
217.362 0 1 1 1 1 0 0 0 0 2
218.784 0 1 0 0 1 1 0 0 0 2
250.214 1 2 0 0 0 1 0 0 0 2
312.091 0 1 0 0 1 1 0 0 0 2
321.598 0 1 1 1 1 0 0 0 0 2
377.099 1 2 1 1 0 0 0 0 0 2
528.15 1 2 0 0 0 1 0 0 0 2
642.944 0 1 0 0 1 1 0 0 0 2
657.269 0 1 0 0 0 0 1 0 0 2
683.386 0 0 0 0 0 0 0 0 1 2
1783.56 0 0 0 0 0 1 0 1 1 1
1812.8 0 0 0 0 0 0 0 0 1 2
2591.91 0 1 0 0 0 0 1 0 0 2
2619.99 0 1 0 0 1 1 0 0 0 2
2623.64 0 0 0 0 0 1 0 1 0 2
2666.24 0 0 0 0 0 0 0 0 0 3
2666.24 0 0 0 0 0 0 0 0 0 3
