0 3 6 3 3 0 0 0 0 0 0
5.6958 3 6 2 2 0 1 0 0 0 0
6.81534 2 5 2 2 1 1 0 0 0 0
10.3945 2 5 1 1 1 2 0 0 0 0
14.6933 1 4 1 1 2 2 0 0 0 0
16.0321 2 5 1 1 1 2 0 0 0 0
36.2483 1 4 1 1 2 2 0 0 0 0
38.5533 1 3 1 1 1 2 0 1 0 0
61.2486 1 3 2 2 1 1 0 1 0 0
61.9123 1 3 2 2 1 0 0 0 0 1
73.7454 2 4 2 2 0 0 0 0 0 1
85.2464 2 4 1 1 0 1 0 0 0 1
100.925 2 4 0 0 0 2 0 0 0 1
119.202 1 3 0 0 1 2 0 0 0 1
123.194 0 2 0 0 2 2 0 0 0 1
123.618 1 3 0 0 1 2 0 0 0 1
127.966 1 3 0 0 0 1 1 0 0 1
138.446 1 2 0 0 0 1 0 0 1 1
139.516 0 1 0 0 1 1 0 0 1 1
236.75 1 2 0 0 0 1 0 0 1 1
281.941 1 2 1 1 0 0 0 0 1 1
328.642 0 1 1 1 1 0 0 0 1 1
334.177 0 1 0 0 1 1 0 0 1 1
336.761 0 1 1 1 1 0 0 0 1 1
339.685 1 2 1 1 0 0 0 0 1 1
362.592 0 1 1 1 1 0 0 0 1 1
372.802 1 2 1 1 0 0 0 0 1 1
373.556 0 1 1 1 1 0 0 0 1 1
379.25 0 0 1 1 0 0 0 1 1 1
572.307 0 1 1 1 1 0 0 0 1 1
609.242 0 2 1 1 1 0 1 0 0 1
640.532 0 2 1 1 2 1 0 0 0 1
654.938 1 3 1 1 1 1 0 0 0 1
663.902 0 2 1 1 2 1 0 0 0 1
665.941 1 3 1 1 1 1 0 0 0 1
669.897 0 2 1 1 2 1 0 0 0 1
682.313 0 2 0 0 2 2 0 0 0 1
687.687 0 2 0 0 1 1 1 0 0 1
725.023 0 1 0 0 0 1 1 1 0 1
807.35 0 1 0 0 0 2 1 2 0 0
823.466 0 1 1 1 0 1 1 2 0 0
846.425 0 1 0 0 0 2 1 2 0 0
853.316 0 1 0 0 0 1 1 1 0 1
948.157 0 1 1 1 0 0 1 1 0 1
974.608 0 1 0 0 0 1 1 1 0 1
975.954 0 2 0 0 1 1 1 0 0 1
1020.78 0 1 0 0 1 1 0 0 1 1
1028.27 1 2 0 0 0 1 0 0 1 1
1035.67 0 1 0 0 1 1 0 0 1 1
1049.63 1 2 0 0 0 1 0 0 1 1
1063.51 0 1 0 0 1 1 0 0 1 1
1067.46 0 1 0 0 0 0 1 0 1 1
1151.77 0 0 0 0 0 0 0 0 2 1
2158.02 0 1 0 0 0 0 1 0 1 1
2167.01 0 0 0 0 0 0 0 0 2 1
2667.95 0 1 0 0 0 0 1 0 1 1
2676.93 0 1 0 0 1 1 0 0 1 1
2716.57 1 2 0 0 0 1 0 0 1 1
2719.23 0 1 0 0 1 1 0 0 1 1
2721.43 1 2 0 0 0 1 0 0 1 1
2772.78 1 2 1 1 0 0 0 0 1 1
2846.73 0 1 1 1 1 0 0 0 1 1
2847.12 1 2 1 1 0 0 0 0 1 1
2863.54 1 2 0 0 0 1 0 0 1 1
2946.47 0 1 0 0 1 1 0 0 1 1
2963.66 0 1 1 1 1 0 0 0 1 1
2981.44 0 0 1 1 0 0 0 1 1 1
2986.27 0 1 1 1 1 0 0 0 1 1
2993.71 0 1 0 0 1 1 0 0 1 1
2993.71 0 1 0 0 1 1 0 0 1 1
