0 3 6 3 3 0 0 0 0 0 0
0.664716 2 5 3 3 1 0 0 0 0 0
4.7662 1 4 3 3 2 0 0 0 0 0
6.86751 1 3 3 3 1 0 0 1 0 0
9.2682 1 3 2 2 1 1 0 1 0 0
14.0375 1 3 1 1 1 2 0 1 0 0
24.1493 1 4 1 1 2 2 0 0 0 0
25.5768 1 4 2 2 2 1 0 0 0 0
47.537 1 4 2 2 1 0 1 0 0 0
62.0437 1 3 2 2 0 0 1 1 0 0
85.6732 1 2 2 2 0 0 0 1 1 0
87.8208 0 1 2 2 1 0 0 1 1 0
91.3363 0 0 2 2 0 0 0 2 1 0
107.754 0 0 1 1 0 1 0 2 1 0
120.208 0 0 2 2 0 0 0 2 1 0
171.658 0 1 2 2 1 0 0 1 1 0
175.477 0 2 2 2 2 0 0 0 1 0
197.911 0 2 1 1 2 1 0 0 1 0
216.064 1 3 1 1 1 1 0 0 1 0
217.199 1 3 2 2 1 0 0 0 1 0
275.848 1 3 1 1 1 1 0 0 1 0
289.588 1 3 0 0 1 2 0 0 1 0
299.446 0 2 0 0 2 2 0 0 1 0
312.362 0 1 0 0 1 2 0 1 1 0
321.769 0 1 0 0 1 1 0 0 1 1
361.04 1 2 0 0 0 1 0 0 1 1
460.779 0 1 0 0 1 1 0 0 1 1
466.71 0 1 1 1 1 0 0 0 1 1
483.445 0 0 1 1 0 0 0 1 1 1
489.169 0 0 0 0 0 1 0 1 1 1
496.05 0 1 0 0 1 1 0 0 1 1
501.239 1 2 0 0 0 1 0 0 1 1
503.736 1 2 1 1 0 0 0 0 1 1
510.165 0 1 1 1 1 0 0 0 1 1
519.082 1 2 1 1 0 0 0 0 1 1
651.394 1 2 0 0 0 1 0 0 1 1
711.207 0 1 0 0 1 1 0 0 1 1
785.344 1 2 0 0 0 1 0 0 1 1
816.359 0 1 0 0 1 1 0 0 1 1
871.4 0 1 1 1 1 0 0 0 1 1
881.74 0 0 1 1 0 0 0 1 1 1
913.32 0 1 1 1 1 0 0 0 1 1
939.739 0 0 1 1 0 0 0 1 1 1
959.696 0 0 1 1 0 1 0 2 1 0
970.07 0 1 1 1 0 1 1 2 0 0
1008.68 0 1 1 1 0 0 1 1 0 1
1027.3 0 2 1 1 1 0 1 0 0 1
1076.38 0 1 1 1 0 0 1 1 0 1
1082.24 0 2 1 1 1 0 1 0 0 1
1089.2 0 1 1 1 0 0 1 1 0 1
1102.07 0 2 1 1 1 0 1 0 0 1
1120.92 0 2 1 1 2 1 0 0 0 1
1147.26 0 1 1 1 1 1 0 1 0 1
1154.94 1 2 1 1 0 1 0 1 0 1
1162.57 1 2 2 2 0 0 0 1 0 1
1173.96 1 2 1 1 0 1 0 1 0 1
1242.92 0 1 1 1 1 1 0 1 0 1
1267.03 1 2 1 1 0 1 0 1 0 1
1282.86 1 3 1 1 1 1 0 0 0 1
1292.93 0 2 1 1 2 1 0 0 0 1
1300 1 3 1 1 1 1 0 0 0 1
1308.18 0 2 1 1 2 1 0 0 0 1
1316.95 1 3 1 1 1 1 0 0 0 1
1322.15 1 3 0 0 1 2 0 0 0 1
1330.11 1 3 0 0 0 1 1 0 0 1
1332.21 0 2 0 0 1 1 1 0 0 1
1381.18 0 1 0 0 1 1 0 0 1 1
1430.53 0 1 0 0 0 0 1 0 1 1
1470.45 0 1 0 0 1 1 0 0 1 1
1478.92 0 0 0 0 0 1 0 1 1 1
1508.29 0 0 0 0 0 0 0 0 1 2
1776.61 0 1 0 0 0 0 1 0 0 2
1861.91 0 1 0 0 1 1 0 0 0 2
1862.75 0 1 1 1 1 0 0 0 0 2
1867.32 0 0 1 1 0 0 0 1 0 2
1872 0 0 0 0 0 1 0 1 0 2
1874.17 0 0 1 1 0 0 0 1 0 2
1913.93 0 0 0 0 0 1 0 1 0 2
2100.05 0 0 0 0 0 0 0 0 0 3
2556 0 0 0 0 0 1 0 1 0 2
2585.08 0 0 1 1 0 0 0 1 0 2
2605.97 0 1 1 1 1 0 0 0 0 2
2612.19 1 2 1 1 0 0 0 0 0 2
2630.59 0 1 1 1 1 0 0 0 0 2
2646.78 0 0 1 1 0 0 0 1 0 2
2663.35 0 0 0 0 0 1 0 1 0 2
2682 0 0 1 1 0 0 0 1 0 2
2714.23 0 0 1 1 0 1 0 2 0 1
2731.94 0 0 2 2 0 0 0 2 0 1
2735.44 0 0 1 1 0 1 0 2 0 1
2736.52 0 1 1 1 1 1 0 1 0 1
2742.92 0 2 1 1 2 1 0 0 0 1
2760.45 0 2 1 1 1 0 1 0 0 1
2781.83 0 1 1 1 1 0 0 0 1 1
2815.33 0 2 1 1 1 0 1 0 0 1
2821.11 1 3 1 1 0 0 1 0 0 1
2831.07 1 3 0 0 0 1 1 0 0 1
2850.65 0 2 0 0 1 1 1 0 0 1
2872.2 0 2 0 0 1 2 1 1 0 0
2874.11 0 2 1 1 1 1 1 1 0 0
2885.43 1 3 1 1 0 1 1 1 0 0
2886.79 1 4 1 1 1 1 1 0 0 0
2909.92 1 3 1 1 1 1 0 0 1 0
2910.01 1 2 1 1 0 1 0 1 1 0
2910.01 1 2 1 1 0 1 0 1 1 0
