0 3 6 3 3 0 0 0 0 0 0
3.03543 2 5 3 3 1 0 0 0 0 0
9.11093 1 4 3 3 2 0 0 0 0 0
18.2876 1 4 2 2 2 1 0 0 0 0
37.0523 2 5 2 2 1 1 0 0 0 0
43.4342 2 5 2 2 0 0 1 0 0 0
51.136 2 4 2 2 0 0 0 0 1 0
60.4976 2 4 1 1 0 1 0 0 1 0
68.8419 1 3 1 1 1 1 0 0 1 0
110.237 0 2 1 1 2 1 0 0 1 0
114.679 0 2 1 1 1 0 1 0 1 0
141.318 1 3 1 1 0 0 1 0 1 0
145.46 1 2 1 1 0 0 0 0 2 0
149.019 1 2 0 0 0 1 0 0 2 0
209.756 1 2 1 1 0 0 0 0 2 0
248.726 1 2 0 0 0 1 0 0 2 0
276.331 1 3 0 0 0 1 1 0 1 0
282.713 1 3 1 1 0 0 1 0 1 0
371.688 1 2 1 1 0 0 0 0 2 0
446.278 0 1 1 1 1 0 0 0 2 0
457.304 1 2 1 1 0 0 0 0 2 0
472.698 0 1 1 1 1 0 0 0 2 0
499.642 0 1 0 0 1 1 0 0 2 0
508.835 0 1 1 1 1 0 0 0 2 0
554.894 1 2 1 1 0 0 0 0 2 0
555.781 1 2 0 0 0 1 0 0 2 0
563.297 0 1 0 0 1 1 0 0 2 0
570.197 1 2 0 0 0 1 0 0 2 0
579.48 1 2 1 1 0 0 0 0 2 0
628.229 0 1 1 1 1 0 0 0 2 0
652.253 1 2 1 1 0 0 0 0 2 0
667.844 1 3 1 1 0 0 1 0 1 0
674.947 0 2 1 1 1 0 1 0 1 0
678.749 1 3 1 1 0 0 1 0 1 0
701.605 1 3 1 1 1 1 0 0 1 0
705.457 1 3 2 2 1 0 0 0 1 0
713.263 1 3 1 1 1 1 0 0 1 0
713.402 2 4 1 1 0 1 0 0 1 0
721.167 1 3 1 1 1 1 0 0 1 0
723.309 2 4 1 1 0 1 0 0 1 0
735.59 2 4 0 0 0 2 0 0 1 0
741.359 1 3 0 0 1 2 0 0 1 0
790.855 1 2 0 0 0 2 0 1 1 0
793.413 1 2 1 1 0 1 0 1 1 0
846.334 0 1 1 1 1 1 0 1 1 0
848.738 1 2 1 1 0 1 0 1 1 0
850.704 1 2 1 1 0 0 0 0 1 1
881.563 0 1 1 1 1 0 0 0 1 1
883.244 0 0 1 1 0 0 0 1 1 1
958.909 0 0 0 0 0 1 0 1 1 1
1010.03 0 0 0 0 0 2 0 2 1 0
1035.47 0 1 0 0 1 2 0 1 1 0
1046.53 0 0 0 0 0 2 0 2 1 0
1052.75 0 1 0 0 1 2 0 1 1 0
1054.69 1 2 0 0 0 2 0 1 1 0
1059.84 0 1 0 0 1 2 0 1 1 0
1074.12 0 1 0 0 1 1 0 0 1 1
1091.53 1 2 0 0 0 1 0 0 1 1
1100.67 0 1 0 0 1 1 0 0 1 1
1147.23 0 1 1 1 1 0 0 0 1 1
1164.87 0 1 0 0 1 1 0 0 1 1
1186.63 1 2 0 0 0 1 0 0 1 1
1211.34 1 2 1 1 0 0 0 0 1 1
1341.47 0 1 1 1 1 0 0 0 1 1
1389.02 0 0 1 1 0 0 0 1 1 1
1406.59 0 1 1 1 1 0 0 0 1 1
1442.08 1 2 1 1 0 0 0 0 1 1
1503.07 1 2 0 0 0 1 0 0 1 1
1599.39 1 2 1 1 0 0 0 0 1 1
1614.46 1 3 1 1 0 0 1 0 0 1
1629.98 1 3 0 0 0 1 1 0 0 1
1656.73 1 2 0 0 0 1 0 0 1 1
1663.05 1 2 1 1 0 0 0 0 1 1
1768.98 1 2 0 0 0 1 0 0 1 1
1873.17 0 1 0 0 1 1 0 0 1 1
1887.48 1 2 0 0 0 1 0 0 1 1
1946.53 1 3 0 0 0 1 1 0 0 1
1986.01 1 3 1 1 0 0 1 0 0 1
1988.09 0 2 1 1 1 0 1 0 0 1
2007.58 0 2 0 0 1 1 1 0 0 1
2019.19 0 2 0 0 0 0 2 0 0 1
2034.17 0 1 0 0 0 0 1 0 1 1
2035.38 0 1 0 0 1 1 0 0 1 1
2052.31 0 1 0 0 0 0 1 0 1 1
2077.97 0 0 0 0 0 0 0 0 2 1
2077.97 0 0 0 0 0 0 0 0 2 1
