0 3 6 3 3 0 0 0 0 0 0
12.9663 2 5 3 3 1 0 0 0 0 0
19.2638 1 4 3 3 2 0 0 0 0 0
20.289 1 4 2 2 2 1 0 0 0 0
21.3948 2 5 2 2 1 1 0 0 0 0
28.4965 1 4 2 2 2 1 0 0 0 0
30.0831 1 4 2 2 1 0 1 0 0 0
37.65 0 3 2 2 2 0 1 0 0 0
44.423 0 2 2 2 1 0 1 1 0 0
56.024 0 1 2 2 0 0 1 2 0 0
56.2784 0 1 1 1 0 1 1 2 0 0
71.0623 0 2 1 1 1 1 1 1 0 0
74.8383 0 3 1 1 2 1 1 0 0 0
83.1843 1 4 1 1 1 1 1 0 0 0
94.8569 1 4 2 2 1 0 1 0 0 0
96.3422 1 4 1 1 1 1 1 0 0 0
102.931 2 5 1 1 0 1 1 0 0 0
104.334 2 4 1 1 0 1 0 0 1 0
132.411 1 3 1 1 1 1 0 0 1 0
159.722 1 3 2 2 1 0 0 0 1 0
166.103 1 3 1 1 1 1 0 0 1 0
198.523 1 3 0 0 1 2 0 0 1 0
201.17 1 2 0 0 0 2 0 1 1 0
218.839 0 1 0 0 1 2 0 1 1 0
218.933 0 1 1 1 1 1 0 1 1 0
221.986 0 2 1 1 2 1 0 0 1 0
256.124 0 1 1 1 1 1 0 1 1 0
256.577 0 1 2 2 1 0 0 1 1 0
286.868 0 1 1 1 1 1 0 1 1 0
294.819 0 1 1 1 1 0 0 0 1 1
333.799 1 2 1 1 0 0 0 0 1 1
351.098 1 2 0 0 0 1 0 0 1 1
401.32 0 1 0 0 1 1 0 0 1 1
422.008 1 2 0 0 0 1 0 0 1 1
498.426 0 1 0 0 1 1 0 0 1 1
521.907 1 2 0 0 0 1 0 0 1 1
523.89 0 1 0 0 1 1 0 0 1 1
591.931 1 2 0 0 0 1 0 0 1 1
597.018 0 1 0 0 1 1 0 0 1 1
598.285 0 1 1 1 1 0 0 0 1 1
649.638 1 2 1 1 0 0 0 0 1 1
656.251 0 1 1 1 1 0 0 0 1 1
802.945 1 2 1 1 0 0 0 0 1 1
803.581 0 1 1 1 1 0 0 0 1 1
862.003 1 2 1 1 0 0 0 0 1 1
890.782 0 1 1 1 1 0 0 0 1 1
1055.67 0 1 0 0 1 1 0 0 1 1
1108.99 0 0 0 0 0 1 0 1 1 1
1123.3 0 0 1 1 0 0 0 1 1 1
1139.54 0 1 1 1 1 0 0 0 1 1
1209.5 0 1 0 0 1 1 0 0 1 1
1222.3 0 1 0 0 0 0 1 0 1 1
1264.58 0 1 0 0 1 1 0 0 1 1
1270.21 1 2 0 0 0 1 0 0 1 1
1366.3 1 2 1 1 0 0 0 0 1 1
1409.47 0 1 1 1 1 0 0 0 1 1
1429.01 0 0 1 1 0 0 0 1 1 1
1466.91 0 1 1 1 1 0 0 0 1 1
1550.97 1 2 1 1 0 0 0 0 1 1
1567.87 0 1 1 1 1 0 0 0 1 1
1642.15 0 1 0 0 1 1 0 0 1 1
1654.15 0 1 0 0 0 0 1 0 1 1
1733.87 0 1 0 0 1 1 0 0 1 1
1756.48 0 1 0 0 0 0 1 0 1 1
1859.44 0 0 0 0 0 0 0 0 2 1
1896.75 0 1 0 0 0 0 1 0 1 1
1998.02 0 0 0 0 0 0 0 0 2 1
2517.57 0 0 0 0 0 1 0 1 2 0
2578.96 0 0 0 0 0 0 0 0 2 1
2578.96 0 0 0 0 0 0 0 0 2 1
