0 3 6 3 3 0 0 0 0 0 0
0.792964 2 5 3 3 1 0 0 0 0 0
1.45383 1 4 3 3 2 0 0 0 0 0
8.61219 1 3 3 3 1 0 0 1 0 0
10.3654 2 4 3 3 0 0 0 1 0 0
17.3561 1 3 3 3 1 0 0 1 0 0
25.2141 1 3 2 2 1 1 0 1 0 0
28.4289 2 4 2 2 0 1 0 1 0 0
43.0833 2 4 1 1 0 2 0 1 0 0
47.2799 2 4 1 1 0 1 0 0 0 1
51.8407 1 3 1 1 1 1 0 0 0 1
66.9574 0 2 1 1 2 1 0 0 0 1
126.689 1 3 1 1 1 1 0 0 0 1
136.337 0 2 1 1 2 1 0 0 0 1
147.93 1 3 1 1 1 1 0 0 0 1
152.749 2 4 1 1 0 1 0 0 0 1
166.095 1 3 1 1 1 1 0 0 0 1
185.152 0 2 1 1 2 1 0 0 0 1
186.589 0 1 1 1 1 1 0 1 0 1
188.183 1 2 1 1 0 1 0 1 0 1
213.606 0 1 1 1 1 1 0 1 0 1
213.856 1 2 1 1 0 1 0 1 0 1
219.614 1 2 2 2 0 0 0 1 0 1
236.746 1 3 2 2 1 0 0 0 0 1
247.062 0 2 2 2 2 0 0 0 0 1
250.622 0 2 1 1 2 1 0 0 0 1
256.819 0 2 0 0 2 2 0 0 0 1
266.511 1 3 0 0 1 2 0 0 0 1
270.622 2 4 0 0 0 2 0 0 0 1
274.2 1 3 0 0 1 2 0 0 0 1
278.101 1 2 0 0 0 2 0 1 0 1
281.093 0 1 0 0 1 2 0 1 0 1
281.461 0 1 0 0 0 1 1 1 0 1
311.928 0 2 0 0 1 1 1 0 0 1
321.453 0 1 0 0 1 1 0 0 1 1
337.948 0 1 1 1 1 0 0 0 1 1
356.774 1 2 1 1 0 0 0 0 1 1
387.184 0 1 1 1 1 0 0 0 1 1
441.344 1 2 1 1 0 0 0 0 1 1
501.193 0 1 1 1 1 0 0 0 1 1
503.151 0 2 1 1 1 0 1 0 0 1
510.025 0 1 1 1 0 0 1 1 0 1
510.57 0 1 0 0 0 1 1 1 0 1
581.155 0 1 0 0 1 2 0 1 0 1
583.121 0 1 1 1 1 1 0 1 0 1
588.169 1 2 1 1 0 1 0 1 0 1
614.776 1 2 1 1 0 0 0 0 0 2
634.03 0 1 1 1 1 0 0 0 0 2
647.787 1 2 1 1 0 0 0 0 0 2
746.139 0 1 1 1 1 0 0 0 0 2
791.919 1 2 1 1 0 0 0 0 0 2
955.726 1 2 0 0 0 1 0 0 0 2
1046.95 0 1 0 0 1 1 0 0 0 2
1121.29 0 0 0 0 0 1 0 1 0 2
1156.07 0 0 1 1 0 0 0 1 0 2
1165.4 0 0 0 0 0 1 0 1 0 2
1216.53 0 0 1 1 0 0 0 1 0 2
1225.19 0 0 0 0 0 1 0 1 0 2
1248.13 0 1 0 0 1 1 0 0 0 2
1249.59 1 2 0 0 0 1 0 0 0 2
1260.12 1 2 1 1 0 0 0 0 0 2
1260.68 0 1 1 1 1 0 0 0 0 2
1303.62 1 2 1 1 0 0 0 0 0 2
1352.23 1 2 0 0 0 1 0 0 0 2
1373.35 0 1 0 0 1 1 0 0 0 2
1445.77 0 1 1 1 1 0 0 0 0 2
1527.77 0 1 0 0 1 1 0 0 0 2
1540.9 0 0 0 0 0 1 0 1 0 2
1561.09 0 1 0 0 1 1 0 0 0 2
1579.53 0 1 0 0 0 0 1 0 0 2
1583.86 0 0 0 0 0 0 0 0 1 2
2402.77 0 1 0 0 0 0 1 0 0 2
2416.01 0 0 0 0 0 0 0 0 1 2
2416.01 0 0 0 0 0 0 0 0 1 2
