0 3 6 3 3 0 0 0 0 0 0
1.44466 3 6 2 2 0 1 0 0 0 0
1.94806 2 5 2 2 1 1 0 0 0 0
2.65488 1 4 2 2 2 1 0 0 0 0
8.23998 1 3 2 2 1 1 0 1 0 0
8.50846 0 2 2 2 2 1 0 1 0 0
8.51238 0 2 3 3 2 0 0 1 0 0
14.9521 0 2 2 2 2 1 0 1 0 0
18.8851 0 1 2 2 1 1 0 2 0 0
36.8378 0 2 2 2 2 1 0 1 0 0
57.2874 0 2 3 3 2 0 0 1 0 0
65.1498 0 1 3 3 1 0 0 2 0 0
67.0219 0 0 3 3 0 0 0 3 0 0
72.9939 0 1 3 3 1 0 0 2 0 0
76.5243 0 1 2 2 1 1 0 2 0 0
93.7212 0 2 2 2 2 1 0 1 0 0
98.8145 0 2 3 3 2 0 0 1 0 0
99.3929 0 2 2 2 2 1 0 1 0 0
106.473 1 3 2 2 1 1 0 1 0 0
111.677 2 4 2 2 0 1 0 1 0 0
119.066 1 3 2 2 1 1 0 1 0 0
120.228 1 3 2 2 0 0 1 1 0 0
131.179 1 3 1 1 0 1 1 1 0 0
135.264 1 4 1 1 1 1 1 0 0 0
137.075 2 5 1 1 0 1 1 0 0 0
138.601 2 4 1 1 0 1 0 0 1 0
141.645 1 3 1 1 1 1 0 0 1 0
153.718 1 2 1 1 0 1 0 1 1 0
158.984 1 3 1 1 1 1 0 0 1 0
166.773 1 2 1 1 0 1 0 1 1 0
201.358 1 2 2 2 0 0 0 1 1 0
215.944 1 2 1 1 0 1 0 1 1 0
225.939 1 2 0 0 0 2 0 1 1 0
260.741 0 1 0 0 1 2 0 1 1 0
281.922 0 1 1 1 1 1 0 1 1 0
285.093 1 2 1 1 0 1 0 1 1 0
320.64 1 2 2 2 0 0 0 1 1 0
372.929 1 2 1 1 0 1 0 1 1 0
373.639 1 2 2 2 0 0 0 1 1 0
384.277 1 2 1 1 0 1 0 1 1 0
392.992 1 2 0 0 0 2 0 1 1 0
401.564 1 2 0 0 0 1 0 0 1 1
427.825 1 2 0 0 0 2 0 1 1 0
475.83 1 2 0 0 0 1 0 0 1 1
478.522 0 1 0 0 1 1 0 0 1 1
484.64 0 1 0 0 0 0 1 0 1 1
584.416 0 0 0 0 0 0 0 0 2 1
688.944 0 0 0 0 0 1 0 1 2 0
707.743 0 1 0 0 1 1 0 0 2 0
709.059 0 1 1 1 1 0 0 0 2 0
720.593 1 2 1 1 0 0 0 0 2 0
756.691 1 2 0 0 0 1 0 0 2 0
790.515 0 1 0 0 1 1 0 0 2 0
810.854 1 2 0 0 0 1 0 0 2 0
866.165 0 1 0 0 1 1 0 0 2 0
908.878 0 1 1 1 1 0 0 0 2 0
937.096 1 2 1 1 0 0 0 0 2 0
977.02 1 2 0 0 0 1 0 0 2 0
986.591 0 1 0 0 1 1 0 0 2 0
1020.54 1 2 0 0 0 1 0 0 2 0
1136.44 0 1 0 0 1 1 0 0 2 0
1139.82 1 2 0 0 0 1 0 0 2 0
1194.9 1 2 1 1 0 0 0 0 2 0
1247.84 1 2 0 0 0 1 0 0 2 0
1262.13 0 1 0 0 1 1 0 0 2 0
1271.18 1 2 0 0 0 1 0 0 2 0
1525.56 0 1 0 0 1 1 0 0 2 0
1559.25 1 2 0 0 0 1 0 0 2 0
1579.99 1 2 1 1 0 0 0 0 2 0
1585.98 1 2 0 0 0 1 0 0 2 0
1601.35 0 1 0 0 1 1 0 0 2 0
1606.33 0 1 0 0 0 0 1 0 2 0
1619.59 0 0 0 0 0 0 0 0 3 0
1619.59 0 0 0 0 0 0 0 0 3 0
