0 3 6 3 3 0 0 0 0 0 0
7.44465 2 5 3 3 1 0 0 0 0 0
13.4007 1 4 3 3 2 0 0 0 0 0
13.5071 2 5 3 3 1 0 0 0 0 0
18.7289 3 6 3 3 0 0 0 0 0 0
21.166 2 5 3 3 1 0 0 0 0 0
23.1417 2 5 2 2 1 1 0 0 0 0
35.5351 2 4 2 2 0 1 0 1 0 0
35.6108 2 4 1 1 0 2 0 1 0 0
36.4746 1 3 1 1 1 2 0 1 0 0
41.1953 0 2 1 1 2 2 0 1 0 0
48.7068 1 3 1 1 1 2 0 1 0 0
57.8899 1 3 2 2 1 1 0 1 0 0
61.2727 1 4 2 2 2 1 0 0 0 0
71.9483 2 5 2 2 1 1 0 0 0 0
72.2206 1 4 2 2 2 1 0 0 0 0
80.3131 1 4 1 1 2 2 0 0 0 0
89.0091 1 3 1 1 1 2 0 1 0 0
97.4596 1 3 0 0 1 3 0 1 0 0
101.706 2 4 0 0 0 3 0 1 0 0
115.527 1 3 0 0 1 3 0 1 0 0
124.547 1 3 1 1 1 2 0 1 0 0
125.569 1 2 1 1 0 2 0 2 0 0
132.48 1 3 1 1 1 2 0 1 0 0
148.505 1 2 1 1 0 2 0 2 0 0
198.587 1 2 2 2 0 1 0 2 0 0
205.233 1 2 1 1 0 2 0 2 0 0
212.892 1 3 1 1 1 2 0 1 0 0
226.627 0 2 1 1 2 2 0 1 0 0
228.072 0 1 1 1 1 2 0 2 0 0
228.127 0 1 2 2 1 1 0 2 0 0
235.329 0 1 1 1 1 2 0 2 0 0
235.692 0 1 2 2 1 1 0 2 0 0
237.465 0 1 2 2 0 0 1 2 0 0
238.657 0 1 1 1 0 1 1 2 0 0
285.733 0 0 1 1 0 1 0 2 1 0
296.658 0 0 1 1 0 0 0 1 1 1
486.451 0 1 1 1 1 0 0 0 1 1
493.802 1 2 1 1 0 0 0 0 1 1
540.27 1 2 0 0 0 1 0 0 1 1
668.939 0 1 0 0 1 1 0 0 1 1
679.894 1 2 0 0 0 1 0 0 1 1
693.371 0 1 0 0 1 1 0 0 1 1
709.806 0 1 1 1 1 0 0 0 1 1
741.74 0 0 1 1 0 0 0 1 1 1
812.802 0 0 0 0 0 1 0 1 1 1
897.41 0 1 0 0 1 1 0 0 1 1
910.513 0 1 0 0 0 0 1 0 1 1
971.671 0 0 0 0 0 0 0 0 2 1
1545.72 0 1 0 0 0 0 1 0 1 1
1561.67 0 0 0 0 0 0 0 0 2 1
1937.59 0 1 0 0 0 0 1 0 1 1
1954.09 0 0 0 0 0 0 0 0 2 1
2037.76 0 1 0 0 0 0 1 0 1 1
2183.89 0 0 0 0 0 0 0 0 2 1
2581.71 0 1 0 0 0 0 1 0 1 1
2627.41 0 0 0 0 0 0 0 0 2 1
2737.28 0 1 0 0 0 0 1 0 1 1
2827.5 0 0 0 0 0 0 0 0 2 1
2827.5 0 0 0 0 0 0 0 0 2 1
