0 3 6 3 3 0 0 0 0 0 0
1.92791 3 6 2 2 0 1 0 0 0 0
5.80941 2 5 2 2 1 1 0 0 0 0
7.05147 1 4 2 2 2 1 0 0 0 0
9.98714 2 5 2 2 1 1 0 0 0 0
11.621 1 4 2 2 2 1 0 0 0 0
18.9865 0 3 2 2 3 1 0 0 0 0
19.8591 1 4 2 2 2 1 0 0 0 0
21.8043 1 4 1 1 2 2 0 0 0 0
25.1571 1 4 1 1 1 1 1 0 0 0
40.1792 0 3 1 1 2 1 1 0 0 0
45.8622 0 2 1 1 1 1 1 1 0 0
49.7842 1 3 1 1 0 1 1 1 0 0
50.5243 1 4 1 1 1 1 1 0 0 0
55.2988 1 4 0 0 1 2 1 0 0 0
66.4935 1 4 1 1 1 1 1 0 0 0
72.1703 2 5 1 1 0 1 1 0 0 0
76.1783 1 4 1 1 1 1 1 0 0 0
76.7928 1 3 1 1 1 1 0 0 1 0
92.189 1 2 1 1 0 1 0 1 1 0
117.805 0 1 1 1 1 1 0 1 1 0
126.47 1 2 1 1 0 1 0 1 1 0
158.9 1 2 0 0 0 2 0 1 1 0
178.318 1 3 0 0 1 2 0 0 1 0
182.231 1 3 1 1 1 1 0 0 1 0
199.335 2 4 1 1 0 1 0 0 1 0
231.237 1 3 1 1 1 1 0 0 1 0
249.789 2 4 1 1 0 1 0 0 1 0
261.127 1 3 1 1 1 1 0 0 1 0
265.763 1 3 2 2 1 0 0 0 1 0
275.633 2 4 2 2 0 0 0 0 1 0
277.167 2 4 1 1 0 1 0 0 1 0
280.012 1 3 1 1 1 1 0 0 1 0
281.327 2 4 1 1 0 1 0 0 1 0
283.084 1 3 1 1 1 1 0 0 1 0
299.089 0 2 1 1 2 1 0 0 1 0
315.355 1 3 1 1 1 1 0 0 1 0
318.614 1 2 1 1 0 1 0 1 1 0
345.575 0 1 1 1 1 1 0 1 1 0
360.617 0 2 1 1 2 1 0 0 1 0
400.265 1 3 1 1 1 1 0 0 1 0
402.391 0 2 1 1 2 1 0 0 1 0
413.732 0 2 0 0 2 2 0 0 1 0
414.528 1 3 0 0 1 2 0 0 1 0
431.555 1 2 0 0 0 2 0 1 1 0
436.613 1 2 1 1 0 1 0 1 1 0
450.878 1 2 2 2 0 0 0 1 1 0
462.621 1 2 1 1 0 1 0 1 1 0
511.712 1 2 0 0 0 2 0 1 1 0
565.337 1 3 0 0 1 2 0 0 1 0
570.916 1 3 0 0 0 1 1 0 1 0
604.537 1 3 1 1 0 0 1 0 1 0
636.687 1 2 1 1 0 0 0 0 2 0
691.346 0 1 1 1 1 0 0 0 2 0
798.245 1 2 1 1 0 0 0 0 2 0
834.071 0 1 1 1 1 0 0 0 2 0
870.955 0 0 1 1 0 0 0 1 2 0
968.046 0 1 1 1 1 0 0 0 2 0
1000.65 0 1 0 0 1 1 0 0 2 0
1021.63 1 2 0 0 0 1 0 0 2 0
1036.86 0 1 0 0 1 1 0 0 2 0
1078.12 0 0 0 0 0 1 0 1 2 0
1086.08 0 1 0 0 1 1 0 0 2 0
1101.9 0 1 1 1 1 0 0 0 2 0
1158.78 1 2 1 1 0 0 0 0 2 0
1163.83 1 2 0 0 0 1 0 0 2 0
1168.23 0 1 0 0 1 1 0 0 2 0
1181.13 0 1 0 0 0 0 1 0 2 0
1184.61 0 1 0 0 1 1 0 0 2 0
1201.07 0 2 0 0 1 1 1 0 1 0
1210.85 0 2 0 0 2 2 0 0 1 0
1241.96 1 3 0 0 1 2 0 0 1 0
1259.07 0 2 0 0 2 2 0 0 1 0
1266.44 1 3 0 0 1 2 0 0 1 0
1279.82 1 3 1 1 1 1 0 0 1 0
1307.22 0 2 1 1 2 1 0 0 1 0
1335.65 0 1 1 1 1 1 0 1 1 0
1359.89 0 2 1 1 2 1 0 0 1 0
1407.86 1 3 1 1 1 1 0 0 1 0
1410.56 0 2 1 1 2 1 0 0 1 0
1423.13 1 3 1 1 1 1 0 0 1 0
1424.2 0 2 1 1 2 1 0 0 1 0
1427.64 1 3 1 1 1 1 0 0 1 0
1442.93 2 4 1 1 0 1 0 0 1 0
1455.91 2 4 0 0 0 2 0 0 1 0
1461.21 2 4 1 1 0 1 0 0 1 0
1465.15 1 3 1 1 1 1 0 0 1 0
1468.96 1 3 2 2 1 0 0 0 1 0
1469.85 0 2 2 2 2 0 0 0 1 0
1476.96 0 2 1 1 2 1 0 0 1 0
1504.03 1 3 1 1 1 1 0 0 1 0
1521.85 0 2 1 1 2 1 0 0 1 0
1522.79 0 1 1 1 1 1 0 1 1 0
1570.33 0 2 1 1 2 1 0 0 1 0
1588.98 1 3 1 1 1 1 0 0 1 0
1618.45 1 2 1 1 0 1 0 1 1 0
1631.53 0 1 1 1 1 1 0 1 1 0
1636.69 0 0 1 1 0 1 0 2 1 0
1650.16 0 0 0 0 0 2 0 2 1 0
1650.83 0 1 0 0 1 2 0 1 1 0
1653.61 1 2 0 0 0 2 0 1 1 0
1657.52 1 2 1 1 0 1 0 1 1 0
1680.26 1 2 1 1 0 0 0 0 1 1
1709.15 0 1 1 1 1 0 0 0 1 1
1718.47 0 1 0 0 1 1 0 0 1 1
1736.04 0 1 1 1 1 0 0 0 1 1
1748.66 1 2 1 1 0 0 0 0 1 1
1749.73 0 1 1 1 1 0 0 0 1 1
1802.76 0 1 0 0 1 1 0 0 1 1
1819.79 1 2 0 0 0 1 0 0 1 1
1825.68 0 1 0 0 1 1 0 0 1 1
1829.67 1 2 0 0 0 1 0 0 1 1
1851.67 0 1 0 0 1 1 0 0 1 1
1861.24 0 1 0 0 0 0 1 0 1 1
1907.23 0 1 0 0 1 1 0 0 1 1
2026.34 1 2 0 0 0 1 0 0 1 1
2082.9 1 2 1 1 0 0 0 0 1 1
2086.13 0 1 1 1 1 0 0 0 1 1
2117.31 1 2 1 1 0 0 0 0 1 1
2123.08 0 1 1 1 1 0 0 0 1 1
2145.33 0 0 1 1 0 0 0 1 1 1
2151.08 0 0 0 0 0 1 0 1 1 1
2242.99 0 1 0 0 1 1 0 0 1 1
2251.63 0 0 0 0 0 1 0 1 1 1
2255.65 0 0 0 0 0 0 0 0 1 2
2657.78 0 0 0 0 0 1 0 1 1 1
2666.22 0 0 1 1 0 0 0 1 1 1
2761.31 0 0 0 0 0 1 0 1 1 1
2886.09 0 1 0 0 1 1 0 0 1 1
2902.35 1 2 0 0 0 1 0 0 1 1
2931.65 0 1 0 0 1 1 0 0 1 1
2931.77 1 2 0 0 0 1 0 0 1 1
2977.7 1 2 1 1 0 0 0 0 1 1
2977.7 1 2 1 1 0 0 0 0 1 1
