0 3 6 3 3 0 0 0 0 0 0
13.5622 2 5 3 3 1 0 0 0 0 0
16.9214 2 4 3 3 0 0 0 1 0 0
38.9468 2 4 2 2 0 1 0 1 0 0
67.783 2 4 1 1 0 2 0 1 0 0
75.1765 1 3 1 1 1 2 0 1 0 0
77.1796 1 2 1 1 0 2 0 2 0 0
89.0834 0 1 1 1 1 2 0 2 0 0
96.6017 0 1 1 1 1 1 0 1 0 1
99.9813 0 1 1 1 1 0 0 0 0 2
123.453 0 0 1 1 0 0 0 1 0 2
132.542 0 0 0 0 0 1 0 1 0 2
193.863 0 1 0 0 1 1 0 0 0 2
250.855 1 2 0 0 0 1 0 0 0 2
415.887 0 1 0 0 1 1 0 0 0 2
419.934 0 1 0 0 0 0 1 0 0 2
523.049 0 1 0 0 1 1 0 0 0 2
542.784 0 1 1 1 1 0 0 0 0 2
550.57 1 2 1 1 0 0 0 0 0 2
578.434 1 2 0 0 0 1 0 0 0 2
637.641 1 2 0 0 0 2 0 1 0 1
684.274 0 1 0 0 1 2 0 1 0 1
694.67 0 1 0 0 1 1 0 0 0 2
743.25 0 1 1 1 1 0 0 0 0 2
748.712 1 2 1 1 0 0 0 0 0 2
807.021 0 1 1 1 1 0 0 0 0 2
852.237 0 1 0 0 1 1 0 0 0 2
868.04 1 2 0 0 0 1 0 0 0 2
872.108 0 1 0 0 1 1 0 0 0 2
929.288 0 1 1 1 1 0 0 0 0 2
934.008 1 2 1 1 0 0 0 0 0 2
1082.95 0 1 1 1 1 0 0 0 0 2
1087.04 1 2 1 1 0 0 0 0 0 2
1087.62 0 1 1 1 1 0 0 0 0 2
1350.28 1 2 1 1 0 0 0 0 0 2
1384.67 0 1 1 1 1 0 0 0 0 2
1405.08 1 2 1 1 0 0 0 0 0 2
1457.7 1 2 0 0 0 1 0 0 0 2
1458.78 0 1 0 0 1 1 0 0 0 2
1463.23 0 1 1 1 1 0 0 0 0 2
1490.91 0 1 0 0 1 1 0 0 0 2
1547.09 1 2 0 0 0 1 0 0 0 2
1611.67 0 1 0 0 1 1 0 0 0 2
1679.49 0 1 0 0 0 0 1 0 0 2
1789.13 0 0 0 0 0 0 0 0 1 2
1789.13 0 0 0 0 0 0 0 0 1 2
