0 3 6 3 3 0 0 0 0 0 0
7.89723 3 6 2 2 0 1 0 0 0 0
29.6957 2 5 2 2 1 1 0 0 0 0
31.0464 3 6 2 2 0 1 0 0 0 0
31.5645 2 5 2 2 1 1 0 0 0 0
38.0796 2 5 1 1 1 2 0 0 0 0
39.0282 1 4 1 1 2 2 0 0 0 0
39.5594 2 5 1 1 1 2 0 0 0 0
42.7156 3 6 1 1 0 2 0 0 0 0
52.4825 3 6 2 2 0 1 0 0 0 0
56.8926 2 5 2 2 1 1 0 0 0 0
73.9886 3 6 2 2 0 1 0 0 0 0
78.9557 3 6 3 3 0 0 0 0 0 0
80.3794 2 5 3 3 1 0 0 0 0 0
84.6021 1 4 3 3 2 0 0 0 0 0
92.4307 1 4 2 2 2 1 0 0 0 0
95.8517 1 3 2 2 1 1 0 1 0 0
103.721 1 2 2 2 0 1 0 2 0 0
104.44 1 2 1 1 0 2 0 2 0 0
114.073 1 3 1 1 1 2 0 1 0 0
115.661 2 4 1 1 0 2 0 1 0 0
124.525 2 4 1 1 0 1 0 0 0 1
152.893 1 3 1 1 1 1 0 0 0 1
163.91 2 4 1 1 0 1 0 0 0 1
189.487 1 3 1 1 1 1 0 0 0 1
193.997 1 2 1 1 0 1 0 1 0 1
194.928 1 2 2 2 0 0 0 1 0 1
207.326 1 2 1 1 0 1 0 1 0 1
214.292 0 1 1 1 1 1 0 1 0 1
226.726 0 1 1 1 0 0 1 1 0 1
259.8 0 2 1 1 1 0 1 0 0 1
269.125 0 2 1 1 2 1 0 0 0 1
290.861 0 2 2 2 2 0 0 0 0 1
297.369 0 2 1 1 2 1 0 0 0 1
317.456 0 2 2 2 2 0 0 0 0 1
318.181 1 3 2 2 1 0 0 0 0 1
321.298 1 3 1 1 1 1 0 0 0 1
326.14 2 4 1 1 0 1 0 0 0 1
332.302 1 3 1 1 1 1 0 0 0 1
338.448 2 4 1 1 0 1 0 0 0 1
343.082 1 3 1 1 1 1 0 0 0 1
354.097 1 2 1 1 0 1 0 1 0 1
418.583 1 3 1 1 1 1 0 0 0 1
454.181 2 4 1 1 0 1 0 0 0 1
476.557 1 3 1 1 1 1 0 0 0 1
477.301 1 2 1 1 0 1 0 1 0 1
511.767 1 2 1 1 0 0 0 0 0 2
538.694 0 1 1 1 1 0 0 0 0 2
559.68 0 1 0 0 1 1 0 0 0 2
581.728 1 2 0 0 0 1 0 0 0 2
693.755 0 1 0 0 1 1 0 0 0 2
704.63 0 1 1 1 1 0 0 0 0 2
716.401 0 0 1 1 0 0 0 1 0 2
735.927 0 0 0 0 0 1 0 1 0 2
772.003 0 0 1 1 0 0 0 1 0 2
908.032 0 0 0 0 0 1 0 1 0 2
927.181 0 0 1 1 0 0 0 1 0 2
941.477 0 1 1 1 1 0 0 0 0 2
967.39 1 2 1 1 0 0 0 0 0 2
1003.91 0 1 1 1 1 0 0 0 0 2
1036.25 0 0 1 1 0 0 0 1 0 2
1129.08 0 1 1 1 1 0 0 0 0 2
1132.07 1 2 1 1 0 0 0 0 0 2
1137.67 0 1 1 1 1 0 0 0 0 2
1142.99 0 0 1 1 0 0 0 1 0 2
1298.3 0 1 1 1 1 0 0 0 0 2
1311.39 1 2 1 1 0 0 0 0 0 2
1324.05 0 1 1 1 1 0 0 0 0 2
1420.78 1 2 1 1 0 0 0 0 0 2
1440.55 0 1 1 1 1 0 0 0 0 2
1447.86 1 2 1 1 0 0 0 0 0 2
1473.46 0 1 1 1 1 0 0 0 0 2
1516.86 0 0 1 1 0 0 0 1 0 2
1668.68 0 1 1 1 1 0 0 0 0 2
1720.85 1 2 1 1 0 0 0 0 0 2
1777.07 0 1 1 1 1 0 0 0 0 2
1780.57 1 2 1 1 0 0 0 0 0 2
1900.19 1 2 0 0 0 1 0 0 0 2
1964.82 1 2 1 1 0 0 0 0 0 2
2035.13 0 1 1 1 1 0 0 0 0 2
2077.64 0 0 1 1 0 0 0 1 0 2
2078.53 0 1 1 1 1 0 0 0 0 2
2078.8 1 2 1 1 0 0 0 0 0 2
2145.06 0 1 1 1 1 0 0 0 0 2
2193.62 1 2 1 1 0 0 0 0 0 2
2226.25 1 2 1 1 0 1 0 1 0 1
2237.17 0 1 1 1 1 1 0 1 0 1
2251.85 0 1 2 2 1 0 0 1 0 1
2266.86 0 0 2 2 0 0 0 2 0 1
2281.05 0 0 1 1 0 1 0 2 0 1
2281.53 0 1 1 1 1 1 0 1 0 1
2320.16 0 2 1 1 2 1 0 0 0 1
2334.65 0 2 1 1 1 0 1 0 0 1
2341.74 0 1 1 1 0 0 1 1 0 1
2423.34 0 2 1 1 1 0 1 0 0 1
2433.29 0 1 1 1 1 0 0 0 1 1
2491.54 1 2 1 1 0 0 0 0 1 1
2553.08 0 1 1 1 1 0 0 0 1 1
2590.65 1 2 1 1 0 0 0 0 1 1
2668.68 0 1 1 1 1 0 0 0 1 1
2701.78 1 2 1 1 0 0 0 0 1 1
2734.19 1 2 0 0 0 1 0 0 1 1
2750.47 1 2 1 1 0 0 0 0 1 1
2761.82 0 1 1 1 1 0 0 0 1 1
2794.8 0 0 1 1 0 0 0 1 1 1
2821.02 0 0 0 0 0 1 0 1 1 1
2932.08 0 1 0 0 1 1 0 0 1 1
2975.16 1 2 0 0 0 1 0 0 1 1
2981.29 1 2 1 1 0 0 0 0 1 1
2989.74 1 3 1 1 0 0 1 0 0 1
2995.83 0 2 1 1 1 0 1 0 0 1
2995.83 0 2 1 1 1 0 1 0 0 1
