0 3 6 3 3 0 0 0 0 0 0
1.52497 3 6 2 2 0 1 0 0 0 0
11.9328 3 6 3 3 0 0 0 0 0 0
13.0974 3 6 2 2 0 1 0 0 0 0
27.7433 2 5 2 2 1 1 0 0 0 0
29.5769 2 5 1 1 1 2 0 0 0 0
43.5792 2 5 2 2 1 1 0 0 0 0
50.3983 2 4 2 2 0 1 0 1 0 0
51.0834 2 4 2 2 0 0 0 0 0 1
54.7191 1 3 2 2 1 0 0 0 0 1
56.0524 0 2 2 2 2 0 0 0 0 1
65.9593 0 1 2 2 1 0 0 1 0 1
74.9368 0 0 2 2 0 0 0 2 0 1
100.667 0 1 2 2 1 0 0 1 0 1
109.176 0 2 2 2 2 0 0 0 0 1
111.838 1 3 2 2 1 0 0 0 0 1
137.468 1 3 1 1 1 1 0 0 0 1
143.777 1 3 0 0 1 2 0 0 0 1
151.639 1 3 0 0 0 1 1 0 0 1
203.859 1 2 0 0 0 1 0 0 1 1
226.664 1 2 1 1 0 0 0 0 1 1
342.918 1 2 0 0 0 1 0 0 1 1
353.675 0 1 0 0 1 1 0 0 1 1
370.569 1 2 0 0 0 1 0 0 1 1
436.177 0 1 0 0 1 1 0 0 1 1
437.79 0 1 0 0 0 0 1 0 1 1
555.893 0 0 0 0 0 0 0 0 2 1
842.391 0 1 0 0 0 0 1 0 1 1
856.741 0 2 0 0 0 0 2 0 0 1
864.167 0 1 0 0 0 0 1 0 1 1
879.805 0 0 0 0 0 0 0 0 2 1
1592.27 0 0 0 0 0 1 0 1 2 0
1699.84 0 1 0 0 1 1 0 0 2 0
1739.23 1 2 0 0 0 1 0 0 2 0
1788.44 0 1 0 0 1 1 0 0 2 0
1836.02 0 1 1 1 1 0 0 0 2 0
1926.21 0 1 0 0 1 1 0 0 2 0
1938.9 0 1 1 1 1 0 0 0 2 0
1953.85 0 1 0 0 1 1 0 0 2 0
1969.46 0 1 1 1 1 0 0 0 2 0
2001.53 1 2 1 1 0 0 0 0 2 0
2004.75 0 1 1 1 1 0 0 0 2 0
2011.11 1 2 1 1 0 0 0 0 2 0
2052.05 1 2 0 0 0 1 0 0 2 0
2082.67 0 1 0 0 1 1 0 0 2 0
2148.43 0 0 0 0 0 1 0 1 2 0
2163.14 0 0 1 1 0 0 0 1 2 0
2241.41 0 1 1 1 1 0 0 0 2 0
2275.79 1 2 1 1 0 0 0 0 2 0
2326.19 0 1 1 1 1 0 0 0 2 0
2336.6 1 2 1 1 0 0 0 0 2 0
2363.93 1 2 0 0 0 1 0 0 2 0
2381 0 1 0 0 1 1 0 0 2 0
2394.53 0 0 0 0 0 1 0 1 2 0
2451.09 0 0 0 0 0 0 0 0 2 1
2451.09 0 0 0 0 0 0 0 0 2 1
