0 3 6 3 3 0 0 0 0 0 0
1.45225 3 6 2 2 0 1 0 0 0 0
20.7044 3 6 3 3 0 0 0 0 0 0
25.419 2 5 3 3 1 0 0 0 0 0
33.7986 1 4 3 3 2 0 0 0 0 0
36.5502 1 4 2 2 2 1 0 0 0 0
37.2552 2 5 2 2 1 1 0 0 0 0
41.2023 1 4 2 2 2 1 0 0 0 0
49.862 1 3 2 2 1 1 0 1 0 0
52.3023 1 4 2 2 2 1 0 0 0 0
54.1391 1 4 2 2 1 0 1 0 0 0
59.2281 0 3 2 2 2 0 1 0 0 0
69.4417 0 2 2 2 1 0 1 1 0 0
70.6574 0 2 2 2 2 1 0 1 0 0
94.7933 1 3 2 2 1 1 0 1 0 0
95.9363 0 2 2 2 2 1 0 1 0 0
96.3449 1 3 2 2 1 1 0 1 0 0
96.9894 1 4 2 2 2 1 0 0 0 0
100.013 1 4 1 1 2 2 0 0 0 0
141.04 2 5 1 1 1 2 0 0 0 0
143.979 2 4 1 1 0 2 0 1 0 0
199.414 1 3 1 1 1 2 0 1 0 0
207.554 1 3 1 1 1 1 0 0 0 1
211.833 1 2 1 1 0 1 0 1 0 1
247.357 1 2 0 0 0 2 0 1 0 1
256.429 1 3 0 0 1 2 0 0 0 1
258.205 0 2 0 0 2 2 0 0 0 1
283.034 0 2 0 0 1 1 1 0 0 1
288.71 0 2 0 0 2 2 0 0 0 1
288.991 1 3 0 0 1 2 0 0 0 1
295.191 1 3 1 1 1 1 0 0 0 1
296.548 1 2 1 1 0 1 0 1 0 1
312.928 1 3 1 1 1 1 0 0 0 1
321.101 0 2 1 1 2 1 0 0 0 1
342.795 1 3 1 1 1 1 0 0 0 1
344.437 2 4 1 1 0 1 0 0 0 1
373.019 2 4 0 0 0 2 0 0 0 1
390.165 1 3 0 0 1 2 0 0 0 1
400.632 1 3 1 1 1 1 0 0 0 1
427.738 1 2 1 1 0 1 0 1 0 1
445.411 1 2 2 2 0 0 0 1 0 1
457.898 1 2 1 1 0 1 0 1 0 1
461.886 1 2 1 1 0 0 0 0 0 2
501.242 0 1 1 1 1 0 0 0 0 2
518.818 0 0 1 1 0 0 0 1 0 2
596.271 0 0 0 0 0 1 0 1 0 2
655.755 0 0 0 0 0 0 0 0 0 3
1167.36 0 0 0 0 0 1 0 1 0 2
1168.2 0 0 0 0 0 0 0 0 0 3
1517.81 0 0 0 0 0 1 0 1 0 2
1532.33 0 1 0 0 1 1 0 0 0 2
1535.46 0 1 1 1 1 0 0 0 0 2
1555.88 0 1 0 0 1 1 0 0 0 2
1585.11 0 1 1 1 1 0 0 0 0 2
1643.09 1 2 1 1 0 0 0 0 0 2
1674.3 0 1 1 1 1 0 0 0 0 2
1733.42 0 1 0 0 1 1 0 0 0 2
1736.72 0 1 1 1 1 0 0 0 0 2
1752.55 0 0 1 1 0 0 0 1 0 2
1793.14 0 0 0 0 0 1 0 1 0 2
1809.06 0 1 0 0 1 1 0 0 0 2
1839.99 0 1 1 1 1 0 0 0 0 2
1842.59 1 2 1 1 0 0 0 0 0 2
1866.21 1 2 0 0 0 1 0 0 0 2
1952.65 0 1 0 0 1 1 0 0 0 2
2058.26 0 1 1 1 1 0 0 0 0 2
2058.97 1 2 1 1 0 0 0 0 0 2
2078.06 0 1 1 1 1 0 0 0 0 2
2163.02 1 2 1 1 0 0 0 0 0 2
2204.22 0 1 1 1 1 0 0 0 0 2
2233.09 1 2 1 1 0 0 0 0 0 2
2243.31 0 1 1 1 1 0 0 0 0 2
2246.67 1 2 1 1 0 0 0 0 0 2
2277.31 0 1 1 1 1 0 0 0 0 2
2278.54 0 1 1 1 1 1 0 1 0 1
2285.49 1 2 1 1 0 1 0 1 0 1
2291.45 1 3 1 1 1 1 0 0 0 1
2299.29 2 4 1 1 0 1 0 0 0 1
2300.8 1 3 1 1 1 1 0 0 0 1
2307.68 0 2 1 1 2 1 0 0 0 1
2316.23 1 3 1 1 1 1 0 0 0 1
2317.97 1 3 1 1 0 0 1 0 0 1
2331.03 1 3 0 0 0 1 1 0 0 1
2332.46 1 2 0 0 0 1 0 0 1 1
2364.06 0 1 0 0 1 1 0 0 1 1
2371.09 0 1 1 1 1 0 0 0 1 1
2418.31 1 2 1 1 0 0 0 0 1 1
2458.74 0 1 1 1 1 0 0 0 1 1
2504.22 1 2 1 1 0 0 0 0 1 1
2527.15 0 1 1 1 1 0 0 0 1 1
2530.54 0 0 1 1 0 0 0 1 1 1
2542.43 0 1 1 1 1 0 0 0 1 1
2595.97 0 0 1 1 0 0 0 1 1 1
2659.74 0 0 0 0 0 1 0 1 1 1
2690.8 0 1 0 0 1 1 0 0 1 1
2749.63 0 1 1 1 1 0 0 0 1 1
2771.49 1 2 1 1 0 0 0 0 1 1
2817.23 1 3 1 1 0 0 1 0 0 1
2830.5 0 2 1 1 1 0 1 0 0 1
2842.15 0 2 1 1 2 1 0 0 0 1
2847.93 0 1 1 1 1 1 0 1 0 1
2850.93 0 1 2 2 1 0 0 1 0 1
2854.15 0 1 1 1 1 1 0 1 0 1
2855.79 0 1 0 0 1 2 0 1 0 1
2883.32 1 2 0 0 0 2 0 1 0 1
2911.66 0 1 0 0 1 2 0 1 0 1
2915.8 0 1 0 0 0 1 1 1 0 1
2927.37 0 2 0 0 1 1 1 0 0 1
2943.19 0 2 0 0 2 2 0 0 0 1
2943.65 1 3 0 0 1 2 0 0 0 1
2945.09 0 2 0 0 2 2 0 0 0 1
2948.11 0 1 0 0 1 2 0 1 0 1
2948.11 0 1 0 0 1 2 0 1 0 1
