0 3 6 3 3 0 0 0 0 0 0
0.849283 2 5 3 3 1 0 0 0 0 0
5.59053 1 4 3 3 2 0 0 0 0 0
8.64246 1 4 2 2 2 1 0 0 0 0
9.35734 1 4 3 3 2 0 0 0 0 0
25.5178 1 4 2 2 2 1 0 0 0 0
26.7204 2 5 2 2 1 1 0 0 0 0
37.7394 2 5 1 1 1 2 0 0 0 0
44.1825 1 4 1 1 2 2 0 0 0 0
57.3701 2 5 1 1 1 2 0 0 0 0
62.2287 2 5 0 0 1 3 0 0 0 0
64.3453 2 5 0 0 0 2 1 0 0 0
81.2436 2 4 0 0 0 2 0 0 1 0
91.2834 1 3 0 0 1 2 0 0 1 0
92.8442 1 3 0 0 0 1 1 0 1 0
102.185 1 3 0 0 1 2 0 0 1 0
105.107 1 2 0 0 0 2 0 1 1 0
132.736 0 1 0 0 1 2 0 1 1 0
142.507 0 1 1 1 1 1 0 1 1 0
156.891 0 1 1 1 1 0 0 0 1 1
165.198 1 2 1 1 0 0 0 0 1 1
174.057 0 1 1 1 1 0 0 0 1 1
220.398 0 2 1 1 1 0 1 0 0 1
260.491 0 1 1 1 0 0 1 1 0 1
327.84 0 1 0 0 0 1 1 1 0 1
349.887 0 1 1 1 0 0 1 1 0 1
363.119 0 1 0 0 0 1 1 1 0 1
430.242 0 2 0 0 1 1 1 0 0 1
430.69 1 3 0 0 0 1 1 0 0 1
448.573 1 3 1 1 0 0 1 0 0 1
450.629 1 3 1 1 1 1 0 0 0 1
453.825 1 2 1 1 0 1 0 1 0 1
473.496 1 3 1 1 1 1 0 0 0 1
475.594 2 4 1 1 0 1 0 0 0 1
478.942 1 3 1 1 1 1 0 0 0 1
497.812 1 2 1 1 0 1 0 1 0 1
505.738 0 1 1 1 1 1 0 1 0 1
539.8 0 2 1 1 2 1 0 0 0 1
597.518 0 2 1 1 1 0 1 0 0 1
610.503 0 1 1 1 1 0 0 0 1 1
636.065 1 2 1 1 0 0 0 0 1 1
647.581 0 1 1 1 1 0 0 0 1 1
721.671 1 2 1 1 0 0 0 0 1 1
725.409 0 1 1 1 1 0 0 0 1 1
751.438 0 0 1 1 0 0 0 1 1 1
757.498 0 0 0 0 0 1 0 1 1 1
812.3 0 1 0 0 1 1 0 0 1 1
812.908 1 2 0 0 0 1 0 0 1 1
830.865 1 2 1 1 0 0 0 0 1 1
860.245 0 1 1 1 1 0 0 0 1 1
944.896 1 2 1 1 0 0 0 0 1 1
945.875 1 2 0 0 0 1 0 0 1 1
957.963 0 1 0 0 1 1 0 0 1 1
968.603 1 2 0 0 0 1 0 0 1 1
1019.61 0 1 0 0 1 1 0 0 1 1
1021.78 1 2 0 0 0 1 0 0 1 1
1147.05 1 2 1 1 0 0 0 0 1 1
1154.22 0 1 1 1 1 0 0 0 1 1
1172.6 1 2 1 1 0 0 0 0 1 1
1243.74 1 3 1 1 0 0 1 0 0 1
1296.78 0 2 1 1 1 0 1 0 0 1
1319.37 0 1 1 1 1 0 0 0 1 1
1327.47 0 0 1 1 0 0 0 1 1 1
1330.55 0 1 1 1 0 0 1 1 0 1
1426.24 0 0 1 1 0 0 0 1 1 1
1434.67 0 0 0 0 0 1 0 1 1 1
1501.93 0 1 0 0 1 1 0 0 1 1
1505.21 0 1 1 1 1 0 0 0 1 1
1507.34 1 2 1 1 0 0 0 0 1 1
1523.08 0 1 1 1 1 0 0 0 1 1
1535.71 1 2 1 1 0 0 0 0 1 1
1537.04 1 2 0 0 0 1 0 0 1 1
1589.3 1 2 1 1 0 0 0 0 1 1
1596.38 1 2 0 0 0 1 0 0 1 1
1619.57 0 1 0 0 1 1 0 0 1 1
1625.13 1 2 0 0 0 1 0 0 1 1
1710.21 0 1 0 0 1 1 0 0 1 1
1711.82 0 1 1 1 1 0 0 0 1 1
1745.74 1 2 1 1 0 0 0 0 1 1
1794.78 0 1 1 1 1 0 0 0 1 1
1827.05 0 1 0 0 1 1 0 0 1 1
1843.45 1 2 0 0 0 1 0 0 1 1
2001.63 0 1 0 0 1 1 0 0 1 1
2021.11 0 1 1 1 1 0 0 0 1 1
2023.49 0 1 0 0 1 1 0 0 1 1
2064.32 1 2 0 0 0 1 0 0 1 1
2075.72 0 1 0 0 1 1 0 0 1 1
2106.49 0 1 0 0 0 0 1 0 1 1
2108 0 0 0 0 0 0 0 0 2 1
2171.79 0 1 0 0 0 0 1 0 1 1
2311.52 0 1 0 0 1 1 0 0 1 1
2351.38 1 2 0 0 0 1 0 0 1 1
2362.23 0 1 0 0 1 1 0 0 1 1
2399.23 0 1 0 0 0 0 1 0 1 1
2709.4 0 0 0 0 0 0 0 0 2 1
2709.4 0 0 0 0 0 0 0 0 2 1
