0 3 6 3 3 0 0 0 0 0 0
0.125347 2 5 3 3 1 0 0 0 0 0
8.767 2 5 2 2 1 1 0 0 0 0
10.2271 1 4 2 2 2 1 0 0 0 0
13.0986 2 5 2 2 1 1 0 0 0 0
23.4715 2 5 3 3 1 0 0 0 0 0
34.2444 1 4 3 3 2 0 0 0 0 0
47.9318 0 3 3 3 3 0 0 0 0 0
53.5869 1 4 3 3 2 0 0 0 0 0
53.7914 0 3 3 3 3 0 0 0 0 0
54.0727 0 3 2 2 3 1 0 0 0 0
55.2678 0 3 2 2 2 0 1 0 0 0
58.0526 1 4 2 2 1 0 1 0 0 0
65.3211 1 4 2 2 2 1 0 0 0 0
68.1636 2 5 2 2 1 1 0 0 0 0
70.3876 1 4 2 2 2 1 0 0 0 0
73.1303 1 3 2 2 1 1 0 1 0 0
80.4923 2 4 2 2 0 1 0 1 0 0
94.2054 1 3 2 2 1 1 0 1 0 0
117.558 2 4 2 2 0 1 0 1 0 0
146.696 1 3 2 2 1 1 0 1 0 0
148.477 0 2 2 2 2 1 0 1 0 0
155.827 0 2 3 3 2 0 0 1 0 0
167.935 1 3 3 3 1 0 0 1 0 0
168.897 0 2 3 3 2 0 0 1 0 0
169.881 1 3 3 3 1 0 0 1 0 0
175.44 1 2 3 3 0 0 0 2 0 0
203.382 1 2 2 2 0 1 0 2 0 0
209.925 1 2 1 1 0 2 0 2 0 0
231.68 1 2 0 0 0 3 0 2 0 0
245.611 1 3 0 0 1 3 0 1 0 0
256.26 1 3 1 1 1 2 0 1 0 0
261.921 2 4 1 1 0 2 0 1 0 0
265.266 2 4 1 1 0 1 0 0 0 1
267.462 1 3 1 1 1 1 0 0 0 1
274.736 2 4 1 1 0 1 0 0 0 1
274.743 1 3 1 1 1 1 0 0 0 1
310.475 1 3 1 1 0 0 1 0 0 1
335.491 0 2 1 1 1 0 1 0 0 1
370.337 0 1 1 1 1 0 0 0 1 1
398.242 0 1 0 0 1 1 0 0 1 1
399.334 0 1 1 1 1 0 0 0 1 1
410.103 0 1 0 0 1 1 0 0 1 1
493.982 0 0 0 0 0 1 0 1 1 1
524.968 0 0 0 0 0 0 0 0 1 2
1170.5 0 0 0 0 0 1 0 1 1 1
1307.1 0 1 0 0 1 1 0 0 1 1
1320.97 1 2 0 0 0 1 0 0 1 1
1365.35 0 1 0 0 1 1 0 0 1 1
1398.96 0 0 0 0 0 1 0 1 1 1
1527.96 0 1 0 0 1 1 0 0 1 1
1586.88 0 1 0 0 0 0 1 0 1 1
1732.48 0 0 0 0 0 0 0 0 2 1
2275.33 0 1 0 0 0 0 1 0 1 1
2353.27 0 0 0 0 0 0 0 0 2 1
2728.97 0 1 0 0 0 0 1 0 1 1
2776.26 0 0 0 0 0 0 0 0 2 1
2776.26 0 0 0 0 0 0 0 0 2 1
