0 3 6 3 3 0 0 0 0 0 0
2.26226 3 6 2 2 0 1 0 0 0 0
18.6379 3 6 3 3 0 0 0 0 0 0
21.3119 2 5 3 3 1 0 0 0 0 0
23.2998 2 5 2 2 1 1 0 0 0 0
58.5072 1 4 2 2 2 1 0 0 0 0
61.8088 1 4 1 1 2 2 0 0 0 0
62.5879 1 3 1 1 1 2 0 1 0 0
66.6276 2 4 1 1 0 2 0 1 0 0
67.665 2 4 2 2 0 1 0 1 0 0
86.6189 1 3 2 2 1 1 0 1 0 0
92.2215 1 3 1 1 1 2 0 1 0 0
96.4419 2 4 1 1 0 2 0 1 0 0
121.262 2 4 1 1 0 1 0 0 0 1
205.587 2 4 0 0 0 2 0 0 0 1
230.27 1 3 0 0 1 2 0 0 0 1
238.268 2 4 0 0 0 2 0 0 0 1
255.679 1 3 0 0 1 2 0 0 0 1
258.353 1 3 1 1 1 1 0 0 0 1
259.001 1 2 1 1 0 1 0 1 0 1
273.021 1 3 1 1 1 1 0 0 0 1
281.736 0 2 1 1 2 1 0 0 0 1
295.596 0 1 1 1 1 1 0 1 0 1
302.452 0 2 1 1 2 1 0 0 0 1
340.666 1 3 1 1 1 1 0 0 0 1
344.352 0 2 1 1 2 1 0 0 0 1
347.498 0 1 1 1 1 1 0 1 0 1
362.334 0 1 1 1 1 0 0 0 0 2
365.157 1 2 1 1 0 0 0 0 0 2
504.304 1 2 0 0 0 1 0 0 0 2
553.128 0 1 0 0 1 1 0 0 0 2
579.106 0 1 1 1 1 0 0 0 0 2
790.157 1 2 1 1 0 0 0 0 0 2
833.211 1 2 0 0 0 1 0 0 0 2
864.214 0 1 0 0 1 1 0 0 0 2
897.493 0 1 0 0 0 0 1 0 0 2
1007.34 0 1 0 0 1 1 0 0 0 2
1063.81 1 2 0 0 0 1 0 0 0 2
1153.56 1 2 1 1 0 0 0 0 0 2
1187.79 0 1 1 1 1 0 0 0 0 2
1224.91 0 1 0 0 1 1 0 0 0 2
1254.47 0 1 0 0 0 0 1 0 0 2
1322.39 0 1 0 0 1 1 0 0 0 2
1345.46 1 2 0 0 0 1 0 0 0 2
1426.21 0 1 0 0 1 1 0 0 0 2
1458.47 1 2 0 0 0 1 0 0 0 2
1477.61 0 1 0 0 1 1 0 0 0 2
1507.2 1 2 0 0 0 1 0 0 0 2
1565.47 1 2 1 1 0 0 0 0 0 2
1602.06 1 2 0 0 0 1 0 0 0 2
1788.49 1 2 1 1 0 0 0 0 0 2
1800.12 0 1 1 1 1 0 0 0 0 2
1823.48 1 2 1 1 0 0 0 0 0 2
1830.46 0 1 1 1 1 0 0 0 0 2
1844.59 0 0 1 1 0 0 0 1 0 2
1861.12 0 1 1 1 1 0 0 0 0 2
1881.05 0 1 0 0 1 1 0 0 0 2
1881.89 0 1 1 1 1 0 0 0 0 2
1890.27 0 0 1 1 0 0 0 1 0 2
1953.37 0 1 1 1 1 0 0 0 0 2
1959.75 1 2 1 1 0 0 0 0 0 2
1999.94 0 1 1 1 1 0 0 0 0 2
2042.17 1 2 1 1 0 0 0 0 0 2
2142.79 0 1 1 1 1 0 0 0 0 2
2170.62 1 2 1 1 0 0 0 0 0 2
2228.51 0 1 1 1 1 0 0 0 0 2
2271.11 0 1 0 0 1 1 0 0 0 2
2279.86 1 2 0 0 0 1 0 0 0 2
2283.75 0 1 0 0 1 1 0 0 0 2
2314.02 1 2 0 0 0 1 0 0 0 2
2319.77 0 1 0 0 1 1 0 0 0 2
2339.08 1 2 0 0 0 1 0 0 0 2
2434.49 0 1 0 0 1 1 0 0 0 2
2459.69 0 1 1 1 1 0 0 0 0 2
2466.51 1 2 1 1 0 0 0 0 0 2
2477.01 0 1 1 1 1 0 0 0 0 2
2511.7 0 1 0 0 1 1 0 0 0 2
2580.43 1 2 0 0 0 1 0 0 0 2
2584.8 0 1 0 0 1 1 0 0 0 2
2648.22 0 0 0 0 0 1 0 1 0 2
2661.93 0 0 1 1 0 0 0 1 0 2
2681.07 0 1 1 1 1 0 0 0 0 2
2709.55 1 2 1 1 0 0 0 0 0 2
2727.73 0 1 1 1 1 0 0 0 0 2
2728.16 1 2 1 1 0 0 0 0 0 2
2735.4 1 2 0 0 0 1 0 0 0 2
2915.59 0 1 0 0 1 1 0 0 0 2
2949.66 0 1 0 0 0 0 1 0 0 2
2974.9 0 0 0 0 0 0 0 0 1 2
2974.9 0 0 0 0 0 0 0 0 1 2
