0 3 6 3 3 0 0 0 0 0 0
3.1791 3 6 2 2 0 1 0 0 0 0
12.5664 2 5 2 2 1 1 0 0 0 0
40.6727 2 4 2 2 0 1 0 1 0 0
46.0601 1 3 2 2 1 1 0 1 0 0
55.7807 2 4 2 2 0 1 0 1 0 0
58.4538 2 4 1 1 0 2 0 1 0 0
61.8408 2 5 1 1 1 2 0 0 0 0
66.2435 2 5 1 1 0 1 1 0 0 0
74.4262 1 4 1 1 1 1 1 0 0 0
76.0561 0 3 1 1 2 1 1 0 0 0
76.26 1 4 1 1 1 1 1 0 0 0
81.7342 1 4 2 2 1 0 1 0 0 0
84.7799 1 3 2 2 1 0 0 0 1 0
85.0733 1 3 1 1 1 1 0 0 1 0
118.127 2 4 1 1 0 1 0 0 1 0
120.904 1 3 1 1 1 1 0 0 1 0
130.141 0 2 1 1 2 1 0 0 1 0
131.023 0 1 1 1 1 1 0 1 1 0
137.005 1 2 1 1 0 1 0 1 1 0
148.243 1 3 1 1 1 1 0 0 1 0
163.816 1 3 0 0 1 2 0 0 1 0
171.05 1 3 1 1 1 1 0 0 1 0
186.332 0 2 1 1 2 1 0 0 1 0
193.089 1 3 1 1 1 1 0 0 1 0
203.429 1 3 0 0 1 2 0 0 1 0
205.865 1 2 0 0 0 2 0 1 1 0
243.814 1 2 0 0 0 1 0 0 1 1
289.612 1 2 1 1 0 0 0 0 1 1
301.3 0 1 1 1 1 0 0 0 1 1
337.243 1 2 1 1 0 0 0 0 1 1
337.47 0 1 1 1 1 0 0 0 1 1
362.732 1 2 1 1 0 0 0 0 1 1
451.032 0 1 1 1 1 0 0 0 1 1
452.79 1 2 1 1 0 0 0 0 1 1
461.387 0 1 1 1 1 0 0 0 1 1
467.858 0 1 0 0 1 1 0 0 1 1
471.632 1 2 0 0 0 1 0 0 1 1
581.147 0 1 0 0 1 1 0 0 1 1
606.951 1 2 0 0 0 1 0 0 1 1
617.652 1 2 1 1 0 0 0 0 1 1
619.015 0 1 1 1 1 0 0 0 1 1
669.228 0 1 0 0 1 1 0 0 1 1
672.184 1 2 0 0 0 1 0 0 1 1
677.764 1 2 1 1 0 0 0 0 1 1
684.733 0 1 1 1 1 0 0 0 1 1
706.477 1 2 1 1 0 0 0 0 1 1
759.677 1 2 0 0 0 1 0 0 1 1
809.955 0 1 0 0 1 1 0 0 1 1
842.785 0 0 0 0 0 1 0 1 1 1
899.014 0 0 0 0 0 0 0 0 1 2
1101.7 0 1 0 0 0 0 1 0 0 2
1244.72 0 1 0 0 1 1 0 0 0 2
1269.23 0 0 0 0 0 1 0 1 0 2
1278.59 0 1 0 0 1 1 0 0 0 2
1281.64 1 2 0 0 0 1 0 0 0 2
1310.54 1 2 1 1 0 0 0 0 0 2
1392.58 1 2 0 0 0 1 0 0 0 2
1394.9 0 1 0 0 1 1 0 0 0 2
1431.12 0 1 1 1 1 0 0 0 0 2
1442.04 0 1 0 0 1 1 0 0 0 2
1567.59 0 0 0 0 0 1 0 1 0 2
1570.22 0 0 1 1 0 0 0 1 0 2
1705.61 0 0 0 0 0 1 0 1 0 2
1718.31 0 0 1 1 0 0 0 1 0 2
1758.29 0 1 1 1 1 0 0 0 0 2
1782.28 0 0 1 1 0 0 0 1 0 2
2037.93 0 1 1 1 1 0 0 0 0 2
2040.05 0 0 1 1 0 0 0 1 0 2
2045.49 0 1 1 1 1 0 0 0 0 2
2109.08 1 2 1 1 0 0 0 0 0 2
2163.24 0 1 1 1 1 0 0 0 0 2
2176.24 1 2 1 1 0 0 0 0 0 2
2223.42 0 1 1 1 1 0 0 0 0 2
2244.66 1 2 1 1 0 0 0 0 0 2
2282.4 0 1 1 1 1 0 0 0 0 2
2294.49 1 2 1 1 0 0 0 0 0 2
2337.78 0 1 1 1 1 0 0 0 0 2
2347.12 1 2 1 1 0 0 0 0 0 2
2354.06 0 1 1 1 1 0 0 0 0 2
2359.43 0 0 1 1 0 0 0 1 0 2
2408.39 0 0 0 0 0 1 0 1 0 2
2425.96 0 0 1 1 0 0 0 1 0 2
2429.92 0 1 1 1 1 0 0 0 0 2
2435.5 1 2 1 1 0 0 0 0 0 2
2488.83 1 2 0 0 0 1 0 0 0 2
2508.33 0 1 0 0 1 1 0 0 0 2
2521.41 0 0 0 0 0 1 0 1 0 2
2644.39 0 1 0 0 1 1 0 0 0 2
2647.27 1 2 0 0 0 1 0 0 0 2
2675.78 0 1 0 0 1 1 0 0 0 2
2683.47 0 0 0 0 0 1 0 1 0 2
2694.83 0 0 0 0 0 0 0 0 0 3
2975.08 0 0 0 0 0 1 0 1 0 2
2996.39 0 1 0 0 1 1 0 0 0 2
2997.68 1 2 0 0 0 1 0 0 0 2
2997.68 1 2 0 0 0 1 0 0 0 2
