0 3 6 3 3 0 0 0 0 0 0
5.01352 2 5 3 3 1 0 0 0 0 0
6.5276 2 5 2 2 1 1 0 0 0 0
31.2037 2 5 2 2 0 0 1 0 0 0
41.9234 2 5 1 1 0 1 1 0 0 0
53.5891 1 4 1 1 1 1 1 0 0 0
71.1208 0 3 1 1 2 1 1 0 0 0
82.0916 0 2 1 1 2 1 0 0 1 0
86.7157 1 3 1 1 1 1 0 0 1 0
116.691 2 4 1 1 0 1 0 0 1 0
167.301 1 3 1 1 1 1 0 0 1 0
174.227 1 2 1 1 0 1 0 1 1 0
180.134 1 2 2 2 0 0 0 1 1 0
184.597 0 1 2 2 1 0 0 1 1 0
214.262 0 2 2 2 2 0 0 0 1 0
299.699 1 3 2 2 1 0 0 0 1 0
308.521 1 3 1 1 1 1 0 0 1 0
324.436 0 2 1 1 2 1 0 0 1 0
361.368 0 1 1 1 1 1 0 1 1 0
363.79 0 0 1 1 0 1 0 2 1 0
365.177 0 0 0 0 0 2 0 2 1 0
379.799 0 0 0 0 0 1 0 1 1 1
436.769 0 1 0 0 1 1 0 0 1 1
462.325 0 1 1 1 1 0 0 0 1 1
500.473 1 2 1 1 0 0 0 0 1 1
522.622 0 1 1 1 1 0 0 0 1 1
571.67 0 1 0 0 1 1 0 0 1 1
574.984 0 1 1 1 1 0 0 0 1 1
579.432 1 2 1 1 0 0 0 0 1 1
651.346 0 1 1 1 1 0 0 0 1 1
665.093 0 1 0 0 1 1 0 0 1 1
674.104 0 1 0 0 0 0 1 0 1 1
721.921 0 2 0 0 0 0 2 0 0 1
755.283 0 1 0 0 0 0 1 0 1 1
868.278 0 0 0 0 0 0 0 0 2 1
973.776 0 1 0 0 0 0 1 0 1 1
1098.19 0 0 0 0 0 0 0 0 2 1
2023.7 0 1 0 0 0 0 1 0 1 1
2035.81 0 0 0 0 0 0 0 0 2 1
2699.53 0 1 0 0 0 0 1 0 1 1
2981.35 0 2 0 0 0 0 2 0 0 1
2981.35 0 2 0 0 0 0 2 0 0 1
