0 3 6 3 3 0 0 0 0 0 0
16.5556 2 5 3 3 1 0 0 0 0 0
27.46 2 4 3 3 0 0 0 1 0 0
35.4171 2 4 2 2 0 1 0 1 0 0
36.8531 1 3 2 2 1 1 0 1 0 0
36.9697 2 4 2 2 0 1 0 1 0 0
40.8899 1 3 2 2 1 1 0 1 0 0
41.9185 0 2 2 2 2 1 0 1 0 0
42.7409 1 3 2 2 1 1 0 1 0 0
59.149 1 2 2 2 0 1 0 2 0 0
61.7542 1 3 2 2 1 1 0 1 0 0
86.8642 2 4 2 2 0 1 0 1 0 0
87.9941 2 4 3 3 0 0 0 1 0 0
92.5785 1 3 3 3 1 0 0 1 0 0
102.009 1 2 3 3 0 0 0 2 0 0
106.647 1 3 3 3 1 0 0 1 0 0
140.666 1 2 3 3 0 0 0 2 0 0
154.777 0 1 3 3 1 0 0 2 0 0
162.026 0 1 2 2 1 1 0 2 0 0
167.291 0 1 2 2 0 0 1 2 0 0
169.159 0 0 2 2 0 0 0 2 1 0
216.074 0 0 1 1 0 1 0 2 1 0
217.427 0 1 1 1 1 1 0 1 1 0
225.033 0 1 2 2 1 0 0 1 1 0
232.009 1 2 2 2 0 0 0 1 1 0
247.542 1 2 1 1 0 1 0 1 1 0
259.565 1 2 1 1 0 0 0 0 1 1
344.652 0 1 1 1 1 0 0 0 1 1
376.306 1 2 1 1 0 0 0 0 1 1
401.504 0 1 1 1 1 0 0 0 1 1
430.846 0 1 0 0 1 1 0 0 1 1
450.992 1 2 0 0 0 1 0 0 1 1
457.475 1 2 1 1 0 0 0 0 1 1
485.738 0 1 1 1 1 0 0 0 1 1
523.613 0 1 0 0 1 1 0 0 1 1
535.764 0 0 0 0 0 1 0 1 1 1
551.175 0 1 0 0 1 1 0 0 1 1
559.49 1 2 0 0 0 1 0 0 1 1
574.749 0 1 0 0 1 1 0 0 1 1
594.918 1 2 0 0 0 1 0 0 1 1
701.604 1 2 1 1 0 0 0 0 1 1
712.511 1 2 0 0 0 1 0 0 1 1
756.682 1 2 1 1 0 0 0 0 1 1
857.7 1 2 0 0 0 1 0 0 1 1
879.52 1 2 1 1 0 0 0 0 1 1
927.185 1 3 1 1 0 0 1 0 0 1
930.102 1 2 1 1 0 0 0 0 1 1
974.071 1 2 0 0 0 1 0 0 1 1
1006.37 1 2 1 1 0 0 0 0 1 1
1171.06 1 2 0 0 0 1 0 0 1 1
1171.37 1 2 1 1 0 0 0 0 1 1
1174.38 1 2 0 0 0 1 0 0 1 1
1219.23 1 2 1 1 0 0 0 0 1 1
1274.72 0 1 1 1 1 0 0 0 1 1
1275.33 1 2 1 1 0 0 0 0 1 1
1315.82 0 1 1 1 1 0 0 0 1 1
1331.02 0 1 0 0 1 1 0 0 1 1
1339.39 0 1 1 1 1 0 0 0 1 1
1410.61 1 2 1 1 0 0 0 0 1 1
1428.21 1 2 0 0 0 1 0 0 1 1
1460.55 0 1 0 0 1 1 0 0 1 1
1470.39 1 2 0 0 0 1 0 0 1 1
1480.96 0 1 0 0 1 1 0 0 1 1
1565.64 0 0 0 0 0 1 0 1 1 1
1568.71 0 0 0 0 0 0 0 0 1 2
1568.71 0 0 0 0 0 0 0 0 1 2
