0 3 6 3 3 0 0 0 0 0 0
1.30942 2 5 3 3 1 0 0 0 0 0
5.81627 2 5 2 2 1 1 0 0 0 0
8.10448 3 6 2 2 0 1 0 0 0 0
21.912 2 5 2 2 1 1 0 0 0 0
24.6847 1 4 2 2 2 1 0 0 0 0
40.7589 1 4 3 3 2 0 0 0 0 0
41.8766 1 4 2 2 2 1 0 0 0 0
53.2223 1 4 2 2 1 0 1 0 0 0
59.2299 1 4 2 2 2 1 0 0 0 0
59.5822 1 4 1 1 2 2 0 0 0 0
63.8951 0 3 1 1 3 2 0 0 0 0
65.881 1 4 1 1 2 2 0 0 0 0
67.3279 1 3 1 1 1 2 0 1 0 0
98.9214 0 2 1 1 2 2 0 1 0 0
107.479 0 2 1 1 1 1 1 1 0 0
117.915 0 2 1 1 0 0 2 1 0 0
124.373 0 2 1 1 1 1 1 1 0 0
127.537 0 1 1 1 0 1 1 2 0 0
133.797 0 2 1 1 1 1 1 1 0 0
143.37 0 1 1 1 1 1 0 1 1 0
163.157 1 2 1 1 0 1 0 1 1 0
189.185 0 1 1 1 1 1 0 1 1 0
190.457 1 2 1 1 0 1 0 1 1 0
207.225 1 2 0 0 0 2 0 1 1 0
222.266 1 2 0 0 0 1 0 0 1 1
247.63 1 2 1 1 0 0 0 0 1 1
273.487 0 1 1 1 1 0 0 0 1 1
290.023 0 0 1 1 0 0 0 1 1 1
294.763 0 1 1 1 1 0 0 0 1 1
326.791 0 0 1 1 0 0 0 1 1 1
348.889 0 1 1 1 1 0 0 0 1 1
383.349 0 0 1 1 0 0 0 1 1 1
415.63 0 0 0 0 0 1 0 1 1 1
425.723 0 0 0 0 0 0 0 0 1 2
490.074 0 1 0 0 0 0 1 0 0 2
538.451 0 0 0 0 0 0 0 0 1 2
836.35 0 0 0 0 0 1 0 1 1 1
883.218 0 1 0 0 1 1 0 0 1 1
912.849 1 2 0 0 0 1 0 0 1 1
913.411 1 2 1 1 0 0 0 0 1 1
995.252 0 1 1 1 1 0 0 0 1 1
1007.34 1 2 1 1 0 0 0 0 1 1
1016.84 0 1 1 1 1 0 0 0 1 1
1110.75 1 2 1 1 0 0 0 0 1 1
1118.19 0 1 1 1 1 0 0 0 1 1
1119.53 1 2 1 1 0 0 0 0 1 1
1208.66 0 1 1 1 1 0 0 0 1 1
1211.67 1 2 1 1 0 0 0 0 1 1
1257.8 1 2 0 0 0 1 0 0 1 1
1260.11 0 1 0 0 1 1 0 0 1 1
1263.25 1 2 0 0 0 1 0 0 1 1
1294.84 0 1 0 0 1 1 0 0 1 1
1319.01 1 2 0 0 0 1 0 0 1 1
1387.1 1 2 1 1 0 0 0 0 1 1
1413.87 0 1 1 1 1 0 0 0 1 1
1439.47 1 2 1 1 0 0 0 0 1 1
1452.88 0 1 1 1 1 0 0 0 1 1
1480.49 1 2 1 1 0 0 0 0 1 1
1527.71 0 1 1 1 1 0 0 0 1 1
1567.78 0 1 0 0 1 1 0 0 1 1
1572.46 0 0 0 0 0 1 0 1 1 1
1586.43 0 1 0 0 1 1 0 0 1 1
1604.08 1 2 0 0 0 1 0 0 1 1
1622.46 1 2 1 1 0 0 0 0 1 1
1677.38 0 1 1 1 1 0 0 0 1 1
1743.03 0 1 0 0 1 1 0 0 1 1
1796.32 1 2 0 0 0 1 0 0 1 1
1808.86 0 1 0 0 1 1 0 0 1 1
1833.23 0 1 1 1 1 0 0 0 1 1
1884.44 1 2 1 1 0 0 0 0 1 1
1968.17 0 1 1 1 1 0 0 0 1 1
1982.98 1 2 1 1 0 0 0 0 1 1
1998.45 0 1 1 1 1 0 0 0 1 1
2024.46 0 1 0 0 1 1 0 0 1 1
2044.38 1 2 0 0 0 1 0 0 1 1
2109.61 0 1 0 0 1 1 0 0 1 1
2112.18 0 1 1 1 1 0 0 0 1 1
2155.39 0 0 1 1 0 0 0 1 1 1
2191.76 0 1 1 1 1 0 0 0 1 1
2235.37 1 2 1 1 0 0 0 0 1 1
2266.42 0 1 1 1 1 0 0 0 1 1
2267.21 1 2 1 1 0 0 0 0 1 1
2270.01 1 2 0 0 0 1 0 0 1 1
2366.99 0 1 0 0 1 1 0 0 1 1
2376.79 0 0 0 0 0 1 0 1 1 1
2434.49 0 1 0 0 1 1 0 0 1 1
2437.3 0 1 1 1 1 0 0 0 1 1
2447.9 1 2 1 1 0 0 0 0 1 1
2455.04 0 1 1 1 1 0 0 0 1 1
2468.73 0 0 1 1 0 0 0 1 1 1
2481.03 0 1 1 1 1 0 0 0 1 1
2497.5 1 2 1 1 0 0 0 0 1 1
2508.64 1 2 0 0 0 1 0 0 1 1
2607.31 0 1 0 0 1 1 0 0 1 1
2616.09 1 2 0 0 0 1 0 0 1 1
2711.13 0 1 0 0 1 1 0 0 1 1
2720.74 0 1 0 0 0 0 1 0 1 1
2739.14 0 1 0 0 1 1 0 0 1 1
2744.51 0 1 1 1 1 0 0 0 1 1
2746.65 1 2 1 1 0 0 0 0 1 1
2818.26 0 1 1 1 1 0 0 0 1 1
2854.15 0 1 0 0 1 1 0 0 1 1
2854.15 0 1 0 0 1 1 0 0 1 1
