0 3 6 3 3 0 0 0 0 0 0
2.24279 3 6 2 2 0 1 0 0 0 0
15.549 2 5 2 2 1 1 0 0 0 0
19.5159 2 4 2 2 0 1 0 1 0 0
19.8071 2 4 1 1 0 2 0 1 0 0
20.2134 1 3 1 1 1 2 0 1 0 0
21.4221 0 2 1 1 2 2 0 1 0 0
58.7383 0 2 0 0 2 3 0 1 0 0
80.7345 1 3 0 0 1 3 0 1 0 0
87.7964 1 3 0 0 0 2 1 1 0 0
121.907 1 3 1 1 0 1 1 1 0 0
130.232 1 3 2 2 0 0 1 1 0 0
133.974 0 2 2 2 1 0 1 1 0 0
145.258 0 2 1 1 1 1 1 1 0 0
151.118 1 3 1 1 0 1 1 1 0 0
161.622 1 2 1 1 0 1 0 1 1 0
209.679 0 1 1 1 1 1 0 1 1 0
228.237 0 1 1 1 0 0 1 1 1 0
236.566 0 2 1 1 1 0 1 0 1 0
237.111 1 3 1 1 0 0 1 0 1 0
246.345 1 3 1 1 1 1 0 0 1 0
279.204 1 2 1 1 0 1 0 1 1 0
279.312 0 1 1 1 1 1 0 1 1 0
290.975 0 1 0 0 1 2 0 1 1 0
295.513 0 1 1 1 1 1 0 1 1 0
320.453 0 1 2 2 1 0 0 1 1 0
328.465 1 2 2 2 0 0 0 1 1 0
338.908 1 2 1 1 0 1 0 1 1 0
343.886 1 3 1 1 1 1 0 0 1 0
355.092 1 3 1 1 0 0 1 0 1 0
365.219 1 2 1 1 0 0 0 0 2 0
365.94 1 2 0 0 0 1 0 0 2 0
370.107 0 1 0 0 1 1 0 0 2 0
373.272 1 2 0 0 0 1 0 0 2 0
467.958 1 2 1 1 0 0 0 0 2 0
501.992 1 2 0 0 0 1 0 0 2 0
512.761 0 1 0 0 1 1 0 0 2 0
557.077 1 2 0 0 0 1 0 0 2 0
579.161 1 2 1 1 0 0 0 0 2 0
588.856 0 1 1 1 1 0 0 0 2 0
609.333 0 2 1 1 1 0 1 0 1 0
662.79 0 2 0 0 1 1 1 0 1 0
667.953 1 3 0 0 0 1 1 0 1 0
683.489 1 2 0 0 0 1 0 0 2 0
708.681 1 2 1 1 0 0 0 0 2 0
713.479 0 1 1 1 1 0 0 0 2 0
726.22 1 2 1 1 0 0 0 0 2 0
736.263 0 1 1 1 1 0 0 0 2 0
789.678 1 2 1 1 0 0 0 0 2 0
848.701 0 1 1 1 1 0 0 0 2 0
868.125 1 2 1 1 0 0 0 0 2 0
869.181 0 1 1 1 1 0 0 0 2 0
913.673 0 1 0 0 1 1 0 0 2 0
981.129 0 1 1 1 1 0 0 0 2 0
988.446 1 2 1 1 0 0 0 0 2 0
1082.64 0 1 1 1 1 0 0 0 2 0
1087.05 0 1 0 0 1 1 0 0 2 0
1110.93 1 2 0 0 0 1 0 0 2 0
1121.98 1 2 1 1 0 0 0 0 2 0
1227.39 0 1 1 1 1 0 0 0 2 0
1241.74 0 2 1 1 1 0 1 0 1 0
1255.87 0 1 1 1 1 0 0 0 2 0
1260.46 0 0 1 1 0 0 0 1 2 0
1271.24 0 0 0 0 0 1 0 1 2 0
1275.19 0 0 0 0 0 0 0 0 2 1
2048.6 0 1 0 0 0 0 1 0 1 1
2069.41 0 0 0 0 0 0 0 0 2 1
2279.23 0 1 0 0 0 0 1 0 1 1
2353.24 0 1 0 0 1 1 0 0 1 1
2358.26 0 0 0 0 0 1 0 1 1 1
2375.55 0 1 0 0 1 1 0 0 1 1
2394.19 1 2 0 0 0 1 0 0 1 1
2500.7 1 2 1 1 0 0 0 0 1 1
2608.52 1 2 0 0 0 1 0 0 1 1
2626.97 0 1 0 0 1 1 0 0 1 1
2670.14 0 0 0 0 0 1 0 1 1 1
2745.15 0 1 0 0 0 1 1 1 0 1
2762.62 0 0 0 0 0 1 0 1 1 1
2768.96 0 0 1 1 0 0 0 1 1 1
2975.72 0 1 1 1 1 0 0 0 1 1
2975.72 0 1 1 1 1 0 0 0 1 1
