0 3 6 3 3 0 0 0 0 0 0
0.432741 3 6 2 2 0 1 0 0 0 0
0.778075 2 5 2 2 1 1 0 0 0 0
19.1667 2 5 1 1 1 2 0 0 0 0
20.0699 1 4 1 1 2 2 0 0 0 0
23.4295 1 3 1 1 1 2 0 1 0 0
29.2966 1 3 1 1 1 1 0 0 0 1
49.4916 1 2 1 1 0 1 0 1 0 1
71.8136 0 1 1 1 1 1 0 1 0 1
76.0965 0 1 1 1 0 0 1 1 0 1
83.0929 0 0 1 1 0 0 0 1 1 1
108.653 0 1 1 1 1 0 0 0 1 1
169.685 1 2 1 1 0 0 0 0 1 1
191.489 0 1 1 1 1 0 0 0 1 1
191.698 1 2 1 1 0 0 0 0 1 1
294.83 0 1 1 1 1 0 0 0 1 1
298.975 0 1 0 0 1 1 0 0 1 1
306.398 0 1 1 1 1 0 0 0 1 1
321.83 1 2 1 1 0 0 0 0 1 1
360.993 0 1 1 1 1 0 0 0 1 1
364.503 0 2 1 1 1 0 1 0 0 1
415.214 0 1 1 1 0 0 1 1 0 1
432.442 0 1 0 0 0 1 1 1 0 1
514.245 0 2 0 0 1 1 1 0 0 1
528.463 1 3 0 0 0 1 1 0 0 1
564.689 0 2 0 0 1 1 1 0 0 1
585.029 1 3 0 0 0 1 1 0 0 1
640.044 1 2 0 0 0 1 0 0 1 1
653.638 1 2 1 1 0 0 0 0 1 1
678.093 1 2 0 0 0 1 0 0 1 1
706.799 1 2 1 1 0 0 0 0 1 1
718.083 0 1 1 1 1 0 0 0 1 1
729.857 1 2 1 1 0 0 0 0 1 1
800.263 0 1 1 1 1 0 0 0 1 1
836.076 1 2 1 1 0 0 0 0 1 1
849.4 0 1 1 1 1 0 0 0 1 1
865.486 1 2 1 1 0 0 0 0 1 1
889.413 0 1 1 1 1 0 0 0 1 1
987.346 1 2 1 1 0 0 0 0 1 1
1064.77 0 1 1 1 1 0 0 0 1 1
1089.07 0 0 1 1 0 0 0 1 1 1
1112.4 0 1 1 1 1 0 0 0 1 1
1191.47 1 2 1 1 0 0 0 0 1 1
1284.84 1 2 0 0 0 1 0 0 1 1
1328.63 1 2 1 1 0 0 0 0 1 1
1356.82 1 2 0 0 0 1 0 0 1 1
1401.9 0 1 0 0 1 1 0 0 1 1
1435.49 0 1 0 0 0 0 1 0 1 1
1453.08 0 0 0 0 0 0 0 0 2 1
2213.14 0 1 0 0 0 0 1 0 1 1
2441.98 0 0 0 0 0 0 0 0 2 1
2441.98 0 0 0 0 0 0 0 0 2 1
