0.09600 2.68800 2 0 -1 0 0 0 0 0 0 0 1 0 0 0 0 0 0 0 0 
0.09600 5.31201 1 -1 0 0 0 0 0 0 0 1 0 0 0 0 0 0 0 0 0 
0.09600 5.47201 2 0 -1 0 0 0 0 0 0 0 1 0 0 0 0 0 0 0 0 
23.26381 8.92790 9 0 0 0 0 0 0 0 0 -1 -1 0 0 1 0 0 0 0 0 
28.25575 5.56804 2 0 -1 0 0 0 0 0 0 0 1 0 0 0 0 0 0 0 0 
33.82379 5.63226 3 0 0 -1 0 0 0 0 0 0 0 1 0 0 0 0 0 0 0 
40.89612 0.00000 15 0 1 0 0 0 0 0 0 1 0 0 0 -1 0 0 0 0 0 
39.87207 2.33611 3 0 0 -1 0 0 0 0 0 0 0 1 0 0 0 0 0 0 0 
43.16822 4.92823 4 0 0 0 -1 0 0 0 0 0 0 0 1 0 0 0 0 0 0 
46.49638 4.48021 2 0 -1 0 0 0 0 0 0 0 1 0 0 0 0 0 0 0 0 
47.84045 4.12819 1 -1 0 0 0 0 0 0 0 1 0 0 0 0 0 0 0 0 0 
54.20874 9.85645 10 0 0 0 0 0 0 0 0 0 0 -1 -1 0 1 0 0 0 0 
83.93575 6.71951 9 0 0 0 0 0 0 0 0 -1 -1 0 0 1 0 0 0 0 0 
93.11909 0.00000 15 0 1 0 0 0 0 0 0 1 0 0 0 -1 0 0 0 0 0 
92.44714 4.12770 2 0 -1 0 0 0 0 0 0 0 1 0 0 0 0 0 0 0 0 
93.82304 4.70366 1 -1 0 0 0 0 0 0 0 1 0 0 0 0 0 0 0 0 0 
96.63883 11.96713 9 0 0 0 0 0 0 0 0 -1 -1 0 0 1 0 0 0 0 0 
108.63797 9.47131 2 0 -1 0 0 0 0 0 0 0 1 0 0 0 0 0 0 0 0 
128.02856 2.20784 2 0 -1 0 0 0 0 0 0 0 1 0 0 0 0 0 0 0 0 
123.06891 12.99107 13 0 0 0 0 0 0 0 0 0 -1 0 0 -1 0 0 0 1 0 
139.61172 0.00000 19 0 1 0 0 0 0 0 0 0 0 0 0 1 0 0 0 -1 0 
153.01875 4.63966 4 0 0 0 -1 0 0 0 0 0 0 0 1 0 0 0 0 0 0 
158.17038 3.96771 4 0 0 0 -1 0 0 0 0 0 0 0 1 0 0 0 0 0 0 
163.83397 0.00000 16 0 0 0 1 0 0 0 0 0 0 1 0 0 -1 0 0 0 0 
169.84953 11.00720 10 0 0 0 0 0 0 0 0 0 0 -1 -1 0 1 0 0 0 0 
182.39262 3.77573 4 0 0 0 -1 0 0 0 0 0 0 0 1 0 0 0 0 0 0 
176.85703 11.74315 9 0 0 0 0 0 0 0 0 -1 -1 0 0 1 0 0 0 0 0 
200.91928 10.81522 13 0 0 0 0 0 0 0 0 0 -1 0 0 -1 0 0 0 1 0 
209.55865 8.03142 10 0 0 0 0 0 0 0 0 0 0 -1 -1 0 1 0 0 0 0 
220.30988 3.83972 2 0 -1 0 0 0 0 0 0 0 1 0 0 0 0 0 0 0 0 
235.63676 0.00000 16 0 0 0 1 0 0 0 0 0 0 1 0 0 -1 0 0 0 0 
241.84431 5.85558 4 0 0 0 -1 0 0 0 0 0 0 0 1 0 0 0 0 0 0 
245.33206 7.64745 13 0 0 0 0 0 0 0 0 0 -1 0 0 -1 0 0 0 1 0 
251.69960 7.90514 14 0 0 0 0 0 0 0 0 0 0 0 0 0 -1 0 0 -1 1 
252.14757 9.21788 10 0 0 0 0 0 0 0 0 0 0 -1 -1 0 1 0 0 0 0 
261.10934 5.37817 2 0 -1 0 0 0 0 0 0 0 1 0 0 0 0 0 0 0 0 
273.01816 0.00000 19 0 1 0 0 0 0 0 0 0 0 0 0 1 0 0 0 -1 0 
293.98663 5.82635 2 0 -1 0 0 0 0 0 0 0 1 0 0 0 0 0 0 0 0 
323.50256 8.99564 13 0 0 0 0 0 0 0 0 0 -1 0 0 -1 0 0 0 1 0 
354.87524 4.76993 3 0 0 -1 0 0 0 0 0 0 0 1 0 0 0 0 0 0 0 
383.14267 0.00000 19 0 1 0 0 0 0 0 0 0 0 0 0 1 0 0 0 -1 0 
396.42804 8.06726 11 0 0 0 0 0 0 0 0 0 0 0 0 -1 -1 1 0 0 0 
400.84583 4.57785 2 0 -1 0 0 0 0 0 0 0 1 0 0 0 0 0 0 0 0 
463.43112 9.09167 9 0 0 0 0 0 0 0 0 -1 -1 0 0 1 0 0 0 0 0 
568.79553 0.00000 15 0 1 0 0 0 0 0 0 1 0 0 0 -1 0 0 0 0 0 
584.72278 3.35815 2 0 -1 0 0 0 0 0 0 0 1 0 0 0 0 0 0 0 0 
606.18298 7.67578 12 0 0 0 0 0 0 0 0 0 -1 0 0 0 0 -1 1 0 0 
766.15906 7.48389 10 0 0 0 0 0 0 0 0 0 0 -1 -1 0 1 0 0 0 0 
879.60071 0.00000 18 0 1 0 0 0 0 0 0 0 0 0 0 0 0 1 -1 0 0 
1006.85876 0.00000 16 0 0 0 1 0 0 0 0 0 0 1 0 0 -1 0 0 0 0 
1016.10168 0.00000 17 0 0 0 0 1 0 0 0 0 0 0 0 0 1 -1 0 0 0 
1057.51892 4.12573 4 0 0 0 -1 0 0 0 0 0 0 0 1 0 0 0 0 0 0 
1063.59558 10.39429 10 0 0 0 0 0 0 0 0 0 0 -1 -1 0 1 0 0 0 0 
1097.14514 0.00000 16 0 0 0 1 0 0 0 0 0 0 1 0 0 -1 0 0 0 0 
1110.13000 4.57349 4 0 0 0 -1 0 0 0 0 0 0 0 1 0 0 0 0 0 0 
1141.05701 8.31543 10 0 0 0 0 0 0 0 0 0 0 -1 -1 0 1 0 0 0 0 
1214.39270 0.00000 16 0 0 0 1 0 0 0 0 0 0 1 0 0 -1 0 0 0 0 
1216.05579 4.18970 4 0 0 0 -1 0 0 0 0 0 0 0 1 0 0 0 0 0 0 
1221.58875 0.00000 16 0 0 0 1 0 0 0 0 0 0 1 0 0 -1 0 0 0 0 
1220.27747 10.58618 10 0 0 0 0 0 0 0 0 0 0 -1 -1 0 1 0 0 0 0 
1253.09143 0.00000 16 0 0 0 1 0 0 0 0 0 0 1 0 0 -1 0 0 0 0 
1253.66711 4.15771 4 0 0 0 -1 0 0 0 0 0 0 0 1 0 0 0 0 0 0 
1257.82483 4.09375 4 0 0 0 -1 0 0 0 0 0 0 0 1 0 0 0 0 0 0 
1268.66687 9.94653 10 0 0 0 0 0 0 0 0 0 0 -1 -1 0 1 0 0 0 0 
1338.03674 9.94653 10 0 0 0 0 0 0 0 0 0 0 -1 -1 0 1 0 0 0 0 
1356.10681 0.00000 16 0 0 0 1 0 0 0 0 0 0 1 0 0 -1 0 0 0 0 
1368.99573 3.58203 4 0 0 0 -1 0 0 0 0 0 0 0 1 0 0 0 0 0 0 
1374.01697 10.01050 10 0 0 0 0 0 0 0 0 0 0 -1 -1 0 1 0 0 0 0 
1471.46741 6.17261 5 0 0 0 0 -1 0 0 0 0 0 0 0 1 0 0 0 0 0 
1480.26257 0.00000 15 0 1 0 0 0 0 0 0 1 0 0 0 -1 0 0 0 0 0 
1512.08508 0.00000 16 0 0 0 1 0 0 0 0 0 0 1 0 0 -1 0 0 0 0 
1508.47107 3.93384 2 0 -1 0 0 0 0 0 0 0 1 0 0 0 0 0 0 0 0 
1512.46887 8.89111 9 0 0 0 0 0 0 0 0 -1 -1 0 0 1 0 0 0 0 0 
1527.43665 3.90186 4 0 0 0 -1 0 0 0 0 0 0 0 1 0 0 0 0 0 0 
1541.22107 0.00000 16 0 0 0 1 0 0 0 0 0 0 1 0 0 -1 0 0 0 0 
1550.04822 5.43701 4 0 0 0 -1 0 0 0 0 0 0 0 1 0 0 0 0 0 0 
1567.99036 0.00000 15 0 1 0 0 0 0 0 0 1 0 0 0 -1 0 0 0 0 0 
1596.13489 4.15771 2 0 -1 0 0 0 0 0 0 0 1 0 0 0 0 0 0 0 0 
