0.09600 2.04800 2 0 -1 0 0 0 0 0 0 0 1 0 0 0 0 0 0 0 0 
0.09600 3.52000 4 0 0 0 -1 0 0 0 0 0 0 0 1 0 0 0 0 0 0 
0.09600 4.12800 2 0 -1 0 0 0 0 0 0 0 1 0 0 0 0 0 0 0 0 
2.20800 5.98401 1 -1 0 0 0 0 0 0 0 1 0 0 0 0 0 0 0 0 0 
12.15995 4.22395 4 0 0 0 -1 0 0 0 0 0 0 0 1 0 0 0 0 0 0 
14.52793 2.23997 3 0 0 -1 0 0 0 0 0 0 0 1 0 0 0 0 0 0 0 
16.03191 4.03195 1 -1 0 0 0 0 0 0 0 1 0 0 0 0 0 0 0 0 0 
23.83981 4.47994 1 -1 0 0 0 0 0 0 0 1 0 0 0 0 0 0 0 0 0 
24.47980 4.47994 3 0 0 -1 0 0 0 0 0 0 0 1 0 0 0 0 0 0 0 
24.15981 5.88792 2 0 -1 0 0 0 0 0 0 0 1 0 0 0 0 0 0 0 0 
28.35175 5.34403 2 0 -1 0 0 0 0 0 0 0 1 0 0 0 0 0 0 0 0 
37.75997 7.61636 9 0 0 0 0 0 0 0 0 -1 -1 0 0 1 0 0 0 0 0 
41.79216 4.96023 2 0 -1 0 0 0 0 0 0 0 1 0 0 0 0 0 0 0 0 
41.85616 5.47226 2 0 -1 0 0 0 0 0 0 0 1 0 0 0 0 0 0 0 0 
40.35210 8.44839 10 0 0 0 0 0 0 0 0 0 0 -1 -1 0 1 0 0 0 0 
46.91240 8.32039 9 0 0 0 0 0 0 0 0 -1 -1 0 0 1 0 0 0 0 0 
55.64881 4.99223 4 0 0 0 -1 0 0 0 0 0 0 0 1 0 0 0 0 0 0 
55.58480 7.64836 13 0 0 0 0 0 0 0 0 0 -1 0 0 -1 0 0 0 1 0 
75.71235 0.00000 19 0 1 0 0 0 0 0 0 0 0 0 0 1 0 0 0 -1 0 
80.48000 8.99135 13 0 0 0 0 0 0 0 0 0 -1 0 0 -1 0 0 0 1 0 
80.25602 10.07927 13 0 0 0 0 0 0 0 0 0 -1 0 0 -1 0 0 0 1 0 
89.50336 2.14384 3 0 0 -1 0 0 0 0 0 0 0 1 0 0 0 0 0 0 0 
82.39986 9.85529 9 0 0 0 0 0 0 0 0 -1 -1 0 0 1 0 0 0 0 0 
90.36729 3.71173 2 0 -1 0 0 0 0 0 0 0 1 0 0 0 0 0 0 0 0 
96.25486 10.65523 10 0 0 0 0 0 0 0 0 0 0 -1 -1 0 1 0 0 0 0 
130.65237 0.00000 15 0 1 0 0 0 0 0 0 1 0 0 0 -1 0 0 0 0 0 
125.75672 7.42347 10 0 0 0 0 0 0 0 0 0 0 -1 -1 0 1 0 0 0 0 
147.09918 9.02335 14 0 0 0 0 0 0 0 0 0 0 0 0 0 -1 0 0 -1 1 
157.75441 4.47968 2 0 -1 0 0 0 0 0 0 0 1 0 0 0 0 0 0 0 0 
180.08879 7.26347 14 0 0 0 0 0 0 0 0 0 0 0 0 0 -1 0 0 -1 1 
205.07898 7.23148 9 0 0 0 0 0 0 0 0 -1 -1 0 0 1 0 0 0 0 0 
225.04553 0.00000 15 0 1 0 0 0 0 0 0 1 0 0 0 -1 0 0 0 0 0 
236.27672 4.31969 2 0 -1 0 0 0 0 0 0 0 1 0 0 0 0 0 0 0 0 
395.97986 0.00000 16 0 0 0 1 0 0 0 0 0 0 1 0 0 -1 0 0 0 0 
407.28043 7.17090 9 0 0 0 0 0 0 0 0 -1 -1 0 0 1 0 0 0 0 0 
427.67267 8.03525 13 0 0 0 0 0 0 0 0 0 -1 0 0 -1 0 0 0 1 0 
451.49030 4.25772 4 0 0 0 -1 0 0 0 0 0 0 0 1 0 0 0 0 0 0 
476.04422 7.74713 10 0 0 0 0 0 0 0 0 0 0 -1 -1 0 1 0 0 0 0 
555.97058 0.00000 19 0 1 0 0 0 0 0 0 0 0 0 0 1 0 0 0 -1 0 
579.76550 5.27710 2 0 -1 0 0 0 0 0 0 0 1 0 0 0 0 0 0 0 0 
597.86755 0.00000 15 0 1 0 0 0 0 0 0 1 0 0 0 -1 0 0 0 0 0 
611.10828 4.15771 2 0 -1 0 0 0 0 0 0 0 1 0 0 0 0 0 0 0 0 
616.03357 8.15552 9 0 0 0 0 0 0 0 0 -1 -1 0 0 1 0 0 0 0 0 
625.66028 7.83569 11 0 0 0 0 0 0 0 0 0 0 0 0 -1 -1 1 0 0 0 
685.24353 0.00000 20 0 0 0 0 0 1 0 0 0 0 0 0 0 0 0 0 1 -1 
687.00256 0.00000 19 0 1 0 0 0 0 0 0 0 0 0 0 1 0 0 0 -1 0 
702.54602 1.43921 2 0 -1 0 0 0 0 0 0 0 1 0 0 0 0 0 0 0 0 
712.94031 5.11719 6 0 0 0 0 0 -1 0 0 0 0 0 0 0 1 0 0 0 0 
769.74109 0.00000 15 0 1 0 0 0 0 0 0 1 0 0 0 -1 0 0 0 0 0 
774.53845 6.52441 12 0 0 0 0 0 0 0 0 0 -1 0 0 0 0 -1 1 0 0 
792.25671 0.00000 16 0 0 0 1 0 0 0 0 0 0 1 0 0 -1 0 0 0 0 
792.25671 4.76538 4 0 0 0 -1 0 0 0 0 0 0 0 1 0 0 0 0 0 0 
803.41858 4.70142 2 0 -1 0 0 0 0 0 0 0 1 0 0 0 0 0 0 0 0 
821.52063 9.46680 9 0 0 0 0 0 0 0 0 -1 -1 0 0 1 0 0 0 0 0 
829.13245 7.32397 10 0 0 0 0 0 0 0 0 0 0 -1 -1 0 1 0 0 0 0 
836.48840 6.94019 11 0 0 0 0 0 0 0 0 0 0 0 0 -1 -1 1 0 0 0 
954.15173 7.96362 12 0 0 0 0 0 0 0 0 0 -1 0 0 0 0 -1 1 0 0 
1375.26428 0.00000 18 0 1 0 0 0 0 0 0 0 0 0 0 0 0 1 -1 0 0 
1431.04163 3.39014 2 0 -1 0 0 0 0 0 0 0 1 0 0 0 0 0 0 0 0 
