0.09600 3.84000 2 0 -1 0 0 0 0 0 0 0 1 0 0 0 0 0 0 0 0 
0.03200 5.15200 4 0 0 0 -1 0 0 0 0 0 0 0 1 0 0 0 0 0 0 
1.53600 4.32001 3 0 0 -1 0 0 0 0 0 0 0 1 0 0 0 0 0 0 0 
0.09600 6.27201 2 0 -1 0 0 0 0 0 0 0 1 0 0 0 0 0 0 0 0 
0.57600 6.08001 1 -1 0 0 0 0 0 0 0 1 0 0 0 0 0 0 0 0 0 
2.75200 5.18401 4 0 0 0 -1 0 0 0 0 0 0 0 1 0 0 0 0 0 0 
3.90400 4.92800 3 0 0 -1 0 0 0 0 0 0 0 1 0 0 0 0 0 0 0 
9.63199 5.63193 4 0 0 0 -1 0 0 0 0 0 0 0 1 0 0 0 0 0 0 
13.37595 7.55190 10 0 0 0 0 0 0 0 0 0 0 -1 -1 0 1 0 0 0 0 
25.50378 5.02394 1 -1 0 0 0 0 0 0 0 1 0 0 0 0 0 0 0 0 0 
29.27974 4.54405 3 0 0 -1 0 0 0 0 0 0 0 1 0 0 0 0 0 0 0 
23.90380 11.16804 9 0 0 0 0 0 0 0 0 -1 -1 0 0 1 0 0 0 0 0 
35.45586 5.92028 2 0 -1 0 0 0 0 0 0 0 1 0 0 0 0 0 0 0 0 
42.36819 5.60026 2 0 -1 0 0 0 0 0 0 0 1 0 0 0 0 0 0 0 0 
41.79216 6.84832 10 0 0 0 0 0 0 0 0 0 0 -1 -1 0 1 0 0 0 0 
48.67248 8.06438 11 0 0 0 0 0 0 0 0 0 0 0 0 -1 -1 1 0 0 0 
56.76886 5.31225 1 -1 0 0 0 0 0 0 0 1 0 0 0 0 0 0 0 0 0 
68.51288 7.51945 9 0 0 0 0 0 0 0 0 -1 -1 0 0 1 0 0 0 0 0 
76.70428 11.19919 13 0 0 0 0 0 0 0 0 0 -1 0 0 -1 0 0 0 1 0 
93.66305 4.28769 2 0 -1 0 0 0 0 0 0 0 1 0 0 0 0 0 0 0 0 
87.96745 10.81522 14 0 0 0 0 0 0 0 0 0 0 0 0 0 -1 0 0 -1 1 
111.32577 6.52753 10 0 0 0 0 0 0 0 0 0 0 -1 -1 0 1 0 0 0 0 
120.12512 6.81551 12 0 0 0 0 0 0 0 0 0 -1 0 0 0 0 -1 1 0 0 
574.42444 0.00000 16 0 0 0 1 0 0 0 0 0 0 1 0 0 -1 0 0 0 0 
623.38953 0.00000 18 0 1 0 0 0 0 0 0 0 0 0 0 0 0 1 -1 0 0 
656.01160 5.59692 4 0 0 0 -1 0 0 0 0 0 0 0 1 0 0 0 0 0 0 
665.60632 4.28564 2 0 -1 0 0 0 0 0 0 0 1 0 0 0 0 0 0 0 0 
683.13269 8.31543 12 0 0 0 0 0 0 0 0 0 -1 0 0 0 0 -1 1 0 0 
754.10168 8.92310 10 0 0 0 0 0 0 0 0 0 0 -1 -1 0 1 0 0 0 0 
962.81897 0.00000 20 0 0 0 0 0 1 0 0 0 0 0 0 0 0 0 0 1 -1 
981.43274 4.25366 6 0 0 0 0 0 -1 0 0 0 0 0 0 0 1 0 0 0 0 
986.13416 0.00000 19 0 1 0 0 0 0 0 0 0 0 0 0 1 0 0 0 -1 0 
995.31311 0.00000 18 0 1 0 0 0 0 0 0 0 0 0 0 0 0 1 -1 0 0 
1001.26184 9.78662 11 0 0 0 0 0 0 0 0 0 0 0 0 -1 -1 1 0 0 0 
1011.65613 0.00000 17 0 0 0 0 1 0 0 0 0 0 0 0 0 1 -1 0 0 0 
1083.93640 4.38159 2 0 -1 0 0 0 0 0 0 0 1 0 0 0 0 0 0 0 0 
1083.68054 4.79736 2 0 -1 0 0 0 0 0 0 0 1 0 0 0 0 0 0 0 0 
1107.69934 4.09375 5 0 0 0 0 -1 0 0 0 0 0 0 0 1 0 0 0 0 0 
1105.65247 9.11499 9 0 0 0 0 0 0 0 0 -1 -1 0 0 1 0 0 0 0 0 
1120.42834 9.17896 11 0 0 0 0 0 0 0 0 0 0 0 0 -1 -1 1 0 0 0 
1140.86511 11.00195 11 0 0 0 0 0 0 0 0 0 0 0 0 -1 -1 1 0 0 0 
1172.91150 8.02759 12 0 0 0 0 0 0 0 0 0 -1 0 0 0 0 -1 1 0 0 
1197.05823 0.00000 17 0 0 0 0 1 0 0 0 0 0 0 0 0 1 -1 0 0 0 
1236.58850 4.47754 5 0 0 0 0 -1 0 0 0 0 0 0 0 1 0 0 0 0 0 
1315.58508 7.83569 11 0 0 0 0 0 0 0 0 0 0 0 0 -1 -1 1 0 0 0 
1426.94788 0.00000 17 0 0 0 0 1 0 0 0 0 0 0 0 0 1 -1 0 0 0 
1449.94324 0.00000 16 0 0 0 1 0 0 0 0 0 0 1 0 0 -1 0 0 0 0 
1461.23303 5.11719 5 0 0 0 0 -1 0 0 0 0 0 0 0 1 0 0 0 0 0 
1482.05359 0.00000 15 0 1 0 0 0 0 0 0 1 0 0 0 -1 0 0 0 0 0 
1507.89539 3.67798 4 0 0 0 -1 0 0 0 0 0 0 0 1 0 0 0 0 0 0 
1522.95911 5.69287 2 0 -1 0 0 0 0 0 0 0 1 0 0 0 0 0 0 0 0 
1553.72620 8.85913 10 0 0 0 0 0 0 0 0 0 0 -1 -1 0 1 0 0 0 0 
1563.64075 0.00000 17 0 0 0 0 1 0 0 0 0 0 0 0 0 1 -1 0 0 0 
1585.77258 0.00000 16 0 0 0 1 0 0 0 0 0 0 1 0 0 -1 0 0 0 0 
1600.70837 0.00000 18 0 1 0 0 0 0 0 0 0 0 0 0 0 0 1 -1 0 0 
1594.37585 9.27490 9 0 0 0 0 0 0 0 0 -1 -1 0 0 1 0 0 0 0 0 
1604.83411 5.05322 2 0 -1 0 0 0 0 0 0 0 1 0 0 0 0 0 0 0 0 
1610.59094 0.00000 15 0 1 0 0 0 0 0 0 1 0 0 0 -1 0 0 0 0 0 
1620.69739 10.61816 12 0 0 0 0 0 0 0 0 0 -1 0 0 0 0 -1 1 0 0 
1632.01917 4.54150 2 0 -1 0 0 0 0 0 0 0 1 0 0 0 0 0 0 0 0 
1636.62463 10.26636 9 0 0 0 0 0 0 0 0 -1 -1 0 0 1 0 0 0 0 0 
1647.56262 5.82080 4 0 0 0 -1 0 0 0 0 0 0 0 1 0 0 0 0 0 0 
1669.15076 8.34741 10 0 0 0 0 0 0 0 0 0 0 -1 -1 0 1 0 0 0 0 
1680.18469 0.00000 16 0 0 0 1 0 0 0 0 0 0 1 0 0 -1 0 0 0 0 
1676.02698 7.96362 11 0 0 0 0 0 0 0 0 0 0 0 0 -1 -1 1 0 0 0 
1695.88806 5.11719 4 0 0 0 -1 0 0 0 0 0 0 0 1 0 0 0 0 0 0 
1703.65979 5.56494 5 0 0 0 0 -1 0 0 0 0 0 0 0 1 0 0 0 0 0 
1729.53357 0.00000 15 0 1 0 0 0 0 0 0 1 0 0 0 -1 0 0 0 0 0 
1778.11487 4.54150 2 0 -1 0 0 0 0 0 0 0 1 0 0 0 0 0 0 0 0 
