0.09600 1.53600 1 -1 0 0 0 0 0 0 0 1 0 0 0 0 0 0 0 0 0 
0.09600 4.57600 3 0 0 -1 0 0 0 0 0 0 0 1 0 0 0 0 0 0 0 
0.09600 4.76800 1 -1 0 0 0 0 0 0 0 1 0 0 0 0 0 0 0 0 0 
0.09600 5.85601 1 -1 0 0 0 0 0 0 0 1 0 0 0 0 0 0 0 0 0 
1.76000 4.83201 2 0 -1 0 0 0 0 0 0 0 1 0 0 0 0 0 0 0 0 
4.16000 5.27999 2 0 -1 0 0 0 0 0 0 0 1 0 0 0 0 0 0 0 0 
7.10401 4.79995 3 0 0 -1 0 0 0 0 0 0 0 1 0 0 0 0 0 0 0 
8.99200 4.38394 4 0 0 0 -1 0 0 0 0 0 0 0 1 0 0 0 0 0 0 
11.83996 5.63193 2 0 -1 0 0 0 0 0 0 0 1 0 0 0 0 0 0 0 0 
20.15986 6.87991 9 0 0 0 0 0 0 0 0 -1 -1 0 0 1 0 0 0 0 0 
29.82373 4.57608 2 0 -1 0 0 0 0 0 0 0 1 0 0 0 0 0 0 0 0 
28.51175 5.92007 2 0 -1 0 0 0 0 0 0 0 1 0 0 0 0 0 0 0 0 
34.84784 5.40825 4 0 0 0 -1 0 0 0 0 0 0 0 1 0 0 0 0 0 0 
38.94403 7.96837 9 0 0 0 0 0 0 0 0 -1 -1 0 0 1 0 0 0 0 0 
41.47214 5.72827 2 0 -1 0 0 0 0 0 0 0 1 0 0 0 0 0 0 0 0 
45.56834 12.28857 9 0 0 0 0 0 0 0 0 -1 -1 0 0 1 0 0 0 0 0 
56.80086 5.47226 4 0 0 0 -1 0 0 0 0 0 0 0 1 0 0 0 0 0 0 
67.52094 0.00000 15 0 1 0 0 0 0 0 0 1 0 0 0 -1 0 0 0 0 0 
60.54504 7.77585 13 0 0 0 0 0 0 0 0 0 -1 0 0 -1 0 0 0 1 0 
69.24882 0.00000 15 0 1 0 0 0 0 0 0 1 0 0 0 -1 0 0 0 0 0 
93.82304 4.92764 2 0 -1 0 0 0 0 0 0 0 1 0 0 0 0 0 0 0 0 
98.81467 8.79936 9 0 0 0 0 0 0 0 0 -1 -1 0 0 1 0 0 0 0 0 
102.78239 7.99942 9 0 0 0 0 0 0 0 0 -1 -1 0 0 1 0 0 0 0 0 
117.18134 3.96771 3 0 0 -1 0 0 0 0 0 0 0 1 0 0 0 0 0 0 0 
122.01299 5.37561 2 0 -1 0 0 0 0 0 0 0 1 0 0 0 0 0 0 0 0 
135.58002 9.11934 10 0 0 0 0 0 0 0 0 0 0 -1 -1 0 1 0 0 0 0 
158.55435 9.21533 10 0 0 0 0 0 0 0 0 0 0 -1 -1 0 1 0 0 0 0 
164.47392 7.42346 13 0 0 0 0 0 0 0 0 0 -1 0 0 -1 0 0 0 1 0 
165.24187 6.91150 14 0 0 0 0 0 0 0 0 0 0 0 0 0 -1 0 0 -1 1 
199.92735 0.00000 15 0 1 0 0 0 0 0 0 1 0 0 0 -1 0 0 0 0 0 
200.69530 0.00000 16 0 0 0 1 0 0 0 0 0 0 1 0 0 -1 0 0 0 0 
203.12712 0.00000 19 0 1 0 0 0 0 0 0 0 0 0 0 1 0 0 0 -1 0 
206.00691 3.87172 2 0 -1 0 0 0 0 0 0 0 1 0 0 0 0 0 0 0 0 
203.19112 9.75929 13 0 0 0 0 0 0 0 0 0 -1 0 0 -1 0 0 0 1 0 
216.43816 5.37561 2 0 -1 0 0 0 0 0 0 0 1 0 0 0 0 0 0 0 0 
251.41162 8.83337 9 0 0 0 0 0 0 0 0 -1 -1 0 0 1 0 0 0 0 0 
281.98178 9.15570 13 0 0 0 0 0 0 0 0 0 -1 0 0 -1 0 0 0 1 0 
295.90741 3.04123 4 0 0 0 -1 0 0 0 0 0 0 0 1 0 0 0 0 0 0 
305.03110 0.00000 20 0 0 0 0 0 1 0 0 0 0 0 0 0 0 0 0 1 -1 
300.96545 6.97882 10 0 0 0 0 0 0 0 0 0 0 -1 -1 0 1 0 0 0 0 
335.50742 4.19370 6 0 0 0 0 0 -1 0 0 0 0 0 0 0 1 0 0 0 0 
342.48624 0.00000 19 0 1 0 0 0 0 0 0 0 0 0 0 1 0 0 0 -1 0 
354.36304 5.12207 2 0 -1 0 0 0 0 0 0 0 1 0 0 0 0 0 0 0 0 
352.50629 9.05966 14 0 0 0 0 0 0 0 0 0 0 0 0 0 -1 0 0 -1 1 
355.32343 8.67551 11 0 0 0 0 0 0 0 0 0 0 0 0 -1 -1 1 0 0 0 
365.18341 9.44382 10 0 0 0 0 0 0 0 0 0 0 -1 -1 0 1 0 0 0 0 
457.38068 0.00000 17 0 0 0 0 1 0 0 0 0 0 0 0 0 1 -1 0 0 0 
455.20380 8.54745 14 0 0 0 0 0 0 0 0 0 0 0 0 0 -1 0 0 -1 1 
461.12619 4.80194 5 0 0 0 0 -1 0 0 0 0 0 0 0 1 0 0 0 0 0 
470.21786 0.00000 20 0 0 0 0 0 1 0 0 0 0 0 0 0 0 0 0 1 -1 
501.97470 5.50623 6 0 0 0 0 0 -1 0 0 0 0 0 0 0 1 0 0 0 0 
566.14099 8.37939 13 0 0 0 0 0 0 0 0 0 -1 0 0 -1 0 0 0 1 0 
607.17444 0.00000 20 0 0 0 0 0 1 0 0 0 0 0 0 0 0 0 0 1 -1 
609.50916 8.37939 14 0 0 0 0 0 0 0 0 0 0 0 0 0 -1 0 0 -1 1 
620.22327 0.00000 19 0 1 0 0 0 0 0 0 0 0 0 0 1 0 0 0 -1 0 
616.73718 5.18115 6 0 0 0 0 0 -1 0 0 0 0 0 0 0 1 0 0 0 0 
624.95667 9.69067 14 0 0 0 0 0 0 0 0 0 0 0 0 0 -1 0 0 -1 1 
646.51282 3.93384 2 0 -1 0 0 0 0 0 0 0 1 0 0 0 0 0 0 0 0 
640.24426 10.58618 11 0 0 0 0 0 0 0 0 0 0 0 0 -1 -1 1 0 0 0 
650.89441 11.35376 12 0 0 0 0 0 0 0 0 0 -1 0 0 0 0 -1 1 0 0 
1229.32849 0.00000 20 0 0 0 0 0 1 0 0 0 0 0 0 0 0 0 0 1 -1 
1241.25793 4.22168 6 0 0 0 0 0 -1 0 0 0 0 0 0 0 1 0 0 0 0 
1274.48767 8.76318 14 0 0 0 0 0 0 0 0 0 0 0 0 0 -1 0 0 -1 1 
1323.22888 0.00000 20 0 0 0 0 0 1 0 0 0 0 0 0 0 0 0 0 1 -1 
1326.13928 0.00000 18 0 1 0 0 0 0 0 0 0 0 0 0 0 0 1 -1 0 0 
1341.49084 4.57349 6 0 0 0 0 0 -1 0 0 0 0 0 0 0 1 0 0 0 0 
1350.28601 0.00000 20 0 0 0 0 0 1 0 0 0 0 0 0 0 0 0 0 1 -1 
1369.89124 7.26001 14 0 0 0 0 0 0 0 0 0 0 0 0 0 -1 0 0 -1 1 
1438.65344 2.59058 2 0 -1 0 0 0 0 0 0 0 1 0 0 0 0 0 0 0 0 
1451.09460 0.00000 20 0 0 0 0 0 1 0 0 0 0 0 0 0 0 0 0 1 -1 
1461.13708 8.85913 12 0 0 0 0 0 0 0 0 0 -1 0 0 0 0 -1 1 0 0 
1469.35657 4.38159 6 0 0 0 0 0 -1 0 0 0 0 0 0 0 1 0 0 0 0 
1552.41492 8.69922 14 0 0 0 0 0 0 0 0 0 0 0 0 0 -1 0 0 -1 1 
1597.06238 5.18115 6 0 0 0 0 0 -1 0 0 0 0 0 0 0 1 0 0 0 0 
1702.47644 0.00000 20 0 0 0 0 0 1 0 0 0 0 0 0 0 0 0 0 1 -1 
1710.05627 0.00000 19 0 1 0 0 0 0 0 0 0 0 0 0 1 0 0 0 -1 0 
1718.11584 5.27710 6 0 0 0 0 0 -1 0 0 0 0 0 0 0 1 0 0 0 0 
1731.13269 5.91675 14 0 0 0 0 0 0 0 0 0 0 0 0 0 -1 0 0 -1 1 
1748.01941 5.50098 2 0 -1 0 0 0 0 0 0 0 1 0 0 0 0 0 0 0 0 
1745.46082 9.08301 11 0 0 0 0 0 0 0 0 0 0 0 0 -1 -1 1 0 0 0 
1759.75696 9.78662 12 0 0 0 0 0 0 0 0 0 -1 0 0 0 0 -1 1 0 0 
1793.17859 0.00000 20 0 0 0 0 0 1 0 0 0 0 0 0 0 0 0 0 1 -1 
