0.09600 2.43200 4 0 0 0 -1 0 0 0 0 0 0 0 1 0 0 0 0 0 0 
0.09600 3.87200 3 0 0 -1 0 0 0 0 0 0 0 1 0 0 0 0 0 0 0 
0.83200 3.61600 2 0 -1 0 0 0 0 0 0 0 1 0 0 0 0 0 0 0 0 
0.76800 4.48000 1 -1 0 0 0 0 0 0 0 1 0 0 0 0 0 0 0 0 0 
1.85600 4.96001 1 -1 0 0 0 0 0 0 0 1 0 0 0 0 0 0 0 0 0 
0.03200 10.46398 4 0 0 0 -1 0 0 0 0 0 0 0 1 0 0 0 0 0 0 
9.98399 4.35194 3 0 0 -1 0 0 0 0 0 0 0 1 0 0 0 0 0 0 0 
9.37599 6.36792 10 0 0 0 0 0 0 0 0 0 0 -1 -1 0 1 0 0 0 0 
10.14398 5.66393 4 0 0 0 -1 0 0 0 0 0 0 0 1 0 0 0 0 0 0 
9.95198 6.52792 2 0 -1 0 0 0 0 0 0 0 1 0 0 0 0 0 0 0 0 
13.85593 5.56793 3 0 0 -1 0 0 0 0 0 0 0 1 0 0 0 0 0 0 0 
22.71982 5.66393 2 0 -1 0 0 0 0 0 0 0 1 0 0 0 0 0 0 0 0 
30.46373 4.60812 2 0 -1 0 0 0 0 0 0 0 1 0 0 0 0 0 0 0 0 
36.38391 8.12838 9 0 0 0 0 0 0 0 0 -1 -1 0 0 1 0 0 0 0 0 
39.84007 5.82427 2 0 -1 0 0 0 0 0 0 0 1 0 0 0 0 0 0 0 0 
57.92091 7.96815 10 0 0 0 0 0 0 0 0 0 0 -1 -1 0 1 0 0 0 0 
76.41630 0.00000 16 0 0 0 1 0 0 0 0 0 0 1 0 0 -1 0 0 0 0 
78.59214 0.00000 16 0 0 0 1 0 0 0 0 0 0 1 0 0 -1 0 0 0 0 
90.94324 4.19170 1 -1 0 0 0 0 0 0 0 1 0 0 0 0 0 0 0 0 0 
116.44540 0.00000 15 0 1 0 0 0 0 0 0 1 0 0 0 -1 0 0 0 0 0 
122.74894 4.70366 4 0 0 0 -1 0 0 0 0 0 0 0 1 0 0 0 0 0 0 
128.47653 7.45546 9 0 0 0 0 0 0 0 0 -1 -1 0 0 1 0 0 0 0 0 
139.70772 6.81551 9 0 0 0 0 0 0 0 0 -1 -1 0 0 1 0 0 0 0 0 
140.47566 8.38339 10 0 0 0 0 0 0 0 0 0 0 -1 -1 0 1 0 0 0 0 
148.63507 4.92764 2 0 -1 0 0 0 0 0 0 0 1 0 0 0 0 0 0 0 0 
158.29837 0.00000 15 0 1 0 0 0 0 0 0 1 0 0 0 -1 0 0 0 0 0 
161.75412 4.44768 4 0 0 0 -1 0 0 0 0 0 0 0 1 0 0 0 0 0 0 
169.52956 9.18333 10 0 0 0 0 0 0 0 0 0 0 -1 -1 0 1 0 0 0 0 
169.62555 9.75929 9 0 0 0 0 0 0 0 0 -1 -1 0 0 1 0 0 0 0 0 
189.81609 4.60767 2 0 -1 0 0 0 0 0 0 0 1 0 0 0 0 0 0 0 0 
191.63995 9.95128 13 0 0 0 0 0 0 0 0 0 -1 0 0 -1 0 0 0 1 0 
194.48775 10.68723 9 0 0 0 0 0 0 0 0 -1 -1 0 0 1 0 0 0 0 0 
214.58229 4.89565 2 0 -1 0 0 0 0 0 0 0 1 0 0 0 0 0 0 0 0 
213.81435 7.13548 11 0 0 0 0 0 0 0 0 0 0 0 0 -1 -1 1 0 0 0 
235.28479 0.00000 19 0 1 0 0 0 0 0 0 0 0 0 0 1 0 0 0 -1 0 
239.15651 0.00000 15 0 1 0 0 0 0 0 0 1 0 0 0 -1 0 0 0 0 0 
229.65320 9.91928 10 0 0 0 0 0 0 0 0 0 0 -1 -1 0 1 0 0 0 0 
246.19600 11.07179 13 0 0 0 0 0 0 0 0 0 -1 0 0 -1 0 0 0 1 0 
264.79083 0.00000 16 0 0 0 1 0 0 0 0 0 0 1 0 0 -1 0 0 0 0 
262.48590 8.38739 14 0 0 0 0 0 0 0 0 0 0 0 0 0 -1 0 0 -1 1 
272.98615 4.70590 2 0 -1 0 0 0 0 0 0 0 1 0 0 0 0 0 0 0 0 
275.19504 4.16168 4 0 0 0 -1 0 0 0 0 0 0 0 1 0 0 0 0 0 0 
284.41476 3.68149 2 0 -1 0 0 0 0 0 0 0 1 0 0 0 0 0 0 0 0 
309.35284 8.35538 12 0 0 0 0 0 0 0 0 0 -1 0 0 0 0 -1 1 0 0 
319.62900 7.33096 10 0 0 0 0 0 0 0 0 0 0 -1 -1 0 1 0 0 0 0 
351.48187 8.51544 9 0 0 0 0 0 0 0 0 -1 -1 0 0 1 0 0 0 0 0 
453.89127 0.00000 16 0 0 0 1 0 0 0 0 0 0 1 0 0 -1 0 0 0 0 
509.11359 4.03253 4 0 0 0 -1 0 0 0 0 0 0 0 1 0 0 0 0 0 0 
612.13171 0.00000 18 0 1 0 0 0 0 0 0 0 0 0 0 0 0 1 -1 0 0 
721.63953 9.27490 12 0 0 0 0 0 0 0 0 0 -1 0 0 0 0 -1 1 0 0 
802.71497 5.75684 2 0 -1 0 0 0 0 0 0 0 1 0 0 0 0 0 0 0 0 
1705.00305 8.18750 10 0 0 0 0 0 0 0 0 0 0 -1 -1 0 1 0 0 0 0 
1763.72278 0.00000 16 0 0 0 1 0 0 0 0 0 0 1 0 0 -1 0 0 0 0 
