0.41600 4.32000 1 -1 0 0 0 0 0 0 0 1 0 0 0 0 0 0 0 0 0 
1.95200 3.77601 3 0 0 -1 0 0 0 0 0 0 0 1 0 0 0 0 0 0 0 
0.03200 6.08001 4 0 0 0 -1 0 0 0 0 0 0 0 1 0 0 0 0 0 0 
1.95200 4.64001 4 0 0 0 -1 0 0 0 0 0 0 0 1 0 0 0 0 0 0 
13.91993 3.96795 2 0 -1 0 0 0 0 0 0 0 1 0 0 0 0 0 0 0 0 
15.71191 4.51194 3 0 0 -1 0 0 0 0 0 0 0 1 0 0 0 0 0 0 0 
17.40789 4.54394 4 0 0 0 -1 0 0 0 0 0 0 0 1 0 0 0 0 0 0 
18.81587 4.92794 1 -1 0 0 0 0 0 0 0 1 0 0 0 0 0 0 0 0 0 
19.16787 4.67194 3 0 0 -1 0 0 0 0 0 0 0 1 0 0 0 0 0 0 0 
14.91193 9.79187 10 0 0 0 0 0 0 0 0 0 0 -1 -1 0 1 0 0 0 0 
22.46382 4.89594 2 0 -1 0 0 0 0 0 0 0 1 0 0 0 0 0 0 0 0 
31.96770 5.63226 2 0 -1 0 0 0 0 0 0 0 1 0 0 0 0 0 0 0 0 
33.15175 8.25639 10 0 0 0 0 0 0 0 0 0 0 -1 -1 0 1 0 0 0 0 
47.80844 4.09619 1 -1 0 0 0 0 0 0 0 1 0 0 0 0 0 0 0 0 0 
63.55318 7.64750 9 0 0 0 0 0 0 0 0 -1 -1 0 0 1 0 0 0 0 0 
70.11275 10.71922 10 0 0 0 0 0 0 0 0 0 0 -1 -1 0 1 0 0 0 0 
76.32030 7.29547 9 0 0 0 0 0 0 0 0 -1 -1 0 0 1 0 0 0 0 0 
95.07095 0.00000 15 0 1 0 0 0 0 0 0 1 0 0 0 -1 0 0 0 0 0 
111.80573 10.39925 9 0 0 0 0 0 0 0 0 -1 -1 0 0 1 0 0 0 0 0 
130.36440 0.00000 15 0 1 0 0 0 0 0 0 1 0 0 0 -1 0 0 0 0 0 
125.46873 5.82359 2 0 -1 0 0 0 0 0 0 0 1 0 0 0 0 0 0 0 0 
145.69128 0.00000 15 0 1 0 0 0 0 0 0 1 0 0 0 -1 0 0 0 0 0 
136.57195 9.15134 9 0 0 0 0 0 0 0 0 -1 -1 0 0 1 0 0 0 0 0 
155.25859 0.00000 16 0 0 0 1 0 0 0 0 0 0 1 0 0 -1 0 0 0 0 
160.50621 0.00000 16 0 0 0 1 0 0 0 0 0 0 1 0 0 -1 0 0 0 0 
184.18449 0.00000 15 0 1 0 0 0 0 0 0 1 0 0 0 -1 0 0 0 0 0 
190.29605 0.00000 16 0 0 0 1 0 0 0 0 0 0 1 0 0 -1 0 0 0 0 
195.35168 4.28769 4 0 0 0 -1 0 0 0 0 0 0 0 1 0 0 0 0 0 0 
207.12683 4.60767 2 0 -1 0 0 0 0 0 0 0 1 0 0 0 0 0 0 0 0 
216.88612 4.47968 2 0 -1 0 0 0 0 0 0 0 1 0 0 0 0 0 0 0 0 
221.71777 5.59959 2 0 -1 0 0 0 0 0 0 0 1 0 0 0 0 0 0 0 0 
219.95790 10.71922 10 0 0 0 0 0 0 0 0 0 0 -1 -1 0 1 0 0 0 0 
226.93340 3.87172 2 0 -1 0 0 0 0 0 0 0 1 0 0 0 0 0 0 0 0 
231.02910 4.99164 4 0 0 0 -1 0 0 0 0 0 0 0 1 0 0 0 0 0 0 
256.72357 10.75635 9 0 0 0 0 0 0 0 0 -1 -1 0 0 1 0 0 0 0 0 
277.59601 0.00000 15 0 1 0 0 0 0 0 0 1 0 0 0 -1 0 0 0 0 0 
275.19504 7.58707 10 0 0 0 0 0 0 0 0 0 0 -1 -1 0 1 0 0 0 0 
281.21347 7.81116 9 0 0 0 0 0 0 0 0 -1 -1 0 0 1 0 0 0 0 0 
284.25470 6.37057 2 0 -1 0 0 0 0 0 0 0 1 0 0 0 0 0 0 0 0 
287.71210 7.74713 9 0 0 0 0 0 0 0 0 -1 -1 0 0 1 0 0 0 0 0 
298.75656 0.00000 15 0 1 0 0 0 0 0 0 1 0 0 0 -1 0 0 0 0 0 
308.96869 4.70590 2 0 -1 0 0 0 0 0 0 0 1 0 0 0 0 0 0 0 0 
314.85907 0.00000 16 0 0 0 1 0 0 0 0 0 0 1 0 0 -1 0 0 0 0 
315.40329 7.07486 11 0 0 0 0 0 0 0 0 0 0 0 0 -1 -1 1 0 0 0 
352.09012 0.00000 17 0 0 0 0 1 0 0 0 0 0 0 0 0 1 -1 0 0 0 
368.41672 8.32336 9 0 0 0 0 0 0 0 0 -1 -1 0 0 1 0 0 0 0 0 
376.77209 6.91479 2 0 -1 0 0 0 0 0 0 0 1 0 0 0 0 0 0 0 0 
383.75092 11.14050 13 0 0 0 0 0 0 0 0 0 -1 0 0 -1 0 0 0 1 0 
415.60379 3.87357 5 0 0 0 0 -1 0 0 0 0 0 0 0 1 0 0 0 0 0 
420.69385 0.00000 19 0 1 0 0 0 0 0 0 0 0 0 0 1 0 0 0 -1 0 
419.54138 4.32175 11 0 0 0 0 0 0 0 0 0 0 0 0 -1 -1 1 0 0 0 
426.42416 4.25772 2 0 -1 0 0 0 0 0 0 0 1 0 0 0 0 0 0 0 0 
443.80719 4.73792 2 0 -1 0 0 0 0 0 0 0 1 0 0 0 0 0 0 0 0 
449.08932 9.89200 12 0 0 0 0 0 0 0 0 0 -1 0 0 0 0 -1 1 0 0 
461.03015 0.00000 15 0 1 0 0 0 0 0 0 1 0 0 0 -1 0 0 0 0 0 
474.73169 4.64188 4 0 0 0 -1 0 0 0 0 0 0 0 1 0 0 0 0 0 0 
488.14511 9.15570 10 0 0 0 0 0 0 0 0 0 0 -1 -1 0 1 0 0 0 0 
488.46524 8.93161 9 0 0 0 0 0 0 0 0 -1 -1 0 0 1 0 0 0 0 0 
505.94431 0.00000 16 0 0 0 1 0 0 0 0 0 0 1 0 0 -1 0 0 0 0 
497.42886 10.56427 13 0 0 0 0 0 0 0 0 0 -1 0 0 -1 0 0 0 1 0 
511.89871 3.90195 4 0 0 0 -1 0 0 0 0 0 0 0 1 0 0 0 0 0 0 
512.69836 3.93384 4 0 0 0 -1 0 0 0 0 0 0 0 1 0 0 0 0 0 0 
517.30383 7.00415 10 0 0 0 0 0 0 0 0 0 0 -1 -1 0 1 0 0 0 0 
535.94958 4.70142 2 0 -1 0 0 0 0 0 0 0 1 0 0 0 0 0 0 0 0 
536.65320 7.83569 14 0 0 0 0 0 0 0 0 0 0 0 0 0 -1 0 0 -1 1 
588.97644 8.12354 10 0 0 0 0 0 0 0 0 0 0 -1 -1 0 1 0 0 0 0 
617.31287 9.78662 9 0 0 0 0 0 0 0 0 -1 -1 0 0 1 0 0 0 0 0 
629.40222 0.00000 15 0 1 0 0 0 0 0 0 1 0 0 0 -1 0 0 0 0 0 
630.77747 4.44556 2 0 -1 0 0 0 0 0 0 0 1 0 0 0 0 0 0 0 0 
635.28699 10.61816 9 0 0 0 0 0 0 0 0 -1 -1 0 0 1 0 0 0 0 0 
675.20105 0.00000 15 0 1 0 0 0 0 0 0 1 0 0 0 -1 0 0 0 0 0 
685.01965 0.00000 18 0 1 0 0 0 0 0 0 0 0 0 0 0 0 1 -1 0 0 
687.29041 4.86133 2 0 -1 0 0 0 0 0 0 0 1 0 0 0 0 0 0 0 0 
688.28186 7.00415 12 0 0 0 0 0 0 0 0 0 -1 0 0 0 0 -1 1 0 0 
810.74255 0.00000 16 0 0 0 1 0 0 0 0 0 0 1 0 0 -1 0 0 0 0 
810.74255 4.54150 4 0 0 0 -1 0 0 0 0 0 0 0 1 0 0 0 0 0 0 
815.34802 10.26636 10 0 0 0 0 0 0 0 0 0 0 -1 -1 0 1 0 0 0 0 
944.14124 8.98706 9 0 0 0 0 0 0 0 0 -1 -1 0 0 1 0 0 0 0 0 
969.82312 6.62036 11 0 0 0 0 0 0 0 0 0 0 0 0 -1 -1 1 0 0 0 
1138.11462 0.00000 17 0 0 0 0 1 0 0 0 0 0 0 0 0 1 -1 0 0 0 
1138.11462 3.70996 5 0 0 0 0 -1 0 0 0 0 0 0 0 1 0 0 0 0 0 
1141.88855 8.73120 11 0 0 0 0 0 0 0 0 0 0 0 0 -1 -1 1 0 0 0 
1164.91589 0.00000 17 0 0 0 0 1 0 0 0 0 0 0 0 0 1 -1 0 0 0 
1240.81018 0.00000 16 0 0 0 1 0 0 0 0 0 0 1 0 0 -1 0 0 0 0 
1247.97424 3.96582 5 0 0 0 0 -1 0 0 0 0 0 0 0 1 0 0 0 0 0 
1278.64539 6.10864 4 0 0 0 -1 0 0 0 0 0 0 0 1 0 0 0 0 0 0 
1341.97058 0.00000 15 0 1 0 0 0 0 0 0 1 0 0 0 -1 0 0 0 0 0 
1342.61023 4.12573 2 0 -1 0 0 0 0 0 0 0 1 0 0 0 0 0 0 0 0 
1346.76794 11.25781 9 0 0 0 0 0 0 0 0 -1 -1 0 0 1 0 0 0 0 0 
1375.55212 0.00000 15 0 1 0 0 0 0 0 0 1 0 0 0 -1 0 0 0 0 0 
1376.31970 0.00000 18 0 1 0 0 0 0 0 0 0 0 0 0 0 0 1 -1 0 0 
1376.31970 5.24512 2 0 -1 0 0 0 0 0 0 0 1 0 0 0 0 0 0 0 0 
1381.62878 11.57764 12 0 0 0 0 0 0 0 0 0 -1 0 0 0 0 -1 1 0 0 
1397.74792 4.70142 2 0 -1 0 0 0 0 0 0 0 1 0 0 0 0 0 0 0 0 
1465.87048 10.49023 9 0 0 0 0 0 0 0 0 -1 -1 0 0 1 0 0 0 0 0 
1480.39050 0.00000 15 0 1 0 0 0 0 0 0 1 0 0 0 -1 0 0 0 0 0 
1476.26477 8.73120 10 0 0 0 0 0 0 0 0 0 0 -1 -1 0 1 0 0 0 0 
1494.94250 4.22168 2 0 -1 0 0 0 0 0 0 0 1 0 0 0 0 0 0 0 0 
1501.65881 7.38794 9 0 0 0 0 0 0 0 0 -1 -1 0 0 1 0 0 0 0 0 
1533.83313 0.00000 15 0 1 0 0 0 0 0 0 1 0 0 0 -1 0 0 0 0 0 
1593.89612 2.39868 2 0 -1 0 0 0 0 0 0 0 1 0 0 0 0 0 0 0 0 
1611.67834 9.37085 9 0 0 0 0 0 0 0 0 -1 -1 0 0 1 0 0 0 0 0 
1700.20569 0.00000 15 0 1 0 0 0 0 0 0 1 0 0 0 -1 0 0 0 0 0 
