0.09600 3.58400 3 0 0 -1 0 0 0 0 0 0 0 1 0 0 0 0 0 0 0 
1.02400 3.87200 1 -1 0 0 0 0 0 0 0 1 0 0 0 0 0 0 0 0 0 
1.92000 4.41601 2 0 -1 0 0 0 0 0 0 0 1 0 0 0 0 0 0 0 0 
1.56800 4.80001 4 0 0 0 -1 0 0 0 0 0 0 0 1 0 0 0 0 0 0 
0.09600 6.40001 2 0 -1 0 0 0 0 0 0 0 1 0 0 0 0 0 0 0 0 
3.23200 3.80801 3 0 0 -1 0 0 0 0 0 0 0 1 0 0 0 0 0 0 0 
2.56000 4.86401 2 0 -1 0 0 0 0 0 0 0 1 0 0 0 0 0 0 0 0 
15.23192 5.50393 3 0 0 -1 0 0 0 0 0 0 0 1 0 0 0 0 0 0 0 
25.82378 4.54394 1 -1 0 0 0 0 0 0 0 1 0 0 0 0 0 0 0 0 0 
32.44772 7.93637 9 0 0 0 0 0 0 0 0 -1 -1 0 0 1 0 0 0 0 0 
41.95217 4.76822 2 0 -1 0 0 0 0 0 0 0 1 0 0 0 0 0 0 0 0 
47.58443 4.99223 4 0 0 0 -1 0 0 0 0 0 0 0 1 0 0 0 0 0 0 
50.30456 4.03219 1 -1 0 0 0 0 0 0 0 1 0 0 0 0 0 0 0 0 0 
59.32898 4.41621 2 0 -1 0 0 0 0 0 0 0 1 0 0 0 0 0 0 0 0 
56.35284 8.12832 10 0 0 0 0 0 0 0 0 0 0 -1 -1 0 1 0 0 0 0 
64.44917 8.70337 9 0 0 0 0 0 0 0 0 -1 -1 0 0 1 0 0 0 0 0 
73.18453 0.57596 2 0 -1 0 0 0 0 0 0 0 1 0 0 0 0 0 0 0 0 
89.34336 0.00000 15 0 1 0 0 0 0 0 0 1 0 0 0 -1 0 0 0 0 0 
129.53246 9.59930 9 0 0 0 0 0 0 0 0 -1 -1 0 0 1 0 0 0 0 0 
144.18739 4.25569 4 0 0 0 -1 0 0 0 0 0 0 0 1 0 0 0 0 0 0 
139.19576 16.95877 13 0 0 0 0 0 0 0 0 0 -1 0 0 -1 0 0 0 1 0 
161.49814 0.00000 16 0 0 0 1 0 0 0 0 0 0 1 0 0 -1 0 0 0 0 
159.03432 4.83165 2 0 -1 0 0 0 0 0 0 0 1 0 0 0 0 0 0 0 0 
198.07149 6.59152 10 0 0 0 0 0 0 0 0 0 0 -1 -1 0 1 0 0 0 0 
209.52666 4.70366 4 0 0 0 -1 0 0 0 0 0 0 0 1 0 0 0 0 0 0 
227.92532 7.16748 10 0 0 0 0 0 0 0 0 0 0 -1 -1 0 1 0 0 0 0 
240.75639 7.16748 14 0 0 0 0 0 0 0 0 0 0 0 0 0 -1 0 0 -1 1 
241.90831 7.87143 9 0 0 0 0 0 0 0 0 -1 -1 0 0 1 0 0 0 0 0 
303.07831 0.00000 15 0 1 0 0 0 0 0 0 1 0 0 0 -1 0 0 0 0 0 
348.66473 2.27292 2 0 -1 0 0 0 0 0 0 0 1 0 0 0 0 0 0 0 0 
415.66782 9.25174 9 0 0 0 0 0 0 0 0 -1 -1 0 0 1 0 0 0 0 0 
428.34494 7.26694 10 0 0 0 0 0 0 0 0 0 0 -1 -1 0 1 0 0 0 0 
435.64389 8.29135 11 0 0 0 0 0 0 0 0 0 0 0 0 -1 -1 1 0 0 0 
472.01059 0.00000 20 0 0 0 0 0 1 0 0 0 0 0 0 0 0 0 0 1 -1 
472.01059 3.64948 6 0 0 0 0 0 -1 0 0 0 0 0 0 0 1 0 0 0 0 
476.46039 9.60388 12 0 0 0 0 0 0 0 0 0 -1 0 0 0 0 -1 1 0 0 
492.72296 6.27454 14 0 0 0 0 0 0 0 0 0 0 0 0 0 -1 0 0 -1 1 
587.28137 0.00000 20 0 0 0 0 0 1 0 0 0 0 0 0 0 0 0 0 1 -1 
720.71204 3.83789 6 0 0 0 0 0 -1 0 0 0 0 0 0 0 1 0 0 0 0 
741.72449 0.00000 16 0 0 0 1 0 0 0 0 0 0 1 0 0 -1 0 0 0 0 
882.73499 4.57349 4 0 0 0 -1 0 0 0 0 0 0 0 1 0 0 0 0 0 0 
934.45056 10.49023 10 0 0 0 0 0 0 0 0 0 0 -1 -1 0 1 0 0 0 0 
964.16223 9.43481 14 0 0 0 0 0 0 0 0 0 0 0 0 0 -1 0 0 -1 1 
1289.83923 0.00000 20 0 0 0 0 0 1 0 0 0 0 0 0 0 0 0 0 1 -1 
1324.41223 5.98071 6 0 0 0 0 0 -1 0 0 0 0 0 0 0 1 0 0 0 0 
1365.38171 6.97217 14 0 0 0 0 0 0 0 0 0 0 0 0 0 -1 0 0 -1 1 
1505.49670 0.00000 20 0 0 0 0 0 1 0 0 0 0 0 0 0 0 0 0 1 -1 
1512.91663 4.70142 6 0 0 0 0 0 -1 0 0 0 0 0 0 0 1 0 0 0 0 
1518.70544 7.73975 14 0 0 0 0 0 0 0 0 0 0 0 0 0 -1 0 0 -1 1 
1544.64319 0.00000 20 0 0 0 0 0 1 0 0 0 0 0 0 0 0 0 0 1 -1 
1612.12610 5.50098 6 0 0 0 0 0 -1 0 0 0 0 0 0 0 1 0 0 0 0 
1630.93176 7.03613 14 0 0 0 0 0 0 0 0 0 0 0 0 0 -1 0 0 -1 1 
1648.90588 0.00000 20 0 0 0 0 0 1 0 0 0 0 0 0 0 0 0 0 1 -1 
1654.02307 4.47754 6 0 0 0 0 0 -1 0 0 0 0 0 0 0 1 0 0 0 0 
1673.53235 6.90820 14 0 0 0 0 0 0 0 0 0 0 0 0 0 -1 0 0 -1 1 
1726.71912 0.00000 20 0 0 0 0 0 1 0 0 0 0 0 0 0 0 0 0 1 -1 
1734.10706 3.90186 6 0 0 0 0 0 -1 0 0 0 0 0 0 0 1 0 0 0 0 
1749.29871 0.00000 16 0 0 0 1 0 0 0 0 0 0 1 0 0 -1 0 0 0 0 
1750.13025 4.50952 4 0 0 0 -1 0 0 0 0 0 0 0 1 0 0 0 0 0 0 
1766.76111 8.37939 10 0 0 0 0 0 0 0 0 0 0 -1 -1 0 1 0 0 0 0 
