0.09600 5.82401 2 0 -1 0 0 0 0 0 0 0 1 0 0 0 0 0 0 0 0 
3.16800 5.76000 3 0 0 -1 0 0 0 0 0 0 0 1 0 0 0 0 0 0 0 
8.89599 4.25595 1 -1 0 0 0 0 0 0 0 1 0 0 0 0 0 0 0 0 0 
11.00797 4.44794 4 0 0 0 -1 0 0 0 0 0 0 0 1 0 0 0 0 0 0 
13.63194 4.03195 2 0 -1 0 0 0 0 0 0 0 1 0 0 0 0 0 0 0 0 
21.34384 4.06395 1 -1 0 0 0 0 0 0 0 1 0 0 0 0 0 0 0 0 0 
22.68782 3.87195 3 0 0 -1 0 0 0 0 0 0 0 1 0 0 0 0 0 0 0 
25.53579 1.53598 1 -1 0 0 0 0 0 0 0 1 0 0 0 0 0 0 0 0 0 
23.19982 4.28794 4 0 0 0 -1 0 0 0 0 0 0 0 1 0 0 0 0 0 0 
20.54385 9.02388 9 0 0 0 0 0 0 0 0 -1 -1 0 0 1 0 0 0 0 0 
28.51175 2.36797 2 0 -1 0 0 0 0 0 0 0 1 0 0 0 0 0 0 0 0 
29.79173 6.97619 10 0 0 0 0 0 0 0 0 0 0 -1 -1 0 1 0 0 0 0 
37.50396 4.92823 4 0 0 0 -1 0 0 0 0 0 0 0 1 0 0 0 0 0 0 
39.71207 4.54421 3 0 0 -1 0 0 0 0 0 0 0 1 0 0 0 0 0 0 0 
46.08036 2.46412 2 0 -1 0 0 0 0 0 0 0 1 0 0 0 0 0 0 0 0 
49.53652 0.00000 15 0 1 0 0 0 0 0 0 1 0 0 0 -1 0 0 0 0 0 
50.94459 3.48816 9 0 0 0 0 0 0 0 0 -1 -1 0 0 1 0 0 0 0 0 
50.56057 4.35220 2 0 -1 0 0 0 0 0 0 0 1 0 0 0 0 0 0 0 0 
65.60108 0.00000 15 0 1 0 0 0 0 0 0 1 0 0 0 -1 0 0 0 0 0 
70.40073 4.06371 2 0 -1 0 0 0 0 0 0 0 1 0 0 0 0 0 0 0 0 
67.20097 7.58345 10 0 0 0 0 0 0 0 0 0 0 -1 -1 0 1 0 0 0 0 
70.46473 4.67166 2 0 -1 0 0 0 0 0 0 0 1 0 0 0 0 0 0 0 0 
71.77663 8.19141 9 0 0 0 0 0 0 0 0 -1 -1 0 0 1 0 0 0 0 0 
80.00004 11.00720 13 0 0 0 0 0 0 0 0 0 -1 0 0 -1 0 0 0 1 0 
97.08680 7.74344 10 0 0 0 0 0 0 0 0 0 0 -1 -1 0 1 0 0 0 0 
109.46990 8.41539 14 0 0 0 0 0 0 0 0 0 0 0 0 0 -1 0 0 -1 1 
112.41369 6.71951 9 0 0 0 0 0 0 0 0 -1 -1 0 0 1 0 0 0 0 0 
150.87491 8.44739 11 0 0 0 0 0 0 0 0 0 0 0 0 -1 -1 1 0 0 0 
156.21852 10.11127 9 0 0 0 0 0 0 0 0 -1 -1 0 0 1 0 0 0 0 0 
174.55319 0.00000 16 0 0 0 1 0 0 0 0 0 0 1 0 0 -1 0 0 0 0 
212.85442 0.00000 15 0 1 0 0 0 0 0 0 1 0 0 0 -1 0 0 0 0 0 
221.33380 0.00000 17 0 0 0 0 1 0 0 0 0 0 0 0 0 1 -1 0 0 0 
221.33380 5.88757 4 0 0 0 -1 0 0 0 0 0 0 0 1 0 0 0 0 0 0 
231.98903 4.28769 2 0 -1 0 0 0 0 0 0 0 1 0 0 0 0 0 0 0 0 
236.34071 9.79129 9 0 0 0 0 0 0 0 0 -1 -1 0 0 1 0 0 0 0 0 
258.26019 8.13129 10 0 0 0 0 0 0 0 0 0 0 -1 -1 0 1 0 0 0 0 
269.78485 7.17090 13 0 0 0 0 0 0 0 0 0 -1 0 0 -1 0 0 0 1 0 
279.22867 0.00000 16 0 0 0 1 0 0 0 0 0 0 1 0 0 -1 0 0 0 0 
286.30353 5.18610 4 0 0 0 -1 0 0 0 0 0 0 0 1 0 0 0 0 0 0 
304.90305 8.61148 10 0 0 0 0 0 0 0 0 0 0 -1 -1 0 1 0 0 0 0 
333.90677 5.25012 5 0 0 0 0 -1 0 0 0 0 0 0 0 1 0 0 0 0 0 
345.07928 0.00000 15 0 1 0 0 0 0 0 0 1 0 0 0 -1 0 0 0 0 0 
340.91760 9.47583 14 0 0 0 0 0 0 0 0 0 0 0 0 0 -1 0 0 -1 1 
376.06781 2.52902 2 0 -1 0 0 0 0 0 0 0 1 0 0 0 0 0 0 0 0 
401.64615 0.00000 16 0 0 0 1 0 0 0 0 0 0 1 0 0 -1 0 0 0 0 
422.67865 4.70590 4 0 0 0 -1 0 0 0 0 0 0 0 1 0 0 0 0 0 0 
429.68948 9.98804 10 0 0 0 0 0 0 0 0 0 0 -1 -1 0 1 0 0 0 0 
482.83096 0.00000 16 0 0 0 1 0 0 0 0 0 0 1 0 0 -1 0 0 0 0 
498.64536 3.87357 4 0 0 0 -1 0 0 0 0 0 0 0 1 0 0 0 0 0 0 
557.02600 8.34741 10 0 0 0 0 0 0 0 0 0 0 -1 -1 0 1 0 0 0 0 
609.09338 8.69922 9 0 0 0 0 0 0 0 0 -1 -1 0 0 1 0 0 0 0 0 
621.69446 0.00000 15 0 1 0 0 0 0 0 0 1 0 0 0 -1 0 0 0 0 0 
707.88708 0.00000 16 0 0 0 1 0 0 0 0 0 0 1 0 0 -1 0 0 0 0 
839.01501 4.70142 2 0 -1 0 0 0 0 0 0 0 1 0 0 0 0 0 0 0 0 
951.27332 10.39429 9 0 0 0 0 0 0 0 0 -1 -1 0 0 1 0 0 0 0 0 
986.10217 0.00000 15 0 1 0 0 0 0 0 0 1 0 0 0 -1 0 0 0 0 0 
986.10217 6.10864 2 0 -1 0 0 0 0 0 0 0 1 0 0 0 0 0 0 0 0 
992.27478 9.33887 9 0 0 0 0 0 0 0 0 -1 -1 0 0 1 0 0 0 0 0 
1042.80701 0.00000 20 0 0 0 0 0 1 0 0 0 0 0 0 0 0 0 0 1 -1 
1115.15125 0.00000 15 0 1 0 0 0 0 0 0 1 0 0 0 -1 0 0 0 0 0 
1118.41345 0.00000 19 0 1 0 0 0 0 0 0 0 0 0 0 1 0 0 0 -1 0 
1125.80139 5.37305 2 0 -1 0 0 0 0 0 0 0 1 0 0 0 0 0 0 0 0 
1176.42957 15.22363 9 0 0 0 0 0 0 0 0 -1 -1 0 0 1 0 0 0 0 0 
1192.86853 3.70996 2 0 -1 0 0 0 0 0 0 0 1 0 0 0 0 0 0 0 0 
1203.93445 0.00000 15 0 1 0 0 0 0 0 0 1 0 0 0 -1 0 0 0 0 0 
1260.31946 4.15771 2 0 -1 0 0 0 0 0 0 0 1 0 0 0 0 0 0 0 0 
1284.14636 10.33032 13 0 0 0 0 0 0 0 0 0 -1 0 0 -1 0 0 0 1 0 
1301.89661 0.00000 19 0 1 0 0 0 0 0 0 0 0 0 0 1 0 0 0 -1 0 
1315.00940 4.73340 2 0 -1 0 0 0 0 0 0 0 1 0 0 0 0 0 0 0 0 
1327.57849 11.19385 13 0 0 0 0 0 0 0 0 0 -1 0 0 -1 0 0 0 1 0 
1412.39587 0.00000 19 0 1 0 0 0 0 0 0 0 0 0 0 1 0 0 0 -1 0 
1428.32312 9.37085 13 0 0 0 0 0 0 0 0 0 -1 0 0 -1 0 0 0 1 0 
1450.87073 0.00000 19 0 1 0 0 0 0 0 0 0 0 0 0 1 0 0 0 -1 0 
1449.01575 4.02979 2 0 -1 0 0 0 0 0 0 0 1 0 0 0 0 0 0 0 0 
1450.87073 4.34961 2 0 -1 0 0 0 0 0 0 0 1 0 0 0 0 0 0 0 0 
1455.28430 12.15332 13 0 0 0 0 0 0 0 0 0 -1 0 0 -1 0 0 0 1 0 
1573.49133 8.76318 9 0 0 0 0 0 0 0 0 -1 -1 0 0 1 0 0 0 0 0 
1641.67786 0.00000 19 0 1 0 0 0 0 0 0 0 0 0 0 1 0 0 0 -1 0 
1673.05261 4.15771 2 0 -1 0 0 0 0 0 0 0 1 0 0 0 0 0 0 0 0 
1677.27429 13.27271 13 0 0 0 0 0 0 0 0 0 -1 0 0 -1 0 0 0 1 0 
1727.19885 0.00000 15 0 1 0 0 0 0 0 0 1 0 0 0 -1 0 0 0 0 0 
1727.71057 0.00000 19 0 1 0 0 0 0 0 0 0 0 0 0 1 0 0 0 -1 0 
1766.85706 0.00000 15 0 1 0 0 0 0 0 0 1 0 0 0 -1 0 0 0 0 0 
1776.16394 3.55005 2 0 -1 0 0 0 0 0 0 0 1 0 0 0 0 0 0 0 0 
1787.74158 8.57129 9 0 0 0 0 0 0 0 0 -1 -1 0 0 1 0 0 0 0 0 
