0.80000 4.44800 2 0 -1 0 0 0 0 0 0 0 1 0 0 0 0 0 0 0 0 
0.03200 5.44001 2 0 -1 0 0 0 0 0 0 0 1 0 0 0 0 0 0 0 0 
0.09600 5.50401 1 -1 0 0 0 0 0 0 0 1 0 0 0 0 0 0 0 0 0 
6.24001 5.85595 4 0 0 0 -1 0 0 0 0 0 0 0 1 0 0 0 0 0 0 
7.93601 4.99194 3 0 0 -1 0 0 0 0 0 0 0 1 0 0 0 0 0 0 0 
9.05600 3.99995 3 0 0 -1 0 0 0 0 0 0 0 1 0 0 0 0 0 0 0 
7.20000 5.95194 3 0 0 -1 0 0 0 0 0 0 0 1 0 0 0 0 0 0 0 
14.52792 1.98398 1 -1 0 0 0 0 0 0 0 1 0 0 0 0 0 0 0 0 0 
16.67190 5.15193 2 0 -1 0 0 0 0 0 0 0 1 0 0 0 0 0 0 0 0 
18.62387 5.02394 2 0 -1 0 0 0 0 0 0 0 1 0 0 0 0 0 0 0 0 
27.96775 5.28001 2 0 -1 0 0 0 0 0 0 0 1 0 0 0 0 0 0 0 0 
24.54380 9.50400 9 0 0 0 0 0 0 0 0 -1 -1 0 0 1 0 0 0 0 0 
25.18380 9.21602 9 0 0 0 0 0 0 0 0 -1 -1 0 0 1 0 0 0 0 0 
35.61587 0.00000 15 0 1 0 0 0 0 0 0 1 0 0 0 -1 0 0 0 0 0 
39.61606 0.00000 15 0 1 0 0 0 0 0 0 1 0 0 0 -1 0 0 0 0 0 
52.70467 4.28820 4 0 0 0 -1 0 0 0 0 0 0 0 1 0 0 0 0 0 0 
63.29716 5.43969 2 0 -1 0 0 0 0 0 0 0 1 0 0 0 0 0 0 0 0 
83.96775 6.07956 1 -1 0 0 0 0 0 0 0 1 0 0 0 0 0 0 0 0 0 
91.42321 9.75929 9 0 0 0 0 0 0 0 0 -1 -1 0 0 1 0 0 0 0 0 
102.30242 6.59152 10 0 0 0 0 0 0 0 0 0 0 -1 -1 0 1 0 0 0 0 
111.48576 4.44768 4 0 0 0 -1 0 0 0 0 0 0 0 1 0 0 0 0 0 0 
125.82072 7.90343 9 0 0 0 0 0 0 0 0 -1 -1 0 0 1 0 0 0 0 0 
133.40417 8.60738 10 0 0 0 0 0 0 0 0 0 0 -1 -1 0 1 0 0 0 0 
147.41916 2.17584 2 0 -1 0 0 0 0 0 0 0 1 0 0 0 0 0 0 0 0 
143.99541 8.35139 13 0 0 0 0 0 0 0 0 0 -1 0 0 -1 0 0 0 1 0 
159.09831 10.91121 13 0 0 0 0 0 0 0 0 0 -1 0 0 -1 0 0 0 1 0 
176.85703 8.73537 10 0 0 0 0 0 0 0 0 0 0 -1 -1 0 1 0 0 0 0 
185.36841 8.70337 14 0 0 0 0 0 0 0 0 0 0 0 0 0 -1 0 0 -1 1 
192.66388 10.68723 14 0 0 0 0 0 0 0 0 0 0 0 0 0 -1 0 0 -1 1 
211.12654 4.57567 2 0 -1 0 0 0 0 0 0 0 1 0 0 0 0 0 0 0 0 
327.21606 0.00000 16 0 0 0 1 0 0 0 0 0 0 1 0 0 -1 0 0 0 0 
362.33426 4.38577 4 0 0 0 -1 0 0 0 0 0 0 0 1 0 0 0 0 0 0 
417.58859 8.61148 9 0 0 0 0 0 0 0 0 -1 -1 0 0 1 0 0 0 0 0 
435.35577 9.63589 10 0 0 0 0 0 0 0 0 0 0 -1 -1 0 1 0 0 0 0 
474.15546 0.00000 15 0 1 0 0 0 0 0 0 1 0 0 0 -1 0 0 0 0 0 
487.34479 5.73032 2 0 -1 0 0 0 0 0 0 0 1 0 0 0 0 0 0 0 0 
537.26086 0.00000 20 0 0 0 0 0 1 0 0 0 0 0 0 0 0 0 0 1 -1 
601.25769 7.54785 14 0 0 0 0 0 0 0 0 0 0 0 0 0 -1 0 0 -1 1 
728.09998 4.79736 6 0 0 0 0 0 -1 0 0 0 0 0 0 0 1 0 0 0 0 
772.26770 0.00000 16 0 0 0 1 0 0 0 0 0 0 1 0 0 -1 0 0 0 0 
778.79211 5.85278 4 0 0 0 -1 0 0 0 0 0 0 0 1 0 0 0 0 0 0 
816.85120 9.27490 10 0 0 0 0 0 0 0 0 0 0 -1 -1 0 1 0 0 0 0 
990.06799 0.00000 20 0 0 0 0 0 1 0 0 0 0 0 0 0 0 0 0 1 -1 
990.13196 5.05322 14 0 0 0 0 0 0 0 0 0 0 0 0 0 -1 0 0 -1 1 
995.28113 9.40283 9 0 0 0 0 0 0 0 0 -1 -1 0 0 1 0 0 0 0 0 
1019.14001 10.23438 13 0 0 0 0 0 0 0 0 0 -1 0 0 -1 0 0 0 1 0 
1071.01550 0.00000 19 0 1 0 0 0 0 0 0 0 0 0 0 1 0 0 0 -1 0 
1074.85339 5.56494 2 0 -1 0 0 0 0 0 0 0 1 0 0 0 0 0 0 0 0 
1097.33704 0.00000 15 0 1 0 0 0 0 0 0 1 0 0 0 -1 0 0 0 0 0 
1097.33704 10.42627 2 0 -1 0 0 0 0 0 0 0 1 0 0 0 0 0 0 0 0 
1107.82727 6.74829 9 0 0 0 0 0 0 0 0 -1 -1 0 0 1 0 0 0 0 0 
1132.80554 0.00000 20 0 0 0 0 0 1 0 0 0 0 0 0 0 0 0 0 1 -1 
1139.39392 5.40503 6 0 0 0 0 0 -1 0 0 0 0 0 0 0 1 0 0 0 0 
1150.23596 0.00000 15 0 1 0 0 0 0 0 0 1 0 0 0 -1 0 0 0 0 0 
1157.46399 0.00000 19 0 1 0 0 0 0 0 0 0 0 0 0 1 0 0 0 -1 0 
1172.30383 4.38159 2 0 -1 0 0 0 0 0 0 0 1 0 0 0 0 0 0 0 0 
1173.58313 8.69922 9 0 0 0 0 0 0 0 0 -1 -1 0 0 1 0 0 0 0 0 
1186.02429 0.00000 15 0 1 0 0 0 0 0 0 1 0 0 0 -1 0 0 0 0 0 
1202.68713 5.14917 2 0 -1 0 0 0 0 0 0 0 1 0 0 0 0 0 0 0 0 
1209.78723 0.00000 15 0 1 0 0 0 0 0 0 1 0 0 0 -1 0 0 0 0 0 
1212.82556 1.72705 2 0 -1 0 0 0 0 0 0 0 1 0 0 0 0 0 0 0 0 
1235.14929 0.00000 16 0 0 0 1 0 0 0 0 0 0 1 0 0 -1 0 0 0 0 
1235.14929 4.28564 4 0 0 0 -1 0 0 0 0 0 0 0 1 0 0 0 0 0 0 
1230.95959 8.50732 9 0 0 0 0 0 0 0 0 -1 -1 0 0 1 0 0 0 0 0 
1232.78259 10.55420 9 0 0 0 0 0 0 0 0 -1 -1 0 0 1 0 0 0 0 0 
1239.46692 7.86768 10 0 0 0 0 0 0 0 0 0 0 -1 -1 0 1 0 0 0 0 
1257.66492 0.00000 15 0 1 0 0 0 0 0 0 1 0 0 0 -1 0 0 0 0 0 
1271.19348 3.96582 2 0 -1 0 0 0 0 0 0 0 1 0 0 0 0 0 0 0 0 
1282.70715 9.33887 13 0 0 0 0 0 0 0 0 0 -1 0 0 -1 0 0 0 1 0 
1288.91174 9.97852 9 0 0 0 0 0 0 0 0 -1 -1 0 0 1 0 0 0 0 0 
1298.44250 5.02124 2 0 -1 0 0 0 0 0 0 0 1 0 0 0 0 0 0 0 0 
1307.33362 0.00000 15 0 1 0 0 0 0 0 0 1 0 0 0 -1 0 0 0 0 0 
1319.42297 4.02979 2 0 -1 0 0 0 0 0 0 0 1 0 0 0 0 0 0 0 0 
1334.64661 6.71631 9 0 0 0 0 0 0 0 0 -1 -1 0 0 1 0 0 0 0 0 
1345.84045 0.00000 15 0 1 0 0 0 0 0 0 1 0 0 0 -1 0 0 0 0 0 
1347.18372 4.63745 2 0 -1 0 0 0 0 0 0 0 1 0 0 0 0 0 0 0 0 
1361.00012 0.00000 16 0 0 0 1 0 0 0 0 0 0 1 0 0 -1 0 0 0 0 
1351.88513 10.77808 9 0 0 0 0 0 0 0 0 -1 -1 0 0 1 0 0 0 0 0 
1410.57288 4.92529 4 0 0 0 -1 0 0 0 0 0 0 0 1 0 0 0 0 0 0 
1414.73059 10.33032 13 0 0 0 0 0 0 0 0 0 -1 0 0 -1 0 0 0 1 0 
1488.96179 11.54565 10 0 0 0 0 0 0 0 0 0 0 -1 -1 0 1 0 0 0 0 
1500.57141 13.20874 14 0 0 0 0 0 0 0 0 0 0 0 0 0 -1 0 0 -1 1 
1636.78455 0.00000 19 0 1 0 0 0 0 0 0 0 0 0 0 1 0 0 0 -1 0 
1659.23621 4.66943 2 0 -1 0 0 0 0 0 0 0 1 0 0 0 0 0 0 0 0 
