0 0 0 0 0 0 0 0 0 0 0 15 3 6 3 3 0 0 0 0
1.74025 0 0 1 0 0 0 0 0 0 0 14 3 6 2 3 0 0 0 0
1.9095 0 1 1 0 0 0 0 0 0 0 13 3 5 2 3 0 0 0 0
2.13554 0 2 1 0 0 0 0 0 0 0 12 3 4 2 3 0 0 0 0
4.62614 0 2 1 1 0 0 0 0 0 0 11 3 4 2 2 0 0 0 0
4.79045 0 2 1 2 0 0 0 0 0 0 10 3 4 2 1 0 0 0 0
5.08496 0 3 1 2 0 0 0 0 0 0 9 3 3 2 1 0 0 0 0
5.13329 1 3 1 2 0 0 0 0 0 0 8 2 3 2 1 0 0 0 0
10.8034 0 2 1 2 1 0 0 0 0 0 9 2 3 2 1 0 0 0 0
13.8499 0 3 1 2 1 0 0 0 0 0 8 2 2 2 1 0 0 0 0
15.7224 0 3 1 3 1 0 0 0 0 0 7 2 2 2 0 0 0 0 0
20.4546 0 2 1 3 0 0 0 1 0 0 8 2 2 2 0 0 0 0 0
29.8425 0 2 0 2 0 1 0 1 0 0 9 2 2 2 0 0 0 0 0
31.2727 0 2 1 2 0 1 0 1 0 0 8 2 2 1 0 0 0 0 0
42.1396 0 3 1 2 0 1 0 1 0 0 7 2 1 1 0 0 0 0 0
55.568 1 3 1 2 0 1 0 1 0 0 6 1 1 1 0 0 0 0 0
62.9191 1 3 1 2 0 0 0 0 0 1 7 1 1 1 0 0 0 0 0
70.3436 1 3 0 1 0 1 0 0 0 1 8 1 1 1 0 0 0 0 0
74.1228 2 3 0 1 0 1 0 0 0 1 7 0 1 1 0 0 0 0 0
77.7908 2 3 1 1 0 1 0 0 0 1 6 0 1 0 0 0 0 0 0
106.206 2 3 0 0 0 2 0 0 0 1 7 0 1 0 0 0 0 0 0
110.617 2 4 0 0 0 2 0 0 0 1 6 0 0 0 0 0 0 0 0
138.511 1 3 0 0 1 2 0 0 0 1 7 0 0 0 0 0 0 0 0
187.164 1 3 0 0 0 1 1 0 0 1 8 0 0 0 0 0 0 0 0
193.21 0 2 0 0 1 1 1 0 0 1 9 0 0 0 0 0 0 0 0
197.367 0 1 0 0 1 1 0 0 1 1 10 0 0 0 0 0 0 0 0
215.257 0 1 0 0 0 0 1 0 1 1 11 0 0 0 0 0 0 0 0
234.504 0 1 0 0 0 0 2 0 0 1 11 0 1 0 0 0 0 0 0
261.281 0 0 0 0 0 0 1 0 1 1 12 0 1 0 0 0 0 0 0
288.177 0 0 0 0 0 0 2 0 0 1 12 0 2 0 0 0 0 0 0
289.356 0 1 0 0 0 0 2 0 0 1 11 0 1 0 0 0 0 0 0
291.715 0 1 0 0 0 1 1 0 0 1 11 0 1 0 0 1 0 0 0
297.77 0 2 0 0 0 1 1 0 0 1 10 0 0 0 0 1 0 0 0
309.042 0 1 0 0 0 1 0 0 1 1 11 0 0 0 0 1 0 0 0
317.744 0 1 0 0 0 1 1 0 0 1 11 0 1 0 0 1 0 0 0
318.59 0 2 0 0 0 1 1 0 0 1 10 0 0 0 0 1 0 0 0
323.887 0 2 0 0 1 1 1 0 0 1 9 0 0 0 0 0 0 0 0
334.193 1 2 0 0 0 1 1 0 0 1 9 0 1 0 0 0 0 0 0
352.311 1 3 0 0 0 1 1 0 0 1 8 0 0 0 0 0 0 0 0
392.245 1 3 0 0 0 2 0 0 0 1 8 0 0 0 0 1 0 0 0
394.153 1 3 0 0 1 2 0 0 0 1 7 0 0 0 0 0 0 0 0
410.302 0 2 0 0 2 2 0 0 0 1 8 0 0 0 0 0 0 0 0
410.76 1 2 0 0 1 2 0 0 0 1 8 0 1 0 0 0 0 0 0
416.742 0 1 0 0 2 2 0 0 0 1 9 0 1 0 0 0 0 0 0
418.634 0 1 1 0 2 1 0 0 0 1 9 0 1 0 1 0 0 0 0
425.533 0 2 1 0 2 1 0 0 0 1 8 0 0 0 1 0 0 0 0
427.299 0 1 1 0 1 1 0 1 0 1 9 0 0 0 1 0 0 0 0
428.573 1 1 1 0 0 1 0 1 0 1 9 0 1 0 1 0 0 0 0
436.189 1 2 1 0 0 1 0 1 0 1 8 0 0 0 1 0 0 0 0
448.318 1 2 1 1 0 1 0 1 0 1 7 0 0 0 0 0 0 0 0
465.242 0 1 1 1 1 1 0 1 0 1 8 0 0 0 0 0 0 0 0
477.981 0 1 1 1 0 0 1 1 0 1 9 0 0 0 0 0 0 0 0
482.077 0 1 1 1 1 0 1 0 0 1 9 0 1 0 0 0 0 0 0
482.556 0 0 1 1 1 0 0 0 1 1 10 0 1 0 0 0 0 0 0
489.694 0 0 0 0 1 1 0 0 1 1 11 0 1 0 0 0 0 0 0
512.417 0 0 0 0 1 1 1 0 0 1 11 0 2 0 0 0 0 0 0
512.864 0 1 0 0 1 1 1 0 0 1 10 0 1 0 0 0 0 0 0
520.352 0 2 0 0 1 1 1 0 0 1 9 0 0 0 0 0 0 0 0
520.819 0 2 0 0 0 0 2 0 0 1 10 0 0 0 0 0 0 0 0
520.887 0 1 0 0 0 0 1 0 1 1 11 0 0 0 0 0 0 0 0
532.008 0 1 0 0 0 0 2 0 0 1 11 0 1 0 0 0 0 0 0
545.074 0 2 0 0 0 0 2 0 0 1 10 0 0 0 0 0 0 0 0
561.287 0 1 0 0 0 0 1 0 1 1 11 0 0 0 0 0 0 0 0
568.493 0 1 0 0 0 0 2 0 0 1 11 0 1 0 0 0 0 0 0
575.242 0 0 0 0 0 0 1 0 1 1 12 0 1 0 0 0 0 0 0
576.803 0 0 0 0 0 0 2 0 0 1 12 0 2 0 0 0 0 0 0
583.987 0 1 0 0 0 0 2 0 0 1 11 0 1 0 0 0 0 0 0
605.498 0 2 0 0 0 0 2 0 0 1 10 0 0 0 0 0 0 0 0
641.494 0 1 0 0 0 0 1 0 1 1 11 0 0 0 0 0 0 0 0
658.931 0 1 0 0 0 0 2 0 0 1 11 0 1 0 0 0 0 0 0
678.596 0 2 0 0 0 0 2 0 0 1 10 0 0 0 0 0 0 0 0
742.893 0 1 0 0 0 0 1 0 1 1 11 0 0 0 0 0 0 0 0
746.73 0 1 0 0 0 0 2 0 0 1 11 0 1 0 0 0 0 0 0
781.54 0 2 0 0 0 0 2 0 0 1 10 0 0 0 0 0 0 0 0
795.811 0 1 0 0 0 0 1 0 1 1 11 0 0 0 0 0 0 0 0
808.892 0 1 0 0 0 1 0 0 1 1 11 0 0 0 0 1 0 0 0
818.307 0 1 0 0 1 1 0 0 1 1 10 0 0 0 0 0 0 0 0
824.843 0 1 0 0 1 1 1 0 0 1 10 0 1 0 0 0 0 0 0
839.86 1 1 0 0 0 1 1 0 0 1 10 0 2 0 0 0 0 0 0
840.221 1 2 0 0 0 1 1 0 0 1 9 0 1 0 0 0 0 0 0
849.396 1 3 0 0 0 1 1 0 0 1 8 0 0 0 0 0 0 0 0
850.577 1 3 1 0 0 0 1 0 0 1 8 0 0 0 1 0 0 0 0
874.276 0 2 1 0 1 0 1 0 0 1 9 0 0 0 1 0 0 0 0
889.342 1 2 1 0 0 0 1 0 0 1 9 0 1 0 1 0 0 0 0
899.064 1 2 1 1 0 0 1 0 0 1 8 0 1 0 0 0 0 0 0
924.528 1 3 1 1 0 0 1 0 0 1 7 0 0 0 0 0 0 0 0
949.102 0 2 1 1 1 0 1 0 0 1 8 0 0 0 0 0 0 0 0
953.491 0 2 0 0 1 1 1 0 0 1 9 0 0 0 0 0 0 0 0
956.526 0 2 1 0 1 0 1 0 0 1 9 0 0 0 1 0 0 0 0
957.532 1 2 1 0 0 0 1 0 0 1 9 0 1 0 1 0 0 0 0
958.019 1 3 1 0 0 0 1 0 0 1 8 0 0 0 1 0 0 0 0
963.947 1 2 1 0 0 0 0 0 1 1 9 0 0 0 1 0 0 0 0
973.556 1 2 1 0 0 0 1 0 0 1 9 0 1 0 1 0 0 0 0
982.637 1 2 1 1 0 0 1 0 0 1 8 0 1 0 0 0 0 0 0
989.889 1 1 1 1 0 0 0 0 1 1 9 0 1 0 0 0 0 0 0
997.087 0 0 1 1 1 0 0 0 1 1 10 0 1 0 0 0 0 0 0
1015.46 0 0 1 1 1 0 1 0 0 1 10 0 2 0 0 0 0 0 0
1015.63 0 1 1 1 1 0 1 0 0 1 9 0 1 0 0 0 0 0 0
1021.28 0 0 1 1 0 0 1 1 0 1 10 0 1 0 0 0 0 0 0
1026.97 0 1 1 1 0 0 1 1 0 1 9 0 0 0 0 0 0 0 0
1028.37 0 1 1 1 1 0 1 0 0 1 9 0 1 0 0 0 0 0 0
1035.62 0 0 1 1 0 0 1 1 0 1 10 0 1 0 0 0 0 0 0
1075.49 0 1 1 1 0 0 1 1 0 1 9 0 0 0 0 0 0 0 0
1116.42 0 1 1 1 1 0 1 0 0 1 9 0 1 0 0 0 0 0 0
1136.48 0 0 1 1 0 0 1 1 0 1 10 0 1 0 0 0 0 0 0
1154.72 0 0 1 1 0 1 0 1 0 1 10 0 1 0 0 1 0 0 0
1157.63 0 0 1 1 1 1 0 1 0 1 9 0 1 0 0 0 0 0 0
1164.43 0 0 1 1 0 0 1 1 0 1 10 0 1 0 0 0 0 0 0
1193.78 0 1 1 1 0 0 1 1 0 1 9 0 0 0 0 0 0 0 0
1193.78 0 1 1 1 0 0 1 1 0 1 9 0 0 0 0 0 0 0 0
