0 0 0 0 0 0 0 0 0 0 0 15 3 6 3 3 0 0 0 0
0.525019 0 0 1 0 0 0 0 0 0 0 14 3 6 2 3 0 0 0 0
2.70771 0 1 1 0 0 0 0 0 0 0 13 3 5 2 3 0 0 0 0
4.00173 0 1 2 0 0 0 0 0 0 0 12 3 5 1 3 0 0 0 0
6.00745 0 2 2 0 0 0 0 0 0 0 11 3 4 1 3 0 0 0 0
7.60974 1 2 2 0 0 0 0 0 0 0 10 2 4 1 3 0 0 0 0
9.40156 1 2 2 1 0 0 0 0 0 0 9 2 4 1 2 0 0 0 0
13.7209 2 2 2 1 0 0 0 0 0 0 8 1 4 1 2 0 0 0 0
17.7909 3 2 2 1 0 0 0 0 0 0 7 0 4 1 2 0 0 0 0
18.2692 3 2 3 1 0 0 0 0 0 0 6 0 4 0 2 0 0 0 0
18.3472 2 1 3 1 1 0 0 0 0 0 7 0 4 0 2 0 0 0 0
19.0597 2 1 3 2 1 0 0 0 0 0 6 0 4 0 1 0 0 0 0
21.5533 3 1 3 2 0 0 0 0 0 0 6 0 5 0 1 0 0 0 0
30.7006 2 0 3 2 1 0 0 0 0 0 7 0 5 0 1 0 0 0 0
31.6835 3 0 3 2 0 0 0 0 0 0 7 0 6 0 1 0 0 0 0
35.8948 3 1 3 2 0 0 0 0 0 0 6 0 5 0 1 0 0 0 0
42.0623 3 1 3 3 0 0 0 0 0 0 5 0 5 0 0 0 0 0 0
46.5562 3 1 2 2 0 1 0 0 0 0 6 0 5 0 0 0 0 0 0
51.0364 3 2 2 2 0 1 0 0 0 0 5 0 4 0 0 0 0 0 0
62.6596 3 3 2 2 0 1 0 0 0 0 4 0 3 0 0 0 0 0 0
69.1541 3 3 1 1 0 2 0 0 0 0 5 0 3 0 0 0 0 0 0
69.9067 3 4 1 1 0 2 0 0 0 0 4 0 2 0 0 0 0 0 0
73.9755 2 3 1 1 1 2 0 0 0 0 5 0 2 0 0 0 0 0 0
91.396 2 4 1 1 1 2 0 0 0 0 4 0 1 0 0 0 0 0 0
99.02 2 5 1 1 1 2 0 0 0 0 3 0 0 0 0 0 0 0 0
103.499 1 4 1 1 2 2 0 0 0 0 4 0 0 0 0 0 0 0 0
150.269 1 4 1 1 1 1 1 0 0 0 5 0 0 0 0 0 0 0 0
160.778 1 3 1 1 0 1 1 1 0 0 6 0 0 0 0 0 0 0 0
165.967 1 2 1 1 0 1 0 1 1 0 7 0 0 0 0 0 0 0 0
171.185 1 2 2 1 0 0 0 1 1 0 7 0 0 0 1 0 0 0 0
176.605 1 2 2 2 0 0 0 1 1 0 6 0 0 0 0 0 0 0 0
194.851 1 2 2 2 0 0 1 1 0 0 6 0 1 0 0 0 0 0 0
195.591 1 2 2 2 0 1 0 1 0 0 6 0 1 0 0 1 0 0 0
207.698 1 2 1 1 0 2 0 1 0 0 7 0 1 0 0 1 0 0 0
214.859 1 2 2 1 0 1 0 1 0 0 7 0 1 0 1 1 0 0 0
233.592 1 2 2 2 0 1 0 1 0 0 6 0 1 0 0 1 0 0 0
234.095 1 2 2 2 1 1 0 1 0 0 5 0 1 0 0 0 0 0 0
238.226 1 1 2 2 0 1 0 2 0 0 6 0 1 0 0 0 0 0 0
270.094 1 1 2 2 1 1 0 1 0 0 6 0 2 0 0 0 0 0 0
278.055 1 0 2 2 0 1 0 2 0 0 7 0 2 0 0 0 0 0 0
282.158 1 1 2 2 0 1 0 2 0 0 6 0 1 0 0 0 0 0 0
286.725 1 1 2 2 1 1 0 1 0 0 6 0 2 0 0 0 0 0 0
300.97 1 2 2 2 1 1 0 1 0 0 5 0 1 0 0 0 0 0 0
314.813 1 2 2 2 2 1 0 0 0 0 5 0 2 0 0 0 0 0 0
322.452 1 3 2 2 2 1 0 0 0 0 4 0 1 0 0 0 0 0 0
331.232 2 3 2 2 1 1 0 0 0 0 4 0 2 0 0 0 0 0 0
332.43 2 3 1 1 1 2 0 0 0 0 5 0 2 0 0 0 0 0 0
334.921 2 4 1 1 1 2 0 0 0 0 4 0 1 0 0 0 0 0 0
353.062 2 5 1 1 1 2 0 0 0 0 3 0 0 0 0 0 0 0 0
366.73 2 5 0 0 1 3 0 0 0 0 4 0 0 0 0 0 0 0 0
374.5 1 4 0 0 2 3 0 0 0 0 5 0 0 0 0 0 0 0 0
382.032 1 4 0 0 1 2 1 0 0 0 6 0 0 0 0 0 0 0 0
396.93 2 4 0 0 0 2 1 0 0 0 6 0 1 0 0 0 0 0 0
399.556 1 3 0 0 1 2 1 0 0 0 7 0 1 0 0 0 0 0 0
404.541 0 2 0 0 2 2 1 0 0 0 8 0 1 0 0 0 0 0 0
408.803 0 2 0 0 1 1 2 0 0 0 9 0 1 0 0 0 0 0 0
410.461 0 1 0 0 1 1 1 0 1 0 10 0 1 0 0 0 0 0 0
413.859 0 2 0 0 1 1 1 0 1 0 9 0 0 0 0 0 0 0 0
467.591 0 2 0 0 1 1 2 0 0 0 9 0 1 0 0 0 0 0 0
470.19 0 1 0 0 1 1 1 0 1 0 10 0 1 0 0 0 0 0 0
473.646 0 2 0 0 1 1 1 0 1 0 9 0 0 0 0 0 0 0 0
495.862 1 2 0 0 0 1 1 0 1 0 9 0 1 0 0 0 0 0 0
503.992 1 3 0 0 0 1 1 0 1 0 8 0 0 0 0 0 0 0 0
521.006 1 2 0 0 0 1 0 0 2 0 9 0 0 0 0 0 0 0 0
525.385 1 2 0 0 0 1 1 0 1 0 9 0 1 0 0 0 0 0 0
526.046 1 3 0 0 0 1 1 0 1 0 8 0 0 0 0 0 0 0 0
533.682 0 2 0 0 1 1 1 0 1 0 9 0 0 0 0 0 0 0 0
552.42 0 2 0 0 1 2 0 0 1 0 9 0 0 0 0 1 0 0 0
583.309 0 2 0 0 2 2 0 0 1 0 8 0 0 0 0 0 0 0 0
584.836 1 2 0 0 1 2 0 0 1 0 8 0 1 0 0 0 0 0 0
585.712 2 2 0 0 0 2 0 0 1 0 8 0 2 0 0 0 0 0 0
589.583 2 3 0 0 0 2 0 0 1 0 7 0 1 0 0 0 0 0 0
596.299 1 2 0 0 1 2 0 0 1 0 8 0 1 0 0 0 0 0 0
599.414 1 2 1 0 1 1 0 0 1 0 8 0 1 0 1 0 0 0 0
621.43 1 2 2 0 1 0 0 0 1 0 8 0 1 0 2 0 0 0 0
623.245 1 2 2 1 1 0 0 0 1 0 7 0 1 0 1 0 0 0 0
630.48 1 2 2 2 1 0 0 0 1 0 6 0 1 0 0 0 0 0 0
645.242 1 2 2 2 1 0 1 0 0 0 6 0 2 0 0 0 0 0 0
648.615 1 1 2 2 1 0 0 0 1 0 7 0 2 0 0 0 0 0 0
659.618 2 1 2 2 0 0 0 0 1 0 7 0 3 0 0 0 0 0 0
661.803 2 1 1 1 0 1 0 0 1 0 8 0 3 0 0 0 0 0 0
670.351 2 1 1 1 0 1 1 0 0 0 8 0 4 0 0 0 0 0 0
677.271 2 2 1 1 0 1 1 0 0 0 7 0 3 0 0 0 0 0 0
678.399 2 1 1 1 0 1 0 0 1 0 8 0 3 0 0 0 0 0 0
686.361 2 2 1 1 0 1 0 0 1 0 7 0 2 0 0 0 0 0 0
687.954 1 1 1 1 1 1 0 0 1 0 8 0 2 0 0 0 0 0 0
688.219 1 1 1 1 1 1 1 0 0 0 8 0 3 0 0 0 0 0 0
689.224 1 2 1 1 1 1 1 0 0 0 7 0 2 0 0 0 0 0 0
692.925 2 2 1 1 0 1 1 0 0 0 7 0 3 0 0 0 0 0 0
694.055 2 3 1 1 0 1 1 0 0 0 6 0 2 0 0 0 0 0 0
695.263 2 3 2 1 0 0 1 0 0 0 6 0 2 0 1 0 0 0 0
703.166 1 2 2 1 1 0 1 0 0 0 7 0 2 0 1 0 0 0 0
708.746 2 2 2 1 0 0 1 0 0 0 7 0 3 0 1 0 0 0 0
709.337 2 2 2 2 0 0 1 0 0 0 6 0 3 0 0 0 0 0 0
711.01 1 1 2 2 1 0 1 0 0 0 7 0 3 0 0 0 0 0 0
718.639 1 2 2 2 1 0 1 0 0 0 6 0 2 0 0 0 0 0 0
730.231 2 2 2 2 0 0 1 0 0 0 6 0 3 0 0 0 0 0 0
732.881 2 1 2 2 0 0 0 0 1 0 7 0 3 0 0 0 0 0 0
733.366 2 2 2 2 0 0 0 0 1 0 6 0 2 0 0 0 0 0 0
735.162 1 1 2 2 1 0 0 0 1 0 7 0 2 0 0 0 0 0 0
747.385 1 1 2 2 1 0 1 0 0 0 7 0 3 0 0 0 0 0 0
754.134 1 1 1 1 1 1 1 0 0 0 8 0 3 0 0 0 0 0 0
754.499 1 0 1 1 1 1 0 0 1 0 9 0 3 0 0 0 0 0 0
758.059 1 1 1 1 1 1 0 0 1 0 8 0 2 0 0 0 0 0 0
760.768 1 1 2 1 1 0 0 0 1 0 8 0 2 0 1 0 0 0 0
772.088 1 2 2 1 1 0 0 0 1 0 7 0 1 0 1 0 0 0 0
772.773 1 2 2 1 1 0 1 0 0 0 7 0 2 0 1 0 0 0 0
775.096 1 1 2 1 0 0 1 1 0 0 8 0 2 0 1 0 0 0 0
776.531 1 2 2 1 0 0 1 1 0 0 7 0 1 0 1 0 0 0 0
787.294 1 3 2 1 0 0 1 1 0 0 6 0 0 0 1 0 0 0 0
791.776 1 2 2 1 0 0 0 1 1 0 7 0 0 0 1 0 0 0 0
822.933 1 2 2 2 0 0 0 1 1 0 6 0 0 0 0 0 0 0 0
851.236 1 2 2 2 0 0 1 1 0 0 6 0 1 0 0 0 0 0 0
863.623 0 1 2 2 1 0 1 1 0 0 7 0 1 0 0 0 0 0 0
878.706 0 1 1 1 1 1 1 1 0 0 8 0 1 0 0 0 0 0 0
893.643 1 1 1 1 0 1 1 1 0 0 8 0 2 0 0 0 0 0 0
897.327 1 2 1 1 0 1 1 1 0 0 7 0 1 0 0 0 0 0 0
905.452 1 2 1 1 1 1 1 0 0 0 7 0 2 0 0 0 0 0 0
907.935 1 3 1 1 1 1 1 0 0 0 6 0 1 0 0 0 0 0 0
925.184 1 2 1 1 1 1 0 0 1 0 7 0 1 0 0 0 0 0 0
934.106 1 2 1 1 0 0 1 0 1 0 8 0 1 0 0 0 0 0 0
935.67 1 1 1 1 0 0 0 0 2 0 9 0 1 0 0 0 0 0 0
939.653 1 1 1 1 0 0 1 0 1 0 9 0 2 0 0 0 0 0 0
944.816 1 2 1 1 0 0 1 0 1 0 8 0 1 0 0 0 0 0 0
967.654 1 3 1 1 0 0 1 0 1 0 7 0 0 0 0 0 0 0 0
1022.17 1 3 1 1 0 0 2 0 0 0 7 0 1 0 0 0 0 0 0
1031.99 0 2 1 1 1 0 2 0 0 0 8 0 1 0 0 0 0 0 0
1037.31 0 1 1 1 0 0 2 1 0 0 9 0 1 0 0 0 0 0 0
1040.96 0 2 1 1 0 0 2 1 0 0 8 0 0 0 0 0 0 0 0
1056.75 0 2 1 1 1 0 2 0 0 0 8 0 1 0 0 0 0 0 0
1057.5 0 2 1 1 1 1 1 0 0 0 8 0 1 0 0 1 0 0 0
1065.8 0 3 1 1 1 1 1 0 0 0 7 0 0 0 0 1 0 0 0
1082.57 0 3 1 1 2 1 1 0 0 0 6 0 0 0 0 0 0 0 0
1097.44 1 3 1 1 1 1 1 0 0 0 6 0 1 0 0 0 0 0 0
1099.78 1 3 1 1 0 0 2 0 0 0 7 0 1 0 0 0 0 0 0
1115.17 0 2 1 1 1 0 2 0 0 0 8 0 1 0 0 0 0 0 0
1122.1 0 2 0 0 1 1 2 0 0 0 9 0 1 0 0 0 0 0 0
1133.54 0 1 0 0 1 1 1 0 1 0 10 0 1 0 0 0 0 0 0
1138.37 0 2 0 0 1 1 1 0 1 0 9 0 0 0 0 0 0 0 0
1145.21 0 2 1 0 1 0 1 0 1 0 9 0 0 0 1 0 0 0 0
1150.75 0 2 1 0 1 0 2 0 0 0 9 0 1 0 1 0 0 0 0
1157.88 0 2 1 1 1 0 2 0 0 0 8 0 1 0 0 0 0 0 0
1162.96 0 3 1 1 1 0 2 0 0 0 7 0 0 0 0 0 0 0 0
1176.8 0 2 1 1 1 0 1 0 1 0 8 0 0 0 0 0 0 0 0
1179.89 0 2 1 1 1 0 2 0 0 0 8 0 1 0 0 0 0 0 0
1191.5 0 2 1 1 1 1 1 0 0 0 8 0 1 0 0 1 0 0 0
1199.69 0 3 1 1 1 1 1 0 0 0 7 0 0 0 0 1 0 0 0
1199.69 0 3 1 1 1 1 1 0 0 0 7 0 0 0 0 1 0 0 0
