0 0 0 0 0 0 0 0 0 0 0 15 3 6 3 3 0 0 0 0
1.57763 0 0 1 0 0 0 0 0 0 0 14 3 6 2 3 0 0 0 0
3.72405 0 1 1 0 0 0 0 0 0 0 13 3 5 2 3 0 0 0 0
5.87158 0 2 1 0 0 0 0 0 0 0 12 3 4 2 3 0 0 0 0
6.12959 0 2 1 1 0 0 0 0 0 0 11 3 4 2 2 0 0 0 0
6.95541 0 2 1 2 0 0 0 0 0 0 10 3 4 2 1 0 0 0 0
14.3595 0 3 1 2 0 0 0 0 0 0 9 3 3 2 1 0 0 0 0
15.9854 0 3 1 3 0 0 0 0 0 0 8 3 3 2 0 0 0 0 0
16.1115 1 3 1 3 0 0 0 0 0 0 7 2 3 2 0 0 0 0 0
19.2079 1 4 1 3 0 0 0 0 0 0 6 2 2 2 0 0 0 0 0
23.714 2 4 1 3 0 0 0 0 0 0 5 1 2 2 0 0 0 0 0
36.2271 2 5 1 3 0 0 0 0 0 0 4 1 1 2 0 0 0 0 0
45.6037 1 4 1 3 1 0 0 0 0 0 5 1 1 2 0 0 0 0 0
54.959 1 4 2 3 1 0 0 0 0 0 4 1 1 1 0 0 0 0 0
57.26 1 4 3 3 1 0 0 0 0 0 3 1 1 0 0 0 0 0 0
58.1528 1 4 2 2 1 1 0 0 0 0 4 1 1 0 0 0 0 0 0
58.594 0 3 2 2 2 1 0 0 0 0 5 1 1 0 0 0 0 0 0
58.9051 0 3 1 1 2 2 0 0 0 0 6 1 1 0 0 0 0 0 0
64.8278 0 3 1 1 1 1 1 0 0 0 7 1 1 0 0 0 0 0 0
68.37 0 2 1 1 1 1 0 0 1 0 8 1 1 0 0 0 0 0 0
82.6038 1 2 1 1 0 1 0 0 1 0 8 1 2 0 0 0 0 0 0
105.634 1 2 2 1 0 0 0 0 1 0 8 1 2 0 1 0 0 0 0
106.56 1 3 2 1 0 0 0 0 1 0 7 1 1 0 1 0 0 0 0
122.353 1 4 2 1 0 0 0 0 1 0 6 1 0 0 1 0 0 0 0
124.867 1 4 2 1 0 0 1 0 0 0 6 1 1 0 1 0 0 0 0
132.524 0 3 2 1 1 0 1 0 0 0 7 1 1 0 1 0 0 0 0
133.529 1 3 2 1 0 0 1 0 0 0 7 1 2 0 1 0 0 0 0
135.284 0 2 2 1 1 0 1 0 0 0 8 1 2 0 1 0 0 0 0
136.72 0 2 2 2 1 0 1 0 0 0 7 1 2 0 0 0 0 0 0
137.842 1 2 2 2 0 0 1 0 0 0 7 1 3 0 0 0 0 0 0
139.033 1 3 2 2 0 0 1 0 0 0 6 1 2 0 0 0 0 0 0
141.779 1 4 2 2 0 0 1 0 0 0 5 1 1 0 0 0 0 0 0
143.783 1 3 2 2 0 0 0 0 1 0 6 1 1 0 0 0 0 0 0
145.139 0 2 2 2 1 0 0 0 1 0 7 1 1 0 0 0 0 0 0
146.974 0 2 2 2 1 0 1 0 0 0 7 1 2 0 0 0 0 0 0
153.954 0 3 2 2 1 0 1 0 0 0 6 1 1 0 0 0 0 0 0
156.806 0 2 2 2 1 0 0 0 1 0 7 1 1 0 0 0 0 0 0
195.301 0 2 2 2 1 0 1 0 0 0 7 1 2 0 0 0 0 0 0
195.959 0 2 1 1 1 1 1 0 0 0 8 1 2 0 0 0 0 0 0
203.113 0 3 1 1 1 1 1 0 0 0 7 1 1 0 0 0 0 0 0
206.511 1 3 1 1 1 1 1 0 0 0 6 0 1 0 0 0 0 0 0
208.891 1 2 1 1 0 1 1 1 0 0 7 0 1 0 0 0 0 0 0
209.106 1 2 1 1 0 0 1 0 0 1 8 0 1 0 0 0 0 0 0
218.156 1 3 1 1 0 0 1 0 0 1 7 0 0 0 0 0 0 0 0
236.981 0 2 1 1 1 0 1 0 0 1 8 0 0 0 0 0 0 0 0
270.439 0 1 1 1 1 0 0 0 1 1 9 0 0 0 0 0 0 0 0
331.917 0 1 1 1 1 0 1 0 0 1 9 0 1 0 0 0 0 0 0
333.289 0 2 1 1 1 0 1 0 0 1 8 0 0 0 0 0 0 0 0
349.335 1 2 1 1 0 0 1 0 0 1 8 0 1 0 0 0 0 0 0
350.914 0 1 1 1 1 0 1 0 0 1 9 0 1 0 0 0 0 0 0
373.936 0 0 1 1 0 0 1 1 0 1 10 0 1 0 0 0 0 0 0
443.774 0 1 1 1 0 0 1 1 0 1 9 0 0 0 0 0 0 0 0
467.531 0 1 0 0 0 1 1 1 0 1 10 0 0 0 0 0 0 0 0
501.349 0 1 0 0 0 0 1 0 0 2 11 0 0 0 0 0 0 0 0
709.149 0 0 0 0 0 0 0 0 1 2 12 0 0 0 0 0 0 0 0
821.54 0 0 0 0 0 0 1 0 0 2 12 0 1 0 0 0 0 0 0
853.419 0 1 0 0 0 0 1 0 0 2 11 0 0 0 0 0 0 0 0
1019.63 0 0 0 0 0 0 0 0 1 2 12 0 0 0 0 0 0 0 0
1067.88 0 0 0 0 0 0 1 0 0 2 12 0 1 0 0 0 0 0 0
1070.35 0 1 0 0 0 0 1 0 0 2 11 0 0 0 0 0 0 0 0
1071.71 0 0 0 0 0 0 0 0 1 2 12 0 0 0 0 0 0 0 0
1082.07 0 0 0 0 0 0 1 0 0 2 12 0 1 0 0 0 0 0 0
1085.68 0 1 0 0 0 0 1 0 0 2 11 0 0 0 0 0 0 0 0
1107.28 0 0 0 0 0 0 0 0 1 2 12 0 0 0 0 0 0 0 0
1141.18 0 0 0 0 0 0 1 0 0 2 12 0 1 0 0 0 0 0 0
1158.99 0 1 0 0 0 0 1 0 0 2 11 0 0 0 0 0 0 0 0
1172.24 0 0 0 0 0 0 0 0 1 2 12 0 0 0 0 0 0 0 0
1172.24 0 0 0 0 0 0 0 0 1 2 12 0 0 0 0 0 0 0 0
