0 0 0 0 0 0 0 0 0 0 0 15 3 6 3 3 0 0 0 0
0.144447 0 1 0 0 0 0 0 0 0 0 14 3 5 3 3 0 0 0 0
0.917202 0 1 1 0 0 0 0 0 0 0 13 3 5 2 3 0 0 0 0
0.956163 0 1 1 1 0 0 0 0 0 0 12 3 5 2 2 0 0 0 0
2.40229 1 1 1 1 0 0 0 0 0 0 11 2 5 2 2 0 0 0 0
6.1462 2 1 1 1 0 0 0 0 0 0 10 1 5 2 2 0 0 0 0
6.4205 2 2 1 1 0 0 0 0 0 0 9 1 4 2 2 0 0 0 0
8.50377 1 1 1 1 1 0 0 0 0 0 10 1 4 2 2 0 0 0 0
10.1852 1 2 1 1 1 0 0 0 0 0 9 1 3 2 2 0 0 0 0
10.3448 1 2 1 2 1 0 0 0 0 0 8 1 3 2 1 0 0 0 0
11.585 1 2 2 2 1 0 0 0 0 0 7 1 3 1 1 0 0 0 0
12.0811 1 2 1 1 1 1 0 0 0 0 8 1 3 1 1 0 0 0 0
13.0501 0 1 1 1 2 1 0 0 0 0 9 1 3 1 1 0 0 0 0
25.9102 1 1 1 1 2 1 0 0 0 0 8 0 3 1 1 0 0 0 0
31.3409 1 1 2 1 2 1 0 0 0 0 7 0 3 0 1 0 0 0 0
36.5305 1 1 2 2 2 1 0 0 0 0 6 0 3 0 0 0 0 0 0
36.8777 1 1 1 1 2 2 0 0 0 0 7 0 3 0 0 0 0 0 0
41.7942 2 1 1 1 1 2 0 0 0 0 7 0 4 0 0 0 0 0 0
43.0543 2 1 2 1 1 1 0 0 0 0 7 0 4 0 1 0 0 0 0
48.1149 2 0 2 1 0 1 0 1 0 0 8 0 4 0 1 0 0 0 0
52.7675 2 1 2 1 0 1 0 1 0 0 7 0 3 0 1 0 0 0 0
58.6634 2 1 3 1 0 0 0 1 0 0 7 0 3 0 2 0 0 0 0
60.6833 2 1 3 2 0 0 0 1 0 0 6 0 3 0 1 0 0 0 0
67.9096 2 1 2 1 0 1 0 1 0 0 7 0 3 0 1 0 0 0 0
79.2365 2 1 3 1 0 0 0 1 0 0 7 0 3 0 2 0 0 0 0
89.8848 2 1 3 2 0 0 0 1 0 0 6 0 3 0 1 0 0 0 0
113.07 2 1 3 3 0 0 0 1 0 0 5 0 3 0 0 0 0 0 0
113.342 2 2 3 3 0 0 0 1 0 0 4 0 2 0 0 0 0 0 0
135.969 2 3 3 3 0 0 0 1 0 0 3 0 1 0 0 0 0 0 0
154.043 1 2 3 3 1 0 0 1 0 0 4 0 1 0 0 0 0 0 0
155.634 1 2 2 2 1 1 0 1 0 0 5 0 1 0 0 0 0 0 0
166.289 1 2 3 2 1 0 0 1 0 0 5 0 1 0 1 0 0 0 0
169.772 2 2 3 2 0 0 0 1 0 0 5 0 2 0 1 0 0 0 0
180.935 2 2 2 1 0 1 0 1 0 0 6 0 2 0 1 0 0 0 0
181.15 2 3 2 1 0 1 0 1 0 0 5 0 1 0 1 0 0 0 0
185.703 1 2 2 1 1 1 0 1 0 0 6 0 1 0 1 0 0 0 0
185.917 1 2 2 2 1 1 0 1 0 0 5 0 1 0 0 0 0 0 0
190.029 2 2 2 2 0 1 0 1 0 0 5 0 2 0 0 0 0 0 0
192.732 2 3 2 2 0 1 0 1 0 0 4 0 1 0 0 0 0 0 0
194.788 2 3 2 2 1 1 0 0 0 0 4 0 2 0 0 0 0 0 0
208.857 2 4 2 2 1 1 0 0 0 0 3 0 1 0 0 0 0 0 0
211.408 1 3 2 2 2 1 0 0 0 0 4 0 1 0 0 0 0 0 0
211.992 2 3 2 2 1 1 0 0 0 0 4 0 2 0 0 0 0 0 0
212.622 2 4 2 2 1 1 0 0 0 0 3 0 1 0 0 0 0 0 0
215.823 2 5 2 2 1 1 0 0 0 0 2 0 0 0 0 0 0 0 0
224.491 1 4 2 2 2 1 0 0 0 0 3 0 0 0 0 0 0 0 0
229.768 1 3 2 2 1 1 0 1 0 0 4 0 0 0 0 0 0 0 0
246.069 0 2 2 2 2 1 0 1 0 0 5 0 0 0 0 0 0 0 0
262.832 0 2 2 2 1 0 1 1 0 0 6 0 0 0 0 0 0 0 0
273.101 0 2 1 1 1 1 1 1 0 0 7 0 0 0 0 0 0 0 0
274.988 0 2 1 1 2 1 1 0 0 0 7 0 1 0 0 0 0 0 0
281.165 0 3 1 1 2 1 1 0 0 0 6 0 0 0 0 0 0 0 0
282.166 0 3 0 0 2 2 1 0 0 0 7 0 0 0 0 0 0 0 0
287.613 0 2 0 0 1 2 1 1 0 0 8 0 0 0 0 0 0 0 0
288.835 0 1 0 0 1 2 0 1 1 0 9 0 0 0 0 0 0 0 0
296.308 0 1 0 0 2 2 0 0 1 0 9 0 1 0 0 0 0 0 0
307.667 0 1 0 0 1 1 1 0 1 0 10 0 1 0 0 0 0 0 0
325.174 0 0 0 0 1 1 0 0 2 0 11 0 1 0 0 0 0 0 0
327.395 0 0 0 0 0 0 1 0 2 0 12 0 1 0 0 0 0 0 0
367.338 0 0 0 0 0 0 2 0 1 0 12 0 2 0 0 0 0 0 0
403.825 0 0 0 0 0 0 3 0 0 0 12 0 3 0 0 0 0 0 0
405.771 0 1 0 0 0 0 3 0 0 0 11 0 2 0 0 0 0 0 0
408.233 0 2 0 0 0 0 3 0 0 0 10 0 1 0 0 0 0 0 0
416.668 0 3 0 0 0 0 3 0 0 0 9 0 0 0 0 0 0 0 0
438.142 0 2 0 0 0 0 2 0 1 0 10 0 0 0 0 0 0 0 0
439.368 0 1 0 0 0 0 1 0 2 0 11 0 0 0 0 0 0 0 0
442.257 0 1 0 0 0 0 2 0 1 0 11 0 1 0 0 0 0 0 0
443.824 0 2 0 0 0 0 2 0 1 0 10 0 0 0 0 0 0 0 0
459.175 0 1 0 0 0 0 1 0 2 0 11 0 0 0 0 0 0 0 0
476.396 0 1 0 0 0 0 2 0 1 0 11 0 1 0 0 0 0 0 0
482.259 0 2 0 0 0 0 2 0 1 0 10 0 0 0 0 0 0 0 0
504.784 0 2 0 0 0 0 3 0 0 0 10 0 1 0 0 0 0 0 0
507.124 0 1 0 0 0 0 2 0 1 0 11 0 1 0 0 0 0 0 0
509.867 0 1 0 0 0 0 3 0 0 0 11 0 2 0 0 0 0 0 0
518.573 0 2 0 0 0 0 3 0 0 0 10 0 1 0 0 0 0 0 0
520.433 0 1 0 0 0 0 2 0 1 0 11 0 1 0 0 0 0 0 0
586.481 0 2 0 0 0 0 2 0 1 0 10 0 0 0 0 0 0 0 0
590.714 0 2 0 0 0 0 3 0 0 0 10 0 1 0 0 0 0 0 0
599.69 0 1 0 0 0 0 2 0 1 0 11 0 1 0 0 0 0 0 0
605.196 0 2 0 0 0 0 2 0 1 0 10 0 0 0 0 0 0 0 0
667.014 0 2 0 0 0 1 1 0 1 0 10 0 0 0 0 1 0 0 0
671.419 0 2 0 0 1 1 1 0 1 0 9 0 0 0 0 0 0 0 0
673.461 1 2 0 0 0 1 1 0 1 0 9 0 1 0 0 0 0 0 0
679.751 1 1 0 0 0 1 0 0 2 0 10 0 1 0 0 0 0 0 0
681.645 1 2 0 0 0 1 0 0 2 0 9 0 0 0 0 0 0 0 0
692.506 1 2 0 0 0 1 1 0 1 0 9 0 1 0 0 0 0 0 0
699.534 1 2 0 0 0 1 2 0 0 0 9 0 2 0 0 0 0 0 0
724.992 1 1 0 0 0 1 1 0 1 0 10 0 2 0 0 0 0 0 0
725.691 1 2 0 0 0 1 1 0 1 0 9 0 1 0 0 0 0 0 0
728.15 1 1 0 0 0 1 0 0 2 0 10 0 1 0 0 0 0 0 0
733.039 1 1 0 0 0 1 1 0 1 0 10 0 2 0 0 0 0 0 0
737.063 1 2 0 0 0 1 1 0 1 0 9 0 1 0 0 0 0 0 0
754.433 1 2 1 0 0 0 1 0 1 0 9 0 1 0 1 0 0 0 0
763.406 1 3 1 0 0 0 1 0 1 0 8 0 0 0 1 0 0 0 0
769.828 1 3 1 1 0 0 1 0 1 0 7 0 0 0 0 0 0 0 0
791.247 1 2 1 1 0 0 0 0 2 0 8 0 0 0 0 0 0 0 0
804.126 1 2 1 1 0 0 1 0 1 0 8 0 1 0 0 0 0 0 0
815.178 1 2 0 0 0 1 1 0 1 0 9 0 1 0 0 0 0 0 0
826.659 1 3 0 0 0 1 1 0 1 0 8 0 0 0 0 0 0 0 0
840.231 0 2 0 0 1 1 1 0 1 0 9 0 0 0 0 0 0 0 0
846.411 0 2 0 0 1 1 2 0 0 0 9 0 1 0 0 0 0 0 0
853.962 0 3 0 0 1 1 2 0 0 0 8 0 0 0 0 0 0 0 0
866.437 0 2 0 0 1 1 1 0 1 0 9 0 0 0 0 0 0 0 0
880.955 0 1 0 0 1 1 0 0 2 0 10 0 0 0 0 0 0 0 0
895.718 0 1 0 0 1 1 1 0 1 0 10 0 1 0 0 0 0 0 0
902.851 0 2 0 0 1 1 1 0 1 0 9 0 0 0 0 0 0 0 0
908.294 0 2 0 0 1 1 2 0 0 0 9 0 1 0 0 0 0 0 0
918.224 0 3 0 0 1 1 2 0 0 0 8 0 0 0 0 0 0 0 0
931.405 0 2 0 0 0 1 2 1 0 0 9 0 0 0 0 0 0 0 0
952.259 0 2 0 0 0 2 1 1 0 0 9 0 0 0 0 1 0 0 0
961.513 0 2 1 0 0 1 1 1 0 0 9 0 0 0 1 1 0 0 0
974.09 0 2 1 0 1 1 1 1 0 0 8 0 0 0 1 0 0 0 0
987.252 1 2 1 0 0 1 1 1 0 0 8 0 1 0 1 0 0 0 0
988.367 1 3 1 0 0 1 1 1 0 0 7 0 0 0 1 0 0 0 0
999.764 0 2 1 0 1 1 1 1 0 0 8 0 0 0 1 0 0 0 0
1004.89 0 2 1 1 1 1 1 1 0 0 7 0 0 0 0 0 0 0 0
1006.7 0 2 1 1 2 1 1 0 0 0 7 0 1 0 0 0 0 0 0
1007.82 0 2 1 1 1 0 2 0 0 0 8 0 1 0 0 0 0 0 0
1016.76 0 1 1 1 1 0 1 0 1 0 9 0 1 0 0 0 0 0 0
1027.14 0 1 1 1 1 0 2 0 0 0 9 0 2 0 0 0 0 0 0
1044.86 0 2 1 1 1 0 2 0 0 0 8 0 1 0 0 0 0 0 0
1054.8 0 2 1 1 1 1 1 0 0 0 8 0 1 0 0 1 0 0 0
1057.75 0 3 1 1 1 1 1 0 0 0 7 0 0 0 0 1 0 0 0
1065.45 0 3 1 1 2 1 1 0 0 0 6 0 0 0 0 0 0 0 0
1077.88 1 3 1 1 1 1 1 0 0 0 6 0 1 0 0 0 0 0 0
1081.23 2 3 1 1 0 1 1 0 0 0 6 0 2 0 0 0 0 0 0
1096.96 2 4 1 1 0 1 1 0 0 0 5 0 1 0 0 0 0 0 0
1105.56 1 3 1 1 1 1 1 0 0 0 6 0 1 0 0 0 0 0 0
1112.94 1 3 0 0 1 2 1 0 0 0 7 0 1 0 0 0 0 0 0
1114.31 1 3 1 0 1 1 1 0 0 0 7 0 1 0 1 0 0 0 0
1120.54 1 2 1 0 0 1 1 1 0 0 8 0 1 0 1 0 0 0 0
1125.42 1 1 1 0 0 1 0 1 1 0 9 0 1 0 1 0 0 0 0
1133.47 1 1 1 0 1 1 0 0 1 0 9 0 2 0 1 0 0 0 0
1138.9 1 2 1 0 1 1 0 0 1 0 8 0 1 0 1 0 0 0 0
1143.31 1 3 1 0 1 1 0 0 1 0 7 0 0 0 1 0 0 0 0
1152.84 1 3 1 0 1 1 1 0 0 0 7 0 1 0 1 0 0 0 0
1159.48 1 3 1 0 1 2 0 0 0 0 7 0 1 0 1 1 0 0 0
1166.91 1 3 1 0 2 2 0 0 0 0 6 0 1 0 1 0 0 0 0
1174.49 1 3 2 0 2 1 0 0 0 0 6 0 1 0 2 0 0 0 0
1174.97 2 3 2 0 1 1 0 0 0 0 6 0 2 0 2 0 0 0 0
1180.1 2 4 2 0 1 1 0 0 0 0 5 0 1 0 2 0 0 0 0
1199.26 2 3 2 0 0 1 0 1 0 0 6 0 1 0 2 0 0 0 0
1199.26 2 3 2 0 0 1 0 1 0 0 6 0 1 0 2 0 0 0 0
