0 0 0 0 0 0 0 0 0 0 0 15 3 6 3 3 0 0 0 0
0.316935 0 1 0 0 0 0 0 0 0 0 14 3 5 3 3 0 0 0 0
0.483516 0 1 0 1 0 0 0 0 0 0 13 3 5 3 2 0 0 0 0
1.63376 0 1 1 1 0 0 0 0 0 0 12 3 5 2 2 0 0 0 0
1.93798 0 1 1 2 0 0 0 0 0 0 11 3 5 2 1 0 0 0 0
3.37921 0 1 2 2 0 0 0 0 0 0 10 3 5 1 1 0 0 0 0
4.37195 1 1 2 2 0 0 0 0 0 0 9 2 5 1 1 0 0 0 0
7.42375 1 2 2 2 0 0 0 0 0 0 8 2 4 1 1 0 0 0 0
10.4105 1 2 2 3 0 0 0 0 0 0 7 2 4 1 0 0 0 0 0
14.6402 1 3 2 3 0 0 0 0 0 0 6 2 3 1 0 0 0 0 0
18.0242 0 2 2 3 1 0 0 0 0 0 7 2 3 1 0 0 0 0 0
18.6222 0 3 2 3 1 0 0 0 0 0 6 2 2 1 0 0 0 0 0
24.0423 1 3 2 3 1 0 0 0 0 0 5 1 2 1 0 0 0 0 0
24.5178 1 4 2 3 1 0 0 0 0 0 4 1 1 1 0 0 0 0 0
45.2287 1 4 1 2 1 1 0 0 0 0 5 1 1 1 0 0 0 0 0
48.0164 1 4 0 1 1 2 0 0 0 0 6 1 1 1 0 0 0 0 0
56.0708 1 3 0 1 0 2 0 1 0 0 7 1 1 1 0 0 0 0 0
62.2317 0 2 0 1 1 2 0 1 0 0 8 1 1 1 0 0 0 0 0
69.911 0 3 0 1 1 2 0 1 0 0 7 1 0 1 0 0 0 0 0
71.3689 0 3 0 1 0 1 1 1 0 0 8 1 0 1 0 0 0 0 0
74.8641 0 3 1 1 0 0 1 1 0 0 8 1 0 1 1 0 0 0 0
75.7411 0 3 1 1 1 0 1 0 0 0 8 1 1 1 1 0 0 0 0
80.4337 0 2 1 1 0 0 1 1 0 0 9 1 1 1 1 0 0 0 0
81.2151 0 2 2 1 0 0 1 1 0 0 8 1 1 0 1 0 0 0 0
95.5206 0 1 2 1 0 0 0 1 1 0 9 1 1 0 1 0 0 0 0
98.5871 0 2 2 1 0 0 0 1 1 0 8 1 0 0 1 0 0 0 0
109.949 0 2 2 1 1 0 0 0 1 0 8 1 1 0 1 0 0 0 0
120.161 1 2 2 1 1 0 0 0 1 0 7 0 1 0 1 0 0 0 0
121.235 0 1 2 1 2 0 0 0 1 0 8 0 1 0 1 0 0 0 0
128.688 0 1 2 2 2 0 0 0 1 0 7 0 1 0 0 0 0 0 0
137.492 0 2 2 2 2 0 0 0 1 0 6 0 0 0 0 0 0 0 0
161.007 1 2 2 2 1 0 0 0 1 0 6 0 1 0 0 0 0 0 0
170.788 2 2 2 2 0 0 0 0 1 0 6 0 2 0 0 0 0 0 0
174.188 2 2 2 2 0 0 1 0 0 0 6 0 3 0 0 0 0 0 0
182.934 2 1 2 2 0 0 0 0 1 0 7 0 3 0 0 0 0 0 0
186.429 2 2 2 2 0 0 0 0 1 0 6 0 2 0 0 0 0 0 0
189.222 2 2 2 2 0 0 1 0 0 0 6 0 3 0 0 0 0 0 0
199.615 1 1 2 2 1 0 1 0 0 0 7 0 3 0 0 0 0 0 0
202.574 1 1 1 1 1 1 1 0 0 0 8 0 3 0 0 0 0 0 0
203.944 1 2 1 1 1 1 1 0 0 0 7 0 2 0 0 0 0 0 0
213.786 1 1 1 1 0 1 1 1 0 0 8 0 2 0 0 0 0 0 0
223.108 1 2 1 1 0 1 1 1 0 0 7 0 1 0 0 0 0 0 0
225.233 1 2 2 1 0 0 1 1 0 0 7 0 1 0 1 0 0 0 0
258.227 1 3 2 1 0 0 1 1 0 0 6 0 0 0 1 0 0 0 0
264.433 1 3 1 0 0 1 1 1 0 0 7 0 0 0 1 0 0 0 0
270.435 1 3 1 1 0 1 1 1 0 0 6 0 0 0 0 0 0 0 0
289.605 1 2 1 1 0 1 0 1 1 0 7 0 0 0 0 0 0 0 0
303.093 1 2 1 1 0 1 1 1 0 0 7 0 1 0 0 0 0 0 0
339.016 1 3 1 1 0 1 1 1 0 0 6 0 0 0 0 0 0 0 0
339.22 1 3 0 0 0 2 1 1 0 0 7 0 0 0 0 0 0 0 0
350.703 1 3 0 0 0 1 1 0 0 1 8 0 0 0 0 0 0 0 0
379.653 0 2 0 0 1 1 1 0 0 1 9 0 0 0 0 0 0 0 0
380.116 0 1 0 0 0 1 1 1 0 1 10 0 0 0 0 0 0 0 0
452.791 0 1 1 0 0 0 1 1 0 1 10 0 0 0 1 0 0 0 0
464.987 0 1 1 1 0 0 1 1 0 1 9 0 0 0 0 0 0 0 0
505.756 0 1 1 1 1 0 1 0 0 1 9 0 1 0 0 0 0 0 0
522.874 0 2 1 1 1 0 1 0 0 1 8 0 0 0 0 0 0 0 0
555.155 0 2 0 0 1 1 1 0 0 1 9 0 0 0 0 0 0 0 0
587.424 0 1 0 0 1 1 0 0 1 1 10 0 0 0 0 0 0 0 0
591.922 0 1 0 0 1 1 1 0 0 1 10 0 1 0 0 0 0 0 0
599.579 1 1 0 0 0 1 1 0 0 1 10 0 2 0 0 0 0 0 0
605.773 1 2 0 0 0 1 1 0 0 1 9 0 1 0 0 0 0 0 0
607.803 1 3 0 0 0 1 1 0 0 1 8 0 0 0 0 0 0 0 0
638.167 1 3 1 0 0 0 1 0 0 1 8 0 0 0 1 0 0 0 0
641.007 0 2 1 0 1 0 1 0 0 1 9 0 0 0 1 0 0 0 0
660.846 0 1 1 0 1 0 0 0 1 1 10 0 0 0 1 0 0 0 0
664.247 0 1 1 0 1 0 1 0 0 1 10 0 1 0 1 0 0 0 0
677.627 0 1 1 1 1 0 1 0 0 1 9 0 1 0 0 0 0 0 0
680.813 1 1 1 1 0 0 1 0 0 1 9 0 2 0 0 0 0 0 0
693.621 1 1 1 1 0 1 0 0 0 1 9 0 2 0 0 1 0 0 0
708.106 1 2 1 1 0 1 0 0 0 1 8 0 1 0 0 1 0 0 0
709.036 1 3 1 1 0 1 0 0 0 1 7 0 0 0 0 1 0 0 0
730.951 0 2 1 1 1 1 0 0 0 1 8 0 0 0 0 1 0 0 0
740.498 1 2 1 1 0 1 0 0 0 1 8 0 1 0 0 1 0 0 0
754.554 1 2 0 0 0 2 0 0 0 1 9 0 1 0 0 1 0 0 0
791.885 1 2 0 0 1 2 0 0 0 1 8 0 1 0 0 0 0 0 0
799.994 2 2 0 0 0 2 0 0 0 1 8 0 2 0 0 0 0 0 0
807.36 1 1 0 0 1 2 0 0 0 1 9 0 2 0 0 0 0 0 0
814.853 1 2 0 0 1 2 0 0 0 1 8 0 1 0 0 0 0 0 0
832.691 1 2 0 0 0 1 1 0 0 1 9 0 1 0 0 0 0 0 0
835.739 1 1 0 0 0 1 0 0 1 1 10 0 1 0 0 0 0 0 0
849.083 1 1 0 0 0 1 1 0 0 1 10 0 2 0 0 0 0 0 0
852.506 1 2 0 0 0 1 1 0 0 1 9 0 1 0 0 0 0 0 0
874.845 1 2 1 0 0 0 1 0 0 1 9 0 1 0 1 0 0 0 0
877.428 1 3 1 0 0 0 1 0 0 1 8 0 0 0 1 0 0 0 0
882.288 1 3 1 1 0 0 1 0 0 1 7 0 0 0 0 0 0 0 0
967.425 1 2 1 1 0 0 0 0 1 1 8 0 0 0 0 0 0 0 0
992.47 0 1 1 1 1 0 0 0 1 1 9 0 0 0 0 0 0 0 0
999.083 0 1 1 1 1 0 1 0 0 1 9 0 1 0 0 0 0 0 0
1005.52 0 2 1 1 1 0 1 0 0 1 8 0 0 0 0 0 0 0 0
1008.82 0 1 1 1 0 0 1 1 0 1 9 0 0 0 0 0 0 0 0
1025.73 0 1 0 0 0 1 1 1 0 1 10 0 0 0 0 0 0 0 0
1086.37 0 0 0 0 0 1 0 1 1 1 11 0 0 0 0 0 0 0 0
1098.7 0 0 0 0 0 1 1 1 0 1 11 0 1 0 0 0 0 0 0
1103.99 0 1 0 0 0 1 1 1 0 1 10 0 0 0 0 0 0 0 0
1118.32 0 1 1 0 0 0 1 1 0 1 10 0 0 0 1 0 0 0 0
1119.33 0 1 1 1 0 0 1 1 0 1 9 0 0 0 0 0 0 0 0
1121.58 0 1 1 1 0 1 0 1 0 1 9 0 0 0 0 1 0 0 0
1135.28 0 1 1 1 0 0 0 0 0 2 10 0 0 0 0 1 0 0 0
1190.27 0 1 0 0 0 1 0 0 0 2 11 0 0 0 0 1 0 0 0
1190.27 0 1 0 0 0 1 0 0 0 2 11 0 0 0 0 1 0 0 0
