0 0 0 0 0 0 0 0 0 0 0 15 3 6 3 3 0 0 0 0
0.621302 0 1 0 0 0 0 0 0 0 0 14 3 5 3 3 0 0 0 0
2.1504 0 1 1 0 0 0 0 0 0 0 13 3 5 2 3 0 0 0 0
2.67604 0 1 1 1 0 0 0 0 0 0 12 3 5 2 2 0 0 0 0
2.88515 0 1 2 1 0 0 0 0 0 0 11 3 5 1 2 0 0 0 0
4.58528 1 1 2 1 0 0 0 0 0 0 10 2 5 1 2 0 0 0 0
5.47177 1 2 2 1 0 0 0 0 0 0 9 2 4 1 2 0 0 0 0
8.4209 1 2 2 2 0 0 0 0 0 0 8 2 4 1 1 0 0 0 0
11.0601 1 3 2 2 0 0 0 0 0 0 7 2 3 1 1 0 0 0 0
11.4217 1 3 3 2 0 0 0 0 0 0 6 2 3 0 1 0 0 0 0
13.6066 1 4 3 2 0 0 0 0 0 0 5 2 2 0 1 0 0 0 0
16.891 2 4 3 2 0 0 0 0 0 0 4 1 2 0 1 0 0 0 0
18.7093 1 3 3 2 1 0 0 0 0 0 5 1 2 0 1 0 0 0 0
20.3751 1 3 2 1 1 1 0 0 0 0 6 1 2 0 1 0 0 0 0
34.1217 1 3 2 2 1 1 0 0 0 0 5 1 2 0 0 0 0 0 0
60.9898 1 3 2 2 0 0 1 0 0 0 6 1 2 0 0 0 0 0 0
75.9139 2 3 2 2 0 0 1 0 0 0 5 0 2 0 0 0 0 0 0
76.6201 2 3 1 1 0 1 1 0 0 0 6 0 2 0 0 0 0 0 0
85.3022 2 3 2 1 0 0 1 0 0 0 6 0 2 0 1 0 0 0 0
92.3117 1 2 2 1 1 0 1 0 0 0 7 0 2 0 1 0 0 0 0
97.98 1 3 2 1 1 0 1 0 0 0 6 0 1 0 1 0 0 0 0
103.872 0 2 2 1 2 0 1 0 0 0 7 0 1 0 1 0 0 0 0
113.692 0 3 2 1 2 0 1 0 0 0 6 0 0 0 1 0 0 0 0
114.522 1 3 2 1 1 0 1 0 0 0 6 0 1 0 1 0 0 0 0
127.987 1 4 2 1 1 0 1 0 0 0 5 0 0 0 1 0 0 0 0
133.403 2 4 2 1 0 0 1 0 0 0 5 0 1 0 1 0 0 0 0
136.288 1 3 2 1 1 0 1 0 0 0 6 0 1 0 1 0 0 0 0
143.851 1 2 2 1 1 0 0 0 1 0 7 0 1 0 1 0 0 0 0
153.83 0 1 2 1 2 0 0 0 1 0 8 0 1 0 1 0 0 0 0
156.28 1 1 2 1 1 0 0 0 1 0 8 0 2 0 1 0 0 0 0
156.345 1 2 2 1 1 0 0 0 1 0 7 0 1 0 1 0 0 0 0
159.758 0 1 2 1 2 0 0 0 1 0 8 0 1 0 1 0 0 0 0
168.616 0 1 2 1 2 0 1 0 0 0 8 0 2 0 1 0 0 0 0
172.997 0 2 2 1 2 0 1 0 0 0 7 0 1 0 1 0 0 0 0
189.514 0 3 2 1 2 0 1 0 0 0 6 0 0 0 1 0 0 0 0
191.951 0 2 2 1 1 0 1 1 0 0 7 0 0 0 1 0 0 0 0
198.881 0 2 1 0 1 1 1 1 0 0 8 0 0 0 1 0 0 0 0
204.861 0 2 1 0 2 1 1 0 0 0 8 0 1 0 1 0 0 0 0
205.848 1 2 1 0 1 1 1 0 0 0 8 0 2 0 1 0 0 0 0
211.746 1 2 1 1 1 1 1 0 0 0 7 0 2 0 0 0 0 0 0
223.199 1 3 1 1 1 1 1 0 0 0 6 0 1 0 0 0 0 0 0
225.734 1 4 1 1 1 1 1 0 0 0 5 0 0 0 0 0 0 0 0
227.402 0 3 1 1 2 1 1 0 0 0 6 0 0 0 0 0 0 0 0
239.376 0 3 0 0 2 2 1 0 0 0 7 0 0 0 0 0 0 0 0
257.756 0 3 1 0 2 1 1 0 0 0 7 0 0 0 1 0 0 0 0
265.551 0 3 1 0 1 0 2 0 0 0 8 0 0 0 1 0 0 0 0
270.432 0 3 1 1 1 0 2 0 0 0 7 0 0 0 0 0 0 0 0
290.583 1 3 1 1 0 0 2 0 0 0 7 0 1 0 0 0 0 0 0
299.176 1 2 1 1 0 0 1 0 1 0 8 0 1 0 0 0 0 0 0
310.266 1 2 1 1 0 0 2 0 0 0 8 0 2 0 0 0 0 0 0
318.068 0 1 1 1 1 0 2 0 0 0 9 0 2 0 0 0 0 0 0
318.765 0 2 1 1 1 0 2 0 0 0 8 0 1 0 0 0 0 0 0
337.832 0 1 1 1 0 0 2 1 0 0 9 0 1 0 0 0 0 0 0
345.504 0 2 1 1 0 0 2 1 0 0 8 0 0 0 0 0 0 0 0
349.777 0 2 1 1 1 0 2 0 0 0 8 0 1 0 0 0 0 0 0
350.39 0 3 1 1 1 0 2 0 0 0 7 0 0 0 0 0 0 0 0
354.346 0 2 1 1 0 0 2 1 0 0 8 0 0 0 0 0 0 0 0
358.275 0 1 1 1 0 0 1 1 1 0 9 0 0 0 0 0 0 0 0
364.77 0 1 0 0 0 1 1 1 1 0 10 0 0 0 0 0 0 0 0
374.611 0 1 0 0 0 1 2 1 0 0 10 0 1 0 0 0 0 0 0
375.881 0 2 0 0 0 1 2 1 0 0 9 0 0 0 0 0 0 0 0
379.523 0 1 0 0 0 1 1 1 1 0 10 0 0 0 0 0 0 0 0
384.714 0 1 0 0 1 1 1 0 1 0 10 0 1 0 0 0 0 0 0
397.015 0 0 0 0 1 1 0 0 2 0 11 0 1 0 0 0 0 0 0
401.21 0 0 0 0 1 1 1 0 1 0 11 0 2 0 0 0 0 0 0
404.896 0 1 0 0 1 1 1 0 1 0 10 0 1 0 0 0 0 0 0
410.091 0 1 0 0 1 1 2 0 0 0 10 0 2 0 0 0 0 0 0
411.986 0 2 0 0 1 1 2 0 0 0 9 0 1 0 0 0 0 0 0
413.212 0 1 0 0 0 1 2 1 0 0 10 0 1 0 0 0 0 0 0
418.86 0 2 0 0 0 1 2 1 0 0 9 0 0 0 0 0 0 0 0
446.251 0 2 0 0 0 0 2 0 0 1 10 0 0 0 0 0 0 0 0
458.532 0 2 0 0 0 1 1 0 0 1 10 0 0 0 0 1 0 0 0
483.016 0 2 0 0 1 1 1 0 0 1 9 0 0 0 0 0 0 0 0
498.888 0 2 1 0 1 0 1 0 0 1 9 0 0 0 1 0 0 0 0
507.476 0 2 1 1 1 0 1 0 0 1 8 0 0 0 0 0 0 0 0
516.501 0 1 1 1 1 0 0 0 1 1 9 0 0 0 0 0 0 0 0
522.468 1 1 1 1 0 0 0 0 1 1 9 0 1 0 0 0 0 0 0
525.143 1 1 1 1 0 0 1 0 0 1 9 0 2 0 0 0 0 0 0
535.494 1 2 1 1 0 0 1 0 0 1 8 0 1 0 0 0 0 0 0
545.783 1 3 1 1 0 0 1 0 0 1 7 0 0 0 0 0 0 0 0
558.081 1 3 1 1 0 1 1 0 0 0 7 0 0 0 0 0 0 0 1
560.761 0 2 1 1 1 1 1 0 0 0 8 0 0 0 0 0 0 0 1
568.191 1 2 1 1 0 1 1 0 0 0 8 0 1 0 0 0 0 0 1
571.753 1 2 2 1 0 0 1 0 0 0 8 0 1 0 1 0 0 0 1
572.953 1 1 2 1 0 0 0 0 1 0 9 0 1 0 1 0 0 0 1
573.141 0 0 2 1 1 0 0 0 1 0 10 0 1 0 1 0 0 0 1
574.33 0 0 2 2 1 0 0 0 1 0 9 0 1 0 0 0 0 0 1
575.082 0 0 2 2 1 0 0 1 1 0 8 0 1 0 0 0 0 0 0
599.452 1 0 2 2 0 0 0 1 1 0 8 0 2 0 0 0 0 0 0
600.813 1 1 2 2 0 0 0 1 1 0 7 0 1 0 0 0 0 0 0
620.914 1 1 2 2 0 0 1 1 0 0 7 0 2 0 0 0 0 0 0
622.128 1 2 2 2 0 0 1 1 0 0 6 0 1 0 0 0 0 0 0
624.193 1 2 2 2 1 0 1 0 0 0 6 0 2 0 0 0 0 0 0
636.624 1 2 1 1 1 1 1 0 0 0 7 0 2 0 0 0 0 0 0
639.462 1 3 1 1 1 1 1 0 0 0 6 0 1 0 0 0 0 0 0
665.537 0 2 1 1 2 1 1 0 0 0 7 0 1 0 0 0 0 0 0
668.909 0 3 1 1 2 1 1 0 0 0 6 0 0 0 0 0 0 0 0
681.869 0 3 1 1 1 0 2 0 0 0 7 0 0 0 0 0 0 0 0
693.03 1 3 1 1 0 0 2 0 0 0 7 0 1 0 0 0 0 0 0
701.584 0 2 1 1 1 0 2 0 0 0 8 0 1 0 0 0 0 0 0
722.683 0 1 1 1 0 0 2 1 0 0 9 0 1 0 0 0 0 0 0
743.807 0 2 1 1 0 0 2 1 0 0 8 0 0 0 0 0 0 0 0
744.665 0 2 0 0 0 1 2 1 0 0 9 0 0 0 0 0 0 0 0
747.159 0 1 0 0 0 1 1 1 1 0 10 0 0 0 0 0 0 0 0
763.663 0 1 0 0 0 1 2 1 0 0 10 0 1 0 0 0 0 0 0
771.043 0 1 0 0 1 1 2 0 0 0 10 0 2 0 0 0 0 0 0
786.196 0 1 0 0 1 2 1 0 0 0 10 0 2 0 0 1 0 0 0
793.914 0 1 0 0 2 2 1 0 0 0 9 0 2 0 0 0 0 0 0
811.835 1 1 0 0 1 2 1 0 0 0 9 0 3 0 0 0 0 0 0
825.38 1 2 0 0 1 2 1 0 0 0 8 0 2 0 0 0 0 0 0
864.693 1 2 0 0 0 1 2 0 0 0 9 0 2 0 0 0 0 0 0
865.81 1 3 0 0 0 1 2 0 0 0 8 0 1 0 0 0 0 0 0
866.584 0 2 0 0 1 1 2 0 0 0 9 0 1 0 0 0 0 0 0
869.551 0 1 0 0 1 1 1 0 1 0 10 0 1 0 0 0 0 0 0
870.534 0 0 0 0 1 1 0 0 2 0 11 0 1 0 0 0 0 0 0
876.286 0 1 0 0 1 1 0 0 2 0 10 0 0 0 0 0 0 0 0
884.187 0 1 0 0 1 1 1 0 1 0 10 0 1 0 0 0 0 0 0
885.314 0 1 0 0 1 2 0 0 1 0 10 0 1 0 0 1 0 0 0
887.383 0 2 0 0 1 2 0 0 1 0 9 0 0 0 0 1 0 0 0
894.447 0 2 0 0 0 1 1 0 1 0 10 0 0 0 0 1 0 0 0
903.202 0 2 0 0 1 1 1 0 1 0 9 0 0 0 0 0 0 0 0
911.382 1 2 0 0 0 1 1 0 1 0 9 0 1 0 0 0 0 0 0
922.595 1 3 0 0 0 1 1 0 1 0 8 0 0 0 0 0 0 0 0
932.136 1 2 0 0 0 1 0 0 2 0 9 0 0 0 0 0 0 0 0
966.456 1 2 0 0 0 1 1 0 1 0 9 0 1 0 0 0 0 0 0
1005.96 0 1 0 0 1 1 1 0 1 0 10 0 1 0 0 0 0 0 0
1009.83 0 2 0 0 1 1 1 0 1 0 9 0 0 0 0 0 0 0 0
1013.89 1 2 0 0 0 1 1 0 1 0 9 0 1 0 0 0 0 0 0
1014.73 1 2 0 0 0 1 2 0 0 0 9 0 2 0 0 0 0 0 0
1016.55 1 3 0 0 0 1 2 0 0 0 8 0 1 0 0 0 0 0 0
1023.47 1 2 0 0 0 1 1 0 1 0 9 0 1 0 0 0 0 0 0
1025.78 1 3 0 0 0 1 1 0 1 0 8 0 0 0 0 0 0 0 0
1027.98 1 3 0 0 0 1 2 0 0 0 8 0 1 0 0 0 0 0 0
1039.33 1 2 0 0 0 1 1 0 1 0 9 0 1 0 0 0 0 0 0
1048.37 1 3 0 0 0 1 1 0 1 0 8 0 0 0 0 0 0 0 0
1055.41 1 3 0 0 0 1 2 0 0 0 8 0 1 0 0 0 0 0 0
1060.42 1 4 0 0 0 1 2 0 0 0 7 0 0 0 0 0 0 0 0
1072.9 1 3 0 0 0 1 1 0 1 0 8 0 0 0 0 0 0 0 0
1077.71 1 3 0 0 0 1 2 0 0 0 8 0 1 0 0 0 0 0 0
1093.62 1 4 0 0 0 1 2 0 0 0 7 0 0 0 0 0 0 0 0
1108.74 0 3 0 0 1 1 2 0 0 0 8 0 0 0 0 0 0 0 0
1111.49 1 3 0 0 0 1 2 0 0 0 8 0 1 0 0 0 0 0 0
1139.82 1 2 0 0 0 1 1 0 1 0 9 0 1 0 0 0 0 0 0
1149.27 1 3 0 0 0 1 1 0 1 0 8 0 0 0 0 0 0 0 0
1151.93 0 2 0 0 1 1 1 0 1 0 9 0 0 0 0 0 0 0 0
1155.04 0 1 0 0 0 1 1 1 1 0 10 0 0 0 0 0 0 0 0
1171.38 0 1 0 0 0 1 2 1 0 0 10 0 1 0 0 0 0 0 0
1195.06 0 0 0 0 0 1 1 1 1 0 11 0 1 0 0 0 0 0 0
1195.06 0 0 0 0 0 1 1 1 1 0 11 0 1 0 0 0 0 0 0
