0 0 0 0 0 0 0 0 0 0 0 15 3 6 3 3 0 0 0 0
0.135351 0 0 1 0 0 0 0 0 0 0 14 3 6 2 3 0 0 0 0
0.34797 0 1 1 0 0 0 0 0 0 0 13 3 5 2 3 0 0 0 0
3.03511 0 2 1 0 0 0 0 0 0 0 12 3 4 2 3 0 0 0 0
3.11627 0 3 1 0 0 0 0 0 0 0 11 3 3 2 3 0 0 0 0
5.54337 1 3 1 0 0 0 0 0 0 0 10 2 3 2 3 0 0 0 0
5.72187 2 3 1 0 0 0 0 0 0 0 9 1 3 2 3 0 0 0 0
7.72174 2 4 1 0 0 0 0 0 0 0 8 1 2 2 3 0 0 0 0
10.3624 2 4 2 0 0 0 0 0 0 0 7 1 2 1 3 0 0 0 0
16.8662 2 5 2 0 0 0 0 0 0 0 6 1 1 1 3 0 0 0 0
34.2994 1 4 2 0 1 0 0 0 0 0 7 1 1 1 3 0 0 0 0
35.6978 0 3 2 0 2 0 0 0 0 0 8 1 1 1 3 0 0 0 0
35.8723 0 4 2 0 2 0 0 0 0 0 7 1 0 1 3 0 0 0 0
43.1281 0 4 3 0 2 0 0 0 0 0 6 1 0 0 3 0 0 0 0
44.1928 0 3 3 0 1 0 0 1 0 0 7 1 0 0 3 0 0 0 0
74.3903 1 3 3 0 1 0 0 1 0 0 6 0 0 0 3 0 0 0 0
80.5943 1 3 3 1 1 0 0 1 0 0 5 0 0 0 2 0 0 0 0
100.22 1 3 2 0 1 1 0 1 0 0 6 0 0 0 2 0 0 0 0
107.638 1 2 2 0 0 1 0 2 0 0 7 0 0 0 2 0 0 0 0
112.699 1 2 3 0 0 0 0 2 0 0 7 0 0 0 3 0 0 0 0
115.494 1 2 3 1 0 0 0 2 0 0 6 0 0 0 2 0 0 0 0
125.749 1 2 3 2 0 0 0 2 0 0 5 0 0 0 1 0 0 0 0
126.694 1 2 3 3 0 0 0 2 0 0 4 0 0 0 0 0 0 0 0
183.835 1 2 2 2 0 1 0 2 0 0 5 0 0 0 0 0 0 0 0
197.303 0 1 2 2 1 1 0 2 0 0 6 0 0 0 0 0 0 0 0
200.659 0 1 2 2 0 0 1 2 0 0 7 0 0 0 0 0 0 0 0
223.381 0 1 1 1 0 1 1 2 0 0 8 0 0 0 0 0 0 0 0
237.234 0 0 1 1 0 1 0 2 1 0 9 0 0 0 0 0 0 0 0
238.846 0 0 1 1 0 1 1 2 0 0 9 0 1 0 0 0 0 0 0
241.752 0 1 1 1 0 1 1 2 0 0 8 0 0 0 0 0 0 0 0
246.982 0 1 1 1 1 1 1 1 0 0 8 0 1 0 0 0 0 0 0
269.404 0 1 1 1 0 0 2 1 0 0 9 0 1 0 0 0 0 0 0
274.851 0 0 1 1 0 0 1 1 1 0 10 0 1 0 0 0 0 0 0
285.278 0 1 1 1 0 0 1 1 1 0 9 0 0 0 0 0 0 0 0
301.931 0 1 1 1 1 0 1 0 1 0 9 0 1 0 0 0 0 0 0
312.623 0 0 1 1 1 0 0 0 2 0 10 0 1 0 0 0 0 0 0
314.816 0 0 1 1 1 0 1 0 1 0 10 0 2 0 0 0 0 0 0
317.261 0 1 1 1 1 0 1 0 1 0 9 0 1 0 0 0 0 0 0
325.159 0 2 1 1 1 0 1 0 1 0 8 0 0 0 0 0 0 0 0
325.485 0 2 1 1 1 0 2 0 0 0 8 0 1 0 0 0 0 0 0
326.768 0 2 1 1 1 1 1 0 0 0 8 0 1 0 0 1 0 0 0
347.739 0 1 1 1 1 1 0 0 1 0 9 0 1 0 0 1 0 0 0
363.315 0 1 1 1 1 1 1 0 0 0 9 0 2 0 0 1 0 0 0
369.412 0 1 1 1 2 1 1 0 0 0 8 0 2 0 0 0 0 0 0
383.918 0 1 1 1 1 0 2 0 0 0 9 0 2 0 0 0 0 0 0
387.135 0 2 1 1 1 0 2 0 0 0 8 0 1 0 0 0 0 0 0
388.314 0 3 1 1 1 0 2 0 0 0 7 0 0 0 0 0 0 0 0
388.756 0 2 1 1 1 0 1 0 1 0 8 0 0 0 0 0 0 0 0
390.046 0 1 1 1 0 0 1 1 1 0 9 0 0 0 0 0 0 0 0
400.591 0 1 1 1 0 1 0 1 1 0 9 0 0 0 0 1 0 0 0
414.495 0 1 1 1 1 1 0 1 1 0 8 0 0 0 0 0 0 0 0
426.224 0 1 1 1 2 1 0 0 1 0 8 0 1 0 0 0 0 0 0
431.862 0 1 0 0 2 2 0 0 1 0 9 0 1 0 0 0 0 0 0
434.641 0 2 0 0 2 2 0 0 1 0 8 0 0 0 0 0 0 0 0
437.117 1 2 0 0 1 2 0 0 1 0 8 0 1 0 0 0 0 0 0
441.257 1 2 0 0 1 2 1 0 0 0 8 0 2 0 0 0 0 0 0
449.038 1 3 0 0 1 2 1 0 0 0 7 0 1 0 0 0 0 0 0
451.452 1 2 0 0 1 2 0 0 1 0 8 0 1 0 0 0 0 0 0
468.25 0 1 0 0 2 2 0 0 1 0 9 0 1 0 0 0 0 0 0
475.029 0 0 0 0 1 2 0 1 1 0 10 0 1 0 0 0 0 0 0
487.69 0 1 0 0 1 2 0 1 1 0 9 0 0 0 0 0 0 0 0
525.492 0 1 0 0 0 1 1 1 1 0 10 0 0 0 0 0 0 0 0
530.509 0 1 0 0 1 1 1 0 1 0 10 0 1 0 0 0 0 0 0
535.07 0 1 0 0 1 1 2 0 0 0 10 0 2 0 0 0 0 0 0
543.264 0 0 0 0 1 1 1 0 1 0 11 0 2 0 0 0 0 0 0
544.229 0 1 0 0 1 1 1 0 1 0 10 0 1 0 0 0 0 0 0
545.058 1 1 0 0 0 1 1 0 1 0 10 0 2 0 0 0 0 0 0
549.726 1 1 0 0 0 1 2 0 0 0 10 0 3 0 0 0 0 0 0
559.828 1 1 1 0 0 0 2 0 0 0 10 0 3 0 1 0 0 0 0
568.518 1 1 1 1 0 0 2 0 0 0 9 0 3 0 0 0 0 0 0
570.52 1 2 1 1 0 0 2 0 0 0 8 0 2 0 0 0 0 0 0
576.475 0 1 1 1 1 0 2 0 0 0 9 0 2 0 0 0 0 0 0
584.962 0 0 1 1 0 0 2 1 0 0 10 0 2 0 0 0 0 0 0
593.761 0 1 1 1 0 0 2 1 0 0 9 0 1 0 0 0 0 0 0
613.637 0 2 1 1 0 0 2 1 0 0 8 0 0 0 0 0 0 0 0
623.24 0 1 1 1 0 0 1 1 1 0 9 0 0 0 0 0 0 0 0
629.822 0 1 1 1 0 0 2 1 0 0 9 0 1 0 0 0 0 0 0
641.892 0 1 1 1 1 0 2 0 0 0 9 0 2 0 0 0 0 0 0
645.916 0 2 1 1 1 0 2 0 0 0 8 0 1 0 0 0 0 0 0
646.129 0 3 1 1 1 0 2 0 0 0 7 0 0 0 0 0 0 0 0
682.286 1 3 1 1 0 0 2 0 0 0 7 0 1 0 0 0 0 0 0
690.375 1 4 1 1 0 0 2 0 0 0 6 0 0 0 0 0 0 0 0
690.387 1 3 1 1 0 0 1 0 1 0 7 0 0 0 0 0 0 0 0
705.479 0 2 1 1 1 0 1 0 1 0 8 0 0 0 0 0 0 0 0
740.449 1 2 1 1 0 0 1 0 1 0 8 0 1 0 0 0 0 0 0
764.92 1 3 1 1 0 0 1 0 1 0 7 0 0 0 0 0 0 0 0
786.214 1 2 1 1 0 0 0 0 2 0 8 0 0 0 0 0 0 0 0
788.929 1 2 1 1 0 0 1 0 1 0 8 0 1 0 0 0 0 0 0
792.203 1 2 0 0 0 1 1 0 1 0 9 0 1 0 0 0 0 0 0
793.273 1 3 0 0 0 1 1 0 1 0 8 0 0 0 0 0 0 0 0
795.013 1 2 0 0 0 1 0 0 2 0 9 0 0 0 0 0 0 0 0
809.732 1 2 0 0 0 1 1 0 1 0 9 0 1 0 0 0 0 0 0
830.5 1 3 0 0 0 1 1 0 1 0 8 0 0 0 0 0 0 0 0
831.626 1 3 0 0 0 1 2 0 0 0 8 0 1 0 0 0 0 0 0
835.922 1 4 0 0 0 1 2 0 0 0 7 0 0 0 0 0 0 0 0
841.585 1 3 0 0 0 1 1 0 1 0 8 0 0 0 0 0 0 0 0
845.457 1 3 0 0 0 1 2 0 0 0 8 0 1 0 0 0 0 0 0
850.335 1 4 0 0 0 1 2 0 0 0 7 0 0 0 0 0 0 0 0
851.664 1 3 0 0 0 1 1 0 1 0 8 0 0 0 0 0 0 0 0
852.987 1 3 0 0 0 1 2 0 0 0 8 0 1 0 0 0 0 0 0
864.457 1 4 0 0 0 1 2 0 0 0 7 0 0 0 0 0 0 0 0
868.049 1 3 0 0 0 1 1 0 1 0 8 0 0 0 0 0 0 0 0
876.028 1 2 0 0 0 1 0 0 2 0 9 0 0 0 0 0 0 0 0
877.337 1 2 1 0 0 0 0 0 2 0 9 0 0 0 1 0 0 0 0
881.074 1 2 1 1 0 0 0 0 2 0 8 0 0 0 0 0 0 0 0
906.567 1 2 1 1 0 0 1 0 1 0 8 0 1 0 0 0 0 0 0
918.967 1 2 1 1 0 0 2 0 0 0 8 0 2 0 0 0 0 0 0
948.546 1 1 1 1 0 0 1 0 1 0 9 0 2 0 0 0 0 0 0
972.274 1 2 1 1 0 0 1 0 1 0 8 0 1 0 0 0 0 0 0
1003.18 1 2 1 1 0 0 2 0 0 0 8 0 2 0 0 0 0 0 0
1004.82 1 3 1 1 0 0 2 0 0 0 7 0 1 0 0 0 0 0 0
1016.15 1 2 1 1 0 0 1 0 1 0 8 0 1 0 0 0 0 0 0
1021.58 1 3 1 1 0 0 1 0 1 0 7 0 0 0 0 0 0 0 0
1038.37 1 2 1 1 0 0 0 0 2 0 8 0 0 0 0 0 0 0 0
1042.74 0 1 1 1 1 0 0 0 2 0 9 0 0 0 0 0 0 0 0
1053.67 0 1 1 1 1 0 1 0 1 0 9 0 1 0 0 0 0 0 0
1075.86 0 1 0 0 1 1 1 0 1 0 10 0 1 0 0 0 0 0 0
1083.86 0 1 0 0 1 1 2 0 0 0 10 0 2 0 0 0 0 0 0
1088.39 1 1 0 0 0 1 2 0 0 0 10 0 3 0 0 0 0 0 0
1089.99 1 1 1 0 0 0 2 0 0 0 10 0 3 0 1 0 0 0 0
1107.63 1 1 1 1 0 0 2 0 0 0 9 0 3 0 0 0 0 0 0
1110.51 1 2 1 1 0 0 2 0 0 0 8 0 2 0 0 0 0 0 0
1121.34 1 3 1 1 0 0 2 0 0 0 7 0 1 0 0 0 0 0 0
1125.31 1 2 1 1 0 0 1 0 1 0 8 0 1 0 0 0 0 0 0
1130.17 1 2 1 1 0 0 2 0 0 0 8 0 2 0 0 0 0 0 0
1130.74 1 1 1 1 0 0 1 0 1 0 9 0 2 0 0 0 0 0 0
1140.27 1 1 1 1 0 0 2 0 0 0 9 0 3 0 0 0 0 0 0
1140.83 1 2 1 1 0 0 2 0 0 0 8 0 2 0 0 0 0 0 0
1162.44 1 2 0 0 0 1 2 0 0 0 9 0 2 0 0 0 0 0 0
1172.5 1 3 0 0 0 1 2 0 0 0 8 0 1 0 0 0 0 0 0
1184.06 1 3 1 0 0 0 2 0 0 0 8 0 1 0 1 0 0 0 0
1186.69 1 2 1 0 0 0 1 0 1 0 9 0 1 0 1 0 0 0 0
1189.98 0 1 1 0 1 0 1 0 1 0 10 0 1 0 1 0 0 0 0
1190.6 1 1 1 0 0 0 1 0 1 0 10 0 2 0 1 0 0 0 0
1197.28 1 2 1 0 0 0 1 0 1 0 9 0 1 0 1 0 0 0 0
1197.28 1 2 1 0 0 0 1 0 1 0 9 0 1 0 1 0 0 0 0
