0 0 0 0 0 0 0 0 0 0 0 15 3 6 3 3 0 0 0 0
1.07697 0 0 1 0 0 0 0 0 0 0 14 3 6 2 3 0 0 0 0
5.6128 0 1 1 0 0 0 0 0 0 0 13 3 5 2 3 0 0 0 0
5.8799 1 1 1 0 0 0 0 0 0 0 12 2 5 2 3 0 0 0 0
7.10407 1 2 1 0 0 0 0 0 0 0 11 2 4 2 3 0 0 0 0
7.56178 2 2 1 0 0 0 0 0 0 0 10 1 4 2 3 0 0 0 0
8.16996 2 2 2 0 0 0 0 0 0 0 9 1 4 1 3 0 0 0 0
10.8744 1 1 2 0 1 0 0 0 0 0 10 1 4 1 3 0 0 0 0
12.712 1 1 3 0 1 0 0 0 0 0 9 1 4 0 3 0 0 0 0
13.1081 2 1 3 0 0 0 0 0 0 0 9 1 5 0 3 0 0 0 0
13.9197 2 1 3 1 0 0 0 0 0 0 8 1 5 0 2 0 0 0 0
15.7452 3 1 3 1 0 0 0 0 0 0 7 0 5 0 2 0 0 0 0
16.9614 3 1 3 2 0 0 0 0 0 0 6 0 5 0 1 0 0 0 0
18.4394 3 1 3 3 0 0 0 0 0 0 5 0 5 0 0 0 0 0 0
18.5285 3 2 3 3 0 0 0 0 0 0 4 0 4 0 0 0 0 0 0
25.8868 3 2 2 2 0 1 0 0 0 0 5 0 4 0 0 0 0 0 0
27.6641 3 3 2 2 0 1 0 0 0 0 4 0 3 0 0 0 0 0 0
38.7975 3 4 2 2 0 1 0 0 0 0 3 0 2 0 0 0 0 0 0
54.0903 3 5 2 2 0 1 0 0 0 0 2 0 1 0 0 0 0 0 0
55.0119 2 4 2 2 1 1 0 0 0 0 3 0 1 0 0 0 0 0 0
61.798 2 3 2 2 0 1 0 1 0 0 4 0 1 0 0 0 0 0 0
65.2503 1 2 2 2 1 1 0 1 0 0 5 0 1 0 0 0 0 0 0
78.0468 0 1 2 2 2 1 0 1 0 0 6 0 1 0 0 0 0 0 0
91.1611 1 1 2 2 1 1 0 1 0 0 6 0 2 0 0 0 0 0 0
93.8887 0 0 2 2 2 1 0 1 0 0 7 0 2 0 0 0 0 0 0
95.8877 1 0 2 2 1 1 0 1 0 0 7 0 3 0 0 0 0 0 0
95.981 2 0 2 2 0 1 0 1 0 0 7 0 4 0 0 0 0 0 0
98.6395 2 1 2 2 0 1 0 1 0 0 6 0 3 0 0 0 0 0 0
110.574 2 1 2 2 0 0 0 0 0 1 7 0 3 0 0 0 0 0 0
113.123 2 1 1 1 0 1 0 0 0 1 8 0 3 0 0 0 0 0 0
114.582 2 2 1 1 0 1 0 0 0 1 7 0 2 0 0 0 0 0 0
119.077 2 3 1 1 0 1 0 0 0 1 6 0 1 0 0 0 0 0 0
125.347 2 4 1 1 0 1 0 0 0 1 5 0 0 0 0 0 0 0 0
140.583 1 3 1 1 1 1 0 0 0 1 6 0 0 0 0 0 0 0 0
143.365 0 2 1 1 2 1 0 0 0 1 7 0 0 0 0 0 0 0 0
158.809 0 2 1 1 1 0 1 0 0 1 8 0 0 0 0 0 0 0 0
161.946 1 2 1 1 0 0 1 0 0 1 8 0 1 0 0 0 0 0 0
181.765 0 1 1 1 1 0 1 0 0 1 9 0 1 0 0 0 0 0 0
182.553 1 1 1 1 0 0 1 0 0 1 9 0 2 0 0 0 0 0 0
186.295 1 2 1 1 0 0 1 0 0 1 8 0 1 0 0 0 0 0 0
198.601 1 1 1 1 0 0 0 0 1 1 9 0 1 0 0 0 0 0 0
243.159 1 1 1 1 0 0 1 0 0 1 9 0 2 0 0 0 0 0 0
247.009 1 2 1 1 0 0 1 0 0 1 8 0 1 0 0 0 0 0 0
278.473 1 3 1 1 0 0 1 0 0 1 7 0 0 0 0 0 0 0 0
278.641 1 2 1 1 0 0 0 0 1 1 8 0 0 0 0 0 0 0 0
278.72 1 2 1 1 0 0 1 0 0 1 8 0 1 0 0 0 0 0 0
282.131 1 3 1 1 0 0 1 0 0 1 7 0 0 0 0 0 0 0 0
299.868 0 2 1 1 1 0 1 0 0 1 8 0 0 0 0 0 0 0 0
315.186 1 2 1 1 0 0 1 0 0 1 8 0 1 0 0 0 0 0 0
357.315 1 2 0 0 0 1 1 0 0 1 9 0 1 0 0 0 0 0 0
358.783 1 1 0 0 0 1 0 0 1 1 10 0 1 0 0 0 0 0 0
370.367 1 2 0 0 0 1 0 0 1 1 9 0 0 0 0 0 0 0 0
400.007 1 2 0 0 0 1 1 0 0 1 9 0 1 0 0 0 0 0 0
403.563 0 1 0 0 1 1 1 0 0 1 10 0 1 0 0 0 0 0 0
404.202 0 1 1 0 1 0 1 0 0 1 10 0 1 0 1 0 0 0 0
406.656 0 2 1 0 1 0 1 0 0 1 9 0 0 0 1 0 0 0 0
408.89 0 2 1 1 1 0 1 0 0 1 8 0 0 0 0 0 0 0 0
414.784 0 1 1 1 0 0 1 1 0 1 9 0 0 0 0 0 0 0 0
447.153 0 1 1 1 1 0 1 0 0 1 9 0 1 0 0 0 0 0 0
460.579 1 1 1 1 0 0 1 0 0 1 9 0 2 0 0 0 0 0 0
465.371 1 2 1 1 0 0 1 0 0 1 8 0 1 0 0 0 0 0 0
486.171 1 1 1 1 0 0 0 0 1 1 9 0 1 0 0 0 0 0 0
486.871 1 2 1 1 0 0 0 0 1 1 8 0 0 0 0 0 0 0 0
492.432 1 2 0 0 0 1 0 0 1 1 9 0 0 0 0 0 0 0 0
515.33 1 2 0 0 0 1 1 0 0 1 9 0 1 0 0 0 0 0 0
522.374 0 1 0 0 1 1 1 0 0 1 10 0 1 0 0 0 0 0 0
552.308 0 2 0 0 1 1 1 0 0 1 9 0 0 0 0 0 0 0 0
554.041 0 1 0 0 1 1 0 0 1 1 10 0 0 0 0 0 0 0 0
564.049 0 1 0 0 1 1 1 0 0 1 10 0 1 0 0 0 0 0 0
574.211 0 1 1 0 1 0 1 0 0 1 10 0 1 0 1 0 0 0 0
595.357 1 1 1 0 0 0 1 0 0 1 10 0 2 0 1 0 0 0 0
597.211 1 1 1 1 0 0 1 0 0 1 9 0 2 0 0 0 0 0 0
598.467 1 2 1 1 0 0 1 0 0 1 8 0 1 0 0 0 0 0 0
611.298 1 2 0 0 0 1 1 0 0 1 9 0 1 0 0 0 0 0 0
627.313 1 3 0 0 0 1 1 0 0 1 8 0 0 0 0 0 0 0 0
634.348 1 3 1 0 0 0 1 0 0 1 8 0 0 0 1 0 0 0 0
676.591 1 3 1 1 0 0 1 0 0 1 7 0 0 0 0 0 0 0 0
700.951 1 3 1 1 0 1 0 0 0 1 7 0 0 0 0 1 0 0 0
712.24 1 3 1 1 1 1 0 0 0 1 6 0 0 0 0 0 0 0 0
725.859 2 3 1 1 0 1 0 0 0 1 6 0 1 0 0 0 0 0 0
728.888 2 4 1 1 0 1 0 0 0 1 5 0 0 0 0 0 0 0 0
730.081 2 4 0 0 0 2 0 0 0 1 6 0 0 0 0 0 0 0 0
732.955 2 4 1 0 0 1 0 0 0 1 6 0 0 0 1 0 0 0 0
759.945 1 3 1 0 1 1 0 0 0 1 7 0 0 0 1 0 0 0 0
767.423 2 3 1 0 0 1 0 0 0 1 7 0 1 0 1 0 0 0 0
770.437 2 4 1 0 0 1 0 0 0 1 6 0 0 0 1 0 0 0 0
776.282 1 3 1 0 1 1 0 0 0 1 7 0 0 0 1 0 0 0 0
784.534 2 3 1 0 0 1 0 0 0 1 7 0 1 0 1 0 0 0 0
785.094 2 3 1 1 0 1 0 0 0 1 6 0 1 0 0 0 0 0 0
788.634 1 2 1 1 1 1 0 0 0 1 7 0 1 0 0 0 0 0 0
795.547 1 1 1 1 0 1 0 1 0 1 8 0 1 0 0 0 0 0 0
826.963 1 2 1 1 0 1 0 1 0 1 7 0 0 0 0 0 0 0 0
852.845 1 2 0 0 0 2 0 1 0 1 8 0 0 0 0 0 0 0 0
865.397 1 2 1 0 0 1 0 1 0 1 8 0 0 0 1 0 0 0 0
879.443 1 2 1 1 0 1 0 1 0 1 7 0 0 0 0 0 0 0 0
893.856 0 1 1 1 1 1 0 1 0 1 8 0 0 0 0 0 0 0 0
898.813 0 1 1 1 1 0 0 0 0 2 9 0 0 0 0 0 0 0 0
900.266 1 1 1 1 0 0 0 0 0 2 9 0 1 0 0 0 0 0 0
926.906 0 0 1 1 1 0 0 0 0 2 10 0 1 0 0 0 0 0 0
929.668 0 1 1 1 1 0 0 0 0 2 9 0 0 0 0 0 0 0 0
951.033 1 1 1 1 0 0 0 0 0 2 9 0 1 0 0 0 0 0 0
979.141 0 0 1 1 1 0 0 0 0 2 10 0 1 0 0 0 0 0 0
1064.23 0 1 1 1 1 0 0 0 0 2 9 0 0 0 0 0 0 0 0
1083.31 1 1 1 1 0 0 0 0 0 2 9 0 1 0 0 0 0 0 0
1098.68 1 1 1 1 0 1 0 0 0 1 9 0 1 0 0 0 0 0 1
1117.04 1 1 1 1 0 1 0 1 0 1 8 0 1 0 0 0 0 0 0
1122.03 1 1 1 1 0 0 0 0 0 2 9 0 1 0 0 0 0 0 0
1135.85 1 2 1 1 0 0 0 0 0 2 8 0 0 0 0 0 0 0 0
1158.06 1 2 0 0 0 1 0 0 0 2 9 0 0 0 0 0 0 0 0
1170.65 1 2 1 0 0 0 0 0 0 2 9 0 0 0 1 0 0 0 0
1174.55 0 1 1 0 1 0 0 0 0 2 10 0 0 0 1 0 0 0 0
1174.55 0 1 1 0 1 0 0 0 0 2 10 0 0 0 1 0 0 0 0
