0 0 0 0 0 0 0 0 0 0 0 15 3 6 3 3 0 0 0 0
0.257539 0 1 0 0 0 0 0 0 0 0 14 3 5 3 3 0 0 0 0
1.2032 0 1 1 0 0 0 0 0 0 0 13 3 5 2 3 0 0 0 0
1.58783 1 1 1 0 0 0 0 0 0 0 12 2 5 2 3 0 0 0 0
2.00803 1 2 1 0 0 0 0 0 0 0 11 2 4 2 3 0 0 0 0
2.89597 1 3 1 0 0 0 0 0 0 0 10 2 3 2 3 0 0 0 0
3.46531 1 4 1 0 0 0 0 0 0 0 9 2 2 2 3 0 0 0 0
6.6216 0 3 1 0 1 0 0 0 0 0 10 2 2 2 3 0 0 0 0
9.53495 0 3 1 1 1 0 0 0 0 0 9 2 2 2 2 0 0 0 0
10.9976 0 2 1 1 0 0 0 1 0 0 10 2 2 2 2 0 0 0 0
13.5298 0 2 1 2 0 0 0 1 0 0 9 2 2 2 1 0 0 0 0
14.4494 0 3 1 2 0 0 0 1 0 0 8 2 1 2 1 0 0 0 0
25.7002 0 3 0 1 0 1 0 1 0 0 9 2 1 2 1 0 0 0 0
27.4401 1 3 0 1 0 1 0 1 0 0 8 1 1 2 1 0 0 0 0
41.1689 1 3 0 2 0 1 0 1 0 0 7 1 1 2 0 0 0 0 0
44.8266 1 3 1 2 0 0 0 1 0 0 7 1 1 2 1 0 0 0 0
47.4196 2 3 1 2 0 0 0 1 0 0 6 0 1 2 1 0 0 0 0
52.0675 1 2 1 2 1 0 0 1 0 0 7 0 1 2 1 0 0 0 0
65.1376 1 1 1 2 0 0 0 2 0 0 8 0 1 2 1 0 0 0 0
77.7769 1 1 1 3 0 0 0 2 0 0 7 0 1 2 0 0 0 0 0
80.5179 1 1 2 3 0 0 0 2 0 0 6 0 1 1 0 0 0 0 0
93.3884 1 1 2 3 1 0 0 1 0 0 6 0 2 1 0 0 0 0 0
93.4017 1 1 2 3 2 0 0 0 0 0 6 0 3 1 0 0 0 0 0
97.1016 1 0 2 3 1 0 0 1 0 0 7 0 3 1 0 0 0 0 0
104.818 1 0 1 2 1 1 0 1 0 0 8 0 3 1 0 0 0 0 0
110.45 1 1 1 2 1 1 0 1 0 0 7 0 2 1 0 0 0 0 0
110.84 1 1 0 1 1 2 0 1 0 0 8 0 2 1 0 0 0 0 0
120.084 0 0 0 1 2 2 0 1 0 0 9 0 2 1 0 0 0 0 0
130.592 0 1 0 1 2 2 0 1 0 0 8 0 1 1 0 0 0 0 0
141.57 0 1 0 1 1 1 1 1 0 0 9 0 1 1 0 0 0 0 0
143.921 0 2 0 1 1 1 1 1 0 0 8 0 0 1 0 0 0 0 0
153.031 0 2 0 1 1 0 1 0 0 1 9 0 0 1 0 0 0 0 0
153.276 0 2 1 1 1 0 1 0 0 1 8 0 0 0 0 0 0 0 0
171.86 0 2 0 0 1 1 1 0 0 1 9 0 0 0 0 0 0 0 0
171.997 0 1 0 0 0 1 1 1 0 1 10 0 0 0 0 0 0 0 0
174.815 0 1 0 0 0 2 0 1 0 1 10 0 0 0 0 1 0 0 0
196.431 0 1 0 0 0 1 0 0 0 2 11 0 0 0 0 1 0 0 0
233.856 0 1 0 0 1 1 0 0 0 2 10 0 0 0 0 0 0 0 0
245.962 1 1 0 0 0 1 0 0 0 2 10 0 1 0 0 0 0 0 0
259.72 1 2 0 0 0 1 0 0 0 2 9 0 0 0 0 0 0 0 0
279.165 1 2 1 0 0 0 0 0 0 2 9 0 0 0 1 0 0 0 0
293.647 1 2 1 1 0 0 0 0 0 2 8 0 0 0 0 0 0 0 0
301.871 0 1 1 1 1 0 0 0 0 2 9 0 0 0 0 0 0 0 0
318.124 1 1 1 1 0 0 0 0 0 2 9 0 1 0 0 0 0 0 0
333.673 1 2 1 1 0 0 0 0 0 2 8 0 0 0 0 0 0 0 0
453.661 0 1 1 1 1 0 0 0 0 2 9 0 0 0 0 0 0 0 0
483.464 0 0 1 1 0 0 0 1 0 2 10 0 0 0 0 0 0 0 0
531.516 0 0 0 0 0 1 0 1 0 2 11 0 0 0 0 0 0 0 0
595.223 0 0 0 0 1 1 0 0 0 2 11 0 1 0 0 0 0 0 0
605.949 1 0 0 0 0 1 0 0 0 2 11 0 2 0 0 0 0 0 0
619.93 1 1 0 0 0 1 0 0 0 2 10 0 1 0 0 0 0 0 0
622.295 1 2 0 0 0 1 0 0 0 2 9 0 0 0 0 0 0 0 0
659.777 1 2 0 0 0 2 0 0 0 1 9 0 0 0 0 0 0 0 1
668.14 0 1 0 0 1 2 0 0 0 1 10 0 0 0 0 0 0 0 1
673.631 0 1 0 0 0 1 1 0 0 1 11 0 0 0 0 0 0 0 1
675.519 0 1 0 0 0 2 0 0 0 1 11 0 0 0 0 1 0 0 1
677.946 0 1 0 0 1 2 0 0 0 1 10 0 0 0 0 0 0 0 1
680.117 0 1 0 0 1 2 0 1 0 1 9 0 0 0 0 0 0 0 0
680.625 0 1 0 0 1 1 0 0 0 2 10 0 0 0 0 0 0 0 0
696.791 1 1 0 0 0 1 0 0 0 2 10 0 1 0 0 0 0 0 0
734.498 1 2 0 0 0 1 0 0 0 2 9 0 0 0 0 0 0 0 0
762.841 0 1 0 0 1 1 0 0 0 2 10 0 0 0 0 0 0 0 0
894.716 0 1 1 0 1 0 0 0 0 2 10 0 0 0 1 0 0 0 0
897.213 1 1 1 0 0 0 0 0 0 2 10 0 1 0 1 0 0 0 0
900.143 1 2 1 0 0 0 0 0 0 2 9 0 0 0 1 0 0 0 0
916.58 1 2 1 1 0 0 0 0 0 2 8 0 0 0 0 0 0 0 0
941.418 0 1 1 1 1 0 0 0 0 2 9 0 0 0 0 0 0 0 0
970.435 0 1 0 0 1 1 0 0 0 2 10 0 0 0 0 0 0 0 0
1002.87 0 1 1 0 1 0 0 0 0 2 10 0 0 0 1 0 0 0 0
1046.77 0 1 1 1 1 0 0 0 0 2 9 0 0 0 0 0 0 0 0
1048.3 1 1 1 1 0 0 0 0 0 2 9 0 1 0 0 0 0 0 0
1094.84 1 2 1 1 0 0 0 0 0 2 8 0 0 0 0 0 0 0 0
1154.35 1 2 0 0 0 1 0 0 0 2 9 0 0 0 0 0 0 0 0
1154.35 1 2 0 0 0 1 0 0 0 2 9 0 0 0 0 0 0 0 0
