0 0 0 0 0 0 0 0 0 0 0 15 3 6 3 3 0 0 0 0
0.663129 1 0 0 0 0 0 0 0 0 0 14 2 6 3 3 0 0 0 0
1.0843 1 0 0 1 0 0 0 0 0 0 13 2 6 3 2 0 0 0 0
1.80199 1 0 1 1 0 0 0 0 0 0 12 2 6 2 2 0 0 0 0
2.07472 1 1 1 1 0 0 0 0 0 0 11 2 5 2 2 0 0 0 0
2.91953 1 2 1 1 0 0 0 0 0 0 10 2 4 2 2 0 0 0 0
4.87585 2 2 1 1 0 0 0 0 0 0 9 1 4 2 2 0 0 0 0
5.62072 3 2 1 1 0 0 0 0 0 0 8 0 4 2 2 0 0 0 0
6.04821 3 2 1 2 0 0 0 0 0 0 7 0 4 2 1 0 0 0 0
7.24408 3 2 2 2 0 0 0 0 0 0 6 0 4 1 1 0 0 0 0
8.88221 3 3 2 2 0 0 0 0 0 0 5 0 3 1 1 0 0 0 0
20.2908 2 2 2 2 1 0 0 0 0 0 6 0 3 1 1 0 0 0 0
22.2352 2 3 2 2 1 0 0 0 0 0 5 0 2 1 1 0 0 0 0
36.356 1 2 2 2 2 0 0 0 0 0 6 0 2 1 1 0 0 0 0
36.7148 1 2 3 2 2 0 0 0 0 0 5 0 2 0 1 0 0 0 0
39.1343 1 2 2 1 2 1 0 0 0 0 6 0 2 0 1 0 0 0 0
39.8017 1 2 2 1 1 0 1 0 0 0 7 0 2 0 1 0 0 0 0
45.3746 1 3 2 1 1 0 1 0 0 0 6 0 1 0 1 0 0 0 0
61.1639 1 3 2 2 1 0 1 0 0 0 5 0 1 0 0 0 0 0 0
68.0837 1 4 2 2 1 0 1 0 0 0 4 0 0 0 0 0 0 0 0
73.5711 0 3 2 2 2 0 1 0 0 0 5 0 0 0 0 0 0 0 0
79.6533 1 3 2 2 1 0 1 0 0 0 5 0 1 0 0 0 0 0 0
97.2606 1 3 1 1 1 1 1 0 0 0 6 0 1 0 0 0 0 0 0
97.3293 1 4 1 1 1 1 1 0 0 0 5 0 0 0 0 0 0 0 0
137.988 1 3 1 1 0 1 1 1 0 0 6 0 0 0 0 0 0 0 0
142.018 1 3 1 1 0 0 1 0 0 1 7 0 0 0 0 0 0 0 0
195.16 1 2 1 1 0 0 0 0 1 1 8 0 0 0 0 0 0 0 0
199.181 1 2 1 1 0 0 1 0 0 1 8 0 1 0 0 0 0 0 0
211.546 1 3 1 1 0 0 1 0 0 1 7 0 0 0 0 0 0 0 0
215.915 0 2 1 1 1 0 1 0 0 1 8 0 0 0 0 0 0 0 0
221.539 0 1 1 1 0 0 1 1 0 1 9 0 0 0 0 0 0 0 0
238.078 0 1 1 1 0 1 0 1 0 1 9 0 0 0 0 1 0 0 0
245.774 0 1 0 0 0 2 0 1 0 1 10 0 0 0 0 1 0 0 0
266.352 0 1 0 0 1 2 0 1 0 1 9 0 0 0 0 0 0 0 0
266.504 1 1 0 0 0 2 0 1 0 1 9 0 1 0 0 0 0 0 0
272.466 1 1 0 0 1 2 0 0 0 1 9 0 2 0 0 0 0 0 0
276.239 0 0 0 0 2 2 0 0 0 1 10 0 2 0 0 0 0 0 0
282.534 0 1 0 0 2 2 0 0 0 1 9 0 1 0 0 0 0 0 0
292.91 1 1 0 0 1 2 0 0 0 1 9 0 2 0 0 0 0 0 0
296.127 2 1 0 0 0 2 0 0 0 1 9 0 3 0 0 0 0 0 0
316.8 2 2 0 0 0 2 0 0 0 1 8 0 2 0 0 0 0 0 0
317.297 1 1 0 0 1 2 0 0 0 1 9 0 2 0 0 0 0 0 0
329.371 1 2 0 0 1 2 0 0 0 1 8 0 1 0 0 0 0 0 0
331.355 1 2 1 0 1 1 0 0 0 1 8 0 1 0 1 0 0 0 0
335.166 1 3 1 0 1 1 0 0 0 1 7 0 0 0 1 0 0 0 0
336.234 1 2 1 0 0 1 0 1 0 1 8 0 0 0 1 0 0 0 0
399.744 1 2 1 0 1 1 0 0 0 1 8 0 1 0 1 0 0 0 0
400.259 1 3 1 0 1 1 0 0 0 1 7 0 0 0 1 0 0 0 0
406.138 0 2 1 0 2 1 0 0 0 1 8 0 0 0 1 0 0 0 0
417.568 1 2 1 0 1 1 0 0 0 1 8 0 1 0 1 0 0 0 0
420.491 1 2 1 1 1 1 0 0 0 1 7 0 1 0 0 0 0 0 0
420.605 1 2 1 1 0 0 1 0 0 1 8 0 1 0 0 0 0 0 0
421.996 1 1 1 1 0 0 0 0 1 1 9 0 1 0 0 0 0 0 0
422.632 1 1 0 0 0 1 0 0 1 1 10 0 1 0 0 0 0 0 0
427.03 1 2 0 0 0 1 0 0 1 1 9 0 0 0 0 0 0 0 0
443.382 1 2 0 0 0 1 1 0 0 1 9 0 1 0 0 0 0 0 0
444.133 1 1 0 0 0 1 0 0 1 1 10 0 1 0 0 0 0 0 0
446.377 1 1 1 0 0 0 0 0 1 1 10 0 1 0 1 0 0 0 0
464.868 1 2 1 0 0 0 0 0 1 1 9 0 0 0 1 0 0 0 0
468.983 1 2 1 1 0 0 0 0 1 1 8 0 0 0 0 0 0 0 0
497.782 1 2 1 1 0 0 1 0 0 1 8 0 1 0 0 0 0 0 0
543.675 1 2 0 0 0 1 1 0 0 1 9 0 1 0 0 0 0 0 0
570.64 1 3 0 0 0 1 1 0 0 1 8 0 0 0 0 0 0 0 0
574.679 1 2 0 0 0 1 0 0 1 1 9 0 0 0 0 0 0 0 0
620.297 0 1 0 0 1 1 0 0 1 1 10 0 0 0 0 0 0 0 0
643.819 0 1 0 0 1 1 1 0 0 1 10 0 1 0 0 0 0 0 0
644.894 0 0 0 0 0 1 1 1 0 1 11 0 1 0 0 0 0 0 0
690.785 0 1 0 0 0 1 1 1 0 1 10 0 0 0 0 0 0 0 0
710.15 0 1 0 0 1 1 1 0 0 1 10 0 1 0 0 0 0 0 0
710.666 0 0 0 0 0 1 1 1 0 1 11 0 1 0 0 0 0 0 0
718.31 0 0 0 0 1 1 1 0 0 1 11 0 2 0 0 0 0 0 0
719.247 0 1 0 0 1 1 1 0 0 1 10 0 1 0 0 0 0 0 0
722.945 0 2 0 0 1 1 1 0 0 1 9 0 0 0 0 0 0 0 0
730.271 1 2 0 0 0 1 1 0 0 1 9 0 1 0 0 0 0 0 0
744.789 1 1 0 0 0 1 0 0 1 1 10 0 1 0 0 0 0 0 0
752.388 1 1 0 0 0 1 1 0 0 1 10 0 2 0 0 0 0 0 0
753.203 1 2 0 0 0 1 1 0 0 1 9 0 1 0 0 0 0 0 0
757.157 0 1 0 0 1 1 1 0 0 1 10 0 1 0 0 0 0 0 0
764.581 0 1 0 0 1 2 0 0 0 1 10 0 1 0 0 1 0 0 0
767.298 0 2 0 0 1 2 0 0 0 1 9 0 0 0 0 1 0 0 0
772.726 0 2 0 0 2 2 0 0 0 1 8 0 0 0 0 0 0 0 0
782.947 0 1 0 0 1 2 0 1 0 1 9 0 0 0 0 0 0 0 0
829.062 0 1 0 0 1 1 0 0 0 2 10 0 0 0 0 0 0 0 0
860.261 1 1 0 0 0 1 0 0 0 2 10 0 1 0 0 0 0 0 0
878.547 1 1 1 0 0 0 0 0 0 2 10 0 1 0 1 0 0 0 0
882.384 1 1 1 1 0 0 0 0 0 2 9 0 1 0 0 0 0 0 0
891.996 1 2 1 1 0 0 0 0 0 2 8 0 0 0 0 0 0 0 0
933.586 0 1 1 1 1 0 0 0 0 2 9 0 0 0 0 0 0 0 0
973.452 0 1 0 0 1 1 0 0 0 2 10 0 0 0 0 0 0 0 0
1032.18 1 1 0 0 0 1 0 0 0 2 10 0 1 0 0 0 0 0 0
1050.61 1 2 0 0 0 1 0 0 0 2 9 0 0 0 0 0 0 0 0
1153.27 0 1 0 0 1 1 0 0 0 2 10 0 0 0 0 0 0 0 0
1153.27 0 1 0 0 1 1 0 0 0 2 10 0 0 0 0 0 0 0 0
