0 0 0 0 0 0 0 0 0 0 0 15 3 6 3 3 0 0 0 0
0.736446 0 0 0 1 0 0 0 0 0 0 14 3 6 3 2 0 0 0 0
0.762479 0 1 0 1 0 0 0 0 0 0 13 3 5 3 2 0 0 0 0
0.776112 0 2 0 1 0 0 0 0 0 0 12 3 4 3 2 0 0 0 0
0.827775 1 2 0 1 0 0 0 0 0 0 11 2 4 3 2 0 0 0 0
1.36237 1 3 0 1 0 0 0 0 0 0 10 2 3 3 2 0 0 0 0
2.00095 0 2 0 1 1 0 0 0 0 0 11 2 3 3 2 0 0 0 0
2.57938 0 2 0 2 1 0 0 0 0 0 10 2 3 3 1 0 0 0 0
5.52468 0 2 0 3 1 0 0 0 0 0 9 2 3 3 0 0 0 0 0
7.13681 0 3 0 3 1 0 0 0 0 0 8 2 2 3 0 0 0 0 0
11.6949 0 3 1 3 1 0 0 0 0 0 7 2 2 2 0 0 0 0 0
15.619 1 3 1 3 1 0 0 0 0 0 6 1 2 2 0 0 0 0 0
15.7389 1 4 1 3 1 0 0 0 0 0 5 1 1 2 0 0 0 0 0
31.6988 1 5 1 3 1 0 0 0 0 0 4 1 0 2 0 0 0 0 0
34.8666 1 4 1 3 0 0 0 1 0 0 5 1 0 2 0 0 0 0 0
39.3788 1 4 0 2 0 1 0 1 0 0 6 1 0 2 0 0 0 0 0
43.4268 0 3 0 2 1 1 0 1 0 0 7 1 0 2 0 0 0 0 0
51.8656 1 3 0 2 1 1 0 1 0 0 6 0 0 2 0 0 0 0 0
56.0084 1 2 0 2 0 1 0 2 0 0 7 0 0 2 0 0 0 0 0
82.8716 1 2 1 2 0 1 0 2 0 0 6 0 0 1 0 0 0 0 0
94.1022 1 2 2 2 0 1 0 2 0 0 5 0 0 0 0 0 0 0 0
94.3311 0 1 2 2 1 1 0 2 0 0 6 0 0 0 0 0 0 0 0
96.0788 1 1 2 2 0 1 0 2 0 0 6 0 1 0 0 0 0 0 0
96.6179 1 1 1 1 0 2 0 2 0 0 7 0 1 0 0 0 0 0 0
99.6048 1 1 2 1 0 1 0 2 0 0 7 0 1 0 1 0 0 0 0
105.213 1 1 2 2 0 1 0 2 0 0 6 0 1 0 0 0 0 0 0
113.25 1 2 2 2 0 1 0 2 0 0 5 0 0 0 0 0 0 0 0
122.726 1 2 1 1 0 2 0 2 0 0 6 0 0 0 0 0 0 0 0
132.75 1 2 1 1 0 1 0 1 0 1 7 0 0 0 0 0 0 0 0
184.918 0 1 1 1 1 1 0 1 0 1 8 0 0 0 0 0 0 0 0
187.199 1 1 1 1 0 1 0 1 0 1 8 0 1 0 0 0 0 0 0
203.925 1 1 1 1 1 1 0 0 0 1 8 0 2 0 0 0 0 0 0
206.763 1 2 1 1 1 1 0 0 0 1 7 0 1 0 0 0 0 0 0
253.651 1 2 1 1 0 0 1 0 0 1 8 0 1 0 0 0 0 0 0
256.76 0 1 1 1 1 0 1 0 0 1 9 0 1 0 0 0 0 0 0
259.899 0 0 1 1 1 0 0 0 1 1 10 0 1 0 0 0 0 0 0
261.565 0 1 1 1 1 0 0 0 1 1 9 0 0 0 0 0 0 0 0
285.483 0 1 1 1 1 0 1 0 0 1 9 0 1 0 0 0 0 0 0
294.445 0 0 1 1 1 0 0 0 1 1 10 0 1 0 0 0 0 0 0
296.633 1 0 1 1 0 0 0 0 1 1 10 0 2 0 0 0 0 0 0
299.754 1 0 1 1 0 0 1 0 0 1 10 0 3 0 0 0 0 0 0
311.304 1 1 1 1 0 0 1 0 0 1 9 0 2 0 0 0 0 0 0
327.886 1 2 1 1 0 0 1 0 0 1 8 0 1 0 0 0 0 0 0
336.78 1 3 1 1 0 0 1 0 0 1 7 0 0 0 0 0 0 0 0
372.698 1 2 1 1 0 0 0 0 1 1 8 0 0 0 0 0 0 0 0
381.383 0 1 1 1 1 0 0 0 1 1 9 0 0 0 0 0 0 0 0
402.477 0 1 1 1 1 0 1 0 0 1 9 0 1 0 0 0 0 0 0
412.138 0 2 1 1 1 0 1 0 0 1 8 0 0 0 0 0 0 0 0
426.009 0 1 1 1 0 0 1 1 0 1 9 0 0 0 0 0 0 0 0
482.791 0 1 0 0 0 1 1 1 0 1 10 0 0 0 0 0 0 0 0
501.63 0 1 0 0 1 1 1 0 0 1 10 0 1 0 0 0 0 0 0
512.139 1 1 0 0 0 1 1 0 0 1 10 0 2 0 0 0 0 0 0
514.956 1 2 0 0 0 1 1 0 0 1 9 0 1 0 0 0 0 0 0
558.955 1 1 0 0 0 1 0 0 1 1 10 0 1 0 0 0 0 0 0
562.379 1 2 0 0 0 1 0 0 1 1 9 0 0 0 0 0 0 0 0
579.033 1 2 1 0 0 0 0 0 1 1 9 0 0 0 1 0 0 0 0
603.12 1 2 1 1 0 0 0 0 1 1 8 0 0 0 0 0 0 0 0
615.542 1 2 0 0 0 1 0 0 1 1 9 0 0 0 0 0 0 0 0
642.232 0 1 0 0 1 1 0 0 1 1 10 0 0 0 0 0 0 0 0
643.736 1 1 0 0 0 1 0 0 1 1 10 0 1 0 0 0 0 0 0
649.089 1 1 0 0 0 1 1 0 0 1 10 0 2 0 0 0 0 0 0
657.954 1 2 0 0 0 1 1 0 0 1 9 0 1 0 0 0 0 0 0
668.703 1 3 0 0 0 1 1 0 0 1 8 0 0 0 0 0 0 0 0
672.404 1 3 1 0 0 0 1 0 0 1 8 0 0 0 1 0 0 0 0
688.133 0 2 1 0 1 0 1 0 0 1 9 0 0 0 1 0 0 0 0
712.263 0 2 1 1 1 0 1 0 0 1 8 0 0 0 0 0 0 0 0
712.384 0 1 1 1 0 0 1 1 0 1 9 0 0 0 0 0 0 0 0
784.649 0 1 1 1 1 0 1 0 0 1 9 0 1 0 0 0 0 0 0
818.355 0 0 1 1 1 0 0 0 1 1 10 0 1 0 0 0 0 0 0
819.166 0 1 1 1 1 0 0 0 1 1 9 0 0 0 0 0 0 0 0
819.336 1 1 1 1 0 0 0 0 1 1 9 0 1 0 0 0 0 0 0
838.287 1 1 0 0 0 1 0 0 1 1 10 0 1 0 0 0 0 0 0
839.361 1 2 0 0 0 1 0 0 1 1 9 0 0 0 0 0 0 0 0
855.478 0 1 0 0 1 1 0 0 1 1 10 0 0 0 0 0 0 0 0
860.193 1 1 0 0 0 1 0 0 1 1 10 0 1 0 0 0 0 0 0
867.784 1 1 0 0 0 1 1 0 0 1 10 0 2 0 0 0 0 0 0
869.537 1 2 0 0 0 1 1 0 0 1 9 0 1 0 0 0 0 0 0
890.787 1 1 0 0 0 1 0 0 1 1 10 0 1 0 0 0 0 0 0
895.055 1 2 0 0 0 1 0 0 1 1 9 0 0 0 0 0 0 0 0
934.089 1 2 0 0 0 1 1 0 0 1 9 0 1 0 0 0 0 0 0
987.298 1 1 0 0 0 1 0 0 1 1 10 0 1 0 0 0 0 0 0
990.77 0 0 0 0 1 1 0 0 1 1 11 0 1 0 0 0 0 0 0
993.695 0 1 0 0 1 1 0 0 1 1 10 0 0 0 0 0 0 0 0
998.072 0 1 0 0 1 1 1 0 0 1 10 0 1 0 0 0 0 0 0
1038.75 0 2 0 0 1 1 1 0 0 1 9 0 0 0 0 0 0 0 0
1047.54 0 2 0 0 0 0 2 0 0 1 10 0 0 0 0 0 0 0 0
1048.58 0 1 0 0 0 0 1 0 1 1 11 0 0 0 0 0 0 0 0
1096.28 0 1 0 0 0 0 2 0 0 1 11 0 1 0 0 0 0 0 0
1107.54 0 2 0 0 0 0 2 0 0 1 10 0 0 0 0 0 0 0 0
1107.54 0 2 0 0 0 0 2 0 0 1 10 0 0 0 0 0 0 0 0
