0 0 0 0 0 0 0 0 0 0 0 15 3 6 3 3 0 0 0 0
1.51215 0 1 0 0 0 0 0 0 0 0 14 3 5 3 3 0 0 0 0
2.6572 0 1 0 1 0 0 0 0 0 0 13 3 5 3 2 0 0 0 0
3.42865 0 1 1 1 0 0 0 0 0 0 12 3 5 2 2 0 0 0 0
4.21157 0 1 1 2 0 0 0 0 0 0 11 3 5 2 1 0 0 0 0
4.33883 0 1 2 2 0 0 0 0 0 0 10 3 5 1 1 0 0 0 0
4.64476 0 2 2 2 0 0 0 0 0 0 9 3 4 1 1 0 0 0 0
6.78781 0 2 1 1 0 1 0 0 0 0 10 3 4 1 1 0 0 0 0
7.71439 0 2 1 2 0 1 0 0 0 0 9 3 4 1 0 0 0 0 0
10.582 0 3 1 2 0 1 0 0 0 0 8 3 3 1 0 0 0 0 0
11.1819 0 4 1 2 0 1 0 0 0 0 7 3 2 1 0 0 0 0 0
15.8735 1 4 1 2 0 1 0 0 0 0 6 2 2 1 0 0 0 0 0
17.7226 0 3 1 2 1 1 0 0 0 0 7 2 2 1 0 0 0 0 0
17.8869 0 4 1 2 1 1 0 0 0 0 6 2 1 1 0 0 0 0 0
39.3472 0 5 1 2 1 1 0 0 0 0 5 2 0 1 0 0 0 0 0
46.0125 1 5 1 2 1 1 0 0 0 0 4 1 0 1 0 0 0 0 0
69.7842 2 5 1 2 0 1 0 0 0 0 4 1 1 1 0 0 0 0 0
83.9277 1 4 1 2 1 1 0 0 0 0 5 1 1 1 0 0 0 0 0
88.8975 2 4 1 2 1 1 0 0 0 0 4 0 1 1 0 0 0 0 0
98.9512 1 3 1 2 2 1 0 0 0 0 5 0 1 1 0 0 0 0 0
101.863 0 2 1 2 3 1 0 0 0 0 6 0 1 1 0 0 0 0 0
103.146 1 2 1 2 2 1 0 0 0 0 6 0 2 1 0 0 0 0 0
103.957 1 2 1 2 1 0 1 0 0 0 7 0 2 1 0 0 0 0 0
108.013 1 3 1 2 1 0 1 0 0 0 6 0 1 1 0 0 0 0 0
119.442 1 3 2 2 1 0 1 0 0 0 5 0 1 0 0 0 0 0 0
128.013 0 2 2 2 2 0 1 0 0 0 6 0 1 0 0 0 0 0 0
133.81 1 2 2 2 1 0 1 0 0 0 6 0 2 0 0 0 0 0 0
137.899 1 2 1 1 1 1 1 0 0 0 7 0 2 0 0 0 0 0 0
139.57 1 2 2 1 1 0 1 0 0 0 7 0 2 0 1 0 0 0 0
140.774 1 3 2 1 1 0 1 0 0 0 6 0 1 0 1 0 0 0 0
149.977 1 3 1 0 1 1 1 0 0 0 7 0 1 0 1 0 0 0 0
155.2 1 2 1 0 1 1 0 0 1 0 8 0 1 0 1 0 0 0 0
156.573 1 2 1 0 1 1 1 0 0 0 8 0 2 0 1 0 0 0 0
158.712 1 1 1 0 0 1 1 1 0 0 9 0 2 0 1 0 0 0 0
167.568 1 1 1 1 0 1 1 1 0 0 8 0 2 0 0 0 0 0 0
178.433 1 2 1 1 0 1 1 1 0 0 7 0 1 0 0 0 0 0 0
178.66 0 1 1 1 1 1 1 1 0 0 8 0 1 0 0 0 0 0 0
189.635 0 2 1 1 1 1 1 1 0 0 7 0 0 0 0 0 0 0 0
204.13 0 2 2 1 1 0 1 1 0 0 7 0 0 0 1 0 0 0 0
213.56 1 2 2 1 0 0 1 1 0 0 7 0 1 0 1 0 0 0 0
216.855 1 3 2 1 0 0 1 1 0 0 6 0 0 0 1 0 0 0 0
224.409 0 2 2 1 1 0 1 1 0 0 7 0 0 0 1 0 0 0 0
233.836 0 2 1 0 1 1 1 1 0 0 8 0 0 0 1 0 0 0 0
244.308 0 1 1 0 1 1 0 1 1 0 9 0 0 0 1 0 0 0 0
249.068 0 1 1 0 1 0 0 0 1 1 10 0 0 0 1 0 0 0 0
249.503 0 1 1 1 1 0 0 0 1 1 9 0 0 0 0 0 0 0 0
267.757 1 1 1 1 0 0 0 0 1 1 9 0 1 0 0 0 0 0 0
300.449 1 1 0 0 0 1 0 0 1 1 10 0 1 0 0 0 0 0 0
301.139 1 2 0 0 0 1 0 0 1 1 9 0 0 0 0 0 0 0 0
321.071 0 1 0 0 1 1 0 0 1 1 10 0 0 0 0 0 0 0 0
328.258 0 1 0 0 1 1 1 0 0 1 10 0 1 0 0 0 0 0 0
373.365 0 2 0 0 1 1 1 0 0 1 9 0 0 0 0 0 0 0 0
379.901 0 1 0 0 1 1 0 0 1 1 10 0 0 0 0 0 0 0 0
392.32 0 1 0 0 1 1 1 0 0 1 10 0 1 0 0 0 0 0 0
415.665 0 2 0 0 1 1 1 0 0 1 9 0 0 0 0 0 0 0 0
430.59 1 2 0 0 0 1 1 0 0 1 9 0 1 0 0 0 0 0 0
440.28 1 3 0 0 0 1 1 0 0 1 8 0 0 0 0 0 0 0 0
441.884 1 3 1 0 0 0 1 0 0 1 8 0 0 0 1 0 0 0 0
443.391 0 2 1 0 1 0 1 0 0 1 9 0 0 0 1 0 0 0 0
443.542 1 2 1 0 0 0 1 0 0 1 9 0 1 0 1 0 0 0 0
453.762 1 2 1 1 0 0 1 0 0 1 8 0 1 0 0 0 0 0 0
474.532 1 3 1 1 0 0 1 0 0 1 7 0 0 0 0 0 0 0 0
494.595 0 2 1 1 1 0 1 0 0 1 8 0 0 0 0 0 0 0 0
500.34 0 1 1 1 1 0 0 0 1 1 9 0 0 0 0 0 0 0 0
500.388 0 1 0 0 1 1 0 0 1 1 10 0 0 0 0 0 0 0 0
511.416 0 1 0 0 1 1 1 0 0 1 10 0 1 0 0 0 0 0 0
515.926 0 1 1 0 1 0 1 0 0 1 10 0 1 0 1 0 0 0 0
530.831 0 2 1 0 1 0 1 0 0 1 9 0 0 0 1 0 0 0 0
533.728 0 2 1 1 1 0 1 0 0 1 8 0 0 0 0 0 0 0 0
558.9 1 2 1 1 0 0 1 0 0 1 8 0 1 0 0 0 0 0 0
573.274 1 3 1 1 0 0 1 0 0 1 7 0 0 0 0 0 0 0 0
580.613 1 2 1 1 0 0 0 0 1 1 8 0 0 0 0 0 0 0 0
594.173 1 2 1 1 0 0 1 0 0 1 8 0 1 0 0 0 0 0 0
600.303 1 1 1 1 0 0 0 0 1 1 9 0 1 0 0 0 0 0 0
603 1 2 1 1 0 0 0 0 1 1 8 0 0 0 0 0 0 0 0
607.555 0 1 1 1 1 0 0 0 1 1 9 0 0 0 0 0 0 0 0
616.428 0 1 1 1 1 0 1 0 0 1 9 0 1 0 0 0 0 0 0
620.255 0 2 1 1 1 0 1 0 0 1 8 0 0 0 0 0 0 0 0
644.407 0 1 1 1 0 0 1 1 0 1 9 0 0 0 0 0 0 0 0
710.845 0 1 0 0 0 1 1 1 0 1 10 0 0 0 0 0 0 0 0
730.38 0 1 1 0 0 0 1 1 0 1 10 0 0 0 1 0 0 0 0
733.17 0 1 1 0 0 1 0 1 0 1 10 0 0 0 1 1 0 0 0
757.886 0 1 1 0 1 1 0 1 0 1 9 0 0 0 1 0 0 0 0
766.046 0 1 1 1 1 1 0 1 0 1 8 0 0 0 0 0 0 0 0
775.233 1 1 1 1 0 1 0 1 0 1 8 0 1 0 0 0 0 0 0
779.749 1 2 1 1 0 1 0 1 0 1 7 0 0 0 0 0 0 0 0
804.98 1 2 0 0 0 2 0 1 0 1 8 0 0 0 0 0 0 0 0
811.87 1 2 1 0 0 1 0 1 0 1 8 0 0 0 1 0 0 0 0
812.392 1 2 2 0 0 0 0 1 0 1 8 0 0 0 2 0 0 0 0
833.554 1 2 2 1 0 0 0 1 0 1 7 0 0 0 1 0 0 0 0
834.576 1 2 2 2 0 0 0 1 0 1 6 0 0 0 0 0 0 0 0
837.391 1 2 1 1 0 1 0 1 0 1 7 0 0 0 0 0 0 0 0
839.685 1 2 1 1 0 0 0 0 0 2 8 0 0 0 0 0 0 0 0
883.304 0 1 1 1 1 0 0 0 0 2 9 0 0 0 0 0 0 0 0
985.945 1 1 1 1 0 0 0 0 0 2 9 0 1 0 0 0 0 0 0
1002.97 1 2 1 1 0 0 0 0 0 2 8 0 0 0 0 0 0 0 0
1092.34 0 1 1 1 1 0 0 0 0 2 9 0 0 0 0 0 0 0 0
1104.08 0 1 0 0 1 1 0 0 0 2 10 0 0 0 0 0 0 0 0
1141.21 0 1 0 0 0 0 1 0 0 2 11 0 0 0 0 0 0 0 0
1141.21 0 1 0 0 0 0 1 0 0 2 11 0 0 0 0 0 0 0 0
