0 0 0 0 0 0 0 0 0 0 0 15 3 6 3 3 0 0 0 0
0.969008 0 1 0 0 0 0 0 0 0 0 14 3 5 3 3 0 0 0 0
1.32157 0 2 0 0 0 0 0 0 0 0 13 3 4 3 3 0 0 0 0
2.37636 1 2 0 0 0 0 0 0 0 0 12 2 4 3 3 0 0 0 0
8.23478 1 3 0 0 0 0 0 0 0 0 11 2 3 3 3 0 0 0 0
12.8795 2 3 0 0 0 0 0 0 0 0 10 1 3 3 3 0 0 0 0
13.0816 2 4 0 0 0 0 0 0 0 0 9 1 2 3 3 0 0 0 0
17.758 2 4 1 0 0 0 0 0 0 0 8 1 2 2 3 0 0 0 0
17.7804 2 5 1 0 0 0 0 0 0 0 7 1 1 2 3 0 0 0 0
19.1814 1 4 1 0 1 0 0 0 0 0 8 1 1 2 3 0 0 0 0
25.1801 1 3 1 0 0 0 0 1 0 0 9 1 1 2 3 0 0 0 0
28.6181 2 3 1 0 0 0 0 1 0 0 8 0 1 2 3 0 0 0 0
30.2301 2 3 1 1 0 0 0 1 0 0 7 0 1 2 2 0 0 0 0
34.5917 1 2 1 1 1 0 0 1 0 0 8 0 1 2 2 0 0 0 0
38.4856 1 2 1 2 1 0 0 1 0 0 7 0 1 2 1 0 0 0 0
39.7844 1 2 1 3 1 0 0 1 0 0 6 0 1 2 0 0 0 0 0
51.8216 1 2 0 2 1 1 0 1 0 0 7 0 1 2 0 0 0 0 0
56.2503 1 2 1 2 1 1 0 1 0 0 6 0 1 1 0 0 0 0 0
61.4078 1 2 2 2 1 1 0 1 0 0 5 0 1 0 0 0 0 0 0
62.2265 1 2 2 2 1 0 0 0 0 1 6 0 1 0 0 0 0 0 0
77.8873 1 3 2 2 1 0 0 0 0 1 5 0 0 0 0 0 0 0 0
83.0448 0 2 2 2 2 0 0 0 0 1 6 0 0 0 0 0 0 0 0
93.2554 1 2 2 2 1 0 0 0 0 1 6 0 1 0 0 0 0 0 0
95.7031 1 2 1 1 1 1 0 0 0 1 7 0 1 0 0 0 0 0 0
119.683 2 2 1 1 0 1 0 0 0 1 7 0 2 0 0 0 0 0 0
127.36 1 1 1 1 1 1 0 0 0 1 8 0 2 0 0 0 0 0 0
131.715 1 2 1 1 1 1 0 0 0 1 7 0 1 0 0 0 0 0 0
139.996 1 2 1 1 0 0 1 0 0 1 8 0 1 0 0 0 0 0 0
150.237 1 3 1 1 0 0 1 0 0 1 7 0 0 0 0 0 0 0 0
168.266 1 2 1 1 0 0 0 0 1 1 8 0 0 0 0 0 0 0 0
174.885 0 1 1 1 1 0 0 0 1 1 9 0 0 0 0 0 0 0 0
179.449 0 1 1 1 1 0 1 0 0 1 9 0 1 0 0 0 0 0 0
193.525 0 0 1 1 0 0 1 1 0 1 10 0 1 0 0 0 0 0 0
198.256 0 1 1 1 0 0 1 1 0 1 9 0 0 0 0 0 0 0 0
268.131 0 1 1 1 0 1 0 1 0 1 9 0 0 0 0 1 0 0 0
285.989 0 1 1 1 1 1 0 0 0 1 9 0 1 0 0 1 0 0 0
289.856 0 1 1 1 2 1 0 0 0 1 8 0 1 0 0 0 0 0 0
296.711 0 1 0 0 2 2 0 0 0 1 9 0 1 0 0 0 0 0 0
299.513 0 0 0 0 1 2 0 1 0 1 10 0 1 0 0 0 0 0 0
307.639 0 1 0 0 1 2 0 1 0 1 9 0 0 0 0 0 0 0 0
312.46 0 1 1 0 1 1 0 1 0 1 9 0 0 0 1 0 0 0 0
352.613 1 1 1 0 0 1 0 1 0 1 9 0 1 0 1 0 0 0 0
356.894 1 2 1 0 0 1 0 1 0 1 8 0 0 0 1 0 0 0 0
366.293 0 1 1 0 1 1 0 1 0 1 9 0 0 0 1 0 0 0 0
378.978 0 1 1 1 1 1 0 1 0 1 8 0 0 0 0 0 0 0 0
379.949 0 1 1 1 2 1 0 0 0 1 8 0 1 0 0 0 0 0 0
418.024 0 1 2 1 2 0 0 0 0 1 8 0 1 0 1 0 0 0 0
419.369 1 1 2 1 1 0 0 0 0 1 8 0 2 0 1 0 0 0 0
420.112 1 2 2 1 1 0 0 0 0 1 7 0 1 0 1 0 0 0 0
438.418 0 1 2 1 2 0 0 0 0 1 8 0 1 0 1 0 0 0 0
450.031 1 1 2 1 1 0 0 0 0 1 8 0 2 0 1 0 0 0 0
456.391 1 1 2 2 1 0 0 0 0 1 7 0 2 0 0 0 0 0 0
466.235 1 2 2 2 1 0 0 0 0 1 6 0 1 0 0 0 0 0 0
468.111 1 3 2 2 1 0 0 0 0 1 5 0 0 0 0 0 0 0 0
498.027 0 2 2 2 2 0 0 0 0 1 6 0 0 0 0 0 0 0 0
500.939 1 2 2 2 1 0 0 0 0 1 6 0 1 0 0 0 0 0 0
531.7 1 3 2 2 1 0 0 0 0 1 5 0 0 0 0 0 0 0 0
579.524 1 2 2 2 0 0 0 1 0 1 6 0 0 0 0 0 0 0 0
605.708 1 2 1 1 0 1 0 1 0 1 7 0 0 0 0 0 0 0 0
611.905 1 2 1 1 0 0 0 0 0 2 8 0 0 0 0 0 0 0 0
655.697 1 2 0 0 0 1 0 0 0 2 9 0 0 0 0 0 0 0 0
683.969 0 1 0 0 1 1 0 0 0 2 10 0 0 0 0 0 0 0 0
708.771 1 1 0 0 0 1 0 0 0 2 10 0 1 0 0 0 0 0 0
714.526 1 2 0 0 0 1 0 0 0 2 9 0 0 0 0 0 0 0 0
717.565 1 2 1 0 0 0 0 0 0 2 9 0 0 0 1 0 0 0 0
739.901 0 1 1 0 1 0 0 0 0 2 10 0 0 0 1 0 0 0 0
762.774 0 1 1 1 1 0 0 0 0 2 9 0 0 0 0 0 0 0 0
763.887 1 1 1 1 0 0 0 0 0 2 9 0 1 0 0 0 0 0 0
776.249 1 2 1 1 0 0 0 0 0 2 8 0 0 0 0 0 0 0 0
808.449 0 1 1 1 1 0 0 0 0 2 9 0 0 0 0 0 0 0 0
981.409 0 0 1 1 0 0 0 1 0 2 10 0 0 0 0 0 0 0 0
1046.37 0 0 0 0 0 1 0 1 0 2 11 0 0 0 0 0 0 0 0
1178.82 0 0 1 0 0 0 0 1 0 2 11 0 0 0 1 0 0 0 0
1184.67 0 0 1 1 0 0 0 1 0 2 10 0 0 0 0 0 0 0 0
1193.77 0 0 1 1 1 0 0 0 0 2 10 0 1 0 0 0 0 0 0
1196.51 1 0 1 1 0 0 0 0 0 2 10 0 2 0 0 0 0 0 0
1196.51 1 0 1 1 0 0 0 0 0 2 10 0 2 0 0 0 0 0 0
