0 0 0 0 0 0 0 0 0 0 0 15 3 6 3 3 0 0 0 0
1.05616 0 0 1 0 0 0 0 0 0 0 14 3 6 2 3 0 0 0 0
1.82018 0 0 2 0 0 0 0 0 0 0 13 3 6 1 3 0 0 0 0
3.30019 0 0 2 1 0 0 0 0 0 0 12 3 6 1 2 0 0 0 0
3.96919 1 0 2 1 0 0 0 0 0 0 11 2 6 1 2 0 0 0 0
8.66877 1 0 3 1 0 0 0 0 0 0 10 2 6 0 2 0 0 0 0
10.8979 1 1 3 1 0 0 0 0 0 0 9 2 5 0 2 0 0 0 0
11.6271 1 1 3 2 0 0 0 0 0 0 8 2 5 0 1 0 0 0 0
15.6436 1 2 3 2 0 0 0 0 0 0 7 2 4 0 1 0 0 0 0
19.4949 1 3 3 2 0 0 0 0 0 0 6 2 3 0 1 0 0 0 0
22.171 1 4 3 2 0 0 0 0 0 0 5 2 2 0 1 0 0 0 0
31.6738 2 4 3 2 0 0 0 0 0 0 4 1 2 0 1 0 0 0 0
34.2647 2 4 2 1 0 1 0 0 0 0 5 1 2 0 1 0 0 0 0
41.2056 2 4 2 2 0 1 0 0 0 0 4 1 2 0 0 0 0 0 0
47.7567 2 5 2 2 0 1 0 0 0 0 3 1 1 0 0 0 0 0 0
49.8823 2 5 1 1 0 2 0 0 0 0 4 1 1 0 0 0 0 0 0
50.5007 1 4 1 1 1 2 0 0 0 0 5 1 1 0 0 0 0 0 0
59.9213 1 3 1 1 0 2 0 1 0 0 6 1 1 0 0 0 0 0 0
61.5871 2 3 1 1 0 2 0 1 0 0 5 0 1 0 0 0 0 0 0
74.9033 2 3 1 1 0 1 0 0 0 1 6 0 1 0 0 0 0 0 0
78.7169 1 2 1 1 1 1 0 0 0 1 7 0 1 0 0 0 0 0 0
92.4069 0 1 1 1 2 1 0 0 0 1 8 0 1 0 0 0 0 0 0
118.022 0 1 0 0 2 2 0 0 0 1 9 0 1 0 0 0 0 0 0
118.465 1 1 0 0 1 2 0 0 0 1 9 0 2 0 0 0 0 0 0
122.578 2 1 0 0 0 2 0 0 0 1 9 0 3 0 0 0 0 0 0
134.884 2 1 1 0 0 1 0 0 0 1 9 0 3 0 1 0 0 0 0
135.511 2 2 1 0 0 1 0 0 0 1 8 0 2 0 1 0 0 0 0
137.953 2 3 1 0 0 1 0 0 0 1 7 0 1 0 1 0 0 0 0
139.291 1 2 1 0 1 1 0 0 0 1 8 0 1 0 1 0 0 0 0
145.29 1 1 1 0 0 1 0 1 0 1 9 0 1 0 1 0 0 0 0
147.433 1 1 1 0 1 1 0 0 0 1 9 0 2 0 1 0 0 0 0
148.416 1 2 1 0 1 1 0 0 0 1 8 0 1 0 1 0 0 0 0
157.491 0 1 1 0 2 1 0 0 0 1 9 0 1 0 1 0 0 0 0
169.952 0 0 1 0 1 1 0 1 0 1 10 0 1 0 1 0 0 0 0
173.042 0 1 1 0 1 1 0 1 0 1 9 0 0 0 1 0 0 0 0
178.567 1 1 1 0 0 1 0 1 0 1 9 0 1 0 1 0 0 0 0
182.137 1 1 1 1 0 1 0 1 0 1 8 0 1 0 0 0 0 0 0
192.743 1 2 1 1 0 1 0 1 0 1 7 0 0 0 0 0 0 0 0
196.023 1 2 0 0 0 2 0 1 0 1 8 0 0 0 0 0 0 0 0
253.791 1 2 0 0 0 1 0 0 0 2 9 0 0 0 0 0 0 0 0
270.335 0 1 0 0 1 1 0 0 0 2 10 0 0 0 0 0 0 0 0
286.252 1 1 0 0 0 1 0 0 0 2 10 0 1 0 0 0 0 0 0
296.64 1 1 1 0 0 0 0 0 0 2 10 0 1 0 1 0 0 0 0
319.454 1 2 1 0 0 0 0 0 0 2 9 0 0 0 1 0 0 0 0
344.897 1 2 1 1 0 0 0 0 0 2 8 0 0 0 0 0 0 0 0
364.944 0 1 1 1 1 0 0 0 0 2 9 0 0 0 0 0 0 0 0
372.849 1 1 1 1 0 0 0 0 0 2 9 0 1 0 0 0 0 0 0
378.153 0 0 1 1 1 0 0 0 0 2 10 0 1 0 0 0 0 0 0
386.086 0 1 1 1 1 0 0 0 0 2 9 0 0 0 0 0 0 0 0
435.762 0 0 1 1 0 0 0 1 0 2 10 0 0 0 0 0 0 0 0
511.739 0 0 1 1 1 0 0 0 0 2 10 0 1 0 0 0 0 0 0
519.037 0 1 1 1 1 0 0 0 0 2 9 0 0 0 0 0 0 0 0
533.241 0 1 0 0 1 1 0 0 0 2 10 0 0 0 0 0 0 0 0
543.043 1 1 0 0 0 1 0 0 0 2 10 0 1 0 0 0 0 0 0
556.563 1 2 0 0 0 1 0 0 0 2 9 0 0 0 0 0 0 0 0
561.026 0 1 0 0 1 1 0 0 0 2 10 0 0 0 0 0 0 0 0
563.055 1 1 0 0 0 1 0 0 0 2 10 0 1 0 0 0 0 0 0
568.606 1 2 0 0 0 1 0 0 0 2 9 0 0 0 0 0 0 0 0
586.675 1 2 1 0 0 0 0 0 0 2 9 0 0 0 1 0 0 0 0
589.34 1 2 1 1 0 0 0 0 0 2 8 0 0 0 0 0 0 0 0
629.982 0 1 1 1 1 0 0 0 0 2 9 0 0 0 0 0 0 0 0
631.404 0 1 0 0 1 1 0 0 0 2 10 0 0 0 0 0 0 0 0
631.565 1 1 0 0 0 1 0 0 0 2 10 0 1 0 0 0 0 0 0
654.912 1 2 0 0 0 1 0 0 0 2 9 0 0 0 0 0 0 0 0
677.161 0 1 0 0 1 1 0 0 0 2 10 0 0 0 0 0 0 0 0
682.973 0 1 1 0 1 0 0 0 0 2 10 0 0 0 1 0 0 0 0
704.003 0 1 1 1 1 0 0 0 0 2 9 0 0 0 0 0 0 0 0
709.748 1 1 1 1 0 0 0 0 0 2 9 0 1 0 0 0 0 0 0
724.675 1 2 1 1 0 0 0 0 0 2 8 0 0 0 0 0 0 0 0
771.948 1 2 0 0 0 1 0 0 0 2 9 0 0 0 0 0 0 0 0
839.031 0 1 0 0 1 1 0 0 0 2 10 0 0 0 0 0 0 0 0
923.18 0 1 0 0 0 0 1 0 0 2 11 0 0 0 0 0 0 0 0
956.545 0 1 0 0 0 1 0 0 0 2 11 0 0 0 0 1 0 0 0
965.507 0 1 0 0 1 1 0 0 0 2 10 0 0 0 0 0 0 0 0
978.654 1 1 0 0 0 1 0 0 0 2 10 0 1 0 0 0 0 0 0
1001.17 1 2 0 0 0 1 0 0 0 2 9 0 0 0 0 0 0 0 0
1002.3 0 1 0 0 1 1 0 0 0 2 10 0 0 0 0 0 0 0 0
1046.46 0 1 1 0 1 0 0 0 0 2 10 0 0 0 1 0 0 0 0
1047.61 0 1 1 1 1 0 0 0 0 2 9 0 0 0 0 0 0 0 0
1066.74 1 1 1 1 0 0 0 0 0 2 9 0 1 0 0 0 0 0 0
1069.28 1 2 1 1 0 0 0 0 0 2 8 0 0 0 0 0 0 0 0
1109.29 0 1 1 1 1 0 0 0 0 2 9 0 0 0 0 0 0 0 0
1119.46 0 0 1 1 0 0 0 1 0 2 10 0 0 0 0 0 0 0 0
1121.47 0 0 0 0 0 1 0 1 0 2 11 0 0 0 0 0 0 0 0
1133.55 0 0 1 0 0 0 0 1 0 2 11 0 0 0 1 0 0 0 0
1183.27 0 0 1 1 0 0 0 1 0 2 10 0 0 0 0 0 0 0 0
1183.27 0 0 1 1 0 0 0 1 0 2 10 0 0 0 0 0 0 0 0
