0 0 0 0 0 0 0 0 0 0 0 15 3 6 3 3 0 0 0 0
1.31051 0 1 0 0 0 0 0 0 0 0 14 3 5 3 3 0 0 0 0
1.68483 1 1 0 0 0 0 0 0 0 0 13 2 5 3 3 0 0 0 0
2.29255 1 2 0 0 0 0 0 0 0 0 12 2 4 3 3 0 0 0 0
2.92862 1 2 1 0 0 0 0 0 0 0 11 2 4 2 3 0 0 0 0
5.63509 1 2 1 1 0 0 0 0 0 0 10 2 4 2 2 0 0 0 0
7.08331 1 3 1 1 0 0 0 0 0 0 9 2 3 2 2 0 0 0 0
9.53718 1 4 1 1 0 0 0 0 0 0 8 2 2 2 2 0 0 0 0
11.5052 1 5 1 1 0 0 0 0 0 0 7 2 1 2 2 0 0 0 0
18.0063 2 5 1 1 0 0 0 0 0 0 6 1 1 2 2 0 0 0 0
19.7093 1 4 1 1 1 0 0 0 0 0 7 1 1 2 2 0 0 0 0
19.8783 1 5 1 1 1 0 0 0 0 0 6 1 0 2 2 0 0 0 0
23.993 1 5 2 1 1 0 0 0 0 0 5 1 0 1 2 0 0 0 0
40.476 1 5 2 2 1 0 0 0 0 0 4 1 0 1 1 0 0 0 0
54.5171 0 4 2 2 2 0 0 0 0 0 5 1 0 1 1 0 0 0 0
56.8798 1 4 2 2 1 0 0 0 0 0 5 1 1 1 1 0 0 0 0
62.8138 1 4 2 3 1 0 0 0 0 0 4 1 1 1 0 0 0 0 0
62.8475 0 3 2 3 2 0 0 0 0 0 5 1 1 1 0 0 0 0 0
63.1085 1 3 2 3 1 0 0 0 0 0 5 1 2 1 0 0 0 0 0
69.4916 2 3 2 3 1 0 0 0 0 0 4 0 2 1 0 0 0 0 0
79.1475 2 2 2 3 0 0 0 1 0 0 5 0 2 1 0 0 0 0 0
82.6872 2 3 2 3 0 0 0 1 0 0 4 0 1 1 0 0 0 0 0
83.3262 2 3 3 3 0 0 0 1 0 0 3 0 1 0 0 0 0 0 0
93.2544 2 3 2 2 0 1 0 1 0 0 4 0 1 0 0 0 0 0 0
101.903 2 3 1 1 0 2 0 1 0 0 5 0 1 0 0 0 0 0 0
105.884 1 2 1 1 1 2 0 1 0 0 6 0 1 0 0 0 0 0 0
110.806 2 2 1 1 0 2 0 1 0 0 6 0 2 0 0 0 0 0 0
115.712 2 3 1 1 0 2 0 1 0 0 5 0 1 0 0 0 0 0 0
132.565 2 3 1 1 0 1 0 0 0 1 6 0 1 0 0 0 0 0 0
135.203 1 2 1 1 1 1 0 0 0 1 7 0 1 0 0 0 0 0 0
137.61 2 2 1 1 0 1 0 0 0 1 7 0 2 0 0 0 0 0 0
139.087 1 1 1 1 1 1 0 0 0 1 8 0 2 0 0 0 0 0 0
147.022 1 2 1 1 1 1 0 0 0 1 7 0 1 0 0 0 0 0 0
165.533 1 1 1 1 0 1 0 1 0 1 8 0 1 0 0 0 0 0 0
175.437 1 1 1 1 1 1 0 0 0 1 8 0 2 0 0 0 0 0 0
175.928 1 2 1 1 1 1 0 0 0 1 7 0 1 0 0 0 0 0 0
176.142 2 2 1 1 0 1 0 0 0 1 7 0 2 0 0 0 0 0 0
186.06 2 3 1 1 0 1 0 0 0 1 6 0 1 0 0 0 0 0 0
193.869 2 3 2 1 0 0 0 0 0 1 6 0 1 0 1 0 0 0 0
203.217 2 3 2 2 0 0 0 0 0 1 5 0 1 0 0 0 0 0 0
230.622 2 4 2 2 0 0 0 0 0 1 4 0 0 0 0 0 0 0 0
231.617 1 3 2 2 1 0 0 0 0 1 5 0 0 0 0 0 0 0 0
237.646 1 3 1 1 1 1 0 0 0 1 6 0 0 0 0 0 0 0 0
246.023 2 3 1 1 0 1 0 0 0 1 6 0 1 0 0 0 0 0 0
290.427 1 2 1 1 1 1 0 0 0 1 7 0 1 0 0 0 0 0 0
290.679 1 3 1 1 1 1 0 0 0 1 6 0 0 0 0 0 0 0 0
294.212 2 3 1 1 0 1 0 0 0 1 6 0 1 0 0 0 0 0 0
295.168 1 2 1 1 1 1 0 0 0 1 7 0 1 0 0 0 0 0 0
299.055 0 1 1 1 2 1 0 0 0 1 8 0 1 0 0 0 0 0 0
306.126 0 1 1 1 1 0 1 0 0 1 9 0 1 0 0 0 0 0 0
313.624 1 1 1 1 0 0 1 0 0 1 9 0 2 0 0 0 0 0 0
315.554 1 2 1 1 0 0 1 0 0 1 8 0 1 0 0 0 0 0 0
316.705 0 1 1 1 1 0 1 0 0 1 9 0 1 0 0 0 0 0 0
327.339 1 1 1 1 0 0 1 0 0 1 9 0 2 0 0 0 0 0 0
329.639 1 2 1 1 0 0 1 0 0 1 8 0 1 0 0 0 0 0 0
345.075 1 3 1 1 0 0 1 0 0 1 7 0 0 0 0 0 0 0 0
350.125 0 2 1 1 1 0 1 0 0 1 8 0 0 0 0 0 0 0 0
364.077 0 1 1 1 1 0 0 0 1 1 9 0 0 0 0 0 0 0 0
370.088 0 1 1 1 1 0 1 0 0 1 9 0 1 0 0 0 0 0 0
401.508 0 2 1 1 1 0 1 0 0 1 8 0 0 0 0 0 0 0 0
425.462 0 2 0 0 1 1 1 0 0 1 9 0 0 0 0 0 0 0 0
435.95 0 2 0 0 0 0 2 0 0 1 10 0 0 0 0 0 0 0 0
439.415 0 1 0 0 0 0 1 0 1 1 11 0 0 0 0 0 0 0 0
486.97 0 1 0 0 0 0 2 0 0 1 11 0 1 0 0 0 0 0 0
496.529 0 2 0 0 0 0 2 0 0 1 10 0 0 0 0 0 0 0 0
505.428 0 1 0 0 0 0 1 0 1 1 11 0 0 0 0 0 0 0 0
506.579 0 1 0 0 0 0 2 0 0 1 11 0 1 0 0 0 0 0 0
514.768 0 2 0 0 0 0 2 0 0 1 10 0 0 0 0 0 0 0 0
524.267 0 2 0 0 0 1 1 0 0 1 10 0 0 0 0 1 0 0 0
541.657 0 2 0 0 1 1 1 0 0 1 9 0 0 0 0 0 0 0 0
546.294 1 2 0 0 0 1 1 0 0 1 9 0 1 0 0 0 0 0 0
559.429 1 2 0 0 0 2 0 0 0 1 9 0 1 0 0 1 0 0 0
561.095 1 2 0 0 1 2 0 0 0 1 8 0 1 0 0 0 0 0 0
562.7 2 2 0 0 0 2 0 0 0 1 8 0 2 0 0 0 0 0 0
565.202 2 3 0 0 0 2 0 0 0 1 7 0 1 0 0 0 0 0 0
582.809 1 2 0 0 1 2 0 0 0 1 8 0 1 0 0 0 0 0 0
583.185 1 3 0 0 1 2 0 0 0 1 7 0 0 0 0 0 0 0 0
641.186 1 3 1 0 1 1 0 0 0 1 7 0 0 0 1 0 0 0 0
659.865 0 2 1 0 2 1 0 0 0 1 8 0 0 0 1 0 0 0 0
667.525 0 2 2 0 2 0 0 0 0 1 8 0 0 0 2 0 0 0 0
670.285 0 1 2 0 1 0 0 1 0 1 9 0 0 0 2 0 0 0 0
673.489 0 1 2 1 1 0 0 1 0 1 8 0 0 0 1 0 0 0 0
678.527 1 1 2 1 0 0 0 1 0 1 8 0 1 0 1 0 0 0 0
685.16 1 2 2 1 0 0 0 1 0 1 7 0 0 0 1 0 0 0 0
706.239 1 2 2 2 0 0 0 1 0 1 6 0 0 0 0 0 0 0 0
709.353 1 2 2 2 1 0 0 0 0 1 6 0 1 0 0 0 0 0 0
718.029 1 2 1 1 1 1 0 0 0 1 7 0 1 0 0 0 0 0 0
725.7 1 2 1 1 0 0 1 0 0 1 8 0 1 0 0 0 0 0 0
725.795 1 1 1 1 0 0 0 0 1 1 9 0 1 0 0 0 0 0 0
728.998 1 2 1 1 0 0 0 0 1 1 8 0 0 0 0 0 0 0 0
756.819 1 2 1 1 0 0 1 0 0 1 8 0 1 0 0 0 0 0 0
760.675 0 1 1 1 1 0 1 0 0 1 9 0 1 0 0 0 0 0 0
765.458 0 2 1 1 1 0 1 0 0 1 8 0 0 0 0 0 0 0 0
841.343 1 2 1 1 0 0 1 0 0 1 8 0 1 0 0 0 0 0 0
843.039 1 1 1 1 0 0 0 0 1 1 9 0 1 0 0 0 0 0 0
851.917 1 2 1 1 0 0 0 0 1 1 8 0 0 0 0 0 0 0 0
863.431 0 1 1 1 1 0 0 0 1 1 9 0 0 0 0 0 0 0 0
886.839 0 0 1 1 0 0 0 1 1 1 10 0 0 0 0 0 0 0 0
904.597 0 0 1 1 0 0 1 1 0 1 10 0 1 0 0 0 0 0 0
914.146 0 1 1 1 0 0 1 1 0 1 9 0 0 0 0 0 0 0 0
936.776 0 0 1 1 0 0 0 1 1 1 10 0 0 0 0 0 0 0 0
946.543 0 0 1 1 1 0 0 0 1 1 10 0 1 0 0 0 0 0 0
951.789 1 0 1 1 0 0 0 0 1 1 10 0 2 0 0 0 0 0 0
964.652 1 1 1 1 0 0 0 0 1 1 9 0 1 0 0 0 0 0 0
975.545 1 2 1 1 0 0 0 0 1 1 8 0 0 0 0 0 0 0 0
996.276 1 2 1 1 0 0 1 0 0 1 8 0 1 0 0 0 0 0 0
997.533 0 1 1 1 1 0 1 0 0 1 9 0 1 0 0 0 0 0 0
1000.59 0 2 1 1 1 0 1 0 0 1 8 0 0 0 0 0 0 0 0
1004.11 1 2 1 1 0 0 1 0 0 1 8 0 1 0 0 0 0 0 0
1016.45 1 3 1 1 0 0 1 0 0 1 7 0 0 0 0 0 0 0 0
1045.52 1 2 1 1 0 0 0 0 1 1 8 0 0 0 0 0 0 0 0
1069.27 1 2 1 1 0 0 1 0 0 1 8 0 1 0 0 0 0 0 0
1130.83 1 1 1 1 0 0 0 0 1 1 9 0 1 0 0 0 0 0 0
1131.88 1 1 1 1 0 0 1 0 0 1 9 0 2 0 0 0 0 0 0
1146.81 1 2 1 1 0 0 1 0 0 1 8 0 1 0 0 0 0 0 0
1183.06 1 3 1 1 0 0 1 0 0 1 7 0 0 0 0 0 0 0 0
1186.2 1 2 1 1 0 0 0 0 1 1 8 0 0 0 0 0 0 0 0
1193.05 1 2 1 1 0 0 1 0 0 1 8 0 1 0 0 0 0 0 0
1196.67 1 3 1 1 0 0 1 0 0 1 7 0 0 0 0 0 0 0 0
1196.72 0 2 1 1 1 0 1 0 0 1 8 0 0 0 0 0 0 0 0
1196.72 0 2 1 1 1 0 1 0 0 1 8 0 0 0 0 0 0 0 0
