0 0 0 0 0 0 0 0 0 0 0 15 3 6 3 3 0 0 0 0
0.32319 0 0 0 1 0 0 0 0 0 0 14 3 6 3 2 0 0 0 0
0.395952 0 1 0 1 0 0 0 0 0 0 13 3 5 3 2 0 0 0 0
0.86849 0 1 1 1 0 0 0 0 0 0 12 3 5 2 2 0 0 0 0
2.77476 0 1 2 1 0 0 0 0 0 0 11 3 5 1 2 0 0 0 0
3.16519 0 2 2 1 0 0 0 0 0 0 10 3 4 1 2 0 0 0 0
3.53309 0 2 2 2 0 0 0 0 0 0 9 3 4 1 1 0 0 0 0
3.92762 0 3 2 2 0 0 0 0 0 0 8 3 3 1 1 0 0 0 0
6.21518 0 4 2 2 0 0 0 0 0 0 7 3 2 1 1 0 0 0 0
9.30016 1 4 2 2 0 0 0 0 0 0 6 2 2 1 1 0 0 0 0
10.8503 2 4 2 2 0 0 0 0 0 0 5 1 2 1 1 0 0 0 0
15.1189 2 4 1 1 0 1 0 0 0 0 6 1 2 1 1 0 0 0 0
20.7034 2 5 1 1 0 1 0 0 0 0 5 1 1 1 1 0 0 0 0
23.5755 2 6 1 1 0 1 0 0 0 0 4 1 0 1 1 0 0 0 0
24.1306 1 5 1 1 1 1 0 0 0 0 5 1 0 1 1 0 0 0 0
40.8709 2 5 1 1 0 1 0 0 0 0 5 1 1 1 1 0 0 0 0
42.1048 2 5 2 1 0 1 0 0 0 0 4 1 1 0 1 0 0 0 0
47.2865 3 5 2 1 0 1 0 0 0 0 3 0 1 0 1 0 0 0 0
67.024 2 4 2 1 1 1 0 0 0 0 4 0 1 0 1 0 0 0 0
71.3743 1 3 2 1 2 1 0 0 0 0 5 0 1 0 1 0 0 0 0
71.9399 1 2 2 1 1 1 0 1 0 0 6 0 1 0 1 0 0 0 0
72.4631 1 3 2 1 1 1 0 1 0 0 5 0 0 0 1 0 0 0 0
90.1052 1 3 2 1 2 1 0 0 0 0 5 0 1 0 1 0 0 0 0
94.6597 2 3 2 1 1 1 0 0 0 0 5 0 2 0 1 0 0 0 0
101.964 2 3 2 2 1 1 0 0 0 0 4 0 2 0 0 0 0 0 0
103.388 2 4 2 2 1 1 0 0 0 0 3 0 1 0 0 0 0 0 0
111.288 1 3 2 2 2 1 0 0 0 0 4 0 1 0 0 0 0 0 0
116.816 1 2 2 2 1 1 0 1 0 0 5 0 1 0 0 0 0 0 0
118.009 0 1 2 2 2 1 0 1 0 0 6 0 1 0 0 0 0 0 0
125.579 0 1 2 2 3 1 0 0 0 0 6 0 2 0 0 0 0 0 0
130.572 1 1 2 2 2 1 0 0 0 0 6 0 3 0 0 0 0 0 0
136.466 1 1 2 2 1 0 1 0 0 0 7 0 3 0 0 0 0 0 0
147.276 1 2 2 2 1 0 1 0 0 0 6 0 2 0 0 0 0 0 0
147.678 1 2 1 1 1 1 1 0 0 0 7 0 2 0 0 0 0 0 0
147.936 2 2 1 1 0 1 1 0 0 0 7 0 3 0 0 0 0 0 0
151.782 2 3 1 1 0 1 1 0 0 0 6 0 2 0 0 0 0 0 0
154.204 2 2 1 1 0 1 0 0 1 0 7 0 2 0 0 0 0 0 0
157.678 2 3 1 1 0 1 0 0 1 0 6 0 1 0 0 0 0 0 0
168.898 1 2 1 1 1 1 0 0 1 0 7 0 1 0 0 0 0 0 0
175.501 1 2 1 1 1 1 1 0 0 0 7 0 2 0 0 0 0 0 0
175.65 1 1 1 1 1 1 0 0 1 0 8 0 2 0 0 0 0 0 0
179.689 2 1 1 1 0 1 0 0 1 0 8 0 3 0 0 0 0 0 0
184.6 2 2 1 1 0 1 0 0 1 0 7 0 2 0 0 0 0 0 0
185.681 2 2 2 1 0 0 0 0 1 0 7 0 2 0 1 0 0 0 0
186.115 2 2 1 0 0 1 0 0 1 0 8 0 2 0 1 0 0 0 0
201.234 2 2 1 0 0 1 1 0 0 0 8 0 3 0 1 0 0 0 0
203.996 2 3 1 0 0 1 1 0 0 0 7 0 2 0 1 0 0 0 0
207.828 2 4 1 0 0 1 1 0 0 0 6 0 1 0 1 0 0 0 0
218.547 2 3 1 0 0 1 0 0 1 0 7 0 1 0 1 0 0 0 0
218.806 1 2 1 0 1 1 0 0 1 0 8 0 1 0 1 0 0 0 0
219.512 1 2 1 0 1 1 1 0 0 0 8 0 2 0 1 0 0 0 0
239.532 1 3 1 0 1 1 1 0 0 0 7 0 1 0 1 0 0 0 0
239.577 1 4 1 0 1 1 1 0 0 0 6 0 0 0 1 0 0 0 0
245.31 1 3 1 0 1 1 0 0 1 0 7 0 0 0 1 0 0 0 0
247.84 1 3 1 1 1 1 0 0 1 0 6 0 0 0 0 0 0 0 0
249.815 1 3 2 1 1 0 0 0 1 0 6 0 0 0 1 0 0 0 0
270.78 1 2 2 1 0 0 0 1 1 0 7 0 0 0 1 0 0 0 0
271.349 1 2 2 1 0 0 1 1 0 0 7 0 1 0 1 0 0 0 0
282.942 1 2 2 2 0 0 1 1 0 0 6 0 1 0 0 0 0 0 0
285.274 1 2 1 1 0 1 1 1 0 0 7 0 1 0 0 0 0 0 0
285.286 1 3 1 1 0 1 1 1 0 0 6 0 0 0 0 0 0 0 0
293.838 1 2 1 1 0 1 0 1 1 0 7 0 0 0 0 0 0 0 0
310.391 0 1 1 1 1 1 0 1 1 0 8 0 0 0 0 0 0 0 0
321.713 1 1 1 1 0 1 0 1 1 0 8 0 1 0 0 0 0 0 0
328.305 1 1 1 1 0 1 1 1 0 0 8 0 2 0 0 0 0 0 0
332.259 1 1 1 1 1 1 1 0 0 0 8 0 3 0 0 0 0 0 0
333.496 1 2 1 1 1 1 1 0 0 0 7 0 2 0 0 0 0 0 0
333.555 1 3 1 1 1 1 1 0 0 0 6 0 1 0 0 0 0 0 0
342.826 1 2 1 1 1 1 0 0 1 0 7 0 1 0 0 0 0 0 0
364.157 1 3 1 1 1 1 0 0 1 0 6 0 0 0 0 0 0 0 0
375.637 1 3 1 1 1 1 1 0 0 0 6 0 1 0 0 0 0 0 0
378.556 1 2 1 1 1 1 0 0 1 0 7 0 1 0 0 0 0 0 0
391.455 1 2 1 1 1 1 1 0 0 0 7 0 2 0 0 0 0 0 0
392.738 2 2 1 1 0 1 1 0 0 0 7 0 3 0 0 0 0 0 0
398.289 2 3 1 1 0 1 1 0 0 0 6 0 2 0 0 0 0 0 0
401.796 2 2 1 1 0 1 0 0 1 0 7 0 2 0 0 0 0 0 0
406.958 1 1 1 1 1 1 0 0 1 0 8 0 2 0 0 0 0 0 0
442.182 1 2 1 1 1 1 0 0 1 0 7 0 1 0 0 0 0 0 0
456.491 2 2 1 1 0 1 0 0 1 0 7 0 2 0 0 0 0 0 0
467.42 2 3 1 1 0 1 0 0 1 0 6 0 1 0 0 0 0 0 0
471.302 2 4 1 1 0 1 0 0 1 0 5 0 0 0 0 0 0 0 0
504.775 1 3 1 1 1 1 0 0 1 0 6 0 0 0 0 0 0 0 0
511.027 0 2 1 1 2 1 0 0 1 0 7 0 0 0 0 0 0 0 0
522.31 0 2 1 1 2 1 1 0 0 0 7 0 1 0 0 0 0 0 0
528.134 0 1 1 1 1 1 1 1 0 0 8 0 1 0 0 0 0 0 0
530.51 0 2 1 1 1 1 1 1 0 0 7 0 0 0 0 0 0 0 0
551.127 0 1 1 1 0 1 1 2 0 0 8 0 0 0 0 0 0 0 0
607.676 0 1 1 1 0 0 1 1 0 1 9 0 0 0 0 0 0 0 0
705.3 0 1 1 1 1 0 1 0 0 1 9 0 1 0 0 0 0 0 0
708.332 0 1 1 1 1 1 0 0 0 1 9 0 1 0 0 1 0 0 0
714.096 0 2 1 1 1 1 0 0 0 1 8 0 0 0 0 1 0 0 0
715.144 0 2 1 1 2 1 0 0 0 1 7 0 0 0 0 0 0 0 0
722.262 1 2 1 1 1 1 0 0 0 1 7 0 1 0 0 0 0 0 0
725.464 1 2 2 1 1 0 0 0 0 1 7 0 1 0 1 0 0 0 0
736.764 1 2 2 2 1 0 0 0 0 1 6 0 1 0 0 0 0 0 0
748.155 1 3 2 2 1 0 0 0 0 1 5 0 0 0 0 0 0 0 0
750.817 1 3 1 1 1 1 0 0 0 1 6 0 0 0 0 0 0 0 0
764.559 1 3 0 0 1 2 0 0 0 1 7 0 0 0 0 0 0 0 0
775.939 1 2 0 0 0 2 0 1 0 1 8 0 0 0 0 0 0 0 0
830.243 1 2 1 0 0 1 0 1 0 1 8 0 0 0 1 0 0 0 0
832.111 1 2 1 1 0 1 0 1 0 1 7 0 0 0 0 0 0 0 0
846.695 0 1 1 1 1 1 0 1 0 1 8 0 0 0 0 0 0 0 0
867.225 1 1 1 1 0 1 0 1 0 1 8 0 1 0 0 0 0 0 0
880.527 1 1 2 1 0 0 0 1 0 1 8 0 1 0 1 0 0 0 0
889.526 1 1 1 0 0 1 0 1 0 1 9 0 1 0 1 0 0 0 0
891.307 1 1 1 1 0 1 0 1 0 1 8 0 1 0 0 0 0 0 0
899.491 1 2 1 1 0 1 0 1 0 1 7 0 0 0 0 0 0 0 0
902.825 0 1 1 1 1 1 0 1 0 1 8 0 0 0 0 0 0 0 0
909.588 1 1 1 1 0 1 0 1 0 1 8 0 1 0 0 0 0 0 0
913.784 1 2 1 1 0 1 0 1 0 1 7 0 0 0 0 0 0 0 0
927.311 0 1 1 1 1 1 0 1 0 1 8 0 0 0 0 0 0 0 0
931.146 0 0 1 1 0 1 0 2 0 1 9 0 0 0 0 0 0 0 0
950.534 0 0 0 0 0 2 0 2 0 1 10 0 0 0 0 0 0 0 0
958.577 0 0 0 0 1 2 0 1 0 1 10 0 1 0 0 0 0 0 0
961.975 0 1 0 0 1 2 0 1 0 1 9 0 0 0 0 0 0 0 0
969.545 1 1 0 0 0 2 0 1 0 1 9 0 1 0 0 0 0 0 0
978.279 0 0 0 0 1 2 0 1 0 1 10 0 1 0 0 0 0 0 0
983.053 0 1 0 0 1 2 0 1 0 1 9 0 0 0 0 0 0 0 0
989.602 0 1 0 0 2 2 0 0 0 1 9 0 1 0 0 0 0 0 0
1009.59 0 2 0 0 2 2 0 0 0 1 8 0 0 0 0 0 0 0 0
1031.7 0 2 1 0 2 1 0 0 0 1 8 0 0 0 1 0 0 0 0
1032.77 1 2 1 0 1 1 0 0 0 1 8 0 1 0 1 0 0 0 0
1036.4 1 2 1 1 1 1 0 0 0 1 7 0 1 0 0 0 0 0 0
1039.99 1 2 1 1 0 0 1 0 0 1 8 0 1 0 0 0 0 0 0
1055.08 1 1 1 1 0 0 0 0 1 1 9 0 1 0 0 0 0 0 0
1075.56 1 2 1 1 0 0 0 0 1 1 8 0 0 0 0 0 0 0 0
1088.92 1 2 1 1 0 0 1 0 0 1 8 0 1 0 0 0 0 0 0
1112.22 1 3 1 1 0 0 1 0 0 1 7 0 0 0 0 0 0 0 0
1165.01 1 2 1 1 0 0 0 0 1 1 8 0 0 0 0 0 0 0 0
1173.84 1 2 1 1 0 0 1 0 0 1 8 0 1 0 0 0 0 0 0
1185.42 0 1 1 1 1 0 1 0 0 1 9 0 1 0 0 0 0 0 0
1185.42 0 1 1 1 1 0 1 0 0 1 9 0 1 0 0 0 0 0 0
