0 0 0 0 0 0 0 0 0 0 0 15 3 6 3 3 0 0 0 0
1.12485 0 1 0 0 0 0 0 0 0 0 14 3 5 3 3 0 0 0 0
3.7851 0 1 0 1 0 0 0 0 0 0 13 3 5 3 2 0 0 0 0
4.7435 0 2 0 1 0 0 0 0 0 0 12 3 4 3 2 0 0 0 0
7.102 0 2 1 1 0 0 0 0 0 0 11 3 4 2 2 0 0 0 0
8.49763 0 2 1 2 0 0 0 0 0 0 10 3 4 2 1 0 0 0 0
10.0097 0 3 1 2 0 0 0 0 0 0 9 3 3 2 1 0 0 0 0
13.2971 0 3 0 1 0 1 0 0 0 0 10 3 3 2 1 0 0 0 0
14.1004 1 3 0 1 0 1 0 0 0 0 9 2 3 2 1 0 0 0 0
14.3765 2 3 0 1 0 1 0 0 0 0 8 1 3 2 1 0 0 0 0
20.4587 2 3 0 2 0 1 0 0 0 0 7 1 3 2 0 0 0 0 0
28.1912 3 3 0 2 0 1 0 0 0 0 6 0 3 2 0 0 0 0 0
32.4568 3 3 1 2 0 1 0 0 0 0 5 0 3 1 0 0 0 0 0
42.2504 3 3 2 2 0 1 0 0 0 0 4 0 3 0 0 0 0 0 0
46.8028 3 4 2 2 0 1 0 0 0 0 3 0 2 0 0 0 0 0 0
61.0022 3 4 1 1 0 2 0 0 0 0 4 0 2 0 0 0 0 0 0
61.1531 2 3 1 1 1 2 0 0 0 0 5 0 2 0 0 0 0 0 0
61.3 1 2 1 1 2 2 0 0 0 0 6 0 2 0 0 0 0 0 0
66.0925 2 2 1 1 1 2 0 0 0 0 6 0 3 0 0 0 0 0 0
69.0896 2 3 1 1 1 2 0 0 0 0 5 0 2 0 0 0 0 0 0
77.7371 1 2 1 1 2 2 0 0 0 0 6 0 2 0 0 0 0 0 0
81.1609 1 3 1 1 2 2 0 0 0 0 5 0 1 0 0 0 0 0 0
83.6786 1 3 2 1 2 1 0 0 0 0 5 0 1 0 1 0 0 0 0
85.276 1 2 2 1 1 1 0 1 0 0 6 0 1 0 1 0 0 0 0
99.1414 1 3 2 1 1 1 0 1 0 0 5 0 0 0 1 0 0 0 0
103.875 1 3 2 1 0 0 1 1 0 0 6 0 0 0 1 0 0 0 0
108.103 1 3 2 1 1 0 1 0 0 0 6 0 1 0 1 0 0 0 0
111.891 0 2 2 1 2 0 1 0 0 0 7 0 1 0 1 0 0 0 0
114.726 0 3 2 1 2 0 1 0 0 0 6 0 0 0 1 0 0 0 0
147.481 0 2 2 1 2 0 0 0 1 0 7 0 0 0 1 0 0 0 0
150.095 0 1 2 1 1 0 0 1 1 0 8 0 0 0 1 0 0 0 0
152.68 0 1 2 1 2 0 0 0 1 0 8 0 1 0 1 0 0 0 0
156.001 0 2 2 1 2 0 0 0 1 0 7 0 0 0 1 0 0 0 0
158.041 0 2 2 2 2 0 0 0 1 0 6 0 0 0 0 0 0 0 0
171.605 0 1 2 2 1 0 0 1 1 0 7 0 0 0 0 0 0 0 0
176.278 1 1 2 2 0 0 0 1 1 0 7 0 1 0 0 0 0 0 0
184.627 1 1 1 1 0 1 0 1 1 0 8 0 1 0 0 0 0 0 0
200.728 0 0 1 1 1 1 0 1 1 0 9 0 1 0 0 0 0 0 0
238.631 0 1 1 1 1 1 0 1 1 0 8 0 0 0 0 0 0 0 0
247.424 0 1 1 1 0 0 1 1 1 0 9 0 0 0 0 0 0 0 0
256.031 0 1 1 1 1 0 1 0 1 0 9 0 1 0 0 0 0 0 0
263.129 1 1 1 1 0 0 1 0 1 0 9 0 2 0 0 0 0 0 0
265.957 1 2 1 1 0 0 1 0 1 0 8 0 1 0 0 0 0 0 0
276.194 1 1 1 1 0 0 0 0 2 0 9 0 1 0 0 0 0 0 0
278.717 1 1 1 1 0 0 1 0 1 0 9 0 2 0 0 0 0 0 0
284.505 1 2 1 1 0 0 1 0 1 0 8 0 1 0 0 0 0 0 0
291.567 1 2 0 0 0 1 1 0 1 0 9 0 1 0 0 0 0 0 0
311.955 0 1 0 0 1 1 1 0 1 0 10 0 1 0 0 0 0 0 0
312.743 0 2 0 0 1 1 1 0 1 0 9 0 0 0 0 0 0 0 0
349.303 0 1 0 0 1 1 0 0 2 0 10 0 0 0 0 0 0 0 0
365.061 0 1 0 0 1 1 1 0 1 0 10 0 1 0 0 0 0 0 0
370.238 0 1 0 0 1 1 2 0 0 0 10 0 2 0 0 0 0 0 0
371.425 0 2 0 0 1 1 2 0 0 0 9 0 1 0 0 0 0 0 0
375.084 0 3 0 0 1 1 2 0 0 0 8 0 0 0 0 0 0 0 0
379.619 0 3 0 0 0 0 3 0 0 0 9 0 0 0 0 0 0 0 0
379.81 0 2 0 0 0 0 2 0 1 0 10 0 0 0 0 0 0 0 0
428.034 0 2 0 0 0 1 1 0 1 0 10 0 0 0 0 1 0 0 0
435.418 0 2 0 0 1 1 1 0 1 0 9 0 0 0 0 0 0 0 0
444.204 0 2 0 0 1 1 2 0 0 0 9 0 1 0 0 0 0 0 0
472.934 0 1 0 0 1 1 1 0 1 0 10 0 1 0 0 0 0 0 0
488.569 0 1 0 0 1 1 2 0 0 0 10 0 2 0 0 0 0 0 0
492.072 0 2 0 0 1 1 2 0 0 0 9 0 1 0 0 0 0 0 0
495.345 0 3 0 0 1 1 2 0 0 0 8 0 0 0 0 0 0 0 0
499.684 0 2 0 0 0 1 2 1 0 0 9 0 0 0 0 0 0 0 0
509.707 0 2 1 0 0 0 2 1 0 0 9 0 0 0 1 0 0 0 0
514.533 0 2 1 1 0 0 2 1 0 0 8 0 0 0 0 0 0 0 0
535.278 0 1 1 1 0 0 1 1 1 0 9 0 0 0 0 0 0 0 0
554.175 0 0 1 1 0 0 0 1 2 0 10 0 0 0 0 0 0 0 0
555.853 0 0 1 1 1 0 0 0 2 0 10 0 1 0 0 0 0 0 0
589.451 0 0 1 1 1 0 1 0 1 0 10 0 2 0 0 0 0 0 0
615.893 0 1 1 1 1 0 1 0 1 0 9 0 1 0 0 0 0 0 0
618.851 0 1 0 0 1 1 1 0 1 0 10 0 1 0 0 0 0 0 0
625.636 1 1 0 0 0 1 1 0 1 0 10 0 2 0 0 0 0 0 0
627.467 1 2 0 0 0 1 1 0 1 0 9 0 1 0 0 0 0 0 0
627.698 1 3 0 0 0 1 1 0 1 0 8 0 0 0 0 0 0 0 0
686.602 0 2 0 0 1 1 1 0 1 0 9 0 0 0 0 0 0 0 0
699.83 0 2 1 0 1 0 1 0 1 0 9 0 0 0 1 0 0 0 0
702.638 0 2 1 1 1 0 1 0 1 0 8 0 0 0 0 0 0 0 0
716.419 0 1 1 1 0 0 1 1 1 0 9 0 0 0 0 0 0 0 0
727.23 0 1 1 1 0 0 2 1 0 0 9 0 1 0 0 0 0 0 0
785.521 0 0 1 1 0 0 1 1 1 0 10 0 1 0 0 0 0 0 0
791.533 0 0 1 1 0 0 2 1 0 0 10 0 2 0 0 0 0 0 0
800.781 0 1 1 1 0 0 2 1 0 0 9 0 1 0 0 0 0 0 0
809.498 0 0 1 1 0 0 1 1 1 0 10 0 1 0 0 0 0 0 0
811.435 0 0 1 1 1 0 1 0 1 0 10 0 2 0 0 0 0 0 0
813.621 0 1 1 1 1 0 1 0 1 0 9 0 1 0 0 0 0 0 0
819.408 0 1 1 1 1 0 2 0 0 0 9 0 2 0 0 0 0 0 0
820.199 0 2 1 1 1 0 2 0 0 0 8 0 1 0 0 0 0 0 0
824.721 0 2 1 1 1 1 1 0 0 0 8 0 1 0 0 1 0 0 0
826.522 0 3 1 1 1 1 1 0 0 0 7 0 0 0 0 1 0 0 0
833.232 0 3 1 1 2 1 1 0 0 0 6 0 0 0 0 0 0 0 0
836.074 1 3 1 1 1 1 1 0 0 0 6 0 1 0 0 0 0 0 0
843.357 1 2 1 1 1 1 0 0 1 0 7 0 1 0 0 0 0 0 0
846.315 1 2 1 1 1 1 1 0 0 0 7 0 2 0 0 0 0 0 0
848.303 1 2 1 1 0 0 2 0 0 0 8 0 2 0 0 0 0 0 0
853.771 1 3 1 1 0 0 2 0 0 0 7 0 1 0 0 0 0 0 0
862.6 0 2 1 1 1 0 2 0 0 0 8 0 1 0 0 0 0 0 0
883.917 0 3 1 1 1 0 2 0 0 0 7 0 0 0 0 0 0 0 0
884.735 0 2 1 1 0 0 2 1 0 0 8 0 0 0 0 0 0 0 0
885.61 0 2 1 1 0 1 1 1 0 0 8 0 0 0 0 1 0 0 0
910.972 0 2 1 1 1 1 1 1 0 0 7 0 0 0 0 0 0 0 0
916.734 1 2 1 1 0 1 1 1 0 0 7 0 1 0 0 0 0 0 0
940.532 1 2 2 1 0 0 1 1 0 0 7 0 1 0 1 0 0 0 0
945.473 1 3 2 1 0 0 1 1 0 0 6 0 0 0 1 0 0 0 0
963.948 1 3 1 0 0 1 1 1 0 0 7 0 0 0 1 0 0 0 0
975.975 1 3 1 0 1 1 1 0 0 0 7 0 1 0 1 0 0 0 0
989.585 1 3 1 1 1 1 1 0 0 0 6 0 1 0 0 0 0 0 0
997.334 1 2 1 1 0 1 1 1 0 0 7 0 1 0 0 0 0 0 0
1007.48 0 1 1 1 1 1 1 1 0 0 8 0 1 0 0 0 0 0 0
1024.51 0 1 1 1 0 0 2 1 0 0 9 0 1 0 0 0 0 0 0
1043.54 0 2 1 1 0 0 2 1 0 0 8 0 0 0 0 0 0 0 0
1045.94 0 1 1 1 0 0 1 1 1 0 9 0 0 0 0 0 0 0 0
1051.86 0 1 1 1 1 0 1 0 1 0 9 0 1 0 0 0 0 0 0
1061.5 0 1 1 1 1 0 2 0 0 0 9 0 2 0 0 0 0 0 0
1065.67 1 1 1 1 0 0 2 0 0 0 9 0 3 0 0 0 0 0 0
1072.01 1 2 1 1 0 0 2 0 0 0 8 0 2 0 0 0 0 0 0
1072.37 1 3 1 1 0 0 2 0 0 0 7 0 1 0 0 0 0 0 0
1082.74 0 2 1 1 1 0 2 0 0 0 8 0 1 0 0 0 0 0 0
1089.54 0 3 1 1 1 0 2 0 0 0 7 0 0 0 0 0 0 0 0
1092.3 0 2 1 1 0 0 2 1 0 0 8 0 0 0 0 0 0 0 0
1122.13 0 2 0 0 0 1 2 1 0 0 9 0 0 0 0 0 0 0 0
1144.35 0 1 0 0 0 1 1 1 1 0 10 0 0 0 0 0 0 0 0
1193.06 0 1 0 0 0 1 2 1 0 0 10 0 1 0 0 0 0 0 0
1195.53 0 1 0 0 1 1 2 0 0 0 10 0 2 0 0 0 0 0 0
1198.5 0 2 0 0 1 1 2 0 0 0 9 0 1 0 0 0 0 0 0
1198.5 0 2 0 0 1 1 2 0 0 0 9 0 1 0 0 0 0 0 0
