0 0 0 0 0 0 0 0 0 0 0 15 3 6 3 3 0 0 0 0
0.779249 0 0 1 0 0 0 0 0 0 0 14 3 6 2 3 0 0 0 0
1.37945 0 0 1 1 0 0 0 0 0 0 13 3 6 2 2 0 0 0 0
1.81726 0 1 1 1 0 0 0 0 0 0 12 3 5 2 2 0 0 0 0
2.25974 0 2 1 1 0 0 0 0 0 0 11 3 4 2 2 0 0 0 0
2.98677 1 2 1 1 0 0 0 0 0 0 10 2 4 2 2 0 0 0 0
3.36404 1 2 1 2 0 0 0 0 0 0 9 2 4 2 1 0 0 0 0
7.48559 1 2 2 2 0 0 0 0 0 0 8 2 4 1 1 0 0 0 0
8.60349 1 2 3 2 0 0 0 0 0 0 7 2 4 0 1 0 0 0 0
9.14364 0 1 3 2 1 0 0 0 0 0 8 2 4 0 1 0 0 0 0
13.7749 0 2 3 2 1 0 0 0 0 0 7 2 3 0 1 0 0 0 0
15.1932 1 2 3 2 1 0 0 0 0 0 6 1 3 0 1 0 0 0 0
17.6428 1 2 2 1 1 1 0 0 0 0 7 1 3 0 1 0 0 0 0
25.0214 1 1 2 1 0 1 0 1 0 0 8 1 3 0 1 0 0 0 0
29.5637 1 1 2 1 1 1 0 0 0 0 8 1 4 0 1 0 0 0 0
36.9473 2 1 2 1 0 1 0 0 0 0 8 1 5 0 1 0 0 0 0
40.5462 2 2 2 1 0 1 0 0 0 0 7 1 4 0 1 0 0 0 0
40.7758 2 2 2 2 0 1 0 0 0 0 6 1 4 0 0 0 0 0 0
44.3248 2 3 2 2 0 1 0 0 0 0 5 1 3 0 0 0 0 0 0
46.9605 1 2 2 2 1 1 0 0 0 0 6 1 3 0 0 0 0 0 0
46.9752 1 1 2 2 0 1 0 1 0 0 7 1 3 0 0 0 0 0 0
50.8473 1 2 2 2 0 1 0 1 0 0 6 1 2 0 0 0 0 0 0
61.1705 1 3 2 2 0 1 0 1 0 0 5 1 1 0 0 0 0 0 0
65.8809 1 4 2 2 0 1 0 1 0 0 4 1 0 0 0 0 0 0 0
71.5128 1 4 1 1 0 2 0 1 0 0 5 1 0 0 0 0 0 0 0
72.2388 2 4 1 1 0 2 0 1 0 0 4 0 0 0 0 0 0 0 0
86.257 2 4 0 0 0 3 0 1 0 0 5 0 0 0 0 0 0 0 0
96.7474 2 4 1 0 0 2 0 1 0 0 5 0 0 0 1 0 0 0 0
99.3061 1 3 1 0 1 2 0 1 0 0 6 0 0 0 1 0 0 0 0
135.923 0 2 1 0 2 2 0 1 0 0 7 0 0 0 1 0 0 0 0
138.352 0 2 1 0 1 1 1 1 0 0 8 0 0 0 1 0 0 0 0
148.953 0 2 1 0 0 0 2 1 0 0 9 0 0 0 1 0 0 0 0
152.494 0 1 1 0 0 0 1 1 1 0 10 0 0 0 1 0 0 0 0
152.53 0 1 1 0 0 0 2 1 0 0 10 0 1 0 1 0 0 0 0
153.359 0 1 1 1 0 0 2 1 0 0 9 0 1 0 0 0 0 0 0
162.617 0 2 1 1 0 0 2 1 0 0 8 0 0 0 0 0 0 0 0
163.46 0 2 1 1 1 0 2 0 0 0 8 0 1 0 0 0 0 0 0
166.171 0 1 1 1 1 0 1 0 1 0 9 0 1 0 0 0 0 0 0
169.602 1 1 1 1 0 0 1 0 1 0 9 0 2 0 0 0 0 0 0
187.167 1 1 1 1 0 0 2 0 0 0 9 0 3 0 0 0 0 0 0
189.088 0 0 1 1 1 0 2 0 0 0 10 0 3 0 0 0 0 0 0
208.697 0 1 1 1 1 0 2 0 0 0 9 0 2 0 0 0 0 0 0
211.996 1 1 1 1 0 0 2 0 0 0 9 0 3 0 0 0 0 0 0
213.621 1 2 1 1 0 0 2 0 0 0 8 0 2 0 0 0 0 0 0
215.055 1 3 1 1 0 0 2 0 0 0 7 0 1 0 0 0 0 0 0
221.653 1 2 1 1 0 0 1 0 1 0 8 0 1 0 0 0 0 0 0
222.39 1 3 1 1 0 0 1 0 1 0 7 0 0 0 0 0 0 0 0
229.319 1 3 1 1 0 0 2 0 0 0 7 0 1 0 0 0 0 0 0
274.327 1 2 1 1 0 0 1 0 1 0 8 0 1 0 0 0 0 0 0
275.346 1 3 1 1 0 0 1 0 1 0 7 0 0 0 0 0 0 0 0
294.984 1 2 1 1 0 0 0 0 2 0 8 0 0 0 0 0 0 0 0
297.296 0 1 1 1 1 0 0 0 2 0 9 0 0 0 0 0 0 0 0
307.817 0 1 1 1 1 0 1 0 1 0 9 0 1 0 0 0 0 0 0
318 0 1 0 0 1 1 1 0 1 0 10 0 1 0 0 0 0 0 0
319.12 0 1 0 0 1 2 0 0 1 0 10 0 1 0 0 1 0 0 0
326.696 0 2 0 0 1 2 0 0 1 0 9 0 0 0 0 1 0 0 0
333.264 1 2 0 0 0 2 0 0 1 0 9 0 1 0 0 1 0 0 0
337.134 0 1 0 0 1 2 0 0 1 0 10 0 1 0 0 1 0 0 0
339.618 0 1 0 0 1 2 1 0 0 0 10 0 2 0 0 1 0 0 0
343.799 0 2 0 0 1 2 1 0 0 0 9 0 1 0 0 1 0 0 0
356.307 0 2 0 0 2 2 1 0 0 0 8 0 1 0 0 0 0 0 0
356.41 0 2 0 0 1 1 2 0 0 0 9 0 1 0 0 0 0 0 0
359.486 1 2 0 0 0 1 2 0 0 0 9 0 2 0 0 0 0 0 0
361.843 1 3 0 0 0 1 2 0 0 0 8 0 1 0 0 0 0 0 0
385.378 1 3 1 0 0 0 2 0 0 0 8 0 1 0 1 0 0 0 0
388.872 1 2 1 0 0 0 1 0 1 0 9 0 1 0 1 0 0 0 0
388.894 1 2 1 0 0 0 2 0 0 0 9 0 2 0 1 0 0 0 0
394.687 1 3 1 0 0 0 2 0 0 0 8 0 1 0 1 0 0 0 0
394.849 1 4 1 0 0 0 2 0 0 0 7 0 0 0 1 0 0 0 0
402.558 1 4 1 1 0 0 2 0 0 0 6 0 0 0 0 0 0 0 0
427.509 1 3 1 1 0 0 1 0 1 0 7 0 0 0 0 0 0 0 0
436.495 1 2 1 1 0 0 0 0 2 0 8 0 0 0 0 0 0 0 0
437.124 0 1 1 1 1 0 0 0 2 0 9 0 0 0 0 0 0 0 0
443.145 0 1 1 1 1 0 1 0 1 0 9 0 1 0 0 0 0 0 0
451.37 0 2 1 1 1 0 1 0 1 0 8 0 0 0 0 0 0 0 0
480.698 1 2 1 1 0 0 1 0 1 0 8 0 1 0 0 0 0 0 0
481.589 0 1 1 1 1 0 1 0 1 0 9 0 1 0 0 0 0 0 0
486.221 0 1 1 1 1 0 2 0 0 0 9 0 2 0 0 0 0 0 0
490.298 1 1 1 1 0 0 2 0 0 0 9 0 3 0 0 0 0 0 0
498.358 1 2 1 1 0 0 2 0 0 0 8 0 2 0 0 0 0 0 0
498.972 1 3 1 1 0 0 2 0 0 0 7 0 1 0 0 0 0 0 0
500.051 1 4 1 1 0 0 2 0 0 0 6 0 0 0 0 0 0 0 0
511.352 0 3 1 1 1 0 2 0 0 0 7 0 0 0 0 0 0 0 0
524.832 0 2 1 1 1 0 1 0 1 0 8 0 0 0 0 0 0 0 0
525.508 0 2 1 1 1 0 2 0 0 0 8 0 1 0 0 0 0 0 0
543.778 0 2 0 0 1 1 2 0 0 0 9 0 1 0 0 0 0 0 0
553.841 0 2 1 0 1 0 2 0 0 0 9 0 1 0 1 0 0 0 0
558.42 0 1 1 0 0 0 2 1 0 0 10 0 1 0 1 0 0 0 0
562.5 0 0 1 0 0 0 1 1 1 0 11 0 1 0 1 0 0 0 0
563.803 0 0 1 1 0 0 1 1 1 0 10 0 1 0 0 0 0 0 0
594.016 0 1 1 1 0 0 1 1 1 0 9 0 0 0 0 0 0 0 0
604.658 0 1 1 1 1 0 1 0 1 0 9 0 1 0 0 0 0 0 0
605.048 0 0 1 1 1 0 0 0 2 0 10 0 1 0 0 0 0 0 0
609.383 0 0 1 1 1 0 1 0 1 0 10 0 2 0 0 0 0 0 0
615.246 0 1 1 1 1 0 1 0 1 0 9 0 1 0 0 0 0 0 0
629.968 1 1 1 1 0 0 1 0 1 0 9 0 2 0 0 0 0 0 0
632.232 1 1 0 0 0 1 1 0 1 0 10 0 2 0 0 0 0 0 0
641.464 0 0 0 0 1 1 1 0 1 0 11 0 2 0 0 0 0 0 0
648.146 0 1 0 0 1 1 1 0 1 0 10 0 1 0 0 0 0 0 0
656.741 1 1 0 0 0 1 1 0 1 0 10 0 2 0 0 0 0 0 0
668.454 1 2 0 0 0 1 1 0 1 0 9 0 1 0 0 0 0 0 0
679.51 1 2 0 0 0 1 2 0 0 0 9 0 2 0 0 0 0 0 0
701.181 1 3 0 0 0 1 2 0 0 0 8 0 1 0 0 0 0 0 0
704.148 1 3 0 0 0 2 1 0 0 0 8 0 1 0 0 1 0 0 0
705.302 1 4 0 0 0 2 1 0 0 0 7 0 0 0 0 1 0 0 0
709.066 1 4 0 0 1 2 1 0 0 0 6 0 0 0 0 0 0 0 0
715.095 0 3 0 0 2 2 1 0 0 0 7 0 0 0 0 0 0 0 0
716.044 0 2 0 0 1 2 1 1 0 0 8 0 0 0 0 0 0 0 0
727.777 0 2 0 0 1 1 1 0 0 1 9 0 0 0 0 0 0 0 0
728.87 1 2 0 0 0 1 1 0 0 1 9 0 1 0 0 0 0 0 0
745.354 0 1 0 0 1 1 1 0 0 1 10 0 1 0 0 0 0 0 0
777.718 0 2 0 0 1 1 1 0 0 1 9 0 0 0 0 0 0 0 0
804.128 0 1 0 0 1 1 0 0 1 1 10 0 0 0 0 0 0 0 0
847.317 0 1 1 0 1 0 0 0 1 1 10 0 0 0 1 0 0 0 0
849.088 0 1 1 0 1 0 1 0 0 1 10 0 1 0 1 0 0 0 0
851.12 0 0 1 0 1 0 0 0 1 1 11 0 1 0 1 0 0 0 0
852.287 1 0 1 0 0 0 0 0 1 1 11 0 2 0 1 0 0 0 0
856.363 1 0 1 1 0 0 0 0 1 1 10 0 2 0 0 0 0 0 0
857.55 1 0 1 1 0 0 1 0 0 1 10 0 3 0 0 0 0 0 0
861.664 1 1 1 1 0 0 1 0 0 1 9 0 2 0 0 0 0 0 0
864.649 1 1 1 1 0 1 0 0 0 1 9 0 2 0 0 1 0 0 0
867.969 1 2 1 1 0 1 0 0 0 1 8 0 1 0 0 1 0 0 0
876.923 1 3 1 1 0 1 0 0 0 1 7 0 0 0 0 1 0 0 0
885.3 1 3 1 1 1 1 0 0 0 1 6 0 0 0 0 0 0 0 0
886.269 1 2 1 1 0 1 0 1 0 1 7 0 0 0 0 0 0 0 0
905.203 0 1 1 1 1 1 0 1 0 1 8 0 0 0 0 0 0 0 0
912.849 1 1 1 1 0 1 0 1 0 1 8 0 1 0 0 0 0 0 0
935.324 1 2 1 1 0 1 0 1 0 1 7 0 0 0 0 0 0 0 0
941.096 0 1 1 1 1 1 0 1 0 1 8 0 0 0 0 0 0 0 0
959.784 1 1 1 1 0 1 0 1 0 1 8 0 1 0 0 0 0 0 0
966.521 0 0 1 1 1 1 0 1 0 1 9 0 1 0 0 0 0 0 0
971.555 0 0 2 1 1 0 0 1 0 1 9 0 1 0 1 0 0 0 0
987.637 0 0 1 0 1 1 0 1 0 1 10 0 1 0 1 0 0 0 0
995.473 0 0 1 1 1 1 0 1 0 1 9 0 1 0 0 0 0 0 0
1008.18 0 1 1 1 1 1 0 1 0 1 8 0 0 0 0 0 0 0 0
1013.36 0 1 0 0 1 2 0 1 0 1 9 0 0 0 0 0 0 0 0
1040.52 0 1 0 0 1 1 0 0 0 2 10 0 0 0 0 0 0 0 0
1081.49 1 1 0 0 0 1 0 0 0 2 10 0 1 0 0 0 0 0 0
1084.41 1 2 0 0 0 1 0 0 0 2 9 0 0 0 0 0 0 0 0
1149.68 1 2 1 0 0 0 0 0 0 2 9 0 0 0 1 0 0 0 0
1174.56 1 2 1 1 0 0 0 0 0 2 8 0 0 0 0 0 0 0 0
1176.64 1 2 0 0 0 1 0 0 0 2 9 0 0 0 0 0 0 0 0
1176.64 1 2 0 0 0 1 0 0 0 2 9 0 0 0 0 0 0 0 0
