0 0 0 0 0 0 0 0 0 0 0 15 3 6 3 3 0 0 0 0
0.0330594 0 1 0 0 0 0 0 0 0 0 14 3 5 3 3 0 0 0 0
1.14824 0 1 0 1 0 0 0 0 0 0 13 3 5 3 2 0 0 0 0
2.37309 0 2 0 1 0 0 0 0 0 0 12 3 4 3 2 0 0 0 0
2.87224 0 2 0 2 0 0 0 0 0 0 11 3 4 3 1 0 0 0 0
3.95018 1 2 0 2 0 0 0 0 0 0 10 2 4 3 1 0 0 0 0
3.99946 1 3 0 2 0 0 0 0 0 0 9 2 3 3 1 0 0 0 0
10.0255 1 4 0 2 0 0 0 0 0 0 8 2 2 3 1 0 0 0 0
12.5822 2 4 0 2 0 0 0 0 0 0 7 1 2 3 1 0 0 0 0
15.3202 2 5 0 2 0 0 0 0 0 0 6 1 1 3 1 0 0 0 0
16.469 1 4 0 2 1 0 0 0 0 0 7 1 1 3 1 0 0 0 0
18.1334 0 3 0 2 2 0 0 0 0 0 8 1 1 3 1 0 0 0 0
18.2362 0 3 1 2 2 0 0 0 0 0 7 1 1 2 1 0 0 0 0
18.7744 0 3 2 2 2 0 0 0 0 0 6 1 1 1 1 0 0 0 0
39.7022 0 3 2 3 2 0 0 0 0 0 5 1 1 1 0 0 0 0 0
45.2507 0 4 2 3 2 0 0 0 0 0 4 1 0 1 0 0 0 0 0
49.9478 0 3 2 3 1 0 0 1 0 0 5 1 0 1 0 0 0 0 0
61.6483 0 3 3 3 1 0 0 1 0 0 4 1 0 0 0 0 0 0 0
72.8193 0 2 3 3 0 0 0 2 0 0 5 1 0 0 0 0 0 0 0
84.4659 1 2 3 3 0 0 0 2 0 0 4 0 0 0 0 0 0 0 0
92.2867 1 2 3 3 1 0 0 1 0 0 4 0 1 0 0 0 0 0 0
92.4592 1 2 2 2 1 1 0 1 0 0 5 0 1 0 0 0 0 0 0
104.77 0 1 2 2 2 1 0 1 0 0 6 0 1 0 0 0 0 0 0
104.85 1 1 2 2 1 1 0 1 0 0 6 0 2 0 0 0 0 0 0
114.886 2 1 2 2 0 1 0 1 0 0 6 0 3 0 0 0 0 0 0
128.977 2 2 2 2 0 1 0 1 0 0 5 0 2 0 0 0 0 0 0
131.437 2 3 2 2 0 1 0 1 0 0 4 0 1 0 0 0 0 0 0
173.554 2 3 3 2 0 0 0 1 0 0 4 0 1 0 1 0 0 0 0
178.896 2 3 3 3 0 0 0 1 0 0 3 0 1 0 0 0 0 0 0
185.129 2 3 2 2 0 1 0 1 0 0 4 0 1 0 0 0 0 0 0
187.387 2 3 2 2 1 1 0 0 0 0 4 0 2 0 0 0 0 0 0
195.449 1 2 2 2 2 1 0 0 0 0 5 0 2 0 0 0 0 0 0
207.587 1 1 2 2 1 1 0 1 0 0 6 0 2 0 0 0 0 0 0
225.976 1 1 2 2 1 0 0 0 0 1 7 0 2 0 0 0 0 0 0
245.47 2 1 2 2 0 0 0 0 0 1 7 0 3 0 0 0 0 0 0
253.858 2 2 2 2 0 0 0 0 0 1 6 0 2 0 0 0 0 0 0
267.776 2 2 1 1 0 1 0 0 0 1 7 0 2 0 0 0 0 0 0
267.882 2 2 2 1 0 0 0 0 0 1 7 0 2 0 1 0 0 0 0
275.077 2 2 2 2 0 0 0 0 0 1 6 0 2 0 0 0 0 0 0
298.487 2 3 2 2 0 0 0 0 0 1 5 0 1 0 0 0 0 0 0
307.121 1 2 2 2 1 0 0 0 0 1 6 0 1 0 0 0 0 0 0
312.077 1 2 1 1 1 1 0 0 0 1 7 0 1 0 0 0 0 0 0
312.318 2 2 1 1 0 1 0 0 0 1 7 0 2 0 0 0 0 0 0
313.6 2 3 1 1 0 1 0 0 0 1 6 0 1 0 0 0 0 0 0
321.786 1 2 1 1 1 1 0 0 0 1 7 0 1 0 0 0 0 0 0
322.048 1 2 1 1 0 0 1 0 0 1 8 0 1 0 0 0 0 0 0
351.491 1 2 0 0 0 1 1 0 0 1 9 0 1 0 0 0 0 0 0
360.26 1 1 0 0 0 1 0 0 1 1 10 0 1 0 0 0 0 0 0
363.721 1 2 0 0 0 1 0 0 1 1 9 0 0 0 0 0 0 0 0
373.32 1 2 0 0 0 1 1 0 0 1 9 0 1 0 0 0 0 0 0
374.35 1 3 0 0 0 1 1 0 0 1 8 0 0 0 0 0 0 0 0
392.283 0 2 0 0 1 1 1 0 0 1 9 0 0 0 0 0 0 0 0
416.935 0 1 0 0 0 1 1 1 0 1 10 0 0 0 0 0 0 0 0
433.684 0 1 1 0 0 0 1 1 0 1 10 0 0 0 1 0 0 0 0
450.638 0 1 1 1 0 0 1 1 0 1 9 0 0 0 0 0 0 0 0
511.148 0 1 1 1 1 0 1 0 0 1 9 0 1 0 0 0 0 0 0
513.5 0 2 1 1 1 0 1 0 0 1 8 0 0 0 0 0 0 0 0
514.501 1 2 1 1 0 0 1 0 0 1 8 0 1 0 0 0 0 0 0
526.621 1 3 1 1 0 0 1 0 0 1 7 0 0 0 0 0 0 0 0
550.41 1 2 1 1 0 0 0 0 1 1 8 0 0 0 0 0 0 0 0
587.514 0 1 1 1 1 0 0 0 1 1 9 0 0 0 0 0 0 0 0
615.098 1 1 1 1 0 0 0 0 1 1 9 0 1 0 0 0 0 0 0
623.272 1 2 1 1 0 0 0 0 1 1 8 0 0 0 0 0 0 0 0
637.043 0 1 1 1 1 0 0 0 1 1 9 0 0 0 0 0 0 0 0
660.043 0 1 0 0 1 1 0 0 1 1 10 0 0 0 0 0 0 0 0
705.645 0 0 0 0 0 1 0 1 1 1 11 0 0 0 0 0 0 0 0
706.337 0 0 0 0 0 1 1 1 0 1 11 0 1 0 0 0 0 0 0
723.218 0 0 1 0 0 0 1 1 0 1 11 0 1 0 1 0 0 0 0
725.691 0 0 1 1 0 0 1 1 0 1 10 0 1 0 0 0 0 0 0
730.347 0 0 0 0 0 1 1 1 0 1 11 0 1 0 0 0 0 0 0
740.857 0 1 0 0 0 1 1 1 0 1 10 0 0 0 0 0 0 0 0
744.703 0 1 0 0 0 0 1 0 0 2 11 0 0 0 0 0 0 0 0
774.431 0 1 0 0 0 1 0 0 0 2 11 0 0 0 0 1 0 0 0
822.324 0 1 1 0 0 0 0 0 0 2 11 0 0 0 1 1 0 0 0
827.053 0 1 1 1 0 0 0 0 0 2 10 0 0 0 0 1 0 0 0
918.744 0 1 1 1 1 0 0 0 0 2 9 0 0 0 0 0 0 0 0
935.46 0 1 0 0 1 1 0 0 0 2 10 0 0 0 0 0 0 0 0
935.497 0 1 0 0 0 0 1 0 0 2 11 0 0 0 0 0 0 0 0
951.792 0 0 0 0 0 0 0 0 1 2 12 0 0 0 0 0 0 0 0
989.311 0 0 0 0 0 0 1 0 0 2 12 0 1 0 0 0 0 0 0
1000.86 0 1 0 0 0 0 1 0 0 2 11 0 0 0 0 0 0 0 0
1145.28 0 0 0 0 0 0 0 0 1 2 12 0 0 0 0 0 0 0 0
1154.86 0 0 0 0 0 0 1 0 0 2 12 0 1 0 0 0 0 0 0
1162.64 0 1 0 0 0 0 1 0 0 2 11 0 0 0 0 0 0 0 0
1162.64 0 1 0 0 0 0 1 0 0 2 11 0 0 0 0 0 0 0 0
