0 0 0 0 0 0 0 0 0 0 0 15 3 6 3 3 0 0 0 0
1.4974 0 1 0 0 0 0 0 0 0 0 14 3 5 3 3 0 0 0 0
4.70856 0 2 0 0 0 0 0 0 0 0 13 3 4 3 3 0 0 0 0
10.3124 1 2 0 0 0 0 0 0 0 0 12 2 4 3 3 0 0 0 0
13.8673 1 2 1 0 0 0 0 0 0 0 11 2 4 2 3 0 0 0 0
14.2164 1 3 1 0 0 0 0 0 0 0 10 2 3 2 3 0 0 0 0
14.8332 1 3 1 1 0 0 0 0 0 0 9 2 3 2 2 0 0 0 0
15.2954 0 2 1 1 1 0 0 0 0 0 10 2 3 2 2 0 0 0 0
18.9148 0 3 1 1 1 0 0 0 0 0 9 2 2 2 2 0 0 0 0
21.3034 0 4 1 1 1 0 0 0 0 0 8 2 1 2 2 0 0 0 0
23.0658 0 4 1 2 1 0 0 0 0 0 7 2 1 2 1 0 0 0 0
25.9566 0 4 2 2 1 0 0 0 0 0 6 2 1 1 1 0 0 0 0
28.9209 0 4 2 3 1 0 0 0 0 0 5 2 1 1 0 0 0 0 0
30.9536 0 4 1 2 1 1 0 0 0 0 6 2 1 1 0 0 0 0 0
35.5282 0 4 2 2 1 1 0 0 0 0 5 2 1 0 0 0 0 0 0
38.0983 0 4 3 2 1 0 0 0 0 0 5 2 1 0 1 0 0 0 0
40.6362 0 4 3 3 1 0 0 0 0 0 4 2 1 0 0 0 0 0 0
42.1965 1 4 3 3 1 0 0 0 0 0 3 1 1 0 0 0 0 0 0
51.7312 2 4 3 3 0 0 0 0 0 0 3 1 2 0 0 0 0 0 0
52.1939 1 3 3 3 1 0 0 0 0 0 4 1 2 0 0 0 0 0 0
56.1732 2 3 3 3 1 0 0 0 0 0 3 0 2 0 0 0 0 0 0
57.9524 1 2 3 3 2 0 0 0 0 0 4 0 2 0 0 0 0 0 0
61.1098 1 1 3 3 1 0 0 1 0 0 5 0 2 0 0 0 0 0 0
69.9964 1 2 3 3 1 0 0 1 0 0 4 0 1 0 0 0 0 0 0
70.6033 2 2 3 3 0 0 0 1 0 0 4 0 2 0 0 0 0 0 0
84.2209 2 2 2 2 0 1 0 1 0 0 5 0 2 0 0 0 0 0 0
90.4183 2 2 2 2 1 1 0 0 0 0 5 0 3 0 0 0 0 0 0
99.5667 1 1 2 2 2 1 0 0 0 0 6 0 3 0 0 0 0 0 0
102.056 1 2 2 2 2 1 0 0 0 0 5 0 2 0 0 0 0 0 0
116.728 0 1 2 2 3 1 0 0 0 0 6 0 2 0 0 0 0 0 0
117.319 0 2 2 2 3 1 0 0 0 0 5 0 1 0 0 0 0 0 0
119.996 1 2 2 2 2 1 0 0 0 0 5 0 2 0 0 0 0 0 0
122.442 1 1 2 2 1 1 0 1 0 0 6 0 2 0 0 0 0 0 0
132.191 1 2 2 2 1 1 0 1 0 0 5 0 1 0 0 0 0 0 0
144.858 1 2 1 1 1 2 0 1 0 0 6 0 1 0 0 0 0 0 0
158.117 1 2 2 1 1 1 0 1 0 0 6 0 1 0 1 0 0 0 0
158.68 1 2 2 2 1 1 0 1 0 0 5 0 1 0 0 0 0 0 0
159.218 1 1 2 2 0 1 0 2 0 0 6 0 1 0 0 0 0 0 0
166.362 1 1 1 1 0 2 0 2 0 0 7 0 1 0 0 0 0 0 0
178.349 1 1 1 1 0 1 0 1 0 1 8 0 1 0 0 0 0 0 0
180.119 1 1 1 1 1 1 0 0 0 1 8 0 2 0 0 0 0 0 0
180.909 2 1 1 1 0 1 0 0 0 1 8 0 3 0 0 0 0 0 0
201.27 2 1 0 0 0 2 0 0 0 1 9 0 3 0 0 0 0 0 0
208.699 2 2 0 0 0 2 0 0 0 1 8 0 2 0 0 0 0 0 0
240.391 2 3 0 0 0 2 0 0 0 1 7 0 1 0 0 0 0 0 0
243.443 2 4 0 0 0 2 0 0 0 1 6 0 0 0 0 0 0 0 0
267.716 1 3 0 0 1 2 0 0 0 1 7 0 0 0 0 0 0 0 0
276.421 2 3 0 0 0 2 0 0 0 1 7 0 1 0 0 0 0 0 0
279.052 2 4 0 0 0 2 0 0 0 1 6 0 0 0 0 0 0 0 0
284.194 2 4 1 0 0 1 0 0 0 1 6 0 0 0 1 0 0 0 0
285.728 2 4 1 1 0 1 0 0 0 1 5 0 0 0 0 0 0 0 0
291.112 1 3 1 1 1 1 0 0 0 1 6 0 0 0 0 0 0 0 0
294.525 1 2 1 1 0 1 0 1 0 1 7 0 0 0 0 0 0 0 0
321.806 0 1 1 1 1 1 0 1 0 1 8 0 0 0 0 0 0 0 0
325.319 1 1 1 1 0 1 0 1 0 1 8 0 1 0 0 0 0 0 0
331.656 1 2 1 1 0 1 0 1 0 1 7 0 0 0 0 0 0 0 0
332.353 1 2 1 1 0 0 0 0 0 2 8 0 0 0 0 0 0 0 0
559.277 0 1 1 1 1 0 0 0 0 2 9 0 0 0 0 0 0 0 0
572.613 0 0 1 1 0 0 0 1 0 2 10 0 0 0 0 0 0 0 0
591.692 0 0 1 1 1 0 0 0 0 2 10 0 1 0 0 0 0 0 0
595.774 0 1 1 1 1 0 0 0 0 2 9 0 0 0 0 0 0 0 0
611.658 1 1 1 1 0 0 0 0 0 2 9 0 1 0 0 0 0 0 0
614.245 0 0 1 1 1 0 0 0 0 2 10 0 1 0 0 0 0 0 0
618.6 0 1 1 1 1 0 0 0 0 2 9 0 0 0 0 0 0 0 0
627.282 1 1 1 1 0 0 0 0 0 2 9 0 1 0 0 0 0 0 0
635.443 1 2 1 1 0 0 0 0 0 2 8 0 0 0 0 0 0 0 0
693.86 0 1 1 1 1 0 0 0 0 2 9 0 0 0 0 0 0 0 0
721.217 0 1 0 0 1 1 0 0 0 2 10 0 0 0 0 0 0 0 0
723.355 1 1 0 0 0 1 0 0 0 2 10 0 1 0 0 0 0 0 0
746.341 1 2 0 0 0 1 0 0 0 2 9 0 0 0 0 0 0 0 0
810.017 1 2 1 0 0 0 0 0 0 2 9 0 0 0 1 0 0 0 0
827.328 0 1 1 0 1 0 0 0 0 2 10 0 0 0 1 0 0 0 0
840.124 0 1 1 1 1 0 0 0 0 2 9 0 0 0 0 0 0 0 0
884.015 0 1 0 0 1 1 0 0 0 2 10 0 0 0 0 0 0 0 0
891.674 0 1 1 0 1 0 0 0 0 2 10 0 0 0 1 0 0 0 0
896.183 0 1 1 1 1 0 0 0 0 2 9 0 0 0 0 0 0 0 0
921.015 0 0 1 1 0 0 0 1 0 2 10 0 0 0 0 0 0 0 0
974.706 0 0 0 0 0 1 0 1 0 2 11 0 0 0 0 0 0 0 0
1013.73 0 0 0 0 0 0 0 0 0 3 12 0 0 0 0 0 0 0 0
1088.41 0 0 0 0 0 1 0 0 0 2 12 0 0 0 0 0 0 0 1
1098.09 0 0 0 0 0 1 0 1 0 2 11 0 0 0 0 0 0 0 0
1109.52 0 0 0 0 1 1 0 0 0 2 11 0 1 0 0 0 0 0 0
1110.47 1 0 0 0 0 1 0 0 0 2 11 0 2 0 0 0 0 0 0
1111.95 1 1 0 0 0 1 0 0 0 2 10 0 1 0 0 0 0 0 0
1114.69 0 0 0 0 1 1 0 0 0 2 11 0 1 0 0 0 0 0 0
1121.79 0 0 0 0 0 0 1 0 0 2 12 0 1 0 0 0 0 0 0
1121.85 0 1 0 0 0 0 1 0 0 2 11 0 0 0 0 0 0 0 0
1121.85 0 1 0 0 0 0 1 0 0 2 11 0 0 0 0 0 0 0 0
