0 0 0 0 0 0 0 0 0 0 0 15 3 6 3 3 0 0 0 0
1.01363 0 1 0 0 0 0 0 0 0 0 14 3 5 3 3 0 0 0 0
1.02743 0 2 0 0 0 0 0 0 0 0 13 3 4 3 3 0 0 0 0
2.00679 1 2 0 0 0 0 0 0 0 0 12 2 4 3 3 0 0 0 0
3.81411 1 2 0 1 0 0 0 0 0 0 11 2 4 3 2 0 0 0 0
4.72935 1 2 0 2 0 0 0 0 0 0 10 2 4 3 1 0 0 0 0
7.48773 2 2 0 2 0 0 0 0 0 0 9 1 4 3 1 0 0 0 0
7.72916 2 2 0 3 0 0 0 0 0 0 8 1 4 3 0 0 0 0 0
8.50937 2 3 0 3 0 0 0 0 0 0 7 1 3 3 0 0 0 0 0
9.98274 2 3 1 3 0 0 0 0 0 0 6 1 3 2 0 0 0 0 0
12.9681 3 3 1 3 0 0 0 0 0 0 5 0 3 2 0 0 0 0 0
13.7053 2 2 1 3 1 0 0 0 0 0 6 0 3 2 0 0 0 0 0
22.5868 2 1 1 3 0 0 0 1 0 0 7 0 3 2 0 0 0 0 0
32.2276 2 2 1 3 0 0 0 1 0 0 6 0 2 2 0 0 0 0 0
33.2571 2 3 1 3 0 0 0 1 0 0 5 0 1 2 0 0 0 0 0
33.4824 1 2 1 3 1 0 0 1 0 0 6 0 1 2 0 0 0 0 0
45.6348 2 2 1 3 0 0 0 1 0 0 6 0 2 2 0 0 0 0 0
52.2812 1 1 1 3 1 0 0 1 0 0 7 0 2 2 0 0 0 0 0
53.2058 1 1 2 3 1 0 0 1 0 0 6 0 2 1 0 0 0 0 0
61.752 1 1 1 2 1 1 0 1 0 0 7 0 2 1 0 0 0 0 0
64.2774 1 1 2 2 1 1 0 1 0 0 6 0 2 0 0 0 0 0 0
86.6391 1 2 2 2 1 1 0 1 0 0 5 0 1 0 0 0 0 0 0
106.418 1 3 2 2 1 1 0 1 0 0 4 0 0 0 0 0 0 0 0
107.761 1 3 3 2 1 0 0 1 0 0 4 0 0 0 1 0 0 0 0
113.2 1 2 3 2 0 0 0 2 0 0 5 0 0 0 1 0 0 0 0
114.984 0 1 3 2 1 0 0 2 0 0 6 0 0 0 1 0 0 0 0
116.174 0 1 3 2 2 0 0 1 0 0 6 0 1 0 1 0 0 0 0
134.733 0 1 2 1 2 1 0 1 0 0 7 0 1 0 1 0 0 0 0
135.081 0 0 2 1 1 1 0 2 0 0 8 0 1 0 1 0 0 0 0
139.908 0 0 2 2 1 1 0 2 0 0 7 0 1 0 0 0 0 0 0
143.613 1 0 2 2 0 1 0 2 0 0 7 0 2 0 0 0 0 0 0
144.862 1 1 2 2 0 1 0 2 0 0 6 0 1 0 0 0 0 0 0
147.18 1 1 1 1 0 2 0 2 0 0 7 0 1 0 0 0 0 0 0
148.03 1 1 1 1 1 2 0 1 0 0 7 0 2 0 0 0 0 0 0
148.053 1 1 1 1 0 1 1 1 0 0 8 0 2 0 0 0 0 0 0
150.118 1 2 1 1 0 1 1 1 0 0 7 0 1 0 0 0 0 0 0
199.595 1 3 1 1 0 1 1 1 0 0 6 0 0 0 0 0 0 0 0
206.373 0 2 1 1 1 1 1 1 0 0 7 0 0 0 0 0 0 0 0
209.344 0 1 1 1 0 1 1 2 0 0 8 0 0 0 0 0 0 0 0
210.201 0 1 1 1 0 0 1 1 0 1 9 0 0 0 0 0 0 0 0
211.439 0 1 1 1 1 0 1 0 0 1 9 0 1 0 0 0 0 0 0
227.479 0 2 1 1 1 0 1 0 0 1 8 0 0 0 0 0 0 0 0
239.934 0 1 1 1 1 0 0 0 1 1 9 0 0 0 0 0 0 0 0
242.206 1 1 1 1 0 0 0 0 1 1 9 0 1 0 0 0 0 0 0
249.684 1 1 1 1 0 0 1 0 0 1 9 0 2 0 0 0 0 0 0
264.092 1 0 1 1 0 0 0 0 1 1 10 0 2 0 0 0 0 0 0
265.942 1 0 1 1 0 0 1 0 0 1 10 0 3 0 0 0 0 0 0
266.545 1 1 1 1 0 0 1 0 0 1 9 0 2 0 0 0 0 0 0
279.805 1 2 1 1 0 0 1 0 0 1 8 0 1 0 0 0 0 0 0
301.003 1 2 0 0 0 1 1 0 0 1 9 0 1 0 0 0 0 0 0
301.191 1 3 0 0 0 1 1 0 0 1 8 0 0 0 0 0 0 0 0
303.249 1 3 0 0 0 2 0 0 0 1 8 0 0 0 0 1 0 0 0
306.345 1 3 1 0 0 1 0 0 0 1 8 0 0 0 1 1 0 0 0
331.569 1 3 1 1 0 1 0 0 0 1 7 0 0 0 0 1 0 0 0
333.006 0 2 1 1 1 1 0 0 0 1 8 0 0 0 0 1 0 0 0
335.155 0 2 1 1 2 1 0 0 0 1 7 0 0 0 0 0 0 0 0
337.327 0 2 1 1 1 0 1 0 0 1 8 0 0 0 0 0 0 0 0
343.248 0 1 1 1 1 0 0 0 1 1 9 0 0 0 0 0 0 0 0
356.862 0 1 1 1 1 0 1 0 0 1 9 0 1 0 0 0 0 0 0
360.452 0 2 1 1 1 0 1 0 0 1 8 0 0 0 0 0 0 0 0
362.01 0 2 1 1 1 1 0 0 0 1 8 0 0 0 0 1 0 0 0
391.354 0 2 1 1 2 1 0 0 0 1 7 0 0 0 0 0 0 0 0
428.509 0 2 2 1 2 0 0 0 0 1 7 0 0 0 1 0 0 0 0
440.338 0 1 2 1 1 0 0 1 0 1 8 0 0 0 1 0 0 0 0
442.685 0 1 2 1 2 0 0 0 0 1 8 0 1 0 1 0 0 0 0
447.42 0 1 2 2 2 0 0 0 0 1 7 0 1 0 0 0 0 0 0
454.46 1 1 2 2 1 0 0 0 0 1 7 0 2 0 0 0 0 0 0
456.281 1 1 1 1 1 1 0 0 0 1 8 0 2 0 0 0 0 0 0
457.179 1 2 1 1 1 1 0 0 0 1 7 0 1 0 0 0 0 0 0
459.103 1 3 1 1 1 1 0 0 0 1 6 0 0 0 0 0 0 0 0
460.249 1 2 1 1 0 1 0 1 0 1 7 0 0 0 0 0 0 0 0
468.689 1 2 2 1 0 0 0 1 0 1 7 0 0 0 1 0 0 0 0
472.958 1 2 1 0 0 1 0 1 0 1 8 0 0 0 1 0 0 0 0
517.397 0 1 1 0 1 1 0 1 0 1 9 0 0 0 1 0 0 0 0
517.817 0 1 1 1 1 1 0 1 0 1 8 0 0 0 0 0 0 0 0
556.672 0 1 1 1 2 1 0 0 0 1 8 0 1 0 0 0 0 0 0
559.274 0 1 1 1 1 0 1 0 0 1 9 0 1 0 0 0 0 0 0
565.857 0 2 1 1 1 0 1 0 0 1 8 0 0 0 0 0 0 0 0
599.216 1 2 1 1 0 0 1 0 0 1 8 0 1 0 0 0 0 0 0
637.351 1 3 1 1 0 0 1 0 0 1 7 0 0 0 0 0 0 0 0
657.068 1 2 1 1 0 0 0 0 1 1 8 0 0 0 0 0 0 0 0
661.713 1 2 1 1 0 0 1 0 0 1 8 0 1 0 0 0 0 0 0
739.327 1 3 1 1 0 0 1 0 0 1 7 0 0 0 0 0 0 0 0
791.59 1 2 1 1 0 0 0 0 1 1 8 0 0 0 0 0 0 0 0
805.938 1 2 1 1 0 0 1 0 0 1 8 0 1 0 0 0 0 0 0
810.692 1 1 1 1 0 0 0 0 1 1 9 0 1 0 0 0 0 0 0
817.862 1 1 1 1 0 0 1 0 0 1 9 0 2 0 0 0 0 0 0
840.697 1 2 1 1 0 0 1 0 0 1 8 0 1 0 0 0 0 0 0
844.345 0 1 1 1 1 0 1 0 0 1 9 0 1 0 0 0 0 0 0
854.496 0 2 1 1 1 0 1 0 0 1 8 0 0 0 0 0 0 0 0
856.205 0 1 1 1 0 0 1 1 0 1 9 0 0 0 0 0 0 0 0
874.826 0 1 1 1 0 1 0 1 0 1 9 0 0 0 0 1 0 0 0
880.47 0 1 1 1 0 0 0 0 0 2 10 0 0 0 0 1 0 0 0
897.241 0 1 1 1 1 0 0 0 0 2 9 0 0 0 0 0 0 0 0
1005.09 1 1 1 1 0 0 0 0 0 2 9 0 1 0 0 0 0 0 0
1009.56 1 2 1 1 0 0 0 0 0 2 8 0 0 0 0 0 0 0 0
1134.33 0 1 1 1 1 0 0 0 0 2 9 0 0 0 0 0 0 0 0
1190.15 0 1 0 0 1 1 0 0 0 2 10 0 0 0 0 0 0 0 0
1190.15 0 1 0 0 1 1 0 0 0 2 10 0 0 0 0 0 0 0 0
