0 0 0 0 0 0 0 0 0 0 0 5 1 2 1 1 0 0 0 0
1.7126 0 0 0 1 0 0 0 0 0 0 4 1 2 1 0 0 0 0 0
9.7665 1 0 0 1 0 0 0 0 0 0 3 0 2 1 0 0 0 0 0
22.8476 1 1 0 1 0 0 0 0 0 0 2 0 1 1 0 0 0 0 0
35.2927 1 1 1 1 0 0 0 0 0 0 1 0 1 0 0 0 0 0 0
42.2248 1 1 0 0 0 1 0 0 0 0 2 0 1 0 0 0 0 0 0
72.0024 1 2 0 0 0 1 0 0 0 0 1 0 0 0 0 0 0 0 0
105.59 0 1 0 0 1 1 0 0 0 0 2 0 0 0 0 0 0 0 0
110.362 1 1 0 0 0 1 0 0 0 0 2 0 1 0 0 0 0 0 0
154.25 0 0 0 0 1 1 0 0 0 0 3 0 1 0 0 0 0 0 0
168.53 0 1 0 0 1 1 0 0 0 0 2 0 0 0 0 0 0 0 0
252.585 1 1 0 0 0 1 0 0 0 0 2 0 1 0 0 0 0 0 0
252.898 0 0 0 0 1 1 0 0 0 0 3 0 1 0 0 0 0 0 0
261.987 0 1 0 0 1 1 0 0 0 0 2 0 0 0 0 0 0 0 0
282.289 0 1 0 0 0 0 1 0 0 0 3 0 0 0 0 0 0 0 0
286.165 0 0 0 0 0 0 0 0 1 0 4 0 0 0 0 0 0 0 0
2906.08 0 0 0 0 0 0 1 0 0 0 4 0 1 0 0 0 0 0 0
2907.91 0 1 0 0 0 0 1 0 0 0 3 0 0 0 0 0 0 0 0
2928.97 0 0 0 0 0 0 0 0 1 0 4 0 0 0 0 0 0 0 0
3331.77 0 0 0 0 0 0 1 0 0 0 4 0 1 0 0 0 0 0 0
3386.14 0 1 0 0 0 0 1 0 0 0 3 0 0 0 0 0 0 0 0
3400.31 0 0 0 0 0 0 0 0 1 0 4 0 0 0 0 0 0 0 0
3400.31 0 0 0 0 0 0 0 0 1 0 4 0 0 0 0 0 0 0 0
