0 0 0 0 0 0 0 0 0 0 0 5 1 2 1 1 0 0 0 0
2.34091 0 1 0 0 0 0 0 0 0 0 4 1 1 1 1 0 0 0 0
2.48233 1 1 0 0 0 0 0 0 0 0 3 0 1 1 1 0 0 0 0
54.5399 1 1 1 0 0 0 0 0 0 0 2 0 1 0 1 0 0 0 0
61.9703 1 1 1 1 0 0 0 0 0 0 1 0 1 0 0 0 0 0 0
96.4358 1 2 1 1 0 0 0 0 0 0 0 0 0 0 0 0 0 0 0
105.271 0 1 1 1 1 0 0 0 0 0 1 0 0 0 0 0 0 0 0
112.655 1 1 1 1 0 0 0 0 0 0 1 0 1 0 0 0 0 0 0
120.981 1 1 0 0 0 1 0 0 0 0 2 0 1 0 0 0 0 0 0
150.336 1 2 0 0 0 1 0 0 0 0 1 0 0 0 0 0 0 0 0
214.613 0 1 0 0 1 1 0 0 0 0 2 0 0 0 0 0 0 0 0
228.825 0 0 0 0 0 1 0 1 0 0 3 0 0 0 0 0 0 0 0
265.633 0 0 0 0 0 0 0 0 0 1 4 0 0 0 0 0 0 0 0
267.054 0 0 0 0 0 1 0 0 0 0 4 0 0 0 0 0 0 0 1
269.935 0 0 0 0 0 1 0 1 0 0 3 0 0 0 0 0 0 0 0
309.483 0 0 0 0 1 1 0 0 0 0 3 0 1 0 0 0 0 0 0
309.955 0 1 0 0 1 1 0 0 0 0 2 0 0 0 0 0 0 0 0
323.63 0 1 1 0 1 0 0 0 0 0 2 0 0 0 1 0 0 0 0
325.301 1 1 1 0 0 0 0 0 0 0 2 0 1 0 1 0 0 0 0
334.908 1 2 1 0 0 0 0 0 0 0 1 0 0 0 1 0 0 0 0
378.971 1 2 1 1 0 0 0 0 0 0 0 0 0 0 0 0 0 0 0
400.806 1 2 0 0 0 1 0 0 0 0 1 0 0 0 0 0 0 0 0
403.38 0 1 0 0 1 1 0 0 0 0 2 0 0 0 0 0 0 0 0
410.572 1 1 0 0 0 1 0 0 0 0 2 0 1 0 0 0 0 0 0
426.283 1 2 0 0 0 1 0 0 0 0 1 0 0 0 0 0 0 0 0
440.054 0 1 0 0 1 1 0 0 0 0 2 0 0 0 0 0 0 0 0
459.175 0 1 0 0 0 0 1 0 0 0 3 0 0 0 0 0 0 0 0
461.161 0 0 0 0 0 0 0 0 1 0 4 0 0 0 0 0 0 0 0
461.161 0 0 0 0 0 0 0 0 1 0 4 0 0 0 0 0 0 0 0
