0 0 0 0 0 0 0 0 0 0 0 5 1 2 1 1 0 0 0 0
3.00011 1 0 0 0 0 0 0 0 0 0 4 0 2 1 1 0 0 0 0
11.0878 1 0 1 0 0 0 0 0 0 0 3 0 2 0 1 0 0 0 0
14.5771 1 1 1 0 0 0 0 0 0 0 2 0 1 0 1 0 0 0 0
37.8239 1 1 1 1 0 0 0 0 0 0 1 0 1 0 0 0 0 0 0
73.1803 1 2 1 1 0 0 0 0 0 0 0 0 0 0 0 0 0 0 0
93.5022 1 2 0 0 0 1 0 0 0 0 1 0 0 0 0 0 0 0 0
95.3638 0 1 0 0 1 1 0 0 0 0 2 0 0 0 0 0 0 0 0
115.828 1 1 0 0 0 1 0 0 0 0 2 0 1 0 0 0 0 0 0
154.89 1 2 0 0 0 1 0 0 0 0 1 0 0 0 0 0 0 0 0
207.912 1 2 1 0 0 0 0 0 0 0 1 0 0 0 1 0 0 0 0
212.487 0 1 1 0 1 0 0 0 0 0 2 0 0 0 1 0 0 0 0
216.739 0 0 1 0 0 0 0 1 0 0 3 0 0 0 1 0 0 0 0
218.327 0 0 1 1 0 0 0 1 0 0 2 0 0 0 0 0 0 0 0
233.964 0 0 1 1 1 0 0 0 0 0 2 0 1 0 0 0 0 0 0
240.926 0 1 1 1 1 0 0 0 0 0 1 0 0 0 0 0 0 0 0
243.594 0 1 0 0 1 1 0 0 0 0 2 0 0 0 0 0 0 0 0
245.303 0 1 0 0 0 0 1 0 0 0 3 0 0 0 0 0 0 0 0
260.934 0 0 0 0 0 0 0 0 1 0 4 0 0 0 0 0 0 0 0
3626.11 0 0 0 0 0 0 1 0 0 0 4 0 1 0 0 0 0 0 0
3646.62 0 1 0 0 0 0 1 0 0 0 3 0 0 0 0 0 0 0 0
3657.26 0 0 0 0 0 0 0 0 1 0 4 0 0 0 0 0 0 0 0
3657.26 0 0 0 0 0 0 0 0 1 0 4 0 0 0 0 0 0 0 0
