0 0 0 0 0 0 0 0 0 0 0 5 1 2 1 1 0 0 0 0
3.32879 0 0 0 1 0 0 0 0 0 0 4 1 2 1 0 0 0 0 0
6.53088 0 0 1 1 0 0 0 0 0 0 3 1 2 0 0 0 0 0 0
13.7379 0 0 0 0 0 1 0 0 0 0 4 1 2 0 0 0 0 0 0
16.2536 1 0 0 0 0 1 0 0 0 0 3 0 2 0 0 0 0 0 0
19.7422 1 1 0 0 0 1 0 0 0 0 2 0 1 0 0 0 0 0 0
29.3522 1 2 0 0 0 1 0 0 0 0 1 0 0 0 0 0 0 0 0
58.0081 0 1 0 0 1 1 0 0 0 0 2 0 0 0 0 0 0 0 0
92.082 0 0 0 0 0 1 0 1 0 0 3 0 0 0 0 0 0 0 0
109.792 0 0 1 0 0 0 0 1 0 0 3 0 0 0 1 0 0 0 0
112.31 0 0 1 0 1 0 0 0 0 0 3 0 1 0 1 0 0 0 0
125.367 0 0 1 1 1 0 0 0 0 0 2 0 1 0 0 0 0 0 0
197.82 0 0 0 0 1 1 0 0 0 0 3 0 1 0 0 0 0 0 0
206.749 0 0 1 0 1 0 0 0 0 0 3 0 1 0 1 0 0 0 0
210.386 0 0 1 1 1 0 0 0 0 0 2 0 1 0 0 0 0 0 0
229.596 1 0 1 1 0 0 0 0 0 0 2 0 2 0 0 0 0 0 0
230.692 1 1 1 1 0 0 0 0 0 0 1 0 1 0 0 0 0 0 0
258.827 1 1 0 0 0 1 0 0 0 0 2 0 1 0 0 0 0 0 0
271.317 1 2 0 0 0 1 0 0 0 0 1 0 0 0 0 0 0 0 0
284.209 0 1 0 0 1 1 0 0 0 0 2 0 0 0 0 0 0 0 0
376.49 0 0 0 0 0 1 0 1 0 0 3 0 0 0 0 0 0 0 0
386.293 0 0 1 0 0 0 0 1 0 0 3 0 0 0 1 0 0 0 0
442.849 0 0 1 0 1 0 0 0 0 0 3 0 1 0 1 0 0 0 0
454.266 0 1 1 0 1 0 0 0 0 0 2 0 0 0 1 0 0 0 0
472.451 0 1 1 1 1 0 0 0 0 0 1 0 0 0 0 0 0 0 0
474.16 0 1 0 0 1 1 0 0 0 0 2 0 0 0 0 0 0 0 0
517.008 0 0 0 0 0 1 0 1 0 0 3 0 0 0 0 0 0 0 0
585.845 0 0 0 0 0 0 0 0 0 1 4 0 0 0 0 0 0 0 0
678.263 0 0 0 0 0 1 0 0 0 0 4 0 0 0 0 0 0 0 1
688.401 0 0 1 0 0 0 0 0 0 0 4 0 0 0 1 0 0 0 1
700.293 0 0 1 0 0 0 0 1 0 0 3 0 0 0 1 0 0 0 0
715.468 0 0 1 1 0 0 0 1 0 0 2 0 0 0 0 0 0 0 0
728.278 0 0 1 1 1 0 0 0 0 0 2 0 1 0 0 0 0 0 0
731.451 1 0 1 1 0 0 0 0 0 0 2 0 2 0 0 0 0 0 0
739.438 1 1 1 1 0 0 0 0 0 0 1 0 1 0 0 0 0 0 0
751.59 1 1 0 0 0 1 0 0 0 0 2 0 1 0 0 0 0 0 0
755.296 0 0 0 0 1 1 0 0 0 0 3 0 1 0 0 0 0 0 0
771.782 0 1 0 0 1 1 0 0 0 0 2 0 0 0 0 0 0 0 0
789.061 1 1 0 0 0 1 0 0 0 0 2 0 1 0 0 0 0 0 0
824 1 2 0 0 0 1 0 0 0 0 1 0 0 0 0 0 0 0 0
834.721 0 1 0 0 1 1 0 0 0 0 2 0 0 0 0 0 0 0 0
884.049 1 1 0 0 0 1 0 0 0 0 2 0 1 0 0 0 0 0 0
904.436 0 0 0 0 1 1 0 0 0 0 3 0 1 0 0 0 0 0 0
906.027 0 1 0 0 1 1 0 0 0 0 2 0 0 0 0 0 0 0 0
909.829 1 1 0 0 0 1 0 0 0 0 2 0 1 0 0 0 0 0 0
916.576 0 0 0 0 1 1 0 0 0 0 3 0 1 0 0 0 0 0 0
927.512 1 0 0 0 0 1 0 0 0 0 3 0 2 0 0 0 0 0 0
937.333 1 1 0 0 0 1 0 0 0 0 2 0 1 0 0 0 0 0 0
981.56 0 0 0 0 1 1 0 0 0 0 3 0 1 0 0 0 0 0 0
991.241 0 1 0 0 1 1 0 0 0 0 2 0 0 0 0 0 0 0 0
995.492 0 1 0 0 0 0 1 0 0 0 3 0 0 0 0 0 0 0 0
1040.43 0 0 0 0 0 0 0 0 1 0 4 0 0 0 0 0 0 0 0
3421.12 0 0 0 0 0 0 1 0 0 0 4 0 1 0 0 0 0 0 0
3432.32 0 1 0 0 0 0 1 0 0 0 3 0 0 0 0 0 0 0 0
3475.11 0 1 0 0 0 1 0 0 0 0 3 0 0 0 0 1 0 0 0
3486.68 0 1 1 0 0 0 0 0 0 0 3 0 0 0 1 1 0 0 0
3487.28 0 1 1 0 1 0 0 0 0 0 2 0 0 0 1 0 0 0 0
3489.69 1 1 1 0 0 0 0 0 0 0 2 0 1 0 1 0 0 0 0
3491.67 1 1 1 1 0 0 0 0 0 0 1 0 1 0 0 0 0 0 0
3553.17 1 1 0 0 0 1 0 0 0 0 2 0 1 0 0 0 0 0 0
3582.78 1 2 0 0 0 1 0 0 0 0 1 0 0 0 0 0 0 0 0
3585.45 0 1 0 0 1 1 0 0 0 0 2 0 0 0 0 0 0 0 0
3626.5 0 0 0 0 0 1 0 1 0 0 3 0 0 0 0 0 0 0 0
3628.81 0 0 0 0 0 0 0 0 0 1 4 0 0 0 0 0 0 0 0
3650.26 0 0 0 0 0 1 0 0 0 0 4 0 0 0 0 0 0 0 1
3714.1 0 0 0 0 0 1 0 1 0 0 3 0 0 0 0 0 0 0 0
3732.77 0 0 0 0 0 0 0 0 0 1 4 0 0 0 0 0 0 0 0
3853.6 0 0 0 0 0 1 0 0 0 0 4 0 0 0 0 0 0 0 1
3885.51 0 0 0 0 0 1 0 1 0 0 3 0 0 0 0 0 0 0 0
3890.52 0 0 1 0 0 0 0 1 0 0 3 0 0 0 1 0 0 0 0
3902.08 0 0 1 1 0 0 0 1 0 0 2 0 0 0 0 0 0 0 0
3912.99 0 0 0 0 0 1 0 1 0 0 3 0 0 0 0 0 0 0 0
3962.08 0 0 1 0 0 0 0 1 0 0 3 0 0 0 1 0 0 0 0
3962.96 0 0 1 0 1 0 0 0 0 0 3 0 1 0 1 0 0 0 0
3973.64 1 0 1 0 0 0 0 0 0 0 3 0 2 0 1 0 0 0 0
3975.9 1 0 1 1 0 0 0 0 0 0 2 0 2 0 0 0 0 0 0
3978.26 1 1 1 1 0 0 0 0 0 0 1 0 1 0 0 0 0 0 0
3998.85 1 2 1 1 0 0 0 0 0 0 0 0 0 0 0 0 0 0 0
3998.85 1 2 1 1 0 0 0 0 0 0 0 0 0 0 0 0 0 0 0
