0 0 0 0 0 0 0 0 0 0 0 5 1 2 1 1 0 0 0 0
5.22911 0 1 0 0 0 0 0 0 0 0 4 1 1 1 1 0 0 0 0
7.77985 0 1 1 0 0 0 0 0 0 0 3 1 1 0 1 0 0 0 0
16.7888 0 2 1 0 0 0 0 0 0 0 2 1 0 0 1 0 0 0 0
34.81 1 2 1 0 0 0 0 0 0 0 1 0 0 0 1 0 0 0 0
37.7559 0 1 1 0 1 0 0 0 0 0 2 0 0 0 1 0 0 0 0
51.7732 1 1 1 0 0 0 0 0 0 0 2 0 1 0 1 0 0 0 0
52.7327 1 1 1 1 0 0 0 0 0 0 1 0 1 0 0 0 0 0 0
60.7883 1 2 1 1 0 0 0 0 0 0 0 0 0 0 0 0 0 0 0
79.2126 0 1 1 1 1 0 0 0 0 0 1 0 0 0 0 0 0 0 0
111.561 1 1 1 1 0 0 0 0 0 0 1 0 1 0 0 0 0 0 0
131.931 1 2 1 1 0 0 0 0 0 0 0 0 0 0 0 0 0 0 0
146.031 1 2 0 0 0 1 0 0 0 0 1 0 0 0 0 0 0 0 0
156.817 0 1 0 0 1 1 0 0 0 0 2 0 0 0 0 0 0 0 0
197.07 1 1 0 0 0 1 0 0 0 0 2 0 1 0 0 0 0 0 0
246.95 0 0 0 0 1 1 0 0 0 0 3 0 1 0 0 0 0 0 0
249.18 1 0 0 0 0 1 0 0 0 0 3 0 2 0 0 0 0 0 0
254.683 1 1 0 0 0 1 0 0 0 0 2 0 1 0 0 0 0 0 0
256.393 0 0 0 0 1 1 0 0 0 0 3 0 1 0 0 0 0 0 0
300.543 1 0 0 0 0 1 0 0 0 0 3 0 2 0 0 0 0 0 0
312.247 1 1 0 0 0 1 0 0 0 0 2 0 1 0 0 0 0 0 0
322.232 1 2 0 0 0 1 0 0 0 0 1 0 0 0 0 0 0 0 0
354.926 0 1 0 0 1 1 0 0 0 0 2 0 0 0 0 0 0 0 0
365.467 0 1 0 0 0 0 1 0 0 0 3 0 0 0 0 0 0 0 0
404.109 0 0 0 0 0 0 0 0 1 0 4 0 0 0 0 0 0 0 0
404.109 0 0 0 0 0 0 0 0 1 0 4 0 0 0 0 0 0 0 0
