0 0 0 0 0 0 0 0 0 0 0 5 1 2 1 1 0 0 0 0
12.0134 0 1 0 0 0 0 0 0 0 0 4 1 1 1 1 0 0 0 0
19.2855 0 1 1 0 0 0 0 0 0 0 3 1 1 0 1 0 0 0 0
23.869 0 2 1 0 0 0 0 0 0 0 2 1 0 0 1 0 0 0 0
104.576 1 2 1 0 0 0 0 0 0 0 1 0 0 0 1 0 0 0 0
123.594 0 1 1 0 1 0 0 0 0 0 2 0 0 0 1 0 0 0 0
144.132 1 1 1 0 0 0 0 0 0 0 2 0 1 0 1 0 0 0 0
174.123 1 1 1 1 0 0 0 0 0 0 1 0 1 0 0 0 0 0 0
178.923 0 0 1 1 1 0 0 0 0 0 2 0 1 0 0 0 0 0 0
180.722 0 1 1 1 1 0 0 0 0 0 1 0 0 0 0 0 0 0 0
191.205 0 0 1 1 0 0 0 1 0 0 2 0 0 0 0 0 0 0 0
198.909 0 0 0 0 0 1 0 1 0 0 3 0 0 0 0 0 0 0 0
257.497 0 0 0 0 0 0 0 0 0 1 4 0 0 0 0 0 0 0 0
393.354 0 0 0 0 0 1 0 0 0 0 4 0 0 0 0 0 0 0 1
435.078 0 0 0 0 0 1 0 1 0 0 3 0 0 0 0 0 0 0 0
513.047 0 0 1 0 0 0 0 1 0 0 3 0 0 0 1 0 0 0 0
541.438 0 0 1 0 1 0 0 0 0 0 3 0 1 0 1 0 0 0 0
541.529 0 1 1 0 1 0 0 0 0 0 2 0 0 0 1 0 0 0 0
545.878 0 1 1 1 1 0 0 0 0 0 1 0 0 0 0 0 0 0 0
604.367 1 1 1 1 0 0 0 0 0 0 1 0 1 0 0 0 0 0 0
604.411 1 1 0 0 0 1 0 0 0 0 2 0 1 0 0 0 0 0 0
620.875 0 0 0 0 1 1 0 0 0 0 3 0 1 0 0 0 0 0 0
694.274 0 1 0 0 1 1 0 0 0 0 2 0 0 0 0 0 0 0 0
716.147 1 1 0 0 0 1 0 0 0 0 2 0 1 0 0 0 0 0 0
719.435 0 0 0 0 1 1 0 0 0 0 3 0 1 0 0 0 0 0 0
723.756 0 0 1 0 1 0 0 0 0 0 3 0 1 0 1 0 0 0 0
728.175 0 1 1 0 1 0 0 0 0 0 2 0 0 0 1 0 0 0 0
733.14 0 1 1 1 1 0 0 0 0 0 1 0 0 0 0 0 0 0 0
743.755 1 1 1 1 0 0 0 0 0 0 1 0 1 0 0 0 0 0 0
788.553 1 1 0 0 0 1 0 0 0 0 2 0 1 0 0 0 0 0 0
795.773 0 0 0 0 1 1 0 0 0 0 3 0 1 0 0 0 0 0 0
816.708 0 0 0 0 0 0 1 0 0 0 4 0 1 0 0 0 0 0 0
838.983 0 1 0 0 0 0 1 0 0 0 3 0 0 0 0 0 0 0 0
860.718 0 0 0 0 0 0 0 0 1 0 4 0 0 0 0 0 0 0 0
1297.9 0 0 0 0 0 0 1 0 0 0 4 0 1 0 0 0 0 0 0
1298.08 0 1 0 0 0 0 1 0 0 0 3 0 0 0 0 0 0 0 0
1370.84 0 0 0 0 0 0 0 0 1 0 4 0 0 0 0 0 0 0 0
1370.84 0 0 0 0 0 0 0 0 1 0 4 0 0 0 0 0 0 0 0
