0 0 0 0 0 0 0 0 0 0 0 5 1 2 1 1 0 0 0 0
1.45638 0 1 0 0 0 0 0 0 0 0 4 1 1 1 1 0 0 0 0
3.7807 0 1 0 1 0 0 0 0 0 0 3 1 1 1 0 0 0 0 0
11.058 0 1 1 1 0 0 0 0 0 0 2 1 1 0 0 0 0 0 0
20.4603 1 1 1 1 0 0 0 0 0 0 1 0 1 0 0 0 0 0 0
31.1705 1 1 0 0 0 1 0 0 0 0 2 0 1 0 0 0 0 0 0
44.8868 0 0 0 0 1 1 0 0 0 0 3 0 1 0 0 0 0 0 0
47.6905 0 0 0 0 0 0 1 0 0 0 4 0 1 0 0 0 0 0 0
75.4836 0 1 0 0 0 0 1 0 0 0 3 0 0 0 0 0 0 0 0
140.798 0 0 0 0 0 0 0 0 1 0 4 0 0 0 0 0 0 0 0
578.352 0 0 0 0 0 0 1 0 0 0 4 0 1 0 0 0 0 0 0
585.787 0 0 0 0 0 1 0 0 0 0 4 0 1 0 0 1 0 0 0
592.868 0 1 0 0 0 1 0 0 0 0 3 0 0 0 0 1 0 0 0
592.916 0 1 1 0 0 0 0 0 0 0 3 0 0 0 1 1 0 0 0
612.151 0 1 1 1 0 0 0 0 0 0 2 0 0 0 0 1 0 0 0
624.532 0 1 1 1 1 0 0 0 0 0 1 0 0 0 0 0 0 0 0
638.714 0 0 1 1 0 0 0 1 0 0 2 0 0 0 0 0 0 0 0
643.441 0 0 0 0 0 1 0 1 0 0 3 0 0 0 0 0 0 0 0
698.939 0 0 0 0 0 0 0 0 0 1 4 0 0 0 0 0 0 0 0
704.993 0 0 0 0 0 1 0 0 0 0 4 0 0 0 0 0 0 0 1
708.301 0 0 0 0 0 1 0 1 0 0 3 0 0 0 0 0 0 0 0
757.509 0 0 0 0 0 0 0 0 0 1 4 0 0 0 0 0 0 0 0
787.352 0 0 0 0 0 1 0 0 0 0 4 0 0 0 0 0 0 0 1
804.164 0 0 0 0 0 1 0 1 0 0 3 0 0 0 0 0 0 0 0
855.882 0 0 0 0 1 1 0 0 0 0 3 0 1 0 0 0 0 0 0
879.812 0 0 0 0 0 0 1 0 0 0 4 0 1 0 0 0 0 0 0
927.996 0 1 0 0 0 0 1 0 0 0 3 0 0 0 0 0 0 0 0
1086.02 0 0 0 0 0 0 0 0 1 0 4 0 0 0 0 0 0 0 0
1086.02 0 0 0 0 0 0 0 0 1 0 4 0 0 0 0 0 0 0 0
