0 0 0 0 0 0 0 0 0 0 0 5 1 2 1 1 0 0 0 0
5.36673 0 0 0 1 0 0 0 0 0 0 4 1 2 1 0 0 0 0 0
9.61305 1 0 0 1 0 0 0 0 0 0 3 0 2 1 0 0 0 0 0
21.3445 1 1 0 1 0 0 0 0 0 0 2 0 1 1 0 0 0 0 0
24.7843 1 1 1 1 0 0 0 0 0 0 1 0 1 0 0 0 0 0 0
58.4027 1 1 0 0 0 1 0 0 0 0 2 0 1 0 0 0 0 0 0
59.4848 1 1 1 0 0 0 0 0 0 0 2 0 1 0 1 0 0 0 0
82.2329 0 0 1 0 1 0 0 0 0 0 3 0 1 0 1 0 0 0 0
100.592 1 0 1 0 0 0 0 0 0 0 3 0 2 0 1 0 0 0 0
101.74 1 1 1 0 0 0 0 0 0 0 2 0 1 0 1 0 0 0 0
130.594 0 0 1 0 1 0 0 0 0 0 3 0 1 0 1 0 0 0 0
158.653 0 1 1 0 1 0 0 0 0 0 2 0 0 0 1 0 0 0 0
170.73 1 1 1 0 0 0 0 0 0 0 2 0 1 0 1 0 0 0 0
213.175 1 1 1 1 0 0 0 0 0 0 1 0 1 0 0 0 0 0 0
250.946 1 1 0 0 0 1 0 0 0 0 2 0 1 0 0 0 0 0 0
259.832 0 0 0 0 1 1 0 0 0 0 3 0 1 0 0 0 0 0 0
260.468 0 1 0 0 1 1 0 0 0 0 2 0 0 0 0 0 0 0 0
296.957 0 0 0 0 0 1 0 1 0 0 3 0 0 0 0 0 0 0 0
364.576 0 0 1 0 0 0 0 1 0 0 3 0 0 0 1 0 0 0 0
373.875 0 0 1 1 0 0 0 1 0 0 2 0 0 0 0 0 0 0 0
436.162 0 0 1 1 1 0 0 0 0 0 2 0 1 0 0 0 0 0 0
445.986 0 0 0 0 1 1 0 0 0 0 3 0 1 0 0 0 0 0 0
457.389 0 1 0 0 1 1 0 0 0 0 2 0 0 0 0 0 0 0 0
474.436 1 1 0 0 0 1 0 0 0 0 2 0 1 0 0 0 0 0 0
533.44 0 0 0 0 1 1 0 0 0 0 3 0 1 0 0 0 0 0 0
555.733 1 0 0 0 0 1 0 0 0 0 3 0 2 0 0 0 0 0 0
571.771 1 1 0 0 0 1 0 0 0 0 2 0 1 0 0 0 0 0 0
578.728 1 2 0 0 0 1 0 0 0 0 1 0 0 0 0 0 0 0 0
592.048 1 2 1 0 0 0 0 0 0 0 1 0 0 0 1 0 0 0 0
597.683 1 2 1 1 0 0 0 0 0 0 0 0 0 0 0 0 0 0 0
623.777 0 1 1 1 1 0 0 0 0 0 1 0 0 0 0 0 0 0 0
662.89 0 1 0 0 1 1 0 0 0 0 2 0 0 0 0 0 0 0 0
680.121 0 0 0 0 0 1 0 1 0 0 3 0 0 0 0 0 0 0 0
690.577 0 0 1 0 0 0 0 1 0 0 3 0 0 0 1 0 0 0 0
696.51 0 0 1 1 0 0 0 1 0 0 2 0 0 0 0 0 0 0 0
729.365 0 0 0 0 0 1 0 1 0 0 3 0 0 0 0 0 0 0 0
762.617 0 0 0 0 0 0 0 0 0 1 4 0 0 0 0 0 0 0 0
893.921 0 0 0 0 0 1 0 0 0 0 4 0 0 0 0 0 0 0 1
896.239 0 0 0 0 0 1 0 1 0 0 3 0 0 0 0 0 0 0 0
920.394 0 0 0 0 1 1 0 0 0 0 3 0 1 0 0 0 0 0 0
922.071 0 1 0 0 1 1 0 0 0 0 2 0 0 0 0 0 0 0 0
949.001 0 1 0 0 0 0 1 0 0 0 3 0 0 0 0 0 0 0 0
950.59 0 1 0 0 0 1 0 0 0 0 3 0 0 0 0 1 0 0 0
1018.78 0 1 0 0 1 1 0 0 0 0 2 0 0 0 0 0 0 0 0
1022.78 0 1 1 0 1 0 0 0 0 0 2 0 0 0 1 0 0 0 0
1040.58 0 0 1 0 0 0 0 1 0 0 3 0 0 0 1 0 0 0 0
1067.14 0 0 1 1 0 0 0 1 0 0 2 0 0 0 0 0 0 0 0
1107.07 0 0 1 1 1 0 0 0 0 0 2 0 1 0 0 0 0 0 0
1109.86 0 0 0 0 1 1 0 0 0 0 3 0 1 0 0 0 0 0 0
1129.01 0 1 0 0 1 1 0 0 0 0 2 0 0 0 0 0 0 0 0
1142.67 1 1 0 0 0 1 0 0 0 0 2 0 1 0 0 0 0 0 0
1152.62 1 2 0 0 0 1 0 0 0 0 1 0 0 0 0 0 0 0 0
1160.66 1 2 1 0 0 0 0 0 0 0 1 0 0 0 1 0 0 0 0
1172.78 0 1 1 0 1 0 0 0 0 0 2 0 0 0 1 0 0 0 0
1189.87 0 0 1 0 0 0 0 1 0 0 3 0 0 0 1 0 0 0 0
1202.5 0 0 1 1 0 0 0 1 0 0 2 0 0 0 0 0 0 0 0
1215.5 0 0 1 1 1 0 0 0 0 0 2 0 1 0 0 0 0 0 0
1227.81 0 1 1 1 1 0 0 0 0 0 1 0 0 0 0 0 0 0 0
1232.02 0 0 1 1 0 0 0 1 0 0 2 0 0 0 0 0 0 0 0
1285.29 0 0 1 1 1 0 0 0 0 0 2 0 1 0 0 0 0 0 0
1299.97 0 1 1 1 1 0 0 0 0 0 1 0 0 0 0 0 0 0 0
1306.22 1 1 1 1 0 0 0 0 0 0 1 0 1 0 0 0 0 0 0
1343.87 0 0 1 1 1 0 0 0 0 0 2 0 1 0 0 0 0 0 0
1355.39 0 0 0 0 1 1 0 0 0 0 3 0 1 0 0 0 0 0 0
1377.35 0 1 0 0 1 1 0 0 0 0 2 0 0 0 0 0 0 0 0
1383.57 1 1 0 0 0 1 0 0 0 0 2 0 1 0 0 0 0 0 0
1399.76 1 1 1 0 0 0 0 0 0 0 2 0 1 0 1 0 0 0 0
1411.22 0 0 1 0 1 0 0 0 0 0 3 0 1 0 1 0 0 0 0
1431.48 1 0 1 0 0 0 0 0 0 0 3 0 2 0 1 0 0 0 0
1433.07 1 1 1 0 0 0 0 0 0 0 2 0 1 0 1 0 0 0 0
1461.65 1 2 1 0 0 0 0 0 0 0 1 0 0 0 1 0 0 0 0
1464.32 1 2 1 1 0 0 0 0 0 0 0 0 0 0 0 0 0 0 0
1490.67 0 1 1 1 1 0 0 0 0 0 1 0 0 0 0 0 0 0 0
1500.75 0 1 0 0 1 1 0 0 0 0 2 0 0 0 0 0 0 0 0
1500.96 0 1 1 0 1 0 0 0 0 0 2 0 0 0 1 0 0 0 0
1506.33 1 1 1 0 0 0 0 0 0 0 2 0 1 0 1 0 0 0 0
1516.58 1 2 1 0 0 0 0 0 0 0 1 0 0 0 1 0 0 0 0
1552.97 1 2 1 1 0 0 0 0 0 0 0 0 0 0 0 0 0 0 0
1563.41 1 2 0 0 0 1 0 0 0 0 1 0 0 0 0 0 0 0 0
1567.64 1 2 1 0 0 0 0 0 0 0 1 0 0 0 1 0 0 0 0
1582.33 0 1 1 0 1 0 0 0 0 0 2 0 0 0 1 0 0 0 0
1594.41 0 0 1 0 0 0 0 1 0 0 3 0 0 0 1 0 0 0 0
1595.93 0 0 1 0 1 0 0 0 0 0 3 0 1 0 1 0 0 0 0
1611.79 1 0 1 0 0 0 0 0 0 0 3 0 2 0 1 0 0 0 0
1629.92 1 1 1 0 0 0 0 0 0 0 2 0 1 0 1 0 0 0 0
1635.34 1 2 1 0 0 0 0 0 0 0 1 0 0 0 1 0 0 0 0
1647.89 0 1 1 0 1 0 0 0 0 0 2 0 0 0 1 0 0 0 0
1670.31 0 1 1 1 1 0 0 0 0 0 1 0 0 0 0 0 0 0 0
1739.31 1 1 1 1 0 0 0 0 0 0 1 0 1 0 0 0 0 0 0
1830.6 0 0 1 1 1 0 0 0 0 0 2 0 1 0 0 0 0 0 0
1834.08 0 1 1 1 1 0 0 0 0 0 1 0 0 0 0 0 0 0 0
1850.37 0 0 1 1 0 0 0 1 0 0 2 0 0 0 0 0 0 0 0
1902.65 0 0 1 1 1 0 0 0 0 0 2 0 1 0 0 0 0 0 0
1935.92 0 1 1 1 1 0 0 0 0 0 1 0 0 0 0 0 0 0 0
1952.84 0 1 0 0 1 1 0 0 0 0 2 0 0 0 0 0 0 0 0
1958.71 0 1 0 0 0 0 1 0 0 0 3 0 0 0 0 0 0 0 0
1987.02 0 0 0 0 0 0 0 0 1 0 4 0 0 0 0 0 0 0 0
1987.02 0 0 0 0 0 0 0 0 1 0 4 0 0 0 0 0 0 0 0
