0 0 0 0 0 0 0 0 0 0 0 5 1 2 1 1 0 0 0 0
1.06855 0 1 0 0 0 0 0 0 0 0 4 1 1 1 1 0 0 0 0
7.32127 0 1 0 1 0 0 0 0 0 0 3 1 1 1 0 0 0 0 0
13.5596 0 2 0 1 0 0 0 0 0 0 2 1 0 1 0 0 0 0 0
18.4886 0 2 1 1 0 0 0 0 0 0 1 1 0 0 0 0 0 0 0
121.179 0 2 0 0 0 1 0 0 0 0 2 1 0 0 0 0 0 0 0
167.664 1 2 0 0 0 1 0 0 0 0 1 0 0 0 0 0 0 0 0
172.486 1 2 1 0 0 0 0 0 0 0 1 0 0 0 1 0 0 0 0
225.45 0 1 1 0 1 0 0 0 0 0 2 0 0 0 1 0 0 0 0
229.822 0 0 1 0 0 0 0 1 0 0 3 0 0 0 1 0 0 0 0
277.438 0 0 1 1 0 0 0 1 0 0 2 0 0 0 0 0 0 0 0
298.598 0 0 0 0 0 1 0 1 0 0 3 0 0 0 0 0 0 0 0
317.394 0 0 0 0 1 1 0 0 0 0 3 0 1 0 0 0 0 0 0
328.115 0 0 1 0 1 0 0 0 0 0 3 0 1 0 1 0 0 0 0
329.829 0 0 1 1 1 0 0 0 0 0 2 0 1 0 0 0 0 0 0
347.025 0 1 1 1 1 0 0 0 0 0 1 0 0 0 0 0 0 0 0
399.626 0 1 0 0 1 1 0 0 0 0 2 0 0 0 0 0 0 0 0
426.108 0 0 0 0 0 1 0 1 0 0 3 0 0 0 0 0 0 0 0
427.926 0 0 0 0 1 1 0 0 0 0 3 0 1 0 0 0 0 0 0
517.193 0 1 0 0 1 1 0 0 0 0 2 0 0 0 0 0 0 0 0
531.368 0 1 0 0 0 0 1 0 0 0 3 0 0 0 0 0 0 0 0
601.615 0 0 0 0 0 0 0 0 1 0 4 0 0 0 0 0 0 0 0
2865.95 0 0 0 0 0 0 1 0 0 0 4 0 1 0 0 0 0 0 0
2873.89 0 1 0 0 0 0 1 0 0 0 3 0 0 0 0 0 0 0 0
2946.31 0 0 0 0 0 0 0 0 1 0 4 0 0 0 0 0 0 0 0
3667.38 0 0 0 0 0 0 1 0 0 0 4 0 1 0 0 0 0 0 0
3684.33 0 1 0 0 0 0 1 0 0 0 3 0 0 0 0 0 0 0 0
3724.62 0 0 0 0 0 0 0 0 1 0 4 0 0 0 0 0 0 0 0
3724.62 0 0 0 0 0 0 0 0 1 0 4 0 0 0 0 0 0 0 0
