0 0 0 0 0 0 0 0 0 0 0 5 1 2 1 1 0 0 0 0
0.262288 0 1 0 0 0 0 0 0 0 0 4 1 1 1 1 0 0 0 0
9.98606 0 1 1 0 0 0 0 0 0 0 3 1 1 0 1 0 0 0 0
10.9332 1 1 1 0 0 0 0 0 0 0 2 0 1 0 1 0 0 0 0
16.4387 0 0 1 0 1 0 0 0 0 0 3 0 1 0 1 0 0 0 0
28.6904 1 0 1 0 0 0 0 0 0 0 3 0 2 0 1 0 0 0 0
81.7803 1 1 1 0 0 0 0 0 0 0 2 0 1 0 1 0 0 0 0
112.703 1 1 1 1 0 0 0 0 0 0 1 0 1 0 0 0 0 0 0
123.32 0 0 1 1 1 0 0 0 0 0 2 0 1 0 0 0 0 0 0
187.669 1 0 1 1 0 0 0 0 0 0 2 0 2 0 0 0 0 0 0
193.53 1 0 0 0 0 1 0 0 0 0 3 0 2 0 0 0 0 0 0
228.093 1 1 0 0 0 1 0 0 0 0 2 0 1 0 0 0 0 0 0
250.246 1 2 0 0 0 1 0 0 0 0 1 0 0 0 0 0 0 0 0
314.087 0 1 0 0 1 1 0 0 0 0 2 0 0 0 0 0 0 0 0
371.902 0 0 0 0 0 1 0 1 0 0 3 0 0 0 0 0 0 0 0
414.785 0 0 0 0 0 0 0 0 0 1 4 0 0 0 0 0 0 0 0
431.697 0 0 0 0 0 1 0 0 0 0 4 0 0 0 0 0 0 0 1
442.842 0 0 0 0 0 1 0 1 0 0 3 0 0 0 0 0 0 0 0
448.601 0 0 1 0 0 0 0 1 0 0 3 0 0 0 1 0 0 0 0
500.474 0 0 1 1 0 0 0 1 0 0 2 0 0 0 0 0 0 0 0
524.236 0 0 0 0 0 1 0 1 0 0 3 0 0 0 0 0 0 0 0
533.795 0 0 1 0 0 0 0 1 0 0 3 0 0 0 1 0 0 0 0
543.707 0 0 1 1 0 0 0 1 0 0 2 0 0 0 0 0 0 0 0
588.894 0 0 0 0 0 1 0 1 0 0 3 0 0 0 0 0 0 0 0
646.224 0 0 0 0 0 0 0 0 0 1 4 0 0 0 0 0 0 0 0
672.034 0 0 0 0 0 1 0 0 0 0 4 0 0 0 0 0 0 0 1
686.666 0 0 0 0 0 1 0 1 0 0 3 0 0 0 0 0 0 0 0
740.112 0 0 0 0 1 1 0 0 0 0 3 0 1 0 0 0 0 0 0
753.639 1 0 0 0 0 1 0 0 0 0 3 0 2 0 0 0 0 0 0
759.791 1 1 0 0 0 1 0 0 0 0 2 0 1 0 0 0 0 0 0
766.87 1 2 0 0 0 1 0 0 0 0 1 0 0 0 0 0 0 0 0
785.932 0 1 0 0 1 1 0 0 0 0 2 0 0 0 0 0 0 0 0
833.446 0 1 0 0 0 0 1 0 0 0 3 0 0 0 0 0 0 0 0
866.672 0 1 0 0 0 1 0 0 0 0 3 0 0 0 0 1 0 0 0
881.725 0 1 0 0 1 1 0 0 0 0 2 0 0 0 0 0 0 0 0
895.954 0 1 0 0 0 0 1 0 0 0 3 0 0 0 0 0 0 0 0
996.833 0 0 0 0 0 0 0 0 1 0 4 0 0 0 0 0 0 0 0
2132.27 0 0 0 0 0 0 1 0 0 0 4 0 1 0 0 0 0 0 0
2180.86 0 0 0 0 0 1 0 0 0 0 4 0 1 0 0 1 0 0 0
2202.86 0 1 0 0 0 1 0 0 0 0 3 0 0 0 0 1 0 0 0
2228.17 0 1 0 0 1 1 0 0 0 0 2 0 0 0 0 0 0 0 0
2265.53 0 1 1 0 1 0 0 0 0 0 2 0 0 0 1 0 0 0 0
2273.8 1 1 1 0 0 0 0 0 0 0 2 0 1 0 1 0 0 0 0
2279.25 0 0 1 0 1 0 0 0 0 0 3 0 1 0 1 0 0 0 0
2285.97 0 1 1 0 1 0 0 0 0 0 2 0 0 0 1 0 0 0 0
2300.69 1 1 1 0 0 0 0 0 0 0 2 0 1 0 1 0 0 0 0
2322.87 1 1 1 1 0 0 0 0 0 0 1 0 1 0 0 0 0 0 0
2326.89 0 0 1 1 1 0 0 0 0 0 2 0 1 0 0 0 0 0 0
2409.43 1 0 1 1 0 0 0 0 0 0 2 0 2 0 0 0 0 0 0
2432.17 1 1 1 1 0 0 0 0 0 0 1 0 1 0 0 0 0 0 0
2512.27 1 2 1 1 0 0 0 0 0 0 0 0 0 0 0 0 0 0 0
2520.5 0 1 1 1 1 0 0 0 0 0 1 0 0 0 0 0 0 0 0
2521.51 0 0 1 1 0 0 0 1 0 0 2 0 0 0 0 0 0 0 0
2740.15 0 0 0 0 0 1 0 1 0 0 3 0 0 0 0 0 0 0 0
2769.28 0 0 0 0 0 0 0 0 0 1 4 0 0 0 0 0 0 0 0
2852.95 0 0 0 0 0 1 0 0 0 0 4 0 0 0 0 0 0 0 1
2853.18 0 0 0 0 0 1 0 1 0 0 3 0 0 0 0 0 0 0 0
2867.48 0 0 1 0 0 0 0 1 0 0 3 0 0 0 1 0 0 0 0
2873.45 0 0 1 1 0 0 0 1 0 0 2 0 0 0 0 0 0 0 0
2889.96 0 0 0 0 0 1 0 1 0 0 3 0 0 0 0 0 0 0 0
2898.9 0 0 0 0 0 0 0 0 0 1 4 0 0 0 0 0 0 0 0
2928.11 0 0 0 0 0 1 0 0 0 0 4 0 0 0 0 0 0 0 1
2980.73 0 0 0 0 0 1 0 1 0 0 3 0 0 0 0 0 0 0 0
3009.03 0 0 0 0 0 0 0 0 0 1 4 0 0 0 0 0 0 0 0
3016 0 0 0 0 0 1 0 0 0 0 4 0 0 0 0 0 0 0 1
3024.58 0 0 0 0 0 1 0 1 0 0 3 0 0 0 0 0 0 0 0
3050.97 0 0 0 0 0 0 0 0 0 1 4 0 0 0 0 0 0 0 0
3200.91 0 0 0 0 0 1 0 0 0 0 4 0 0 0 0 0 0 0 1
3207.69 0 0 1 0 0 0 0 0 0 0 4 0 0 0 1 0 0 0 1
3217.53 0 0 1 1 0 0 0 0 0 0 3 0 0 0 0 0 0 0 1
3244.84 0 0 1 1 0 0 0 1 0 0 2 0 0 0 0 0 0 0 0
3250.57 0 0 0 0 0 1 0 1 0 0 3 0 0 0 0 0 0 0 0
3294.16 0 0 1 0 0 0 0 1 0 0 3 0 0 0 1 0 0 0 0
3296.52 0 0 1 0 1 0 0 0 0 0 3 0 1 0 1 0 0 0 0
3298.38 0 1 1 0 1 0 0 0 0 0 2 0 0 0 1 0 0 0 0
3316.21 0 1 1 1 1 0 0 0 0 0 1 0 0 0 0 0 0 0 0
3323.64 0 1 0 0 1 1 0 0 0 0 2 0 0 0 0 0 0 0 0
3332.1 1 1 0 0 0 1 0 0 0 0 2 0 1 0 0 0 0 0 0
3343.84 0 0 0 0 1 1 0 0 0 0 3 0 1 0 0 0 0 0 0
3345.82 0 0 1 0 1 0 0 0 0 0 3 0 1 0 1 0 0 0 0
3349.98 0 1 1 0 1 0 0 0 0 0 2 0 0 0 1 0 0 0 0
3364.66 0 0 1 0 0 0 0 1 0 0 3 0 0 0 1 0 0 0 0
3368.07 0 0 1 1 0 0 0 1 0 0 2 0 0 0 0 0 0 0 0
3395.18 0 0 0 0 0 1 0 1 0 0 3 0 0 0 0 0 0 0 0
3404.34 0 0 0 0 1 1 0 0 0 0 3 0 1 0 0 0 0 0 0
3409.5 0 0 0 0 0 0 1 0 0 0 4 0 1 0 0 0 0 0 0
3416.47 0 1 0 0 0 0 1 0 0 0 3 0 0 0 0 0 0 0 0
3480.39 0 1 0 0 0 1 0 0 0 0 3 0 0 0 0 1 0 0 0
3553.25 0 1 0 0 1 1 0 0 0 0 2 0 0 0 0 0 0 0 0
3553.26 0 1 1 0 1 0 0 0 0 0 2 0 0 0 1 0 0 0 0
3557.89 1 1 1 0 0 0 0 0 0 0 2 0 1 0 1 0 0 0 0
3569.19 1 2 1 0 0 0 0 0 0 0 1 0 0 0 1 0 0 0 0
3588.09 0 1 1 0 1 0 0 0 0 0 2 0 0 0 1 0 0 0 0
3612.84 0 0 1 0 0 0 0 1 0 0 3 0 0 0 1 0 0 0 0
3651.89 0 0 1 0 1 0 0 0 0 0 3 0 1 0 1 0 0 0 0
3658.72 0 0 1 1 1 0 0 0 0 0 2 0 1 0 0 0 0 0 0
3666.13 0 0 0 0 1 1 0 0 0 0 3 0 1 0 0 0 0 0 0
3706.51 0 0 1 0 1 0 0 0 0 0 3 0 1 0 1 0 0 0 0
3712.06 0 1 1 0 1 0 0 0 0 0 2 0 0 0 1 0 0 0 0
3751.47 1 1 1 0 0 0 0 0 0 0 2 0 1 0 1 0 0 0 0
3762.7 1 1 1 1 0 0 0 0 0 0 1 0 1 0 0 0 0 0 0
3784.89 0 0 1 1 1 0 0 0 0 0 2 0 1 0 0 0 0 0 0
3802.5 0 1 1 1 1 0 0 0 0 0 1 0 0 0 0 0 0 0 0
3833.76 0 0 1 1 0 0 0 1 0 0 2 0 0 0 0 0 0 0 0
3837.52 0 0 0 0 0 1 0 1 0 0 3 0 0 0 0 0 0 0 0
3868.79 0 0 1 0 0 0 0 1 0 0 3 0 0 0 1 0 0 0 0
3880.51 0 0 1 1 0 0 0 1 0 0 2 0 0 0 0 0 0 0 0
3949 0 0 0 0 0 1 0 1 0 0 3 0 0 0 0 0 0 0 0
3949 0 0 0 0 0 1 0 1 0 0 3 0 0 0 0 0 0 0 0
