0 0 0 0 0 0 0 0 0 0 0 5 1 2 1 1 0 0 0 0
5.38965 0 1 0 0 0 0 0 0 0 0 4 1 1 1 1 0 0 0 0
5.55965 1 1 0 0 0 0 0 0 0 0 3 0 1 1 1 0 0 0 0
8.24657 1 1 1 0 0 0 0 0 0 0 2 0 1 0 1 0 0 0 0
26.103 1 1 1 1 0 0 0 0 0 0 1 0 1 0 0 0 0 0 0
31.0088 0 0 1 1 1 0 0 0 0 0 2 0 1 0 0 0 0 0 0
40.6154 0 1 1 1 1 0 0 0 0 0 1 0 0 0 0 0 0 0 0
51.5692 1 1 1 1 0 0 0 0 0 0 1 0 1 0 0 0 0 0 0
75.1896 0 0 1 1 1 0 0 0 0 0 2 0 1 0 0 0 0 0 0
91.4627 1 0 1 1 0 0 0 0 0 0 2 0 2 0 0 0 0 0 0
131.177 1 1 1 1 0 0 0 0 0 0 1 0 1 0 0 0 0 0 0
142.094 1 2 1 1 0 0 0 0 0 0 0 0 0 0 0 0 0 0 0
167.842 0 1 1 1 1 0 0 0 0 0 1 0 0 0 0 0 0 0 0
175.43 0 0 1 1 0 0 0 1 0 0 2 0 0 0 0 0 0 0 0
207.838 0 0 1 1 1 0 0 0 0 0 2 0 1 0 0 0 0 0 0
214.516 0 1 1 1 1 0 0 0 0 0 1 0 0 0 0 0 0 0 0
269.33 1 1 1 1 0 0 0 0 0 0 1 0 1 0 0 0 0 0 0
288.273 0 0 1 1 1 0 0 0 0 0 2 0 1 0 0 0 0 0 0
330.262 0 0 0 0 1 1 0 0 0 0 3 0 1 0 0 0 0 0 0
338.073 0 0 1 0 1 0 0 0 0 0 3 0 1 0 1 0 0 0 0
339.083 0 1 1 0 1 0 0 0 0 0 2 0 0 0 1 0 0 0 0
348.938 1 1 1 0 0 0 0 0 0 0 2 0 1 0 1 0 0 0 0
378.415 0 0 1 0 1 0 0 0 0 0 3 0 1 0 1 0 0 0 0
395.029 0 1 1 0 1 0 0 0 0 0 2 0 0 0 1 0 0 0 0
416.066 0 1 1 1 1 0 0 0 0 0 1 0 0 0 0 0 0 0 0
417.436 0 0 1 1 0 0 0 1 0 0 2 0 0 0 0 0 0 0 0
564.4 0 0 0 0 0 1 0 1 0 0 3 0 0 0 0 0 0 0 0
616.12 0 0 0 0 0 0 0 0 0 1 4 0 0 0 0 0 0 0 0
791.811 0 0 0 0 0 1 0 0 0 0 4 0 0 0 0 0 0 0 1
793.551 0 0 0 0 0 1 0 1 0 0 3 0 0 0 0 0 0 0 0
799.244 0 0 1 0 0 0 0 1 0 0 3 0 0 0 1 0 0 0 0
814.25 0 0 1 1 0 0 0 1 0 0 2 0 0 0 0 0 0 0 0
838.356 0 0 0 0 0 1 0 1 0 0 3 0 0 0 0 0 0 0 0
839.72 0 0 1 0 0 0 0 1 0 0 3 0 0 0 1 0 0 0 0
877.281 0 0 1 1 0 0 0 1 0 0 2 0 0 0 0 0 0 0 0
964.003 0 0 0 0 0 1 0 1 0 0 3 0 0 0 0 0 0 0 0
966.388 0 0 0 0 1 1 0 0 0 0 3 0 1 0 0 0 0 0 0
972.402 0 0 0 0 0 0 1 0 0 0 4 0 1 0 0 0 0 0 0
974.485 0 1 0 0 0 0 1 0 0 0 3 0 0 0 0 0 0 0 0
994.493 0 0 0 0 0 0 0 0 1 0 4 0 0 0 0 0 0 0 0
2603.31 0 0 0 0 0 0 1 0 0 0 4 0 1 0 0 0 0 0 0
2611.88 0 1 0 0 0 0 1 0 0 0 3 0 0 0 0 0 0 0 0
2696.33 0 1 0 0 0 1 0 0 0 0 3 0 0 0 0 1 0 0 0
2697.67 0 1 0 0 1 1 0 0 0 0 2 0 0 0 0 0 0 0 0
2703.09 0 1 1 0 1 0 0 0 0 0 2 0 0 0 1 0 0 0 0
2706.17 1 1 1 0 0 0 0 0 0 0 2 0 1 0 1 0 0 0 0
2719.11 1 2 1 0 0 0 0 0 0 0 1 0 0 0 1 0 0 0 0
2736.6 0 1 1 0 1 0 0 0 0 0 2 0 0 0 1 0 0 0 0
2753.9 1 1 1 0 0 0 0 0 0 0 2 0 1 0 1 0 0 0 0
2760.45 1 2 1 0 0 0 0 0 0 0 1 0 0 0 1 0 0 0 0
2761 1 2 1 1 0 0 0 0 0 0 0 0 0 0 0 0 0 0 0
2767.01 1 2 0 0 0 1 0 0 0 0 1 0 0 0 0 0 0 0 0
2783.96 0 1 0 0 1 1 0 0 0 0 2 0 0 0 0 0 0 0 0
2861.17 0 0 0 0 0 1 0 1 0 0 3 0 0 0 0 0 0 0 0
2895.59 0 0 1 0 0 0 0 1 0 0 3 0 0 0 1 0 0 0 0
2905.23 0 0 1 1 0 0 0 1 0 0 2 0 0 0 0 0 0 0 0
2951.19 0 0 0 0 0 1 0 1 0 0 3 0 0 0 0 0 0 0 0
2971.16 0 0 1 0 0 0 0 1 0 0 3 0 0 0 1 0 0 0 0
3008.55 0 0 1 1 0 0 0 1 0 0 2 0 0 0 0 0 0 0 0
3016.27 0 0 1 1 1 0 0 0 0 0 2 0 1 0 0 0 0 0 0
3036.06 0 1 1 1 1 0 0 0 0 0 1 0 0 0 0 0 0 0 0
3048.68 1 1 1 1 0 0 0 0 0 0 1 0 1 0 0 0 0 0 0
3112.91 0 0 1 1 1 0 0 0 0 0 2 0 1 0 0 0 0 0 0
3115.79 1 0 1 1 0 0 0 0 0 0 2 0 2 0 0 0 0 0 0
3128.4 1 1 1 1 0 0 0 0 0 0 1 0 1 0 0 0 0 0 0
3185.67 1 1 0 0 0 1 0 0 0 0 2 0 1 0 0 0 0 0 0
3209.53 1 2 0 0 0 1 0 0 0 0 1 0 0 0 0 0 0 0 0
3235.6 1 2 1 0 0 0 0 0 0 0 1 0 0 0 1 0 0 0 0
3267.52 0 1 1 0 1 0 0 0 0 0 2 0 0 0 1 0 0 0 0
3289.48 1 1 1 0 0 0 0 0 0 0 2 0 1 0 1 0 0 0 0
3331.81 1 1 1 1 0 0 0 0 0 0 1 0 1 0 0 0 0 0 0
3348.42 1 1 0 0 0 1 0 0 0 0 2 0 1 0 0 0 0 0 0
3372.72 0 0 0 0 1 1 0 0 0 0 3 0 1 0 0 0 0 0 0
3373.55 0 1 0 0 1 1 0 0 0 0 2 0 0 0 0 0 0 0 0
3386.54 1 1 0 0 0 1 0 0 0 0 2 0 1 0 0 0 0 0 0
3400.78 1 2 0 0 0 1 0 0 0 0 1 0 0 0 0 0 0 0 0
3421.87 0 1 0 0 1 1 0 0 0 0 2 0 0 0 0 0 0 0 0
3429.66 1 1 0 0 0 1 0 0 0 0 2 0 1 0 0 0 0 0 0
3475.56 1 1 1 0 0 0 0 0 0 0 2 0 1 0 1 0 0 0 0
3475.58 1 2 1 0 0 0 0 0 0 0 1 0 0 0 1 0 0 0 0
3543.92 0 1 1 0 1 0 0 0 0 0 2 0 0 0 1 0 0 0 0
3588.77 1 1 1 0 0 0 0 0 0 0 2 0 1 0 1 0 0 0 0
3589.57 1 2 1 0 0 0 0 0 0 0 1 0 0 0 1 0 0 0 0
3619.44 0 1 1 0 1 0 0 0 0 0 2 0 0 0 1 0 0 0 0
3622.41 0 1 1 1 1 0 0 0 0 0 1 0 0 0 0 0 0 0 0
3626.47 1 1 1 1 0 0 0 0 0 0 1 0 1 0 0 0 0 0 0
3638.9 0 0 1 1 1 0 0 0 0 0 2 0 1 0 0 0 0 0 0
3657.51 0 1 1 1 1 0 0 0 0 0 1 0 0 0 0 0 0 0 0
3678.84 0 1 0 0 1 1 0 0 0 0 2 0 0 0 0 0 0 0 0
3691.28 0 1 1 0 1 0 0 0 0 0 2 0 0 0 1 0 0 0 0
3740.43 0 0 1 0 0 0 0 1 0 0 3 0 0 0 1 0 0 0 0
3748.71 0 0 1 1 0 0 0 1 0 0 2 0 0 0 0 0 0 0 0
3826.37 0 0 0 0 0 1 0 1 0 0 3 0 0 0 0 0 0 0 0
3920 0 0 0 0 0 0 0 0 0 1 4 0 0 0 0 0 0 0 0
3928.39 0 0 0 0 0 1 0 0 0 0 4 0 0 0 0 0 0 0 1
3930.28 0 0 0 0 0 1 0 1 0 0 3 0 0 0 0 0 0 0 0
3989.84 0 0 0 0 0 0 0 0 0 1 4 0 0 0 0 0 0 0 0
3989.84 0 0 0 0 0 0 0 0 0 1 4 0 0 0 0 0 0 0 0
