0 0 0 0 0 0 0 0 0 0 0 5 1 2 1 1 0 0 0 0
1.20444 0 1 0 0 0 0 0 0 0 0 4 1 1 1 1 0 0 0 0
2.93534 0 2 0 0 0 0 0 0 0 0 3 1 0 1 1 0 0 0 0
4.91937 1 2 0 0 0 0 0 0 0 0 2 0 0 1 1 0 0 0 0
16.653 1 2 0 1 0 0 0 0 0 0 1 0 0 1 0 0 0 0 0
37.3364 0 1 0 1 1 0 0 0 0 0 2 0 0 1 0 0 0 0 0
48.0544 1 1 0 1 0 0 0 0 0 0 2 0 1 1 0 0 0 0 0
48.5868 1 2 0 1 0 0 0 0 0 0 1 0 0 1 0 0 0 0 0
99.3551 0 1 0 1 1 0 0 0 0 0 2 0 0 1 0 0 0 0 0
107.32 1 1 0 1 0 0 0 0 0 0 2 0 1 1 0 0 0 0 0
120.527 1 2 0 1 0 0 0 0 0 0 1 0 0 1 0 0 0 0 0
138.778 0 1 0 1 1 0 0 0 0 0 2 0 0 1 0 0 0 0 0
141.19 1 1 0 1 0 0 0 0 0 0 2 0 1 1 0 0 0 0 0
211.267 1 2 0 1 0 0 0 0 0 0 1 0 0 1 0 0 0 0 0
231.717 0 1 0 1 1 0 0 0 0 0 2 0 0 1 0 0 0 0 0
240.582 0 0 0 1 0 0 0 1 0 0 3 0 0 1 0 0 0 0 0
265.282 0 0 1 1 0 0 0 1 0 0 2 0 0 0 0 0 0 0 0
275.717 0 0 0 0 0 1 0 1 0 0 3 0 0 0 0 0 0 0 0
281.25 0 0 1 0 0 0 0 1 0 0 3 0 0 0 1 0 0 0 0
312.78 0 0 1 1 0 0 0 1 0 0 2 0 0 0 0 0 0 0 0
345.503 0 0 1 1 1 0 0 0 0 0 2 0 1 0 0 0 0 0 0
351.744 0 0 0 0 1 1 0 0 0 0 3 0 1 0 0 0 0 0 0
370.743 0 1 0 0 1 1 0 0 0 0 2 0 0 0 0 0 0 0 0
388.644 0 0 0 0 0 1 0 1 0 0 3 0 0 0 0 0 0 0 0
481.14 0 0 0 0 0 0 0 0 0 1 4 0 0 0 0 0 0 0 0
505.859 0 0 0 0 0 1 0 0 0 0 4 0 0 0 0 0 0 0 1
515.634 0 0 0 0 0 1 0 1 0 0 3 0 0 0 0 0 0 0 0
532.88 0 0 1 0 0 0 0 1 0 0 3 0 0 0 1 0 0 0 0
550.011 0 0 1 1 0 0 0 1 0 0 2 0 0 0 0 0 0 0 0
638.777 0 0 1 1 1 0 0 0 0 0 2 0 1 0 0 0 0 0 0
647.846 0 1 1 1 1 0 0 0 0 0 1 0 0 0 0 0 0 0 0
691.877 1 1 1 1 0 0 0 0 0 0 1 0 1 0 0 0 0 0 0
748.276 1 2 1 1 0 0 0 0 0 0 0 0 0 0 0 0 0 0 0
800.088 1 2 0 0 0 1 0 0 0 0 1 0 0 0 0 0 0 0 0
817.962 0 1 0 0 1 1 0 0 0 0 2 0 0 0 0 0 0 0 0
848.246 0 1 1 0 1 0 0 0 0 0 2 0 0 0 1 0 0 0 0
895.709 0 1 1 1 1 0 0 0 0 0 1 0 0 0 0 0 0 0 0
896.249 0 0 1 1 0 0 0 1 0 0 2 0 0 0 0 0 0 0 0
917.485 0 0 0 0 0 1 0 1 0 0 3 0 0 0 0 0 0 0 0
927.221 0 0 1 0 0 0 0 1 0 0 3 0 0 0 1 0 0 0 0
949.186 0 0 1 1 0 0 0 1 0 0 2 0 0 0 0 0 0 0 0
1022.4 0 0 0 0 0 1 0 1 0 0 3 0 0 0 0 0 0 0 0
1035.84 0 0 0 0 1 1 0 0 0 0 3 0 1 0 0 0 0 0 0
1044.78 0 0 0 0 0 0 1 0 0 0 4 0 1 0 0 0 0 0 0
1069.48 0 1 0 0 0 0 1 0 0 0 3 0 0 0 0 0 0 0 0
1203.49 0 1 0 0 0 1 0 0 0 0 3 0 0 0 0 1 0 0 0
1228.13 0 1 0 0 1 1 0 0 0 0 2 0 0 0 0 0 0 0 0
1229.85 0 0 0 0 0 1 0 1 0 0 3 0 0 0 0 0 0 0 0
1298.24 0 0 0 0 0 0 0 0 0 1 4 0 0 0 0 0 0 0 0
1363.12 0 0 0 0 0 1 0 0 0 0 4 0 0 0 0 0 0 0 1
1382.76 0 0 0 0 0 1 0 1 0 0 3 0 0 0 0 0 0 0 0
1399.93 0 0 0 0 0 0 0 0 0 1 4 0 0 0 0 0 0 0 0
1446.58 0 0 0 0 0 1 0 0 0 0 4 0 0 0 0 0 0 0 1
1450.95 0 0 1 0 0 0 0 0 0 0 4 0 0 0 1 0 0 0 1
1452.07 0 0 1 0 0 0 0 1 0 0 3 0 0 0 1 0 0 0 0
1458.26 0 0 1 1 0 0 0 1 0 0 2 0 0 0 0 0 0 0 0
1458.85 0 0 1 1 1 0 0 0 0 0 2 0 1 0 0 0 0 0 0
1477.98 0 1 1 1 1 0 0 0 0 0 1 0 0 0 0 0 0 0 0
1486.13 1 1 1 1 0 0 0 0 0 0 1 0 1 0 0 0 0 0 0
1492.35 0 0 1 1 1 0 0 0 0 0 2 0 1 0 0 0 0 0 0
1504.09 0 1 1 1 1 0 0 0 0 0 1 0 0 0 0 0 0 0 0
1505.26 1 1 1 1 0 0 0 0 0 0 1 0 1 0 0 0 0 0 0
1573.49 1 2 1 1 0 0 0 0 0 0 0 0 0 0 0 0 0 0 0
1593.65 0 1 1 1 1 0 0 0 0 0 1 0 0 0 0 0 0 0 0
1596.67 1 1 1 1 0 0 0 0 0 0 1 0 1 0 0 0 0 0 0
1602.58 0 0 1 1 1 0 0 0 0 0 2 0 1 0 0 0 0 0 0
1617.21 1 0 1 1 0 0 0 0 0 0 2 0 2 0 0 0 0 0 0
1623.15 1 1 1 1 0 0 0 0 0 0 1 0 1 0 0 0 0 0 0
1625.58 1 1 0 0 0 1 0 0 0 0 2 0 1 0 0 0 0 0 0
1673.68 1 2 0 0 0 1 0 0 0 0 1 0 0 0 0 0 0 0 0
1748.93 1 2 1 0 0 0 0 0 0 0 1 0 0 0 1 0 0 0 0
1797.36 0 1 1 0 1 0 0 0 0 0 2 0 0 0 1 0 0 0 0
1800.51 1 1 1 0 0 0 0 0 0 0 2 0 1 0 1 0 0 0 0
1807.46 1 2 1 0 0 0 0 0 0 0 1 0 0 0 1 0 0 0 0
1831.66 0 1 1 0 1 0 0 0 0 0 2 0 0 0 1 0 0 0 0
1843.4 0 1 1 1 1 0 0 0 0 0 1 0 0 0 0 0 0 0 0
1868.57 0 0 1 1 0 0 0 1 0 0 2 0 0 0 0 0 0 0 0
1877.08 0 0 0 0 0 1 0 1 0 0 3 0 0 0 0 0 0 0 0
1909.74 0 0 0 0 0 0 0 0 0 1 4 0 0 0 0 0 0 0 0
1956.18 0 0 0 0 0 1 0 0 0 0 4 0 0 0 0 0 0 0 1
2024.11 0 0 0 0 0 1 0 1 0 0 3 0 0 0 0 0 0 0 0
2047.72 0 0 1 0 0 0 0 1 0 0 3 0 0 0 1 0 0 0 0
2057.01 0 0 1 0 1 0 0 0 0 0 3 0 1 0 1 0 0 0 0
2066.19 0 1 1 0 1 0 0 0 0 0 2 0 0 0 1 0 0 0 0
2072.97 1 1 1 0 0 0 0 0 0 0 2 0 1 0 1 0 0 0 0
2088.73 1 1 1 1 0 0 0 0 0 0 1 0 1 0 0 0 0 0 0
2105.77 1 1 0 0 0 1 0 0 0 0 2 0 1 0 0 0 0 0 0
2110.87 0 0 0 0 1 1 0 0 0 0 3 0 1 0 0 0 0 0 0
2156.61 0 0 1 0 1 0 0 0 0 0 3 0 1 0 1 0 0 0 0
2158.22 0 1 1 0 1 0 0 0 0 0 2 0 0 0 1 0 0 0 0
2159.67 1 1 1 0 0 0 0 0 0 0 2 0 1 0 1 0 0 0 0
2180.27 0 0 1 0 1 0 0 0 0 0 3 0 1 0 1 0 0 0 0
2181.52 1 0 1 0 0 0 0 0 0 0 3 0 2 0 1 0 0 0 0
2186.92 1 1 1 0 0 0 0 0 0 0 2 0 1 0 1 0 0 0 0
2206.2 0 0 1 0 1 0 0 0 0 0 3 0 1 0 1 0 0 0 0
2215.7 0 1 1 0 1 0 0 0 0 0 2 0 0 0 1 0 0 0 0
2229.96 0 1 1 1 1 0 0 0 0 0 1 0 0 0 0 0 0 0 0
2233.25 0 1 0 0 1 1 0 0 0 0 2 0 0 0 0 0 0 0 0
2275.84 0 0 0 0 0 1 0 1 0 0 3 0 0 0 0 0 0 0 0
2284.63 0 0 0 0 1 1 0 0 0 0 3 0 1 0 0 0 0 0 0
2285.64 0 0 0 0 0 0 1 0 0 0 4 0 1 0 0 0 0 0 0
2298.3 0 1 0 0 0 0 1 0 0 0 3 0 0 0 0 0 0 0 0
2316.46 0 0 0 0 0 0 0 0 1 0 4 0 0 0 0 0 0 0 0
3062.92 0 0 0 0 0 0 1 0 0 0 4 0 1 0 0 0 0 0 0
3066.76 0 1 0 0 0 0 1 0 0 0 3 0 0 0 0 0 0 0 0
3163.59 0 0 0 0 0 0 0 0 1 0 4 0 0 0 0 0 0 0 0
3163.59 0 0 0 0 0 0 0 0 1 0 4 0 0 0 0 0 0 0 0
