0 0 0 0 0 0 0 0 0 0 0 5 1 2 1 1 0 0 0 0
1.1129 0 1 0 0 0 0 0 0 0 0 4 1 1 1 1 0 0 0 0
3.15627 0 1 1 0 0 0 0 0 0 0 3 1 1 0 1 0 0 0 0
6.20289 1 1 1 0 0 0 0 0 0 0 2 0 1 0 1 0 0 0 0
14.2278 1 1 1 1 0 0 0 0 0 0 1 0 1 0 0 0 0 0 0
62.4521 0 0 1 1 1 0 0 0 0 0 2 0 1 0 0 0 0 0 0
77.4817 0 0 0 0 1 1 0 0 0 0 3 0 1 0 0 0 0 0 0
104.402 0 1 0 0 1 1 0 0 0 0 2 0 0 0 0 0 0 0 0
106.748 0 1 1 0 1 0 0 0 0 0 2 0 0 0 1 0 0 0 0
115.843 0 1 1 1 1 0 0 0 0 0 1 0 0 0 0 0 0 0 0
119.129 1 1 1 1 0 0 0 0 0 0 1 0 1 0 0 0 0 0 0
133.244 0 0 1 1 1 0 0 0 0 0 2 0 1 0 0 0 0 0 0
145.661 0 0 0 0 1 1 0 0 0 0 3 0 1 0 0 0 0 0 0
161.458 0 0 1 0 1 0 0 0 0 0 3 0 1 0 1 0 0 0 0
167.863 0 0 1 1 1 0 0 0 0 0 2 0 1 0 0 0 0 0 0
187.765 1 0 1 1 0 0 0 0 0 0 2 0 2 0 0 0 0 0 0
211.472 1 0 0 0 0 1 0 0 0 0 3 0 2 0 0 0 0 0 0
212.098 1 1 0 0 0 1 0 0 0 0 2 0 1 0 0 0 0 0 0
224.33 1 2 0 0 0 1 0 0 0 0 1 0 0 0 0 0 0 0 0
257.335 0 1 0 0 1 1 0 0 0 0 2 0 0 0 0 0 0 0 0
277.222 0 0 0 0 0 1 0 1 0 0 3 0 0 0 0 0 0 0 0
302.983 0 0 0 0 1 1 0 0 0 0 3 0 1 0 0 0 0 0 0
309.536 0 1 0 0 1 1 0 0 0 0 2 0 0 0 0 0 0 0 0
315.588 1 1 0 0 0 1 0 0 0 0 2 0 1 0 0 0 0 0 0
329.101 0 0 0 0 1 1 0 0 0 0 3 0 1 0 0 0 0 0 0
354.78 1 0 0 0 0 1 0 0 0 0 3 0 2 0 0 0 0 0 0
386.42 1 1 0 0 0 1 0 0 0 0 2 0 1 0 0 0 0 0 0
406.686 1 2 0 0 0 1 0 0 0 0 1 0 0 0 0 0 0 0 0
408.735 0 1 0 0 1 1 0 0 0 0 2 0 0 0 0 0 0 0 0
446.382 1 1 0 0 0 1 0 0 0 0 2 0 1 0 0 0 0 0 0
457.027 1 1 1 0 0 0 0 0 0 0 2 0 1 0 1 0 0 0 0
458.732 1 1 1 1 0 0 0 0 0 0 1 0 1 0 0 0 0 0 0
472.968 1 2 1 1 0 0 0 0 0 0 0 0 0 0 0 0 0 0 0
476.131 0 1 1 1 1 0 0 0 0 0 1 0 0 0 0 0 0 0 0
487.94 0 1 0 0 1 1 0 0 0 0 2 0 0 0 0 0 0 0 0
506.741 0 1 1 0 1 0 0 0 0 0 2 0 0 0 1 0 0 0 0
517.149 0 1 1 1 1 0 0 0 0 0 1 0 0 0 0 0 0 0 0
524.302 0 1 0 0 1 1 0 0 0 0 2 0 0 0 0 0 0 0 0
542.416 0 0 0 0 0 1 0 1 0 0 3 0 0 0 0 0 0 0 0
552.562 0 0 0 0 1 1 0 0 0 0 3 0 1 0 0 0 0 0 0
555.912 0 1 0 0 1 1 0 0 0 0 2 0 0 0 0 0 0 0 0
575.631 0 1 1 0 1 0 0 0 0 0 2 0 0 0 1 0 0 0 0
585.151 0 1 1 1 1 0 0 0 0 0 1 0 0 0 0 0 0 0 0
599.262 0 0 1 1 0 0 0 1 0 0 2 0 0 0 0 0 0 0 0
626.937 0 0 1 1 1 0 0 0 0 0 2 0 1 0 0 0 0 0 0
681.099 0 0 0 0 1 1 0 0 0 0 3 0 1 0 0 0 0 0 0
710.119 0 1 0 0 1 1 0 0 0 0 2 0 0 0 0 0 0 0 0
777.118 1 1 0 0 0 1 0 0 0 0 2 0 1 0 0 0 0 0 0
781.541 1 2 0 0 0 1 0 0 0 0 1 0 0 0 0 0 0 0 0
786.224 0 1 0 0 1 1 0 0 0 0 2 0 0 0 0 0 0 0 0
844.119 0 1 0 0 0 0 1 0 0 0 3 0 0 0 0 0 0 0 0
903.501 0 0 0 0 0 0 0 0 1 0 4 0 0 0 0 0 0 0 0
903.501 0 0 0 0 0 0 0 0 1 0 4 0 0 0 0 0 0 0 0
