0 0 0 0 0 0 0 0 0 0 0 5 1 2 1 1 0 0 0 0
3.27761 0 1 0 0 0 0 0 0 0 0 4 1 1 1 1 0 0 0 0
8.07989 0 1 0 1 0 0 0 0 0 0 3 1 1 1 0 0 0 0 0
16.3284 0 1 1 1 0 0 0 0 0 0 2 1 1 0 0 0 0 0 0
24.861 1 1 1 1 0 0 0 0 0 0 1 0 1 0 0 0 0 0 0
140.445 1 2 1 1 0 0 0 0 0 0 0 0 0 0 0 0 0 0 0
158.562 1 2 0 0 0 1 0 0 0 0 1 0 0 0 0 0 0 0 0
192.183 1 2 1 0 0 0 0 0 0 0 1 0 0 0 1 0 0 0 0
204.56 0 1 1 0 1 0 0 0 0 0 2 0 0 0 1 0 0 0 0
227.62 0 0 1 0 0 0 0 1 0 0 3 0 0 0 1 0 0 0 0
273.024 0 0 1 1 0 0 0 1 0 0 2 0 0 0 0 0 0 0 0
284.966 0 0 1 1 1 0 0 0 0 0 2 0 1 0 0 0 0 0 0
298.826 0 1 1 1 1 0 0 0 0 0 1 0 0 0 0 0 0 0 0
307.012 0 0 1 1 0 0 0 1 0 0 2 0 0 0 0 0 0 0 0
318.818 0 0 0 0 0 1 0 1 0 0 3 0 0 0 0 0 0 0 0
377.767 0 0 0 0 0 0 0 0 0 1 4 0 0 0 0 0 0 0 0
402.593 0 0 0 0 0 1 0 0 0 0 4 0 0 0 0 0 0 0 1
425.261 0 0 0 0 0 1 0 1 0 0 3 0 0 0 0 0 0 0 0
458.102 0 0 0 0 1 1 0 0 0 0 3 0 1 0 0 0 0 0 0
488.372 0 1 0 0 1 1 0 0 0 0 2 0 0 0 0 0 0 0 0
510.97 0 1 0 0 0 0 1 0 0 0 3 0 0 0 0 0 0 0 0
523.388 0 0 0 0 0 0 0 0 1 0 4 0 0 0 0 0 0 0 0
1107.04 0 0 0 0 0 0 1 0 0 0 4 0 1 0 0 0 0 0 0
1117.22 0 1 0 0 0 0 1 0 0 0 3 0 0 0 0 0 0 0 0
1257.14 0 1 0 0 0 1 0 0 0 0 3 0 0 0 0 1 0 0 0
1276.51 0 1 0 0 1 1 0 0 0 0 2 0 0 0 0 0 0 0 0
1299.98 0 1 0 0 0 0 1 0 0 0 3 0 0 0 0 0 0 0 0
1382.8 0 0 0 0 0 0 0 0 1 0 4 0 0 0 0 0 0 0 0
1382.8 0 0 0 0 0 0 0 0 1 0 4 0 0 0 0 0 0 0 0
