0 0 0 0 0 0 0 0 0 0 0 5 1 2 1 1 0 0 0 0
8.92988 0 0 0 1 0 0 0 0 0 0 4 1 2 1 0 0 0 0 0
12.0809 1 0 0 1 0 0 0 0 0 0 3 0 2 1 0 0 0 0 0
26.3859 1 0 1 1 0 0 0 0 0 0 2 0 2 0 0 0 0 0 0
59.4666 1 1 1 1 0 0 0 0 0 0 1 0 1 0 0 0 0 0 0
64.1477 1 1 0 0 0 1 0 0 0 0 2 0 1 0 0 0 0 0 0
74.8672 1 2 0 0 0 1 0 0 0 0 1 0 0 0 0 0 0 0 0
80.1921 0 1 0 0 1 1 0 0 0 0 2 0 0 0 0 0 0 0 0
91.0667 1 1 0 0 0 1 0 0 0 0 2 0 1 0 0 0 0 0 0
133.074 1 1 1 0 0 0 0 0 0 0 2 0 1 0 1 0 0 0 0
136.758 1 1 1 1 0 0 0 0 0 0 1 0 1 0 0 0 0 0 0
141.552 0 0 1 1 1 0 0 0 0 0 2 0 1 0 0 0 0 0 0
142.055 0 1 1 1 1 0 0 0 0 0 1 0 0 0 0 0 0 0 0
160.621 0 1 0 0 1 1 0 0 0 0 2 0 0 0 0 0 0 0 0
161.647 1 1 0 0 0 1 0 0 0 0 2 0 1 0 0 0 0 0 0
163.039 0 0 0 0 1 1 0 0 0 0 3 0 1 0 0 0 0 0 0
183.121 0 0 0 0 0 0 1 0 0 0 4 0 1 0 0 0 0 0 0
212.305 0 1 0 0 0 0 1 0 0 0 3 0 0 0 0 0 0 0 0
285.707 0 0 0 0 0 0 0 0 1 0 4 0 0 0 0 0 0 0 0
1792.69 0 0 0 0 0 0 1 0 0 0 4 0 1 0 0 0 0 0 0
1864.98 0 1 0 0 0 0 1 0 0 0 3 0 0 0 0 0 0 0 0
1872.91 0 0 0 0 0 0 0 0 1 0 4 0 0 0 0 0 0 0 0
1872.91 0 0 0 0 0 0 0 0 1 0 4 0 0 0 0 0 0 0 0
