0 0 0 0 0 0 0 0 0 0 0 5 1 2 1 1 0 0 0 0
1.50331 0 0 1 0 0 0 0 0 0 0 4 1 2 0 1 0 0 0 0
4.56281 0 1 1 0 0 0 0 0 0 0 3 1 1 0 1 0 0 0 0
6.54671 0 2 1 0 0 0 0 0 0 0 2 1 0 0 1 0 0 0 0
12.7862 0 2 1 1 0 0 0 0 0 0 1 1 0 0 0 0 0 0 0
36.2028 1 2 1 1 0 0 0 0 0 0 0 0 0 0 0 0 0 0 0
38.4863 0 1 1 1 1 0 0 0 0 0 1 0 0 0 0 0 0 0 0
56.5207 0 1 0 0 1 1 0 0 0 0 2 0 0 0 0 0 0 0 0
75.8305 1 1 0 0 0 1 0 0 0 0 2 0 1 0 0 0 0 0 0
82.9708 0 0 0 0 1 1 0 0 0 0 3 0 1 0 0 0 0 0 0
96.1774 1 0 0 0 0 1 0 0 0 0 3 0 2 0 0 0 0 0 0
96.414 1 0 1 0 0 0 0 0 0 0 3 0 2 0 1 0 0 0 0
107.96 1 0 1 1 0 0 0 0 0 0 2 0 2 0 0 0 0 0 0
110.67 1 1 1 1 0 0 0 0 0 0 1 0 1 0 0 0 0 0 0
152.413 1 2 1 1 0 0 0 0 0 0 0 0 0 0 0 0 0 0 0
183.372 1 2 0 0 0 1 0 0 0 0 1 0 0 0 0 0 0 0 0
202.791 1 2 1 0 0 0 0 0 0 0 1 0 0 0 1 0 0 0 0
216.051 0 1 1 0 1 0 0 0 0 0 2 0 0 0 1 0 0 0 0
224.929 1 1 1 0 0 0 0 0 0 0 2 0 1 0 1 0 0 0 0
232.661 1 2 1 0 0 0 0 0 0 0 1 0 0 0 1 0 0 0 0
257.293 0 1 1 0 1 0 0 0 0 0 2 0 0 0 1 0 0 0 0
282.424 1 1 1 0 0 0 0 0 0 0 2 0 1 0 1 0 0 0 0
294.172 1 1 1 1 0 0 0 0 0 0 1 0 1 0 0 0 0 0 0
311.053 1 2 1 1 0 0 0 0 0 0 0 0 0 0 0 0 0 0 0
332.279 0 1 1 1 1 0 0 0 0 0 1 0 0 0 0 0 0 0 0
368.852 1 1 1 1 0 0 0 0 0 0 1 0 1 0 0 0 0 0 0
386.868 0 0 1 1 1 0 0 0 0 0 2 0 1 0 0 0 0 0 0
389.318 0 1 1 1 1 0 0 0 0 0 1 0 0 0 0 0 0 0 0
440.827 1 1 1 1 0 0 0 0 0 0 1 0 1 0 0 0 0 0 0
446.803 0 0 1 1 1 0 0 0 0 0 2 0 1 0 0 0 0 0 0
454.124 0 0 0 0 1 1 0 0 0 0 3 0 1 0 0 0 0 0 0
475.811 0 0 0 0 0 0 1 0 0 0 4 0 1 0 0 0 0 0 0
476.907 0 1 0 0 0 0 1 0 0 0 3 0 0 0 0 0 0 0 0
554.708 0 0 0 0 0 0 0 0 1 0 4 0 0 0 0 0 0 0 0
554.708 0 0 0 0 0 0 0 0 1 0 4 0 0 0 0 0 0 0 0
