0 0 0 0 0 0 0 0 0 0 0 5 1 2 1 1 0 0 0 0
3.3529 1 0 0 0 0 0 0 0 0 0 4 0 2 1 1 0 0 0 0
5.60619 1 1 0 0 0 0 0 0 0 0 3 0 1 1 1 0 0 0 0
26.5489 0 0 0 0 1 0 0 0 0 0 4 0 1 1 1 0 0 0 0
32.9322 0 0 1 0 1 0 0 0 0 0 3 0 1 0 1 0 0 0 0
40.7139 0 1 1 0 1 0 0 0 0 0 2 0 0 0 1 0 0 0 0
64.8097 0 1 1 1 1 0 0 0 0 0 1 0 0 0 0 0 0 0 0
106.96 1 1 1 1 0 0 0 0 0 0 1 0 1 0 0 0 0 0 0
123.45 0 0 1 1 1 0 0 0 0 0 2 0 1 0 0 0 0 0 0
130.047 1 0 1 1 0 0 0 0 0 0 2 0 2 0 0 0 0 0 0
154.215 1 1 1 1 0 0 0 0 0 0 1 0 1 0 0 0 0 0 0
226.951 1 2 1 1 0 0 0 0 0 0 0 0 0 0 0 0 0 0 0
247.987 1 2 0 0 0 1 0 0 0 0 1 0 0 0 0 0 0 0 0
258.48 0 1 0 0 1 1 0 0 0 0 2 0 0 0 0 0 0 0 0
272.031 0 1 1 0 1 0 0 0 0 0 2 0 0 0 1 0 0 0 0
295.997 0 1 1 1 1 0 0 0 0 0 1 0 0 0 0 0 0 0 0
333.583 1 1 1 1 0 0 0 0 0 0 1 0 1 0 0 0 0 0 0
417.742 1 2 1 1 0 0 0 0 0 0 0 0 0 0 0 0 0 0 0
418.083 0 1 1 1 1 0 0 0 0 0 1 0 0 0 0 0 0 0 0
418.612 0 0 1 1 0 0 0 1 0 0 2 0 0 0 0 0 0 0 0
434.579 0 0 0 0 0 1 0 1 0 0 3 0 0 0 0 0 0 0 0
440.83 0 0 0 0 1 1 0 0 0 0 3 0 1 0 0 0 0 0 0
460.908 0 1 0 0 1 1 0 0 0 0 2 0 0 0 0 0 0 0 0
470.97 1 1 0 0 0 1 0 0 0 0 2 0 1 0 0 0 0 0 0
471.669 0 0 0 0 1 1 0 0 0 0 3 0 1 0 0 0 0 0 0
489.267 1 0 0 0 0 1 0 0 0 0 3 0 2 0 0 0 0 0 0
514.164 1 1 0 0 0 1 0 0 0 0 2 0 1 0 0 0 0 0 0
612.909 1 2 0 0 0 1 0 0 0 0 1 0 0 0 0 0 0 0 0
669.082 0 1 0 0 1 1 0 0 0 0 2 0 0 0 0 0 0 0 0
702.155 1 1 0 0 0 1 0 0 0 0 2 0 1 0 0 0 0 0 0
716.19 1 1 1 0 0 0 0 0 0 0 2 0 1 0 1 0 0 0 0
727.812 1 1 1 1 0 0 0 0 0 0 1 0 1 0 0 0 0 0 0
772.665 1 1 0 0 0 1 0 0 0 0 2 0 1 0 0 0 0 0 0
785.384 0 0 0 0 1 1 0 0 0 0 3 0 1 0 0 0 0 0 0
790.692 0 0 1 0 1 0 0 0 0 0 3 0 1 0 1 0 0 0 0
798.484 0 1 1 0 1 0 0 0 0 0 2 0 0 0 1 0 0 0 0
852.484 1 1 1 0 0 0 0 0 0 0 2 0 1 0 1 0 0 0 0
872.512 1 2 1 0 0 0 0 0 0 0 1 0 0 0 1 0 0 0 0
901.816 1 2 1 1 0 0 0 0 0 0 0 0 0 0 0 0 0 0 0
966.854 0 1 1 1 1 0 0 0 0 0 1 0 0 0 0 0 0 0 0
1001.75 0 0 1 1 0 0 0 1 0 0 2 0 0 0 0 0 0 0 0
1030.24 0 0 0 0 0 1 0 1 0 0 3 0 0 0 0 0 0 0 0
1042.17 0 0 1 0 0 0 0 1 0 0 3 0 0 0 1 0 0 0 0
1043.92 0 0 1 1 0 0 0 1 0 0 2 0 0 0 0 0 0 0 0
1110.32 0 0 0 0 0 1 0 1 0 0 3 0 0 0 0 0 0 0 0
1138.14 0 0 0 0 1 1 0 0 0 0 3 0 1 0 0 0 0 0 0
1146.19 0 1 0 0 1 1 0 0 0 0 2 0 0 0 0 0 0 0 0
1161.1 1 1 0 0 0 1 0 0 0 0 2 0 1 0 0 0 0 0 0
1178.33 0 0 0 0 1 1 0 0 0 0 3 0 1 0 0 0 0 0 0
1180.24 0 0 0 0 0 0 1 0 0 0 4 0 1 0 0 0 0 0 0
1192.23 0 1 0 0 0 0 1 0 0 0 3 0 0 0 0 0 0 0 0
1226.61 0 0 0 0 0 0 0 0 1 0 4 0 0 0 0 0 0 0 0
2076.73 0 0 0 0 0 0 1 0 0 0 4 0 1 0 0 0 0 0 0
2078.11 0 0 0 0 0 1 0 0 0 0 4 0 1 0 0 1 0 0 0
2081.24 0 0 0 0 1 1 0 0 0 0 3 0 1 0 0 0 0 0 0
2096.95 0 1 0 0 1 1 0 0 0 0 2 0 0 0 0 0 0 0 0
2117.92 1 1 0 0 0 1 0 0 0 0 2 0 1 0 0 0 0 0 0
2144.2 0 0 0 0 1 1 0 0 0 0 3 0 1 0 0 0 0 0 0
2159.49 1 0 0 0 0 1 0 0 0 0 3 0 2 0 0 0 0 0 0
2162.58 1 1 0 0 0 1 0 0 0 0 2 0 1 0 0 0 0 0 0
2186.26 0 0 0 0 1 1 0 0 0 0 3 0 1 0 0 0 0 0 0
2204.45 0 1 0 0 1 1 0 0 0 0 2 0 0 0 0 0 0 0 0
2242.65 1 1 0 0 0 1 0 0 0 0 2 0 1 0 0 0 0 0 0
2252.61 1 2 0 0 0 1 0 0 0 0 1 0 0 0 0 0 0 0 0
2259.79 0 1 0 0 1 1 0 0 0 0 2 0 0 0 0 0 0 0 0
2264.86 0 0 0 0 0 1 0 1 0 0 3 0 0 0 0 0 0 0 0
2267.21 0 0 0 0 0 0 0 0 0 1 4 0 0 0 0 0 0 0 0
2268.51 0 0 0 0 0 1 0 0 0 0 4 0 0 0 0 0 0 0 1
2310.08 0 0 0 0 0 1 0 1 0 0 3 0 0 0 0 0 0 0 0
2319.56 0 0 0 0 1 1 0 0 0 0 3 0 1 0 0 0 0 0 0
2320.83 0 0 0 0 0 0 1 0 0 0 4 0 1 0 0 0 0 0 0
2324.92 0 1 0 0 0 0 1 0 0 0 3 0 0 0 0 0 0 0 0
2331.11 0 0 0 0 0 0 0 0 1 0 4 0 0 0 0 0 0 0 0
2331.11 0 0 0 0 0 0 0 0 1 0 4 0 0 0 0 0 0 0 0
