0 0 0 0 0 0 0 0 0 0 0 5 1 2 1 1 0 0 0 0
4.22221 0 1 0 0 0 0 0 0 0 0 4 1 1 1 1 0 0 0 0
5.30922 0 1 1 0 0 0 0 0 0 0 3 1 1 0 1 0 0 0 0
32.2874 1 1 1 0 0 0 0 0 0 0 2 0 1 0 1 0 0 0 0
36.7152 1 1 1 1 0 0 0 0 0 0 1 0 1 0 0 0 0 0 0
131.793 1 1 0 0 0 1 0 0 0 0 2 0 1 0 0 0 0 0 0
139.606 1 2 0 0 0 1 0 0 0 0 1 0 0 0 0 0 0 0 0
160.294 1 2 1 0 0 0 0 0 0 0 1 0 0 0 1 0 0 0 0
205.038 0 1 1 0 1 0 0 0 0 0 2 0 0 0 1 0 0 0 0
214.868 0 0 1 0 0 0 0 1 0 0 3 0 0 0 1 0 0 0 0
230.336 0 0 1 1 0 0 0 1 0 0 2 0 0 0 0 0 0 0 0
262.174 0 0 1 1 1 0 0 0 0 0 2 0 1 0 0 0 0 0 0
269.735 0 1 1 1 1 0 0 0 0 0 1 0 0 0 0 0 0 0 0
296.975 0 1 0 0 1 1 0 0 0 0 2 0 0 0 0 0 0 0 0
333.735 0 0 0 0 0 1 0 1 0 0 3 0 0 0 0 0 0 0 0
341.58 0 0 0 0 0 0 0 0 0 1 4 0 0 0 0 0 0 0 0
364.677 0 0 0 0 0 1 0 0 0 0 4 0 0 0 0 0 0 0 1
368.393 0 0 0 0 0 1 0 1 0 0 3 0 0 0 0 0 0 0 0
374.193 0 0 0 0 1 1 0 0 0 0 3 0 1 0 0 0 0 0 0
378.214 0 1 0 0 1 1 0 0 0 0 2 0 0 0 0 0 0 0 0
389.399 1 1 0 0 0 1 0 0 0 0 2 0 1 0 0 0 0 0 0
445.746 0 0 0 0 1 1 0 0 0 0 3 0 1 0 0 0 0 0 0
450.695 0 0 1 0 1 0 0 0 0 0 3 0 1 0 1 0 0 0 0
471.721 0 0 1 1 1 0 0 0 0 0 2 0 1 0 0 0 0 0 0
475.726 0 1 1 1 1 0 0 0 0 0 1 0 0 0 0 0 0 0 0
544.204 0 0 1 1 0 0 0 1 0 0 2 0 0 0 0 0 0 0 0
641.744 0 0 0 0 0 1 0 1 0 0 3 0 0 0 0 0 0 0 0
710.886 0 0 0 0 1 1 0 0 0 0 3 0 1 0 0 0 0 0 0
724.274 1 0 0 0 0 1 0 0 0 0 3 0 2 0 0 0 0 0 0
726.959 1 1 0 0 0 1 0 0 0 0 2 0 1 0 0 0 0 0 0
730.737 1 2 0 0 0 1 0 0 0 0 1 0 0 0 0 0 0 0 0
737.112 0 1 0 0 1 1 0 0 0 0 2 0 0 0 0 0 0 0 0
743.501 1 1 0 0 0 1 0 0 0 0 2 0 1 0 0 0 0 0 0
786.09 1 2 0 0 0 1 0 0 0 0 1 0 0 0 0 0 0 0 0
802.675 1 2 1 0 0 0 0 0 0 0 1 0 0 0 1 0 0 0 0
849.517 0 1 1 0 1 0 0 0 0 0 2 0 0 0 1 0 0 0 0
856.803 0 0 1 0 0 0 0 1 0 0 3 0 0 0 1 0 0 0 0
882.484 0 0 1 1 0 0 0 1 0 0 2 0 0 0 0 0 0 0 0
892.803 0 0 0 0 0 1 0 1 0 0 3 0 0 0 0 0 0 0 0
935.277 0 0 1 0 0 0 0 1 0 0 3 0 0 0 1 0 0 0 0
963.881 0 0 1 1 0 0 0 1 0 0 2 0 0 0 0 0 0 0 0
967.369 0 0 0 0 0 1 0 1 0 0 3 0 0 0 0 0 0 0 0
974.578 0 0 0 0 0 0 0 0 0 1 4 0 0 0 0 0 0 0 0
1113.41 0 0 0 0 0 1 0 0 0 0 4 0 0 0 0 0 0 0 1
1131.68 0 0 0 0 0 1 0 1 0 0 3 0 0 0 0 0 0 0 0
1142.27 0 0 0 0 0 0 0 0 0 1 4 0 0 0 0 0 0 0 0
1181.82 0 0 0 0 0 1 0 0 0 0 4 0 0 0 0 0 0 0 1
1185.32 0 0 0 0 0 1 0 1 0 0 3 0 0 0 0 0 0 0 0
1252.51 0 0 0 0 1 1 0 0 0 0 3 0 1 0 0 0 0 0 0
1254.83 0 1 0 0 1 1 0 0 0 0 2 0 0 0 0 0 0 0 0
1256.66 0 1 1 0 1 0 0 0 0 0 2 0 0 0 1 0 0 0 0
1262.58 1 1 1 0 0 0 0 0 0 0 2 0 1 0 1 0 0 0 0
1288.45 0 0 1 0 1 0 0 0 0 0 3 0 1 0 1 0 0 0 0
1288.75 1 0 1 0 0 0 0 0 0 0 3 0 2 0 1 0 0 0 0
1293.86 1 1 1 0 0 0 0 0 0 0 2 0 1 0 1 0 0 0 0
1303.22 1 1 1 1 0 0 0 0 0 0 1 0 1 0 0 0 0 0 0
1319.37 1 1 0 0 0 1 0 0 0 0 2 0 1 0 0 0 0 0 0
1344.15 0 0 0 0 1 1 0 0 0 0 3 0 1 0 0 0 0 0 0
1353.1 0 0 1 0 1 0 0 0 0 0 3 0 1 0 1 0 0 0 0
1361.94 0 0 1 1 1 0 0 0 0 0 2 0 1 0 0 0 0 0 0
1375.06 0 0 0 0 1 1 0 0 0 0 3 0 1 0 0 0 0 0 0
1398.07 0 0 0 0 0 0 1 0 0 0 4 0 1 0 0 0 0 0 0
1406.25 0 0 0 0 0 1 0 0 0 0 4 0 1 0 0 1 0 0 0
1416.73 0 0 0 0 1 1 0 0 0 0 3 0 1 0 0 0 0 0 0
1463.13 1 0 0 0 0 1 0 0 0 0 3 0 2 0 0 0 0 0 0
1474.62 1 1 0 0 0 1 0 0 0 0 2 0 1 0 0 0 0 0 0
1508.21 0 0 0 0 1 1 0 0 0 0 3 0 1 0 0 0 0 0 0
1517.01 0 0 1 0 1 0 0 0 0 0 3 0 1 0 1 0 0 0 0
1533.3 0 1 1 0 1 0 0 0 0 0 2 0 0 0 1 0 0 0 0
1547.64 0 1 1 1 1 0 0 0 0 0 1 0 0 0 0 0 0 0 0
1554.09 0 1 0 0 1 1 0 0 0 0 2 0 0 0 0 0 0 0 0
1557.78 0 0 0 0 0 1 0 1 0 0 3 0 0 0 0 0 0 0 0
1575.33 0 0 0 0 0 0 0 0 0 1 4 0 0 0 0 0 0 0 0
1618.01 0 0 0 0 0 1 0 0 0 0 4 0 0 0 0 0 0 0 1
1626.39 0 0 1 0 0 0 0 0 0 0 4 0 0 0 1 0 0 0 1
1667.21 0 0 1 1 0 0 0 0 0 0 3 0 0 0 0 0 0 0 1
1696.93 0 0 0 0 0 1 0 0 0 0 4 0 0 0 0 0 0 0 1
1726.68 0 0 0 0 0 1 0 1 0 0 3 0 0 0 0 0 0 0 0
1767.24 0 0 1 0 0 0 0 1 0 0 3 0 0 0 1 0 0 0 0
1774.41 0 0 1 1 0 0 0 1 0 0 2 0 0 0 0 0 0 0 0
1780.77 0 0 0 0 0 1 0 1 0 0 3 0 0 0 0 0 0 0 0
1823.38 0 0 0 0 0 0 0 0 0 1 4 0 0 0 0 0 0 0 0
1896.91 0 0 0 0 0 1 0 0 0 0 4 0 0 0 0 0 0 0 1
1909.08 0 0 0 0 0 1 0 1 0 0 3 0 0 0 0 0 0 0 0
1946.35 0 0 0 0 0 0 0 0 0 1 4 0 0 0 0 0 0 0 0
1993.88 0 0 0 0 0 1 0 0 0 0 4 0 0 0 0 0 0 0 1
2045.26 0 0 0 0 0 1 0 1 0 0 3 0 0 0 0 0 0 0 0
2082.79 0 0 1 0 0 0 0 1 0 0 3 0 0 0 1 0 0 0 0
2098.95 0 0 1 1 0 0 0 1 0 0 2 0 0 0 0 0 0 0 0
2111.2 0 0 0 0 0 1 0 1 0 0 3 0 0 0 0 0 0 0 0
2113.74 0 0 0 0 1 1 0 0 0 0 3 0 1 0 0 0 0 0 0
2129.19 0 0 0 0 0 0 1 0 0 0 4 0 1 0 0 0 0 0 0
2248.47 0 1 0 0 0 0 1 0 0 0 3 0 0 0 0 0 0 0 0
2361.04 0 0 0 0 0 0 0 0 1 0 4 0 0 0 0 0 0 0 0
2361.04 0 0 0 0 0 0 0 0 1 0 4 0 0 0 0 0 0 0 0
