0 0 0 0 0 0 0 0 0 0 0 5 1 2 1 1 0 0 0 0
0.00567559 0 1 0 0 0 0 0 0 0 0 4 1 1 1 1 0 0 0 0
6.157 1 1 0 0 0 0 0 0 0 0 3 0 1 1 1 0 0 0 0
33.1209 1 1 0 1 0 0 0 0 0 0 2 0 1 1 0 0 0 0 0
34.6262 1 2 0 1 0 0 0 0 0 0 1 0 0 1 0 0 0 0 0
83.9281 0 1 0 1 1 0 0 0 0 0 2 0 0 1 0 0 0 0 0
93.9249 0 0 0 1 0 0 0 1 0 0 3 0 0 1 0 0 0 0 0
94.8644 0 0 1 1 0 0 0 1 0 0 2 0 0 0 0 0 0 0 0
95.4092 0 0 0 0 0 1 0 1 0 0 3 0 0 0 0 0 0 0 0
110.409 0 0 0 0 0 0 0 0 0 1 4 0 0 0 0 0 0 0 0
126.187 0 0 0 0 0 1 0 0 0 0 4 0 0 0 0 0 0 0 1
140.283 0 0 0 0 0 1 0 1 0 0 3 0 0 0 0 0 0 0 0
186.74 0 0 0 0 1 1 0 0 0 0 3 0 1 0 0 0 0 0 0
200.168 0 1 0 0 1 1 0 0 0 0 2 0 0 0 0 0 0 0 0
204.375 0 0 0 0 0 1 0 1 0 0 3 0 0 0 0 0 0 0 0
254.188 0 0 0 0 0 0 0 0 0 1 4 0 0 0 0 0 0 0 0
279.757 0 0 0 0 0 1 0 0 0 0 4 0 0 0 0 0 0 0 1
290.458 0 0 1 0 0 0 0 0 0 0 4 0 0 0 1 0 0 0 1
308.075 0 0 1 0 0 0 0 1 0 0 3 0 0 0 1 0 0 0 0
456.327 0 0 1 0 1 0 0 0 0 0 3 0 1 0 1 0 0 0 0
481.434 1 0 1 0 0 0 0 0 0 0 3 0 2 0 1 0 0 0 0
485.125 1 0 1 1 0 0 0 0 0 0 2 0 2 0 0 0 0 0 0
509.214 1 1 1 1 0 0 0 0 0 0 1 0 1 0 0 0 0 0 0
527.959 0 0 1 1 1 0 0 0 0 0 2 0 1 0 0 0 0 0 0
551.559 0 0 0 0 1 1 0 0 0 0 3 0 1 0 0 0 0 0 0
568.283 0 0 0 0 0 0 1 0 0 0 4 0 1 0 0 0 0 0 0
581.127 0 1 0 0 0 0 1 0 0 0 3 0 0 0 0 0 0 0 0
584.007 0 0 0 0 0 0 0 0 1 0 4 0 0 0 0 0 0 0 0
2107.46 0 0 0 0 0 0 1 0 0 0 4 0 1 0 0 0 0 0 0
2124.8 0 1 0 0 0 0 1 0 0 0 3 0 0 0 0 0 0 0 0
2146.45 0 0 0 0 0 0 0 0 1 0 4 0 0 0 0 0 0 0 0
3419.74 0 0 0 0 0 0 1 0 0 0 4 0 1 0 0 0 0 0 0
3423.31 0 1 0 0 0 0 1 0 0 0 3 0 0 0 0 0 0 0 0
3465.47 0 0 0 0 0 0 0 0 1 0 4 0 0 0 0 0 0 0 0
3810.95 0 0 0 0 0 0 1 0 0 0 4 0 1 0 0 0 0 0 0
3843.14 0 0 0 0 0 1 0 0 0 0 4 0 1 0 0 1 0 0 0
3848.98 0 0 0 0 1 1 0 0 0 0 3 0 1 0 0 0 0 0 0
3853.16 0 1 0 0 1 1 0 0 0 0 2 0 0 0 0 0 0 0 0
3862.42 0 1 0 0 0 0 1 0 0 0 3 0 0 0 0 0 0 0 0
3990.35 0 1 0 0 0 1 0 0 0 0 3 0 0 0 0 1 0 0 0
3990.35 0 1 0 0 0 1 0 0 0 0 3 0 0 0 0 1 0 0 0
