0 0 0 0 0 0 0 0 0 0 0 5 1 2 1 1 0 0 0 0
0.1574 0 0 1 0 0 0 0 0 0 0 4 1 2 0 1 0 0 0 0
3.37141 1 0 1 0 0 0 0 0 0 0 3 0 2 0 1 0 0 0 0
8.48148 1 0 1 1 0 0 0 0 0 0 2 0 2 0 0 0 0 0 0
15.2671 1 1 1 1 0 0 0 0 0 0 1 0 1 0 0 0 0 0 0
21.7349 0 0 1 1 1 0 0 0 0 0 2 0 1 0 0 0 0 0 0
21.9444 0 0 0 0 1 1 0 0 0 0 3 0 1 0 0 0 0 0 0
102.872 0 1 0 0 1 1 0 0 0 0 2 0 0 0 0 0 0 0 0
114.319 0 1 0 0 0 0 1 0 0 0 3 0 0 0 0 0 0 0 0
120.334 0 0 0 0 0 0 0 0 1 0 4 0 0 0 0 0 0 0 0
3218.98 0 0 0 0 0 0 1 0 0 0 4 0 1 0 0 0 0 0 0
3230.59 0 1 0 0 0 0 1 0 0 0 3 0 0 0 0 0 0 0 0
3348.67 0 0 0 0 0 0 0 0 1 0 4 0 0 0 0 0 0 0 0
3348.67 0 0 0 0 0 0 0 0 1 0 4 0 0 0 0 0 0 0 0
