0 0 0 0 0 0 0 0 0 0 0 5 1 2 1 1 0 0 0 0
0.612224 0 1 0 0 0 0 0 0 0 0 4 1 1 1 1 0 0 0 0
6.58258 0 1 0 1 0 0 0 0 0 0 3 1 1 1 0 0 0 0 0
9.35419 1 1 0 1 0 0 0 0 0 0 2 0 1 1 0 0 0 0 0
11.9506 1 2 0 1 0 0 0 0 0 0 1 0 0 1 0 0 0 0 0
22.4485 0 1 0 1 1 0 0 0 0 0 2 0 0 1 0 0 0 0 0
60.9152 1 1 0 1 0 0 0 0 0 0 2 0 1 1 0 0 0 0 0
97.8306 1 1 1 1 0 0 0 0 0 0 1 0 1 0 0 0 0 0 0
108.235 0 0 1 1 1 0 0 0 0 0 2 0 1 0 0 0 0 0 0
121.87 1 0 1 1 0 0 0 0 0 0 2 0 2 0 0 0 0 0 0
156.692 1 0 0 0 0 1 0 0 0 0 3 0 2 0 0 0 0 0 0
161.043 1 1 0 0 0 1 0 0 0 0 2 0 1 0 0 0 0 0 0
165.104 0 0 0 0 1 1 0 0 0 0 3 0 1 0 0 0 0 0 0
179.519 0 0 0 0 0 0 1 0 0 0 4 0 1 0 0 0 0 0 0
191.525 0 1 0 0 0 0 1 0 0 0 3 0 0 0 0 0 0 0 0
203.846 0 0 0 0 0 0 0 0 1 0 4 0 0 0 0 0 0 0 0
2377.76 0 0 0 0 0 0 1 0 0 0 4 0 1 0 0 0 0 0 0
2389.44 0 1 0 0 0 0 1 0 0 0 3 0 0 0 0 0 0 0 0
2424.46 0 0 0 0 0 0 0 0 1 0 4 0 0 0 0 0 0 0 0
2687.82 0 0 0 0 0 0 1 0 0 0 4 0 1 0 0 0 0 0 0
2689.25 0 1 0 0 0 0 1 0 0 0 3 0 0 0 0 0 0 0 0
2866.5 0 0 0 0 0 0 0 0 1 0 4 0 0 0 0 0 0 0 0
3266.11 0 0 0 0 0 0 1 0 0 0 4 0 1 0 0 0 0 0 0
3267.19 0 1 0 0 0 0 1 0 0 0 3 0 0 0 0 0 0 0 0
3314.41 0 0 0 0 0 0 0 0 1 0 4 0 0 0 0 0 0 0 0
3399.63 0 0 0 0 0 0 1 0 0 0 4 0 1 0 0 0 0 0 0
3410.37 0 1 0 0 0 0 1 0 0 0 3 0 0 0 0 0 0 0 0
3471.88 0 0 0 0 0 0 0 0 1 0 4 0 0 0 0 0 0 0 0
3471.88 0 0 0 0 0 0 0 0 1 0 4 0 0 0 0 0 0 0 0
