0 0 0 0 0 0 0 0 0 0 0 5 1 2 1 1 0 0 0 0
7.46277 0 0 1 0 0 0 0 0 0 0 4 1 2 0 1 0 0 0 0
14.6176 0 1 1 0 0 0 0 0 0 0 3 1 1 0 1 0 0 0 0
26.2376 0 1 1 1 0 0 0 0 0 0 2 1 1 0 0 0 0 0 0
28.5322 0 1 0 0 0 1 0 0 0 0 3 1 1 0 0 0 0 0 0
38.3928 1 1 0 0 0 1 0 0 0 0 2 0 1 0 0 0 0 0 0
90.2149 1 1 1 0 0 0 0 0 0 0 2 0 1 0 1 0 0 0 0
90.4255 1 2 1 0 0 0 0 0 0 0 1 0 0 0 1 0 0 0 0
134.319 0 1 1 0 1 0 0 0 0 0 2 0 0 0 1 0 0 0 0
180.189 0 0 1 0 0 0 0 1 0 0 3 0 0 0 1 0 0 0 0
196.757 0 0 1 1 0 0 0 1 0 0 2 0 0 0 0 0 0 0 0
198.892 0 0 1 1 1 0 0 0 0 0 2 0 1 0 0 0 0 0 0
219.78 0 0 0 0 1 1 0 0 0 0 3 0 1 0 0 0 0 0 0
234.904 1 0 0 0 0 1 0 0 0 0 3 0 2 0 0 0 0 0 0
251.457 1 1 0 0 0 1 0 0 0 0 2 0 1 0 0 0 0 0 0
332.754 1 2 0 0 0 1 0 0 0 0 1 0 0 0 0 0 0 0 0
350.419 0 1 0 0 1 1 0 0 0 0 2 0 0 0 0 0 0 0 0
371.831 1 1 0 0 0 1 0 0 0 0 2 0 1 0 0 0 0 0 0
380.152 1 2 0 0 0 1 0 0 0 0 1 0 0 0 0 0 0 0 0
390.547 0 1 0 0 1 1 0 0 0 0 2 0 0 0 0 0 0 0 0
394.736 0 1 0 0 0 0 1 0 0 0 3 0 0 0 0 0 0 0 0
407.627 0 1 0 0 0 1 0 0 0 0 3 0 0 0 0 1 0 0 0
423.914 0 1 0 0 1 1 0 0 0 0 2 0 0 0 0 0 0 0 0
437.375 1 1 0 0 0 1 0 0 0 0 2 0 1 0 0 0 0 0 0
480.523 1 2 0 0 0 1 0 0 0 0 1 0 0 0 0 0 0 0 0
487.581 0 1 0 0 1 1 0 0 0 0 2 0 0 0 0 0 0 0 0
489.262 1 1 0 0 0 1 0 0 0 0 2 0 1 0 0 0 0 0 0
500.972 0 0 0 0 1 1 0 0 0 0 3 0 1 0 0 0 0 0 0
501.493 0 1 0 0 1 1 0 0 0 0 2 0 0 0 0 0 0 0 0
512.303 0 0 0 0 0 1 0 1 0 0 3 0 0 0 0 0 0 0 0
517.341 0 0 1 0 0 0 0 1 0 0 3 0 0 0 1 0 0 0 0
518.271 0 0 1 1 0 0 0 1 0 0 2 0 0 0 0 0 0 0 0
529.05 0 0 0 0 0 1 0 1 0 0 3 0 0 0 0 0 0 0 0
582.258 0 0 0 0 0 0 0 0 0 1 4 0 0 0 0 0 0 0 0
586.347 0 0 0 0 0 1 0 0 0 0 4 0 0 0 0 0 0 0 1
652.299 0 0 0 0 0 1 0 1 0 0 3 0 0 0 0 0 0 0 0
762.102 0 0 0 0 1 1 0 0 0 0 3 0 1 0 0 0 0 0 0
768.052 0 0 1 0 1 0 0 0 0 0 3 0 1 0 1 0 0 0 0
774.46 1 0 1 0 0 0 0 0 0 0 3 0 2 0 1 0 0 0 0
788.852 1 0 1 1 0 0 0 0 0 0 2 0 2 0 0 0 0 0 0
794.46 1 0 0 0 0 1 0 0 0 0 3 0 2 0 0 0 0 0 0
807.162 1 1 0 0 0 1 0 0 0 0 2 0 1 0 0 0 0 0 0
814.076 0 0 0 0 1 1 0 0 0 0 3 0 1 0 0 0 0 0 0
815.909 0 1 0 0 1 1 0 0 0 0 2 0 0 0 0 0 0 0 0
816.748 0 0 0 0 0 1 0 1 0 0 3 0 0 0 0 0 0 0 0
817.272 0 0 0 0 1 1 0 0 0 0 3 0 1 0 0 0 0 0 0
863.481 0 1 0 0 1 1 0 0 0 0 2 0 0 0 0 0 0 0 0
897.5 1 1 0 0 0 1 0 0 0 0 2 0 1 0 0 0 0 0 0
931.088 0 0 0 0 1 1 0 0 0 0 3 0 1 0 0 0 0 0 0
949.522 0 0 0 0 0 0 1 0 0 0 4 0 1 0 0 0 0 0 0
985.705 0 1 0 0 0 0 1 0 0 0 3 0 0 0 0 0 0 0 0
989.627 0 0 0 0 0 0 0 0 1 0 4 0 0 0 0 0 0 0 0
989.627 0 0 0 0 0 0 0 0 1 0 4 0 0 0 0 0 0 0 0
