0 0 0 0 0 0 0 0 0 0 0 5 1 2 1 1 0 0 0 0
1.50121 0 0 0 1 0 0 0 0 0 0 4 1 2 1 0 0 0 0 0
3.42735 1 0 0 1 0 0 0 0 0 0 3 0 2 1 0 0 0 0 0
29.941 1 1 0 1 0 0 0 0 0 0 2 0 1 1 0 0 0 0 0
96.1082 1 1 1 1 0 0 0 0 0 0 1 0 1 0 0 0 0 0 0
177.467 1 1 0 0 0 1 0 0 0 0 2 0 1 0 0 0 0 0 0
181.874 1 2 0 0 0 1 0 0 0 0 1 0 0 0 0 0 0 0 0
187.515 0 1 0 0 1 1 0 0 0 0 2 0 0 0 0 0 0 0 0
192.086 0 0 0 0 0 1 0 1 0 0 3 0 0 0 0 0 0 0 0
313.672 0 0 0 0 0 0 0 0 0 1 4 0 0 0 0 0 0 0 0
354.064 0 0 0 0 0 1 0 0 0 0 4 0 0 0 0 0 0 0 1
372.881 0 0 0 0 0 1 0 1 0 0 3 0 0 0 0 0 0 0 0
409.009 0 0 0 0 1 1 0 0 0 0 3 0 1 0 0 0 0 0 0
461.5 0 1 0 0 1 1 0 0 0 0 2 0 0 0 0 0 0 0 0
462.152 0 0 0 0 0 1 0 1 0 0 3 0 0 0 0 0 0 0 0
479.255 0 0 1 0 0 0 0 1 0 0 3 0 0 0 1 0 0 0 0
491.103 0 0 1 1 0 0 0 1 0 0 2 0 0 0 0 0 0 0 0
515.17 0 0 0 0 0 1 0 1 0 0 3 0 0 0 0 0 0 0 0
538.844 0 0 1 0 0 0 0 1 0 0 3 0 0 0 1 0 0 0 0
553.201 0 0 1 1 0 0 0 1 0 0 2 0 0 0 0 0 0 0 0
582.19 0 0 0 0 0 1 0 1 0 0 3 0 0 0 0 0 0 0 0
586.3 0 0 0 0 0 0 0 0 0 1 4 0 0 0 0 0 0 0 0
649.385 0 0 0 0 0 1 0 0 0 0 4 0 0 0 0 0 0 0 1
668.313 0 0 0 0 0 1 0 1 0 0 3 0 0 0 0 0 0 0 0
778.796 0 0 0 0 0 0 0 0 0 1 4 0 0 0 0 0 0 0 0
858.092 0 0 0 0 0 1 0 0 0 0 4 0 0 0 0 0 0 0 1
873.325 0 0 0 0 0 1 0 1 0 0 3 0 0 0 0 0 0 0 0
977.939 0 0 0 0 1 1 0 0 0 0 3 0 1 0 0 0 0 0 0
983.457 0 0 0 0 0 0 1 0 0 0 4 0 1 0 0 0 0 0 0
998.973 0 1 0 0 0 0 1 0 0 0 3 0 0 0 0 0 0 0 0
1034.27 0 0 0 0 0 0 0 0 1 0 4 0 0 0 0 0 0 0 0
1034.27 0 0 0 0 0 0 0 0 1 0 4 0 0 0 0 0 0 0 0
