0 0 0 0 0 0 0 0 0 0 0 5 1 2 1 1 0 0 0 0
8.24309 0 1 0 0 0 0 0 0 0 0 4 1 1 1 1 0 0 0 0
17.7521 0 1 1 0 0 0 0 0 0 0 3 1 1 0 1 0 0 0 0
25.9326 0 2 1 0 0 0 0 0 0 0 2 1 0 0 1 0 0 0 0
45.6959 0 2 1 1 0 0 0 0 0 0 1 1 0 0 0 0 0 0 0
47.0914 1 2 1 1 0 0 0 0 0 0 0 0 0 0 0 0 0 0 0
61.8395 0 1 1 1 1 0 0 0 0 0 1 0 0 0 0 0 0 0 0
64.1691 0 0 1 1 0 0 0 1 0 0 2 0 0 0 0 0 0 0 0
196.181 0 0 0 0 0 1 0 1 0 0 3 0 0 0 0 0 0 0 0
324.23 0 0 0 0 1 1 0 0 0 0 3 0 1 0 0 0 0 0 0
324.395 1 0 0 0 0 1 0 0 0 0 3 0 2 0 0 0 0 0 0
339.318 1 0 1 0 0 0 0 0 0 0 3 0 2 0 1 0 0 0 0
344.647 1 1 1 0 0 0 0 0 0 0 2 0 1 0 1 0 0 0 0
352.386 1 2 1 0 0 0 0 0 0 0 1 0 0 0 1 0 0 0 0
356.288 0 1 1 0 1 0 0 0 0 0 2 0 0 0 1 0 0 0 0
356.803 1 1 1 0 0 0 0 0 0 0 2 0 1 0 1 0 0 0 0
378.258 0 0 1 0 1 0 0 0 0 0 3 0 1 0 1 0 0 0 0
378.636 0 1 1 0 1 0 0 0 0 0 2 0 0 0 1 0 0 0 0
386.143 1 1 1 0 0 0 0 0 0 0 2 0 1 0 1 0 0 0 0
423.087 0 0 1 0 1 0 0 0 0 0 3 0 1 0 1 0 0 0 0
442.119 1 0 1 0 0 0 0 0 0 0 3 0 2 0 1 0 0 0 0
444.852 1 0 1 1 0 0 0 0 0 0 2 0 2 0 0 0 0 0 0
464.019 1 1 1 1 0 0 0 0 0 0 1 0 1 0 0 0 0 0 0
500.673 1 1 0 0 0 1 0 0 0 0 2 0 1 0 0 0 0 0 0
501.406 0 0 0 0 1 1 0 0 0 0 3 0 1 0 0 0 0 0 0
522.432 0 1 0 0 1 1 0 0 0 0 2 0 0 0 0 0 0 0 0
536.138 1 1 0 0 0 1 0 0 0 0 2 0 1 0 0 0 0 0 0
612.697 0 0 0 0 1 1 0 0 0 0 3 0 1 0 0 0 0 0 0
632.973 0 1 0 0 1 1 0 0 0 0 2 0 0 0 0 0 0 0 0
640.838 0 1 0 0 0 0 1 0 0 0 3 0 0 0 0 0 0 0 0
643.91 0 0 0 0 0 0 0 0 1 0 4 0 0 0 0 0 0 0 0
2477.37 0 0 0 0 0 0 1 0 0 0 4 0 1 0 0 0 0 0 0
2484.48 0 1 0 0 0 0 1 0 0 0 3 0 0 0 0 0 0 0 0
2500.18 0 0 0 0 0 0 0 0 1 0 4 0 0 0 0 0 0 0 0
2660.82 0 0 0 0 0 0 1 0 0 0 4 0 1 0 0 0 0 0 0
2675.54 0 1 0 0 0 0 1 0 0 0 3 0 0 0 0 0 0 0 0
2677.98 0 0 0 0 0 0 0 0 1 0 4 0 0 0 0 0 0 0 0
3036.69 0 0 0 0 0 0 1 0 0 0 4 0 1 0 0 0 0 0 0
3037.58 0 1 0 0 0 0 1 0 0 0 3 0 0 0 0 0 0 0 0
3058.63 0 1 0 0 0 1 0 0 0 0 3 0 0 0 0 1 0 0 0
3085.5 0 1 0 0 1 1 0 0 0 0 2 0 0 0 0 0 0 0 0
3087.8 1 1 0 0 0 1 0 0 0 0 2 0 1 0 0 0 0 0 0
3104.92 1 2 0 0 0 1 0 0 0 0 1 0 0 0 0 0 0 0 0
3106.75 0 1 0 0 1 1 0 0 0 0 2 0 0 0 0 0 0 0 0
3116.35 1 1 0 0 0 1 0 0 0 0 2 0 1 0 0 0 0 0 0
3121.39 1 2 0 0 0 1 0 0 0 0 1 0 0 0 0 0 0 0 0
3160.53 0 1 0 0 1 1 0 0 0 0 2 0 0 0 0 0 0 0 0
3165.09 0 1 1 0 1 0 0 0 0 0 2 0 0 0 1 0 0 0 0
3168.03 1 1 1 0 0 0 0 0 0 0 2 0 1 0 1 0 0 0 0
3186.53 1 1 1 1 0 0 0 0 0 0 1 0 1 0 0 0 0 0 0
3209.34 1 2 1 1 0 0 0 0 0 0 0 0 0 0 0 0 0 0 0
3210.1 0 1 1 1 1 0 0 0 0 0 1 0 0 0 0 0 0 0 0
3250.1 1 1 1 1 0 0 0 0 0 0 1 0 1 0 0 0 0 0 0
3260.93 0 0 1 1 1 0 0 0 0 0 2 0 1 0 0 0 0 0 0
3261.56 1 0 1 1 0 0 0 0 0 0 2 0 2 0 0 0 0 0 0
3317.25 1 1 1 1 0 0 0 0 0 0 1 0 1 0 0 0 0 0 0
3355.37 1 2 1 1 0 0 0 0 0 0 0 0 0 0 0 0 0 0 0
3395.83 1 2 0 0 0 1 0 0 0 0 1 0 0 0 0 0 0 0 0
3400.08 0 1 0 0 1 1 0 0 0 0 2 0 0 0 0 0 0 0 0
3417.42 0 0 0 0 0 1 0 1 0 0 3 0 0 0 0 0 0 0 0
3429.08 0 0 0 0 0 0 0 0 0 1 4 0 0 0 0 0 0 0 0
3429.08 0 0 0 0 0 0 0 0 0 1 4 0 0 0 0 0 0 0 0
