0 0 0 0 0 0 0 0 0 0 0 5 1 2 1 1 0 0 0 0
17.6618 0 1 0 0 0 0 0 0 0 0 4 1 1 1 1 0 0 0 0
18.6868 0 1 1 0 0 0 0 0 0 0 3 1 1 0 1 0 0 0 0
33.3452 0 2 1 0 0 0 0 0 0 0 2 1 0 0 1 0 0 0 0
60.3291 0 2 1 1 0 0 0 0 0 0 1 1 0 0 0 0 0 0 0
68.4942 0 2 0 0 0 1 0 0 0 0 2 1 0 0 0 0 0 0 0
81.0455 0 2 1 0 0 0 0 0 0 0 2 1 0 0 1 0 0 0 0
102.668 1 2 1 0 0 0 0 0 0 0 1 0 0 0 1 0 0 0 0
112.622 0 1 1 0 1 0 0 0 0 0 2 0 0 0 1 0 0 0 0
122.904 0 1 1 1 1 0 0 0 0 0 1 0 0 0 0 0 0 0 0
125.329 1 1 1 1 0 0 0 0 0 0 1 0 1 0 0 0 0 0 0
129.239 1 1 0 0 0 1 0 0 0 0 2 0 1 0 0 0 0 0 0
221.863 1 2 0 0 0 1 0 0 0 0 1 0 0 0 0 0 0 0 0
222.857 0 1 0 0 1 1 0 0 0 0 2 0 0 0 0 0 0 0 0
228.321 0 0 0 0 0 1 0 1 0 0 3 0 0 0 0 0 0 0 0
238.858 0 0 0 0 1 1 0 0 0 0 3 0 1 0 0 0 0 0 0
243.484 0 1 0 0 1 1 0 0 0 0 2 0 0 0 0 0 0 0 0
271.508 1 1 0 0 0 1 0 0 0 0 2 0 1 0 0 0 0 0 0
305.267 1 1 1 0 0 0 0 0 0 0 2 0 1 0 1 0 0 0 0
337.9 1 2 1 0 0 0 0 0 0 0 1 0 0 0 1 0 0 0 0
360.63 1 2 1 1 0 0 0 0 0 0 0 0 0 0 0 0 0 0 0
366.174 0 1 1 1 1 0 0 0 0 0 1 0 0 0 0 0 0 0 0
402.773 0 1 0 0 1 1 0 0 0 0 2 0 0 0 0 0 0 0 0
424.038 1 1 0 0 0 1 0 0 0 0 2 0 1 0 0 0 0 0 0
437.74 1 2 0 0 0 1 0 0 0 0 1 0 0 0 0 0 0 0 0
444.031 0 1 0 0 1 1 0 0 0 0 2 0 0 0 0 0 0 0 0
447.445 1 1 0 0 0 1 0 0 0 0 2 0 1 0 0 0 0 0 0
528.641 1 2 0 0 0 1 0 0 0 0 1 0 0 0 0 0 0 0 0
540.858 1 2 1 0 0 0 0 0 0 0 1 0 0 0 1 0 0 0 0
541.78 0 1 1 0 1 0 0 0 0 0 2 0 0 0 1 0 0 0 0
555.908 0 1 1 1 1 0 0 0 0 0 1 0 0 0 0 0 0 0 0
580.374 0 1 0 0 1 1 0 0 0 0 2 0 0 0 0 0 0 0 0
598.06 1 1 0 0 0 1 0 0 0 0 2 0 1 0 0 0 0 0 0
604.363 1 2 0 0 0 1 0 0 0 0 1 0 0 0 0 0 0 0 0
698.263 1 2 1 0 0 0 0 0 0 0 1 0 0 0 1 0 0 0 0
740.209 0 1 1 0 1 0 0 0 0 0 2 0 0 0 1 0 0 0 0
742.475 0 1 1 1 1 0 0 0 0 0 1 0 0 0 0 0 0 0 0
756.378 0 1 0 0 1 1 0 0 0 0 2 0 0 0 0 0 0 0 0
793.181 1 1 0 0 0 1 0 0 0 0 2 0 1 0 0 0 0 0 0
795.244 1 2 0 0 0 1 0 0 0 0 1 0 0 0 0 0 0 0 0
802.649 0 1 0 0 1 1 0 0 0 0 2 0 0 0 0 0 0 0 0
840.121 1 1 0 0 0 1 0 0 0 0 2 0 1 0 0 0 0 0 0
864.755 0 0 0 0 1 1 0 0 0 0 3 0 1 0 0 0 0 0 0
876.235 0 1 0 0 1 1 0 0 0 0 2 0 0 0 0 0 0 0 0
910.96 0 0 0 0 0 1 0 1 0 0 3 0 0 0 0 0 0 0 0
943.225 0 0 1 0 0 0 0 1 0 0 3 0 0 0 1 0 0 0 0
1005.82 0 0 1 1 0 0 0 1 0 0 2 0 0 0 0 0 0 0 0
1013.32 0 0 0 0 0 1 0 1 0 0 3 0 0 0 0 0 0 0 0
1060.76 0 0 1 0 0 0 0 1 0 0 3 0 0 0 1 0 0 0 0
1118.59 0 0 1 1 0 0 0 1 0 0 2 0 0 0 0 0 0 0 0
1146.08 0 0 0 0 0 1 0 1 0 0 3 0 0 0 0 0 0 0 0
1158.56 0 0 0 0 0 0 0 0 0 1 4 0 0 0 0 0 0 0 0
1268.04 0 0 0 0 0 1 0 0 0 0 4 0 0 0 0 0 0 0 1
1283.62 0 0 0 0 0 1 0 1 0 0 3 0 0 0 0 0 0 0 0
1387.1 0 0 0 0 0 0 0 0 0 1 4 0 0 0 0 0 0 0 0
1585.05 0 0 0 0 0 1 0 0 0 0 4 0 0 0 0 0 0 0 1
1636.08 0 0 0 0 0 1 0 1 0 0 3 0 0 0 0 0 0 0 0
1665.86 0 0 0 0 0 0 0 0 0 1 4 0 0 0 0 0 0 0 0
1739.2 0 0 0 0 0 1 0 0 0 0 4 0 0 0 0 0 0 0 1
1758.08 0 0 0 0 0 1 0 1 0 0 3 0 0 0 0 0 0 0 0
1803.43 0 0 0 0 1 1 0 0 0 0 3 0 1 0 0 0 0 0 0
1828.01 1 0 0 0 0 1 0 0 0 0 3 0 2 0 0 0 0 0 0
1840.62 1 0 1 0 0 0 0 0 0 0 3 0 2 0 1 0 0 0 0
1843.28 1 1 1 0 0 0 0 0 0 0 2 0 1 0 1 0 0 0 0
1852.3 1 1 1 1 0 0 0 0 0 0 1 0 1 0 0 0 0 0 0
1855.7 0 0 1 1 1 0 0 0 0 0 2 0 1 0 0 0 0 0 0
1890.04 1 0 1 1 0 0 0 0 0 0 2 0 2 0 0 0 0 0 0
1902 1 1 1 1 0 0 0 0 0 0 1 0 1 0 0 0 0 0 0
1909.93 1 2 1 1 0 0 0 0 0 0 0 0 0 0 0 0 0 0 0
1915.78 1 2 0 0 0 1 0 0 0 0 1 0 0 0 0 0 0 0 0
1943.09 1 2 1 0 0 0 0 0 0 0 1 0 0 0 1 0 0 0 0
1957.79 0 1 1 0 1 0 0 0 0 0 2 0 0 0 1 0 0 0 0
2014.53 0 1 1 1 1 0 0 0 0 0 1 0 0 0 0 0 0 0 0
2017.71 0 0 1 1 0 0 0 1 0 0 2 0 0 0 0 0 0 0 0
2029.39 0 0 0 0 0 1 0 1 0 0 3 0 0 0 0 0 0 0 0
2030.37 0 0 0 0 1 1 0 0 0 0 3 0 1 0 0 0 0 0 0
2105.86 0 0 0 0 0 0 1 0 0 0 4 0 1 0 0 0 0 0 0
2133.36 0 1 0 0 0 0 1 0 0 0 3 0 0 0 0 0 0 0 0
2233.3 0 0 0 0 0 0 0 0 1 0 4 0 0 0 0 0 0 0 0
2233.3 0 0 0 0 0 0 0 0 1 0 4 0 0 0 0 0 0 0 0
