0 0 0 0 0 0 0 0 0 0 0 5 1 2 1 1 0 0 0 0
0.360006 0 1 0 0 0 0 0 0 0 0 4 1 1 1 1 0 0 0 0
1.80682 0 1 0 1 0 0 0 0 0 0 3 1 1 1 0 0 0 0 0
11.5044 1 1 0 1 0 0 0 0 0 0 2 0 1 1 0 0 0 0 0
38.7929 0 0 0 1 1 0 0 0 0 0 3 0 1 1 0 0 0 0 0
42.9793 1 0 0 1 0 0 0 0 0 0 3 0 2 1 0 0 0 0 0
61.6633 1 1 0 1 0 0 0 0 0 0 2 0 1 1 0 0 0 0 0
87.5168 0 0 0 1 1 0 0 0 0 0 3 0 1 1 0 0 0 0 0
91.7857 0 1 0 1 1 0 0 0 0 0 2 0 0 1 0 0 0 0 0
91.9035 0 0 0 1 0 0 0 1 0 0 3 0 0 1 0 0 0 0 0
115.267 0 0 1 1 0 0 0 1 0 0 2 0 0 0 0 0 0 0 0
174.25 0 0 0 0 0 1 0 1 0 0 3 0 0 0 0 0 0 0 0
197.295 0 0 0 0 1 1 0 0 0 0 3 0 1 0 0 0 0 0 0
222.432 0 1 0 0 1 1 0 0 0 0 2 0 0 0 0 0 0 0 0
243.77 1 1 0 0 0 1 0 0 0 0 2 0 1 0 0 0 0 0 0
275.772 1 2 0 0 0 1 0 0 0 0 1 0 0 0 0 0 0 0 0
288.272 0 1 0 0 1 1 0 0 0 0 2 0 0 0 0 0 0 0 0
337.202 0 0 0 0 0 1 0 1 0 0 3 0 0 0 0 0 0 0 0
454.428 0 0 1 0 0 0 0 1 0 0 3 0 0 0 1 0 0 0 0
462.355 0 0 1 1 0 0 0 1 0 0 2 0 0 0 0 0 0 0 0
477.561 0 0 0 0 0 1 0 1 0 0 3 0 0 0 0 0 0 0 0
513.306 0 0 0 0 1 1 0 0 0 0 3 0 1 0 0 0 0 0 0
523.06 0 0 1 0 1 0 0 0 0 0 3 0 1 0 1 0 0 0 0
524.465 1 0 1 0 0 0 0 0 0 0 3 0 2 0 1 0 0 0 0
525.728 1 0 1 1 0 0 0 0 0 0 2 0 2 0 0 0 0 0 0
551.603 1 1 1 1 0 0 0 0 0 0 1 0 1 0 0 0 0 0 0
591.253 1 1 0 0 0 1 0 0 0 0 2 0 1 0 0 0 0 0 0
603.233 1 2 0 0 0 1 0 0 0 0 1 0 0 0 0 0 0 0 0
627.918 0 1 0 0 1 1 0 0 0 0 2 0 0 0 0 0 0 0 0
655.208 1 1 0 0 0 1 0 0 0 0 2 0 1 0 0 0 0 0 0
677.206 1 1 1 0 0 0 0 0 0 0 2 0 1 0 1 0 0 0 0
702.121 0 0 1 0 1 0 0 0 0 0 3 0 1 0 1 0 0 0 0
707.526 0 1 1 0 1 0 0 0 0 0 2 0 0 0 1 0 0 0 0
724.238 0 1 1 1 1 0 0 0 0 0 1 0 0 0 0 0 0 0 0
729.011 0 1 0 0 1 1 0 0 0 0 2 0 0 0 0 0 0 0 0
730.953 0 0 0 0 0 1 0 1 0 0 3 0 0 0 0 0 0 0 0
747.791 0 0 0 0 0 0 0 0 0 1 4 0 0 0 0 0 0 0 0
826.446 0 0 0 0 0 1 0 0 0 0 4 0 0 0 0 0 0 0 1
832.067 0 0 0 0 0 1 0 1 0 0 3 0 0 0 0 0 0 0 0
870.412 0 0 1 0 0 0 0 1 0 0 3 0 0 0 1 0 0 0 0
920.423 0 0 1 1 0 0 0 1 0 0 2 0 0 0 0 0 0 0 0
923.609 0 0 0 0 0 1 0 1 0 0 3 0 0 0 0 0 0 0 0
924.007 0 0 1 0 0 0 0 1 0 0 3 0 0 0 1 0 0 0 0
1058.96 0 0 1 1 0 0 0 1 0 0 2 0 0 0 0 0 0 0 0
1110.8 0 0 0 0 0 1 0 1 0 0 3 0 0 0 0 0 0 0 0
1183.1 0 0 1 0 0 0 0 1 0 0 3 0 0 0 1 0 0 0 0
1190.98 0 0 1 1 0 0 0 1 0 0 2 0 0 0 0 0 0 0 0
1207.21 0 0 0 0 0 1 0 1 0 0 3 0 0 0 0 0 0 0 0
1220.07 0 0 0 0 0 0 0 0 0 1 4 0 0 0 0 0 0 0 0
1464.5 0 0 0 0 0 1 0 0 0 0 4 0 0 0 0 0 0 0 1
1494.62 0 0 0 0 0 1 0 1 0 0 3 0 0 0 0 0 0 0 0
1496.29 0 0 0 0 1 1 0 0 0 0 3 0 1 0 0 0 0 0 0
1522.37 1 0 0 0 0 1 0 0 0 0 3 0 2 0 0 0 0 0 0
1524.1 1 1 0 0 0 1 0 0 0 0 2 0 1 0 0 0 0 0 0
1538.04 0 0 0 0 1 1 0 0 0 0 3 0 1 0 0 0 0 0 0
1546.09 0 1 0 0 1 1 0 0 0 0 2 0 0 0 0 0 0 0 0
1553.05 0 0 0 0 0 1 0 1 0 0 3 0 0 0 0 0 0 0 0
1697.3 0 0 1 0 0 0 0 1 0 0 3 0 0 0 1 0 0 0 0
1814.22 0 0 1 0 1 0 0 0 0 0 3 0 1 0 1 0 0 0 0
1849.13 0 1 1 0 1 0 0 0 0 0 2 0 0 0 1 0 0 0 0
1875.17 0 0 1 0 0 0 0 1 0 0 3 0 0 0 1 0 0 0 0
1876.3 0 0 1 1 0 0 0 1 0 0 2 0 0 0 0 0 0 0 0
1905.17 0 0 1 1 1 0 0 0 0 0 2 0 1 0 0 0 0 0 0
1924.22 0 0 0 0 1 1 0 0 0 0 3 0 1 0 0 0 0 0 0
1928.94 1 0 0 0 0 1 0 0 0 0 3 0 2 0 0 0 0 0 0
1936.04 1 1 0 0 0 1 0 0 0 0 2 0 1 0 0 0 0 0 0
1961.23 1 2 0 0 0 1 0 0 0 0 1 0 0 0 0 0 0 0 0
1968.76 0 1 0 0 1 1 0 0 0 0 2 0 0 0 0 0 0 0 0
1971.7 1 1 0 0 0 1 0 0 0 0 2 0 1 0 0 0 0 0 0
1992.29 1 1 1 0 0 0 0 0 0 0 2 0 1 0 1 0 0 0 0
1995.99 1 1 1 1 0 0 0 0 0 0 1 0 1 0 0 0 0 0 0
2058.2 1 1 0 0 0 1 0 0 0 0 2 0 1 0 0 0 0 0 0
2075.92 0 0 0 0 1 1 0 0 0 0 3 0 1 0 0 0 0 0 0
2099.8 0 0 1 0 1 0 0 0 0 0 3 0 1 0 1 0 0 0 0
2127.9 0 1 1 0 1 0 0 0 0 0 2 0 0 0 1 0 0 0 0
2133.09 1 1 1 0 0 0 0 0 0 0 2 0 1 0 1 0 0 0 0
2149.37 1 1 1 1 0 0 0 0 0 0 1 0 1 0 0 0 0 0 0
2176.07 1 2 1 1 0 0 0 0 0 0 0 0 0 0 0 0 0 0 0
2199.49 1 2 0 0 0 1 0 0 0 0 1 0 0 0 0 0 0 0 0
2282.76 0 1 0 0 1 1 0 0 0 0 2 0 0 0 0 0 0 0 0
2329.72 1 1 0 0 0 1 0 0 0 0 2 0 1 0 0 0 0 0 0
2452.65 1 1 1 0 0 0 0 0 0 0 2 0 1 0 1 0 0 0 0
2480.3 1 1 1 1 0 0 0 0 0 0 1 0 1 0 0 0 0 0 0
2482.61 0 0 1 1 1 0 0 0 0 0 2 0 1 0 0 0 0 0 0
2499.69 1 0 1 1 0 0 0 0 0 0 2 0 2 0 0 0 0 0 0
2513.14 1 0 0 0 0 1 0 0 0 0 3 0 2 0 0 0 0 0 0
2530.79 1 1 0 0 0 1 0 0 0 0 2 0 1 0 0 0 0 0 0
2538.72 1 2 0 0 0 1 0 0 0 0 1 0 0 0 0 0 0 0 0
2550.61 1 2 1 0 0 0 0 0 0 0 1 0 0 0 1 0 0 0 0
2587.04 0 1 1 0 1 0 0 0 0 0 2 0 0 0 1 0 0 0 0
2625.11 0 1 1 1 1 0 0 0 0 0 1 0 0 0 0 0 0 0 0
2675.05 0 0 1 1 0 0 0 1 0 0 2 0 0 0 0 0 0 0 0
2689.32 0 0 0 0 0 1 0 1 0 0 3 0 0 0 0 0 0 0 0
2715.75 0 0 0 0 0 0 0 0 0 1 4 0 0 0 0 0 0 0 0
2872.45 0 0 0 0 0 1 0 0 0 0 4 0 0 0 0 0 0 0 1
2917.31 0 0 0 0 0 1 0 1 0 0 3 0 0 0 0 0 0 0 0
2983.05 0 0 0 0 0 0 0 0 0 1 4 0 0 0 0 0 0 0 0
3018.21 0 0 0 0 0 1 0 0 0 0 4 0 0 0 0 0 0 0 1
3021 0 0 0 0 0 1 0 1 0 0 3 0 0 0 0 0 0 0 0
3049.81 0 0 0 0 0 0 0 0 0 1 4 0 0 0 0 0 0 0 0
3061.46 0 0 0 0 0 1 0 0 0 0 4 0 0 0 0 0 0 0 1
3076.87 0 0 1 0 0 0 0 0 0 0 4 0 0 0 1 0 0 0 1
3087.7 0 0 1 1 0 0 0 0 0 0 3 0 0 0 0 0 0 0 1
3089.89 0 0 0 0 0 1 0 0 0 0 4 0 0 0 0 0 0 0 1
3143.95 0 0 1 0 0 0 0 0 0 0 4 0 0 0 1 0 0 0 1
3146.89 0 0 1 1 0 0 0 0 0 0 3 0 0 0 0 0 0 0 1
3193.09 0 0 1 1 0 0 0 1 0 0 2 0 0 0 0 0 0 0 0
3205.46 0 0 1 1 1 0 0 0 0 0 2 0 1 0 0 0 0 0 0
3226.66 0 0 0 0 1 1 0 0 0 0 3 0 1 0 0 0 0 0 0
3228.55 1 0 0 0 0 1 0 0 0 0 3 0 2 0 0 0 0 0 0
3235.22 1 1 0 0 0 1 0 0 0 0 2 0 1 0 0 0 0 0 0
3245.14 1 2 0 0 0 1 0 0 0 0 1 0 0 0 0 0 0 0 0
3305.47 0 1 0 0 1 1 0 0 0 0 2 0 0 0 0 0 0 0 0
3355.2 0 1 1 0 1 0 0 0 0 0 2 0 0 0 1 0 0 0 0
3359.06 1 1 1 0 0 0 0 0 0 0 2 0 1 0 1 0 0 0 0
3384.36 1 1 1 1 0 0 0 0 0 0 1 0 1 0 0 0 0 0 0
3412.11 1 1 0 0 0 1 0 0 0 0 2 0 1 0 0 0 0 0 0
3416.6 1 2 0 0 0 1 0 0 0 0 1 0 0 0 0 0 0 0 0
3419.77 0 1 0 0 1 1 0 0 0 0 2 0 0 0 0 0 0 0 0
3424.59 0 1 1 0 1 0 0 0 0 0 2 0 0 0 1 0 0 0 0
3427.52 1 1 1 0 0 0 0 0 0 0 2 0 1 0 1 0 0 0 0
3459.48 1 1 1 1 0 0 0 0 0 0 1 0 1 0 0 0 0 0 0
3479.77 1 2 1 1 0 0 0 0 0 0 0 0 0 0 0 0 0 0 0
3484.68 1 2 0 0 0 1 0 0 0 0 1 0 0 0 0 0 0 0 0
3556.97 0 1 0 0 1 1 0 0 0 0 2 0 0 0 0 0 0 0 0
3588.13 1 1 0 0 0 1 0 0 0 0 2 0 1 0 0 0 0 0 0
3597.68 1 2 0 0 0 1 0 0 0 0 1 0 0 0 0 0 0 0 0
3619.43 0 1 0 0 1 1 0 0 0 0 2 0 0 0 0 0 0 0 0
3659.5 1 1 0 0 0 1 0 0 0 0 2 0 1 0 0 0 0 0 0
3666.6 1 2 0 0 0 1 0 0 0 0 1 0 0 0 0 0 0 0 0
3667.26 1 2 1 0 0 0 0 0 0 0 1 0 0 0 1 0 0 0 0
3679.37 0 1 1 0 1 0 0 0 0 0 2 0 0 0 1 0 0 0 0
3686.67 1 1 1 0 0 0 0 0 0 0 2 0 1 0 1 0 0 0 0
3748.3 1 2 1 0 0 0 0 0 0 0 1 0 0 0 1 0 0 0 0
3793.29 1 2 1 1 0 0 0 0 0 0 0 0 0 0 0 0 0 0 0
3807.45 0 1 1 1 1 0 0 0 0 0 1 0 0 0 0 0 0 0 0
3828.96 1 1 1 1 0 0 0 0 0 0 1 0 1 0 0 0 0 0 0
3829.14 1 2 1 1 0 0 0 0 0 0 0 0 0 0 0 0 0 0 0
3840.7 1 2 0 0 0 1 0 0 0 0 1 0 0 0 0 0 0 0 0
3856.14 0 1 0 0 1 1 0 0 0 0 2 0 0 0 0 0 0 0 0
3870.55 1 1 0 0 0 1 0 0 0 0 2 0 1 0 0 0 0 0 0
3894.83 0 0 0 0 1 1 0 0 0 0 3 0 1 0 0 0 0 0 0
3902.21 0 1 0 0 1 1 0 0 0 0 2 0 0 0 0 0 0 0 0
3904.44 1 1 0 0 0 1 0 0 0 0 2 0 1 0 0 0 0 0 0
3932.39 1 2 0 0 0 1 0 0 0 0 1 0 0 0 0 0 0 0 0
3943.73 0 1 0 0 1 1 0 0 0 0 2 0 0 0 0 0 0 0 0
3953.52 0 0 0 0 0 1 0 1 0 0 3 0 0 0 0 0 0 0 0
3970.76 0 0 0 0 0 0 0 0 0 1 4 0 0 0 0 0 0 0 0
3998.43 0 0 0 0 0 1 0 0 0 0 4 0 0 0 0 0 0 0 1
3998.43 0 0 0 0 0 1 0 0 0 0 4 0 0 0 0 0 0 0 1
