0 0 0 0 0 0 0 0 0 0 0 5 1 2 1 1 0 0 0 0
9.27162 0 0 0 1 0 0 0 0 0 0 4 1 2 1 0 0 0 0 0
9.65782 1 0 0 1 0 0 0 0 0 0 3 0 2 1 0 0 0 0 0
29.5242 1 0 1 1 0 0 0 0 0 0 2 0 2 0 0 0 0 0 0
33.7494 1 1 1 1 0 0 0 0 0 0 1 0 1 0 0 0 0 0 0
34.7859 0 0 1 1 1 0 0 0 0 0 2 0 1 0 0 0 0 0 0
50.4522 1 0 1 1 0 0 0 0 0 0 2 0 2 0 0 0 0 0 0
69.7955 1 1 1 1 0 0 0 0 0 0 1 0 1 0 0 0 0 0 0
109.227 0 0 1 1 1 0 0 0 0 0 2 0 1 0 0 0 0 0 0
110.824 0 1 1 1 1 0 0 0 0 0 1 0 0 0 0 0 0 0 0
112.254 1 1 1 1 0 0 0 0 0 0 1 0 1 0 0 0 0 0 0
141.271 1 2 1 1 0 0 0 0 0 0 0 0 0 0 0 0 0 0 0
149.251 1 2 0 0 0 1 0 0 0 0 1 0 0 0 0 0 0 0 0
152.052 1 2 1 0 0 0 0 0 0 0 1 0 0 0 1 0 0 0 0
153.503 1 2 1 1 0 0 0 0 0 0 0 0 0 0 0 0 0 0 0
166.24 0 1 1 1 1 0 0 0 0 0 1 0 0 0 0 0 0 0 0
232.628 1 1 1 1 0 0 0 0 0 0 1 0 1 0 0 0 0 0 0
264.786 1 2 1 1 0 0 0 0 0 0 0 0 0 0 0 0 0 0 0
272.448 0 1 1 1 1 0 0 0 0 0 1 0 0 0 0 0 0 0 0
281.327 0 0 1 1 0 0 0 1 0 0 2 0 0 0 0 0 0 0 0
283.428 0 0 1 1 1 0 0 0 0 0 2 0 1 0 0 0 0 0 0
295.583 1 0 1 1 0 0 0 0 0 0 2 0 2 0 0 0 0 0 0
295.657 1 1 1 1 0 0 0 0 0 0 1 0 1 0 0 0 0 0 0
350.126 0 0 1 1 1 0 0 0 0 0 2 0 1 0 0 0 0 0 0
377.519 0 0 0 0 1 1 0 0 0 0 3 0 1 0 0 0 0 0 0
417.833 0 0 0 0 0 0 1 0 0 0 4 0 1 0 0 0 0 0 0
424.964 0 1 0 0 0 0 1 0 0 0 3 0 0 0 0 0 0 0 0
428.9 0 0 0 0 0 0 0 0 1 0 4 0 0 0 0 0 0 0 0
428.9 0 0 0 0 0 0 0 0 1 0 4 0 0 0 0 0 0 0 0
