0 0 0 0 0 0 0 0 0 0 0 5 1 2 1 1 0 0 0 0
7.82321 0 1 0 0 0 0 0 0 0 0 4 1 1 1 1 0 0 0 0
8.95423 0 2 0 0 0 0 0 0 0 0 3 1 0 1 1 0 0 0 0
11.5707 0 2 1 0 0 0 0 0 0 0 2 1 0 0 1 0 0 0 0
91.8078 1 2 1 0 0 0 0 0 0 0 1 0 0 0 1 0 0 0 0
92.8028 0 1 1 0 1 0 0 0 0 0 2 0 0 0 1 0 0 0 0
129.558 1 1 1 0 0 0 0 0 0 0 2 0 1 0 1 0 0 0 0
177.628 1 1 1 1 0 0 0 0 0 0 1 0 1 0 0 0 0 0 0
187.365 0 0 1 1 1 0 0 0 0 0 2 0 1 0 0 0 0 0 0
190.238 0 0 0 0 1 1 0 0 0 0 3 0 1 0 0 0 0 0 0
196.629 0 0 1 0 1 0 0 0 0 0 3 0 1 0 1 0 0 0 0
203.736 0 1 1 0 1 0 0 0 0 0 2 0 0 0 1 0 0 0 0
216.866 1 1 1 0 0 0 0 0 0 0 2 0 1 0 1 0 0 0 0
266.608 1 2 1 0 0 0 0 0 0 0 1 0 0 0 1 0 0 0 0
270.86 0 1 1 0 1 0 0 0 0 0 2 0 0 0 1 0 0 0 0
320.908 0 1 1 1 1 0 0 0 0 0 1 0 0 0 0 0 0 0 0
321.426 0 1 0 0 1 1 0 0 0 0 2 0 0 0 0 0 0 0 0
349.249 1 1 0 0 0 1 0 0 0 0 2 0 1 0 0 0 0 0 0
358.092 0 0 0 0 1 1 0 0 0 0 3 0 1 0 0 0 0 0 0
376.388 0 1 0 0 1 1 0 0 0 0 2 0 0 0 0 0 0 0 0
400.252 0 1 0 0 0 0 1 0 0 0 3 0 0 0 0 0 0 0 0
456.027 0 0 0 0 0 0 0 0 1 0 4 0 0 0 0 0 0 0 0
2463.61 0 0 0 0 0 0 1 0 0 0 4 0 1 0 0 0 0 0 0
2493.74 0 1 0 0 0 0 1 0 0 0 3 0 0 0 0 0 0 0 0
2512.66 0 0 0 0 0 0 0 0 1 0 4 0 0 0 0 0 0 0 0
2512.66 0 0 0 0 0 0 0 0 1 0 4 0 0 0 0 0 0 0 0
