0.09600 3.23200 2 0 -1 0 0 0 0 0 0 0 1 0 0 0 0 0 0 0 0 
10.65598 4.67194 4 0 0 0 -1 0 0 0 0 0 0 0 1 0 0 0 0 0 0 
38.94403 5.12024 2 0 -1 0 0 0 0 0 0 0 1 0 0 0 0 0 0 0 0 
72.03262 4.57567 1 -1 0 0 0 0 0 0 0 1 0 0 0 0 0 0 0 0 0 
74.01647 3.90372 3 0 0 -1 0 0 0 0 0 0 0 1 0 0 0 0 0 0 0 
93.98303 10.84721 9 0 0 0 0 0 0 0 0 -1 -1 0 0 1 0 0 0 0 0 
105.95016 0.00000 15 0 1 0 0 0 0 0 0 1 0 0 0 -1 0 0 0 0 0 
118.74922 8.06342 10 0 0 0 0 0 0 0 0 0 0 -1 -1 0 1 0 0 0 0 
133.56416 4.12770 2 0 -1 0 0 0 0 0 0 0 1 0 0 0 0 0 0 0 0 
142.84349 9.72729 9 0 0 0 0 0 0 0 0 -1 -1 0 0 1 0 0 0 0 0 
155.86655 7.55145 13 0 0 0 0 0 0 0 0 0 -1 0 0 -1 0 0 0 1 0 
172.53734 0.00000 19 0 1 0 0 0 0 0 0 0 0 0 0 1 0 0 0 -1 0 
184.40848 4.09570 2 0 -1 0 0 0 0 0 0 0 1 0 0 0 0 0 0 0 0 
210.42259 8.12741 11 0 0 0 0 0 0 0 0 0 0 0 0 -1 -1 1 0 0 0 
230.16516 0.00000 17 0 0 0 0 1 0 0 0 0 0 0 0 0 1 -1 0 0 0 
290.72131 4.86597 5 0 0 0 0 -1 0 0 0 0 0 0 0 1 0 0 0 0 0 
306.82382 8.64349 11 0 0 0 0 0 0 0 0 0 0 0 0 -1 -1 1 0 0 0 
454.33945 11.39661 12 0 0 0 0 0 0 0 0 0 -1 0 0 0 0 -1 1 0 0 
