31.13571 5.31220 3 0 0 -1 0 0 0 0 0 0 0 1 0 0 0 0 0 0 0 
92.15916 4.76765 4 0 0 0 -1 0 0 0 0 0 0 0 1 0 0 0 0 0 0 
132.98820 7.64745 10 0 0 0 0 0 0 0 0 0 0 -1 -1 0 1 0 0 0 0 
449.76160 0.00000 16 0 0 0 1 0 0 0 0 0 0 1 0 0 -1 0 0 0 0 
480.36597 4.73792 4 0 0 0 -1 0 0 0 0 0 0 0 1 0 0 0 0 0 0 
512.89026 6.74829 10 0 0 0 0 0 0 0 0 0 0 -1 -1 0 1 0 0 0 0 
550.56555 0.00000 16 0 0 0 1 0 0 0 0 0 0 1 0 0 -1 0 0 0 0 
553.79578 3.48608 4 0 0 0 -1 0 0 0 0 0 0 0 1 0 0 0 0 0 0 
557.34583 12.72900 10 0 0 0 0 0 0 0 0 0 0 -1 -1 0 1 0 0 0 0 
624.47693 0.00000 16 0 0 0 1 0 0 0 0 0 0 1 0 0 -1 0 0 0 0 
726.78870 4.89331 4 0 0 0 -1 0 0 0 0 0 0 0 1 0 0 0 0 0 0 
789.47424 9.85059 10 0 0 0 0 0 0 0 0 0 0 -1 -1 0 1 0 0 0 0 
837.51184 0.00000 16 0 0 0 1 0 0 0 0 0 0 1 0 0 -1 0 0 0 0 
