5.40801 4.31998 4 0 0 0 -1 0 0 0 0 0 0 0 1 0 0 0 0 0 0 
7.71201 4.70394 2 0 -1 0 0 0 0 0 0 0 1 0 0 0 0 0 0 0 0 
42.88021 4.16019 1 -1 0 0 0 0 0 0 0 1 0 0 0 0 0 0 0 0 0 
47.90445 8.22438 9 0 0 0 0 0 0 0 0 -1 -1 0 0 1 0 0 0 0 0 
70.30474 0.00000 15 0 1 0 0 0 0 0 0 1 0 0 0 -1 0 0 0 0 0 
70.30473 6.27155 2 0 -1 0 0 0 0 0 0 0 1 0 0 0 0 0 0 0 0 
156.21852 8.38339 9 0 0 0 0 0 0 0 0 -1 -1 0 0 1 0 0 0 0 0 
167.73769 4.63966 3 0 0 -1 0 0 0 0 0 0 0 1 0 0 0 0 0 0 0 
192.21591 10.81522 10 0 0 0 0 0 0 0 0 0 0 -1 -1 0 1 0 0 0 0 
269.81686 9.79596 11 0 0 0 0 0 0 0 0 0 0 0 0 -1 -1 1 0 0 0 
782.75793 0.00000 17 0 0 0 0 1 0 0 0 0 0 0 0 0 1 -1 0 0 0 
858.87610 3.93384 5 0 0 0 0 -1 0 0 0 0 0 0 0 1 0 0 0 0 0 
872.62854 0.00000 16 0 0 0 1 0 0 0 0 0 0 1 0 0 -1 0 0 0 0 
880.91199 0.00000 15 0 1 0 0 0 0 0 0 1 0 0 0 -1 0 0 0 0 0 
942.86194 6.65234 2 0 -1 0 0 0 0 0 0 0 1 0 0 0 0 0 0 0 0 
954.34363 6.46045 9 0 0 0 0 0 0 0 0 -1 -1 0 0 1 0 0 0 0 0 
963.42664 5.14917 4 0 0 0 -1 0 0 0 0 0 0 0 1 0 0 0 0 0 0 
1030.23792 0.00000 15 0 1 0 0 0 0 0 0 1 0 0 0 -1 0 0 0 0 0 
1068.74475 8.05957 10 0 0 0 0 0 0 0 0 0 0 -1 -1 0 1 0 0 0 0 
1093.40320 4.63745 2 0 -1 0 0 0 0 0 0 0 1 0 0 0 0 0 0 0 0 
1130.82263 0.00000 16 0 0 0 1 0 0 0 0 0 0 1 0 0 -1 0 0 0 0 
1137.76282 9.37085 9 0 0 0 0 0 0 0 0 -1 -1 0 0 1 0 0 0 0 0 
1164.08435 0.00000 15 0 1 0 0 0 0 0 0 1 0 0 0 -1 0 0 0 0 0 
1171.08850 3.96582 4 0 0 0 -1 0 0 0 0 0 0 0 1 0 0 0 0 0 0 
1175.11829 9.94653 10 0 0 0 0 0 0 0 0 0 0 -1 -1 0 1 0 0 0 0 
