0 1 2 1 1 0 0 0 0 0 0
72.5804 0 1 1 1 1 0 0 0 0 0
87.4554 0 0 1 1 0 0 0 1 0 0
109.323 0 0 0 0 0 1 0 1 0 0
110.728 0 0 0 0 0 0 0 0 0 1
113.305 0 0 0 0 0 1 0 1 0 0
127.144 0 0 0 0 0 0 0 0 0 1
133.621 0 0 0 0 0 1 0 1 0 0
152.696 0 0 0 0 0 0 0 0 0 1
191.796 0 0 0 0 0 1 0 1 0 0
216.301 0 0 0 0 0 0 0 0 0 1
497.215 0 0 0 0 0 1 0 1 0 0
592.501 0 0 1 1 0 0 0 1 0 0
603.069 0 0 0 0 0 1 0 1 0 0
613.095 0 1 0 0 1 1 0 0 0 0
654.245 0 0 0 0 0 1 0 1 0 0
656.519 0 0 0 0 0 0 0 0 0 1
719.444 0 0 0 0 0 1 0 1 0 0
742.324 0 0 0 0 0 0 0 0 0 1
796.446 0 0 0 0 0 1 0 1 0 0
831.101 0 0 0 0 0 0 0 0 0 1
953.535 0 0 0 0 0 1 0 1 0 0
962.856 0 0 0 0 0 0 0 0 0 1
968.58 0 0 0 0 0 1 0 1 0 0
993.536 0 0 1 1 0 0 0 1 0 0
1006.24 0 1 1 1 1 0 0 0 0 0
1015.81 1 2 1 1 0 0 0 0 0 0
1033.58 1 2 0 0 0 1 0 0 0 0
1054.07 0 1 0 0 1 1 0 0 0 0
1059.33 0 1 0 0 0 0 1 0 0 0
1185.09 0 1 0 0 1 1 0 0 0 0
1199.88 0 1 0 0 0 0 1 0 0 0
1400.75 0 1 0 0 1 1 0 0 0 0
1415.95 0 0 0 0 0 1 0 1 0 0
1418.73 0 1 0 0 1 1 0 0 0 0
1420.14 0 1 0 0 0 0 1 0 0 0
1469.64 0 0 0 0 0 0 0 0 1 0
1469.64 0 0 0 0 0 0 0 0 1 0
