0 1 2 1 1 0 0 0 0 0 0
82.609 0 1 1 1 1 0 0 0 0 0
116.953 1 2 1 1 0 0 0 0 0 0
127.682 0 1 1 1 1 0 0 0 0 0
162.443 0 1 0 0 1 1 0 0 0 0
169.321 0 0 0 0 0 1 0 1 0 0
194.184 0 0 0 0 0 0 0 0 0 1
389.759 0 0 0 0 0 1 0 1 0 0
392.971 0 0 1 1 0 0 0 1 0 0
407.145 0 1 1 1 1 0 0 0 0 0
415.257 1 2 1 1 0 0 0 0 0 0
447.57 0 1 1 1 1 0 0 0 0 0
467.194 0 1 0 0 1 1 0 0 0 0
474.554 0 1 1 1 1 0 0 0 0 0
530.286 0 0 1 1 0 0 0 1 0 0
531.738 0 0 0 0 0 1 0 1 0 0
611.235 0 1 0 0 1 1 0 0 0 0
642.744 0 0 0 0 0 1 0 1 0 0
643.774 0 1 0 0 1 1 0 0 0 0
653.209 0 1 0 0 0 0 1 0 0 0
769.786 0 0 0 0 0 0 0 0 1 0
769.786 0 0 0 0 0 0 0 0 1 0
