0 1 2 1 1 0 0 0 0 0 0
33.0043 1 2 0 0 0 1 0 0 0 0
47.3718 1 2 1 1 0 0 0 0 0 0
57.2749 0 1 1 1 1 0 0 0 0 0
69.1068 0 1 0 0 1 1 0 0 0 0
80.7892 1 2 0 0 0 1 0 0 0 0
127.595 1 2 1 1 0 0 0 0 0 0
153.136 0 1 1 1 1 0 0 0 0 0
159.76 0 0 1 1 0 0 0 1 0 0
269.14 0 0 0 0 0 1 0 1 0 0
277.234 0 0 0 0 0 0 0 0 0 1
340.552 0 0 0 0 0 1 0 1 0 0
349.001 0 0 0 0 0 0 0 0 0 1
399.746 0 0 0 0 0 1 0 1 0 0
438.093 0 0 0 0 0 0 0 0 0 1
458.781 0 0 0 0 0 1 0 1 0 0
466.345 0 1 0 0 1 1 0 0 0 0
470.605 0 0 0 0 0 1 0 1 0 0
477.669 0 0 0 0 0 0 0 0 0 1
524.065 0 0 0 0 0 1 0 1 0 0
540.618 0 0 0 0 0 0 0 0 0 1
705.16 0 0 0 0 0 1 0 1 0 0
706.916 0 0 0 0 0 0 0 0 0 1
787.304 0 0 0 0 0 1 0 1 0 0
792.731 0 0 0 0 0 0 0 0 0 1
800.725 0 0 0 0 0 1 0 1 0 0
805.992 0 0 0 0 0 0 0 0 0 1
887.583 0 0 0 0 0 1 0 1 0 0
895.326 0 1 0 0 1 1 0 0 0 0
937.518 0 1 0 0 0 0 1 0 0 0
1022.81 0 1 0 0 1 1 0 0 0 0
1025.04 0 1 1 1 1 0 0 0 0 0
1028.45 1 2 1 1 0 0 0 0 0 0
1052 0 1 1 1 1 0 0 0 0 0
1096.55 1 2 1 1 0 0 0 0 0 0
1187.33 1 2 0 0 0 1 0 0 0 0
1188.26 0 1 0 0 1 1 0 0 0 0
1202.93 0 1 1 1 1 0 0 0 0 0
1215.45 1 2 1 1 0 0 0 0 0 0
1227.16 0 1 1 1 1 0 0 0 0 0
1259.45 0 0 1 1 0 0 0 1 0 0
1530.99 0 0 0 0 0 1 0 1 0 0
1537.11 0 0 0 0 0 0 0 0 0 1
1567.92 0 0 0 0 0 1 0 1 0 0
1618.69 0 1 0 0 1 1 0 0 0 0
1626.51 0 0 0 0 0 1 0 1 0 0
1640.16 0 0 1 1 0 0 0 1 0 0
1680.52 0 0 0 0 0 1 0 1 0 0
1724.56 0 1 0 0 1 1 0 0 0 0
1761.74 0 0 0 0 0 1 0 1 0 0
1777.46 0 0 0 0 0 0 0 0 0 1
1977.72 0 0 0 0 0 1 0 1 0 0
2016.19 0 0 1 1 0 0 0 1 0 0
2046.61 0 1 1 1 1 0 0 0 0 0
2069.78 0 1 0 0 1 1 0 0 0 0
2097.06 1 2 0 0 0 1 0 0 0 0
2112.82 0 1 0 0 1 1 0 0 0 0
2121.86 0 0 0 0 0 1 0 1 0 0
2138.65 0 0 0 0 0 0 0 0 0 1
2141.23 0 0 0 0 0 1 0 1 0 0
2228.26 0 0 1 1 0 0 0 1 0 0
2302.52 0 1 1 1 1 0 0 0 0 0
2339.21 0 0 1 1 0 0 0 1 0 0
2406.19 0 0 0 0 0 1 0 1 0 0
2448.76 0 0 0 0 0 0 0 0 0 1
2467.44 0 0 0 0 0 1 0 1 0 0
2489.29 0 1 0 0 1 1 0 0 0 0
2505.93 1 2 0 0 0 1 0 0 0 0
2531.2 1 2 1 1 0 0 0 0 0 0
2541.71 1 2 0 0 0 1 0 0 0 0
2542.97 1 2 1 1 0 0 0 0 0 0
2571.06 0 1 1 1 1 0 0 0 0 0
2621.18 1 2 1 1 0 0 0 0 0 0
2624.18 1 2 0 0 0 1 0 0 0 0
2668.54 1 2 1 1 0 0 0 0 0 0
2686.3 0 1 1 1 1 0 0 0 0 0
2702.55 1 2 1 1 0 0 0 0 0 0
2703.78 0 1 1 1 1 0 0 0 0 0
2745.19 0 1 0 0 1 1 0 0 0 0
2797.14 0 0 0 0 0 1 0 1 0 0
2820.08 0 1 0 0 1 1 0 0 0 0
2846.76 0 1 1 1 1 0 0 0 0 0
2854.46 1 2 1 1 0 0 0 0 0 0
2860.98 0 1 1 1 1 0 0 0 0 0
2873.72 0 0 1 1 0 0 0 1 0 0
2882.77 0 0 0 0 0 1 0 1 0 0
2929.14 0 0 0 0 0 0 0 0 0 1
2929.14 0 0 0 0 0 0 0 0 0 1
