0 1 2 1 1 0 0 0 0 0 0
52.9623 0 1 1 1 1 0 0 0 0 0
106.205 1 2 1 1 0 0 0 0 0 0
111.275 0 1 1 1 1 0 0 0 0 0
128.445 0 0 1 1 0 0 0 1 0 0
147.852 0 1 1 1 1 0 0 0 0 0
151.475 0 0 1 1 0 0 0 1 0 0
152.172 0 1 1 1 1 0 0 0 0 0
163.773 0 0 1 1 0 0 0 1 0 0
202.55 0 0 0 0 0 1 0 1 0 0
204.829 0 0 1 1 0 0 0 1 0 0
227.083 0 0 0 0 0 1 0 1 0 0
294.975 0 0 1 1 0 0 0 1 0 0
357.146 0 0 0 0 0 1 0 1 0 0
406.786 0 0 0 0 0 0 0 0 0 1
420.523 0 0 0 0 0 1 0 1 0 0
462.925 0 1 0 0 1 1 0 0 0 0
531.063 0 0 0 0 0 1 0 1 0 0
534.049 0 1 0 0 1 1 0 0 0 0
538.695 0 0 0 0 0 1 0 1 0 0
582.496 0 0 0 0 0 0 0 0 0 1
812.232 0 0 0 0 0 1 0 1 0 0
812.922 0 0 0 0 0 0 0 0 0 1
822.579 0 0 0 0 0 1 0 1 0 0
849.401 0 0 0 0 0 0 0 0 0 1
1127.99 0 0 0 0 0 1 0 1 0 0
1130.63 0 0 1 1 0 0 0 1 0 0
1139.24 0 0 0 0 0 1 0 1 0 0
1176.76 0 0 0 0 0 0 0 0 0 1
1371.53 0 0 0 0 0 1 0 1 0 0
1395.13 0 1 0 0 1 1 0 0 0 0
1422.06 1 2 0 0 0 1 0 0 0 0
1426.85 0 1 0 0 1 1 0 0 0 0
1483.38 1 2 0 0 0 1 0 0 0 0
1546.71 1 2 1 1 0 0 0 0 0 0
1598.25 0 1 1 1 1 0 0 0 0 0
1628.92 0 1 0 0 1 1 0 0 0 0
1645.55 0 1 0 0 0 0 1 0 0 0
1737.75 0 0 0 0 0 0 0 0 1 0
2504.45 0 1 0 0 0 0 1 0 0 0
2534.82 0 0 0 0 0 0 0 0 1 0
2721.25 0 1 0 0 0 0 1 0 0 0
2769.14 0 0 0 0 0 0 0 0 1 0
2769.14 0 0 0 0 0 0 0 0 1 0
