0 1 2 1 1 0 0 0 0 0 0
62.7613 1 2 0 0 0 1 0 0 0 0
78.1536 1 2 1 1 0 0 0 0 0 0
133.292 0 1 1 1 1 0 0 0 0 0
135.482 0 0 1 1 0 0 0 1 0 0
209.633 0 0 0 0 0 1 0 1 0 0
219.764 0 1 0 0 1 1 0 0 0 0
244.295 1 2 0 0 0 1 0 0 0 0
253.404 0 1 0 0 1 1 0 0 0 0
257.866 1 2 0 0 0 1 0 0 0 0
262.6 1 2 1 1 0 0 0 0 0 0
287.708 0 1 1 1 1 0 0 0 0 0
295.75 0 1 0 0 1 1 0 0 0 0
297.848 0 0 0 0 0 1 0 1 0 0
307.955 0 0 0 0 0 0 0 0 0 1
355.788 0 0 0 0 0 1 0 1 0 0
368.073 0 0 1 1 0 0 0 1 0 0
370.725 0 0 0 0 0 1 0 1 0 0
395.719 0 0 0 0 0 0 0 0 0 1
434.165 0 0 0 0 0 1 0 1 0 0
450.017 0 1 0 0 1 1 0 0 0 0
463.192 0 0 0 0 0 1 0 1 0 0
475.762 0 1 0 0 1 1 0 0 0 0
538.272 0 0 0 0 0 1 0 1 0 0
596.54 0 1 0 0 1 1 0 0 0 0
597.583 0 1 1 1 1 0 0 0 0 0
602.806 0 1 0 0 1 1 0 0 0 0
623.485 0 0 0 0 0 1 0 1 0 0
650.911 0 0 0 0 0 0 0 0 0 1
665.407 0 0 0 0 0 1 0 1 0 0
677.833 0 0 0 0 0 0 0 0 0 1
771.555 0 0 0 0 0 1 0 1 0 0
773.282 0 0 0 0 0 0 0 0 0 1
816.225 0 0 0 0 0 1 0 1 0 0
859.435 0 0 0 0 0 0 0 0 0 1
882.686 0 0 0 0 0 1 0 1 0 0
884.846 0 0 0 0 0 0 0 0 0 1
1023.74 0 0 0 0 0 1 0 1 0 0
1176.4 0 0 0 0 0 0 0 0 0 1
1178.79 0 0 0 0 0 1 0 1 0 0
1294.45 0 1 0 0 1 1 0 0 0 0
1331.26 1 2 0 0 0 1 0 0 0 0
1376.26 0 1 0 0 1 1 0 0 0 0
1400.7 1 2 0 0 0 1 0 0 0 0
1409.73 0 1 0 0 1 1 0 0 0 0
1415.92 0 0 0 0 0 1 0 1 0 0
1439.99 0 0 0 0 0 0 0 0 0 1
1465.25 0 0 0 0 0 1 0 1 0 0
1509.51 0 0 0 0 0 0 0 0 0 1
1527.16 0 0 0 0 0 1 0 1 0 0
1551.69 0 0 1 1 0 0 0 1 0 0
1597.61 0 0 0 0 0 1 0 1 0 0
1606.01 0 0 1 1 0 0 0 1 0 0
1606.86 0 1 1 1 1 0 0 0 0 0
1615.08 1 2 1 1 0 0 0 0 0 0
1616.78 1 2 0 0 0 1 0 0 0 0
1620.65 0 1 0 0 1 1 0 0 0 0
1633.41 0 1 0 0 0 0 1 0 0 0
1665.24 0 0 0 0 0 0 0 0 1 0
1665.24 0 0 0 0 0 0 0 0 1 0
