0 1 2 1 1 0 0 0 0 0 0
43.0629 0 1 1 1 1 0 0 0 0 0
60.346 0 1 0 0 1 1 0 0 0 0
81.1168 0 1 1 1 1 0 0 0 0 0
130.092 0 0 1 1 0 0 0 1 0 0
152.821 0 0 0 0 0 1 0 1 0 0
191.189 0 1 0 0 1 1 0 0 0 0
227.62 0 0 0 0 0 1 0 1 0 0
249.163 0 0 1 1 0 0 0 1 0 0
257.249 0 0 0 0 0 1 0 1 0 0
263.959 0 0 0 0 0 0 0 0 0 1
267.308 0 0 0 0 0 1 0 1 0 0
279.981 0 0 1 1 0 0 0 1 0 0
283.509 0 1 1 1 1 0 0 0 0 0
295.399 0 1 0 0 1 1 0 0 0 0
299.982 0 0 0 0 0 1 0 1 0 0
351.337 0 1 0 0 1 1 0 0 0 0
357.57 1 2 0 0 0 1 0 0 0 0
434.866 0 1 0 0 1 1 0 0 0 0
447.821 0 1 0 0 0 0 1 0 0 0
488.584 0 0 0 0 0 0 0 0 1 0
488.584 0 0 0 0 0 0 0 0 1 0
