0 1 2 1 1 0 0 0 0 0 0
53.8057 0 1 1 1 1 0 0 0 0 0
100.014 0 0 1 1 0 0 0 1 0 0
150.587 0 1 1 1 1 0 0 0 0 0
161.426 1 2 1 1 0 0 0 0 0 0
162.042 0 1 1 1 1 0 0 0 0 0
167.716 1 2 1 1 0 0 0 0 0 0
181.494 0 1 1 1 1 0 0 0 0 0
271.782 1 2 1 1 0 0 0 0 0 0
328.126 0 1 1 1 1 0 0 0 0 0
335.659 0 1 0 0 1 1 0 0 0 0
358.423 1 2 0 0 0 1 0 0 0 0
394.908 0 1 0 0 1 1 0 0 0 0
395.373 0 0 0 0 0 1 0 1 0 0
422.886 0 0 0 0 0 0 0 0 0 1
430.771 0 0 0 0 0 1 0 1 0 0
456.488 0 1 0 0 1 1 0 0 0 0
519.866 1 2 0 0 0 1 0 0 0 0
549.123 0 1 0 0 1 1 0 0 0 0
581.709 0 1 1 1 1 0 0 0 0 0
655.36 0 1 0 0 1 1 0 0 0 0
665.297 1 2 0 0 0 1 0 0 0 0
723.807 0 1 0 0 1 1 0 0 0 0
727.796 0 1 0 0 0 0 1 0 0 0
740.851 0 1 0 0 1 1 0 0 0 0
749.535 0 0 0 0 0 1 0 1 0 0
752.377 0 1 0 0 1 1 0 0 0 0
752.533 0 1 0 0 0 0 1 0 0 0
782.055 0 1 0 0 1 1 0 0 0 0
791.004 0 1 1 1 1 0 0 0 0 0
827.2 0 0 1 1 0 0 0 1 0 0
862.712 0 1 1 1 1 0 0 0 0 0
876.995 0 0 1 1 0 0 0 1 0 0
950.651 0 1 1 1 1 0 0 0 0 0
955.952 0 0 1 1 0 0 0 1 0 0
966.477 0 1 1 1 1 0 0 0 0 0
981.464 0 0 1 1 0 0 0 1 0 0
1001.66 0 0 0 0 0 1 0 1 0 0
1023.51 0 0 0 0 0 0 0 0 0 1
1047.59 0 0 0 0 0 1 0 1 0 0
1083.84 0 0 0 0 0 0 0 0 0 1
1104.93 0 0 0 0 0 1 0 1 0 0
1142.71 0 1 0 0 1 1 0 0 0 0
1160.97 0 1 1 1 1 0 0 0 0 0
1168.11 0 1 0 0 1 1 0 0 0 0
1171.28 0 1 1 1 1 0 0 0 0 0
1184.84 0 1 0 0 1 1 0 0 0 0
1197.38 0 1 0 0 0 0 1 0 0 0
1214.75 0 0 0 0 0 0 0 0 1 0
1585.79 0 1 0 0 0 0 1 0 0 0
1780.68 0 0 0 0 0 0 0 0 1 0
1780.68 0 0 0 0 0 0 0 0 1 0
