0 1 2 1 1 0 0 0 0 0 0
1.05286 1 2 0 0 0 1 0 0 0 0
31.7467 1 2 1 1 0 0 0 0 0 0
70.8927 1 2 0 0 0 1 0 0 0 0
75.1326 0 1 0 0 1 1 0 0 0 0
86.0485 0 0 0 0 0 1 0 1 0 0
96.7676 0 0 0 0 0 0 0 0 0 1
106.805 0 0 0 0 0 1 0 1 0 0
111.504 0 0 0 0 0 0 0 0 0 1
111.835 0 0 0 0 0 1 0 1 0 0
191.392 0 0 0 0 0 0 0 0 0 1
248.465 0 0 0 0 0 1 0 1 0 0
251.979 0 0 0 0 0 0 0 0 0 1
257.841 0 0 0 0 0 1 0 1 0 0
283.719 0 0 0 0 0 0 0 0 0 1
315.73 0 0 0 0 0 1 0 1 0 0
402.163 0 0 1 1 0 0 0 1 0 0
427.851 0 0 0 0 0 1 0 1 0 0
443.879 0 0 1 1 0 0 0 1 0 0
495.804 0 0 0 0 0 1 0 1 0 0
521.484 0 1 0 0 1 1 0 0 0 0
527.762 0 1 0 0 0 0 1 0 0 0
606.619 0 0 0 0 0 0 0 0 1 0
1988.67 0 1 0 0 0 0 1 0 0 0
1989.82 0 0 0 0 0 0 0 0 1 0
1989.82 0 0 0 0 0 0 0 0 1 0
