0 1 2 1 1 0 0 0 0 0 0
11.6878 1 2 0 0 0 1 0 0 0 0
43.1375 0 1 0 0 1 1 0 0 0 0
53.5819 0 1 1 1 1 0 0 0 0 0
73.4917 0 0 1 1 0 0 0 1 0 0
123.131 0 0 0 0 0 1 0 1 0 0
129.787 0 0 1 1 0 0 0 1 0 0
169.32 0 0 0 0 0 1 0 1 0 0
209.608 0 0 0 0 0 0 0 0 0 1
392.454 0 0 0 0 0 1 0 1 0 0
463.842 0 0 0 0 0 0 0 0 0 1
483.596 0 0 0 0 0 1 0 1 0 0
484.237 0 0 1 1 0 0 0 1 0 0
667.713 0 0 0 0 0 1 0 1 0 0
711.044 0 0 0 0 0 0 0 0 0 1
891.106 0 0 0 0 0 1 0 1 0 0
903.704 0 0 1 1 0 0 0 1 0 0
950.709 0 1 1 1 1 0 0 0 0 0
955.05 1 2 1 1 0 0 0 0 0 0
957.209 0 1 1 1 1 0 0 0 0 0
979.313 0 1 0 0 1 1 0 0 0 0
1006.49 0 1 0 0 0 0 1 0 0 0
1013.97 0 0 0 0 0 0 0 0 1 0
2031.78 0 1 0 0 0 0 1 0 0 0
2056.02 0 1 0 0 1 1 0 0 0 0
2069.33 1 2 0 0 0 1 0 0 0 0
2070.56 0 1 0 0 1 1 0 0 0 0
2093.66 0 1 1 1 1 0 0 0 0 0
2095.16 0 1 0 0 1 1 0 0 0 0
2108.03 0 1 0 0 0 0 1 0 0 0
2125.96 0 0 0 0 0 0 0 0 1 0
2125.96 0 0 0 0 0 0 0 0 1 0
