0 1 2 1 1 0 0 0 0 0 0
7.8633 1 2 0 0 0 1 0 0 0 0
22.0141 0 1 0 0 1 1 0 0 0 0
48.8555 0 0 0 0 0 1 0 1 0 0
74.4448 0 1 0 0 1 1 0 0 0 0
95.5594 1 2 0 0 0 1 0 0 0 0
218.75 0 1 0 0 1 1 0 0 0 0
223.112 1 2 0 0 0 1 0 0 0 0
270.521 0 1 0 0 1 1 0 0 0 0
318.343 0 0 0 0 0 1 0 1 0 0
337.222 0 0 0 0 0 0 0 0 0 1
392.022 0 0 0 0 0 1 0 1 0 0
473.96 0 0 0 0 0 0 0 0 0 1
543.197 0 0 0 0 0 1 0 1 0 0
668.626 0 1 0 0 1 1 0 0 0 0
693.22 1 2 0 0 0 1 0 0 0 0
718.075 1 2 1 1 0 0 0 0 0 0
731.434 1 2 0 0 0 1 0 0 0 0
778.694 0 1 0 0 1 1 0 0 0 0
793.07 1 2 0 0 0 1 0 0 0 0
800.786 0 1 0 0 1 1 0 0 0 0
823.253 1 2 0 0 0 1 0 0 0 0
827.051 0 1 0 0 1 1 0 0 0 0
836.794 0 1 0 0 0 0 1 0 0 0
915.571 0 0 0 0 0 0 0 0 1 0
915.571 0 0 0 0 0 0 0 0 1 0
