0 1 2 1 1 0 0 0 0 0 0
11.973 0 1 1 1 1 0 0 0 0 0
23.0216 0 0 1 1 0 0 0 1 0 0
92.801 0 1 1 1 1 0 0 0 0 0
99.1516 0 0 1 1 0 0 0 1 0 0
153.598 0 0 0 0 0 1 0 1 0 0
189.22 0 0 0 0 0 0 0 0 0 1
217.237 0 0 0 0 0 1 0 1 0 0
249.962 0 0 0 0 0 0 0 0 0 1
374.555 0 0 0 0 0 1 0 1 0 0
434.492 0 1 0 0 1 1 0 0 0 0
437.586 0 0 0 0 0 1 0 1 0 0
446.314 0 0 1 1 0 0 0 1 0 0
451.666 0 0 0 0 0 1 0 1 0 0
474.952 0 0 0 0 0 0 0 0 0 1
528.074 0 0 0 0 0 1 0 1 0 0
575.143 0 0 0 0 0 0 0 0 0 1
577.124 0 0 0 0 0 1 0 1 0 0
604.561 0 0 0 0 0 0 0 0 0 1
657.453 0 0 0 0 0 1 0 1 0 0
667.313 0 1 0 0 1 1 0 0 0 0
672.374 0 1 0 0 0 0 1 0 0 0
678.066 0 0 0 0 0 0 0 0 1 0
2738.04 0 1 0 0 0 0 1 0 0 0
2768.06 0 0 0 0 0 0 0 0 1 0
2768.06 0 0 0 0 0 0 0 0 1 0
