0 1 2 1 1 0 0 0 0 0 0
4.6724 1 2 0 0 0 1 0 0 0 0
9.54559 0 1 0 0 1 1 0 0 0 0
15.1316 0 0 0 0 0 1 0 1 0 0
34.0231 0 0 0 0 0 0 0 0 0 1
84.4245 0 0 0 0 0 1 0 1 0 0
88.405 0 0 1 1 0 0 0 1 0 0
153.961 0 0 0 0 0 1 0 1 0 0
158.169 0 0 0 0 0 0 0 0 0 1
186.057 0 0 0 0 0 1 0 1 0 0
190.488 0 0 1 1 0 0 0 1 0 0
203.496 0 1 1 1 1 0 0 0 0 0
207.805 0 0 1 1 0 0 0 1 0 0
227.888 0 0 0 0 0 1 0 1 0 0
258.42 0 0 1 1 0 0 0 1 0 0
279.585 0 0 0 0 0 1 0 1 0 0
338.715 0 0 0 0 0 0 0 0 0 1
542.556 0 0 0 0 0 1 0 1 0 0
560.143 0 1 0 0 1 1 0 0 0 0
576.773 0 1 0 0 0 0 1 0 0 0
729.521 0 1 0 0 1 1 0 0 0 0
731.42 0 1 1 1 1 0 0 0 0 0
742.488 0 1 0 0 1 1 0 0 0 0
766.58 0 0 0 0 0 1 0 1 0 0
794.125 0 1 0 0 1 1 0 0 0 0
831.424 0 0 0 0 0 1 0 1 0 0
844.057 0 1 0 0 1 1 0 0 0 0
872.15 0 0 0 0 0 1 0 1 0 0
914.312 0 1 0 0 1 1 0 0 0 0
918.323 1 2 0 0 0 1 0 0 0 0
935.299 0 1 0 0 1 1 0 0 0 0
940.566 1 2 0 0 0 1 0 0 0 0
946.136 1 2 1 1 0 0 0 0 0 0
955.659 0 1 1 1 1 0 0 0 0 0
965.29 0 1 0 0 1 1 0 0 0 0
979.217 1 2 0 0 0 1 0 0 0 0
979.387 0 1 0 0 1 1 0 0 0 0
988.239 1 2 0 0 0 1 0 0 0 0
1007.05 1 2 1 1 0 0 0 0 0 0
1070.28 1 2 0 0 0 1 0 0 0 0
1073.68 0 1 0 0 1 1 0 0 0 0
1107 1 2 0 0 0 1 0 0 0 0
1179.76 0 1 0 0 1 1 0 0 0 0
1251.62 0 0 0 0 0 1 0 1 0 0
1295.75 0 1 0 0 1 1 0 0 0 0
1296.89 1 2 0 0 0 1 0 0 0 0
1334.85 0 1 0 0 1 1 0 0 0 0
1350.64 0 1 0 0 0 0 1 0 0 0
1384.86 0 0 0 0 0 0 0 0 1 0
1384.86 0 0 0 0 0 0 0 0 1 0
