0.09600 3.00800 3 0 0 -1 0 0 0 0 0 0 0 1 0 0 0 0 0 0 0 
0.09600 3.96800 1 -1 0 0 0 0 0 0 0 1 0 0 0 0 0 0 0 0 0 
0.09600 6.40001 4 0 0 0 -1 0 0 0 0 0 0 0 1 0 0 0 0 0 0 
9.08799 8.73589 10 0 0 0 0 0 0 0 0 0 0 -1 -1 0 1 0 0 0 0 
17.85589 5.24793 2 0 -1 0 0 0 0 0 0 0 1 0 0 0 0 0 0 0 0 
63.80919 6.30357 2 0 -1 0 0 0 0 0 0 0 1 0 0 0 0 0 0 0 0 
81.53593 10.20726 9 0 0 0 0 0 0 0 0 -1 -1 0 0 1 0 0 0 0 0 
92.19115 0.00000 16 0 0 0 1 0 0 0 0 0 0 1 0 0 -1 0 0 0 0 
106.43012 3.96771 4 0 0 0 -1 0 0 0 0 0 0 0 1 0 0 0 0 0 0 
114.74952 10.20726 10 0 0 0 0 0 0 0 0 0 0 -1 -1 0 1 0 0 0 0 
276.18744 0.00000 16 0 0 0 1 0 0 0 0 0 0 1 0 0 -1 0 0 0 0 
279.35672 3.90558 4 0 0 0 -1 0 0 0 0 0 0 0 1 0 0 0 0 0 0 
368.19263 6.49863 10 0 0 0 0 0 0 0 0 0 0 -1 -1 0 1 0 0 0 0 
778.82410 0.00000 16 0 0 0 1 0 0 0 0 0 0 1 0 0 -1 0 0 0 0 
792.35266 5.66089 4 0 0 0 -1 0 0 0 0 0 0 0 1 0 0 0 0 0 0 
819.79358 7.29199 10 0 0 0 0 0 0 0 0 0 0 -1 -1 0 1 0 0 0 0 
