0.92800 4.25600 3 0 0 -1 0 0 0 0 0 0 0 1 0 0 0 0 0 0 0 
0.09600 6.08001 4 0 0 0 -1 0 0 0 0 0 0 0 1 0 0 0 0 0 0 
2.72000 4.25601 2 0 -1 0 0 0 0 0 0 0 1 0 0 0 0 0 0 0 0 
9.37600 5.85592 2 0 -1 0 0 0 0 0 0 0 1 0 0 0 0 0 0 0 0 
47.36042 5.31225 1 -1 0 0 0 0 0 0 0 1 0 0 0 0 0 0 0 0 0 
60.38503 9.79172 10 0 0 0 0 0 0 0 0 0 0 -1 -1 0 1 0 0 0 0 
91.51920 0.00000 16 0 0 0 1 0 0 0 0 0 0 1 0 0 -1 0 0 0 0 
87.99946 8.70337 9 0 0 0 0 0 0 0 0 -1 -1 0 0 1 0 0 0 0 0 
97.40677 4.19170 4 0 0 0 -1 0 0 0 0 0 0 0 1 0 0 0 0 0 0 
104.79824 7.32747 10 0 0 0 0 0 0 0 0 0 0 -1 -1 0 1 0 0 0 0 
166.74576 0.00000 16 0 0 0 1 0 0 0 0 0 0 1 0 0 -1 0 0 0 0 
206.29489 6.01556 4 0 0 0 -1 0 0 0 0 0 0 0 1 0 0 0 0 0 0 
230.86911 7.77544 10 0 0 0 0 0 0 0 0 0 0 -1 -1 0 1 0 0 0 0 
354.55511 0.00000 16 0 0 0 1 0 0 0 0 0 0 1 0 0 -1 0 0 0 0 
472.20267 4.44980 4 0 0 0 -1 0 0 0 0 0 0 0 1 0 0 0 0 0 0 
478.89337 14.14972 10 0 0 0 0 0 0 0 0 0 0 -1 -1 0 1 0 0 0 0 
