3.96800 5.40799 1 -1 0 0 0 0 0 0 0 1 0 0 0 0 0 0 0 0 0 
7.16801 4.70395 2 0 -1 0 0 0 0 0 0 0 1 0 0 0 0 0 0 0 0 
18.20788 4.35194 4 0 0 0 -1 0 0 0 0 0 0 0 1 0 0 0 0 0 0 
20.12785 5.02394 3 0 0 -1 0 0 0 0 0 0 0 1 0 0 0 0 0 0 0 
65.85706 9.50331 10 0 0 0 0 0 0 0 0 0 0 -1 -1 0 1 0 0 0 0 
79.84004 1.85587 2 0 -1 0 0 0 0 0 0 0 1 0 0 0 0 0 0 0 0 
96.54285 7.39146 9 0 0 0 0 0 0 0 0 -1 -1 0 0 1 0 0 0 0 0 
103.99830 7.32747 11 0 0 0 0 0 0 0 0 0 0 0 0 -1 -1 1 0 0 0 
495.92426 0.00000 17 0 0 0 0 1 0 0 0 0 0 0 0 0 1 -1 0 0 0 
536.71716 0.00000 16 0 0 0 1 0 0 0 0 0 0 1 0 0 -1 0 0 0 0 
562.01526 5.05322 4 0 0 0 -1 0 0 0 0 0 0 0 1 0 0 0 0 0 0 
594.60535 10.29834 10 0 0 0 0 0 0 0 0 0 0 -1 -1 0 1 0 0 0 0 
619.45569 0.00000 16 0 0 0 1 0 0 0 0 0 0 1 0 0 -1 0 0 0 0 
642.54700 4.38159 4 0 0 0 -1 0 0 0 0 0 0 0 1 0 0 0 0 0 0 
665.89417 9.81860 10 0 0 0 0 0 0 0 0 0 0 -1 -1 0 1 0 0 0 0 
719.97644 0.00000 16 0 0 0 1 0 0 0 0 0 0 1 0 0 -1 0 0 0 0 
723.04675 4.28564 4 0 0 0 -1 0 0 0 0 0 0 0 1 0 0 0 0 0 0 
727.39636 13.27271 10 0 0 0 0 0 0 0 0 0 0 -1 -1 0 1 0 0 0 0 
886.31702 0.00000 16 0 0 0 1 0 0 0 0 0 0 1 0 0 -1 0 0 0 0 
891.88196 3.74194 4 0 0 0 -1 0 0 0 0 0 0 0 1 0 0 0 0 0 0 
