7.55201 4.09595 2 0 -1 0 0 0 0 0 0 0 1 0 0 0 0 0 0 0 0 
16.54390 4.22395 2 0 -1 0 0 0 0 0 0 0 1 0 0 0 0 0 0 0 0 
18.94387 5.79193 3 0 0 -1 0 0 0 0 0 0 0 1 0 0 0 0 0 0 0 
44.25628 5.12024 4 0 0 0 -1 0 0 0 0 0 0 0 1 0 0 0 0 0 0 
64.28917 7.77544 10 0 0 0 0 0 0 0 0 0 0 -1 -1 0 1 0 0 0 0 
78.59213 5.85558 1 -1 0 0 0 0 0 0 0 1 0 0 0 0 0 0 0 0 0 
97.69476 8.03142 9 0 0 0 0 0 0 0 0 -1 -1 0 0 1 0 0 0 0 0 
124.70080 0.00000 15 0 1 0 0 0 0 0 0 1 0 0 0 -1 0 0 0 0 0 
163.38600 4.12770 2 0 -1 0 0 0 0 0 0 0 1 0 0 0 0 0 0 0 0 
159.57828 9.59930 9 0 0 0 0 0 0 0 0 -1 -1 0 0 1 0 0 0 0 0 
176.76103 8.70337 13 0 0 0 0 0 0 0 0 0 -1 0 0 -1 0 0 0 1 0 
213.78235 0.00000 19 0 1 0 0 0 0 0 0 0 0 0 0 1 0 0 0 -1 0 
223.41365 4.92764 2 0 -1 0 0 0 0 0 0 0 1 0 0 0 0 0 0 0 0 
237.68462 9.31133 13 0 0 0 0 0 0 0 0 0 -1 0 0 -1 0 0 0 1 0 
252.72353 0.00000 16 0 0 0 1 0 0 0 0 0 0 1 0 0 -1 0 0 0 0 
253.23549 4.54451 4 0 0 0 -1 0 0 0 0 0 0 0 1 0 0 0 0 0 0 
283.80652 0.00000 19 0 1 0 0 0 0 0 0 0 0 0 0 1 0 0 0 -1 0 
283.61444 7.65109 10 0 0 0 0 0 0 0 0 0 0 -1 -1 0 1 0 0 0 0 
298.34039 0.00000 16 0 0 0 1 0 0 0 0 0 0 1 0 0 -1 0 0 0 0 
298.59650 6.05045 4 0 0 0 -1 0 0 0 0 0 0 0 1 0 0 0 0 0 0 
307.75220 0.00000 15 0 1 0 0 0 0 0 0 1 0 0 0 -1 0 0 0 0 0 
308.29642 6.59467 2 0 -1 0 0 0 0 0 0 0 1 0 0 0 0 0 0 0 0 
305.12714 9.85999 10 0 0 0 0 0 0 0 0 0 0 -1 -1 0 1 0 0 0 0 
331.37775 5.53824 2 0 -1 0 0 0 0 0 0 0 1 0 0 0 0 0 0 0 0 
364.70322 8.93161 9 0 0 0 0 0 0 0 0 -1 -1 0 0 1 0 0 0 0 0 
379.49319 0.00000 15 0 1 0 0 0 0 0 0 1 0 0 0 -1 0 0 0 0 0 
402.41446 3.07324 2 0 -1 0 0 0 0 0 0 0 1 0 0 0 0 0 0 0 0 
410.99393 11.39661 9 0 0 0 0 0 0 0 0 -1 -1 0 0 1 0 0 0 0 0 
447.96887 0.00000 15 0 1 0 0 0 0 0 0 1 0 0 0 -1 0 0 0 0 0 
448.09692 10.59628 9 0 0 0 0 0 0 0 0 -1 -1 0 0 1 0 0 0 0 0 
456.51633 4.09766 2 0 -1 0 0 0 0 0 0 0 1 0 0 0 0 0 0 0 0 
460.64600 13.44543 13 0 0 0 0 0 0 0 0 0 -1 0 0 -1 0 0 0 1 0 
490.93024 0.00000 16 0 0 0 1 0 0 0 0 0 0 1 0 0 -1 0 0 0 0 
508.34528 3.93732 4 0 0 0 -1 0 0 0 0 0 0 0 1 0 0 0 0 0 0 
536.74915 0.00000 19 0 1 0 0 0 0 0 0 0 0 0 0 1 0 0 0 -1 0 
554.72327 4.92529 2 0 -1 0 0 0 0 0 0 0 1 0 0 0 0 0 0 0 0 
625.69226 6.30054 13 0 0 0 0 0 0 0 0 0 -1 0 0 -1 0 0 0 1 0 
645.36145 0.00000 19 0 1 0 0 0 0 0 0 0 0 0 0 1 0 0 0 -1 0 
652.94128 5.50098 2 0 -1 0 0 0 0 0 0 0 1 0 0 0 0 0 0 0 0 
680.31824 7.45190 10 0 0 0 0 0 0 0 0 0 0 -1 -1 0 1 0 0 0 0 
714.57141 0.00000 16 0 0 0 1 0 0 0 0 0 0 1 0 0 -1 0 0 0 0 
712.78040 9.30688 13 0 0 0 0 0 0 0 0 0 -1 0 0 -1 0 0 0 1 0 
793.88782 0.00000 19 0 1 0 0 0 0 0 0 0 0 0 0 1 0 0 0 -1 0 
803.29065 3.93384 4 0 0 0 -1 0 0 0 0 0 0 0 1 0 0 0 0 0 0 
813.42908 4.57349 2 0 -1 0 0 0 0 0 0 0 1 0 0 0 0 0 0 0 0 
842.85291 0.00000 15 0 1 0 0 0 0 0 0 1 0 0 0 -1 0 0 0 0 0 
862.87390 4.70142 2 0 -1 0 0 0 0 0 0 0 1 0 0 0 0 0 0 0 0 
