6.56000 5.11996 4 0 0 0 -1 0 0 0 0 0 0 0 1 0 0 0 0 0 0 
14.97592 2.36797 1 -1 0 0 0 0 0 0 0 1 0 0 0 0 0 0 0 0 0 
38.14399 4.28820 3 0 0 -1 0 0 0 0 0 0 0 1 0 0 0 0 0 0 0 
66.72101 4.76765 2 0 -1 0 0 0 0 0 0 0 1 0 0 0 0 0 0 0 0 
72.64057 10.23926 9 0 0 0 0 0 0 0 0 -1 -1 0 0 1 0 0 0 0 0 
100.89452 0.00000 15 0 1 0 0 0 0 0 0 1 0 0 0 -1 0 0 0 0 0 
114.71752 3.03978 2 0 -1 0 0 0 0 0 0 0 1 0 0 0 0 0 0 0 0 
177.17700 9.85529 9 0 0 0 0 0 0 0 0 -1 -1 0 0 1 0 0 0 0 0 
201.62323 0.00000 15 0 1 0 0 0 0 0 0 1 0 0 0 -1 0 0 0 0 0 
204.79100 4.31969 2 0 -1 0 0 0 0 0 0 0 1 0 0 0 0 0 0 0 0 
209.14268 11.67915 9 0 0 0 0 0 0 0 0 -1 -1 0 0 1 0 0 0 0 0 
221.94176 0.00000 15 0 1 0 0 0 0 0 0 1 0 0 0 -1 0 0 0 0 0 
213.59036 9.59930 10 0 0 0 0 0 0 0 0 0 0 -1 -1 0 1 0 0 0 0 
221.94176 7.71144 2 0 -1 0 0 0 0 0 0 0 1 0 0 0 0 0 0 0 0 
236.11673 0.00000 16 0 0 0 1 0 0 0 0 0 0 1 0 0 -1 0 0 0 0 
242.26028 10.71922 4 0 0 0 -1 0 0 0 0 0 0 0 1 0 0 0 0 0 0 
312.61816 4.16168 2 0 -1 0 0 0 0 0 0 0 1 0 0 0 0 0 0 0 0 
345.46344 6.65869 9 0 0 0 0 0 0 0 0 -1 -1 0 0 1 0 0 0 0 0 
401.87024 8.77155 13 0 0 0 0 0 0 0 0 0 -1 0 0 -1 0 0 0 1 0 
423.67105 0.00000 19 0 1 0 0 0 0 0 0 0 0 0 0 1 0 0 0 -1 0 
424.82352 0.00000 15 0 1 0 0 0 0 0 0 1 0 0 0 -1 0 0 0 0 0 
458.91730 4.57785 2 0 -1 0 0 0 0 0 0 0 1 0 0 0 0 0 0 0 0 
478.18909 4.80194 2 0 -1 0 0 0 0 0 0 0 1 0 0 0 0 0 0 0 0 
499.41367 10.43622 9 0 0 0 0 0 0 0 0 -1 -1 0 0 1 0 0 0 0 0 
516.53625 7.89966 13 0 0 0 0 0 0 0 0 0 -1 0 0 -1 0 0 0 1 0 
696.21350 0.00000 19 0 1 0 0 0 0 0 0 0 0 0 0 1 0 0 0 -1 0 
717.22595 5.05322 2 0 -1 0 0 0 0 0 0 0 1 0 0 0 0 0 0 0 0 
781.44666 7.83569 13 0 0 0 0 0 0 0 0 0 -1 0 0 -1 0 0 0 1 0 
807.99207 0.00000 19 0 1 0 0 0 0 0 0 0 0 0 0 1 0 0 0 -1 0 
817.97058 6.23657 2 0 -1 0 0 0 0 0 0 0 1 0 0 0 0 0 0 0 0 
877.84167 8.37939 13 0 0 0 0 0 0 0 0 0 -1 0 0 -1 0 0 0 1 0 
