0.09600 4.09600 2 0 -1 0 0 0 0 0 0 0 1 0 0 0 0 0 0 0 0 
0.57600 4.89601 4 0 0 0 -1 0 0 0 0 0 0 0 1 0 0 0 0 0 0 
0.09600 6.81601 3 0 0 -1 0 0 0 0 0 0 0 1 0 0 0 0 0 0 0 
37.15194 1.47207 2 0 -1 0 0 0 0 0 0 0 1 0 0 0 0 0 0 0 0 
43.29623 4.09619 1 -1 0 0 0 0 0 0 0 1 0 0 0 0 0 0 0 0 0 
39.42405 8.92842 10 0 0 0 0 0 0 0 0 0 0 -1 -1 0 1 0 0 0 0 
62.72114 0.00000 16 0 0 0 1 0 0 0 0 0 0 1 0 0 -1 0 0 0 0 
85.79163 7.51945 9 0 0 0 0 0 0 0 0 -1 -1 0 0 1 0 0 0 0 0 
106.87809 5.40761 4 0 0 0 -1 0 0 0 0 0 0 0 1 0 0 0 0 0 0 
118.65324 6.94350 10 0 0 0 0 0 0 0 0 0 0 -1 -1 0 1 0 0 0 0 
127.48460 0.00000 15 0 1 0 0 0 0 0 0 1 0 0 0 -1 0 0 0 0 0 
146.45923 5.40761 2 0 -1 0 0 0 0 0 0 0 1 0 0 0 0 0 0 0 0 
151.93083 8.47939 9 0 0 0 0 0 0 0 0 -1 -1 0 0 1 0 0 0 0 0 
166.84175 9.66330 13 0 0 0 0 0 0 0 0 0 -1 0 0 -1 0 0 0 1 0 
210.90256 9.21533 14 0 0 0 0 0 0 0 0 0 0 0 0 0 -1 0 0 -1 1 
253.20349 0.00000 20 0 0 0 0 0 1 0 0 0 0 0 0 0 0 0 0 1 -1 
261.39746 4.25772 6 0 0 0 0 0 -1 0 0 0 0 0 0 0 1 0 0 0 0 
278.30029 6.30655 14 0 0 0 0 0 0 0 0 0 0 0 0 0 -1 0 0 -1 1 
303.52649 0.00000 20 0 0 0 0 0 1 0 0 0 0 0 0 0 0 0 0 1 -1 
307.49609 5.50623 6 0 0 0 0 0 -1 0 0 0 0 0 0 0 1 0 0 0 0 
368.76886 0.00000 16 0 0 0 1 0 0 0 0 0 0 1 0 0 -1 0 0 0 0 
393.13071 4.28973 4 0 0 0 -1 0 0 0 0 0 0 0 1 0 0 0 0 0 0 
415.34769 9.92401 10 0 0 0 0 0 0 0 0 0 0 -1 -1 0 1 0 0 0 0 
467.91293 0.00000 19 0 1 0 0 0 0 0 0 0 0 0 0 1 0 0 0 -1 0 
467.91293 5.57025 2 0 -1 0 0 0 0 0 0 0 1 0 0 0 0 0 0 0 0 
476.58844 0.00000 16 0 0 0 1 0 0 0 0 0 0 1 0 0 -1 0 0 0 0 
473.54721 9.82797 13 0 0 0 0 0 0 0 0 0 -1 0 0 -1 0 0 0 1 0 
511.80267 6.46063 4 0 0 0 -1 0 0 0 0 0 0 0 1 0 0 0 0 0 0 
546.56775 0.00000 19 0 1 0 0 0 0 0 0 0 0 0 0 1 0 0 0 -1 0 
562.27112 0.00000 15 0 1 0 0 0 0 0 0 1 0 0 0 -1 0 0 0 0 0 
579.89343 8.98706 10 0 0 0 0 0 0 0 0 0 0 -1 -1 0 1 0 0 0 0 
595.02112 4.60547 2 0 -1 0 0 0 0 0 0 0 1 0 0 0 0 0 0 0 0 
665.41443 4.66943 2 0 -1 0 0 0 0 0 0 0 1 0 0 0 0 0 0 0 0 
666.62976 9.21094 9 0 0 0 0 0 0 0 0 -1 -1 0 0 1 0 0 0 0 0 
678.71912 8.18750 11 0 0 0 0 0 0 0 0 0 0 0 0 -1 -1 1 0 0 0 
693.78284 12.47314 12 0 0 0 0 0 0 0 0 0 -1 0 0 0 0 -1 1 0 0 
