0.03200 4.48000 2 0 -1 0 0 0 0 0 0 0 1 0 0 0 0 0 0 0 0 
0.09600 5.37601 1 -1 0 0 0 0 0 0 0 1 0 0 0 0 0 0 0 0 0 
1.79200 5.08801 4 0 0 0 -1 0 0 0 0 0 0 0 1 0 0 0 0 0 0 
11.83996 6.78391 3 0 0 -1 0 0 0 0 0 0 0 1 0 0 0 0 0 0 0 
10.36798 8.41589 9 0 0 0 0 0 0 0 0 -1 -1 0 0 1 0 0 0 0 0 
28.57575 5.24804 2 0 -1 0 0 0 0 0 0 0 1 0 0 0 0 0 0 0 0 
44.86430 7.39235 13 0 0 0 0 0 0 0 0 0 -1 0 0 -1 0 0 0 1 0 
54.75277 0.00000 19 0 1 0 0 0 0 0 0 0 0 0 0 1 0 0 0 -1 0 
56.38484 0.00000 15 0 1 0 0 0 0 0 0 1 0 0 0 -1 0 0 0 0 0 
62.84914 3.55188 2 0 -1 0 0 0 0 0 0 0 1 0 0 0 0 0 0 0 0 
61.82510 7.96768 10 0 0 0 0 0 0 0 0 0 0 -1 -1 0 1 0 0 0 0 
98.30272 4.35168 2 0 -1 0 0 0 0 0 0 0 1 0 0 0 0 0 0 0 0 
109.02194 10.55923 9 0 0 0 0 0 0 0 0 -1 -1 0 0 1 0 0 0 0 0 
167.44971 11.07120 13 0 0 0 0 0 0 0 0 0 -1 0 0 -1 0 0 0 1 0 
220.43787 0.00000 19 0 1 0 0 0 0 0 0 0 0 0 0 1 0 0 0 -1 0 
227.31737 8.60738 11 0 0 0 0 0 0 0 0 0 0 0 0 -1 -1 1 0 0 0 
236.91667 6.20755 2 0 -1 0 0 0 0 0 0 0 1 0 0 0 0 0 0 0 0 
265.33505 7.71512 12 0 0 0 0 0 0 0 0 0 -1 0 0 0 0 -1 1 0 0 
