9.15199 5.47193 1 -1 0 0 0 0 0 0 0 1 0 0 0 0 0 0 0 0 0 
14.52792 6.43192 4 0 0 0 -1 0 0 0 0 0 0 0 1 0 0 0 0 0 0 
22.33582 4.09595 2 0 -1 0 0 0 0 0 0 0 1 0 0 0 0 0 0 0 0 
22.59183 4.44794 2 0 -1 0 0 0 0 0 0 0 1 0 0 0 0 0 0 0 0 
24.51180 4.35194 3 0 0 -1 0 0 0 0 0 0 0 1 0 0 0 0 0 0 0 
62.43312 9.95147 9 0 0 0 0 0 0 0 0 -1 -1 0 0 1 0 0 0 0 0 
96.38285 9.40732 10 0 0 0 0 0 0 0 0 0 0 -1 -1 0 1 0 0 0 0 
100.60654 9.53531 13 0 0 0 0 0 0 0 0 0 -1 0 0 -1 0 0 0 1 0 
165.40186 8.47939 14 0 0 0 0 0 0 0 0 0 0 0 0 0 -1 0 0 -1 1 
252.01958 0.00000 20 0 0 0 0 0 1 0 0 0 0 0 0 0 0 0 0 1 -1 
253.77945 0.00000 19 0 1 0 0 0 0 0 0 0 0 0 0 1 0 0 0 -1 0 
262.54993 0.00000 15 0 1 0 0 0 0 0 0 1 0 0 0 -1 0 0 0 0 0 
316.81186 5.15408 6 0 0 0 0 0 -1 0 0 0 0 0 0 0 1 0 0 0 0 
310.05713 11.94083 6 0 0 0 0 0 -1 0 0 0 0 0 0 0 1 0 0 0 0 
327.15204 3.93759 2 0 -1 0 0 0 0 0 0 0 1 0 0 0 0 0 0 0 0 
346.90402 0.00000 16 0 0 0 1 0 0 0 0 0 0 1 0 0 -1 0 0 0 0 
356.25180 5.28214 4 0 0 0 -1 0 0 0 0 0 0 0 1 0 0 0 0 0 0 
361.59796 9.05966 10 0 0 0 0 0 0 0 0 0 0 -1 -1 0 1 0 0 0 0 
365.75964 10.34018 9 0 0 0 0 0 0 0 0 -1 -1 0 0 1 0 0 0 0 0 
378.50079 8.64349 11 0 0 0 0 0 0 0 0 0 0 0 0 -1 -1 1 0 0 0 
451.49030 0.00000 17 0 0 0 0 1 0 0 0 0 0 0 0 0 1 -1 0 0 0 
670.59558 10.52222 5 0 0 0 0 -1 0 0 0 0 0 0 0 1 0 0 0 0 0 
677.40784 3.74194 5 0 0 0 0 -1 0 0 0 0 0 0 0 1 0 0 0 0 0 
699.73157 0.00000 16 0 0 0 1 0 0 0 0 0 0 1 0 0 -1 0 0 0 0 
705.64832 0.00000 15 0 1 0 0 0 0 0 0 1 0 0 0 -1 0 0 0 0 0 
720.77600 2.23877 4 0 0 0 -1 0 0 0 0 0 0 0 1 0 0 0 0 0 0 
735.71179 4.70142 2 0 -1 0 0 0 0 0 0 0 1 0 0 0 0 0 0 0 0 
741.02087 7.48389 10 0 0 0 0 0 0 0 0 0 0 -1 -1 0 1 0 0 0 0 
768.20593 8.82715 9 0 0 0 0 0 0 0 0 -1 -1 0 0 1 0 0 0 0 0 
778.34436 0.00000 15 0 1 0 0 0 0 0 0 1 0 0 0 -1 0 0 0 0 0 
797.18201 4.70142 2 0 -1 0 0 0 0 0 0 0 1 0 0 0 0 0 0 0 0 
819.40979 7.83569 9 0 0 0 0 0 0 0 0 -1 -1 0 0 1 0 0 0 0 0 
885.00574 8.34741 11 0 0 0 0 0 0 0 0 0 0 0 0 -1 -1 1 0 0 0 
898.47034 0.00000 17 0 0 0 0 1 0 0 0 0 0 0 0 0 1 -1 0 0 0 
