11.29597 4.47994 4 0 0 0 -1 0 0 0 0 0 0 0 1 0 0 0 0 0 0 
11.26397 4.76794 3 0 0 -1 0 0 0 0 0 0 0 1 0 0 0 0 0 0 0 
23.74381 5.50393 2 0 -1 0 0 0 0 0 0 0 1 0 0 0 0 0 0 0 0 
37.95198 4.19220 2 0 -1 0 0 0 0 0 0 0 1 0 0 0 0 0 0 0 0 
42.52820 8.83241 10 0 0 0 0 0 0 0 0 0 0 -1 -1 0 1 0 0 0 0 
65.60109 3.93571 1 -1 0 0 0 0 0 0 0 1 0 0 0 0 0 0 0 0 0 
69.56879 8.15941 9 0 0 0 0 0 0 0 0 -1 -1 0 0 1 0 0 0 0 0 
78.52814 9.24733 11 0 0 0 0 0 0 0 0 0 0 0 0 -1 -1 1 0 0 0 
141.56358 0.00000 17 0 0 0 0 1 0 0 0 0 0 0 0 0 1 -1 0 0 0 
234.13287 5.91957 5 0 0 0 0 -1 0 0 0 0 0 0 0 1 0 0 0 0 0 
258.67636 9.37979 13 0 0 0 0 0 0 0 0 0 -1 0 0 -1 0 0 0 1 0 
268.28024 6.85077 14 0 0 0 0 0 0 0 0 0 0 0 0 0 -1 0 0 -1 1 
