0.09600 3.52000 1 -1 0 0 0 0 0 0 0 1 0 0 0 0 0 0 0 0 0 
1.79200 4.96001 4 0 0 0 -1 0 0 0 0 0 0 0 1 0 0 0 0 0 0 
15.77591 3.90395 2 0 -1 0 0 0 0 0 0 0 1 0 0 0 0 0 0 0 0 
28.19176 8.57617 9 0 0 0 0 0 0 0 0 -1 -1 0 0 1 0 0 0 0 0 
42.08018 5.66426 3 0 0 -1 0 0 0 0 0 0 0 1 0 0 0 0 0 0 0 
54.56075 6.11229 2 0 -1 0 0 0 0 0 0 0 1 0 0 0 0 0 0 0 0 
100.60654 0.00000 15 0 1 0 0 0 0 0 0 1 0 0 0 -1 0 0 0 0 0 
161.37015 10.36725 10 0 0 0 0 0 0 0 0 0 0 -1 -1 0 1 0 0 0 0 
180.21678 9.85529 9 0 0 0 0 0 0 0 0 -1 -1 0 0 1 0 0 0 0 0 
208.69472 4.99164 2 0 -1 0 0 0 0 0 0 0 1 0 0 0 0 0 0 0 0 
207.03084 8.38339 11 0 0 0 0 0 0 0 0 0 0 0 0 -1 -1 1 0 0 0 
289.12067 9.79596 12 0 0 0 0 0 0 0 0 0 -1 0 0 0 0 -1 1 0 0 
