0.09600 4.48000 2 0 -1 0 0 0 0 0 0 0 1 0 0 0 0 0 0 0 0 
3.29600 4.22401 1 -1 0 0 0 0 0 0 0 1 0 0 0 0 0 0 0 0 0 
14.04793 4.06395 3 0 0 -1 0 0 0 0 0 0 0 1 0 0 0 0 0 0 0 
36.95993 3.96819 4 0 0 0 -1 0 0 0 0 0 0 0 1 0 0 0 0 0 0 
61.12106 4.06405 2 0 -1 0 0 0 0 0 0 0 1 0 0 0 0 0 0 0 0 
61.88910 9.47157 10 0 0 0 0 0 0 0 0 0 0 -1 -1 0 1 0 0 0 0 
81.53593 0.00000 16 0 0 0 1 0 0 0 0 0 0 1 0 0 -1 0 0 0 0 
82.75184 7.96742 9 0 0 0 0 0 0 0 0 -1 -1 0 0 1 0 0 0 0 0 
84.99168 5.75958 4 0 0 0 -1 0 0 0 0 0 0 0 1 0 0 0 0 0 0 
98.36671 6.87950 10 0 0 0 0 0 0 0 0 0 0 -1 -1 0 1 0 0 0 0 
148.09111 0.00000 16 0 0 0 1 0 0 0 0 0 0 1 0 0 -1 0 0 0 0 
141.72357 6.59152 13 0 0 0 0 0 0 0 0 0 -1 0 0 -1 0 0 0 1 0 
192.43990 4.12770 4 0 0 0 -1 0 0 0 0 0 0 0 1 0 0 0 0 0 0 
213.78235 9.88728 10 0 0 0 0 0 0 0 0 0 0 -1 -1 0 1 0 0 0 0 
231.70105 0.00000 16 0 0 0 1 0 0 0 0 0 0 1 0 0 -1 0 0 0 0 
257.45987 10.66031 4 0 0 0 -1 0 0 0 0 0 0 0 1 0 0 0 0 0 0 
264.08655 4.06564 4 0 0 0 -1 0 0 0 0 0 0 0 1 0 0 0 0 0 0 
546.59973 0.00000 19 0 1 0 0 0 0 0 0 0 0 0 0 1 0 0 0 -1 0 
574.80823 0.00000 15 0 1 0 0 0 0 0 0 1 0 0 0 -1 0 0 0 0 0 
573.17712 6.26855 2 0 -1 0 0 0 0 0 0 0 1 0 0 0 0 0 0 0 0 
595.59680 9.33887 9 0 0 0 0 0 0 0 0 -1 -1 0 0 1 0 0 0 0 0 
620.86292 0.00000 15 0 1 0 0 0 0 0 0 1 0 0 0 -1 0 0 0 0 0 
620.86292 6.87622 2 0 -1 0 0 0 0 0 0 0 1 0 0 0 0 0 0 0 0 
633.71985 4.41357 2 0 -1 0 0 0 0 0 0 0 1 0 0 0 0 0 0 0 0 
627.80310 11.51367 9 0 0 0 0 0 0 0 0 -1 -1 0 0 1 0 0 0 0 0 
639.38074 9.17896 13 0 0 0 0 0 0 0 0 0 -1 0 0 -1 0 0 0 1 0 
