0.09600 5.50401 2 0 -1 0 0 0 0 0 0 0 1 0 0 0 0 0 0 0 0 
3.61600 4.32001 2 0 -1 0 0 0 0 0 0 0 1 0 0 0 0 0 0 0 0 
7.26401 4.38395 3 0 0 -1 0 0 0 0 0 0 0 1 0 0 0 0 0 0 0 
43.36023 5.47226 1 -1 0 0 0 0 0 0 0 1 0 0 0 0 0 0 0 0 0 
45.28032 4.64022 4 0 0 0 -1 0 0 0 0 0 0 0 1 0 0 0 0 0 0 
48.89649 12.64059 9 0 0 0 0 0 0 0 0 -1 -1 0 0 1 0 0 0 0 0 
73.34452 8.51138 10 0 0 0 0 0 0 0 0 0 0 -1 -1 0 1 0 0 0 0 
116.92536 0.00000 16 0 0 0 1 0 0 0 0 0 0 1 0 0 -1 0 0 0 0 
135.83600 5.88757 13 0 0 0 0 0 0 0 0 0 -1 0 0 -1 0 0 0 1 0 
153.78670 0.00000 19 0 1 0 0 0 0 0 0 0 0 0 0 1 0 0 0 -1 0 
173.72125 6.04756 2 0 -1 0 0 0 0 0 0 0 1 0 0 0 0 0 0 0 0 
200.11934 0.00000 15 0 1 0 0 0 0 0 0 1 0 0 0 -1 0 0 0 0 0 
213.23839 8.95935 9 0 0 0 0 0 0 0 0 -1 -1 0 0 1 0 0 0 0 0 
227.47736 1.47189 2 0 -1 0 0 0 0 0 0 0 1 0 0 0 0 0 0 0 0 
256.75558 9.98804 13 0 0 0 0 0 0 0 0 0 -1 0 0 -1 0 0 0 1 0 
294.08267 0.00000 19 0 1 0 0 0 0 0 0 0 0 0 0 1 0 0 0 -1 0 
317.35608 5.95441 2 0 -1 0 0 0 0 0 0 0 1 0 0 0 0 0 0 0 0 
370.24146 0.00000 15 0 1 0 0 0 0 0 0 1 0 0 0 -1 0 0 0 0 0 
393.93103 11.39661 9 0 0 0 0 0 0 0 0 -1 -1 0 0 1 0 0 0 0 0 
461.54236 0.00000 15 0 1 0 0 0 0 0 0 1 0 0 0 -1 0 0 0 0 0 
469.86572 4.73792 2 0 -1 0 0 0 0 0 0 0 1 0 0 0 0 0 0 0 0 
491.31439 7.84317 9 0 0 0 0 0 0 0 0 -1 -1 0 0 1 0 0 0 0 0 
527.47424 5.05322 2 0 -1 0 0 0 0 0 0 0 1 0 0 0 0 0 0 0 0 
665.15857 3.48608 4 0 0 0 -1 0 0 0 0 0 0 0 1 0 0 0 0 0 0 
836.58435 9.17896 10 0 0 0 0 0 0 0 0 0 0 -1 -1 0 1 0 0 0 0 
