0.70400 3.87200 1 -1 0 0 0 0 0 0 0 1 0 0 0 0 0 0 0 0 0 
0.09600 6.72001 4 0 0 0 -1 0 0 0 0 0 0 0 1 0 0 0 0 0 0 
19.39186 4.73594 2 0 -1 0 0 0 0 0 0 0 1 0 0 0 0 0 0 0 0 
26.01578 4.70394 2 0 -1 0 0 0 0 0 0 0 1 0 0 0 0 0 0 0 0 
26.07978 8.89606 9 0 0 0 0 0 0 0 0 -1 -1 0 0 1 0 0 0 0 0 
47.32842 0.00000 15 0 1 0 0 0 0 0 0 1 0 0 0 -1 0 0 0 0 0 
64.54516 4.51167 3 0 0 -1 0 0 0 0 0 0 0 1 0 0 0 0 0 0 0 
71.68065 9.05534 10 0 0 0 0 0 0 0 0 0 0 -1 -1 0 1 0 0 0 0 
128.76451 4.54367 2 0 -1 0 0 0 0 0 0 0 1 0 0 0 0 0 0 0 0 
126.58866 6.75152 9 0 0 0 0 0 0 0 0 -1 -1 0 0 1 0 0 0 0 0 
159.45029 0.00000 15 0 1 0 0 0 0 0 0 1 0 0 0 -1 0 0 0 0 0 
160.82619 13.72701 9 0 0 0 0 0 0 0 0 -1 -1 0 0 1 0 0 0 0 0 
190.36005 4.09570 2 0 -1 0 0 0 0 0 0 0 1 0 0 0 0 0 0 0 0 
195.63966 8.76736 13 0 0 0 0 0 0 0 0 0 -1 0 0 -1 0 0 0 1 0 
213.68636 0.00000 16 0 0 0 1 0 0 0 0 0 0 1 0 0 -1 0 0 0 0 
213.68636 3.48775 4 0 0 0 -1 0 0 0 0 0 0 0 1 0 0 0 0 0 0 
234.96481 0.00000 19 0 1 0 0 0 0 0 0 0 0 0 0 1 0 0 0 -1 0 
266.93570 2.43298 2 0 -1 0 0 0 0 0 0 0 1 0 0 0 0 0 0 0 0 
273.14621 0.00000 15 0 1 0 0 0 0 0 0 1 0 0 0 -1 0 0 0 0 0 
330.89755 6.72272 9 0 0 0 0 0 0 0 0 -1 -1 0 0 1 0 0 0 0 0 
365.18341 0.00000 15 0 1 0 0 0 0 0 0 1 0 0 0 -1 0 0 0 0 0 
371.93814 4.44980 2 0 -1 0 0 0 0 0 0 0 1 0 0 0 0 0 0 0 0 
376.58002 4.64188 2 0 -1 0 0 0 0 0 0 0 1 0 0 0 0 0 0 0 0 
381.28592 8.09927 9 0 0 0 0 0 0 0 0 -1 -1 0 0 1 0 0 0 0 0 
400.94186 0.00000 15 0 1 0 0 0 0 0 0 1 0 0 0 -1 0 0 0 0 0 
405.42368 5.73032 2 0 -1 0 0 0 0 0 0 0 1 0 0 0 0 0 0 0 0 
472.17065 7.84317 9 0 0 0 0 0 0 0 0 -1 -1 0 0 1 0 0 0 0 0 
483.66330 0.00000 15 0 1 0 0 0 0 0 0 1 0 0 0 -1 0 0 0 0 0 
501.20639 8.89960 9 0 0 0 0 0 0 0 0 -1 -1 0 0 1 0 0 0 0 0 
565.66125 0.00000 15 0 1 0 0 0 0 0 0 1 0 0 0 -1 0 0 0 0 0 
561.91931 3.86987 2 0 -1 0 0 0 0 0 0 0 1 0 0 0 0 0 0 0 0 
589.96790 4.92529 2 0 -1 0 0 0 0 0 0 0 1 0 0 0 0 0 0 0 0 
593.99768 10.04248 10 0 0 0 0 0 0 0 0 0 0 -1 -1 0 1 0 0 0 0 
595.24500 10.58618 9 0 0 0 0 0 0 0 0 -1 -1 0 0 1 0 0 0 0 0 
609.02942 9.78662 13 0 0 0 0 0 0 0 0 0 -1 0 0 -1 0 0 0 1 0 
657.38684 0.00000 16 0 0 0 1 0 0 0 0 0 0 1 0 0 -1 0 0 0 0 
679.23083 5.24512 4 0 0 0 -1 0 0 0 0 0 0 0 1 0 0 0 0 0 0 
815.89172 0.00000 19 0 1 0 0 0 0 0 0 0 0 0 0 1 0 0 0 -1 0 
826.22205 10.93799 10 0 0 0 0 0 0 0 0 0 0 -1 -1 0 1 0 0 0 0 
838.08752 5.02124 2 0 -1 0 0 0 0 0 0 0 1 0 0 0 0 0 0 0 0 
852.47961 10.39429 11 0 0 0 0 0 0 0 0 0 0 0 0 -1 -1 1 0 0 0 
