0.03200 4.92800 2 0 -1 0 0 0 0 0 0 0 1 0 0 0 0 0 0 0 0 
0.09600 5.05600 1 -1 0 0 0 0 0 0 0 1 0 0 0 0 0 0 0 0 0 
28.12776 5.02400 4 0 0 0 -1 0 0 0 0 0 0 0 1 0 0 0 0 0 0 
68.35289 5.18362 2 0 -1 0 0 0 0 0 0 0 1 0 0 0 0 0 0 0 0 
84.57571 7.99942 9 0 0 0 0 0 0 0 0 -1 -1 0 0 1 0 0 0 0 0 
98.78268 11.19919 13 0 0 0 0 0 0 0 0 0 -1 0 0 -1 0 0 0 1 0 
117.75730 4.70366 3 0 0 -1 0 0 0 0 0 0 0 1 0 0 0 0 0 0 0 
126.58866 6.55953 10 0 0 0 0 0 0 0 0 0 0 -1 -1 0 1 0 0 0 0 
146.58722 0.00000 19 0 1 0 0 0 0 0 0 0 0 0 0 1 0 0 0 -1 0 
179.28885 0.00000 15 0 1 0 0 0 0 0 0 1 0 0 0 -1 0 0 0 0 0 
182.55261 5.50360 2 0 -1 0 0 0 0 0 0 0 1 0 0 0 0 0 0 0 0 
191.47997 0.00000 16 0 0 0 1 0 0 0 0 0 0 1 0 0 -1 0 0 0 0 
207.25482 4.25569 4 0 0 0 -1 0 0 0 0 0 0 0 1 0 0 0 0 0 0 
220.14989 8.73537 10 0 0 0 0 0 0 0 0 0 0 -1 -1 0 1 0 0 0 0 
221.10982 8.12741 9 0 0 0 0 0 0 0 0 -1 -1 0 0 1 0 0 0 0 0 
232.85297 0.00000 15 0 1 0 0 0 0 0 0 1 0 0 0 -1 0 0 0 0 0 
251.28363 3.80772 2 0 -1 0 0 0 0 0 0 0 1 0 0 0 0 0 0 0 0 
275.00296 5.89038 2 0 -1 0 0 0 0 0 0 0 1 0 0 0 0 0 0 0 0 
309.54492 8.86758 9 0 0 0 0 0 0 0 0 -1 -1 0 0 1 0 0 0 0 0 
321.29367 9.57187 13 0 0 0 0 0 0 0 0 0 -1 0 0 -1 0 0 0 1 0 
353.33862 7.04285 14 0 0 0 0 0 0 0 0 0 0 0 0 0 -1 0 0 -1 1 
428.44098 0.00000 20 0 0 0 0 0 1 0 0 0 0 0 0 0 0 0 0 1 -1 
443.61511 0.00000 19 0 1 0 0 0 0 0 0 0 0 0 0 1 0 0 0 -1 0 
454.30743 0.00000 15 0 1 0 0 0 0 0 0 1 0 0 0 -1 0 0 0 0 0 
477.45279 5.57025 2 0 -1 0 0 0 0 0 0 0 1 0 0 0 0 0 0 0 0 
483.05505 8.06726 9 0 0 0 0 0 0 0 0 -1 -1 0 0 1 0 0 0 0 0 
506.04034 4.73792 6 0 0 0 0 0 -1 0 0 0 0 0 0 0 1 0 0 0 0 
518.35925 0.00000 15 0 1 0 0 0 0 0 0 1 0 0 0 -1 0 0 0 0 0 
596.90808 3.19824 2 0 -1 0 0 0 0 0 0 0 1 0 0 0 0 0 0 0 0 
638.42126 7.70776 9 0 0 0 0 0 0 0 0 -1 -1 0 0 1 0 0 0 0 0 
666.02209 7.13208 11 0 0 0 0 0 0 0 0 0 0 0 0 -1 -1 1 0 0 0 
669.70007 3.55005 2 0 -1 0 0 0 0 0 0 0 1 0 0 0 0 0 0 0 0 
691.79993 7.00415 12 0 0 0 0 0 0 0 0 0 -1 0 0 0 0 -1 1 0 0 
