0.09600 1.40800 2 0 -1 0 0 0 0 0 0 0 1 0 0 0 0 0 0 0 0 
5.28000 4.95998 1 -1 0 0 0 0 0 0 0 1 0 0 0 0 0 0 0 0 0 
7.58401 4.89594 3 0 0 -1 0 0 0 0 0 0 0 1 0 0 0 0 0 0 0 
12.76795 6.75191 9 0 0 0 0 0 0 0 0 -1 -1 0 0 1 0 0 0 0 0 
22.55982 4.95994 2 0 -1 0 0 0 0 0 0 0 1 0 0 0 0 0 0 0 0 
31.55171 0.00000 15 0 1 0 0 0 0 0 0 1 0 0 0 -1 0 0 0 0 0 
35.55186 5.05624 2 0 -1 0 0 0 0 0 0 0 1 0 0 0 0 0 0 0 0 
41.50415 7.58435 9 0 0 0 0 0 0 0 0 -1 -1 0 0 1 0 0 0 0 0 
60.41703 11.10362 13 0 0 0 0 0 0 0 0 0 -1 0 0 -1 0 0 0 1 0 
81.66392 5.47160 4 0 0 0 -1 0 0 0 0 0 0 0 1 0 0 0 0 0 0 
112.63768 6.55952 10 0 0 0 0 0 0 0 0 0 0 -1 -1 0 1 0 0 0 0 
160.18623 8.28740 14 0 0 0 0 0 0 0 0 0 0 0 0 0 -1 0 0 -1 1 
284.44678 0.00000 20 0 0 0 0 0 1 0 0 0 0 0 0 0 0 0 0 1 -1 
284.44678 3.68149 6 0 0 0 0 0 -1 0 0 0 0 0 0 0 1 0 0 0 0 
288.16028 10.78836 14 0 0 0 0 0 0 0 0 0 0 0 0 0 -1 0 0 -1 1 
481.03824 0.00000 20 0 0 0 0 0 1 0 0 0 0 0 0 0 0 0 0 1 -1 
497.62094 4.06564 6 0 0 0 0 0 -1 0 0 0 0 0 0 0 1 0 0 0 0 
537.54871 8.02759 14 0 0 0 0 0 0 0 0 0 0 0 0 0 -1 0 0 -1 1 
836.13660 0.00000 20 0 0 0 0 0 1 0 0 0 0 0 0 0 0 0 0 1 -1 
841.63757 5.50098 6 0 0 0 0 0 -1 0 0 0 0 0 0 0 1 0 0 0 0 
874.45154 6.36450 14 0 0 0 0 0 0 0 0 0 0 0 0 0 -1 0 0 -1 1 
884.20618 0.00000 20 0 0 0 0 0 1 0 0 0 0 0 0 0 0 0 0 1 -1 
892.61755 5.05322 6 0 0 0 0 0 -1 0 0 0 0 0 0 0 1 0 0 0 0 
