4.09600 3.84001 2 0 -1 0 0 0 0 0 0 0 1 0 0 0 0 0 0 0 0 
4.99201 4.19199 3 0 0 -1 0 0 0 0 0 0 0 1 0 0 0 0 0 0 0 
9.05599 4.95994 4 0 0 0 -1 0 0 0 0 0 0 0 1 0 0 0 0 0 0 
12.95995 5.98392 1 -1 0 0 0 0 0 0 0 1 0 0 0 0 0 0 0 0 0 
129.50046 7.03949 10 0 0 0 0 0 0 0 0 0 0 -1 -1 0 1 0 0 0 0 
144.47537 5.08763 2 0 -1 0 0 0 0 0 0 0 1 0 0 0 0 0 0 0 0 
149.62700 6.65552 9 0 0 0 0 0 0 0 0 -1 -1 0 0 1 0 0 0 0 0 
156.41051 0.00000 16 0 0 0 1 0 0 0 0 0 0 1 0 0 -1 0 0 0 0 
206.32689 3.93571 4 0 0 0 -1 0 0 0 0 0 0 0 1 0 0 0 0 0 0 
235.28479 0.00000 15 0 1 0 0 0 0 0 0 1 0 0 0 -1 0 0 0 0 0 
266.23141 7.87518 9 0 0 0 0 0 0 0 0 -1 -1 0 0 1 0 0 0 0 0 
277.56400 0.00000 15 0 1 0 0 0 0 0 0 1 0 0 0 -1 0 0 0 0 0 
282.68607 6.24252 2 0 -1 0 0 0 0 0 0 0 1 0 0 0 0 0 0 0 0 
284.95898 4.60986 2 0 -1 0 0 0 0 0 0 0 1 0 0 0 0 0 0 0 0 
288.99261 7.33096 9 0 0 0 0 0 0 0 0 -1 -1 0 0 1 0 0 0 0 0 
297.41202 0.00000 15 0 1 0 0 0 0 0 0 1 0 0 0 -1 0 0 0 0 0 
318.09238 3.87357 2 0 -1 0 0 0 0 0 0 0 1 0 0 0 0 0 0 0 0 
325.42334 8.89960 9 0 0 0 0 0 0 0 0 -1 -1 0 0 1 0 0 0 0 0 
357.46829 8.45142 10 0 0 0 0 0 0 0 0 0 0 -1 -1 0 1 0 0 0 0 
369.69724 0.00000 16 0 0 0 1 0 0 0 0 0 0 1 0 0 -1 0 0 0 0 
362.78244 8.06726 13 0 0 0 0 0 0 0 0 0 -1 0 0 -1 0 0 0 1 0 
376.54800 6.33856 4 0 0 0 -1 0 0 0 0 0 0 0 1 0 0 0 0 0 0 
382.95059 9.53986 10 0 0 0 0 0 0 0 0 0 0 -1 -1 0 1 0 0 0 0 
430.16968 9.98804 14 0 0 0 0 0 0 0 0 0 0 0 0 0 -1 0 0 -1 1 
