0.09600 3.10400 2 0 -1 0 0 0 0 0 0 0 1 0 0 0 0 0 0 0 0 
0.09600 5.85601 4 0 0 0 -1 0 0 0 0 0 0 0 1 0 0 0 0 0 0 
11.77596 3.99995 1 -1 0 0 0 0 0 0 0 1 0 0 0 0 0 0 0 0 0 
19.48786 4.92794 3 0 0 -1 0 0 0 0 0 0 0 1 0 0 0 0 0 0 0 
46.72039 1.56807 2 0 -1 0 0 0 0 0 0 0 1 0 0 0 0 0 0 0 0 
77.02426 10.14326 10 0 0 0 0 0 0 0 0 0 0 -1 -1 0 1 0 0 0 0 
129.14848 7.77544 9 0 0 0 0 0 0 0 0 -1 -1 0 0 1 0 0 0 0 0 
137.11591 0.00000 16 0 0 0 1 0 0 0 0 0 0 1 0 0 -1 0 0 0 0 
190.77602 0.00000 15 0 1 0 0 0 0 0 0 1 0 0 0 -1 0 0 0 0 0 
205.62294 9.24733 9 0 0 0 0 0 0 0 0 -1 -1 0 0 1 0 0 0 0 0 
221.39780 4.35168 4 0 0 0 -1 0 0 0 0 0 0 0 1 0 0 0 0 0 0 
225.81348 8.22340 10 0 0 0 0 0 0 0 0 0 0 -1 -1 0 1 0 0 0 0 
234.10088 13.82300 11 0 0 0 0 0 0 0 0 0 0 0 0 -1 -1 1 0 0 0 
272.98615 5.18610 2 0 -1 0 0 0 0 0 0 0 1 0 0 0 0 0 0 0 0 
292.22592 7.90720 12 0 0 0 0 0 0 0 0 0 -1 0 0 0 0 -1 1 0 0 
