0 15 3 6 3 3 0 0 0 0 0 0 0 0 0 0
0.199467 14 3 6 3 2 0 0 0 1 0 0 0 0 0 0
1.38719 13 3 6 3 1 0 0 0 2 0 0 0 0 0 0
1.86516 12 3 5 3 1 0 1 0 2 0 0 0 0 0 0
3.28761 11 2 5 3 1 1 1 0 2 0 0 0 0 0 0
4.04832 10 2 5 3 0 1 1 0 3 0 0 0 0 0 0
7.10389 9 2 5 2 0 1 1 1 3 0 0 0 0 0 0
7.7695 8 2 4 2 0 1 2 1 3 0 0 0 0 0 0
9.05447 7 2 3 2 0 1 3 1 3 0 0 0 0 0 0
12.7936 6 2 2 2 0 1 4 1 3 0 0 0 0 0 0
16.5224 7 2 2 2 0 1 4 0 2 0 1 0 0 0 0
17.3247 8 2 2 2 0 0 3 0 2 1 1 0 0 0 0
23.88 7 2 1 2 0 0 4 0 2 1 1 0 0 0 0
30.9499 6 1 1 2 0 1 4 0 2 1 1 0 0 0 0
41.6839 7 1 1 2 0 1 3 0 2 0 1 0 1 0 0
45.0083 8 1 1 2 0 0 2 0 2 1 1 0 1 0 0
45.7228 7 1 1 1 0 0 2 1 2 1 1 0 1 0 0
46.6352 6 1 0 1 0 0 3 1 2 1 1 0 1 0 0
57.7629 7 1 0 1 0 0 3 0 1 1 2 0 1 0 0
62.9983 8 1 0 1 0 0 2 0 1 0 2 0 2 0 0
64.9933 7 0 0 1 0 1 2 0 1 0 2 0 2 0 0
70.0917 6 0 0 0 0 1 2 1 1 0 2 0 2 0 0
70.1667 8 0 0 0 0 1 2 1 1 0 1 0 1 0 1
105.979 9 0 0 0 0 1 2 0 0 0 2 0 1 0 1
198.916 11 0 0 0 0 1 2 0 0 0 1 0 0 0 2
347.314 12 0 0 0 0 0 1 0 0 1 1 0 0 0 2
374.996 13 0 0 0 0 0 0 0 0 0 1 0 1 0 2
467.437 15 0 0 0 0 0 0 0 0 0 0 0 0 0 3
467.437 15 0 0 0 0 0 0 0 0 0 0 0 0 0 3
