0 15 3 6 3 3 0 0 0 0 0 0 0 0 0 0
0.651801 14 2 6 3 3 1 0 0 0 0 0 0 0 0 0
1.30923 13 2 5 3 3 1 1 0 0 0 0 0 0 0 0
1.39951 12 2 4 3 3 1 2 0 0 0 0 0 0 0 0
1.4632 11 1 4 3 3 2 2 0 0 0 0 0 0 0 0
2.21212 10 1 4 2 3 2 2 1 0 0 0 0 0 0 0
2.60436 9 1 4 2 2 2 2 1 1 0 0 0 0 0 0
7.25529 10 1 4 2 2 1 1 1 1 1 0 0 0 0 0
13.8253 9 1 3 2 2 1 2 1 1 1 0 0 0 0 0
16.3852 8 1 2 2 2 1 3 1 1 1 0 0 0 0 0
21.1417 9 1 2 2 2 0 2 1 1 2 0 0 0 0 0
23.5933 8 1 2 1 2 0 2 2 1 2 0 0 0 0 0
25.8618 7 1 2 1 1 0 2 2 2 2 0 0 0 0 0
27.6359 6 1 1 1 1 0 3 2 2 2 0 0 0 0 0
31.1875 5 1 1 0 1 0 3 3 2 2 0 0 0 0 0
36.4162 6 1 1 0 1 0 3 2 1 2 1 0 0 0 0
44.4244 5 0 1 0 1 1 3 2 1 2 1 0 0 0 0
48.9783 6 0 1 0 1 1 2 2 1 1 1 0 1 0 0
60.2653 5 0 1 0 0 1 2 2 2 1 1 0 1 0 0
78.1952 6 0 1 0 0 0 1 2 2 2 1 0 1 0 0
86.2522 7 0 1 0 0 0 0 2 2 1 1 0 2 0 0
87.594 6 0 0 0 0 0 1 2 2 1 1 0 2 0 0
98.6341 7 0 0 0 0 0 1 1 1 1 2 0 2 0 0
121.881 9 0 0 0 0 0 1 1 1 1 1 0 1 0 1
153.622 11 0 0 0 0 0 1 1 1 1 0 0 0 0 2
163.302 12 0 0 0 0 0 0 1 1 0 0 0 1 0 2
243.347 13 0 0 0 0 0 0 0 0 0 1 0 1 0 2
550.417 15 0 0 0 0 0 0 0 0 0 0 0 0 0 3
550.417 15 0 0 0 0 0 0 0 0 0 0 0 0 0 3
