0 15 3 6 3 3 0 0 0 0 0 0 0 0 0 0
0.0479867 14 2 6 3 3 1 0 0 0 0 0 0 0 0 0
2.01043 13 1 6 3 3 2 0 0 0 0 0 0 0 0 0
5.79061 12 1 5 3 3 2 1 0 0 0 0 0 0 0 0
6.14757 11 1 5 2 3 2 1 1 0 0 0 0 0 0 0
10.0577 10 1 5 2 2 2 1 1 1 0 0 0 0 0 0
12.3898 9 1 4 2 2 2 2 1 1 0 0 0 0 0 0
12.6652 8 1 3 2 2 2 3 1 1 0 0 0 0 0 0
14.172 7 1 3 1 2 2 3 2 1 0 0 0 0 0 0
32.0952 6 1 2 1 2 2 4 2 1 0 0 0 0 0 0
41.7338 7 1 2 1 2 1 3 2 1 1 0 0 0 0 0
55.3361 6 1 2 1 1 1 3 2 2 1 0 0 0 0 0
56.0697 7 1 2 1 1 1 3 1 1 1 1 0 0 0 0
58.8842 6 1 1 1 1 1 4 1 1 1 1 0 0 0 0
66.2052 5 1 0 1 1 1 5 1 1 1 1 0 0 0 0
74.1416 6 1 0 1 1 0 4 1 1 2 1 0 0 0 0
80.3318 5 1 0 0 1 0 4 2 1 2 1 0 0 0 0
84.8599 6 1 0 0 1 0 4 2 1 1 0 1 0 0 0
94.5761 8 1 0 0 1 0 3 2 1 1 0 0 0 1 0
95.4004 7 0 0 0 1 1 3 2 1 1 0 0 0 1 0
111.789 6 0 0 0 0 1 3 2 2 1 0 0 0 1 0
113.266 7 0 0 0 0 1 3 1 1 1 1 0 0 1 0
154.68 8 0 0 0 0 1 2 1 1 0 1 0 1 1 0
161.053 10 0 0 0 0 1 2 1 1 0 0 0 0 1 1
228.715 11 0 0 0 0 1 2 0 0 0 1 0 0 1 1
373.816 12 0 0 0 0 0 1 0 0 1 1 0 0 1 1
397.511 13 0 0 0 0 0 1 0 0 0 0 1 0 1 1
409.337 15 0 0 0 0 0 0 0 0 0 0 0 0 2 1
409.337 15 0 0 0 0 0 0 0 0 0 0 0 0 2 1
