0 15 3 6 3 3 0 0 0 0 0 0 0 0 0 0
1.40938 14 3 6 3 2 0 0 0 1 0 0 0 0 0 0
3.40508 13 3 5 3 2 0 1 0 1 0 0 0 0 0 0
6.37006 12 3 4 3 2 0 2 0 1 0 0 0 0 0 0
6.68382 11 3 4 3 1 0 2 0 2 0 0 0 0 0 0
10.6876 10 3 4 3 0 0 2 0 3 0 0 0 0 0 0
11.0267 9 3 4 2 0 0 2 1 3 0 0 0 0 0 0
11.0332 10 3 4 2 0 0 2 0 2 0 1 0 0 0 0
11.4376 9 3 3 2 0 0 3 0 2 0 1 0 0 0 0
12.1943 8 2 3 2 0 1 3 0 2 0 1 0 0 0 0
16.1954 7 1 3 2 0 2 3 0 2 0 1 0 0 0 0
18.6522 8 1 3 2 0 1 2 0 2 1 1 0 0 0 0
18.7393 7 1 3 1 0 1 2 1 2 1 1 0 0 0 0
21.0705 6 1 2 1 0 1 3 1 2 1 1 0 0 0 0
23.4947 5 0 2 1 0 2 3 1 2 1 1 0 0 0 0
24.077 6 0 2 1 0 2 2 1 2 0 1 0 1 0 0
26.2579 5 0 1 1 0 2 3 1 2 0 1 0 1 0 0
26.5008 7 0 1 1 0 2 3 1 2 0 0 0 0 0 1
28.6393 6 0 0 1 0 2 4 1 2 0 0 0 0 0 1
38.2998 7 0 0 1 0 1 3 1 2 1 0 0 0 0 1
70.6807 8 0 0 1 0 0 2 1 2 2 0 0 0 0 1
80.1698 9 0 0 1 0 0 1 1 2 1 0 0 1 0 1
93.6446 8 0 0 0 0 0 1 2 2 1 0 0 1 0 1
97.2198 9 0 0 0 0 0 1 1 1 1 1 0 1 0 1
100.771 10 0 0 0 0 0 0 1 1 0 1 0 2 0 1
120.281 11 0 0 0 0 0 0 0 0 0 2 0 2 0 1
123.328 13 0 0 0 0 0 0 0 0 0 1 0 1 0 2
367.101 15 0 0 0 0 0 0 0 0 0 0 0 0 0 3
367.101 15 0 0 0 0 0 0 0 0 0 0 0 0 0 3
