0 15 3 6 3 3 0 0 0 0 0 0 0 0 0 0
1.05907 14 3 6 3 2 0 0 0 1 0 0 0 0 0 0
1.06737 13 2 6 3 2 1 0 0 1 0 0 0 0 0 0
1.06969 12 2 5 3 2 1 1 0 1 0 0 0 0 0 0
4.30675 11 2 4 3 2 1 2 0 1 0 0 0 0 0 0
4.86782 10 2 4 2 2 1 2 1 1 0 0 0 0 0 0
6.23016 9 2 4 1 2 1 2 2 1 0 0 0 0 0 0
7.20608 8 2 4 0 2 1 2 3 1 0 0 0 0 0 0
11.2007 7 1 4 0 2 2 2 3 1 0 0 0 0 0 0
19.7814 6 1 4 0 1 2 2 3 2 0 0 0 0 0 0
22.391 7 1 4 0 1 1 1 3 2 1 0 0 0 0 0
32.3739 6 1 3 0 1 1 2 3 2 1 0 0 0 0 0
41.5253 7 1 3 0 1 0 1 3 2 2 0 0 0 0 0
43.4494 6 1 2 0 1 0 2 3 2 2 0 0 0 0 0
49.5521 5 0 2 0 1 1 2 3 2 2 0 0 0 0 0
58.3956 4 0 1 0 1 1 3 3 2 2 0 0 0 0 0
59.4266 5 0 1 0 1 1 3 2 1 2 1 0 0 0 0
79.5555 6 0 1 0 1 1 2 2 1 1 1 0 1 0 0
81.7237 5 0 0 0 1 1 3 2 1 1 1 0 1 0 0
110.354 7 0 0 0 1 1 3 2 1 1 0 0 0 0 1
121.74 8 0 0 0 1 1 2 2 1 0 0 0 1 0 1
132.591 9 0 0 0 1 1 2 1 0 0 1 0 1 0 1
146.084 8 0 0 0 0 1 2 1 1 0 1 0 1 0 1
166.593 9 0 0 0 0 1 2 0 0 0 2 0 1 0 1
216.992 11 0 0 0 0 1 2 0 0 0 1 0 0 0 2
283.957 12 0 0 0 0 0 1 0 0 1 1 0 0 0 2
349.912 13 0 0 0 0 0 0 0 0 0 1 0 1 0 2
528.627 15 0 0 0 0 0 0 0 0 0 0 0 0 0 3
528.627 15 0 0 0 0 0 0 0 0 0 0 0 0 0 3
