0 15 3 6 3 3 0 0 0 0 0 0 0 0 0 0
4.05476 14 3 6 3 2 0 0 0 1 0 0 0 0 0 0
6.65065 13 3 6 3 1 0 0 0 2 0 0 0 0 0 0
6.86973 12 3 5 3 1 0 1 0 2 0 0 0 0 0 0
7.88687 11 3 4 3 1 0 2 0 2 0 0 0 0 0 0
7.97701 10 3 4 2 1 0 2 1 2 0 0 0 0 0 0
8.18022 9 3 3 2 1 0 3 1 2 0 0 0 0 0 0
8.75049 8 3 3 2 0 0 3 1 3 0 0 0 0 0 0
12.6847 7 2 3 2 0 1 3 1 3 0 0 0 0 0 0
20.769 6 1 3 2 0 2 3 1 3 0 0 0 0 0 0
31.4949 7 1 3 2 0 1 2 1 3 1 0 0 0 0 0
37.1589 6 1 3 1 0 1 2 2 3 1 0 0 0 0 0
51.5791 5 1 3 0 0 1 2 3 3 1 0 0 0 0 0
53.8981 4 1 2 0 0 1 3 3 3 1 0 0 0 0 0
59.2552 5 1 2 0 0 1 3 2 2 1 1 0 0 0 0
63.6188 6 1 2 0 0 0 2 2 2 2 1 0 0 0 0
68.401 7 1 2 0 0 0 2 1 1 2 2 0 0 0 0
73.6745 6 1 1 0 0 0 3 1 1 2 2 0 0 0 0
79.4887 5 1 0 0 0 0 4 1 1 2 2 0 0 0 0
91.8607 4 0 0 0 0 1 4 1 1 2 2 0 0 0 0
93.6931 5 0 0 0 0 1 4 0 0 2 3 0 0 0 0
94.7258 6 0 0 0 0 1 3 0 0 1 3 0 1 0 0
97.8638 7 0 0 0 0 1 2 0 0 0 3 0 2 0 0
105.178 8 0 0 0 0 0 1 0 0 1 3 0 2 0 0
105.948 10 0 0 0 0 0 1 0 0 1 2 0 1 0 1
141.705 11 0 0 0 0 0 1 0 0 0 1 1 1 0 1
170.04 13 0 0 0 0 0 1 0 0 0 0 1 0 0 2
209.905 15 0 0 0 0 0 0 0 0 0 0 0 0 1 2
209.905 15 0 0 0 0 0 0 0 0 0 0 0 0 1 2
