0 15 3 6 3 3 0 0 0 0 0 0 0 0 0 0
0.242169 14 3 6 3 2 0 0 0 1 0 0 0 0 0 0
0.384139 13 3 6 2 2 0 0 1 1 0 0 0 0 0 0
0.479392 12 3 5 2 2 0 1 1 1 0 0 0 0 0 0
0.887653 11 3 5 1 2 0 1 2 1 0 0 0 0 0 0
2.13992 10 2 5 1 2 1 1 2 1 0 0 0 0 0 0
3.64518 9 2 4 1 2 1 2 2 1 0 0 0 0 0 0
3.77818 8 1 4 1 2 2 2 2 1 0 0 0 0 0 0
6.37041 7 1 3 1 2 2 3 2 1 0 0 0 0 0 0
8.81089 6 1 2 1 2 2 4 2 1 0 0 0 0 0 0
9.35957 5 1 1 1 2 2 5 2 1 0 0 0 0 0 0
11.7529 4 0 1 1 2 3 5 2 1 0 0 0 0 0 0
13.4306 3 0 1 1 1 3 5 2 2 0 0 0 0 0 0
15.3239 4 0 1 1 1 2 4 2 2 1 0 0 0 0 0
27.4474 3 0 0 1 1 2 5 2 2 1 0 0 0 0 0
52.8506 4 0 0 1 1 2 5 1 1 1 1 0 0 0 0
58.1253 5 0 0 1 1 2 4 1 1 0 1 0 1 0 0
64.0745 4 0 0 1 0 2 4 1 2 0 1 0 1 0 0
69.9909 5 0 0 1 0 1 3 1 2 1 1 0 1 0 0
70.7424 6 0 0 1 0 0 2 1 2 2 1 0 1 0 0
96.3636 7 0 0 1 0 0 2 0 1 2 2 0 1 0 0
103.627 8 0 0 1 0 0 1 0 1 1 2 0 2 0 0
106.028 9 0 0 1 0 0 1 0 1 0 1 1 2 0 0
113.357 8 0 0 0 0 0 1 1 1 0 1 1 2 0 0
132.251 9 0 0 0 0 0 1 0 0 0 2 1 2 0 0
143.665 11 0 0 0 0 0 1 0 0 0 1 1 1 0 1
229.193 13 0 0 0 0 0 0 0 0 0 1 0 1 1 1
317.516 15 0 0 0 0 0 0 0 0 0 0 0 0 1 2
317.516 15 0 0 0 0 0 0 0 0 0 0 0 0 1 2
