0 15 3 6 3 3 0 0 0 0 0 0 0 0 0 0
0.980232 14 3 5 3 3 0 1 0 0 0 0 0 0 0 0
1.98736 13 2 5 3 3 1 1 0 0 0 0 0 0 0 0
2.16205 12 2 4 3 3 1 2 0 0 0 0 0 0 0 0
2.47914 11 2 3 3 3 1 3 0 0 0 0 0 0 0 0
4.46594 10 1 3 3 3 2 3 0 0 0 0 0 0 0 0
7.45887 9 1 3 2 3 2 3 1 0 0 0 0 0 0 0
10.3473 10 1 3 2 3 1 2 1 0 1 0 0 0 0 0
11.2761 11 1 3 2 3 1 1 1 0 0 0 0 1 0 0
11.8465 10 1 2 2 3 1 2 1 0 0 0 0 1 0 0
13.2069 9 1 2 1 3 1 2 2 0 0 0 0 1 0 0
14.0674 8 1 2 1 2 1 2 2 1 0 0 0 1 0 0
15.0829 7 1 1 1 2 1 3 2 1 0 0 0 1 0 0
16.873 8 1 1 1 2 0 2 2 1 1 0 0 1 0 0
17.6084 7 0 1 1 2 1 2 2 1 1 0 0 1 0 0
19.179 6 0 1 1 1 1 2 2 2 1 0 0 1 0 0
51.9562 5 0 0 1 1 1 3 2 2 1 0 0 1 0 0
53.1108 6 0 0 1 1 0 2 2 2 2 0 0 1 0 0
67.2735 7 0 0 1 1 0 2 1 1 2 1 0 1 0 0
71.9038 6 0 0 0 1 0 2 2 1 2 1 0 1 0 0
95.9053 8 0 0 0 1 0 2 2 1 2 0 0 0 0 1
116.85 7 0 0 0 0 0 2 2 2 2 0 0 0 0 1
134.058 8 0 0 0 0 0 1 2 2 1 0 0 1 0 1
167.54 9 0 0 0 0 0 1 1 1 1 1 0 1 0 1
192.878 10 0 0 0 0 0 1 0 0 1 2 0 1 0 1
240.407 11 0 0 0 0 0 1 0 0 0 1 1 1 0 1
273.574 13 0 0 0 0 0 0 0 0 0 1 0 1 1 1
288.029 15 0 0 0 0 0 0 0 0 0 0 0 0 1 2
288.029 15 0 0 0 0 0 0 0 0 0 0 0 0 1 2
