0 15 3 6 3 3 0 0 0 0 0 0 0 0 0 0
0.610579 14 3 5 3 3 0 1 0 0 0 0 0 0 0 0
2.15565 13 3 5 2 3 0 1 1 0 0 0 0 0 0 0
2.59526 12 3 4 2 3 0 2 1 0 0 0 0 0 0 0
2.78751 11 2 4 2 3 1 2 1 0 0 0 0 0 0 0
2.98353 10 2 4 1 3 1 2 2 0 0 0 0 0 0 0
7.7875 9 2 4 0 3 1 2 3 0 0 0 0 0 0 0
10.4494 8 2 3 0 3 1 3 3 0 0 0 0 0 0 0
12.645 7 2 2 0 3 1 4 3 0 0 0 0 0 0 0
23.1811 6 2 2 0 2 1 4 3 1 0 0 0 0 0 0
25.1606 5 2 2 0 1 1 4 3 2 0 0 0 0 0 0
25.2308 4 2 1 0 1 1 5 3 2 0 0 0 0 0 0
27.6553 3 2 0 0 1 1 6 3 2 0 0 0 0 0 0
35.2164 4 2 0 0 1 0 5 3 2 1 0 0 0 0 0
115.331 5 2 0 0 1 0 4 3 2 0 0 0 1 0 0
115.52 4 1 0 0 1 1 4 3 2 0 0 0 1 0 0
117.927 5 1 0 0 1 0 3 3 2 1 0 0 1 0 0
127.228 4 0 0 0 1 1 3 3 2 1 0 0 1 0 0
145.159 3 0 0 0 0 1 3 3 3 1 0 0 1 0 0
150.009 4 0 0 0 0 0 2 3 3 2 0 0 1 0 0
166.553 5 0 0 0 0 0 2 2 2 2 1 0 1 0 0
172.842 6 0 0 0 0 0 2 1 1 2 2 0 1 0 0
199.737 7 0 0 0 0 0 2 0 0 2 3 0 1 0 0
201.241 8 0 0 0 0 0 1 0 0 1 3 0 2 0 0
215.578 10 0 0 0 0 0 1 0 0 1 2 0 1 0 1
238.04 11 0 0 0 0 0 1 0 0 0 1 1 1 0 1
261.205 13 0 0 0 0 0 1 0 0 0 0 1 0 0 2
429.192 15 0 0 0 0 0 0 0 0 0 0 0 0 1 2
429.192 15 0 0 0 0 0 0 0 0 0 0 0 0 1 2
