0 15 3 6 3 3 0 0 0 0 0 0 0 0 0 0
0.209367 14 3 5 3 3 0 1 0 0 0 0 0 0 0 0
0.862818 13 3 5 2 3 0 1 1 0 0 0 0 0 0 0
1.69871 12 3 5 1 3 0 1 2 0 0 0 0 0 0 0
5.12284 11 3 4 1 3 0 2 2 0 0 0 0 0 0 0
9.54403 10 3 3 1 3 0 3 2 0 0 0 0 0 0 0
11.9864 9 2 3 1 3 1 3 2 0 0 0 0 0 0 0
12.8944 8 2 3 1 2 1 3 2 1 0 0 0 0 0 0
16.1264 7 1 3 1 2 2 3 2 1 0 0 0 0 0 0
19.6233 6 1 2 1 2 2 4 2 1 0 0 0 0 0 0
19.7388 5 1 2 1 1 2 4 2 2 0 0 0 0 0 0
26.7573 4 1 2 0 1 2 4 3 2 0 0 0 0 0 0
27.9769 5 1 2 0 1 2 4 2 1 0 1 0 0 0 0
39.7987 4 1 2 0 0 2 4 2 2 0 1 0 0 0 0
40.6493 5 1 2 0 0 1 3 2 2 1 1 0 0 0 0
43.9511 6 1 2 0 0 1 2 2 2 0 1 0 1 0 0
47.6664 5 1 1 0 0 1 3 2 2 0 1 0 1 0 0
59.3527 4 0 1 0 0 2 3 2 2 0 1 0 1 0 0
77.191 5 0 1 0 0 2 3 1 1 0 2 0 1 0 0
78.7003 6 0 1 0 0 1 2 1 1 1 2 0 1 0 0
98.3937 8 0 1 0 0 1 2 1 1 1 1 0 0 0 1
102.306 9 0 1 0 0 0 1 1 1 2 1 0 0 0 1
123.224 8 0 0 0 0 0 2 1 1 2 1 0 0 0 1
163.909 9 0 0 0 0 0 1 1 1 1 1 0 1 0 1
180.188 10 0 0 0 0 0 0 1 1 0 1 0 2 0 1
187.608 12 0 0 0 0 0 0 1 1 0 0 0 1 0 2
539.06 13 0 0 0 0 0 0 0 0 0 1 0 1 0 2
1058.18 15 0 0 0 0 0 0 0 0 0 0 0 0 0 3
1058.18 15 0 0 0 0 0 0 0 0 0 0 0 0 0 3
