0 15 3 6 3 3 0 0 0 0 0 0 0 0 0 0
1.42559 14 3 5 3 3 0 1 0 0 0 0 0 0 0 0
4.33425 13 3 5 3 2 0 1 0 1 0 0 0 0 0 0
5.57827 12 3 5 2 2 0 1 1 1 0 0 0 0 0 0
8.26951 11 3 4 2 2 0 2 1 1 0 0 0 0 0 0
8.27381 10 3 4 2 1 0 2 1 2 0 0 0 0 0 0
9.54591 9 2 4 2 1 1 2 1 2 0 0 0 0 0 0
13.3663 8 2 3 2 1 1 3 1 2 0 0 0 0 0 0
13.5407 7 2 2 2 1 1 4 1 2 0 0 0 0 0 0
16.2803 6 1 2 2 1 2 4 1 2 0 0 0 0 0 0
30.8739 5 1 2 2 0 2 4 1 3 0 0 0 0 0 0
46.4007 6 1 2 2 0 1 3 1 3 1 0 0 0 0 0
59.3447 5 0 2 2 0 2 3 1 3 1 0 0 0 0 0
65.264 4 0 2 1 0 2 3 2 3 1 0 0 0 0 0
65.3203 3 0 1 1 0 2 4 2 3 1 0 0 0 0 0
68.0356 4 0 1 1 0 2 3 2 3 0 0 0 1 0 0
70.6778 5 0 1 1 0 2 3 1 2 0 1 0 1 0 0
79.9267 6 0 1 1 0 2 3 0 1 0 2 0 1 0 0
81.2036 7 0 1 1 0 1 2 0 1 1 2 0 1 0 0
87.3263 6 0 0 1 0 1 3 0 1 1 2 0 1 0 0
106.812 7 0 0 1 0 0 2 0 1 2 2 0 1 0 0
106.992 8 0 0 1 0 0 1 0 1 1 2 0 2 0 0
112.797 7 0 0 0 0 0 1 1 1 1 2 0 2 0 0
147.956 9 0 0 0 0 0 1 1 1 1 1 0 1 0 1
160.453 10 0 0 0 0 0 0 1 1 0 1 0 2 0 1
185.617 12 0 0 0 0 0 0 1 1 0 0 0 1 0 2
361.432 13 0 0 0 0 0 0 0 0 0 1 0 1 0 2
469.773 15 0 0 0 0 0 0 0 0 0 0 0 0 0 3
469.773 15 0 0 0 0 0 0 0 0 0 0 0 0 0 3
