0 15 3 6 3 3 0 0 0 0 0 0 0 0 0 0
0.279755 14 3 5 3 3 0 1 0 0 0 0 0 0 0 0
3.14379 13 3 5 3 2 0 1 0 1 0 0 0 0 0 0
3.62918 12 3 5 2 2 0 1 1 1 0 0 0 0 0 0
4.13989 11 3 4 2 2 0 2 1 1 0 0 0 0 0 0
5.3653 10 3 4 1 2 0 2 2 1 0 0 0 0 0 0
7.2777 9 2 4 1 2 1 2 2 1 0 0 0 0 0 0
7.87922 8 1 4 1 2 2 2 2 1 0 0 0 0 0 0
8.31758 7 1 4 0 2 2 2 3 1 0 0 0 0 0 0
8.76756 6 0 4 0 2 3 2 3 1 0 0 0 0 0 0
9.49238 7 0 4 0 2 2 1 3 1 1 0 0 0 0 0
12.0709 6 0 4 0 1 2 1 3 2 1 0 0 0 0 0
15.2666 5 0 3 0 1 2 2 3 2 1 0 0 0 0 0
18.1887 4 0 2 0 1 2 3 3 2 1 0 0 0 0 0
20.6914 3 0 1 0 1 2 4 3 2 1 0 0 0 0 0
23.1983 2 0 0 0 1 2 5 3 2 1 0 0 0 0 0
25.3914 3 0 0 0 1 1 4 3 2 2 0 0 0 0 0
30.1516 4 0 0 0 1 1 3 3 2 1 0 0 1 0 0
42.9632 5 0 0 0 1 0 2 3 2 2 0 0 1 0 0
48.3784 4 0 0 0 0 0 2 3 3 2 0 0 1 0 0
54.5984 5 0 0 0 0 0 2 2 2 2 1 0 1 0 0
60.5776 6 0 0 0 0 0 2 1 1 2 2 0 1 0 0
78.847 7 0 0 0 0 0 1 1 1 1 2 0 2 0 0
116.038 8 0 0 0 0 0 1 1 1 0 1 1 2 0 0
198.86 9 0 0 0 0 0 1 0 0 0 2 1 2 0 0
250.36 11 0 0 0 0 0 1 0 0 0 1 1 1 0 1
261.655 13 0 0 0 0 0 1 0 0 0 0 1 0 0 2
335.066 15 0 0 0 0 0 0 0 0 0 0 0 0 1 2
335.066 15 0 0 0 0 0 0 0 0 0 0 0 0 1 2
