0 15 3 6 3 3 0 0 0 0 0 0 0 0 0 0
1.35392 14 3 6 3 2 0 0 0 1 0 0 0 0 0 0
3.38519 13 2 6 3 2 1 0 0 1 0 0 0 0 0 0
3.52755 12 2 5 3 2 1 1 0 1 0 0 0 0 0 0
5.99593 11 2 4 3 2 1 2 0 1 0 0 0 0 0 0
7.65636 10 2 4 3 1 1 2 0 2 0 0 0 0 0 0
9.90702 9 2 4 2 1 1 2 1 2 0 0 0 0 0 0
12.1991 8 2 3 2 1 1 3 1 2 0 0 0 0 0 0
25.3464 7 1 3 2 1 2 3 1 2 0 0 0 0 0 0
27.6753 6 1 3 2 0 2 3 1 3 0 0 0 0 0 0
28.8476 5 1 2 2 0 2 4 1 3 0 0 0 0 0 0
30.4575 6 1 2 2 0 2 4 0 2 0 1 0 0 0 0
31.6825 7 1 2 2 0 1 3 0 2 1 1 0 0 0 0
32.6187 6 1 2 1 0 1 3 1 2 1 1 0 0 0 0
47.7462 7 1 2 1 0 1 3 1 2 0 0 1 0 0 0
53.9113 6 1 1 1 0 1 4 1 2 0 0 1 0 0 0
63.0073 7 1 1 1 0 0 3 1 2 1 0 1 0 0 0
75.5368 6 1 1 0 0 0 3 2 2 1 0 1 0 0 0
77.866 5 0 1 0 0 1 3 2 2 1 0 1 0 0 0
81.1017 6 0 1 0 0 1 2 2 2 0 0 1 1 0 0
92.3542 5 0 0 0 0 1 3 2 2 0 0 1 1 0 0
95.5679 7 0 0 0 0 1 2 2 2 0 0 0 1 1 0
104.505 8 0 0 0 0 0 1 2 2 1 0 0 1 1 0
195.253 9 0 0 0 0 0 1 1 1 1 1 0 1 1 0
229.294 10 0 0 0 0 0 0 1 1 0 1 0 2 1 0
268.345 11 0 0 0 0 0 0 0 0 0 2 0 2 1 0
269.389 13 0 0 0 0 0 0 0 0 0 1 0 1 1 1
570.458 15 0 0 0 0 0 0 0 0 0 0 0 0 1 2
570.458 15 0 0 0 0 0 0 0 0 0 0 0 0 1 2
