0 15 3 6 3 3 0 0 0 0 0 0 0 0 0 0
0.263987 14 3 6 2 3 0 0 1 0 0 0 0 0 0 0
0.511699 13 3 6 1 3 0 0 2 0 0 0 0 0 0 0
1.07407 12 3 6 1 2 0 0 2 1 0 0 0 0 0 0
1.20653 11 3 5 1 2 0 1 2 1 0 0 0 0 0 0
3.32026 10 3 4 1 2 0 2 2 1 0 0 0 0 0 0
4.85221 9 3 3 1 2 0 3 2 1 0 0 0 0 0 0
7.07457 8 2 3 1 2 1 3 2 1 0 0 0 0 0 0
8.7521 7 2 3 1 1 1 3 2 2 0 0 0 0 0 0
10.2678 6 2 2 1 1 1 4 2 2 0 0 0 0 0 0
21.4356 7 2 2 1 1 0 3 2 2 1 0 0 0 0 0
26.8403 8 2 2 1 1 0 2 2 2 0 0 0 1 0 0
29.3775 7 2 2 0 1 0 2 3 2 0 0 0 1 0 0
29.5825 6 1 2 0 1 1 2 3 2 0 0 0 1 0 0
31.1059 7 1 2 0 1 0 1 3 2 1 0 0 1 0 0
34.612 6 0 2 0 1 1 1 3 2 1 0 0 1 0 0
49.1152 5 0 1 0 1 1 2 3 2 1 0 0 1 0 0
50.2486 6 0 1 0 1 1 1 3 2 0 0 0 2 0 0
73.9261 7 0 1 0 1 0 0 3 2 1 0 0 2 0 0
76.7944 6 0 0 0 1 0 1 3 2 1 0 0 2 0 0
76.8755 5 0 0 0 0 0 1 3 3 1 0 0 2 0 0
94.2012 6 0 0 0 0 0 1 2 2 1 1 0 2 0 0
105.109 8 0 0 0 0 0 1 2 2 1 0 0 1 0 1
119.839 9 0 0 0 0 0 1 1 1 1 1 0 1 0 1
149.322 10 0 0 0 0 0 1 1 1 0 0 1 1 0 1
215.602 12 0 0 0 0 0 0 1 1 0 0 0 1 1 1
501.104 13 0 0 0 0 0 0 0 0 0 1 0 1 1 1
584.415 15 0 0 0 0 0 0 0 0 0 0 0 0 1 2
584.415 15 0 0 0 0 0 0 0 0 0 0 0 0 1 2
