0 15 3 6 3 3 0 0 0 0 0 0 0 0 0 0
2.2267 14 3 6 3 2 0 0 0 1 0 0 0 0 0 0
3.61081 13 3 6 2 2 0 0 1 1 0 0 0 0 0 0
3.68074 12 2 6 2 2 1 0 1 1 0 0 0 0 0 0
4.0702 11 2 6 1 2 1 0 2 1 0 0 0 0 0 0
5.76498 10 2 6 0 2 1 0 3 1 0 0 0 0 0 0
6.68678 9 1 6 0 2 2 0 3 1 0 0 0 0 0 0
7.14374 8 0 6 0 2 3 0 3 1 0 0 0 0 0 0
7.92572 7 0 6 0 1 3 0 3 2 0 0 0 0 0 0
9.87231 6 0 5 0 1 3 1 3 2 0 0 0 0 0 0
10.5758 5 0 4 0 1 3 2 3 2 0 0 0 0 0 0
11.6306 6 0 4 0 1 2 1 3 2 1 0 0 0 0 0
16.7195 7 0 4 0 1 1 0 3 2 2 0 0 0 0 0
21.0301 6 0 3 0 1 1 1 3 2 2 0 0 0 0 0
54.1522 5 0 2 0 1 1 2 3 2 2 0 0 0 0 0
62.1371 4 0 1 0 1 1 3 3 2 2 0 0 0 0 0
72.7789 5 0 1 0 1 1 3 2 1 2 1 0 0 0 0
99.1649 6 0 1 0 1 1 3 1 0 2 2 0 0 0 0
110.585 7 0 1 0 1 1 2 1 0 1 2 0 1 0 0
112.673 6 0 0 0 1 1 3 1 0 1 2 0 1 0 0
116.735 5 0 0 0 0 1 3 1 1 1 2 0 1 0 0
120.668 6 0 0 0 0 1 3 0 0 1 3 0 1 0 0
134.068 7 0 0 0 0 1 2 0 0 0 3 0 2 0 0
150.041 8 0 0 0 0 0 1 0 0 1 3 0 2 0 0
160.204 9 0 0 0 0 0 1 0 0 0 2 1 2 0 0
182.798 11 0 0 0 0 0 1 0 0 0 1 1 1 0 1
348.244 13 0 0 0 0 0 0 0 0 0 1 0 1 1 1
639.413 15 0 0 0 0 0 0 0 0 0 0 0 0 1 2
639.413 15 0 0 0 0 0 0 0 0 0 0 0 0 1 2
