3.712 3.680 4 0 0 0 -1 0 0 0 1 0 0 0 0 
4.448 4.416 4 0 0 0 -1 0 0 0 1 0 0 0 0 
6.688 6.656 2 0 -1 0 0 0 1 0 0 0 0 0 0 
6.752 6.720 2 0 -1 0 0 0 1 0 0 0 0 0 0 
9.792 9.760 2 0 -1 0 0 0 1 0 0 0 0 0 0 
10.880 10.848 2 0 -1 0 0 0 1 0 0 0 0 0 0 
11.072 11.040 2 0 -1 0 0 0 1 0 0 0 0 0 0 
16.832 16.800 1 -1 0 0 0 1 0 0 0 0 0 0 0 
17.344 17.312 1 -1 0 0 0 1 0 0 0 0 0 0 0 
18.976 18.944 3 0 0 -1 0 0 0 1 0 0 0 0 0 
22.848 22.816 3 0 0 -1 0 0 0 1 0 0 0 0 0 
24.064 24.032 2 0 -1 0 0 0 1 0 0 0 0 0 0 
29.024 28.992 5 0 0 0 0 -1 -1 0 0 1 0 0 0 
41.984 41.952 6 0 0 0 0 0 0 -1 -1 0 1 0 0 
43.680 43.648 3 0 0 -1 0 0 0 1 0 0 0 0 0 
46.752 46.720 5 0 0 0 0 -1 -1 0 0 1 0 0 0 
55.425 55.393 7 0 0 0 0 0 0 0 0 -1 -1 1 0 
57.153 57.121 1 -1 0 0 0 1 0 0 0 0 0 0 0 
58.753 58.721 4 0 0 0 -1 0 0 0 1 0 0 0 0 
80.704 80.672 6 0 0 0 0 0 0 -1 -1 0 1 0 0 
93.695 93.663 5 0 0 0 0 -1 -1 0 0 1 0 0 0 
243.956 243.924 8 0 0 0 0 0 -1 0 0 0 0 -1 1 
