3.712 3.680 4 0 0 0 -1 0 0 0 1 0 0 0 0 
4.832 4.800 4 0 0 0 -1 0 0 0 1 0 0 0 0 
6.528 6.496 4 0 0 0 -1 0 0 0 1 0 0 0 0 
7.072 7.040 2 0 -1 0 0 0 1 0 0 0 0 0 0 
8.224 8.192 2 0 -1 0 0 0 1 0 0 0 0 0 0 
8.928 8.896 2 0 -1 0 0 0 1 0 0 0 0 0 0 
11.840 11.808 2 0 -1 0 0 0 1 0 0 0 0 0 0 
16.192 16.160 1 -1 0 0 0 1 0 0 0 0 0 0 0 
20.128 20.096 3 0 0 -1 0 0 0 1 0 0 0 0 0 
26.016 25.984 5 0 0 0 0 -1 -1 0 0 1 0 0 0 
32.992 32.960 3 0 0 -1 0 0 0 1 0 0 0 0 0 
42.112 42.080 2 0 -1 0 0 0 1 0 0 0 0 0 0 
44.544 44.512 1 -1 0 0 0 1 0 0 0 0 0 0 0 
61.505 61.473 2 0 -1 0 0 0 1 0 0 0 0 0 0 
94.815 94.783 6 0 0 0 0 0 0 -1 -1 0 1 0 0 
99.007 98.975 5 0 0 0 0 -1 -1 0 0 1 0 0 0 
109.438 109.406 7 0 0 0 0 0 0 0 0 -1 -1 1 0 
122.525 122.493 3 0 0 -1 0 0 0 1 0 0 0 0 0 
165.626 165.594 1 -1 0 0 0 1 0 0 0 0 0 0 0 
173.273 173.241 5 0 0 0 0 -1 -1 0 0 1 0 0 0 
193.464 193.432 6 0 0 0 0 0 0 -1 -1 0 1 0 0 
229.109 229.077 7 0 0 0 0 0 0 0 0 -1 -1 1 0 
