0.09600 4.00000 4 0 0 0 -1 0 0 0 1 0 0 0 0 0 0 
0.09600 4.19200 1 -1 0 0 0 1 0 0 0 0 0 0 0 0 0 
0.09600 5.12000 1 -1 0 0 0 1 0 0 0 0 0 0 0 0 0 
3.68000 4.86400 4 0 0 0 -1 0 0 0 1 0 0 0 0 0 0 
9.82399 4.51194 2 0 -1 0 0 0 1 0 0 0 0 0 0 0 0 
10.91197 5.02394 2 0 -1 0 0 0 1 0 0 0 0 0 0 0 0 
14.52793 4.67194 2 0 -1 0 0 0 1 0 0 0 0 0 0 0 0 
14.52793 5.18393 2 0 -1 0 0 0 1 0 0 0 0 0 0 0 0 
15.99990 4.12795 5 0 0 0 0 -1 -1 0 0 1 0 0 0 0 0 
26.75177 7.10402 9 0 0 0 0 0 -1 0 0 -1 0 0 0 1 0 
31.51971 3.84015 1 -1 0 0 0 1 0 0 0 0 0 0 0 0 0 
30.36773 5.37615 3 0 0 -1 0 0 0 1 0 0 0 0 0 0 0 
33.56778 5.21624 3 0 0 -1 0 0 0 1 0 0 0 0 0 0 0 
55.29679 8.38439 6 0 0 0 0 0 0 -1 -1 0 1 0 0 0 0 
62.08111 4.06393 4 0 0 0 -1 0 0 0 1 0 0 0 0 0 0 
57.92091 10.17599 5 0 0 0 0 -1 -1 0 0 1 0 0 0 0 0 
82.14388 4.57567 2 0 -1 0 0 0 1 0 0 0 0 0 0 0 0 
91.90318 8.86336 6 0 0 0 0 0 0 -1 -1 0 1 0 0 0 0 
96.92681 6.07956 3 0 0 -1 0 0 0 1 0 0 0 0 0 0 0 
99.67861 9.63130 10 0 0 0 0 0 0 0 0 0 -1 0 0 -1 1 
159.09831 6.46353 6 0 0 0 0 0 0 -1 -1 0 1 0 0 0 0 
171.28943 9.18333 9 0 0 0 0 0 -1 0 0 -1 0 0 0 1 0 
236.98067 5.31161 2 0 -1 0 0 0 1 0 0 0 0 0 0 0 0 
412.65860 7.04285 10 0 0 0 0 0 0 0 0 0 -1 0 0 -1 1 
541.00281 10.65015 5 0 0 0 0 -1 -1 0 0 1 0 0 0 0 0 
580.18127 7.19604 9 0 0 0 0 0 -1 0 0 -1 0 0 0 1 0 
