0.09600 2.04800 1 -1 0 0 0 1 0 0 0 0 0 0 0 0 0 
0.09600 3.32800 2 0 -1 0 0 0 1 0 0 0 0 0 0 0 0 
1.53600 4.03201 1 -1 0 0 0 1 0 0 0 0 0 0 0 0 0 
0.09600 5.72801 3 0 0 -1 0 0 0 1 0 0 0 0 0 0 0 
0.09600 6.40001 1 -1 0 0 0 1 0 0 0 0 0 0 0 0 0 
0.09600 6.81601 2 0 -1 0 0 0 1 0 0 0 0 0 0 0 0 
13.98393 4.86394 4 0 0 0 -1 0 0 0 1 0 0 0 0 0 0 
14.55993 4.57594 3 0 0 -1 0 0 0 1 0 0 0 0 0 0 0 
19.67986 4.22395 2 0 -1 0 0 0 1 0 0 0 0 0 0 0 0 
33.85579 5.21624 2 0 -1 0 0 0 1 0 0 0 0 0 0 0 0 
31.07171 8.38434 5 0 0 0 0 -1 -1 0 0 1 0 0 0 0 0 
42.14418 5.82427 3 0 0 -1 0 0 0 1 0 0 0 0 0 0 0 
45.72834 9.12043 9 0 0 0 0 0 -1 0 0 -1 0 0 0 1 0 
54.88078 5.63226 2 0 -1 0 0 0 1 0 0 0 0 0 0 0 0 
91.64719 4.15970 4 0 0 0 -1 0 0 0 1 0 0 0 0 0 0 
88.67141 8.41539 6 0 0 0 0 0 0 -1 -1 0 1 0 0 0 0 
90.14331 9.59930 5 0 0 0 0 -1 -1 0 0 1 0 0 0 0 0 
99.48663 10.78322 6 0 0 0 0 0 0 -1 -1 0 1 0 0 0 0 
117.50132 6.30354 10 0 0 0 0 0 0 0 0 0 -1 0 0 -1 1 
191.83194 1.79187 2 0 -1 0 0 0 1 0 0 0 0 0 0 0 0 
233.55692 7.87143 5 0 0 0 0 -1 -1 0 0 1 0 0 0 0 0 
256.94766 4.22571 4 0 0 0 -1 0 0 0 1 0 0 0 0 0 0 
286.39957 7.77914 9 0 0 0 0 0 -1 0 0 -1 0 0 0 1 0 
320.62140 8.32336 10 0 0 0 0 0 0 0 0 0 -1 0 0 -1 1 
559.93640 9.62671 6 0 0 0 0 0 0 -1 -1 0 1 0 0 0 0 
631.64099 8.89111 9 0 0 0 0 0 -1 0 0 -1 0 0 0 1 0 
796.51038 9.21094 10 0 0 0 0 0 0 0 0 0 -1 0 0 -1 1 
