0.09600 2.78400 2 0 -1 0 0 0 1 0 0 0 0 0 0 0 0 
0.09600 2.84800 4 0 0 0 -1 0 0 0 1 0 0 0 0 0 0 
0.67200 4.73601 2 0 -1 0 0 0 1 0 0 0 0 0 0 0 0 
1.44000 4.51201 2 0 -1 0 0 0 1 0 0 0 0 0 0 0 0 
4.64000 4.76799 1 -1 0 0 0 1 0 0 0 0 0 0 0 0 0 
12.60795 4.73594 1 -1 0 0 0 1 0 0 0 0 0 0 0 0 0 
12.28795 5.08794 3 0 0 -1 0 0 0 1 0 0 0 0 0 0 0 
14.52793 3.07196 3 0 0 -1 0 0 0 1 0 0 0 0 0 0 0 
13.47194 5.11994 4 0 0 0 -1 0 0 0 1 0 0 0 0 0 0 
9.43999 11.58385 5 0 0 0 0 -1 -1 0 0 1 0 0 0 0 0 
19.10387 9.85587 6 0 0 0 0 0 0 -1 -1 0 1 0 0 0 0 
31.83970 2.88013 4 0 0 0 -1 0 0 0 1 0 0 0 0 0 0 
52.44866 6.62431 5 0 0 0 0 -1 -1 0 0 1 0 0 0 0 0 
59.55299 5.82411 2 0 -1 0 0 0 1 0 0 0 0 0 0 0 0 
60.54504 5.53601 3 0 0 -1 0 0 0 1 0 0 0 0 0 0 0 
57.79290 8.48013 6 0 0 0 0 0 0 -1 -1 0 1 0 0 0 0 
75.00840 9.95128 7 0 0 0 0 0 0 0 0 -1 -1 1 0 0 0 
85.02367 9.31133 8 0 0 0 0 0 -1 0 0 0 0 -1 1 0 0 
95.29493 1.66388 2 0 -1 0 0 0 1 0 0 0 0 0 0 0 0 
112.76566 4.41568 2 0 -1 0 0 0 1 0 0 0 0 0 0 0 0 
121.62902 8.63938 9 0 0 0 0 0 -1 0 0 -1 0 0 0 1 0 
168.63362 3.99971 1 -1 0 0 0 1 0 0 0 0 0 0 0 0 0 
166.04181 7.32747 6 0 0 0 0 0 0 -1 -1 0 1 0 0 0 0 
196.75958 10.27126 5 0 0 0 0 -1 -1 0 0 1 0 0 0 0 0 
331.53781 7.01083 10 0 0 0 0 0 0 0 0 0 -1 0 0 -1 1 
337.81235 11.20453 7 0 0 0 0 0 0 0 0 -1 -1 1 0 0 0 
401.29401 8.54745 8 0 0 0 0 0 -1 0 0 0 0 -1 1 0 0 
