0.09600 3.42400 3 0 0 -1 0 0 0 1 0 0 0 0 0 0 0 
1.63200 3.90401 3 0 0 -1 0 0 0 1 0 0 0 0 0 0 0 
1.95200 4.99201 2 0 -1 0 0 0 1 0 0 0 0 0 0 0 0 
1.02400 6.43201 4 0 0 0 -1 0 0 0 1 0 0 0 0 0 0 
8.19201 4.38394 3 0 0 -1 0 0 0 1 0 0 0 0 0 0 0 
8.06401 5.63193 1 -1 0 0 0 1 0 0 0 0 0 0 0 0 0 
11.35996 4.06395 2 0 -1 0 0 0 1 0 0 0 0 0 0 0 0 
18.84787 4.76794 2 0 -1 0 0 0 1 0 0 0 0 0 0 0 0 
21.37584 4.44794 2 0 -1 0 0 0 1 0 0 0 0 0 0 0 0 
22.65582 5.37593 2 0 -1 0 0 0 1 0 0 0 0 0 0 0 0 
47.77644 9.72845 5 0 0 0 0 -1 -1 0 0 1 0 0 0 0 0 
54.62476 3.93618 1 -1 0 0 0 1 0 0 0 0 0 0 0 0 0 
53.50471 11.48842 6 0 0 0 0 0 0 -1 -1 0 1 0 0 0 0 
70.30475 5.31161 4 0 0 0 -1 0 0 0 1 0 0 0 0 0 0 
70.20875 9.21533 5 0 0 0 0 -1 -1 0 0 1 0 0 0 0 0 
75.39237 4.83165 1 -1 0 0 0 1 0 0 0 0 0 0 0 0 0 
75.64835 4.99164 6 0 0 0 0 0 0 -1 -1 0 1 0 0 0 0 
95.16694 6.36754 7 0 0 0 0 0 0 0 0 -1 -1 1 0 0 0 
102.30242 9.69530 8 0 0 0 0 0 -1 0 0 0 0 -1 1 0 0 
134.74808 7.96742 9 0 0 0 0 0 -1 0 0 -1 0 0 0 1 0 
144.85934 5.59959 2 0 -1 0 0 0 1 0 0 0 0 0 0 0 0 
171.60941 4.25569 4 0 0 0 -1 0 0 0 1 0 0 0 0 0 0 
190.61603 10.68723 6 0 0 0 0 0 0 -1 -1 0 1 0 0 0 0 
279.38873 8.29135 5 0 0 0 0 -1 -1 0 0 1 0 0 0 0 0 
308.32843 9.60388 7 0 0 0 0 0 0 0 0 -1 -1 1 0 0 0 
395.78778 7.77914 8 0 0 0 0 0 -1 0 0 0 0 -1 1 0 0 
625.43640 10.93799 10 0 0 0 0 0 0 0 0 0 -1 0 0 -1 1 
