0.09600 3.10400 1 -1 0 0 0 1 0 0 0 0 0 0 0 0 0 
0.09600 4.51200 3 0 0 -1 0 0 0 1 0 0 0 0 0 0 0 
0.67200 5.21601 3 0 0 -1 0 0 0 1 0 0 0 0 0 0 0 
1.50400 4.89601 1 -1 0 0 0 1 0 0 0 0 0 0 0 0 0 
1.56800 5.95201 2 0 -1 0 0 0 1 0 0 0 0 0 0 0 0 
8.22400 4.25595 1 -1 0 0 0 1 0 0 0 0 0 0 0 0 0 
9.24800 4.44794 4 0 0 0 -1 0 0 0 1 0 0 0 0 0 0 
10.68797 4.79994 2 0 -1 0 0 0 1 0 0 0 0 0 0 0 0 
22.97582 3.71195 2 0 -1 0 0 0 1 0 0 0 0 0 0 0 0 
25.11979 4.92794 3 0 0 -1 0 0 0 1 0 0 0 0 0 0 0 
32.03171 6.49630 2 0 -1 0 0 0 1 0 0 0 0 0 0 0 0 
29.56773 9.08828 5 0 0 0 0 -1 -1 0 0 1 0 0 0 0 0 
38.59201 5.79227 5 0 0 0 0 -1 -1 0 0 1 0 0 0 0 0 
59.68099 5.50412 4 0 0 0 -1 0 0 0 1 0 0 0 0 0 0 
79.20010 8.73537 6 0 0 0 0 0 0 -1 -1 0 1 0 0 0 0 
143.86742 3.99971 2 0 -1 0 0 0 1 0 0 0 0 0 0 0 0 
170.90546 6.97549 9 0 0 0 0 0 -1 0 0 -1 0 0 0 1 0 
179.44884 8.76736 6 0 0 0 0 0 0 -1 -1 0 1 0 0 0 0 
201.91121 10.43124 9 0 0 0 0 0 -1 0 0 -1 0 0 0 1 0 
216.72614 6.39954 2 0 -1 0 0 0 1 0 0 0 0 0 0 0 0 
237.30064 8.63937 10 0 0 0 0 0 0 0 0 0 -1 0 0 -1 1 
257.39584 5.37817 4 0 0 0 -1 0 0 0 1 0 0 0 0 0 0 
280.28510 8.67551 6 0 0 0 0 0 0 -1 -1 0 1 0 0 0 0 
397.10031 9.25174 10 0 0 0 0 0 0 0 0 0 -1 0 0 -1 1 
432.05844 7.55505 5 0 0 0 0 -1 -1 0 0 1 0 0 0 0 0 
479.53363 7.36298 9 0 0 0 0 0 -1 0 0 -1 0 0 0 1 0 
523.06067 9.40283 10 0 0 0 0 0 0 0 0 0 -1 0 0 -1 1 
