0.09600 2.52800 2 0 -1 0 0 0 1 0 0 0 0 0 0 0 0 
0.09600 5.56801 1 -1 0 0 0 1 0 0 0 0 0 0 0 0 0 
0.09600 6.14401 3 0 0 -1 0 0 0 1 0 0 0 0 0 0 0 
2.91200 5.31201 4 0 0 0 -1 0 0 0 1 0 0 0 0 0 0 
4.16000 4.70400 4 0 0 0 -1 0 0 0 1 0 0 0 0 0 0 
8.38400 5.53593 4 0 0 0 -1 0 0 0 1 0 0 0 0 0 0 
11.39197 3.99995 2 0 -1 0 0 0 1 0 0 0 0 0 0 0 0 
16.99190 4.31994 3 0 0 -1 0 0 0 1 0 0 0 0 0 0 0 
17.69588 5.69593 2 0 -1 0 0 0 1 0 0 0 0 0 0 0 0 
20.79985 5.05593 2 0 -1 0 0 0 1 0 0 0 0 0 0 0 0 
23.23182 3.90395 2 0 -1 0 0 0 1 0 0 0 0 0 0 0 0 
26.59177 4.92794 3 0 0 -1 0 0 0 1 0 0 0 0 0 0 0 
41.15213 10.40049 6 0 0 0 0 0 0 -1 -1 0 1 0 0 0 0 
48.64048 6.91232 5 0 0 0 0 -1 -1 0 0 1 0 0 0 0 0 
61.15307 4.38402 1 -1 0 0 0 1 0 0 0 0 0 0 0 0 0 
66.08104 8.06342 6 0 0 0 0 0 0 -1 -1 0 1 0 0 0 0 
87.19951 4.06371 2 0 -1 0 0 0 1 0 0 0 0 0 0 0 0 
91.29522 11.42317 9 0 0 0 0 0 -1 0 0 -1 0 0 0 1 0 
94.97495 8.47939 5 0 0 0 0 -1 -1 0 0 1 0 0 0 0 0 
104.35028 7.80743 10 0 0 0 0 0 0 0 0 0 -1 0 0 -1 1 
126.10870 6.17556 1 -1 0 0 0 1 0 0 0 0 0 0 0 0 0 
124.15683 9.11935 7 0 0 0 0 0 0 0 0 -1 -1 1 0 0 0 
132.34825 7.00749 5 0 0 0 0 -1 -1 0 0 1 0 0 0 0 0 
158.33037 8.25540 8 0 0 0 0 0 -1 0 0 0 0 -1 1 0 0 
343.51065 7.36298 6 0 0 0 0 0 0 -1 -1 0 1 0 0 0 0 
348.92084 10.18011 9 0 0 0 0 0 -1 0 0 -1 0 0 0 1 0 
366.62399 8.03525 10 0 0 0 0 0 0 0 0 0 -1 0 0 -1 1 
