0.09600 2.52800 2 0 -1 0 0 0 1 0 0 0 0 0 0 0 0 
0.09600 4.80000 1 -1 0 0 0 1 0 0 0 0 0 0 0 0 0 
3.00800 4.48001 4 0 0 0 -1 0 0 0 1 0 0 0 0 0 0 
2.68800 5.18401 3 0 0 -1 0 0 0 1 0 0 0 0 0 0 0 
5.40801 4.41598 2 0 -1 0 0 0 1 0 0 0 0 0 0 0 0 
11.87196 4.79994 1 -1 0 0 0 1 0 0 0 0 0 0 0 0 0 
16.79990 5.21593 2 0 -1 0 0 0 1 0 0 0 0 0 0 0 0 
17.79189 6.20792 2 0 -1 0 0 0 1 0 0 0 0 0 0 0 0 
16.73590 8.41589 5 0 0 0 0 -1 -1 0 0 1 0 0 0 0 0 
17.37589 8.67189 6 0 0 0 0 0 0 -1 -1 0 1 0 0 0 0 
21.40783 5.82393 4 0 0 0 -1 0 0 0 1 0 0 0 0 0 0 
24.89579 4.25595 4 0 0 0 -1 0 0 0 1 0 0 0 0 0 0 
32.47972 8.03238 5 0 0 0 0 -1 -1 0 0 1 0 0 0 0 0 
56.19283 5.08824 1 -1 0 0 0 1 0 0 0 0 0 0 0 0 0 
66.65701 1.66388 2 0 -1 0 0 0 1 0 0 0 0 0 0 0 0 
58.33693 10.87989 7 0 0 0 0 0 0 0 0 -1 -1 1 0 0 0 
66.01705 8.38339 9 0 0 0 0 0 -1 0 0 -1 0 0 0 1 0 
70.62473 9.47131 5 0 0 0 0 -1 -1 0 0 1 0 0 0 0 0 
86.78355 8.51138 9 0 0 0 0 0 -1 0 0 -1 0 0 0 1 0 
108.50998 4.22369 3 0 0 -1 0 0 0 1 0 0 0 0 0 0 0 
121.11706 3.35976 2 0 -1 0 0 0 1 0 0 0 0 0 0 0 0 
129.94843 10.33525 6 0 0 0 0 0 0 -1 -1 0 1 0 0 0 0 
140.34767 6.04756 10 0 0 0 0 0 0 0 0 0 -1 0 0 -1 1 
164.40993 3.51974 3 0 0 -1 0 0 0 1 0 0 0 0 0 0 0 
190.32805 9.08734 8 0 0 0 0 0 -1 0 0 0 0 -1 1 0 0 
248.59583 10.08054 6 0 0 0 0 0 0 -1 -1 0 1 0 0 0 0 
391.75415 10.40421 10 0 0 0 0 0 0 0 0 0 -1 0 0 -1 1 
