0.09600 1.63200 2 0 -1 0 0 0 1 0 0 0 0 0 0 0 0 
0.09600 4.06400 3 0 0 -1 0 0 0 1 0 0 0 0 0 0 0 
1.88800 6.17601 1 -1 0 0 0 1 0 0 0 0 0 0 0 0 0 
8.96000 3.96795 1 -1 0 0 0 1 0 0 0 0 0 0 0 0 0 
8.57601 5.11993 2 0 -1 0 0 0 1 0 0 0 0 0 0 0 0 
8.64000 5.47193 4 0 0 0 -1 0 0 0 1 0 0 0 0 0 0 
8.09601 7.64790 5 0 0 0 0 -1 -1 0 0 1 0 0 0 0 0 
18.33587 4.95994 4 0 0 0 -1 0 0 0 1 0 0 0 0 0 0 
27.03976 3.96795 2 0 -1 0 0 0 1 0 0 0 0 0 0 0 0 
32.31972 3.52016 3 0 0 -1 0 0 0 1 0 0 0 0 0 0 0 
34.14380 8.51240 6 0 0 0 0 0 0 -1 -1 0 1 0 0 0 0 
38.75202 4.99223 2 0 -1 0 0 0 1 0 0 0 0 0 0 0 0 
42.62420 4.54421 4 0 0 0 -1 0 0 0 1 0 0 0 0 0 0 
48.86449 9.18443 7 0 0 0 0 0 0 0 0 -1 -1 1 0 0 0 
79.42408 5.15163 1 -1 0 0 0 1 0 0 0 0 0 0 0 0 0 
98.55869 3.90372 2 0 -1 0 0 0 1 0 0 0 0 0 0 0 0 
97.08681 7.51945 5 0 0 0 0 -1 -1 0 0 1 0 0 0 0 0 
103.55033 10.20726 6 0 0 0 0 0 0 -1 -1 0 1 0 0 0 0 
149.05104 8.86336 5 0 0 0 0 -1 -1 0 0 1 0 0 0 0 0 
163.35400 8.28740 9 0 0 0 0 0 -1 0 0 -1 0 0 0 1 0 
171.44942 4.19170 3 0 0 -1 0 0 0 1 0 0 0 0 0 0 0 
172.37735 4.25569 2 0 -1 0 0 0 1 0 0 0 0 0 0 0 0 
207.41481 7.96742 8 0 0 0 0 0 -1 0 0 0 0 -1 1 0 0 
255.82730 9.44373 10 0 0 0 0 0 0 0 0 0 -1 0 0 -1 1 
287.42398 9.37979 6 0 0 0 0 0 0 -1 -1 0 1 0 0 0 0 
359.83725 6.94681 7 0 0 0 0 0 0 0 0 -1 -1 1 0 0 0 
1049.71521 11.67358 8 0 0 0 0 0 -1 0 0 0 0 -1 1 0 0 
