0.09600 2.36800 2 0 -1 0 0 0 1 0 0 0 0 0 0 0 0 
0.09600 5.95201 4 0 0 0 -1 0 0 0 1 0 0 0 0 0 0 
0.09600 6.27201 3 0 0 -1 0 0 0 1 0 0 0 0 0 0 0 
4.25600 4.54400 4 0 0 0 -1 0 0 0 1 0 0 0 0 0 0 
7.42401 2.52798 2 0 -1 0 0 0 1 0 0 0 0 0 0 0 0 
10.20798 3.77595 1 -1 0 0 0 1 0 0 0 0 0 0 0 0 0 
14.62393 4.60794 4 0 0 0 -1 0 0 0 1 0 0 0 0 0 0 
21.21584 4.12795 2 0 -1 0 0 0 1 0 0 0 0 0 0 0 0 
27.00776 2.68797 2 0 -1 0 0 0 1 0 0 0 0 0 0 0 0 
23.16782 10.68797 5 0 0 0 0 -1 -1 0 0 1 0 0 0 0 0 
35.80788 5.12024 3 0 0 -1 0 0 0 1 0 0 0 0 0 0 0 
41.47215 3.90418 1 -1 0 0 0 1 0 0 0 0 0 0 0 0 0 
43.90426 5.40825 3 0 0 -1 0 0 0 1 0 0 0 0 0 0 0 
44.48029 7.10433 6 0 0 0 0 0 0 -1 -1 0 1 0 0 0 0 
45.44033 7.77636 9 0 0 0 0 0 -1 0 0 -1 0 0 0 1 0 
53.12069 5.98428 1 -1 0 0 0 1 0 0 0 0 0 0 0 0 0 
90.17530 4.28769 2 0 -1 0 0 0 1 0 0 0 0 0 0 0 0 
90.17530 4.67166 2 0 -1 0 0 0 1 0 0 0 0 0 0 0 0 
100.44656 8.76736 10 0 0 0 0 0 0 0 0 0 -1 0 0 -1 1 
121.78900 7.61546 5 0 0 0 0 -1 -1 0 0 1 0 0 0 0 0 
131.70830 7.64745 6 0 0 0 0 0 0 -1 -1 0 1 0 0 0 0 
136.28397 6.11156 6 0 0 0 0 0 0 -1 -1 0 1 0 0 0 0 
143.38745 9.66330 9 0 0 0 0 0 -1 0 0 -1 0 0 0 1 0 
190.80801 9.15134 10 0 0 0 0 0 0 0 0 0 -1 0 0 -1 1 
398.54089 9.66791 5 0 0 0 0 -1 -1 0 0 1 0 0 0 0 0 
449.60153 8.99564 7 0 0 0 0 0 0 0 0 -1 -1 1 0 0 0 
646.54480 10.01050 8 0 0 0 0 0 -1 0 0 0 0 -1 1 0 0 
