3.712 3.680 4 0 0 0 -1 0 0 0 1 0 0 0 0 
4.448 4.416 4 0 0 0 -1 0 0 0 1 0 0 0 0 
5.760 5.728 2 0 -1 0 0 0 1 0 0 0 0 0 0 
6.464 6.432 4 0 0 0 -1 0 0 0 1 0 0 0 0 
6.624 6.592 2 0 -1 0 0 0 1 0 0 0 0 0 0 
7.936 7.904 3 0 0 -1 0 0 0 1 0 0 0 0 0 
8.480 8.448 2 0 -1 0 0 0 1 0 0 0 0 0 0 
11.072 11.040 2 0 -1 0 0 0 1 0 0 0 0 0 0 
11.776 11.744 1 -1 0 0 0 1 0 0 0 0 0 0 0 
16.832 16.800 2 0 -1 0 0 0 1 0 0 0 0 0 0 
28.768 28.736 6 0 0 0 0 0 0 -1 -1 0 1 0 0 
30.880 30.848 5 0 0 0 0 -1 -1 0 0 1 0 0 0 
31.712 31.680 1 -1 0 0 0 1 0 0 0 0 0 0 0 
33.760 33.728 3 0 0 -1 0 0 0 1 0 0 0 0 0 
35.328 35.296 3 0 0 -1 0 0 0 1 0 0 0 0 0 
46.368 46.336 5 0 0 0 0 -1 -1 0 0 1 0 0 0 
51.521 51.489 6 0 0 0 0 0 0 -1 -1 0 1 0 0 
58.881 58.849 1 -1 0 0 0 1 0 0 0 0 0 0 0 
96.095 96.063 7 0 0 0 0 0 0 0 0 -1 -1 1 0 
106.782 106.750 8 0 0 0 0 0 -1 0 0 0 0 -1 1 
109.790 109.758 6 0 0 0 0 0 0 -1 -1 0 1 0 0 
126.941 126.909 5 0 0 0 0 -1 -1 0 0 1 0 0 0 
181.177 181.145 7 0 0 0 0 0 0 0 0 -1 -1 1 0 
199.159 199.127 7 0 0 0 0 0 0 0 0 -1 -1 1 0 
331.794 331.762 8 0 0 0 0 0 -1 0 0 0 0 -1 1 
334.291 334.259 2 0 -1 0 0 0 1 0 0 0 0 0 0 
460.550 460.518 8 0 0 0 0 0 -1 0 0 0 0 -1 1 
