3.712 3.680 4 0 0 0 -1 0 0 0 1 0 0 0 0 
4.800 4.768 4 0 0 0 -1 0 0 0 1 0 0 0 0 
6.656 6.624 2 0 -1 0 0 0 1 0 0 0 0 0 0 
6.688 6.656 4 0 0 0 -1 0 0 0 1 0 0 0 0 
6.720 6.688 2 0 -1 0 0 0 1 0 0 0 0 0 0 
7.072 7.040 3 0 0 -1 0 0 0 1 0 0 0 0 0 
10.240 10.208 3 0 0 -1 0 0 0 1 0 0 0 0 0 
14.592 14.560 1 -1 0 0 0 1 0 0 0 0 0 0 0 
16.800 16.768 1 -1 0 0 0 1 0 0 0 0 0 0 0 
22.432 22.400 2 0 -1 0 0 0 1 0 0 0 0 0 0 
27.104 27.072 2 0 -1 0 0 0 1 0 0 0 0 0 0 
34.912 34.880 3 0 0 -1 0 0 0 1 0 0 0 0 0 
37.952 37.920 5 0 0 0 0 -1 -1 0 0 1 0 0 0 
45.024 44.992 6 0 0 0 0 0 0 -1 -1 0 1 0 0 
45.344 45.312 2 0 -1 0 0 0 1 0 0 0 0 0 0 
47.936 47.904 6 0 0 0 0 0 0 -1 -1 0 1 0 0 
58.881 58.849 2 0 -1 0 0 0 1 0 0 0 0 0 0 
101.950 101.918 5 0 0 0 0 -1 -1 0 0 1 0 0 0 
113.918 113.886 6 0 0 0 0 0 0 -1 -1 0 1 0 0 
199.895 199.863 7 0 0 0 0 0 0 0 0 -1 -1 1 0 
213.878 213.846 8 0 0 0 0 0 -1 0 0 0 0 -1 1 
241.556 241.524 7 0 0 0 0 0 0 0 0 -1 -1 1 0 
244.148 244.116 1 -1 0 0 0 1 0 0 0 0 0 0 0 
291.234 291.202 5 0 0 0 0 -1 -1 0 0 1 0 0 0 
321.294 321.262 7 0 0 0 0 0 0 0 0 -1 -1 1 0 
348.537 348.505 8 0 0 0 0 0 -1 0 0 0 0 -1 1 
482.863 482.831 8 0 0 0 0 0 -1 0 0 0 0 -1 1 
