3.712 3.680 4 0 0 0 -1 0 0 0 1 0 0 0 0 
5.376 5.344 4 0 0 0 -1 0 0 0 1 0 0 0 0 
6.240 6.208 2 0 -1 0 0 0 1 0 0 0 0 0 0 
6.432 6.400 2 0 -1 0 0 0 1 0 0 0 0 0 0 
6.752 6.720 4 0 0 0 -1 0 0 0 1 0 0 0 0 
8.800 8.768 3 0 0 -1 0 0 0 1 0 0 0 0 0 
11.072 11.040 1 -1 0 0 0 1 0 0 0 0 0 0 0 
15.584 15.552 2 0 -1 0 0 0 1 0 0 0 0 0 0 
17.632 17.600 3 0 0 -1 0 0 0 1 0 0 0 0 0 
18.240 18.208 2 0 -1 0 0 0 1 0 0 0 0 0 0 
20.224 20.192 3 0 0 -1 0 0 0 1 0 0 0 0 0 
30.048 30.016 6 0 0 0 0 0 0 -1 -1 0 1 0 0 
36.224 36.192 5 0 0 0 0 -1 -1 0 0 1 0 0 0 
43.808 43.776 1 -1 0 0 0 1 0 0 0 0 0 0 0 
48.832 48.800 2 0 -1 0 0 0 1 0 0 0 0 0 0 
49.697 49.665 1 -1 0 0 0 1 0 0 0 0 0 0 0 
53.153 53.121 7 0 0 0 0 0 0 0 0 -1 -1 1 0 
58.401 58.369 5 0 0 0 0 -1 -1 0 0 1 0 0 0 
77.824 77.792 2 0 -1 0 0 0 1 0 0 0 0 0 0 
114.462 114.430 5 0 0 0 0 -1 -1 0 0 1 0 0 0 
122.877 122.845 8 0 0 0 0 0 -1 0 0 0 0 -1 1 
129.788 129.756 6 0 0 0 0 0 0 -1 -1 0 1 0 0 
185.400 185.368 6 0 0 0 0 0 0 -1 -1 0 1 0 0 
206.839 206.807 7 0 0 0 0 0 0 0 0 -1 -1 1 0 
265.367 265.335 7 0 0 0 0 0 0 0 0 -1 -1 1 0 
265.815 265.783 8 0 0 0 0 0 -1 0 0 0 0 -1 1 
275.899 275.867 8 0 0 0 0 0 -1 0 0 0 0 -1 1 
