3.712 3.680 4 0 0 0 -1 0 0 0 1 0 0 0 0 
4.704 4.672 4 0 0 0 -1 0 0 0 1 0 0 0 0 
6.336 6.304 2 0 -1 0 0 0 1 0 0 0 0 0 0 
7.040 7.008 2 0 -1 0 0 0 1 0 0 0 0 0 0 
7.360 7.328 4 0 0 0 -1 0 0 0 1 0 0 0 0 
8.192 8.160 3 0 0 -1 0 0 0 1 0 0 0 0 0 
8.704 8.672 2 0 -1 0 0 0 1 0 0 0 0 0 0 
10.240 10.208 2 0 -1 0 0 0 1 0 0 0 0 0 0 
11.968 11.936 1 -1 0 0 0 1 0 0 0 0 0 0 0 
13.248 13.216 1 -1 0 0 0 1 0 0 0 0 0 0 0 
36.352 36.320 3 0 0 -1 0 0 0 1 0 0 0 0 0 
46.368 46.336 5 0 0 0 0 -1 -1 0 0 1 0 0 0 
46.656 46.624 5 0 0 0 0 -1 -1 0 0 1 0 0 0 
47.200 47.168 1 -1 0 0 0 1 0 0 0 0 0 0 0 
59.553 59.521 5 0 0 0 0 -1 -1 0 0 1 0 0 0 
68.897 68.865 2 0 -1 0 0 0 1 0 0 0 0 0 0 
89.503 89.471 3 0 0 -1 0 0 0 1 0 0 0 0 0 
97.983 97.951 6 0 0 0 0 0 0 -1 -1 0 1 0 0 
120.317 120.285 2 0 -1 0 0 0 1 0 0 0 0 0 0 
124.573 124.541 7 0 0 0 0 0 0 0 0 -1 -1 1 0 
137.436 137.404 8 0 0 0 0 0 -1 0 0 0 0 -1 1 
140.892 140.860 6 0 0 0 0 0 0 -1 -1 0 1 0 0 
156.922 156.890 7 0 0 0 0 0 0 0 0 -1 -1 1 0 
166.778 166.746 8 0 0 0 0 0 -1 0 0 0 0 -1 1 
307.848 307.816 6 0 0 0 0 0 0 -1 -1 0 1 0 0 
582.612 582.580 7 0 0 0 0 0 0 0 0 -1 -1 1 0 
686.459 686.427 8 0 0 0 0 0 -1 0 0 0 0 -1 1 
