3.712 3.680 4 0 0 0 -1 0 0 0 1 0 0 0 0 
4.960 4.928 4 0 0 0 -1 0 0 0 1 0 0 0 0 
6.240 6.208 2 0 -1 0 0 0 1 0 0 0 0 0 0 
6.464 6.432 2 0 -1 0 0 0 1 0 0 0 0 0 0 
6.880 6.848 4 0 0 0 -1 0 0 0 1 0 0 0 0 
8.992 8.960 2 0 -1 0 0 0 1 0 0 0 0 0 0 
16.832 16.800 3 0 0 -1 0 0 0 1 0 0 0 0 0 
17.152 17.120 3 0 0 -1 0 0 0 1 0 0 0 0 0 
19.808 19.776 1 -1 0 0 0 1 0 0 0 0 0 0 0 
28.672 28.640 3 0 0 -1 0 0 0 1 0 0 0 0 0 
36.448 36.416 1 -1 0 0 0 1 0 0 0 0 0 0 0 
40.864 40.832 5 0 0 0 0 -1 -1 0 0 1 0 0 0 
41.600 41.568 2 0 -1 0 0 0 1 0 0 0 0 0 0 
52.257 52.225 1 -1 0 0 0 1 0 0 0 0 0 0 0 
65.505 65.473 5 0 0 0 0 -1 -1 0 0 1 0 0 0 
66.529 66.497 5 0 0 0 0 -1 -1 0 0 1 0 0 0 
71.297 71.265 6 0 0 0 0 0 0 -1 -1 0 1 0 0 
71.969 71.937 2 0 -1 0 0 0 1 0 0 0 0 0 0 
96.447 96.415 7 0 0 0 0 0 0 0 0 -1 -1 1 0 
111.710 111.678 6 0 0 0 0 0 0 -1 -1 0 1 0 0 
135.996 135.964 2 0 -1 0 0 0 1 0 0 0 0 0 0 
150.427 150.395 8 0 0 0 0 0 -1 0 0 0 0 -1 1 
285.279 285.247 7 0 0 0 0 0 0 0 0 -1 -1 1 0 
387.624 387.592 8 0 0 0 0 0 -1 0 0 0 0 -1 1 
849.281 849.249 6 0 0 0 0 0 0 -1 -1 0 1 0 0 
918.299 918.267 7 0 0 0 0 0 0 0 0 -1 -1 1 0 
