3.712 3.680 4 0 0 0 -1 0 0 0 1 0 0 0 0 
5.056 5.024 4 0 0 0 -1 0 0 0 1 0 0 0 0 
6.880 6.848 2 0 -1 0 0 0 1 0 0 0 0 0 0 
7.008 6.976 4 0 0 0 -1 0 0 0 1 0 0 0 0 
7.296 7.264 3 0 0 -1 0 0 0 1 0 0 0 0 0 
7.392 7.360 2 0 -1 0 0 0 1 0 0 0 0 0 0 
8.000 7.968 2 0 -1 0 0 0 1 0 0 0 0 0 0 
11.808 11.776 2 0 -1 0 0 0 1 0 0 0 0 0 0 
21.632 21.600 1 -1 0 0 0 1 0 0 0 0 0 0 0 
21.952 21.920 2 0 -1 0 0 0 1 0 0 0 0 0 0 
25.280 25.248 3 0 0 -1 0 0 0 1 0 0 0 0 0 
25.440 25.408 2 0 -1 0 0 0 1 0 0 0 0 0 0 
26.336 26.304 1 -1 0 0 0 1 0 0 0 0 0 0 0 
34.048 34.016 1 -1 0 0 0 1 0 0 0 0 0 0 0 
34.080 34.048 5 0 0 0 0 -1 -1 0 0 1 0 0 0 
49.153 49.121 5 0 0 0 0 -1 -1 0 0 1 0 0 0 
73.473 73.441 6 0 0 0 0 0 0 -1 -1 0 1 0 0 
84.224 84.192 5 0 0 0 0 -1 -1 0 0 1 0 0 0 
89.215 89.183 7 0 0 0 0 0 0 0 0 -1 -1 1 0 
137.852 137.820 6 0 0 0 0 0 0 -1 -1 0 1 0 0 
140.956 140.924 8 0 0 0 0 0 -1 0 0 0 0 -1 1 
144.635 144.603 7 0 0 0 0 0 0 0 0 -1 -1 1 0 
244.916 244.884 3 0 0 -1 0 0 0 1 0 0 0 0 0 
254.931 254.899 8 0 0 0 0 0 -1 0 0 0 0 -1 1 
272.250 272.218 6 0 0 0 0 0 0 -1 -1 0 1 0 0 
423.575 423.543 7 0 0 0 0 0 0 0 0 -1 -1 1 0 
552.229 552.197 8 0 0 0 0 0 -1 0 0 0 0 -1 1 
