3.712 3.680 4 0 0 0 -1 0 0 0 1 0 0 0 0 
4.640 4.608 4 0 0 0 -1 0 0 0 1 0 0 0 0 
6.432 6.400 2 0 -1 0 0 0 1 0 0 0 0 0 0 
6.784 6.752 4 0 0 0 -1 0 0 0 1 0 0 0 0 
7.296 7.264 3 0 0 -1 0 0 0 1 0 0 0 0 0 
7.840 7.808 1 -1 0 0 0 1 0 0 0 0 0 0 0 
8.032 8.000 2 0 -1 0 0 0 1 0 0 0 0 0 0 
8.448 8.416 1 -1 0 0 0 1 0 0 0 0 0 0 0 
23.904 23.872 2 0 -1 0 0 0 1 0 0 0 0 0 0 
24.960 24.928 1 -1 0 0 0 1 0 0 0 0 0 0 0 
36.832 36.800 6 0 0 0 0 0 0 -1 -1 0 1 0 0 
38.720 38.688 5 0 0 0 0 -1 -1 0 0 1 0 0 0 
51.937 51.905 2 0 -1 0 0 0 1 0 0 0 0 0 0 
55.809 55.777 5 0 0 0 0 -1 -1 0 0 1 0 0 0 
62.433 62.401 3 0 0 -1 0 0 0 1 0 0 0 0 0 
63.105 63.073 7 0 0 0 0 0 0 0 0 -1 -1 1 0 
66.753 66.721 2 0 -1 0 0 0 1 0 0 0 0 0 0 
70.433 70.401 2 0 -1 0 0 0 1 0 0 0 0 0 0 
75.904 75.872 5 0 0 0 0 -1 -1 0 0 1 0 0 0 
118.525 118.493 8 0 0 0 0 0 -1 0 0 0 0 -1 1 
133.500 133.468 3 0 0 -1 0 0 0 1 0 0 0 0 0 
139.036 139.004 6 0 0 0 0 0 0 -1 -1 0 1 0 0 
181.561 181.529 7 0 0 0 0 0 0 0 0 -1 -1 1 0 
244.404 244.372 6 0 0 0 0 0 0 -1 -1 0 1 0 0 
334.707 334.675 7 0 0 0 0 0 0 0 0 -1 -1 1 0 
373.571 373.539 8 0 0 0 0 0 -1 0 0 0 0 -1 1 
409.297 409.265 8 0 0 0 0 0 -1 0 0 0 0 -1 1 
