3.712 3.680 4 0 0 0 -1 0 0 0 1 0 0 0 0 
5.024 4.992 4 0 0 0 -1 0 0 0 1 0 0 0 0 
6.304 6.272 4 0 0 0 -1 0 0 0 1 0 0 0 0 
7.968 7.936 1 -1 0 0 0 1 0 0 0 0 0 0 0 
8.768 8.736 1 -1 0 0 0 1 0 0 0 0 0 0 0 
10.336 10.304 2 0 -1 0 0 0 1 0 0 0 0 0 0 
11.712 11.680 2 0 -1 0 0 0 1 0 0 0 0 0 0 
12.384 12.352 2 0 -1 0 0 0 1 0 0 0 0 0 0 
35.776 35.744 2 0 -1 0 0 0 1 0 0 0 0 0 0 
39.328 39.296 3 0 0 -1 0 0 0 1 0 0 0 0 0 
44.608 44.576 5 0 0 0 0 -1 -1 0 0 1 0 0 0 
49.761 49.729 3 0 0 -1 0 0 0 1 0 0 0 0 0 
54.625 54.593 6 0 0 0 0 0 0 -1 -1 0 1 0 0 
72.033 72.001 1 -1 0 0 0 1 0 0 0 0 0 0 0 
77.664 77.632 2 0 -1 0 0 0 1 0 0 0 0 0 0 
98.975 98.943 5 0 0 0 0 -1 -1 0 0 1 0 0 0 
110.078 110.046 3 0 0 -1 0 0 0 1 0 0 0 0 0 
156.283 156.251 7 0 0 0 0 0 0 0 0 -1 -1 1 0 
176.793 176.761 6 0 0 0 0 0 0 -1 -1 0 1 0 0 
211.830 211.798 2 0 -1 0 0 0 1 0 0 0 0 0 0 
223.830 223.798 8 0 0 0 0 0 -1 0 0 0 0 -1 1 
285.919 285.887 6 0 0 0 0 0 0 -1 -1 0 1 0 0 
294.595 294.563 5 0 0 0 0 -1 -1 0 0 1 0 0 0 
317.996 317.964 7 0 0 0 0 0 0 0 0 -1 -1 1 0 
349.081 349.049 8 0 0 0 0 0 -1 0 0 0 0 -1 1 
496.308 496.276 7 0 0 0 0 0 0 0 0 -1 -1 1 0 
556.099 556.067 8 0 0 0 0 0 -1 0 0 0 0 -1 1 
