3.712 3.680 4 0 0 0 -1 0 0 0 1 0 0 0 0 
4.736 4.704 4 0 0 0 -1 0 0 0 1 0 0 0 0 
6.400 6.368 2 0 -1 0 0 0 1 0 0 0 0 0 0 
6.656 6.624 2 0 -1 0 0 0 1 0 0 0 0 0 0 
6.752 6.720 2 0 -1 0 0 0 1 0 0 0 0 0 0 
9.376 9.344 4 0 0 0 -1 0 0 0 1 0 0 0 0 
9.632 9.600 3 0 0 -1 0 0 0 1 0 0 0 0 0 
11.808 11.776 1 -1 0 0 0 1 0 0 0 0 0 0 0 
13.024 12.992 1 -1 0 0 0 1 0 0 0 0 0 0 0 
13.216 13.184 3 0 0 -1 0 0 0 1 0 0 0 0 0 
20.992 20.960 1 -1 0 0 0 1 0 0 0 0 0 0 0 
24.992 24.960 2 0 -1 0 0 0 1 0 0 0 0 0 0 
39.840 39.808 6 0 0 0 0 0 0 -1 -1 0 1 0 0 
39.936 39.904 5 0 0 0 0 -1 -1 0 0 1 0 0 0 
44.128 44.096 5 0 0 0 0 -1 -1 0 0 1 0 0 0 
44.608 44.576 2 0 -1 0 0 0 1 0 0 0 0 0 0 
47.712 47.680 6 0 0 0 0 0 0 -1 -1 0 1 0 0 
53.057 53.025 5 0 0 0 0 -1 -1 0 0 1 0 0 0 
57.121 57.089 3 0 0 -1 0 0 0 1 0 0 0 0 0 
63.585 63.553 2 0 -1 0 0 0 1 0 0 0 0 0 0 
71.041 71.009 6 0 0 0 0 0 0 -1 -1 0 1 0 0 
79.872 79.840 7 0 0 0 0 0 0 0 0 -1 -1 1 0 
176.601 176.569 8 0 0 0 0 0 -1 0 0 0 0 -1 1 
190.424 190.392 7 0 0 0 0 0 0 0 0 -1 -1 1 0 
208.567 208.535 8 0 0 0 0 0 -1 0 0 0 0 -1 1 
445.504 445.472 7 0 0 0 0 0 0 0 0 -1 -1 1 0 
637.590 637.558 8 0 0 0 0 0 -1 0 0 0 0 -1 1 
