3.712 3.680 4 0 0 0 -1 0 0 0 1 0 0 0 0 
4.960 4.928 4 0 0 0 -1 0 0 0 1 0 0 0 0 
7.200 7.168 4 0 0 0 -1 0 0 0 1 0 0 0 0 
7.232 7.168 2 0 -1 0 0 0 1 0 0 0 0 0 0 
8.960 8.928 2 0 -1 0 0 0 1 0 0 0 0 0 0 
10.048 10.016 2 0 -1 0 0 0 1 0 0 0 0 0 0 
10.144 10.112 1 -1 0 0 0 1 0 0 0 0 0 0 0 
12.256 12.224 1 -1 0 0 0 1 0 0 0 0 0 0 0 
20.256 20.224 2 0 -1 0 0 0 1 0 0 0 0 0 0 
21.856 21.824 3 0 0 -1 0 0 0 1 0 0 0 0 0 
23.008 22.976 3 0 0 -1 0 0 0 1 0 0 0 0 0 
23.072 23.040 5 0 0 0 0 -1 -1 0 0 1 0 0 0 
25.248 25.216 5 0 0 0 0 -1 -1 0 0 1 0 0 0 
32.288 32.256 6 0 0 0 0 0 0 -1 -1 0 1 0 0 
36.160 36.128 1 -1 0 0 0 1 0 0 0 0 0 0 0 
37.632 37.600 2 0 -1 0 0 0 1 0 0 0 0 0 0 
58.145 58.113 7 0 0 0 0 0 0 0 0 -1 -1 1 0 
58.977 58.945 6 0 0 0 0 0 0 -1 -1 0 1 0 0 
72.353 72.321 2 0 -1 0 0 0 1 0 0 0 0 0 0 
79.808 79.776 3 0 0 -1 0 0 0 1 0 0 0 0 0 
81.472 81.440 8 0 0 0 0 0 -1 0 0 0 0 -1 1 
86.560 86.528 5 0 0 0 0 -1 -1 0 0 1 0 0 0 
150.555 150.523 6 0 0 0 0 0 0 -1 -1 0 1 0 0 
174.905 174.873 7 0 0 0 0 0 0 0 0 -1 -1 1 0 
293.699 293.667 7 0 0 0 0 0 0 0 0 -1 -1 1 0 
458.757 458.725 8 0 0 0 0 0 -1 0 0 0 0 -1 1 
