3.712 3.680 4 0 0 0 -1 0 0 0 1 0 0 0 0 
4.704 4.672 4 0 0 0 -1 0 0 0 1 0 0 0 0 
6.688 6.656 2 0 -1 0 0 0 1 0 0 0 0 0 0 
7.072 7.040 2 0 -1 0 0 0 1 0 0 0 0 0 0 
7.424 7.392 4 0 0 0 -1 0 0 0 1 0 0 0 0 
18.400 18.368 3 0 0 -1 0 0 0 1 0 0 0 0 0 
25.888 25.856 2 0 -1 0 0 0 1 0 0 0 0 0 0 
27.808 27.776 3 0 0 -1 0 0 0 1 0 0 0 0 0 
29.440 29.408 1 -1 0 0 0 1 0 0 0 0 0 0 0 
32.576 32.544 3 0 0 -1 0 0 0 1 0 0 0 0 0 
44.096 44.064 2 0 -1 0 0 0 1 0 0 0 0 0 0 
46.208 46.176 6 0 0 0 0 0 0 -1 -1 0 1 0 0 
57.217 57.185 2 0 -1 0 0 0 1 0 0 0 0 0 0 
60.001 59.969 5 0 0 0 0 -1 -1 0 0 1 0 0 0 
74.624 74.592 6 0 0 0 0 0 0 -1 -1 0 1 0 0 
75.040 75.008 1 -1 0 0 0 1 0 0 0 0 0 0 0 
77.728 77.696 6 0 0 0 0 0 0 -1 -1 0 1 0 0 
84.224 84.192 2 0 -1 0 0 0 1 0 0 0 0 0 0 
89.183 89.151 5 0 0 0 0 -1 -1 0 0 1 0 0 0 
110.590 110.558 1 -1 0 0 0 1 0 0 0 0 0 0 0 
134.428 134.396 7 0 0 0 0 0 0 0 0 -1 -1 1 0 
146.427 146.395 5 0 0 0 0 -1 -1 0 0 1 0 0 0 
161.594 161.562 7 0 0 0 0 0 0 0 0 -1 -1 1 0 
169.114 169.082 8 0 0 0 0 0 -1 0 0 0 0 -1 1 
269.689 269.657 8 0 0 0 0 0 -1 0 0 0 0 -1 1 
497.429 497.397 7 0 0 0 0 0 0 0 0 -1 -1 1 0 
738.078 738.047 8 0 0 0 0 0 -1 0 0 0 0 -1 1 
